7 8 15 4 10 21 15 14 21 21 8 22 26 70 41 58 16 14 19 6 7 9 0 27 6 1 2 25 87 4 0 4 7 3 3 2 6 8 25 9 5 6 1 11 4 13 8 0 4 47 2 0 5 7 3 1 1 1 0 0 1 0 1 3 4 10 1 0 1 1 2 0 3 4 1 3 0 0 18 0 3 2 1 3 2 2 3 6 4 0 0 3 2 2 3 2 0 0 1 1 0 10 
6 9 11 11 7 26 25 18 24 18 16 36 46 67 52 80 43 23 19 15 11 12 7 15 8 0 1 25 106 4 1 1 8 5 1 2 5 8 23 18 11 0 3 13 7 9 9 4 5 38 6 3 10 8 0 1 6 6 0 2 2 4 2 8 6 12 3 5 0 3 1 2 0 3 1 1 0 1 14 3 5 7 3 4 2 6 3 11 1 0 0 6 2 1 1 2 0 0 0 0 0 4 
16 20 7 6 8 27 22 35 65 23 10 29 35 70 32 54 28 21 27 6 9 13 10 16 5 0 0 18 197 6 1 2 6 2 1 4 5 1 25 12 8 1 7 7 11 13 5 5 6 29 3 0 1 3 1 0 0 3 0 3 3 3 4 7 3 4 1 0 0 0 4 1 1 2 2 1 0 2 24 0 1 2 1 5 2 0 1 14 2 0 0 11 2 0 0 1 0 1 0 0 1 11 
8 14 25 0 2 3 8 12 10 2 2 2 5 4 6 10 4 3 4 2 2 1 0 4 1 0 0 1 19 0 0 1 1 0 0 0 0 2 5 5 0 0 1 1 1 1 3 0 1 7 2 1 0 0 0 1 1 0 0 1 0 0 0 0 1 2 0 0 0 1 0 0 0 0 1 2 0 2 3 1 1 0 0 1 0 0 0 2 0 0 0 1 1 0 0 0 0 0 0 0 0 1 
7 11 5 2 4 12 13 8 3 9 3 14 5 27 14 10 9 7 5 0 4 6 8 21 2 1 0 7 25 0 0 1 1 0 0 0 0 10 14 8 2 0 4 1 4 1 4 2 0 15 3 1 2 2 0 1 0 0 0 0 0 0 0 3 1 2 1 1 0 0 0 1 0 1 1 2 0 0 6 0 2 0 0 0 0 5 0 4 1 0 0 1 1 0 0 0 0 0 0 0 0 3 
20 29 30 10 7 10 20 24 17 15 13 31 45 81 44 53 31 24 15 10 7 15 5 29 10 1 1 14 92 8 0 1 4 5 3 1 0 9 23 15 9 0 1 5 8 5 5 4 7 23 1 4 6 1 1 1 3 3 0 0 2 5 0 9 1 10 2 5 0 0 4 6 1 2 2 1 0 1 13 0 1 0 1 3 1 2 0 6 0 0 0 3 2 0 3 1 0 0 0 2 1 5 
23 58 39 21 10 17 3 28 41 20 9 18 29 87 32 58 34 29 10 6 4 8 1 16 2 0 0 9 74 2 0 0 12 2 7 3 1 3 21 13 9 0 4 8 8 9 5 2 2 17 4 2 5 8 1 3 2 3 0 2 0 0 1 3 2 9 3 6 2 0 1 2 1 1 3 1 0 0 8 1 1 0 2 3 3 5 0 4 3 0 0 8 1 1 1 0 0 1 0 1 0 3 
10 27 18 2 8 10 35 7 11 12 10 36 47 67 33 72 33 11 17 8 27 13 3 21 5 0 1 11 73 2 7 6 6 2 3 1 0 5 19 8 12 4 6 9 4 10 11 2 4 22 1 4 6 3 2 0 1 4 0 2 0 7 1 4 6 4 0 4 0 2 4 5 0 2 0 0 1 0 11 0 2 3 0 3 1 3 1 6 0 0 0 4 1 0 2 1 0 0 1 0 0 1 
27 48 27 8 11 11 49 11 10 13 26 17 50 57 28 60 47 29 42 8 6 8 2 15 3 0 0 8 84 3 1 0 7 1 1 0 2 2 33 23 10 5 3 3 6 9 8 2 2 17 5 2 6 2 2 2 3 5 0 1 0 0 1 3 4 3 4 1 3 0 4 1 0 2 1 1 0 1 6 0 1 0 0 3 0 4 0 5 3 0 0 5 0 0 3 2 0 0 3 0 0 1 
13 24 13 6 5 6 15 11 9 4 6 7 25 34 10 27 23 19 17 5 4 11 2 16 7 1 0 13 23 2 1 1 3 2 1 1 1 4 19 8 3 1 1 0 6 3 5 1 1 24 6 0 9 3 6 4 6 4 0 1 3 0 0 4 4 1 1 0 1 0 2 4 1 2 4 3 2 3 20 2 1 0 2 0 0 2 0 3 1 0 0 4 0 0 0 0 0 0 0 0 0 2 
17 13 9 3 2 7 9 7 17 7 3 12 20 20 15 25 22 12 11 3 8 2 3 11 5 1 1 16 19 6 1 0 2 0 0 0 1 4 17 6 5 0 3 2 9 5 6 2 0 14 0 0 0 0 2 0 0 4 0 2 0 1 0 0 1 1 0 0 0 1 0 0 0 3 1 0 0 0 4 0 0 2 0 0 0 0 0 2 0 0 0 3 4 2 1 0 0 0 0 0 0 2 
26 34 33 5 8 21 35 26 15 25 16 8 20 39 19 31 18 19 31 13 10 15 8 34 15 0 5 33 51 7 1 5 5 0 5 1 2 6 34 20 11 0 3 4 10 15 6 3 7 37 2 0 9 4 0 0 0 2 0 1 0 1 0 0 2 6 0 0 0 0 6 3 3 1 2 2 0 2 9 0 0 0 0 2 0 3 0 3 0 0 0 4 0 1 0 0 0 0 1 0 0 1 
50 69 45 4 11 39 41 47 65 28 22 28 3 72 31 69 53 34 37 14 23 22 17 57 26 3 2 41 41 18 5 8 9 4 5 3 2 4 48 13 12 1 7 5 2 14 11 3 1 41 5 4 8 2 3 0 5 4 0 3 1 2 0 0 2 4 1 3 1 0 0 3 3 2 6 1 0 2 8 1 3 0 1 0 0 4 1 3 0 0 0 9 2 0 1 0 0 1 0 2 0 9 
65 84 65 4 20 47 47 48 55 36 27 38 36 10 14 80 69 65 50 23 37 40 21 63 41 3 1 106 59 13 1 4 12 2 2 1 1 5 11 13 8 4 3 13 13 9 7 1 4 31 6 12 11 9 1 0 4 17 0 3 1 2 0 1 0 1 0 0 0 1 1 1 0 0 8 2 2 1 31 0 0 0 1 1 0 0 1 3 3 0 0 7 0 2 1 0 0 0 1 1 1 8 
55 64 47 8 12 28 40 31 35 32 20 30 35 28 3 27 43 26 32 17 24 23 21 63 43 4 8 97 49 5 3 5 14 1 7 1 0 3 17 14 9 0 9 5 5 7 8 4 3 17 9 4 6 4 5 1 6 6 0 3 0 2 0 0 0 0 0 1 2 0 1 2 1 0 1 3 0 0 14 0 0 0 0 1 0 2 0 4 5 0 0 3 3 5 1 0 0 0 0 0 0 4 
33 36 28 10 14 34 53 37 47 51 17 31 51 45 17 22 52 67 58 36 68 41 34 104 50 6 10 77 46 20 3 13 26 4 23 10 43 3 14 25 13 2 8 16 15 14 13 4 2 41 6 4 9 6 4 4 3 8 0 1 2 3 0 2 0 4 0 1 1 0 2 0 2 2 5 3 0 3 35 0 0 0 0 1 0 2 2 14 4 0 0 19 1 2 1 1 0 0 1 1 0 7 
18 45 24 5 9 27 33 33 51 33 26 55 64 84 54 62 14 43 42 29 47 37 36 90 30 6 6 77 36 38 13 21 45 10 25 19 33 13 69 30 30 8 39 15 17 23 24 6 10 55 3 7 9 7 3 0 2 7 0 1 3 5 1 0 1 0 0 0 1 0 3 2 2 0 3 3 2 4 30 0 3 2 0 2 1 6 0 14 2 0 0 14 1 3 0 1 0 1 0 1 1 14 
11 15 16 1 6 7 20 16 15 13 5 31 34 88 45 85 37 7 34 14 20 19 21 38 14 9 4 49 18 14 4 10 24 8 13 10 30 12 56 20 13 1 13 20 14 19 8 4 3 45 7 4 9 3 4 4 0 1 0 3 1 2 1 4 1 0 0 0 0 0 0 0 0 0 0 4 1 1 12 2 0 0 0 3 1 1 5 10 8 0 0 4 1 0 1 1 0 0 0 2 0 5 
21 18 15 5 3 10 15 11 22 19 14 20 35 81 22 70 45 18 3 10 23 13 12 36 30 4 5 35 39 17 5 4 14 7 10 11 15 7 36 10 19 2 5 17 8 9 3 4 5 29 0 2 6 5 1 1 3 3 0 0 1 3 0 3 0 1 0 0 0 0 0 0 1 1 1 1 0 1 13 1 1 1 1 1 0 0 1 6 0 0 0 7 0 0 0 1 0 0 0 0 0 2 
9 12 6 1 2 8 5 7 20 11 12 21 21 62 15 75 32 8 15 4 7 10 16 18 15 4 4 72 12 7 0 6 8 1 4 3 9 3 46 18 5 1 4 7 9 10 3 1 2 19 0 0 5 5 0 0 2 4 0 0 2 1 0 0 0 0 0 0 0 0 0 0 0 0 0 3 1 1 10 0 0 0 0 0 0 0 2 3 1 0 0 3 0 0 0 0 0 0 0 0 0 0 
3 11 4 3 1 11 7 7 10 8 5 11 35 82 30 99 57 41 45 3 7 7 23 24 10 9 8 53 17 4 1 1 5 1 6 4 10 6 45 20 9 3 3 3 4 6 2 3 1 25 0 0 0 1 0 2 3 0 0 0 0 2 0 1 0 0 0 0 0 0 0 1 0 0 2 1 0 0 5 3 0 1 0 1 1 2 2 5 0 0 0 3 0 0 0 0 0 0 2 0 0 1 
6 12 10 0 3 13 10 11 11 10 7 21 25 74 23 93 35 13 23 6 14 5 12 25 3 8 9 49 25 11 0 0 5 0 4 0 10 16 40 3 5 1 1 4 2 1 8 4 2 15 1 1 0 0 0 0 0 1 0 4 0 1 0 1 0 0 0 0 0 0 0 0 0 0 2 0 1 1 5 1 0 0 0 0 0 0 1 5 0 0 0 1 0 1 0 0 0 0 0 0 0 1 
3 5 6 0 0 2 5 2 7 6 5 7 16 38 15 69 36 32 21 5 28 12 1 15 9 10 8 52 9 0 2 1 6 1 1 4 12 10 26 8 5 1 1 3 2 8 4 4 0 22 1 0 2 0 2 0 1 1 0 0 0 2 1 0 1 1 0 0 0 0 0 0 0 0 0 0 0 0 3 0 0 0 0 0 0 1 0 1 0 0 0 0 0 0 0 0 0 1 1 0 0 0 
11 15 10 4 5 13 29 9 18 26 8 29 42 68 48 131 75 41 75 20 20 18 12 5 7 22 38 75 19 5 1 6 22 10 6 8 20 11 75 14 16 0 3 8 12 11 11 5 5 63 5 2 12 4 1 1 5 1 0 4 1 2 0 1 1 0 0 0 0 0 0 0 1 1 6 0 0 3 15 2 1 0 0 0 0 2 0 12 1 0 0 4 0 1 0 1 0 0 0 1 0 0 
11 24 8 5 6 6 10 6 8 33 9 19 46 51 24 99 45 31 35 16 31 9 7 11 4 3 19 39 10 8 1 5 47 2 14 8 22 7 38 32 33 0 8 14 22 30 13 7 7 106 10 4 20 3 4 0 2 14 0 1 4 2 1 1 0 0 0 1 0 0 0 0 0 0 4 2 1 1 12 1 5 0 0 1 0 1 3 41 1 0 0 8 2 1 0 1 0 2 0 0 0 2 
2 0 0 0 4 0 0 1 1 0 1 0 6 5 5 6 8 11 11 5 14 9 9 27 3 1 1 6 0 0 0 1 0 0 0 0 2 2 7 1 0 0 0 0 1 0 0 0 0 1 0 0 0 0 0 0 0 0 0 0 0 0 0 1 0 0 0 0 0 0 0 0 0 0 0 0 0 1 1 0 1 0 0 0 0 0 0 0 0 0 0 0 0 0 0 0 0 0 0 0 0 0 
0 0 0 0 0 0 0 0 2 2 0 3 1 17 1 9 8 7 10 5 23 4 2 23 7 1 2 22 0 0 0 1 3 1 0 0 0 0 2 0 0 0 0 0 0 0 1 0 0 4 0 0 0 0 0 0 0 0 0 0 0 0 0 0 0 0 0 0 0 0 0 0 0 0 0 0 0 0 0 0 0 0 0 0 1 0 0 0 0 0 0 0 0 0 1 0 0 0 0 0 0 0 
23 14 10 4 12 14 18 16 12 27 10 23 51 75 68 143 66 35 50 37 71 58 39 95 38 17 72 8 19 7 2 2 24 2 7 7 13 12 87 23 27 2 14 21 19 30 24 5 11 75 9 1 10 2 3 6 1 4 0 2 0 0 1 0 1 0 0 0 0 0 0 1 0 0 1 2 0 0 10 4 3 1 4 4 0 8 3 24 4 0 0 16 3 3 2 0 0 0 2 0 0 5 
23 25 24 8 7 28 36 19 19 12 6 5 14 15 15 21 4 4 19 2 4 6 6 5 3 0 0 3 3 1 2 2 1 0 2 1 3 5 8 5 3 0 3 2 0 2 5 1 0 6 0 1 1 1 0 0 1 0 0 0 0 0 1 0 3 0 1 0 0 0 1 2 1 0 0 0 0 0 3 0 1 0 0 3 0 5 0 1 0 0 0 1 0 0 1 0 0 0 0 0 0 0 
0 1 2 1 2 1 4 6 9 2 4 3 11 2 4 18 52 20 13 6 6 1 0 6 4 0 0 4 4 19 109 90 257 35 115 123 335 136 229 120 58 8 41 36 41 47 39 14 20 158 4 4 9 6 1 0 1 4 0 12 2 11 5 18 16 26 6 8 3 14 3 11 0 0 4 2 0 4 17 2 2 3 1 10 2 6 4 40 8 0 0 45 5 6 6 4 3 4 7 2 1 20 
0 2 0 0 1 0 1 0 5 0 0 1 3 4 6 7 17 6 6 1 4 11 1 1 3 0 0 5 3 66 8 60 97 19 43 40 135 58 108 26 11 4 12 21 13 17 6 5 5 37 2 2 4 1 0 1 2 5 0 4 1 2 4 1 10 13 1 7 3 10 4 1 1 0 3 0 0 0 7 0 0 1 1 4 1 9 2 19 5 0 0 6 0 2 1 2 0 3 1 0 0 9 
1 7 0 1 0 2 3 2 0 0 1 2 4 2 3 11 34 8 8 1 1 3 2 5 7 0 1 12 14 88 60 6 97 31 62 75 251 94 200 61 41 5 34 45 26 58 41 14 11 120 2 4 10 8 3 1 5 9 0 3 0 1 5 12 14 14 4 3 2 3 1 1 4 0 4 2 2 0 18 1 1 2 0 8 2 6 3 13 5 0 0 30 6 11 5 2 3 2 2 0 0 15 
22 23 11 2 1 6 13 9 7 11 3 9 13 11 8 38 42 33 22 2 15 4 5 49 27 0 1 39 5 303 129 136 29 72 147 131 415 172 346 200 194 36 169 116 132 208 152 76 92 837 54 60 82 39 20 6 23 26 0 19 6 12 3 14 21 39 8 15 8 15 21 25 12 9 26 7 1 1 52 11 9 17 13 16 7 17 15 216 29 0 0 73 15 25 22 24 4 9 8 0 0 104 
3 3 0 0 1 1 2 0 4 0 2 3 1 1 0 4 18 3 0 3 1 1 2 4 3 0 0 3 5 65 30 23 35 5 22 16 101 46 121 35 29 9 20 22 27 28 16 3 10 56 6 6 14 10 0 4 2 6 0 3 2 6 2 0 2 18 4 4 0 4 15 19 6 7 3 1 2 0 16 3 4 1 1 3 0 4 3 26 8 0 0 23 5 4 6 7 1 2 1 0 2 7 
4 5 3 0 2 1 1 1 0 1 1 2 2 0 1 10 18 16 14 5 8 3 5 6 4 0 0 9 3 142 52 69 105 23 10 27 117 95 132 81 36 22 54 34 59 59 38 10 16 111 4 2 17 3 5 3 5 9 0 1 1 10 0 7 12 17 5 9 1 6 12 21 9 6 5 3 0 2 24 0 1 1 1 1 2 5 3 24 11 0 0 54 5 10 9 8 1 3 3 1 0 16 
6 1 0 0 0 2 0 1 1 1 0 1 3 0 4 9 10 11 7 1 4 1 0 20 5 0 5 6 3 117 61 78 121 28 51 3 136 54 117 78 44 10 23 21 36 43 30 9 14 118 4 4 6 1 0 0 1 2 0 1 2 3 2 3 12 15 3 2 0 3 6 4 8 2 0 1 0 0 3 1 0 1 0 2 0 2 0 25 1 0 0 15 1 5 4 4 0 3 9 3 0 16 
6 7 3 0 4 2 6 2 0 5 1 2 3 2 0 28 26 23 14 9 5 16 3 31 5 3 2 38 3 285 184 236 182 85 160 247 24 105 348 287 112 33 137 144 117 164 104 56 52 316 16 7 12 15 1 4 3 14 0 3 3 18 13 24 26 20 13 7 8 7 20 32 2 6 3 8 0 1 40 1 2 2 3 1 1 16 10 65 27 0 0 106 22 15 12 17 2 20 14 4 0 36 
7 5 2 0 1 4 5 10 6 6 6 9 19 8 2 3 18 14 6 7 7 6 2 26 5 0 2 18 27 121 66 97 114 30 56 48 127 18 133 164 94 16 73 81 76 114 62 24 25 206 3 4 8 2 0 4 0 7 0 0 0 2 2 10 9 7 1 4 2 0 6 6 3 5 9 3 0 0 7 0 1 0 1 2 3 9 7 40 18 0 0 72 14 10 7 14 0 3 5 0 0 39 
6 19 13 0 3 5 18 11 14 17 4 12 23 8 9 5 34 22 23 11 26 13 12 37 16 2 4 24 17 139 58 109 191 61 71 70 320 88 19 253 133 17 88 107 92 116 73 45 41 300 9 7 20 10 1 1 9 11 0 2 4 8 3 22 15 14 1 9 5 2 18 19 5 4 8 2 1 1 23 1 2 5 4 15 3 18 12 57 17 0 0 91 13 13 9 11 1 12 11 3 0 52 
7 10 7 0 2 9 19 15 9 23 9 14 18 14 8 12 25 26 9 15 10 5 3 11 13 1 0 27 35 95 26 79 124 34 94 43 340 141 451 15 34 14 70 130 76 144 70 27 48 257 3 5 9 5 1 4 2 6 0 1 2 7 3 8 7 12 2 2 2 1 0 6 2 5 1 1 0 0 19 2 4 7 3 12 2 9 4 21 16 0 0 58 7 12 9 6 1 2 12 0 3 25 
6 17 6 2 2 2 4 9 10 6 3 9 11 11 4 15 7 18 8 8 8 3 8 12 11 0 0 30 20 66 25 48 124 29 35 26 163 117 267 63 7 17 52 103 51 102 84 36 25 184 5 3 8 2 0 2 8 8 0 1 1 2 3 4 3 5 2 1 0 1 2 2 4 2 6 1 0 2 8 4 7 7 7 14 3 19 13 15 13 0 0 68 6 12 9 14 1 3 9 0 3 35 
0 0 1 0 0 0 2 0 1 0 1 1 2 3 1 1 2 2 3 2 0 1 0 1 0 0 0 3 4 6 4 4 12 4 9 8 59 9 34 17 17 2 20 51 16 21 10 11 4 27 0 3 1 0 0 0 0 2 0 0 1 0 0 3 0 1 0 2 0 0 1 0 0 2 0 0 0 0 0 0 1 1 3 8 0 3 6 13 7 0 0 6 3 2 3 3 1 2 0 0 0 8 
4 14 6 1 3 8 7 5 8 12 4 4 13 5 4 10 23 15 5 4 4 5 2 5 4 0 1 17 11 31 12 40 88 23 47 19 141 124 133 89 41 22 22 101 68 128 70 25 42 216 3 7 13 3 3 0 10 11 0 2 0 2 1 5 10 9 3 3 0 1 3 2 1 2 10 8 0 8 37 10 10 11 25 58 19 44 37 93 79 0 0 105 25 42 30 56 8 34 25 2 1 89 
11 12 18 1 5 3 11 6 3 7 2 5 2 5 5 10 24 18 6 7 3 6 9 15 10 0 0 13 7 55 24 41 98 34 57 25 136 97 186 115 84 27 80 28 118 241 101 89 64 373 8 5 26 5 4 0 4 12 0 2 3 7 1 2 3 11 0 3 5 3 2 15 4 4 20 10 1 12 57 13 13 20 16 64 22 98 51 148 84 0 0 219 51 45 51 57 17 45 35 4 5 98 
6 15 9 4 3 10 5 1 7 7 2 7 6 5 3 5 21 19 8 6 7 6 8 18 6 0 0 19 8 49 13 32 104 29 38 22 130 66 122 84 45 9 72 217 9 221 119 58 66 341 6 7 17 4 1 0 2 1 0 0 0 6 2 7 5 15 4 3 1 2 3 1 0 2 11 8 1 4 19 12 12 5 4 30 16 29 28 75 29 0 0 67 15 33 16 28 5 20 17 5 7 43 
14 16 8 0 3 2 9 2 10 13 6 9 8 11 3 9 40 14 10 8 7 6 2 16 13 0 0 19 13 57 17 45 139 25 52 42 142 97 155 133 73 18 74 263 113 27 153 154 119 559 6 6 8 10 1 2 5 10 0 3 1 3 1 6 8 13 6 1 0 2 5 5 2 5 15 9 0 8 42 11 11 15 9 39 26 36 26 139 46 0 0 127 18 30 28 29 10 36 32 1 8 107 
5 11 9 0 7 5 6 8 11 6 6 4 6 8 3 6 22 19 15 4 2 4 5 22 9 0 1 16 14 43 21 43 126 23 26 32 124 97 149 99 81 21 58 146 107 278 16 101 100 321 6 4 14 6 1 1 4 8 0 4 2 0 0 4 9 11 0 9 1 2 8 3 5 4 8 6 2 2 18 7 8 10 5 23 12 32 17 89 13 0 0 110 11 27 25 17 2 22 19 5 5 90 
2 5 4 2 2 3 1 3 7 2 3 3 5 4 3 3 8 2 2 5 3 2 0 16 2 0 0 5 1 15 4 11 63 7 23 18 50 25 76 33 36 9 29 77 61 207 104 5 43 341 3 1 9 2 2 3 2 2 0 1 1 2 1 2 1 8 2 2 0 1 1 0 3 3 5 4 0 3 6 3 2 3 0 7 3 18 4 87 12 0 0 62 8 9 5 9 6 10 5 3 1 34 
7 3 5 2 2 3 5 3 7 4 2 2 0 5 2 4 11 7 5 7 4 2 1 9 3 2 0 12 7 23 11 17 89 8 24 14 55 36 91 39 41 9 51 120 68 225 95 66 14 438 2 2 5 3 2 0 2 1 0 0 1 7 0 2 5 5 3 0 0 1 2 4 1 4 3 2 0 1 10 7 6 2 6 18 7 19 13 143 6 0 0 81 6 19 15 13 1 12 7 0 1 62 
39 57 32 4 10 20 17 17 25 25 12 27 32 37 11 19 52 28 22 20 20 11 11 99 31 0 1 82 53 162 31 88 627 59 100 113 359 200 483 233 194 33 135 329 197 493 293 249 169 40 39 19 53 15 9 7 11 10 0 1 2 14 1 14 19 30 9 15 4 1 8 13 12 18 27 15 1 19 71 23 19 38 32 91 37 65 47 542 30 0 0 261 26 57 55 35 8 33 47 9 8 268 
3 5 2 2 5 8 2 4 2 9 2 10 11 16 11 13 14 2 8 0 1 1 1 12 8 0 0 9 7 9 4 8 28 13 7 2 8 7 15 2 6 1 5 15 7 9 9 0 3 49 8 4 61 15 3 4 19 25 0 22 2 4 3 12 14 15 5 12 0 9 4 4 8 7 10 7 1 6 117 13 7 2 6 23 4 17 9 29 10 0 0 18 1 5 9 6 1 1 4 0 1 16 
2 3 1 1 1 5 2 0 0 3 4 2 2 7 8 7 4 0 3 1 0 2 1 2 1 0 0 3 3 3 1 0 25 5 7 1 10 3 10 3 4 1 2 9 3 5 2 4 0 16 7 2 25 24 11 3 10 15 0 16 3 1 3 10 10 5 0 0 0 3 1 2 4 1 1 0 1 3 68 3 2 4 5 21 9 5 2 23 5 0 0 6 1 1 4 5 1 1 2 0 0 9 
6 5 7 2 6 6 6 6 4 5 2 8 3 19 7 16 11 4 2 0 3 2 2 16 3 1 0 11 9 6 0 6 52 11 6 1 22 5 29 10 10 0 13 15 9 17 4 7 5 53 34 27 11 9 5 7 11 32 0 22 6 1 7 10 13 22 4 12 6 11 3 8 12 9 5 6 0 17 120 3 7 1 9 22 10 13 11 39 9 0 0 19 4 5 4 2 0 4 1 2 1 23 
2 1 1 0 1 7 2 2 8 6 3 6 7 9 6 9 5 2 2 0 1 2 0 1 1 0 0 1 7 3 1 6 18 5 6 8 6 2 17 1 3 0 4 9 4 10 2 2 1 6 14 18 30 2 8 4 3 16 0 25 4 1 1 14 11 10 3 7 6 4 5 4 2 13 2 1 0 3 61 2 9 0 0 19 9 7 3 16 1 0 0 6 1 1 3 0 0 4 0 0 0 9 
1 5 3 0 0 2 8 2 0 3 0 0 1 4 3 10 3 0 2 1 0 0 1 0 0 0 0 0 0 2 0 3 11 3 0 0 2 0 2 1 0 0 3 3 0 2 0 1 0 8 4 5 21 6 1 3 8 16 0 17 3 0 0 6 1 10 2 2 0 3 2 0 2 2 6 2 0 4 60 1 1 3 2 9 3 7 0 3 0 0 0 3 1 1 1 1 0 0 1 0 0 4 
3 1 1 1 1 0 1 1 0 0 2 3 1 6 2 2 0 0 2 1 1 1 0 0 0 0 0 4 3 0 1 1 10 1 1 0 0 3 4 4 3 0 3 1 1 0 3 0 0 8 3 4 8 3 4 1 12 12 0 5 3 0 2 4 2 7 2 4 2 3 1 3 1 1 0 1 0 1 44 2 2 2 0 5 7 2 0 7 0 0 0 3 3 2 1 2 0 2 1 0 0 0 
1 1 3 0 0 1 2 2 0 2 0 6 5 12 5 10 10 3 2 0 0 2 0 2 2 0 0 4 3 5 2 5 18 3 7 3 5 3 5 2 0 0 9 4 2 3 3 1 1 10 18 6 21 12 7 8 0 17 0 15 5 6 2 11 14 9 7 7 2 8 3 5 2 2 3 5 1 5 59 5 6 2 1 18 5 8 1 12 2 0 0 10 1 5 2 2 1 1 1 1 0 6 
5 6 2 1 1 2 2 4 3 3 5 4 6 9 2 9 8 3 4 1 1 0 1 4 1 1 1 5 4 11 2 4 17 8 7 5 7 1 9 6 2 1 4 7 2 9 7 0 0 15 16 9 27 18 9 39 9 2 0 19 9 3 2 9 7 17 3 6 4 5 3 5 6 5 4 12 4 12 124 25 4 3 5 28 16 18 0 25 4 0 0 12 1 1 5 1 1 3 2 1 1 6 
0 0 0 0 0 0 0 0 0 0 0 0 0 0 0 0 0 0 0 0 0 0 0 0 0 0 0 0 0 0 0 0 0 0 0 0 0 0 0 0 0 0 0 0 0 0 0 0 0 0 0 0 0 0 0 0 0 0 0 0 0 0 0 0 0 0 0 0 0 0 0 0 0 0 0 0 0 0 0 0 0 0 0 0 0 0 0 0 0 0 0 0 0 0 0 0 0 0 0 0 0 0 
10 12 11 3 1 1 7 4 2 4 7 2 11 23 18 32 13 18 5 4 9 8 0 19 4 1 1 14 18 9 3 9 16 5 4 3 6 2 17 3 2 0 3 4 6 4 4 0 2 23 20 15 23 19 12 3 17 20 0 3 2 8 0 3 16 27 9 8 2 5 11 10 8 4 7 4 1 6 41 3 1 0 2 5 7 7 5 17 2 0 0 6 0 4 1 0 0 1 2 0 0 11 
0 2 3 1 0 2 1 2 3 1 0 3 0 0 0 3 2 4 2 0 0 0 0 1 1 0 0 2 2 3 1 1 1 3 3 3 1 0 3 0 1 0 2 1 0 2 0 2 0 2 4 2 7 10 3 1 2 5 0 4 2 5 2 4 7 14 3 7 4 6 5 7 2 7 3 2 0 3 10 3 1 4 0 5 1 1 3 4 3 0 0 3 1 3 0 3 0 1 0 0 0 2 
0 5 2 1 2 2 2 1 2 5 1 2 3 0 3 3 5 1 3 0 1 0 0 0 0 0 0 2 5 9 7 7 8 7 11 6 22 14 15 17 7 1 4 9 8 9 4 2 2 18 2 2 5 3 0 3 2 8 0 5 8 0 5 8 13 19 0 12 3 5 2 9 4 3 2 1 1 2 18 4 1 5 3 10 2 5 0 9 1 0 0 8 4 0 4 0 1 1 0 0 0 4 
1 3 0 0 0 1 3 2 0 0 0 1 2 0 1 2 1 0 0 0 0 0 0 2 0 0 0 0 2 0 0 0 2 1 1 2 6 0 4 5 1 0 0 2 0 1 0 0 0 3 0 0 3 0 1 0 0 6 0 4 2 1 0 8 8 12 2 5 0 1 2 6 0 3 1 0 0 0 7 1 0 0 1 2 0 0 1 1 0 0 0 2 0 0 0 0 0 0 0 0 0 0 
1 5 0 0 1 1 1 4 0 2 0 1 2 0 0 2 1 1 0 0 0 1 0 1 1 0 0 0 1 13 2 3 16 4 10 4 25 7 26 13 4 0 3 7 11 5 3 0 2 25 14 13 8 8 3 5 6 11 0 16 2 11 1 2 5 12 4 5 6 3 9 17 4 12 4 7 0 3 28 0 0 2 1 2 0 4 2 5 3 0 0 8 0 1 2 0 0 0 0 0 0 2 
2 5 4 1 4 2 1 5 3 4 3 1 1 1 1 2 0 2 0 0 0 0 0 0 3 0 0 0 7 29 9 11 28 12 13 10 27 14 32 14 7 2 10 6 5 11 10 7 4 35 13 5 25 7 1 5 10 12 0 11 9 14 5 12 4 25 17 22 9 44 31 32 18 20 5 3 1 2 36 2 5 2 3 5 4 8 0 14 5 0 0 11 0 1 2 1 0 1 0 0 0 7 
7 22 8 1 2 6 7 12 6 4 0 5 2 3 0 1 0 0 1 0 0 0 0 1 0 0 0 2 8 48 22 33 43 16 19 9 36 9 39 19 7 6 15 15 19 18 20 6 13 65 18 19 32 26 9 12 15 18 0 51 26 15 17 27 44 16 18 49 31 48 60 74 31 45 7 3 2 13 80 11 15 5 4 20 3 4 4 15 8 0 0 9 3 1 1 2 1 0 2 0 0 1 
1 7 1 0 1 1 7 3 3 4 1 0 1 0 0 0 2 0 1 0 0 0 0 1 0 0 0 0 2 5 4 9 5 6 4 4 11 5 3 2 0 1 0 2 4 2 4 0 4 17 4 4 8 6 3 0 6 2 0 12 4 6 10 6 15 21 1 9 12 23 13 26 14 10 2 0 0 1 24 3 3 0 0 3 2 5 0 5 1 0 0 1 2 0 0 0 0 0 0 0 0 1 
1 4 0 0 0 1 4 2 1 6 1 1 3 0 0 0 1 0 0 1 0 0 0 0 1 0 0 2 8 14 4 4 8 10 12 4 34 6 20 3 1 0 5 1 3 1 4 3 1 13 8 6 8 5 2 4 6 11 0 9 4 11 4 12 27 25 3 1 17 18 24 27 14 22 5 2 1 1 20 0 4 3 1 2 0 2 0 3 2 0 0 1 1 0 0 2 0 0 0 0 0 2 
0 2 2 0 1 3 1 1 0 1 0 2 0 0 0 0 1 0 0 0 0 0 0 0 0 0 1 1 2 8 3 3 2 2 4 0 4 0 9 3 4 0 0 5 0 3 1 1 2 5 2 1 1 1 0 1 2 6 0 5 4 1 3 8 11 12 9 9 0 7 13 20 8 13 0 0 0 1 6 0 3 0 0 2 2 1 0 1 1 0 0 1 0 0 0 2 0 0 0 0 0 1 
3 5 1 0 1 3 0 1 2 1 1 2 1 0 1 0 1 0 0 0 0 0 0 0 0 0 0 1 4 6 4 2 12 8 20 7 20 11 16 3 3 1 2 4 4 3 0 1 0 8 10 5 3 6 4 1 5 10 0 9 5 6 2 11 30 37 19 35 13 4 24 34 18 27 0 1 0 3 26 3 2 1 5 4 1 1 1 0 0 0 0 3 0 0 0 0 0 0 0 0 0 2 
4 0 1 0 0 0 2 3 0 3 1 2 5 2 2 0 1 0 1 0 0 0 0 0 0 0 0 5 5 7 2 4 20 5 7 7 17 11 22 5 1 0 3 5 3 7 3 4 2 11 5 1 5 0 3 0 3 2 0 8 7 2 1 5 30 27 10 12 18 12 1 40 10 11 3 1 0 0 10 0 0 0 2 1 0 9 0 6 1 0 0 4 0 3 0 0 0 0 0 0 0 0 
1 2 2 0 0 1 1 2 7 2 1 1 6 4 1 2 0 2 1 0 0 0 0 0 0 0 0 0 3 11 4 4 28 3 13 5 29 7 25 5 4 2 4 5 3 7 4 2 2 13 5 1 9 5 3 2 0 4 0 9 4 8 4 18 29 44 18 27 8 23 33 2 18 26 2 0 0 2 22 3 0 1 1 5 1 2 0 3 0 0 0 3 1 0 0 0 0 0 0 0 0 3 
6 4 5 1 0 0 5 5 2 1 1 6 1 3 0 1 0 0 0 0 0 0 0 1 0 0 0 0 2 8 4 7 15 16 20 10 21 6 37 8 12 0 15 13 3 11 8 2 2 35 22 9 14 8 9 2 10 14 0 10 10 8 10 14 35 55 33 26 11 48 17 67 6 18 3 2 2 4 40 3 3 3 4 10 3 4 2 10 2 0 0 2 0 0 0 1 0 0 0 2 1 1 
4 5 3 0 2 1 4 3 1 2 5 0 4 1 1 2 2 1 0 1 0 0 0 0 0 0 0 0 0 2 4 1 8 11 9 4 16 10 18 17 11 0 1 1 6 5 7 0 1 19 6 2 7 5 2 1 7 10 0 21 7 3 4 16 27 35 14 26 10 30 14 31 15 5 4 5 4 3 40 2 8 0 3 5 2 2 1 9 0 0 0 2 1 1 0 0 0 0 1 0 0 6 
5 1 3 0 0 1 1 1 2 3 0 2 1 5 2 14 3 1 3 0 3 0 0 2 2 0 0 3 0 5 0 6 13 3 6 6 8 2 10 1 10 1 8 20 3 16 14 3 3 32 4 3 5 3 2 3 8 15 0 9 3 4 0 6 5 5 0 2 4 7 1 2 2 2 3 4 3 6 149 6 9 7 6 59 8 25 7 48 4 0 0 22 3 3 2 7 0 2 7 0 2 10 
1 2 1 1 0 0 0 0 1 2 1 0 0 6 4 6 3 3 3 2 0 1 5 5 2 0 0 1 6 1 1 3 7 5 3 1 5 3 7 3 3 0 6 18 3 14 2 3 2 39 4 6 5 2 3 2 18 22 0 13 5 0 0 3 6 5 2 1 2 3 5 6 2 3 9 5 6 25 143 18 18 2 15 67 16 11 11 46 5 0 0 17 4 8 10 3 2 6 7 1 2 11 
0 0 0 0 0 1 2 0 0 0 0 0 3 1 4 3 0 0 0 0 0 1 0 1 1 0 0 1 0 1 0 0 6 0 0 1 1 0 1 1 1 4 3 1 5 0 2 1 0 6 1 1 1 3 5 1 2 4 0 4 0 0 0 2 3 0 0 0 0 2 1 4 0 3 5 6 0 1 53 5 10 4 3 26 8 2 0 5 0 0 0 3 0 0 0 0 0 1 0 0 0 1 
1 3 0 0 0 2 0 1 0 3 0 0 4 2 3 5 2 2 0 0 1 0 0 1 0 0 0 2 7 4 1 5 7 0 1 0 4 4 4 3 2 2 6 19 6 16 6 1 1 18 4 3 15 4 3 2 2 18 0 7 0 3 2 3 6 2 2 1 1 1 0 1 1 3 10 12 2 3 72 25 9 7 8 45 8 9 8 28 3 0 0 17 0 12 0 1 0 1 4 2 0 9 
12 10 9 0 6 4 11 5 6 10 6 7 4 24 15 34 16 7 3 4 4 6 4 11 5 0 0 9 17 19 8 11 39 13 11 6 13 12 25 13 10 2 16 43 12 22 16 7 8 90 61 44 84 61 34 16 50 64 0 32 15 10 6 21 16 40 12 13 3 13 16 23 27 29 78 100 50 61 16 45 44 18 45 139 40 35 14 93 25 0 0 38 4 20 8 6 1 14 9 5 1 31 
1 3 2 0 0 1 0 3 1 1 1 1 0 4 6 3 7 0 1 0 2 1 1 2 1 1 0 0 2 6 0 0 16 2 6 1 4 1 8 4 3 6 12 29 7 15 4 4 1 33 7 8 7 3 5 3 7 20 0 3 2 5 0 4 8 3 3 4 0 2 0 5 0 4 26 15 14 20 133 4 24 16 35 88 35 23 8 40 10 0 0 27 7 9 4 0 1 6 8 0 0 11 
0 5 0 0 0 2 3 2 0 0 0 1 2 0 0 3 1 0 1 0 1 0 1 2 0 0 0 2 1 6 1 1 6 1 1 0 0 0 3 4 4 1 13 30 4 17 5 0 2 29 1 4 12 10 3 1 7 9 0 2 0 1 1 5 9 6 3 2 5 0 2 3 0 4 19 14 8 11 112 20 8 7 24 78 54 20 12 36 12 0 0 26 12 4 7 1 5 9 5 0 0 18 
3 4 2 0 1 1 0 0 0 1 0 0 0 1 0 1 0 0 0 0 1 0 0 3 0 0 0 0 3 6 0 6 4 1 2 2 1 1 9 6 3 0 11 18 6 23 17 6 3 27 3 1 2 1 1 0 2 5 0 2 4 4 1 2 0 3 3 3 0 0 0 2 5 3 3 19 6 7 41 9 14 1 5 48 14 21 3 52 13 0 0 20 4 8 4 2 0 8 8 1 0 17 
0 0 0 0 0 1 1 0 0 0 0 0 0 1 0 2 0 0 0 0 1 0 0 0 0 0 0 0 3 1 0 0 6 2 1 0 1 1 6 0 4 1 5 14 6 17 6 2 3 20 2 2 6 1 4 0 6 1 0 0 4 2 0 3 4 4 1 2 1 3 2 2 0 5 9 9 3 7 64 14 14 8 4 67 29 28 11 39 4 0 0 18 2 4 3 10 1 5 6 0 2 18 
3 5 3 0 1 1 3 3 3 4 2 0 2 0 1 0 0 1 1 0 1 1 0 7 0 0 0 5 4 3 0 5 8 0 3 0 11 2 19 17 8 2 31 56 16 47 26 21 12 82 18 20 28 24 4 3 13 32 0 13 4 4 0 5 3 9 3 3 0 2 5 8 6 1 47 55 26 50 211 95 80 26 105 11 132 73 33 121 28 0 0 72 18 34 24 18 2 18 25 2 1 41 
0 1 0 0 0 0 1 4 2 0 0 0 3 1 0 0 0 1 0 0 1 0 0 1 0 0 0 0 5 1 0 1 5 1 0 0 1 0 14 17 5 2 18 34 9 35 22 1 7 25 2 2 10 6 0 2 5 9 0 2 3 2 0 0 3 1 0 0 1 0 0 7 5 2 10 10 5 17 49 18 29 11 13 108 4 59 18 55 16 0 0 55 13 8 6 5 2 8 10 2 0 32 
0 3 3 0 0 2 3 4 4 7 2 2 1 1 0 2 5 5 4 3 2 1 0 3 4 0 0 4 3 13 5 11 27 9 14 3 31 28 42 6 14 6 67 130 26 80 40 24 24 92 8 4 11 7 2 3 2 14 0 4 0 7 0 4 5 6 2 2 0 1 5 7 2 3 24 8 2 17 51 27 32 13 21 82 54 15 27 81 68 0 0 102 31 26 16 23 3 17 31 4 1 69 
3 10 3 0 2 2 2 1 2 1 2 1 0 2 0 1 4 2 1 0 0 0 1 2 0 0 0 1 4 7 2 6 14 2 3 2 17 11 50 7 10 3 35 77 18 53 17 7 4 46 12 8 11 0 2 0 6 6 0 2 1 1 1 6 1 2 2 1 0 1 2 3 3 0 6 7 0 8 45 7 16 18 10 51 14 38 4 44 48 0 0 46 10 23 11 10 1 10 7 1 0 30 
10 8 10 4 1 16 6 3 7 19 2 5 5 3 4 10 14 6 5 5 9 2 5 26 8 0 1 33 12 57 15 32 191 18 22 31 88 64 149 20 27 8 83 143 68 158 71 81 70 536 28 20 54 7 12 4 7 18 0 11 8 6 1 5 7 10 3 7 0 3 7 7 6 11 46 22 2 25 102 36 41 41 36 130 38 55 38 23 39 0 0 239 28 45 48 53 8 41 41 7 12 288 
2 4 3 0 1 1 3 1 1 2 0 3 0 0 1 3 8 1 2 0 1 1 3 6 4 0 0 4 9 22 6 7 22 5 10 2 41 25 48 14 13 4 32 79 16 57 15 9 11 63 12 4 15 2 2 1 5 5 0 4 0 3 0 2 2 3 0 5 1 0 1 3 0 1 7 6 0 8 21 13 5 14 4 35 13 36 13 44 20 0 0 100 9 26 20 11 3 9 18 0 5 50 
0 0 0 0 0 0 0 0 0 0 0 0 0 0 0 0 0 0 0 0 0 0 0 0 0 0 0 0 0 0 0 0 0 0 0 0 0 0 0 0 0 0 0 0 0 0 0 0 0 0 0 0 0 0 0 0 0 0 0 0 0 0 0 0 0 0 0 0 0 0 0 0 0 0 0 0 0 0 0 0 0 0 0 0 0 0 0 0 0 0 0 0 0 0 0 0 0 0 0 0 0 0 
0 0 0 0 0 0 0 0 0 0 0 0 0 0 0 0 0 0 0 0 0 0 0 0 0 0 0 0 0 0 0 0 0 0 0 0 0 0 0 0 0 0 0 0 0 0 0 0 0 0 0 0 0 0 0 0 0 0 0 0 0 0 0 0 0 0 0 0 0 0 0 0 0 0 0 0 0 0 0 0 0 0 0 0 0 0 0 0 0 0 0 0 0 0 0 0 0 0 0 0 0 0 
5 0 4 0 0 2 5 7 4 5 4 5 2 8 0 4 23 3 6 1 0 1 0 2 4 0 0 4 1 26 2 15 39 19 49 5 61 33 83 34 24 13 42 129 56 97 44 40 35 160 6 2 14 4 3 2 6 9 0 6 3 5 1 10 6 3 1 0 0 4 3 3 3 6 11 3 0 6 43 16 12 12 13 48 32 70 34 145 46 0 0 8 21 40 20 43 2 35 33 15 3 84 
0 5 1 0 0 0 1 3 0 1 0 2 5 1 1 2 4 2 0 0 1 0 0 3 4 1 0 2 2 9 4 7 8 3 12 11 28 19 33 16 16 5 27 63 23 29 27 6 6 47 1 5 2 1 0 1 4 3 0 4 1 1 0 2 2 0 0 2 0 0 0 0 0 1 0 8 0 6 38 7 4 4 7 29 16 23 11 45 21 0 0 85 6 11 3 21 0 16 9 6 1 24 
2 1 0 2 1 0 0 2 0 1 1 1 5 0 0 2 12 4 0 1 0 1 0 1 1 0 0 1 1 6 0 3 11 1 7 4 26 10 30 11 10 6 34 51 13 33 28 13 11 66 1 4 9 2 0 1 1 3 0 0 2 0 0 1 3 2 0 0 0 1 0 0 1 1 3 4 0 7 23 5 12 14 7 43 11 26 50 52 22 0 0 92 6 2 0 9 4 3 4 1 3 47 
1 1 1 0 0 1 0 0 1 0 0 0 0 1 0 2 2 0 0 0 0 0 0 0 0 0 0 1 2 4 0 3 14 5 5 4 8 9 14 9 1 6 22 30 13 18 11 6 10 56 2 2 4 4 2 2 1 6 0 2 0 2 1 0 0 0 0 0 0 0 0 0 0 0 3 1 1 2 12 12 9 14 2 15 3 19 9 49 13 0 0 32 10 11 3 13 1 3 4 1 0 34 
1 0 3 1 2 1 0 0 0 2 1 1 1 2 0 1 1 0 0 1 0 1 0 1 0 0 0 2 6 6 1 6 16 4 9 7 23 12 42 10 8 5 49 82 15 50 23 16 9 54 2 1 3 1 0 1 0 3 0 2 1 0 0 1 1 0 1 0 0 0 1 0 1 0 2 6 0 2 8 3 5 0 1 18 5 12 16 64 18 0 0 103 5 26 15 6 1 9 4 1 2 52 
0 0 0 0 0 0 0 0 0 0 0 0 0 0 0 1 1 1 0 0 0 0 0 0 0 0 0 0 1 0 0 0 1 0 1 0 8 4 3 5 1 0 5 7 1 15 2 1 1 9 1 0 0 3 1 0 0 0 0 0 0 0 0 0 0 0 0 0 0 0 0 0 0 0 0 2 1 0 4 1 1 0 3 3 1 7 2 13 4 0 0 7 1 4 7 2 0 1 0 2 0 3 
2 1 2 0 2 1 0 0 0 1 0 1 2 0 0 1 3 0 0 0 0 0 0 3 0 0 0 0 0 0 0 1 6 2 5 0 21 4 27 10 1 1 23 35 4 29 22 5 6 51 2 2 2 1 1 3 2 2 0 0 0 0 0 1 1 0 0 0 0 0 1 0 0 1 11 2 0 2 6 4 13 3 9 26 9 22 11 40 18 0 0 61 13 10 15 18 1 4 1 0 0 35 
0 1 3 0 0 3 0 1 1 1 0 0 1 2 1 0 0 0 0 0 0 0 0 0 0 0 0 1 2 3 2 2 1 2 0 4 12 2 16 0 10 5 17 44 14 20 19 11 8 57 4 0 4 3 0 1 1 3 0 4 3 2 0 1 0 0 0 0 1 0 0 0 0 0 3 2 1 3 13 5 2 11 8 24 9 12 9 37 12 0 0 65 13 13 17 8 5 5 0 1 1 22 
0 0 0 0 0 0 0 1 0 0 0 0 0 1 2 0 0 0 0 0 0 0 0 0 0 0 0 0 2 1 1 0 1 0 0 1 1 2 10 0 3 0 5 5 3 2 1 0 2 7 1 1 0 0 0 0 0 1 0 0 0 0 0 1 0 0 0 0 0 0 0 0 0 1 0 1 0 0 1 0 0 5 0 0 0 4 4 10 6 0 0 19 1 4 2 6 0 1 0 1 0 7 
0 0 0 0 0 0 0 0 0 1 0 0 1 0 0 0 1 0 0 0 0 0 0 0 0 0 0 0 0 1 0 1 2 0 2 0 2 6 7 1 0 1 3 9 3 5 2 2 2 16 0 1 0 0 0 0 0 0 0 0 0 0 0 0 0 0 0 0 0 0 0 0 0 0 2 0 0 0 0 2 0 2 1 3 1 2 2 9 1 0 0 10 4 4 1 2 0 1 2 3 1 2 
3 9 5 1 1 2 3 3 2 6 3 2 2 0 1 2 6 2 2 0 2 0 0 3 2 0 0 3 2 8 5 6 29 4 5 4 35 19 40 17 9 2 61 74 25 76 38 19 35 144 3 3 10 11 3 0 5 4 0 4 1 1 1 2 0 0 0 2 0 0 1 3 0 6 13 10 0 3 19 11 9 14 8 24 15 34 18 149 41 0 0 81 4 28 39 21 3 32 17 5 1 7 
