5 7 14 4 12 32 12 29 27 31 10 23 22 21 29 48 22 13 15 12 9 20 9 14 4 3 2 21 42 10 1 0 8 0 4 2 2 2 15 9 8 0 7 4 11 12 8 7 11 27 3 6 11 5 0 0 1 3 0 0 2 0 0 1 2 9 2 2 0 0 4 2 0 1 0 5 1 0 10 3 2 1 5 2 1 4 1 31 1 0 0 3 0 1 0 1 0 3 2 0 1 2 
1 2 7 11 11 43 23 16 41 18 12 50 31 29 25 68 21 20 19 12 12 11 10 20 7 1 0 18 60 4 1 4 2 1 5 1 0 8 17 19 4 1 8 9 9 6 7 10 3 44 7 3 6 7 2 1 2 5 0 3 2 2 0 0 8 3 3 10 0 1 3 0 1 3 4 6 0 6 11 1 3 0 6 5 1 3 7 26 4 0 0 1 0 2 0 2 0 1 1 0 0 3 
20 16 6 9 14 37 33 28 40 16 22 34 31 34 44 34 24 26 14 11 10 17 8 10 2 1 1 10 64 3 1 0 2 0 2 2 3 4 15 14 13 2 4 6 5 4 11 5 3 23 0 5 6 5 3 1 2 3 0 2 0 0 1 1 6 5 2 2 1 1 5 2 1 5 1 2 1 7 12 1 2 3 0 6 0 4 0 19 4 0 0 2 0 3 0 3 0 2 2 0 0 2 
4 13 10 1 0 21 7 8 6 6 3 6 4 5 4 5 4 4 2 0 0 6 0 1 0 0 0 6 20 1 0 0 1 0 1 0 0 3 5 2 0 0 0 0 0 0 1 0 0 5 0 0 0 0 0 2 0 0 0 0 0 0 0 1 0 2 0 0 0 0 0 0 0 1 0 0 0 0 1 0 0 0 0 0 0 1 2 8 0 0 0 0 0 0 0 0 0 0 0 0 0 0 
7 11 8 2 4 5 12 3 7 3 2 15 7 8 4 14 12 5 0 5 3 5 4 4 4 0 0 7 15 6 1 2 0 0 2 1 0 0 7 6 6 0 1 1 6 0 2 1 2 13 2 0 2 1 0 0 0 0 0 0 1 0 0 0 1 0 0 0 0 0 3 0 0 0 1 0 1 0 2 3 0 1 1 1 1 0 0 2 1 0 0 0 0 0 0 0 0 0 0 0 0 0 
21 42 23 15 6 9 10 50 20 23 4 39 42 21 31 65 27 16 31 4 16 16 9 12 7 0 0 8 49 4 2 2 4 2 0 0 0 5 14 8 10 0 5 1 2 2 2 5 11 25 4 6 10 2 3 1 3 9 0 1 0 1 0 5 2 6 1 1 2 0 0 3 0 1 3 1 1 2 6 1 0 0 1 0 0 3 1 8 0 0 0 1 2 3 0 7 0 2 1 0 0 1 
25 22 35 9 6 11 6 12 32 7 8 16 19 25 21 35 14 12 12 11 6 5 3 7 2 1 0 3 46 1 2 2 3 3 3 3 1 1 9 8 7 1 1 0 1 2 1 3 3 16 2 3 5 10 2 0 0 11 0 1 0 0 0 5 4 6 1 1 1 1 7 2 0 5 2 2 0 2 11 2 0 0 4 0 0 3 2 11 5 0 0 7 0 2 1 0 0 0 0 0 0 1 
14 20 23 2 3 7 11 6 7 9 7 49 57 35 42 53 27 20 5 16 18 12 9 24 9 0 1 14 31 2 1 2 1 4 0 3 3 3 27 26 4 0 2 0 9 12 9 7 3 25 5 4 1 3 0 1 2 5 0 0 0 1 1 3 1 8 4 7 1 1 2 2 0 3 7 2 0 0 10 0 0 0 3 0 0 1 2 13 2 0 0 1 0 0 0 0 0 1 0 0 0 0 
17 36 30 6 7 32 31 12 8 9 9 37 31 42 30 57 33 14 9 9 4 21 3 14 6 2 1 12 38 8 2 0 3 0 1 2 1 5 15 10 7 0 3 4 5 2 8 6 5 22 2 4 1 1 1 0 0 1 0 0 0 1 0 0 4 8 1 1 1 2 2 1 1 2 5 6 0 3 8 0 0 1 2 1 0 0 0 7 4 0 0 3 0 0 0 1 0 0 1 1 0 1 
10 26 12 6 4 9 8 5 3 1 2 19 13 15 16 39 11 10 13 8 6 13 10 23 4 0 4 12 8 3 0 2 2 1 0 0 1 1 14 5 2 0 8 0 2 3 2 3 4 9 3 3 4 4 3 1 2 3 0 3 0 0 0 2 7 6 1 0 1 1 4 2 2 1 4 5 3 4 20 3 1 0 0 2 2 1 1 1 2 0 0 1 0 1 1 0 0 2 0 0 0 0 
7 11 39 3 16 29 26 20 13 14 4 11 22 13 13 36 17 11 7 4 9 5 8 15 5 0 0 15 6 7 2 1 1 0 0 0 0 2 10 2 4 0 1 1 5 4 3 4 3 11 0 2 3 0 6 1 0 11 0 1 1 0 0 0 0 0 0 0 0 0 8 0 0 0 1 2 2 1 4 1 0 0 0 0 0 0 0 3 1 0 0 1 0 0 0 1 0 0 0 0 0 0 
22 44 31 8 9 42 32 33 21 20 7 8 28 38 24 96 30 30 17 14 16 15 20 36 12 7 3 26 23 8 2 6 3 3 2 1 1 8 27 23 8 2 0 4 6 3 5 3 13 38 4 3 6 14 2 1 2 10 0 4 0 0 1 0 1 9 4 3 1 1 0 2 0 3 3 3 1 2 10 2 3 0 1 0 0 0 0 2 2 0 0 2 3 0 1 2 1 2 0 0 0 1 
27 48 43 10 29 55 80 67 50 31 13 30 7 43 44 102 51 35 24 23 22 23 18 30 27 6 2 35 22 15 9 11 6 3 2 0 2 7 35 17 10 0 4 0 2 2 5 4 5 26 4 2 10 4 3 0 5 12 0 4 0 1 0 2 1 0 1 0 0 1 7 1 5 1 9 1 0 7 11 0 1 0 0 0 0 0 0 2 3 0 0 3 2 2 0 1 0 1 4 0 0 7 
51 98 90 21 75 132 205 144 178 138 45 96 84 9 8 90 90 104 66 58 87 98 55 108 23 4 7 116 14 10 0 2 4 1 0 0 0 7 15 14 11 2 3 7 3 6 2 10 5 16 11 3 13 8 7 2 11 38 0 7 9 0 0 0 1 0 0 0 0 0 1 0 0 0 13 6 1 10 32 5 2 0 0 0 0 0 0 8 3 0 0 4 0 4 0 1 0 1 0 0 0 0 
44 43 38 9 15 55 33 44 39 49 15 38 38 7 10 29 35 27 23 34 46 50 40 61 24 4 20 75 14 6 2 3 4 2 2 0 1 2 6 15 0 1 7 5 4 4 6 4 1 16 2 4 5 6 2 3 3 9 0 4 1 0 1 1 0 1 0 0 0 1 0 0 0 1 5 2 0 1 13 1 1 0 0 0 0 0 0 7 1 0 0 1 1 0 0 0 0 0 2 1 0 0 
39 68 68 15 18 77 74 76 64 82 39 85 65 42 15 9 74 102 74 87 162 67 100 178 63 11 22 141 11 43 15 40 28 10 14 15 17 4 13 30 30 1 10 15 14 13 14 8 7 62 11 5 12 12 5 4 5 14 0 3 8 0 3 2 5 2 0 2 2 0 8 3 2 4 6 12 0 5 34 2 0 0 1 0 1 4 6 16 7 0 0 3 0 4 2 1 0 2 3 1 1 10 
32 40 23 4 6 42 25 43 48 54 26 42 55 53 31 113 9 28 51 54 82 52 61 113 22 3 21 63 12 38 9 38 23 15 10 8 19 11 57 34 24 10 8 15 17 32 26 8 19 51 5 2 10 15 1 1 5 13 0 2 1 1 0 3 4 1 0 0 0 0 3 1 1 0 9 6 2 9 20 9 1 0 0 1 0 4 1 16 3 0 0 4 1 1 0 7 0 1 0 1 0 1 
17 20 38 3 15 21 20 11 27 22 6 25 44 55 25 117 24 7 31 113 125 88 92 210 40 8 32 101 4 40 16 23 23 8 13 10 5 12 46 37 15 3 9 9 13 17 17 12 8 46 1 3 8 7 0 0 9 5 0 8 0 0 2 1 0 0 0 0 0 0 0 0 0 0 5 0 0 6 12 3 3 0 0 0 0 5 4 12 5 0 0 6 1 2 0 0 0 1 1 0 0 1 
13 13 20 4 7 33 16 27 27 20 9 25 32 61 18 118 62 40 6 19 53 38 41 63 29 8 7 61 1 10 7 13 6 7 13 12 10 5 36 8 8 6 5 12 13 7 14 4 10 46 1 4 4 6 0 0 1 4 0 0 1 0 0 2 1 1 0 0 0 0 0 0 0 0 8 1 3 6 11 3 1 1 0 0 0 5 0 12 6 0 0 3 1 0 0 0 0 1 0 0 1 0 
9 6 15 3 1 7 21 4 6 10 6 14 21 19 20 55 30 6 17 4 8 7 17 26 15 5 24 50 1 2 4 5 2 2 3 6 6 1 17 12 3 6 0 0 9 1 4 3 4 11 1 1 5 1 0 0 4 4 0 1 0 0 0 0 0 0 0 0 0 0 0 0 0 0 3 1 0 0 4 0 0 0 0 0 0 3 1 2 1 0 0 0 0 0 1 0 0 0 0 0 0 0 
6 8 2 3 1 5 8 18 20 12 9 12 16 19 23 78 33 13 26 11 7 2 30 27 12 14 16 95 2 5 4 1 0 2 3 4 9 4 32 5 11 7 1 2 5 6 4 3 5 19 0 0 1 0 0 2 1 3 0 0 0 0 0 0 0 1 0 0 0 0 0 0 0 0 0 0 0 0 9 2 2 0 0 0 0 1 2 5 0 0 0 0 0 0 0 1 0 0 0 0 0 2 
4 4 9 3 2 15 10 4 7 11 5 10 18 18 12 39 27 19 13 2 9 4 26 37 7 10 17 50 1 8 0 2 2 4 4 5 5 9 21 2 3 0 2 1 6 3 2 7 3 13 3 1 3 2 0 0 1 0 0 2 0 0 0 0 0 0 0 0 0 0 0 0 0 0 0 2 0 0 3 0 0 0 0 0 0 1 0 11 0 0 0 0 0 0 0 0 0 0 0 0 0 0 
9 5 5 0 3 5 4 3 5 11 0 11 10 10 13 45 15 15 25 7 26 10 7 6 3 5 6 43 0 1 1 2 2 2 1 5 4 5 12 10 6 0 4 1 2 3 1 2 6 7 2 0 2 1 0 0 0 0 0 0 1 0 0 0 0 0 0 0 0 0 1 0 0 0 2 0 0 1 1 0 1 0 0 0 0 3 0 5 0 0 0 0 0 0 0 1 0 0 0 0 0 0 
5 5 5 4 1 13 10 9 13 17 7 20 25 27 33 103 45 22 35 10 47 11 14 12 14 30 65 89 0 7 2 2 5 3 6 0 13 10 24 10 11 0 2 6 8 10 14 4 6 30 3 0 7 2 1 0 1 2 0 1 0 0 0 0 0 0 0 0 0 0 0 0 0 0 1 4 0 0 7 1 1 0 1 1 1 3 1 15 3 0 0 1 0 1 0 0 0 1 0 0 1 2 
11 14 12 2 4 8 9 11 10 23 5 21 16 16 20 54 26 12 18 9 20 13 16 4 2 7 11 46 1 6 9 6 9 2 4 3 1 3 13 13 20 3 6 4 10 11 5 10 14 51 10 3 9 3 1 1 0 2 0 0 0 4 1 0 0 0 0 0 0 0 0 0 0 0 6 3 1 5 6 5 1 0 0 0 1 3 3 32 2 0 0 3 0 0 0 0 1 0 1 0 0 1 
0 3 0 0 0 1 1 0 1 2 0 0 1 7 3 20 2 6 11 7 11 16 12 22 4 2 3 11 0 0 1 0 0 0 0 1 0 3 3 1 1 2 0 0 0 0 0 3 2 0 0 1 2 0 0 1 1 1 0 0 0 0 0 0 0 0 0 0 0 0 0 0 0 0 0 0 0 0 0 0 0 0 1 1 0 0 0 2 0 0 0 0 0 0 0 0 0 0 0 0 0 0 
0 0 1 0 1 0 0 1 2 1 0 1 1 6 1 5 4 3 0 2 6 7 7 22 4 0 3 19 0 1 0 2 3 0 1 1 2 0 1 1 2 0 0 0 0 0 0 0 0 3 0 0 0 0 0 0 0 0 0 0 0 0 0 0 0 0 0 0 0 0 0 0 0 0 0 0 0 0 0 0 0 0 0 0 0 0 0 1 0 0 0 0 0 0 0 0 0 0 0 0 0 0 
15 12 11 1 6 17 8 7 7 26 7 16 37 46 33 79 32 31 48 37 47 58 64 92 32 11 45 8 5 1 0 5 11 11 5 6 5 11 21 17 24 0 12 7 11 9 8 11 4 59 12 5 9 4 10 1 5 1 0 0 0 0 0 0 0 1 0 0 0 0 1 0 0 0 2 7 0 1 5 1 2 0 1 0 1 5 2 18 8 0 0 1 0 1 1 3 0 1 1 0 0 1 
91 129 176 24 19 92 80 42 47 43 26 54 42 41 45 42 20 23 22 18 19 29 11 15 7 0 1 9 1 5 1 8 4 1 3 4 1 6 10 27 21 1 3 2 9 31 14 8 9 44 3 3 11 5 1 0 7 9 0 3 1 0 0 0 10 4 10 11 2 2 10 7 0 4 11 1 1 1 18 3 3 1 1 0 0 7 2 15 6 0 0 10 0 3 1 5 0 1 0 0 1 2 
1 0 0 1 2 3 2 1 4 4 2 10 8 1 7 17 23 8 6 7 8 5 4 5 4 0 1 1 0 15 109 91 113 39 78 87 145 112 143 98 76 11 27 36 34 37 28 25 24 176 7 2 12 6 4 1 9 6 0 6 1 0 5 6 19 23 10 10 3 11 12 4 2 0 8 3 2 5 23 7 0 0 2 4 4 7 5 76 10 0 0 10 6 9 3 15 0 4 4 3 1 9 
0 2 0 0 0 0 3 1 3 0 0 5 8 0 0 5 10 3 4 2 4 0 1 3 1 2 0 1 0 122 6 59 45 18 22 27 65 28 62 36 18 6 8 12 19 18 8 6 7 50 3 0 11 3 8 5 1 4 0 2 1 0 9 12 5 8 4 5 0 2 1 4 1 1 3 8 0 9 7 4 1 1 0 0 1 1 0 18 1 0 0 7 0 2 1 3 0 0 0 0 0 4 
0 3 3 0 0 3 2 3 5 0 0 4 4 0 6 29 10 12 9 4 4 5 0 7 4 0 2 8 0 187 119 10 53 37 69 67 129 114 181 80 54 9 32 28 38 47 42 24 21 128 9 5 6 11 1 2 9 6 0 7 0 0 5 7 13 15 9 2 5 2 3 5 4 2 6 6 0 2 15 4 6 3 0 4 5 9 8 57 9 0 0 10 3 12 2 4 1 2 2 2 1 10 
23 16 9 1 2 14 12 8 9 8 5 15 18 6 11 32 53 44 23 17 9 12 13 32 33 0 4 39 4 428 153 143 24 47 130 114 220 164 306 245 187 29 112 108 164 176 150 147 171 857 43 37 82 30 20 9 29 50 0 16 5 4 3 11 28 26 9 21 8 19 36 28 9 9 31 11 5 20 77 15 10 4 10 9 5 15 14 239 46 0 0 45 19 38 16 26 7 21 9 2 7 27 
8 6 10 0 1 4 2 2 3 0 2 2 2 0 3 10 11 9 5 3 4 4 9 8 3 0 3 6 1 101 51 45 20 5 35 23 62 57 96 85 41 12 27 33 20 24 18 16 24 76 8 6 8 1 6 3 12 12 0 6 2 1 3 3 10 10 2 14 3 13 25 19 9 6 8 1 0 3 11 4 3 1 0 2 0 3 4 25 8 0 0 12 3 7 6 4 4 8 2 1 0 6 
2 3 5 1 2 6 10 7 2 2 0 2 3 0 3 17 25 20 10 9 13 6 8 14 10 0 2 17 0 281 124 123 78 20 5 22 91 98 176 175 57 10 48 46 64 50 49 41 49 138 15 6 11 12 5 5 10 19 0 5 8 1 2 12 10 13 6 12 12 12 30 23 10 4 7 8 0 3 32 4 2 0 1 0 0 11 4 48 19 0 0 35 15 16 7 29 3 10 9 1 2 9 
3 0 1 1 1 0 2 1 1 1 0 2 1 0 3 16 18 10 3 4 5 9 6 9 1 2 0 10 0 156 36 85 50 15 15 3 90 68 96 53 49 5 11 18 33 17 18 18 25 70 4 3 3 6 0 0 2 4 0 0 2 0 7 9 10 8 2 4 0 4 7 8 1 0 4 0 0 1 3 0 0 0 0 0 2 2 1 30 8 0 0 23 2 11 1 7 1 5 2 0 2 4 
4 4 3 0 1 2 2 1 3 6 2 4 4 0 2 26 24 16 6 13 23 8 11 20 8 1 2 19 2 387 173 325 115 90 90 135 15 128 437 424 144 41 78 86 139 145 93 68 72 368 13 12 18 5 2 4 9 12 0 1 3 0 15 28 31 38 15 27 6 9 25 42 11 12 11 4 3 2 12 1 1 1 4 2 5 15 25 92 51 0 0 52 19 33 17 43 4 29 22 4 2 23 
7 6 5 3 1 8 6 13 3 3 8 2 8 6 1 6 9 13 7 13 11 7 6 20 4 0 1 15 3 181 89 182 53 74 55 36 68 14 101 200 107 19 43 62 77 66 37 60 61 183 9 1 4 4 1 0 7 3 0 0 1 1 4 9 26 9 3 2 2 4 15 5 4 4 1 3 0 5 4 2 0 1 0 1 7 14 4 60 11 0 0 40 15 10 8 11 2 5 7 1 3 11 
28 30 24 1 13 26 22 42 19 33 14 35 42 23 7 16 63 52 27 30 51 40 47 78 27 4 11 79 10 309 109 326 145 114 144 109 264 121 21 450 282 33 117 136 153 173 119 131 145 497 23 11 34 5 2 5 10 18 0 10 2 2 2 25 34 25 7 22 5 10 42 41 10 7 15 9 2 7 41 3 5 9 2 12 10 32 47 170 51 0 0 94 18 43 18 59 0 32 17 7 12 43 
9 21 13 0 7 18 11 8 25 14 6 16 22 3 3 9 29 16 6 16 16 7 9 21 3 6 2 24 2 125 27 103 62 49 76 54 193 122 379 12 30 21 33 87 75 95 87 82 88 288 4 5 10 7 3 2 7 4 0 1 0 5 5 16 8 6 1 6 1 3 11 12 1 6 9 11 1 3 12 7 5 0 2 14 8 5 9 52 31 0 0 41 6 8 5 26 2 7 11 1 1 17 
6 10 13 4 4 7 7 7 16 9 3 14 9 8 4 6 25 9 8 7 11 7 5 12 13 0 2 13 3 79 11 67 45 28 37 27 54 67 181 25 7 16 18 32 42 51 40 59 71 199 2 3 4 4 0 2 4 4 0 1 0 1 2 2 5 5 1 0 0 2 2 3 1 0 4 4 0 3 3 2 8 3 4 7 9 9 8 12 14 0 0 32 9 5 2 9 4 4 4 3 2 14 
1 4 0 0 0 2 1 1 1 1 8 1 3 3 1 0 1 2 1 0 1 1 0 6 2 0 0 2 0 10 5 14 13 1 4 3 19 15 29 21 18 6 8 19 20 18 12 19 18 32 0 0 0 0 0 0 2 1 0 0 0 0 0 0 1 2 0 3 0 0 1 1 0 0 1 0 0 1 5 0 1 0 2 4 2 10 2 14 7 0 0 8 2 2 2 7 0 2 2 0 0 1 
13 6 7 0 2 8 6 4 3 3 4 6 8 7 6 12 33 10 7 3 7 2 7 16 3 0 0 10 1 65 19 68 37 34 39 20 62 89 127 94 49 18 23 61 54 85 45 83 93 237 5 5 13 8 2 1 4 6 0 0 0 1 4 9 5 4 3 1 3 1 10 5 1 1 14 11 0 15 31 20 20 18 20 41 41 86 45 130 57 0 0 67 30 33 35 108 3 57 47 4 11 48 
9 14 7 1 1 10 4 6 10 4 3 2 14 5 9 7 28 16 8 5 16 8 9 15 4 1 3 33 0 90 32 58 31 33 29 14 72 117 136 151 91 60 76 16 135 190 124 193 262 488 9 11 21 10 4 2 4 12 0 6 2 0 0 6 16 15 9 3 1 3 7 8 2 2 24 14 5 27 55 37 18 22 23 81 54 107 98 171 107 0 0 146 65 107 58 187 19 117 50 16 16 86 
12 6 3 1 0 8 8 3 2 4 3 5 2 3 7 7 24 15 6 4 9 3 5 11 8 0 1 15 1 49 20 46 25 14 24 21 50 64 118 71 39 21 34 78 8 119 68 136 176 252 3 2 5 6 0 1 2 3 0 1 0 0 0 3 7 8 0 2 3 2 3 2 5 4 5 5 2 5 19 5 4 7 5 17 20 44 24 51 21 0 0 42 11 26 24 51 8 33 28 11 3 14 
13 11 13 4 7 12 11 14 7 17 7 14 6 6 6 18 28 24 6 10 10 18 8 18 6 1 1 17 0 70 20 52 74 38 44 37 110 88 203 167 180 34 83 203 194 17 127 393 408 791 11 15 16 10 6 3 3 5 0 1 0 4 2 3 10 20 4 10 2 2 15 14 4 1 19 13 2 8 24 26 13 9 17 56 50 66 57 191 54 0 0 131 18 49 29 86 5 46 54 7 11 41 
4 8 8 0 3 4 6 5 5 6 4 7 4 1 1 15 10 13 15 4 8 6 10 14 8 1 2 15 6 60 18 47 44 19 34 17 60 57 116 90 65 14 38 81 85 173 20 211 187 364 4 5 6 6 1 1 2 3 0 0 3 0 0 6 4 10 3 2 2 1 4 9 1 0 8 2 1 17 11 6 10 11 4 21 11 43 39 107 29 0 0 51 16 34 17 23 6 16 32 3 0 27 
3 5 6 0 0 3 2 6 1 4 1 2 5 5 1 3 4 3 2 1 6 1 2 4 5 0 0 6 0 24 3 15 12 15 8 2 39 34 54 43 36 4 21 54 55 152 79 10 131 383 1 4 7 2 2 1 0 1 0 0 0 2 0 3 4 3 3 0 0 0 1 1 3 0 8 1 3 3 8 4 6 4 2 17 8 23 5 63 6 0 0 20 2 5 10 26 2 6 7 6 1 13 
2 3 5 1 5 3 4 4 5 2 2 2 1 5 1 2 5 5 3 5 2 5 1 7 8 0 1 7 0 22 9 24 23 17 10 9 34 22 44 50 17 9 25 55 30 101 70 120 8 359 1 2 6 6 1 0 2 2 0 0 1 1 2 3 6 2 4 4 1 1 8 3 2 1 11 7 0 5 6 4 9 3 8 13 8 14 4 82 9 0 0 32 9 16 6 12 5 9 23 3 2 30 
54 70 40 13 7 44 34 31 35 39 19 30 36 24 21 37 69 60 33 35 45 35 48 79 57 4 9 99 10 272 84 217 250 110 110 90 222 247 454 409 299 43 120 301 322 498 272 759 903 52 41 29 67 20 15 6 28 36 0 8 5 6 5 21 43 54 15 23 13 9 27 16 11 10 49 49 8 36 90 53 72 41 52 110 63 116 57 595 90 0 0 161 37 111 82 113 14 118 125 11 13 106 
3 1 4 3 3 2 7 23 2 3 7 11 9 6 6 13 4 2 0 2 1 0 3 3 4 0 1 15 1 15 3 4 21 12 2 3 1 1 9 4 3 0 6 2 9 9 6 8 8 37 8 13 37 17 16 9 15 35 0 28 11 1 5 9 9 14 3 12 4 15 15 17 5 17 8 12 5 39 77 9 16 4 6 18 8 12 5 45 3 0 0 0 3 1 2 6 0 3 6 0 1 8 
1 8 0 0 0 2 3 0 0 5 1 4 1 1 0 9 2 4 2 3 1 0 0 0 6 0 0 1 1 9 2 1 9 6 3 1 5 3 7 4 3 0 3 2 3 2 0 5 2 20 12 5 49 41 9 5 9 21 0 9 1 1 1 11 4 7 6 9 0 4 10 5 1 3 3 8 0 3 61 8 5 1 8 6 8 10 4 26 5 0 0 0 3 3 4 2 0 3 1 0 1 1 
2 12 7 0 13 6 5 7 2 2 4 7 5 10 4 13 19 3 4 3 2 3 5 7 7 0 2 16 3 16 1 11 12 19 1 5 6 0 20 10 5 1 8 11 3 5 6 6 14 43 58 36 4 24 20 7 11 23 0 19 7 0 3 20 21 29 4 28 4 22 10 5 2 9 9 7 3 15 98 17 11 0 12 25 7 23 8 41 5 0 0 11 3 3 3 1 1 6 4 2 0 7 
5 4 3 2 1 1 2 4 3 4 2 3 8 6 2 4 1 5 3 1 0 1 1 3 1 0 0 8 1 16 4 4 10 3 0 3 4 2 4 8 2 2 5 6 3 4 1 3 6 13 26 16 35 4 6 2 12 21 0 19 5 1 0 15 12 14 5 9 0 17 4 9 9 15 8 3 1 12 57 1 7 0 0 14 10 8 6 20 3 0 0 4 2 3 3 3 0 2 5 0 1 1 
1 2 3 0 1 2 2 2 1 4 2 3 0 3 5 1 2 0 2 1 1 0 4 0 1 0 2 0 2 4 2 3 1 3 0 3 0 0 6 2 0 0 0 1 4 2 4 0 2 3 12 4 19 11 2 0 1 14 0 9 2 0 2 7 8 9 0 3 0 6 4 5 3 4 3 2 1 3 61 3 4 1 0 3 3 7 1 6 2 0 0 3 1 2 0 0 1 4 2 0 1 4 
0 8 2 0 3 2 1 2 0 1 0 0 4 1 0 1 2 2 0 0 1 0 2 2 2 0 0 0 2 3 1 0 4 6 0 1 1 0 0 3 0 2 1 4 2 1 1 4 2 8 7 1 5 7 3 3 3 11 0 9 6 2 0 3 4 9 1 1 1 16 3 2 1 4 0 7 3 2 42 1 2 2 5 4 1 1 0 5 1 0 0 0 0 3 1 0 0 7 7 0 0 2 
0 2 3 1 2 2 5 13 4 1 1 3 9 5 8 7 0 1 0 0 0 4 0 9 1 0 0 3 0 9 3 15 4 1 4 1 4 2 2 2 1 0 3 5 3 2 2 3 2 10 20 7 31 14 9 2 4 16 0 9 4 1 4 5 9 11 2 12 4 12 2 13 5 4 10 20 1 4 68 3 2 2 4 8 13 10 2 11 5 0 0 1 0 5 4 2 0 3 3 0 1 1 
4 1 8 0 2 6 2 2 5 15 4 11 7 12 6 25 5 1 1 5 1 1 2 0 3 1 1 5 1 9 9 5 7 8 5 1 6 2 10 4 2 1 4 4 5 2 6 2 10 18 31 16 40 30 23 8 11 10 0 15 6 2 3 6 17 17 6 9 7 6 7 6 3 7 47 23 6 12 105 10 6 3 15 27 6 10 5 31 8 0 0 3 3 5 0 3 0 0 6 1 1 3 
0 0 0 0 0 0 0 0 0 0 0 0 0 0 0 0 0 0 0 0 0 0 0 0 0 0 0 0 0 0 0 0 0 0 0 0 0 0 0 0 0 0 0 0 0 0 0 0 0 0 0 0 0 0 0 0 0 0 0 0 0 0 0 0 0 0 0 0 0 0 0 0 0 0 0 0 0 0 0 0 0 0 0 0 0 0 0 0 0 0 0 0 0 0 0 0 0 0 0 0 0 0 
4 7 5 5 1 5 7 5 3 0 3 7 8 8 14 26 9 8 2 7 5 9 8 22 3 0 1 10 6 12 8 8 10 5 3 3 2 1 7 8 4 2 3 1 4 2 1 7 5 24 23 6 14 37 14 2 19 30 0 5 2 2 1 13 16 42 3 11 2 11 9 19 8 14 13 14 5 4 50 4 5 5 5 7 6 5 1 10 3 0 0 1 1 1 1 4 0 4 2 0 0 2 
0 2 3 3 0 1 1 0 1 0 0 0 0 0 0 5 0 0 0 0 0 1 0 2 1 0 0 0 0 6 1 3 3 0 0 0 7 0 4 1 2 0 2 0 1 0 0 2 3 8 12 5 8 7 9 3 4 11 0 4 0 2 6 7 15 8 1 6 3 13 3 2 2 14 3 9 3 2 24 1 1 2 3 3 1 2 2 4 2 0 0 0 0 3 2 0 0 1 0 2 0 1 
1 0 9 2 2 7 9 10 1 3 4 7 8 1 4 2 3 2 2 0 2 0 0 2 0 0 3 1 0 27 10 14 10 6 14 8 14 26 23 18 18 0 8 11 6 9 6 5 11 16 7 4 11 8 1 3 6 8 0 13 5 4 0 33 23 25 25 19 3 30 11 29 7 9 2 7 0 10 23 11 7 2 8 7 2 8 10 23 6 0 0 9 3 1 6 6 0 4 7 1 1 2 
1 5 1 0 0 1 2 2 1 3 1 0 0 0 0 0 0 0 2 0 0 0 0 1 0 0 0 0 0 10 2 2 1 3 2 0 4 0 11 1 2 0 0 2 1 2 2 0 1 6 3 2 2 7 5 1 3 8 0 6 3 2 1 3 10 15 3 9 4 13 8 14 1 7 4 1 0 13 22 6 3 2 1 1 2 1 1 2 1 0 0 1 1 0 0 0 0 0 0 3 0 0 
5 14 5 0 0 6 8 4 8 5 1 3 0 1 2 4 2 0 2 2 0 0 0 0 0 0 0 1 0 18 7 3 8 1 3 3 9 19 21 18 12 5 4 7 3 5 7 4 14 33 14 9 26 18 7 4 6 16 0 9 2 8 1 3 8 22 8 4 10 17 36 48 9 7 5 10 1 10 43 15 3 1 2 2 5 2 1 5 3 0 0 17 2 2 1 3 0 2 1 0 0 3 
5 7 5 1 1 1 8 7 7 3 0 0 0 0 0 1 4 0 0 0 0 0 0 2 3 0 0 1 2 24 15 14 10 8 2 3 9 10 26 8 5 3 6 1 1 6 8 5 3 14 10 8 24 14 9 0 14 19 0 18 4 5 9 11 0 20 9 27 23 19 37 54 16 20 6 9 1 7 24 6 5 11 2 5 2 3 3 12 1 0 0 3 0 2 0 2 1 0 1 0 0 0 
4 9 10 0 2 9 9 10 7 8 1 5 5 3 1 1 0 1 0 0 0 0 0 0 3 0 0 1 1 37 22 37 18 10 7 6 20 9 15 9 9 1 3 13 11 4 4 10 8 38 16 10 23 16 5 7 17 16 0 26 13 0 11 31 23 14 9 42 26 42 91 83 36 30 11 17 2 14 44 12 8 4 10 3 5 6 8 17 1 0 0 0 1 1 0 0 1 1 0 0 0 0 
1 3 2 0 0 1 2 5 0 2 0 0 0 1 0 0 0 1 0 0 0 0 1 0 0 0 0 0 2 7 6 8 3 4 5 6 4 2 10 0 2 0 0 2 3 3 2 2 1 11 3 5 6 2 2 0 3 9 0 12 3 0 2 6 11 11 4 8 11 8 11 34 11 5 6 0 1 3 15 5 2 0 0 1 2 4 0 2 2 0 0 0 0 0 0 0 0 0 0 3 0 0 
2 3 7 0 0 5 4 3 4 4 1 2 7 0 0 2 0 0 0 0 0 0 0 0 0 0 0 0 1 17 5 0 3 10 10 1 16 4 19 3 0 0 3 2 7 2 5 4 5 14 12 11 17 16 2 1 9 11 0 14 2 5 5 9 23 20 4 3 13 9 40 56 15 24 11 2 0 9 34 5 1 3 3 1 0 3 5 5 2 0 0 1 1 0 0 0 0 0 0 0 0 0 
0 0 0 0 0 1 0 0 0 1 1 0 0 1 1 0 0 0 0 0 0 0 0 0 0 0 0 0 2 6 2 4 2 11 3 2 3 4 4 1 0 0 0 0 4 0 1 0 2 3 3 1 4 2 1 0 1 3 0 3 0 0 5 10 5 14 12 5 1 4 18 27 2 15 1 0 0 0 2 0 3 0 3 1 0 1 0 1 0 0 0 0 0 0 0 0 0 0 0 0 0 0 
0 1 0 0 0 2 3 4 3 0 0 2 0 0 0 2 0 1 0 0 0 0 0 0 0 0 0 0 1 6 5 1 3 8 1 0 1 0 3 0 0 0 0 1 0 0 0 0 1 4 10 6 14 4 3 2 5 4 0 7 5 1 3 8 18 18 6 15 9 5 26 44 15 34 4 3 2 4 13 0 5 0 0 2 0 0 1 6 0 0 0 1 0 0 0 0 0 0 0 0 0 0 
1 2 5 0 0 2 3 4 0 3 0 2 1 1 0 1 0 0 0 0 0 0 0 0 0 0 0 0 0 6 1 4 3 13 7 5 16 12 12 6 6 0 1 1 5 6 3 2 6 11 5 1 7 3 1 2 4 6 0 7 1 0 6 8 19 24 12 30 20 22 4 75 13 24 2 1 0 6 16 4 2 1 1 3 0 1 0 9 1 0 0 2 0 0 0 0 1 0 0 0 0 0 
7 3 5 0 0 2 1 1 0 0 0 6 1 0 0 0 2 0 0 0 0 0 0 0 0 0 0 0 0 7 1 2 6 10 7 3 7 9 24 3 6 0 0 2 3 4 1 2 7 14 11 1 13 5 3 2 6 6 0 7 5 0 1 14 36 36 10 21 17 33 61 7 39 44 3 8 2 4 19 6 7 1 3 3 1 6 1 21 7 0 0 2 0 1 0 0 0 0 0 0 0 2 
1 2 1 1 0 1 1 2 1 2 4 0 4 0 0 2 2 1 0 1 0 0 0 0 0 0 0 1 0 1 2 0 1 8 3 4 3 3 3 1 4 0 1 2 5 6 0 3 5 11 11 5 10 2 1 0 8 5 0 10 10 0 2 7 10 28 4 9 7 25 27 60 4 24 2 8 2 4 14 3 5 1 2 5 0 6 0 2 2 0 0 0 0 0 0 0 0 1 0 0 0 0 
3 1 1 2 1 3 5 5 1 8 3 3 0 1 2 2 3 0 0 0 0 0 0 0 0 0 0 0 0 0 0 2 4 12 14 1 6 3 12 2 2 0 1 2 14 2 2 1 4 14 10 5 8 3 8 3 6 8 0 16 7 0 3 8 21 25 8 38 18 66 40 42 13 5 4 1 5 17 34 8 7 1 3 4 2 2 5 21 2 0 0 1 1 0 0 0 1 2 0 0 0 1 
0 1 2 0 0 3 0 6 1 5 0 3 1 3 2 4 4 2 3 2 1 2 0 0 2 0 0 4 0 4 0 0 2 2 2 0 2 0 4 3 4 2 10 9 3 8 8 3 8 20 5 6 8 6 1 0 5 7 0 6 0 3 0 3 6 6 1 5 1 1 2 2 1 3 3 6 1 12 84 12 4 7 8 37 10 12 3 46 7 0 0 7 1 6 5 4 1 6 4 1 3 6 
1 5 1 0 0 0 2 5 1 5 1 5 5 2 5 0 3 1 1 2 0 0 1 3 2 1 0 0 0 3 1 8 2 5 0 0 0 1 4 4 3 0 7 3 8 7 7 5 5 18 1 7 12 4 9 3 6 16 0 5 0 1 0 4 1 2 1 5 1 0 9 3 7 5 12 3 7 19 157 13 24 3 29 55 19 23 6 41 7 0 0 5 2 8 1 2 0 12 4 0 1 8 
0 0 0 1 0 0 0 0 0 1 0 1 0 0 0 0 0 0 0 0 0 0 0 0 0 0 0 2 0 1 0 1 5 0 0 0 0 1 0 2 0 0 2 1 0 0 1 0 0 4 2 2 1 0 1 0 2 4 0 4 3 1 1 1 0 0 1 0 0 0 3 0 0 0 2 3 3 11 78 8 6 0 6 13 1 1 0 10 0 0 0 0 2 2 3 1 0 0 2 0 0 1 
1 0 3 0 1 4 3 0 2 2 2 0 1 1 4 4 1 2 0 1 0 1 1 2 0 0 0 4 1 2 0 8 5 6 3 0 0 0 0 4 1 1 4 4 3 1 5 2 8 23 6 1 11 7 1 4 4 3 0 2 1 0 3 3 0 8 1 3 1 3 0 0 1 1 35 27 13 6 73 13 12 8 11 38 21 14 4 17 4 0 0 3 0 4 1 6 0 5 4 1 0 6 
13 29 11 3 6 10 14 9 17 19 4 15 6 17 13 21 16 15 7 4 3 6 6 9 4 0 0 12 1 39 10 28 13 14 13 3 15 6 27 8 12 5 21 23 21 16 16 15 18 88 136 66 159 99 62 40 75 119 0 33 11 3 6 25 28 54 18 27 8 23 30 26 13 36 276 209 90 110 20 85 113 26 79 140 80 40 24 123 21 0 0 16 8 25 5 18 3 27 15 3 1 13 
2 2 3 1 1 2 0 0 1 0 2 1 1 1 2 4 1 1 0 0 0 0 0 1 0 0 3 3 2 5 3 1 0 3 2 2 0 0 6 2 1 1 9 8 5 8 5 2 13 12 7 4 11 13 7 0 1 9 0 3 1 1 2 5 7 5 0 4 3 3 3 2 1 3 29 22 12 23 72 8 13 9 16 61 35 16 3 38 14 0 0 10 6 6 7 8 0 5 14 2 1 8 
2 1 1 0 0 1 0 2 0 1 0 1 0 1 0 0 1 0 0 2 1 1 0 1 2 0 0 3 0 2 1 5 0 1 0 0 0 1 1 3 5 1 9 6 3 2 3 3 4 21 10 5 10 5 0 0 3 6 0 5 1 0 2 1 4 1 3 3 1 7 3 3 0 4 14 16 2 9 100 6 3 5 7 47 30 19 11 34 9 0 0 8 0 7 6 1 0 12 7 0 0 1 
0 0 1 0 1 0 0 2 1 1 0 0 0 0 0 0 0 0 0 0 1 0 0 0 1 0 0 0 0 6 2 6 6 0 2 2 1 1 3 4 2 3 10 9 3 7 6 12 7 44 4 2 0 5 0 0 0 10 0 1 0 0 3 3 6 2 0 1 0 0 2 4 1 1 20 17 5 11 31 6 11 9 8 44 18 12 1 68 12 0 0 7 4 17 14 9 2 22 12 3 2 14 
0 0 2 0 0 0 0 2 1 1 0 0 0 0 0 0 0 2 0 0 0 0 0 0 0 0 1 1 2 3 3 0 0 0 0 0 0 2 3 3 1 2 9 9 0 2 7 7 4 17 10 5 3 1 0 1 4 9 0 1 1 0 1 0 3 0 0 2 0 0 0 2 1 1 19 8 2 11 61 10 19 2 6 99 32 25 8 47 8 0 0 15 0 3 4 4 0 11 5 0 0 6 
6 9 4 2 0 0 4 1 2 7 0 0 0 1 0 0 1 0 0 0 1 2 0 0 0 0 0 1 0 5 5 0 2 5 0 0 0 0 13 12 7 7 39 30 23 23 12 45 24 85 22 12 26 37 11 10 34 44 0 9 0 0 1 2 10 6 3 0 1 2 5 6 6 8 83 71 33 138 193 160 126 47 172 16 135 77 66 115 26 0 0 23 21 26 10 15 8 39 17 9 3 26 
1 0 1 0 3 0 6 2 0 1 0 0 0 0 0 0 0 0 0 0 0 1 1 0 0 0 0 1 1 4 1 1 0 1 0 0 2 2 1 4 3 4 19 21 11 14 13 5 10 23 2 6 7 8 6 1 6 15 0 3 2 0 2 4 3 0 0 0 1 0 1 2 1 0 12 30 2 19 48 28 17 8 23 107 6 41 17 61 12 0 0 36 2 14 5 13 0 14 12 1 0 11 
2 7 4 1 2 5 3 0 2 1 0 8 0 0 0 3 5 6 0 3 9 0 0 5 0 0 0 4 2 6 5 6 6 2 4 6 9 7 17 3 3 5 25 70 28 26 26 28 20 86 14 12 11 12 3 1 5 15 0 8 1 2 2 2 2 6 3 3 2 0 5 4 2 1 21 15 2 13 26 24 15 17 28 53 44 7 15 63 23 0 0 55 13 20 14 41 10 32 21 6 6 20 
1 5 7 1 0 1 4 3 1 3 0 2 3 0 1 1 4 3 2 2 1 0 1 3 4 0 0 6 0 6 4 15 6 7 2 4 3 10 28 28 11 12 15 67 16 28 8 12 20 57 2 6 9 3 3 1 2 7 0 0 2 0 0 1 3 0 2 0 1 1 2 3 0 2 10 14 4 13 26 22 22 15 22 48 28 10 7 45 33 0 0 40 26 21 29 30 11 33 14 0 9 16 
15 23 15 1 7 6 11 3 5 7 4 3 5 3 2 11 7 13 6 4 6 4 7 9 10 3 2 27 2 50 20 38 48 7 14 17 37 48 91 36 22 13 62 86 54 109 75 106 125 600 20 14 42 8 6 2 15 16 0 9 3 0 0 4 9 10 0 3 0 5 5 0 7 17 48 31 15 54 86 39 44 35 39 126 70 60 43 12 21 0 0 88 25 56 35 96 17 89 76 18 8 108 
2 2 3 0 2 1 2 1 0 2 0 0 3 1 0 0 3 4 1 0 1 0 1 4 0 1 0 5 1 17 7 11 8 5 3 1 11 18 29 21 8 4 33 62 13 30 13 22 15 53 6 2 10 2 1 0 1 4 0 2 2 0 0 2 2 1 1 1 0 1 2 3 1 0 9 13 5 13 28 7 19 10 15 22 16 32 30 36 2 0 0 47 7 21 6 37 6 20 14 7 0 29 
0 0 0 0 0 0 0 0 0 0 0 0 0 0 0 0 0 0 0 0 0 0 0 0 0 0 0 0 0 0 0 0 0 0 0 0 0 0 0 0 0 0 0 0 0 0 0 0 0 0 0 0 0 0 0 0 0 0 0 0 0 0 0 0 0 0 0 0 0 0 0 0 0 0 0 0 0 0 0 0 0 0 0 1 0 0 0 0 0 0 0 0 0 0 0 0 0 0 0 0 0 0 
0 0 0 0 0 0 0 0 0 0 0 0 0 0 0 0 0 0 0 0 0 0 0 0 0 0 0 0 0 0 0 0 0 0 0 0 0 0 0 0 0 0 0 0 0 0 0 0 0 0 0 0 0 0 0 0 0 0 0 0 0 0 0 0 0 0 0 0 0 0 0 0 0 0 0 0 0 0 0 0 0 0 0 0 0 0 0 0 0 0 0 0 0 0 0 1 0 0 0 0 0 0 
4 12 12 1 3 11 11 8 12 13 7 10 20 4 3 12 11 12 2 2 9 1 2 7 4 0 1 11 1 67 23 29 31 48 42 20 64 93 175 69 57 9 55 197 92 148 104 126 183 436 20 9 26 11 10 6 11 25 0 7 2 0 3 16 5 1 1 1 0 6 7 11 1 4 25 10 0 17 50 37 54 34 47 109 81 100 71 279 149 0 0 13 70 119 54 411 28 180 94 16 15 98 
1 1 1 0 1 0 1 1 0 1 1 0 1 0 0 2 1 1 1 0 0 0 0 0 0 0 0 1 0 12 3 4 10 2 13 0 21 18 21 8 12 6 22 38 15 28 9 25 17 46 3 1 5 2 1 1 4 1 0 0 0 0 0 1 1 2 0 0 0 0 0 2 0 0 9 5 0 8 11 5 9 10 5 15 9 27 17 55 22 0 0 32 1 9 6 38 8 21 12 7 4 12 
0 0 0 0 0 1 0 1 0 0 0 0 1 5 0 0 2 0 0 0 0 0 0 0 0 0 0 1 1 6 4 5 4 5 6 2 14 6 25 5 10 5 15 35 17 22 20 31 30 58 3 5 7 8 0 3 2 1 0 1 1 0 0 0 2 0 0 0 0 0 1 0 0 0 4 6 2 0 16 7 9 5 6 18 22 25 13 65 27 0 0 57 6 3 0 42 1 17 12 6 4 27 
1 3 0 0 0 2 2 2 1 4 0 1 1 0 0 2 1 2 0 0 1 0 0 0 0 0 0 3 0 5 19 11 0 7 0 6 9 7 24 7 14 4 23 35 14 19 19 15 34 74 7 3 3 6 2 1 1 3 0 1 1 1 1 2 2 0 0 0 0 0 0 2 0 0 8 9 0 14 14 13 15 8 16 27 14 35 27 70 19 0 0 38 6 12 4 24 5 38 9 9 11 35 
2 2 2 0 1 1 0 0 0 0 1 0 0 0 0 1 2 0 0 0 1 0 0 0 0 0 0 6 0 12 0 6 4 1 6 2 17 5 23 9 5 5 28 41 18 21 8 9 20 67 4 1 6 3 0 0 2 1 0 1 2 0 0 0 0 1 0 0 0 0 0 0 0 1 14 12 0 12 8 6 10 4 5 16 14 21 11 68 17 0 0 93 7 28 19 7 1 24 2 4 2 27 
0 0 0 0 0 0 0 0 0 0 0 1 1 0 0 0 0 0 0 0 0 0 0 0 0 0 0 0 0 1 1 3 0 0 0 0 0 1 4 0 0 0 2 6 5 0 0 1 3 5 1 0 1 2 0 0 0 0 0 0 0 0 0 0 0 0 0 0 0 0 0 0 0 0 2 0 0 1 7 0 0 2 0 4 1 4 6 15 2 0 0 9 1 1 2 1 1 1 0 0 2 7 
0 2 1 0 0 1 2 2 2 0 0 0 0 1 0 2 0 1 0 0 0 0 0 0 0 0 0 0 0 6 1 2 2 0 4 1 4 4 14 1 3 1 14 24 12 13 10 8 8 33 2 3 4 5 0 0 0 2 0 0 1 0 0 0 0 0 0 0 0 0 0 0 0 1 5 5 1 2 11 7 10 7 13 11 10 19 10 51 15 0 0 41 4 5 4 14 5 3 3 1 3 28 
1 1 1 3 0 1 4 0 0 2 1 3 0 2 2 0 0 0 0 0 0 1 0 0 1 0 0 1 0 7 5 4 2 1 3 5 6 4 21 2 3 1 21 22 18 10 11 12 20 75 5 0 4 1 2 0 0 4 0 2 0 0 1 3 3 0 0 0 0 0 0 1 1 0 12 16 1 1 7 7 8 4 7 9 8 12 8 78 8 0 0 32 9 14 13 4 1 7 3 5 1 14 
0 0 0 0 1 0 0 0 0 0 0 0 0 0 0 0 0 0 0 0 0 0 0 1 0 0 0 0 0 0 0 0 2 0 0 0 1 1 7 0 0 0 3 0 4 1 1 2 3 6 0 0 0 0 1 0 0 1 0 1 0 0 0 2 1 0 0 0 0 0 0 0 0 0 0 1 0 1 1 2 0 0 2 1 2 2 2 11 4 0 0 6 0 1 6 3 0 1 0 1 1 4 
0 0 0 0 0 0 0 0 0 0 0 0 0 0 0 1 0 0 0 0 0 0 0 0 0 0 0 0 0 1 1 0 0 0 1 1 0 1 5 1 0 1 8 4 3 1 1 3 1 13 2 0 1 1 0 0 0 0 0 1 0 0 0 0 0 2 0 0 0 0 0 0 0 0 0 0 0 1 2 1 5 5 3 6 2 3 3 18 3 0 0 5 1 2 5 4 0 4 3 0 1 1 
8 14 11 1 2 5 6 9 3 5 1 13 6 1 2 5 6 2 3 0 0 0 1 2 0 0 0 4 2 35 7 22 34 10 15 20 21 34 56 25 31 6 80 83 44 62 47 33 56 243 25 6 25 4 3 1 6 8 0 5 4 0 0 7 4 2 0 1 0 0 3 2 1 2 19 10 4 10 25 22 14 17 13 46 27 34 23 225 50 0 0 85 31 88 82 121 12 58 39 6 1 11 
