0 3 1 2 9 5 1 21 9 8 2 19 32 34 27 1 4 1 7 0 4 10 1 16 7 0 0 23 1 0 0 0 8 1 0 0 3 4 4 2 3 1 10 5 5 1 4 2 3 29 2 1 3 0 3 0 0 0 0 0 0 1 0 2 1 1 1 3 0 0 0 0 0 0 0 1 0 0 14 0 0 0 0 0 0 5 1 7 1 0 0 1 0 2 2 1 0 0 1 0 0 8 
1 0 0 0 1 8 5 21 3 5 4 6 41 26 38 6 3 8 6 5 5 5 1 19 8 0 0 19 0 0 0 0 7 0 2 0 2 1 1 6 1 0 5 4 11 16 4 0 2 24 3 1 5 7 9 1 1 0 0 0 0 0 0 0 3 4 1 3 0 0 0 4 0 4 0 0 0 0 0 1 2 0 0 1 0 11 0 12 3 0 0 1 3 0 1 0 0 1 2 0 0 5 
9 9 0 1 0 0 5 11 8 5 3 12 33 19 40 11 6 8 16 4 2 6 2 18 6 2 0 20 2 0 0 4 9 1 0 1 3 1 3 6 6 0 4 1 7 6 8 1 8 40 6 1 5 1 0 1 0 1 0 1 0 0 0 2 1 2 0 0 0 0 4 0 1 2 0 0 0 1 2 0 0 0 1 0 0 5 0 9 1 0 0 3 0 0 0 0 0 1 0 0 0 5 
19 3 3 2 1 4 4 8 6 1 1 5 8 4 1 0 8 0 1 12 2 0 0 3 1 1 0 9 0 0 0 1 0 0 0 0 0 0 0 0 3 0 0 0 0 11 0 1 0 6 0 0 4 0 0 0 2 0 0 0 0 0 0 0 0 1 0 0 0 0 6 0 1 2 0 0 0 0 0 0 0 0 0 0 0 0 0 4 0 0 0 0 0 1 0 0 0 0 2 0 0 2 
5 1 12 0 2 0 6 2 4 0 2 4 19 4 5 6 7 6 1 0 0 2 0 4 1 0 0 2 0 0 0 0 0 0 0 0 0 0 0 5 3 1 1 0 4 4 3 0 2 19 1 1 0 0 0 0 0 2 0 1 0 0 0 0 1 0 1 0 0 0 0 1 1 0 0 0 0 0 0 0 0 0 0 0 0 0 0 4 0 0 0 0 0 1 0 0 0 0 0 0 0 2 
16 6 19 2 0 1 1 0 6 3 4 4 19 9 29 6 8 8 6 2 2 7 2 7 4 1 0 27 3 0 0 0 11 1 0 0 1 1 0 24 3 1 4 1 7 5 1 5 1 18 1 2 1 3 0 0 0 0 0 0 0 0 0 1 1 0 0 0 0 1 0 0 0 2 0 0 0 0 0 0 0 2 0 0 1 0 1 7 1 0 0 7 0 0 0 0 0 0 1 0 0 10 
5 6 12 30 3 1 0 0 10 7 0 3 14 2 7 2 10 5 6 0 3 3 1 13 7 0 0 7 1 1 0 0 11 1 6 0 0 0 1 0 2 0 16 2 0 1 5 0 0 20 1 1 2 3 1 0 0 0 0 0 0 0 0 0 7 0 0 0 0 0 0 0 0 1 0 0 0 0 0 1 0 0 0 0 0 0 0 4 0 0 0 1 0 0 0 0 0 0 3 0 0 7 
10 13 6 1 14 3 4 0 2 5 1 6 21 10 13 16 2 4 5 2 0 4 0 11 21 2 0 14 2 0 0 0 2 0 0 0 0 0 6 1 4 0 7 2 2 10 0 2 1 28 6 0 2 2 1 0 0 0 0 0 1 0 0 1 1 1 0 0 13 1 2 0 1 4 0 0 0 1 0 0 0 0 0 1 0 0 0 1 0 0 0 0 0 1 0 0 0 0 0 0 0 4 
11 16 9 3 4 3 1 0 0 3 0 2 11 15 3 2 2 13 6 4 0 4 1 10 2 1 0 8 3 0 1 0 1 0 0 0 0 0 5 1 4 0 0 1 0 1 8 0 0 15 0 0 1 0 1 5 0 0 0 0 0 0 0 0 0 2 0 0 1 0 0 0 0 0 0 0 0 0 1 0 0 0 0 0 0 2 0 0 0 0 0 0 1 0 0 0 0 0 1 0 1 2 
12 16 6 1 3 4 3 14 3 0 1 2 2 11 3 6 2 5 2 1 2 1 8 20 12 1 0 7 2 3 0 0 1 0 1 0 0 0 0 0 0 0 11 1 3 0 0 0 1 23 1 0 5 0 0 0 0 0 0 0 0 0 0 0 0 0 0 2 0 0 0 0 0 2 0 0 0 1 2 0 0 0 0 0 0 0 0 6 1 0 0 0 0 0 0 0 0 0 0 0 0 0 
5 12 2 0 1 8 4 2 1 4 0 2 1 1 2 3 3 4 11 0 0 6 0 9 3 0 0 3 1 1 0 0 1 0 0 0 0 0 2 0 0 0 4 0 0 2 0 1 0 7 2 0 1 1 0 0 0 2 0 0 0 0 0 0 0 0 0 0 0 0 0 0 2 2 0 0 0 0 0 0 0 0 0 0 0 0 0 0 0 0 0 0 0 0 0 0 0 0 0 0 0 3 
15 14 3 1 1 15 3 17 1 2 0 0 0 3 4 6 1 3 8 2 1 8 1 24 10 0 0 10 4 1 0 0 6 0 0 0 0 0 1 8 1 2 1 0 2 1 1 0 1 16 2 0 5 5 1 0 0 7 0 0 1 0 0 0 0 0 0 0 0 0 1 0 0 1 0 1 0 0 0 0 0 0 0 0 0 0 0 2 3 0 0 1 0 1 0 0 0 0 0 0 0 2 
12 5 7 0 7 2 9 4 6 3 2 8 2 1 1 17 1 3 2 10 6 4 0 12 6 2 0 18 1 7 0 2 10 0 0 0 5 3 0 2 1 0 2 1 0 0 5 0 5 34 7 1 1 0 1 0 0 1 0 0 0 0 0 0 0 0 0 0 5 0 0 0 2 1 1 1 0 0 1 0 0 0 0 0 0 0 0 0 1 0 0 0 0 1 0 0 0 0 0 0 0 4 
10 16 9 2 1 4 4 7 6 4 0 1 2 0 0 0 0 0 1 8 22 1 0 16 8 0 1 33 0 0 0 1 0 0 0 0 0 0 0 1 0 2 0 0 0 0 0 1 0 6 13 0 0 0 0 0 0 0 0 0 0 0 0 0 0 0 0 0 0 0 0 0 0 0 0 0 0 0 1 0 0 0 0 0 0 0 1 0 0 0 0 1 1 2 0 0 0 0 1 0 0 5 
13 19 18 0 11 4 1 20 3 8 3 3 9 0 0 0 1 3 7 4 5 2 3 14 20 2 0 38 1 1 0 0 1 0 0 0 0 0 0 1 1 0 1 0 0 0 0 0 1 11 1 0 0 2 1 0 13 0 0 1 0 0 0 0 0 0 0 0 0 0 0 0 0 0 1 0 0 0 2 0 0 0 0 0 0 0 0 1 0 0 0 0 0 0 0 0 0 0 0 0 0 5 
19 3 5 3 4 10 3 52 7 7 2 4 1 5 0 1 0 1 3 2 0 2 10 14 14 5 1 14 0 8 0 1 8 0 0 0 2 0 1 1 1 1 1 1 6 1 2 2 0 13 3 0 2 1 0 0 0 1 0 1 0 0 0 0 0 0 0 0 0 0 0 0 0 0 1 0 0 0 1 1 0 0 0 0 0 1 0 1 0 0 0 0 0 0 0 1 0 0 0 0 0 2 
24 8 3 1 4 5 2 17 7 6 6 1 1 6 4 5 1 3 3 0 5 1 8 36 9 4 0 18 2 8 2 3 20 1 2 1 1 0 0 2 10 0 8 8 7 3 5 2 7 33 9 4 4 2 0 0 0 1 0 0 0 0 0 0 0 0 0 0 0 0 0 0 1 0 0 1 0 0 0 0 0 0 0 0 0 0 0 5 0 0 0 0 0 1 0 0 0 1 0 0 0 5 
19 9 11 1 1 0 5 1 6 8 7 19 12 2 0 11 3 1 0 1 5 3 4 22 4 1 0 17 0 5 4 1 9 0 1 0 1 0 0 6 4 0 1 2 5 3 6 0 5 46 3 0 2 1 0 0 0 0 0 0 0 0 0 0 0 0 0 0 0 0 1 0 0 0 0 1 0 0 4 0 0 0 0 0 0 0 0 6 0 0 0 0 1 0 0 0 0 0 0 0 0 4 
8 15 8 2 1 12 2 14 2 11 9 15 1 1 3 3 2 0 0 4 0 0 0 18 4 3 0 16 0 2 0 0 7 0 0 0 1 0 4 0 0 1 4 0 0 2 0 0 1 10 13 1 1 0 2 0 2 2 0 1 0 0 0 0 0 0 0 0 0 0 0 0 0 0 1 0 0 0 0 0 0 0 0 0 0 0 0 1 0 0 0 0 0 0 0 0 0 0 0 0 0 2 
15 19 6 0 2 2 0 4 4 6 4 10 4 10 12 7 4 1 1 1 3 1 7 19 11 2 3 19 1 1 1 1 4 2 0 0 0 1 2 10 3 1 1 0 0 1 1 0 2 8 20 1 4 2 0 0 0 0 0 1 0 0 0 1 0 0 0 0 0 0 0 0 0 0 1 0 0 0 5 0 0 1 0 0 0 0 0 4 0 0 0 0 0 0 0 0 0 0 0 0 0 0 
6 2 2 0 0 1 0 3 2 6 0 4 3 13 4 8 2 11 4 3 0 0 0 11 4 2 0 25 1 1 0 0 1 0 0 0 1 0 1 20 5 0 1 1 1 0 1 0 0 15 0 0 0 0 0 0 0 0 0 0 0 0 0 0 0 0 0 0 0 0 0 0 0 0 0 0 0 0 0 0 0 0 0 0 0 0 0 2 0 0 0 0 0 0 0 0 0 0 0 0 0 0 
9 17 7 0 3 3 2 1 0 3 4 7 8 21 1 18 6 2 6 0 0 0 0 6 3 3 3 27 0 1 0 1 1 0 0 1 3 0 1 0 4 0 3 1 1 2 7 1 1 8 4 1 0 0 1 0 0 0 0 0 0 0 0 0 0 0 0 0 0 0 0 0 0 0 0 1 0 0 0 0 0 0 0 0 0 0 0 2 0 0 0 0 0 0 0 0 0 0 0 0 0 2 
12 2 4 2 2 7 1 3 1 8 3 3 8 11 13 22 15 13 9 5 7 2 0 6 5 6 0 46 2 3 0 0 8 2 0 1 0 2 5 0 3 0 2 3 5 12 0 4 1 45 3 32 2 2 6 2 0 2 0 0 0 0 0 0 0 0 0 0 0 0 0 0 0 0 0 1 0 2 8 0 0 0 0 1 0 0 0 3 0 0 0 0 0 0 0 0 0 0 0 0 0 1 
5 12 8 0 6 8 7 16 8 39 9 6 19 26 38 24 54 17 50 3 7 7 1 0 2 3 2 53 0 0 1 0 7 0 4 0 9 1 8 7 23 0 6 1 17 5 10 1 8 55 6 2 4 1 0 0 0 0 0 3 0 0 0 0 0 0 0 0 0 0 0 0 0 0 2 1 0 0 7 0 0 1 0 0 0 5 1 6 4 0 0 0 0 1 0 0 0 0 1 0 0 0 
5 9 5 2 5 6 8 11 7 11 4 16 21 27 27 23 11 8 7 9 5 1 1 1 0 0 1 17 0 4 3 1 11 0 2 2 10 0 6 6 6 4 18 0 9 6 2 1 2 32 6 5 5 0 0 0 1 0 0 0 0 2 0 2 0 0 0 0 0 0 0 0 0 0 2 2 1 3 10 0 0 0 0 1 0 3 0 8 0 0 0 0 0 0 0 0 0 0 0 0 0 1 
4 1 0 0 0 1 0 0 0 0 0 0 2 1 1 1 10 5 3 2 3 6 0 22 3 0 0 11 0 0 0 0 1 0 0 0 0 0 3 1 0 0 0 0 1 2 0 7 1 0 0 0 0 0 0 1 0 0 0 0 0 0 0 0 0 0 0 0 0 0 0 0 0 0 0 0 0 0 0 1 0 0 0 0 0 0 0 1 0 0 0 0 0 0 0 0 0 0 0 0 6 0 
0 0 0 0 1 2 1 1 2 2 13 5 2 3 15 7 13 3 3 10 7 8 6 20 5 0 0 16 0 0 0 0 18 0 0 0 3 6 0 5 3 0 1 2 3 2 1 0 0 8 7 0 4 0 1 1 0 10 0 0 0 8 0 0 0 0 0 0 0 0 0 0 0 0 0 2 0 0 0 0 1 0 0 0 0 0 0 2 0 0 0 0 0 0 0 0 0 0 0 0 0 0 
26 29 15 15 8 25 7 10 14 28 16 18 45 102 114 31 41 46 53 33 12 47 48 80 50 9 2 0 1 1 0 1 17 6 3 4 29 3 9 24 38 0 18 3 23 5 19 7 3 88 21 5 8 8 5 6 1 2 0 1 0 0 0 0 0 0 0 0 0 0 0 0 0 0 3 8 3 3 15 0 2 0 0 0 0 3 2 45 5 0 0 0 0 0 1 1 0 0 3 0 0 12 
1 0 0 0 0 0 0 0 1 2 0 1 0 0 0 2 1 0 0 1 0 0 1 5 0 0 0 0 0 0 0 0 0 0 0 0 0 0 0 0 0 0 0 0 1 0 0 0 0 1 0 0 0 0 0 0 0 0 0 0 0 0 0 0 0 2 0 0 0 0 0 0 0 1 0 0 0 0 0 0 0 0 0 0 0 0 0 0 0 0 0 0 0 0 0 0 0 0 0 0 0 1 
0 5 0 1 0 1 1 6 5 0 1 0 3 1 0 2 6 7 4 5 2 1 1 11 4 0 0 0 0 3 0 4 144 5 38 56 95 40 16 15 21 3 20 13 30 18 16 2 20 127 10 0 6 2 2 1 2 7 0 3 0 1 0 0 1 4 0 0 0 3 0 0 1 0 0 4 0 2 5 0 0 0 0 0 0 1 2 30 11 0 0 8 2 4 2 1 0 0 5 0 1 27 
1 0 4 0 1 1 0 0 0 0 5 0 0 0 0 0 0 0 4 0 2 0 0 1 1 0 0 0 0 2 1 4 31 3 4 12 22 10 6 1 2 2 11 3 11 8 2 3 2 46 1 0 1 0 0 0 0 1 0 0 0 1 0 0 1 7 1 0 0 0 0 0 0 0 0 0 0 0 3 3 0 0 0 0 0 0 0 11 0 0 0 0 0 0 2 0 0 0 1 0 0 1 
2 0 0 0 0 0 0 0 0 0 0 0 1 0 1 1 3 3 7 2 0 0 0 2 2 1 0 2 0 13 3 3 28 2 21 13 47 19 7 3 6 1 14 7 25 6 25 1 5 92 2 1 2 0 0 0 1 9 0 1 0 0 0 2 1 0 1 0 0 0 0 0 1 2 1 1 0 0 5 2 0 0 1 0 0 3 0 13 2 0 0 3 1 3 0 0 1 0 0 1 0 26 
7 4 1 0 1 1 2 0 2 1 0 1 1 1 1 5 2 2 4 2 0 1 2 13 8 0 0 6 0 42 12 10 0 4 4 11 33 12 17 16 29 1 23 6 11 17 13 10 11 101 8 4 18 3 1 0 3 3 0 5 0 1 3 1 1 4 1 4 0 4 5 1 0 0 2 2 0 0 12 0 1 3 1 1 0 0 0 22 6 0 0 4 2 2 4 0 2 5 0 0 0 14 
1 0 1 0 0 0 0 1 0 0 0 0 1 0 0 0 2 0 0 0 0 0 0 3 1 1 0 4 0 9 2 1 4 0 2 2 4 1 0 5 7 2 7 1 8 4 7 1 7 43 4 1 12 1 0 0 0 0 0 0 0 0 0 0 0 1 0 0 0 0 0 0 0 3 2 2 0 0 2 0 0 1 0 0 0 0 0 6 3 0 0 5 2 1 0 1 0 0 0 0 1 5 
1 0 0 0 0 1 0 0 0 0 0 0 0 0 0 0 0 0 6 0 0 0 0 3 0 1 0 1 1 4 7 2 15 0 1 2 12 3 0 14 3 2 5 1 7 1 6 1 2 30 1 0 0 1 0 0 0 0 0 0 0 0 0 0 0 0 0 0 0 1 1 3 0 0 0 1 0 0 0 0 0 0 0 0 0 1 0 6 2 0 0 1 3 0 0 0 0 1 0 0 0 6 
4 4 1 0 0 1 0 1 0 0 0 0 0 0 0 2 1 0 0 1 0 1 0 3 1 0 0 0 0 25 3 8 26 3 1 3 18 5 2 1 7 0 2 1 6 1 6 2 4 38 0 3 0 0 0 1 0 1 0 0 0 0 0 0 0 0 0 3 1 0 3 0 0 0 1 0 0 0 0 0 0 0 0 0 0 0 0 11 0 0 0 4 0 1 0 0 0 0 0 0 2 8 
0 1 0 0 0 0 0 0 0 0 0 0 0 0 0 0 1 0 0 0 0 0 0 2 0 0 0 1 0 27 1 5 14 3 2 3 5 0 2 18 17 1 15 13 7 4 14 1 7 99 0 0 1 2 0 0 0 3 0 0 0 0 0 0 1 0 0 0 0 0 0 0 0 0 0 0 0 0 1 0 0 0 0 0 0 0 0 10 2 0 0 2 6 1 0 0 0 3 0 0 0 14 
1 1 0 0 0 0 1 1 0 3 0 0 0 0 1 0 1 0 0 0 1 0 0 0 2 0 0 1 0 28 2 12 37 8 6 0 4 0 4 29 19 8 8 19 13 7 14 4 13 154 4 0 0 0 0 0 0 0 0 0 0 3 0 1 0 1 0 0 0 0 3 0 0 4 0 0 0 0 1 0 1 0 0 0 0 1 2 34 2 0 0 4 2 2 1 1 0 0 0 0 1 13 
2 1 6 1 0 2 1 1 0 3 0 1 0 0 0 0 1 2 1 0 3 1 0 9 5 0 0 10 0 30 24 14 64 11 1 28 8 4 1 13 16 3 23 11 19 6 22 4 6 145 0 1 5 0 0 0 0 0 0 0 0 0 5 0 1 1 2 0 0 1 0 0 0 4 2 0 0 0 0 1 0 1 0 0 0 8 0 35 1 0 0 22 2 2 2 3 0 0 0 0 1 18 
19 6 14 0 5 5 1 14 1 5 2 0 7 8 2 9 4 10 2 4 1 0 0 18 17 0 1 18 0 49 6 15 111 1 13 17 42 29 33 6 4 0 4 10 31 9 15 4 6 132 1 0 9 1 1 0 1 0 0 0 1 0 0 0 0 2 0 3 0 0 0 1 1 2 2 4 0 0 1 1 0 0 0 6 1 0 0 8 7 0 0 3 5 1 0 5 0 0 0 0 0 19 
7 3 6 0 0 4 0 1 0 1 1 1 1 4 0 1 4 3 1 2 7 0 0 7 5 0 0 14 0 33 5 5 42 4 9 3 5 19 9 1 1 0 5 9 2 3 7 1 4 55 0 0 2 1 0 0 0 0 0 0 0 7 0 1 1 1 0 1 2 1 1 0 3 0 0 3 0 0 4 0 2 6 0 0 1 0 0 2 3 0 0 0 4 0 10 0 0 0 0 1 5 8 
0 1 0 0 0 33 0 1 0 0 0 3 0 0 0 3 1 0 0 0 1 1 0 3 1 0 0 6 0 0 1 6 11 0 2 3 14 8 4 4 4 0 1 3 11 2 3 1 4 25 3 1 1 0 0 0 0 0 0 0 2 0 0 0 0 1 0 0 0 0 0 0 2 0 0 0 0 1 1 1 0 3 0 0 6 2 0 4 3 0 0 0 0 4 0 3 0 3 6 0 0 5 
1 1 0 0 1 3 1 3 0 0 3 0 2 0 0 0 0 0 0 0 0 0 0 5 0 0 0 1 0 16 11 2 37 3 3 5 18 12 7 1 1 0 2 0 1 1 1 2 0 11 2 0 1 1 1 0 0 0 0 0 0 0 1 0 0 0 0 0 0 0 0 0 1 0 1 1 0 3 1 1 4 0 0 2 3 3 1 25 0 0 0 0 0 2 0 0 0 1 0 0 0 44 
1 0 0 0 0 0 0 0 0 0 0 0 0 0 0 0 0 2 0 1 0 0 0 1 1 0 0 4 0 5 1 3 28 2 2 3 10 3 5 0 1 3 4 5 2 8 1 1 3 19 3 0 0 0 1 0 0 0 0 0 0 0 0 0 1 1 0 0 0 0 0 0 0 1 5 2 0 3 0 2 2 5 1 2 3 7 2 22 0 0 0 0 1 2 1 3 0 0 0 0 2 39 
2 8 0 1 1 1 2 1 0 0 0 0 1 3 0 1 6 3 0 1 5 1 2 19 8 0 0 12 4 20 1 15 37 3 1 4 14 18 4 3 3 0 7 2 8 2 1 2 1 24 0 0 2 1 0 0 1 1 0 0 0 2 0 0 4 2 0 1 3 0 1 0 1 4 7 3 0 1 1 0 4 1 0 0 2 4 0 9 0 0 0 3 0 1 1 4 0 1 6 0 0 12 
1 6 0 0 1 10 0 2 0 1 1 0 0 2 0 2 1 0 2 1 0 0 0 11 3 0 0 4 0 8 18 4 69 4 2 4 10 9 4 8 5 2 5 6 4 0 4 4 3 17 5 0 1 0 0 0 0 0 0 0 0 1 0 0 0 1 0 0 0 1 0 0 0 2 2 0 0 12 3 4 0 0 0 8 0 1 0 25 3 0 0 0 0 0 0 1 0 1 1 0 0 16 
3 7 5 0 0 2 5 0 0 1 0 1 1 0 0 0 2 0 2 2 1 0 0 5 9 0 0 14 1 19 3 10 46 3 4 3 25 8 3 6 1 1 7 3 7 7 1 1 5 19 2 2 1 3 2 0 0 0 0 0 1 0 0 0 0 1 0 0 0 0 0 0 0 0 0 2 1 0 0 2 1 1 1 1 0 4 0 31 3 0 0 0 2 6 3 0 0 1 3 0 0 24 
4 11 3 0 2 3 0 2 0 0 2 2 1 0 0 1 2 1 5 5 0 7 1 8 6 6 0 13 1 16 0 4 44 2 3 5 30 7 7 8 10 6 9 8 15 7 6 3 4 16 4 0 7 2 0 0 1 1 0 0 1 0 1 0 0 2 0 1 0 0 0 0 1 2 1 3 0 2 2 0 0 1 0 0 2 4 5 41 2 0 0 4 8 1 17 1 0 0 4 0 0 19 
10 4 3 0 0 6 1 1 2 4 4 2 2 0 1 0 2 1 3 1 0 1 0 12 1 1 0 12 0 16 3 20 62 0 2 9 20 7 16 7 16 3 23 22 19 18 14 1 3 19 5 4 0 1 0 0 1 1 0 2 2 0 0 5 0 1 1 2 0 0 1 0 1 4 5 1 0 2 7 0 3 1 2 1 0 0 0 40 5 0 0 6 0 4 1 2 1 4 5 1 0 20 
22 14 11 1 6 8 2 4 1 5 0 6 8 2 7 3 4 23 3 3 2 6 7 46 12 0 1 40 0 69 7 18 280 4 19 35 85 39 30 22 21 5 19 14 22 34 19 18 8 5 13 1 5 2 1 1 0 1 0 3 0 1 0 4 2 6 5 2 1 2 2 3 11 17 12 12 2 5 23 6 2 4 2 7 1 11 1 129 3 0 0 5 1 9 4 8 1 4 11 0 1 54 
0 5 3 0 0 0 0 0 2 6 0 1 5 15 2 5 3 3 0 1 2 2 1 25 4 2 0 5 0 1 1 2 38 3 2 2 4 0 3 2 0 0 2 3 4 7 2 2 1 21 0 2 7 4 4 4 19 4 0 28 3 2 1 4 5 2 4 3 2 6 2 10 10 12 3 4 2 0 9 3 0 2 5 7 2 4 1 25 3 0 0 2 0 2 0 2 1 3 3 1 0 11 
0 1 0 0 0 0 1 0 0 0 0 1 1 0 2 1 1 1 1 0 0 0 0 3 3 1 0 3 5 0 1 1 21 4 0 0 2 0 0 2 0 0 1 0 1 8 1 1 2 2 1 0 0 0 1 0 1 1 0 1 4 0 2 1 3 3 0 2 1 0 0 1 2 0 1 0 0 1 7 0 0 0 0 1 9 1 0 9 1 0 0 6 0 0 0 2 0 0 1 0 0 12 
1 1 0 0 0 0 1 0 0 1 0 1 2 1 1 2 0 1 0 1 0 0 0 10 3 0 0 3 0 0 1 2 26 1 2 0 2 3 0 1 3 0 1 2 1 6 0 0 2 8 1 0 3 0 1 0 11 0 0 1 0 0 0 2 0 3 0 0 0 2 0 1 4 7 1 0 0 6 1 0 0 0 0 2 7 4 0 22 3 0 0 2 0 0 0 0 1 7 0 0 0 6 
5 3 0 0 0 1 1 0 0 6 0 0 1 11 2 1 3 0 3 1 0 1 0 5 0 1 0 2 0 1 2 2 19 3 0 0 2 0 1 1 0 2 4 0 1 5 2 0 1 5 8 4 1 1 1 0 1 0 0 9 0 0 0 2 0 5 1 4 2 4 2 0 2 3 1 0 1 1 2 1 0 1 0 4 8 2 3 3 0 0 0 3 4 2 0 2 0 0 2 0 0 13 
1 0 3 0 0 0 3 2 1 0 1 0 0 0 0 1 1 0 0 8 0 0 0 3 0 0 0 8 0 0 0 0 16 3 0 0 1 0 0 0 1 0 0 1 0 3 1 0 0 7 17 17 15 1 2 0 1 0 0 12 0 1 0 2 3 13 2 1 1 3 3 0 5 8 3 1 1 1 8 18 1 0 1 1 0 0 0 8 0 0 0 0 0 0 1 0 0 0 1 1 0 6 
0 0 0 0 1 1 0 0 0 0 0 0 0 0 0 0 0 0 0 0 0 0 0 7 0 0 0 2 0 2 0 0 4 0 1 2 0 0 0 0 1 0 0 0 1 1 0 0 0 4 9 26 0 2 0 1 0 0 0 4 0 0 0 1 0 2 1 0 0 1 1 2 2 2 0 0 0 0 4 0 0 1 2 3 2 1 0 3 2 0 0 0 0 0 0 0 0 0 0 0 0 2 
1 0 1 0 0 0 0 0 0 1 0 1 0 1 0 7 1 0 0 0 1 0 1 4 1 0 0 3 0 1 0 1 13 1 0 0 0 0 0 0 1 0 5 0 0 0 0 1 0 4 4 5 3 0 7 0 0 1 0 4 0 1 0 0 3 3 6 3 0 9 7 6 8 8 0 0 0 0 1 0 0 1 0 2 12 4 0 9 0 0 0 1 0 0 0 2 0 2 1 0 0 6 
3 7 2 0 0 1 3 0 0 0 0 5 5 3 2 1 0 10 0 0 0 1 0 5 2 8 0 6 0 3 0 0 10 4 1 0 2 0 0 0 1 0 2 1 0 4 1 0 2 25 5 18 9 1 5 0 0 0 0 8 1 0 0 6 3 8 0 10 0 5 1 1 1 8 5 3 3 1 5 1 1 1 1 8 10 0 0 14 0 0 0 5 0 0 2 0 0 1 0 0 0 2 
0 0 0 0 0 0 0 0 0 0 0 0 0 0 0 0 0 0 0 0 0 0 0 0 0 0 0 0 0 0 0 0 0 0 0 0 0 0 0 0 0 0 0 0 0 0 0 0 0 0 0 0 0 0 0 0 0 0 0 0 0 0 0 0 0 0 0 0 0 0 0 0 0 0 0 0 0 0 0 0 0 0 0 0 0 0 0 0 0 0 0 0 0 0 0 0 0 0 0 0 0 0 
2 2 2 0 1 0 1 0 0 0 1 4 0 0 4 0 0 3 0 0 1 1 1 4 4 0 0 3 0 1 0 0 3 2 0 0 0 0 0 0 1 0 1 0 0 1 0 0 0 4 9 0 3 2 1 6 0 0 0 0 0 7 0 1 0 18 4 2 2 1 0 0 3 3 3 0 0 0 7 1 0 1 0 0 0 0 0 9 0 0 0 2 3 1 0 1 0 1 0 0 0 8 
1 0 0 0 0 0 0 0 0 0 0 0 0 0 0 0 0 0 0 0 0 0 0 4 0 0 0 1 0 0 0 0 3 1 0 0 0 0 0 0 0 0 2 0 0 0 0 1 0 2 1 0 4 1 1 0 0 0 0 1 0 0 0 2 1 3 0 4 2 3 2 0 3 2 1 0 0 0 0 1 0 0 0 2 0 0 0 1 3 0 0 0 0 0 0 0 0 0 2 0 7 2 
0 0 0 0 0 0 0 0 0 0 0 1 0 0 0 0 0 0 0 0 0 0 0 0 0 0 0 2 0 0 0 0 1 0 0 0 0 0 0 3 0 0 1 0 0 0 0 0 0 3 3 0 0 0 2 0 0 0 0 0 0 0 0 0 0 0 0 0 1 0 1 0 0 0 2 0 0 0 2 0 0 0 0 0 0 0 0 2 1 0 0 0 0 0 0 0 0 0 0 0 0 1 
0 0 0 0 0 0 0 0 0 0 0 0 0 0 0 0 0 1 0 0 0 0 0 0 0 0 0 0 0 1 0 0 2 0 0 0 0 1 0 0 0 0 0 0 0 0 0 0 0 1 0 1 3 0 0 0 0 5 0 1 0 0 0 0 0 1 0 0 0 0 0 1 0 4 0 2 0 0 3 0 2 0 0 0 0 0 0 1 0 0 0 1 2 0 0 0 0 0 0 0 0 0 
1 0 0 0 0 1 1 0 1 0 0 0 0 0 0 0 0 0 0 0 0 0 0 0 1 0 0 1 0 1 1 0 1 0 0 0 3 0 0 3 0 0 1 0 1 0 2 0 0 7 1 4 6 5 1 0 2 0 0 0 0 0 0 0 1 1 0 0 0 0 1 3 4 4 3 0 0 2 4 1 1 0 0 0 0 0 0 4 2 0 0 0 0 0 0 0 0 0 0 0 0 1 
1 2 0 0 0 0 0 1 0 1 1 0 0 0 0 0 0 0 0 0 0 0 0 0 0 0 0 0 0 0 0 0 7 1 0 2 2 0 2 2 0 0 6 1 4 0 3 6 3 9 13 4 4 3 6 1 1 3 0 2 5 0 1 0 0 1 1 15 1 0 0 1 2 6 1 0 0 0 4 3 0 0 0 0 0 0 0 4 0 0 0 1 1 0 0 0 0 0 0 0 0 3 
2 0 0 0 0 0 0 3 0 1 0 0 0 0 0 0 0 0 0 0 0 0 0 0 0 0 0 0 0 1 1 5 6 6 2 1 0 0 1 0 1 0 0 0 3 4 0 2 0 16 17 5 15 6 2 2 9 11 0 15 2 5 0 0 2 3 0 1 0 2 2 14 2 13 1 1 1 1 9 4 2 0 1 1 0 0 0 4 1 0 0 1 0 0 0 0 0 1 0 0 0 3 
1 1 0 0 0 0 0 0 0 0 0 0 0 1 0 0 0 0 0 0 0 0 0 0 0 0 0 0 0 5 1 0 2 0 0 0 1 0 0 0 1 0 1 0 2 0 0 0 0 2 0 1 1 1 0 1 2 0 0 0 1 7 0 0 1 0 0 0 0 2 1 2 3 7 0 0 0 0 0 0 1 0 0 0 0 2 0 7 1 0 0 0 0 0 0 0 0 0 0 0 0 0 
0 1 0 0 0 0 0 6 0 0 1 0 2 0 0 0 0 0 0 0 0 0 0 1 0 0 0 0 0 7 0 0 5 1 0 0 6 0 0 0 0 0 1 1 0 0 2 0 0 8 8 3 10 6 4 3 2 2 0 3 3 0 0 2 1 0 0 1 0 3 1 0 2 6 1 0 0 2 10 0 0 0 0 0 0 4 0 3 0 0 0 0 0 0 0 0 0 0 0 0 0 1 
1 2 0 0 1 0 0 0 0 1 0 0 0 0 0 0 0 0 0 0 0 0 0 0 0 0 0 0 0 1 0 0 5 1 0 0 8 0 0 0 0 0 1 0 0 0 0 1 0 6 1 2 2 0 0 0 0 1 0 0 2 0 1 0 0 1 3 1 0 0 1 0 0 5 0 1 0 1 2 0 3 0 0 0 0 1 0 0 0 0 0 0 0 0 0 0 0 0 0 0 0 0 
1 11 0 2 0 1 1 0 0 0 0 1 0 0 0 0 0 0 0 0 0 0 0 0 0 0 0 0 0 9 0 0 3 4 0 0 1 0 1 0 0 0 0 0 2 0 0 0 1 9 8 10 9 4 5 3 2 0 0 3 17 1 0 1 5 11 1 0 0 1 0 1 5 3 1 2 0 2 9 5 1 3 0 0 4 1 0 1 0 0 0 0 0 0 0 0 0 0 0 0 0 0 
5 0 1 0 0 1 0 0 0 6 1 0 3 1 0 0 0 0 0 0 0 0 0 1 0 0 0 0 0 1 1 0 15 3 4 1 8 3 2 0 0 0 1 2 3 3 1 6 1 40 9 1 4 2 0 2 1 8 0 22 3 8 1 8 9 33 1 19 10 4 0 0 4 4 1 4 6 2 2 3 0 2 2 0 3 1 0 1 0 0 0 1 0 0 0 0 0 0 0 0 0 0 
0 0 1 0 1 2 0 1 0 6 0 0 1 1 0 0 0 0 0 0 0 0 0 1 0 0 0 0 0 4 0 0 4 4 3 0 7 0 2 0 1 0 2 1 0 12 7 1 2 8 14 1 1 2 6 0 0 1 0 11 1 0 0 1 5 11 2 9 6 6 0 0 4 2 0 0 0 0 1 0 0 1 1 2 0 1 0 6 0 0 0 0 0 0 0 0 0 0 0 0 0 5 
3 2 1 0 0 0 0 0 0 1 0 0 0 1 0 0 0 0 0 0 0 0 0 0 0 0 0 0 0 0 0 0 1 0 0 3 2 0 1 0 0 1 0 1 2 1 1 0 0 6 9 0 2 2 0 5 1 5 0 0 0 1 0 3 1 3 4 2 1 1 6 0 3 2 6 1 0 0 5 0 2 1 0 2 0 2 0 4 1 0 0 1 0 0 0 0 0 0 0 0 0 1 
1 1 1 0 0 1 0 1 0 0 0 0 0 0 1 2 0 0 0 0 0 0 0 0 0 0 0 0 0 0 0 0 7 0 2 0 1 0 0 1 2 0 0 2 0 0 0 5 1 4 15 1 10 5 0 3 1 2 0 12 0 0 0 11 5 23 1 3 3 12 1 4 1 0 2 0 0 0 5 0 1 0 0 0 0 0 0 10 0 0 0 0 0 0 0 0 0 1 0 0 0 1 
9 2 0 0 0 0 8 1 0 4 2 1 4 2 3 3 0 2 1 15 0 0 0 6 5 0 0 2 0 1 0 3 10 10 1 0 2 0 4 6 3 0 11 3 12 9 18 2 8 42 5 0 18 3 2 0 2 10 0 8 0 1 3 10 3 3 7 0 0 8 4 2 5 10 2 1 6 8 56 12 15 5 13 97 22 15 6 52 5 0 0 6 10 9 11 4 1 6 4 1 1 19 
2 0 2 0 1 0 0 1 7 0 2 2 3 0 1 2 0 0 0 0 0 0 0 4 3 0 0 9 0 2 1 3 6 2 1 0 3 0 0 2 1 1 2 5 4 6 3 0 1 28 10 1 6 1 3 0 0 2 0 9 0 0 2 7 4 5 0 0 6 1 3 0 1 2 2 1 2 14 31 35 26 12 18 69 8 4 6 30 8 0 0 5 8 0 2 1 0 3 7 0 1 10 
0 0 0 0 0 0 0 0 0 0 0 0 1 0 0 2 0 0 1 0 0 0 0 0 0 0 0 1 0 6 0 0 1 0 0 0 0 0 0 0 0 0 0 3 2 3 1 0 0 4 1 1 2 0 0 1 0 0 0 1 0 0 0 1 0 0 0 2 0 0 0 0 0 4 1 0 0 15 16 17 1 4 6 16 8 4 0 31 4 0 0 2 0 4 2 1 0 1 2 0 0 6 
3 2 1 0 0 0 0 0 1 1 0 0 1 0 0 0 3 0 0 0 0 0 0 7 3 0 0 3 0 7 2 2 6 1 1 0 0 0 0 0 3 0 9 3 4 8 6 0 7 45 6 1 9 2 2 3 1 14 0 2 8 1 0 4 2 0 3 4 0 3 3 1 0 4 6 2 1 2 10 4 4 2 3 31 32 10 18 55 15 0 0 1 5 1 5 4 0 2 8 0 4 21 
2 17 0 0 0 1 1 1 5 1 0 0 1 2 2 3 3 1 2 0 1 0 1 24 7 0 1 1 0 4 1 6 18 0 1 0 0 2 0 0 3 0 8 3 7 3 1 0 4 35 10 23 16 4 5 1 1 0 0 3 1 1 0 3 18 9 5 6 1 16 9 2 11 28 7 2 2 0 1 4 0 22 25 36 43 0 5 63 6 0 0 11 4 5 4 14 2 7 1 1 1 17 
0 1 1 0 0 0 0 0 0 0 0 0 1 7 0 0 0 1 0 0 0 0 0 5 2 0 0 0 0 6 0 1 3 0 0 0 0 0 0 2 2 0 5 4 2 7 9 0 0 28 1 0 1 1 1 0 0 0 0 0 0 0 10 1 0 4 0 0 1 2 5 2 0 3 6 0 2 0 2 0 1 1 7 26 7 9 15 26 3 0 0 5 2 10 7 2 4 2 1 0 5 16 
0 0 0 0 0 0 0 0 0 0 0 0 0 0 0 1 0 0 0 0 0 0 0 0 0 0 0 0 0 4 0 0 1 1 0 0 0 0 0 2 0 0 14 7 10 2 2 1 2 32 6 8 1 1 0 1 0 7 0 1 0 8 0 0 0 0 2 0 0 0 2 2 0 9 8 1 0 8 7 4 0 0 0 41 22 14 7 26 1 0 0 6 10 5 0 3 0 9 5 0 2 15 
0 1 0 0 0 0 0 0 0 0 0 0 0 0 0 0 0 0 0 0 0 0 0 1 0 0 0 0 0 0 0 1 1 0 0 0 0 0 0 0 2 0 0 3 3 1 4 0 0 18 0 0 1 0 1 0 0 0 0 0 0 1 0 0 0 0 0 0 0 0 0 0 1 3 4 0 1 1 8 0 0 3 0 7 1 0 0 27 3 0 0 2 0 1 0 3 0 2 3 0 2 14 
0 5 0 0 0 0 0 0 0 0 0 0 0 0 0 1 0 0 0 0 0 0 0 0 1 0 0 0 0 2 0 0 6 1 0 0 0 0 2 5 1 0 9 9 4 2 3 0 2 21 6 3 2 3 0 0 2 6 0 9 1 0 0 1 4 2 0 0 1 0 3 1 4 15 11 5 1 0 17 5 4 0 1 40 11 15 3 48 5 0 0 17 4 7 1 0 0 1 2 1 0 24 
0 0 0 0 1 0 0 0 0 1 0 0 0 0 0 0 0 0 0 0 0 0 0 0 0 0 0 0 0 0 0 0 2 0 0 0 0 0 0 0 2 1 13 0 4 4 2 0 7 19 6 2 7 5 8 0 0 0 0 0 1 0 0 0 1 0 0 0 0 3 0 0 0 7 7 10 2 1 17 11 0 1 1 0 2 8 2 50 9 0 0 6 8 4 0 6 0 2 2 4 16 32 
0 0 0 0 0 0 0 0 0 0 0 0 0 0 0 0 2 0 0 0 0 0 0 0 0 0 0 2 0 1 0 0 4 0 0 0 1 0 1 1 3 0 17 10 15 11 3 0 5 16 7 0 4 1 1 0 1 2 0 2 0 0 0 0 0 1 0 0 0 0 0 0 4 1 8 4 2 0 13 12 2 3 2 2 4 19 2 69 4 0 0 8 4 2 6 0 0 7 5 0 5 26 
1 0 6 0 2 0 0 0 0 0 0 0 0 0 0 0 0 0 0 0 0 0 1 6 1 0 0 3 0 1 1 1 10 2 0 0 0 0 6 0 1 0 7 3 1 6 5 0 8 20 3 0 5 4 0 1 8 0 0 2 0 0 0 0 2 0 3 0 1 0 0 2 0 5 5 2 0 6 2 5 2 6 4 11 4 2 0 25 2 0 0 12 2 2 1 0 1 3 1 0 7 20 
8 2 0 0 2 1 0 0 0 0 0 0 0 0 0 1 0 1 3 0 0 0 0 3 4 0 0 3 0 6 2 6 13 0 0 0 0 3 9 0 2 0 9 6 4 12 2 0 1 23 6 1 3 3 0 1 0 0 0 1 7 1 0 0 0 0 0 0 0 0 1 3 1 2 6 8 1 5 16 10 8 7 3 6 11 0 0 5 1 0 0 14 3 4 3 3 0 3 6 0 0 19 
13 9 7 0 2 6 5 1 3 5 1 1 0 0 1 3 5 1 3 1 5 1 2 11 11 1 0 24 0 42 6 28 60 3 2 9 15 14 15 1 3 2 35 7 4 28 17 13 19 160 9 18 31 4 2 1 1 4 0 2 0 2 1 1 4 1 2 3 0 0 3 0 1 15 24 24 3 5 24 5 8 8 4 12 17 5 4 3 5 0 0 21 12 9 8 19 3 24 19 3 8 146 
0 0 0 0 1 0 1 0 0 0 1 0 0 1 0 0 0 0 6 0 0 1 0 2 2 0 0 0 0 7 0 1 11 0 2 2 7 5 2 1 2 0 5 9 0 1 2 1 0 9 6 0 4 0 0 1 1 1 0 0 1 0 0 0 1 2 1 0 0 0 1 1 1 1 5 5 0 0 2 0 4 2 2 1 5 8 9 9 3 0 0 5 0 3 3 3 0 1 4 1 2 18 
0 0 0 0 0 0 0 0 0 0 0 0 0 0 0 0 0 0 0 0 0 0 0 0 0 0 0 0 0 0 0 0 0 0 0 0 0 0 0 0 0 0 0 0 0 0 0 0 0 0 0 0 0 0 0 0 0 0 0 0 0 0 0 0 0 0 0 0 0 0 0 0 0 0 0 0 0 0 0 0 0 0 0 0 0 0 0 0 0 0 0 0 0 0 0 0 0 0 0 0 0 0 
0 0 0 0 0 0 0 0 0 0 0 0 0 0 0 0 0 0 0 0 0 0 0 0 0 0 0 0 0 0 0 0 0 0 0 0 0 0 0 0 0 0 0 0 0 0 0 0 0 0 0 0 0 0 0 0 0 0 0 0 0 0 0 0 0 0 0 0 0 0 0 0 0 0 0 0 0 0 0 0 0 0 0 0 0 0 0 0 0 0 0 0 0 0 0 0 0 0 0 0 0 0 
4 1 0 0 0 2 0 0 4 1 0 0 0 0 0 1 2 2 0 0 0 0 0 0 0 0 0 0 0 1 0 2 13 2 1 0 2 0 3 0 5 0 1 0 2 0 2 0 0 9 0 1 1 0 0 0 0 0 0 1 0 0 0 0 0 0 0 0 0 0 0 0 0 0 1 1 0 0 1 1 1 1 14 3 5 3 1 19 0 0 0 6 7 1 0 2 0 0 1 0 3 13 
1 0 0 1 0 0 0 1 0 0 0 0 3 0 2 0 0 0 0 0 0 0 0 0 0 0 0 0 0 0 0 0 9 2 1 0 4 1 0 0 3 0 0 1 4 1 1 0 0 9 1 3 6 1 0 0 1 1 0 1 1 0 0 0 0 0 0 0 0 0 0 0 0 0 0 1 0 0 2 0 2 3 1 11 3 3 2 9 3 0 0 2 0 0 0 3 0 0 1 0 3 19 
3 2 0 0 0 0 0 0 0 0 0 0 2 1 1 0 0 0 0 0 0 0 0 1 0 0 0 0 2 12 2 0 10 2 1 0 2 9 1 2 1 0 5 1 1 18 0 3 1 20 5 1 9 3 0 0 1 0 0 1 0 0 0 0 0 1 0 0 0 0 0 0 0 0 5 5 0 7 7 3 5 0 1 19 5 9 8 23 10 0 0 6 1 2 0 6 0 0 9 0 3 36 
0 0 0 0 0 1 0 0 0 0 0 0 0 0 0 0 0 0 0 0 0 0 0 0 0 0 0 0 0 3 1 0 5 0 1 0 2 0 1 0 0 0 4 0 1 1 0 0 0 21 3 1 2 3 0 0 0 1 0 0 0 1 0 0 0 0 0 0 0 0 0 0 0 0 6 5 0 1 4 2 0 4 1 3 3 5 4 22 0 0 0 0 0 0 0 0 0 2 0 0 0 27 
0 5 1 0 0 0 0 0 2 1 0 1 0 0 0 1 0 0 0 0 0 0 0 0 1 0 0 2 0 3 0 4 13 0 0 4 8 3 0 1 7 0 26 4 18 1 9 0 3 17 1 0 4 1 2 0 0 6 0 1 0 0 0 0 1 0 0 0 0 1 0 0 0 0 3 5 0 2 0 4 0 2 0 9 8 1 9 42 2 0 0 6 3 1 0 0 0 4 0 0 0 28 
0 0 0 0 0 0 0 0 0 0 0 0 0 0 0 0 0 0 0 0 0 0 0 0 0 0 0 0 0 1 0 0 0 0 0 0 0 0 3 0 3 0 0 2 1 3 1 1 0 15 4 0 0 0 0 0 0 0 0 0 0 0 0 0 0 0 0 0 0 0 0 2 0 0 1 0 0 0 0 1 0 3 0 4 0 3 1 11 0 0 0 0 0 0 0 0 0 0 0 0 0 10 
0 1 1 0 1 2 0 0 0 0 0 0 0 0 0 0 0 0 0 0 0 0 0 1 1 0 0 0 1 1 0 1 3 1 1 4 21 1 0 0 0 0 8 4 5 6 10 0 2 20 2 0 6 9 0 1 1 0 0 1 0 0 0 1 0 0 0 0 0 0 0 2 0 1 4 2 0 1 7 3 24 8 0 7 1 9 2 41 2 0 0 2 0 0 2 2 0 2 6 2 0 33 
1 0 0 0 0 1 0 0 0 0 0 2 0 0 0 0 0 0 0 0 0 0 0 1 0 0 0 1 0 8 5 2 3 0 11 2 6 2 3 2 4 0 15 9 14 10 7 2 8 79 6 3 7 3 2 1 3 2 0 0 0 0 0 0 0 1 0 0 0 0 0 0 0 0 10 11 1 14 20 9 3 30 21 14 12 19 6 58 1 0 0 8 4 1 2 1 0 0 0 0 1 17 
0 0 1 0 0 5 0 0 1 0 0 0 2 0 0 0 0 0 0 0 0 0 0 0 0 0 0 0 0 7 0 3 0 2 0 4 3 1 2 0 0 0 3 22 0 1 11 1 2 12 0 1 3 7 0 0 0 0 0 0 0 0 0 0 0 0 0 0 0 0 0 0 0 0 0 0 0 0 13 2 1 2 2 8 3 5 0 20 0 0 0 20 4 0 0 5 0 0 1 0 0 4 
0 0 0 6 0 0 0 0 0 0 0 0 0 0 0 0 0 0 0 0 0 0 0 0 0 0 0 0 0 3 0 1 2 0 0 0 7 1 0 0 1 0 9 1 1 6 0 1 4 8 1 0 0 0 0 0 0 0 0 0 0 0 0 0 0 0 0 0 0 0 0 0 0 0 3 2 2 0 0 12 0 0 0 0 2 0 0 10 0 0 0 3 0 2 0 1 0 0 0 0 0 0 
2 3 2 1 1 3 0 1 2 0 0 1 0 1 0 1 0 0 0 1 0 0 0 0 0 0 0 0 0 21 1 8 10 0 2 3 6 9 2 1 5 0 11 23 17 45 14 1 6 15 10 3 8 1 0 0 4 9 0 0 4 0 0 0 0 0 0 0 0 0 0 0 0 5 2 4 0 4 5 9 8 22 2 10 6 17 6 50 2 0 0 13 1 4 27 5 0 1 2 0 1 0 
