14 14 34 2 8 19 53 25 31 24 29 39 61 134 82 78 45 30 30 16 10 14 10 38 19 0 0 40 133 6 1 2 45 1 5 4 5 4 37 22 17 1 16 13 17 13 21 4 4 59 9 1 8 7 1 1 8 4 0 2 4 0 2 2 4 19 6 5 0 1 5 1 4 1 1 3 0 1 23 0 1 0 1 4 1 4 0 26 2 0 0 8 2 2 1 1 1 2 4 0 0 10 
13 11 33 5 18 25 33 32 26 30 14 51 66 153 95 73 69 31 43 9 9 20 8 30 14 4 0 37 140 6 2 5 27 5 4 4 10 2 38 10 12 3 11 9 19 17 17 6 5 66 12 3 5 7 2 2 5 12 0 1 0 4 2 1 4 32 5 6 2 2 1 1 3 5 0 1 0 2 26 2 5 3 0 12 1 2 1 26 1 0 0 9 1 4 1 1 0 1 5 1 0 17 
17 14 13 8 11 25 47 22 55 28 17 41 66 149 62 59 68 26 27 11 5 13 3 23 5 2 1 50 272 4 2 3 12 6 4 0 4 6 27 22 11 1 4 14 12 21 15 6 2 59 7 4 5 4 2 1 4 7 0 2 0 10 0 9 10 16 2 1 1 1 3 3 8 1 1 1 2 0 16 0 0 0 2 5 1 4 2 14 3 0 0 8 0 3 3 3 1 1 3 0 0 7 
11 11 25 1 6 13 14 6 10 10 3 10 13 24 18 16 7 2 4 3 1 3 1 4 2 2 0 5 58 2 0 0 0 1 0 0 0 1 5 1 3 1 0 3 1 3 0 0 0 18 1 0 3 0 0 0 1 2 0 1 0 1 0 0 0 0 0 0 0 0 0 1 0 1 0 0 0 1 3 0 0 1 0 5 0 1 0 3 0 0 0 0 1 0 2 0 0 0 0 0 0 3 
15 14 10 2 2 11 14 11 7 17 12 13 26 31 13 27 11 4 7 5 2 5 5 13 4 0 2 9 44 0 0 0 7 1 1 0 3 4 4 8 3 0 5 2 4 9 4 3 1 17 4 0 1 1 1 1 0 2 0 2 1 1 0 1 1 2 0 1 0 0 2 2 1 2 1 0 0 1 19 1 0 1 0 1 0 0 0 3 0 0 0 4 0 1 0 2 0 0 0 0 3 2 
33 45 40 13 13 10 21 19 19 14 5 45 84 113 69 95 64 43 45 7 19 12 6 29 11 2 5 31 121 4 1 1 6 2 2 1 1 2 59 11 10 0 6 8 4 13 16 2 3 30 2 1 8 11 5 0 2 5 0 0 0 5 4 4 6 11 3 1 2 7 1 0 7 3 3 0 0 0 7 0 1 1 6 4 1 2 0 8 2 0 0 8 3 1 4 0 0 0 2 1 0 7 
29 39 41 10 19 24 9 29 44 14 20 29 69 87 44 73 43 34 46 12 10 10 6 19 5 1 0 17 93 3 1 4 22 7 4 2 3 7 43 24 24 3 4 11 17 11 9 3 4 36 2 4 7 11 1 4 3 6 0 2 1 7 0 7 9 10 12 5 3 3 3 6 4 11 4 2 3 1 14 0 1 3 0 4 3 2 8 9 1 0 0 22 3 5 0 1 0 0 1 0 0 7 
31 33 33 7 6 7 27 13 13 21 11 50 71 118 66 98 62 31 27 10 19 14 7 12 20 0 0 20 69 7 5 1 14 3 3 1 3 2 47 26 10 2 7 9 5 12 13 1 3 26 3 0 4 4 1 4 9 4 0 2 0 1 1 1 11 12 3 9 3 3 3 0 3 7 4 5 0 1 12 0 0 0 0 2 1 4 2 14 3 0 0 10 2 0 1 1 0 0 1 1 0 9 
33 38 44 13 7 19 60 35 11 7 6 35 85 88 41 69 50 29 53 12 19 7 4 24 15 2 2 18 64 5 0 5 5 1 2 0 5 7 35 19 17 8 14 11 2 9 14 3 2 25 5 3 6 2 2 3 6 4 0 0 1 3 6 1 3 11 2 3 1 3 4 3 8 4 2 0 0 1 9 4 2 1 1 2 0 4 1 5 1 0 0 9 2 1 1 1 1 2 1 0 0 5 
16 26 23 0 5 14 12 21 7 5 4 17 25 57 23 62 41 21 19 7 9 5 6 28 15 1 0 25 44 6 0 1 4 3 0 0 3 0 16 4 8 1 3 1 4 3 1 2 0 24 7 5 5 4 1 0 3 2 0 5 1 1 1 1 2 2 2 3 0 2 2 4 3 4 4 2 0 2 12 2 0 0 1 23 1 0 0 3 1 0 0 5 4 1 2 1 0 0 1 0 0 0 
18 20 12 1 5 14 19 9 21 18 2 9 29 29 27 41 23 13 20 6 7 4 3 14 1 0 0 18 30 6 0 1 4 0 3 1 1 4 37 17 5 11 3 4 7 16 6 1 3 30 3 6 5 2 1 3 1 1 0 1 0 3 0 1 0 2 1 2 0 0 0 6 1 1 1 0 0 0 5 0 0 1 2 1 0 1 0 0 1 0 0 3 0 1 1 1 2 0 0 0 0 2 
41 63 54 9 13 18 20 31 31 13 14 10 24 52 27 60 46 30 37 13 27 12 17 55 18 3 0 56 64 14 2 2 15 1 5 3 2 5 30 23 6 4 7 8 7 9 9 5 2 32 5 1 6 3 0 0 8 6 0 2 0 11 2 2 2 7 3 2 0 4 1 4 6 5 4 1 1 0 16 0 1 0 0 0 0 2 1 2 1 0 0 10 1 0 3 0 0 0 1 0 0 5 
41 78 63 11 22 48 55 60 46 43 17 34 12 68 22 65 89 35 58 24 25 24 23 51 35 1 1 79 46 20 4 4 17 1 4 2 3 10 31 27 16 2 16 11 11 20 16 4 5 36 8 6 5 4 2 2 5 14 0 2 2 7 1 0 5 5 0 0 2 0 3 1 6 10 8 4 0 1 11 1 0 1 1 1 0 2 0 2 1 0 0 5 1 1 0 2 0 0 1 1 0 4 
54 82 68 7 23 28 21 36 40 36 17 21 32 11 20 42 60 50 52 25 32 18 18 64 31 7 3 170 39 4 1 5 7 2 3 0 1 5 14 20 6 3 9 6 5 8 11 1 2 17 8 6 11 2 3 3 0 3 0 3 1 7 0 0 0 0 0 0 0 0 1 1 3 4 1 2 0 1 14 2 1 2 0 0 0 0 1 4 1 0 0 8 0 4 3 1 1 1 0 0 0 0 
53 85 67 4 24 41 53 68 52 37 21 37 31 27 8 21 57 36 46 23 30 17 28 70 53 11 9 157 50 10 3 1 9 2 5 0 0 3 7 21 11 4 9 8 4 4 6 5 0 29 9 9 10 4 2 1 11 3 0 1 0 4 0 2 0 0 0 1 0 0 1 1 1 0 1 1 4 0 15 0 0 0 0 0 0 3 0 5 0 0 0 8 2 2 0 0 0 0 2 0 0 7 
39 51 35 6 11 43 30 43 61 37 26 48 66 43 13 27 41 58 41 25 46 32 18 102 32 9 2 121 50 26 9 17 45 11 23 8 64 4 10 28 21 3 13 30 16 23 15 5 2 53 7 7 14 8 4 3 6 7 0 2 1 5 4 3 3 1 0 1 1 0 0 0 6 3 6 2 2 2 15 1 1 1 0 2 0 3 0 13 3 0 0 14 3 9 4 0 0 0 1 0 0 6 
29 55 27 11 21 32 29 36 39 37 12 32 70 112 49 100 10 32 59 19 44 31 26 90 26 9 6 92 29 31 15 34 50 23 30 16 47 5 46 45 29 5 28 42 28 33 22 11 7 74 7 8 8 4 0 4 5 3 0 10 2 12 4 7 5 1 0 1 1 0 2 3 6 1 3 5 0 2 27 1 1 0 0 3 0 4 3 12 7 0 0 21 3 2 0 0 0 2 0 0 1 8 
13 25 31 2 8 35 19 25 36 37 7 31 42 106 41 85 62 9 35 17 31 19 9 33 32 19 4 71 41 21 5 16 32 12 26 11 32 4 55 22 27 3 19 26 24 10 21 3 4 56 4 2 12 10 3 0 3 2 0 4 1 7 0 0 0 0 0 0 0 0 0 1 4 1 0 0 0 1 19 0 1 1 0 0 0 3 0 12 2 0 0 11 0 1 0 2 0 0 0 0 1 6 
37 36 31 1 3 27 24 30 21 18 14 17 45 88 44 86 49 20 3 9 17 14 17 57 11 11 4 63 54 13 6 7 16 5 18 2 14 4 41 10 10 5 9 13 8 24 5 4 3 25 2 3 1 4 1 0 0 3 0 4 0 7 0 1 1 0 0 0 0 0 0 0 1 0 0 0 1 0 9 0 0 0 0 0 0 1 0 5 0 0 0 3 0 1 0 0 0 0 1 0 0 4 
9 17 12 2 3 6 13 12 22 14 5 18 46 89 36 93 54 30 25 5 5 2 9 40 27 11 6 103 28 8 2 3 13 2 10 8 18 5 36 14 11 2 6 5 8 3 8 0 1 13 3 0 2 0 2 4 3 0 0 0 2 2 0 1 0 0 0 0 1 0 0 0 1 0 0 0 0 1 3 3 1 2 0 0 3 0 1 3 0 0 0 2 0 0 0 0 0 0 1 0 0 3 
9 12 22 2 3 12 16 24 14 19 5 30 44 123 51 149 78 70 40 4 5 13 10 21 7 20 5 84 25 10 1 1 13 4 6 7 33 4 48 11 15 2 12 6 5 9 9 1 4 37 0 4 3 0 0 0 1 0 0 3 4 0 0 0 0 0 0 0 0 0 0 0 0 1 1 0 0 2 4 2 2 0 0 0 0 0 0 7 5 0 0 1 0 0 0 0 0 0 0 0 0 1 
20 26 20 6 9 28 20 31 26 32 6 32 47 130 76 156 81 20 42 1 11 9 20 30 9 28 13 115 68 4 4 3 13 2 12 5 43 5 46 8 6 6 5 6 9 18 11 8 0 22 1 4 1 0 2 1 0 2 0 1 0 4 0 0 0 0 0 0 0 0 0 0 0 0 0 0 1 1 7 1 1 0 1 1 0 2 0 9 1 0 0 4 0 0 0 0 0 0 1 0 0 0 
4 11 5 1 1 6 5 5 6 9 4 28 27 65 48 134 115 36 42 9 34 11 3 15 11 15 14 126 9 6 5 2 28 2 15 5 29 10 59 8 3 0 4 9 4 8 10 2 1 34 6 0 4 0 1 3 2 1 0 0 1 1 1 6 0 0 0 0 0 0 0 0 0 0 0 0 0 0 5 0 0 0 0 0 1 3 0 7 1 0 0 4 0 1 1 0 0 0 0 0 0 1 
20 25 16 4 7 28 9 23 26 45 8 35 62 110 81 170 138 68 103 26 41 24 24 14 7 34 26 146 12 15 3 10 33 13 10 7 47 18 118 25 11 1 15 26 22 14 12 6 5 95 7 0 6 4 1 2 5 4 0 1 2 1 1 2 1 0 0 0 0 0 0 0 0 0 4 3 1 4 22 2 0 3 0 4 0 4 4 17 2 0 0 11 1 0 0 0 0 0 2 0 2 1 
27 30 20 5 11 25 12 12 19 51 13 45 63 87 73 121 84 32 57 23 22 13 4 12 8 8 26 79 19 19 8 5 151 11 11 10 31 14 51 30 42 4 17 23 35 48 26 10 15 132 18 6 24 4 10 5 2 8 0 1 1 1 1 0 4 1 1 0 0 0 0 1 0 4 7 6 1 1 26 1 0 2 0 0 0 5 4 48 6 0 0 9 2 1 5 2 0 1 1 0 0 7 
0 1 1 0 2 1 0 0 2 0 0 3 2 9 5 9 13 6 12 12 12 10 11 33 5 3 1 14 1 0 1 0 1 0 1 1 9 0 9 2 0 0 0 3 1 0 0 0 0 2 0 0 0 0 0 1 0 0 0 0 0 0 0 0 0 0 0 0 0 0 0 0 0 0 0 1 0 2 2 1 0 0 0 0 0 0 0 0 1 0 0 0 0 0 0 0 0 0 0 0 0 0 
2 5 4 0 0 0 0 0 2 4 1 3 6 5 17 26 14 3 13 7 25 9 12 39 12 1 9 77 2 0 0 0 1 2 2 1 10 2 18 1 5 0 1 1 2 0 1 0 0 3 0 0 0 0 0 0 1 0 0 0 0 5 0 0 0 0 0 0 0 0 0 0 0 0 0 0 0 0 1 0 0 0 0 0 0 0 0 2 0 0 0 0 0 0 0 0 0 0 0 0 0 0 
29 24 24 11 10 31 21 14 16 49 21 56 81 170 127 173 136 71 94 57 92 73 71 109 53 14 27 13 21 9 1 3 41 9 10 9 64 32 108 29 32 1 14 24 33 31 26 15 16 114 12 1 13 3 3 3 4 3 0 3 0 0 1 0 0 1 0 0 0 0 0 0 0 0 6 3 3 3 18 2 2 0 2 5 2 7 0 45 3 0 0 12 2 0 2 1 1 0 1 0 1 12 
3 5 6 1 0 1 4 5 10 4 1 5 9 18 5 5 5 1 2 2 2 1 0 2 2 0 1 3 5 0 1 1 1 0 0 0 2 0 1 3 0 0 0 0 0 2 3 2 1 5 1 0 0 2 0 0 0 3 0 0 0 0 1 0 1 2 0 0 0 2 0 0 1 0 0 0 0 0 3 0 1 1 0 0 0 1 1 8 1 0 0 2 0 0 0 0 0 0 0 0 0 1 
2 8 4 0 5 3 5 9 5 4 1 7 22 13 13 23 64 46 30 10 10 4 1 24 6 1 0 5 4 27 99 107 370 93 225 243 674 232 352 177 105 10 87 100 85 99 69 25 19 253 11 4 17 15 8 9 6 6 0 6 8 25 5 24 20 70 14 13 3 15 3 17 10 0 2 1 2 9 41 7 8 3 1 7 4 26 7 68 12 0 0 50 19 8 12 7 2 6 11 4 2 30 
1 0 2 0 0 4 4 2 4 2 0 2 3 3 3 10 36 17 21 3 3 1 2 5 3 3 0 3 4 86 9 62 135 58 87 78 251 90 136 55 37 6 27 43 49 28 18 4 7 87 1 4 26 7 4 2 2 4 0 3 3 21 0 12 19 38 16 9 5 7 3 7 3 0 4 0 1 4 8 0 0 0 3 0 1 5 2 20 2 0 0 18 4 10 3 2 1 1 0 1 0 20 
2 8 4 2 0 2 4 5 3 2 0 4 11 5 9 31 58 22 20 3 3 2 0 6 4 0 0 13 4 161 61 22 160 59 135 102 412 191 310 127 97 20 72 62 92 88 59 26 30 166 14 5 19 3 6 8 9 6 0 6 5 16 4 12 14 39 14 4 7 8 1 2 6 4 12 3 2 1 14 6 2 4 1 8 0 15 1 43 14 0 0 59 5 11 5 9 1 2 8 2 0 12 
9 16 6 3 2 5 1 6 4 6 3 8 11 12 3 10 24 25 8 7 4 5 4 30 8 0 2 16 10 152 65 65 16 26 76 76 245 91 161 84 89 17 67 51 63 77 55 40 22 307 11 10 25 13 5 8 2 6 0 7 3 8 3 7 12 20 12 10 3 9 8 8 7 8 12 3 0 5 42 4 3 3 4 9 3 12 5 67 16 0 0 23 13 12 9 7 3 3 11 0 1 56 
3 6 3 0 1 1 0 0 1 4 1 1 1 0 2 7 20 9 14 1 4 1 2 11 1 0 1 12 3 64 22 35 51 3 21 27 128 51 124 83 57 10 30 46 30 46 36 11 16 91 7 3 21 8 4 7 15 10 0 4 3 12 1 1 12 22 3 9 7 4 5 14 25 13 3 1 2 0 33 3 4 0 1 1 1 3 1 20 3 0 0 39 1 3 11 3 0 0 4 0 0 10 
6 8 2 1 0 3 6 0 1 1 0 1 4 0 2 10 18 18 13 9 10 3 6 12 3 2 0 20 1 140 42 81 102 33 27 27 166 73 132 99 56 5 55 43 44 56 38 10 11 98 7 7 11 4 1 0 2 5 0 4 3 13 8 4 6 17 5 9 2 11 5 12 11 14 3 2 1 6 13 2 2 2 1 3 0 7 6 15 6 0 0 42 11 9 5 11 2 2 8 0 1 11 
2 7 2 0 1 0 3 1 1 1 0 0 0 0 2 13 22 14 9 2 4 3 9 6 2 0 0 19 5 140 44 99 133 26 63 10 230 47 125 72 38 5 44 33 43 48 40 9 11 121 2 1 4 6 1 1 9 0 0 1 1 8 1 6 3 12 2 9 1 4 8 7 11 8 5 1 0 1 10 0 1 0 0 2 0 4 3 25 6 0 0 33 2 8 6 9 0 0 4 2 0 14 
5 5 3 2 0 1 2 2 1 2 0 2 2 2 2 23 25 13 8 3 7 2 1 15 7 2 1 18 8 229 82 144 164 61 73 113 21 84 184 189 142 39 103 88 89 110 115 32 30 245 8 4 9 5 0 1 2 5 0 0 4 1 10 13 8 22 5 12 3 3 11 15 10 10 4 2 0 0 17 2 0 1 2 1 1 8 4 56 11 0 0 79 14 10 4 23 4 7 10 1 3 22 
9 8 10 1 5 6 7 7 7 7 1 6 3 8 2 3 15 4 12 4 7 3 1 20 7 1 0 16 16 146 45 101 155 45 51 43 128 13 127 188 116 24 126 117 106 149 107 27 41 269 5 1 9 3 0 0 2 3 0 2 2 25 1 14 4 2 6 3 5 4 10 4 17 1 1 2 2 1 16 0 1 1 1 4 1 18 12 47 18 0 0 115 7 12 9 7 2 0 9 0 1 40 
10 15 17 1 2 11 5 10 15 17 8 9 7 13 8 9 17 13 16 5 14 3 9 35 10 3 2 44 16 128 34 92 193 63 93 31 236 82 24 181 117 11 89 122 84 126 70 34 26 250 10 4 4 4 7 5 5 6 0 2 1 19 2 16 17 25 1 3 9 2 6 17 15 8 2 3 0 1 31 1 0 2 2 3 1 16 6 75 12 0 0 112 9 14 14 5 1 3 13 0 0 34 
24 23 24 6 3 16 16 13 16 33 8 21 37 28 18 31 57 34 23 9 14 3 10 19 12 2 6 40 38 131 41 90 233 72 163 89 564 228 541 34 64 31 93 173 114 188 147 28 62 327 7 6 6 8 5 5 2 12 0 0 6 15 4 21 20 19 5 2 0 2 0 3 15 14 6 5 6 1 17 4 2 9 3 14 11 7 6 29 27 0 0 63 12 17 9 13 0 2 5 1 10 27 
10 21 14 3 6 12 8 13 11 4 3 14 15 6 1 19 45 29 16 8 9 1 6 35 20 2 1 40 11 70 15 59 151 53 80 45 269 122 272 57 10 26 78 89 48 119 110 37 20 244 3 0 8 1 0 2 6 1 0 2 5 14 0 9 13 10 5 6 4 4 1 3 11 9 4 8 1 1 7 6 7 5 7 7 3 13 18 19 15 0 0 55 9 13 12 12 3 1 6 3 2 13 
3 0 2 0 0 0 2 1 1 1 0 0 2 1 3 0 3 2 1 0 0 2 0 7 0 0 0 6 0 7 4 10 13 8 15 9 58 18 47 22 14 1 26 52 42 38 15 3 6 51 1 1 3 2 0 2 0 2 0 1 0 0 0 3 0 3 0 1 0 0 1 1 3 0 0 0 0 0 6 0 1 0 1 3 0 10 3 10 5 0 0 12 6 6 1 4 0 4 4 0 0 9 
4 5 5 0 0 11 3 3 7 10 5 7 10 7 5 2 18 12 4 1 2 2 2 7 6 0 0 17 13 37 3 43 93 17 44 31 131 64 145 58 45 22 12 42 61 70 34 32 32 156 11 4 7 4 1 1 5 10 0 1 2 8 0 3 8 11 2 3 0 1 8 7 9 2 15 9 4 6 30 12 10 8 7 45 23 60 19 90 43 0 0 68 30 30 24 34 6 13 25 1 4 94 
14 23 10 1 2 5 6 7 6 14 3 5 12 6 4 6 26 19 13 2 3 3 4 12 16 1 0 41 15 60 14 41 136 37 66 27 157 101 171 95 72 19 78 18 101 157 93 60 36 234 16 7 27 10 5 2 5 9 0 2 3 8 0 13 9 6 3 1 2 2 1 7 11 9 10 10 3 7 53 6 23 16 10 53 26 81 24 100 42 0 0 156 33 44 39 50 8 22 30 6 6 93 
13 18 13 8 2 5 6 3 9 12 2 5 10 5 5 7 24 18 22 1 9 4 7 29 14 1 0 31 4 39 12 48 169 35 47 30 231 104 139 85 58 25 79 106 23 118 103 54 68 260 10 6 6 8 0 0 3 6 0 0 4 16 1 4 7 22 1 6 4 1 8 8 10 11 6 5 0 7 14 16 9 17 2 26 12 35 12 66 11 0 0 57 15 26 22 18 2 4 18 3 2 48 
13 23 13 1 6 7 11 18 13 5 5 11 13 16 7 14 44 19 22 8 4 2 2 35 17 2 1 29 30 47 24 41 177 39 80 70 174 118 173 122 82 13 89 184 109 22 108 95 78 386 15 6 12 4 2 2 9 4 0 0 4 6 2 7 4 29 5 7 3 2 5 2 5 7 22 15 0 6 29 11 10 11 10 43 8 54 9 136 19 0 0 74 23 27 28 23 6 30 30 4 7 79 
10 13 8 3 2 6 0 10 7 10 6 7 10 6 4 13 38 15 19 5 7 4 3 19 12 0 2 24 18 55 10 41 188 40 65 40 211 114 175 105 74 31 98 159 126 176 20 74 67 212 13 2 12 2 3 2 3 6 0 1 1 9 3 5 6 17 0 6 0 1 2 8 7 10 10 4 0 2 18 11 3 9 3 43 17 49 16 148 13 0 0 111 21 29 28 14 2 9 21 5 4 80 
4 10 3 0 3 4 1 4 3 6 1 9 8 3 2 3 26 9 13 5 8 0 3 18 6 0 1 10 6 16 3 22 94 22 27 24 77 51 126 82 61 16 84 142 104 298 369 10 35 349 5 6 12 4 0 1 2 3 0 1 2 5 0 5 9 10 3 5 5 0 1 0 5 6 3 1 0 10 7 5 4 6 1 26 5 28 16 87 14 0 0 98 31 9 15 14 8 11 14 0 2 58 
8 6 6 1 4 6 1 4 5 10 1 5 11 4 3 9 12 9 14 5 5 2 2 23 12 2 0 17 11 33 6 31 126 13 39 18 129 70 132 87 54 12 144 212 140 350 326 86 8 466 3 5 6 4 0 6 5 4 0 1 2 10 0 9 4 13 1 1 2 2 2 1 6 3 1 3 0 4 13 6 8 9 3 33 8 32 10 166 13 0 0 145 26 31 46 12 1 13 17 3 1 53 
60 62 30 8 17 22 18 22 34 55 18 39 31 44 12 26 65 76 51 11 14 7 13 134 49 5 5 119 60 186 43 127 1073 86 143 117 494 269 502 271 221 57 256 458 324 532 337 161 117 57 38 23 47 17 8 8 15 11 0 7 9 23 2 32 24 49 4 11 8 10 17 9 24 34 45 35 13 13 102 20 10 55 23 109 36 92 38 670 37 0 0 281 46 73 82 23 10 45 70 11 3 250 
10 11 11 1 3 1 6 2 2 7 2 8 13 21 18 18 23 6 9 2 2 0 4 30 12 1 1 34 10 16 5 14 61 12 9 5 27 7 30 10 8 1 19 16 18 15 17 8 8 71 5 7 28 18 13 12 35 48 0 52 17 0 4 20 13 47 8 12 7 11 7 8 15 29 9 7 3 5 135 12 13 6 6 43 8 30 13 39 8 0 0 19 10 7 8 3 3 11 8 1 1 26 
6 4 0 0 0 5 2 4 5 4 2 6 9 16 1 10 6 7 2 1 3 1 1 9 4 0 0 4 6 10 2 1 41 4 12 6 15 6 15 6 8 0 10 12 10 7 10 0 1 31 12 8 28 14 7 10 23 24 0 17 10 1 2 14 4 19 0 5 3 4 6 1 2 16 5 4 2 2 81 5 8 3 3 25 7 21 7 30 8 0 0 15 5 5 9 3 0 0 3 0 0 11 
3 10 10 1 4 6 4 8 5 2 4 2 10 27 17 27 20 7 2 0 3 1 0 16 6 1 2 22 11 15 3 13 78 17 17 6 21 9 34 13 18 1 5 19 7 24 22 6 3 83 19 9 7 14 9 4 14 45 0 27 7 6 9 19 18 34 2 20 3 5 7 6 17 30 11 7 1 6 122 8 5 2 6 36 10 22 5 66 5 0 0 21 6 8 16 4 3 2 7 1 0 21 
2 6 7 1 4 7 5 5 5 1 0 4 8 16 12 17 13 5 5 0 2 2 1 9 2 0 0 7 8 15 6 11 48 12 9 6 10 2 12 4 5 1 8 18 10 22 19 3 1 19 16 10 37 4 12 0 14 28 0 23 14 5 3 17 16 25 8 12 5 8 6 9 8 13 4 1 5 7 87 8 0 0 1 23 3 16 3 15 2 0 0 10 1 4 1 0 0 1 6 0 0 10 
3 2 2 0 5 4 6 3 0 0 2 7 8 4 2 6 11 4 2 0 0 0 0 5 3 0 0 3 5 9 0 2 20 7 6 1 2 0 10 0 1 0 4 2 2 2 1 2 1 12 9 15 19 7 4 15 3 23 0 15 3 2 1 6 5 16 2 3 3 2 6 3 8 10 8 3 1 1 46 5 2 0 1 12 2 4 0 13 3 0 0 8 1 0 2 0 1 6 3 1 0 2 
0 1 0 0 0 1 2 0 1 1 0 0 2 4 6 3 3 1 1 0 0 0 0 7 0 0 0 0 3 1 0 1 11 3 5 1 3 3 4 2 0 0 1 2 0 4 1 0 1 5 6 6 9 0 4 1 11 17 0 11 1 2 1 7 2 6 0 4 0 3 4 2 30 3 0 1 0 0 31 3 0 0 1 10 2 1 0 4 2 0 0 3 0 4 2 1 0 0 1 0 0 3 
0 4 3 0 2 2 2 3 1 2 2 3 3 11 8 16 11 11 4 0 1 4 4 5 5 0 0 10 3 1 5 7 40 7 6 2 5 0 17 10 5 1 5 6 1 16 4 1 2 15 23 14 17 8 6 13 6 16 0 24 8 8 6 18 15 17 8 5 0 4 5 3 12 5 11 6 0 8 47 7 7 3 9 32 9 10 4 11 2 0 0 15 2 6 4 1 2 0 3 0 1 16 
6 8 7 2 3 2 1 6 6 4 1 3 9 23 9 15 22 9 3 1 0 5 1 7 2 0 0 13 8 3 5 6 51 10 10 4 11 4 20 5 11 1 5 8 5 16 5 1 4 26 24 15 33 12 10 40 2 3 0 30 14 10 7 36 23 29 10 14 1 9 7 7 10 5 21 24 2 4 109 11 5 3 4 48 19 16 10 25 2 0 0 11 1 7 6 5 1 4 4 1 0 13 
0 0 0 0 0 0 0 0 1 0 0 0 0 0 0 0 0 0 0 0 0 0 0 0 0 0 0 0 1 0 0 0 0 0 0 0 0 0 0 0 0 0 0 0 0 0 0 0 0 0 0 0 0 0 0 0 0 0 0 0 0 0 0 0 0 0 0 0 0 0 0 0 0 0 0 0 0 0 0 0 0 0 0 0 0 0 0 0 0 0 0 0 0 0 0 0 0 0 0 0 0 0 
9 12 14 1 0 5 3 4 5 7 3 5 27 30 21 33 15 15 14 5 7 13 1 20 6 0 1 22 14 14 8 4 13 7 3 1 1 0 22 14 2 0 3 7 2 4 4 1 3 20 37 18 43 22 10 17 11 37 0 4 6 11 7 11 30 54 21 14 2 9 9 15 19 32 5 9 4 5 62 4 2 6 3 17 3 19 2 18 5 0 0 11 1 3 2 7 0 2 4 0 1 14 
1 6 2 0 0 0 0 0 0 1 0 2 4 1 0 2 1 1 1 0 0 0 0 1 2 0 0 1 1 1 0 7 5 6 2 1 1 1 2 3 1 0 2 5 0 0 2 1 2 6 12 4 16 12 6 7 11 5 0 5 1 12 4 15 5 27 9 10 5 10 8 7 13 6 2 6 1 5 19 2 0 1 2 7 2 5 3 7 2 0 0 4 1 0 1 1 0 0 0 0 0 1 
0 0 0 0 2 3 2 2 0 1 1 5 0 3 3 2 4 3 1 0 1 0 0 0 0 1 0 1 0 2 5 3 7 4 9 8 12 5 14 7 3 0 3 2 2 0 0 1 2 11 1 6 2 3 2 5 2 3 0 5 4 1 0 9 14 12 5 7 4 8 4 1 3 7 2 0 0 0 15 2 1 0 2 1 1 3 0 5 0 0 0 3 0 1 1 0 0 1 0 1 0 1 
1 2 1 1 0 0 2 4 0 0 0 1 3 0 0 0 0 1 1 0 0 0 0 0 1 0 0 2 2 0 2 2 2 3 2 3 20 4 14 3 3 0 1 1 0 1 0 0 0 5 0 4 11 2 5 3 3 3 0 8 3 1 1 1 9 16 3 0 1 6 3 5 12 5 2 1 0 2 11 0 0 1 0 2 0 0 0 2 0 0 0 2 0 1 0 0 0 0 1 0 0 0 
4 8 0 0 1 2 4 1 7 0 2 1 1 0 0 2 3 2 2 0 0 1 0 0 1 0 1 2 2 11 4 7 14 1 12 13 30 8 19 9 8 0 5 11 7 14 2 1 2 17 15 7 30 15 3 8 11 12 0 28 10 33 4 11 9 32 4 9 3 8 15 12 18 18 3 7 1 3 33 3 6 0 1 6 1 0 0 7 4 0 0 10 1 0 1 2 0 0 0 0 0 3 
3 4 5 1 1 5 5 6 3 4 0 2 0 2 2 0 4 0 0 0 0 0 0 2 2 2 0 2 14 37 3 16 20 9 8 15 44 17 22 32 12 1 14 16 12 9 4 2 2 28 20 9 35 16 6 3 14 26 0 13 7 14 17 14 11 38 25 21 11 16 30 31 57 51 5 5 2 3 52 8 6 1 6 8 0 4 1 6 2 0 0 9 5 3 1 1 0 1 0 0 0 7 
10 8 15 3 2 6 14 6 5 6 2 2 1 2 0 3 1 2 0 0 0 0 0 1 0 0 0 0 3 41 23 20 33 22 19 14 31 8 38 12 7 5 16 13 9 13 12 7 7 45 32 12 39 23 8 6 20 14 0 32 12 42 18 36 28 24 8 30 19 53 29 42 70 48 15 7 2 7 75 5 9 6 5 11 1 5 3 17 0 0 0 5 0 0 1 0 0 1 0 0 0 3 
8 4 5 2 3 3 1 1 2 2 0 2 1 0 0 2 0 0 0 0 0 0 0 0 0 0 0 0 6 5 3 3 9 9 4 5 9 2 12 3 4 1 2 2 5 1 4 2 2 10 5 3 13 7 2 5 2 10 0 11 1 16 3 4 17 22 3 9 14 31 21 19 46 21 2 0 0 0 13 2 2 0 1 2 0 3 2 3 0 0 0 1 0 0 0 0 0 0 0 0 0 2 
3 7 3 0 2 3 5 3 5 4 1 3 1 0 0 1 1 0 0 0 0 0 0 0 0 0 0 0 6 8 6 3 20 15 21 2 35 6 22 2 3 1 4 12 7 10 10 1 2 21 16 12 27 14 7 9 10 15 0 19 24 21 8 17 34 63 6 3 8 36 29 33 41 44 5 2 3 1 35 5 2 4 1 5 3 3 1 7 1 0 0 6 0 0 0 0 0 0 0 0 0 1 
2 4 0 0 0 0 0 0 1 0 0 0 3 2 0 0 2 0 0 0 0 0 0 0 0 0 0 0 3 8 0 2 9 3 6 5 11 3 5 2 2 0 0 2 2 3 3 0 0 8 0 1 4 2 2 2 2 1 0 5 7 2 5 12 12 43 8 7 4 9 17 20 17 11 0 1 0 0 9 0 1 0 3 2 0 2 0 3 0 0 0 1 0 0 0 0 0 0 0 1 0 0 
2 8 9 1 3 0 4 1 0 3 2 1 1 1 0 3 2 1 0 2 0 0 0 0 0 0 0 1 2 10 5 4 18 18 8 4 28 3 6 3 5 0 5 4 4 4 3 2 3 10 23 11 26 19 3 7 12 5 0 16 17 36 5 17 33 103 23 36 25 5 29 46 56 100 5 5 0 1 30 9 3 2 1 5 5 1 1 6 2 0 0 5 0 2 0 0 0 0 0 0 0 2 
7 4 5 1 2 1 2 3 0 3 1 1 3 1 1 1 1 1 0 0 0 0 0 0 0 0 0 0 11 9 1 1 29 14 12 13 53 16 39 8 9 3 8 13 10 5 8 3 2 28 4 6 14 3 4 7 3 7 0 16 6 24 12 21 31 93 15 34 25 25 10 98 37 30 1 3 1 1 23 0 2 3 2 9 0 8 1 7 1 0 0 6 2 0 0 1 0 0 1 0 1 1 
4 3 4 1 1 7 6 3 1 2 1 2 0 1 0 0 1 0 1 0 0 0 0 0 0 0 0 0 6 8 3 2 15 18 34 15 52 10 30 10 11 1 8 14 5 5 10 6 2 26 14 7 13 2 1 2 11 12 0 14 11 25 7 33 57 104 32 30 18 31 23 4 36 48 3 2 1 6 39 2 0 4 1 3 3 5 5 4 1 0 0 4 2 0 0 0 3 0 0 0 0 1 
1 4 1 0 0 0 2 7 2 2 1 3 3 0 0 3 5 0 1 0 0 0 0 1 1 0 1 0 1 5 3 6 12 19 17 9 35 15 19 6 5 4 8 4 6 13 5 4 2 29 17 9 16 12 3 6 8 13 0 15 16 6 7 14 33 75 25 29 15 45 25 47 6 13 5 7 2 2 37 4 10 3 3 9 3 10 2 13 2 0 0 7 0 2 0 2 0 0 1 0 0 3 
5 1 1 2 3 2 4 4 5 4 0 5 0 2 1 0 2 1 0 0 0 0 1 0 0 0 0 0 2 0 0 0 9 9 2 7 15 6 8 6 1 0 8 4 3 6 1 2 0 10 5 9 13 10 0 9 6 8 0 19 10 5 1 9 24 64 7 16 13 26 24 40 26 7 4 8 1 4 36 4 2 3 2 11 0 3 1 6 0 0 0 0 0 1 3 0 0 0 1 0 0 4 
1 3 3 1 2 1 2 3 3 5 0 0 3 11 4 7 5 11 1 2 2 1 0 6 1 1 0 4 4 2 1 1 22 3 5 2 11 2 33 3 7 0 8 19 15 33 14 5 2 54 6 6 5 5 1 3 6 27 0 12 8 7 2 15 6 12 1 7 3 4 1 1 8 8 5 14 4 13 162 30 23 11 12 96 13 26 6 59 10 0 0 13 3 7 8 5 0 4 12 2 0 20 
3 3 4 1 3 2 4 5 3 8 4 3 2 8 7 9 16 5 1 2 0 0 0 15 4 0 0 6 0 2 2 2 14 5 2 0 16 3 12 13 13 2 22 27 14 19 15 6 5 34 10 5 10 6 3 10 18 30 0 15 7 1 0 12 5 21 2 4 2 1 3 5 5 3 5 4 5 23 220 36 26 19 17 113 21 23 10 79 11 0 0 17 6 13 8 2 3 4 4 0 0 24 
1 3 1 0 0 0 2 3 1 1 0 2 5 3 0 1 1 1 0 1 0 0 0 3 0 0 1 1 0 4 1 5 2 1 0 0 2 1 0 0 0 4 1 11 1 1 0 0 2 4 2 1 4 4 3 2 3 5 0 6 0 1 0 0 1 3 3 1 2 0 1 3 3 3 2 2 2 15 103 20 10 4 4 30 6 7 2 13 2 0 0 6 0 9 1 1 0 1 1 0 1 8 
1 9 3 1 2 0 0 4 1 4 0 0 2 4 2 15 7 1 3 1 0 0 0 7 0 0 0 5 2 4 3 5 18 3 7 1 3 3 6 14 6 0 10 28 11 13 12 3 6 30 7 7 23 12 3 9 15 31 0 6 0 5 9 13 8 15 4 7 2 4 2 1 10 7 15 15 11 4 129 27 10 19 11 86 23 22 11 35 7 0 0 19 8 7 15 6 2 7 0 1 0 14 
7 9 9 4 7 11 6 2 2 11 1 12 13 30 10 38 30 13 12 2 1 1 5 23 11 0 2 19 13 16 4 21 59 21 16 8 14 0 39 17 17 1 25 71 18 38 29 6 14 89 40 39 66 31 35 25 45 65 0 24 9 18 10 38 30 72 11 20 5 20 22 14 33 29 70 72 28 36 16 45 38 15 18 137 34 40 22 127 19 0 0 36 16 18 9 15 3 5 21 0 1 30 
1 5 1 0 0 2 3 1 0 2 0 1 2 2 1 5 1 9 3 1 0 0 0 4 1 0 0 1 5 5 0 3 7 1 7 0 5 2 6 9 8 1 22 36 8 32 15 3 2 37 12 4 19 12 4 11 14 15 0 6 2 3 10 4 13 19 2 3 0 1 5 11 2 6 27 41 8 23 97 13 32 13 29 151 36 36 11 64 19 0 0 33 11 8 7 7 3 15 13 1 2 21 
1 5 5 3 0 1 3 0 2 1 2 1 0 1 1 0 3 3 1 0 1 0 0 0 1 0 1 2 4 4 2 3 9 4 1 1 2 0 4 4 15 3 23 33 12 24 13 4 1 59 16 7 13 4 3 4 4 4 0 3 6 8 4 4 3 24 4 8 2 7 1 4 4 5 19 22 4 15 97 35 4 13 10 126 42 39 16 55 11 0 0 48 8 11 10 11 2 11 8 1 0 9 
3 2 3 0 1 1 1 1 0 2 0 0 0 0 1 2 2 3 0 0 0 0 0 5 1 0 0 0 2 6 1 2 14 2 0 1 1 0 3 4 13 3 19 36 15 30 10 2 4 60 6 1 8 2 0 0 0 6 0 3 6 5 0 3 2 6 1 1 0 1 1 1 3 2 4 14 2 7 41 11 16 8 9 47 14 20 8 53 9 0 0 39 13 14 11 11 2 7 17 2 0 23 
4 3 2 1 0 1 3 1 1 2 0 0 0 0 0 1 0 1 1 0 0 0 0 2 0 0 0 1 0 3 0 3 8 2 1 0 0 0 3 5 5 5 39 47 15 34 12 3 6 52 9 4 17 5 3 6 12 16 0 8 5 10 2 1 3 8 5 2 2 0 2 3 8 2 12 23 7 6 67 28 23 4 7 125 23 29 10 53 24 0 0 60 7 8 10 10 1 10 14 0 4 18 
4 7 4 0 3 4 5 5 0 3 0 0 0 1 0 0 0 2 1 0 0 0 0 3 2 0 0 1 4 5 0 3 5 3 1 1 2 5 10 23 15 10 57 85 14 46 28 14 10 103 29 14 27 20 11 6 14 27 0 16 5 6 1 2 2 8 3 2 1 6 2 3 10 6 47 48 20 39 154 95 67 21 80 19 68 54 24 155 43 0 0 98 31 47 32 12 15 14 40 0 4 74 
5 4 3 0 0 1 6 1 0 0 0 1 0 0 0 1 0 2 0 0 0 0 1 0 0 0 0 1 8 0 2 3 6 0 1 1 3 2 8 10 10 10 34 56 31 81 17 9 3 64 7 8 11 16 2 7 11 21 0 4 0 5 0 0 6 7 4 2 1 2 3 6 1 2 13 9 7 11 69 41 35 19 23 110 1 58 15 110 20 0 0 89 27 26 27 10 5 10 16 4 1 38 
6 10 3 0 3 1 5 2 4 2 0 1 0 2 1 1 4 3 7 4 2 0 0 8 5 0 0 11 7 7 3 11 26 8 17 4 26 18 31 16 12 6 69 118 37 55 41 13 12 99 16 9 18 7 3 5 17 15 0 9 3 6 0 5 0 7 3 1 4 2 8 1 11 5 29 16 3 15 51 17 19 17 15 95 33 4 18 70 36 0 0 127 56 33 38 33 4 15 28 6 1 55 
8 6 2 0 1 1 4 4 3 4 1 0 0 2 1 2 7 7 7 3 1 2 0 2 3 1 0 3 2 13 4 10 27 1 9 8 32 18 60 27 18 11 53 118 26 48 32 8 10 52 12 3 6 3 2 5 1 14 0 2 1 4 0 2 2 6 1 1 2 1 0 2 3 7 17 17 5 9 52 18 12 15 18 87 25 39 7 41 26 0 0 111 25 29 30 8 8 11 11 2 4 51 
21 25 18 2 4 10 9 4 11 9 6 3 6 6 4 10 18 26 21 5 7 5 0 38 11 0 0 55 16 64 18 32 253 20 32 25 116 83 187 47 24 15 153 174 56 153 103 56 45 433 27 12 31 12 10 6 16 26 0 16 10 11 2 10 18 20 1 4 4 2 5 3 10 30 52 39 10 24 136 38 34 45 28 152 52 66 32 27 32 0 0 308 44 77 101 70 15 34 82 25 7 241 
5 3 4 1 1 1 6 3 2 5 3 0 1 0 3 3 13 7 1 0 5 6 0 0 4 0 0 9 6 20 0 22 53 6 13 5 83 36 58 37 25 14 85 112 21 55 34 6 7 87 8 3 14 2 5 0 4 3 0 4 5 5 0 3 3 6 0 0 2 3 0 1 3 6 6 4 2 4 33 16 8 11 15 33 15 65 28 55 7 0 0 139 39 51 32 31 3 12 21 0 2 71 
0 0 0 0 0 0 0 0 0 0 0 0 0 0 0 0 0 0 0 0 0 0 0 0 0 0 0 0 0 0 0 0 0 0 0 0 0 0 0 0 0 0 0 0 0 0 0 0 0 0 0 0 0 0 0 0 0 0 0 0 0 0 0 0 0 0 0 0 0 0 0 0 0 0 0 0 0 0 0 0 0 0 0 0 0 0 0 0 0 0 0 0 0 0 0 0 0 0 0 0 0 0 
0 0 0 0 0 0 0 0 0 0 0 0 0 0 0 0 0 0 0 0 0 0 0 0 0 0 0 0 0 0 0 0 0 0 0 0 0 0 0 0 0 0 0 0 0 0 0 0 0 0 0 0 0 0 0 0 1 0 0 0 0 0 0 0 0 0 0 0 0 0 0 0 0 0 0 0 0 0 0 0 0 0 0 0 0 0 0 0 0 0 0 0 0 0 0 0 0 0 1 0 0 0 
4 7 8 2 2 2 0 3 2 6 1 6 9 8 3 5 5 9 2 0 0 2 1 4 3 0 0 7 4 12 5 20 30 12 27 12 64 31 68 38 21 2 29 79 32 48 31 25 32 93 6 5 6 4 0 5 6 6 0 4 0 11 0 5 3 6 0 1 0 0 0 1 1 1 9 7 3 4 37 11 11 18 13 24 8 51 20 91 33 0 0 14 28 26 23 50 2 14 23 1 2 62 
1 2 0 0 0 2 2 1 1 0 0 0 3 1 0 1 1 1 2 2 0 0 0 1 2 0 0 5 0 13 0 3 10 4 7 4 48 15 30 7 19 4 32 55 24 48 24 12 10 47 0 0 4 3 3 0 2 3 0 2 2 2 1 5 1 0 0 0 0 0 0 2 1 0 11 3 1 3 13 11 13 5 4 22 5 26 6 53 16 0 0 54 2 9 13 7 4 5 11 1 2 28 
1 4 1 0 1 1 1 0 2 0 0 0 1 3 2 1 2 2 1 0 0 1 0 2 0 0 0 1 1 12 0 5 18 0 11 3 37 13 57 25 22 6 57 70 41 65 33 10 19 79 6 6 5 4 3 0 3 2 0 0 0 2 0 1 0 3 0 0 0 0 0 3 0 5 11 4 0 3 21 25 19 11 6 40 21 45 14 89 20 0 0 88 20 3 6 25 2 7 9 3 2 56 
2 1 4 0 0 1 1 0 3 1 1 0 1 0 0 0 0 1 0 0 0 0 0 0 0 0 0 0 3 6 3 12 9 2 6 4 28 13 24 8 8 6 18 44 19 32 19 13 7 68 1 6 4 2 3 1 3 1 0 1 0 4 0 2 0 0 0 0 0 0 0 0 1 1 9 3 2 4 19 11 2 9 4 23 5 24 11 50 15 0 0 52 24 5 9 11 4 6 14 0 2 27 
0 2 1 0 0 2 1 4 0 1 0 4 3 1 0 1 2 2 0 1 0 0 0 1 1 0 0 9 1 11 1 8 24 13 21 7 37 17 64 22 26 3 62 125 50 90 27 18 13 80 3 1 5 1 1 5 2 3 0 1 0 4 0 1 0 1 0 0 0 0 1 1 2 0 4 5 2 3 10 5 2 9 5 33 22 36 16 83 23 0 0 247 26 34 24 4 3 6 11 4 9 58 
0 2 0 0 0 0 0 0 0 0 0 2 1 0 0 0 0 1 0 0 1 0 0 0 2 0 0 0 0 0 2 2 3 1 3 4 1 2 3 2 2 3 9 15 5 8 12 1 5 18 0 2 2 1 0 0 0 0 0 0 0 0 0 0 0 0 0 0 0 0 0 0 2 0 0 3 1 0 1 6 2 5 3 12 7 5 10 25 8 0 0 25 2 4 7 9 2 2 0 0 0 16 
1 2 0 0 3 2 1 0 1 2 1 5 2 3 1 3 2 0 0 0 0 1 0 1 1 0 0 1 2 6 0 2 12 1 8 12 31 10 29 3 6 4 56 97 37 63 48 13 15 78 4 4 14 1 3 3 4 4 0 2 1 3 0 0 1 1 0 1 0 0 0 0 2 1 8 10 0 4 24 4 10 14 14 35 28 42 23 69 16 0 0 116 22 25 41 25 3 7 4 2 0 38 
2 2 1 0 0 3 0 1 1 0 0 0 0 1 0 1 0 0 0 0 0 0 0 0 0 0 0 0 1 1 0 1 6 0 5 5 34 7 28 5 8 5 35 80 46 55 32 16 5 81 9 2 4 1 1 3 0 5 0 1 0 0 0 0 0 0 0 0 0 0 0 0 0 0 4 14 5 3 11 6 5 5 5 33 13 26 6 65 12 0 0 107 14 11 18 10 4 2 5 2 1 17 
0 0 1 0 0 0 0 0 0 0 0 0 0 0 0 0 1 0 0 0 0 0 0 0 0 0 0 1 1 3 0 2 1 0 1 3 8 6 17 4 3 0 13 24 9 9 6 2 3 17 0 0 2 0 0 0 0 0 0 0 0 1 0 0 0 0 0 0 0 0 0 0 0 1 1 3 0 1 2 4 2 1 1 7 4 6 6 17 6 0 0 32 7 6 22 6 1 0 1 0 0 2 
0 0 0 0 0 1 0 0 0 0 0 0 0 0 0 0 0 0 0 0 0 0 0 0 0 0 0 0 0 0 0 0 4 0 1 0 6 1 6 2 1 0 13 14 3 12 12 6 6 7 1 0 0 0 0 0 1 1 0 0 0 0 0 0 0 0 0 0 0 0 0 0 0 0 2 3 0 1 2 0 1 0 1 7 3 6 4 19 3 0 0 25 5 4 7 5 2 2 2 4 1 0 
6 8 6 0 0 3 1 5 3 2 1 2 4 3 7 1 4 3 0 0 1 1 2 2 3 0 0 9 3 21 8 18 55 3 9 13 60 39 79 20 23 2 76 85 48 74 60 22 18 128 3 2 12 3 1 3 7 5 0 2 1 1 0 3 1 2 1 1 0 1 0 3 5 7 12 18 0 4 39 12 10 23 19 47 17 43 24 202 23 0 0 129 19 49 53 34 3 34 34 4 2 14 
