13 17 81 10 55 64 86 71 56 30 29 87 123 211 148 110 116 57 61 13 11 14 9 50 23 8 1 39 49 4 5 0 33 5 8 8 7 3 55 30 30 2 19 9 43 27 14 5 0 69 11 6 15 5 2 11 4 12 0 0 2 34 2 4 10 44 1 8 3 1 3 3 3 8 0 2 1 0 29 2 7 2 6 20 9 10 2 43 3 0 0 12 4 0 0 1 0 1 5 1 0 17 
17 13 33 13 16 49 42 68 78 33 15 98 90 283 146 109 59 52 59 22 4 12 5 33 9 1 2 33 32 2 1 1 22 9 17 7 5 2 48 47 21 3 19 28 25 36 17 4 2 55 10 1 8 9 5 16 11 24 0 1 3 62 4 14 11 34 5 13 0 6 2 0 5 3 1 6 2 1 21 3 4 1 1 25 5 6 15 17 2 0 0 16 7 3 1 1 0 1 6 0 0 10 
25 33 14 14 22 81 64 74 83 59 17 61 100 279 143 106 87 57 61 15 11 12 4 31 6 0 1 38 127 4 0 1 10 20 11 1 10 14 45 38 25 0 21 24 22 29 25 9 3 40 8 4 11 5 3 16 6 21 0 2 9 39 13 16 8 28 12 3 0 2 1 1 5 3 1 1 0 3 34 4 4 3 2 21 1 5 2 25 7 0 0 23 5 9 1 1 0 3 9 1 0 7 
20 30 31 6 3 22 15 25 15 7 10 25 18 52 45 13 9 14 13 1 2 1 3 6 2 4 1 4 4 9 1 1 0 1 4 1 0 0 14 7 2 0 0 1 4 1 4 1 2 11 0 0 2 1 0 4 1 1 0 1 1 8 6 11 6 6 0 0 0 0 1 0 0 1 0 1 0 0 14 0 0 0 1 1 0 4 1 2 2 0 0 3 2 1 0 0 0 0 0 0 0 3 
35 27 13 8 3 8 22 27 18 12 0 22 31 59 33 75 29 38 25 17 10 3 1 11 2 3 0 13 11 0 1 3 2 4 2 0 2 1 33 14 3 0 2 8 6 2 8 1 0 18 5 4 13 6 2 0 0 3 0 0 4 1 1 5 1 6 5 0 1 2 1 5 0 4 1 3 0 0 10 3 3 1 1 5 0 1 3 7 0 0 0 2 1 0 1 1 1 0 2 0 0 0 
72 192 137 35 27 9 19 43 33 35 14 108 85 497 271 196 205 114 126 28 23 19 7 49 13 6 0 42 90 6 3 16 14 30 9 4 2 11 167 84 13 5 28 45 30 21 18 1 2 48 14 11 21 11 6 8 13 15 0 9 9 77 23 45 38 57 10 20 5 8 6 3 9 14 1 4 1 4 26 0 0 2 1 13 1 7 2 20 8 0 0 30 5 2 3 3 0 1 1 0 0 15 
60 114 46 15 21 30 9 45 72 58 20 75 124 237 149 107 92 57 84 30 22 13 22 19 12 1 0 20 55 6 1 5 10 10 16 1 5 7 74 85 40 3 40 28 11 27 22 2 1 42 8 3 15 5 4 13 8 7 0 2 4 72 17 38 12 63 8 7 0 1 3 2 8 24 2 5 0 3 17 2 2 2 3 8 4 7 1 7 3 0 0 42 4 7 7 2 0 0 8 0 0 4 
60 95 86 5 6 34 25 8 26 58 30 115 154 338 157 208 124 86 63 20 25 7 17 32 17 4 0 31 26 4 3 16 9 7 28 5 2 7 81 85 20 2 19 35 12 34 19 4 6 37 12 1 14 3 5 4 7 12 0 1 4 22 7 16 35 18 11 5 4 1 4 4 11 11 4 5 0 1 14 1 1 2 1 13 3 6 2 5 3 0 0 56 7 5 1 0 0 1 0 1 2 5 
61 101 169 14 24 95 87 37 12 19 35 95 148 363 158 156 138 50 65 37 20 23 7 26 18 2 2 32 68 3 3 4 12 6 1 4 6 14 138 62 42 12 37 38 20 30 32 3 8 33 5 6 13 1 2 1 8 7 0 1 0 19 15 25 20 46 4 7 2 2 6 8 5 7 3 6 1 0 33 0 0 0 1 7 1 5 0 8 2 0 0 36 4 10 2 0 0 0 0 0 0 9 
48 57 42 5 12 34 43 16 21 4 13 54 64 256 110 84 95 61 64 24 24 5 9 35 13 1 0 28 44 14 0 7 7 3 2 0 1 8 60 35 36 7 9 24 8 24 7 4 6 30 4 5 8 5 0 7 1 5 0 2 0 17 7 26 6 24 3 7 3 3 0 2 8 4 6 1 1 1 20 2 4 0 0 12 0 8 0 11 1 0 0 7 15 1 0 1 0 0 0 0 0 0 
16 32 20 11 62 28 29 37 39 20 1 35 55 121 39 102 45 25 54 14 15 13 13 18 2 2 0 25 16 7 1 3 3 3 0 0 1 0 46 42 15 5 11 15 4 33 9 4 6 15 2 4 4 4 1 2 3 7 0 2 2 42 7 10 7 14 3 5 0 2 6 1 0 3 4 3 2 0 18 1 1 0 1 1 1 1 1 2 4 0 0 17 3 0 0 0 0 2 0 0 0 5 
55 104 95 17 31 69 41 75 63 56 20 16 49 121 66 108 115 109 120 36 29 15 30 63 30 5 0 49 33 15 3 20 15 10 1 3 1 2 52 47 21 15 40 24 8 56 9 4 6 51 8 5 11 4 7 2 35 10 0 0 2 35 1 16 8 29 1 10 0 2 6 0 2 6 2 9 0 0 23 0 0 0 0 1 0 0 1 1 1 0 0 39 9 3 11 2 0 0 0 0 0 8 
44 80 109 5 52 105 68 93 135 73 39 39 9 84 99 126 123 138 150 45 72 28 24 76 28 4 2 88 62 10 4 9 16 19 13 0 2 5 33 59 27 12 105 50 10 41 7 9 5 64 7 7 15 5 1 3 7 6 0 13 2 90 3 3 5 3 4 6 0 1 2 5 3 3 5 3 1 0 27 10 1 0 0 1 0 1 0 6 2 0 0 49 5 6 3 1 1 1 4 0 1 4 
40 58 59 5 21 104 45 34 105 40 18 49 30 12 13 62 49 107 106 63 54 31 31 76 38 16 4 170 32 5 0 0 1 1 0 1 1 3 10 30 26 9 21 7 11 11 7 6 1 18 5 6 7 4 0 5 5 30 0 1 3 29 0 1 0 0 0 0 0 1 0 0 1 0 4 1 0 0 22 0 0 3 0 0 0 0 0 3 0 0 0 16 1 7 1 0 2 2 2 0 0 5 
60 82 133 5 49 90 40 109 85 84 50 87 94 42 2 28 68 68 114 42 45 33 67 79 36 20 2 159 30 4 1 8 16 0 12 0 0 3 11 41 10 1 16 25 7 28 5 4 7 32 10 16 10 8 15 5 35 10 0 2 2 60 3 1 2 4 0 0 0 1 0 1 0 3 8 6 3 2 26 1 0 0 0 0 0 0 1 4 0 0 0 21 7 1 1 2 0 1 2 0 0 4 
60 71 56 8 29 95 32 72 81 51 40 54 68 94 20 13 69 153 177 60 80 37 33 83 48 15 5 124 52 34 6 65 58 23 55 13 96 3 4 47 17 4 19 46 25 23 29 2 2 57 10 7 15 9 8 7 11 11 0 7 1 46 0 12 0 0 0 0 0 0 2 5 12 5 6 17 6 2 52 4 0 0 0 0 0 0 5 14 13 0 0 33 7 8 4 1 0 0 2 0 0 6 
31 66 69 5 21 61 36 99 80 68 66 125 82 332 89 82 7 167 165 67 98 36 55 142 39 4 4 100 24 29 15 74 127 58 101 65 76 11 88 75 49 10 128 110 53 64 33 13 14 104 17 3 12 4 9 9 10 25 0 3 4 102 2 14 11 1 0 0 2 0 1 0 3 3 2 10 5 0 39 13 3 1 0 0 1 6 3 13 11 0 0 65 18 6 5 2 2 0 0 0 0 13 
43 29 53 6 8 51 30 39 72 76 33 86 94 215 97 231 60 9 69 49 77 21 51 85 36 16 1 108 35 50 10 38 74 28 74 31 59 13 80 39 39 5 64 73 45 48 33 4 6 74 13 2 8 4 1 5 7 10 0 2 2 13 2 1 0 0 0 0 1 0 0 0 1 1 1 2 0 1 31 3 2 1 0 1 0 8 1 29 8 0 0 40 7 0 0 0 0 0 0 1 0 7 
32 53 32 7 3 43 21 35 34 28 51 51 69 162 67 157 80 70 6 23 135 39 75 100 53 13 5 79 24 7 7 27 34 20 57 19 39 8 33 4 14 5 31 41 22 31 20 2 3 58 2 2 6 1 1 2 16 11 0 4 1 16 0 7 0 1 0 0 0 0 0 0 1 0 1 1 2 1 14 0 1 0 0 0 0 4 0 5 1 0 0 5 0 0 0 0 0 0 0 0 0 3 
21 33 25 3 16 23 25 20 54 38 32 96 59 204 117 170 157 119 85 6 9 8 32 54 29 11 3 154 17 8 9 17 22 19 59 16 23 8 95 29 25 2 21 15 11 30 12 2 5 30 1 3 7 0 2 2 0 4 0 2 1 5 0 1 0 0 0 0 0 0 0 0 0 0 1 1 0 1 7 3 1 0 0 0 1 8 4 10 0 0 0 8 0 0 1 0 0 0 2 0 0 2 
17 13 22 5 6 18 18 33 28 36 16 80 75 361 217 305 263 287 169 6 6 5 15 39 15 16 33 119 6 6 3 2 10 2 68 20 52 13 103 39 22 3 36 34 34 34 19 5 7 67 2 2 3 0 2 1 1 1 0 1 0 2 0 0 0 0 0 0 0 0 0 0 0 0 0 0 0 1 7 1 1 1 0 0 0 0 1 13 4 0 0 5 0 0 0 0 0 0 0 0 0 1 
12 29 21 8 25 38 22 61 61 20 52 135 118 537 249 401 329 250 201 10 16 14 59 67 41 30 66 195 13 8 2 7 23 16 37 32 92 34 150 39 15 2 25 33 16 33 24 6 2 23 2 0 5 0 3 1 1 3 0 5 0 0 0 1 1 1 0 0 0 1 0 0 0 1 0 4 0 0 13 0 0 0 1 0 1 2 3 11 1 0 0 5 2 0 0 0 1 0 0 0 0 1 
14 10 24 4 0 24 3 28 28 19 35 57 53 305 249 305 252 259 234 62 102 27 7 28 11 26 12 269 6 5 3 9 30 43 61 24 23 18 148 28 11 2 42 46 39 19 5 5 3 30 3 0 4 4 5 0 3 11 0 12 6 12 0 2 2 0 0 0 0 1 0 0 0 0 0 1 0 6 5 0 2 1 1 0 2 0 0 10 1 0 0 21 1 0 1 0 0 0 0 0 1 4 
23 43 33 4 13 24 21 38 55 99 44 181 123 560 282 420 504 277 261 102 173 51 22 10 15 39 35 221 7 8 4 4 50 27 143 27 105 16 220 75 63 4 28 97 31 44 43 12 4 108 12 2 8 9 3 2 5 8 0 3 3 12 0 0 1 0 0 0 0 0 0 0 0 1 3 2 3 2 26 0 7 1 0 2 0 2 4 26 5 0 0 16 0 1 1 0 0 0 5 0 0 2 
31 43 27 7 16 41 15 46 32 58 19 57 97 166 124 216 118 121 119 84 68 18 22 8 11 15 8 126 23 11 3 18 111 19 55 33 67 12 77 47 45 2 27 31 44 54 28 11 6 138 22 12 16 6 4 6 4 10 0 2 3 3 2 1 1 1 2 0 3 0 0 0 1 4 2 3 1 1 33 3 2 4 1 1 1 4 5 51 8 0 0 12 2 1 2 2 0 1 0 0 0 2 
0 2 2 0 0 0 1 3 4 1 1 3 2 21 8 28 18 14 15 19 32 25 8 36 7 2 2 29 0 2 0 1 3 3 5 2 6 3 19 1 1 0 0 11 0 4 0 0 0 4 0 0 0 0 2 1 0 0 0 0 0 0 0 0 0 0 0 0 0 0 0 0 0 0 0 0 0 0 1 0 0 0 0 0 0 0 0 0 0 0 0 0 0 0 0 0 0 0 0 0 0 1 
0 2 4 0 0 1 2 4 2 3 5 9 13 44 47 35 65 13 31 35 58 28 18 70 33 6 4 121 1 3 0 4 5 1 12 6 25 3 30 15 8 0 3 6 2 3 4 0 1 6 0 2 2 1 0 3 0 0 0 0 0 0 0 0 1 5 0 0 0 0 0 0 0 0 0 2 0 0 2 0 0 0 0 2 1 2 0 3 0 0 0 3 0 0 0 0 0 0 0 0 0 0 
28 29 27 6 13 16 7 20 26 53 21 55 118 312 201 325 247 176 142 93 112 126 138 135 56 22 25 12 14 0 3 8 52 26 49 29 83 31 128 54 23 11 39 45 34 55 51 18 11 115 8 2 16 5 2 2 3 7 0 2 4 2 0 1 0 1 0 0 0 0 2 0 1 0 3 1 1 3 30 2 2 3 0 2 1 8 2 50 2 0 0 17 3 1 2 1 1 0 9 0 0 9 
7 10 3 1 1 4 6 2 9 1 2 3 5 32 7 15 29 0 5 3 0 3 2 2 0 0 1 5 0 1 2 0 0 2 1 0 3 0 4 8 0 0 0 0 3 0 1 0 0 5 0 1 0 3 0 0 0 1 0 0 7 9 0 1 3 0 0 0 0 0 1 0 0 0 0 0 0 0 0 10 0 0 1 0 0 0 0 0 0 0 0 1 0 0 1 0 0 0 0 0 0 0 
3 3 5 1 6 12 8 11 3 4 12 25 18 15 12 76 146 115 102 15 21 6 11 19 12 0 0 2 7 31 162 445 991 505 1231 642 1625 434 752 404 222 37 237 300 160 153 117 34 51 361 27 10 30 17 11 11 8 19 0 30 33 288 24 66 91 158 42 30 22 11 7 12 5 7 8 5 4 4 63 11 15 6 2 3 1 22 17 113 26 0 0 203 35 33 23 13 2 9 12 1 3 46 
2 1 4 0 1 3 10 1 5 1 3 3 12 1 2 12 39 65 56 6 5 6 4 3 10 0 0 2 0 76 23 216 505 208 480 251 626 129 202 168 49 9 67 61 54 51 43 6 10 102 8 2 16 11 4 16 4 16 0 23 9 154 1 29 41 111 22 27 8 3 1 3 16 5 7 2 0 2 20 3 2 0 1 3 0 6 5 36 4 0 0 70 9 4 8 3 0 1 12 0 1 7 
5 7 11 0 1 2 4 5 10 5 3 5 24 5 14 65 136 83 81 10 6 2 5 7 2 3 3 9 4 165 216 18 391 197 852 308 945 450 677 277 219 18 262 268 148 178 108 50 22 248 20 10 37 10 5 14 11 17 0 19 31 162 0 18 54 116 21 19 24 3 0 5 16 4 3 11 4 1 82 5 8 1 2 11 3 12 8 51 39 0 0 186 30 25 28 6 1 2 9 1 0 30 
6 8 1 1 2 2 5 5 1 0 2 2 7 4 2 20 26 33 18 2 4 0 3 8 4 0 1 10 2 182 106 92 10 41 226 94 227 85 258 144 101 21 113 95 79 106 76 31 18 198 17 11 6 6 3 4 2 8 0 16 4 17 0 2 18 29 3 2 4 4 7 8 14 1 3 3 0 3 41 1 2 1 3 1 1 8 3 86 18 0 0 96 11 6 10 5 1 1 8 0 0 26 
1 2 1 2 3 2 3 0 0 1 1 0 1 0 1 6 44 37 40 2 2 4 5 15 5 1 0 4 0 99 45 96 75 8 152 65 274 114 219 151 71 9 134 159 58 67 69 11 10 117 10 1 21 13 3 2 6 12 0 3 4 82 4 3 18 49 9 12 7 12 18 9 45 23 7 1 0 6 27 7 1 0 0 2 1 3 2 22 13 0 0 165 32 30 16 6 2 2 8 0 2 13 
6 1 2 0 7 8 6 3 1 0 4 1 4 0 2 16 20 33 14 3 15 7 15 19 9 1 1 7 3 174 53 184 183 77 10 27 168 73 181 160 56 8 108 122 72 84 62 10 16 132 6 1 5 8 4 4 9 8 0 2 0 79 3 17 12 84 6 2 1 7 20 16 25 28 2 2 1 2 39 1 2 0 1 2 0 5 2 22 12 0 0 111 20 32 15 8 0 4 1 0 0 20 
5 7 3 2 1 4 3 2 2 2 0 0 0 1 7 18 57 31 49 5 14 2 11 17 2 5 0 10 3 201 85 161 212 117 102 13 532 129 118 123 87 9 123 62 63 152 77 35 12 109 5 13 9 3 1 5 5 7 0 6 4 66 9 4 15 33 0 7 3 5 3 6 11 12 3 4 1 0 26 0 0 0 1 0 0 7 4 30 9 0 0 79 16 12 2 19 0 1 7 0 0 20 
1 1 1 0 1 3 0 0 1 2 1 1 5 1 1 15 12 6 5 1 3 5 2 9 19 0 1 13 2 220 79 221 262 70 165 133 37 66 154 205 137 45 115 130 107 212 92 29 25 260 5 6 3 5 0 1 8 1 0 1 0 54 6 17 12 19 3 5 1 0 4 13 16 11 2 0 1 0 8 4 2 0 0 0 6 11 3 39 16 0 0 143 13 24 25 16 0 4 2 0 0 33 
3 16 5 2 12 12 3 8 5 6 4 6 17 17 5 3 17 18 18 7 13 7 0 16 7 0 2 25 3 177 37 276 236 120 250 59 212 12 148 358 252 30 253 329 164 235 167 48 41 383 6 2 1 3 1 0 1 2 0 1 2 147 3 24 14 12 2 7 8 3 6 4 11 21 5 1 0 1 8 0 0 0 3 2 2 9 11 61 42 0 0 423 38 50 17 19 1 5 7 0 3 38 
14 9 10 10 27 14 12 17 23 22 5 16 21 5 6 25 24 23 25 6 15 9 7 44 11 8 0 39 4 124 29 193 280 105 338 57 366 86 52 375 194 48 234 259 185 281 141 79 20 364 4 0 19 2 1 9 4 5 0 1 6 202 22 17 16 31 7 2 4 3 5 22 12 18 0 12 0 3 9 0 3 1 1 1 11 29 15 68 36 0 0 309 30 52 43 20 1 5 12 3 3 47 
32 42 19 4 13 44 19 33 49 25 24 34 37 79 39 86 95 126 103 15 21 7 18 36 18 1 1 37 10 151 77 282 335 247 793 175 1172 519 1084 26 136 56 357 366 232 513 278 74 73 616 10 1 10 5 3 1 13 5 0 1 12 252 12 51 37 55 7 16 2 3 3 4 13 13 12 7 1 2 22 6 4 11 11 21 1 6 9 35 56 0 0 173 19 19 62 14 0 0 4 2 0 45 
16 16 16 4 4 21 7 17 32 23 3 23 14 31 13 67 56 68 23 14 21 5 14 32 14 2 0 44 11 93 23 139 234 155 265 87 564 308 540 47 15 24 180 211 147 313 188 66 48 361 1 3 3 0 7 0 3 2 0 3 12 79 4 7 14 34 4 2 6 3 5 8 9 4 1 4 0 0 6 1 13 2 1 10 1 24 9 13 40 0 0 99 15 27 31 9 0 4 8 0 2 22 
2 3 3 0 2 2 1 3 0 8 0 3 6 23 0 0 13 7 6 0 2 0 1 10 3 1 0 13 4 16 5 29 52 24 41 14 170 56 101 66 28 3 109 91 51 68 45 15 8 63 0 5 0 0 0 1 0 1 0 1 0 16 0 2 1 5 2 0 1 1 2 0 8 3 0 1 1 0 3 1 1 3 3 6 0 20 3 27 25 0 0 47 20 11 10 2 0 2 1 0 0 17 
6 9 7 0 3 9 2 11 17 6 3 4 12 9 13 11 40 25 16 0 2 0 3 12 4 1 0 16 5 29 17 83 164 46 139 22 204 134 204 103 92 18 19 48 122 117 78 25 34 202 16 0 7 9 1 8 18 3 0 4 11 59 7 21 17 11 10 2 0 2 1 4 5 2 7 9 1 5 24 20 22 20 19 50 24 73 30 135 50 0 0 75 27 38 38 28 9 9 32 0 1 113 
3 10 9 0 9 13 2 4 4 5 3 8 7 8 10 16 42 37 51 0 8 7 1 6 3 1 0 25 3 53 24 52 87 63 178 64 239 169 276 182 133 77 65 30 490 262 163 113 73 413 17 18 18 6 0 15 8 6 0 8 1 35 2 13 4 13 6 3 1 0 4 0 10 6 17 13 2 6 42 25 16 28 8 69 26 109 56 107 42 0 0 332 74 85 89 75 20 18 21 2 9 120 
9 18 11 2 2 11 6 11 10 9 5 20 13 14 8 37 59 46 26 4 3 5 6 26 14 0 0 23 5 40 20 71 126 60 166 36 404 147 278 216 147 59 272 184 50 210 139 106 59 558 11 6 14 2 1 3 1 3 0 1 0 35 1 16 26 42 13 4 4 2 4 1 12 7 3 1 1 4 46 14 13 21 4 38 3 26 18 63 13 0 0 232 45 49 62 27 11 5 22 3 0 64 
8 7 4 5 2 10 7 9 3 7 9 23 20 13 14 27 36 66 31 1 18 7 1 16 2 0 0 25 6 33 6 55 164 76 134 41 367 133 239 208 178 33 188 287 135 19 63 124 65 472 8 2 7 3 2 3 1 20 0 1 4 30 3 18 13 33 3 8 6 0 2 4 3 7 8 4 0 0 36 21 11 13 6 27 19 42 18 122 27 0 0 247 48 55 81 30 7 14 13 3 3 89 
7 18 11 4 6 12 7 8 16 7 3 5 9 12 9 30 46 41 43 3 9 4 2 16 8 0 1 26 8 49 25 54 188 73 126 39 332 175 264 209 152 47 197 286 264 151 26 129 147 348 6 12 9 5 0 2 6 7 0 2 5 19 3 2 11 16 6 4 12 1 3 5 12 5 5 21 0 4 29 14 15 15 7 40 8 50 29 153 24 0 0 245 49 61 52 21 7 15 19 1 2 110 
13 12 7 0 3 7 14 3 9 16 11 15 21 23 7 20 37 27 17 8 4 4 3 18 7 0 2 19 0 38 1 51 129 47 136 39 307 154 393 270 188 44 315 672 482 835 495 13 71 1196 9 4 7 6 0 1 3 6 0 3 2 14 2 24 6 17 2 5 5 1 3 0 4 2 4 4 2 1 27 7 8 10 4 54 20 71 69 143 69 0 0 593 76 117 134 27 1 13 31 0 2 75 
10 9 14 0 1 6 5 12 5 23 3 14 11 19 21 30 30 51 43 6 6 2 7 20 8 0 0 15 3 37 17 64 145 66 166 39 275 139 335 379 160 54 538 1086 712 1281 865 307 22 2050 15 11 8 1 3 0 3 9 0 0 4 26 5 17 10 45 1 9 3 5 2 5 16 10 1 5 0 6 33 5 15 14 9 107 11 55 48 193 76 0 0 1167 119 217 243 67 7 25 31 1 3 69 
46 34 29 4 17 36 10 11 38 44 17 34 22 49 23 97 76 108 99 19 14 10 15 149 35 1 1 106 20 174 48 189 820 162 309 132 694 488 674 677 435 84 819 1231 615 1297 425 528 189 39 43 24 40 10 4 11 7 15 0 4 15 48 1 38 18 74 17 16 9 11 13 22 31 34 20 19 4 7 95 15 24 51 39 104 35 121 97 609 118 0 0 1162 141 194 274 42 17 38 78 6 5 302 
6 4 15 1 3 9 11 17 10 14 3 14 15 25 36 31 21 11 7 5 3 1 3 38 14 2 0 24 4 5 2 6 68 6 32 4 32 6 14 9 11 5 8 21 9 31 12 1 5 59 5 10 50 54 52 20 31 60 0 84 13 59 5 44 35 65 9 25 4 11 10 12 17 20 13 32 1 6 177 27 14 6 11 45 9 21 10 54 14 0 0 12 7 8 12 4 1 5 15 1 1 35 
2 5 1 1 2 9 5 5 10 4 4 16 10 24 20 24 12 6 8 0 2 0 0 7 3 0 0 5 5 2 2 8 40 12 35 12 18 1 27 8 2 3 33 21 8 13 14 5 2 26 51 3 42 19 32 7 31 51 0 36 26 32 10 23 35 51 3 14 0 2 5 2 17 11 7 5 1 1 86 10 6 1 6 32 18 15 2 14 7 0 0 34 2 5 3 2 4 4 3 1 2 11 
8 5 7 2 6 9 11 18 6 11 14 27 7 30 27 35 20 22 11 5 9 2 3 25 3 1 0 10 5 14 10 9 62 26 39 10 29 5 30 13 12 3 19 44 6 44 15 2 4 61 89 22 9 25 11 10 39 60 0 51 16 73 22 43 41 90 22 23 8 12 15 4 15 23 3 16 1 11 108 23 14 4 8 81 8 28 8 66 22 0 0 23 9 9 14 2 1 1 11 2 1 23 
8 10 12 2 4 20 11 12 7 9 4 17 16 69 39 21 26 30 5 2 4 0 0 9 2 0 0 4 3 15 11 11 52 29 66 9 24 3 19 21 18 0 27 26 9 15 14 3 3 26 219 101 45 7 35 21 100 78 0 99 17 116 21 75 71 81 23 34 5 8 9 10 14 18 6 7 1 13 145 11 30 3 19 60 23 14 4 24 4 0 0 47 10 16 9 3 0 5 6 0 0 16 
4 5 7 4 11 17 4 5 6 3 4 4 12 35 8 9 10 4 2 0 0 3 0 9 0 0 0 11 0 6 2 9 16 9 38 8 15 0 10 26 1 0 7 11 3 4 2 0 0 15 42 25 45 21 2 3 56 54 0 37 23 40 21 33 25 33 6 15 0 9 1 3 6 6 1 7 2 13 73 7 1 16 7 42 10 7 0 11 2 0 0 3 4 7 10 0 0 0 3 0 0 2 
1 6 10 0 1 2 2 4 2 1 1 3 5 24 6 3 8 3 3 0 1 0 1 9 0 0 0 4 5 2 4 7 26 2 15 3 4 1 3 12 1 0 3 8 3 2 1 1 2 8 17 15 6 8 7 0 21 24 0 48 7 29 5 13 6 24 5 8 5 3 1 1 4 4 1 3 0 6 67 4 1 2 1 17 6 5 1 11 2 0 0 12 3 3 0 1 0 1 1 0 0 0 
2 3 9 0 0 15 2 5 3 2 3 9 25 85 12 39 44 22 34 0 4 2 2 15 12 0 0 5 5 11 6 19 46 22 78 5 24 1 43 13 3 1 30 52 4 16 14 1 1 31 63 19 22 17 14 21 4 16 0 46 22 62 11 69 58 72 15 19 1 11 15 8 18 14 15 27 4 20 57 8 8 4 6 60 8 11 3 30 5 0 0 28 4 3 5 1 2 1 0 0 0 12 
10 11 24 0 6 29 19 18 18 9 23 42 24 144 41 49 60 22 24 10 2 4 1 13 6 0 0 9 6 30 6 61 50 50 86 8 17 2 43 19 10 2 47 67 13 25 11 12 4 53 65 44 134 47 29 41 15 7 0 79 59 140 39 85 85 109 21 36 7 14 14 15 26 22 48 39 6 16 146 8 17 11 11 85 16 14 4 32 14 0 0 46 8 9 11 2 0 2 4 0 2 20 
0 0 0 0 0 0 0 0 0 0 0 0 0 0 0 0 0 0 0 0 0 0 0 0 0 0 0 0 0 0 0 0 0 0 0 0 0 0 0 0 0 0 0 0 0 0 0 0 0 0 0 0 0 0 0 0 0 0 0 0 0 0 0 0 0 0 0 0 0 0 0 0 1 0 0 0 0 0 0 0 0 0 0 0 0 0 0 0 0 0 0 0 0 0 0 0 0 0 0 0 0 0 
11 12 15 2 3 9 10 10 5 1 2 32 33 60 29 40 43 33 19 15 20 4 7 19 7 1 0 23 7 9 7 37 16 30 31 2 1 5 12 21 7 5 8 22 2 14 1 2 1 16 47 17 49 36 26 28 22 36 0 7 29 117 35 67 111 101 28 57 11 14 12 25 36 34 11 8 2 5 66 6 2 6 3 36 4 14 1 31 5 0 0 28 11 0 9 8 0 0 1 1 0 14 
2 0 5 1 1 4 0 0 1 0 0 1 3 13 3 2 1 6 0 0 0 0 0 2 0 0 0 2 2 1 1 14 7 13 14 1 5 1 23 4 2 1 2 15 1 8 0 0 0 6 19 9 22 13 16 10 10 2 0 1 0 59 9 11 36 73 17 33 7 11 6 4 32 24 6 2 1 8 29 3 4 7 2 17 2 7 7 5 3 0 0 9 2 0 2 4 0 0 0 0 0 4 
0 0 0 0 1 1 1 5 0 1 0 0 1 5 0 0 0 0 1 0 0 0 0 0 0 0 0 0 0 2 0 1 6 1 2 1 2 1 7 1 1 0 0 2 1 2 1 0 1 2 11 2 5 0 1 7 3 5 0 1 8 2 0 2 6 5 3 1 7 1 1 1 2 1 0 0 0 0 10 0 0 3 6 1 0 0 1 1 0 0 0 1 1 0 0 0 0 0 0 0 0 0 
0 3 7 0 0 16 6 5 0 1 0 0 1 0 0 3 1 1 1 0 0 0 0 0 0 0 0 1 2 7 4 7 0 1 10 7 24 18 6 4 6 1 6 8 3 4 2 1 1 5 7 5 8 6 5 19 8 6 0 4 3 2 1 13 74 103 22 6 6 11 0 6 6 15 3 4 3 0 21 4 6 1 0 1 0 0 1 6 1 0 0 7 1 0 0 0 0 0 0 0 0 1 
3 3 4 2 0 0 2 14 2 1 1 1 1 0 0 3 6 1 11 4 5 1 1 2 2 0 0 3 13 11 7 27 7 2 52 19 58 24 48 16 10 3 24 62 18 13 22 1 0 35 32 22 35 18 8 21 20 16 0 34 24 204 8 4 36 104 16 25 30 26 11 31 36 49 5 7 3 7 63 10 3 5 1 5 2 1 0 10 3 0 0 14 0 3 8 0 0 0 0 0 0 0 
10 12 3 1 1 17 5 18 2 3 3 3 3 1 1 6 11 1 0 0 0 0 1 1 0 0 0 0 6 34 13 81 45 19 32 22 59 15 78 63 30 2 19 32 23 25 25 9 3 37 36 9 37 18 5 37 22 36 0 32 47 215 46 49 6 76 36 73 38 44 47 51 62 83 10 20 10 10 49 14 13 6 4 12 0 5 2 14 8 0 0 23 0 2 5 1 0 0 1 0 0 3 
5 22 9 4 3 21 12 12 18 13 4 10 10 0 1 3 0 0 0 0 1 0 0 0 0 0 0 2 5 71 20 59 50 52 73 25 149 21 137 42 30 1 25 51 18 17 15 17 4 41 36 20 43 15 24 21 39 32 0 77 58 231 44 101 145 23 18 95 113 117 78 113 125 132 9 5 4 10 128 17 17 5 8 36 9 11 3 25 7 0 0 26 1 1 0 0 0 0 1 0 0 10 
5 11 6 0 3 10 11 32 8 5 2 4 6 4 1 12 0 0 0 0 0 0 0 0 0 0 0 0 2 27 3 51 24 15 31 13 56 18 34 7 4 7 4 21 15 8 17 6 8 15 10 4 25 13 3 0 7 16 0 30 28 70 54 80 97 34 4 26 61 72 68 77 125 78 1 3 2 0 39 1 13 1 5 6 5 2 2 6 2 0 0 2 0 1 0 0 0 1 0 0 0 2 
2 7 14 0 2 10 3 12 12 4 5 9 1 0 0 8 0 0 0 0 0 0 0 0 0 0 0 0 14 25 16 20 47 27 113 29 116 12 54 17 7 3 5 19 6 18 8 1 2 26 27 15 40 14 10 12 36 26 0 41 47 189 18 51 145 250 19 2 21 72 73 60 100 99 8 8 3 4 64 13 11 6 2 5 1 12 0 9 3 0 0 3 0 0 0 0 0 0 0 0 0 1 
2 3 1 0 0 5 3 2 0 0 0 8 0 1 0 2 0 0 0 0 0 0 0 1 0 0 0 0 1 9 4 15 18 14 47 13 49 6 13 1 3 0 5 0 4 2 5 2 0 6 4 0 13 2 4 12 5 2 0 9 4 50 31 34 55 145 56 25 5 12 16 52 52 31 2 4 0 0 29 2 2 2 0 7 2 1 0 5 4 0 0 2 0 0 0 0 0 0 0 0 0 1 
5 8 3 0 1 2 8 8 1 6 0 11 1 0 0 0 0 0 0 0 0 0 0 0 0 0 0 0 3 24 7 25 25 52 65 33 55 20 20 5 14 0 5 7 3 4 2 3 1 13 17 11 35 13 15 6 25 30 0 51 39 241 34 78 191 252 66 41 26 4 52 92 176 301 4 7 2 4 54 4 1 10 7 14 0 1 1 3 0 0 0 0 1 0 0 0 0 0 0 0 0 1 
6 3 3 4 7 3 5 8 5 2 10 12 4 0 3 48 0 0 0 0 0 0 0 0 0 1 0 0 1 8 7 23 97 59 182 41 233 55 122 42 16 3 28 19 17 30 8 6 3 40 19 6 18 6 4 12 15 25 0 53 44 252 48 112 190 421 106 197 135 108 3 66 140 136 4 5 0 3 60 10 10 9 3 17 2 12 4 15 1 0 0 11 0 2 1 0 0 0 1 0 0 2 
4 8 2 1 1 12 6 14 9 5 2 4 4 1 1 16 0 0 0 0 0 0 0 0 0 0 0 1 3 11 6 9 72 56 154 35 132 33 60 27 16 4 24 21 10 18 13 9 4 22 16 3 20 12 5 15 13 9 0 75 41 276 28 148 247 391 107 175 95 97 31 7 146 235 0 1 3 3 67 8 6 4 3 17 6 8 4 14 12 0 0 13 0 2 1 0 0 0 0 0 0 3 
2 4 5 2 0 3 1 4 4 0 3 3 2 0 1 5 0 0 0 0 0 0 0 0 0 0 0 1 5 0 2 3 8 35 33 11 28 9 21 3 2 0 1 9 6 6 1 4 4 15 17 15 21 5 9 14 16 21 0 24 9 148 29 42 113 167 49 35 21 64 70 37 5 42 12 1 3 3 52 10 6 1 0 6 1 3 1 15 1 0 0 5 0 0 1 0 0 0 2 0 0 4 
6 11 1 1 0 3 4 6 2 5 4 6 4 0 0 1 2 0 2 0 1 0 0 0 0 0 0 0 3 3 0 2 13 20 16 2 29 3 10 6 9 0 1 6 1 1 1 1 0 14 19 3 12 9 3 20 9 7 0 41 32 102 17 42 90 128 23 71 34 63 40 29 68 1 8 2 2 0 50 3 5 5 7 8 2 4 0 7 2 0 0 4 1 0 0 0 0 0 2 0 0 1 
2 3 4 0 5 6 4 14 7 7 1 8 16 41 25 31 18 27 6 6 4 1 5 10 10 0 0 10 2 7 3 13 34 11 40 5 21 3 24 17 26 4 50 82 11 48 26 10 11 53 9 3 18 11 8 22 57 77 0 71 27 54 24 19 21 34 4 12 4 6 8 13 7 8 4 30 19 25 455 84 57 34 41 236 28 53 17 108 30 0 0 38 9 22 16 6 3 12 8 2 3 37 
0 9 5 0 0 4 3 4 16 14 1 10 7 51 17 43 26 7 9 0 1 2 0 10 4 0 1 8 3 4 3 11 27 14 37 14 17 1 21 18 23 0 34 63 22 40 38 7 3 63 16 8 38 15 28 34 59 105 0 70 47 51 10 26 25 53 8 11 9 9 3 13 7 12 2 3 13 22 339 115 52 35 66 175 44 61 20 102 36 0 0 39 15 21 20 9 4 7 11 0 2 25 
0 1 1 0 0 4 3 5 1 0 0 5 5 2 0 4 3 2 3 0 0 1 0 1 1 0 0 2 0 1 4 9 6 2 4 0 3 1 5 2 2 0 14 10 1 2 3 1 4 9 6 1 9 14 3 4 10 18 0 25 10 3 0 7 17 13 0 3 0 1 1 1 1 7 11 22 1 12 96 22 27 6 5 68 4 6 8 32 7 0 0 9 2 8 5 1 0 0 1 0 1 0 
6 7 2 1 9 10 3 6 5 6 2 2 8 40 16 12 6 10 17 3 0 4 4 5 4 0 0 2 3 17 2 8 27 10 42 8 7 2 22 14 23 1 51 89 24 35 30 7 3 44 15 15 59 18 25 12 31 32 0 27 12 79 24 41 39 32 8 13 2 15 8 7 5 16 69 79 23 4 124 55 30 40 22 251 41 37 9 95 37 0 0 82 14 52 15 8 2 3 5 1 2 20 
19 18 32 3 23 32 10 19 5 8 0 33 13 140 64 63 108 22 48 21 9 4 6 38 12 2 0 25 8 49 12 38 101 48 107 9 29 9 53 34 21 6 100 168 19 52 34 15 14 87 82 64 91 42 38 15 54 96 0 62 38 111 39 109 86 184 26 65 14 41 30 40 55 39 92 105 23 27 10 35 58 39 22 287 54 47 33 111 51 0 0 145 15 52 26 14 5 17 8 2 0 44 
4 7 2 0 0 1 1 1 9 1 0 4 4 41 4 5 13 26 12 1 0 0 0 8 4 0 0 4 5 15 2 17 26 19 45 4 6 1 22 14 22 12 104 132 46 72 29 10 9 66 17 7 38 7 13 23 11 25 0 12 4 90 39 46 33 41 17 19 2 12 6 4 11 10 37 56 22 24 109 6 19 40 53 268 66 51 35 73 26 0 0 142 21 55 33 9 2 3 6 0 0 29 
8 9 2 0 3 2 0 2 2 4 1 1 8 9 0 18 3 28 3 1 3 0 2 3 0 1 0 4 6 9 9 17 36 5 15 0 5 2 4 17 16 5 89 148 31 52 25 4 4 65 31 17 17 8 4 0 21 30 0 16 14 57 33 24 48 45 9 13 1 4 2 2 23 1 13 24 29 27 145 68 4 34 22 245 54 45 17 83 52 0 0 179 48 45 40 9 10 9 5 1 3 30 
2 1 4 3 4 3 3 3 1 5 1 1 0 0 0 1 0 0 0 0 1 0 1 3 2 0 0 0 1 9 10 2 14 11 7 1 5 2 14 20 22 6 92 79 38 87 45 5 6 63 11 1 11 5 1 1 7 10 0 14 13 52 27 16 11 13 2 2 0 2 1 4 4 5 8 41 14 10 71 17 22 4 11 151 10 60 21 98 57 0 0 185 34 48 35 18 2 9 13 0 2 32 
3 8 3 2 3 2 1 0 1 1 4 1 0 0 1 1 1 0 1 0 0 0 1 1 0 0 0 3 0 8 1 4 26 19 3 0 2 1 28 33 32 4 121 127 8 83 54 10 8 92 38 13 32 3 8 14 6 25 0 22 9 115 25 30 20 53 8 12 6 7 4 5 12 22 30 47 7 40 240 71 43 12 7 301 93 57 17 86 32 0 0 214 35 49 43 9 2 11 6 0 1 35 
1 4 7 0 2 0 0 5 3 2 0 1 0 0 0 1 1 0 0 0 0 0 0 2 0 0 0 2 1 4 0 3 12 5 3 2 0 1 12 35 18 4 104 187 47 111 51 17 13 106 32 9 59 28 27 14 34 29 0 33 6 63 4 5 11 34 2 5 1 3 2 4 13 5 55 84 20 84 221 113 58 47 76 15 51 93 43 123 38 0 0 314 45 70 74 43 8 17 26 5 2 64 
4 13 4 2 4 2 2 2 1 4 0 0 1 0 0 4 0 1 0 0 1 0 0 0 0 0 0 0 2 5 1 7 14 3 2 1 1 10 20 59 32 17 274 261 87 234 105 33 23 124 35 10 19 10 30 6 62 36 0 31 14 90 1 12 8 37 1 3 2 3 2 3 9 12 44 32 8 27 206 124 125 71 106 279 8 121 51 172 66 0 0 472 53 134 101 38 12 29 26 0 3 61 
2 6 1 5 1 0 8 1 4 1 5 0 2 0 6 7 11 11 0 0 4 2 0 4 7 0 0 7 1 13 2 7 25 22 18 5 61 27 70 13 24 9 148 275 69 177 76 31 12 207 25 4 20 6 2 8 24 20 0 19 16 68 12 4 2 13 3 1 2 2 0 4 5 4 19 29 2 13 77 44 58 23 25 173 52 7 27 72 77 0 0 474 92 91 85 31 7 10 17 2 4 65 
6 4 5 1 1 5 0 0 5 11 1 1 2 3 2 12 21 15 7 0 1 1 1 4 4 1 0 11 8 8 2 18 34 9 18 5 75 30 62 46 38 5 160 241 67 145 56 16 11 136 10 4 16 4 8 2 16 26 0 26 10 46 3 6 6 20 7 1 4 0 0 0 9 5 17 6 3 17 68 25 18 44 24 174 58 41 5 40 56 0 0 399 62 87 78 29 2 8 23 1 5 61 
24 47 37 2 7 21 12 29 10 23 3 10 17 21 6 63 45 47 23 12 8 4 3 46 24 2 0 58 12 140 30 97 246 63 184 65 280 173 338 130 60 48 490 686 167 655 293 152 105 821 51 19 55 17 10 11 49 45 0 51 32 89 5 20 39 29 8 11 10 2 11 15 5 18 76 68 10 33 229 93 56 83 73 321 126 142 78 24 167 0 0 1099 181 348 279 144 28 64 119 5 27 398 
4 7 7 2 0 3 5 9 8 3 0 10 11 10 4 14 33 23 14 1 1 3 4 4 1 0 0 13 4 32 11 36 69 46 85 29 165 64 152 98 58 52 261 210 51 143 76 25 25 160 16 2 22 6 4 7 4 8 0 17 0 22 4 5 9 26 1 2 2 0 0 1 5 3 7 18 0 9 50 34 16 13 11 109 30 131 65 51 11 0 0 573 102 115 89 32 5 15 39 1 2 120 
0 0 0 0 0 0 0 0 0 0 0 0 0 0 0 0 0 0 0 0 0 0 0 0 0 0 0 0 0 0 0 0 0 0 0 0 0 0 0 0 0 0 0 0 0 1 0 0 0 0 0 0 0 0 0 0 0 0 0 0 0 0 0 0 0 0 0 0 0 0 0 0 0 0 0 0 0 0 0 0 0 0 0 1 0 0 0 1 0 0 0 0 0 0 0 0 0 0 0 0 0 0 
0 0 0 0 0 0 0 0 0 0 0 0 0 0 0 0 0 0 0 0 0 0 0 0 0 0 0 0 0 0 0 0 0 0 0 0 0 0 0 0 0 0 0 0 0 0 0 0 0 0 0 0 0 0 0 0 0 0 0 0 0 0 0 0 0 0 0 0 0 0 0 0 0 0 0 0 0 0 0 0 0 0 0 0 1 0 0 0 0 0 0 0 0 0 0 0 0 0 0 0 0 0 
2 3 0 3 1 5 0 3 4 1 1 4 1 19 1 11 11 9 0 0 2 0 0 0 0 0 1 1 0 7 13 9 26 46 69 10 52 23 33 15 17 2 60 103 47 75 54 26 21 83 9 4 9 0 0 2 12 0 0 8 0 9 1 3 5 0 0 0 0 0 2 3 1 0 3 2 1 4 25 5 8 7 7 33 18 53 16 92 51 0 0 12 73 76 22 51 2 14 20 3 3 93 
2 3 1 0 0 1 2 1 1 0 0 2 0 3 4 0 3 1 0 2 0 0 0 0 0 0 0 0 4 11 2 10 13 21 49 10 56 30 44 25 28 6 163 173 39 67 60 24 13 102 3 2 3 0 1 1 0 4 0 1 3 9 0 2 3 0 1 0 0 0 0 2 0 0 3 7 0 4 11 5 9 5 2 27 4 36 40 51 38 0 0 265 4 8 21 12 0 2 9 1 5 43 
0 4 2 0 1 3 0 6 3 0 0 2 5 7 9 24 3 3 0 0 0 0 0 2 0 0 0 1 1 8 6 16 28 28 47 16 99 22 98 32 48 9 219 272 79 187 67 50 17 178 11 1 6 4 0 3 9 1 0 1 5 8 1 1 1 4 0 0 0 0 0 0 0 0 5 12 2 4 46 5 9 15 23 76 11 68 36 97 74 0 0 437 57 13 6 28 3 13 26 1 15 123 
0 1 1 0 0 0 0 0 0 0 0 2 0 0 0 6 2 0 0 0 0 2 0 0 0 0 0 1 0 8 0 6 8 13 14 10 71 8 50 29 32 13 162 196 53 155 74 13 12 164 2 0 4 5 0 2 10 4 0 2 0 1 1 1 0 0 0 1 3 0 0 0 0 1 3 2 0 2 29 7 2 10 6 61 15 38 37 59 38 0 0 248 52 5 8 7 4 4 8 1 2 69 
1 2 5 0 2 3 0 0 7 1 2 5 3 5 2 15 1 2 0 0 0 2 0 2 1 1 0 2 6 11 3 29 32 26 72 24 141 47 169 138 84 14 381 662 163 328 110 52 30 208 3 4 8 2 0 0 4 6 0 6 7 19 0 4 4 2 0 0 1 0 0 1 2 1 5 4 2 10 13 18 5 20 14 110 15 96 98 172 105 0 0 1748 175 176 96 8 11 10 16 4 12 150 
0 0 0 0 0 2 0 0 0 0 0 0 0 2 1 2 9 0 0 0 0 0 0 0 0 0 0 0 0 8 2 3 5 1 5 1 15 6 28 30 21 7 57 115 29 24 40 5 2 20 0 1 2 0 0 1 1 3 0 1 2 2 0 0 0 0 0 0 0 0 0 0 2 2 1 0 0 2 4 2 5 1 7 23 7 19 7 18 23 0 0 150 28 23 49 17 1 0 4 3 0 13 
4 4 0 0 0 3 1 1 2 2 1 4 4 4 2 6 2 0 0 0 0 0 0 2 0 0 0 0 4 10 0 4 21 8 37 7 79 21 65 31 49 33 293 633 178 272 125 30 22 242 9 3 16 3 1 0 5 11 0 7 4 3 0 1 0 1 0 0 0 0 0 0 0 2 13 14 5 6 33 19 11 23 19 93 31 56 40 108 53 0 0 1044 160 118 131 77 1 11 14 1 2 115 
1 1 2 1 0 0 0 3 4 2 1 0 1 2 2 9 1 1 0 0 0 0 0 3 0 0 0 1 0 15 1 9 8 2 7 4 39 14 65 34 47 14 240 295 134 193 99 60 41 178 6 11 9 8 4 2 8 2 0 0 5 1 1 1 0 0 0 0 0 0 0 1 0 2 6 3 1 3 24 9 14 19 14 67 11 53 32 81 76 0 0 524 62 75 58 27 7 3 2 1 2 62 
0 0 0 0 0 0 0 1 0 0 0 0 0 1 2 3 0 0 0 0 1 0 1 0 0 0 0 0 0 5 0 3 3 3 7 4 26 8 31 11 44 1 40 149 27 50 32 4 11 34 2 1 1 0 4 1 3 0 0 1 0 0 0 0 0 0 0 0 0 0 0 2 1 0 4 0 1 5 5 1 3 4 4 16 6 14 3 31 26 0 0 187 24 52 78 11 2 5 5 0 0 4 
0 0 0 0 0 0 0 0 0 0 0 0 0 0 0 0 1 0 0 0 0 0 0 0 0 0 0 0 0 1 2 1 5 2 5 1 2 2 26 4 4 0 34 63 11 33 18 6 1 32 0 1 0 0 1 0 0 2 0 2 1 0 0 0 0 0 0 0 0 0 0 0 0 0 2 1 0 0 3 3 3 2 3 12 4 7 4 16 18 0 0 124 76 10 25 22 1 5 2 1 0 4 
6 8 8 4 2 1 3 2 5 2 0 1 6 7 3 3 4 5 1 0 1 0 0 0 0 0 0 10 6 25 5 14 44 7 12 19 75 40 69 28 45 2 141 241 76 154 88 20 14 121 12 6 9 5 0 1 2 1 0 21 2 4 0 1 1 4 0 1 1 1 2 0 2 3 14 11 3 7 33 14 10 9 9 43 16 45 32 219 46 0 0 368 65 82 174 44 4 33 34 4 1 11 
