6 13 69 12 48 94 78 47 54 74 88 99 126 234 237 132 76 95 65 44 15 7 10 71 17 8 0 51 31 3 0 6 24 20 30 6 11 11 24 47 22 5 20 36 24 36 30 7 6 54 28 2 21 15 7 3 10 8 0 0 18 27 4 13 20 34 26 12 9 3 0 2 7 10 5 5 0 3 25 6 4 1 0 17 2 15 6 26 9 0 0 33 11 0 2 0 0 1 0 0 1 14 
9 17 20 6 20 80 51 30 145 50 66 91 132 205 133 142 89 72 98 39 15 10 10 33 13 1 0 29 31 2 2 14 25 12 25 9 11 2 40 58 28 6 33 32 38 34 36 9 9 90 32 12 20 9 5 3 10 16 0 6 0 46 5 24 30 48 9 5 4 1 3 3 4 11 3 9 0 1 18 3 0 5 5 15 0 14 0 23 4 0 0 51 3 2 20 2 0 0 6 0 0 12 
41 12 15 24 20 85 58 30 175 90 39 113 170 214 208 90 59 80 73 45 22 17 16 31 12 5 1 40 35 4 1 1 23 15 37 0 3 7 48 44 28 1 53 40 33 25 13 6 7 56 15 9 13 7 8 2 8 25 0 1 2 17 9 17 23 51 17 13 4 3 6 0 6 10 3 1 5 1 19 2 9 1 3 6 2 2 0 23 8 0 0 27 11 6 8 1 0 0 3 0 0 12 
6 17 20 4 2 53 26 19 35 42 5 22 11 40 33 25 13 8 9 3 3 3 5 8 1 3 0 8 17 1 0 1 6 2 7 1 0 4 13 1 4 0 7 18 3 5 0 1 0 13 6 0 1 0 1 5 0 3 0 0 1 1 0 2 6 13 8 0 0 0 0 0 2 10 7 2 0 0 3 0 0 1 1 1 0 0 1 3 0 0 0 2 4 3 0 0 0 0 1 0 0 1 
30 64 7 0 2 6 5 16 45 24 16 11 63 66 30 30 14 19 22 6 11 2 20 27 3 1 1 22 12 0 0 1 3 2 3 0 0 1 7 22 4 2 21 5 3 9 3 1 1 26 5 1 4 1 1 1 3 8 0 0 0 2 3 6 1 11 3 2 0 1 3 2 13 3 0 5 0 0 6 0 0 1 0 1 0 4 1 5 3 0 0 8 2 2 1 0 0 0 0 0 0 0 
133 164 106 36 18 21 26 17 87 246 78 146 217 320 176 101 99 115 110 74 39 16 35 93 23 5 0 77 41 7 2 14 27 9 14 5 8 23 37 27 47 2 66 35 45 42 28 10 6 53 33 7 29 15 15 1 7 6 0 7 20 14 2 21 18 58 17 13 3 13 22 3 22 16 7 14 0 11 11 2 0 2 0 5 6 22 2 9 5 0 0 49 4 5 6 1 0 0 1 1 0 12 
98 128 49 14 12 37 54 8 110 146 56 100 207 190 184 67 69 72 75 66 13 6 10 35 2 1 0 29 17 5 5 16 16 12 19 0 6 2 17 34 19 7 42 11 43 43 21 10 6 55 31 16 17 18 2 2 9 18 0 3 3 9 3 11 29 65 15 26 0 7 5 1 10 10 3 6 0 1 8 2 2 2 1 7 1 11 8 13 3 0 0 32 3 7 1 2 0 0 0 0 1 10 
85 100 79 24 17 35 38 7 44 119 55 78 345 201 185 157 74 105 51 96 22 13 43 39 29 3 0 36 11 3 5 10 16 2 4 1 0 9 29 25 26 1 73 28 13 35 39 9 6 40 6 1 8 3 3 3 0 20 0 9 0 4 6 16 43 30 17 23 3 5 6 1 25 9 0 10 1 2 5 1 0 1 0 5 0 10 6 9 2 0 0 41 30 3 2 2 0 0 0 0 0 10 
88 141 136 8 46 55 72 11 26 36 43 77 273 277 204 95 133 60 82 55 39 16 52 58 11 1 4 29 20 9 3 13 20 3 10 0 6 11 51 47 24 14 34 10 24 22 27 7 6 64 25 3 12 8 1 8 8 16 0 1 1 15 1 11 18 29 20 10 4 6 0 7 2 37 1 3 0 2 4 2 6 2 0 9 1 4 0 12 3 0 0 22 2 4 1 1 0 0 1 0 1 11 
61 96 59 13 21 52 26 2 11 4 4 53 106 147 56 57 65 95 42 37 10 11 44 92 27 1 0 45 9 3 1 1 2 4 2 0 1 5 34 16 4 2 15 6 6 10 13 4 0 66 14 5 7 3 10 0 8 16 0 0 1 0 2 3 7 3 0 23 0 0 1 2 13 14 7 11 0 0 5 1 3 1 0 3 0 4 7 5 1 0 0 4 2 0 0 0 0 1 0 0 0 8 
34 80 67 1 28 40 40 12 23 15 7 38 79 95 73 37 38 86 58 31 13 23 45 20 20 0 0 18 5 11 2 4 7 0 4 0 0 6 13 21 10 1 26 4 5 16 8 4 16 49 2 2 13 4 0 0 6 29 0 1 0 3 0 2 2 16 1 3 0 4 2 3 9 15 1 4 0 0 15 0 0 0 0 2 0 1 1 3 3 0 0 31 0 8 3 0 0 0 2 0 0 1 
92 164 111 18 38 114 89 59 83 44 22 2 113 89 37 42 76 111 110 78 57 32 40 55 27 3 0 73 14 4 2 16 14 0 11 0 3 4 17 17 10 0 9 21 13 25 21 9 7 93 43 8 11 4 3 5 10 10 0 1 1 3 1 2 15 19 12 3 0 0 5 11 23 4 10 17 0 0 5 9 0 0 0 0 0 2 0 2 2 0 0 17 4 4 7 4 0 0 4 0 1 1 
104 194 105 25 52 151 181 116 130 46 42 48 47 64 54 64 96 74 64 65 44 33 58 82 36 7 0 116 18 22 9 15 21 0 12 0 3 12 19 39 16 5 24 18 26 21 30 5 10 58 24 12 16 10 3 1 13 50 0 16 6 18 5 4 3 4 1 3 2 0 1 1 17 5 6 15 1 3 15 7 0 0 0 1 0 0 0 8 14 0 0 34 6 4 23 0 0 0 4 0 0 7 
56 64 48 8 22 76 21 31 120 50 25 7 27 10 4 14 24 56 47 104 50 47 58 68 27 7 6 219 6 3 0 1 6 0 1 0 0 2 4 8 4 7 5 1 6 4 8 0 3 54 27 3 8 0 0 1 5 4 0 0 1 1 0 0 0 0 0 0 0 0 1 0 1 0 1 1 0 1 11 0 0 0 0 0 0 0 0 0 0 0 0 12 0 0 3 1 6 0 1 0 0 3 
83 104 79 18 29 112 47 63 75 59 34 31 121 25 8 13 38 24 48 32 42 38 57 70 43 4 7 130 20 2 5 22 12 2 7 1 4 2 8 26 5 0 14 7 7 40 9 3 1 53 46 13 17 14 9 3 8 15 0 2 15 6 0 0 1 0 0 0 1 0 0 0 2 1 6 1 1 2 10 1 0 0 0 0 0 0 0 1 1 0 0 15 8 0 1 0 0 1 0 0 0 7 
33 69 50 16 32 71 48 72 66 67 32 80 73 53 9 29 25 49 44 32 65 25 33 115 43 7 1 134 3 20 17 30 84 32 50 9 30 9 4 23 28 2 28 14 34 15 14 10 10 51 16 6 8 6 13 3 10 57 0 1 17 2 0 6 2 0 0 0 0 0 3 0 4 1 2 19 1 8 25 2 0 0 0 2 0 7 0 10 8 0 0 9 3 1 7 2 0 3 0 0 0 10 
64 110 70 3 31 80 47 35 66 82 41 52 107 123 75 38 14 26 115 80 83 36 59 167 38 5 1 108 4 43 21 89 109 25 65 26 44 12 17 59 19 9 73 44 35 59 35 27 24 126 17 11 26 8 4 3 14 27 0 9 2 20 1 0 6 0 0 0 1 0 0 3 2 0 7 16 3 8 31 3 2 0 0 1 0 3 8 9 6 0 0 28 12 6 0 0 0 0 4 1 0 13 
41 79 37 1 12 97 37 38 49 62 47 63 101 152 78 92 23 6 32 32 39 28 40 128 30 9 4 80 13 22 9 57 90 24 101 25 54 8 36 18 26 4 53 34 57 44 84 4 5 121 14 14 9 2 0 5 9 6 0 2 0 10 0 6 0 0 0 0 1 0 0 0 0 0 2 10 3 1 9 12 0 1 0 0 0 4 5 19 13 0 0 21 1 0 0 0 0 0 1 0 0 11 
27 92 41 3 29 118 20 34 48 22 47 44 79 99 93 81 28 17 14 15 26 22 19 48 21 18 0 80 9 9 5 41 49 19 28 7 16 2 10 3 7 7 13 20 38 14 18 3 7 61 3 2 9 8 11 1 0 9 0 1 10 7 0 0 0 0 0 0 0 0 0 0 0 0 0 3 0 0 15 1 1 0 0 0 0 5 1 6 20 0 0 6 0 0 0 0 0 0 0 0 0 3 
19 67 39 1 15 63 27 41 35 39 110 84 97 144 66 148 74 82 133 6 8 22 23 90 24 24 0 107 4 16 5 21 34 21 51 14 34 14 38 28 26 6 37 14 18 14 21 4 1 40 4 2 1 0 3 2 3 1 0 2 3 6 0 0 0 0 0 0 0 1 0 0 0 0 0 0 0 2 7 0 4 0 0 1 1 7 4 5 6 0 0 1 0 0 0 0 0 0 0 0 0 1 
22 22 27 3 19 56 15 15 26 15 25 72 108 219 120 220 136 148 234 3 15 9 17 40 20 12 19 91 1 6 1 6 16 11 32 18 24 6 38 30 21 3 17 17 29 24 24 5 21 33 0 0 3 0 0 0 4 0 0 5 4 0 0 0 0 0 0 0 0 0 0 0 0 0 2 0 0 0 2 0 0 0 0 0 0 2 1 10 12 0 0 3 0 0 1 0 0 0 0 0 0 1 
33 68 35 3 21 105 37 21 38 32 163 77 135 286 146 235 147 103 258 21 9 9 15 45 7 16 8 119 5 10 2 7 28 32 63 18 46 15 58 4 27 4 23 39 21 38 22 10 3 40 5 0 2 16 3 7 3 3 0 4 0 2 0 2 0 0 0 0 0 0 0 0 0 0 3 3 1 0 5 0 1 0 0 1 0 1 3 3 3 0 0 5 0 0 0 0 0 0 0 0 0 1 
9 27 34 4 13 62 19 12 31 25 50 82 83 136 205 243 175 225 289 107 99 95 16 23 28 12 11 162 13 17 13 16 49 37 105 14 23 13 63 25 25 7 50 53 23 24 19 5 14 58 4 4 3 1 7 1 6 12 0 3 1 2 0 4 0 1 0 0 0 0 0 0 0 0 2 2 0 0 14 1 1 1 0 0 0 8 9 9 15 0 0 13 0 1 1 0 0 0 0 0 0 1 
46 70 26 9 29 131 16 39 58 68 109 122 168 347 209 306 361 342 424 212 171 85 28 31 3 22 14 169 21 7 5 11 76 19 151 33 56 20 85 63 39 2 68 102 56 44 31 7 14 131 3 7 9 9 6 4 9 19 0 3 9 39 1 0 1 0 0 0 0 0 0 0 0 0 13 2 1 2 28 2 1 1 0 1 0 5 7 19 12 0 0 16 0 0 0 0 0 0 1 0 0 2 
30 45 30 12 17 45 11 31 38 83 76 78 135 196 125 110 117 101 126 109 116 37 9 18 6 5 7 126 6 12 7 8 90 24 69 12 53 17 41 43 29 2 26 34 37 39 31 8 8 152 17 10 17 10 5 3 5 22 0 1 4 16 1 10 0 0 1 0 0 0 0 0 0 3 3 7 2 1 19 2 2 1 1 3 1 6 2 32 9 0 0 15 2 0 0 1 0 0 0 0 0 4 
1 0 2 0 0 0 3 1 7 0 9 18 3 16 28 18 5 24 36 32 45 38 24 62 22 4 5 29 0 2 0 19 5 8 6 0 0 11 7 1 3 0 1 4 3 1 0 1 0 6 0 0 0 0 0 0 0 0 0 0 1 0 0 0 0 0 0 0 0 0 0 0 0 0 0 0 0 0 0 0 0 0 0 0 0 1 0 0 0 0 0 1 0 0 0 0 0 0 0 0 0 0 
0 0 4 0 9 7 2 0 9 10 17 12 12 32 34 32 35 62 35 71 138 174 81 164 41 8 7 152 0 1 1 2 3 5 15 4 14 1 20 1 10 0 6 2 7 2 2 3 2 8 1 0 1 3 0 0 0 1 0 1 0 12 0 1 0 0 0 1 0 0 0 0 0 0 2 0 0 0 5 2 0 0 1 0 0 0 0 3 0 0 0 15 0 0 0 0 0 0 0 0 0 1 
29 36 56 3 31 36 13 27 65 48 87 121 178 345 249 268 170 205 192 252 144 149 148 174 108 48 13 16 15 8 9 21 54 18 102 20 72 40 109 47 48 10 62 82 45 106 59 13 14 145 19 2 16 7 9 0 8 8 0 4 8 14 2 6 2 11 0 0 0 0 0 0 0 0 3 1 0 5 11 4 5 0 2 6 0 11 17 37 7 0 0 48 8 2 7 17 0 0 0 0 3 21 
6 10 1 2 1 7 2 2 15 9 0 3 10 6 16 9 1 11 6 1 1 1 0 6 0 0 0 2 0 1 0 1 1 1 0 1 0 0 0 11 1 0 3 0 1 2 2 0 1 7 2 0 0 0 0 0 0 4 0 0 0 2 0 0 1 0 0 0 0 0 1 0 0 0 0 0 0 0 0 1 0 0 0 0 2 1 0 0 0 0 0 3 0 0 0 0 0 0 0 0 0 2 
4 6 4 2 5 20 9 8 13 3 11 16 38 13 11 45 97 175 112 57 22 6 23 28 25 0 2 12 10 45 57 395 818 201 940 776 1267 354 488 299 210 33 328 274 210 246 162 59 55 445 65 28 34 22 14 17 20 20 0 66 35 53 1 19 91 253 65 37 35 31 3 2 31 0 6 13 0 10 42 23 12 6 4 7 2 31 31 123 80 0 0 239 69 57 52 17 1 5 8 1 0 57 
1 1 3 0 1 3 1 2 14 1 0 2 14 0 12 16 23 44 32 52 8 3 12 13 2 0 0 2 0 48 23 121 259 74 329 284 482 142 203 68 43 10 150 67 51 64 61 18 19 111 11 18 28 3 2 4 20 21 0 17 3 53 3 4 167 228 24 25 9 8 4 4 4 2 5 2 1 1 19 1 3 1 0 5 2 5 6 31 27 0 0 57 10 34 20 4 0 3 4 0 0 12 
5 7 6 3 0 8 1 5 9 2 14 11 7 8 31 42 74 136 47 39 2 1 5 10 11 7 1 7 2 116 107 20 230 50 356 393 774 299 476 212 207 19 181 231 186 179 152 41 70 347 53 20 23 35 17 9 35 57 0 38 7 17 3 7 49 190 39 10 13 3 5 2 8 1 6 8 3 18 30 9 3 9 4 8 8 31 24 49 60 0 0 194 23 29 34 13 4 3 6 0 0 34 
5 1 1 0 1 13 3 2 1 6 2 2 3 2 5 5 19 25 17 5 2 0 6 11 8 2 0 9 1 161 45 59 13 10 75 72 167 68 86 63 86 6 119 77 98 61 73 47 27 267 10 6 12 6 3 3 3 10 0 12 1 4 1 1 6 25 8 4 0 1 7 6 5 14 4 4 0 5 11 12 3 4 2 5 0 12 5 58 14 0 0 66 5 16 5 5 2 1 3 1 0 32 
2 9 17 0 0 2 9 3 4 4 0 0 4 0 6 17 31 28 22 8 4 1 12 18 10 1 0 6 1 68 23 69 67 5 35 63 227 74 137 53 49 9 110 63 70 42 61 14 20 157 26 11 27 8 6 0 5 19 0 9 1 6 1 1 10 55 41 9 27 17 10 13 14 28 2 4 0 3 24 8 15 0 0 0 2 2 11 27 12 0 0 113 25 13 14 3 2 6 6 0 0 20 
6 7 1 12 0 4 7 0 2 0 3 0 2 0 5 8 23 56 15 8 8 0 15 39 10 1 0 13 0 106 59 122 147 8 23 27 174 90 73 81 45 2 84 31 59 48 54 8 12 173 10 21 9 0 1 2 10 15 0 0 3 1 2 9 1 31 5 15 3 15 16 5 21 8 4 2 0 0 2 1 0 0 0 0 0 1 1 12 15 0 0 65 8 14 5 2 1 1 1 1 2 18 
3 6 9 0 0 3 1 1 4 0 0 0 0 3 0 12 29 22 16 35 22 2 15 16 4 1 1 14 0 205 42 147 164 25 54 48 556 85 105 96 46 12 55 41 49 81 62 6 15 125 5 4 21 0 1 5 4 4 0 0 1 18 2 11 44 42 8 11 4 3 6 10 1 15 3 1 0 3 17 0 0 0 0 1 0 19 1 31 7 0 0 65 9 16 29 3 1 3 8 2 0 34 
2 1 0 0 2 0 2 1 0 0 0 0 1 1 0 3 0 16 1 4 7 0 0 6 4 0 1 6 0 180 59 183 175 32 57 37 32 23 92 99 83 19 88 53 93 67 88 22 34 303 7 3 2 1 0 1 0 0 0 0 0 5 1 1 10 11 1 1 4 2 9 6 15 17 0 0 0 0 0 0 0 0 0 2 1 2 2 35 12 0 0 60 11 20 7 5 0 5 7 1 2 52 
3 6 3 1 26 5 1 3 5 2 7 0 4 20 6 19 5 10 5 13 6 1 9 13 9 3 2 17 0 119 36 230 226 33 109 66 106 73 83 126 142 17 151 167 186 108 138 63 37 454 6 2 11 3 3 0 0 5 0 2 8 24 4 7 3 3 5 4 3 3 2 1 20 32 2 2 2 0 8 0 0 0 0 1 0 19 25 60 35 0 0 113 27 8 3 2 8 2 9 0 1 68 
7 18 9 8 4 19 6 19 6 13 13 15 14 11 15 6 5 10 7 20 14 4 12 15 10 0 0 60 2 136 38 227 205 15 150 51 198 76 24 150 144 28 131 95 107 128 121 51 27 387 12 9 11 8 3 1 12 7 0 0 3 7 2 4 16 13 2 5 3 3 13 11 50 26 2 3 2 0 15 1 1 0 1 9 2 22 12 73 13 0 0 128 14 10 18 7 2 7 8 1 1 53 
41 54 32 9 7 74 42 22 25 16 125 49 45 45 43 23 73 60 79 68 31 1 10 52 19 3 0 50 10 186 109 388 474 154 735 241 794 449 482 69 51 20 195 170 209 279 268 87 118 596 18 4 18 12 3 1 22 6 0 0 5 52 1 38 43 48 15 19 3 9 9 1 37 21 5 5 2 5 16 14 4 8 9 30 5 8 22 46 34 0 0 62 11 14 17 21 3 1 8 0 2 50 
15 39 16 2 5 87 23 5 38 7 16 25 11 36 5 10 170 162 35 62 42 2 6 27 13 1 0 48 3 104 42 237 270 107 233 77 415 263 463 28 16 12 77 68 163 151 163 60 74 356 12 13 9 0 1 4 3 5 0 2 6 36 3 16 40 28 8 2 6 4 16 3 17 8 6 15 0 1 14 5 10 8 2 17 12 14 21 14 11 0 0 26 18 7 2 19 2 2 13 1 0 32 
13 0 1 1 0 2 1 0 2 11 21 7 6 7 1 7 0 21 9 30 1 1 0 5 4 4 1 4 0 7 4 38 49 15 78 10 107 46 53 28 9 3 25 45 96 22 23 9 22 100 1 1 4 3 0 3 3 0 0 0 1 0 0 2 6 11 3 0 2 1 0 2 15 2 1 9 0 1 7 6 18 14 1 5 6 35 8 18 8 0 0 14 8 8 7 19 0 2 0 0 2 12 
8 16 10 0 8 11 5 6 15 2 23 3 4 3 13 3 34 20 8 9 1 1 1 5 3 0 0 10 3 39 16 105 179 57 217 34 184 194 92 28 47 18 21 15 44 54 62 50 40 171 8 7 18 3 4 4 8 5 0 4 2 27 0 13 10 17 1 4 3 1 2 0 6 3 13 24 0 12 18 36 8 13 16 42 22 101 18 103 14 0 0 16 6 14 15 52 3 5 19 2 4 109 
12 15 9 0 4 10 2 6 4 5 24 9 11 5 2 11 18 53 25 8 10 2 0 16 6 1 0 16 3 64 19 109 154 86 172 42 217 212 169 77 59 35 44 19 113 110 170 42 59 410 21 3 33 5 4 9 15 4 0 16 5 24 2 8 19 48 6 7 0 3 1 1 6 9 27 24 0 6 46 32 30 34 16 62 33 125 28 71 28 0 0 84 14 62 18 49 7 11 26 6 5 149 
4 24 4 0 6 71 5 19 17 8 39 20 20 5 3 15 56 67 46 46 11 6 4 24 13 1 0 24 0 57 53 165 230 79 230 43 233 165 180 122 76 22 119 77 212 76 105 53 81 410 4 6 11 5 0 4 8 6 0 0 7 71 0 10 13 43 7 10 15 0 3 3 10 12 5 7 4 3 19 4 16 22 4 16 15 59 10 44 7 0 0 61 20 33 35 12 7 18 18 0 4 60 
4 22 5 0 8 33 3 3 26 10 36 22 22 16 3 8 33 93 29 9 7 9 15 25 4 0 0 30 2 45 16 109 218 100 207 52 297 165 184 115 64 24 129 109 46 9 42 50 57 230 12 4 7 7 4 2 4 2 0 0 10 37 3 10 22 44 14 15 6 0 7 8 2 11 5 7 2 3 12 22 5 8 13 27 14 84 26 76 10 0 0 82 57 50 26 25 17 14 28 2 11 99 
9 14 13 1 7 29 6 18 15 12 14 17 11 5 7 29 49 78 43 6 12 3 0 19 8 0 0 30 6 50 16 111 229 78 214 53 343 146 128 131 108 29 105 95 126 91 27 44 56 258 13 4 33 12 6 8 16 9 0 0 11 48 3 2 32 39 14 3 2 6 4 3 6 13 11 5 7 7 18 37 13 36 5 38 6 91 58 163 21 0 0 61 33 51 21 18 2 10 24 1 2 163 
11 8 11 0 7 30 11 22 26 3 30 29 12 17 5 7 28 54 52 19 16 15 7 28 8 2 0 42 2 71 11 77 243 74 204 30 163 150 220 98 155 18 165 249 184 272 175 10 43 543 16 7 11 4 6 2 16 3 0 2 8 25 7 13 32 72 18 9 2 3 4 1 10 26 5 3 0 6 31 20 4 6 9 62 17 103 75 146 39 0 0 230 62 47 38 26 10 15 16 1 5 64 
8 18 16 0 5 20 10 12 10 11 34 43 18 27 11 13 51 62 100 26 24 5 5 40 9 0 0 22 8 27 24 123 237 126 276 33 309 175 259 224 197 45 279 312 417 430 270 141 11 943 12 1 29 6 9 3 15 11 0 8 7 83 3 13 17 50 16 12 4 13 2 12 11 19 5 2 0 15 30 20 16 18 8 67 11 81 40 211 37 0 0 351 105 136 119 32 17 20 33 1 4 94 
30 49 28 6 20 64 38 50 54 66 85 70 32 80 25 80 108 214 143 38 16 11 21 134 35 6 0 87 22 213 51 214 798 183 628 155 761 523 610 512 351 72 506 563 397 484 209 217 114 46 40 11 37 18 7 21 8 35 0 14 19 173 8 65 41 160 26 29 12 13 15 27 34 26 32 32 1 8 67 25 48 54 28 145 40 226 80 654 61 0 0 366 132 150 144 48 11 41 65 8 17 368 
16 8 7 1 19 40 15 4 9 12 7 12 35 51 25 28 14 14 18 3 1 0 0 43 11 1 0 15 6 21 2 25 55 24 50 5 37 13 19 18 16 0 27 38 13 41 10 9 6 59 5 4 41 51 30 11 91 65 0 116 46 17 5 26 59 70 8 26 8 12 12 37 30 28 14 41 2 15 85 13 6 16 19 61 21 32 5 61 20 0 0 28 24 9 16 9 4 4 6 0 0 30 
14 5 19 0 4 35 2 14 19 2 0 11 30 21 28 18 29 13 10 2 0 0 0 8 1 1 0 12 2 15 3 14 43 2 57 5 14 1 14 5 6 0 19 12 10 14 10 4 1 21 33 6 10 25 11 0 25 41 0 41 23 11 11 60 68 50 16 28 2 7 5 1 18 7 14 5 0 2 53 6 5 4 1 50 6 18 6 28 20 0 0 34 4 15 12 4 1 2 3 0 0 19 
25 13 7 0 3 50 24 1 9 13 2 12 15 34 8 36 23 25 16 4 5 0 4 26 4 0 0 8 5 10 16 24 68 8 23 8 17 4 40 21 16 1 49 39 8 26 16 3 8 76 44 5 7 13 2 2 19 35 0 66 20 10 7 59 76 68 13 40 4 14 11 11 25 14 13 18 4 38 98 17 6 2 6 47 14 27 18 73 10 0 0 45 6 10 9 1 0 1 0 0 1 29 
5 19 10 0 3 34 4 17 10 18 15 12 38 63 38 27 17 24 9 3 1 2 0 5 4 0 0 6 0 13 6 48 35 21 101 14 23 4 25 24 31 5 30 61 15 53 9 6 2 38 125 68 16 11 8 5 26 62 0 84 65 26 25 65 57 89 15 32 4 20 21 12 18 10 47 38 1 44 77 8 9 6 13 82 8 26 5 14 21 0 0 48 5 9 16 2 1 3 1 0 0 19 
1 20 13 1 1 24 2 15 19 9 2 10 17 22 14 17 6 2 3 4 2 0 3 13 2 1 0 10 2 19 2 18 25 13 53 12 11 5 11 7 4 0 11 28 3 16 1 0 1 23 82 43 25 37 2 0 12 22 0 64 22 10 6 29 39 82 5 10 13 0 5 11 14 21 8 21 1 22 75 2 7 1 5 36 2 3 7 14 0 0 0 17 8 0 5 21 0 1 1 0 0 5 
2 1 0 1 0 7 0 11 4 1 1 14 0 15 9 1 3 10 1 0 2 0 0 6 1 0 0 18 0 1 0 10 9 2 21 0 5 0 4 4 5 0 4 13 4 2 7 11 2 6 32 4 7 8 2 0 2 7 0 21 7 2 4 15 19 42 1 4 1 6 3 4 3 7 5 12 1 8 20 3 1 1 5 28 0 7 3 8 9 0 0 20 0 12 0 5 0 0 1 0 0 3 
3 16 8 0 2 13 2 11 9 10 4 23 48 62 61 38 33 49 23 32 3 2 13 2 1 0 0 5 5 17 8 50 51 19 64 0 15 5 45 14 11 0 43 47 11 13 13 3 3 38 120 25 18 22 5 4 5 4 0 57 66 20 22 50 92 96 36 57 17 44 8 22 39 27 18 24 3 16 26 4 3 6 8 95 24 25 6 20 13 0 0 48 5 14 19 2 1 1 7 0 0 13 
10 23 22 0 16 42 15 15 67 12 8 34 24 81 53 42 38 31 20 41 9 2 10 21 2 0 1 18 6 23 24 59 75 19 127 4 16 9 31 29 7 16 80 64 7 10 10 4 5 53 142 37 39 21 20 3 8 5 0 92 39 7 26 82 68 120 18 47 6 29 8 12 69 27 57 70 7 21 55 33 9 5 10 91 29 14 1 26 9 0 0 48 10 25 20 11 3 0 4 0 0 16 
0 0 0 0 0 0 0 0 0 0 0 0 0 0 0 0 0 0 0 0 0 0 0 0 0 0 0 0 0 0 0 0 0 0 0 0 0 0 0 0 0 0 0 0 0 0 0 0 0 0 0 0 0 0 0 0 0 0 0 0 0 0 0 0 0 0 0 0 0 0 0 0 0 0 0 0 0 0 0 0 0 0 0 0 0 0 0 0 0 0 0 0 0 0 0 0 0 0 0 0 0 0 
15 13 9 1 4 16 13 13 6 8 5 12 96 60 22 29 17 24 29 40 4 21 7 31 10 17 0 15 2 13 4 25 24 12 27 0 1 3 8 9 4 5 12 17 8 8 3 6 6 19 98 28 51 56 28 5 14 76 0 10 11 23 10 45 73 108 49 26 8 18 32 11 28 48 10 11 3 9 45 1 19 5 1 12 6 18 3 22 7 0 0 70 4 6 6 9 1 2 0 0 0 5 
4 2 3 0 0 3 1 0 1 3 0 1 2 2 1 0 0 0 2 1 0 0 1 4 4 0 0 0 0 10 2 4 15 7 0 6 0 1 2 4 1 0 7 8 3 3 1 2 1 5 43 20 22 19 13 4 8 12 0 5 0 8 1 3 31 71 23 41 5 19 5 5 25 63 6 12 6 7 10 2 3 0 1 6 5 12 5 10 12 0 0 6 2 3 2 0 0 0 0 0 0 6 
1 0 0 0 0 0 1 0 0 0 0 1 3 1 0 0 0 1 2 0 0 0 0 1 0 0 0 0 0 0 0 1 7 1 0 1 2 3 3 0 0 2 1 0 0 1 0 0 1 0 1 0 1 4 0 0 5 1 0 1 1 0 0 2 0 16 2 6 3 1 2 3 0 1 1 1 0 0 2 0 7 0 0 2 1 0 0 4 0 0 0 0 0 1 0 1 0 0 0 0 0 2 
0 2 0 0 4 0 2 0 0 2 0 1 1 0 0 0 1 5 1 0 0 0 0 0 0 0 1 0 0 1 1 4 7 4 2 28 29 8 15 7 8 6 15 2 0 0 2 0 16 9 19 6 13 26 0 3 2 18 0 4 2 3 2 0 26 64 24 9 10 6 18 0 35 6 10 4 0 3 21 3 5 2 0 0 0 1 0 3 0 0 0 8 0 1 1 0 0 0 0 0 0 0 
6 9 11 1 0 15 2 7 3 5 3 5 1 0 0 2 0 14 2 1 0 0 2 1 1 0 0 4 0 3 2 15 11 1 13 31 57 8 17 12 14 0 19 4 7 2 14 1 2 40 64 26 32 43 7 12 10 35 0 43 15 33 2 4 19 190 74 28 17 21 27 11 32 53 11 19 4 11 40 18 20 2 6 4 3 3 1 8 14 0 0 8 2 0 2 0 0 0 0 0 0 3 
27 29 10 0 11 15 5 16 4 2 1 2 3 17 1 1 2 1 0 3 0 0 0 1 4 0 0 1 5 46 37 68 21 11 10 13 53 8 67 8 20 3 54 41 18 28 13 17 14 48 87 19 54 26 22 11 29 44 0 42 31 19 8 11 5 101 40 50 49 52 17 27 63 54 9 17 5 11 49 27 10 3 3 19 4 6 2 14 4 0 0 30 1 2 0 2 0 0 0 0 0 10 
13 15 13 1 5 38 18 11 14 1 4 6 1 1 3 2 0 0 5 0 0 0 0 0 1 0 0 0 7 49 25 90 52 15 12 31 46 11 22 9 26 2 23 22 18 23 37 5 11 59 100 46 84 50 11 13 13 22 0 86 29 19 37 35 26 19 17 50 38 74 65 52 59 120 5 48 13 9 74 29 23 12 7 17 6 2 11 8 2 0 0 18 2 1 5 0 1 0 0 0 0 3 
7 16 14 0 3 10 2 2 1 3 1 4 0 0 1 0 0 0 0 0 0 0 0 0 0 0 0 0 1 46 11 59 20 5 30 9 24 10 5 9 6 0 20 20 8 2 9 0 6 31 27 5 24 36 4 5 8 33 0 35 4 15 20 30 33 16 13 7 20 32 19 28 36 31 4 6 1 0 43 1 6 3 0 19 2 6 3 4 1 0 0 4 0 0 0 1 0 0 0 0 0 1 
0 6 14 2 1 40 4 17 11 0 4 8 8 0 0 1 0 0 0 0 0 0 0 0 0 0 0 0 2 15 16 75 33 36 56 14 75 4 12 7 11 0 6 10 11 13 3 1 1 39 68 30 53 34 5 15 13 34 0 53 46 40 32 50 90 116 22 3 4 33 8 19 26 131 8 3 1 8 42 26 21 3 2 34 6 3 3 9 4 0 0 4 1 0 0 0 0 0 0 0 0 3 
0 6 1 0 0 5 1 8 0 3 0 8 1 1 0 1 0 1 0 0 0 0 0 1 0 0 0 0 0 8 1 11 9 20 28 10 24 4 10 7 0 1 2 3 5 3 3 0 1 10 44 3 7 7 1 4 4 7 0 13 11 6 12 9 82 130 48 21 4 5 27 13 10 42 2 18 4 3 21 9 10 5 1 8 4 5 1 0 1 0 0 1 0 0 0 0 0 0 0 0 0 0 
7 27 13 0 3 16 3 5 5 3 6 5 0 0 0 1 0 0 0 0 0 0 0 0 0 0 0 0 2 15 11 46 47 34 110 23 25 5 5 4 3 0 4 6 5 1 4 4 3 10 48 15 39 19 17 21 17 19 0 62 50 71 16 101 115 235 67 38 14 3 26 19 87 295 2 8 12 6 62 12 28 9 1 8 8 4 1 4 0 0 0 7 4 0 0 0 0 0 0 0 0 0 
18 12 11 0 12 19 11 19 7 7 16 30 24 4 12 7 1 2 0 0 0 0 0 0 0 0 0 0 0 9 8 59 118 44 160 65 125 35 63 31 22 2 49 24 26 46 13 7 12 71 39 29 26 45 19 25 22 30 0 103 64 52 41 100 227 575 231 249 86 63 9 7 53 242 7 12 3 9 74 8 15 11 0 24 3 5 10 8 2 0 0 23 1 1 0 2 0 3 0 0 0 5 
12 6 0 0 1 30 6 29 4 5 11 31 9 4 9 28 1 0 0 0 0 0 0 0 0 0 0 0 3 20 8 25 67 103 153 56 126 46 56 14 18 2 62 15 22 26 11 0 8 58 36 20 34 23 5 7 19 26 0 106 56 41 23 88 294 658 235 239 111 100 7 10 111 164 7 19 3 1 47 9 15 8 12 26 6 11 0 5 0 0 0 23 3 0 0 0 0 0 1 0 0 5 
2 17 10 1 1 22 1 1 2 3 5 8 14 0 1 6 1 0 0 1 0 0 0 0 0 0 0 0 2 1 5 1 21 26 56 37 51 7 37 10 8 1 5 4 6 7 10 3 1 29 29 21 28 19 17 3 33 14 0 44 27 48 7 31 137 303 130 59 37 41 51 9 4 21 5 16 0 2 23 5 6 5 4 13 9 1 2 8 0 0 0 7 0 0 1 0 0 1 0 0 0 3 
2 6 3 0 2 19 1 6 15 2 7 7 2 0 1 1 1 2 0 0 0 0 0 0 0 0 0 0 5 0 0 16 9 30 11 10 20 14 24 4 13 1 10 4 10 4 1 1 4 15 20 14 19 13 9 6 26 25 0 55 34 35 4 36 85 191 58 117 44 51 48 39 43 2 6 12 1 5 40 1 7 7 6 6 7 1 1 8 2 0 0 19 1 0 0 0 0 0 1 0 0 8 
1 9 6 0 6 12 6 20 8 9 10 23 9 43 12 20 45 29 12 5 2 1 1 9 1 0 0 13 0 4 6 8 30 16 72 3 18 3 17 40 16 5 94 91 29 57 21 4 18 88 34 14 18 9 4 4 20 93 0 75 19 20 13 61 39 55 7 18 2 10 8 4 20 29 4 15 42 108 274 89 87 47 49 252 43 72 20 74 20 0 0 108 18 23 27 8 9 4 10 2 1 46 
4 3 4 1 1 6 2 15 28 5 3 19 10 33 14 37 58 8 13 22 2 1 2 11 7 0 0 7 0 9 1 18 39 9 41 10 9 14 20 49 47 8 66 88 34 50 32 12 8 104 36 11 23 30 10 23 41 101 0 67 41 14 6 27 27 55 10 15 5 9 17 3 29 15 21 4 86 63 181 103 63 68 78 270 46 70 29 127 44 0 0 84 39 61 25 10 2 3 29 1 0 23 
7 1 6 0 0 5 1 3 5 0 1 2 1 7 1 1 11 2 0 4 0 3 0 2 2 0 0 2 0 5 5 7 4 0 4 0 2 1 4 2 0 1 5 8 3 5 3 1 0 9 11 5 5 5 2 2 7 21 0 9 3 5 7 2 11 12 3 3 1 5 1 1 2 6 6 74 2 18 58 39 21 13 18 84 20 9 4 30 8 0 0 6 6 15 5 0 0 2 3 1 1 7 
8 23 3 1 9 6 10 2 13 18 9 17 9 14 11 12 18 24 9 22 0 1 2 6 0 0 1 13 1 0 2 15 31 5 15 3 2 1 18 26 23 0 78 71 37 40 32 15 8 127 49 16 50 28 8 7 30 40 0 14 9 15 26 26 60 62 8 51 15 12 14 12 43 12 59 71 1 5 70 32 34 52 44 241 91 54 43 109 30 0 0 97 27 32 43 13 1 7 16 1 2 35 
16 45 21 3 14 17 14 11 3 17 2 16 12 64 23 55 55 33 36 36 1 4 7 25 7 6 1 16 2 49 22 40 118 26 89 6 20 4 26 36 30 5 69 101 57 72 19 8 15 88 128 62 95 59 37 25 21 30 0 52 66 30 27 91 134 142 45 69 29 35 20 35 89 173 115 136 40 29 17 14 30 33 37 206 79 62 19 110 35 0 0 120 33 36 27 23 0 11 17 0 1 73 
4 11 0 0 10 7 6 0 2 0 4 2 9 29 2 12 9 48 36 13 0 10 4 4 0 0 0 2 0 3 7 31 25 23 25 1 5 2 30 20 10 3 99 80 22 75 44 24 9 128 64 11 33 9 10 2 4 4 0 4 5 8 28 41 80 67 35 52 18 7 10 13 19 16 100 102 13 52 34 13 27 36 32 609 181 97 37 119 37 0 0 98 25 66 41 26 7 8 16 1 1 52 
21 17 3 0 2 23 0 5 0 3 0 1 5 14 3 8 6 8 0 2 1 1 3 2 2 0 0 7 0 6 3 38 16 9 31 2 2 0 6 23 18 10 78 54 28 35 22 12 26 115 30 19 42 13 1 7 15 19 0 26 12 10 32 68 56 60 24 10 14 20 6 5 29 15 49 69 25 63 52 33 5 26 20 460 332 91 26 81 19 0 0 107 24 54 45 9 10 17 17 1 1 47 
3 10 10 0 1 4 3 3 8 4 3 0 1 1 0 0 0 1 1 0 0 0 0 3 0 0 0 1 4 16 11 19 29 3 3 1 4 0 7 14 23 7 64 54 34 46 35 14 7 97 20 0 12 2 3 11 9 4 0 6 29 27 8 7 43 24 10 22 4 3 4 2 19 10 16 42 10 69 40 32 12 2 4 139 80 67 19 87 46 0 0 92 34 61 40 25 1 17 12 3 2 62 
16 6 10 10 1 8 1 4 1 3 1 1 0 1 0 0 1 0 0 1 1 0 0 0 0 0 0 4 2 8 2 17 24 18 12 0 2 5 2 12 16 12 95 83 36 30 33 6 10 108 41 23 13 9 12 9 27 43 0 15 3 16 4 14 24 28 13 10 5 17 0 2 10 40 30 77 17 81 72 89 46 23 9 351 197 86 34 108 24 0 0 114 28 47 14 17 2 15 37 5 4 61 
2 4 10 0 5 4 6 5 1 6 0 0 0 1 0 0 0 0 0 0 0 0 0 3 0 0 0 1 4 1 3 1 5 1 2 0 1 0 2 17 8 12 103 95 18 52 28 26 14 140 44 19 49 15 10 9 20 58 0 13 6 37 3 3 17 24 7 6 0 7 5 3 11 4 61 57 27 130 86 133 41 71 23 14 27 107 37 180 40 0 0 95 49 70 44 25 7 16 23 3 6 105 
2 12 20 4 5 20 0 1 1 0 5 1 0 0 0 0 0 1 0 0 0 1 4 1 1 1 0 0 2 3 0 9 9 5 1 2 6 2 0 14 26 8 156 129 70 64 53 26 42 165 29 13 46 19 6 4 54 63 0 12 26 10 1 5 13 62 10 25 4 6 2 0 20 4 17 79 39 101 106 178 102 102 56 157 6 186 42 200 75 0 0 188 32 105 83 44 20 12 22 0 2 97 
21 9 16 1 1 28 0 1 12 6 1 1 4 0 1 1 12 13 7 5 1 1 0 5 0 0 0 5 4 6 3 22 36 17 38 7 26 42 36 10 12 5 166 139 63 121 85 41 12 191 33 17 43 9 2 5 26 5 0 44 4 27 5 9 20 23 21 5 7 3 1 1 3 6 33 50 11 23 38 56 23 57 31 100 72 12 8 75 28 0 0 224 65 72 35 28 5 15 41 2 0 101 
4 12 8 0 0 11 3 6 12 6 2 2 1 0 3 6 2 20 9 3 4 0 0 10 2 1 0 8 2 12 1 30 25 29 26 10 28 41 81 21 57 17 119 138 35 78 45 9 7 131 32 9 29 7 3 2 8 7 0 35 6 40 7 9 24 13 9 9 1 2 2 3 3 6 6 77 8 19 76 37 46 80 41 110 54 50 9 40 39 0 0 130 40 121 67 29 1 26 19 3 1 71 
24 28 24 4 7 38 14 11 12 14 12 14 7 7 7 7 22 56 29 24 13 4 7 64 19 0 1 50 6 90 16 122 246 57 129 37 221 132 157 66 29 46 345 149 110 240 178 106 89 640 38 15 72 17 8 9 31 48 0 28 47 63 8 21 36 53 11 7 5 2 8 8 16 39 71 75 14 76 137 108 62 89 85 186 101 79 54 27 55 0 0 494 124 216 135 125 26 85 119 11 17 430 
9 17 6 3 2 3 3 4 3 4 8 2 2 5 3 5 46 41 19 1 12 1 6 9 1 0 0 9 0 47 9 63 118 65 178 18 131 85 128 66 90 24 269 163 41 101 46 18 38 122 37 6 39 7 1 1 8 28 0 24 12 31 6 7 12 40 7 2 4 0 4 5 5 8 19 21 3 12 55 23 20 22 25 66 25 159 73 76 10 0 0 176 35 79 79 30 22 19 38 2 12 156 
0 0 0 0 0 0 0 0 0 0 0 0 0 0 0 0 0 0 0 0 0 0 0 0 0 0 0 0 0 0 0 0 0 0 0 0 0 0 0 0 0 0 0 0 0 0 0 0 0 0 0 0 0 0 0 0 0 0 0 0 0 0 0 0 0 0 0 0 0 0 0 0 0 0 0 0 0 0 0 0 0 0 0 0 0 0 0 0 0 0 0 0 0 0 0 0 0 0 0 0 0 0 
0 0 0 0 0 0 0 0 0 0 0 0 0 0 0 0 0 0 0 0 0 0 0 0 0 0 0 0 0 0 0 0 0 0 0 0 0 0 0 0 0 0 0 0 0 0 0 0 0 0 0 0 0 0 0 0 0 0 0 0 0 0 0 0 0 0 0 0 0 0 0 0 0 0 0 0 0 0 0 0 0 0 0 0 0 0 0 0 0 0 0 0 0 0 0 0 0 0 0 0 0 0 
10 2 0 0 0 0 1 1 4 2 5 2 4 5 0 2 3 5 5 0 0 0 0 1 0 0 0 0 0 8 3 30 23 26 56 8 35 29 56 3 16 1 16 39 42 24 39 20 29 78 7 3 4 5 0 4 1 3 0 4 0 3 0 3 1 8 0 0 0 0 0 0 2 0 5 7 1 3 12 10 16 9 19 20 15 92 27 106 14 0 0 9 13 20 6 24 5 11 6 3 7 112 
3 1 7 0 1 3 3 0 0 1 10 4 1 2 5 1 7 2 0 0 0 0 0 0 1 0 0 0 0 16 0 62 34 33 65 22 119 48 38 8 39 0 159 90 46 52 56 17 25 110 4 0 14 0 1 0 0 2 0 5 8 23 0 1 13 1 0 0 0 0 0 1 0 0 5 9 2 10 19 9 7 20 12 26 8 95 36 105 39 0 0 71 3 4 7 43 1 16 10 1 4 39 
3 1 2 0 3 0 1 0 1 2 1 3 0 8 2 2 3 0 1 0 0 0 0 0 0 0 0 0 0 8 5 31 55 23 77 18 81 16 78 12 22 17 110 184 104 110 73 21 40 209 16 3 9 3 4 10 9 22 0 0 2 26 0 5 0 2 0 0 0 1 0 0 0 6 23 10 9 12 40 25 18 20 33 75 16 113 79 129 37 0 0 125 19 22 5 85 1 10 18 0 13 125 
0 3 2 1 0 3 2 0 4 7 3 0 1 2 0 0 5 1 0 0 0 0 0 0 0 0 0 1 0 11 10 35 40 28 55 5 36 14 23 13 36 10 125 66 37 33 39 18 31 203 14 9 8 4 4 2 21 21 0 18 6 7 1 0 3 1 0 1 0 0 0 0 0 0 3 9 5 2 51 24 27 39 7 59 20 120 57 109 22 0 0 80 10 3 9 2 1 3 11 0 2 78 
3 1 2 0 0 11 0 3 4 2 15 7 7 16 1 8 6 0 11 0 0 0 0 0 0 0 1 4 2 30 7 23 106 51 132 21 83 66 61 41 64 22 350 433 176 114 121 62 40 236 8 1 17 4 0 3 2 5 0 4 5 13 1 3 3 7 0 2 0 2 0 0 1 0 5 11 1 12 17 38 12 43 7 43 23 123 74 167 66 0 0 548 41 61 15 8 10 23 15 9 30 110 
0 0 0 0 0 1 0 0 2 1 0 0 1 0 0 3 2 0 0 0 0 0 0 0 0 0 0 1 0 3 0 2 5 16 12 0 15 5 6 10 16 6 43 51 36 18 14 14 2 25 1 2 2 1 0 0 0 0 0 5 1 1 0 0 0 0 0 0 0 0 0 0 3 2 2 7 11 1 3 3 2 15 4 10 3 31 23 30 12 0 0 21 14 5 4 7 0 1 2 0 2 16 
3 2 1 1 0 2 0 0 8 1 6 5 2 11 7 1 0 1 0 0 1 0 0 1 0 0 0 2 0 17 4 10 57 43 71 19 112 37 25 6 21 6 149 292 113 146 114 21 38 243 11 2 15 7 6 4 13 16 0 3 2 36 3 0 1 0 0 0 0 0 0 0 0 0 33 15 3 12 45 31 12 40 17 109 25 105 63 133 37 0 0 183 22 19 39 70 0 2 20 3 6 123 
1 1 4 1 0 1 2 1 0 3 1 2 12 9 0 2 1 0 1 1 0 0 0 2 0 0 0 0 8 14 10 10 10 18 44 11 49 26 33 9 28 2 124 170 124 141 80 34 39 197 13 5 12 2 2 5 1 8 0 1 1 21 2 0 0 1 0 0 0 0 0 0 0 2 10 6 0 9 39 21 10 25 21 65 32 67 48 115 53 0 0 226 29 32 15 8 1 2 2 0 9 46 
1 2 0 0 0 1 0 1 4 0 1 0 0 0 0 0 1 1 2 0 0 0 0 1 0 0 0 0 0 3 2 2 10 3 22 1 37 7 22 3 10 3 32 65 66 33 12 25 13 45 2 1 1 0 1 1 1 9 0 0 0 10 2 1 0 0 0 0 0 0 0 0 0 0 1 9 0 5 7 5 5 14 5 21 3 42 10 36 10 0 0 45 7 20 14 22 0 3 6 1 1 19 
1 0 0 0 0 0 2 2 3 0 0 0 0 0 0 0 1 0 0 0 0 0 0 0 0 0 0 0 0 1 0 2 5 0 0 0 8 5 15 0 6 7 24 38 9 29 6 8 2 46 5 1 0 0 0 1 0 2 0 1 0 12 1 0 0 0 0 0 0 0 0 0 0 0 0 5 0 2 5 4 0 6 3 10 7 16 12 34 7 0 0 45 1 16 17 9 0 5 2 2 1 4 
6 2 1 1 3 0 1 2 4 10 3 4 5 3 2 7 2 8 1 1 2 0 0 0 0 0 0 2 2 10 3 6 28 6 31 11 65 21 39 13 17 2 114 156 86 108 73 24 18 56 2 4 1 2 0 2 4 15 0 6 3 6 1 1 0 0 2 0 0 0 0 0 0 1 8 7 1 4 42 6 17 14 5 30 15 43 19 149 46 0 0 117 21 31 50 33 2 39 14 3 1 1 
