9 19 64 3 13 28 65 69 77 42 15 50 86 173 107 90 61 46 58 10 7 9 12 57 16 2 0 36 114 7 0 4 32 3 4 7 11 4 37 20 27 5 32 30 15 20 14 7 8 49 4 3 13 4 0 2 6 10 0 1 12 3 0 5 8 21 3 8 4 2 2 2 5 5 2 2 0 2 22 1 4 0 1 5 1 2 4 37 3 0 0 6 2 6 3 2 0 0 5 0 0 15 
10 12 41 5 14 38 60 53 82 39 15 75 95 198 101 124 92 52 43 8 17 14 6 44 24 2 1 37 136 5 2 3 23 13 12 6 10 4 43 30 25 3 14 25 20 30 13 10 4 59 7 1 18 6 3 2 1 7 0 6 4 11 1 11 11 30 5 7 0 2 5 4 3 6 1 1 0 1 23 2 0 2 1 22 1 4 2 32 8 0 0 25 3 3 5 4 1 0 1 0 0 13 
30 28 14 9 20 39 60 85 95 50 14 59 66 142 87 88 45 34 40 17 10 9 4 40 12 2 0 25 479 1 1 4 15 2 9 3 6 2 42 30 18 2 18 13 12 17 10 4 5 62 8 4 10 9 1 5 7 9 0 0 5 17 1 5 6 20 21 2 0 1 4 1 5 2 0 0 0 3 32 0 1 1 3 9 1 5 2 26 3 0 0 5 2 8 2 1 1 1 2 1 0 11 
21 13 26 3 5 13 16 53 19 10 4 5 20 20 12 16 7 12 8 2 1 1 3 4 2 0 3 2 16 0 0 1 3 2 1 2 0 2 10 5 1 0 0 2 5 3 5 0 1 15 1 2 0 3 2 3 0 2 0 1 0 5 0 3 1 3 0 1 0 1 0 1 2 0 0 1 1 0 8 0 0 2 0 3 0 0 0 3 0 0 0 0 1 0 1 0 0 0 1 0 0 0 
11 16 27 0 3 6 16 9 29 8 9 11 27 29 26 25 31 8 6 9 6 4 0 22 3 0 1 14 28 0 0 0 2 0 1 1 0 1 14 6 2 0 10 12 6 6 13 1 2 23 1 1 3 0 2 6 2 2 0 0 1 0 0 2 0 5 2 1 1 1 2 0 2 2 0 0 0 1 7 0 1 2 1 3 0 1 7 7 0 0 0 2 0 1 1 0 1 0 0 0 0 2 
33 77 107 11 28 12 32 40 49 32 18 100 78 221 114 156 89 67 40 12 17 10 4 44 11 0 2 26 132 9 0 2 9 2 4 2 2 10 67 27 29 0 24 13 16 22 18 2 1 40 6 4 15 5 5 1 5 10 0 8 1 14 3 4 4 35 2 2 2 1 1 8 3 11 1 6 5 1 10 0 4 2 0 11 0 2 0 19 3 0 0 23 6 3 9 2 0 0 8 0 0 7 
62 57 64 37 23 25 10 31 52 33 21 58 77 172 97 98 81 30 48 18 17 17 7 23 8 3 1 16 64 2 6 4 14 7 8 2 0 8 40 30 23 3 12 14 13 19 13 5 1 42 4 3 5 6 6 4 4 8 0 16 0 32 21 9 18 25 4 2 2 6 6 6 2 17 1 1 1 3 21 0 2 1 0 1 4 3 5 18 8 0 0 19 2 7 1 1 0 0 3 0 0 4 
40 46 78 17 10 17 33 6 14 24 47 49 121 170 94 142 93 44 47 12 15 17 2 29 12 3 0 34 51 1 2 5 6 12 2 0 4 11 54 28 26 2 14 5 13 26 10 1 6 39 11 2 15 12 7 3 1 8 0 2 0 41 3 12 25 22 3 4 2 2 0 4 24 1 2 1 2 1 16 1 0 0 1 4 1 3 0 8 0 0 0 17 9 1 4 1 0 0 1 0 0 4 
45 81 90 15 22 40 77 35 7 10 46 91 94 195 84 122 109 33 68 14 21 31 9 21 19 2 1 38 86 3 0 9 16 5 3 1 2 2 84 46 18 3 14 12 8 28 27 3 3 43 1 5 6 3 2 4 3 3 0 0 0 20 4 3 14 25 3 2 0 2 2 10 2 4 2 3 3 2 21 0 1 0 3 2 1 7 0 23 1 0 0 15 6 1 7 2 0 2 1 0 0 7 
23 30 44 10 13 18 16 20 14 7 6 21 51 109 67 71 88 38 33 13 25 7 6 41 19 3 0 53 46 3 0 2 3 0 0 0 1 3 53 13 18 0 10 12 8 11 8 3 3 18 6 3 8 7 3 14 3 13 0 1 1 44 1 3 7 18 2 4 1 0 1 3 2 7 2 3 1 2 19 5 4 2 0 5 1 2 1 6 5 0 0 5 13 1 6 2 0 0 2 0 0 4 
14 16 23 5 15 16 33 12 37 27 2 13 30 109 46 89 76 51 33 8 7 7 11 20 4 1 0 21 28 2 1 2 4 0 1 1 1 4 71 13 10 0 13 1 10 13 13 5 2 14 8 2 6 2 3 2 0 9 0 1 1 22 0 1 2 2 1 0 0 0 2 2 4 6 0 1 0 0 13 0 0 2 0 0 0 0 1 2 4 0 0 8 0 0 2 1 0 0 0 0 0 1 
42 73 65 23 21 40 40 62 36 24 23 12 48 148 41 124 101 80 78 24 14 15 7 52 30 2 0 59 44 11 3 7 10 2 3 2 0 7 104 38 18 5 23 3 6 21 15 6 3 33 7 2 5 3 0 1 0 14 0 5 6 57 0 1 0 14 3 4 0 0 1 15 2 3 4 2 2 0 22 0 0 1 0 0 2 0 0 7 1 0 0 15 3 2 3 1 0 0 5 0 0 4 
46 56 49 19 39 68 75 63 80 55 24 36 5 142 46 126 145 68 101 31 34 26 22 48 31 6 3 80 34 11 1 10 13 1 9 2 7 9 56 36 24 3 8 13 6 26 7 4 6 42 7 0 5 10 3 1 12 10 0 3 4 31 7 3 3 7 1 1 2 3 1 2 1 4 1 1 0 2 17 2 1 0 0 2 2 1 0 13 4 0 0 19 4 8 3 3 0 1 3 0 1 10 
41 61 42 4 16 34 40 54 52 26 15 36 22 9 18 67 61 61 102 21 51 20 30 77 51 6 3 165 31 5 0 1 5 0 0 0 0 2 29 17 3 9 6 8 8 7 4 5 4 26 10 3 9 2 2 2 3 2 0 0 0 6 1 0 0 2 0 0 0 0 0 1 1 1 5 3 0 1 20 0 0 2 0 0 0 0 0 8 0 0 0 6 4 1 2 6 0 2 0 0 0 4 
37 79 80 13 29 51 55 57 82 62 27 78 65 39 7 44 76 73 105 30 50 31 26 75 44 8 2 141 55 5 5 6 14 1 6 3 0 1 19 22 14 2 13 6 10 16 4 4 2 16 9 6 7 5 6 3 3 6 0 0 4 16 0 1 0 1 0 0 0 2 0 1 0 1 2 3 0 2 18 0 0 0 0 0 0 0 0 6 2 0 0 7 1 2 0 0 0 0 0 0 0 7 
40 45 41 9 14 31 34 53 60 53 23 80 58 101 16 10 85 93 123 19 90 27 35 98 51 14 6 115 30 29 2 13 45 28 45 7 124 3 15 38 12 2 15 41 14 15 13 6 4 48 7 7 5 3 3 10 4 5 0 4 2 9 0 5 2 4 0 2 0 5 1 0 4 0 3 2 2 2 32 3 0 0 0 0 0 4 4 12 7 0 0 17 0 5 2 1 0 1 1 0 0 11 
30 49 33 5 26 45 17 44 47 56 24 69 92 272 85 163 11 83 143 17 88 25 55 100 53 4 4 84 32 29 15 32 89 35 63 38 83 25 161 109 59 4 35 47 41 44 36 10 15 79 10 1 8 7 2 1 3 9 0 4 8 19 4 3 2 2 0 1 3 0 1 1 1 6 4 3 0 9 25 5 1 0 0 0 0 3 5 16 9 0 0 36 6 1 1 0 0 0 1 1 1 17 
22 32 35 10 6 31 21 26 26 56 36 54 97 254 89 179 46 8 67 22 51 28 25 63 29 17 0 70 26 17 5 7 33 36 39 9 61 9 135 44 23 6 29 44 24 37 21 1 7 58 11 12 6 6 4 4 8 7 0 2 0 3 1 2 0 0 0 0 0 0 0 0 0 0 5 1 0 2 17 2 0 0 0 0 0 3 0 9 9 0 0 8 7 2 2 0 0 0 1 0 0 3 
24 23 23 8 12 29 27 24 28 23 12 33 48 224 69 135 75 34 3 8 40 11 30 73 28 13 1 101 28 5 5 11 22 18 18 9 20 9 48 19 5 2 8 7 20 18 8 0 7 27 4 1 3 4 1 0 0 1 0 1 0 7 0 1 1 0 1 0 0 0 0 0 1 0 1 2 0 0 3 1 0 0 0 0 0 1 0 8 1 0 0 7 0 0 0 0 0 0 1 0 0 1 
12 23 14 5 2 8 14 16 22 35 20 35 59 104 57 150 123 92 52 4 6 10 12 44 16 14 10 131 17 12 3 0 17 2 12 13 24 32 57 32 17 3 6 13 15 13 9 3 4 21 2 2 4 1 1 1 1 4 0 2 0 2 0 0 0 0 0 0 0 0 0 0 1 0 2 0 1 0 3 1 0 0 0 0 1 1 5 3 0 0 0 4 0 2 0 1 0 1 0 0 0 1 
15 26 12 5 2 13 14 15 30 16 36 56 61 214 128 319 201 112 159 2 6 2 22 30 11 14 5 85 20 6 3 3 14 3 13 8 40 8 128 18 25 3 10 17 7 15 17 3 4 39 0 0 1 1 0 0 0 4 0 3 0 1 0 0 0 0 0 0 0 0 0 0 1 2 1 2 2 0 7 0 0 0 0 0 0 6 0 7 1 0 0 0 1 0 0 0 0 1 3 0 0 2 
12 39 27 3 16 27 20 32 53 21 19 70 66 257 106 277 190 135 161 20 16 12 33 36 12 43 22 162 15 11 1 0 30 11 20 17 43 27 100 7 18 1 13 20 9 20 18 5 6 30 1 0 0 0 3 1 1 5 0 0 0 1 0 1 0 0 0 0 0 0 0 0 0 0 0 0 0 1 5 1 1 0 0 0 0 2 3 4 1 0 0 3 0 0 0 0 0 0 1 0 0 1 
13 5 6 4 6 18 5 12 12 43 5 49 42 121 111 224 179 133 89 24 107 22 7 30 16 16 1 161 14 3 1 6 29 13 22 7 23 6 116 10 7 0 21 8 11 22 10 4 4 29 3 1 3 2 2 1 2 2 0 1 1 2 0 1 0 1 0 0 0 0 0 0 0 0 1 1 0 0 5 0 1 0 0 1 0 1 1 8 5 0 0 4 0 2 1 0 0 0 1 0 0 0 
23 26 28 4 16 28 16 25 34 55 37 66 98 212 167 349 383 246 205 47 110 44 23 16 13 67 33 165 11 8 4 4 40 22 33 16 40 23 143 51 31 0 14 32 30 55 30 6 12 112 4 4 13 5 5 3 9 3 0 5 0 5 0 0 0 0 0 0 0 0 0 0 0 0 3 4 0 4 21 1 1 0 0 2 1 2 2 21 2 0 0 11 0 0 0 0 0 2 1 0 0 3 
53 44 23 5 10 26 6 22 18 80 9 51 98 142 86 128 102 95 92 31 85 11 11 15 9 3 11 104 26 22 12 11 100 9 32 15 37 14 87 50 60 6 14 19 34 39 32 19 15 147 24 5 17 8 14 5 7 9 0 1 4 3 1 2 1 1 0 0 0 0 0 0 0 2 10 8 2 4 34 4 3 1 1 8 0 12 5 59 4 0 0 9 0 1 0 1 0 2 10 0 0 2 
0 1 0 0 0 1 0 1 6 5 0 1 0 13 12 15 21 14 32 8 21 12 9 38 20 3 3 23 0 1 4 1 1 0 0 0 3 0 8 0 2 0 3 2 1 1 2 0 0 0 1 0 0 0 0 0 1 0 0 0 0 1 0 0 0 0 0 0 0 0 0 1 0 0 0 0 0 0 0 0 0 0 0 0 0 0 0 0 1 0 0 0 1 0 0 0 0 0 0 0 0 0 
2 0 2 0 0 1 0 5 4 1 2 3 3 17 25 41 16 19 4 6 41 22 6 41 30 6 1 98 0 0 0 2 3 1 5 4 5 2 25 2 3 0 0 3 6 2 0 0 1 9 1 1 1 0 0 0 0 0 0 0 0 3 1 1 0 0 0 0 1 0 0 0 0 0 0 0 0 0 1 1 0 0 0 0 0 0 0 0 0 0 0 1 0 0 0 0 0 0 0 0 0 0 
30 38 43 4 16 30 17 17 44 43 17 34 102 217 166 218 199 97 143 73 103 114 90 137 57 24 15 10 18 7 3 0 52 18 16 16 71 33 112 50 49 2 20 43 33 53 26 14 23 137 9 6 20 0 4 3 6 6 0 6 2 1 0 2 3 2 0 1 0 0 0 0 1 0 5 2 1 0 17 3 1 4 5 1 0 6 6 39 6 0 0 24 5 2 1 3 2 0 9 0 0 12 
4 7 7 1 2 4 6 11 6 1 2 4 3 11 8 7 7 2 3 1 1 1 1 8 3 0 0 6 1 2 0 0 0 1 1 0 0 0 4 0 1 0 0 2 1 0 0 0 0 9 0 0 0 0 0 2 0 1 0 0 1 0 0 1 0 0 0 2 0 0 0 0 0 0 0 1 0 0 1 0 0 1 1 1 0 0 0 0 0 0 0 0 0 0 1 2 0 0 1 0 0 0 
5 5 2 3 3 6 10 5 7 2 6 33 11 11 12 57 76 70 34 12 6 4 5 16 3 1 1 10 4 25 110 275 738 457 733 446 947 365 489 253 208 21 152 156 144 159 117 31 32 321 11 8 12 13 5 5 14 18 0 11 21 113 5 62 60 125 12 27 13 11 2 13 13 2 10 5 7 11 46 4 2 13 3 9 4 31 13 119 30 0 0 112 21 17 26 14 2 4 8 2 0 37 
1 1 2 0 1 1 2 2 6 3 4 5 5 5 2 16 30 13 28 3 1 3 1 3 2 0 0 6 0 69 15 124 257 106 285 139 370 105 170 78 41 7 50 24 36 43 22 8 10 83 1 1 18 5 4 8 2 3 0 4 6 20 1 18 39 82 18 11 2 10 2 2 11 0 4 5 0 3 24 2 0 0 1 3 1 7 4 28 6 0 0 32 4 9 12 6 0 1 1 0 2 11 
1 7 5 1 0 5 4 7 2 6 3 9 18 10 14 58 93 39 37 7 0 0 1 7 3 2 0 29 2 222 121 19 270 150 491 253 794 273 535 213 122 29 106 99 90 104 94 30 27 183 14 9 21 3 3 6 17 11 0 3 15 100 5 16 47 82 11 11 13 5 6 3 7 3 8 6 1 2 47 2 9 9 0 4 2 19 5 64 28 0 0 72 16 10 20 9 0 0 5 3 1 19 
3 7 1 2 4 2 1 4 7 7 0 2 6 5 7 19 32 10 10 5 5 5 5 25 13 1 2 14 2 177 68 84 13 34 162 76 259 108 198 68 77 21 64 61 52 85 80 27 20 192 15 6 14 9 6 6 10 9 0 9 0 24 2 8 11 21 9 3 2 4 11 10 6 16 4 7 1 3 18 3 5 5 1 8 1 10 7 77 3 0 0 25 14 7 6 3 0 2 0 0 3 36 
1 2 3 0 0 2 2 4 6 1 0 2 3 7 1 37 31 25 19 2 2 1 1 4 3 2 0 11 2 89 24 61 57 9 47 44 251 121 228 123 58 10 56 81 44 63 43 14 26 112 5 2 13 13 2 1 6 11 0 8 4 60 0 4 16 43 9 16 7 15 4 15 14 10 1 1 3 3 17 1 1 0 0 1 0 6 2 27 3 0 0 80 9 8 21 5 1 2 3 0 1 17 
0 2 1 0 1 1 1 1 0 0 2 0 1 1 6 23 17 20 11 5 6 4 1 10 11 0 0 9 4 117 33 95 147 103 4 30 217 109 273 122 62 7 53 65 45 41 24 14 9 106 6 4 11 13 1 2 3 4 0 8 2 66 2 24 7 19 6 4 1 11 12 15 17 7 3 4 0 1 16 0 5 1 2 3 0 4 0 18 4 0 0 63 4 15 3 6 2 2 0 0 0 14 
6 3 4 1 2 1 1 3 2 0 2 1 1 0 4 23 35 28 27 3 8 9 5 14 6 0 0 12 3 159 49 106 167 67 69 9 332 118 162 109 75 11 39 47 56 53 58 18 13 103 4 3 12 6 2 6 4 1 0 0 2 23 1 10 17 16 4 5 2 4 10 4 15 1 2 1 1 1 10 3 0 0 0 0 0 5 9 27 12 0 0 33 7 12 6 8 0 2 3 0 1 21 
3 5 6 1 1 1 3 0 1 1 1 0 1 1 1 10 17 10 16 3 4 2 2 10 5 0 0 22 4 211 70 163 203 82 149 121 19 47 289 215 146 56 88 94 72 137 84 26 26 241 3 2 6 3 1 1 4 5 0 0 0 21 8 7 13 10 2 7 6 3 8 10 9 10 4 1 0 1 3 1 1 0 0 3 0 11 6 34 10 0 0 107 16 19 24 6 0 2 5 1 0 37 
4 12 5 1 3 6 3 7 16 10 2 7 7 28 5 5 22 28 34 2 7 5 0 10 5 4 0 21 12 113 41 140 249 159 143 74 296 6 197 391 225 19 227 250 150 133 117 25 26 289 2 1 1 2 0 5 1 2 0 2 1 25 2 23 15 10 5 7 2 2 3 13 11 11 3 0 0 0 9 0 1 0 0 1 1 21 10 73 29 0 0 179 30 20 26 6 0 9 6 0 1 44 
11 11 6 6 5 11 17 6 8 18 11 4 23 24 7 10 18 46 22 6 9 11 11 19 10 1 0 45 4 81 38 104 160 92 166 99 529 88 18 288 227 36 178 297 135 136 100 31 21 291 5 3 9 10 4 2 2 7 0 1 0 42 3 12 25 19 2 3 1 3 9 5 11 11 4 6 2 3 10 1 4 2 0 2 1 25 5 62 34 0 0 209 31 19 31 11 4 1 11 0 3 40 
13 39 23 8 2 31 11 33 38 29 23 33 30 66 46 110 54 55 43 10 15 7 13 36 14 0 0 40 9 144 52 169 338 174 513 163 1132 478 1318 26 92 60 308 590 219 418 245 55 65 373 14 3 19 10 6 1 2 5 0 1 9 51 4 19 9 26 3 11 2 3 3 8 19 11 13 3 0 3 20 9 5 5 7 10 10 6 11 29 58 0 0 130 27 25 18 9 0 2 1 5 0 41 
16 17 10 2 3 13 7 12 17 8 8 7 13 30 15 58 72 53 38 11 12 3 10 20 25 2 0 34 13 71 28 71 189 106 148 54 485 283 503 82 16 30 132 353 145 292 179 50 25 291 6 6 4 0 1 2 3 0 0 2 3 19 9 20 14 17 5 2 3 0 5 9 9 11 5 2 0 3 13 5 3 7 2 4 4 12 8 19 22 0 0 139 42 12 13 3 1 5 12 0 0 26 
3 1 2 0 1 1 1 4 0 4 0 1 7 8 4 2 8 6 11 0 6 0 0 9 3 0 0 9 6 11 3 8 27 18 22 5 99 33 93 58 25 3 78 112 70 78 33 3 9 44 0 2 6 1 0 0 5 0 0 0 0 3 1 3 0 2 3 1 0 0 0 2 2 1 2 1 1 0 3 0 2 4 2 10 3 10 2 8 19 0 0 27 10 11 10 5 0 2 5 0 0 8 
3 12 1 0 1 3 6 11 6 3 3 7 8 2 12 28 24 16 6 0 2 4 0 6 1 1 2 10 2 37 12 43 110 37 85 26 150 103 225 77 57 16 16 84 62 210 53 26 20 140 7 3 10 9 2 3 1 1 0 0 5 12 0 14 9 14 4 3 0 1 0 2 8 6 14 11 2 5 23 13 25 10 14 42 39 43 19 85 45 0 0 64 75 40 28 26 2 16 25 3 4 124 
9 10 9 0 3 7 10 8 4 9 0 3 4 8 5 11 33 16 11 3 4 2 0 15 11 1 1 23 5 52 19 31 100 38 89 35 152 110 247 183 90 36 114 20 147 340 126 49 25 257 9 7 20 10 4 5 8 9 0 5 4 4 1 5 7 13 1 3 1 3 2 4 13 1 10 7 5 4 37 18 12 15 9 60 26 96 46 73 52 0 0 293 39 65 56 38 9 15 17 3 6 85 
15 22 11 0 4 5 3 12 9 10 5 10 10 13 3 30 46 29 23 22 6 5 2 24 20 2 0 20 7 52 21 48 137 34 92 45 238 128 228 180 122 36 185 245 14 313 185 90 48 368 8 2 13 2 1 1 4 1 0 2 0 17 3 15 6 13 8 5 4 2 2 0 7 5 3 3 3 2 10 6 6 11 6 37 6 36 12 50 23 0 0 206 53 51 25 24 3 11 20 1 3 61 
20 14 10 0 0 4 4 14 10 10 6 12 19 9 3 19 31 49 12 3 4 2 6 21 9 0 4 18 2 28 8 49 154 52 75 35 200 103 188 161 173 33 202 309 108 16 117 121 81 352 5 4 11 8 1 3 4 18 0 3 0 15 2 4 7 16 5 6 1 3 4 5 11 6 9 6 1 8 29 8 5 8 4 21 15 47 20 97 18 0 0 171 33 64 41 12 4 20 24 13 8 81 
15 19 11 6 2 7 8 8 7 6 9 9 6 15 10 16 25 32 25 6 11 3 3 33 10 1 0 21 14 61 14 60 159 45 79 52 255 145 163 222 131 52 186 332 193 215 23 90 101 269 9 5 8 5 0 5 10 2 0 1 2 13 0 12 10 22 2 4 4 3 3 6 16 10 5 9 2 4 24 8 5 10 8 37 17 62 22 122 30 0 0 154 29 60 54 13 6 14 28 0 1 121 
4 15 2 0 3 9 4 11 5 5 4 11 9 6 8 8 17 20 21 5 1 2 3 22 0 1 2 17 10 27 6 23 112 16 78 20 123 73 163 97 154 30 200 676 252 1220 467 7 62 932 1 2 9 4 0 0 0 4 0 2 0 11 2 9 5 15 4 4 3 0 2 4 4 1 3 4 1 4 19 5 5 6 1 14 4 45 33 88 57 0 0 230 39 38 63 19 3 7 10 1 1 58 
6 8 7 3 1 5 6 13 11 12 7 5 16 17 7 14 36 20 21 8 3 3 2 14 8 0 0 13 11 30 10 37 140 39 70 31 186 96 156 174 110 31 328 970 466 1570 940 264 16 1651 7 4 10 3 2 4 4 7 0 0 4 15 0 6 6 24 1 13 0 1 2 4 3 7 8 8 2 0 19 10 12 16 7 38 11 39 16 142 45 0 0 380 39 85 80 35 3 15 32 1 5 62 
51 37 41 9 15 25 23 20 39 40 20 32 30 44 20 35 76 84 104 21 18 16 10 135 40 0 1 127 30 161 42 130 949 87 213 152 522 318 565 366 319 62 546 1053 489 1174 564 380 153 44 38 24 36 7 12 12 19 22 0 5 11 27 4 27 19 52 7 21 6 5 10 8 29 23 36 26 3 18 92 25 20 48 24 81 41 126 66 651 95 0 0 536 72 98 142 47 10 21 65 2 4 261 
4 12 14 1 2 9 10 8 3 5 1 6 7 35 17 24 9 5 5 2 5 1 2 32 7 0 0 26 11 16 1 12 99 8 10 13 23 8 20 14 7 0 7 23 13 20 16 5 8 55 2 11 118 48 23 26 28 47 0 65 15 17 2 21 12 49 12 9 7 12 6 6 25 29 12 8 2 6 112 12 11 5 7 32 13 22 6 62 17 0 0 12 1 10 12 1 0 10 11 2 1 25 
4 5 5 1 0 4 4 1 2 7 1 6 10 18 10 13 7 6 19 0 0 1 1 11 2 0 0 13 11 4 1 10 44 2 21 4 18 13 19 4 8 2 13 5 9 18 7 3 5 27 6 7 39 7 15 23 36 25 0 28 5 8 3 15 11 46 8 5 1 3 0 3 3 9 4 6 1 1 56 5 6 1 6 21 8 8 11 20 4 0 0 11 3 4 4 1 1 5 7 0 0 25 
5 8 12 0 7 2 17 8 5 12 0 14 36 44 15 39 23 11 17 1 0 2 4 24 8 0 1 11 15 14 1 13 72 23 19 15 36 5 38 15 10 1 21 31 12 21 27 7 2 78 19 19 6 12 11 26 27 51 0 55 14 20 13 26 25 51 6 24 10 8 3 14 15 16 8 2 0 9 170 14 15 0 7 43 5 32 8 66 19 0 0 27 5 13 11 4 2 3 15 0 2 28 
8 8 7 1 0 17 5 7 8 11 2 10 14 20 8 37 25 7 12 3 4 2 2 8 1 1 0 5 8 9 2 7 28 21 30 9 14 2 24 10 2 1 17 24 9 17 5 2 2 23 32 29 56 3 23 38 70 102 0 99 12 16 4 33 29 48 14 23 4 5 8 10 9 21 5 4 1 6 116 14 12 3 11 47 12 16 3 17 4 0 0 20 3 10 4 5 0 6 2 0 0 8 
6 2 2 2 0 2 0 8 2 4 0 0 10 11 5 12 10 3 2 0 0 0 0 4 0 0 0 1 5 4 0 7 17 8 5 0 5 2 4 9 2 0 8 5 0 2 6 2 2 9 10 14 43 8 5 11 43 36 0 26 20 17 8 15 13 15 2 7 3 2 2 2 8 8 1 14 0 2 81 8 12 6 5 21 5 6 3 11 0 0 0 5 0 4 3 2 0 1 1 1 0 6 
2 1 1 0 2 3 0 2 0 1 1 1 2 9 13 4 3 0 2 2 3 0 0 6 0 0 0 4 1 1 1 2 12 2 7 2 3 1 6 6 2 2 0 9 3 4 3 0 0 11 3 13 18 19 9 4 4 35 0 22 5 14 5 12 7 6 2 7 3 3 3 0 6 4 1 4 0 1 41 4 1 0 2 15 3 1 0 5 1 0 0 3 2 2 1 2 0 2 1 0 0 2 
2 5 1 0 2 8 6 0 1 2 5 12 13 19 12 14 18 12 12 5 3 0 1 9 2 0 0 2 0 10 1 14 36 12 34 3 13 6 32 6 3 0 10 14 8 7 5 3 1 19 32 41 54 14 10 13 10 27 0 35 20 69 4 24 30 28 5 9 3 5 7 12 10 12 2 8 3 2 73 7 7 0 5 43 9 13 6 17 7 0 0 14 1 8 9 3 0 3 0 0 0 12 
6 11 17 5 6 21 10 9 7 22 8 21 4 63 10 32 26 14 8 1 0 1 1 11 0 2 0 16 13 4 2 16 34 29 41 8 12 4 31 14 3 3 7 32 5 9 9 2 7 31 39 16 59 30 23 56 14 8 0 91 13 190 22 42 35 41 12 30 5 10 9 12 13 9 14 36 9 7 242 24 9 5 8 105 5 13 9 32 13 0 0 20 3 5 13 0 2 2 2 0 0 10 
0 0 0 0 0 0 0 0 0 0 0 0 0 0 0 0 0 0 0 0 0 0 0 0 0 0 0 0 0 0 0 0 0 0 0 0 0 0 0 0 0 0 0 0 0 0 0 0 0 0 0 0 0 0 0 0 0 0 0 0 0 0 0 0 0 0 0 0 0 0 0 0 0 0 0 0 0 0 0 0 0 0 0 0 0 0 0 0 0 0 0 0 0 0 0 0 0 0 0 0 0 0 
5 24 19 2 0 9 18 6 11 2 0 6 20 36 27 57 33 32 11 7 3 4 4 23 4 0 1 17 7 17 17 14 19 10 25 0 0 1 11 9 3 3 4 14 5 10 3 1 1 24 57 9 33 49 19 82 34 30 0 2 9 169 21 74 36 64 19 35 8 8 4 8 24 30 8 10 1 6 79 1 1 3 2 14 2 10 4 23 4 0 0 12 7 3 14 5 2 0 2 2 0 11 
2 3 0 0 0 0 2 3 0 2 0 0 4 2 2 0 0 0 1 1 0 0 0 1 0 1 0 1 7 6 4 3 9 5 10 2 2 1 5 1 3 1 3 4 3 3 2 0 4 12 10 6 17 6 6 22 9 7 0 6 2 104 15 24 24 44 22 15 17 10 4 8 17 7 1 8 0 0 39 4 3 2 4 6 0 2 1 12 1 0 0 1 1 3 0 0 0 0 2 0 0 5 
0 2 1 0 0 1 0 2 1 0 0 1 1 0 0 0 1 2 0 0 0 0 1 1 1 0 0 1 0 1 2 1 1 5 4 0 1 4 1 0 1 0 1 0 1 1 3 0 1 7 6 0 2 3 2 2 0 1 0 3 5 3 2 4 6 4 2 6 1 2 3 2 2 1 0 1 0 0 17 2 0 0 0 0 1 0 0 2 0 0 0 1 0 0 1 0 0 0 1 0 0 1 
1 3 0 0 0 0 1 0 1 2 0 0 0 2 0 4 0 4 1 0 0 0 0 0 1 0 0 2 0 8 0 5 2 6 4 5 14 10 10 3 1 0 2 7 1 7 1 0 1 2 4 2 4 7 1 2 4 4 0 8 2 0 1 2 22 54 11 14 3 3 1 0 9 8 3 2 1 0 9 0 4 1 0 1 0 3 0 0 0 0 0 1 1 0 0 0 1 0 0 0 0 1 
6 7 5 0 1 3 1 5 4 1 1 1 0 1 3 1 4 3 0 2 1 2 0 0 0 0 0 1 11 20 1 12 10 0 33 16 52 8 27 22 9 3 6 12 7 19 7 3 2 31 21 10 23 9 5 14 10 11 0 18 13 316 14 3 16 44 12 14 6 31 11 24 17 20 8 10 1 4 43 11 2 0 2 2 2 0 2 8 3 0 0 14 0 3 0 1 0 0 0 0 0 3 
5 15 5 1 1 6 2 6 9 3 1 0 4 3 1 0 2 5 1 0 0 0 0 2 0 0 1 0 0 20 13 42 44 17 22 8 34 9 70 18 9 3 24 19 12 17 15 9 1 38 24 11 27 9 11 11 7 15 0 31 27 372 20 21 8 60 28 48 31 39 17 31 58 42 6 11 2 2 51 10 8 2 4 4 3 7 3 17 4 0 0 29 5 2 3 3 2 0 0 0 0 5 
11 11 4 2 2 2 5 12 8 5 0 15 5 1 0 3 1 0 0 0 0 0 0 1 0 0 0 3 8 26 10 32 67 43 39 18 42 6 43 14 11 1 18 23 10 22 21 6 4 63 33 19 37 26 10 25 26 34 0 42 20 277 34 64 34 25 14 38 29 48 56 76 96 98 9 9 5 6 73 9 10 4 5 12 1 8 2 17 3 0 0 8 1 0 0 3 0 0 2 0 0 1 
5 6 5 0 0 3 0 3 1 3 0 1 1 1 0 0 1 0 0 0 0 0 0 1 0 0 0 0 6 9 5 17 16 8 12 6 16 2 10 7 1 0 3 3 5 3 8 1 1 11 17 9 17 8 6 4 4 10 0 19 14 52 8 36 65 18 3 10 15 25 29 34 55 37 5 0 2 2 16 7 1 2 2 1 0 5 1 6 0 0 0 0 0 0 0 1 0 0 0 0 0 0 
10 9 9 1 3 2 2 10 1 1 1 3 0 1 0 0 0 0 0 0 0 0 0 0 0 0 0 1 8 10 7 17 18 47 38 12 41 13 34 7 10 2 5 9 9 12 14 3 1 23 21 15 18 13 8 10 12 22 0 28 31 109 17 39 65 76 9 4 15 26 40 66 66 96 3 2 1 1 40 6 4 4 0 13 2 4 0 9 3 0 0 4 0 0 0 0 0 0 0 0 0 0 
2 1 0 0 1 1 1 4 5 2 0 1 0 0 0 0 0 0 0 0 0 0 0 0 0 0 0 0 0 1 2 4 13 3 10 4 18 1 14 2 1 1 2 5 1 14 5 2 1 6 8 1 5 7 2 0 10 0 0 6 5 21 4 19 36 57 19 1 3 11 35 26 23 25 1 1 0 2 9 1 1 5 1 8 2 0 1 2 2 0 0 0 0 0 0 0 0 0 0 0 0 0 
2 6 1 0 1 1 3 4 3 3 0 2 0 0 0 0 1 1 0 0 0 1 0 0 0 0 0 0 4 7 12 13 32 35 30 7 19 8 17 2 1 1 4 6 3 7 0 0 4 11 22 14 29 14 8 10 9 12 0 14 13 95 17 49 102 184 35 30 9 3 45 115 74 134 5 1 5 0 25 3 2 1 3 9 4 1 1 5 1 0 0 1 0 0 0 0 0 0 0 0 0 0 
4 4 3 0 2 5 2 2 3 4 5 4 6 1 0 6 1 0 1 0 0 0 0 0 0 0 0 0 3 5 5 9 49 35 62 15 83 17 58 6 9 1 10 15 12 20 7 4 3 27 14 3 22 10 5 2 7 13 0 37 21 47 15 41 105 213 47 101 47 70 6 101 73 62 4 4 2 1 30 3 7 4 3 22 4 11 3 13 3 0 0 6 2 0 0 0 0 0 0 0 0 4 
6 4 1 2 4 4 6 2 2 3 1 5 5 5 1 1 1 1 1 1 0 0 0 0 0 0 0 0 10 4 1 2 25 39 48 21 81 7 37 9 8 5 6 8 9 21 5 8 3 24 17 6 26 6 4 2 7 8 0 34 33 50 14 76 128 224 64 74 45 59 26 3 75 104 2 7 5 3 32 4 1 2 7 16 7 10 5 9 0 0 0 12 1 1 0 0 1 0 1 0 0 0 
3 1 4 0 1 4 8 1 7 1 1 1 2 1 0 4 2 0 0 0 0 0 0 0 0 0 0 0 2 2 0 2 15 25 17 7 17 15 18 8 2 1 1 3 2 5 9 1 6 32 18 8 14 7 8 13 18 11 0 25 15 48 6 19 56 91 27 33 10 34 23 78 6 36 5 4 2 1 31 2 7 2 5 4 1 0 0 7 3 0 0 1 0 0 1 1 0 0 1 0 0 0 
2 4 6 2 2 3 0 5 2 1 1 4 1 0 0 1 3 3 0 0 0 0 0 1 1 0 0 0 1 0 0 1 16 12 10 10 11 5 8 7 3 0 2 2 2 6 8 1 0 8 21 1 19 7 5 12 8 7 0 29 19 21 3 16 33 91 26 29 17 53 32 75 39 5 10 4 3 1 36 2 5 2 6 7 1 6 1 7 0 0 0 5 0 3 0 0 0 0 0 0 1 2 
1 2 5 0 1 2 0 5 1 7 5 3 15 21 10 14 19 3 2 3 2 0 1 11 3 0 0 9 6 6 4 4 35 9 15 13 9 4 24 9 14 0 27 31 29 38 19 11 12 70 11 3 8 10 7 16 20 29 0 38 7 12 8 28 16 32 5 14 2 4 5 7 16 6 8 15 2 21 228 56 22 19 24 124 12 61 9 57 14 0 0 47 8 23 20 5 0 14 10 0 0 30 
2 1 5 0 1 5 2 3 8 8 1 4 8 14 6 20 28 4 0 0 0 1 0 9 7 0 0 9 7 7 1 5 32 10 10 2 4 2 22 8 10 6 27 32 12 29 24 2 11 54 12 3 24 11 6 25 49 70 0 42 20 11 2 7 11 28 2 8 1 2 2 7 7 9 7 3 14 34 298 82 73 22 39 164 31 35 11 82 12 0 0 24 8 20 24 5 2 4 6 0 0 14 
1 0 1 0 0 1 5 2 0 1 0 0 9 1 0 3 0 2 2 0 0 0 0 2 0 0 0 1 0 4 0 1 7 1 4 0 6 1 4 2 1 0 4 1 2 4 1 2 2 5 3 2 4 8 1 9 7 28 0 9 3 1 3 2 8 5 1 1 0 0 1 1 1 1 6 12 1 19 130 39 23 5 12 25 5 7 0 19 1 0 0 8 1 7 10 1 0 4 0 0 0 4 
1 3 0 4 1 7 3 5 3 2 0 8 10 12 4 15 27 6 3 1 1 2 0 9 1 0 0 6 5 4 0 11 11 4 9 3 4 0 18 7 9 0 18 30 21 45 18 4 9 38 12 9 33 14 10 25 43 41 0 16 2 33 12 24 9 40 6 10 1 4 2 5 7 7 18 45 19 5 144 56 17 25 20 204 36 28 12 78 15 0 0 35 9 17 22 8 2 4 9 0 0 12 
9 15 8 2 8 12 13 3 8 7 1 5 12 30 26 42 25 13 14 5 1 1 2 22 6 3 0 14 19 21 10 25 76 44 40 6 25 7 48 30 12 5 40 82 31 35 27 8 5 94 57 54 92 43 33 55 110 90 0 36 25 174 22 71 58 119 20 52 8 26 16 16 38 39 64 71 14 24 14 33 49 14 27 264 44 55 21 133 42 0 0 79 24 29 24 17 1 4 18 2 4 37 
5 3 4 2 0 3 2 2 0 2 1 2 6 17 6 6 4 9 4 0 1 0 3 10 3 1 0 13 4 7 4 9 14 1 7 0 5 2 17 5 9 3 54 45 20 42 31 7 12 67 13 7 18 7 0 4 10 18 0 9 4 36 8 8 7 25 16 14 0 3 2 4 9 5 29 81 12 26 130 6 30 23 30 298 50 36 14 60 18 0 0 64 22 29 28 9 3 7 1 6 0 28 
6 8 3 0 3 2 0 5 0 1 0 1 0 3 2 5 3 4 1 0 4 0 0 1 1 0 0 3 16 6 3 5 17 5 3 0 0 0 10 20 8 4 40 76 12 39 27 7 6 69 9 13 12 15 7 1 6 20 0 20 6 45 8 20 18 20 4 1 1 3 10 1 7 7 23 22 8 16 219 45 4 11 30 209 77 58 22 70 21 0 0 90 25 19 37 4 3 9 8 3 3 32 
1 3 8 0 0 0 2 2 2 0 0 0 0 1 0 3 0 2 1 0 0 0 0 2 1 0 0 1 0 4 1 2 15 2 1 0 0 0 4 11 7 2 39 45 19 16 16 5 9 54 5 3 13 3 5 0 2 5 0 7 1 11 3 11 3 13 4 5 4 2 1 1 8 1 11 26 6 9 38 11 23 5 8 85 23 29 16 56 12 0 0 75 11 19 31 10 2 10 15 1 2 32 
2 3 4 2 6 0 1 1 5 1 0 0 0 0 0 0 1 0 0 0 1 0 0 2 0 0 0 4 3 12 3 2 10 5 1 2 2 0 9 15 11 2 57 87 11 46 23 7 7 74 9 12 12 8 7 17 8 21 0 25 2 13 0 8 7 7 1 5 3 5 4 3 5 10 15 30 11 12 147 28 33 6 3 274 75 85 18 62 37 0 0 95 24 29 33 3 1 8 9 3 1 24 
2 4 7 0 2 4 2 0 0 3 1 1 0 0 0 1 1 0 0 0 0 0 0 4 0 0 0 2 2 5 0 2 11 2 4 1 4 3 5 6 13 9 73 166 30 69 22 8 14 99 25 3 25 12 6 9 11 22 0 38 9 29 0 0 2 6 2 1 3 1 0 5 7 8 57 47 28 32 172 98 85 29 76 18 79 97 38 136 48 0 0 137 28 57 57 22 1 28 39 2 2 56 
9 2 4 2 0 1 2 0 3 0 0 0 0 0 0 0 0 1 0 0 0 2 0 1 0 0 0 3 2 5 0 2 7 0 2 0 5 2 5 27 12 5 142 274 41 58 50 25 22 78 15 10 15 7 5 4 26 13 0 18 3 37 2 4 4 7 1 4 5 4 2 0 6 2 10 18 8 29 110 65 54 43 69 163 1 98 24 119 52 0 0 213 17 74 67 22 3 6 24 3 6 40 
6 8 6 0 0 7 3 2 2 4 2 1 0 3 1 1 4 2 3 2 3 4 0 5 4 0 0 5 4 17 4 10 29 1 24 8 27 12 37 11 37 4 170 341 35 105 85 27 16 87 13 10 20 5 4 6 16 13 0 16 3 12 6 6 3 4 5 2 3 2 3 2 0 3 27 20 4 15 62 31 19 24 13 139 67 6 14 67 103 0 0 217 71 61 52 22 7 10 16 7 4 60 
2 3 4 2 1 3 5 5 2 2 0 2 1 0 0 2 13 5 7 1 1 0 1 16 0 0 0 6 9 14 7 21 41 10 18 4 42 26 65 24 33 15 152 343 62 103 34 11 9 91 13 2 11 5 1 6 9 13 0 11 3 19 6 5 8 9 1 1 1 1 1 0 4 3 17 12 8 8 46 15 22 21 19 109 26 39 6 53 70 0 0 239 46 83 49 18 2 17 16 4 2 50 
31 34 29 5 5 11 14 3 6 10 1 13 6 6 7 12 23 32 15 6 10 3 4 56 23 2 0 49 8 76 34 67 250 33 93 37 219 122 259 95 66 32 399 846 127 405 209 56 79 686 27 22 55 12 12 24 31 24 0 31 16 63 9 10 20 17 5 6 3 6 14 7 17 23 62 43 13 27 124 65 59 55 60 269 82 123 43 18 75 0 0 823 136 203 204 111 13 41 103 10 20 381 
6 8 1 0 1 3 7 3 1 4 1 5 1 5 1 16 13 18 7 1 4 4 0 6 5 0 0 10 2 25 4 22 44 21 37 23 82 31 62 56 74 32 229 243 51 100 49 13 13 65 6 3 12 3 2 8 8 3 0 10 0 21 2 4 4 10 1 1 1 2 1 1 5 2 11 10 5 5 40 17 16 12 22 68 16 72 44 55 12 0 0 384 76 95 54 27 5 10 31 4 1 75 
0 0 0 0 0 0 0 0 0 0 0 0 0 0 0 0 0 0 0 0 0 0 0 0 0 0 0 0 0 0 0 0 0 0 0 0 0 0 0 0 0 0 0 0 0 0 0 0 0 0 0 0 0 0 0 0 0 0 0 0 0 0 0 0 0 0 0 0 0 0 0 0 0 0 0 0 0 0 0 0 0 0 0 0 0 0 0 1 0 0 0 0 0 0 0 0 0 0 0 0 0 0 
0 0 0 0 0 0 0 0 0 0 0 0 0 0 0 0 0 0 0 0 0 0 0 0 0 0 0 0 0 0 0 0 0 0 0 0 0 0 0 0 0 0 0 0 0 0 0 0 0 0 0 0 0 0 0 0 0 0 0 0 0 0 0 0 0 0 0 0 0 0 0 0 0 0 0 0 0 0 0 0 0 0 0 0 0 0 0 0 0 0 0 0 0 0 0 0 0 0 0 0 0 0 
2 5 5 0 5 0 3 0 2 2 1 7 0 3 1 3 5 2 2 0 0 2 0 0 3 0 0 5 4 14 1 9 19 9 22 7 40 32 41 56 31 2 46 121 39 67 36 6 26 71 6 0 5 1 1 1 2 3 0 3 3 7 1 2 1 0 1 0 0 0 1 2 1 2 4 7 0 5 19 9 14 14 10 37 19 34 25 79 25 0 0 12 20 42 16 43 2 12 30 2 2 86 
0 5 2 1 0 2 2 1 4 2 0 1 2 4 0 2 0 2 1 0 0 0 0 0 0 0 0 2 1 7 0 7 22 7 21 9 50 28 21 22 11 4 108 196 37 54 21 7 4 78 5 0 1 2 0 3 1 5 0 2 2 18 0 2 0 0 0 0 0 1 2 0 0 2 4 3 5 5 15 9 3 9 4 18 14 28 18 37 25 0 0 116 8 5 15 9 0 4 10 2 2 36 
3 4 0 0 1 1 2 3 3 2 3 1 4 3 1 5 2 0 0 0 0 0 0 1 2 0 0 0 1 2 2 8 22 2 28 6 39 15 46 33 35 3 177 270 70 112 65 16 19 95 9 2 9 4 1 0 10 5 0 1 0 5 1 1 0 0 0 0 0 0 0 0 0 0 20 8 2 3 19 14 13 18 9 66 13 68 34 109 45 0 0 432 31 5 11 42 3 8 14 2 5 84 
1 3 0 1 0 1 0 1 0 2 0 1 0 0 1 2 0 1 0 0 0 0 0 0 0 0 0 0 1 8 2 8 19 5 11 7 41 12 28 13 25 3 117 206 37 67 36 11 13 84 3 3 5 2 0 1 4 0 0 0 2 2 0 1 0 0 0 0 0 0 0 0 1 0 5 3 0 4 16 15 4 3 3 31 11 50 18 54 46 0 0 203 36 15 6 17 8 5 8 1 1 71 
2 2 0 0 0 2 0 5 2 0 1 9 2 2 0 3 3 1 0 0 0 0 0 1 1 0 2 6 2 11 2 17 29 12 21 13 67 21 71 53 50 24 375 502 85 126 33 24 17 136 2 4 8 1 0 4 3 2 0 3 3 11 1 1 3 2 0 0 0 0 1 1 2 2 6 8 5 2 23 10 2 18 7 35 6 43 26 117 82 0 0 1440 237 285 108 6 3 20 19 7 2 114 
0 0 0 0 0 0 0 1 0 0 0 0 0 0 1 0 0 0 0 0 0 0 0 0 1 0 0 0 0 1 0 0 3 6 4 4 6 9 12 4 5 4 27 81 11 20 5 3 6 21 0 1 2 0 0 0 1 3 0 0 0 0 0 0 0 0 0 0 0 0 0 0 0 2 1 5 0 0 7 2 4 0 0 3 3 13 3 22 15 0 0 73 43 16 35 7 4 3 0 1 1 11 
1 3 2 2 0 0 3 1 1 0 1 5 2 3 0 2 1 2 0 0 0 0 0 1 0 0 0 1 2 6 5 1 7 0 9 4 44 7 39 13 24 7 185 248 57 125 86 16 18 113 12 6 14 5 1 6 7 3 0 2 1 4 1 0 1 0 0 0 0 0 0 0 1 0 10 3 5 6 42 10 14 19 19 58 15 37 26 67 37 0 0 525 133 132 115 115 1 4 7 4 2 71 
2 2 0 0 0 1 0 0 0 1 1 1 0 0 1 0 0 0 0 1 1 0 0 1 0 0 0 3 2 3 1 6 9 4 9 3 28 4 45 6 8 13 92 107 57 94 80 15 13 112 10 1 14 2 0 3 6 2 0 0 4 3 0 0 0 0 0 0 0 0 0 0 2 0 5 9 0 2 21 11 4 13 8 39 11 27 12 88 20 0 0 211 53 40 47 13 1 4 8 0 2 39 
0 1 1 0 0 0 0 1 0 0 0 1 0 0 1 0 0 0 0 0 0 0 0 0 0 0 0 0 0 1 1 2 3 2 4 2 13 3 26 3 6 2 19 38 16 28 27 2 10 21 3 0 4 2 0 0 0 5 0 0 0 2 0 0 0 1 0 0 0 0 0 0 0 0 2 0 2 4 6 1 2 7 5 25 3 19 4 18 15 0 0 104 25 14 9 11 0 2 2 0 0 39 
1 0 1 0 0 0 0 0 0 0 0 1 0 0 0 1 1 0 0 1 0 0 0 0 0 0 0 0 1 4 0 1 4 0 0 0 3 4 4 1 6 0 11 26 3 17 13 0 2 14 0 1 2 0 0 1 0 2 0 2 1 1 0 0 0 0 0 0 0 0 1 0 0 0 3 4 0 0 3 1 1 4 2 9 4 7 1 13 8 0 0 50 13 8 12 4 1 4 5 3 0 3 
3 5 3 1 2 1 0 2 7 0 0 2 1 6 2 1 3 1 0 1 0 0 0 4 0 0 0 1 0 27 8 2 41 7 5 13 56 19 40 10 19 4 88 77 31 68 54 16 15 108 5 3 8 2 3 0 2 6 0 2 2 3 1 1 2 0 0 1 0 0 1 0 0 1 10 15 2 8 18 3 9 17 8 37 9 33 19 174 29 0 0 122 44 39 42 32 5 23 32 9 4 6 
