12 8 22 4 13 25 37 18 25 19 24 26 50 39 48 64 30 21 31 6 30 18 7 34 9 1 0 31 36 3 0 1 23 4 7 4 2 5 19 18 19 3 10 3 11 16 9 7 11 50 5 1 8 6 3 0 6 6 0 3 5 2 2 1 5 7 7 6 1 0 2 2 1 3 1 0 0 0 14 4 4 5 1 7 5 7 3 18 2 0 0 2 1 1 1 1 0 5 0 0 1 11 
13 4 18 9 15 38 22 24 51 28 19 40 48 41 32 45 31 25 31 12 14 12 10 26 13 0 2 28 72 2 3 3 14 2 5 3 2 7 20 25 19 0 4 19 9 12 15 6 9 63 8 5 9 4 1 0 4 6 0 1 1 0 1 10 7 11 2 5 3 2 2 3 2 4 1 2 0 3 19 1 2 1 1 5 0 3 4 19 10 0 0 3 0 4 0 1 2 1 1 0 0 8 
26 20 11 5 9 20 23 28 52 23 8 28 44 46 45 47 28 17 17 6 10 14 9 11 10 0 1 18 75 3 1 4 13 0 2 5 3 6 14 21 12 0 9 12 9 12 21 7 5 42 4 2 2 6 6 1 7 8 0 2 1 1 2 3 5 6 1 4 0 0 2 3 2 3 3 5 0 1 10 3 1 1 0 9 2 4 3 17 3 0 0 3 3 3 0 0 0 0 1 0 0 5 
4 7 27 0 4 6 11 4 1 7 4 7 5 9 2 7 2 2 5 2 3 1 1 1 3 0 0 5 20 1 0 1 0 0 0 0 1 1 3 1 1 0 0 1 4 1 6 0 1 8 1 1 2 0 0 0 0 0 0 1 0 1 1 0 2 0 0 1 0 0 0 0 0 0 1 2 0 1 3 0 0 0 0 0 0 0 0 2 0 0 0 0 1 0 0 0 0 0 0 0 0 2 
8 10 14 3 1 11 7 6 10 10 5 8 24 25 14 11 11 4 3 1 4 3 3 13 4 0 0 9 19 1 0 0 2 1 2 2 0 2 8 4 9 0 6 6 2 1 1 0 1 20 3 1 2 0 1 1 0 0 0 1 1 1 1 0 5 3 0 0 1 1 2 1 0 1 4 1 0 0 4 0 1 0 0 0 0 0 0 12 1 0 0 1 0 1 0 0 0 0 1 0 0 2 
16 26 20 12 12 5 13 11 31 21 11 29 55 40 34 36 35 27 24 15 5 14 7 24 6 2 2 14 60 6 1 3 5 2 1 2 1 6 20 13 4 0 5 7 11 8 6 4 9 30 2 2 12 2 3 1 1 1 0 1 0 0 0 1 0 4 0 1 0 2 2 3 3 1 2 3 0 1 7 0 0 1 0 2 0 1 2 3 2 0 0 3 1 0 0 1 1 1 2 1 1 3 
24 29 27 14 7 13 5 18 22 28 16 21 91 59 26 50 15 13 11 14 9 10 1 21 8 0 1 11 47 9 5 3 21 0 1 3 3 3 15 15 0 0 7 2 3 5 4 3 1 23 3 3 1 5 2 1 1 6 0 2 0 2 1 4 4 1 3 1 2 1 1 1 0 5 2 3 0 0 7 0 1 0 8 1 1 5 3 6 0 0 0 9 1 2 2 1 0 1 2 0 0 9 
8 19 15 2 2 10 24 6 9 14 13 28 78 55 27 52 27 11 15 7 8 12 8 21 8 1 1 8 39 2 1 4 10 3 2 0 4 4 20 18 10 1 6 2 7 7 6 7 2 29 0 5 2 1 0 1 2 4 0 1 0 1 1 3 6 6 5 3 1 1 2 1 3 6 9 1 1 0 8 0 3 1 0 9 0 2 0 3 0 0 0 6 1 0 0 2 0 1 1 0 0 1 
28 33 39 10 10 25 45 16 5 21 9 40 68 56 26 59 28 22 19 6 12 20 2 20 8 0 2 24 48 3 4 3 6 3 0 2 2 5 20 15 11 4 10 11 5 7 1 5 2 24 4 0 1 3 0 5 2 5 0 0 1 1 1 2 2 5 1 3 0 0 6 2 4 2 6 4 0 0 6 1 1 0 2 1 4 6 2 3 1 0 0 3 0 0 0 2 0 1 2 1 0 4 
12 17 15 8 7 22 24 12 15 2 4 14 23 22 12 37 22 10 4 12 3 13 8 23 13 0 1 16 22 4 1 2 3 0 2 0 1 0 10 11 4 1 1 1 3 1 4 1 2 21 10 1 9 7 2 0 5 6 0 4 1 2 1 1 4 4 0 4 0 1 1 0 0 2 5 0 1 1 16 1 1 0 1 0 2 0 0 6 0 0 0 2 0 0 1 0 1 1 0 0 1 0 
9 12 7 5 0 13 9 11 14 14 1 7 9 26 13 29 19 6 14 6 10 7 7 14 6 0 6 22 14 6 1 2 3 0 0 0 0 3 9 12 8 3 1 6 9 11 5 5 3 29 5 1 2 2 1 1 1 0 0 0 0 1 0 1 2 1 1 0 1 0 2 1 0 1 0 0 0 0 3 0 0 0 1 0 0 3 0 2 0 0 0 1 0 1 0 0 0 2 0 0 0 3 
26 58 15 2 17 37 44 28 45 24 20 8 38 46 22 52 43 37 30 15 15 16 11 55 16 0 1 37 38 10 4 3 7 1 1 2 3 6 25 12 14 0 5 9 5 11 5 6 2 32 5 3 14 9 2 2 2 6 0 3 1 1 2 1 0 2 0 1 3 0 2 0 4 1 2 1 0 5 11 4 0 0 0 2 0 0 0 7 2 0 0 9 0 2 0 0 1 1 2 2 0 9 
36 56 53 8 11 58 68 104 89 42 30 36 8 86 53 70 69 56 45 11 33 26 7 68 47 3 5 69 39 17 6 13 15 3 4 3 6 8 19 16 3 0 8 13 6 12 10 7 12 37 10 8 8 8 0 2 6 8 0 10 1 1 5 0 9 3 0 0 2 0 1 3 0 2 3 3 0 3 6 2 2 0 0 2 0 0 0 9 1 0 0 6 3 2 1 2 0 4 1 0 1 5 
82 147 96 9 26 97 133 83 128 117 53 87 83 10 19 61 106 77 84 52 82 85 28 120 61 7 8 127 49 11 3 1 12 3 5 3 3 11 33 19 10 2 5 7 8 12 9 4 8 48 18 15 23 11 2 6 11 28 0 6 4 1 2 1 2 1 4 1 0 0 2 3 4 1 13 7 0 8 40 9 0 0 0 2 2 2 0 8 3 0 0 1 1 5 2 0 2 0 0 3 1 5 
55 77 71 6 23 42 52 39 50 52 18 36 45 36 5 16 55 26 34 23 35 44 37 105 43 3 15 120 21 4 4 3 13 1 6 5 0 1 11 18 5 2 4 7 5 10 8 3 11 20 15 3 8 7 3 3 6 8 0 4 3 3 0 0 1 0 0 0 0 1 3 1 0 0 7 4 0 1 20 2 0 0 0 0 0 1 2 6 5 0 0 7 2 1 1 2 0 2 0 0 0 1 
58 72 43 7 15 50 72 74 59 53 26 56 76 41 21 18 67 82 74 41 118 50 46 153 61 4 14 138 33 32 15 23 41 14 14 14 40 6 19 41 12 2 12 13 9 13 4 4 8 50 14 15 18 8 5 1 2 9 0 3 1 4 2 1 0 1 1 0 2 1 4 2 5 3 5 6 0 7 34 3 1 1 0 2 0 2 1 17 3 0 0 10 0 2 2 0 0 2 1 1 0 5 
27 40 36 3 7 26 38 47 48 38 13 62 64 97 47 92 7 42 87 52 57 45 30 104 30 4 4 89 23 42 31 41 39 11 27 16 30 16 51 49 27 7 28 18 26 19 14 14 13 71 8 9 8 8 3 3 4 10 0 6 1 6 0 3 4 1 0 1 0 0 0 4 1 2 4 8 0 4 30 2 2 1 0 1 1 4 2 22 5 0 0 13 4 2 2 3 1 1 1 1 0 5 
18 30 16 5 9 20 52 39 29 30 12 41 74 109 55 104 76 7 44 40 64 22 24 83 28 4 4 56 12 38 11 29 37 6 28 11 22 24 60 22 21 7 12 18 19 23 10 4 7 65 7 10 19 14 0 5 5 4 0 5 3 1 2 7 1 1 0 0 0 0 0 0 2 1 5 2 2 8 16 5 3 0 0 0 1 2 1 16 6 0 0 11 0 1 0 0 0 0 1 0 0 10 
7 20 11 6 3 20 18 22 26 23 8 27 55 76 37 89 65 45 8 14 80 29 27 96 22 11 4 61 18 19 10 16 26 1 11 17 21 9 30 22 9 0 12 7 7 26 7 2 8 35 5 9 5 9 1 0 3 4 0 2 1 0 0 5 2 1 0 1 0 0 0 0 0 0 1 2 0 1 19 3 0 0 2 1 0 1 3 6 2 0 0 10 0 0 0 4 0 1 0 0 0 6 
9 17 6 2 2 10 12 10 7 7 9 11 21 29 20 51 26 24 24 4 13 12 13 38 15 7 8 70 3 2 4 3 12 5 2 1 5 8 23 7 4 1 7 5 5 9 5 1 1 25 3 0 3 0 3 0 2 6 0 0 0 0 0 0 1 0 0 0 0 0 0 1 0 0 2 1 0 1 11 1 1 0 0 0 1 3 4 6 1 0 0 0 0 0 0 0 0 0 0 0 0 1 
10 13 13 2 0 16 8 12 7 12 7 21 37 50 27 91 37 40 47 6 7 6 29 34 23 16 20 75 8 5 2 2 8 3 6 2 11 14 48 16 9 0 3 7 4 5 5 4 4 26 0 1 3 0 0 1 2 1 0 0 0 0 0 0 0 2 0 0 0 0 1 0 0 0 0 0 0 0 3 0 0 3 0 0 0 1 0 5 1 0 0 1 0 0 0 0 0 0 0 0 0 0 
17 7 8 1 4 11 11 6 11 11 1 10 20 39 18 51 26 16 21 9 6 4 18 31 11 11 13 66 11 4 2 1 2 1 2 5 5 6 27 1 3 0 3 2 0 2 3 0 2 17 0 0 0 3 0 1 2 3 0 0 0 0 0 0 0 0 0 0 0 0 1 0 0 0 1 1 0 0 4 0 0 0 0 0 0 0 1 1 0 0 0 1 0 0 0 1 0 0 0 0 0 2 
2 6 4 0 2 7 5 1 5 7 3 10 12 24 26 38 36 18 28 7 27 17 1 14 5 7 17 49 1 3 0 1 6 1 0 4 3 6 6 1 1 1 0 0 1 3 3 2 0 16 2 1 0 1 1 0 1 2 0 2 0 1 0 0 0 0 0 0 0 0 0 0 0 0 0 0 0 0 3 0 0 0 0 0 0 1 1 4 1 0 0 1 0 0 0 0 0 0 0 0 0 1 
21 12 8 1 9 15 12 16 18 30 4 38 30 54 43 120 79 38 44 17 24 10 20 9 6 21 36 101 8 8 5 4 39 3 9 8 14 10 26 8 23 0 7 8 13 12 8 10 17 85 7 2 4 4 1 0 1 5 0 1 1 1 0 1 1 0 0 0 0 0 0 0 0 1 2 4 2 1 13 1 3 1 3 1 0 4 1 17 2 0 0 5 0 0 3 0 0 1 1 0 0 2 
21 26 21 6 7 24 16 10 13 45 8 33 46 38 49 76 29 26 33 20 22 18 10 18 8 6 11 52 3 18 11 15 53 9 9 12 12 10 35 19 45 2 10 5 29 30 30 12 28 150 41 14 44 7 3 2 3 12 0 2 0 1 0 2 3 1 0 0 0 0 0 0 0 0 7 3 0 3 22 5 1 0 0 1 2 1 8 42 3 0 0 7 3 0 0 1 0 0 0 0 0 4 
0 1 0 1 1 0 0 0 1 0 1 2 3 6 3 4 9 10 19 7 20 14 4 21 3 0 1 9 0 0 0 2 0 0 0 0 1 1 4 0 5 0 1 2 0 0 0 0 0 2 0 0 1 0 0 1 0 0 0 0 0 0 0 0 0 0 0 0 0 0 0 0 0 0 0 0 0 1 3 0 1 0 0 0 0 0 0 1 0 0 0 0 0 0 0 0 0 0 0 0 0 0 
0 0 0 0 0 2 0 0 2 0 1 1 0 2 2 2 3 3 3 3 9 16 6 20 15 2 1 16 0 2 0 0 4 0 0 0 1 1 4 1 0 0 2 0 1 1 0 2 0 1 0 1 1 0 0 0 0 0 0 0 0 0 0 0 0 0 0 0 0 0 0 0 0 0 0 4 0 0 0 0 0 0 0 0 0 0 0 1 0 0 0 0 0 0 0 0 0 0 1 0 0 0 
28 24 21 2 8 31 16 19 17 33 13 34 50 78 65 103 69 53 60 41 63 92 77 144 54 10 35 7 7 4 0 5 33 5 12 11 7 17 51 34 43 4 9 15 39 14 21 11 12 134 13 7 25 2 9 1 0 5 0 2 3 2 2 0 2 1 0 0 0 0 0 2 0 0 5 6 3 1 18 2 1 0 1 1 1 6 0 38 11 0 0 7 5 2 1 1 0 0 0 0 0 9 
45 83 79 13 31 87 59 33 84 39 29 51 32 49 26 52 26 23 31 15 25 36 10 14 11 0 0 14 5 16 2 8 7 1 1 2 7 22 16 33 22 4 20 12 17 4 8 7 7 36 1 0 7 10 0 1 4 15 0 3 1 4 2 6 8 8 0 7 1 2 5 3 4 5 0 2 0 1 25 0 2 2 4 5 2 6 2 9 6 0 0 7 0 2 1 2 0 0 7 0 0 4 
3 6 1 0 1 1 6 0 4 8 5 7 15 9 4 23 30 16 25 8 8 7 0 19 3 0 2 4 6 20 103 130 278 55 87 142 212 146 182 130 86 8 45 57 42 60 46 31 22 236 10 3 17 3 6 1 4 3 0 11 8 9 3 16 18 27 9 14 10 10 13 7 3 0 7 4 1 1 18 3 5 1 2 9 5 8 9 63 7 0 0 27 2 15 6 10 1 3 11 0 5 20 
0 1 0 0 0 2 3 2 1 0 2 0 3 0 0 12 8 14 6 0 5 5 0 2 4 0 0 0 0 94 9 88 127 15 35 41 133 53 52 27 19 3 10 15 10 16 20 1 7 48 3 2 3 5 1 1 4 1 0 4 0 2 0 4 4 12 3 4 1 3 2 2 4 0 2 0 1 0 6 0 3 0 0 1 0 0 0 27 3 0 0 8 1 0 1 5 0 0 1 1 0 4 
2 4 4 0 1 0 1 3 3 1 2 2 8 3 3 4 27 15 19 1 3 3 5 4 4 0 0 7 1 116 87 12 99 18 67 61 177 111 161 71 64 5 31 28 28 47 42 18 29 123 7 5 5 5 3 7 4 4 0 7 4 4 3 20 13 24 4 2 7 2 5 1 4 1 5 3 0 4 27 0 2 0 0 1 1 16 4 48 14 0 0 19 3 2 5 6 3 5 1 1 1 16 
14 18 8 3 2 9 19 7 7 7 3 17 13 7 10 16 49 39 17 10 9 9 10 73 36 2 1 23 9 306 117 145 20 47 102 106 248 173 249 174 131 19 101 90 124 144 114 55 92 688 31 37 74 24 10 7 19 29 0 23 8 7 4 18 26 41 8 17 6 22 34 26 7 9 21 9 2 6 61 9 6 10 2 10 5 15 15 156 17 0 0 48 11 20 10 26 5 7 9 4 3 63 
2 8 5 0 0 3 2 1 2 4 0 2 2 1 4 7 15 7 10 3 2 1 0 7 5 0 1 1 1 99 34 41 59 3 21 18 114 39 93 61 30 3 25 20 24 33 24 15 14 77 13 2 19 10 0 2 8 11 0 2 1 4 1 2 4 21 5 10 3 8 10 15 7 8 5 2 0 1 17 0 0 0 1 1 2 5 6 20 8 0 0 24 1 7 5 9 2 3 2 1 1 9 
4 5 3 0 2 3 3 5 1 3 2 2 3 2 4 12 15 18 11 7 11 6 4 14 6 0 5 5 5 147 73 99 112 17 16 11 131 77 136 100 55 8 52 49 42 57 39 18 21 120 6 6 13 4 2 0 2 11 0 4 5 10 5 16 8 14 8 19 3 7 6 21 13 0 5 3 0 2 14 2 2 0 1 2 0 4 9 27 11 0 0 31 12 4 11 11 1 7 3 2 1 18 
2 4 1 0 0 1 2 2 0 0 1 4 2 1 2 19 7 15 3 5 7 4 2 12 12 0 1 9 5 153 80 74 138 23 35 8 149 52 129 60 56 4 27 15 21 54 31 13 19 161 5 9 9 5 2 2 1 4 0 0 1 5 3 12 3 8 6 10 4 4 6 15 12 3 2 2 0 1 2 2 0 2 0 1 0 4 6 21 3 0 0 18 7 5 2 15 0 3 5 3 0 22 
3 14 6 0 1 5 3 5 6 4 0 2 3 3 1 37 54 32 18 9 16 13 14 46 9 2 5 39 5 440 195 358 382 121 169 172 28 183 515 358 186 33 131 148 150 189 144 95 60 470 15 17 34 14 6 6 13 13 0 6 2 12 6 27 23 28 20 19 8 12 25 33 18 13 12 5 3 2 40 1 12 2 4 6 5 17 17 91 56 0 0 83 18 14 17 20 6 27 20 8 1 65 
9 7 8 1 0 9 8 7 10 5 1 8 11 7 3 5 17 15 13 8 9 2 10 24 19 2 0 28 9 144 62 125 123 40 65 52 128 16 132 136 104 16 92 84 65 75 63 39 40 215 2 8 16 5 0 0 1 6 0 3 2 3 6 10 5 3 2 4 0 1 11 10 5 9 3 0 0 0 11 1 1 3 0 3 2 15 8 51 29 0 0 42 7 8 5 14 1 11 6 1 1 26 
28 32 31 2 4 21 38 28 32 29 15 36 32 21 7 12 50 55 45 21 60 51 42 56 34 4 10 75 9 268 109 204 275 88 153 95 382 116 23 392 204 28 108 144 123 171 101 71 87 518 22 10 39 14 8 7 18 18 0 5 6 12 7 25 26 39 14 15 4 10 27 29 10 11 9 9 0 6 41 6 7 7 5 14 1 20 28 131 36 0 0 110 19 23 23 36 8 22 15 4 3 76 
11 18 18 4 3 11 11 12 22 14 4 21 23 11 8 12 34 23 18 9 14 4 7 23 16 0 2 23 8 112 43 55 151 50 69 60 265 132 337 20 45 23 81 183 68 124 70 51 54 264 7 2 19 3 2 3 2 9 0 3 0 16 4 11 8 9 1 2 2 0 4 4 3 7 7 3 0 3 12 5 2 3 8 8 5 3 9 33 23 0 0 47 9 10 17 16 1 12 11 3 2 29 
12 21 21 1 0 5 10 8 8 7 4 4 12 4 9 19 23 29 7 7 9 9 3 30 10 0 1 26 8 69 32 50 133 19 38 25 117 90 241 79 10 18 78 96 62 117 69 56 39 267 8 4 12 1 3 1 4 3 0 0 6 1 3 3 4 8 1 2 1 1 3 10 3 2 6 2 0 4 20 7 9 1 5 17 5 19 17 23 20 0 0 50 15 11 16 12 7 6 10 3 0 39 
1 8 1 0 0 2 2 1 4 0 2 2 3 1 3 1 6 5 1 0 1 4 1 1 0 0 0 3 3 8 10 13 11 8 8 5 24 18 20 26 16 2 18 75 17 18 15 10 8 38 1 2 3 1 0 0 1 1 0 2 0 0 0 1 4 0 0 2 0 3 0 2 1 0 0 0 0 0 4 4 1 2 1 4 0 14 6 7 6 0 0 6 2 3 2 2 1 2 1 0 0 4 
5 8 5 3 4 3 9 7 8 31 1 15 13 9 5 8 19 10 9 7 7 5 3 19 5 1 0 10 10 46 8 44 95 23 45 30 127 93 149 59 70 27 18 64 63 101 68 46 46 243 12 7 7 6 2 1 2 12 0 4 2 3 3 10 9 11 5 4 2 1 12 5 2 2 15 5 2 12 40 26 12 12 20 54 23 47 23 145 56 0 0 78 35 33 25 55 4 22 19 6 0 110 
3 18 7 1 0 11 14 9 3 1 7 9 15 7 6 15 20 18 14 8 10 5 4 13 12 0 0 16 8 68 31 55 87 37 53 35 122 112 203 184 122 41 125 26 176 314 182 103 108 454 20 10 22 14 4 1 9 10 0 5 2 6 0 10 19 19 2 4 3 4 9 7 2 5 25 22 1 11 53 27 32 25 36 91 54 163 78 172 82 0 0 212 67 113 52 119 9 53 34 17 11 133 
8 15 13 0 1 12 14 6 8 11 4 9 6 2 3 14 29 21 13 6 16 4 8 37 10 2 0 35 7 58 9 48 131 19 45 25 109 102 149 124 84 17 66 208 16 182 116 125 113 424 10 2 18 5 1 3 0 6 0 1 3 3 1 8 14 7 1 5 1 2 5 6 18 3 11 12 3 7 22 13 10 5 4 37 25 36 21 66 30 0 0 70 18 34 22 66 13 35 46 11 8 59 
10 26 9 2 3 3 8 14 12 9 4 24 13 8 9 7 23 21 11 8 10 10 8 31 21 0 1 23 12 90 20 50 166 26 57 48 166 92 212 202 113 29 100 299 173 31 206 222 195 852 12 15 31 6 7 2 7 7 0 4 1 9 1 8 8 8 4 18 3 4 7 18 7 3 26 9 5 9 41 19 28 21 13 72 20 76 42 172 39 0 0 156 25 33 28 50 10 37 54 12 8 124 
11 16 14 3 2 5 7 10 11 9 14 5 11 9 8 6 18 14 16 2 5 6 8 30 11 1 1 23 5 54 21 44 152 20 48 35 92 73 135 119 66 25 85 162 135 254 40 132 93 370 8 7 19 10 1 4 7 3 0 0 0 2 3 4 3 18 3 4 2 3 5 5 6 0 12 13 0 8 27 12 11 11 11 21 17 41 12 126 17 0 0 67 11 35 30 28 2 25 28 6 3 75 
3 14 9 0 0 3 5 5 4 1 4 1 6 5 1 2 3 8 2 4 3 4 3 16 3 0 0 11 0 23 6 17 55 9 10 2 46 35 40 27 36 5 40 62 61 175 130 12 62 326 6 2 7 2 1 1 1 3 0 0 0 3 0 3 8 5 1 2 1 0 0 2 1 0 1 1 0 1 11 8 4 3 4 15 10 19 18 97 5 0 0 54 7 7 5 13 3 14 8 3 0 64 
5 6 4 2 1 2 0 7 2 7 3 3 6 2 1 2 4 8 2 5 3 0 1 12 13 1 1 4 5 17 7 13 88 12 13 11 40 14 90 38 32 3 32 96 44 146 107 77 14 368 1 4 6 3 1 0 0 2 0 0 0 0 0 2 4 3 1 2 0 0 2 0 1 0 5 4 2 2 7 1 2 6 2 12 4 18 8 112 10 0 0 56 4 7 6 8 4 16 3 0 3 55 
57 73 27 5 20 29 34 21 20 49 8 30 42 22 25 30 73 45 25 17 24 21 16 154 38 0 9 106 27 209 71 145 689 71 89 107 308 221 414 287 249 31 164 357 211 527 299 425 334 63 53 26 89 19 5 10 14 18 0 8 1 5 2 20 29 33 8 18 1 7 20 28 12 12 74 31 3 17 101 22 40 55 42 98 34 82 47 557 50 0 0 224 32 73 47 69 10 72 80 13 6 247 
7 5 7 2 2 6 13 9 0 7 0 7 5 14 8 20 14 7 4 2 3 3 2 29 8 0 0 11 3 17 0 12 50 5 6 5 10 2 13 7 3 0 7 14 12 6 11 2 9 56 1 19 35 13 12 9 14 32 0 25 10 3 1 8 26 27 5 18 1 19 12 5 15 13 3 12 0 10 86 7 10 2 4 20 5 17 9 48 10 0 0 4 2 5 5 4 0 7 4 4 1 25 
3 4 1 0 0 3 1 3 1 0 2 1 5 6 4 6 2 3 2 0 1 0 1 6 3 0 0 2 2 5 1 1 19 6 6 2 3 0 5 4 0 0 7 6 4 5 1 2 4 21 2 1 32 17 18 3 8 15 0 14 8 2 3 11 7 8 6 9 6 7 6 9 5 8 2 5 0 5 65 5 6 3 2 13 8 5 1 16 7 0 0 5 2 2 6 2 0 3 1 1 0 10 
11 5 6 1 2 8 4 5 5 6 2 4 9 18 8 15 21 6 4 4 0 1 0 19 4 0 0 22 6 17 10 14 60 9 11 6 13 6 27 7 10 0 7 16 8 20 11 9 5 63 55 26 8 25 13 8 15 24 0 29 13 4 7 20 10 29 13 19 5 27 5 12 13 13 5 9 0 11 118 10 4 2 10 23 16 17 5 63 8 0 0 15 4 5 7 7 4 7 4 1 1 19 
6 7 2 0 2 1 3 3 3 7 1 3 13 6 6 11 9 6 3 2 1 0 5 8 6 0 0 6 7 9 7 12 17 8 7 1 11 0 16 6 1 0 10 6 1 15 5 2 6 16 18 16 32 6 5 4 13 18 0 19 7 0 4 7 9 11 3 15 4 7 4 5 5 4 1 2 1 5 61 4 8 1 3 19 13 10 2 22 7 0 0 6 0 5 0 2 0 8 2 0 1 10 
1 3 1 0 2 1 2 2 1 1 1 1 2 7 4 7 5 1 1 2 1 0 1 6 1 1 0 0 4 5 3 4 15 4 7 0 2 0 4 0 0 0 1 1 0 2 2 1 0 7 12 3 9 13 3 1 4 15 0 7 9 4 0 3 10 7 4 2 2 8 0 0 6 3 1 5 2 4 37 4 3 1 5 8 3 4 1 10 2 0 0 2 0 0 1 0 3 1 1 0 0 6 
1 1 1 0 1 0 6 2 2 0 2 3 1 0 0 8 5 1 1 0 0 0 1 3 0 0 0 2 2 4 2 2 6 3 6 2 1 2 2 4 0 0 2 4 1 2 0 1 3 8 7 6 6 4 1 1 7 20 0 11 1 2 1 3 3 6 1 4 2 6 3 0 5 1 0 0 1 0 37 0 3 0 3 6 2 4 3 3 2 0 0 3 0 1 1 0 0 0 1 0 0 3 
5 2 2 1 2 3 6 1 5 2 0 3 5 1 9 10 6 4 1 1 1 0 1 7 1 0 0 2 1 9 1 4 11 6 3 2 9 1 11 3 6 1 9 6 4 1 2 0 3 16 14 16 29 12 7 9 4 11 0 13 6 3 1 4 8 16 3 15 0 9 5 9 5 6 6 8 0 13 63 6 5 2 1 11 8 2 0 16 1 0 0 2 2 6 1 2 0 4 1 1 0 1 
3 3 1 1 3 9 5 2 5 7 1 10 7 9 7 8 3 0 6 3 1 1 1 6 3 0 0 6 5 6 4 10 13 9 14 3 3 0 18 11 3 0 5 9 5 4 2 5 2 11 25 13 27 25 11 9 12 7 0 16 6 4 7 12 8 27 6 15 4 10 2 7 4 4 15 8 2 10 130 13 10 3 6 42 9 8 7 18 2 0 0 8 1 6 5 7 3 2 6 0 0 2 
0 0 0 0 0 0 0 0 0 0 0 0 0 0 0 0 0 0 0 0 0 0 0 0 0 0 0 0 0 0 0 0 0 0 0 0 0 0 0 0 0 0 0 0 0 0 0 0 0 0 0 0 0 0 0 0 0 0 0 0 0 0 0 0 0 0 0 0 0 0 0 0 0 0 0 0 0 0 0 0 0 0 0 0 0 0 0 0 0 0 0 0 0 0 0 0 0 0 0 0 0 0 
10 8 8 2 0 7 9 13 5 2 2 8 17 8 13 26 17 9 7 5 4 14 3 20 8 1 1 15 12 7 5 4 13 10 2 0 5 1 18 8 3 3 4 6 5 3 1 3 2 26 28 28 49 20 9 5 21 27 0 2 2 4 1 7 25 22 19 13 4 5 14 22 15 18 3 3 3 6 36 6 3 0 7 10 1 4 4 23 6 0 0 4 2 0 3 1 0 6 2 2 0 7 
0 3 4 1 0 2 2 1 0 0 1 0 12 5 2 4 4 2 0 0 6 0 1 0 0 0 0 1 3 11 2 8 6 3 4 0 0 1 0 1 1 0 5 4 2 1 0 0 4 9 6 0 10 4 4 1 11 9 0 4 3 4 4 12 12 12 9 12 4 9 8 12 9 9 6 3 0 1 17 4 1 1 1 7 2 2 3 6 1 0 0 3 0 1 2 0 0 0 0 0 0 5 
3 6 1 0 3 4 3 5 2 2 1 3 3 3 3 0 8 0 2 0 3 1 0 2 1 0 0 2 0 12 3 12 11 4 11 2 11 11 15 17 5 3 3 9 6 10 9 3 9 21 5 3 4 2 3 1 6 9 0 12 6 2 3 11 13 24 5 10 3 15 5 6 7 0 10 1 0 0 19 1 2 0 1 3 4 3 4 8 7 0 0 7 2 0 4 2 0 2 0 0 0 0 
0 1 1 0 0 0 0 2 3 0 0 0 2 1 2 0 1 2 0 0 0 0 0 1 0 0 0 0 3 3 2 6 6 4 0 4 4 1 6 4 2 0 0 0 2 2 1 2 0 5 1 0 5 0 1 1 2 6 0 2 5 3 0 3 9 9 1 5 0 6 2 4 0 0 3 0 0 0 6 1 4 0 0 0 0 0 1 1 0 0 0 0 1 0 0 0 0 0 0 0 0 0 
3 2 5 0 1 0 2 6 5 3 0 2 3 0 0 1 2 1 0 0 1 0 1 6 0 0 0 0 12 13 1 8 11 1 11 8 27 13 31 9 6 1 6 8 8 8 4 3 1 27 9 9 15 11 3 3 6 11 0 8 8 15 5 10 10 37 8 7 7 16 14 26 14 10 2 2 2 2 36 4 8 4 1 0 2 4 1 3 1 0 0 3 1 0 1 2 0 1 0 0 0 1 
3 7 4 1 0 4 8 5 5 4 2 1 6 1 0 2 1 0 0 0 0 0 2 0 2 0 0 0 1 26 19 17 21 8 10 10 23 12 18 37 6 1 3 10 5 9 7 5 4 31 9 12 20 14 5 11 13 14 0 10 4 9 14 10 2 22 16 31 10 25 23 45 15 16 12 9 2 2 33 7 1 3 0 5 2 1 2 10 1 0 0 5 1 0 1 3 0 0 1 0 0 3 
9 15 11 0 3 10 9 13 14 5 1 2 4 5 1 1 1 0 3 0 0 0 0 1 3 0 0 3 4 59 42 43 57 23 9 9 28 9 33 22 13 1 14 15 13 15 10 8 13 63 31 9 39 21 6 3 30 26 0 34 14 16 16 31 46 13 18 50 44 68 70 79 43 35 17 5 2 11 65 15 8 4 1 9 8 11 1 19 3 0 0 5 1 1 1 1 0 0 1 0 0 7 
10 6 2 0 1 1 2 3 5 3 0 1 2 0 0 1 1 0 0 1 0 0 0 1 0 0 0 0 3 16 2 13 18 5 8 4 24 7 6 2 4 3 5 4 4 5 3 4 4 9 3 1 10 12 2 0 9 5 0 11 6 1 16 14 19 19 1 9 15 33 23 18 28 8 5 5 0 2 11 3 2 1 0 4 1 3 0 5 1 0 0 1 0 2 1 0 0 0 2 0 0 0 
2 2 4 2 0 2 5 5 4 1 4 4 1 2 1 2 1 0 0 0 0 0 0 0 1 0 0 0 1 9 7 3 14 9 6 6 16 8 12 4 4 1 5 5 6 4 4 2 5 23 5 10 9 8 4 1 8 10 0 11 8 5 2 5 14 24 4 1 14 21 34 26 21 9 5 1 1 3 20 5 4 0 1 7 5 4 0 12 1 0 0 2 0 0 1 0 0 0 0 0 0 1 
0 1 1 0 0 0 1 1 1 1 0 1 1 0 0 1 0 0 0 0 0 0 0 0 0 0 0 0 0 7 4 3 14 7 3 0 17 3 9 1 0 0 0 0 3 8 2 1 2 11 1 0 2 1 0 0 1 1 0 6 1 0 1 4 15 18 13 7 3 11 15 14 12 10 0 0 0 1 6 0 2 1 4 2 0 2 0 2 1 0 0 6 0 0 0 0 0 0 0 0 0 2 
0 4 0 0 0 3 2 2 2 1 0 1 1 0 0 1 1 0 0 0 0 0 0 0 0 0 0 1 3 14 5 2 15 7 15 6 6 11 18 5 3 0 1 1 4 3 4 0 0 12 5 6 23 6 5 1 5 7 0 7 5 2 4 14 18 43 18 21 10 2 27 42 14 20 2 3 0 3 20 4 6 0 1 0 1 8 2 10 1 0 0 1 0 0 0 1 0 0 0 0 0 1 
2 2 8 0 0 1 3 4 1 4 0 1 1 1 2 3 1 0 0 0 0 0 0 0 0 0 0 0 4 6 0 4 14 4 8 3 11 6 14 1 3 0 2 5 3 4 3 1 3 17 1 1 5 2 0 3 2 1 0 10 5 1 1 6 10 32 13 14 8 13 5 38 14 17 1 1 0 2 13 7 3 1 1 10 0 2 2 5 1 0 0 5 0 1 0 0 0 0 0 0 0 1 
3 1 2 0 0 2 4 2 3 1 1 0 1 0 2 3 3 1 1 1 0 0 0 0 0 0 0 0 2 6 1 2 20 10 8 5 18 10 17 4 4 0 3 3 5 5 5 0 2 20 8 3 13 7 2 4 1 3 0 9 5 6 2 18 23 46 25 42 23 39 43 2 36 18 6 6 1 1 39 3 5 4 0 4 0 4 2 7 1 0 0 2 0 0 0 1 0 1 0 0 0 2 
2 5 6 1 0 3 5 8 5 3 0 4 5 1 0 2 3 8 0 0 0 0 1 1 1 0 0 0 3 12 5 12 11 22 16 4 13 5 32 16 14 1 7 6 13 11 7 5 2 43 15 14 25 9 15 2 20 15 0 23 12 6 5 21 39 52 21 26 14 40 19 55 3 14 9 8 4 5 32 9 4 4 1 11 5 7 1 23 4 0 0 9 4 1 5 0 1 0 1 2 0 3 
2 2 4 4 1 6 5 4 3 0 3 9 5 0 2 1 2 1 0 1 0 0 0 2 0 0 0 0 3 0 1 4 17 19 7 3 12 12 19 9 8 0 3 3 8 9 5 5 4 42 20 2 10 14 9 7 9 6 0 30 9 4 3 8 29 36 21 35 7 50 28 55 20 2 4 3 1 4 42 1 6 2 8 5 4 3 4 8 3 0 0 1 1 0 0 2 0 0 3 1 0 8 
1 0 1 1 0 1 4 0 3 4 0 0 4 0 1 5 2 2 2 0 1 0 1 4 2 0 0 2 1 6 3 4 20 3 2 2 2 0 5 4 1 3 18 16 7 16 6 4 7 34 6 5 7 3 3 2 5 9 0 9 0 0 0 2 5 10 0 0 0 3 3 1 7 3 3 2 6 15 80 16 17 10 7 36 8 20 4 41 5 0 0 13 3 10 10 10 3 8 2 1 1 25 
0 2 1 0 1 0 0 2 1 7 1 1 0 3 1 6 2 3 0 3 0 1 1 5 2 0 0 2 0 5 2 0 13 0 2 3 2 3 5 3 6 2 6 4 11 7 11 9 8 38 8 3 1 2 4 1 3 8 0 8 4 2 1 4 2 3 1 0 0 0 2 3 6 7 4 4 6 14 92 22 8 6 20 51 11 20 7 67 10 0 0 3 3 8 9 7 1 13 6 9 2 23 
0 1 0 0 0 0 0 0 0 0 0 1 0 1 0 4 0 1 0 0 0 1 1 0 0 0 0 1 0 0 0 1 1 1 2 0 1 0 0 0 1 0 2 2 2 1 2 0 0 6 0 0 1 0 3 0 2 2 0 0 0 0 0 2 1 0 0 0 1 0 1 0 0 2 3 6 2 8 32 9 7 2 6 13 10 4 1 14 2 0 0 1 1 4 1 2 0 0 1 0 2 1 
1 1 2 1 1 0 1 2 2 5 2 1 0 0 3 1 6 2 0 1 2 0 2 2 3 0 0 2 4 5 7 4 6 1 3 1 0 2 8 6 2 2 7 13 6 3 4 5 1 15 4 0 11 6 10 2 6 23 0 6 5 0 1 10 5 8 3 2 2 1 2 1 0 1 16 18 10 1 53 21 19 9 10 48 11 11 5 40 11 0 0 9 3 3 2 7 4 6 3 2 0 15 
8 11 14 2 7 11 37 17 26 14 7 10 19 24 16 42 20 14 5 5 3 1 2 15 11 0 0 9 14 28 8 17 50 20 17 4 13 11 33 15 16 1 28 55 17 33 23 12 12 98 113 82 162 75 68 33 85 139 0 54 14 15 14 19 31 48 9 23 16 34 22 15 20 26 210 180 57 79 16 100 106 36 85 238 74 59 19 133 15 0 0 35 1 24 20 11 1 21 18 5 7 37 
0 4 2 0 0 1 1 1 0 5 0 3 2 4 1 2 2 5 2 0 2 0 1 6 1 0 1 3 2 0 3 4 8 3 4 1 0 3 7 8 3 0 9 10 4 9 10 3 2 31 12 4 12 7 4 4 6 11 0 3 2 2 2 4 5 10 4 5 2 2 2 5 4 1 24 24 6 27 81 11 20 15 18 111 38 23 10 47 4 0 0 14 1 4 15 3 0 9 4 1 0 16 
2 5 1 0 0 0 1 2 1 2 0 0 2 1 0 0 1 2 0 0 0 0 1 4 0 0 0 2 3 6 2 3 6 1 0 2 2 2 4 6 5 0 10 13 8 11 9 4 5 24 7 3 8 4 4 5 5 15 0 2 0 1 2 4 4 9 0 0 3 7 2 4 1 2 19 21 1 11 69 21 2 6 12 112 35 25 7 38 12 0 0 21 5 15 6 10 2 12 7 1 1 18 
0 1 3 0 0 0 2 0 1 2 0 0 1 1 1 0 0 0 2 0 0 0 0 4 0 0 0 4 3 3 4 2 6 1 0 0 2 1 4 10 8 1 10 26 6 6 10 9 3 44 6 2 5 2 2 2 1 7 0 1 2 1 1 3 3 1 0 3 0 0 3 4 3 0 11 9 1 5 27 4 6 4 4 43 21 16 9 61 11 0 0 18 2 12 7 9 1 6 8 1 0 22 
0 0 2 0 0 1 0 1 1 2 0 0 0 0 0 0 0 0 1 0 0 0 0 1 0 0 0 1 3 3 14 1 4 3 1 3 0 0 3 1 3 4 9 16 7 14 7 10 7 31 4 6 8 8 0 2 3 10 0 5 2 2 0 1 4 0 3 3 1 2 4 17 2 21 13 9 5 14 31 11 22 6 3 93 46 15 6 36 12 0 0 13 5 13 7 2 2 8 4 0 0 26 
2 7 7 2 1 2 4 3 2 2 1 0 0 0 2 0 3 3 2 1 2 1 4 4 1 1 1 2 2 11 6 2 14 0 5 2 3 0 19 19 17 4 49 73 27 41 35 23 23 127 19 8 37 20 10 7 26 65 0 24 3 2 0 2 5 6 2 2 2 8 5 10 7 5 81 54 28 102 293 167 155 59 199 19 179 107 29 157 48 0 0 80 18 47 29 33 4 36 34 7 5 62 
0 1 0 1 0 0 0 0 0 1 1 0 0 0 0 1 1 0 0 1 0 0 1 1 0 0 0 1 3 3 1 1 3 2 2 1 2 1 0 6 7 0 19 21 15 17 6 6 6 25 3 7 6 5 1 1 4 12 0 3 1 2 1 0 2 6 1 1 2 0 1 0 1 3 10 9 2 29 60 49 50 11 49 123 2 37 20 88 9 0 0 23 7 16 6 9 1 7 4 1 0 19 
2 4 1 0 0 4 4 6 1 0 0 0 4 0 0 2 8 11 4 0 5 5 2 5 2 0 0 1 3 27 6 14 35 7 6 3 15 24 28 8 8 11 64 118 38 50 35 35 18 103 12 5 27 7 3 7 4 8 0 6 2 4 0 1 3 2 2 4 0 0 6 5 1 2 34 10 2 13 67 23 30 18 25 73 56 8 23 86 48 0 0 92 25 28 31 38 8 35 29 6 0 53 
5 8 4 1 0 7 3 1 5 1 0 1 1 0 1 1 5 3 5 1 1 1 1 10 3 0 0 3 3 5 4 8 20 2 4 5 20 9 20 12 15 3 37 88 22 34 25 9 9 64 2 3 9 0 2 1 2 3 0 6 1 1 1 0 3 0 1 3 2 3 1 1 2 0 15 10 4 10 24 9 8 14 15 53 33 33 7 42 30 0 0 75 16 35 16 16 2 14 21 1 2 44 
38 34 28 2 11 5 24 11 5 8 3 8 15 5 3 15 17 18 8 6 17 7 11 54 19 0 4 48 3 67 23 48 230 20 30 25 76 77 151 45 43 21 114 157 93 193 176 146 157 1236 64 31 121 20 9 7 22 23 0 18 13 6 7 9 16 16 6 6 2 5 15 3 11 4 70 36 17 44 121 56 65 56 65 170 93 92 54 19 36 0 0 180 35 81 58 104 32 86 55 10 15 327 
5 1 1 2 1 1 2 0 1 1 1 0 1 1 2 3 3 1 3 2 1 2 0 5 5 0 0 8 4 12 8 17 22 4 9 4 31 17 34 24 32 15 43 65 15 21 27 12 14 59 4 6 11 3 2 2 1 4 0 6 1 8 0 2 4 4 2 1 0 2 0 1 0 1 10 14 3 7 30 11 11 5 6 36 20 50 21 50 3 0 0 64 9 16 11 30 6 19 11 7 1 38 
0 0 0 0 0 0 0 0 0 0 0 0 0 0 0 0 0 0 0 0 0 0 0 0 0 0 0 0 0 0 0 0 0 0 0 0 0 0 0 0 0 0 0 0 0 0 0 0 0 0 0 0 0 0 0 0 0 0 0 0 0 0 0 0 0 0 0 0 0 0 0 0 0 0 0 0 0 0 0 0 1 0 0 0 0 0 0 1 0 0 0 0 0 0 0 0 0 0 0 0 0 0 
0 0 0 0 0 0 0 0 0 0 0 0 0 0 0 0 0 0 0 0 0 0 0 0 0 0 0 0 0 0 0 0 0 0 0 0 0 0 0 0 0 0 0 0 0 0 0 0 0 0 0 0 0 0 0 0 0 0 0 0 0 0 0 0 0 0 0 0 0 0 0 0 0 0 0 0 0 0 0 0 0 0 0 0 0 0 0 0 0 0 0 0 0 0 0 0 0 0 0 0 0 0 
5 10 9 1 2 12 7 8 14 7 8 9 9 6 5 5 18 12 2 5 11 1 1 12 2 0 0 13 7 43 15 55 68 25 38 17 83 80 160 60 46 13 71 179 58 135 75 37 47 305 11 10 24 13 4 4 8 10 0 7 0 5 0 15 10 7 1 1 0 2 4 10 1 1 15 11 1 6 52 26 29 17 31 107 68 89 58 239 62 0 0 23 53 74 42 108 11 75 66 12 11 142 
1 1 3 0 0 0 2 5 4 4 0 0 3 1 1 1 6 0 1 0 1 0 1 2 0 0 0 2 0 12 6 5 11 6 7 5 18 12 24 18 9 6 26 55 11 25 11 6 7 52 2 1 2 0 1 0 2 1 0 2 1 2 0 1 0 1 0 1 0 0 1 0 0 0 5 5 0 7 8 9 5 4 7 23 11 21 31 44 11 0 0 78 7 5 10 26 2 14 6 6 3 23 
1 0 2 0 0 0 5 2 0 1 0 1 2 0 3 1 3 3 3 0 0 0 0 0 1 0 0 1 1 7 6 4 19 11 3 2 17 13 39 16 18 5 39 66 19 24 16 11 25 79 5 4 7 6 2 1 1 3 0 5 2 1 2 0 0 0 1 0 0 0 0 2 1 1 6 3 1 4 16 8 9 10 8 35 15 27 10 80 17 0 0 83 11 6 2 19 2 9 5 5 7 58 
2 1 0 0 1 1 0 2 1 4 0 1 2 0 0 2 1 1 0 0 0 0 0 1 0 1 0 0 0 13 6 7 13 2 6 1 13 6 19 10 7 1 22 39 13 18 18 13 6 64 5 3 6 3 3 0 1 2 0 4 0 0 1 0 0 0 0 2 0 0 1 0 0 0 4 3 1 9 27 3 6 6 10 18 16 21 19 79 16 0 0 37 11 11 15 8 4 11 13 4 1 50 
4 3 2 0 1 0 1 0 0 0 1 0 5 1 0 0 4 0 1 0 0 0 0 1 1 0 0 3 4 4 1 4 19 3 6 4 11 6 20 8 9 2 30 62 26 26 16 12 15 54 3 2 6 1 3 1 1 3 0 1 2 0 2 1 0 0 0 0 0 0 0 0 0 0 5 2 0 0 11 7 4 10 6 26 6 11 11 89 17 0 0 77 13 19 16 9 6 7 8 1 3 44 
0 1 0 0 0 0 0 0 0 0 1 0 0 2 0 0 0 0 0 0 0 0 0 0 0 0 0 0 0 1 1 0 2 0 1 1 1 1 2 0 2 0 3 8 5 3 4 3 1 8 0 0 1 0 0 0 0 0 0 0 0 0 0 0 0 0 0 0 0 0 0 0 0 0 1 0 0 0 2 0 0 0 1 3 2 6 2 7 2 0 0 10 0 2 2 1 2 1 2 0 0 8 
1 0 0 0 0 0 0 0 0 1 0 1 0 0 1 0 2 0 0 0 0 0 0 1 0 0 0 0 0 5 0 1 7 1 2 3 6 7 18 3 0 2 19 20 17 24 11 5 5 54 2 5 6 3 0 0 4 6 0 2 0 1 0 0 0 0 0 0 0 0 0 1 0 0 4 6 2 2 14 4 10 4 3 19 9 19 15 51 11 0 0 44 6 14 8 14 1 3 8 1 0 42 
2 1 2 0 0 1 0 0 0 0 0 2 0 0 1 1 2 0 0 0 0 0 0 3 0 0 0 0 0 7 3 4 6 2 4 11 11 4 16 7 2 0 24 32 18 23 22 12 12 74 4 0 4 6 2 1 1 2 0 0 3 0 0 1 1 0 0 0 0 1 0 0 0 2 5 2 0 3 11 13 4 5 4 14 26 10 11 49 11 0 0 59 8 8 3 6 0 4 2 3 1 25 
0 1 0 0 0 0 0 0 0 0 0 0 0 0 0 0 1 0 0 0 0 0 0 0 0 0 0 0 0 0 1 2 3 0 0 1 1 1 8 1 2 0 6 2 4 1 2 3 2 5 0 1 0 0 0 0 0 0 0 0 0 0 0 0 0 0 0 0 0 0 0 0 0 0 0 0 0 0 3 1 0 1 0 4 1 5 1 11 0 0 0 2 2 1 0 3 0 3 0 1 0 5 
0 0 0 1 0 0 0 0 0 0 1 0 0 0 0 0 1 1 1 0 0 0 0 0 0 0 0 2 0 1 2 1 2 0 2 0 2 3 2 0 1 1 9 4 4 7 4 1 0 11 3 1 6 0 1 1 0 3 0 0 0 0 0 0 0 0 0 0 0 0 0 0 0 0 2 4 0 1 6 1 1 0 2 7 1 6 1 10 2 0 0 3 0 2 3 6 1 1 6 5 3 2 
14 18 7 3 1 9 8 7 6 5 2 7 9 7 3 7 15 9 5 5 2 2 4 5 0 0 2 8 5 46 19 23 74 13 22 21 37 56 96 37 43 12 135 130 75 120 115 56 57 392 19 17 48 22 7 1 12 19 0 8 0 2 0 6 6 4 2 2 0 0 5 2 4 5 48 15 1 15 67 28 35 34 34 84 40 80 34 429 91 0 0 106 29 60 77 83 11 59 33 5 5 13 
