5 6 15 6 3 30 24 20 22 35 10 39 43 30 35 41 29 22 19 7 11 17 7 26 10 1 1 33 49 4 0 4 25 3 5 5 3 9 17 15 16 2 6 13 9 7 3 3 8 46 4 2 5 1 1 2 3 8 0 0 0 2 0 2 12 8 6 3 1 2 2 2 0 0 2 1 1 0 12 4 2 3 3 7 3 6 0 26 3 0 0 0 2 2 1 0 0 2 2 0 0 17 
13 12 23 13 7 38 36 29 45 20 25 46 51 41 32 59 46 22 38 20 9 21 8 28 8 0 1 21 67 4 1 6 20 2 5 1 0 1 25 21 16 0 6 8 12 14 18 8 6 73 6 2 13 6 2 0 5 7 0 4 0 1 1 3 4 11 1 3 2 2 8 3 3 3 0 1 1 2 21 4 2 3 4 7 2 8 3 24 5 0 0 5 1 4 2 5 0 4 0 0 0 8 
14 17 4 15 9 22 14 33 37 19 9 24 58 37 43 34 35 13 26 7 8 8 3 19 7 0 0 28 69 2 1 6 17 2 11 3 6 3 25 11 7 0 8 9 16 20 11 7 6 43 7 1 9 5 4 0 1 7 0 2 5 1 0 3 2 6 2 3 0 2 5 4 5 2 3 1 1 4 8 1 2 2 1 3 1 1 0 8 4 0 0 5 2 6 1 1 2 2 0 0 0 4 
5 10 17 1 6 7 6 5 5 6 5 8 8 9 2 10 4 2 3 5 3 6 1 6 3 0 0 2 18 0 1 0 2 0 0 1 0 1 1 6 2 1 2 1 2 1 0 0 0 7 1 1 1 0 1 0 0 0 0 0 0 0 0 0 0 1 0 0 0 1 0 0 0 1 0 1 0 0 0 1 0 0 0 0 0 1 0 2 0 0 0 0 0 0 0 0 0 0 0 0 0 0 
13 6 4 3 3 9 3 8 8 4 1 20 26 13 9 24 12 5 7 1 1 3 0 8 4 0 0 7 16 1 0 0 4 0 2 0 0 3 6 6 1 0 4 0 1 2 2 1 2 23 0 2 0 0 0 0 0 1 0 1 0 2 1 0 0 4 1 1 0 0 0 2 0 0 1 1 0 0 6 3 2 0 1 0 1 0 2 7 1 0 0 0 0 0 0 0 0 0 1 0 0 1 
31 38 25 15 17 7 3 23 21 15 14 27 53 45 27 52 39 28 34 12 6 22 5 29 13 2 0 13 65 3 1 0 11 3 2 4 5 3 16 19 8 0 7 5 5 10 3 10 3 37 2 3 9 1 3 1 0 4 0 3 1 6 1 2 5 4 1 1 1 3 4 1 1 1 4 4 2 1 5 1 0 0 2 4 3 5 0 6 2 0 0 5 1 2 2 2 0 1 0 0 0 7 
19 31 24 18 12 22 4 16 46 35 10 23 76 51 19 39 17 9 9 13 3 8 2 15 11 0 0 8 30 3 2 3 14 1 0 0 1 1 14 15 3 4 14 1 8 2 2 3 2 29 1 3 8 5 2 0 0 4 0 4 0 1 1 5 1 7 5 4 2 2 3 5 0 2 2 1 0 0 13 3 1 1 1 5 0 3 0 8 5 0 0 2 1 0 0 1 0 0 1 0 0 9 
17 21 13 3 1 9 44 14 10 19 13 29 83 39 30 63 42 17 26 18 9 24 4 22 4 0 1 16 45 1 4 7 6 4 0 1 2 6 20 19 4 2 5 10 9 7 7 10 4 30 3 2 9 2 3 0 1 5 0 0 0 0 1 4 8 6 0 6 1 1 1 3 3 1 3 1 1 1 6 0 2 1 0 0 1 4 0 7 1 0 0 7 1 2 0 0 1 0 2 1 0 2 
17 31 35 7 10 40 33 28 6 27 21 27 82 60 30 63 21 25 13 17 10 13 8 9 10 0 2 22 42 3 0 5 7 3 1 0 2 11 35 11 9 5 10 5 5 8 7 3 12 30 4 0 8 3 1 1 2 2 0 2 0 0 0 0 4 3 3 3 0 0 3 5 3 6 4 3 0 0 15 1 1 0 0 0 0 2 1 5 1 0 0 5 0 5 0 3 0 0 0 0 0 1 
11 20 11 4 5 21 21 22 10 5 2 14 46 22 20 40 28 12 7 7 9 0 1 29 10 2 1 16 13 2 1 4 3 0 1 0 3 1 15 8 5 3 1 2 0 2 4 1 4 16 13 5 10 8 1 2 2 10 0 4 0 3 1 4 3 8 3 3 2 1 0 2 4 2 12 6 1 1 17 0 1 0 0 2 0 0 0 2 0 0 0 2 0 0 1 0 1 0 0 0 0 0 
8 7 10 3 4 10 16 8 11 8 1 7 33 28 6 28 21 4 16 15 5 14 1 17 8 0 1 20 11 4 1 1 1 0 0 1 0 11 9 13 10 0 7 3 4 4 9 7 5 27 3 1 5 4 2 0 0 1 0 0 0 0 1 1 0 2 0 3 2 1 0 3 2 2 1 1 1 1 6 0 1 0 1 0 1 0 0 0 0 0 0 5 1 1 0 1 0 1 1 2 0 2 
18 38 26 3 12 26 32 44 33 19 14 10 34 59 33 53 39 31 32 11 15 18 15 33 18 2 0 46 36 10 0 2 5 0 1 1 1 7 26 16 12 3 6 6 8 9 2 2 3 34 3 0 7 3 1 3 7 3 0 7 1 1 0 2 1 5 2 5 0 0 3 1 3 1 2 1 0 0 12 0 2 0 0 0 0 2 0 4 0 0 0 9 0 2 0 1 1 1 1 0 0 10 
27 63 66 4 15 59 75 70 95 43 39 35 9 90 33 80 58 42 40 24 28 21 18 60 31 0 1 79 17 14 11 5 20 4 1 1 1 13 27 20 7 1 12 7 6 9 8 4 5 39 2 4 13 12 0 2 0 3 0 9 1 3 3 1 0 2 1 1 0 0 2 2 1 4 8 2 0 6 18 1 1 0 0 0 0 2 0 3 6 0 0 4 1 0 1 2 0 1 0 1 0 5 
68 139 115 15 28 129 140 115 151 90 82 55 97 19 24 96 132 98 103 70 108 69 34 183 53 8 14 166 57 14 1 5 22 3 1 0 2 5 30 17 20 3 7 5 4 9 3 14 10 41 15 15 27 16 4 7 13 36 0 7 5 3 0 0 2 0 0 0 0 2 1 3 0 0 18 4 0 7 49 6 1 1 0 0 1 0 0 5 0 0 0 6 2 5 2 2 1 0 2 0 0 5 
77 80 52 8 12 47 59 29 48 33 29 33 71 32 5 29 55 34 45 36 44 31 18 80 38 4 17 118 31 12 4 4 11 1 3 3 2 2 13 16 6 0 4 2 5 13 4 5 3 26 6 8 10 5 0 1 3 5 0 2 0 0 1 0 1 0 2 0 0 0 0 0 0 1 8 0 2 5 16 1 0 0 0 1 1 2 1 9 1 0 0 7 0 1 1 0 0 1 2 0 0 7 
36 75 45 2 16 58 76 80 84 61 31 45 65 45 19 25 73 85 59 48 106 54 81 182 57 6 13 173 38 44 11 26 51 12 10 10 48 4 20 37 30 3 9 13 13 16 13 2 14 59 10 4 36 6 7 1 5 9 0 6 1 3 0 1 3 3 0 1 0 0 1 5 1 0 11 2 0 6 31 2 0 1 1 2 0 4 3 15 3 0 0 5 1 2 3 2 2 1 0 1 0 6 
23 45 16 5 17 28 50 35 55 30 19 52 68 78 54 99 11 68 56 36 49 55 37 97 34 2 18 85 16 35 20 44 40 14 18 14 29 7 50 37 34 2 24 20 23 23 19 5 10 63 7 9 15 6 3 1 2 12 0 10 2 2 0 5 4 0 0 0 2 0 2 1 2 1 5 6 1 1 20 3 1 0 0 2 0 7 3 13 4 0 0 15 1 1 1 0 0 0 1 1 0 10 
9 26 14 0 4 25 23 24 24 29 15 22 64 69 23 97 55 4 54 20 56 28 43 83 16 4 3 56 21 24 16 16 37 14 24 13 9 16 47 32 27 3 12 11 22 21 25 8 15 69 3 2 8 11 2 0 1 5 0 3 1 3 1 3 0 0 0 2 0 1 1 0 2 0 8 1 0 3 37 7 4 0 1 0 0 3 2 15 6 0 0 20 1 1 0 0 0 0 0 0 0 3 
22 27 26 5 5 30 22 13 19 20 8 22 56 84 18 89 59 41 5 20 51 29 32 117 20 5 9 59 17 31 8 22 19 13 17 8 13 12 33 18 19 2 5 15 10 12 10 2 10 41 2 0 11 5 0 0 3 6 0 3 0 0 0 0 0 0 0 0 0 0 0 0 0 0 1 0 1 3 14 8 0 0 1 1 0 7 3 9 2 0 0 3 2 0 0 0 0 1 0 0 0 1 
13 22 8 1 5 9 10 9 14 18 4 11 16 22 17 48 22 20 21 0 8 9 19 50 14 6 10 73 9 9 4 5 12 3 4 1 5 4 17 15 6 1 5 1 2 2 1 3 2 25 1 0 4 1 0 0 7 2 0 0 0 0 0 0 0 0 0 0 0 0 0 0 0 0 2 1 1 1 11 1 0 0 0 0 0 1 1 7 1 0 0 1 0 0 0 0 0 0 0 0 0 0 
10 8 4 2 5 13 8 14 7 11 5 17 32 42 19 84 39 47 61 3 5 5 24 51 32 9 14 90 7 5 2 3 8 2 3 10 10 18 36 12 9 5 7 4 10 5 4 2 4 17 2 0 2 0 0 1 2 5 0 0 4 0 0 0 0 0 0 0 0 0 0 0 0 0 1 3 0 1 2 0 0 0 0 0 0 0 2 2 2 0 0 2 0 0 0 0 0 0 0 0 0 3 
13 6 12 2 3 6 11 9 18 13 12 12 24 29 24 57 31 13 30 2 14 5 11 26 7 16 12 58 11 2 5 3 5 1 4 6 6 4 22 8 2 2 2 5 2 3 4 1 1 19 0 0 0 1 2 0 1 3 0 1 1 1 0 0 0 0 0 0 0 0 0 0 0 0 0 1 0 0 1 0 0 2 0 0 0 3 0 6 0 0 0 0 1 0 0 0 0 1 1 0 0 0 
1 14 2 0 2 8 7 6 6 12 7 7 18 35 26 65 29 23 27 10 31 19 2 19 6 6 9 44 1 1 3 0 10 3 4 11 2 6 15 8 4 0 0 6 1 4 4 3 2 18 5 0 4 2 0 0 3 3 0 0 1 0 0 1 0 1 0 1 0 0 0 0 0 0 0 2 0 2 5 1 1 0 0 0 0 0 0 3 1 0 0 0 1 0 0 1 0 0 0 0 0 2 
14 27 16 3 3 19 12 8 9 34 14 31 55 52 31 96 81 42 41 25 42 20 15 14 4 33 49 91 4 9 6 6 20 6 8 7 13 13 62 13 23 1 8 11 10 18 13 12 9 89 10 11 11 5 3 0 0 9 0 1 1 0 0 1 1 1 0 0 0 0 0 0 0 1 4 2 0 0 15 2 1 0 1 1 1 3 1 28 5 0 0 4 1 0 0 1 0 0 2 0 0 3 
42 40 14 5 8 19 15 14 12 49 6 40 43 27 32 95 32 24 34 23 37 10 15 10 6 1 21 63 4 15 9 5 80 4 9 6 11 18 28 33 46 6 17 9 24 20 17 20 17 153 37 9 32 8 4 4 4 7 0 3 1 1 1 0 1 0 0 1 0 0 0 0 0 0 6 4 0 1 30 4 0 1 0 2 0 8 3 55 7 0 0 4 1 2 1 5 0 2 0 0 0 5 
0 0 0 0 0 2 0 1 1 1 0 4 1 4 2 17 4 11 10 7 15 14 12 26 4 0 2 9 0 1 0 1 0 0 0 0 0 1 2 1 1 0 0 2 1 0 0 0 0 1 1 0 0 0 0 0 0 0 0 0 0 0 1 0 0 0 0 0 0 0 0 0 0 0 0 0 0 0 0 0 0 0 0 0 1 0 2 0 0 0 0 0 0 0 0 0 0 0 0 0 0 0 
2 0 0 0 0 1 1 0 1 0 0 1 4 2 4 3 6 6 4 4 17 63 15 29 4 1 0 14 0 0 0 0 0 1 1 0 4 0 2 0 1 0 1 0 0 1 2 0 1 7 1 0 1 0 0 0 0 0 0 0 0 0 0 0 0 0 0 0 0 0 0 0 0 0 0 0 0 0 0 0 0 1 0 0 0 0 0 0 0 0 0 0 0 0 0 0 0 0 0 0 0 0 
27 27 27 2 13 22 26 14 18 31 18 28 63 83 86 116 63 47 57 32 60 94 101 115 63 13 41 12 3 6 2 7 28 10 6 6 11 14 47 37 32 3 10 14 28 16 21 15 23 113 21 9 23 6 6 3 1 8 0 10 0 2 0 1 0 1 0 0 0 0 0 0 0 0 12 0 0 4 19 4 1 0 2 3 6 7 7 58 9 0 0 8 2 0 0 0 0 2 0 0 0 7 
88 100 85 16 29 90 59 48 90 31 32 59 43 46 36 64 46 24 30 32 26 42 3 22 10 2 1 20 3 12 5 9 14 1 1 2 8 5 13 35 23 2 5 5 20 11 5 7 7 41 3 7 2 4 2 1 4 4 0 4 3 0 3 11 6 15 2 5 1 4 9 6 0 1 3 1 0 3 19 5 10 1 8 10 4 8 1 8 5 0 0 8 8 3 1 1 0 4 6 0 0 8 
2 1 3 2 2 1 4 8 6 3 1 6 15 7 3 20 40 18 11 18 3 6 1 13 3 0 1 0 2 15 120 128 279 66 127 118 236 114 205 101 63 6 36 45 45 48 27 22 24 191 8 2 13 5 3 2 2 8 0 6 6 4 2 9 29 38 10 15 11 6 9 1 4 1 6 4 1 7 24 5 1 2 6 7 4 7 10 57 9 0 0 28 4 10 7 7 2 12 8 2 2 32 
0 0 1 0 1 0 4 2 0 0 0 4 3 0 1 8 5 8 4 1 1 1 2 8 2 0 0 4 4 107 5 96 123 25 37 39 96 57 62 44 19 3 7 15 15 9 8 2 11 38 2 0 4 0 0 0 1 3 0 5 0 6 2 6 4 16 7 5 2 2 2 0 0 0 1 0 1 0 2 0 2 0 0 5 0 3 2 14 6 0 0 15 1 2 1 7 0 1 1 0 0 3 
0 2 2 0 0 1 1 6 2 2 0 7 11 0 4 17 21 19 7 1 2 6 4 5 3 0 0 2 3 125 72 15 102 36 49 50 186 128 152 66 48 4 30 37 36 44 39 15 23 135 8 2 15 8 5 1 6 9 0 7 2 4 6 7 12 31 4 3 4 2 2 6 2 1 5 1 0 1 27 1 2 0 3 9 1 12 4 41 14 0 0 22 7 2 3 9 1 3 4 0 1 14 
21 23 15 1 3 9 25 11 7 14 1 18 22 9 17 33 58 35 26 16 19 18 19 75 54 2 0 36 5 415 169 198 22 62 150 171 300 181 320 277 234 30 174 130 144 240 175 116 151 1011 64 39 96 34 20 8 24 37 0 24 9 13 4 22 31 44 17 16 9 25 43 36 19 7 28 16 1 10 67 10 9 18 11 17 8 35 21 197 47 0 0 74 15 26 21 23 2 27 12 2 6 62 
1 5 4 2 1 1 2 0 5 2 0 1 2 0 1 8 19 8 6 3 2 2 2 5 3 0 3 4 0 78 38 38 37 5 17 12 85 48 69 54 39 7 31 36 32 35 22 19 15 76 3 1 7 3 5 0 4 2 0 9 3 6 2 3 8 24 8 9 5 10 7 20 4 5 5 2 0 1 21 2 2 1 0 2 0 10 0 25 8 0 0 25 2 5 2 3 1 2 3 0 0 9 
3 4 8 0 1 1 1 3 3 0 1 5 1 2 1 16 27 20 15 7 7 7 5 17 4 0 4 12 4 171 53 111 101 42 9 30 126 63 147 108 59 15 59 49 61 65 41 28 31 151 11 4 12 6 7 4 3 12 0 0 1 9 4 14 7 13 3 6 7 9 10 20 7 7 3 5 1 1 21 3 2 0 6 5 0 12 5 36 22 0 0 36 3 7 5 4 2 6 2 3 3 20 
1 1 5 0 0 2 0 5 1 0 3 1 5 0 1 8 9 23 11 9 7 7 5 17 8 0 0 17 2 163 72 114 147 29 40 7 201 60 102 70 56 10 27 32 48 51 39 20 18 170 5 0 8 8 3 1 1 4 0 3 3 5 5 6 10 4 1 6 3 0 4 8 4 2 3 1 0 3 7 1 1 2 0 1 0 3 2 30 3 0 0 12 4 6 1 12 2 4 3 10 1 20 
23 9 11 0 6 8 3 2 2 7 6 3 3 0 0 28 38 25 21 7 16 25 13 43 21 3 5 56 14 568 215 353 430 129 165 156 23 170 633 461 216 67 129 162 187 178 126 65 93 462 14 30 33 11 6 6 10 15 0 10 5 10 22 54 38 36 40 27 7 7 50 33 16 19 14 5 0 7 40 6 3 3 2 8 2 30 21 126 48 0 0 108 31 35 19 19 6 47 20 2 3 65 
7 16 6 0 0 6 13 10 7 8 9 10 11 4 2 0 10 20 20 10 9 13 8 33 6 0 2 22 10 171 62 140 110 34 57 67 107 5 150 165 102 13 77 77 84 70 81 32 49 249 7 2 13 4 0 0 4 4 0 2 1 6 5 7 13 10 4 4 2 2 10 11 8 6 0 0 0 1 10 2 2 1 0 7 0 11 5 49 22 0 0 55 14 10 8 12 1 14 3 2 0 35 
22 41 29 4 10 24 34 33 29 31 19 37 42 27 13 25 53 59 31 28 52 45 36 83 34 0 6 89 24 302 123 260 257 113 150 94 385 121 21 469 246 37 134 185 117 190 158 60 82 546 35 13 54 17 5 10 8 14 0 7 0 10 13 22 34 26 11 13 7 12 22 35 14 4 17 8 0 7 53 11 3 9 6 14 8 18 35 127 31 0 0 88 23 22 14 28 10 20 26 11 4 82 
17 15 14 3 0 14 14 8 22 9 6 11 16 14 13 9 27 18 13 5 19 5 7 22 6 0 0 31 8 117 36 50 141 56 89 67 216 144 326 17 52 21 51 121 68 111 77 38 57 271 10 6 10 8 4 0 3 4 0 3 1 15 0 13 13 6 2 0 0 4 8 6 5 7 6 8 0 5 17 9 7 0 1 16 8 9 12 22 32 0 0 55 7 12 7 13 2 5 3 3 1 34 
10 15 10 0 2 9 6 6 12 13 7 6 9 8 3 9 25 14 14 9 13 5 3 34 17 1 0 29 8 73 29 50 125 29 47 41 110 93 221 63 9 23 50 80 59 89 75 37 37 227 2 7 12 8 5 1 4 4 0 0 2 4 0 8 6 4 2 3 2 5 5 6 2 5 9 5 1 5 15 6 5 3 6 9 9 7 13 21 13 0 0 54 9 12 11 12 4 5 9 2 0 36 
1 4 2 2 0 2 1 1 2 2 0 4 8 0 1 2 5 2 3 0 1 0 1 1 2 1 0 4 1 7 0 8 10 5 4 7 36 14 30 25 12 5 9 46 20 21 15 7 13 39 3 1 2 2 0 1 0 1 0 1 0 0 0 0 0 1 0 1 0 2 2 2 3 1 1 1 0 3 2 1 0 0 0 8 5 6 3 9 3 0 0 12 0 2 4 6 1 1 0 0 0 3 
5 14 8 0 2 6 16 6 6 8 5 11 11 5 6 11 22 12 5 4 5 4 5 16 4 0 1 15 2 43 23 35 88 37 46 35 121 79 101 83 56 21 26 83 69 90 89 53 51 282 7 10 11 13 2 1 4 6 0 4 2 6 2 6 8 5 2 3 0 3 5 5 6 1 19 11 2 14 29 15 22 9 17 65 27 64 48 124 43 0 0 93 25 34 35 49 7 42 29 4 3 103 
12 11 8 3 7 5 9 10 4 7 12 10 11 5 6 12 25 22 10 4 5 10 6 19 8 0 2 21 3 84 32 49 94 30 47 37 148 97 225 233 109 44 99 14 198 238 144 86 135 467 18 17 28 11 6 0 5 11 0 8 2 7 0 9 15 14 10 4 1 2 11 14 8 1 31 17 4 14 60 28 37 25 28 97 75 184 85 186 124 0 0 234 67 101 46 128 12 85 36 20 12 124 
15 16 12 2 2 6 9 11 12 13 9 10 17 5 4 19 26 26 15 15 6 7 9 32 15 0 2 30 9 84 27 49 133 30 36 26 109 106 141 110 82 13 81 235 19 214 133 125 97 459 20 1 18 2 3 2 1 5 0 1 1 2 0 5 16 11 1 5 5 2 5 4 2 3 15 8 0 28 15 8 9 4 9 36 26 60 24 100 31 0 0 87 24 39 19 44 15 31 26 3 1 66 
12 17 15 1 6 9 16 16 22 21 7 14 14 15 4 14 30 20 17 8 13 14 4 29 14 0 1 23 12 90 21 79 192 26 43 55 204 118 241 240 214 42 109 341 215 21 229 253 249 835 12 13 24 6 1 3 6 14 0 6 2 5 0 8 4 12 5 8 2 4 16 10 5 4 24 10 1 14 46 20 26 10 8 65 51 109 47 223 73 0 0 178 32 55 28 54 7 56 57 16 7 137 
3 22 8 1 2 5 16 9 15 5 7 9 14 5 7 11 25 24 19 6 7 11 2 27 7 0 1 25 3 50 33 32 138 30 40 40 108 66 134 126 77 8 82 151 125 218 21 139 114 379 4 3 20 3 4 3 2 4 0 2 2 5 1 2 15 14 3 8 1 0 8 9 4 0 9 5 0 8 21 10 15 6 8 28 19 41 17 111 27 0 0 87 7 32 10 23 6 22 38 9 3 74 
5 12 3 1 1 6 2 5 2 5 2 2 1 4 2 3 2 7 4 5 5 11 2 16 7 0 0 10 3 31 11 17 70 7 9 6 45 21 71 44 26 6 32 76 64 196 119 14 48 342 5 1 12 4 1 1 4 3 0 2 0 0 0 6 0 8 2 0 3 1 5 1 2 0 6 3 0 2 13 2 7 7 7 8 4 24 5 88 5 0 0 43 7 17 6 8 2 6 8 1 1 32 
3 5 4 0 1 7 1 5 6 9 2 3 7 1 3 5 4 11 7 2 5 2 1 14 13 0 0 4 1 19 4 13 89 13 13 16 39 38 62 43 35 3 44 94 60 128 120 90 9 372 6 4 5 2 1 0 4 3 0 0 0 1 1 3 0 4 2 3 0 1 1 1 4 1 7 3 1 2 14 6 3 5 0 15 6 19 8 95 7 0 0 55 13 17 12 9 5 9 9 2 0 46 
51 68 43 5 12 28 40 29 30 36 24 27 34 28 12 27 47 56 21 25 29 27 18 125 66 1 5 122 16 210 49 137 773 91 130 111 319 243 414 311 247 38 139 307 264 509 327 441 389 54 38 19 76 10 9 9 12 25 0 12 6 8 3 21 30 31 8 11 6 10 21 8 15 11 59 25 6 21 107 51 43 33 24 108 46 64 38 520 62 0 0 253 31 49 56 78 10 91 68 16 8 241 
8 8 6 2 4 7 4 5 6 9 8 4 14 11 10 21 10 8 5 2 1 5 1 20 9 1 1 11 5 20 4 5 51 12 7 5 7 7 20 3 7 0 6 8 3 14 13 11 13 69 4 13 22 11 11 7 7 26 0 25 10 3 4 24 17 19 8 17 2 23 9 21 8 8 8 9 3 9 95 7 6 3 12 24 7 14 11 47 5 0 0 12 1 8 6 1 1 6 6 2 0 11 
0 4 6 0 1 8 4 4 1 4 0 6 2 9 11 10 6 4 3 1 0 2 3 5 6 0 0 2 6 3 1 4 28 8 7 3 4 2 13 3 0 0 4 6 5 4 3 2 3 23 7 2 30 21 15 5 13 19 0 16 4 1 0 8 6 7 1 6 3 6 3 5 5 6 2 3 0 9 54 4 10 0 8 11 3 11 6 15 1 0 0 7 0 4 1 2 0 5 0 1 0 6 
9 13 8 1 3 6 8 8 9 11 3 7 8 10 8 15 14 9 6 1 2 2 5 43 5 0 0 12 2 9 10 15 35 10 4 4 13 5 24 10 12 3 13 18 10 17 13 5 6 65 49 28 19 32 14 7 16 39 0 14 13 7 6 22 22 29 13 27 8 24 4 8 12 13 12 7 1 7 101 27 15 3 8 35 6 27 8 59 7 0 0 27 2 16 5 6 0 9 5 3 1 27 
2 8 3 0 2 2 2 3 5 3 1 4 7 13 6 8 11 5 5 1 4 5 1 6 1 0 0 9 7 19 2 9 24 9 2 2 6 3 13 6 0 0 5 4 1 4 3 4 1 21 18 17 32 5 8 6 5 19 0 21 3 0 7 15 12 13 6 8 4 28 3 5 3 5 0 2 3 6 64 1 4 1 2 14 7 0 5 19 3 0 0 7 0 4 4 3 0 6 2 0 0 9 
2 1 2 1 0 5 2 1 0 6 3 2 1 3 0 3 2 2 0 0 1 1 0 5 2 0 0 1 0 8 0 0 17 2 2 0 2 5 5 2 0 1 2 2 1 4 0 1 3 6 7 6 21 3 1 5 9 12 0 13 9 2 1 6 8 8 0 4 2 5 3 2 3 4 2 3 2 3 37 4 1 0 3 18 1 1 1 12 2 0 0 4 1 2 2 0 0 0 1 0 1 6 
1 3 1 1 0 2 0 3 2 0 0 4 2 1 0 2 6 0 3 0 0 0 1 5 3 0 0 2 0 1 1 4 3 2 2 0 0 3 4 1 4 0 2 0 0 1 1 0 0 8 8 1 7 8 2 1 10 21 0 10 5 0 1 3 6 7 3 2 1 5 4 5 0 3 2 3 0 1 47 1 0 0 3 8 3 1 1 7 2 0 0 1 0 1 0 0 0 3 0 1 0 4 
1 5 1 0 1 2 2 0 2 1 1 2 8 5 9 9 7 3 6 5 3 0 2 3 4 0 0 3 1 3 1 8 16 12 5 2 4 2 11 5 3 0 3 9 1 3 2 2 2 7 26 15 21 14 9 14 5 16 0 8 8 1 1 10 11 6 5 10 3 7 5 3 4 3 13 11 0 15 52 15 4 0 3 29 8 8 1 19 6 0 0 9 3 7 3 3 0 4 2 1 1 11 
1 4 5 2 3 7 6 7 8 4 4 10 11 8 3 19 6 3 4 1 3 0 2 6 4 0 1 2 1 8 3 11 22 11 5 5 5 0 13 9 5 3 3 11 6 12 6 8 3 27 11 22 24 19 11 11 14 7 0 19 4 6 7 13 7 26 7 10 2 6 4 12 5 8 12 10 7 25 128 24 9 3 10 42 12 10 4 24 2 0 0 12 3 6 4 2 0 3 6 0 3 7 
0 0 0 0 0 0 1 0 0 0 0 0 0 0 0 0 0 0 0 0 0 0 0 0 0 0 0 0 0 0 0 0 0 0 0 0 0 0 0 0 0 0 0 0 0 0 0 0 0 0 0 0 0 0 0 0 0 0 0 0 0 0 0 0 0 0 0 0 0 0 0 0 0 0 0 0 0 0 0 0 0 0 0 0 0 0 0 0 0 0 0 0 0 0 0 0 0 0 0 0 0 0 
14 10 4 3 0 5 3 1 1 3 2 15 16 11 26 22 18 18 9 4 10 10 0 14 10 1 0 20 7 6 8 12 19 3 6 1 1 3 8 2 2 2 4 7 5 3 2 4 4 32 31 20 33 24 12 13 13 32 0 5 2 2 8 12 25 33 18 11 3 6 16 21 13 13 14 5 3 10 43 2 9 3 13 13 5 8 2 16 2 0 0 5 5 3 3 1 0 0 1 1 0 5 
1 2 4 2 0 1 1 1 0 3 0 1 2 1 1 0 1 3 0 1 0 0 0 8 3 0 0 0 1 3 1 3 6 2 1 0 0 4 1 8 2 2 2 3 2 3 4 4 2 9 8 7 13 3 2 1 5 10 0 0 0 5 1 5 13 14 5 5 6 8 4 9 4 5 4 0 0 0 21 5 1 3 1 5 1 1 3 6 1 0 0 2 0 1 1 0 1 0 1 0 0 3 
0 1 0 0 0 2 6 5 0 3 2 6 5 0 1 1 9 2 5 1 0 0 1 2 1 0 0 1 2 21 4 12 4 12 14 6 20 14 23 21 4 1 1 6 4 6 3 2 11 19 2 0 4 5 0 0 12 6 0 11 3 4 1 14 19 31 1 7 1 21 6 10 8 3 2 1 0 1 18 6 4 0 2 8 0 7 1 10 9 0 0 8 2 2 0 0 0 0 6 0 0 4 
1 1 1 0 0 0 0 1 0 1 0 1 1 1 0 0 0 2 0 0 0 0 0 0 0 0 0 0 0 0 0 2 2 2 0 1 9 1 7 3 3 1 0 0 1 4 2 1 1 2 4 1 5 3 2 0 3 4 0 2 3 3 0 2 9 18 3 6 3 5 4 6 3 1 1 0 0 1 11 0 1 0 0 3 1 0 0 3 2 0 0 0 0 0 0 1 0 0 0 0 0 1 
3 5 1 0 0 4 6 1 2 2 1 1 1 0 0 2 3 6 2 0 0 0 0 2 2 0 0 0 0 12 8 4 7 1 4 7 27 12 12 16 12 0 7 8 2 11 7 6 4 25 10 12 22 16 5 3 8 15 0 10 10 9 5 4 7 43 21 15 9 13 20 21 9 14 10 3 0 5 36 8 6 0 0 1 2 5 2 12 1 0 0 12 0 2 1 2 0 0 0 0 0 4 
8 6 3 1 0 4 5 9 7 2 1 2 2 1 0 4 3 1 0 0 1 0 0 0 0 0 0 0 2 18 24 12 18 12 13 16 34 10 41 13 14 2 9 4 6 16 13 1 5 33 11 8 16 6 4 0 4 8 0 12 10 9 10 9 6 41 26 27 11 24 21 40 13 25 4 7 1 4 35 5 4 4 2 6 2 2 2 17 3 0 0 10 0 0 0 2 1 0 1 0 0 1 
9 15 8 0 2 12 32 7 16 9 3 3 8 1 0 1 3 2 1 1 0 0 0 1 1 0 0 1 7 52 32 38 43 29 11 14 34 9 42 19 18 4 8 15 13 19 12 5 15 45 26 12 41 25 11 2 18 29 0 29 17 17 22 63 45 28 15 59 43 81 62 111 57 38 21 8 2 14 80 13 6 3 4 10 9 10 4 14 1 0 0 4 3 3 0 2 0 1 1 0 0 2 
6 8 8 0 0 2 4 1 5 3 0 2 1 2 0 1 0 0 0 0 0 0 0 2 1 0 0 0 0 17 6 12 16 11 7 4 18 10 11 3 6 2 1 2 5 2 1 3 1 19 5 8 5 14 6 5 5 9 0 6 12 1 12 29 53 26 5 21 30 25 41 49 29 15 3 0 0 3 19 4 2 0 1 5 2 4 0 12 0 0 0 0 1 0 0 0 0 0 0 0 0 0 
2 7 2 0 0 2 3 4 5 3 0 0 1 0 0 1 2 1 0 0 0 0 0 0 0 0 0 0 1 5 5 3 21 10 8 2 16 3 16 2 2 1 0 4 6 8 5 3 2 25 4 11 21 10 8 4 7 12 0 11 4 9 7 10 21 19 10 5 13 18 41 42 21 14 3 0 0 2 21 3 3 0 1 2 0 1 1 7 1 0 0 0 0 0 0 0 0 0 0 0 0 0 
0 1 1 0 0 1 1 0 2 0 0 2 1 0 0 0 0 0 0 0 0 0 0 0 1 0 0 1 0 9 3 2 3 4 1 3 5 1 4 2 2 0 1 0 2 1 2 0 1 12 1 0 5 2 0 0 3 2 0 4 1 2 0 4 7 24 17 9 0 11 23 14 3 10 3 1 2 0 8 0 2 0 0 3 0 6 2 0 3 0 0 0 0 1 0 0 0 0 0 0 0 0 
0 2 2 0 1 4 2 5 3 0 1 0 1 0 1 0 2 0 0 0 0 0 0 0 0 0 0 0 0 5 9 9 15 13 11 6 6 3 14 4 2 0 1 3 1 2 1 2 3 16 8 7 19 8 2 0 4 4 0 9 6 12 5 11 26 58 24 22 7 2 20 28 17 30 6 1 1 0 30 4 2 4 1 7 1 1 2 6 4 0 0 1 0 0 0 0 0 0 0 0 0 3 
3 1 1 0 1 1 2 0 4 1 0 1 1 0 1 0 3 0 0 0 0 0 0 0 0 0 0 0 2 6 1 1 19 1 3 8 14 7 27 7 2 0 2 2 5 8 4 3 5 13 15 2 4 7 2 3 4 2 0 11 6 0 5 7 29 31 21 16 20 23 2 43 11 15 4 3 1 1 23 1 3 2 5 8 4 2 0 2 0 0 0 2 0 0 0 0 0 0 0 0 0 2 
1 6 6 1 1 4 1 3 1 3 1 5 2 2 1 0 0 0 0 0 0 0 0 1 0 0 0 0 0 7 5 2 20 16 11 7 14 7 22 3 5 1 5 7 1 7 2 1 3 20 8 5 31 3 0 6 3 3 0 15 7 5 5 18 18 55 36 32 21 41 42 1 33 22 3 2 1 0 18 0 7 0 1 6 3 3 3 11 2 0 0 8 0 0 0 2 0 0 0 0 0 1 
2 6 3 0 2 2 3 2 5 3 0 3 7 0 0 3 0 0 3 1 0 1 0 0 0 0 0 0 2 10 6 6 8 21 14 6 20 16 16 8 5 1 11 10 9 15 4 4 3 48 16 9 24 8 14 2 9 12 0 17 10 8 3 9 28 66 33 24 8 35 34 48 5 27 7 6 3 2 34 7 3 7 3 4 5 9 5 20 3 0 0 10 1 0 0 1 0 2 1 0 0 4 
0 3 3 2 1 2 6 2 1 3 1 7 8 1 0 8 1 0 0 0 0 0 0 1 0 0 0 0 3 2 0 0 15 13 6 2 14 11 31 17 8 0 6 10 8 7 6 3 5 35 18 7 15 11 7 4 17 9 0 19 4 1 4 11 29 36 18 24 7 67 32 56 13 4 8 0 5 6 39 1 3 2 5 11 2 6 1 16 2 0 0 5 1 4 0 0 0 0 3 0 0 2 
1 1 0 0 0 2 3 0 1 5 2 3 6 3 3 7 5 2 0 0 0 0 0 11 1 0 0 7 0 4 2 6 20 0 6 1 2 2 4 2 4 0 11 11 7 13 9 3 7 43 4 1 7 2 3 0 4 10 0 7 2 1 0 10 3 9 0 5 0 5 1 1 7 2 3 3 10 17 119 15 8 8 11 49 14 14 6 65 6 0 0 8 6 7 3 2 3 12 8 1 0 22 
0 2 2 0 0 0 2 1 1 3 1 4 3 1 1 3 3 1 1 0 0 1 0 6 2 0 0 1 1 5 2 3 7 3 0 1 1 3 6 4 8 1 9 9 10 9 6 3 7 38 10 3 4 4 3 3 7 15 0 7 3 2 2 0 8 4 3 4 4 3 0 2 6 9 7 6 6 20 97 34 19 9 18 47 11 20 9 50 8 0 0 12 6 9 3 5 1 13 8 3 1 13 
0 0 0 0 0 1 1 0 0 1 0 1 3 0 0 0 0 0 0 1 0 0 0 1 0 0 0 1 0 0 0 0 0 1 4 0 0 1 0 0 1 0 1 1 1 1 2 0 0 8 5 0 2 4 0 2 3 5 0 6 2 1 0 1 3 2 0 3 0 0 0 0 0 2 8 5 1 10 48 7 4 2 3 14 3 4 3 5 5 0 0 1 0 0 1 1 0 2 2 0 1 4 
2 4 7 0 2 2 2 5 0 2 1 0 2 2 1 3 2 1 0 0 0 0 1 3 2 0 0 0 1 1 1 2 10 6 2 2 2 2 3 8 2 2 3 9 4 1 3 6 2 27 6 3 16 4 9 1 10 13 0 9 12 1 3 3 8 8 4 3 0 3 1 3 4 3 18 19 6 6 75 17 16 11 10 76 18 11 3 29 4 0 0 11 4 10 7 6 0 2 11 4 3 12 
16 23 9 6 9 13 15 5 13 18 1 20 17 19 18 33 22 10 7 2 4 3 2 18 11 2 0 16 14 32 5 26 40 18 12 14 13 6 45 10 4 2 11 34 19 27 15 16 22 89 119 73 172 105 78 39 63 136 0 61 18 9 8 30 29 62 13 25 13 23 14 29 23 15 263 211 59 65 16 97 87 37 81 228 88 51 20 155 22 0 0 27 9 30 10 10 1 14 22 4 5 31 
1 0 3 3 1 2 1 0 2 2 0 1 1 4 1 5 4 2 3 0 0 0 0 3 1 0 0 2 1 5 3 10 4 3 0 0 4 0 5 1 8 1 12 16 10 16 6 5 10 35 5 5 9 1 1 0 8 21 0 2 1 2 0 9 3 8 1 4 1 6 9 2 4 3 25 25 6 25 95 11 15 10 32 129 36 20 9 54 16 0 0 17 5 6 3 3 4 6 7 0 1 15 
1 5 2 0 0 1 0 2 6 1 0 0 2 2 0 1 3 1 0 0 2 0 0 5 1 0 0 1 0 7 0 0 8 2 1 0 2 1 5 2 4 0 18 10 5 7 10 5 6 29 6 3 10 3 1 1 1 5 0 2 1 1 2 1 8 7 4 4 2 2 2 2 3 2 26 30 7 8 82 27 6 3 15 104 44 14 4 40 7 0 0 13 5 3 11 5 2 6 8 2 4 19 
3 2 1 0 0 1 2 0 0 1 0 0 0 1 0 1 1 0 1 0 2 0 0 3 0 0 0 1 3 3 1 3 14 2 0 1 0 1 3 9 5 0 10 16 7 6 14 11 9 80 4 3 6 2 0 0 4 7 0 4 1 0 3 2 5 8 3 1 5 1 2 4 1 5 8 9 3 8 28 15 12 2 4 41 13 25 5 76 21 0 0 16 6 13 11 9 0 9 25 3 2 22 
2 0 0 0 1 1 0 3 1 3 0 1 0 0 0 2 0 0 0 0 0 0 0 1 0 0 0 1 1 4 6 0 7 1 1 1 0 1 1 4 2 1 12 16 14 11 11 4 6 34 11 3 2 5 4 0 2 13 0 2 0 2 0 1 5 5 0 2 1 0 2 7 1 13 18 12 2 23 58 21 15 2 3 91 60 17 5 48 5 0 0 17 4 12 7 1 2 16 11 0 0 20 
7 6 9 0 1 6 1 6 1 4 2 1 0 2 0 0 4 1 1 0 0 1 1 3 1 0 1 1 3 5 1 3 14 3 2 1 3 3 16 18 12 1 44 49 26 48 45 28 19 109 33 19 48 28 16 9 34 56 0 15 6 1 2 3 2 6 1 8 1 1 7 9 3 5 97 49 20 84 240 145 138 51 158 22 183 92 49 186 41 0 0 69 18 28 16 34 7 45 24 5 2 50 
0 2 0 0 0 1 0 1 0 1 0 0 0 0 0 2 0 0 0 2 0 0 0 0 0 0 0 0 0 2 2 3 5 1 1 1 0 0 8 8 6 3 11 25 12 18 11 6 3 35 8 4 14 5 8 5 10 11 0 6 4 1 0 2 7 4 3 3 0 0 2 5 1 1 13 5 5 27 42 83 147 38 109 189 4 46 14 67 17 0 0 25 5 12 3 12 1 7 8 5 1 31 
3 4 3 0 0 3 6 1 5 8 1 2 2 2 2 2 10 2 1 1 4 3 0 11 0 0 0 3 6 23 3 20 25 8 11 3 17 19 37 10 19 8 56 107 43 47 39 21 19 114 20 7 13 13 5 4 8 8 0 10 0 2 0 2 11 5 3 5 1 0 8 9 2 1 33 20 0 23 68 18 24 13 20 88 64 11 28 98 70 0 0 107 23 35 34 25 10 30 25 7 6 49 
1 6 7 0 0 2 4 3 0 1 0 0 0 0 0 0 2 2 0 1 4 2 2 10 0 0 0 5 4 13 2 8 18 2 9 2 9 16 22 11 14 15 36 46 9 30 33 6 7 70 4 0 7 1 2 0 4 3 0 4 0 1 2 4 4 3 0 2 0 2 1 4 3 2 9 8 2 10 27 7 20 6 9 52 20 27 8 31 32 0 0 53 19 17 17 11 1 20 8 3 1 40 
44 31 20 4 9 19 6 11 2 16 3 7 7 1 4 18 25 16 15 2 11 7 10 59 24 1 0 45 6 95 19 55 236 23 22 25 89 73 163 45 22 17 101 140 81 163 125 116 145 963 41 20 83 13 7 4 26 43 0 17 8 3 3 6 11 17 3 5 4 6 25 8 10 9 81 49 7 49 115 40 44 73 60 157 66 72 33 25 30 0 0 178 25 58 49 91 23 62 57 9 15 337 
2 4 3 0 1 2 3 1 2 2 2 3 3 0 1 3 3 3 2 0 4 0 2 7 1 0 0 3 1 27 7 15 28 7 7 8 24 12 35 19 16 7 39 77 10 28 21 8 16 47 6 9 11 5 3 2 4 5 0 0 1 1 0 3 4 4 0 1 1 1 0 7 2 3 7 15 5 4 22 13 12 6 7 39 17 43 32 31 6 0 0 48 12 18 13 24 11 16 14 1 2 39 
0 0 0 0 0 0 0 0 0 0 0 0 0 0 0 0 0 0 0 0 0 0 0 0 0 0 0 0 0 0 0 0 0 0 0 0 0 0 0 0 0 0 0 0 0 0 0 0 0 1 0 0 0 0 0 0 0 0 0 0 0 0 0 0 0 0 0 0 0 0 0 0 0 0 0 0 0 0 0 0 0 0 0 0 0 0 0 0 0 0 0 0 0 0 0 0 0 0 0 0 0 0 
0 0 0 0 0 0 0 0 0 0 0 0 0 0 0 0 0 0 0 0 0 0 0 0 0 0 0 0 0 0 0 0 0 0 0 0 0 0 0 0 0 0 0 0 0 0 0 0 0 0 0 0 0 0 0 0 0 0 0 0 0 0 0 0 0 0 0 0 0 0 0 0 0 0 0 0 0 0 0 0 0 0 0 0 0 0 0 0 0 0 0 0 0 0 0 0 0 0 0 0 0 0 
5 18 9 1 2 7 0 7 7 9 3 4 7 6 8 6 8 10 10 8 3 3 6 13 4 0 0 4 11 40 12 35 60 34 53 29 103 58 173 66 51 8 58 175 87 141 79 51 69 296 8 2 24 15 3 2 9 17 0 10 1 9 0 5 7 9 0 5 0 0 6 11 2 3 15 8 0 13 60 30 28 10 26 68 61 79 46 223 72 0 0 14 47 64 40 103 13 67 54 7 7 138 
2 4 1 0 0 0 2 1 0 1 1 2 2 1 2 0 1 2 0 0 0 0 0 1 1 0 0 1 1 8 0 3 12 7 9 8 30 6 13 7 9 2 41 52 12 14 17 9 11 49 3 1 2 3 0 0 1 2 0 3 1 1 0 1 2 0 0 0 0 0 0 0 1 0 1 0 0 2 7 7 7 6 9 17 8 16 15 47 11 0 0 63 2 5 8 16 6 10 10 6 0 32 
3 4 6 0 0 2 1 1 0 2 0 2 0 0 1 0 0 1 0 0 3 1 0 0 1 0 0 1 1 12 3 8 18 10 3 4 9 18 34 15 9 5 48 44 20 42 25 15 25 72 2 5 8 2 0 0 6 0 0 1 0 3 0 2 1 1 3 0 0 0 4 2 1 1 7 6 0 7 20 8 7 8 15 33 12 27 18 60 17 0 0 72 8 6 2 13 0 12 9 4 5 66 
0 0 1 0 0 1 0 2 1 2 0 1 0 0 0 1 1 0 0 0 0 0 0 2 0 0 0 0 0 11 3 7 21 4 5 5 9 6 15 10 5 3 29 44 11 22 16 20 17 64 3 2 5 2 2 0 3 4 0 3 0 2 0 1 0 1 1 0 0 0 0 0 0 0 7 4 0 3 23 4 8 6 7 32 15 15 10 58 19 0 0 42 13 1 6 10 1 5 12 3 2 59 
4 3 3 0 0 0 1 2 0 0 0 0 1 1 2 0 0 0 0 0 1 0 1 0 1 0 0 3 0 9 4 6 8 6 4 4 15 13 27 8 6 8 33 57 20 30 18 7 22 59 4 2 3 0 1 1 2 1 0 3 0 0 0 0 0 0 0 0 0 0 1 0 2 0 4 3 1 5 11 8 6 8 6 16 9 25 16 95 15 0 0 80 18 14 17 11 2 14 1 4 2 60 
0 0 0 0 0 1 0 0 0 0 0 0 0 0 0 0 0 0 0 0 0 0 0 0 0 0 0 0 0 2 0 0 7 0 2 0 1 0 3 0 2 0 2 8 3 3 3 4 2 14 1 0 1 0 0 0 0 1 0 0 0 0 0 0 0 0 0 0 0 0 0 0 0 0 0 0 0 0 2 2 1 2 1 5 1 7 3 11 4 0 0 8 1 3 2 3 1 3 0 0 0 3 
0 1 1 0 1 0 0 3 3 0 0 1 0 2 0 0 0 0 0 0 0 0 0 0 0 0 0 1 0 7 1 1 5 2 2 2 10 6 11 1 3 2 22 36 15 21 6 6 6 51 4 0 6 5 3 0 6 2 0 0 0 1 0 0 0 0 0 2 0 0 0 0 0 0 7 5 1 0 14 7 6 12 7 24 8 17 4 51 17 0 0 39 3 12 2 7 2 7 5 2 0 45 
1 2 1 0 0 0 1 0 0 6 0 0 4 0 1 3 2 3 0 1 1 0 0 5 0 1 0 3 1 4 0 5 9 2 6 1 7 5 13 7 6 2 21 42 21 30 9 9 8 61 1 2 4 2 1 0 3 2 0 1 1 0 0 0 0 0 0 0 0 1 1 1 0 1 6 5 0 7 7 6 10 4 1 16 8 19 9 31 14 0 0 44 5 4 10 7 4 7 3 0 0 20 
0 1 0 0 0 0 1 0 0 0 0 0 0 0 0 0 1 1 0 0 0 0 0 0 0 0 0 0 0 1 0 1 0 1 1 1 2 1 5 1 0 0 3 2 3 2 3 2 1 10 2 0 2 0 1 0 0 0 0 0 0 0 1 0 0 0 0 0 0 0 1 0 0 0 1 0 0 0 2 0 0 6 3 12 0 7 1 8 2 0 0 4 1 2 2 1 3 1 2 0 0 5 
0 0 0 0 0 0 0 0 0 0 0 0 1 0 0 0 0 1 0 0 0 0 0 0 0 0 0 0 0 0 2 0 1 0 0 0 4 5 2 1 1 1 7 4 4 7 3 2 3 15 0 0 4 0 3 0 0 0 0 0 0 0 0 0 0 0 0 0 0 0 0 0 0 0 3 1 0 3 5 1 2 0 2 2 1 4 0 11 1 0 0 2 1 2 5 5 0 1 0 2 0 2 
13 11 11 1 2 6 4 3 3 6 1 2 4 3 3 1 11 1 1 1 1 0 1 2 1 0 0 15 4 33 10 16 82 9 22 12 40 33 55 26 26 10 74 99 60 85 64 53 43 253 21 6 43 14 1 2 8 12 0 11 3 1 0 3 5 1 5 3 1 1 2 1 2 1 29 13 1 8 50 27 29 24 26 67 24 47 32 269 74 0 0 104 21 56 48 62 5 41 32 9 2 13 
