4 6 19 3 9 21 24 26 14 23 16 24 36 73 26 59 28 8 8 9 2 15 6 17 4 1 0 14 76 4 1 10 14 3 9 3 4 3 25 18 16 0 7 8 4 13 9 3 6 38 4 1 4 3 3 3 5 0 0 3 2 2 1 3 5 7 0 3 2 0 1 4 1 0 2 1 1 2 3 2 0 2 3 5 1 4 0 19 0 0 0 4 0 2 0 0 0 0 2 0 0 12 
8 11 18 7 12 29 23 11 23 22 11 34 43 98 48 71 27 21 31 10 9 10 4 19 8 4 0 24 97 5 4 5 8 3 7 2 8 2 55 23 20 1 6 11 5 18 11 5 5 52 3 4 6 8 3 0 2 6 0 2 1 3 1 8 6 11 3 4 2 0 3 6 3 0 0 1 0 4 21 2 0 5 3 7 3 5 5 14 5 0 0 9 2 0 3 4 0 1 2 1 0 12 
22 21 6 9 5 25 14 21 39 22 8 25 39 93 44 50 27 23 24 9 18 7 2 22 6 0 2 15 159 1 0 0 14 2 2 0 7 6 15 14 10 2 9 8 14 9 7 2 8 32 3 2 5 7 4 1 2 7 0 3 4 1 1 2 4 6 1 3 2 1 2 0 2 1 4 2 0 2 19 0 2 0 2 4 0 2 2 6 4 0 0 4 3 2 0 0 1 3 0 0 2 9 
3 4 20 4 0 5 7 6 4 9 0 6 13 19 9 18 5 0 3 0 2 1 1 4 2 0 0 5 20 0 0 0 0 0 0 0 0 1 3 6 3 0 3 2 3 0 0 1 1 8 0 0 1 0 0 0 0 0 0 1 0 1 0 0 0 0 0 0 0 0 0 1 0 0 0 1 0 0 2 0 0 0 0 0 0 1 0 1 0 0 0 0 0 0 0 0 0 1 0 0 0 0 
8 11 4 8 3 5 5 8 13 7 4 6 19 16 10 25 9 7 7 5 8 7 0 8 1 0 0 12 19 2 0 1 0 1 1 1 5 5 11 6 2 0 2 2 2 6 0 1 1 15 0 0 4 2 0 1 0 1 0 0 0 0 0 3 2 5 2 1 0 0 1 0 1 1 2 2 0 0 4 0 0 0 0 0 1 1 1 3 2 0 0 4 1 0 0 0 0 0 0 0 0 2 
24 24 18 17 10 5 19 17 22 13 15 25 45 92 34 61 34 22 17 14 10 5 4 14 3 0 0 11 64 6 2 1 7 1 0 1 1 8 23 11 6 0 2 5 6 11 6 6 5 30 4 0 5 7 3 1 2 7 0 1 7 1 2 1 1 6 1 1 1 0 5 1 3 4 1 3 0 0 5 0 0 1 1 3 1 3 0 5 1 0 0 7 1 2 4 0 0 0 0 1 0 7 
15 44 25 13 6 26 10 41 33 29 14 28 50 77 34 61 19 22 24 10 4 7 5 9 2 1 0 7 76 2 1 2 11 2 1 1 3 4 29 15 6 1 9 7 3 4 4 3 3 19 2 0 8 2 2 3 3 4 0 1 0 1 0 7 4 7 2 2 2 0 4 7 3 4 1 1 0 2 16 0 0 0 0 5 0 0 6 4 3 0 0 7 0 1 0 0 0 0 0 0 0 7 
20 25 19 3 3 20 24 2 14 9 9 36 39 86 37 66 40 22 13 7 7 19 4 15 5 0 0 13 75 1 2 0 10 2 8 1 1 6 17 19 7 1 8 10 5 17 11 2 3 27 2 3 6 7 1 0 3 7 0 0 0 0 2 2 8 9 2 2 2 2 1 2 0 1 6 0 1 0 8 0 1 2 0 2 1 1 3 7 1 0 0 6 0 1 0 1 0 4 0 0 0 10 
29 41 32 3 8 14 38 23 6 16 9 28 57 71 21 77 30 17 25 6 6 14 2 22 2 1 0 16 59 4 6 1 5 1 1 0 3 3 30 13 7 0 5 8 10 7 10 1 1 23 6 1 3 4 1 1 1 2 0 0 1 0 0 2 3 10 1 5 3 1 1 4 0 4 1 4 1 2 6 0 1 1 2 0 0 5 0 2 1 0 0 7 1 0 2 0 0 0 0 0 0 4 
25 17 18 2 2 8 7 13 9 4 5 13 18 48 13 31 17 8 10 6 11 7 1 10 10 1 1 13 22 1 2 1 5 1 0 3 4 2 14 12 9 0 2 3 3 6 9 1 2 15 4 3 5 8 0 2 1 7 0 0 0 0 0 1 3 5 0 2 1 0 2 1 3 3 2 5 0 1 8 0 3 2 2 1 0 1 0 6 1 0 0 6 0 0 0 0 0 0 0 0 0 4 
13 11 10 1 8 6 8 8 8 10 1 13 14 18 10 28 10 9 15 12 8 6 5 14 14 0 2 12 20 4 0 0 2 0 2 1 0 0 10 16 6 1 1 1 3 9 2 2 3 20 0 1 0 1 1 3 3 1 0 1 0 1 0 0 1 0 0 0 0 0 1 2 0 0 0 2 0 0 6 1 0 2 0 0 0 1 0 0 0 0 0 4 0 0 1 0 0 0 0 0 0 3 
27 45 22 2 17 19 27 42 30 17 20 2 18 44 14 46 30 26 25 14 15 17 17 35 16 3 0 33 51 8 1 12 14 1 0 2 3 3 26 14 3 0 4 16 3 3 9 5 6 27 1 1 6 2 0 0 3 1 0 5 0 5 0 2 2 3 0 0 0 0 3 3 1 0 4 2 0 2 10 0 0 0 0 1 0 0 1 6 3 0 0 8 2 1 2 0 0 1 1 0 0 4 
51 77 58 8 13 39 55 34 55 21 28 22 6 65 36 79 56 30 31 17 22 27 18 62 35 4 4 61 42 11 5 3 15 1 4 3 6 11 21 11 15 3 10 7 0 16 7 1 1 46 3 8 12 3 4 2 5 6 0 2 2 3 0 0 2 0 0 1 0 0 0 2 2 1 2 3 0 7 12 2 0 0 0 2 0 2 1 1 1 0 0 16 5 2 1 1 0 0 1 0 0 8 
68 83 80 8 11 48 78 48 54 31 12 37 34 11 24 48 73 54 44 23 39 19 27 61 53 2 5 128 67 8 4 4 7 1 1 2 0 4 25 12 9 1 14 5 7 9 7 1 1 39 5 9 12 14 1 1 3 4 0 3 0 3 2 1 0 0 1 0 0 0 1 1 1 1 5 4 1 2 23 3 0 0 0 1 0 0 1 8 0 0 0 13 2 6 0 2 0 0 1 0 0 5 
63 70 51 12 18 36 48 36 31 32 9 28 31 22 3 21 51 43 20 17 34 20 18 71 23 7 2 94 45 7 5 1 7 2 6 1 4 3 19 12 6 0 9 6 9 16 7 5 2 21 4 5 7 5 2 5 0 1 0 3 2 0 2 1 1 1 0 0 1 0 0 3 0 0 4 2 1 3 19 2 1 0 0 2 0 1 2 4 1 0 0 6 1 1 1 1 1 0 1 0 0 2 
34 57 45 7 11 32 41 57 54 45 16 40 41 42 10 25 92 48 44 26 56 35 23 97 31 6 20 89 62 16 8 19 33 10 11 7 27 4 21 26 20 1 12 15 7 13 13 9 2 56 7 6 14 5 1 1 6 4 0 0 3 1 0 4 3 0 0 0 1 2 2 4 0 4 4 0 0 5 26 1 1 0 0 2 0 6 1 11 3 0 0 12 0 0 4 0 0 0 1 0 0 4 
28 48 27 8 16 39 40 28 57 42 16 47 48 102 41 93 14 28 39 21 53 34 38 100 27 8 12 69 43 22 13 21 48 12 20 19 41 20 54 38 13 3 18 15 12 37 24 2 10 60 10 6 10 8 1 2 4 9 0 2 0 3 1 2 0 0 1 1 0 0 1 2 3 1 5 4 2 0 20 4 1 0 0 2 0 6 1 12 6 0 0 13 1 2 1 2 0 2 6 0 0 13 
11 25 11 0 5 15 20 14 11 18 13 32 35 70 25 61 38 10 40 9 33 14 14 30 18 12 4 53 16 16 9 13 32 8 12 8 20 15 57 17 20 0 13 18 19 19 11 6 3 47 4 2 3 1 0 2 0 5 0 4 4 0 0 2 1 0 0 0 0 0 0 0 1 1 2 1 0 1 8 2 2 3 0 0 0 1 1 11 5 0 0 8 2 0 0 1 0 0 0 0 0 3 
14 25 12 3 2 14 11 14 37 20 21 17 29 69 33 48 37 20 4 13 35 10 16 39 16 3 5 41 37 9 3 7 11 5 16 7 22 4 34 22 4 0 5 11 8 10 4 6 4 32 2 1 3 3 1 0 3 7 0 0 2 1 0 1 3 1 0 0 0 0 0 0 0 0 0 0 0 1 10 1 1 1 0 0 0 0 2 5 3 0 0 9 0 0 0 0 0 0 0 0 0 5 
10 18 12 1 4 5 7 10 8 16 11 24 27 57 27 39 31 12 15 4 11 8 17 44 23 4 6 59 14 10 3 3 8 1 3 4 16 4 25 9 4 0 5 3 3 6 5 3 1 20 4 1 8 0 2 0 1 3 0 2 0 0 0 1 2 0 0 0 0 0 0 0 0 0 2 2 0 0 7 0 0 0 1 0 0 3 0 4 2 0 0 2 0 0 0 0 0 0 0 0 0 0 
7 10 8 2 2 10 6 11 18 8 5 3 30 108 28 73 70 23 43 1 5 13 14 42 8 8 17 76 20 0 3 1 8 2 9 1 8 9 59 10 6 1 8 8 9 6 3 4 2 22 1 0 1 0 1 0 1 1 0 1 0 0 0 0 0 0 0 0 0 0 0 0 0 0 1 0 0 2 4 0 0 0 0 1 0 3 0 7 2 0 0 1 0 0 1 1 0 0 0 0 0 1 
5 13 7 0 4 8 10 12 13 13 6 19 21 57 37 78 37 14 29 3 7 6 19 25 7 23 13 74 25 2 1 0 7 2 4 3 5 4 42 10 2 0 1 9 4 10 4 0 3 10 1 1 1 2 0 0 0 1 0 3 0 1 0 1 0 0 0 0 1 0 0 0 0 0 0 2 0 2 6 1 0 0 0 2 0 0 0 2 1 0 0 1 0 0 0 0 0 0 0 0 0 0 
2 13 4 1 0 7 4 7 10 10 7 24 24 42 28 53 29 22 39 11 24 5 3 16 6 7 5 55 2 7 0 0 13 0 3 4 9 7 26 16 4 0 3 5 7 16 5 0 4 18 2 0 1 0 0 1 1 0 0 0 1 0 0 1 0 0 0 0 0 0 0 0 0 0 0 0 0 1 1 1 0 0 0 2 0 0 0 0 0 0 0 0 0 0 0 0 0 0 0 0 1 0 
20 14 7 3 8 7 10 10 24 31 18 17 46 99 56 142 72 42 24 14 29 13 18 14 9 39 35 76 25 12 0 5 22 2 7 8 29 11 63 16 16 4 5 11 18 16 12 7 6 89 7 1 6 3 2 0 4 2 0 2 2 4 0 0 0 0 0 0 0 0 0 0 0 0 1 1 0 2 15 1 0 3 0 1 2 3 2 19 5 0 0 6 2 3 0 2 0 0 2 0 0 3 
17 27 11 2 12 13 12 9 14 42 13 45 45 74 45 138 46 40 46 11 16 15 13 18 16 8 24 49 24 10 4 5 102 5 10 12 17 17 62 26 27 2 10 18 21 33 21 10 13 102 12 5 21 8 6 0 3 5 0 2 0 6 1 0 2 1 0 0 0 0 0 0 3 0 4 3 0 3 15 0 2 2 0 2 2 4 2 34 7 0 0 15 0 0 1 0 0 1 1 0 1 4 
0 0 0 3 1 1 0 0 1 4 0 5 0 2 1 12 6 9 6 3 12 14 9 25 7 0 1 16 1 1 0 0 1 0 0 2 0 0 4 1 0 0 0 0 0 0 0 2 2 2 0 0 0 0 0 0 0 0 0 1 0 0 1 0 0 0 0 0 0 0 0 0 0 0 0 0 0 0 1 0 0 0 0 0 0 0 0 0 0 0 0 0 0 0 0 0 0 0 0 0 0 1 
2 0 0 0 1 1 0 0 2 2 1 2 10 16 2 17 9 6 9 10 12 6 3 29 5 3 2 32 1 0 0 0 2 0 0 0 2 3 8 2 0 0 1 1 1 1 1 0 0 5 0 0 0 0 0 0 0 0 0 0 0 0 0 0 0 0 0 0 0 0 0 0 0 0 0 0 0 0 5 0 0 0 0 0 0 0 0 0 0 0 0 0 0 0 0 0 0 0 0 0 0 0 
20 29 26 4 4 17 5 22 21 22 11 24 43 131 73 156 77 47 62 50 133 168 141 127 55 12 67 17 16 1 5 5 48 9 15 13 28 20 75 33 37 13 32 18 19 31 16 11 12 69 9 2 12 3 4 0 8 8 0 2 0 1 1 1 0 0 0 0 0 0 0 0 0 0 4 4 0 1 19 2 1 1 1 3 0 7 0 32 2 0 0 7 0 0 2 4 0 0 3 0 0 8 
8 21 28 6 19 22 21 14 19 10 5 10 16 16 9 10 4 7 4 1 3 8 0 4 1 0 0 3 4 0 1 0 1 0 1 0 4 6 4 6 6 2 0 4 4 0 2 0 1 5 0 1 0 0 1 0 0 0 0 1 0 0 0 5 1 0 1 1 0 1 0 2 0 0 0 0 0 2 3 1 0 0 0 0 0 2 1 1 0 0 0 2 2 0 1 0 0 0 0 0 0 0 
3 2 4 4 0 1 2 3 3 4 2 8 14 9 7 24 45 12 16 7 4 2 0 10 1 0 0 1 9 21 83 99 269 51 148 147 370 129 270 109 74 8 38 64 52 67 43 18 19 166 4 1 2 6 4 0 5 8 0 8 2 4 2 11 16 29 5 18 5 2 5 9 4 1 1 4 0 1 24 3 4 2 6 7 4 7 4 46 7 0 0 32 4 8 9 6 2 6 5 2 2 29 
0 2 2 0 0 0 1 3 1 0 1 2 1 2 3 5 10 5 9 0 2 1 3 4 4 0 0 3 1 67 4 55 79 17 43 36 134 48 103 47 19 1 21 20 23 21 14 5 8 39 0 1 4 2 0 0 0 2 0 3 0 0 0 5 5 14 2 5 1 1 3 3 5 0 1 0 0 0 5 1 1 0 0 3 1 5 23 15 1 0 0 14 2 0 1 1 0 0 3 0 0 4 
0 3 3 0 0 3 2 2 1 1 3 6 8 1 6 20 32 10 9 2 2 1 0 9 4 0 0 5 6 127 49 9 114 25 72 49 264 110 211 80 34 10 50 55 36 61 33 13 12 136 5 0 10 7 0 2 2 9 0 0 5 2 3 8 10 24 2 4 2 5 2 3 0 4 6 1 2 2 15 7 1 1 2 5 2 5 2 31 6 0 0 35 8 9 2 8 1 3 1 0 0 17 
6 9 3 1 1 3 6 3 5 8 1 6 14 7 4 18 27 28 9 1 8 5 2 33 15 0 5 24 9 214 69 64 16 38 67 71 235 86 232 113 85 21 63 56 80 95 83 47 26 374 27 13 30 11 7 9 8 15 0 8 2 7 1 9 14 17 2 8 5 9 9 20 5 13 9 8 2 4 37 2 4 3 4 6 4 8 4 96 10 0 0 24 2 14 8 11 1 4 7 0 0 43 
3 2 3 0 0 1 1 0 1 2 0 2 2 2 0 5 11 5 2 0 0 0 2 4 1 0 0 3 9 50 26 43 36 5 21 19 102 28 115 42 26 14 34 31 27 35 68 5 11 74 6 5 14 9 3 2 4 10 0 3 0 7 0 2 7 22 4 2 3 8 7 9 6 8 5 2 0 1 25 4 0 0 0 1 0 5 0 8 4 0 0 23 1 0 4 1 0 2 5 0 0 8 
2 5 5 1 2 0 4 3 3 0 0 0 1 0 4 15 18 25 11 3 7 8 4 8 4 3 4 19 7 135 73 76 97 35 10 30 147 74 132 106 50 6 38 52 52 54 19 22 13 108 12 13 11 7 0 2 2 11 0 0 1 16 3 12 6 15 6 6 2 3 8 9 5 5 1 3 1 4 21 0 1 0 0 3 3 9 4 25 7 0 0 50 8 10 15 7 2 6 3 1 0 17 
6 1 4 0 0 0 2 0 1 3 0 3 2 0 4 5 12 14 9 5 2 4 5 14 5 0 0 15 5 122 79 74 100 19 34 9 153 43 108 71 36 5 25 36 29 30 22 15 10 131 2 5 8 2 1 1 2 2 0 4 2 6 1 15 6 15 4 4 2 5 3 6 7 4 1 1 0 1 9 0 1 0 0 0 0 5 5 7 2 0 0 36 2 5 4 10 1 5 6 0 1 17 
7 7 5 0 1 1 3 1 3 1 0 2 5 1 4 27 33 31 10 7 12 12 10 36 11 1 0 34 8 330 125 191 280 91 152 204 17 108 303 277 117 35 126 147 107 151 93 44 48 367 17 9 18 16 1 1 12 12 0 1 4 14 14 31 11 10 8 18 8 9 26 18 18 11 8 3 0 3 27 2 5 3 1 6 2 23 10 69 34 0 0 85 23 25 12 19 6 9 12 9 6 50 
5 6 16 3 3 8 6 12 8 2 2 4 5 6 5 2 18 20 16 7 7 5 4 33 10 2 0 32 25 123 41 68 83 36 53 62 124 11 140 165 77 16 68 111 79 102 79 26 34 247 9 5 7 6 1 1 5 4 0 0 0 1 1 7 10 5 2 4 2 3 9 6 6 6 4 0 0 3 12 1 1 3 0 11 1 13 8 40 14 0 0 78 12 13 6 6 1 2 11 1 0 30 
7 16 16 2 5 14 17 13 17 17 4 16 19 13 10 7 21 19 14 9 11 12 5 22 21 3 0 36 13 111 49 111 134 58 88 66 264 109 16 245 113 14 90 121 71 112 82 33 28 265 6 7 11 10 1 6 5 7 0 3 4 9 5 12 16 25 8 4 2 5 9 20 12 9 8 7 3 1 31 1 8 1 6 6 1 16 12 50 19 0 0 92 14 14 11 14 3 6 13 2 0 47 
10 11 11 4 3 14 8 17 14 6 11 16 17 15 12 26 27 23 15 2 17 1 1 20 7 1 3 26 24 88 52 57 172 41 88 51 317 148 397 24 43 13 51 109 71 151 79 25 34 234 7 3 9 3 5 1 1 8 0 4 0 8 4 8 11 8 1 6 2 0 9 10 3 16 8 4 0 5 20 3 8 6 6 9 15 16 7 22 19 0 0 45 10 7 11 10 0 1 4 4 1 30 
19 12 11 1 3 10 15 7 10 7 3 5 8 11 4 24 19 20 18 4 15 4 4 33 17 1 0 25 22 65 30 59 118 28 50 34 165 98 285 69 9 16 39 90 45 103 71 25 30 238 5 2 6 5 0 2 3 3 0 1 3 8 6 8 13 5 2 1 1 5 4 4 3 11 8 4 1 4 10 3 5 3 1 12 6 18 10 17 24 0 0 58 11 14 13 7 0 3 4 0 1 15 
0 5 1 0 0 1 0 0 0 1 0 1 2 2 2 0 2 1 2 0 2 0 0 0 0 0 0 2 2 3 1 6 7 2 7 4 38 18 24 26 10 3 18 26 17 23 10 11 3 30 1 0 0 1 0 0 0 0 0 0 1 0 0 0 1 1 0 2 0 1 1 0 0 0 1 1 0 3 1 1 2 1 0 3 1 13 2 2 7 0 0 7 5 5 4 2 3 1 2 1 0 5 
2 6 7 0 1 8 6 3 11 6 3 5 11 7 5 8 27 16 6 3 7 5 5 10 6 0 1 17 5 39 10 34 86 43 40 32 142 76 143 68 48 23 22 77 80 83 57 38 42 159 7 2 12 7 1 1 5 6 0 7 2 7 2 6 8 13 2 2 2 2 6 1 3 0 7 6 1 11 36 16 20 14 22 66 27 44 31 81 41 0 0 79 30 39 27 45 1 31 14 8 8 95 
9 8 8 0 2 3 11 7 3 5 2 12 5 1 3 13 17 20 8 3 3 3 3 13 8 1 0 10 20 68 12 45 77 27 54 20 135 97 171 135 75 24 54 29 129 207 125 66 65 354 9 7 16 5 3 3 6 14 0 4 2 5 1 3 3 6 3 7 3 8 3 3 6 5 18 8 3 11 55 19 24 21 14 79 29 78 52 84 75 0 0 185 43 35 27 72 13 48 46 12 5 128 
8 10 10 1 1 6 6 2 11 10 5 10 10 4 6 13 17 12 4 4 4 6 3 35 8 0 1 24 17 47 27 36 111 25 28 34 160 60 138 83 64 15 79 145 10 167 113 75 73 329 10 5 9 2 0 3 3 5 0 1 1 1 4 5 9 7 1 7 1 3 9 5 5 7 8 8 0 7 17 8 11 4 6 23 11 31 19 57 26 0 0 67 11 20 21 19 5 19 14 3 3 51 
14 11 14 2 2 6 13 12 12 6 6 9 10 5 4 15 32 20 12 6 7 6 5 23 6 0 1 22 19 69 33 56 143 16 49 35 168 89 183 112 96 21 91 208 145 21 170 147 117 480 14 13 15 3 4 1 6 10 0 3 3 6 0 13 5 4 5 0 2 3 8 5 9 10 16 5 3 4 53 14 18 18 15 49 18 57 24 121 33 0 0 122 10 29 15 31 8 32 24 5 7 88 
12 12 11 1 0 13 6 8 9 5 6 7 8 7 9 10 22 14 13 4 7 3 6 24 10 0 1 21 19 34 18 33 132 30 49 25 133 84 128 97 57 16 83 130 105 210 15 93 99 286 10 4 9 10 1 4 4 3 0 1 1 5 1 8 5 10 4 2 6 1 4 5 3 9 11 4 3 2 21 6 5 15 10 25 12 44 24 100 25 0 0 91 16 19 22 10 3 21 22 5 1 77 
4 7 7 0 2 4 2 6 5 2 4 6 4 3 0 2 9 9 12 1 1 2 0 8 5 0 0 15 4 19 5 16 76 11 10 14 58 36 69 43 36 5 29 95 64 174 113 15 44 256 6 1 7 3 0 0 1 1 0 0 1 1 0 3 6 5 2 0 0 0 3 4 1 4 5 2 0 2 4 1 1 2 0 15 4 17 12 77 2 0 0 46 13 6 8 11 1 8 8 1 4 49 
2 5 5 0 3 5 3 3 6 2 1 4 7 3 1 4 13 8 5 2 6 3 3 9 4 0 0 13 11 22 7 11 93 13 21 14 85 30 104 57 33 9 64 104 81 179 106 61 6 355 8 2 5 5 1 2 1 2 0 2 2 2 0 4 0 7 4 0 1 1 3 3 2 5 5 4 0 4 18 10 4 7 3 13 8 12 8 127 6 0 0 83 8 11 18 10 1 14 8 3 1 57 
35 42 31 3 10 13 19 14 21 35 6 22 19 24 16 28 50 52 46 9 15 7 8 104 33 2 0 78 57 156 42 89 696 71 89 98 371 225 526 209 218 16 171 327 253 502 265 212 166 37 30 20 42 11 9 4 7 14 0 2 6 9 1 23 28 39 2 14 8 4 6 15 12 22 35 23 4 18 88 20 20 32 21 83 23 69 52 498 32 0 0 251 30 40 52 30 11 40 53 7 5 295 
9 10 7 1 1 5 6 4 4 4 1 6 6 12 8 21 7 13 7 0 6 2 1 18 7 1 0 8 8 14 3 10 33 6 7 12 13 5 15 12 5 1 8 13 4 13 9 3 4 52 6 7 44 14 11 8 16 24 0 25 10 5 6 9 13 15 6 13 5 14 6 7 10 15 5 4 0 7 146 8 2 5 5 26 5 17 5 52 6 0 0 14 1 7 6 4 2 10 5 0 0 18 
3 8 1 0 0 1 0 3 1 3 1 2 11 18 5 10 9 0 2 0 1 0 3 2 3 0 0 5 8 2 4 4 19 6 6 5 8 0 8 9 2 1 8 4 4 6 4 1 3 14 6 3 35 16 10 6 10 13 0 13 3 0 1 10 4 8 3 4 2 8 3 3 1 0 1 4 2 7 73 2 5 0 4 7 3 8 4 28 7 0 0 15 1 3 5 2 0 0 3 1 2 19 
10 3 3 1 3 6 5 7 4 9 2 5 7 17 10 24 12 5 11 1 1 3 3 19 13 1 1 11 21 12 3 10 61 7 15 4 17 6 32 15 8 0 3 15 13 15 12 2 10 55 26 22 13 17 12 4 11 21 0 22 9 5 3 19 15 31 9 14 2 6 6 10 5 14 6 3 0 12 100 6 5 10 5 26 12 19 16 57 13 0 0 11 2 9 5 7 1 5 8 0 0 18 
4 4 3 2 1 4 3 1 4 5 1 3 2 17 5 11 12 9 0 0 0 0 0 2 3 0 0 0 9 6 0 3 19 6 5 2 14 3 7 4 4 1 3 5 5 2 1 1 3 14 11 10 27 5 15 8 14 25 0 23 3 3 11 9 17 13 9 10 4 10 3 4 5 4 3 3 1 2 76 4 7 2 2 20 6 12 2 17 3 0 0 10 1 4 8 1 1 2 2 0 0 6 
3 2 0 0 0 4 3 1 1 6 0 3 0 5 0 9 1 2 0 0 1 1 1 1 2 0 0 1 1 0 1 4 15 2 10 1 2 0 8 8 3 0 0 2 1 2 2 1 0 3 3 2 18 6 2 0 8 8 0 17 7 1 1 9 4 8 2 2 1 4 2 2 4 6 3 3 1 3 38 3 2 3 2 5 2 6 2 10 3 0 0 8 0 0 3 1 0 0 1 0 0 3 
3 2 2 1 0 0 0 0 1 2 2 0 1 7 1 1 0 0 2 1 0 0 1 3 1 0 0 2 3 1 1 0 6 3 0 3 3 1 1 2 0 0 1 1 0 3 2 0 0 7 4 5 3 1 4 1 9 9 0 7 2 1 5 3 7 5 1 2 2 0 2 2 3 0 5 1 2 3 52 3 0 2 0 0 4 3 2 2 0 0 0 4 0 1 1 0 0 1 0 0 0 4 
2 5 1 1 1 1 3 3 1 3 1 2 2 11 3 8 6 2 5 0 0 0 1 0 1 0 0 4 2 3 0 8 22 9 7 1 6 5 11 4 2 0 6 4 0 11 3 0 5 5 23 4 12 11 10 8 1 12 0 16 7 7 7 5 10 12 7 7 0 7 5 8 11 7 5 3 4 5 53 6 2 0 1 15 9 7 2 11 5 0 0 13 1 6 4 3 0 1 2 1 2 7 
5 2 7 0 0 2 2 7 6 4 5 9 7 14 6 11 4 3 4 1 5 1 1 2 2 0 0 1 13 11 0 7 20 5 7 6 8 4 22 9 6 1 4 4 3 5 6 2 4 19 15 11 31 8 11 7 10 2 0 20 8 5 3 19 3 17 5 4 2 2 6 11 9 6 7 6 3 15 105 17 10 1 10 37 9 9 0 9 7 0 0 10 2 5 3 3 1 6 1 1 0 8 
0 0 0 0 0 0 0 0 0 0 0 0 0 0 0 0 0 0 0 0 0 0 0 0 0 0 0 0 0 0 0 0 0 0 0 0 0 0 0 0 0 0 0 0 0 0 0 0 0 0 0 0 0 0 0 0 0 0 0 0 0 0 0 0 0 0 0 0 0 0 0 0 0 0 0 0 0 0 0 0 0 0 0 0 0 0 0 0 0 0 0 0 0 0 0 0 0 0 0 0 0 0 
10 15 5 0 6 5 7 5 3 1 0 9 8 14 9 25 17 10 8 3 4 6 3 23 5 1 1 15 16 7 4 4 13 8 2 0 2 3 16 10 9 0 5 4 3 4 2 1 2 14 20 7 43 15 11 5 1 15 0 5 2 2 5 14 17 20 8 5 3 3 5 13 11 15 10 8 1 3 50 2 1 3 4 11 2 5 2 14 3 0 0 11 10 0 0 6 0 2 1 1 1 8 
3 4 2 2 1 2 1 1 1 0 0 2 1 4 1 2 2 0 0 1 2 0 0 3 0 1 0 0 0 4 3 2 8 1 1 2 2 2 11 5 0 0 1 1 0 4 1 2 0 9 9 2 3 8 5 1 4 5 0 6 0 2 0 8 5 19 5 5 4 3 9 15 4 4 5 4 1 0 11 6 0 4 2 3 1 3 1 11 1 0 0 4 0 3 1 0 0 0 1 0 0 2 
2 13 2 0 0 0 4 1 1 2 2 4 3 6 2 1 3 1 2 2 0 0 1 1 2 0 0 5 2 12 6 3 4 15 16 3 19 12 27 8 5 2 8 11 5 7 8 5 4 20 2 2 4 1 1 1 7 10 0 11 9 2 2 10 10 25 4 12 3 17 3 7 6 3 1 0 1 0 28 1 0 3 2 9 5 3 3 10 3 0 0 13 0 2 1 3 0 4 0 0 0 1 
0 0 0 1 0 0 1 0 1 0 0 0 1 0 2 2 2 0 0 0 0 0 0 0 1 0 0 0 0 2 1 1 0 2 4 7 7 5 3 3 0 0 2 3 0 1 1 0 0 1 1 3 5 0 2 0 2 6 0 4 4 3 1 4 5 10 5 7 3 4 0 2 1 8 2 2 0 1 4 1 0 0 0 1 0 0 0 0 0 0 0 3 0 2 1 1 0 0 0 0 0 2 
0 4 0 0 1 0 4 4 2 1 0 3 1 0 0 0 2 2 1 0 1 0 1 1 0 0 0 3 2 7 1 5 7 2 7 20 23 4 22 15 8 3 8 7 2 10 5 1 4 22 13 13 17 16 8 1 5 5 0 12 4 14 3 0 5 20 3 10 3 18 10 12 6 9 3 3 0 2 16 2 1 0 2 0 3 3 2 7 0 0 0 11 1 0 0 1 0 1 0 0 0 0 
3 5 2 1 2 2 4 5 6 0 0 1 1 0 1 2 3 2 1 0 0 0 0 2 1 0 0 0 6 25 6 14 13 4 13 4 22 17 30 9 12 0 5 12 8 8 11 7 2 34 12 8 21 13 3 1 9 15 0 24 4 8 7 7 3 27 12 17 23 28 19 39 15 17 1 1 0 4 45 0 2 0 1 5 3 5 1 6 2 0 0 11 2 0 1 0 0 0 0 0 0 1 
7 15 13 2 4 12 17 16 6 3 0 2 6 3 1 5 1 0 0 0 0 0 0 1 0 0 1 2 12 38 29 27 28 21 21 7 52 8 32 15 15 1 18 20 14 23 21 9 3 53 15 14 33 19 5 6 17 21 0 56 27 19 23 18 40 22 18 25 36 38 60 72 37 60 25 4 1 10 69 18 6 12 9 9 4 8 4 24 3 0 0 12 2 1 0 1 2 0 1 0 0 4 
5 2 0 0 0 0 3 5 2 3 1 1 0 0 1 0 0 0 0 0 0 0 0 0 0 0 0 0 3 8 4 3 5 5 3 2 5 4 9 6 5 5 1 3 2 2 5 3 5 15 3 3 14 3 1 1 3 6 0 12 6 3 3 9 13 14 3 10 12 25 12 17 14 10 1 0 0 5 11 1 1 0 5 1 0 0 0 0 1 0 0 3 1 0 0 0 0 1 0 0 0 1 
2 4 1 0 0 2 2 2 2 3 3 3 2 1 0 0 0 0 0 0 0 0 0 0 0 0 0 0 7 8 4 6 12 4 4 3 22 7 13 0 6 2 2 6 5 6 3 1 3 20 3 1 25 8 3 3 9 10 0 15 7 10 8 11 26 30 3 6 9 16 32 29 28 19 2 4 0 1 12 7 1 1 0 3 0 6 2 9 2 0 0 3 0 0 0 0 0 0 1 0 0 1 
2 0 2 0 1 3 1 5 2 3 0 1 3 0 0 0 3 0 0 0 0 0 0 0 0 0 0 0 4 12 8 3 4 8 3 2 15 2 14 1 5 0 0 4 2 4 2 1 0 3 2 1 5 0 1 0 2 6 0 1 4 2 2 3 16 19 3 12 0 6 22 21 9 2 2 1 0 2 7 1 0 0 0 1 0 2 0 1 1 0 0 2 0 0 1 0 0 0 0 0 0 0 
3 0 3 0 2 3 1 1 2 2 1 3 7 4 0 1 1 2 0 0 0 0 0 0 0 0 0 1 5 9 5 1 13 12 8 3 9 11 11 1 4 1 3 9 4 3 1 2 2 11 7 3 16 10 5 0 11 7 0 14 11 9 3 6 35 57 18 24 19 4 18 41 18 38 6 3 0 1 31 5 3 1 1 3 2 0 3 10 1 0 0 3 0 0 0 0 0 0 0 0 0 1 
2 0 2 0 1 0 1 0 0 0 4 3 2 1 0 2 4 0 0 0 0 0 0 0 1 0 0 0 12 13 3 1 12 3 9 7 32 11 26 6 1 0 2 7 2 11 6 4 1 18 2 1 5 3 3 1 4 4 0 14 8 8 5 15 23 39 9 26 16 8 2 44 15 25 4 1 0 1 29 5 3 3 1 7 0 1 2 6 3 0 0 2 0 0 0 1 0 0 1 0 0 4 
2 0 2 3 0 0 3 2 5 2 3 1 2 1 1 1 2 0 0 0 0 0 1 0 0 0 0 0 5 4 2 2 16 11 8 6 29 4 34 4 8 4 2 3 4 3 4 1 2 8 6 3 11 3 2 4 6 13 0 10 9 7 7 8 20 39 22 20 14 25 32 10 23 18 1 0 0 2 28 5 0 4 4 4 1 2 0 5 0 0 0 5 8 1 0 0 0 0 0 0 0 1 
5 9 5 0 0 6 4 1 3 6 2 2 4 3 2 3 4 0 0 0 0 0 0 0 0 0 0 0 3 3 9 6 18 18 13 11 31 19 24 12 8 1 5 5 10 9 10 2 3 23 15 4 16 11 3 3 8 7 0 14 9 8 6 22 31 45 20 28 9 50 29 50 6 27 5 6 0 5 29 1 3 3 1 6 3 4 2 10 3 0 0 1 2 1 0 2 0 1 0 0 1 1 
0 1 1 2 2 4 2 4 3 10 1 1 4 0 2 3 3 0 1 0 0 0 1 1 0 0 0 1 2 5 2 3 9 16 7 7 13 6 21 6 4 0 2 5 1 2 3 1 0 12 14 8 10 5 2 5 3 5 0 24 6 3 4 19 22 49 9 26 13 42 16 15 19 2 4 1 0 4 34 1 1 0 2 5 2 3 0 6 0 0 0 4 0 2 0 1 0 3 0 0 0 1 
0 1 2 0 0 0 3 3 2 6 0 4 4 7 5 6 4 6 0 1 2 0 1 3 1 0 0 1 2 3 2 3 8 3 6 0 5 0 12 5 1 0 6 11 12 16 6 5 0 43 3 4 4 4 1 1 7 13 0 7 3 1 1 6 1 13 0 2 0 2 1 1 7 0 1 3 4 12 124 18 12 9 10 67 6 16 3 45 10 0 0 24 5 5 5 3 0 6 1 1 0 15 
1 2 0 1 1 0 1 2 0 4 2 0 2 11 5 8 6 0 1 0 1 1 1 4 1 0 0 3 1 4 2 1 5 1 2 0 7 4 11 4 0 1 7 14 11 18 12 2 1 29 3 1 11 5 5 4 4 20 0 7 2 0 1 5 4 3 1 3 1 2 0 1 2 2 4 6 9 21 158 28 16 10 12 52 7 31 4 56 12 0 0 15 1 11 2 5 0 10 7 0 0 13 
3 0 0 0 0 1 5 1 0 0 2 1 1 3 1 2 3 2 0 4 1 0 1 3 1 0 0 0 0 4 0 0 1 1 1 2 8 0 4 2 1 0 0 3 2 1 4 1 0 4 5 0 1 0 2 1 2 4 0 4 2 1 0 1 8 0 0 0 0 1 1 1 0 0 4 2 2 7 59 3 4 4 6 28 8 5 0 11 1 0 0 4 2 2 0 1 1 3 1 0 0 4 
3 1 2 0 0 2 0 0 1 1 1 3 3 1 0 3 2 2 8 0 1 1 1 3 0 0 0 0 2 4 0 1 5 1 1 6 0 2 5 1 3 0 8 16 10 15 8 1 2 15 5 1 15 2 3 1 8 19 0 2 0 0 0 6 5 4 0 0 0 1 0 0 3 0 20 20 12 6 83 21 15 4 17 51 16 13 4 35 10 0 0 14 1 1 5 4 0 2 1 0 1 4 
8 8 7 1 1 5 7 9 5 8 0 8 14 19 6 29 22 10 13 4 2 3 7 24 7 1 0 15 7 15 3 12 32 10 12 5 24 9 31 12 8 0 21 33 21 23 22 8 15 86 72 63 106 67 39 25 41 75 0 29 4 9 2 23 33 37 12 21 14 23 13 10 12 19 98 117 31 54 20 50 46 19 49 148 38 42 20 79 15 0 0 47 11 18 12 5 0 8 8 2 1 29 
1 2 6 1 4 1 0 0 1 3 0 5 7 5 1 4 4 1 0 0 1 0 1 2 0 0 0 2 1 6 3 5 9 6 2 1 1 0 8 3 3 0 12 19 8 15 8 5 0 34 9 2 21 9 5 1 6 21 0 6 4 0 0 1 6 18 4 3 2 2 0 3 5 7 41 21 21 36 101 6 24 13 23 96 33 22 7 42 6 0 0 28 3 7 5 5 0 11 3 4 0 6 
1 4 1 1 0 0 1 0 0 1 0 0 0 1 0 2 2 1 1 0 0 0 0 1 1 0 0 0 1 6 2 1 7 1 1 0 0 4 5 4 17 0 11 18 4 18 5 6 2 30 11 10 17 9 7 2 7 14 0 0 1 4 2 4 8 5 2 2 1 2 4 6 1 6 14 17 4 15 77 23 4 16 16 83 33 22 11 30 4 0 0 33 7 8 3 5 1 8 6 0 0 25 
1 4 1 0 1 0 0 0 2 2 0 0 0 0 0 3 2 0 0 1 1 0 0 3 0 0 0 6 3 2 1 6 3 1 1 1 1 1 6 5 2 5 15 15 11 13 8 6 8 52 4 0 4 1 2 0 4 5 0 1 3 1 1 2 2 2 3 2 0 0 0 1 1 1 20 6 2 5 36 9 11 2 5 45 12 11 5 48 17 0 0 27 14 14 4 2 1 6 7 0 3 19 
2 3 0 0 0 0 0 5 0 1 1 0 0 0 0 0 0 1 1 0 2 0 0 1 1 0 0 1 6 4 0 0 5 0 0 0 0 4 8 6 5 2 9 34 3 30 9 3 3 38 5 5 5 4 3 1 3 0 0 7 2 1 1 3 7 6 1 3 1 1 2 4 0 5 10 15 0 12 28 13 22 3 1 85 27 24 5 36 7 0 0 34 6 3 5 18 2 8 11 2 0 20 
6 7 4 0 0 1 2 2 4 0 2 0 0 0 2 0 2 0 0 1 1 0 0 1 0 0 0 3 5 5 4 3 10 2 5 3 3 3 19 8 12 2 42 89 21 53 31 12 9 110 21 12 36 18 6 14 10 24 0 4 3 5 1 2 5 12 4 3 3 2 5 11 6 1 63 63 18 48 211 96 95 25 156 22 94 70 35 145 29 0 0 66 16 31 27 30 3 30 25 7 11 56 
0 1 1 0 1 0 1 0 0 2 0 0 0 0 0 3 0 0 0 0 0 0 0 2 1 0 0 0 1 2 0 3 8 0 0 0 1 1 10 6 5 0 19 49 13 34 15 3 5 21 1 5 9 9 3 3 5 12 0 4 0 0 2 1 2 2 1 1 1 2 3 0 0 3 15 5 3 12 54 29 28 7 25 114 3 37 13 58 9 0 0 58 9 24 16 7 0 7 17 0 3 16 
3 6 2 1 5 6 3 1 0 3 2 0 3 0 1 1 8 7 3 0 4 2 1 4 2 0 0 4 4 11 5 10 25 5 19 2 26 17 34 8 20 8 67 149 23 64 37 20 12 111 8 12 15 3 2 0 4 9 0 12 2 3 1 3 1 8 1 3 2 1 4 0 2 6 34 8 2 21 48 9 22 18 22 83 33 14 16 66 50 0 0 93 17 38 25 31 7 52 24 8 3 53 
4 3 2 1 0 1 1 0 0 1 2 1 0 1 0 4 6 5 2 2 0 0 1 1 0 0 0 7 1 11 2 5 22 2 2 7 15 13 35 8 7 5 22 85 9 48 11 9 5 59 7 2 5 5 3 2 7 9 0 3 0 2 0 4 2 6 1 1 0 0 1 1 2 5 9 9 1 9 42 7 7 6 7 55 29 35 5 19 25 0 0 68 10 20 24 15 1 15 14 2 0 41 
20 25 12 7 3 10 3 9 5 6 6 6 5 7 1 5 15 6 3 5 6 4 0 32 11 0 0 33 15 48 10 26 253 19 28 27 75 59 157 23 16 12 80 151 57 164 104 61 62 501 26 23 29 12 6 7 11 22 0 14 6 1 1 7 8 11 0 5 3 1 2 5 9 14 41 23 8 30 123 21 26 32 22 119 49 49 24 25 23 0 0 196 35 56 67 52 14 41 49 14 17 339 
2 9 3 0 1 3 4 1 2 4 0 1 2 3 1 0 8 8 2 1 1 3 0 6 0 0 0 2 7 13 3 14 23 5 17 10 36 30 57 20 23 10 41 84 16 46 11 6 10 66 9 5 11 0 4 2 7 3 0 5 3 5 0 0 1 6 0 1 0 1 2 5 0 1 5 15 0 8 33 16 8 11 16 39 9 29 15 44 5 0 0 75 10 21 15 22 2 20 9 3 2 47 
0 0 0 0 0 0 0 0 0 0 0 0 0 0 0 0 0 0 0 0 0 0 0 0 0 0 0 0 0 0 0 0 0 0 0 0 0 0 0 0 0 0 0 0 0 0 0 0 0 0 0 0 0 0 0 0 0 0 0 0 0 0 0 0 0 0 0 0 0 0 0 0 0 0 0 0 0 0 0 0 0 0 0 0 0 0 0 0 0 0 0 0 0 0 0 0 0 0 0 0 0 0 
0 0 0 0 0 0 0 0 0 0 0 0 0 0 0 0 0 0 0 0 0 0 0 0 0 0 0 0 0 0 0 0 0 0 0 0 0 0 0 0 0 0 0 0 0 0 0 0 0 0 0 0 0 0 0 0 0 0 0 0 0 0 0 0 0 0 0 0 0 0 0 0 0 0 0 0 0 0 0 0 0 0 0 0 0 0 0 0 0 0 0 0 0 0 0 0 0 0 0 0 0 0 
2 5 3 0 1 3 0 2 2 5 1 2 5 8 7 5 22 4 6 3 4 3 3 1 0 0 0 10 4 14 8 24 35 14 25 8 64 44 77 35 25 4 57 144 25 68 47 33 29 120 2 2 11 8 3 0 3 3 0 1 1 8 3 7 4 2 2 1 0 0 1 2 2 4 16 4 3 6 38 10 22 11 19 52 22 60 37 87 47 0 0 13 20 31 24 54 7 31 27 4 5 67 
1 1 2 0 0 0 0 0 2 2 0 2 1 3 2 2 2 2 1 0 1 0 0 1 0 0 0 1 2 8 2 11 9 3 9 5 23 12 21 16 13 7 43 65 17 25 15 10 9 44 4 0 5 3 0 0 1 1 0 0 0 0 0 0 2 1 0 0 0 0 0 1 2 1 4 2 0 1 15 7 2 2 7 18 12 24 12 39 23 0 0 47 6 8 20 8 1 7 11 5 3 26 
3 2 2 1 0 0 2 0 0 1 0 0 2 1 0 4 2 0 0 0 2 1 0 0 0 0 0 3 2 9 1 7 19 6 10 3 22 11 43 11 39 2 24 72 17 42 15 17 17 71 3 4 8 1 0 4 3 3 0 1 0 3 0 0 4 7 0 0 0 0 0 0 1 0 8 6 1 5 18 3 6 12 9 34 28 22 21 50 29 0 0 74 18 6 7 18 0 8 6 3 1 58 
2 1 1 0 0 0 1 0 0 2 0 2 0 0 0 4 2 2 0 0 0 0 0 0 0 0 0 2 1 6 3 3 9 4 6 5 12 7 16 5 2 2 23 33 13 32 12 10 8 48 8 0 3 1 2 1 1 3 0 1 0 0 0 0 1 0 0 0 0 0 0 3 0 1 4 5 0 7 22 4 4 8 6 24 7 11 7 25 13 0 0 33 9 6 2 12 4 7 1 2 0 30 
2 1 1 2 0 1 0 0 0 1 0 1 0 3 0 2 0 0 1 0 0 0 0 0 0 0 1 2 2 6 2 8 20 8 8 4 24 12 40 9 5 5 39 98 21 73 18 9 11 71 1 0 2 6 0 1 1 5 0 1 1 1 0 3 0 0 0 0 0 0 1 0 1 3 4 1 0 1 14 3 1 3 4 18 9 17 13 64 19 0 0 92 11 30 11 4 5 15 1 1 1 68 
0 0 0 0 0 0 0 0 0 0 1 1 0 0 0 2 0 0 0 0 0 0 0 0 0 0 0 0 2 1 0 1 2 0 1 1 2 1 13 3 1 0 6 20 1 10 0 2 0 9 2 1 1 4 2 1 1 0 0 0 0 0 0 0 1 0 0 0 0 0 0 0 0 0 2 1 0 3 3 0 0 1 0 5 3 0 2 13 4 0 0 8 13 1 6 3 3 2 1 4 0 4 
0 1 0 0 0 0 0 0 0 1 0 2 2 1 0 1 2 0 0 0 0 0 0 0 0 0 0 0 3 5 0 5 8 2 9 0 14 13 26 1 4 0 35 46 12 29 23 7 12 53 7 4 9 3 1 1 5 2 0 1 0 0 0 0 1 0 0 0 0 0 0 0 1 0 6 3 0 5 11 5 6 9 12 25 8 26 15 58 5 0 0 68 8 18 16 14 1 4 5 0 2 38 
3 1 0 0 0 1 1 0 0 0 0 0 3 0 0 0 3 1 0 0 0 0 0 1 1 0 0 1 0 6 3 1 3 2 6 2 23 6 18 2 9 2 17 41 11 45 23 6 11 57 3 4 1 4 1 0 1 3 0 3 0 1 0 3 0 0 0 0 0 0 0 0 0 2 3 1 0 7 13 4 7 8 5 14 9 18 7 51 9 0 0 54 8 6 12 6 0 2 3 1 2 21 
0 0 1 0 0 0 0 0 0 0 0 0 0 1 0 0 0 0 0 0 0 0 0 0 0 0 0 0 0 0 0 0 3 0 0 1 5 1 8 0 0 0 5 8 6 8 3 0 4 12 0 0 0 0 0 0 0 0 0 0 0 1 0 0 0 0 0 0 0 0 0 0 0 0 0 0 0 0 4 1 0 0 0 4 3 6 0 14 1 0 0 3 3 2 0 4 0 2 2 2 0 6 
0 0 0 0 0 0 0 0 0 0 0 0 0 0 0 0 1 0 0 0 0 0 0 0 0 0 0 0 0 1 0 0 2 0 1 0 3 1 5 0 0 0 7 10 8 1 2 0 3 4 0 0 0 0 0 0 0 1 0 0 0 0 0 0 0 0 0 0 0 0 0 0 0 0 0 1 0 1 4 0 2 0 0 10 1 8 2 9 3 0 0 16 1 6 8 7 0 3 2 1 1 2 
12 15 4 4 2 2 6 10 3 4 4 8 9 1 3 5 7 2 0 0 0 1 0 3 5 0 1 12 8 37 10 17 82 12 29 24 82 60 128 47 49 10 103 148 87 135 73 54 65 302 17 12 48 6 3 0 13 18 0 7 1 3 1 3 3 6 0 0 1 2 0 1 3 7 24 15 4 12 63 15 20 16 21 80 32 49 35 318 60 0 0 172 36 85 90 64 7 45 37 6 3 11 
