17 22 28 16 53 85 38 26 78 119 38 94 103 204 162 90 69 61 61 18 14 17 14 53 20 4 2 46 16 3 1 7 20 19 21 7 10 1 26 30 9 12 21 29 25 64 24 4 10 47 43 3 8 9 1 4 4 16 0 1 2 7 12 19 11 36 12 26 1 8 0 0 4 4 1 1 1 2 14 14 1 3 2 8 0 17 5 42 5 0 0 24 3 5 2 2 0 0 0 0 0 24 
5 14 25 8 17 48 47 31 65 38 79 91 226 206 171 91 88 61 83 62 25 12 20 46 16 4 1 36 21 0 5 18 24 13 24 5 9 4 31 51 22 5 52 40 35 17 29 8 19 83 16 11 6 8 3 2 3 20 0 1 10 14 1 9 21 42 6 11 1 3 5 2 20 10 8 9 0 4 27 3 4 3 2 6 6 20 6 25 6 0 0 53 8 1 2 4 0 1 1 0 1 10 
15 16 10 25 10 140 94 20 134 114 61 81 242 187 178 70 98 71 57 42 35 21 11 26 17 2 0 41 32 4 0 4 12 16 20 1 9 7 62 42 32 4 57 39 38 26 18 3 4 50 26 10 19 5 1 4 21 23 0 2 2 8 4 3 32 15 27 8 5 5 4 1 15 7 5 2 0 8 26 1 4 2 1 16 4 6 3 30 2 0 0 23 5 2 1 0 0 1 2 0 0 16 
32 44 19 1 10 69 15 13 18 11 16 11 10 40 8 4 6 4 9 7 0 3 17 8 2 4 0 10 8 0 1 0 2 1 5 0 1 4 10 3 7 1 0 9 0 6 5 0 1 14 4 0 3 1 0 1 0 5 0 0 1 0 0 0 2 3 5 0 1 0 0 0 2 3 1 0 0 4 6 1 0 1 1 15 1 2 2 4 0 0 0 11 0 2 0 1 0 1 0 0 0 4 
20 60 9 0 2 10 5 1 17 44 12 14 71 91 35 22 14 16 10 13 7 3 29 30 11 1 1 31 4 0 0 1 3 15 2 0 0 2 3 9 10 0 12 5 3 16 1 14 1 36 5 1 4 1 3 2 1 13 0 0 0 1 6 11 5 6 8 1 0 1 9 4 5 5 3 1 0 1 0 0 2 0 0 1 0 5 1 9 1 0 0 5 0 0 0 1 0 0 1 0 0 2 
118 130 72 12 15 12 30 8 53 115 83 136 302 371 188 97 108 121 81 60 24 14 44 88 28 6 0 74 21 3 0 5 16 8 14 1 0 5 30 34 31 15 36 55 29 23 34 12 23 44 8 7 23 20 5 0 29 8 0 4 0 2 3 15 7 32 13 8 7 5 27 4 12 30 3 7 0 13 12 1 1 2 0 9 2 10 0 16 8 0 0 42 14 5 4 2 0 0 1 0 0 13 
76 88 37 49 16 10 17 7 60 88 22 81 270 210 208 83 64 73 71 57 9 15 14 21 5 1 0 16 24 3 2 12 18 4 30 1 7 2 21 26 16 8 28 8 24 38 29 15 4 75 19 7 7 4 4 7 1 8 0 1 0 4 9 10 41 42 22 24 1 0 0 1 12 12 0 12 0 6 14 0 0 2 1 10 0 12 19 18 3 0 0 37 6 2 2 3 0 7 0 0 0 13 
50 112 95 12 12 28 34 8 16 75 28 77 292 294 122 96 84 71 50 80 11 11 23 39 26 0 0 38 11 2 3 18 14 1 4 0 3 4 31 36 20 6 27 25 28 35 28 5 10 74 8 0 7 3 1 4 1 15 0 3 1 1 1 7 31 52 10 15 4 2 8 0 5 16 1 0 0 7 3 0 4 3 1 3 2 10 0 13 2 0 0 18 17 5 2 0 0 0 0 0 0 9 
111 184 100 10 20 45 63 7 7 33 22 70 232 217 161 71 125 61 59 57 24 15 18 60 8 4 1 21 14 7 2 8 24 1 1 1 3 2 56 28 23 3 37 6 38 15 16 6 2 59 17 19 7 3 1 3 4 0 0 0 0 2 0 20 18 28 8 6 0 3 0 1 7 22 0 1 2 5 4 0 5 3 0 2 1 1 0 8 5 0 0 28 5 17 1 6 0 1 2 0 0 11 
79 75 31 7 22 28 16 1 9 4 4 26 91 128 64 63 38 53 44 27 17 16 36 61 11 2 1 58 8 5 0 2 2 11 1 0 0 0 28 21 15 1 6 3 13 14 18 6 11 46 16 10 11 2 32 3 0 13 0 1 1 1 1 0 3 2 2 1 0 0 0 2 5 11 12 7 1 1 3 13 0 2 0 3 0 9 1 5 1 0 0 11 0 1 3 0 0 1 1 0 1 1 
37 87 33 2 34 17 14 10 7 18 4 12 93 61 37 28 26 36 36 36 11 9 20 21 6 5 0 25 7 7 1 2 3 1 5 0 0 5 8 13 3 14 9 2 6 9 10 6 7 30 3 1 15 2 0 3 5 6 0 0 0 1 1 0 0 2 2 1 0 2 3 0 4 4 1 5 0 0 3 0 0 0 0 0 0 1 0 3 1 0 0 23 1 10 1 1 0 0 9 0 0 6 
124 132 120 24 28 109 91 50 55 22 18 5 113 64 50 66 69 48 52 34 23 18 22 56 26 6 2 87 18 26 11 3 23 3 5 2 1 1 14 31 4 2 5 10 7 13 22 26 16 62 26 17 18 6 1 4 1 36 0 1 1 9 2 5 7 14 0 1 5 1 6 9 10 1 9 3 0 0 7 4 2 1 0 0 0 0 1 2 1 0 0 24 4 1 1 0 0 1 4 0 0 15 
75 160 87 14 28 108 108 46 68 66 17 34 5 49 45 63 46 56 70 53 36 30 18 82 23 6 1 105 25 19 7 24 27 1 14 1 12 19 11 18 13 2 18 13 11 13 20 7 10 78 45 14 12 9 1 0 14 14 0 5 4 10 3 1 4 1 1 1 2 1 2 1 15 8 4 7 1 4 5 1 2 0 0 0 1 2 2 6 4 0 0 10 5 2 1 5 0 0 3 0 0 11 
76 67 61 10 15 60 44 24 66 34 9 11 62 2 3 26 14 39 30 98 39 40 25 75 37 9 3 168 20 6 0 0 2 0 1 0 0 0 3 13 1 1 4 4 3 3 10 2 3 51 7 3 7 4 0 1 6 6 0 1 7 4 0 0 0 0 0 0 0 1 2 2 12 0 0 0 1 0 19 0 0 0 0 1 0 0 0 3 0 0 0 9 4 2 3 2 0 0 0 0 0 3 
101 60 54 11 40 89 58 43 62 42 25 56 111 9 5 3 22 22 53 73 27 22 45 102 71 10 8 116 21 5 5 15 9 0 3 1 2 3 2 18 7 6 10 9 8 15 4 3 1 35 10 2 11 21 0 0 23 12 0 0 1 1 0 0 0 0 0 0 6 0 1 0 0 4 9 3 0 0 22 1 1 0 0 0 0 3 0 7 0 0 0 3 2 0 3 1 0 1 0 0 0 8 
84 69 32 12 20 41 34 44 50 37 10 41 44 47 6 12 14 29 91 41 42 37 19 113 46 4 1 89 9 13 9 30 72 6 27 14 23 2 4 13 19 3 44 19 19 20 17 2 10 38 17 4 17 5 11 6 9 18 0 2 4 3 0 1 0 1 0 0 1 0 0 0 4 2 6 16 0 1 15 6 0 0 0 1 0 6 0 11 5 0 0 2 3 0 1 8 0 3 2 0 0 9 
49 66 49 3 23 55 47 42 60 65 50 53 81 77 61 42 5 36 116 54 86 50 31 134 60 4 1 115 1 61 7 65 109 12 59 12 25 9 11 44 49 10 73 33 62 45 30 7 21 138 18 6 20 14 2 1 7 20 0 5 1 10 0 0 1 1 0 19 0 1 1 0 9 0 1 24 0 8 25 3 0 0 0 0 1 2 3 31 7 0 0 23 4 2 0 3 0 0 3 0 0 12 
53 77 61 10 16 54 52 32 24 51 23 50 35 127 69 64 23 9 66 33 58 24 29 71 25 28 5 90 7 33 3 59 120 15 41 21 33 9 11 19 16 7 40 11 23 40 32 2 19 103 27 3 14 9 11 4 12 8 0 7 2 1 0 9 0 1 0 0 0 0 0 0 0 2 1 6 0 1 13 19 1 2 3 0 0 1 10 12 26 0 0 8 0 3 0 0 0 0 4 0 0 8 
28 112 51 7 14 93 25 27 48 38 38 34 66 115 83 40 24 13 4 5 20 26 9 37 33 13 2 74 6 15 4 5 48 18 28 4 28 2 9 2 6 3 24 5 35 18 12 5 1 63 6 12 6 1 4 1 1 5 0 0 2 1 2 4 0 0 0 0 0 0 0 1 2 0 0 1 0 0 4 1 0 1 0 0 1 2 1 5 0 0 0 3 0 0 0 0 0 0 1 0 0 3 
28 49 40 3 17 53 25 25 32 37 71 69 82 119 78 100 48 68 122 3 3 9 11 62 17 13 4 117 12 9 3 16 26 19 44 8 12 4 19 15 15 6 27 12 11 6 20 15 1 85 5 4 6 2 0 0 2 0 0 5 5 4 0 1 0 0 0 0 0 0 0 0 1 0 2 5 0 2 5 0 0 0 0 0 4 16 8 4 7 0 0 7 0 0 0 0 0 0 0 0 0 1 
27 48 26 1 14 17 21 30 20 15 16 26 89 192 116 194 132 86 267 3 3 19 8 31 25 13 1 80 5 4 7 3 14 5 37 16 17 22 36 17 17 1 10 13 16 26 21 5 19 48 1 0 0 0 3 1 1 0 0 0 1 1 0 0 0 0 0 0 0 0 0 0 0 1 0 2 0 0 2 0 2 0 0 3 0 6 0 10 4 0 0 0 0 0 3 0 0 0 0 0 0 0 
60 66 42 3 18 50 12 25 36 38 104 105 123 249 155 220 136 87 263 24 6 9 14 52 9 27 4 109 2 7 5 7 47 12 30 16 56 10 64 8 10 2 19 24 36 29 15 11 6 79 2 2 2 2 5 2 1 3 0 2 1 1 0 0 0 0 0 0 0 0 0 0 0 0 0 3 1 0 3 5 1 0 0 0 0 3 1 5 9 0 0 5 0 0 0 0 0 0 0 0 0 1 
22 38 17 3 13 40 30 16 44 47 60 77 143 138 223 223 135 133 264 88 46 108 4 28 9 18 8 171 1 7 5 9 50 17 89 26 28 19 63 21 14 1 26 44 17 17 18 1 3 83 6 2 5 5 4 4 3 22 0 1 5 8 0 5 0 2 0 0 0 0 0 0 0 0 1 3 1 4 34 1 1 0 0 0 0 4 4 7 13 0 0 7 0 1 0 0 0 0 0 0 0 0 
35 68 28 13 38 88 40 54 40 65 49 134 148 239 190 244 286 245 273 98 91 79 10 16 8 23 13 177 8 3 20 9 53 33 89 14 60 22 119 34 44 5 50 54 56 47 59 27 14 133 22 5 11 7 8 3 17 15 0 5 14 5 1 3 0 2 0 0 0 0 0 0 0 0 4 13 0 1 18 7 3 3 0 0 0 10 4 15 14 0 0 14 0 0 0 1 0 0 0 0 0 5 
38 58 25 9 11 61 16 20 22 60 44 61 145 151 124 131 102 87 95 74 56 30 10 19 6 3 5 121 6 13 15 15 106 39 58 19 47 9 35 35 41 3 31 32 48 34 41 17 1 83 23 10 19 12 6 5 5 9 0 3 6 11 0 5 4 0 1 0 0 0 0 0 0 0 5 9 2 1 27 9 4 5 2 4 1 14 1 45 13 0 0 27 4 1 2 0 0 0 0 0 0 3 
0 8 3 0 0 0 2 0 1 3 15 5 11 8 7 26 11 18 54 32 31 38 9 63 11 2 2 31 0 1 0 16 0 6 9 0 1 2 4 0 2 0 1 3 5 0 0 0 2 4 0 0 0 0 0 0 1 0 0 0 0 0 0 0 0 0 0 0 0 0 0 0 0 0 0 1 0 0 0 1 0 0 0 0 0 1 1 0 1 0 0 3 0 0 0 0 0 0 0 0 0 0 
8 1 4 0 11 12 0 2 26 11 8 20 25 39 37 37 44 43 26 63 105 128 56 177 50 6 12 99 0 0 0 7 5 7 35 3 0 0 20 8 11 0 5 11 6 2 1 14 1 16 2 0 5 1 0 1 1 0 0 0 0 2 1 9 0 0 0 1 0 0 0 0 0 0 1 3 0 0 0 0 0 0 0 0 0 0 0 1 0 0 0 1 1 0 0 0 0 1 0 0 0 0 
33 44 59 13 9 57 11 40 49 49 144 96 162 319 258 225 137 166 133 183 139 146 147 166 106 34 17 7 15 1 1 15 77 20 107 23 82 31 60 46 56 5 53 59 62 64 61 10 20 134 21 5 9 4 3 4 8 9 0 8 10 6 1 5 2 5 0 0 0 0 0 0 0 0 4 6 1 5 9 4 5 4 0 8 4 7 10 64 5 0 0 47 5 3 4 11 0 0 2 0 0 10 
8 6 2 2 1 5 3 2 8 7 1 1 4 5 19 4 4 1 7 6 1 2 3 6 2 0 0 0 0 0 0 0 0 0 0 1 0 0 2 5 1 0 0 1 4 9 1 0 0 6 1 0 0 1 0 0 1 6 0 0 0 0 0 1 1 0 0 4 0 0 0 0 0 0 0 0 0 0 0 0 0 0 0 0 0 0 0 0 0 0 0 1 0 0 0 0 0 0 0 0 0 1 
4 2 11 2 1 7 19 7 5 8 25 23 28 10 9 23 98 102 93 70 42 6 10 23 9 1 2 3 3 14 61 306 734 161 654 751 1132 355 426 247 169 17 299 205 231 168 141 38 70 495 54 18 37 33 6 9 14 41 0 49 17 49 5 12 143 211 60 41 47 18 1 6 5 0 6 7 0 5 52 9 11 3 1 3 0 33 29 99 29 0 0 207 55 41 50 49 1 9 8 0 3 55 
3 0 2 0 0 19 3 5 13 2 1 17 13 5 15 6 24 66 29 29 1 2 11 8 6 0 0 3 1 55 5 315 285 41 210 356 456 150 138 83 47 27 147 45 56 44 58 12 15 97 14 10 18 12 1 4 19 25 0 9 5 13 12 1 143 188 12 23 6 10 2 3 2 2 7 0 2 1 17 2 11 2 0 5 0 11 8 34 14 0 0 50 14 34 19 6 0 1 7 1 0 19 
9 7 4 4 2 0 7 1 3 6 7 1 14 2 17 23 84 81 36 38 1 6 4 9 4 4 2 14 0 272 99 11 191 43 231 288 630 249 421 155 149 15 156 156 190 127 95 26 65 321 29 10 34 29 5 12 26 21 0 19 12 15 5 1 31 161 18 5 14 1 3 5 1 0 19 21 1 8 35 14 6 13 1 0 3 12 34 57 28 0 0 102 14 18 54 7 1 0 0 0 0 38 
2 1 5 0 0 1 3 0 0 2 2 0 2 2 0 4 8 28 9 4 2 0 3 15 6 1 2 7 0 128 49 48 11 6 44 33 139 54 90 71 76 11 119 56 66 73 41 37 30 254 5 6 5 5 5 9 4 13 0 3 0 3 0 1 4 14 2 1 1 16 2 7 4 0 1 1 2 3 22 1 8 1 0 7 2 12 4 60 15 0 0 28 5 5 3 2 1 3 6 0 0 38 
0 2 13 0 0 2 4 1 1 1 0 0 1 1 6 8 22 12 12 8 0 1 6 18 4 1 0 8 1 83 26 74 65 2 9 33 251 74 106 48 77 4 111 59 51 45 36 17 39 179 13 11 21 19 7 14 4 10 0 11 1 1 0 4 4 34 13 6 6 10 11 5 8 20 4 5 4 0 18 5 12 0 0 3 0 5 1 17 9 0 0 84 9 21 7 14 3 3 0 0 0 22 
6 3 0 2 0 2 2 0 0 0 0 0 2 4 13 25 2 5 16 3 7 1 19 21 9 1 1 15 1 122 23 81 159 9 6 24 126 32 45 45 29 2 81 32 63 57 29 29 35 202 9 4 17 2 3 1 4 17 0 6 0 1 1 2 3 7 1 4 3 7 11 12 11 13 0 4 0 0 13 3 0 0 0 0 0 10 4 14 6 0 0 67 12 20 8 1 0 1 1 0 0 32 
2 6 4 3 1 2 4 0 4 0 0 2 0 3 0 1 11 12 12 22 17 21 14 20 9 1 1 2 0 194 55 150 143 15 12 30 367 80 105 51 62 8 52 30 79 63 61 9 21 166 22 18 9 3 1 3 1 7 0 2 1 8 1 7 23 21 23 4 5 9 14 5 4 29 3 1 0 11 3 0 2 0 0 1 0 6 1 27 21 0 0 25 4 9 9 19 0 0 10 0 1 28 
1 2 0 0 0 0 0 0 0 0 0 0 1 0 0 2 3 11 2 6 0 0 1 10 3 0 0 6 0 150 46 96 170 22 28 31 11 16 46 64 84 10 89 42 124 94 92 29 31 286 4 4 6 4 0 2 0 0 0 0 0 2 2 1 3 1 2 2 0 1 1 6 9 9 1 0 0 0 1 0 0 0 0 0 0 4 3 32 15 0 0 39 3 16 3 5 0 5 3 0 3 43 
10 10 2 0 2 6 7 1 2 0 2 7 4 1 0 2 7 2 16 4 10 0 4 15 15 0 0 16 1 112 34 210 221 13 52 71 87 9 63 107 83 34 134 134 190 91 124 32 30 344 4 1 10 4 4 1 1 5 0 0 5 9 0 7 7 3 2 1 0 1 3 2 5 20 1 1 2 0 13 0 1 1 1 1 0 27 16 42 16 0 0 73 12 9 1 7 1 0 24 0 2 47 
8 16 6 1 3 9 5 7 18 20 9 21 34 21 2 9 5 5 10 15 8 1 19 27 13 1 0 46 1 101 25 226 251 24 68 64 136 38 4 114 112 36 133 70 64 77 98 44 28 333 17 6 11 8 0 4 4 8 0 1 5 8 3 9 12 15 5 4 1 3 8 1 16 29 2 0 3 2 7 11 0 2 1 1 1 20 8 77 16 0 0 98 21 7 4 14 0 2 4 1 2 58 
26 83 36 3 15 41 40 35 37 22 50 61 45 47 24 23 41 42 44 65 19 3 40 61 27 0 1 44 8 188 84 376 457 98 388 118 573 346 268 33 33 16 157 116 178 201 223 62 88 611 17 22 25 19 3 3 1 13 0 4 8 18 3 8 56 59 15 4 4 4 6 1 17 20 4 16 2 4 29 8 0 3 7 10 8 7 9 36 26 0 0 36 4 10 15 28 0 1 7 2 9 45 
39 44 17 2 5 42 9 2 22 17 20 34 6 134 5 12 146 88 31 49 25 1 8 39 8 11 0 47 4 147 38 213 271 120 184 68 306 219 330 15 4 8 42 60 106 105 135 58 51 435 10 1 3 1 3 0 0 10 0 0 0 9 4 5 65 57 6 8 0 4 4 3 28 12 5 4 1 4 9 4 11 14 3 7 6 16 17 3 9 0 0 26 7 8 2 50 0 1 20 0 10 29 
6 2 1 0 0 0 0 0 16 0 3 7 4 6 0 0 2 8 8 11 1 0 4 5 4 0 0 3 0 17 1 40 55 17 17 15 72 46 29 18 27 2 29 34 39 20 63 17 9 54 9 0 0 4 0 0 3 0 0 0 0 0 1 2 4 5 2 0 1 1 1 2 4 2 4 0 0 2 7 5 4 10 14 20 6 22 15 21 16 0 0 5 10 7 6 13 0 1 1 0 0 20 
2 24 9 0 15 21 8 3 6 6 8 3 5 4 13 3 22 17 14 7 1 2 0 7 1 0 0 10 5 35 34 104 194 75 115 27 173 171 62 23 22 11 3 19 32 49 40 19 47 126 13 8 26 7 0 2 8 5 0 2 0 8 0 6 14 13 2 2 3 1 0 1 3 17 6 13 6 19 26 34 8 12 20 47 45 96 12 79 19 0 0 4 12 13 13 59 4 14 22 2 8 136 
4 13 5 0 4 20 8 5 4 0 4 3 13 1 24 25 17 31 25 11 8 1 8 15 3 0 0 20 0 60 16 81 127 56 170 18 186 200 177 48 34 18 19 4 75 102 76 28 68 317 11 8 13 4 6 5 7 18 0 5 4 14 3 7 9 43 2 22 1 7 3 3 8 8 17 28 3 24 49 18 27 20 26 70 23 96 29 49 21 0 0 49 28 26 14 36 6 7 16 7 14 139 
13 28 22 0 2 34 4 25 17 4 23 10 3 5 7 2 48 49 31 32 11 3 7 21 14 1 1 33 3 76 38 122 168 65 150 55 310 130 137 90 51 25 75 48 59 56 95 31 69 298 19 0 14 1 1 3 14 3 0 0 9 29 0 4 16 52 8 7 2 0 9 1 10 19 2 17 3 4 20 6 9 14 0 6 21 50 4 42 3 0 0 37 12 21 39 23 5 14 12 2 3 62 
11 14 7 1 4 16 13 3 18 4 42 13 12 8 2 2 20 35 29 23 5 8 7 11 1 1 0 15 4 51 18 163 166 80 136 68 263 116 182 67 48 12 59 79 36 7 33 23 53 276 16 8 24 1 2 3 4 3 0 2 3 29 5 5 19 43 16 13 4 2 2 1 11 3 5 4 4 12 15 11 8 8 4 34 12 65 23 77 6 0 0 34 18 47 19 21 3 7 13 1 2 83 
22 16 7 1 6 21 7 21 25 8 28 8 12 8 7 15 31 70 53 13 11 5 6 25 4 2 0 36 6 56 9 111 172 44 168 52 285 141 124 92 104 10 85 81 86 76 13 25 99 166 15 4 18 5 5 3 11 5 0 2 4 34 3 4 26 33 16 8 4 6 6 2 3 9 12 5 3 6 14 18 11 17 3 23 19 120 31 190 21 0 0 51 18 36 13 21 2 19 14 1 6 149 
13 19 19 0 24 26 7 16 26 1 39 20 8 16 12 2 30 49 29 14 15 1 7 32 7 2 1 20 1 28 14 79 155 65 190 22 141 72 138 112 163 10 133 134 111 215 128 3 163 535 23 6 14 1 2 2 3 20 0 1 7 28 9 6 22 40 20 11 1 0 3 4 12 12 8 7 1 7 36 25 11 31 15 47 23 142 47 117 29 0 0 92 36 30 32 15 4 18 10 1 4 82 
12 14 24 1 3 18 10 13 4 13 61 27 23 11 11 4 44 69 77 28 22 3 3 30 2 0 0 20 1 35 24 138 164 94 216 52 220 126 172 161 163 19 173 217 255 239 271 78 16 558 19 4 20 2 6 0 5 4 0 2 0 59 3 3 17 42 14 16 9 10 6 15 4 18 18 10 1 3 47 12 9 22 13 66 17 98 50 166 38 0 0 169 22 73 62 29 10 22 39 3 1 107 
36 87 28 9 31 71 32 43 47 62 81 92 50 81 16 48 71 183 153 28 15 19 23 183 42 4 2 150 17 219 63 281 898 148 619 205 749 483 518 401 292 51 299 399 356 391 159 161 174 13 53 8 66 17 9 9 19 37 0 9 15 163 12 63 45 209 18 49 18 7 7 24 43 33 30 34 4 13 102 33 35 36 31 156 29 245 73 634 58 0 0 332 105 118 93 45 8 30 70 10 9 369 
13 28 9 2 7 30 4 7 12 15 8 5 22 46 19 36 24 9 10 12 0 0 2 42 18 0 1 26 3 14 4 27 97 12 46 7 29 3 15 25 21 2 27 48 30 33 20 6 5 70 1 2 36 37 35 4 47 80 0 103 39 8 8 31 63 85 6 29 5 15 8 22 30 26 16 32 0 35 77 18 12 17 17 56 15 31 6 76 20 0 0 27 11 16 11 4 4 6 5 2 0 37 
3 1 5 1 0 3 5 6 6 8 3 16 10 16 17 16 22 20 13 2 1 0 1 16 9 0 0 11 0 5 0 21 35 8 51 1 35 3 18 13 5 0 26 23 6 11 19 6 7 21 27 3 8 23 5 1 24 15 0 50 18 19 5 39 64 45 18 24 1 4 8 28 6 12 13 4 0 25 65 5 8 1 1 13 2 30 1 31 5 0 0 39 2 17 8 4 1 0 6 0 0 30 
11 12 7 2 6 26 15 1 0 5 1 3 10 14 20 8 29 20 13 9 1 0 4 25 1 1 0 12 2 19 4 21 65 14 23 5 26 3 27 15 23 2 33 29 22 25 13 2 6 73 9 2 8 4 9 4 15 13 0 69 25 3 8 46 36 67 11 25 6 11 6 14 33 43 8 9 4 39 51 8 6 0 2 49 11 14 7 101 15 0 0 18 7 8 10 1 3 3 3 0 1 46 
4 24 10 2 5 29 27 8 9 15 13 16 40 39 16 27 56 27 21 4 4 0 7 12 2 0 0 8 1 18 18 16 38 19 66 10 22 5 17 23 10 7 31 52 16 13 13 4 3 39 38 20 12 7 10 10 40 24 0 89 49 6 27 71 73 104 41 54 6 25 11 3 16 18 18 10 5 43 77 18 7 19 4 57 6 19 5 17 26 0 0 66 19 11 9 1 0 0 0 0 0 31 
5 27 1 0 0 15 2 0 10 18 2 4 15 8 20 16 3 10 8 14 1 1 0 11 2 7 0 1 0 6 2 9 42 7 59 4 6 2 6 13 1 0 15 28 1 20 7 0 0 24 37 25 25 35 3 0 2 9 0 63 11 3 4 14 14 43 13 23 22 6 4 4 37 23 5 8 1 39 38 0 4 0 2 29 10 7 2 12 1 0 0 18 3 4 5 0 25 2 2 0 0 6 
1 3 0 0 1 7 11 6 0 0 2 4 3 31 9 0 3 3 1 7 4 4 0 4 6 0 0 15 3 3 0 6 20 1 13 1 3 0 0 11 1 0 3 15 2 2 0 3 2 23 43 3 7 3 2 2 3 19 0 10 11 1 3 5 22 46 8 8 0 3 1 1 13 12 12 31 3 11 13 1 0 4 2 6 2 17 2 6 12 0 0 8 1 1 3 5 0 0 2 0 0 1 
1 13 3 0 8 5 4 3 5 9 15 7 28 29 32 37 22 29 24 23 10 10 11 16 3 0 0 12 1 22 12 34 58 13 66 2 17 2 9 17 22 0 12 43 3 6 12 10 2 63 97 27 39 25 6 24 3 3 0 45 28 8 13 58 71 112 34 95 8 17 5 12 17 34 24 36 5 9 14 2 4 9 2 97 17 26 14 25 2 0 0 56 17 20 24 10 0 0 4 0 0 14 
26 21 7 0 7 23 32 4 24 25 5 18 44 48 26 41 17 33 15 40 3 3 3 19 1 0 0 25 5 9 13 27 57 24 48 16 19 5 22 10 17 4 34 28 7 25 17 7 4 73 126 34 39 24 27 3 0 6 0 63 23 5 6 65 29 77 12 23 7 21 14 10 27 19 24 37 4 29 35 32 6 6 3 84 20 24 7 36 16 0 0 39 9 28 31 11 1 0 5 0 0 21 
0 0 0 0 0 0 0 0 0 0 0 0 0 0 0 0 0 0 0 1 0 0 0 0 0 0 0 0 0 0 0 0 0 0 0 0 0 0 0 0 0 0 0 0 0 0 0 0 0 0 0 0 0 0 0 0 0 0 0 0 0 0 0 0 0 0 0 0 0 0 0 0 0 0 0 0 0 0 0 0 0 0 0 0 0 0 0 0 0 0 0 0 0 0 0 0 0 0 0 0 0 0 
26 22 20 0 1 21 15 5 2 1 7 7 56 40 37 21 12 21 23 23 10 7 2 48 9 3 0 23 0 8 2 29 39 14 25 0 4 2 9 5 4 1 17 10 7 18 17 6 0 29 72 39 34 43 22 13 15 32 0 4 2 16 6 31 44 109 46 11 17 19 40 9 17 34 15 12 1 8 12 0 8 5 1 26 1 19 2 11 11 0 0 49 15 7 14 6 0 4 2 0 0 8 
5 9 7 0 0 1 0 0 0 1 0 0 7 4 0 5 4 1 0 0 0 0 0 0 0 0 0 0 2 3 1 8 9 2 0 1 1 1 2 7 6 2 16 1 4 1 6 0 1 17 33 23 30 18 5 3 4 17 0 6 2 3 0 1 9 62 23 23 4 19 18 4 8 33 8 15 3 9 12 0 0 0 1 2 6 7 1 11 3 0 0 8 2 2 2 1 0 0 1 0 1 5 
0 0 0 0 0 0 2 0 0 0 0 11 3 0 0 0 0 2 0 0 0 0 0 1 0 0 0 0 0 4 0 0 1 1 0 0 1 1 0 5 0 0 2 1 0 0 0 1 0 0 2 0 0 2 1 0 1 1 0 0 0 0 0 0 1 3 1 5 0 0 0 1 0 1 0 0 1 0 5 7 1 1 0 1 0 0 0 7 0 0 0 0 0 0 1 0 0 0 0 1 0 0 
0 7 1 0 0 0 6 0 0 1 0 0 17 0 0 0 2 9 0 0 0 0 0 0 0 0 0 1 0 2 1 0 3 0 1 2 43 6 3 3 7 4 4 1 6 3 3 0 2 5 5 1 18 8 0 0 3 17 0 7 2 0 1 2 31 35 14 19 4 13 3 3 13 11 3 1 0 4 2 11 5 0 1 0 0 0 0 6 0 0 0 5 0 0 0 0 0 0 0 0 0 1 
6 3 25 2 0 9 14 0 2 1 7 1 0 0 1 2 2 2 2 0 0 0 4 0 0 0 0 9 2 4 2 27 6 2 49 12 70 6 20 40 26 0 11 5 21 14 13 1 3 35 69 34 62 47 18 6 8 34 0 9 8 13 3 2 15 95 56 26 14 15 14 28 15 94 14 12 0 25 33 16 9 11 2 1 0 6 0 7 3 0 0 8 2 0 0 0 0 2 0 0 0 3 
23 50 17 0 3 17 2 7 14 15 1 3 0 2 0 0 0 0 2 1 0 0 0 1 0 0 0 1 5 25 25 57 31 13 4 4 26 13 35 16 18 2 34 23 39 27 16 24 20 37 41 20 51 35 19 8 21 39 0 23 22 8 10 5 0 48 34 34 25 45 10 18 51 55 17 14 4 27 36 29 26 6 6 3 6 8 15 13 4 0 0 22 3 0 0 1 2 0 1 0 0 5 
26 35 27 0 1 18 12 6 6 1 3 11 1 3 0 1 0 0 0 0 1 0 0 1 1 1 0 0 2 39 24 119 48 18 10 16 41 0 39 10 28 0 23 25 17 12 28 5 9 60 63 34 94 55 16 25 29 22 0 51 39 22 22 31 7 4 4 27 33 81 54 36 47 121 17 22 3 20 82 26 6 12 4 4 2 11 7 19 4 0 0 3 0 0 0 1 1 0 0 0 0 0 
6 8 8 0 0 11 3 6 12 3 3 1 0 0 0 0 0 0 0 0 0 0 0 1 0 0 0 0 0 16 1 22 15 0 9 7 20 4 12 4 2 0 8 4 7 2 26 8 7 29 34 3 19 20 1 1 6 25 0 36 4 6 21 15 9 8 3 2 11 15 19 8 32 40 4 0 4 7 12 3 1 3 0 1 3 7 1 2 0 0 0 1 0 0 0 0 0 0 0 0 0 3 
2 17 16 3 0 22 1 10 6 3 7 3 4 0 0 0 0 0 0 0 0 0 0 0 0 0 0 0 1 16 8 41 44 31 29 13 52 5 12 4 9 1 12 12 8 16 7 11 8 28 59 38 64 42 0 10 8 60 0 43 31 27 7 34 80 47 3 8 14 14 14 12 23 182 4 10 4 12 56 14 12 16 1 13 0 3 5 10 2 0 0 9 0 3 0 0 0 0 0 0 0 3 
0 11 3 0 0 11 1 2 0 0 1 3 1 0 0 0 0 0 0 0 0 0 0 0 0 0 0 0 0 6 2 5 11 1 26 3 28 3 2 3 0 0 7 2 26 8 4 0 1 9 21 6 14 7 0 3 2 9 0 9 2 1 10 7 48 76 11 7 2 6 8 7 6 74 1 3 1 3 16 18 9 3 2 5 1 2 0 3 0 0 0 6 0 0 0 0 0 0 0 0 0 0 
4 14 4 0 2 8 11 20 3 4 0 5 2 0 0 0 0 0 0 0 0 0 0 0 0 0 0 0 0 23 7 27 24 15 48 18 11 0 18 0 3 1 8 5 6 0 2 1 2 13 49 9 33 19 8 14 22 20 0 25 47 23 27 28 108 146 31 41 8 4 23 15 56 342 5 11 6 9 41 6 19 5 7 11 6 3 2 5 0 0 0 1 0 0 0 1 1 0 0 0 0 1 
9 13 17 0 13 26 10 20 6 3 7 23 5 3 11 1 2 0 0 0 0 0 0 0 0 0 0 0 0 4 3 43 79 42 141 50 109 43 50 17 15 8 63 18 21 23 9 3 10 56 62 19 28 48 7 17 20 36 0 69 29 8 20 37 160 377 126 130 63 53 5 7 28 280 11 45 1 18 55 10 20 5 3 31 5 21 5 15 8 0 0 24 0 2 0 0 0 0 0 0 0 4 
19 20 2 0 2 17 13 12 4 17 5 11 5 3 2 4 14 0 0 0 0 0 0 1 0 0 0 1 0 19 14 21 60 65 141 55 130 36 33 12 16 3 45 16 16 19 6 1 3 35 47 42 51 28 3 11 14 50 0 83 38 31 30 78 255 572 140 148 91 121 5 6 55 239 18 24 2 3 49 15 4 6 10 17 7 2 2 5 3 0 0 24 2 1 0 0 0 0 0 0 0 2 
4 7 4 1 0 7 2 3 0 5 3 6 2 0 0 1 0 0 0 0 0 0 0 0 0 0 0 0 1 1 6 6 17 43 54 15 41 10 23 10 15 0 1 11 11 13 3 2 2 19 55 15 20 30 14 6 32 14 0 22 34 30 10 20 107 169 82 40 26 41 39 13 6 22 7 15 1 4 31 3 8 4 0 17 7 5 0 20 6 0 0 6 0 0 0 0 0 0 2 0 0 3 
2 5 2 1 5 20 4 7 2 2 11 11 5 0 1 0 1 1 0 0 0 0 0 1 0 0 0 0 1 1 1 4 8 22 16 3 10 21 6 17 4 0 4 6 10 13 0 4 1 14 43 9 25 15 9 6 28 25 0 81 26 35 3 26 83 183 62 43 15 85 52 18 32 9 10 4 3 21 55 8 10 6 2 12 6 7 3 8 7 0 0 5 0 0 0 1 0 0 0 0 0 2 
5 7 4 0 4 17 2 7 4 3 7 13 47 28 22 12 22 26 23 13 2 0 1 8 4 1 0 18 0 7 2 16 31 16 33 0 22 5 22 21 24 3 75 67 15 53 30 4 6 94 19 12 16 3 5 2 18 65 0 50 10 14 5 54 21 41 12 20 5 15 5 8 17 39 5 12 52 82 263 68 53 55 52 252 34 59 29 94 14 0 0 89 11 35 24 13 9 13 12 2 1 46 
1 9 1 0 3 5 3 15 13 9 7 11 17 15 7 10 22 10 9 14 0 1 2 5 2 0 0 6 1 14 1 18 31 18 34 1 10 1 16 20 19 3 38 44 28 33 27 18 3 111 40 11 17 11 6 17 33 44 0 44 40 3 10 17 37 30 11 7 1 10 5 8 7 19 3 3 60 55 184 90 35 57 35 198 32 91 18 118 24 0 0 91 16 38 25 6 0 13 11 0 3 17 
7 1 1 0 0 2 1 1 7 1 1 1 5 3 0 0 3 0 1 12 0 0 1 7 0 0 0 0 0 0 4 3 4 0 15 2 2 0 3 4 0 1 6 24 3 9 5 0 4 10 7 0 16 2 5 4 7 10 0 12 0 0 6 3 5 7 3 5 2 4 3 1 5 4 5 43 0 5 51 31 13 14 7 83 9 23 1 18 5 0 0 6 0 13 5 1 0 3 1 3 0 1 
9 31 4 2 1 16 13 4 9 9 4 1 9 13 11 10 20 6 6 22 0 1 5 3 2 0 0 12 3 4 1 13 18 5 14 8 2 2 11 8 2 0 54 65 37 52 20 6 11 108 23 7 49 14 22 4 8 23 0 33 8 11 8 25 46 56 25 18 7 7 17 7 11 18 57 60 3 19 45 22 29 27 76 324 58 40 13 102 21 0 0 48 35 25 25 24 14 4 17 1 6 27 
22 10 28 1 7 2 16 4 2 14 6 5 11 39 28 17 37 28 18 55 3 1 11 28 17 9 2 8 0 57 36 48 103 18 92 5 19 7 17 16 12 6 68 67 21 69 13 16 22 101 116 63 66 42 31 16 12 14 0 28 45 13 31 61 102 192 36 46 40 40 28 11 56 122 48 82 15 18 9 18 23 76 19 180 65 68 25 114 39 0 0 67 23 44 29 26 13 9 18 2 4 52 
2 9 1 0 2 5 3 2 0 1 0 12 3 15 5 2 6 8 14 12 3 3 4 5 2 0 0 7 0 9 7 32 19 21 21 0 1 3 9 13 25 8 84 77 19 50 47 11 12 140 59 19 42 3 14 5 3 4 0 6 5 8 9 48 43 65 37 20 28 6 14 16 26 18 59 40 19 17 26 6 16 93 26 625 122 88 23 88 26 0 0 60 15 45 47 30 14 7 11 0 2 51 
17 5 2 3 2 5 4 4 4 1 8 0 5 0 2 4 6 2 2 9 1 0 2 1 4 3 1 3 4 7 7 31 30 7 11 2 3 4 7 23 9 3 83 37 21 17 22 5 15 125 24 14 18 15 1 2 2 9 0 12 10 7 15 22 47 44 12 16 5 8 8 2 20 17 19 52 20 34 32 33 14 36 10 483 211 122 21 81 14 0 0 114 16 33 19 21 26 16 14 0 3 51 
4 6 7 0 2 4 3 0 2 1 0 0 0 0 0 0 1 1 0 0 1 0 0 5 0 0 0 1 2 11 1 5 23 3 6 2 4 0 10 7 14 3 56 33 28 43 23 13 11 89 13 3 3 0 1 6 5 6 0 4 2 17 4 8 7 22 15 8 0 0 0 9 24 12 7 32 5 60 41 17 7 2 7 152 63 43 6 72 39 0 0 69 36 30 33 13 1 15 23 3 0 56 
15 13 4 1 0 8 2 2 2 1 0 0 1 0 0 2 0 5 0 0 0 0 0 0 1 0 0 3 3 32 6 4 21 1 3 0 2 2 0 27 8 0 82 54 15 25 52 7 14 99 47 19 27 16 17 7 18 17 0 13 4 6 11 9 12 20 15 19 1 12 2 4 12 29 19 59 20 62 47 40 20 10 17 232 83 65 14 77 18 0 0 94 23 31 16 17 0 17 25 3 0 49 
2 12 6 2 6 3 4 1 0 8 0 0 0 0 0 0 0 0 1 0 0 0 0 1 0 0 0 2 2 0 0 1 2 0 0 0 0 1 1 11 8 4 69 68 19 28 19 19 26 100 63 7 22 12 7 2 8 25 0 10 12 7 2 2 16 14 5 4 4 7 19 2 5 10 59 102 8 100 74 72 25 51 20 9 26 90 48 130 29 0 0 52 25 36 35 18 2 13 11 7 3 84 
11 19 10 0 2 23 3 7 0 0 1 0 1 0 0 0 0 4 0 0 1 0 4 1 0 0 0 1 7 20 1 2 7 5 2 0 2 4 2 8 27 9 151 82 38 73 51 39 39 117 23 18 37 12 1 2 26 31 0 11 8 3 0 6 30 48 11 10 16 4 2 4 39 8 34 43 24 95 56 135 68 52 56 118 6 140 48 166 42 0 0 134 17 72 36 31 10 25 26 3 13 60 
10 13 8 0 5 15 1 3 8 1 1 1 1 0 2 1 7 9 17 4 3 1 0 6 4 0 0 5 1 9 1 26 32 6 24 3 30 27 24 2 25 5 162 56 54 80 70 18 21 140 25 2 40 5 5 1 20 13 0 27 14 17 2 8 20 31 13 3 3 4 8 2 3 10 37 33 5 28 36 35 19 40 26 64 48 3 3 51 62 0 0 115 26 80 45 72 7 7 16 1 0 89 
10 13 20 1 4 28 8 1 1 1 3 3 0 0 9 4 2 10 13 4 1 3 0 3 4 0 0 12 3 18 12 21 33 14 17 22 53 34 29 14 45 14 114 45 18 63 36 15 52 105 40 10 39 11 4 3 10 12 0 13 4 16 13 2 19 37 3 14 4 6 0 3 5 11 25 15 3 21 30 30 26 36 40 111 31 31 5 21 26 0 0 89 40 139 39 37 7 12 13 2 2 76 
11 37 30 2 2 45 6 3 8 9 7 5 8 4 1 8 32 55 33 14 11 3 10 36 8 0 0 49 7 89 12 123 241 47 130 26 171 111 125 40 15 27 245 107 82 178 132 58 86 527 30 9 63 8 15 14 25 41 0 33 34 55 5 19 35 45 14 12 5 7 11 6 19 28 82 87 7 64 98 60 66 83 69 159 72 60 26 19 26 0 0 273 63 131 101 113 15 64 68 8 27 400 
14 11 12 3 2 21 3 5 4 1 5 3 5 2 8 5 28 40 33 2 2 0 2 5 1 0 0 13 0 28 3 65 108 36 111 30 97 74 74 52 63 21 181 101 26 58 45 21 32 97 20 4 19 11 2 1 10 13 0 15 3 27 10 1 18 47 2 2 7 2 0 1 4 13 14 31 1 10 35 28 26 26 33 58 30 85 67 49 7 0 0 122 17 81 46 51 7 10 72 0 15 148 
0 0 0 0 0 0 0 0 0 0 0 0 0 0 0 0 0 0 0 0 0 0 0 0 0 0 0 0 0 0 0 0 0 0 0 0 0 0 0 0 0 0 0 0 0 0 0 0 0 0 0 0 0 0 0 0 0 0 0 0 0 0 0 0 0 0 0 0 0 0 0 0 0 0 0 0 0 0 0 0 0 0 0 0 0 0 0 0 0 0 0 0 0 0 0 0 0 0 0 0 0 0 
0 0 0 0 0 0 0 0 0 0 0 0 0 0 0 0 0 0 0 0 0 0 0 0 0 0 0 0 0 0 0 0 0 0 0 0 0 0 0 0 0 0 0 0 0 0 0 0 0 0 0 0 0 0 0 0 0 0 0 0 0 0 0 0 0 0 0 0 0 0 0 0 0 0 0 0 0 0 0 0 0 0 0 0 0 0 0 0 0 0 0 0 0 0 0 0 0 0 0 0 0 0 
5 6 8 0 4 1 1 1 2 1 12 6 1 0 0 10 1 12 1 0 0 0 0 3 0 0 0 2 1 19 4 32 28 11 45 6 42 20 40 1 12 0 21 40 29 31 37 10 43 88 20 14 6 2 2 2 2 3 0 4 2 3 0 1 2 5 0 0 0 0 1 0 3 7 6 10 0 12 10 15 11 6 6 14 18 89 37 63 8 0 0 2 21 27 12 39 4 7 12 6 4 83 
1 8 10 0 2 1 6 1 2 0 4 8 3 0 3 0 2 11 2 0 0 0 0 1 0 0 0 0 0 11 1 45 30 14 41 35 58 30 36 9 19 0 67 39 34 36 51 19 24 115 4 9 15 10 1 1 1 1 0 4 8 11 0 0 4 8 0 2 0 0 0 6 0 0 10 9 0 9 13 14 7 12 11 31 11 97 39 76 19 0 0 46 2 3 0 10 0 1 17 1 3 64 
1 8 4 0 0 0 7 1 2 0 9 10 5 12 1 0 0 0 0 0 0 0 0 0 1 0 0 2 0 17 1 30 68 18 91 9 65 17 47 13 18 10 96 73 87 74 121 4 34 135 58 6 32 7 8 3 21 9 0 3 16 19 0 3 1 0 0 0 0 0 0 0 1 0 18 6 4 10 43 22 18 31 23 46 13 113 61 104 42 0 0 90 8 6 0 26 0 4 28 2 22 126 
1 3 1 0 0 12 1 2 1 4 0 1 1 1 0 0 0 0 0 1 0 0 0 2 0 1 0 2 1 29 4 34 26 12 36 9 32 13 34 2 30 10 95 54 50 50 37 9 17 121 4 2 1 3 0 2 11 13 0 6 1 10 0 0 0 0 0 0 0 0 0 0 0 0 8 12 11 2 50 19 22 32 16 66 21 89 36 79 19 0 0 42 6 0 1 2 2 2 10 1 3 98 
3 10 4 0 2 12 1 3 1 5 22 15 3 2 0 4 1 2 0 0 1 0 0 5 4 0 0 1 1 7 7 52 75 18 66 16 98 38 54 30 38 13 276 227 175 86 110 25 25 139 7 2 20 24 1 0 0 6 0 5 5 5 0 2 0 2 0 0 0 0 0 1 1 3 10 16 2 4 18 14 26 37 17 45 27 117 70 132 78 0 0 332 35 46 5 14 2 6 25 6 6 118 
1 0 0 0 0 0 2 0 1 1 0 0 1 0 0 0 0 0 0 0 0 0 0 0 0 0 0 0 0 4 1 5 13 1 15 0 12 5 7 10 6 1 34 34 15 14 5 14 2 29 2 1 1 4 0 0 0 1 0 1 0 17 0 1 0 0 0 0 0 0 0 0 0 2 5 4 0 3 13 6 2 5 1 14 2 32 10 40 22 0 0 23 15 1 1 5 1 2 4 1 2 28 
1 3 2 0 1 2 1 1 6 4 2 8 3 3 0 9 1 0 0 0 0 0 1 1 0 0 0 1 0 9 13 16 32 16 51 13 67 27 28 9 18 6 107 149 105 134 81 14 51 241 11 3 14 23 2 4 27 13 0 9 7 26 1 2 2 1 0 0 0 0 0 0 0 2 14 9 5 9 36 48 21 34 23 79 22 117 56 181 32 0 0 126 26 15 23 29 2 4 19 1 31 123 
3 0 1 1 0 1 0 0 0 1 4 3 14 7 1 2 2 2 0 0 0 0 0 2 1 0 0 0 0 14 4 7 16 10 55 9 60 13 26 10 14 4 80 117 116 115 49 43 27 184 7 7 9 7 4 2 13 15 0 1 7 5 0 1 1 1 0 1 0 0 0 0 0 0 5 9 6 11 28 29 26 40 33 39 23 70 40 130 44 0 0 121 32 18 8 2 2 2 4 2 6 48 
0 2 0 0 0 5 0 0 1 0 0 1 17 5 2 1 1 1 2 0 0 0 0 0 0 0 0 1 0 5 0 7 7 4 21 1 18 4 15 4 15 0 24 50 42 25 11 29 37 49 3 0 3 2 1 2 2 8 0 0 0 3 5 3 0 0 2 0 0 0 0 0 0 1 2 7 1 1 4 4 10 3 2 38 6 52 8 33 24 0 0 32 10 26 9 9 0 2 7 0 2 11 
0 0 2 0 0 1 2 0 1 0 0 0 0 0 0 0 0 0 0 0 0 0 0 0 0 0 0 0 0 0 0 1 16 13 1 3 12 6 9 2 9 1 12 47 14 25 8 4 5 55 2 2 3 1 0 1 4 4 0 0 1 3 0 0 0 0 0 0 0 0 0 0 0 0 2 5 0 1 10 5 0 4 8 16 3 22 9 27 8 0 0 24 5 6 21 4 1 3 2 2 0 2 
2 5 3 1 2 5 1 1 1 8 1 2 0 3 1 3 8 0 0 0 0 0 0 1 0 0 0 1 0 12 5 6 17 2 37 10 51 13 26 16 12 4 95 62 62 83 31 38 7 62 9 5 4 2 1 0 10 1 0 4 6 5 2 1 0 1 0 0 0 0 0 0 0 2 9 7 0 1 18 6 9 7 10 23 13 35 20 124 18 0 0 97 9 43 57 19 1 7 10 1 1 4 
