9 21 27 25 29 59 60 19 46 95 47 72 119 194 124 84 46 73 46 24 20 6 11 65 14 2 0 39 7 1 0 3 22 3 17 6 10 6 24 29 11 6 35 26 27 36 11 8 14 52 8 6 10 15 5 8 15 19 0 0 0 5 5 6 25 32 10 12 0 6 1 9 9 12 1 1 0 1 19 1 2 2 2 8 3 14 8 36 5 0 0 19 8 2 5 2 0 0 5 0 0 17 
13 11 13 2 20 46 45 38 31 49 18 99 139 130 119 71 55 42 68 38 13 25 28 43 12 2 1 34 17 2 1 2 22 10 14 4 10 10 19 50 22 1 42 29 29 14 35 3 9 74 12 17 7 8 0 3 2 28 0 0 1 17 2 9 10 37 9 15 0 3 0 0 10 5 4 7 0 6 21 6 2 4 6 12 0 21 7 42 3 0 0 49 20 12 10 5 1 2 2 0 0 8 
28 17 20 11 16 53 60 23 97 87 28 129 213 179 161 66 60 59 52 51 27 29 12 36 11 1 0 33 45 0 1 1 22 9 12 6 8 5 31 24 25 3 21 15 20 22 18 9 3 61 21 20 7 10 7 4 7 41 0 1 4 10 2 12 18 29 18 6 3 5 0 2 12 16 4 1 0 5 16 2 1 8 2 10 3 14 5 17 10 0 0 20 7 3 3 0 2 0 0 0 0 18 
13 23 15 0 10 38 21 10 23 8 26 4 17 40 26 10 8 10 8 19 0 2 10 6 1 1 0 13 12 0 2 0 5 1 0 0 1 3 0 7 6 0 5 0 3 12 4 3 0 18 4 0 4 2 0 0 0 8 0 1 2 0 0 2 0 1 5 0 0 0 2 1 4 5 1 0 0 0 6 0 3 3 7 2 0 1 1 10 0 0 0 1 1 22 0 0 0 0 2 0 0 0 
40 28 6 2 4 15 19 6 24 23 11 16 62 110 42 34 12 10 3 8 6 4 5 16 5 0 1 37 1 0 1 1 4 0 5 0 1 2 6 15 10 2 6 5 3 9 3 1 0 24 2 1 2 1 0 0 0 4 0 0 0 0 0 2 1 2 2 0 1 0 0 8 4 9 3 0 0 0 3 0 0 0 0 0 0 0 2 6 0 0 0 2 1 5 1 3 0 1 1 0 0 5 
78 128 71 25 14 12 26 13 104 145 66 117 226 277 149 61 80 96 59 81 30 19 43 70 37 0 0 60 7 4 3 10 15 2 12 1 6 9 16 23 15 10 21 22 34 20 34 11 5 52 7 7 13 17 8 1 19 10 0 2 4 2 5 21 15 23 10 5 14 1 3 6 9 14 3 4 0 5 19 1 1 14 0 2 0 14 0 18 1 0 0 64 15 1 5 8 1 0 2 0 0 5 
45 40 47 5 1 5 6 8 137 109 14 78 333 119 142 56 41 47 35 77 10 11 18 18 9 1 0 7 13 10 1 21 19 3 7 0 9 5 25 9 6 1 32 13 21 31 22 7 7 59 8 7 5 10 2 4 4 3 0 9 2 0 7 8 17 28 9 37 3 4 9 0 10 23 1 4 2 7 12 0 2 1 0 2 2 6 6 11 5 0 0 22 1 12 1 1 0 1 1 0 0 16 
30 65 35 22 11 36 38 6 20 150 30 46 465 145 118 94 56 28 44 26 25 5 15 62 21 0 2 27 8 0 0 8 12 3 4 3 5 4 12 28 15 5 14 2 30 27 35 3 10 75 20 2 4 3 1 0 1 11 0 1 0 4 0 3 7 31 7 0 2 2 2 2 4 17 3 1 1 2 0 0 2 1 0 5 3 10 0 11 2 0 0 11 7 15 7 0 0 0 0 0 0 14 
81 130 113 7 20 55 40 10 15 46 17 74 360 160 144 99 60 25 56 26 14 33 34 44 18 4 3 38 10 2 0 13 3 0 3 0 0 4 55 45 8 2 30 15 18 35 35 5 1 93 15 5 8 22 1 1 14 1 0 2 0 0 1 6 11 15 4 8 5 8 1 0 12 26 7 2 0 0 1 0 1 2 0 3 0 5 0 7 2 0 0 28 2 1 1 1 0 0 2 0 0 13 
70 69 37 3 20 36 16 5 34 14 4 27 135 86 69 27 29 41 29 37 6 36 4 57 11 2 1 61 2 5 0 5 1 2 1 0 1 2 4 10 7 12 3 12 5 8 9 2 11 39 15 5 5 4 5 1 1 4 0 1 1 0 0 0 2 5 5 1 0 0 0 4 3 9 9 5 0 0 5 0 0 1 2 1 0 3 2 2 7 0 0 10 1 0 1 1 0 1 0 0 0 6 
22 57 15 6 18 13 15 5 25 32 8 5 131 61 22 58 10 17 26 13 6 11 20 28 12 6 2 37 3 4 2 0 3 0 0 0 0 1 15 7 5 1 7 11 1 9 11 9 4 20 12 2 12 3 0 2 1 0 0 2 0 1 0 1 1 1 1 2 3 2 6 5 2 3 1 3 0 0 1 0 0 0 0 0 0 1 0 3 0 0 0 32 0 6 0 2 0 0 5 0 0 5 
79 173 85 12 26 140 52 28 93 72 4 4 115 29 28 69 44 40 55 33 8 17 8 72 32 3 0 76 6 15 13 5 16 2 1 5 0 4 17 21 11 2 10 3 16 14 27 4 7 83 20 12 35 4 1 2 2 3 0 4 1 0 0 3 1 9 0 16 6 2 1 3 4 7 1 0 2 1 5 0 0 0 0 0 0 2 0 2 0 0 0 4 0 2 0 1 0 0 7 0 0 8 
77 98 85 14 17 104 77 73 68 153 27 19 8 23 33 50 34 53 49 55 34 11 6 63 36 2 3 78 14 10 5 14 23 0 18 1 8 11 3 31 27 2 16 1 8 15 11 19 9 88 27 5 13 1 3 0 0 5 0 7 4 1 1 0 4 13 0 2 2 0 4 4 15 8 6 3 3 0 7 0 2 0 0 0 0 0 0 6 1 0 0 14 0 13 0 6 0 0 2 0 0 8 
70 48 51 10 11 64 14 21 74 53 4 9 84 4 5 19 28 22 30 63 25 43 18 99 46 24 1 111 5 4 0 0 3 1 1 0 0 1 4 6 4 4 11 3 5 6 5 2 3 29 5 3 8 7 7 2 3 4 0 0 3 2 0 0 0 3 1 0 0 0 0 1 9 1 3 0 0 0 8 0 0 1 0 0 0 0 0 10 0 0 0 7 3 1 0 6 0 0 0 0 0 2 
79 65 69 8 25 113 44 61 36 59 21 53 149 7 1 8 21 23 35 29 38 35 18 83 52 12 4 106 17 3 2 11 13 0 3 1 1 1 2 12 11 0 9 8 6 10 4 2 14 41 15 6 14 10 4 1 1 15 0 4 5 1 0 0 0 0 0 0 4 1 0 0 2 8 5 2 0 0 9 0 0 0 0 0 0 0 0 8 1 0 0 2 0 0 0 0 0 0 1 0 0 5 
64 31 27 26 19 48 34 31 24 34 6 56 67 45 13 5 6 49 118 28 77 42 18 80 49 6 1 94 9 34 10 19 50 13 28 20 33 1 3 12 28 1 11 22 14 9 16 1 19 20 19 3 9 3 1 0 6 11 0 3 1 0 1 0 4 0 0 0 0 0 0 1 2 2 4 11 0 1 9 7 3 0 0 0 0 9 2 10 10 0 0 4 2 1 0 2 1 2 1 0 0 10 
60 81 73 7 27 46 29 18 54 39 21 47 75 62 19 26 6 68 138 47 53 50 21 117 36 4 2 59 0 61 7 71 95 16 41 30 22 5 21 30 35 4 52 21 54 26 44 22 13 104 30 12 16 8 1 0 7 17 0 4 1 2 0 0 4 0 0 0 0 0 0 1 1 1 7 13 1 11 14 9 3 0 0 0 0 5 9 29 8 0 0 3 5 2 0 2 0 0 0 0 0 13 
62 90 36 3 53 49 64 34 46 49 26 39 30 89 35 56 5 9 87 13 29 44 12 59 32 8 1 94 2 30 13 22 96 14 32 8 25 8 12 25 18 1 21 17 48 31 33 6 13 76 5 3 5 12 4 5 2 6 0 2 7 1 1 4 0 0 0 0 0 0 1 0 1 0 3 3 0 2 16 1 0 1 2 1 0 9 8 13 7 0 0 14 0 1 0 0 0 0 2 0 0 4 
40 89 40 2 12 54 31 33 13 37 10 39 50 91 35 36 11 15 1 16 29 20 16 55 33 4 1 79 2 7 2 4 24 12 14 3 21 3 5 1 15 1 44 8 28 10 8 4 5 29 13 4 14 0 2 16 5 3 0 2 3 2 2 1 0 0 0 0 0 0 0 1 4 0 0 2 0 0 4 0 0 1 0 2 0 1 0 1 0 0 0 1 0 0 0 0 0 0 0 0 0 3 
22 59 32 4 12 58 36 25 32 40 32 73 59 141 92 122 61 58 185 7 3 26 9 56 18 21 3 115 10 12 5 12 24 9 34 10 15 4 25 20 22 8 17 10 17 8 7 17 1 43 2 5 7 3 1 0 3 2 0 1 1 2 0 1 1 0 0 0 0 0 0 0 0 0 0 4 0 1 13 0 5 0 0 0 5 5 4 5 10 0 0 1 0 0 0 0 0 0 0 0 0 1 
51 39 31 8 11 20 3 8 8 24 16 41 56 133 71 169 97 102 373 10 14 4 10 10 12 18 4 148 3 3 1 1 11 0 24 1 16 13 42 14 22 2 15 9 24 17 18 3 8 40 6 1 1 0 0 0 0 1 0 0 0 0 0 0 1 0 0 0 0 1 0 0 0 1 1 0 0 1 1 0 0 0 0 1 0 1 2 12 13 0 0 1 0 0 0 0 0 0 0 0 0 1 
46 33 67 8 33 60 34 21 86 46 51 71 79 191 166 175 70 163 248 6 0 5 7 36 16 19 1 183 9 7 8 6 22 12 16 12 47 7 21 13 19 0 11 14 15 20 15 14 7 56 4 11 4 1 3 1 2 2 0 1 1 1 0 0 0 0 0 0 0 0 0 0 0 0 0 1 0 3 8 5 0 0 0 1 1 1 0 5 2 0 0 5 1 0 0 0 0 0 0 0 0 1 
37 25 19 1 11 35 32 32 14 43 25 85 75 128 178 169 126 147 398 70 28 85 5 25 9 26 3 199 8 9 3 8 37 11 30 10 40 8 77 17 21 2 30 9 13 33 34 5 9 83 16 3 5 4 2 2 9 5 0 0 4 7 0 3 0 0 0 0 0 0 0 0 0 0 2 3 0 2 13 2 1 0 0 2 0 8 2 13 5 0 0 0 1 0 0 0 0 0 2 0 0 2 
32 93 29 12 40 24 33 38 35 63 34 136 92 239 164 257 234 198 373 115 72 80 12 17 6 21 13 202 7 16 3 3 39 13 70 35 45 20 90 18 26 3 19 23 41 58 29 7 18 153 13 10 19 12 14 1 19 9 0 2 11 3 1 0 0 0 0 0 0 0 0 0 0 0 1 3 0 7 20 6 2 0 0 0 1 3 9 13 5 0 0 10 0 1 3 0 0 0 1 0 0 2 
28 66 32 2 6 49 12 12 13 71 32 62 126 179 120 124 86 73 118 44 24 40 10 14 3 1 3 85 7 17 18 7 65 17 55 18 40 8 33 17 38 6 20 44 31 39 17 7 12 96 29 10 16 9 4 2 18 15 0 3 2 1 0 5 4 1 0 0 0 0 0 0 0 0 2 3 1 5 16 3 2 4 0 1 1 14 5 29 6 0 0 14 0 1 0 0 0 1 0 0 0 1 
0 4 1 1 1 0 0 0 3 0 3 10 6 14 5 36 6 19 12 29 21 36 14 40 12 0 1 29 0 1 0 1 2 0 11 0 1 0 1 0 0 0 0 0 2 5 0 0 0 2 0 1 0 2 0 0 0 0 0 0 1 0 0 0 0 0 1 0 0 0 0 0 1 0 0 0 0 0 0 2 0 0 0 0 0 1 1 2 2 0 0 1 0 0 0 0 0 0 0 0 0 0 
0 5 5 0 1 5 0 0 10 7 11 26 6 23 27 24 41 44 25 49 29 114 63 185 64 6 1 77 0 6 1 2 6 1 7 6 2 2 19 5 1 0 4 5 7 2 2 0 1 16 1 3 24 0 0 0 1 1 0 0 0 0 0 0 2 0 0 0 0 0 0 0 0 0 3 0 0 0 4 5 0 0 0 0 0 0 0 2 0 0 0 0 2 0 1 0 0 0 0 0 0 1 
27 49 56 6 20 58 13 30 66 49 83 91 148 283 325 191 94 106 125 155 89 121 121 145 101 32 21 14 9 3 2 28 54 14 63 24 73 27 56 51 42 7 34 40 43 77 37 16 19 135 4 4 8 12 3 6 14 13 0 3 5 12 0 2 1 6 0 0 0 0 0 2 0 0 8 3 2 11 27 2 0 2 0 3 6 5 16 39 8 0 0 51 18 0 1 1 1 1 0 0 0 13 
4 8 4 0 0 4 23 3 1 2 2 3 8 4 13 8 4 0 0 3 1 0 1 2 2 0 0 3 0 0 0 0 0 0 0 0 0 0 1 9 0 0 0 0 0 5 0 0 0 6 0 0 0 0 0 0 0 1 0 0 0 0 0 1 0 0 0 3 0 0 0 0 0 0 0 0 0 0 1 0 0 0 0 0 0 7 0 1 0 0 0 1 0 1 0 0 0 0 0 0 0 1 
4 4 3 8 4 4 25 5 9 8 47 17 45 12 15 27 75 77 48 62 18 5 8 20 21 1 0 7 1 19 106 400 612 77 401 615 995 314 334 212 156 49 270 117 168 173 175 36 77 589 50 17 43 32 12 5 15 32 0 24 11 26 1 11 57 134 33 30 35 14 4 0 3 0 19 21 2 25 46 12 4 11 1 1 5 35 30 92 49 0 0 152 43 27 55 21 15 2 11 0 1 47 
1 1 6 0 1 4 2 1 2 42 1 2 3 3 3 4 33 38 48 18 6 0 12 22 4 0 0 1 0 49 4 424 157 30 116 244 371 97 105 66 36 14 115 40 63 20 54 6 3 94 37 7 12 13 4 6 7 11 0 5 4 9 0 5 38 85 10 18 3 7 5 0 2 1 3 1 0 2 10 7 3 2 1 2 0 8 4 30 8 0 0 33 9 18 4 4 0 0 2 0 0 25 
3 10 4 1 1 3 16 16 2 4 13 10 31 23 15 29 80 34 42 36 1 5 2 4 1 2 6 12 0 228 148 9 140 35 126 149 620 195 278 131 104 12 165 99 149 112 119 34 49 354 47 9 47 10 1 5 9 36 0 11 7 7 1 0 27 71 15 5 8 3 0 2 2 2 15 11 2 5 40 4 4 13 1 1 0 15 18 66 24 0 0 66 20 20 21 7 1 0 2 0 1 35 
4 3 2 0 1 0 1 1 4 1 1 2 0 0 3 7 8 10 3 5 2 1 2 21 6 1 0 8 3 226 55 66 7 14 22 30 94 33 42 64 64 7 79 36 65 73 51 19 26 231 7 17 8 1 0 3 0 12 0 3 0 1 1 2 8 10 2 3 0 2 2 6 1 2 3 3 0 5 20 2 2 1 3 1 3 5 6 63 5 0 0 19 7 10 8 2 1 4 1 1 0 42 
4 6 9 0 2 2 0 0 1 3 1 0 1 0 0 3 12 17 12 15 1 0 6 9 2 2 0 4 0 111 24 160 63 3 11 18 185 46 100 36 31 8 102 34 55 40 61 32 32 153 22 9 22 16 4 7 8 3 0 1 0 2 2 1 7 23 8 7 3 5 12 7 15 27 1 10 3 4 13 5 0 4 2 1 0 12 3 20 31 0 0 50 22 15 6 4 0 1 1 0 0 16 
8 1 0 6 0 2 3 0 0 0 0 0 4 0 5 7 2 10 5 0 3 4 9 16 4 4 2 8 0 189 43 83 122 6 7 11 134 24 36 58 22 3 61 14 35 43 15 10 27 144 8 8 11 9 1 1 5 3 0 4 0 0 1 2 2 3 0 1 1 5 0 7 7 10 0 3 2 2 2 2 1 0 0 0 0 10 3 18 19 0 0 27 5 7 4 0 0 1 4 0 1 24 
1 16 4 0 0 0 4 2 2 0 0 0 1 3 6 0 5 14 13 9 2 5 10 33 5 0 0 3 0 167 37 102 134 12 10 5 286 48 89 59 69 3 48 22 36 83 41 10 21 123 17 5 10 6 0 0 2 1 0 0 1 11 1 1 9 14 10 0 1 3 0 10 12 9 5 1 0 1 1 0 0 0 0 0 0 6 4 6 7 0 0 30 7 9 19 5 3 1 9 1 0 22 
2 1 1 0 1 0 0 0 0 0 1 0 1 0 0 1 0 1 2 0 0 0 2 7 0 0 0 3 0 185 36 108 156 22 19 29 8 29 50 76 63 17 58 21 121 68 77 23 41 230 1 6 2 3 0 0 0 3 0 0 0 5 0 4 0 4 4 1 0 0 2 3 1 8 2 1 2 0 2 0 1 0 0 0 0 7 0 18 5 0 0 20 15 7 2 12 4 1 12 0 1 35 
7 13 8 1 1 2 3 3 1 2 3 0 3 9 2 1 2 6 7 19 3 1 7 40 13 0 1 19 0 125 42 200 180 19 37 38 91 5 42 70 48 18 134 81 137 70 95 25 82 350 5 1 9 1 1 0 1 0 0 1 1 16 1 2 4 1 0 3 0 1 11 1 2 24 0 1 0 2 5 0 2 4 1 1 0 24 6 53 23 0 0 76 9 10 2 2 0 4 1 0 0 33 
20 14 21 1 6 15 7 3 10 6 4 4 19 5 0 6 8 7 14 8 12 1 5 25 9 0 0 43 2 103 22 208 203 27 51 44 176 41 9 94 89 20 106 45 67 58 118 43 21 291 16 2 15 3 1 1 2 8 0 1 3 9 6 5 6 6 2 5 1 1 15 8 9 17 6 0 1 1 5 24 2 2 1 3 1 39 5 78 13 0 0 48 11 10 12 15 0 4 4 0 15 58 
52 68 21 20 8 51 62 21 17 34 17 25 45 34 14 21 10 26 37 62 16 4 8 49 14 3 2 49 23 199 50 279 468 73 204 115 442 305 211 8 21 17 85 174 136 167 174 37 149 587 28 13 16 15 1 5 19 10 0 2 4 9 0 4 34 25 9 4 2 7 12 3 9 17 15 13 1 14 11 13 7 9 4 33 15 3 19 21 15 0 0 25 8 10 1 10 1 0 2 0 5 61 
22 29 13 0 4 19 20 3 13 12 19 17 6 128 5 15 39 58 26 38 28 1 6 25 29 12 0 52 3 132 33 237 224 66 99 65 262 152 169 16 6 14 92 40 40 76 95 32 40 485 6 2 6 5 0 0 2 5 0 0 0 4 3 17 129 49 10 13 8 3 5 9 24 16 6 3 3 4 9 2 2 3 19 2 2 4 5 9 1 0 0 19 5 2 11 20 0 8 9 1 7 48 
1 5 0 4 1 3 0 0 2 1 6 6 6 2 0 0 8 8 2 10 2 0 4 5 1 2 0 7 3 23 13 38 51 6 24 19 64 26 18 17 11 1 33 30 36 21 79 12 16 112 9 0 5 3 3 0 2 0 0 0 2 0 0 0 12 6 7 0 0 0 0 2 5 0 1 0 0 0 8 11 3 8 3 8 4 23 7 35 5 0 0 3 3 5 4 24 0 1 4 0 0 19 
6 7 5 0 5 13 8 1 3 10 3 0 2 26 3 1 12 12 0 13 2 1 0 13 2 3 0 21 6 40 17 78 168 12 72 26 124 129 83 20 14 0 5 12 26 54 39 11 15 113 20 11 9 6 0 6 7 4 0 6 1 3 0 3 14 15 3 0 0 1 3 2 16 4 10 3 2 6 9 18 11 10 12 33 15 62 39 75 20 0 0 8 8 10 2 26 1 10 17 3 9 131 
7 8 12 1 0 19 3 9 9 7 10 8 8 1 11 4 8 38 18 17 4 0 7 22 6 3 0 10 0 76 22 89 128 43 99 20 89 136 114 49 17 20 17 6 70 46 50 19 100 240 22 9 15 5 3 2 2 2 0 1 1 5 3 7 4 10 4 5 4 0 3 3 7 4 25 11 8 18 54 21 19 16 7 38 8 65 61 67 15 0 0 46 7 21 11 19 2 17 25 2 10 132 
10 12 5 0 0 21 11 13 7 8 22 6 7 5 4 7 34 63 22 12 15 16 8 32 2 0 0 30 2 55 23 136 162 58 98 35 225 141 82 66 39 26 52 47 9 45 52 30 53 272 10 0 17 2 0 0 6 6 0 0 10 11 2 6 16 32 10 5 1 5 2 0 21 15 4 4 1 11 19 4 13 14 12 13 9 27 2 32 6 0 0 9 7 14 10 21 1 5 15 3 9 62 
11 12 4 1 0 7 20 15 5 4 28 12 8 16 6 14 28 21 23 9 8 3 6 18 2 1 0 19 0 45 16 130 191 54 116 66 182 111 87 42 47 13 43 49 38 11 31 18 92 228 16 7 24 7 0 9 2 6 0 1 5 14 2 4 27 35 5 8 2 2 5 3 14 10 11 3 0 6 9 9 11 22 5 16 9 54 11 85 5 0 0 24 11 23 6 25 1 5 17 1 6 83 
17 34 15 0 16 18 9 8 23 6 22 9 16 7 0 6 14 30 19 14 2 1 4 20 21 1 0 25 5 60 11 114 162 28 132 57 258 133 117 77 67 19 75 52 63 53 11 12 232 128 18 2 11 3 6 6 1 4 0 0 3 10 5 2 7 36 9 10 7 1 0 4 1 7 9 4 2 4 29 8 3 24 6 17 13 68 17 129 5 0 0 28 13 19 5 20 11 20 10 3 4 132 
7 8 6 5 7 31 6 10 5 5 22 10 18 9 4 11 43 22 15 32 20 1 4 33 11 2 0 28 4 45 31 57 149 61 159 45 173 114 126 70 88 11 111 110 87 119 93 5 175 555 9 8 18 6 1 4 11 9 0 3 11 9 5 4 21 21 17 8 2 3 4 15 2 21 9 8 2 4 10 7 5 7 8 13 18 65 32 87 9 0 0 60 35 29 11 17 3 16 14 1 10 85 
6 24 13 0 1 52 17 12 6 12 52 43 14 22 10 3 33 62 46 45 7 4 3 27 5 2 0 16 7 35 19 127 167 79 198 58 183 137 110 103 117 38 132 182 174 189 151 26 12 412 16 8 21 9 4 7 2 8 0 4 3 41 1 8 12 55 1 13 3 1 2 11 13 9 20 26 0 11 26 4 13 33 7 31 10 84 48 138 18 0 0 105 14 53 28 15 8 10 42 8 3 93 
39 43 31 6 19 89 11 52 59 60 148 83 35 69 25 18 75 157 98 41 25 13 20 196 35 2 5 128 6 252 55 338 896 127 439 160 755 492 465 328 272 39 305 326 239 332 136 122 130 18 59 23 67 28 16 7 17 20 0 8 16 107 5 43 54 173 26 25 25 11 8 9 40 32 51 37 8 26 62 57 33 36 23 105 36 199 65 684 42 0 0 184 58 68 62 30 5 37 79 4 11 338 
10 20 8 3 3 13 4 8 5 10 1 11 19 27 25 35 24 11 5 20 1 0 7 74 13 0 0 23 3 9 3 14 80 8 61 14 37 5 20 15 24 4 32 28 28 25 22 9 6 60 7 4 29 21 14 10 27 36 0 65 21 21 12 22 36 46 9 30 1 12 7 8 37 41 15 17 5 45 60 22 10 7 15 54 7 34 17 62 14 0 0 55 4 9 6 6 4 1 4 0 0 27 
11 5 14 0 1 7 6 2 2 8 1 14 7 11 28 19 24 10 13 1 3 1 4 11 12 1 0 10 4 17 1 7 49 8 15 1 20 2 3 13 8 0 20 15 4 12 12 1 1 19 4 4 4 27 7 1 5 43 0 33 8 8 9 19 34 43 6 13 4 8 5 4 10 15 18 1 2 25 17 0 2 15 1 10 10 25 11 31 11 0 0 25 0 2 16 3 0 1 6 0 0 30 
5 13 5 2 3 26 5 2 1 1 1 4 7 16 15 16 29 18 8 2 2 0 2 26 5 1 0 8 5 6 6 21 67 11 23 2 24 7 13 16 11 2 24 26 20 26 16 6 6 57 2 0 5 1 5 0 5 12 0 38 38 1 7 44 19 52 4 23 6 37 8 10 31 20 0 9 0 38 37 3 2 3 2 25 1 32 10 113 22 0 0 17 9 6 11 1 3 2 3 0 0 28 
4 15 3 1 3 7 7 3 19 5 8 17 14 39 45 31 26 21 5 5 3 6 6 13 3 0 0 5 0 6 1 13 66 8 28 2 12 0 23 15 13 3 12 29 11 32 9 7 2 25 38 9 4 2 4 2 22 9 0 63 38 7 13 44 24 48 33 45 3 23 12 5 15 23 4 19 3 30 43 5 5 3 5 41 18 31 1 19 26 0 0 36 4 5 11 2 0 1 3 1 0 17 
2 11 3 0 0 4 1 0 2 11 1 3 6 3 19 6 2 4 15 7 0 0 0 14 4 3 0 12 0 10 13 3 45 3 25 1 6 0 2 3 7 0 9 4 2 10 6 9 0 27 11 28 16 20 4 0 3 4 0 26 5 1 4 11 14 27 6 23 12 6 8 4 6 8 9 6 1 43 24 0 1 12 4 34 8 3 3 5 11 0 0 19 1 9 3 4 0 0 0 0 0 5 
0 1 2 0 1 0 4 4 0 0 2 2 1 9 4 1 9 4 4 8 0 2 0 5 5 1 0 4 2 4 0 4 7 1 9 1 1 2 1 1 2 0 8 5 0 4 1 1 0 8 8 15 13 2 3 0 0 10 0 18 10 1 3 1 10 17 7 7 3 7 5 4 7 8 4 15 11 17 17 2 0 2 0 7 5 3 1 10 0 0 0 3 1 1 1 4 2 0 2 2 1 4 
4 17 3 0 4 5 3 4 7 10 0 2 7 15 40 12 32 17 14 14 1 5 2 19 5 1 0 15 0 8 7 25 53 4 36 0 14 2 13 6 14 3 9 24 4 6 12 0 7 27 51 13 11 22 2 3 2 2 0 13 27 15 10 42 35 86 18 40 14 12 9 5 45 12 14 7 8 10 15 0 0 20 5 61 13 58 3 26 1 0 0 27 5 14 8 6 1 0 0 0 0 15 
9 9 13 1 10 17 20 10 15 12 1 12 35 49 43 23 26 21 19 50 1 1 8 13 6 0 0 9 7 13 1 44 49 22 17 7 32 4 7 22 3 5 29 10 23 7 4 3 14 72 71 22 33 46 14 0 3 6 0 38 22 12 8 56 34 59 11 49 12 6 6 17 35 19 21 13 5 14 44 19 10 19 10 155 17 70 11 39 21 0 0 40 6 9 3 10 0 5 16 0 0 21 
0 0 0 0 0 0 0 0 0 0 0 0 0 0 0 0 0 0 0 0 0 0 0 0 0 0 0 0 0 0 0 0 1 0 0 0 0 0 0 0 0 0 0 0 0 0 0 0 0 0 0 0 0 0 0 0 0 0 0 0 0 0 0 0 0 0 0 0 0 0 0 0 0 0 0 0 0 0 0 0 0 0 0 0 0 0 0 0 0 0 0 0 0 0 0 0 0 0 0 0 0 0 
15 14 17 4 2 2 7 3 5 2 3 11 47 9 13 9 7 10 15 39 4 6 1 28 11 4 0 27 1 7 5 7 24 13 6 1 3 5 7 7 1 0 5 7 16 12 12 0 2 17 79 23 30 30 16 4 23 15 0 1 2 4 7 12 27 70 28 24 11 13 11 9 35 54 20 3 0 3 12 17 3 3 2 19 3 25 8 27 13 0 0 34 4 4 1 4 0 0 1 0 0 8 
0 0 0 0 0 2 0 1 0 0 0 2 4 12 0 0 5 0 1 0 0 0 0 3 0 0 0 0 0 4 2 5 9 0 0 1 3 0 9 4 2 2 10 1 3 0 2 0 2 13 27 21 24 21 2 3 10 6 0 9 2 4 8 0 15 42 28 7 1 13 14 12 17 41 23 7 0 4 11 1 1 0 0 4 0 5 1 11 2 0 0 4 1 2 1 0 0 0 4 0 0 3 
0 0 0 0 0 0 1 1 0 0 0 4 1 0 0 0 0 0 0 0 0 0 0 2 0 0 0 0 0 0 0 1 5 1 0 0 1 0 2 1 1 0 0 2 0 0 0 0 0 1 8 3 2 6 0 0 0 2 0 0 2 0 0 0 0 3 0 2 2 0 0 1 0 0 1 0 1 1 3 3 0 0 0 0 0 0 0 3 1 0 0 0 0 0 0 0 0 0 0 0 0 1 
1 4 2 0 0 0 2 0 0 1 0 2 4 0 0 0 0 3 0 0 0 0 0 1 0 5 0 1 0 5 0 3 1 0 0 7 8 3 8 2 9 3 24 2 2 11 18 1 0 3 8 4 13 9 0 0 2 2 0 4 0 0 0 0 7 25 17 13 1 12 2 0 15 5 1 2 0 4 11 6 0 0 0 0 0 0 0 4 0 0 0 7 0 0 0 0 2 0 0 0 0 3 
3 6 0 1 1 12 2 4 1 0 1 4 0 0 2 11 0 3 1 0 0 0 2 14 0 0 0 1 7 12 1 29 8 1 10 4 72 7 13 11 6 1 10 11 17 9 1 2 7 41 72 34 27 63 6 2 17 22 0 10 4 7 2 0 14 78 18 6 7 7 8 9 21 62 21 11 0 22 43 8 11 11 1 0 1 4 0 6 1 0 0 3 3 1 1 0 0 0 0 0 0 2 
11 21 19 2 1 8 1 1 3 12 1 0 0 0 3 0 1 0 1 0 0 1 0 4 1 0 0 2 7 47 14 52 42 9 4 8 15 5 36 23 15 5 26 28 16 24 20 5 19 44 54 29 33 42 14 19 12 36 0 45 17 5 4 16 7 36 22 20 24 38 14 25 27 59 8 2 12 12 47 29 15 15 3 1 3 7 1 9 7 0 0 14 0 2 0 1 4 0 1 0 0 5 
15 12 14 0 3 12 3 10 14 1 2 5 9 2 0 2 0 0 1 0 0 0 0 0 0 1 0 1 0 29 25 46 43 12 6 23 35 3 47 24 16 0 20 7 12 19 14 7 5 69 66 32 59 29 15 21 20 16 0 38 32 16 6 35 5 10 6 11 20 71 41 29 30 123 14 25 8 24 46 15 8 9 7 4 2 16 1 7 3 0 0 9 0 11 0 5 1 0 0 0 0 7 
2 17 20 0 0 19 1 2 2 0 1 7 0 0 0 4 0 0 0 0 0 0 0 0 0 0 0 0 0 25 3 17 17 3 11 11 16 1 11 4 19 0 2 4 1 11 20 2 6 32 16 14 17 16 3 4 4 36 0 27 8 4 25 19 18 6 4 1 3 21 8 4 13 23 6 4 8 7 11 2 7 0 0 2 0 1 2 5 1 0 0 0 0 0 0 1 0 0 1 0 0 1 
4 18 6 0 4 18 10 5 11 0 13 6 3 0 0 0 0 0 0 0 0 0 0 0 1 0 0 0 1 7 5 18 22 10 6 21 43 4 17 18 2 2 39 5 7 11 4 2 3 46 47 31 60 37 7 18 11 39 0 40 14 8 15 14 41 30 3 4 2 26 10 15 12 175 9 11 1 9 42 15 4 13 3 10 1 16 1 6 3 0 0 2 0 7 0 0 0 0 0 0 0 1 
2 4 3 0 0 1 1 2 2 5 1 0 2 11 0 0 0 0 0 0 0 0 0 0 0 0 0 1 0 4 1 5 17 7 11 1 32 1 3 1 1 0 7 0 5 4 3 2 4 5 12 2 7 15 8 7 1 14 0 14 2 0 7 14 30 54 5 1 5 8 8 24 13 36 0 2 1 1 9 1 6 2 2 2 3 1 3 1 0 0 0 1 0 1 0 0 0 0 0 0 0 0 
5 13 7 0 1 3 1 2 3 3 0 3 2 1 0 0 0 0 0 0 0 0 0 0 0 0 0 0 0 12 5 29 39 15 25 14 6 0 10 1 2 0 8 6 2 2 5 1 2 7 67 19 64 39 10 24 10 19 0 17 33 26 9 42 58 90 38 26 5 9 19 18 28 207 6 9 1 6 48 6 7 3 1 12 2 11 3 7 5 0 0 0 0 0 0 1 0 0 0 0 0 1 
13 8 7 0 5 20 9 3 16 3 0 6 10 1 7 0 2 1 1 0 0 0 0 0 0 0 0 0 2 6 5 18 86 41 49 47 96 18 46 23 13 3 62 13 17 34 17 1 13 47 40 31 28 55 17 12 13 32 0 38 31 8 25 32 134 259 75 135 36 66 10 8 37 276 13 12 2 10 32 26 18 5 9 15 3 9 19 11 4 0 0 15 0 2 1 0 0 0 1 0 0 5 
12 18 12 0 4 8 4 7 7 3 5 4 7 4 3 4 3 0 0 0 0 0 0 0 0 0 0 0 0 14 26 7 56 49 53 42 121 25 44 9 10 6 43 24 29 34 10 8 1 37 28 24 42 42 9 15 9 38 0 54 13 5 12 61 197 308 98 132 55 41 4 1 24 169 16 17 0 7 54 17 20 4 2 26 2 6 14 15 0 0 0 8 1 0 0 0 0 0 0 0 0 4 
7 7 14 0 0 9 2 16 2 3 1 4 0 2 0 3 1 0 0 2 0 0 0 0 0 0 0 0 0 2 1 2 20 34 40 15 30 7 23 9 8 1 8 5 7 14 16 3 5 27 57 14 32 16 10 2 30 26 0 26 21 18 10 4 68 116 54 26 25 27 41 9 5 37 13 20 0 15 51 11 7 2 5 27 5 5 0 7 1 0 0 4 0 1 1 1 0 0 1 0 0 1 
1 5 1 0 2 10 12 6 1 4 10 18 2 1 1 0 0 1 1 0 0 0 0 1 0 0 0 0 2 0 0 1 15 8 3 5 17 9 4 1 6 0 3 3 7 10 2 2 0 15 29 5 16 14 15 10 13 18 0 78 31 26 4 14 54 100 36 45 21 40 36 20 20 6 3 5 0 8 40 4 5 5 5 12 5 6 0 12 1 0 0 1 0 1 0 0 0 0 1 0 0 1 
2 3 3 2 8 34 3 13 11 8 18 5 19 27 6 23 12 14 23 25 3 1 2 19 2 0 0 19 0 6 1 24 26 14 32 1 8 7 14 17 16 5 41 68 29 44 34 9 12 87 32 13 10 15 1 1 31 51 0 15 21 13 8 28 32 37 9 19 3 8 4 8 16 32 10 6 20 36 178 63 79 67 61 316 33 75 17 118 26 0 0 58 17 23 19 31 2 9 13 0 2 46 
2 4 1 0 14 4 2 8 3 13 5 16 15 12 4 7 11 4 10 21 3 2 2 8 0 0 0 10 2 4 3 9 57 15 17 1 5 4 13 17 23 2 46 39 40 53 34 9 9 107 39 13 27 36 8 6 13 28 0 33 37 4 3 18 33 26 4 8 4 6 6 7 15 20 20 6 64 27 131 100 25 41 20 203 20 92 17 109 35 0 0 64 15 25 13 11 0 4 14 2 0 30 
3 1 1 0 0 6 2 0 2 2 0 2 8 3 6 2 2 1 0 8 0 0 0 2 1 0 0 0 0 3 1 0 6 6 1 2 11 1 2 5 0 1 9 7 2 6 5 0 2 13 26 8 12 6 10 2 2 6 0 6 2 1 4 2 12 9 2 2 3 8 1 6 1 6 3 21 0 19 74 19 9 16 18 55 10 11 7 37 9 0 0 4 0 8 6 0 0 2 0 3 0 2 
11 34 4 1 0 14 5 4 1 7 3 3 7 10 8 10 12 15 6 6 2 11 3 13 4 0 2 10 1 7 3 8 19 9 16 8 4 1 3 18 5 1 45 27 39 22 21 3 8 71 32 22 19 13 14 10 12 31 0 5 4 4 15 14 51 25 20 25 14 23 7 6 17 34 22 40 3 2 34 22 14 19 24 253 34 40 21 116 38 0 0 47 17 18 19 21 8 3 10 0 6 26 
30 27 7 2 4 25 9 1 3 17 3 9 10 31 39 22 14 22 14 25 1 3 8 23 11 3 0 21 3 17 12 58 91 43 59 6 12 6 18 13 8 6 50 66 37 43 14 10 10 128 125 48 63 20 26 16 11 18 0 17 27 7 19 55 65 103 32 26 15 52 23 7 61 106 32 44 29 20 10 14 17 60 25 181 48 65 32 99 36 0 0 63 21 31 19 20 3 4 16 0 2 48 
1 7 2 0 2 4 4 0 0 1 2 5 6 5 3 2 1 22 16 3 3 7 3 13 2 0 0 1 3 1 9 22 12 25 13 4 6 0 8 14 3 6 59 54 31 37 41 17 12 130 25 13 30 7 6 0 18 11 0 2 15 9 7 33 12 49 18 20 8 26 6 14 18 18 40 52 19 44 14 7 3 27 34 461 85 80 18 113 26 0 0 40 17 56 55 27 9 4 24 1 2 40 
12 2 3 6 0 2 17 5 0 1 5 0 2 1 1 4 5 4 1 3 1 0 0 4 1 0 0 2 2 9 0 27 24 2 7 0 0 1 4 2 5 1 58 11 41 33 50 2 11 115 38 18 19 21 1 3 4 2 0 2 2 10 10 22 27 42 13 30 6 14 8 7 10 7 25 10 24 37 28 51 7 12 10 378 108 63 13 58 11 0 0 40 17 50 19 15 11 12 29 1 4 48 
1 3 2 0 0 4 2 0 3 1 0 0 1 1 0 0 0 1 0 1 0 0 0 1 3 0 0 1 0 4 1 25 19 2 8 0 2 1 0 19 5 3 46 35 26 31 26 12 12 58 24 1 1 1 1 0 0 2 0 3 10 12 7 11 13 16 6 9 6 9 1 1 8 5 16 26 4 43 32 10 7 2 4 117 36 61 15 81 18 0 0 46 42 22 28 17 4 3 5 0 0 49 
11 19 2 0 1 11 0 3 0 1 3 0 0 0 0 0 0 0 0 0 0 0 0 0 3 0 0 3 1 4 2 7 8 0 4 2 1 0 5 4 8 1 52 36 25 22 25 8 24 55 36 12 15 7 17 3 5 6 0 24 1 1 0 3 31 22 3 3 9 8 2 3 18 26 27 31 4 47 46 48 14 12 2 151 70 69 13 120 38 0 0 67 11 32 16 11 2 9 15 1 1 69 
4 8 3 0 4 7 2 1 2 2 0 0 1 0 0 0 1 0 0 0 0 0 0 3 1 0 0 2 0 0 0 1 5 1 0 0 3 2 1 4 6 6 119 30 15 15 13 4 25 93 55 10 44 11 1 2 20 12 0 3 1 1 0 3 4 11 7 2 4 6 5 2 9 8 32 57 7 96 79 64 28 66 34 8 14 75 19 97 19 0 0 60 28 35 50 30 5 16 20 2 17 70 
2 21 11 1 0 1 1 12 0 2 1 0 0 0 0 0 0 0 0 0 0 0 1 1 0 0 0 2 5 6 1 3 4 4 0 1 0 0 2 15 13 5 111 56 64 45 43 17 22 105 39 8 12 17 1 3 24 13 0 12 5 5 0 2 10 28 12 10 9 4 2 7 18 13 38 34 9 55 81 111 60 54 31 73 3 125 24 163 39 0 0 81 13 65 28 61 6 26 50 2 27 81 
6 17 6 0 4 8 3 0 2 2 1 1 1 0 0 0 6 3 2 3 2 1 7 3 5 0 0 2 1 8 2 42 24 7 16 5 30 26 33 8 38 12 97 57 39 37 39 9 34 114 42 9 26 3 1 5 14 19 0 9 12 11 1 10 5 31 2 6 2 9 4 5 18 16 28 34 12 50 30 22 28 45 8 109 38 4 9 35 27 0 0 107 26 44 42 53 4 3 14 0 10 64 
4 9 7 1 4 5 11 1 0 6 1 2 1 0 1 0 1 11 9 3 6 0 0 4 0 0 0 4 0 21 12 22 22 3 18 1 32 40 12 21 24 1 86 58 23 43 34 30 27 74 25 5 28 17 15 2 8 31 0 17 2 5 3 13 9 33 1 1 1 0 2 12 4 5 15 20 2 10 36 33 47 27 35 74 33 32 7 28 31 0 0 66 21 63 25 19 4 14 15 0 9 59 
21 51 30 4 10 34 9 6 2 16 7 7 7 2 3 7 11 28 40 27 13 1 7 24 13 0 0 49 6 76 39 72 247 36 67 39 134 123 118 24 12 18 144 69 56 141 109 36 62 512 25 12 44 6 16 5 22 60 0 18 26 26 10 3 29 32 7 24 1 8 7 11 21 24 53 93 8 44 92 41 63 85 62 124 78 70 17 14 20 0 0 169 49 105 78 116 19 54 58 12 43 372 
5 11 8 2 2 15 3 1 2 1 2 0 2 1 4 13 18 44 16 3 12 1 1 9 1 0 0 21 3 26 5 66 79 15 80 20 128 54 33 35 27 21 151 31 11 61 25 7 28 88 25 10 15 13 2 0 9 5 0 35 8 39 4 3 25 14 3 7 1 1 0 0 4 8 10 13 7 15 28 24 10 47 18 44 29 94 73 56 3 0 0 101 24 65 41 37 17 16 37 0 30 118 
0 0 0 0 0 0 0 0 0 0 0 0 0 0 0 0 0 0 0 0 0 0 0 0 0 0 0 0 0 0 0 0 0 0 0 0 0 0 0 0 0 0 0 0 0 0 0 0 0 0 0 0 0 0 0 0 0 0 0 0 0 0 0 0 0 0 0 0 0 0 0 0 0 0 0 0 0 0 0 0 1 0 0 0 0 0 0 0 0 0 0 0 0 0 0 0 0 0 0 0 0 0 
0 0 0 0 0 0 0 0 0 0 0 0 0 0 0 0 0 0 0 0 0 0 0 0 0 0 0 0 0 0 0 0 0 0 0 0 0 0 0 0 0 0 0 0 0 0 0 0 0 0 0 0 0 0 0 0 0 0 0 0 0 0 0 0 0 0 0 0 0 0 0 0 0 0 0 0 0 0 0 0 0 0 0 0 0 0 0 0 0 0 0 0 0 0 0 0 0 0 0 0 0 0 
1 10 15 0 0 1 1 5 9 3 17 1 3 3 2 3 3 1 0 2 0 0 0 4 1 0 0 3 1 27 10 35 21 11 23 6 39 39 10 6 4 0 17 31 4 21 46 16 19 59 11 3 7 4 0 0 1 7 0 2 0 1 0 3 1 4 0 1 0 0 0 0 1 5 7 4 0 2 2 2 5 16 7 22 5 55 27 67 13 0 0 2 13 11 3 15 0 6 19 4 3 74 
1 18 4 4 1 6 2 0 2 0 1 0 1 4 0 0 0 0 0 0 0 0 0 2 0 0 0 1 0 8 3 38 44 19 54 50 55 55 31 5 14 1 81 19 30 47 29 8 18 76 10 7 25 14 2 5 1 0 0 2 1 3 0 0 3 3 0 0 0 0 0 1 1 1 7 13 1 16 23 20 9 11 2 12 4 55 18 80 38 0 0 41 6 8 1 25 0 2 9 0 0 36 
3 3 3 0 0 0 6 1 1 0 2 4 0 5 0 0 0 0 2 0 0 0 0 3 0 0 0 1 0 21 13 58 44 16 20 4 51 28 26 5 9 2 96 48 78 50 91 11 22 137 26 4 10 6 2 1 1 8 0 6 5 15 0 6 1 2 1 0 0 2 0 0 0 0 17 5 2 18 36 44 12 39 33 44 13 78 51 62 27 0 0 73 6 8 1 21 3 3 12 5 5 118 
2 8 1 0 0 1 0 0 0 1 1 1 7 0 0 0 0 0 0 0 0 0 0 1 0 0 0 0 1 5 3 41 25 4 14 7 43 8 15 3 13 5 93 30 32 39 51 7 19 131 11 7 14 3 2 2 4 13 0 1 1 12 1 2 0 0 0 0 0 0 0 0 1 0 9 7 10 11 22 15 10 37 10 45 14 70 20 77 11 0 0 24 3 0 1 3 0 0 2 1 14 91 
2 23 2 0 2 7 2 0 1 2 10 18 2 0 0 1 2 9 0 0 0 0 0 2 0 0 0 1 0 7 7 27 45 21 68 40 61 50 30 9 29 9 330 104 127 74 71 30 30 134 9 6 29 19 0 5 3 13 0 13 6 25 0 1 1 9 1 0 0 2 0 3 1 1 5 12 0 4 27 21 32 36 22 59 10 96 53 148 78 0 0 245 46 30 3 8 0 12 0 8 11 125 
0 1 0 1 0 1 0 0 0 0 7 1 0 0 0 3 0 0 0 0 0 0 0 0 0 0 0 0 1 3 1 6 18 0 5 0 9 1 8 20 0 0 25 11 23 11 8 4 11 28 2 0 2 0 0 0 0 1 0 10 0 6 0 0 1 0 0 0 0 0 0 0 0 1 1 5 3 5 7 3 1 6 2 17 2 28 15 42 28 0 0 19 19 1 2 3 0 1 6 0 9 19 
1 2 3 0 2 1 1 1 3 1 5 2 0 0 1 1 0 1 0 0 0 2 0 2 0 0 0 0 0 7 9 13 19 4 77 12 59 18 19 15 3 1 57 107 114 59 62 12 50 214 24 3 16 26 3 2 9 5 0 7 0 25 0 2 0 4 0 0 0 0 0 0 2 0 17 18 2 8 30 36 26 50 34 68 32 80 38 117 30 0 0 96 41 17 14 16 0 3 9 1 15 116 
0 4 2 0 1 3 0 1 2 2 12 6 1 2 0 6 0 1 0 0 0 0 0 0 0 1 0 0 1 15 4 8 16 3 37 7 36 29 37 12 4 11 79 66 76 79 66 16 24 200 16 7 15 7 12 2 6 13 0 9 7 0 0 0 7 1 0 0 0 0 0 0 0 1 16 11 4 11 31 30 20 48 23 51 24 91 32 109 29 0 0 86 9 22 12 3 0 1 5 1 16 69 
1 3 0 0 0 0 0 0 1 0 2 0 7 1 1 1 0 0 0 0 0 0 0 0 0 0 0 0 0 1 3 9 6 3 24 6 15 5 11 7 7 0 30 20 27 20 29 14 12 62 1 1 2 2 0 0 4 6 0 0 0 9 1 0 0 0 3 0 0 0 0 0 0 0 0 3 1 4 10 7 4 3 9 32 9 28 9 34 7 0 0 21 33 30 4 3 1 4 12 3 0 29 
0 0 0 0 0 1 0 0 0 0 1 1 0 0 0 0 7 0 1 0 0 0 0 0 0 0 0 0 0 3 0 14 6 4 1 2 4 3 9 1 1 0 11 13 3 7 3 7 1 26 2 0 2 0 0 0 14 7 0 0 4 0 0 1 0 0 0 0 0 0 0 0 0 0 7 1 0 0 5 1 1 2 5 2 3 32 3 16 4 0 0 8 1 5 7 1 0 2 1 1 0 3 
4 2 1 1 2 17 1 0 1 2 5 0 1 8 6 1 1 0 0 0 0 0 0 3 0 0 0 3 0 5 2 17 20 3 33 7 37 29 47 22 14 3 79 69 77 71 38 26 16 47 9 5 8 2 5 2 8 2 0 0 17 6 0 0 0 1 1 0 2 0 0 0 0 1 4 8 1 8 10 5 8 19 8 28 13 53 37 135 17 0 0 78 20 34 61 24 6 11 5 0 0 5 
