4 11 18 4 7 19 17 18 22 16 7 40 33 65 34 47 27 20 19 4 9 8 1 19 4 3 0 18 72 4 0 0 23 1 2 3 2 13 20 14 10 0 8 14 5 9 7 4 4 54 0 1 4 4 2 0 0 2 0 1 2 4 1 0 3 3 2 3 1 2 1 1 7 0 0 1 0 0 10 2 2 0 1 4 2 1 1 23 0 0 0 3 0 1 0 0 0 0 1 2 0 5 
11 10 11 8 3 26 11 26 24 18 6 39 60 76 44 58 29 24 25 10 13 9 4 18 8 0 1 18 103 1 1 6 16 1 9 5 9 2 24 22 20 1 10 11 17 15 9 3 6 41 8 4 7 4 2 2 1 2 0 0 1 3 3 2 1 12 1 3 2 3 4 8 0 4 0 1 0 2 16 2 1 1 3 4 0 1 1 19 1 0 0 11 5 2 0 2 0 2 0 0 0 10 
14 7 6 1 7 18 18 21 31 11 11 27 33 63 33 46 21 16 22 8 8 9 4 28 2 0 0 16 146 0 1 10 4 1 3 3 2 6 30 21 15 0 7 12 7 11 6 2 5 41 7 7 10 10 1 1 2 2 0 0 3 1 0 3 2 3 6 3 0 1 0 3 4 3 0 0 0 1 10 2 1 1 4 6 1 5 4 18 3 0 0 13 2 0 0 0 0 1 0 0 2 14 
4 8 9 2 4 9 7 5 3 4 2 5 5 5 2 6 2 1 2 1 5 2 0 1 2 0 0 2 31 0 0 1 1 0 1 2 0 0 3 5 3 0 1 5 2 3 1 1 1 5 0 1 3 1 0 0 0 1 0 0 1 0 0 0 0 0 0 0 0 0 1 0 1 4 1 0 0 0 1 0 0 0 0 1 1 1 1 2 0 0 0 1 0 0 0 0 0 0 1 0 0 1 
6 4 5 3 2 3 3 6 8 5 3 10 18 18 16 20 9 2 5 1 1 6 2 8 5 0 0 6 16 0 1 2 2 2 0 0 1 3 5 7 2 0 0 2 1 0 1 0 4 20 1 1 2 3 0 0 0 2 0 1 0 3 0 0 0 1 0 0 0 1 0 1 4 2 0 1 0 0 3 0 0 0 1 0 0 2 2 5 0 0 0 2 1 0 0 1 0 0 1 0 0 1 
13 35 18 9 8 7 18 10 11 16 13 22 45 61 33 58 29 14 18 7 11 12 4 29 10 0 1 19 95 4 1 1 4 2 3 0 3 3 21 9 11 2 8 15 5 12 5 2 2 40 3 2 6 2 0 0 1 6 0 2 0 1 0 2 6 6 1 1 0 1 3 3 3 3 3 1 0 0 19 1 0 1 0 2 0 1 0 11 3 0 0 6 1 0 1 6 1 0 0 0 0 7 
37 31 29 9 9 8 7 16 25 24 3 20 48 56 28 45 21 18 12 4 10 8 1 11 2 1 1 12 69 5 2 1 14 10 6 0 4 2 19 10 8 2 10 12 8 6 5 4 2 18 2 3 13 0 0 1 0 3 0 1 0 0 0 2 2 3 2 0 0 0 5 7 0 2 1 0 1 5 10 0 1 3 1 0 0 2 0 5 1 0 0 2 0 0 0 0 0 0 2 0 0 4 
22 20 23 1 11 7 19 3 14 17 9 36 52 88 25 62 36 15 24 6 9 5 1 27 8 0 0 9 69 2 0 5 10 2 2 0 1 2 14 13 9 0 13 9 5 9 15 0 8 23 3 0 2 7 0 2 1 5 0 2 1 3 0 1 2 0 1 2 2 1 1 2 1 4 0 0 0 0 11 1 0 0 3 4 1 0 1 7 2 0 0 5 1 0 0 0 0 0 0 0 0 2 
12 23 35 7 8 23 43 12 7 22 16 19 40 76 27 54 33 27 24 6 12 11 6 30 5 2 2 13 78 3 1 5 6 0 2 0 6 7 35 24 6 2 6 9 2 11 9 1 4 37 2 3 8 3 0 4 2 6 0 0 0 0 0 1 3 2 0 5 0 0 0 1 0 1 2 0 0 0 10 0 2 0 1 0 1 0 1 4 0 0 0 4 1 0 1 0 0 1 0 0 0 5 
6 17 12 1 16 11 7 6 7 1 9 9 19 24 8 36 20 11 11 4 5 10 7 28 5 1 2 15 26 1 0 1 10 0 0 0 3 2 15 6 3 0 1 12 0 4 11 2 2 17 7 8 11 1 0 2 1 4 0 2 1 1 1 2 2 6 3 2 1 0 0 1 0 5 3 0 0 4 18 0 0 1 1 1 0 0 1 3 0 0 0 4 1 0 2 0 0 0 2 0 0 2 
11 13 8 3 4 4 7 12 9 8 5 14 23 19 16 35 18 12 8 3 9 14 7 13 2 2 0 24 15 1 1 3 2 1 2 0 2 1 30 11 8 2 4 10 6 9 10 5 5 23 2 2 1 0 0 0 0 0 0 0 0 1 0 3 0 2 0 0 0 0 0 0 1 0 0 1 0 0 5 0 0 1 0 0 1 4 1 0 1 0 0 2 0 0 3 0 0 0 4 0 0 0 
35 38 22 5 6 20 29 37 25 22 2 8 15 45 13 54 30 24 29 12 10 9 8 46 19 1 2 25 33 6 1 6 9 1 1 1 1 6 33 18 6 2 12 5 5 14 11 5 5 31 2 3 6 6 1 1 2 6 0 6 0 1 0 0 2 4 1 0 1 1 2 1 2 3 0 3 0 1 11 3 0 0 0 0 0 0 0 2 1 0 0 15 3 1 2 3 0 0 2 0 0 8 
27 68 30 5 12 48 57 73 54 34 34 21 5 90 41 67 60 22 38 17 27 18 17 48 22 1 0 51 48 19 2 8 14 2 4 3 4 6 40 22 11 1 2 15 6 12 9 3 6 36 7 6 10 2 1 3 2 7 0 7 1 4 0 2 1 3 1 0 0 0 0 2 3 3 8 3 0 4 11 1 0 0 0 0 0 0 0 4 0 0 0 17 0 3 0 0 0 1 2 2 0 8 
47 87 78 9 17 47 87 73 93 99 47 95 96 14 24 64 78 65 55 22 49 36 14 82 32 3 9 118 63 8 2 3 5 3 6 10 3 3 43 14 18 2 3 9 7 10 6 3 6 40 15 10 7 17 3 5 6 11 0 4 3 2 0 0 4 2 0 0 0 0 2 2 1 3 8 0 4 1 38 4 0 0 0 1 0 0 0 7 2 0 0 12 1 4 3 2 0 0 1 0 1 8 
36 65 39 6 18 24 40 40 45 26 21 22 43 32 10 28 53 25 34 28 53 16 19 60 37 5 10 80 37 2 3 1 6 2 3 1 0 2 12 11 4 1 3 12 7 5 4 4 1 22 10 6 8 8 1 1 3 8 0 2 0 2 0 1 1 1 0 0 0 0 1 0 1 2 4 1 0 0 21 1 0 0 0 0 0 1 0 6 1 0 0 3 1 0 0 1 0 0 4 0 0 5 
26 45 38 5 7 32 43 48 50 38 16 35 70 47 12 18 67 67 63 41 48 42 42 79 26 7 8 107 45 14 9 11 27 9 12 11 41 2 23 27 9 0 18 11 10 12 13 5 4 48 4 2 10 9 0 1 5 4 0 3 0 1 0 0 0 2 0 1 0 0 0 3 0 1 6 2 0 0 22 2 3 0 0 1 1 2 3 11 6 0 0 15 0 0 2 0 1 1 0 0 0 11 
17 35 21 4 10 12 39 38 41 33 14 32 54 108 36 66 17 42 54 31 50 26 34 53 22 5 13 67 22 26 19 29 34 16 18 17 37 18 65 48 33 3 14 15 19 30 16 6 7 69 12 9 11 6 4 2 5 4 0 4 0 0 1 6 2 2 1 0 0 2 0 1 0 3 8 1 0 2 30 4 1 0 0 1 0 5 2 15 3 0 0 7 3 2 0 1 0 0 1 0 0 7 
19 20 14 3 8 12 28 38 26 48 15 41 56 75 36 105 55 11 53 26 37 32 24 63 20 9 5 73 20 20 18 9 25 13 14 20 32 23 58 20 26 4 10 18 19 23 16 3 7 54 3 4 8 8 0 0 5 5 0 4 4 2 0 1 0 1 0 0 0 1 1 2 1 2 6 1 0 1 18 5 4 0 1 0 0 3 1 7 5 0 0 12 1 1 0 0 0 0 0 0 0 6 
7 20 16 3 1 17 18 18 18 31 8 22 49 83 29 69 48 35 3 10 36 23 19 47 25 10 3 31 34 14 10 11 20 4 8 9 14 5 50 17 14 1 6 24 14 14 13 4 7 56 3 6 5 4 1 4 2 7 0 1 1 5 3 0 1 0 0 0 0 0 0 1 0 0 0 2 0 1 15 1 0 0 1 0 2 1 2 4 1 0 0 3 0 0 0 2 0 1 0 0 0 2 
6 16 8 2 3 4 4 8 8 16 10 7 19 50 29 46 29 30 7 7 6 9 11 32 5 7 12 69 20 14 7 5 9 1 6 4 11 9 38 13 12 2 5 3 4 7 7 4 5 35 4 2 6 1 2 1 3 9 0 2 0 2 0 0 0 0 0 0 0 0 0 0 0 0 1 1 0 1 13 1 0 1 0 0 1 1 0 3 0 0 0 1 0 3 0 0 0 0 0 0 0 0 
6 15 7 2 4 8 8 14 4 7 1 14 31 52 27 89 52 21 35 2 2 7 13 27 9 7 13 32 25 2 4 6 4 2 2 4 20 7 29 9 7 0 2 4 3 5 15 4 2 19 0 0 1 1 0 0 0 0 0 0 0 0 0 1 0 0 0 0 0 0 0 1 0 0 0 0 0 0 6 0 0 0 1 1 1 1 1 4 1 0 0 8 0 0 0 0 0 0 0 0 0 3 
6 14 9 1 3 13 13 11 9 14 4 10 21 49 20 63 36 15 23 3 3 4 15 20 4 6 4 47 21 5 3 3 6 2 0 3 10 7 36 9 4 2 6 8 12 11 7 1 2 15 1 0 1 6 0 0 0 0 0 0 1 0 0 0 0 0 0 0 0 0 1 0 0 0 0 0 0 0 0 1 0 0 0 0 0 1 1 4 1 0 0 2 0 2 0 0 0 0 0 0 0 0 
2 6 5 1 4 6 6 6 4 17 4 9 16 31 20 49 33 17 21 5 48 16 3 14 3 10 11 47 7 3 1 1 6 3 2 16 13 4 29 5 4 0 8 5 2 5 2 1 2 18 1 2 1 0 0 0 1 0 0 0 0 0 0 0 0 0 0 0 0 0 0 0 1 0 1 1 0 0 0 0 0 0 1 2 0 0 0 1 0 0 0 2 0 0 0 0 0 0 1 0 0 4 
12 19 9 1 4 10 8 10 15 19 9 19 39 56 43 115 72 42 51 14 30 11 13 6 9 19 23 72 16 7 2 4 14 4 13 6 16 13 55 14 11 1 5 15 14 13 9 3 3 59 7 4 3 3 1 2 5 4 0 1 0 2 1 2 1 0 0 0 0 0 0 0 0 1 1 8 0 0 8 1 0 0 0 1 0 1 0 15 1 0 0 8 1 0 0 0 0 1 0 0 0 2 
13 14 9 1 6 9 9 7 7 25 9 24 44 43 35 76 37 23 29 20 17 15 6 16 8 0 14 53 5 8 3 3 83 2 11 2 4 6 39 15 22 1 6 6 10 20 15 3 9 75 6 0 13 4 2 3 1 5 0 1 2 2 1 2 1 0 0 0 0 0 0 0 0 0 2 0 0 1 8 2 1 0 0 1 0 4 4 36 0 0 0 3 0 0 0 0 1 0 1 0 0 4 
0 1 0 0 0 1 1 0 7 1 0 2 5 3 4 14 10 7 12 9 20 22 9 29 6 2 3 13 2 0 0 2 1 0 1 0 1 4 1 0 2 1 0 1 1 0 0 0 2 3 1 0 1 0 0 0 0 0 0 0 0 0 0 0 0 0 0 0 0 0 0 0 0 0 0 0 0 0 3 0 0 0 0 1 0 0 0 0 0 0 0 0 0 0 2 0 0 0 0 0 0 0 
0 3 0 0 0 1 1 0 0 1 0 1 2 5 12 11 9 4 6 3 10 7 5 19 11 0 1 35 0 0 0 6 1 4 3 0 0 4 4 0 0 0 0 1 1 0 0 0 0 1 1 0 0 0 0 0 0 1 0 0 0 1 0 0 1 0 0 0 0 0 0 0 0 0 0 0 0 0 1 0 0 0 0 0 0 0 0 1 0 0 0 0 0 0 1 0 0 0 0 0 0 0 
15 22 10 0 8 11 10 5 19 23 14 23 66 88 59 120 54 58 56 31 52 60 48 89 37 7 54 6 10 1 8 4 27 3 5 6 30 11 47 21 23 4 17 20 17 15 15 11 11 77 11 5 5 6 4 0 1 3 0 1 3 2 1 1 0 3 0 0 0 0 0 0 0 0 0 3 0 2 14 3 0 0 0 3 3 5 6 26 5 0 0 12 0 1 0 2 0 2 0 1 0 3 
31 50 45 6 11 36 31 22 31 16 5 21 18 20 15 30 22 17 12 2 16 1 4 3 0 0 1 7 0 1 0 3 4 0 3 1 3 4 11 9 3 1 3 1 3 4 4 2 6 18 2 1 3 2 0 0 1 5 0 4 0 1 0 6 5 13 6 4 0 0 0 3 1 1 1 1 0 0 6 0 0 0 0 1 2 0 0 7 0 0 0 5 0 0 0 1 0 0 0 0 0 1 
1 6 1 1 1 6 2 2 0 4 3 7 15 1 4 13 31 23 14 5 6 5 3 10 7 0 0 4 9 17 69 91 207 59 85 116 313 114 216 93 47 4 36 50 38 63 45 22 7 186 5 2 6 11 1 2 2 3 0 6 3 8 5 12 19 35 2 7 3 11 7 12 1 0 5 4 1 3 29 3 7 4 4 7 1 12 2 43 10 0 0 46 6 9 10 11 0 9 8 3 1 33 
1 0 2 0 0 0 2 0 2 2 0 2 6 1 0 7 9 10 9 3 2 2 3 2 1 0 0 2 1 86 4 47 91 25 36 48 144 47 75 35 17 5 8 10 27 26 10 5 7 45 4 1 5 4 1 0 1 3 0 3 4 0 0 4 10 13 3 5 1 0 2 0 1 2 1 0 0 2 12 0 1 0 0 3 0 2 4 14 4 0 0 14 4 2 1 4 0 1 1 0 0 6 
4 1 3 1 0 2 1 3 4 0 0 2 10 3 4 12 28 11 8 0 3 2 1 1 3 0 0 2 3 127 50 6 84 27 62 63 240 108 185 61 49 5 32 53 31 55 36 12 19 134 10 4 17 5 6 0 4 10 0 6 4 6 3 3 7 23 1 2 6 3 2 3 0 2 2 0 0 2 14 1 0 2 0 2 3 6 3 18 8 0 0 25 9 4 4 8 2 1 12 0 0 14 
15 19 9 1 3 12 8 12 5 8 3 7 7 14 8 20 41 27 17 4 19 7 14 61 23 0 4 22 7 317 111 123 21 45 79 117 269 139 289 146 156 15 84 95 91 139 115 52 87 742 49 27 53 25 8 10 14 18 0 17 9 13 5 10 19 36 7 12 7 16 19 18 15 8 19 7 2 11 54 8 7 10 8 13 3 14 14 149 18 0 0 50 8 10 11 21 1 4 7 2 1 59 
2 3 4 3 1 2 2 3 0 4 1 0 2 0 1 4 14 4 1 0 1 0 1 12 3 0 0 4 2 39 19 29 31 5 24 18 82 36 68 34 42 3 19 17 20 28 16 10 12 80 7 8 12 8 3 3 5 8 0 3 4 6 2 3 5 10 6 6 3 4 6 6 3 8 3 1 0 1 19 3 4 1 0 3 1 2 4 11 0 0 0 25 2 4 6 5 0 2 1 0 0 11 
6 7 0 0 2 1 1 6 2 5 2 1 0 2 1 10 20 12 14 8 4 5 7 9 7 2 2 10 8 116 49 58 90 24 5 14 124 50 158 68 27 7 39 47 37 58 42 10 22 112 4 5 4 9 4 3 5 6 0 5 0 10 2 7 9 11 2 3 5 14 12 12 9 2 8 0 0 0 17 1 0 0 1 1 1 3 8 14 10 0 0 52 10 9 12 6 3 3 5 5 0 13 
2 1 1 1 0 1 3 0 1 1 0 1 1 2 1 12 24 9 5 2 2 3 0 8 4 1 2 9 7 132 55 62 110 24 29 6 99 78 120 46 29 8 18 29 32 48 21 15 9 116 10 12 4 6 2 0 2 1 0 3 1 3 1 9 4 11 3 6 1 3 5 16 2 4 2 4 0 2 5 0 1 0 0 1 0 3 0 8 3 0 0 26 9 5 2 4 2 1 5 2 0 26 
4 8 4 0 1 4 3 2 2 7 1 0 7 2 2 33 32 28 22 8 8 9 5 21 18 0 1 26 9 310 136 228 196 68 149 228 28 118 413 293 145 36 102 132 128 144 109 44 40 348 18 17 27 14 1 1 6 6 0 2 0 15 10 28 22 25 13 22 2 9 21 33 19 6 7 5 0 4 25 4 0 1 0 8 3 22 8 56 21 0 0 80 23 15 12 12 5 7 15 4 3 63 
6 4 8 2 2 6 5 7 9 8 3 8 8 5 3 5 15 14 13 5 7 5 2 25 6 1 1 22 14 132 46 104 95 31 55 68 108 22 152 138 86 6 64 91 83 111 91 20 30 254 6 2 7 2 2 2 6 2 0 0 1 4 2 3 5 2 0 2 2 5 10 5 4 6 0 1 0 0 11 1 0 0 2 6 1 18 13 33 15 0 0 78 13 12 2 4 2 8 1 7 0 47 
16 21 4 0 8 10 10 17 24 18 6 10 18 14 14 7 50 25 19 21 28 19 18 49 14 2 3 25 14 132 57 130 191 66 94 85 304 102 14 275 158 19 80 106 84 131 93 53 56 329 7 7 20 11 2 1 4 9 0 1 2 8 4 13 21 14 5 7 5 1 12 10 12 6 6 3 0 1 30 2 3 6 1 8 2 19 15 76 18 0 0 114 14 19 13 10 1 6 15 3 3 75 
8 16 7 5 4 7 13 14 20 8 8 20 14 16 14 22 35 7 15 9 9 2 4 28 11 1 2 15 24 69 22 60 134 37 72 47 265 138 426 13 33 13 33 130 59 135 61 38 44 268 3 1 14 7 1 2 3 10 0 1 1 13 6 6 8 8 1 1 1 4 0 8 9 2 3 0 1 1 16 2 5 5 5 12 5 5 9 20 17 0 0 53 5 6 3 8 1 5 3 0 3 28 
14 9 7 2 5 3 6 7 12 7 3 8 12 11 4 16 25 15 7 9 10 8 3 28 10 0 0 32 16 85 18 52 125 15 35 37 153 83 268 53 13 14 36 88 35 106 43 37 31 206 5 1 7 1 1 0 6 7 0 0 0 4 2 12 3 14 1 2 0 2 5 4 5 5 9 4 0 3 12 3 1 4 9 16 7 7 4 15 15 0 0 61 8 11 4 12 1 6 6 1 3 23 
0 1 0 0 0 0 4 0 0 2 3 1 2 1 1 0 1 5 0 1 3 0 0 1 2 0 0 1 1 4 3 10 13 6 2 8 31 15 24 19 15 3 12 40 12 23 12 7 5 38 0 1 6 1 0 1 0 1 0 0 2 0 0 0 1 4 0 0 1 0 1 0 2 0 4 0 0 0 2 1 1 0 1 9 3 7 1 7 8 0 0 16 5 9 0 2 0 2 3 0 0 8 
5 10 5 1 2 4 4 9 2 4 2 3 6 5 5 7 15 17 9 4 4 1 1 12 5 1 0 14 4 37 13 29 70 15 36 22 112 54 82 48 38 25 16 106 66 84 63 32 37 176 5 4 7 13 1 1 9 5 0 4 0 8 1 8 8 8 1 0 1 2 3 1 7 1 7 2 0 5 23 18 9 18 15 42 23 46 28 51 61 0 0 98 19 41 28 36 4 17 25 4 2 106 
15 8 13 0 1 14 5 12 3 10 2 7 12 6 1 11 18 17 17 3 5 5 5 13 7 0 1 19 10 45 7 43 98 22 63 19 119 83 167 119 72 45 90 19 129 238 129 72 75 336 13 5 18 10 0 0 4 11 0 5 2 6 2 9 13 13 0 1 1 5 4 7 4 2 14 11 1 9 53 21 12 14 10 62 34 86 60 88 69 0 0 192 51 70 32 92 15 51 33 8 11 118 
10 25 10 1 4 8 3 6 13 15 3 5 4 13 1 13 19 24 9 5 3 1 3 23 11 0 0 17 7 49 23 42 116 26 49 27 126 78 125 66 42 16 77 131 12 184 110 63 50 326 9 6 12 5 3 0 2 4 0 1 1 5 0 7 8 10 3 4 2 0 3 8 2 1 4 2 1 6 16 7 13 6 3 33 12 31 14 38 18 0 0 64 19 37 31 18 4 17 20 8 4 50 
12 17 9 1 6 6 7 3 4 4 3 6 6 13 7 15 24 18 12 8 3 9 5 17 9 0 2 26 16 59 17 44 171 32 46 41 182 90 171 120 84 26 81 218 148 36 161 146 127 540 7 9 19 6 2 1 2 12 0 4 1 5 1 12 10 13 7 6 0 0 4 13 7 3 11 6 0 2 43 22 8 9 15 45 22 41 43 79 21 0 0 138 13 35 26 13 8 21 26 7 3 101 
8 12 10 2 1 6 11 6 3 9 3 8 6 2 3 10 17 17 20 10 5 4 5 13 7 1 0 20 22 55 22 41 144 25 32 24 126 71 145 93 60 16 54 127 98 224 33 114 129 301 9 5 19 9 2 4 3 10 0 1 4 2 0 2 7 11 3 3 1 1 1 6 10 4 16 3 3 9 18 11 8 8 4 18 17 37 16 49 15 0 0 70 9 21 14 15 4 13 16 5 4 101 
4 5 4 4 2 2 2 5 5 5 4 4 4 2 3 7 8 3 5 4 9 0 0 12 2 2 0 7 2 19 2 15 83 5 12 16 44 33 71 43 38 9 48 79 54 181 83 13 62 370 4 1 6 1 1 2 0 2 0 0 1 1 0 12 2 4 1 7 0 0 0 9 4 3 0 3 0 1 7 2 3 2 4 12 5 14 8 72 7 0 0 53 8 8 15 15 1 10 9 0 0 52 
7 8 1 2 2 3 7 3 2 7 6 3 4 4 3 5 11 9 8 1 4 4 4 14 8 0 3 7 9 27 2 22 96 12 18 22 64 24 83 42 31 8 40 124 66 190 75 85 11 416 7 6 7 2 0 0 0 5 0 1 2 5 1 5 3 7 1 4 1 1 0 7 2 5 4 2 1 1 14 2 4 8 6 17 4 12 13 74 13 0 0 65 8 14 11 6 2 10 12 3 2 83 
39 49 24 8 10 21 16 13 25 29 14 23 33 28 19 23 61 42 43 17 20 18 15 118 43 0 4 71 53 155 38 127 724 52 134 83 353 239 473 234 229 42 135 326 220 467 216 275 235 52 34 19 61 18 5 0 16 14 0 5 5 18 1 21 26 39 6 15 10 6 15 12 16 23 41 17 2 16 79 36 31 56 20 70 29 72 44 345 27 0 0 270 19 43 55 52 7 46 63 4 4 324 
2 8 10 0 2 4 5 2 5 5 1 4 11 18 9 17 15 4 4 1 3 1 1 20 3 0 0 13 6 8 6 11 63 4 10 5 11 7 20 7 3 1 4 14 8 20 15 5 7 52 6 5 61 17 7 3 12 24 0 35 7 3 7 13 14 31 2 13 0 11 5 12 16 14 11 5 1 3 80 9 3 6 6 23 8 13 5 21 6 0 0 14 1 8 6 2 1 1 1 0 0 25 
1 2 1 0 2 2 4 2 1 7 3 6 6 13 2 10 4 0 3 0 3 1 0 7 4 0 0 2 5 2 1 6 20 2 5 6 9 5 8 6 4 2 7 14 2 10 6 4 3 23 1 6 29 30 9 4 3 9 0 20 2 1 2 5 9 15 2 2 0 8 3 5 3 4 0 2 0 0 60 3 3 1 2 17 1 6 2 14 3 0 0 4 3 2 3 0 1 4 2 1 1 13 
1 7 2 1 3 6 5 5 7 15 1 17 5 15 5 21 17 4 9 7 0 3 3 9 6 0 0 12 17 17 3 8 62 9 5 5 21 10 44 8 10 1 9 31 16 13 26 10 4 75 24 23 8 17 4 9 15 21 0 25 3 6 0 25 21 14 13 15 4 17 9 11 10 15 3 1 2 8 113 13 5 0 4 31 10 18 5 38 11 0 0 31 3 8 10 3 1 4 5 0 1 21 
2 1 4 0 2 2 1 2 2 1 0 3 5 3 4 6 7 3 2 0 3 0 0 2 2 3 0 1 4 12 3 10 21 5 5 2 15 0 11 11 2 0 3 11 0 8 3 2 4 22 11 21 35 4 12 4 8 21 0 22 3 6 1 12 9 13 6 7 2 8 4 2 5 2 2 6 0 3 36 2 1 3 1 14 5 5 2 18 4 0 0 5 1 2 0 4 1 0 5 2 0 11 
1 2 1 0 0 2 2 0 2 4 0 4 1 3 4 8 3 4 0 0 2 0 0 7 1 0 1 2 6 0 1 0 10 2 7 1 3 1 1 2 0 0 1 0 0 2 5 1 0 6 9 12 22 14 5 3 4 12 0 10 4 3 0 6 1 6 4 6 1 3 2 2 3 5 1 1 1 3 50 0 3 1 2 10 3 2 1 3 4 0 0 1 0 1 1 1 0 1 1 0 0 4 
0 2 2 0 0 0 2 1 3 2 0 2 4 0 0 2 6 0 1 0 1 0 0 3 0 0 0 2 3 1 0 2 8 3 1 1 3 0 2 1 3 1 2 1 0 4 5 0 1 7 4 4 4 4 0 1 5 10 0 9 5 4 0 4 2 2 5 1 3 2 0 0 2 2 1 5 0 0 43 3 0 2 0 13 1 2 1 7 1 0 0 3 2 1 6 2 0 0 0 0 0 2 
1 3 4 0 1 2 0 4 1 4 2 5 1 4 3 6 3 3 4 0 1 0 1 3 1 0 0 0 4 3 1 1 22 5 0 0 10 2 8 4 0 2 8 8 3 2 3 1 2 10 13 14 27 12 6 6 2 18 0 12 3 1 2 9 11 9 4 3 0 6 0 5 3 3 2 5 0 4 64 2 1 1 1 12 6 6 1 14 0 0 0 9 0 1 4 1 0 0 0 1 2 1 
5 2 4 0 0 3 3 3 3 8 1 9 8 21 7 10 10 1 2 1 1 1 0 5 2 0 0 6 15 4 3 4 24 13 10 5 9 4 12 6 3 0 1 10 2 11 4 2 2 33 22 14 37 37 5 5 15 5 0 21 8 5 3 14 12 11 6 7 0 3 5 2 12 8 10 11 2 17 108 15 12 2 10 28 8 14 5 17 2 0 0 8 3 8 2 2 0 3 2 0 1 15 
0 0 0 0 0 0 0 0 0 0 0 0 0 0 0 0 0 0 0 0 0 0 0 0 0 0 0 0 0 0 0 0 0 0 0 0 0 0 0 0 0 0 0 0 0 0 0 0 0 0 0 0 0 0 0 0 0 0 0 0 0 0 0 0 0 0 0 0 0 0 0 0 0 0 0 0 0 0 0 0 0 0 0 0 0 0 0 0 0 0 0 0 0 0 0 0 0 0 0 0 0 0 
11 5 8 4 4 2 7 5 2 3 4 11 14 20 11 17 14 8 8 2 9 2 4 20 3 0 3 11 13 12 4 8 11 7 4 0 3 1 7 4 1 0 2 2 3 5 0 2 5 17 24 15 28 25 7 9 9 21 0 5 1 3 5 13 12 25 12 8 2 9 9 13 6 9 3 9 0 3 54 1 1 3 2 6 2 0 3 7 4 0 0 8 5 4 2 0 0 0 0 0 0 8 
0 2 2 1 0 0 1 1 2 0 0 3 0 1 2 3 2 1 1 0 0 1 0 0 1 0 0 0 1 3 3 4 5 5 0 1 6 1 2 2 0 1 3 1 0 2 1 0 4 6 9 4 14 12 4 3 2 10 0 4 3 5 6 6 10 6 1 2 0 4 9 2 7 8 3 3 0 2 14 0 1 4 0 5 1 2 2 4 1 0 0 1 1 0 1 0 0 0 1 0 0 2 
3 1 3 0 1 2 2 2 0 4 1 2 5 4 3 6 3 2 3 0 0 0 2 3 0 0 0 0 3 22 2 6 8 7 15 3 12 3 10 8 1 3 4 5 2 2 8 1 4 14 2 2 3 4 2 0 2 9 0 4 4 2 1 10 9 11 2 13 0 11 3 6 5 4 0 0 0 4 7 5 4 2 3 2 1 2 0 12 1 0 0 15 0 2 2 1 0 0 0 0 0 0 
0 0 3 0 0 1 1 1 1 2 0 0 10 2 0 1 1 1 0 0 0 0 0 0 1 0 0 1 3 3 1 1 1 0 0 0 4 2 6 1 1 0 1 2 0 1 2 2 0 6 0 4 4 4 0 2 0 1 0 1 1 3 0 0 2 8 3 5 4 5 4 6 2 4 1 1 0 0 9 2 0 0 1 0 0 3 0 1 0 0 0 1 1 1 0 0 0 0 0 0 0 0 
2 4 1 0 0 1 1 2 7 2 0 0 0 1 0 3 3 0 2 2 1 0 1 1 0 0 0 1 3 3 8 10 11 3 6 7 29 10 25 12 2 2 1 7 5 6 6 3 2 22 12 10 17 8 4 2 5 7 0 9 3 9 4 4 6 7 7 5 5 7 9 17 5 5 2 3 0 6 25 3 0 3 1 1 1 3 0 5 0 0 0 11 1 3 1 3 0 0 0 0 0 3 
1 7 0 1 2 2 6 3 5 0 1 1 4 4 1 4 4 1 0 1 0 0 0 2 3 0 0 3 8 21 10 14 17 1 7 23 27 9 44 15 8 3 6 6 6 22 9 4 5 33 14 6 11 10 4 3 7 8 0 13 1 4 2 5 4 20 10 14 8 21 24 41 17 17 4 0 1 4 26 3 3 2 0 5 2 6 7 6 2 0 0 6 3 2 1 1 1 0 1 0 0 4 
4 10 13 3 4 8 7 3 7 8 0 1 2 1 1 2 2 3 1 0 0 0 0 2 0 1 0 4 3 43 22 17 23 24 6 18 39 14 42 13 10 0 11 23 10 12 12 7 7 45 23 19 29 23 14 6 16 15 0 20 9 23 19 18 37 10 12 37 31 29 52 57 29 31 17 11 3 7 80 4 8 3 9 11 7 5 4 10 3 0 0 9 4 4 1 0 0 0 1 0 0 3 
5 6 2 0 0 2 0 2 0 0 0 0 1 0 1 1 1 0 0 0 0 0 0 0 0 0 0 1 8 7 4 5 7 12 3 2 10 5 3 1 2 1 3 1 3 1 3 0 3 11 8 0 6 5 2 1 0 6 0 12 1 1 4 10 19 9 0 1 15 20 18 23 15 4 1 1 0 2 12 0 2 0 2 2 0 0 0 4 1 0 0 3 0 0 0 0 0 0 0 0 0 2 
2 2 3 2 0 1 1 3 0 0 0 0 2 3 0 1 0 1 0 0 0 0 0 2 0 0 0 0 4 7 9 2 10 4 4 3 17 2 11 0 4 0 4 6 2 11 3 1 1 14 6 5 18 6 6 4 6 15 0 12 3 8 6 10 10 26 2 1 11 18 22 33 10 15 5 5 0 2 18 0 3 2 0 1 0 1 2 9 0 0 0 3 0 1 0 0 0 0 0 0 0 2 
2 0 0 0 0 0 0 1 1 0 0 0 1 1 0 0 1 0 0 0 0 0 0 1 0 0 0 0 11 4 2 10 9 3 2 1 9 5 14 1 8 0 1 3 2 5 3 1 0 4 2 1 4 9 1 0 3 0 0 6 1 4 4 5 19 14 14 8 0 0 24 38 13 15 2 1 0 1 11 1 0 0 0 4 1 0 0 1 1 0 0 0 2 0 0 0 0 0 0 0 0 0 
1 5 0 2 1 3 1 1 0 4 3 1 1 2 0 1 0 0 0 0 0 0 0 1 0 0 0 0 3 6 1 5 13 9 8 3 10 1 8 2 0 0 2 1 3 2 5 0 0 9 9 6 12 14 2 1 3 8 0 4 0 3 4 10 25 31 11 20 11 3 15 40 18 29 5 2 0 2 34 4 0 0 1 2 0 1 0 4 0 0 0 1 0 0 2 0 1 0 0 0 0 0 
4 2 4 0 0 3 3 2 0 0 2 0 2 2 2 2 1 0 0 0 0 0 0 0 0 0 0 0 2 10 2 4 14 9 7 2 23 9 36 3 2 0 1 7 6 8 7 4 6 15 9 1 6 5 1 1 3 2 0 15 7 3 6 11 13 31 10 20 16 15 1 29 19 15 2 1 1 3 21 1 3 0 1 4 1 4 1 3 1 0 0 3 0 0 1 1 0 0 0 0 0 3 
0 4 2 0 0 0 0 2 0 2 0 3 0 3 0 2 0 0 1 0 0 0 0 0 1 0 0 0 3 11 4 2 13 13 12 3 19 6 10 5 5 0 4 4 9 6 3 5 3 22 0 1 16 8 1 1 5 10 0 10 0 7 10 14 30 24 13 20 12 22 32 1 26 20 3 3 0 2 17 2 4 2 4 3 0 1 2 5 1 0 0 9 2 0 0 1 0 0 0 0 0 0 
1 1 3 0 2 3 2 1 0 4 2 1 3 1 0 1 3 0 1 0 0 0 0 0 0 0 0 0 1 8 1 1 12 9 6 4 20 10 12 9 5 3 2 4 4 5 7 0 3 17 6 5 13 11 3 1 8 12 0 7 6 3 5 9 20 32 12 26 1 23 19 52 2 12 2 3 0 2 35 2 3 2 6 7 2 2 3 6 0 0 0 2 1 0 0 1 0 0 0 0 0 1 
3 3 1 0 0 1 3 2 1 3 3 2 0 3 0 0 0 1 0 0 0 0 0 0 0 0 0 0 0 1 3 0 7 15 12 4 11 4 8 6 5 0 3 8 4 7 3 3 2 25 12 9 12 5 0 3 6 2 0 19 5 9 4 7 35 35 4 32 4 38 24 49 17 1 3 2 1 1 23 0 5 0 1 4 1 0 0 8 2 0 0 2 0 0 0 0 0 2 0 0 0 6 
0 2 1 1 0 5 3 0 1 5 3 2 9 6 2 10 9 0 2 0 1 0 1 6 5 0 0 5 0 6 0 4 18 1 6 1 5 2 9 3 6 1 27 16 6 23 15 3 3 39 8 2 6 5 2 0 6 12 0 15 3 1 1 5 6 11 5 3 0 3 3 2 2 1 1 5 2 12 150 12 14 4 8 70 10 30 3 44 7 0 0 12 7 2 2 6 0 6 1 2 0 22 
5 3 2 0 1 2 0 1 4 6 3 2 4 8 3 5 2 4 1 2 0 1 0 11 1 0 0 1 2 5 2 5 12 3 4 2 4 0 13 0 3 1 11 14 7 12 10 5 5 35 7 2 10 3 2 3 7 10 0 18 2 0 0 6 9 7 1 3 0 1 0 3 7 2 8 2 7 12 155 21 11 14 14 62 8 18 5 51 9 0 0 16 7 13 4 3 0 2 2 0 0 12 
0 1 1 1 0 1 0 2 0 0 1 0 1 1 0 1 0 0 0 0 0 0 1 0 0 0 0 0 0 0 0 2 0 1 0 0 2 0 3 0 2 0 0 2 3 4 3 0 1 3 0 1 2 3 1 0 1 4 0 1 0 0 1 0 0 4 0 0 0 0 3 0 3 0 1 4 1 9 47 7 2 2 5 20 8 8 0 3 1 0 0 4 0 3 1 1 0 3 0 1 0 1 
5 3 1 2 1 2 2 3 3 3 0 0 0 4 0 2 2 1 1 1 1 1 0 5 2 0 0 2 0 8 1 1 8 4 3 0 2 1 11 2 1 0 4 13 4 12 7 0 2 31 9 6 11 5 2 6 4 11 0 3 1 2 2 13 8 3 1 4 0 2 3 1 3 2 9 9 9 5 78 21 9 3 9 44 16 14 2 34 6 0 0 13 0 6 3 0 1 11 7 3 0 17 
5 10 7 0 4 10 8 11 7 16 3 6 7 29 5 22 18 10 9 7 8 4 4 15 9 0 0 8 13 24 6 16 32 19 18 11 25 3 38 18 5 0 28 32 24 21 23 4 12 80 60 64 114 59 55 27 38 80 0 42 11 14 5 23 20 46 10 8 5 16 16 15 20 22 115 96 36 59 15 66 71 18 47 156 31 29 15 75 24 0 0 29 3 14 14 4 4 17 20 3 1 33 
0 3 0 0 0 0 1 1 0 4 0 0 1 5 3 0 4 3 2 0 0 0 1 4 2 1 0 4 4 8 1 6 10 4 3 1 6 3 9 9 4 1 5 12 10 10 11 1 1 37 6 3 12 12 4 0 5 18 0 0 2 5 0 9 6 5 3 5 1 4 2 6 2 0 29 17 7 25 71 6 11 5 27 115 42 15 5 34 14 0 0 19 3 14 3 6 0 3 4 0 0 17 
2 3 3 0 0 1 1 0 0 0 0 1 0 0 2 2 2 3 3 0 0 1 2 2 3 1 0 4 4 6 0 6 6 1 3 0 0 2 6 6 3 2 7 25 11 23 13 4 2 37 6 6 10 8 8 0 6 12 0 6 2 1 0 1 5 3 3 2 2 0 4 3 3 5 13 16 2 10 89 16 2 15 12 77 25 13 12 50 12 0 0 41 5 15 5 6 3 15 5 0 1 22 
1 0 1 1 0 1 3 1 0 0 0 0 0 0 0 1 2 0 1 0 0 0 0 3 4 0 1 1 6 3 0 1 10 1 3 0 0 1 3 4 9 1 11 22 6 17 10 6 5 51 1 0 2 1 2 2 3 4 0 5 2 0 1 4 2 3 0 3 1 0 8 4 3 0 11 9 1 3 48 11 7 0 6 45 22 7 11 36 3 0 0 18 10 7 6 5 1 21 8 0 1 21 
0 1 3 0 0 2 1 2 0 1 1 1 0 0 0 1 0 1 1 0 1 0 0 0 0 0 0 1 9 1 1 3 2 1 0 0 0 1 5 4 4 2 7 18 3 12 10 2 6 49 7 1 10 3 1 1 1 9 0 6 0 1 2 5 1 6 2 2 0 1 1 2 0 1 10 15 0 7 65 10 10 4 4 92 18 15 5 43 12 0 0 30 11 19 2 3 1 6 9 0 0 21 
2 4 2 0 1 0 2 4 0 3 1 0 0 0 1 3 0 0 0 1 0 0 0 5 1 0 0 3 2 6 0 4 8 5 1 0 6 4 24 14 14 1 49 76 21 42 23 11 17 100 16 22 28 17 5 3 12 36 0 11 5 0 0 5 1 5 4 2 1 5 6 6 5 4 69 42 13 53 186 110 119 26 109 19 196 72 35 104 24 0 0 74 22 32 17 18 6 33 23 3 2 64 
1 1 1 0 0 0 1 4 0 1 0 0 0 0 0 1 0 0 0 0 0 0 0 1 0 0 0 4 1 5 1 3 2 0 0 0 3 0 4 4 5 0 17 50 15 24 14 6 2 27 4 7 11 6 2 1 5 4 0 0 1 1 2 0 1 2 1 1 1 4 1 1 0 3 5 8 3 17 45 41 25 10 28 111 7 31 9 42 17 0 0 55 9 9 13 5 1 9 9 1 2 22 
4 4 3 1 1 3 3 2 2 0 1 0 0 1 0 2 8 4 2 5 1 0 4 6 5 0 0 3 4 21 5 11 18 8 8 3 21 18 35 5 17 6 53 114 22 59 51 25 17 87 8 7 12 6 4 1 0 7 0 7 4 1 1 3 4 8 1 3 2 3 0 1 1 1 15 10 2 9 46 22 19 14 14 56 65 9 10 52 32 0 0 81 19 27 18 26 8 36 15 4 1 86 
2 2 1 1 0 1 0 1 1 4 2 3 0 0 0 0 3 4 3 1 1 0 0 0 0 0 0 2 6 9 4 2 19 2 10 1 23 7 29 8 6 6 28 73 12 44 24 15 5 52 4 0 9 3 1 0 7 3 0 5 0 1 1 2 1 3 0 2 2 1 0 0 3 5 1 5 2 5 39 14 11 12 16 66 23 20 6 21 16 0 0 67 15 19 18 11 4 8 10 0 3 49 
17 23 16 2 7 6 8 6 2 8 3 8 7 10 3 9 28 6 7 2 10 2 2 44 19 0 0 23 13 71 16 28 203 13 31 22 98 67 172 75 33 21 165 255 91 295 160 125 153 1064 41 30 54 15 11 6 15 22 0 10 4 6 1 8 7 10 2 2 0 6 5 3 8 11 53 35 5 27 123 41 41 45 50 168 76 109 43 20 48 0 0 313 46 89 63 105 14 54 39 13 7 424 
2 6 0 0 0 0 1 1 2 3 0 1 1 3 0 3 4 2 1 2 4 2 1 5 1 0 0 9 5 4 4 17 23 11 11 9 24 15 41 17 5 4 38 76 16 38 18 8 13 62 7 0 7 2 4 4 2 5 0 7 2 2 0 1 6 2 3 0 0 1 2 1 1 2 11 11 0 10 22 12 6 7 8 50 17 27 28 43 2 0 0 64 8 18 6 12 2 8 12 2 4 55 
0 0 0 0 0 0 0 0 0 0 0 0 0 0 0 0 0 0 0 0 0 0 0 0 0 0 0 0 0 0 0 0 0 0 0 0 0 0 0 0 0 0 0 0 0 0 0 0 0 0 0 0 1 0 0 0 0 0 0 0 0 0 0 0 0 0 0 0 0 0 0 0 0 0 0 0 0 0 0 0 0 0 0 0 1 0 0 0 0 0 0 0 0 0 0 1 0 0 0 0 0 0 
0 0 0 0 0 0 0 0 0 0 0 0 0 0 0 0 0 0 0 0 0 0 0 0 0 0 0 0 0 0 0 0 0 0 0 0 0 0 0 0 0 0 0 0 0 0 0 0 0 0 0 0 0 0 0 0 0 0 0 0 0 0 0 0 0 0 0 0 0 0 0 0 0 0 0 0 0 0 0 0 0 0 0 0 0 0 0 0 0 0 0 0 0 0 0 0 0 0 0 0 0 0 
5 5 5 0 4 6 3 3 5 6 2 2 11 4 4 3 6 7 5 0 3 3 1 7 2 1 0 8 3 21 10 23 63 13 27 18 74 34 126 35 51 5 71 158 47 112 47 41 42 171 4 6 10 3 2 0 3 7 0 2 1 9 2 10 11 7 1 1 0 0 3 1 5 1 11 9 3 6 34 18 14 16 25 69 35 71 48 102 66 0 0 17 52 63 22 75 8 43 37 3 5 96 
2 1 5 1 0 0 0 1 0 1 0 2 3 2 2 3 0 1 0 0 2 0 0 0 1 0 0 0 3 5 4 4 15 4 3 4 21 12 14 5 10 5 22 62 14 19 14 7 10 38 1 3 8 3 0 0 1 4 0 1 1 0 0 3 1 0 0 0 0 0 1 1 0 2 7 1 0 3 11 6 2 7 4 18 9 20 13 29 17 0 0 77 6 4 10 11 0 11 7 1 1 24 
0 5 3 0 0 1 0 0 1 1 0 1 3 0 1 2 1 0 0 0 1 0 0 1 0 0 0 0 1 6 2 2 13 5 6 2 14 18 25 8 4 2 24 51 19 24 16 13 5 51 8 1 8 8 0 0 2 3 0 1 1 2 0 0 2 2 1 0 0 0 0 0 1 1 3 3 0 6 21 2 11 6 11 38 8 21 11 38 14 0 0 72 10 2 7 12 2 8 9 0 8 48 
1 0 1 0 0 0 0 0 2 2 0 0 0 2 0 0 1 1 0 0 0 0 0 3 0 0 0 0 3 2 1 4 13 3 1 0 10 2 19 4 10 7 19 39 7 24 9 5 9 48 4 2 1 1 0 0 5 1 0 3 0 0 0 0 0 0 0 0 0 0 1 0 0 0 5 3 0 0 13 4 2 8 3 16 10 14 10 35 11 0 0 50 4 9 8 8 6 6 7 0 1 50 
2 10 1 0 0 0 1 1 3 3 0 1 2 3 0 1 1 0 0 0 0 0 1 2 0 0 0 2 5 10 1 3 25 3 8 3 25 15 24 7 18 4 39 96 20 33 15 7 10 66 3 1 8 4 2 1 4 2 0 2 1 1 0 0 0 0 0 0 0 0 0 0 3 0 3 1 1 1 7 3 8 14 7 21 12 11 14 47 17 0 0 107 17 20 14 7 3 19 1 3 2 61 
0 0 0 0 0 0 0 0 0 0 0 0 0 0 0 0 1 0 0 0 1 0 0 0 1 0 0 0 1 1 0 0 0 0 5 0 8 2 5 0 0 1 4 8 3 5 1 1 1 9 3 1 5 0 0 0 0 0 0 0 0 1 0 0 0 1 0 0 0 0 0 0 0 0 1 3 0 1 0 1 0 0 0 2 1 5 8 10 5 0 0 16 1 0 3 0 1 0 1 0 0 6 
0 2 0 0 0 1 0 0 1 0 1 1 1 1 0 0 1 0 0 0 0 0 0 0 0 0 0 1 6 5 1 2 8 4 0 3 24 13 18 2 6 1 33 53 17 28 17 8 7 70 1 1 6 6 1 0 2 15 0 1 0 0 0 1 0 0 0 0 0 0 1 0 0 1 4 8 1 1 13 4 7 6 5 19 7 16 11 32 15 0 0 61 15 11 6 15 1 3 11 1 1 31 
0 0 1 0 0 2 2 1 0 0 2 3 0 1 0 2 5 0 0 0 0 0 0 0 1 0 0 1 3 7 2 4 3 1 2 0 3 5 16 5 3 1 21 40 18 23 19 6 3 51 3 1 4 0 0 0 8 1 0 0 0 1 0 1 1 1 0 0 0 0 1 0 0 0 1 4 0 2 8 3 3 5 2 18 7 11 13 31 13 0 0 37 8 9 10 9 0 3 5 2 2 27 
0 0 2 0 0 0 0 0 0 0 0 0 0 0 0 0 0 0 0 0 0 0 0 0 0 0 0 0 0 1 0 1 3 0 0 0 2 5 2 1 2 1 5 3 5 9 4 1 1 16 0 0 1 1 0 0 1 0 0 1 0 0 0 0 1 0 0 0 0 0 0 0 0 0 0 1 0 1 2 0 2 0 1 3 0 0 2 6 2 0 0 5 2 1 1 1 1 0 4 1 0 4 
0 0 0 0 0 1 0 1 0 0 2 0 0 0 0 0 1 0 1 0 0 0 0 0 0 0 0 1 0 1 0 1 1 0 1 0 3 1 4 2 0 0 3 6 5 2 1 2 1 9 1 0 1 0 0 0 0 0 0 0 0 0 0 0 0 1 0 0 0 0 0 0 0 0 1 0 0 0 2 0 0 0 2 3 1 5 0 4 2 0 0 16 1 4 5 2 3 3 0 2 0 0 
7 10 5 2 2 1 4 2 4 9 3 8 3 1 3 3 5 0 0 1 0 0 0 2 1 0 0 6 4 28 11 15 61 5 10 16 35 22 66 26 23 4 92 101 52 88 53 17 30 224 13 4 20 2 0 1 1 9 0 2 1 0 1 3 2 3 0 4 0 0 2 3 0 1 21 6 2 3 30 10 22 17 19 51 15 63 29 209 45 0 0 152 23 28 41 65 5 36 30 5 2 11 
