4 6 22 5 14 21 19 20 19 16 13 17 39 49 34 54 29 18 16 12 6 8 5 13 12 0 0 22 100 1 1 1 17 4 3 2 5 5 26 16 11 1 2 13 6 6 6 6 6 42 9 1 6 1 2 0 3 4 0 3 0 1 1 7 3 12 1 1 1 0 1 3 0 2 0 1 0 0 14 0 4 1 1 2 0 4 2 17 0 0 0 3 1 4 1 2 0 0 0 1 0 14 
6 3 10 2 12 36 26 19 27 28 8 29 35 80 43 82 30 19 17 7 5 8 8 13 10 1 0 10 129 2 2 2 11 4 3 2 4 3 23 17 14 1 12 11 11 10 9 2 5 46 0 3 5 2 5 4 5 5 0 1 2 2 1 8 4 18 0 1 0 2 2 0 3 9 0 5 0 2 12 1 1 1 2 5 1 5 0 7 7 0 0 9 2 1 1 2 1 0 1 0 0 3 
13 19 9 6 6 32 28 18 66 29 6 30 52 69 39 54 22 23 23 5 7 6 1 15 3 2 1 17 236 4 0 0 5 4 1 0 6 1 26 21 12 2 7 10 15 8 13 1 6 36 1 1 7 4 6 3 3 3 0 1 0 0 0 4 6 7 0 2 1 2 0 2 2 1 2 2 1 2 10 2 3 4 2 0 1 4 2 5 1 0 0 8 1 3 1 5 0 1 1 0 1 11 
2 12 19 1 5 7 14 15 12 2 4 2 3 8 9 7 4 2 4 1 3 3 2 3 2 0 0 3 34 1 0 0 2 0 0 0 0 1 2 2 1 0 1 2 2 0 0 0 1 12 1 2 1 0 1 0 0 0 0 0 0 0 1 0 0 1 0 1 0 0 0 0 0 0 0 2 0 0 2 0 0 0 0 3 0 0 0 0 0 0 0 0 0 0 0 0 0 0 1 0 0 1 
6 9 4 1 3 13 12 14 7 13 5 14 13 9 14 17 9 9 3 2 0 2 0 12 2 0 0 4 38 2 0 0 3 1 0 4 0 4 3 6 3 0 0 4 2 1 5 3 1 13 0 0 1 0 0 0 3 1 0 0 0 0 0 1 0 6 0 0 0 2 1 1 0 0 1 0 0 1 8 0 0 2 1 0 1 1 0 4 1 0 0 2 1 1 0 0 0 0 0 0 0 3 
28 24 26 12 13 11 12 16 22 12 29 25 43 101 43 64 29 15 19 19 7 17 2 20 4 1 0 12 111 0 0 1 2 0 1 3 3 8 23 23 5 1 5 12 7 12 3 6 8 18 4 4 3 3 0 0 0 6 0 3 1 3 2 2 4 2 1 0 1 6 1 11 2 0 2 0 0 0 19 1 2 0 2 1 0 4 0 11 1 0 0 4 0 0 0 1 1 0 1 0 0 3 
29 32 48 13 7 15 5 18 38 19 7 23 43 76 30 63 22 29 17 6 8 7 6 8 5 0 0 5 90 2 3 1 8 6 2 2 1 1 27 8 11 1 4 3 6 6 1 2 2 10 3 2 7 2 1 0 1 3 0 2 0 1 0 6 3 8 1 1 3 1 0 0 1 2 2 1 0 3 9 2 0 0 1 2 0 0 0 3 1 0 0 10 1 0 0 0 0 2 1 0 0 1 
15 27 14 10 6 21 17 8 16 21 21 33 34 53 43 75 40 17 8 10 9 8 5 16 3 4 2 3 87 2 1 4 4 0 0 0 3 5 16 21 7 0 10 1 9 7 9 3 3 21 3 3 7 3 0 4 2 3 0 2 0 0 1 1 1 9 0 1 3 0 0 6 2 1 4 0 0 2 8 0 0 0 0 6 0 1 0 4 2 0 0 3 1 2 1 1 0 0 1 0 0 6 
20 33 28 14 17 17 44 14 7 8 9 24 55 60 34 75 41 23 15 4 8 4 4 13 6 1 0 18 72 4 1 2 8 2 3 0 1 7 23 13 7 1 5 6 6 8 8 4 7 15 4 2 1 4 2 2 0 3 0 1 1 0 0 11 6 6 2 3 0 1 2 2 3 1 4 1 0 0 8 1 0 0 0 1 0 0 0 5 0 0 0 6 1 3 0 2 0 0 0 0 0 6 
11 16 17 3 12 8 10 8 11 5 4 7 21 50 11 45 26 27 19 6 4 9 4 14 8 1 1 12 28 1 2 2 4 2 0 0 2 4 13 5 7 1 5 2 2 2 2 2 0 13 7 1 9 5 4 2 4 9 0 1 1 3 2 2 2 1 0 2 2 0 1 1 1 1 0 4 0 1 27 0 0 0 0 0 1 1 2 3 2 0 0 3 0 0 0 0 0 2 1 0 0 0 
10 9 9 7 6 6 15 5 11 7 5 14 26 34 12 24 17 6 10 10 8 7 2 10 7 0 1 11 11 5 1 4 2 0 5 0 4 3 14 15 0 1 9 4 2 2 2 1 1 13 0 0 2 0 1 2 3 2 0 1 0 0 0 0 2 1 1 0 0 0 0 0 2 1 0 0 1 0 6 0 1 0 0 1 0 1 0 1 0 0 0 2 0 0 1 0 0 1 0 0 0 1 
20 23 32 2 9 35 23 17 23 24 11 7 24 57 27 59 33 15 37 11 11 16 14 25 9 0 1 25 55 5 0 6 8 1 0 1 1 7 30 16 8 1 5 8 8 15 11 3 3 27 8 4 4 2 4 2 5 5 0 3 1 0 1 0 3 2 0 0 0 0 3 6 1 5 5 3 1 2 9 1 0 0 0 1 0 2 0 3 1 0 0 8 1 1 1 0 0 0 0 0 0 9 
38 73 34 7 13 25 38 41 67 18 32 27 1 45 45 73 52 38 36 11 26 19 15 62 27 2 1 67 54 8 2 9 15 3 2 2 2 4 50 20 15 3 8 9 6 17 16 5 2 33 9 6 8 7 1 0 4 6 0 3 2 2 1 2 0 3 1 0 3 0 0 1 1 4 5 2 0 1 10 0 1 0 0 0 0 0 2 4 2 0 0 10 2 2 1 0 0 0 3 0 0 6 
51 94 58 8 13 57 69 44 69 46 26 30 47 10 16 59 52 52 63 35 39 51 20 81 26 6 3 110 67 5 0 8 11 1 4 1 2 4 29 15 13 1 4 3 5 15 7 1 7 28 4 10 10 9 4 3 5 8 0 0 1 5 1 0 2 4 0 1 0 0 2 3 2 2 6 5 1 1 15 3 0 0 1 0 0 0 1 6 1 0 0 5 3 4 2 2 0 0 0 0 0 3 
41 63 35 5 11 32 43 43 40 44 21 32 38 26 5 30 37 35 31 15 21 23 18 72 19 2 4 104 46 5 3 2 4 0 8 1 0 7 11 18 9 0 4 6 5 9 4 1 2 23 6 1 16 1 2 0 2 6 0 2 1 0 0 0 0 0 0 1 1 0 1 5 0 1 4 1 1 3 13 0 1 0 0 0 0 1 0 3 0 0 0 0 1 0 1 1 0 0 1 0 1 5 
39 43 23 8 9 32 54 44 58 41 24 39 61 37 19 23 63 60 74 23 70 39 38 102 32 10 4 101 43 15 3 11 30 18 15 9 33 6 22 24 16 11 11 18 8 12 9 8 4 49 8 3 16 3 3 2 4 11 0 1 0 0 0 5 1 3 0 1 0 0 1 3 2 3 4 2 3 6 22 2 1 0 0 1 0 3 1 13 3 0 0 11 0 3 3 1 0 2 0 0 0 4 
28 36 27 5 16 23 43 29 60 56 16 35 53 119 50 68 17 36 68 20 54 29 34 71 35 8 12 76 35 14 11 25 44 22 28 20 32 15 72 28 28 8 27 20 17 26 12 3 6 55 5 7 13 8 2 3 1 6 0 1 3 3 2 2 1 0 0 0 2 0 2 1 2 0 1 1 2 1 16 0 5 0 1 2 0 4 0 17 7 0 0 10 2 2 1 2 0 2 2 0 0 10 
15 19 15 1 6 16 18 12 19 18 7 20 32 93 22 89 41 9 28 19 24 16 13 47 20 8 8 43 36 21 10 14 29 15 7 17 35 8 51 29 18 3 9 17 8 14 11 3 4 36 3 4 7 0 0 0 1 4 0 3 0 5 0 2 2 0 0 0 1 0 0 0 0 1 0 0 0 3 9 2 2 2 0 1 0 1 1 12 2 0 0 14 1 0 0 1 0 0 0 0 0 7 
12 12 16 3 4 13 13 13 17 20 10 14 38 83 46 77 68 26 4 22 24 18 19 42 19 4 1 41 34 13 5 12 18 2 10 8 20 10 27 10 9 3 6 14 13 6 6 3 7 34 1 1 6 5 1 0 1 5 0 1 0 1 1 0 1 0 0 0 0 0 0 4 0 0 1 0 0 0 11 1 1 0 1 0 0 0 0 6 5 0 0 9 0 1 0 0 0 0 0 0 0 4 
10 9 7 2 4 5 8 5 11 11 14 23 31 46 17 59 37 11 17 3 7 5 14 25 7 7 11 52 16 5 3 4 4 1 9 2 9 4 45 16 6 0 2 4 8 6 3 4 1 15 2 0 6 0 0 0 1 3 0 2 1 0 0 1 1 0 0 0 1 0 1 0 0 1 0 1 0 0 8 1 0 0 0 1 1 1 2 1 0 0 0 4 0 0 0 0 0 0 0 0 1 1 
6 4 4 0 1 6 1 11 8 15 3 20 22 72 36 103 44 34 45 3 3 9 18 20 7 12 19 38 22 4 2 3 5 0 4 1 7 7 50 12 9 1 6 11 5 9 5 7 2 13 0 0 0 1 2 0 0 0 0 1 0 0 0 0 0 0 0 0 0 0 0 0 0 0 2 1 0 0 4 0 0 0 0 0 0 4 3 2 1 0 0 0 0 1 0 0 0 0 0 0 0 0 
2 6 8 1 2 10 13 7 11 8 2 16 24 61 24 79 19 12 28 3 4 4 17 23 4 16 6 52 26 1 0 2 4 0 6 3 7 7 42 5 9 0 3 6 3 7 4 0 0 12 0 1 2 2 1 0 0 0 0 5 0 0 0 0 2 0 0 0 0 0 1 0 0 0 1 0 0 0 5 0 0 0 1 3 2 0 0 2 0 0 0 2 0 0 0 0 0 0 0 0 0 0 
0 2 3 1 2 1 4 2 4 7 3 20 18 46 28 55 32 31 39 2 27 15 5 20 15 6 4 51 9 2 0 1 4 0 3 2 8 4 19 2 5 0 7 3 3 7 2 2 0 11 1 0 1 2 3 0 0 3 0 1 1 0 0 0 0 0 0 0 0 0 0 0 0 0 1 0 0 0 2 0 0 1 0 0 0 4 1 4 0 0 0 4 0 0 0 1 0 0 1 0 0 2 
13 12 13 2 3 12 7 16 12 35 7 26 44 64 38 141 83 46 54 14 36 16 21 8 8 29 29 78 17 4 1 3 13 2 8 6 21 20 64 17 9 1 10 5 19 14 18 8 8 76 9 6 10 1 2 2 5 4 0 2 0 0 0 1 2 0 0 0 0 0 0 0 0 0 0 1 1 0 11 0 1 1 0 5 0 1 5 9 0 0 0 7 1 0 1 1 0 0 0 0 0 2 
9 26 9 2 4 10 9 11 10 30 5 25 51 59 36 143 38 24 33 11 19 7 11 14 6 7 11 44 13 9 4 7 80 10 6 5 10 13 49 21 31 1 12 15 21 16 17 8 12 104 6 6 13 5 4 1 4 6 0 2 1 0 0 1 1 0 0 2 0 0 0 0 0 0 6 3 2 1 21 3 2 1 0 3 0 6 3 38 2 0 0 6 1 1 1 2 0 0 0 0 0 0 
0 1 1 0 1 0 3 1 2 2 0 2 4 5 6 13 7 9 10 9 7 12 11 25 7 0 1 16 2 0 0 0 1 0 0 0 1 0 7 3 1 0 0 0 0 0 2 0 1 4 0 0 0 2 0 1 0 0 0 0 0 0 0 1 0 0 0 0 0 0 0 0 0 0 0 0 0 1 4 0 0 1 0 0 0 0 0 2 0 0 0 0 0 1 0 0 0 0 0 0 0 1 
1 1 2 0 0 2 0 0 0 1 0 1 4 5 2 11 5 4 7 4 8 2 1 14 5 1 2 21 0 0 0 0 2 0 1 0 0 2 3 0 0 0 0 1 0 0 1 0 0 3 1 2 1 0 0 0 0 0 0 0 0 0 0 0 0 0 0 0 0 0 0 0 0 0 0 0 0 0 0 0 0 0 0 0 0 0 0 0 0 0 0 0 0 0 0 2 0 0 0 0 0 0 
20 21 11 3 11 11 11 10 9 22 7 23 42 104 71 154 74 32 47 36 59 84 52 102 35 11 60 12 17 3 9 5 18 4 11 7 26 26 68 29 31 2 12 17 15 14 18 10 13 91 6 4 4 4 1 2 0 1 0 3 1 0 0 0 3 1 0 0 1 0 0 0 0 0 3 0 0 1 13 1 0 1 1 2 1 11 2 18 6 0 0 14 0 1 1 1 0 1 0 0 1 12 
27 41 33 10 13 41 22 13 19 16 8 19 18 23 25 26 15 6 6 2 7 12 0 5 1 0 0 3 3 3 0 1 1 0 1 0 3 3 4 8 3 0 1 1 2 3 4 1 0 9 0 4 3 4 1 1 1 1 0 3 3 0 0 1 7 2 0 0 1 1 2 0 1 1 0 0 1 1 10 4 0 0 1 2 1 0 0 5 0 0 0 1 0 0 0 0 0 2 0 0 0 5 
2 1 0 2 1 1 3 3 7 3 1 7 15 3 3 15 30 10 10 5 7 3 3 5 5 0 0 3 4 24 101 108 256 60 139 110 322 139 236 103 67 10 37 51 45 42 41 19 16 154 2 6 11 5 2 4 5 9 0 2 2 10 2 9 25 33 10 8 5 9 5 7 3 0 3 2 0 3 23 4 1 2 1 2 4 4 5 28 4 0 0 47 7 3 3 5 0 1 1 5 2 35 
1 1 2 0 0 4 4 1 4 0 0 3 3 2 1 21 21 6 8 1 0 5 0 2 3 0 0 2 4 86 8 56 91 20 57 32 140 80 105 30 27 3 17 17 20 18 7 2 2 37 3 0 2 0 2 0 1 5 0 7 3 1 3 4 12 8 5 1 10 4 1 1 1 0 1 1 0 0 5 1 1 0 1 2 0 6 0 17 4 0 0 16 1 1 5 3 0 1 1 0 0 8 
2 4 4 0 1 1 4 6 0 0 3 2 11 1 4 19 24 13 7 1 2 2 0 7 1 1 5 8 4 123 78 10 98 38 77 46 274 110 223 61 47 5 33 38 37 48 32 11 15 123 3 6 5 3 4 1 1 10 0 3 0 5 1 11 10 19 5 0 3 2 2 5 1 1 4 1 1 3 17 3 0 1 0 2 2 13 4 23 7 0 0 31 7 8 8 5 0 2 4 0 0 16 
20 16 16 2 6 12 17 15 5 11 5 14 22 11 15 30 38 46 30 9 14 9 6 72 39 8 6 47 6 335 143 161 27 68 154 161 446 188 370 212 178 25 151 134 131 182 149 88 95 828 58 51 77 50 17 13 14 27 0 20 13 18 3 17 21 52 17 22 10 13 29 33 16 13 26 19 1 12 93 9 9 9 10 13 3 24 17 187 25 0 0 88 16 28 20 13 2 10 9 1 1 101 
1 2 2 0 1 3 0 4 1 1 0 3 4 3 2 1 15 9 0 2 2 1 0 6 5 1 0 3 4 79 30 28 43 9 20 18 107 36 117 47 33 3 28 23 13 28 11 16 9 74 3 5 15 3 1 2 3 11 0 4 1 5 4 3 8 17 6 4 6 3 14 14 4 13 6 1 7 2 21 2 1 0 0 4 1 1 5 24 5 0 0 19 5 7 1 4 0 0 0 0 0 8 
9 4 8 0 0 2 3 0 2 1 5 1 2 0 2 8 37 18 17 0 14 7 7 16 3 0 0 10 7 141 63 80 86 26 11 18 155 88 143 90 39 14 38 48 47 47 39 18 14 128 3 5 12 12 3 3 2 15 0 1 3 15 6 14 9 16 8 9 2 6 9 9 10 5 0 0 0 2 20 2 2 0 0 2 0 8 7 18 17 0 0 42 4 19 7 6 2 3 7 2 1 15 
2 4 0 0 1 1 2 4 2 0 0 1 1 2 2 7 14 15 2 5 4 1 1 9 2 0 1 3 2 119 45 67 96 26 49 12 119 49 104 55 33 10 17 39 28 61 21 16 12 108 5 4 7 4 1 3 1 4 0 1 1 3 4 10 5 9 1 3 1 2 7 7 2 6 1 0 1 0 10 1 0 0 0 1 0 8 3 8 8 0 0 20 3 7 8 12 1 7 3 3 0 24 
3 8 10 2 4 0 1 3 5 4 0 2 8 0 1 25 35 20 12 12 12 5 9 19 7 0 1 38 4 270 152 242 223 107 157 296 21 122 400 279 137 77 125 126 110 167 85 53 53 300 15 13 30 10 2 2 10 20 0 1 1 13 14 24 24 22 6 24 10 7 20 20 13 10 9 1 0 4 30 2 4 1 1 11 1 23 12 64 33 0 0 83 17 23 9 14 7 6 16 2 2 52 
9 9 1 4 2 1 6 7 7 4 4 13 9 8 4 1 16 10 10 7 6 2 7 28 5 0 0 25 13 143 55 81 104 39 44 51 120 18 144 170 74 26 73 71 79 89 59 30 42 227 7 6 6 4 0 0 9 6 0 1 1 5 3 6 7 5 1 3 2 4 7 11 2 7 4 1 2 0 19 2 0 1 1 2 2 12 6 47 24 0 0 59 8 17 6 12 1 5 9 7 6 31 
13 18 16 1 3 8 14 12 12 15 2 16 21 15 8 19 26 18 18 12 24 14 18 31 8 2 1 25 15 143 63 104 146 61 98 58 274 90 17 211 141 21 111 85 83 119 87 41 31 277 4 13 10 3 2 2 1 9 0 3 4 9 2 24 9 13 9 7 2 2 21 14 11 6 9 7 1 3 25 6 4 3 2 18 8 19 9 70 21 0 0 102 21 19 13 18 2 11 6 2 2 42 
9 14 10 0 2 11 7 11 15 14 6 14 22 16 5 27 35 15 10 4 5 5 2 14 8 0 0 16 31 89 29 61 141 47 102 50 340 164 495 18 32 20 89 110 69 160 72 29 44 250 6 1 12 5 3 3 1 3 0 0 2 7 5 6 7 5 2 1 3 2 4 4 1 4 1 0 0 2 14 2 4 4 3 16 3 2 5 25 16 0 0 64 7 16 9 11 0 3 3 1 0 25 
8 16 8 2 1 1 3 8 8 8 3 11 16 12 2 12 17 18 16 4 8 4 6 27 7 1 3 34 19 76 20 51 111 27 54 39 177 98 263 72 15 25 58 75 48 122 66 41 25 174 1 3 10 1 2 0 0 5 0 3 1 5 4 7 9 7 4 4 0 3 6 14 4 5 5 2 0 4 15 7 15 1 2 11 11 12 5 17 8 0 0 47 13 14 10 5 2 1 4 1 2 23 
0 0 1 0 0 1 1 2 0 4 0 0 2 1 0 0 3 6 1 0 0 1 0 3 1 0 0 1 4 8 4 6 12 2 4 5 43 16 35 22 9 4 15 47 20 24 17 5 6 26 1 0 1 1 0 1 1 2 0 0 1 1 0 1 0 3 0 0 0 0 1 1 0 1 0 0 2 2 5 0 2 1 1 2 8 17 2 9 8 0 0 9 1 3 3 1 0 3 2 1 1 6 
7 10 5 1 0 6 8 1 4 3 6 3 3 3 10 9 26 18 8 5 5 5 3 5 0 0 0 10 8 34 12 22 71 28 44 28 101 93 145 73 48 20 17 114 69 93 74 44 41 187 3 6 18 1 3 1 6 3 0 1 0 5 2 5 11 5 2 0 1 0 3 2 3 2 9 9 2 8 21 7 16 12 16 70 22 71 35 98 61 0 0 114 35 19 26 47 10 17 10 2 4 73 
3 12 10 1 2 9 4 4 14 7 3 5 4 4 5 7 21 15 12 3 10 3 1 21 3 0 1 11 9 51 12 26 75 15 48 32 155 100 154 126 53 40 66 21 106 248 110 68 60 354 13 3 26 7 1 3 3 7 0 7 1 5 2 9 10 14 7 6 2 0 2 4 2 2 11 3 1 11 54 19 14 15 19 63 28 97 36 144 75 0 0 212 50 52 37 64 7 54 24 14 3 106 
10 10 11 0 4 9 5 5 9 5 1 8 9 6 4 11 26 26 9 5 7 4 2 24 11 0 1 18 8 55 13 37 78 16 48 27 144 92 149 95 57 14 76 182 16 202 96 74 79 366 8 2 13 2 0 4 2 3 0 5 0 1 0 9 10 21 2 2 1 3 3 3 4 6 8 3 0 6 22 5 16 8 8 23 8 22 11 105 38 0 0 79 17 25 18 22 10 19 20 4 3 66 
10 9 8 1 7 5 6 7 8 10 7 13 13 12 4 8 26 15 16 5 15 3 6 22 4 1 0 24 18 57 30 42 161 33 27 42 152 108 203 128 87 13 79 209 117 29 169 157 141 544 12 8 13 6 3 1 3 7 0 3 1 3 1 3 4 15 5 8 3 3 4 9 9 7 15 10 0 7 36 20 17 10 12 56 11 60 34 146 32 0 0 129 19 30 18 29 5 28 33 6 5 125 
12 12 7 4 3 4 7 6 8 2 4 15 10 4 3 5 29 16 5 3 8 5 3 27 2 2 0 16 9 41 20 32 135 19 31 33 114 65 131 95 83 17 45 135 86 272 22 98 79 321 9 3 16 4 2 2 0 6 0 1 0 1 0 6 10 13 0 2 2 5 7 4 2 2 7 6 4 5 27 6 5 7 4 31 11 56 21 99 22 0 0 100 18 23 22 24 1 17 11 1 2 91 
1 2 3 0 0 1 3 2 4 6 3 0 1 1 1 2 8 4 5 3 2 0 1 16 7 0 1 6 5 11 3 12 49 5 19 12 54 29 69 33 39 11 38 92 44 214 105 10 42 443 2 5 5 1 3 1 2 1 0 2 0 0 0 4 6 6 3 0 2 0 1 0 2 5 3 5 0 0 8 1 8 3 3 9 11 21 9 95 8 0 0 48 5 13 10 9 1 10 9 0 0 51 
3 4 4 0 2 0 3 3 2 3 5 5 5 0 2 4 8 3 6 7 2 3 2 6 3 1 1 15 17 18 7 15 102 14 11 14 38 34 76 45 41 12 43 102 46 196 112 67 11 519 7 2 8 1 0 1 0 0 0 5 1 7 0 4 3 4 2 5 0 0 2 4 1 0 2 4 1 2 8 5 3 3 9 21 13 16 5 127 8 0 0 75 7 19 13 7 3 6 7 1 5 54 
41 41 29 7 14 15 19 11 25 34 18 22 24 23 15 16 45 31 29 22 19 16 12 84 30 1 2 86 66 178 35 86 614 57 99 91 332 181 533 222 209 23 138 312 171 484 232 253 218 47 32 12 74 9 2 4 6 5 0 3 7 13 0 20 15 35 11 12 8 9 17 15 16 18 23 22 6 17 86 17 23 30 26 90 23 50 43 523 42 0 0 263 30 55 61 36 10 26 69 6 3 285 
7 9 8 0 4 6 5 5 1 2 0 10 7 10 14 17 8 6 3 0 2 0 3 13 4 1 1 5 9 8 2 4 29 9 8 10 13 0 20 11 2 2 7 6 7 15 8 2 5 49 1 8 46 10 16 6 12 29 0 26 8 0 3 23 12 25 6 16 3 4 2 5 5 12 3 8 2 4 100 8 9 4 15 28 2 11 5 33 4 0 0 6 1 10 2 2 1 1 4 1 0 27 
3 3 1 0 1 6 2 3 1 6 2 4 3 9 0 12 5 1 3 1 0 0 3 3 1 0 0 2 6 6 1 7 12 0 3 8 12 3 11 7 3 0 1 2 3 8 3 4 1 13 7 4 23 18 6 2 9 10 0 10 9 0 0 7 6 10 2 6 4 0 3 0 7 10 1 4 0 1 63 3 1 1 3 15 9 8 10 5 1 0 0 9 0 4 5 1 2 1 5 0 1 9 
4 8 5 2 1 6 4 10 4 6 1 6 9 25 8 14 11 6 5 1 3 0 2 13 3 1 0 12 9 17 2 2 57 11 7 4 14 5 35 16 3 1 12 15 12 13 19 9 7 60 17 34 7 18 8 4 33 42 0 20 3 3 0 15 12 25 6 12 2 13 6 4 4 9 6 2 0 7 118 3 6 7 5 25 4 7 14 56 12 0 0 23 2 4 7 3 0 3 1 1 0 22 
1 4 7 0 0 6 2 1 2 7 2 2 3 8 5 8 12 5 2 0 0 1 0 5 1 0 0 1 1 2 2 5 11 7 3 1 9 2 9 5 7 1 0 8 3 7 2 3 1 11 6 28 28 3 13 2 7 25 0 15 1 3 3 18 10 13 4 7 5 4 2 2 0 5 0 4 0 6 71 1 9 1 6 22 1 2 1 8 2 0 0 10 1 3 0 4 0 1 2 1 0 15 
2 2 1 1 0 0 1 2 0 6 0 2 2 4 2 2 3 0 0 0 1 1 0 2 0 0 0 1 6 5 1 1 13 1 0 0 5 0 6 1 0 1 8 0 0 4 1 1 0 8 6 10 23 13 2 1 4 15 0 16 5 5 4 7 6 4 0 3 1 2 0 4 1 7 1 3 0 3 62 3 3 0 9 8 4 3 1 9 1 0 0 5 0 2 0 0 0 0 2 0 0 2 
1 1 0 0 0 2 0 0 0 1 0 1 1 2 2 4 1 0 0 0 0 0 0 1 1 0 0 2 5 2 1 2 3 4 0 2 2 0 4 1 3 0 0 1 0 1 2 0 2 8 3 2 9 5 0 0 4 17 0 8 5 1 1 3 2 5 1 0 2 1 5 2 3 2 1 1 0 4 44 4 2 0 2 3 3 1 4 9 1 0 0 2 0 0 0 1 0 0 2 0 0 3 
0 5 0 1 1 2 2 1 4 0 4 0 4 8 2 7 3 1 2 0 0 0 2 2 2 0 0 3 5 2 2 4 18 7 9 6 2 1 9 2 0 0 2 2 2 4 6 5 0 18 15 6 27 6 7 23 7 8 0 26 1 2 6 8 8 12 7 5 1 6 2 0 5 2 12 9 0 4 73 6 2 1 6 19 5 13 6 10 1 0 0 11 1 4 1 3 0 2 3 0 0 9 
3 1 6 0 1 2 3 4 4 4 1 4 9 15 3 15 6 4 5 0 1 0 1 7 3 0 0 3 3 7 0 4 16 6 9 3 6 2 11 5 9 0 2 12 0 1 2 0 1 14 12 11 43 34 8 39 11 5 0 24 7 4 1 14 9 12 6 8 2 8 5 7 3 2 9 14 5 11 90 18 8 1 4 26 16 13 7 20 2 0 0 14 3 4 3 1 0 0 1 1 0 4 
0 0 0 0 0 0 0 0 0 0 0 0 0 0 0 1 0 0 0 0 0 0 0 0 0 0 0 0 0 1 0 0 0 0 0 0 0 0 0 0 0 0 0 0 0 0 0 0 0 0 0 0 0 0 0 0 0 0 0 0 0 0 0 0 0 0 0 0 0 0 0 0 0 0 0 0 0 0 0 0 0 0 0 0 0 0 0 0 0 0 0 0 0 0 0 0 0 0 0 0 0 0 
12 11 13 1 2 5 3 7 0 2 2 9 6 14 9 26 14 11 5 4 0 1 1 21 6 0 1 9 23 7 3 4 14 5 2 1 2 4 8 2 4 2 4 7 3 1 6 2 2 18 20 13 33 21 9 2 9 19 0 4 4 13 2 3 13 23 6 15 5 7 15 14 9 5 9 4 1 3 41 9 4 3 1 5 3 6 1 11 1 0 0 12 2 0 0 1 1 1 1 0 1 5 
0 1 2 0 8 0 0 12 0 0 0 2 0 2 1 0 0 0 3 0 0 0 0 1 0 0 0 1 3 5 2 1 3 2 2 0 3 1 5 1 0 1 5 3 2 1 0 0 0 4 6 6 8 10 3 1 0 2 0 6 3 2 4 10 3 11 7 10 0 4 4 8 7 5 1 7 2 2 25 1 0 1 1 5 0 2 1 2 0 0 0 3 1 0 2 2 0 0 0 0 0 4 
1 0 1 0 1 4 4 1 0 2 0 2 3 5 3 7 4 5 1 0 1 0 0 0 3 0 0 1 1 7 1 4 7 13 13 2 25 7 17 13 5 7 6 6 5 9 5 5 3 31 5 2 7 5 1 2 0 4 0 12 8 4 0 19 9 18 5 12 2 15 2 13 3 5 0 3 0 3 24 3 2 1 6 17 2 2 3 10 1 0 0 8 0 1 1 1 1 1 0 0 0 1 
0 1 0 0 0 0 2 0 1 0 0 0 1 1 0 2 3 0 0 0 0 0 0 0 0 0 0 0 2 3 1 3 0 3 4 3 7 2 4 1 1 0 0 0 1 4 1 0 0 4 1 2 0 1 2 0 4 5 0 5 0 3 0 5 5 9 5 11 0 3 7 1 3 4 0 0 0 0 12 2 1 0 1 1 0 0 0 3 0 0 0 1 0 0 1 0 0 0 1 0 0 1 
3 2 0 0 1 2 2 3 0 1 1 2 2 0 0 2 1 3 0 0 0 0 0 0 1 0 0 2 7 8 3 3 9 3 12 7 25 7 21 16 2 1 1 5 15 12 5 0 3 13 9 11 25 4 1 2 8 1 0 10 4 9 5 2 18 14 8 13 4 7 7 17 5 4 2 4 0 4 20 2 1 1 0 2 0 0 3 3 3 0 0 8 0 0 0 0 0 0 0 0 0 0 
3 6 2 0 3 3 2 9 5 2 1 5 2 3 3 4 4 0 1 0 0 0 0 3 1 0 0 0 8 26 5 14 19 7 13 10 26 7 31 15 17 1 9 16 7 11 9 2 5 22 7 4 21 6 7 5 10 4 0 13 6 11 5 10 8 22 13 24 12 25 21 43 16 8 5 2 0 5 23 6 5 2 0 8 3 8 2 8 3 0 0 2 0 0 0 1 0 0 2 0 0 2 
12 13 5 0 5 9 4 14 10 6 3 1 1 0 1 5 0 2 2 0 0 0 0 0 1 0 0 1 15 46 20 36 45 20 20 14 53 5 37 23 14 3 15 12 19 16 14 9 3 47 20 16 44 21 11 4 16 35 0 40 20 20 12 19 39 17 20 40 24 46 82 96 50 48 10 1 1 13 73 9 7 2 4 15 7 9 4 22 12 0 0 8 3 4 0 0 0 0 0 0 1 1 
2 2 2 1 0 1 3 1 1 3 3 2 0 1 2 1 1 0 0 0 0 0 0 1 0 0 0 1 5 12 6 5 8 7 6 1 10 3 15 6 0 0 7 1 2 3 6 4 0 23 5 4 10 10 0 1 3 8 0 6 3 1 7 12 14 9 3 12 19 18 14 28 10 8 4 2 0 2 24 3 2 1 0 0 0 0 1 2 0 0 0 3 0 0 0 0 0 0 0 0 0 2 
3 8 0 0 0 1 4 0 2 1 0 0 0 0 0 0 1 0 0 0 0 0 0 0 0 0 0 0 7 11 2 3 7 5 4 3 16 9 21 0 1 1 5 3 6 8 1 6 1 13 2 3 23 1 3 5 4 6 0 10 12 4 4 9 21 31 8 3 7 22 16 40 11 14 0 1 0 1 25 4 3 1 2 5 1 3 0 2 0 0 0 2 0 0 1 0 0 0 0 0 0 2 
0 1 0 0 0 2 1 2 2 0 0 1 1 0 0 0 2 0 0 0 0 0 0 0 0 0 0 0 4 1 1 5 3 4 9 0 6 0 12 4 2 0 2 1 4 2 2 1 1 12 0 2 7 10 0 0 2 4 0 8 1 1 1 6 19 18 11 11 0 11 15 27 7 7 0 1 0 1 8 1 0 0 2 3 0 1 1 0 0 0 0 1 0 0 0 0 0 0 0 0 0 0 
0 3 0 0 0 0 3 1 3 3 0 0 0 5 1 3 0 0 0 0 0 0 0 0 0 0 0 0 9 14 0 3 11 8 5 4 11 12 10 2 0 1 2 2 1 5 0 1 1 10 9 1 21 2 1 0 5 5 0 13 8 12 5 11 32 55 19 20 15 3 14 42 14 16 4 0 0 0 18 1 1 3 0 5 2 0 0 6 1 0 0 3 0 0 0 1 0 0 0 0 0 0 
0 0 3 0 1 3 1 2 2 3 0 1 0 1 1 0 0 0 0 0 0 0 0 0 0 0 0 0 2 3 3 1 5 7 7 4 22 11 33 4 2 1 0 6 7 4 1 0 1 19 1 0 8 5 3 2 6 7 0 14 3 2 1 5 18 27 8 14 22 11 3 28 2 12 0 1 2 3 13 1 2 1 2 2 0 2 0 4 2 0 0 4 0 1 0 1 0 0 0 0 0 3 
1 0 4 0 0 0 2 1 2 1 0 1 14 7 0 1 0 0 0 0 0 0 0 0 0 0 0 0 4 2 2 2 22 14 9 4 25 7 22 7 3 0 2 4 4 7 4 0 0 17 8 0 10 4 5 0 3 3 0 15 6 4 1 12 22 35 22 36 12 20 26 5 17 17 1 0 1 3 18 2 4 0 1 6 2 1 0 8 4 0 0 2 0 0 0 0 0 0 0 0 0 1 
3 6 1 1 0 3 5 3 3 1 2 3 7 0 0 4 6 2 0 1 0 0 0 0 0 0 0 0 2 2 6 8 11 22 9 10 24 18 29 10 9 1 5 11 16 10 7 2 6 32 8 6 12 8 3 6 11 12 0 13 7 5 10 16 40 59 34 31 7 36 22 57 5 21 3 2 0 1 30 4 7 3 2 10 1 3 3 13 3 0 0 9 0 1 2 5 0 0 0 0 0 3 
6 5 1 3 0 1 4 2 5 8 3 2 1 0 0 2 0 0 1 0 0 0 0 0 0 0 0 0 1 2 2 1 4 9 5 5 17 3 13 4 4 0 7 2 0 3 5 0 3 30 7 2 13 3 4 4 3 8 0 14 6 3 4 14 28 40 14 17 9 34 21 33 13 5 3 3 0 2 29 3 3 3 0 5 1 2 0 4 3 0 0 4 0 0 0 0 2 1 1 0 0 1 
2 3 0 2 3 0 0 0 3 4 0 2 2 8 5 5 9 3 2 0 0 0 2 2 3 0 0 5 5 5 2 4 9 1 3 2 3 5 15 4 4 0 7 10 4 16 6 1 5 23 3 2 2 1 0 2 0 12 0 8 6 0 3 2 2 13 2 4 2 2 0 2 1 3 6 5 3 12 149 4 8 7 9 50 10 13 7 39 4 0 0 12 1 7 5 4 1 5 1 0 5 16 
1 1 2 0 4 2 0 4 2 2 1 5 2 3 1 6 5 1 1 0 5 0 1 6 0 0 0 1 2 4 0 2 6 3 2 2 2 2 7 2 4 1 6 27 7 14 8 7 3 19 5 9 6 6 5 1 3 14 0 9 3 1 0 8 4 13 4 2 1 1 2 1 1 0 3 5 4 24 151 13 13 12 11 55 10 24 5 26 2 0 0 14 6 6 9 6 4 4 1 2 3 13 
0 1 0 0 0 2 0 3 0 2 0 0 1 3 1 0 0 0 0 0 0 0 0 1 0 0 0 0 2 0 0 1 4 0 1 0 1 2 0 2 0 0 1 3 0 1 2 2 0 2 0 0 2 3 1 1 1 3 0 3 0 0 0 1 2 6 1 1 0 2 0 0 0 2 2 4 2 12 45 2 4 7 3 30 8 5 0 11 4 0 0 4 0 7 2 1 0 0 0 0 0 3 
1 3 3 0 0 3 2 3 0 2 0 0 1 5 3 7 0 2 1 0 0 0 0 1 0 0 0 1 1 4 1 0 12 2 0 0 2 5 6 2 4 0 3 3 6 6 9 7 2 18 3 1 4 4 4 1 3 9 0 2 2 2 0 5 6 5 0 5 0 3 4 2 0 2 9 15 7 2 64 24 7 5 7 41 6 19 3 23 3 0 0 10 2 4 2 1 0 4 2 1 2 11 
13 13 10 1 6 5 4 6 7 9 4 15 7 25 9 27 21 16 11 1 3 0 0 12 4 0 1 15 12 15 9 16 41 15 11 6 20 5 35 17 8 0 21 21 19 20 11 3 7 78 50 49 80 49 34 20 36 82 0 24 7 2 3 32 22 23 10 10 13 11 15 20 10 18 75 96 38 72 10 63 45 15 29 196 74 33 17 93 20 0 0 33 5 8 13 5 1 8 13 2 0 30 
3 0 0 0 0 2 0 0 1 2 1 5 3 4 1 0 2 0 1 1 1 1 0 0 0 0 0 3 1 9 0 1 6 3 2 4 4 2 3 4 2 0 19 12 4 10 10 3 0 34 8 1 18 2 7 3 6 22 0 8 2 2 1 3 9 11 0 2 3 1 2 3 2 0 32 20 6 24 120 6 19 15 11 108 41 26 8 34 13 0 0 16 11 8 3 1 1 4 6 3 0 14 
0 3 0 1 0 1 2 0 1 2 0 0 0 0 0 3 2 1 3 0 0 0 0 2 0 0 0 1 2 5 2 5 4 0 0 2 1 0 8 4 4 0 15 26 0 11 5 4 6 21 4 4 12 1 1 1 4 12 0 4 1 1 1 4 4 4 0 0 3 1 3 6 0 5 17 16 3 8 91 18 5 6 15 77 46 24 4 43 2 0 0 23 3 9 4 6 1 2 2 1 0 20 
1 0 1 0 0 0 0 1 1 1 0 0 0 1 0 2 1 0 0 0 0 1 0 3 1 0 0 0 3 2 1 0 9 2 0 0 1 2 9 1 3 3 11 10 1 9 13 1 4 28 0 0 2 4 0 1 0 5 0 3 0 1 2 0 1 0 1 0 4 5 0 2 2 2 8 11 3 4 33 15 8 3 5 47 24 19 6 45 9 0 0 20 6 12 3 5 0 2 10 0 1 17 
1 1 0 0 0 1 3 0 1 1 1 0 0 0 0 0 0 1 0 0 0 0 0 0 0 0 0 0 1 1 0 1 4 2 0 0 3 2 5 1 3 1 9 14 6 8 11 1 6 18 6 2 7 4 2 0 5 13 0 1 1 1 0 0 1 0 0 0 1 0 2 4 3 2 12 8 2 13 58 11 22 1 5 79 54 25 6 42 9 0 0 24 5 8 3 6 0 7 3 0 0 22 
4 3 0 0 3 2 7 2 2 1 2 1 1 1 0 1 0 0 0 0 0 4 0 0 3 0 0 3 6 3 0 1 7 1 1 1 6 4 17 10 18 3 33 59 13 57 27 16 7 81 19 7 30 13 6 5 20 37 0 8 1 3 1 1 8 2 1 2 0 1 1 3 6 7 56 54 16 52 202 80 74 29 87 16 120 57 32 131 25 0 0 96 11 33 24 23 6 16 17 2 3 65 
2 0 0 0 0 0 1 0 1 0 0 2 0 1 0 0 0 0 1 0 0 0 0 0 0 0 0 0 4 2 0 1 4 1 0 0 2 0 4 10 4 1 25 40 10 24 20 5 8 23 3 3 7 2 0 2 9 11 0 3 0 2 1 1 1 1 1 2 0 1 1 0 0 1 9 4 3 10 63 32 13 11 24 111 2 38 12 43 7 0 0 41 6 9 8 12 3 8 10 0 1 40 
5 1 4 2 3 0 3 1 4 2 3 0 0 2 0 3 5 4 3 1 0 0 0 4 3 0 0 5 9 7 4 15 28 6 14 8 14 14 41 5 11 7 65 152 33 49 36 35 19 104 11 11 25 12 0 0 8 11 0 5 2 9 3 6 5 4 3 3 2 2 2 7 3 8 20 11 1 19 56 21 22 15 28 85 67 6 27 106 69 0 0 113 21 35 16 31 4 21 25 8 9 60 
1 7 3 0 1 5 0 0 1 3 0 0 0 2 4 3 4 6 0 1 0 1 1 3 1 0 0 1 2 8 1 4 17 4 7 1 18 9 30 12 11 3 30 78 25 37 12 5 8 57 3 3 9 1 0 2 4 3 0 0 6 0 1 1 0 4 1 4 1 0 2 0 0 3 9 7 2 6 36 12 15 9 8 51 24 21 4 46 48 0 0 69 13 18 15 14 3 16 14 1 0 46 
23 22 12 3 1 8 14 6 12 8 3 6 7 11 3 9 15 13 4 3 12 4 9 27 16 0 0 38 6 48 11 23 191 28 13 15 62 56 178 23 17 11 84 136 36 160 94 53 73 440 31 14 49 3 9 4 16 13 0 12 5 5 1 4 5 21 4 2 4 3 4 5 12 10 46 23 4 24 99 33 37 29 33 154 44 48 47 16 46 0 0 209 30 45 32 52 9 35 41 6 8 275 
10 1 1 0 0 0 3 0 3 3 0 4 1 0 1 5 0 2 1 0 0 0 3 5 0 0 0 6 4 24 1 10 21 5 13 6 42 21 29 9 14 11 34 137 22 38 16 7 10 75 3 5 9 1 2 1 3 5 0 7 0 3 0 1 1 1 2 2 0 0 0 2 0 2 7 5 2 4 20 4 10 7 10 25 13 37 24 49 4 0 0 79 9 21 21 21 1 14 15 0 2 59 
0 0 0 0 0 0 0 0 0 0 0 0 0 0 0 0 0 0 0 0 0 0 0 0 0 0 0 0 0 0 0 0 0 0 0 0 0 0 0 0 0 0 0 0 0 0 0 0 0 0 0 0 0 0 0 0 0 0 0 0 0 0 0 0 0 0 0 0 0 0 0 0 0 0 0 0 0 0 0 0 0 0 0 0 0 1 0 1 0 0 0 0 0 0 0 0 0 0 1 0 0 0 
0 0 0 0 0 0 0 0 0 0 0 0 0 0 0 0 0 0 0 0 0 0 0 0 0 0 0 0 0 0 0 0 0 0 0 0 0 0 0 0 0 0 0 0 0 0 0 0 0 0 0 0 0 0 0 0 0 0 0 0 0 0 0 0 0 0 0 0 0 0 0 0 0 0 0 0 0 0 0 0 0 0 0 0 0 0 0 0 0 0 0 0 0 0 0 0 0 0 0 0 0 0 
7 5 3 1 2 6 2 1 2 0 3 3 9 7 0 10 11 3 4 5 0 3 0 3 2 0 0 6 5 14 7 22 35 14 35 11 66 45 104 27 21 8 44 133 49 97 47 31 43 127 6 6 8 3 1 1 4 8 0 1 2 8 0 6 9 5 0 4 0 0 1 6 1 3 7 8 1 9 40 9 12 16 14 55 23 66 53 124 55 0 0 10 25 54 20 48 7 38 25 5 5 88 
2 1 3 1 0 0 2 1 17 1 2 2 1 0 1 1 3 4 2 0 3 0 0 0 0 1 0 0 2 6 0 4 10 1 9 1 19 9 36 13 14 5 35 76 17 32 16 9 10 66 1 0 4 2 1 0 1 2 0 1 2 1 0 1 1 1 0 2 0 0 3 1 0 1 2 1 0 5 15 10 3 2 3 32 12 27 12 46 20 0 0 71 6 7 10 14 5 11 9 3 0 24 
2 0 3 0 1 1 5 1 0 1 1 0 1 1 3 3 1 0 0 0 0 0 0 3 1 0 0 3 5 5 0 8 13 9 3 3 28 15 36 12 4 4 21 38 12 35 13 18 7 52 3 0 7 1 3 0 2 4 0 4 2 2 0 0 4 1 0 0 0 0 0 0 0 0 6 4 0 3 13 11 13 7 11 36 15 22 20 52 14 0 0 104 10 1 2 13 1 14 13 0 1 42 
0 1 2 0 1 0 0 1 2 0 0 1 0 1 0 2 2 0 0 0 0 0 0 1 0 0 0 1 0 5 4 5 12 4 6 3 14 3 22 11 10 0 17 42 4 23 18 10 8 62 1 0 4 1 0 1 2 4 0 2 2 1 0 0 3 0 0 0 0 0 0 0 0 0 7 1 0 5 10 5 9 5 4 19 8 21 11 41 12 0 0 43 4 2 6 8 0 12 8 4 4 41 
4 1 2 0 2 2 0 1 3 0 0 2 2 4 1 1 1 0 0 0 0 0 1 0 1 0 0 0 4 8 2 0 15 3 8 5 15 9 42 11 9 3 36 76 21 54 10 4 9 78 1 0 5 3 0 0 1 2 0 1 0 2 0 1 0 0 0 0 0 0 0 0 0 1 2 1 0 1 7 2 4 6 3 20 9 30 18 103 14 0 0 116 14 12 15 3 1 12 4 3 5 53 
0 0 0 0 0 0 0 0 0 0 0 0 0 0 0 1 0 0 0 0 0 0 0 0 0 0 0 1 0 3 0 0 1 1 0 1 1 2 1 0 1 0 4 2 7 10 2 0 0 13 0 0 0 0 0 0 0 2 0 0 0 0 0 0 0 0 0 0 0 0 0 0 2 0 2 1 0 2 4 0 0 0 0 2 5 7 2 11 2 0 0 16 2 4 2 1 2 0 0 0 1 2 
2 0 2 0 1 1 3 0 3 2 0 1 0 0 1 1 2 0 0 0 0 0 0 2 0 0 0 0 2 3 1 3 4 5 5 1 22 3 26 2 3 1 27 33 17 26 14 6 4 53 3 2 6 4 0 2 3 0 0 5 0 1 0 0 0 1 0 0 0 0 0 0 0 0 2 9 1 2 16 4 11 11 5 31 8 30 7 36 17 0 0 67 15 12 16 13 0 5 2 0 1 36 
0 3 2 0 1 0 0 0 2 1 0 3 1 1 0 1 1 0 0 0 0 1 0 0 0 0 0 1 1 5 1 2 3 0 2 1 16 6 15 4 7 2 21 27 16 34 18 3 5 38 3 3 4 3 0 2 1 2 0 1 0 0 0 0 0 1 0 0 0 0 0 0 0 0 4 3 2 1 12 6 6 8 3 13 9 15 6 43 6 0 0 48 6 5 9 6 2 3 5 0 0 17 
0 0 0 0 0 0 0 0 0 0 0 0 0 0 0 0 0 0 0 0 0 0 0 0 0 0 0 0 2 2 1 0 1 0 0 0 2 0 12 3 0 0 5 5 1 4 1 0 1 12 1 0 1 0 0 1 0 0 0 0 0 0 0 0 0 0 0 0 0 0 0 0 0 0 0 0 0 0 3 1 0 2 2 1 2 1 1 5 1 0 0 13 0 2 2 2 0 2 1 1 0 2 
0 1 0 0 0 0 0 0 0 1 0 0 0 0 1 0 0 0 0 0 0 0 0 0 0 0 0 0 0 0 0 0 1 0 0 0 0 1 2 1 2 0 6 4 3 8 2 5 0 14 0 0 0 0 0 0 0 0 0 0 0 1 0 0 0 0 0 0 0 0 0 0 0 0 1 1 0 0 4 0 1 1 3 2 1 0 1 9 3 0 0 11 1 2 0 2 1 2 0 1 0 2 
1 8 2 1 1 4 3 4 3 1 2 4 3 2 0 1 2 1 1 0 2 1 2 0 2 0 0 8 2 13 7 9 29 10 6 7 22 25 51 24 13 7 39 66 29 55 34 18 18 121 9 4 15 6 4 2 5 5 0 5 3 0 2 0 1 1 0 1 0 1 0 0 2 2 7 7 0 3 25 5 8 8 7 33 6 25 13 112 21 0 0 83 13 34 28 41 3 25 17 2 3 11 
