4 7 23 8 8 28 21 23 21 34 6 22 54 74 39 60 18 24 20 7 16 12 3 47 16 1 0 20 120 2 1 6 21 4 9 4 9 5 21 19 17 0 8 7 9 11 17 8 4 48 6 3 1 4 1 0 2 4 0 0 3 2 1 0 9 9 7 7 1 2 4 0 2 3 2 1 0 1 6 3 1 0 1 5 1 5 1 31 1 0 0 5 0 2 2 1 0 0 1 0 1 18 
8 7 9 6 10 30 22 28 40 28 16 38 42 102 52 77 41 24 21 8 12 14 4 48 18 0 4 24 89 6 2 8 13 5 10 8 5 12 40 15 8 1 10 13 13 12 12 6 6 61 4 1 9 4 5 2 9 9 0 2 2 3 0 3 5 5 5 4 0 1 5 0 6 3 1 0 0 1 17 0 0 0 3 3 0 6 0 25 3 0 0 9 3 3 3 2 1 0 0 0 0 9 
24 18 7 8 9 21 28 24 32 14 11 30 44 81 49 55 44 18 18 3 6 12 4 17 6 0 5 17 119 4 0 9 11 3 8 2 2 2 28 12 17 2 6 8 10 8 9 4 4 39 9 1 9 5 3 1 2 4 0 3 0 1 2 4 2 8 4 1 1 3 3 2 2 2 3 0 0 3 15 1 4 2 1 8 1 6 3 27 3 0 0 5 0 3 2 1 0 0 0 0 0 6 
5 6 17 2 3 7 9 7 7 4 4 2 5 7 4 7 5 3 2 0 1 3 0 5 4 0 0 4 23 0 1 0 1 1 0 0 0 0 5 1 1 1 2 0 0 6 0 0 3 16 0 0 1 0 0 0 0 0 0 2 0 0 0 0 0 3 0 0 0 1 1 0 1 2 0 0 0 0 1 1 0 0 0 0 0 2 0 4 1 0 0 2 0 0 0 0 0 0 1 0 0 0 
5 9 5 0 1 4 12 7 6 9 3 7 20 38 10 24 17 4 11 4 2 2 1 6 11 0 0 12 22 2 0 1 4 0 1 0 1 2 10 2 3 1 3 2 1 2 5 0 1 20 2 0 3 0 0 0 2 0 0 1 0 2 0 0 0 3 0 0 0 0 0 0 1 1 1 0 0 1 15 0 0 1 0 1 0 1 1 6 0 0 0 0 0 1 0 1 0 0 1 0 0 1 
31 47 31 9 8 8 13 21 18 15 7 22 49 87 50 56 35 20 15 1 7 9 2 21 9 0 2 34 112 4 0 2 5 3 3 1 5 4 11 17 8 0 2 5 5 4 8 2 5 28 3 5 8 5 1 0 1 3 0 0 0 1 0 4 3 8 2 4 0 0 5 2 2 0 0 1 0 2 11 1 0 1 0 5 0 3 1 9 1 0 0 3 2 2 2 1 0 0 0 1 0 4 
12 36 17 10 6 15 7 21 34 20 7 13 55 76 24 69 35 24 15 14 10 7 6 10 5 0 0 8 73 3 5 2 7 2 2 1 2 8 33 9 13 2 8 3 10 7 7 4 4 21 2 2 10 3 0 0 0 1 0 2 1 4 3 2 5 7 1 2 0 0 2 3 1 3 1 3 0 0 5 0 0 0 0 2 2 6 2 5 4 0 0 7 0 0 1 0 0 2 0 0 0 7 
14 14 21 3 3 14 18 8 32 21 4 17 62 83 44 66 54 21 25 8 17 19 3 32 4 3 1 10 47 3 2 9 7 2 1 2 0 4 32 13 11 1 8 10 9 16 9 4 2 26 5 2 10 2 1 1 0 4 0 1 0 3 2 5 6 8 3 2 0 1 2 3 2 5 1 0 0 1 15 3 0 1 2 1 7 3 1 10 0 0 0 9 1 0 0 0 0 1 1 0 1 0 
21 40 35 10 9 29 30 15 4 27 8 34 44 84 39 79 36 27 31 17 8 6 5 19 5 0 1 23 58 3 3 6 5 2 0 0 0 2 28 14 14 5 11 8 4 14 8 4 7 31 4 4 2 6 1 2 1 1 0 0 1 5 0 1 4 9 3 1 2 1 3 0 2 2 3 5 0 1 15 1 0 0 0 1 3 2 1 5 1 0 0 7 2 2 0 3 0 3 1 0 0 2 
15 17 8 2 5 8 14 6 10 4 2 3 21 44 16 42 16 7 14 5 13 9 7 25 5 2 1 20 31 1 1 1 1 0 1 0 0 4 17 4 7 0 3 1 6 3 1 3 0 8 3 2 4 7 3 0 5 1 0 2 3 1 1 1 1 4 4 1 1 4 4 0 3 4 2 1 0 1 16 0 1 3 0 4 0 2 1 3 2 0 0 4 3 1 1 0 0 1 2 0 0 3 
12 16 12 4 8 5 8 7 16 8 2 6 17 34 16 28 29 7 16 4 8 4 4 13 7 0 1 16 9 3 0 0 5 0 1 0 1 0 33 10 4 0 5 2 6 13 3 1 6 34 3 2 3 1 1 0 1 1 0 1 0 1 1 1 0 3 0 0 0 0 0 1 3 3 1 0 0 0 9 0 0 0 1 0 0 1 0 4 0 0 0 3 0 0 0 4 0 2 2 0 0 3 
29 50 24 4 14 22 30 20 25 29 8 9 51 62 24 61 36 17 34 11 28 17 12 45 20 5 4 33 49 19 3 8 14 0 3 1 2 9 27 14 15 2 3 4 6 12 5 2 0 30 3 1 5 8 2 3 4 0 0 3 1 3 0 0 0 7 0 1 3 1 2 2 0 5 3 4 1 3 7 1 0 0 1 0 0 0 0 0 0 0 0 8 4 1 0 0 0 2 0 0 0 5 
40 51 27 3 8 23 47 40 41 20 29 19 7 71 21 70 42 41 29 10 28 24 9 56 29 1 0 53 28 10 3 4 10 2 2 0 5 5 29 19 5 1 11 14 4 14 10 0 7 35 4 10 12 2 3 2 1 8 0 9 0 3 1 0 1 6 4 0 0 0 0 4 6 0 7 4 0 1 20 0 1 0 1 2 0 1 1 1 0 0 0 19 2 1 2 1 0 0 1 1 0 5 
44 76 71 20 15 46 58 46 70 38 20 46 62 10 14 52 70 59 65 25 44 43 17 71 46 5 4 159 69 5 1 4 6 1 0 2 1 6 26 13 13 4 8 9 7 18 10 3 3 29 9 7 12 7 0 2 9 15 0 8 1 2 0 2 1 1 0 0 0 0 0 1 0 4 5 8 1 2 31 1 2 0 1 0 0 1 1 5 1 0 0 12 1 0 0 0 1 0 2 1 0 5 
40 52 48 8 18 32 40 37 32 36 15 29 33 19 5 18 39 30 44 15 34 14 17 54 32 2 2 81 42 9 4 3 5 2 1 3 2 3 10 9 4 1 14 6 6 13 4 2 4 27 5 3 17 11 4 6 5 5 0 2 1 3 0 0 0 0 0 1 0 1 2 2 4 1 3 1 1 3 12 2 1 0 0 0 1 1 1 2 1 0 0 7 2 2 2 2 1 1 1 0 0 2 
42 45 37 10 8 38 33 39 38 38 26 45 71 43 15 10 47 69 55 55 85 33 30 132 41 5 8 106 58 30 14 15 43 12 12 7 30 6 17 40 21 1 17 19 15 18 21 3 6 53 14 6 16 6 2 4 11 9 0 3 1 1 0 1 7 5 2 2 0 1 4 3 4 5 8 7 2 1 32 1 1 1 0 0 0 4 0 13 4 0 0 19 3 1 0 3 0 0 1 1 1 6 
25 39 22 5 18 20 42 27 41 47 13 27 63 104 41 80 14 45 74 29 58 31 31 87 32 4 4 92 27 33 12 24 32 21 24 15 33 9 66 27 21 5 28 27 29 39 24 6 4 69 11 7 11 7 2 2 4 7 0 9 0 6 1 3 3 1 0 0 0 0 0 2 2 2 6 3 1 1 20 4 5 2 0 1 1 6 1 22 2 0 0 16 1 2 1 3 0 1 1 0 0 6 
15 30 6 4 6 23 26 21 21 22 6 19 46 77 39 80 43 12 37 12 30 10 19 37 13 4 0 52 31 27 3 9 22 4 15 8 29 14 51 23 17 1 10 15 18 28 14 6 8 31 5 0 5 7 0 1 5 7 0 3 5 2 1 1 1 0 1 0 0 0 0 0 1 2 1 2 0 3 6 1 2 0 0 0 0 5 1 7 4 0 0 12 1 2 1 0 0 2 0 0 0 3 
5 17 15 1 4 8 6 16 13 13 9 19 33 67 27 76 31 30 0 23 39 8 18 39 23 1 1 57 25 5 7 5 19 7 5 5 20 6 24 15 20 0 6 8 10 16 14 8 8 32 3 0 3 1 0 1 1 5 0 2 0 1 0 1 0 1 0 0 0 0 0 0 0 3 1 2 1 3 7 0 1 1 0 0 0 2 0 6 5 0 0 7 0 0 0 1 0 0 0 0 0 2 
12 15 17 1 7 6 9 6 11 13 10 16 16 40 19 58 31 20 32 4 9 6 7 25 26 11 6 61 17 7 2 8 14 3 2 2 7 8 33 4 10 1 3 3 5 9 8 3 2 19 2 1 2 4 2 2 0 2 0 3 0 0 1 1 0 1 0 0 0 1 0 0 0 0 0 0 1 0 9 0 1 0 0 1 0 2 3 6 3 0 0 3 1 0 0 0 0 0 0 0 0 3 
5 8 13 0 1 6 9 15 13 9 3 28 28 86 26 96 39 50 54 3 11 12 23 28 20 4 8 50 21 3 0 0 3 4 5 4 16 5 57 12 15 3 5 6 6 14 7 6 3 15 1 1 2 0 0 0 3 1 0 0 0 1 2 0 0 0 0 0 0 0 0 0 0 0 2 4 0 0 4 1 3 1 0 2 0 6 0 3 2 0 0 3 0 2 0 0 0 0 0 0 0 1 
11 5 12 0 1 6 14 10 11 19 6 15 29 60 28 56 33 20 37 13 6 6 14 25 9 12 7 45 11 5 1 1 11 4 9 3 12 6 45 2 5 0 4 5 1 15 12 3 3 27 0 1 5 0 0 0 0 2 0 3 0 1 0 0 0 0 1 2 0 0 0 0 0 0 1 0 0 2 3 0 0 1 0 2 0 2 1 3 1 0 0 3 0 0 1 2 0 0 0 0 0 0 
4 4 3 0 2 7 2 8 8 9 8 15 20 49 30 72 32 27 39 8 28 6 1 16 5 7 5 59 7 1 0 3 12 2 6 2 13 5 39 3 4 0 2 6 2 17 2 2 1 18 2 2 1 0 0 2 0 4 0 1 0 0 0 1 0 0 0 0 0 0 0 0 1 0 0 1 0 1 4 0 0 0 0 0 0 1 1 7 0 0 0 1 0 0 0 0 0 0 0 0 0 1 
9 16 9 3 3 9 7 15 19 31 13 36 43 95 56 136 82 62 65 11 27 11 29 10 9 24 25 105 14 11 1 1 36 2 5 8 42 14 82 15 16 2 2 13 18 17 14 5 7 61 4 10 8 1 1 0 7 3 0 1 2 3 0 0 0 0 0 0 0 0 0 0 0 0 2 2 0 0 15 1 0 0 0 0 0 0 2 15 3 0 0 9 2 1 1 0 0 0 0 0 0 1 
13 15 4 3 3 10 9 12 10 28 10 18 28 66 22 97 46 28 40 21 28 22 10 14 9 0 7 44 13 9 4 7 92 1 10 3 15 12 31 12 25 2 11 14 13 21 21 11 12 88 11 2 11 3 2 3 1 4 0 2 0 0 0 0 1 1 0 0 0 0 0 0 0 1 6 2 0 1 15 0 1 1 1 0 0 4 5 56 2 0 0 9 0 0 0 1 0 3 0 0 0 4 
0 0 2 0 0 0 0 1 2 0 0 1 3 14 4 19 15 12 11 5 12 14 6 28 7 1 1 13 0 1 0 1 4 0 0 0 3 0 4 2 2 0 0 3 2 3 0 0 1 4 0 0 0 0 0 0 1 0 0 0 0 0 0 0 0 0 0 0 0 0 0 0 0 0 0 0 0 0 1 0 0 1 0 0 0 0 0 0 1 0 0 1 0 0 0 0 0 0 0 0 0 0 
0 2 2 1 0 0 1 0 2 0 1 0 3 8 5 25 8 9 4 7 22 8 11 37 6 6 1 45 0 0 0 2 8 1 2 1 8 3 14 1 1 0 1 0 1 1 3 1 0 7 1 1 0 0 0 0 0 0 0 0 0 0 0 0 0 0 0 0 0 0 0 0 1 0 0 0 0 0 3 0 0 1 0 0 0 1 0 2 1 0 0 1 0 0 0 0 0 0 0 0 0 1 
20 21 17 0 10 22 13 17 27 41 15 26 46 127 81 173 70 38 54 40 89 87 51 115 39 7 29 12 14 2 2 8 27 11 10 9 34 30 61 50 48 4 17 15 17 22 21 14 11 122 9 4 14 8 2 2 4 4 0 1 1 1 0 1 1 2 0 0 1 0 0 2 0 2 2 4 1 2 18 1 1 1 0 2 1 11 2 40 1 0 0 6 0 0 2 3 0 3 0 0 0 16 
40 55 59 10 18 57 54 51 37 28 5 17 20 28 18 28 22 14 19 7 7 5 5 11 9 0 0 8 5 2 0 0 5 4 4 0 6 3 11 17 6 1 5 3 4 9 7 2 0 21 2 0 3 0 0 0 2 1 0 0 0 1 1 4 4 6 0 7 0 1 0 2 3 3 0 1 0 2 11 1 0 0 1 1 0 0 1 6 0 0 0 2 4 1 1 0 0 0 0 0 0 0 
0 5 2 0 4 0 5 4 2 7 8 5 16 4 3 13 23 22 18 7 11 5 3 10 6 0 0 2 2 12 108 113 268 62 112 158 424 169 278 134 103 4 59 68 47 63 64 23 15 203 6 5 12 14 6 4 4 9 0 8 6 11 9 19 14 35 6 5 9 11 5 11 8 0 3 3 0 2 32 2 4 5 3 5 1 12 11 60 18 0 0 35 9 8 2 9 0 2 6 4 1 37 
0 3 1 0 0 3 2 5 1 0 0 1 11 1 1 5 13 7 6 3 0 1 2 3 0 1 1 2 5 89 2 72 89 17 42 24 125 75 123 24 23 0 17 14 13 29 15 3 5 41 2 3 3 4 0 0 0 4 0 7 0 9 2 6 8 17 3 9 3 4 1 0 3 1 5 1 0 0 9 3 3 0 0 0 0 3 1 18 2 0 0 15 2 4 2 1 1 1 2 0 0 17 
3 1 0 1 1 4 3 5 1 0 2 1 7 6 3 6 51 12 10 3 2 0 2 7 3 2 1 8 9 107 78 5 95 24 74 76 226 130 239 83 67 5 39 50 49 67 52 23 25 170 8 3 12 10 3 0 5 4 0 11 6 3 0 9 10 16 7 3 3 3 1 3 6 2 2 3 0 5 12 0 2 2 1 2 1 7 2 44 9 0 0 40 4 9 7 3 3 3 1 1 1 18 
12 25 7 0 2 8 14 4 13 5 5 12 12 7 6 27 56 21 11 6 11 7 6 92 30 1 2 24 12 212 104 127 17 53 94 125 258 116 254 170 145 12 125 75 83 143 104 60 70 667 51 26 77 21 8 8 13 17 0 13 4 10 2 12 10 37 7 26 13 18 15 15 17 9 15 3 2 2 65 5 4 9 5 11 2 14 8 144 16 0 0 72 10 14 12 11 0 4 5 0 1 104 
1 2 1 0 2 3 1 0 1 0 0 0 2 1 0 5 16 6 5 0 1 1 2 5 2 0 0 3 2 74 26 25 35 5 14 16 78 41 96 60 33 8 28 31 24 41 33 5 11 72 4 2 12 4 0 5 1 9 0 13 1 11 1 1 6 13 1 5 3 5 7 9 3 9 6 0 0 1 25 4 1 0 0 1 2 1 1 12 3 0 0 19 8 7 1 2 0 1 1 0 0 9 
0 4 1 0 0 5 1 1 1 1 2 0 4 4 2 16 21 9 13 5 7 4 2 9 1 0 4 5 4 118 42 81 84 28 13 25 151 87 133 96 39 6 38 44 53 80 36 9 29 134 7 7 6 2 4 6 2 8 0 2 2 11 6 8 8 13 5 2 2 8 6 10 19 3 1 1 0 3 19 2 1 1 0 3 3 5 2 19 14 0 0 43 8 4 10 11 0 9 2 0 0 20 
3 6 2 0 0 2 1 0 1 0 1 0 2 3 2 11 11 10 7 7 3 3 1 8 8 2 0 12 4 92 46 57 93 19 32 3 97 51 131 69 26 8 25 30 28 50 39 12 13 122 4 1 7 4 2 1 4 4 0 3 0 7 1 9 2 12 2 4 2 1 5 8 7 4 0 0 0 0 7 0 0 0 0 0 0 4 2 14 2 0 0 27 4 3 1 5 0 4 7 0 0 15 
4 7 3 0 1 3 3 1 3 5 2 2 8 2 1 37 26 14 17 6 8 5 4 24 14 1 3 21 6 282 120 204 265 76 137 125 11 111 322 262 127 35 96 144 98 193 109 36 52 341 16 10 29 11 0 2 5 9 0 3 2 20 7 32 15 24 9 15 13 5 21 23 12 6 12 5 1 2 35 2 3 1 1 10 4 22 8 50 29 0 0 98 23 15 19 16 2 15 12 2 1 48 
7 14 6 5 1 7 4 3 7 10 3 14 14 10 1 6 15 7 13 4 7 7 8 24 16 2 2 17 11 129 52 98 79 32 61 36 102 14 177 148 80 18 62 94 89 111 72 43 30 245 5 2 11 3 1 2 1 1 0 1 1 16 2 9 8 4 2 6 0 2 13 8 7 4 6 0 0 2 3 2 0 0 1 0 2 11 13 46 14 0 0 75 13 5 11 9 0 3 8 0 0 34 
17 22 18 6 8 16 7 25 18 17 9 21 17 21 9 10 40 47 28 26 38 17 7 43 21 3 3 39 30 188 64 152 221 78 119 75 387 113 15 246 178 22 89 110 117 167 104 41 55 384 14 7 23 11 2 4 5 7 0 1 4 15 12 29 15 19 6 7 7 10 26 11 18 12 10 5 1 3 36 5 0 9 1 12 9 23 25 81 33 0 0 127 20 23 10 9 4 10 16 1 3 63 
12 20 10 3 10 10 8 15 14 13 7 13 16 14 14 21 38 15 18 6 9 8 5 26 25 0 4 17 14 100 24 67 172 44 124 45 306 133 437 22 38 7 67 112 75 191 118 46 46 307 5 5 12 9 5 0 7 7 0 1 2 14 0 13 21 17 1 3 1 3 3 6 3 7 3 2 0 2 18 1 7 2 4 14 6 4 4 21 17 0 0 57 12 4 5 7 0 6 3 1 0 38 
8 12 16 0 7 8 7 13 8 11 0 4 17 8 3 15 26 15 8 8 13 4 3 32 5 0 0 23 29 56 17 53 151 42 44 45 220 116 247 47 8 12 39 66 37 86 62 55 26 261 3 4 6 2 1 0 4 4 0 3 1 3 8 7 4 12 3 1 1 3 1 8 3 8 5 4 1 3 13 5 7 4 6 12 3 7 13 7 7 0 0 50 15 5 5 9 1 1 7 0 0 27 
3 5 1 0 0 0 2 0 1 2 1 1 3 3 0 0 3 3 0 0 3 1 2 2 2 0 0 1 4 7 2 7 11 6 8 6 48 10 41 10 11 4 13 34 16 19 8 7 10 34 0 0 2 0 0 1 1 1 0 1 1 0 0 1 2 2 0 0 0 0 0 1 2 1 2 0 0 0 1 0 4 0 1 8 3 3 5 11 6 0 0 11 1 2 2 1 0 3 0 0 0 6 
3 6 4 0 1 2 11 7 8 3 4 6 8 3 1 7 14 9 11 1 8 1 2 9 4 1 0 9 10 34 14 31 104 26 36 21 99 63 118 34 33 14 15 67 51 60 52 27 30 170 9 9 7 13 3 0 7 5 0 3 0 7 0 8 5 6 1 2 1 3 0 1 4 3 6 3 0 2 31 14 10 12 15 47 19 28 11 65 38 0 0 86 23 20 18 23 6 27 15 5 0 88 
13 11 14 4 1 4 14 5 4 7 6 7 12 7 8 7 19 16 21 4 12 1 0 27 7 1 0 19 13 69 23 46 109 27 50 34 192 90 193 102 74 46 116 22 127 248 128 60 82 358 15 14 15 9 2 0 8 9 0 3 1 4 1 14 5 25 1 5 7 2 3 10 5 5 19 13 2 11 63 19 10 22 25 74 35 80 57 105 85 0 0 209 55 55 31 48 14 40 38 6 4 114 
7 11 13 3 0 6 4 5 14 6 3 9 7 3 3 13 13 16 16 6 10 4 7 33 10 1 0 19 10 37 21 35 128 26 48 31 125 72 159 63 51 20 68 125 18 172 88 64 58 296 7 8 17 5 3 0 3 9 0 1 2 5 3 7 10 19 3 4 4 3 4 4 6 7 13 3 0 4 17 0 6 6 1 25 13 26 11 35 30 0 0 75 14 24 14 16 8 18 10 7 1 54 
7 20 6 1 4 7 6 14 6 7 3 8 8 11 0 10 15 18 17 6 12 4 5 22 12 0 0 21 24 42 13 42 187 29 65 55 196 91 202 151 92 24 113 226 168 14 163 155 129 564 16 8 28 6 2 2 4 10 0 1 1 3 2 6 12 14 5 7 2 3 6 4 18 6 15 2 0 3 27 13 9 16 9 64 13 58 30 105 31 0 0 162 18 26 31 23 4 41 29 4 4 137 
12 7 12 2 2 8 8 9 10 10 7 5 8 16 7 7 17 20 14 5 7 8 4 21 12 0 1 18 17 45 15 54 163 23 38 42 151 65 179 116 83 22 65 135 108 183 22 95 99 315 12 10 7 4 2 3 2 8 0 1 4 7 2 5 8 15 5 3 0 4 8 1 10 6 11 5 0 3 15 15 5 7 9 34 19 38 24 77 14 0 0 100 18 18 31 17 5 10 20 3 2 108 
4 6 3 0 0 5 3 4 1 3 1 5 6 3 2 2 8 10 5 1 1 2 0 22 3 0 0 7 4 23 4 15 96 10 22 14 68 32 77 28 33 17 37 81 58 230 64 10 55 433 4 2 8 2 2 0 3 1 0 2 0 2 1 2 2 9 0 2 1 1 1 1 2 1 7 3 1 3 20 7 7 9 2 25 4 23 16 57 6 0 0 55 10 18 21 12 1 9 5 1 1 53 
1 7 1 0 2 3 4 7 1 8 0 3 4 5 1 5 7 7 5 2 6 1 6 18 4 0 0 17 13 23 4 24 138 10 26 23 75 44 102 78 41 6 59 127 75 221 112 54 7 481 4 2 11 3 0 0 3 1 0 0 1 3 0 8 8 11 3 1 0 2 2 4 2 1 2 3 0 1 15 3 4 5 7 17 3 18 6 68 9 0 0 98 17 17 16 12 5 6 7 1 0 55 
34 71 45 8 21 31 28 20 30 46 11 23 53 43 22 34 45 64 46 26 23 19 14 184 42 1 2 94 42 207 51 108 938 74 122 104 404 271 522 274 240 48 212 388 259 625 333 298 246 41 29 16 62 13 11 8 7 7 0 4 5 24 5 22 28 50 8 15 9 6 15 17 23 7 38 26 3 21 102 26 23 38 26 116 21 87 68 521 61 0 0 331 53 71 65 48 17 77 58 17 9 372 
9 10 5 3 4 3 2 3 4 5 0 9 7 10 9 13 8 5 5 0 0 1 1 22 3 0 0 12 2 10 8 12 41 10 9 7 11 8 18 6 6 1 12 10 8 15 9 2 6 50 7 4 48 17 5 6 17 20 0 31 9 1 0 15 15 28 5 8 4 15 13 8 22 8 4 3 1 5 118 3 5 2 9 20 5 17 9 38 6 0 0 8 2 6 2 4 0 5 11 0 0 27 
4 5 3 0 1 1 4 5 0 3 0 5 5 15 3 5 5 3 6 1 1 2 1 12 1 0 0 5 5 3 2 5 22 2 0 2 12 2 9 6 2 2 11 5 7 8 1 2 4 29 8 3 33 17 5 6 10 25 0 18 5 2 4 17 14 17 3 5 2 4 2 2 7 4 2 0 1 4 59 3 7 1 2 9 4 6 1 14 4 0 0 14 3 2 2 0 2 4 1 0 0 10 
4 3 7 1 0 6 4 4 5 10 1 3 11 25 6 34 25 11 6 0 2 0 1 25 7 0 1 14 7 8 1 12 81 17 12 5 16 6 38 12 14 1 11 16 13 10 18 5 8 60 46 25 1 34 12 1 8 43 0 24 9 4 6 17 12 30 13 24 8 11 5 11 17 10 6 7 0 9 109 17 9 1 6 28 9 24 6 60 14 0 0 21 5 9 6 9 0 6 4 3 0 25 
0 6 4 0 2 6 3 10 1 3 2 7 3 15 4 23 7 4 3 0 3 1 0 9 4 0 0 2 5 6 0 6 30 8 5 2 17 1 21 3 2 0 6 10 0 5 9 1 0 16 7 16 21 2 4 0 14 29 0 17 4 5 3 5 18 32 4 7 4 7 4 3 11 5 0 2 2 7 74 4 4 2 3 15 5 6 3 10 1 0 0 6 1 3 2 6 0 1 1 0 0 12 
1 2 3 0 2 2 1 9 2 2 1 2 0 3 1 5 3 1 0 1 0 1 0 3 2 0 0 3 1 5 1 3 17 0 5 1 3 0 1 3 0 1 3 2 4 4 3 2 2 7 8 5 16 6 0 1 7 10 0 7 3 0 0 2 4 7 3 6 2 2 1 8 2 8 3 5 0 6 53 1 2 0 5 8 0 5 1 5 1 0 0 2 1 5 5 0 0 0 2 0 0 3 
1 4 1 0 0 0 0 1 2 1 0 2 3 9 2 8 5 0 1 0 0 2 0 6 2 0 0 3 3 1 0 2 14 1 1 0 4 2 4 1 1 2 7 8 0 10 0 0 0 5 2 7 12 4 3 0 7 43 0 9 4 9 2 4 3 9 5 4 1 2 2 2 1 2 2 2 1 4 30 1 3 0 0 9 1 1 1 6 0 0 0 2 0 2 0 0 0 0 0 0 0 4 
2 2 3 0 0 5 1 4 4 1 1 1 2 12 5 13 3 5 2 0 0 0 2 1 4 0 0 2 4 4 0 8 15 4 2 3 6 2 13 2 6 1 3 9 2 10 4 2 4 8 15 6 19 14 4 11 2 11 0 13 7 4 3 9 4 16 3 7 1 5 4 1 7 6 10 2 1 11 73 1 1 1 2 20 4 9 2 13 3 0 0 6 1 5 0 3 0 0 5 0 2 11 
7 2 8 1 1 5 1 0 1 5 5 6 10 23 7 13 10 4 3 2 1 0 1 3 2 0 0 5 7 5 5 8 19 4 10 2 8 6 15 6 5 1 1 16 6 18 5 2 4 14 34 9 59 21 11 10 22 7 0 19 10 6 2 13 10 20 1 16 1 9 6 6 3 5 7 12 6 30 117 13 10 4 8 28 11 9 7 16 3 0 0 16 5 7 4 2 0 1 6 0 0 11 
0 0 0 0 0 0 0 0 0 0 0 0 0 0 0 0 0 0 0 0 0 0 0 0 0 0 0 0 0 0 0 0 0 0 0 0 0 0 0 0 0 0 0 0 0 0 0 0 0 0 0 0 0 0 0 0 0 0 0 0 0 0 0 0 0 1 0 0 0 0 0 0 0 0 0 0 0 0 0 0 0 0 0 0 0 0 0 0 0 0 0 0 0 0 0 0 0 0 0 0 0 0 
13 10 5 7 4 7 1 11 6 4 3 6 12 27 17 21 14 9 14 2 3 5 4 19 9 1 0 12 16 12 5 3 17 6 6 3 2 1 14 6 4 0 4 13 8 6 2 1 3 25 26 15 30 18 13 8 6 17 0 6 9 8 3 10 14 46 21 17 8 12 9 7 14 12 8 5 2 6 55 2 3 3 5 21 5 8 4 18 4 0 0 12 3 8 1 5 0 3 2 0 0 15 
2 2 1 0 0 0 0 0 3 1 1 4 2 3 1 2 1 2 4 1 0 0 0 1 2 0 1 0 0 6 0 2 2 2 3 0 1 2 8 1 3 0 0 4 3 5 0 2 1 7 9 7 13 4 2 1 3 9 0 0 1 9 4 3 8 12 2 5 4 9 13 7 3 2 4 6 0 1 15 3 1 0 1 1 0 0 1 6 1 0 0 1 0 0 0 0 0 0 0 0 0 1 
1 2 1 1 0 5 2 2 0 1 0 3 4 4 1 4 4 2 0 0 0 1 0 1 2 0 0 4 1 8 4 4 10 8 9 3 5 7 13 12 2 0 11 5 5 6 6 3 2 18 3 0 6 2 2 7 1 4 0 3 0 1 0 3 9 13 5 3 2 7 0 5 4 4 1 0 0 0 10 4 2 1 0 6 0 3 1 6 1 0 0 18 2 0 0 2 0 0 0 0 0 3 
1 1 3 0 0 0 1 1 2 0 0 0 3 0 0 1 3 1 0 0 0 0 0 0 0 0 0 1 2 2 2 5 2 3 6 0 8 1 7 5 2 1 1 4 2 0 1 0 1 2 3 2 3 1 1 0 2 0 0 4 3 0 2 3 10 10 3 8 2 3 3 8 3 1 0 2 0 1 7 0 0 0 0 0 0 1 1 2 0 0 0 1 0 0 0 0 1 0 0 0 0 0 
2 6 8 0 1 1 0 1 1 1 0 1 3 1 0 1 2 2 1 2 0 0 3 2 1 0 0 0 5 8 3 7 6 5 4 5 18 12 26 5 10 1 7 13 7 10 7 0 4 25 22 7 20 7 4 0 7 13 0 6 12 8 8 1 7 28 9 18 3 17 9 18 15 12 9 4 0 0 22 8 2 0 3 2 0 3 2 3 1 0 0 5 0 3 1 1 0 1 3 0 0 4 
5 2 8 2 0 5 5 5 7 4 1 0 6 1 0 2 3 1 0 0 0 0 1 3 1 0 0 1 12 33 7 12 18 9 5 6 24 15 41 8 8 1 7 15 8 19 11 3 4 34 9 8 21 12 4 4 5 8 0 17 3 17 11 7 3 21 9 26 7 34 12 32 26 18 11 2 0 7 36 7 4 2 3 12 2 10 3 5 4 0 0 20 0 0 1 0 0 2 2 0 0 1 
5 15 8 2 3 2 19 15 17 3 0 1 1 2 0 2 0 1 2 1 1 0 0 5 2 0 0 0 4 33 10 15 18 15 8 11 56 12 58 10 10 0 9 16 9 16 8 7 8 40 19 7 25 13 3 6 17 12 0 29 16 20 13 17 27 11 18 28 20 36 29 63 40 43 13 5 5 9 57 9 9 5 7 7 3 3 2 10 6 0 0 7 1 2 1 2 0 2 0 0 0 3 
7 3 1 0 0 1 5 4 2 0 0 2 1 1 0 0 0 0 0 0 0 0 0 0 0 0 0 0 7 7 4 7 10 4 3 3 20 1 18 3 2 4 4 2 2 3 6 2 2 8 6 4 8 10 1 3 5 5 0 11 5 2 0 7 15 8 0 6 5 12 8 20 22 9 4 1 0 0 8 0 1 0 1 3 0 5 0 2 1 0 0 4 1 2 0 0 0 0 0 0 0 1 
3 2 5 0 0 0 3 16 4 0 1 1 2 0 1 2 1 0 0 0 0 0 0 0 0 0 0 0 9 10 7 2 9 7 8 3 19 2 14 6 3 0 2 9 3 8 6 4 1 18 7 6 19 9 2 4 4 5 0 16 5 7 8 6 17 39 1 2 12 18 20 32 19 25 7 3 1 4 19 3 0 1 4 3 1 2 1 11 0 0 0 0 1 0 0 1 0 0 0 0 0 2 
0 0 0 1 0 0 1 2 0 0 0 1 0 2 0 1 1 0 0 0 0 0 0 0 0 0 0 1 2 5 5 6 3 9 5 2 6 3 11 3 0 0 0 1 3 3 2 0 0 11 1 1 17 4 0 0 3 2 0 1 2 5 2 4 9 20 7 14 1 7 10 23 6 11 0 1 0 0 3 3 2 0 0 0 0 3 0 1 0 0 0 2 0 0 0 0 0 0 0 0 0 0 
1 0 0 0 1 5 1 2 2 1 0 0 0 1 1 1 0 0 0 0 0 0 0 0 0 0 0 1 0 12 3 3 17 10 6 2 11 5 15 2 1 0 3 1 1 1 2 0 0 9 10 7 14 3 1 1 10 9 0 2 6 21 2 16 16 27 9 28 9 3 16 27 37 33 6 3 4 3 18 3 0 2 3 2 0 1 0 7 2 0 0 2 0 0 0 0 1 0 0 0 0 0 
1 1 2 0 1 0 3 1 5 2 1 3 0 1 3 1 0 1 1 0 0 0 0 0 0 0 0 0 7 7 6 1 14 8 7 3 28 4 33 5 10 1 5 7 6 8 0 4 7 20 5 2 7 8 0 2 8 9 0 14 10 7 3 8 17 38 15 26 11 12 5 42 11 19 0 1 0 6 22 1 0 2 2 4 0 1 2 7 3 0 0 4 4 0 0 0 0 0 0 0 0 3 
0 2 0 0 0 0 1 3 3 2 1 3 0 2 0 2 0 0 0 0 0 0 0 0 0 0 0 0 8 10 1 3 20 7 10 4 23 4 25 4 5 2 5 2 8 6 4 1 7 11 7 3 10 6 2 0 5 6 0 17 8 7 3 14 30 62 16 25 20 47 39 5 55 29 1 0 0 1 25 5 1 1 3 8 1 4 0 7 0 0 0 1 2 0 0 0 0 0 1 0 0 4 
7 1 2 0 1 0 2 1 4 2 2 1 1 0 0 1 1 1 0 0 0 0 0 0 0 0 0 0 1 0 0 9 6 6 7 4 20 7 24 4 2 1 4 8 10 5 5 4 1 15 16 8 9 7 2 3 1 7 0 4 5 1 3 6 20 26 5 10 7 19 14 26 1 19 1 3 0 1 20 3 2 1 1 12 3 2 2 13 0 0 0 4 0 0 0 0 0 1 0 0 0 2 
3 5 1 1 4 4 7 4 1 4 1 4 2 1 1 1 1 0 1 0 0 0 0 0 1 0 0 0 6 2 2 0 5 12 2 1 15 10 20 14 3 0 3 4 4 5 5 3 3 16 21 5 23 10 1 8 4 3 0 25 7 6 13 11 25 37 10 35 9 56 16 29 8 0 6 3 2 2 36 1 0 4 5 8 2 3 2 7 1 0 0 3 0 0 0 1 0 0 0 0 0 4 
4 0 1 0 1 2 3 5 2 3 0 1 1 17 5 11 7 4 5 0 0 0 0 6 2 1 0 6 3 3 1 7 14 2 6 4 6 3 13 7 8 2 14 18 9 26 7 2 7 51 9 4 14 3 2 3 11 13 0 9 3 2 3 8 9 8 8 10 4 2 2 5 1 5 5 6 4 7 221 12 18 7 12 81 8 36 9 53 9 0 0 21 3 11 6 4 1 6 3 2 0 41 
0 0 1 0 1 1 2 0 1 4 7 5 0 9 1 3 1 0 5 0 0 0 2 3 0 0 1 3 0 5 0 1 12 3 1 3 5 6 5 4 5 0 8 16 7 8 7 1 4 48 8 1 8 3 1 2 5 14 0 8 1 2 1 0 3 7 0 4 0 5 1 3 2 2 5 2 4 12 150 16 10 7 11 60 7 14 8 42 7 0 0 7 4 5 10 0 1 7 0 1 4 19 
0 4 0 0 0 1 0 1 0 0 0 2 2 1 3 1 0 0 1 0 0 0 0 3 0 0 0 0 0 2 0 2 0 1 2 0 0 0 5 2 1 0 0 6 1 2 0 1 0 7 0 0 1 0 2 0 0 5 0 1 0 1 1 0 3 3 0 0 0 0 4 1 0 1 2 9 1 6 48 12 4 5 1 21 4 3 6 6 2 0 0 6 0 1 1 0 0 3 4 1 0 4 
2 3 1 0 0 3 0 0 5 0 0 0 6 3 3 8 2 2 1 0 0 0 0 4 4 0 0 3 3 5 4 7 7 1 2 3 3 2 13 8 5 0 9 9 5 21 5 5 2 17 2 6 12 4 10 1 6 19 0 7 1 3 0 0 10 4 2 1 0 3 1 2 1 1 19 18 5 3 75 15 7 8 15 69 25 12 4 24 8 0 0 9 2 5 6 3 2 5 1 2 0 10 
6 10 7 3 6 8 6 10 14 22 4 10 14 37 13 26 17 13 13 5 6 3 5 27 7 0 0 6 21 21 9 20 55 24 15 6 16 8 57 15 9 6 31 53 19 35 20 9 13 95 80 55 128 62 30 30 38 108 0 35 16 32 12 30 49 44 21 12 6 17 13 20 27 30 124 98 39 42 17 73 43 22 45 184 48 50 21 78 28 0 0 36 6 18 13 15 7 16 21 2 1 42 
3 1 2 0 0 0 1 0 0 2 0 0 1 2 0 5 7 6 2 1 0 0 0 2 1 0 0 0 4 4 3 2 9 2 5 1 6 1 6 2 2 3 24 27 7 16 21 0 10 35 7 6 15 7 3 0 2 18 0 3 3 4 4 2 6 19 3 2 0 2 1 4 9 4 12 14 1 20 80 7 6 6 11 118 29 20 6 33 13 0 0 24 8 9 7 11 0 8 5 0 2 24 
1 1 2 0 2 1 0 1 1 0 0 0 0 3 2 5 1 0 0 0 0 0 2 4 5 0 0 0 2 1 4 3 6 4 3 0 4 1 8 4 2 2 21 37 10 22 8 4 6 43 5 10 5 4 1 2 4 15 0 5 2 1 0 6 7 11 1 4 7 2 4 7 1 4 14 14 4 12 99 19 3 6 11 107 23 29 10 29 9 0 0 36 7 18 2 3 0 8 11 0 0 26 
1 0 1 0 1 0 2 2 1 0 0 4 1 0 0 2 1 2 0 0 0 0 0 6 1 0 0 2 4 3 0 2 15 3 1 0 1 0 7 7 7 0 10 23 6 24 17 5 9 44 2 2 2 0 0 2 2 3 0 4 4 2 0 4 4 10 1 3 0 1 1 2 2 4 13 7 5 8 38 8 13 4 4 51 15 27 11 50 10 0 0 27 9 8 11 9 1 17 4 0 2 32 
2 1 1 0 0 0 1 2 2 1 1 0 0 2 0 0 1 0 0 0 0 0 0 2 0 0 0 1 2 4 0 0 3 0 1 0 2 0 4 5 9 3 16 16 2 25 20 3 6 42 6 3 11 3 1 1 1 14 0 0 1 6 1 6 6 3 1 3 2 2 0 7 6 8 8 8 9 7 71 18 13 4 6 87 22 25 10 30 12 0 0 42 3 4 4 2 2 12 10 0 2 28 
4 5 5 1 1 5 5 3 5 3 0 0 1 0 2 2 0 2 2 0 1 0 0 4 2 0 0 3 4 8 2 2 20 0 6 1 9 5 22 15 25 5 52 73 25 73 31 15 21 105 25 15 45 11 7 2 23 31 0 6 1 7 0 2 10 6 2 6 1 2 10 2 4 9 66 56 10 32 176 85 73 36 101 14 148 68 31 123 23 0 0 120 19 34 19 39 3 33 28 3 0 56 
1 2 0 0 0 3 1 3 0 0 2 0 0 0 0 0 2 0 0 0 0 0 0 1 0 0 0 0 5 0 0 2 11 0 0 0 1 0 6 8 2 1 27 40 15 37 13 5 4 35 0 8 7 6 5 2 3 10 0 4 2 0 0 0 1 5 3 0 1 0 0 1 4 2 5 12 7 20 72 31 22 7 21 121 2 31 16 38 7 0 0 61 6 17 8 10 3 10 8 3 0 30 
8 2 9 0 0 2 9 3 3 5 0 4 0 1 1 2 3 9 2 2 7 2 1 4 5 1 0 9 6 13 3 17 26 6 10 11 25 25 38 0 4 4 66 80 18 78 49 18 24 86 11 14 10 18 0 3 10 9 0 5 4 3 2 3 9 7 1 1 2 3 2 4 2 2 17 15 3 8 38 12 17 17 21 65 44 11 15 54 34 0 0 91 24 21 20 29 6 23 14 4 1 64 
2 8 5 0 0 1 1 7 3 1 0 0 0 1 0 1 1 6 2 1 3 0 0 5 1 0 1 0 7 9 5 4 21 3 6 0 21 11 28 9 8 8 31 71 17 37 17 14 9 69 8 3 12 5 0 0 3 2 0 1 0 4 4 1 0 1 1 1 1 2 1 3 3 3 14 6 3 12 19 8 8 14 13 49 11 20 6 24 16 0 0 66 15 21 20 8 1 19 6 1 4 36 
20 26 18 3 2 5 4 6 4 5 2 4 2 3 2 4 12 5 10 8 4 1 4 42 11 1 1 20 13 53 21 29 195 15 25 15 78 51 175 19 27 15 72 118 46 145 71 66 64 493 16 10 37 10 4 6 6 23 0 9 3 9 0 10 9 12 1 5 2 3 7 9 12 13 39 34 9 34 85 42 31 26 32 120 33 36 43 24 27 0 0 241 26 57 47 56 3 33 42 9 6 309 
4 4 2 0 0 1 1 0 3 3 1 1 2 1 0 7 10 3 2 1 3 0 1 4 1 0 0 6 1 9 5 4 23 3 12 4 36 13 40 27 10 8 36 67 16 50 30 9 15 77 1 6 9 3 2 3 1 2 0 1 0 7 2 1 1 7 2 2 1 0 2 1 0 2 3 10 0 10 23 15 14 6 15 39 16 47 36 27 2 0 0 76 19 23 18 19 9 13 11 0 2 59 
0 0 0 0 0 0 0 0 0 0 0 0 0 0 0 0 0 0 0 0 0 0 0 0 0 0 0 0 0 0 0 0 0 0 0 0 0 0 0 0 0 0 0 0 0 0 0 0 0 0 0 0 0 0 0 0 0 0 0 0 0 0 0 0 0 0 0 0 0 0 0 0 0 0 0 0 0 0 0 0 0 0 0 0 0 0 0 0 0 0 0 0 0 0 0 0 0 0 0 0 0 0 
0 0 0 0 0 0 0 0 0 0 0 0 0 0 0 0 0 0 0 0 0 0 0 0 0 0 0 0 0 0 0 0 0 0 0 0 0 0 0 0 0 0 0 0 0 0 0 0 0 0 0 0 0 0 0 0 0 0 0 0 0 0 0 0 0 0 0 0 0 0 0 0 0 0 0 0 0 0 0 0 0 0 0 0 0 0 0 1 0 0 0 0 0 0 0 0 0 0 0 0 0 0 
2 10 7 0 4 5 4 5 6 3 3 5 6 6 3 12 7 12 6 3 1 1 0 1 2 0 0 7 8 27 2 31 66 22 46 14 92 52 127 39 40 6 112 159 58 123 64 30 35 192 2 5 17 5 1 3 8 16 0 6 2 8 4 9 13 5 4 5 1 0 1 9 4 1 8 5 1 6 36 16 20 12 25 62 35 68 40 111 60 0 0 15 55 61 36 63 12 39 33 13 8 120 
1 0 2 0 0 2 0 0 2 2 1 0 0 0 0 0 2 0 1 0 0 1 0 2 1 0 0 0 3 5 1 0 10 2 5 4 26 20 27 8 10 2 16 49 14 24 21 7 11 40 1 0 1 0 0 2 3 2 0 2 1 1 1 0 0 1 0 0 0 2 0 0 0 0 2 0 1 3 12 4 1 10 6 28 11 31 13 26 11 0 0 52 2 7 15 18 4 4 7 0 2 37 
0 2 0 0 0 3 0 1 1 0 0 0 1 0 1 0 0 0 2 0 0 2 0 0 0 1 0 0 2 9 4 6 16 3 7 3 23 14 40 6 12 8 25 55 10 39 34 15 13 78 3 0 7 5 0 2 2 5 0 1 0 1 0 1 1 2 0 0 0 0 3 0 0 0 7 7 1 7 13 4 6 11 8 54 10 32 21 48 18 0 0 75 12 4 2 13 4 11 12 0 0 79 
1 4 0 0 0 1 0 0 0 1 1 1 0 2 3 1 1 0 0 1 0 0 0 0 0 0 0 1 3 6 0 4 7 2 5 2 13 7 21 7 6 4 12 37 10 27 22 6 9 65 1 2 5 0 0 1 6 6 0 0 3 0 0 1 0 0 0 0 0 0 0 0 2 0 8 0 0 1 10 3 0 8 5 26 11 16 20 38 5 0 0 36 7 3 4 9 3 7 8 1 2 54 
0 2 1 0 0 1 2 3 2 1 0 1 3 2 0 0 0 2 0 0 1 1 0 1 0 0 0 2 2 5 1 9 24 3 13 11 33 10 38 15 18 4 63 75 40 39 21 9 8 63 1 1 3 3 1 1 2 2 0 1 0 3 0 2 0 1 0 0 0 0 0 0 1 1 4 2 0 4 20 5 6 6 5 25 9 18 16 49 18 0 0 139 22 17 25 3 4 16 6 5 1 51 
0 0 0 0 0 0 0 0 0 1 0 2 1 0 0 0 0 0 0 0 0 0 0 0 0 0 0 0 2 1 1 1 4 2 2 1 5 3 5 1 3 0 10 17 8 6 3 4 1 12 1 0 1 0 3 0 0 0 0 2 0 0 0 0 6 0 0 0 0 0 0 0 0 0 2 5 0 0 2 4 0 1 0 3 3 4 3 10 7 0 0 20 5 2 1 1 2 1 1 0 0 5 
0 1 0 0 0 1 1 0 1 1 0 2 1 0 0 0 0 0 0 0 0 0 0 3 0 0 0 1 2 10 1 1 10 0 5 2 21 7 26 4 6 5 39 51 29 35 14 5 4 57 6 1 6 3 0 0 2 3 0 4 0 2 0 0 0 0 0 0 0 0 0 2 0 0 8 3 3 8 14 7 5 5 7 17 12 30 10 46 9 0 0 97 17 11 6 11 0 5 1 0 2 35 
1 0 1 0 1 1 2 0 2 0 1 0 0 0 1 0 0 0 1 0 0 0 0 2 0 0 1 0 0 2 2 2 6 3 3 1 16 10 20 3 1 3 17 53 12 40 20 9 14 67 3 1 10 1 2 3 0 1 0 0 1 0 0 0 0 1 0 0 0 0 0 0 0 0 4 6 0 1 14 4 7 10 7 29 10 19 11 37 9 0 0 69 10 7 7 9 6 3 5 1 0 17 
2 0 0 0 0 0 0 0 0 0 0 0 1 0 0 0 1 0 0 0 0 0 0 0 0 0 0 0 0 0 0 1 2 1 0 0 2 4 4 2 1 0 1 14 1 21 4 1 3 15 2 1 2 1 0 0 3 2 0 0 0 0 0 0 0 0 0 0 0 0 0 0 0 0 0 2 0 0 7 1 1 1 1 5 2 6 3 14 1 0 0 15 2 1 2 0 0 1 1 1 0 8 
1 1 0 0 0 0 0 0 0 0 0 0 0 0 0 1 0 0 0 0 0 0 0 0 0 0 0 0 0 3 0 0 2 1 1 2 4 1 8 0 3 0 6 9 3 10 4 1 1 7 0 0 1 0 0 0 0 1 0 0 0 0 0 0 0 0 0 0 1 0 0 0 0 0 1 2 0 1 3 0 1 1 0 1 0 10 0 7 15 0 0 18 2 3 3 3 1 1 3 0 2 1 
23 14 7 1 1 5 15 1 6 8 9 9 9 8 7 8 13 11 3 2 6 1 2 4 2 0 1 24 3 41 16 39 121 21 27 29 78 41 93 50 51 19 137 167 87 164 125 58 67 431 32 20 42 12 6 0 5 12 0 14 6 0 0 1 6 3 0 3 0 1 3 1 6 5 25 19 2 13 77 23 35 27 38 87 31 73 47 421 104 0 0 177 47 86 96 97 14 53 35 10 2 22 
