8 10 20 7 17 43 47 16 30 30 18 33 46 50 44 81 28 24 29 11 12 24 7 37 12 1 0 27 47 5 1 2 13 0 4 4 1 6 21 24 15 0 12 14 12 10 8 12 11 43 9 1 10 9 5 1 5 17 0 4 2 1 1 1 4 8 0 3 0 0 15 2 2 7 3 6 0 2 24 3 3 3 3 4 2 7 1 41 2 0 0 2 0 6 1 5 0 0 1 0 0 8 
7 9 14 21 5 48 21 26 43 38 13 60 55 40 37 64 30 30 39 15 21 22 9 31 19 2 0 29 64 4 1 4 18 1 11 6 2 4 26 18 17 3 9 14 10 18 9 8 9 43 5 6 9 1 7 1 2 7 0 0 3 2 3 3 10 5 3 5 1 1 3 5 0 3 0 3 3 11 21 5 3 3 2 6 2 3 2 27 10 0 0 4 1 1 4 2 0 5 1 0 0 5 
27 22 10 18 6 41 35 41 59 27 14 43 46 47 61 51 29 45 30 16 9 14 12 36 9 1 0 29 69 2 0 7 12 1 2 1 1 3 17 37 12 1 9 10 10 16 13 5 9 43 5 1 7 6 5 0 3 11 0 2 1 3 3 2 9 5 2 2 1 3 6 1 2 4 3 0 1 2 21 2 3 3 2 4 4 10 4 21 5 0 0 3 1 9 5 2 2 0 1 0 0 3 
8 8 13 1 4 8 15 9 3 3 7 13 8 7 7 19 8 5 3 1 2 2 6 2 2 1 0 3 11 1 0 1 1 0 0 0 1 0 4 1 0 0 0 0 0 2 2 0 1 10 3 0 1 0 0 0 0 1 0 1 0 0 0 1 3 2 0 1 0 0 1 0 0 0 1 2 0 2 2 0 0 0 0 0 1 0 1 0 0 0 0 0 0 0 0 1 0 0 0 0 0 2 
22 26 9 4 3 20 13 12 21 8 10 16 37 19 10 36 16 14 11 3 2 14 2 14 3 1 0 6 19 2 1 2 1 0 4 1 0 1 11 12 2 2 1 2 7 3 1 2 4 21 3 2 0 0 1 0 1 8 0 0 0 0 0 1 2 3 0 3 1 2 3 0 0 0 1 3 0 0 10 1 0 0 0 1 1 3 1 4 1 0 0 3 0 1 0 5 0 2 0 0 0 4 
43 46 62 56 28 8 11 36 24 24 17 39 47 53 32 68 43 24 29 16 14 25 11 24 12 1 0 26 40 2 1 2 6 4 3 0 2 7 30 14 11 10 10 5 11 5 4 5 11 42 9 4 4 2 5 0 2 4 0 3 1 1 0 4 8 8 4 5 2 2 11 4 0 3 4 1 0 3 16 0 2 0 0 3 0 6 2 15 7 0 0 8 3 2 1 1 0 2 2 0 0 3 
28 34 25 13 11 25 10 26 33 26 16 36 36 63 51 50 27 23 31 7 11 8 7 10 4 0 0 9 43 6 12 4 15 2 11 2 0 3 29 19 14 1 12 1 8 13 5 4 8 16 5 4 8 2 3 1 2 10 0 0 0 0 2 1 3 4 0 7 1 4 1 2 2 3 1 2 0 2 9 1 0 0 2 0 2 2 0 11 0 0 0 5 4 1 0 1 0 1 0 0 0 5 
19 24 28 8 4 27 36 5 12 20 17 35 61 51 52 65 37 20 7 19 11 10 2 15 3 0 3 11 34 10 1 6 2 0 6 2 1 10 30 13 5 1 10 3 12 4 6 4 5 23 4 3 6 5 1 0 2 2 0 2 0 3 0 5 4 4 4 4 1 5 4 8 1 4 4 3 1 1 9 0 1 0 1 2 0 5 1 9 5 0 0 10 0 0 1 6 0 1 4 0 1 5 
59 112 117 37 51 94 117 41 5 21 21 42 79 103 48 84 40 32 19 23 16 24 10 31 10 10 3 24 57 5 1 1 6 2 2 2 1 9 19 21 12 3 6 6 9 10 4 4 8 34 4 2 8 10 3 3 4 11 0 1 3 0 2 4 5 5 3 2 3 0 1 6 1 2 6 4 1 5 12 1 7 0 2 2 5 3 4 13 2 0 0 6 0 0 0 1 0 1 1 0 4 2 
38 12 45 12 17 55 65 27 48 3 7 16 38 33 24 38 26 49 20 14 21 11 5 31 8 2 1 18 20 4 1 5 3 3 3 0 1 2 12 13 9 3 5 4 2 8 4 2 6 15 8 7 14 10 3 1 4 18 0 4 0 1 2 4 5 4 3 4 2 2 4 2 2 2 13 7 1 4 27 3 0 0 0 2 2 1 1 2 0 0 0 2 1 0 1 3 0 0 0 0 0 1 
7 20 10 7 17 34 50 35 68 23 4 9 51 18 24 43 22 24 18 10 10 15 14 18 11 2 1 26 9 12 4 1 4 0 3 1 1 4 18 19 4 3 0 6 4 18 10 11 12 32 2 3 1 15 3 0 4 7 0 0 0 1 0 0 6 3 0 0 1 0 2 0 2 1 8 2 1 5 14 2 0 0 1 2 0 1 2 5 1 0 0 6 1 3 1 2 0 5 1 0 0 3 
25 43 27 12 11 32 45 32 59 23 12 7 27 57 34 71 47 41 34 41 28 39 19 56 18 1 12 34 29 16 3 7 9 4 1 0 1 11 31 24 5 1 12 2 13 8 7 2 7 44 3 3 6 5 7 5 3 7 0 4 0 5 1 2 1 2 4 1 2 0 4 5 2 2 1 0 0 2 20 1 0 1 0 0 0 1 1 10 2 0 0 9 1 1 0 3 0 0 0 0 0 5 
51 103 112 5 30 134 256 205 252 126 85 80 15 100 137 88 63 79 71 36 46 37 33 87 39 0 1 88 17 23 6 18 19 5 6 2 3 12 43 38 10 0 14 11 7 15 19 6 5 41 12 8 17 17 5 0 19 29 0 33 7 4 7 0 3 3 1 4 0 0 3 16 0 8 11 5 1 10 16 0 3 0 0 1 0 0 1 9 3 0 0 11 1 2 3 2 0 2 2 0 0 6 
77 115 134 7 33 103 154 108 124 66 43 67 66 8 28 85 106 100 108 59 102 103 58 152 57 9 7 151 52 10 6 6 7 4 0 1 2 8 22 24 17 4 10 8 8 15 5 4 14 42 16 14 23 23 10 0 15 29 0 12 0 4 0 1 0 0 0 1 1 3 0 2 3 3 11 8 0 9 39 6 2 2 1 2 0 2 0 6 3 0 0 9 1 0 0 3 2 3 1 0 0 3 
61 76 73 11 13 70 109 69 72 49 30 34 47 20 8 35 62 42 52 54 39 73 40 103 40 5 19 153 26 8 10 18 15 1 5 2 1 1 12 13 7 2 6 5 7 13 3 8 4 30 8 7 17 17 2 1 5 12 0 7 2 0 3 3 0 0 0 0 0 0 1 0 0 1 11 2 0 1 27 2 0 0 0 0 1 1 0 3 1 0 0 7 4 3 0 3 0 6 0 0 0 4 
52 111 70 12 20 87 88 80 78 71 46 53 91 52 11 16 90 106 109 81 106 71 92 197 57 13 33 148 25 70 13 34 27 15 28 13 33 0 22 57 30 5 15 26 20 26 14 13 9 70 18 10 12 8 6 2 9 11 0 9 3 1 0 1 5 2 4 2 1 0 6 3 3 4 11 6 2 7 52 3 0 1 0 2 1 2 0 18 10 0 0 10 0 2 1 2 2 1 3 2 1 3 
27 49 26 7 9 34 44 46 60 69 20 54 84 91 56 63 13 57 66 44 93 81 93 184 55 10 5 71 30 80 22 47 55 13 29 20 22 16 50 52 52 5 28 22 29 28 35 14 6 79 15 7 14 18 0 2 9 16 0 5 7 5 1 8 1 0 0 1 1 0 2 4 0 1 6 6 3 3 31 4 2 1 1 1 0 10 3 32 8 0 0 8 0 1 3 3 0 3 0 1 0 4 
16 30 25 3 5 23 44 32 31 24 15 25 48 54 45 103 41 11 25 28 51 26 57 84 24 5 8 69 2 36 17 19 30 13 15 2 10 13 43 27 34 7 21 22 27 29 25 11 14 90 5 2 8 17 3 1 8 6 0 5 0 9 3 3 0 2 0 0 0 0 1 2 0 1 3 1 1 2 21 3 7 0 1 2 0 6 2 8 9 0 0 5 1 0 0 1 0 1 0 0 0 0 
12 30 17 2 3 33 31 28 31 27 22 42 53 66 30 98 117 83 5 60 198 78 91 136 32 35 4 67 12 42 21 18 14 19 15 12 15 11 42 22 5 2 6 10 13 17 13 9 12 61 2 2 10 5 0 0 0 4 0 0 0 0 0 2 0 2 1 0 0 0 1 0 0 1 3 5 1 5 11 1 1 0 0 1 1 2 5 23 5 0 0 10 2 0 0 0 0 0 0 0 0 2 
6 19 11 1 1 10 27 16 12 20 9 30 35 60 33 60 45 31 15 3 11 13 24 64 22 18 18 66 9 13 5 8 9 2 3 9 7 12 28 14 11 1 3 4 5 4 1 7 13 27 6 1 1 1 0 0 4 5 0 1 0 2 0 0 0 0 0 0 0 0 0 0 0 0 2 3 0 1 11 1 1 0 0 0 0 1 0 10 1 0 0 0 0 0 0 1 0 2 0 0 0 0 
7 16 12 1 2 5 8 10 16 13 4 15 26 53 36 91 60 39 51 4 6 16 36 66 16 28 48 115 3 6 4 2 9 1 7 3 8 5 24 10 9 4 3 7 8 6 3 2 9 20 3 0 3 0 0 0 0 0 0 0 0 0 0 0 0 0 0 0 0 0 0 0 0 0 4 0 0 1 8 0 1 0 0 1 0 1 2 1 4 0 0 1 0 0 0 0 0 0 0 0 0 0 
15 8 11 1 2 18 17 10 19 15 4 21 41 35 22 73 43 37 41 7 14 9 19 45 7 22 58 77 3 1 3 3 9 0 3 4 3 1 24 5 7 1 3 4 7 4 4 3 1 19 0 0 0 3 1 1 3 3 0 1 0 0 0 0 0 0 1 0 0 0 0 0 0 0 4 0 0 1 7 2 8 0 0 0 0 1 1 4 1 0 0 5 0 0 0 0 0 0 0 0 0 0 
7 17 5 5 7 18 13 6 3 6 11 19 19 26 35 75 58 28 46 12 32 19 4 25 7 7 76 87 1 4 5 1 13 3 5 1 5 2 34 7 9 1 4 1 1 9 4 6 6 28 0 0 3 2 0 0 0 4 0 1 0 1 2 0 0 1 0 0 0 0 0 1 0 0 1 2 1 4 3 0 1 0 0 1 0 1 2 3 0 0 0 3 0 2 0 0 0 0 0 0 1 0 
16 15 12 5 10 34 12 28 15 30 6 24 66 65 43 120 82 36 31 17 40 9 22 5 7 46 66 94 3 5 3 1 19 10 14 15 15 11 49 17 19 7 3 5 13 12 15 17 10 91 12 7 16 3 3 2 5 6 0 7 0 0 6 4 1 0 0 0 0 0 0 1 0 0 4 3 4 3 17 1 1 1 0 1 1 3 0 12 3 0 0 4 0 0 0 0 0 0 0 0 0 3 
23 31 16 0 3 41 24 14 13 42 16 25 45 40 40 76 55 32 50 13 32 17 29 18 6 5 22 62 4 15 7 6 38 6 11 5 9 12 32 27 24 2 16 12 24 27 23 19 20 110 22 9 35 9 2 1 7 4 0 1 0 4 0 1 2 0 0 0 0 0 0 0 0 0 5 4 0 6 24 1 3 2 1 1 0 4 0 56 8 0 0 4 1 0 0 0 0 1 0 0 0 1 
0 2 3 0 0 3 0 0 1 0 2 4 1 4 6 18 5 15 14 6 9 8 16 30 3 3 4 19 1 0 0 0 3 1 0 0 0 3 4 3 3 2 0 0 0 0 0 2 0 2 0 0 0 0 0 0 0 1 0 0 0 0 0 0 0 0 0 0 0 0 0 0 0 0 0 0 0 0 1 0 0 0 0 0 0 0 0 1 0 0 0 0 0 0 0 0 0 0 0 0 0 0 
0 1 1 0 0 0 0 0 0 1 1 2 0 2 3 18 2 1 2 4 6 9 8 19 4 0 0 26 0 1 0 0 0 1 0 1 0 0 3 2 0 0 1 0 0 0 0 0 0 5 2 0 0 1 0 0 0 1 0 0 0 0 0 0 0 0 0 0 0 0 0 0 0 0 0 0 0 0 0 0 0 0 0 1 0 1 0 1 0 0 0 0 0 0 0 0 0 0 0 0 0 0 
32 38 22 8 14 34 22 37 35 43 19 47 79 136 97 191 80 96 71 59 77 88 98 141 57 16 85 15 5 8 1 14 19 4 13 6 13 24 67 34 31 2 12 28 21 31 15 28 30 117 18 11 23 4 7 1 4 7 0 2 2 0 2 0 1 1 0 0 0 0 0 0 0 0 17 5 0 5 20 9 4 3 5 1 1 7 3 30 8 0 0 6 0 3 2 4 1 0 0 0 3 5 
76 126 126 23 37 98 66 55 78 36 30 48 46 63 42 86 38 26 34 22 24 33 10 19 17 0 0 18 8 13 0 2 17 6 5 13 0 13 25 22 19 4 15 5 26 22 14 5 13 60 7 5 10 6 4 3 4 5 0 8 0 0 5 9 18 11 1 14 0 5 5 12 2 5 2 1 0 5 28 4 4 2 4 8 4 8 7 21 2 0 0 13 1 3 0 8 0 3 4 0 0 8 
2 2 2 0 1 6 5 3 4 5 2 6 14 1 3 20 31 23 27 9 8 12 1 11 8 0 0 7 8 18 123 134 304 61 125 153 261 153 249 134 76 23 33 53 50 62 48 30 31 257 7 5 8 13 1 2 10 8 0 8 2 6 6 10 22 22 5 16 8 10 7 21 1 0 3 6 1 13 32 8 9 10 8 4 3 17 12 84 15 0 0 22 4 11 4 13 1 9 10 3 3 23 
0 1 0 0 1 1 3 3 1 0 0 2 2 1 2 2 10 5 5 4 3 8 1 11 9 0 2 3 1 123 19 85 112 31 39 38 99 51 78 41 31 1 18 9 22 14 15 4 5 66 2 0 2 2 1 0 6 4 0 3 0 2 8 3 8 13 4 3 1 2 2 3 0 1 1 1 0 1 11 2 3 2 0 4 1 1 1 17 6 0 0 13 6 2 2 0 0 2 0 0 0 5 
2 6 3 0 1 2 5 5 5 3 2 5 14 0 4 15 38 27 13 3 7 4 1 10 9 1 3 6 3 171 117 16 128 55 88 83 205 130 188 100 69 4 54 41 48 60 42 26 32 167 5 8 17 16 4 2 5 9 0 4 2 6 1 10 15 27 7 10 6 7 4 3 2 2 8 5 1 5 22 3 10 5 2 6 1 10 13 59 26 0 0 33 6 11 3 15 1 7 6 0 0 17 
18 21 13 2 2 9 16 7 11 13 3 16 16 5 19 45 51 48 27 11 20 11 16 77 39 0 0 40 6 404 153 185 22 47 116 103 252 215 283 268 247 45 173 120 217 294 181 129 173 1043 63 39 84 31 14 10 35 38 0 29 8 8 5 6 30 51 13 19 11 23 29 39 12 7 33 20 1 17 74 14 13 9 7 20 10 33 26 278 57 0 0 58 14 21 24 46 3 19 18 2 4 60 
3 5 0 0 1 2 6 1 1 2 0 1 4 1 0 9 25 15 10 7 3 2 4 9 2 1 0 4 5 129 40 41 45 9 33 24 67 64 107 56 44 7 31 32 41 36 30 23 19 109 11 6 11 6 5 3 5 7 0 4 3 9 14 2 13 15 7 10 15 15 12 17 2 8 8 2 0 4 28 1 1 0 1 2 0 9 4 22 5 0 0 21 1 5 5 4 0 5 3 0 1 5 
6 11 8 1 1 1 5 5 2 2 0 0 15 2 4 22 38 23 20 9 15 7 7 17 4 1 1 23 13 244 114 135 133 27 12 26 138 55 148 151 68 21 67 66 52 73 27 32 38 158 12 4 19 17 2 4 4 19 0 4 4 12 5 8 10 17 8 11 13 15 18 31 6 6 9 5 1 3 27 12 3 1 4 3 4 12 10 25 23 0 0 32 15 16 6 15 4 9 4 3 1 7 
4 8 1 0 1 3 1 4 2 2 0 1 1 0 3 10 22 17 11 8 5 9 4 10 1 0 1 9 0 304 86 119 130 33 24 4 150 77 117 115 52 2 31 33 45 58 42 31 25 169 1 9 8 7 0 3 1 2 0 0 1 3 3 13 7 13 6 7 3 9 7 21 9 5 3 5 0 1 4 3 1 0 0 0 0 6 4 21 9 0 0 17 6 7 10 14 1 10 5 2 4 26 
14 5 10 0 1 2 2 2 1 7 2 4 4 0 2 50 46 27 31 11 22 24 14 47 33 4 6 54 2 636 280 439 382 128 158 203 26 204 614 525 242 74 151 179 160 218 150 73 94 561 19 23 36 18 5 2 13 20 0 3 3 19 24 49 29 43 21 40 17 5 62 56 22 11 3 9 3 7 20 1 1 0 0 8 4 27 30 101 57 0 0 117 25 39 25 42 1 38 27 13 4 54 
5 14 10 2 4 6 11 12 6 8 5 13 10 5 4 4 16 19 17 14 17 10 5 26 8 0 6 22 9 189 88 176 135 52 54 69 88 27 150 199 107 26 97 107 101 80 80 33 51 234 14 6 14 5 3 2 8 7 0 1 0 10 5 27 11 11 1 4 3 5 32 14 5 5 5 5 0 4 16 2 0 0 0 2 1 16 18 67 23 0 0 62 22 25 10 16 4 13 8 2 6 20 
32 49 23 0 16 18 32 30 59 38 23 26 40 19 7 9 64 40 43 34 66 46 27 98 39 11 18 96 16 387 143 336 291 132 144 131 418 167 37 547 313 60 130 183 222 240 143 132 112 669 15 18 46 24 11 7 15 20 0 5 9 23 3 26 66 43 22 17 9 9 36 34 18 11 19 5 2 13 63 7 14 7 4 20 5 33 26 175 49 0 0 139 22 18 24 39 11 48 37 15 11 82 
10 25 13 0 1 25 13 16 16 15 6 13 35 15 15 18 40 28 20 13 15 10 8 23 13 1 3 25 8 106 61 80 148 54 101 65 269 142 379 20 40 41 55 108 90 131 98 75 61 331 19 1 18 12 1 2 8 8 0 1 0 12 2 15 20 13 6 6 2 2 8 8 5 9 6 5 1 4 25 3 0 10 9 13 8 6 6 20 32 0 0 58 0 11 5 16 2 4 10 1 0 25 
16 18 24 3 4 12 13 11 14 18 4 9 24 15 8 20 17 21 14 6 18 7 12 26 17 0 1 28 5 68 40 73 111 36 44 49 124 95 220 67 12 28 41 86 59 108 79 86 55 298 2 6 6 2 0 2 7 2 0 2 0 2 4 7 4 13 3 4 1 3 4 5 1 4 11 6 0 5 19 8 6 3 7 7 3 22 15 23 24 0 0 54 17 19 10 13 2 8 8 0 0 31 
0 2 0 0 0 0 9 5 1 0 4 6 2 0 0 1 3 7 5 0 1 4 0 2 2 0 0 2 0 13 8 7 10 6 13 6 37 14 27 11 15 2 17 30 22 14 22 19 5 53 0 0 3 1 0 0 3 3 0 1 0 1 2 0 4 1 4 0 0 1 2 1 2 1 2 0 0 0 2 1 4 0 3 3 2 4 6 12 10 0 0 12 0 4 4 5 0 1 1 2 0 3 
5 17 13 0 0 9 27 5 9 6 8 6 10 9 9 10 35 20 12 2 15 10 6 15 10 0 0 12 2 88 45 48 116 45 70 36 110 124 167 118 58 36 26 77 90 113 59 97 66 314 5 9 18 14 5 4 9 6 0 2 3 7 2 6 4 6 4 3 1 3 11 8 3 6 19 6 4 19 28 27 30 19 26 90 51 72 45 117 78 0 0 101 41 45 26 70 10 50 54 12 9 104 
5 20 15 2 3 4 5 10 13 7 1 9 14 4 5 9 37 30 17 5 15 9 12 26 11 1 1 25 4 83 24 70 100 29 62 29 126 108 203 193 77 80 68 23 155 216 142 149 170 504 11 23 38 12 3 2 16 16 0 7 2 8 4 11 6 12 3 3 2 3 6 11 4 1 16 12 4 20 61 50 40 25 32 108 64 126 88 149 98 0 0 208 58 72 49 151 29 76 77 15 12 129 
11 15 12 4 3 6 8 12 6 8 4 6 7 3 8 14 26 22 17 7 6 7 6 25 6 1 1 17 1 68 22 58 111 36 56 26 91 88 141 118 73 27 77 142 6 186 106 140 139 414 21 2 11 6 2 0 6 3 0 0 2 2 3 4 13 12 5 10 4 0 7 8 5 6 13 8 1 6 20 11 8 5 6 33 26 38 20 66 28 0 0 94 21 39 25 55 14 54 18 6 2 51 
19 20 14 2 2 15 5 16 15 19 6 15 18 10 10 12 30 15 22 12 12 16 8 45 24 1 1 24 6 86 30 84 171 32 66 69 164 132 219 261 142 37 110 322 205 27 189 310 258 875 9 12 42 17 1 3 4 9 0 6 2 3 2 4 12 9 1 5 3 2 12 15 2 3 23 16 2 18 44 15 12 20 31 72 51 91 52 165 60 0 0 197 41 77 45 69 22 86 61 13 4 154 
6 14 8 1 4 6 8 21 14 8 4 9 6 8 6 16 37 32 19 8 11 11 10 36 14 2 1 17 2 74 27 64 134 31 45 43 99 84 136 123 76 21 69 163 135 208 24 259 214 476 11 6 20 8 3 2 2 9 0 0 1 3 1 4 19 10 0 10 3 1 5 7 6 0 17 5 0 8 30 19 13 6 14 49 16 53 37 107 28 0 0 85 38 46 24 40 6 47 29 11 4 90 
6 2 4 3 1 4 9 3 4 1 4 5 4 2 1 2 7 5 9 1 5 4 5 8 5 1 0 7 0 30 7 19 50 24 19 9 52 27 67 55 44 6 35 88 73 165 98 12 74 359 6 7 10 4 2 0 0 2 0 2 0 2 0 6 4 5 1 1 1 1 3 1 2 3 5 5 1 6 15 5 8 11 4 14 9 20 11 91 18 0 0 48 11 15 10 15 3 17 18 3 1 51 
6 4 3 0 1 1 3 12 7 3 6 6 11 5 2 1 8 11 2 6 7 4 5 8 1 0 0 9 1 39 10 15 86 9 17 14 58 41 58 53 32 7 45 65 45 149 117 214 14 336 4 2 10 2 1 0 1 5 0 0 0 2 1 7 6 8 4 8 0 1 6 5 1 0 6 6 1 2 6 4 7 7 5 15 7 17 2 53 4 0 0 68 6 14 14 17 0 14 15 4 2 33 
70 81 45 5 23 33 34 34 49 42 34 40 60 34 13 41 89 72 50 28 37 29 20 152 55 1 6 131 9 320 55 189 666 100 110 104 312 323 508 448 370 38 189 420 275 544 296 457 434 47 36 22 90 26 14 4 19 30 0 11 5 19 9 18 39 56 16 22 17 9 33 42 19 12 52 29 8 38 121 63 57 55 57 140 68 112 71 457 74 0 0 244 42 86 75 93 15 148 111 30 17 261 
4 14 12 1 4 13 3 11 3 23 11 13 12 12 15 13 13 7 5 3 4 3 2 25 9 1 1 13 3 28 7 26 42 10 13 7 8 2 15 19 7 5 7 13 9 17 20 4 8 73 3 11 36 34 27 12 33 51 0 44 14 2 3 15 31 30 8 22 6 24 10 24 31 20 17 6 5 13 127 11 15 7 19 32 10 10 11 49 12 0 0 3 4 15 7 5 1 2 9 3 4 26 
3 7 1 0 0 5 4 4 4 1 0 1 7 4 11 9 5 4 1 1 3 0 3 5 3 0 1 9 1 11 5 2 23 5 6 4 6 4 9 3 3 2 5 10 2 8 2 4 5 20 7 3 23 38 23 7 17 17 0 17 10 2 2 13 8 23 8 9 0 10 2 16 5 8 4 4 0 3 77 7 8 4 5 17 8 15 5 21 3 0 0 10 0 4 6 3 0 4 2 0 1 4 
11 14 12 2 4 9 14 11 8 6 2 9 10 8 14 21 6 5 15 6 3 5 2 11 11 0 1 10 4 24 8 17 45 8 11 6 11 18 30 13 5 2 3 16 5 21 12 13 12 77 69 41 6 73 13 7 16 33 0 37 23 3 11 23 24 33 13 39 9 32 22 20 13 16 13 9 1 17 132 10 15 4 19 34 10 20 11 62 16 0 0 15 4 8 9 7 1 11 3 3 2 20 
4 4 4 0 1 7 7 3 5 4 2 8 3 9 9 12 8 15 4 0 2 3 2 4 2 0 0 8 3 14 4 15 12 6 11 9 8 1 15 9 2 0 9 6 5 11 3 1 1 20 20 23 42 1 9 3 9 32 0 26 10 3 6 29 21 27 12 13 5 29 9 19 3 8 9 8 3 17 70 11 6 0 9 16 10 9 0 14 2 0 0 3 4 4 0 3 1 8 0 0 0 14 
0 5 2 0 1 0 5 5 2 4 2 0 5 1 3 7 6 3 2 1 1 0 0 6 1 0 0 4 2 6 0 6 10 1 5 1 2 1 7 5 1 0 2 2 3 3 2 3 2 9 12 10 16 6 2 2 6 18 0 21 5 4 2 8 9 4 2 2 3 8 2 2 7 5 6 6 1 8 67 6 0 0 7 6 4 5 3 11 2 0 0 2 0 1 2 1 1 1 1 0 1 1 
4 3 5 1 3 4 0 6 2 0 1 1 3 1 4 3 4 2 2 4 0 1 1 3 7 0 1 9 1 5 0 8 9 4 5 6 1 2 6 3 1 0 2 5 0 2 2 0 3 9 9 5 7 2 0 1 5 34 0 14 3 2 2 4 4 5 2 8 0 5 7 4 2 5 4 0 0 8 34 3 1 3 2 5 5 3 2 18 0 0 0 4 2 0 1 4 1 2 3 0 0 1 
3 4 4 0 1 5 1 3 3 1 3 5 6 6 12 11 5 13 3 1 6 1 1 3 4 0 0 3 2 15 2 10 16 5 9 1 3 3 9 7 6 1 5 5 2 0 2 1 3 14 18 8 20 15 10 5 5 17 0 20 12 2 2 15 20 21 3 12 0 10 11 8 5 2 10 10 2 10 58 5 2 1 4 9 9 12 4 17 4 0 0 12 2 4 2 2 0 4 1 2 2 7 
4 9 11 1 0 9 6 15 6 9 7 20 16 14 11 14 6 1 13 4 3 2 3 8 3 1 0 2 4 18 8 10 21 7 21 4 5 1 18 9 1 0 3 15 1 0 5 5 6 20 16 26 53 49 14 12 22 4 0 32 6 2 12 27 22 22 8 22 7 15 10 10 4 10 42 21 6 21 114 24 12 6 8 29 21 19 9 21 6 0 0 13 3 1 11 8 1 5 5 2 0 7 
0 0 0 0 0 0 0 0 0 0 0 0 0 0 0 0 0 0 0 0 0 0 0 0 0 0 0 0 0 0 0 0 0 0 0 0 0 0 0 0 0 0 0 0 0 0 0 0 0 0 0 0 0 0 0 0 0 0 0 0 0 0 0 0 0 0 0 0 0 0 0 0 0 0 0 0 0 0 0 0 0 0 0 0 0 0 0 0 0 0 0 0 0 0 0 0 0 0 0 0 0 0 
10 12 8 0 3 8 10 9 3 1 4 8 19 11 13 27 14 13 8 2 7 7 6 14 11 3 0 15 8 23 11 23 18 9 2 1 4 7 9 11 7 0 11 2 3 6 4 4 3 19 48 30 53 59 20 12 11 37 0 3 5 5 4 14 42 46 18 30 4 35 53 45 11 18 25 9 5 12 45 8 10 7 10 12 10 12 2 20 4 0 0 17 3 5 5 6 0 5 0 1 0 9 
0 5 2 2 0 2 5 4 0 0 0 2 1 1 1 0 2 2 1 1 0 0 0 2 1 0 0 2 4 12 7 1 8 2 1 8 1 2 9 4 2 3 3 5 3 2 3 5 0 22 11 11 16 9 10 1 5 13 0 6 1 5 6 5 18 23 6 15 4 16 14 29 6 12 2 9 1 7 13 2 3 2 5 3 5 2 3 17 2 0 0 0 0 1 1 1 0 0 0 2 0 4 
1 1 3 0 0 2 5 4 0 0 3 2 3 9 2 6 8 7 2 2 1 0 1 0 1 0 0 1 1 13 5 10 11 12 13 4 16 11 13 15 7 3 7 7 7 9 1 8 2 29 4 6 7 2 1 0 2 10 0 15 6 3 3 11 23 31 7 16 3 16 9 11 6 4 3 1 2 5 18 8 6 6 4 4 2 3 1 15 6 0 0 4 0 2 0 0 0 3 0 0 0 2 
1 2 2 0 0 1 3 5 1 4 0 3 1 1 3 2 1 1 0 0 0 0 0 0 0 0 0 2 0 2 1 3 3 2 2 1 1 4 4 6 3 0 3 1 0 1 0 0 0 5 2 4 3 4 1 3 4 9 0 6 7 1 3 2 10 17 5 7 4 5 7 2 1 3 3 2 0 2 5 4 2 0 1 2 2 1 0 0 1 0 0 5 1 0 1 0 0 0 1 0 0 0 
2 4 5 2 0 3 6 5 5 3 1 0 3 1 0 1 8 4 0 2 0 0 0 1 4 0 0 0 5 12 8 11 7 1 5 4 19 7 32 16 9 3 9 5 9 12 3 3 14 26 12 12 21 30 15 4 16 20 0 24 4 16 8 2 17 33 8 8 4 36 49 34 2 9 14 2 0 14 58 10 9 4 6 5 1 0 5 9 5 0 0 6 0 7 1 3 0 0 1 0 0 5 
8 5 6 0 1 6 11 6 8 6 6 3 7 0 0 6 5 1 1 0 0 0 1 4 1 0 0 0 3 46 16 26 23 15 9 11 30 18 35 19 16 5 15 8 19 13 9 6 11 29 17 18 30 20 6 7 14 23 0 28 9 12 21 17 6 37 29 30 19 40 58 80 35 40 10 5 1 7 43 11 14 1 4 11 4 5 4 17 8 0 0 3 1 3 1 1 0 0 0 0 0 6 
7 18 8 0 2 19 15 14 10 4 0 4 4 0 0 1 3 1 4 0 1 0 0 2 1 0 0 2 3 90 43 58 59 28 22 16 29 18 38 24 14 2 14 16 12 30 5 5 16 69 27 20 28 29 16 5 19 37 0 55 13 17 31 59 80 24 14 54 30 88 117 133 62 50 29 11 6 18 68 10 18 3 7 7 2 18 3 14 2 0 0 7 0 0 0 2 0 1 0 1 1 4 
5 4 7 1 2 4 6 3 4 3 1 0 0 0 0 0 0 0 0 0 0 0 0 1 3 0 0 0 2 9 6 9 8 4 2 5 12 2 15 2 2 1 4 1 6 3 3 8 5 4 7 6 9 7 4 2 3 16 0 14 4 4 0 18 20 22 7 25 12 33 32 65 20 8 5 1 1 6 22 3 2 2 2 4 2 3 1 2 0 0 0 2 0 0 0 0 0 0 0 0 0 0 
3 2 8 0 3 5 10 10 3 1 2 0 1 0 0 2 2 0 0 0 0 0 0 0 0 0 0 0 5 28 16 5 15 10 9 2 17 5 11 7 4 1 6 7 3 9 4 6 7 17 10 9 15 20 13 2 13 5 0 10 10 15 16 10 39 36 14 2 20 23 56 52 17 21 6 5 0 5 36 4 3 3 5 6 1 5 1 11 2 0 0 4 0 1 0 0 0 0 0 0 0 1 
1 4 5 0 1 2 3 8 1 0 9 0 0 0 1 1 1 0 0 0 0 0 0 0 1 0 0 0 2 16 1 4 9 5 4 5 8 3 8 1 6 0 1 1 6 4 2 1 2 13 1 1 15 3 0 2 0 8 0 9 1 4 3 9 7 25 9 5 2 8 47 50 10 9 4 0 0 2 23 3 4 2 5 5 1 2 1 3 0 0 0 5 0 0 0 1 0 0 0 0 0 0 
1 5 5 0 0 1 7 1 3 2 1 2 1 0 1 0 2 1 0 2 0 0 0 0 0 0 0 2 3 15 10 3 13 8 14 5 9 4 18 3 4 0 2 2 2 6 1 2 3 11 11 4 17 17 3 4 5 9 0 8 9 7 11 13 35 67 25 18 14 4 46 75 12 28 3 3 0 11 36 5 8 1 2 2 2 5 1 9 4 0 0 1 1 0 0 0 0 0 0 0 0 2 
7 2 1 2 1 1 6 4 2 0 0 2 1 0 0 0 0 0 0 0 0 0 0 1 0 0 0 0 0 6 3 1 19 9 11 1 11 7 15 7 6 0 2 1 4 6 2 3 1 13 2 2 3 2 1 0 3 6 0 4 9 1 4 7 24 31 14 23 29 13 6 62 8 21 5 8 1 1 23 1 5 0 3 2 3 3 4 4 1 0 0 5 0 0 2 0 0 0 0 0 0 0 
3 2 3 1 2 2 3 3 2 3 2 0 6 0 1 4 0 2 0 0 0 0 0 0 0 0 0 0 1 9 2 9 13 15 15 9 22 10 20 6 4 1 6 10 8 3 3 1 3 18 2 5 9 6 1 3 4 6 0 9 9 4 3 16 40 52 21 42 24 27 59 5 15 28 1 3 4 1 31 2 1 5 1 1 2 4 1 10 2 0 0 4 2 0 0 0 0 0 1 0 0 4 
4 6 4 0 0 3 9 5 4 6 2 3 3 4 0 6 6 2 1 0 0 0 0 1 1 0 0 0 0 7 6 6 13 12 13 10 16 13 28 13 13 0 13 7 6 13 8 9 3 33 12 14 21 16 9 6 12 14 0 31 11 7 6 17 56 52 34 35 7 35 28 83 3 18 4 6 3 12 42 7 3 0 10 4 3 4 2 14 1 0 0 8 0 0 0 5 0 0 0 0 0 0 
3 5 1 0 8 8 9 4 9 5 5 1 6 2 2 4 1 0 0 0 0 0 0 1 2 0 0 0 0 0 0 3 15 11 8 6 19 16 37 13 13 1 3 4 6 18 2 0 8 46 16 8 28 11 9 2 6 16 0 26 4 6 1 8 52 73 18 62 15 104 45 88 6 0 11 7 2 6 66 10 10 4 3 16 9 5 5 28 3 0 0 6 1 0 2 3 0 3 0 0 1 4 
3 1 2 0 0 2 2 1 1 0 0 0 2 1 8 6 5 5 1 0 0 2 0 9 1 0 0 4 0 4 3 3 12 3 2 4 1 3 9 2 7 0 6 20 4 11 4 4 16 39 5 4 6 6 3 3 7 20 0 4 1 1 3 4 9 6 2 4 0 4 3 7 6 4 1 8 7 12 113 27 13 9 22 44 8 15 9 50 8 0 0 7 2 4 5 1 1 7 5 1 1 18 
1 4 3 2 2 2 2 7 10 6 3 2 0 1 2 4 4 2 0 0 0 0 0 3 2 0 0 5 1 2 2 6 13 2 4 2 1 0 6 2 3 0 11 15 6 5 10 14 1 39 5 4 5 3 3 2 7 16 0 10 1 2 1 4 6 11 2 8 2 3 0 4 3 6 5 5 8 12 106 29 10 8 16 55 33 16 4 58 16 0 0 15 5 10 8 9 3 15 7 2 0 12 
2 2 2 0 0 0 1 3 0 0 1 1 0 0 0 5 2 7 0 0 0 1 0 1 0 0 0 1 2 3 2 5 2 1 0 0 0 0 1 0 1 0 2 1 1 1 1 1 0 8 2 0 4 2 3 0 2 8 0 4 0 0 1 4 1 2 3 1 0 1 0 0 0 2 14 81 0 7 59 11 11 2 5 30 6 4 1 7 4 0 0 0 0 5 4 2 0 1 0 2 0 3 
1 1 0 0 0 1 1 2 1 1 2 2 3 5 3 2 5 6 1 1 2 3 1 2 0 0 0 3 0 10 0 0 9 5 0 7 0 1 4 3 2 1 7 16 4 5 4 3 1 16 6 4 20 8 12 5 6 12 0 2 0 3 1 3 12 3 0 13 0 2 2 2 6 2 57 33 10 3 82 27 14 9 38 68 31 36 14 29 5 0 0 10 5 7 5 11 1 14 3 0 1 5 
9 38 20 1 6 25 26 22 16 28 2 12 6 27 25 41 24 17 14 9 3 7 6 21 7 4 1 21 15 40 7 30 45 27 25 10 12 7 48 23 16 5 23 52 26 35 17 19 9 105 126 87 159 86 96 38 63 182 0 47 10 9 11 53 44 63 10 45 8 28 36 37 13 32 360 226 90 110 22 64 107 42 94 223 71 62 22 134 33 0 0 35 13 30 15 8 2 24 24 5 8 31 
0 4 2 0 1 4 1 0 1 0 0 2 2 3 1 14 3 1 2 0 0 2 0 6 5 0 1 0 4 8 5 11 7 1 2 1 0 3 3 7 4 3 15 24 6 9 14 7 4 50 14 4 12 7 8 3 2 21 0 4 4 2 1 2 14 23 4 8 4 4 7 3 4 9 34 57 19 32 108 6 17 12 19 126 78 34 18 42 11 0 0 16 5 24 8 5 3 12 17 0 4 9 
1 2 0 1 1 0 1 1 1 1 0 1 0 1 0 5 0 4 0 0 0 1 3 4 0 0 0 2 0 8 0 5 6 1 0 0 0 3 4 5 8 7 16 17 6 2 5 3 2 23 5 7 11 2 6 5 4 8 0 3 0 2 0 2 6 9 4 5 4 2 2 6 2 5 28 33 15 16 68 8 5 15 19 89 56 15 6 50 12 0 0 31 5 6 9 10 2 16 4 3 1 4 
1 3 6 0 0 1 2 2 0 1 1 0 0 0 0 3 1 0 0 0 0 1 0 2 1 0 0 0 0 4 1 8 8 1 1 1 0 0 5 9 8 1 15 14 9 15 16 20 7 63 6 2 6 6 0 0 3 11 0 4 6 4 0 5 2 10 1 1 1 10 7 3 1 4 19 17 3 12 39 7 23 3 4 37 17 22 14 60 12 0 0 19 1 15 8 20 2 13 19 4 0 28 
0 3 1 1 0 0 2 2 1 1 0 0 0 0 0 1 0 0 1 0 0 1 0 2 1 0 0 0 2 1 0 1 6 1 0 0 2 2 3 6 2 0 21 12 5 9 6 4 4 21 13 5 10 3 2 2 9 5 0 6 0 0 0 2 4 2 0 2 2 2 6 7 3 2 23 17 6 17 75 16 27 1 5 98 59 25 13 51 12 0 0 25 3 10 4 15 1 10 10 5 1 18 
3 10 5 1 0 5 5 6 5 5 1 3 0 1 0 0 2 1 1 2 0 3 0 0 0 0 0 4 4 9 1 2 10 8 4 2 3 4 18 26 8 2 63 73 11 49 25 32 33 162 34 18 60 25 13 12 48 55 0 9 3 3 3 10 2 7 6 4 7 4 11 6 10 14 120 89 33 123 259 215 133 46 190 19 148 87 43 187 26 0 0 63 22 46 54 33 5 36 26 8 7 58 
2 3 1 0 2 5 3 3 0 4 1 1 0 1 0 1 1 0 0 0 1 0 0 1 0 0 0 1 1 9 0 1 4 0 2 0 0 0 6 17 4 5 36 26 10 15 9 9 11 44 6 3 12 10 7 3 12 19 0 2 2 1 1 1 1 0 0 2 0 0 1 3 1 2 21 16 4 20 99 136 200 65 145 201 10 66 27 73 13 0 0 37 8 17 14 19 3 10 14 0 3 14 
3 13 8 2 1 4 7 3 4 4 1 0 4 0 0 7 8 2 4 3 2 1 1 1 2 0 0 11 2 23 7 17 22 9 11 5 19 27 37 12 7 8 70 122 18 53 48 36 25 146 23 11 30 17 3 3 13 18 0 15 1 1 5 3 6 9 7 5 0 3 8 13 4 2 27 21 3 16 55 35 41 20 29 84 65 5 19 60 63 0 0 102 18 55 26 37 11 42 22 7 2 56 
1 3 0 0 0 1 3 0 3 2 0 0 2 0 0 2 8 2 3 3 4 1 0 3 0 0 0 7 1 7 10 7 14 4 10 5 20 11 32 12 11 3 34 60 10 34 15 23 9 80 2 3 12 7 0 2 0 7 0 8 3 6 0 4 4 6 0 3 0 1 5 5 0 3 17 6 3 20 38 10 14 11 18 50 31 40 2 30 35 0 0 75 12 42 22 31 8 24 14 5 0 35 
26 32 20 4 3 10 11 9 6 14 3 9 7 5 9 14 26 20 10 10 15 6 7 41 17 0 1 37 3 89 28 78 234 20 40 27 60 76 184 41 58 20 155 144 81 183 153 124 153 826 49 40 88 27 20 4 25 25 0 25 11 5 0 12 8 14 7 4 3 5 13 8 6 6 65 33 7 41 147 71 77 56 71 190 87 94 55 17 43 0 0 188 64 88 81 112 23 87 76 16 18 339 
4 6 0 0 2 1 1 0 3 3 1 3 5 2 0 5 7 5 0 1 3 0 1 7 2 0 0 7 2 26 6 19 19 4 11 7 32 26 41 24 7 6 43 84 14 32 14 24 40 87 8 4 11 5 2 4 8 7 0 5 1 3 0 3 5 8 0 0 0 2 2 2 1 1 11 2 2 14 26 19 5 15 16 36 14 45 28 52 16 0 0 73 13 14 14 29 8 19 17 5 1 55 
0 0 0 0 0 0 0 0 0 0 0 0 0 0 0 0 0 0 0 0 0 0 0 0 0 0 0 0 0 0 0 0 0 0 0 0 0 0 0 0 0 0 0 0 0 0 0 0 0 0 0 0 0 0 0 0 0 0 0 0 0 0 0 0 0 0 0 0 0 0 0 0 0 0 0 0 0 0 0 0 0 0 0 0 0 0 0 0 0 0 0 0 0 0 0 0 0 0 0 0 0 0 
0 0 0 0 0 0 0 0 0 0 0 0 0 0 0 0 0 0 0 0 0 0 0 0 0 0 0 0 0 0 0 0 0 0 0 0 0 0 0 0 0 0 0 0 0 0 0 0 0 0 0 0 0 0 0 0 0 0 0 0 0 0 0 0 0 0 0 0 0 0 0 0 0 0 0 0 0 0 0 0 0 0 0 0 0 0 0 0 0 0 0 0 0 0 0 1 0 0 0 0 0 0 
3 17 6 2 3 16 11 9 8 8 4 6 14 9 9 15 14 11 10 2 10 3 1 11 6 1 0 15 3 62 24 51 64 35 66 37 99 91 210 77 50 17 92 248 86 174 81 104 113 408 11 21 46 23 4 5 14 27 0 14 3 4 6 9 8 9 0 6 1 0 5 8 2 2 24 6 6 16 60 34 44 26 47 122 73 116 84 250 85 0 0 19 54 83 48 191 39 87 75 20 20 160 
1 1 3 0 0 1 3 0 3 1 0 1 1 3 2 1 3 2 1 2 0 0 0 0 0 0 0 2 2 14 7 4 9 6 6 4 21 9 29 11 13 6 31 76 17 27 17 27 13 64 5 2 6 4 2 0 0 5 0 6 0 0 0 1 0 0 0 0 0 0 0 0 0 0 4 7 2 8 15 7 7 5 8 31 15 30 17 49 25 0 0 80 3 8 14 22 4 23 20 5 1 43 
0 0 3 0 3 0 4 1 1 1 1 0 1 4 1 2 2 4 0 0 0 0 0 0 0 0 0 1 0 20 5 6 16 3 7 5 16 16 29 13 10 12 29 59 29 42 19 32 24 91 5 4 7 2 1 1 9 6 0 6 3 0 1 1 0 1 0 1 0 1 0 2 0 2 13 10 7 4 27 17 12 11 15 32 19 37 20 68 35 0 0 67 13 6 8 28 4 12 8 6 4 59 
2 0 2 0 0 2 5 2 2 5 2 3 1 1 0 3 1 1 0 0 1 0 0 1 0 0 0 0 0 10 1 12 12 7 7 8 14 6 18 10 2 5 20 35 24 17 17 20 23 84 4 6 7 4 0 2 1 2 0 2 1 2 0 1 2 0 0 0 0 0 0 0 2 0 13 10 1 10 23 17 12 9 7 23 18 23 19 70 29 0 0 31 11 8 0 18 10 12 7 7 2 61 
1 2 1 0 1 0 0 0 3 4 1 0 4 3 0 1 2 1 1 0 1 0 0 1 0 0 0 1 3 18 4 6 8 2 3 10 13 5 27 13 8 2 29 63 20 36 24 13 17 65 1 1 4 2 0 0 4 7 0 2 0 0 1 1 1 1 0 0 0 0 2 0 0 0 10 3 0 4 18 6 5 6 4 28 14 15 13 59 31 0 0 107 15 21 14 7 1 30 8 3 4 53 
0 2 0 0 0 0 0 1 0 0 0 0 0 0 0 0 1 0 0 1 0 0 0 0 0 0 0 0 0 4 0 9 5 0 0 0 0 1 2 2 4 0 2 14 5 5 1 1 0 5 1 0 1 0 0 0 0 0 0 0 0 0 0 0 2 0 0 0 0 0 0 0 0 0 2 2 0 0 4 0 2 4 0 6 4 2 2 17 1 0 0 14 0 6 4 0 1 2 1 1 3 10 
1 1 0 0 0 0 3 0 1 0 0 1 1 1 0 0 1 0 0 0 0 0 0 0 1 0 0 1 0 6 2 3 9 2 4 1 9 7 16 3 1 2 23 27 11 30 12 13 19 53 2 5 5 1 1 0 3 1 0 1 0 2 0 0 0 1 0 0 0 0 1 1 0 0 2 5 0 5 13 3 9 9 10 18 14 10 9 49 9 0 0 42 3 14 7 17 0 9 1 1 3 27 
3 4 1 1 0 2 3 0 0 4 0 2 0 0 0 2 0 0 0 0 0 0 0 11 1 0 0 3 0 8 2 3 13 4 16 4 14 11 14 6 6 4 36 24 15 32 19 17 13 80 3 1 17 3 0 0 2 5 0 0 1 0 1 2 1 1 0 1 0 0 2 0 0 1 9 5 0 6 22 7 9 10 10 22 25 24 12 59 17 0 0 59 7 11 14 10 0 15 6 5 3 26 
1 0 0 0 0 0 0 1 0 0 0 0 0 0 0 0 2 0 0 0 0 0 0 1 0 0 0 0 0 1 0 1 1 0 2 0 3 0 5 2 1 0 12 20 3 9 3 5 1 17 2 0 2 0 0 1 0 1 0 0 0 0 0 0 1 0 0 0 0 0 0 0 0 0 2 0 0 0 5 3 1 0 0 9 2 3 1 12 21 0 0 9 3 2 6 4 0 1 1 1 5 4 
1 0 0 0 0 0 0 0 0 0 1 1 0 1 0 0 0 0 0 0 0 0 0 0 0 0 0 0 0 1 0 0 0 0 1 0 1 2 4 3 0 1 10 4 4 1 4 3 4 12 1 0 2 2 0 0 0 2 0 0 1 0 0 0 0 0 0 0 0 0 0 0 0 1 2 2 0 4 5 1 0 1 3 5 3 5 1 10 4 0 0 8 3 3 4 4 1 3 2 2 1 6 
21 24 14 5 3 9 16 8 10 8 5 7 13 7 6 7 13 7 2 3 6 5 3 5 1 0 0 18 0 46 15 40 63 27 31 16 41 62 139 66 43 21 158 127 85 142 101 93 86 399 35 27 54 19 5 4 17 21 0 9 0 0 1 6 4 10 0 1 1 1 5 7 3 4 49 14 5 35 81 40 38 45 41 113 55 94 44 445 127 0 0 147 52 88 107 124 10 87 36 13 2 32 
