0 0 0 0 0 2 0 1 0 0 0 1 0 0 2 1 2 0 1 0 0 0 1 0 0 0 0 0 0 0 0 0 0 0 0 0 0 0 0 0 0 0 0 0 0 0 0 1 0 0 0 0 0 0 0 0 0 0 0 1 0 0 0 0 0 0 0 0 0 0 0 0 0 0 0 0 0 0 2 0 0 0 0 0 0 0 0 1 0 0 0 0 0 0 0 0 0 0 0 0 0 0 
2 0 3 1 3 12 4 5 4 8 2 7 7 5 4 7 5 3 5 1 0 0 0 0 0 0 0 2 0 0 0 0 0 0 0 0 0 0 0 0 0 0 0 0 0 0 0 0 0 0 0 0 0 0 0 1 0 2 0 0 0 0 0 0 0 0 0 0 0 0 0 0 0 0 0 0 0 0 3 0 0 0 0 0 0 0 0 0 0 0 0 0 0 0 0 0 0 0 0 0 0 0 
13 3 0 16 14 18 1 5 9 10 3 6 15 7 3 26 5 3 3 0 0 2 2 0 1 0 1 2 1 0 0 0 0 0 0 0 0 0 0 0 0 0 0 0 0 0 0 0 0 0 0 0 1 0 0 0 0 2 0 0 0 0 0 0 0 0 0 0 0 0 0 0 0 0 0 0 0 0 8 0 0 0 0 0 0 0 0 1 0 0 0 0 0 0 0 0 0 0 0 0 0 0 
0 4 4 1 0 0 3 1 0 0 0 1 2 0 1 1 0 0 0 0 0 0 0 0 0 0 0 0 0 0 1 0 0 0 1 0 0 0 0 0 0 0 0 0 0 0 0 0 0 0 0 0 0 0 0 0 0 0 0 0 0 0 0 0 0 0 0 0 0 0 0 0 0 0 0 0 0 0 0 0 0 0 0 0 0 0 0 0 0 0 0 0 0 0 0 0 0 0 0 0 0 0 
2 4 7 1 0 0 0 1 2 0 1 1 7 10 6 1 1 3 1 0 0 0 0 1 0 0 0 0 0 0 0 0 0 0 0 0 0 0 0 0 0 0 0 0 0 0 0 0 0 0 0 1 0 1 0 0 0 0 0 1 0 0 0 0 0 0 0 0 0 0 0 1 0 0 0 0 0 0 1 0 0 0 0 0 0 0 0 0 0 0 0 0 0 0 0 0 0 0 0 0 0 0 
6 9 11 3 1 0 0 3 8 7 5 19 13 5 4 8 7 3 3 2 2 1 1 1 0 0 1 1 0 0 0 0 2 0 0 0 0 6 0 0 0 0 0 0 1 0 0 0 0 0 1 0 0 1 0 0 2 2 0 0 0 0 0 0 0 3 0 0 0 0 0 0 0 0 0 0 0 0 5 0 0 0 0 0 0 0 0 0 0 0 0 0 0 0 0 0 0 0 0 0 0 0 
0 7 7 2 3 1 3 3 6 4 2 5 11 19 14 12 5 4 7 0 3 1 2 3 0 0 0 2 0 0 1 0 0 1 0 0 0 0 0 0 0 0 0 0 0 0 0 0 0 0 0 0 0 0 0 2 0 1 0 0 0 0 0 1 2 2 0 1 0 0 1 1 0 1 0 0 0 0 4 0 0 0 0 0 0 0 0 0 0 0 0 0 0 0 0 0 0 0 0 0 0 0 
8 16 11 4 5 13 6 1 3 5 2 10 9 12 11 11 15 4 2 0 4 8 0 1 2 0 0 0 0 0 0 0 0 0 1 3 0 5 0 0 0 0 0 0 0 0 0 0 0 1 0 0 0 0 1 0 0 0 0 0 0 0 0 1 1 2 0 2 0 0 0 0 0 0 0 0 0 1 3 0 0 0 0 0 0 0 0 1 0 0 0 0 0 0 0 0 0 0 0 0 0 0 
5 12 11 0 8 13 11 5 2 0 3 16 19 17 7 21 21 3 1 1 3 0 2 10 1 0 0 4 1 0 1 0 0 1 1 0 0 7 0 1 0 0 0 0 0 0 0 0 0 0 2 0 0 0 0 0 1 4 0 0 0 1 0 2 2 0 0 0 0 0 1 0 0 0 0 0 0 0 4 0 0 0 0 0 0 0 0 0 0 0 0 0 0 0 0 0 0 0 0 0 0 0 
3 7 8 1 3 6 6 2 0 0 2 4 8 7 13 6 12 5 1 0 1 5 1 3 0 1 0 1 0 2 2 2 1 0 0 0 0 1 1 1 0 0 0 0 0 0 0 0 1 0 1 1 1 2 0 0 2 4 0 0 0 0 1 1 1 2 0 2 0 4 1 0 0 2 1 4 0 0 8 0 0 0 0 0 0 0 0 0 0 0 0 0 0 0 0 0 0 0 0 0 0 0 
0 1 1 0 0 5 1 0 4 2 0 2 4 5 0 2 5 1 2 0 4 0 0 1 0 0 0 1 0 0 0 0 0 0 0 0 0 2 0 0 0 0 1 0 0 0 0 2 0 0 0 0 0 0 0 0 0 0 0 0 0 0 0 1 0 0 0 0 0 0 0 0 0 0 0 1 0 0 0 0 0 0 0 0 0 0 0 0 0 0 0 0 0 0 0 0 0 0 0 0 0 2 
4 12 5 3 7 21 8 15 14 4 2 2 1 9 6 14 8 2 3 1 8 2 6 8 1 0 0 12 0 3 0 0 0 0 3 1 0 3 2 4 1 0 0 0 2 0 0 0 0 0 1 0 0 2 1 1 1 0 0 1 0 0 0 1 1 0 0 0 1 0 4 0 0 0 1 1 0 0 5 0 0 0 0 0 0 0 0 0 0 0 0 0 0 0 0 1 1 0 0 0 0 0 
3 19 23 9 4 24 8 17 11 13 8 11 0 3 3 12 21 30 9 4 9 7 12 6 4 2 0 14 0 2 0 1 1 0 1 0 0 2 1 4 0 0 0 1 3 0 0 2 0 4 1 0 2 0 0 0 1 0 0 3 2 0 1 1 0 1 0 2 0 0 0 0 0 0 1 0 0 0 6 0 0 0 0 0 0 0 0 1 0 0 0 1 0 2 0 1 0 0 0 0 0 0 
18 19 44 18 16 76 19 41 33 28 13 31 30 1 3 13 43 17 9 24 33 21 21 49 11 6 9 34 0 1 0 4 0 1 0 0 0 1 1 8 8 0 0 0 0 2 1 1 1 2 5 0 6 2 3 4 8 2 0 3 2 0 0 0 1 0 0 0 0 0 0 0 0 0 3 2 0 2 11 0 0 0 0 0 0 0 0 1 0 0 0 0 0 2 0 10 0 0 0 0 0 0 
4 10 8 3 7 23 8 21 7 2 6 5 14 2 0 7 12 8 9 6 11 10 12 16 7 3 8 7 1 1 0 2 2 1 1 1 0 1 1 6 1 0 1 1 2 1 3 0 4 10 3 0 0 3 2 0 0 1 0 2 1 0 0 0 0 0 0 0 0 0 0 0 0 1 0 0 0 1 2 0 0 0 0 0 0 0 0 0 0 0 0 0 0 0 0 0 0 0 0 0 0 0 
33 44 53 11 40 112 45 100 60 59 45 80 77 18 14 7 70 71 37 65 84 92 84 118 46 11 28 113 12 35 17 29 18 9 4 16 13 1 2 22 14 1 7 14 11 13 8 4 3 26 9 3 9 2 1 2 5 31 0 10 1 0 1 2 5 2 0 5 1 0 8 1 0 1 2 3 1 4 10 0 0 0 0 0 0 1 1 10 3 0 0 4 0 4 0 0 5 0 1 1 1 0 
2 6 6 1 3 14 7 16 11 11 3 11 13 8 13 7 0 4 8 10 11 13 24 33 16 1 7 12 1 6 3 8 3 4 3 2 0 3 4 10 3 0 3 8 3 1 2 2 3 8 2 0 2 0 0 0 0 1 0 1 0 0 0 0 2 0 0 0 0 0 0 0 1 0 0 0 0 0 3 0 0 0 0 0 0 1 0 0 1 0 0 0 0 4 0 0 0 1 0 0 0 2 
18 11 3 3 2 14 2 9 4 11 4 9 13 3 8 10 10 2 8 12 8 4 10 15 5 0 3 15 1 6 0 12 2 2 4 1 0 0 4 2 9 0 3 2 3 7 3 8 4 5 2 0 2 0 0 0 2 1 0 0 0 0 0 2 0 0 0 0 0 0 1 0 0 0 0 0 0 2 6 0 0 0 0 0 0 0 0 1 0 0 0 0 1 0 0 0 0 0 0 0 0 0 
6 8 5 0 1 10 7 13 9 8 4 14 11 8 8 12 19 10 0 5 23 10 20 23 12 1 4 10 0 7 2 2 0 3 2 4 2 4 4 5 4 1 2 7 5 5 2 0 1 5 0 1 1 1 0 1 2 1 0 1 0 0 0 2 0 0 0 0 0 0 0 0 0 0 0 0 0 0 0 0 0 0 0 0 0 0 0 0 0 0 0 1 0 0 0 0 0 0 0 0 0 0 
3 1 3 0 1 3 1 5 1 3 1 5 3 5 1 2 3 0 5 0 1 1 4 7 8 2 3 17 0 1 0 2 1 0 0 0 1 4 1 0 0 0 0 0 0 0 0 0 0 2 0 0 0 0 0 0 0 0 0 0 0 0 0 0 0 0 0 0 0 0 0 0 0 0 0 0 0 0 0 0 0 0 0 0 0 0 0 0 0 0 0 0 0 0 0 0 0 0 0 0 0 0 
1 4 3 0 0 4 0 2 2 1 2 4 7 7 4 9 12 10 8 0 0 5 15 17 8 3 6 8 0 0 0 1 0 1 0 3 0 9 1 6 0 0 1 2 0 0 1 1 1 3 0 0 0 0 0 0 0 1 0 0 0 0 0 0 0 0 0 0 0 0 0 0 0 0 0 0 0 0 0 0 0 0 0 0 0 0 0 0 0 0 0 0 0 0 0 0 0 0 0 0 0 0 
1 2 1 2 0 1 1 0 1 3 1 1 3 2 3 5 5 1 1 0 2 3 1 3 3 5 4 14 0 0 2 0 0 1 0 0 0 0 0 0 0 0 0 0 1 0 0 0 0 1 0 0 0 0 0 0 0 0 0 0 0 0 0 0 0 0 0 0 0 0 0 0 0 0 0 0 0 0 0 0 0 0 0 0 0 0 0 0 0 0 0 0 0 0 0 0 0 0 0 0 0 0 
0 0 0 0 1 3 1 1 2 4 2 1 3 3 1 11 5 3 6 5 3 0 0 2 1 2 3 8 0 0 1 0 0 0 0 0 0 1 2 0 0 0 0 0 0 0 0 0 0 0 0 0 0 0 0 0 0 0 0 0 0 0 0 0 0 0 0 0 0 0 0 0 0 0 0 0 0 0 0 0 0 0 0 0 0 0 0 0 0 0 0 0 0 0 0 0 0 0 0 0 0 0 
0 0 0 0 1 2 5 1 2 1 0 1 4 4 5 9 6 3 4 3 18 1 2 2 4 12 10 18 0 1 0 0 0 1 0 0 1 4 0 0 0 0 0 0 0 0 0 0 0 0 0 0 0 0 0 0 0 0 0 0 0 0 0 0 0 0 0 0 0 0 0 0 0 0 0 0 0 0 0 0 0 0 0 0 0 0 0 0 0 0 0 0 0 0 0 0 0 0 0 0 0 0 
0 0 1 0 0 5 0 1 4 1 0 1 5 0 10 8 5 7 1 3 4 2 4 1 1 0 7 12 0 0 0 1 0 0 5 1 0 5 0 0 0 0 0 0 0 0 0 0 0 0 0 0 0 0 0 0 0 0 0 0 0 0 0 0 0 0 0 0 0 0 0 0 0 0 0 0 0 0 0 0 0 0 0 0 0 0 0 0 0 0 0 0 0 0 0 0 0 0 0 0 0 0 
0 0 0 0 0 0 0 0 0 1 0 0 0 0 0 0 0 0 0 3 0 0 0 0 0 0 2 1 0 0 0 1 0 0 0 0 0 0 0 0 0 0 0 0 0 0 0 0 0 0 0 0 0 0 0 0 0 0 0 0 0 0 0 0 0 0 0 0 0 0 0 0 0 0 0 0 0 0 0 0 0 0 0 0 0 0 0 0 0 0 0 0 0 0 0 0 0 0 0 0 0 0 
0 0 0 0 0 0 0 0 0 0 0 0 0 1 0 3 0 0 1 0 0 1 2 4 0 0 0 1 0 0 0 0 0 0 0 0 0 0 0 0 0 0 0 0 0 0 0 0 0 0 0 0 0 0 0 0 0 0 0 0 0 0 0 0 0 0 0 0 0 0 0 0 0 0 0 0 0 0 0 0 0 0 0 0 0 0 0 0 0 0 0 0 0 0 0 0 0 0 0 0 0 0 
0 0 0 0 0 0 0 0 0 0 0 1 2 0 1 0 1 2 0 0 1 0 1 0 0 0 1 3 0 0 0 0 0 0 0 0 0 3 1 0 0 0 0 0 0 1 0 0 0 0 0 0 0 1 0 0 0 0 0 0 0 0 0 0 0 0 0 0 0 0 0 0 0 0 0 0 0 0 0 0 0 0 0 0 0 0 0 1 0 0 0 0 0 0 0 0 0 0 0 0 0 0 
36 81 268 16 23 76 34 26 11 15 17 13 22 6 12 26 14 7 10 2 7 8 1 5 1 0 0 0 1 0 0 0 0 0 1 0 0 1 0 0 1 0 0 0 0 0 0 0 0 1 0 2 0 0 1 0 0 4 0 1 0 0 0 0 0 0 0 0 0 0 0 0 0 0 0 0 0 3 6 0 0 0 0 0 0 0 0 2 0 0 0 0 0 0 0 0 0 0 0 0 0 0 
0 1 0 0 0 0 0 0 0 0 0 0 0 0 0 0 0 2 0 0 0 0 0 0 0 0 0 0 0 2 1 4 0 0 2 1 0 1 0 2 0 0 1 0 0 0 0 0 0 2 0 0 0 0 0 0 0 0 0 0 0 0 0 0 0 0 2 1 0 0 0 0 0 0 0 0 0 0 0 0 0 0 0 0 0 0 0 2 0 0 0 0 0 0 0 0 0 0 0 0 0 0 
0 0 0 0 0 0 1 0 0 0 0 1 0 0 0 8 2 4 1 1 0 0 0 0 1 0 0 0 0 28 11 11 9 4 1 4 5 3 12 1 2 0 1 0 2 4 1 0 1 2 0 0 1 0 0 0 0 0 0 1 0 0 1 0 0 0 0 0 0 0 2 0 0 0 0 0 0 0 0 0 0 0 0 0 0 0 0 0 0 0 0 0 0 1 0 0 0 2 0 0 0 0 
0 0 0 0 0 1 0 1 0 0 1 0 5 0 2 0 6 1 1 1 0 0 1 3 0 0 0 0 0 25 7 1 9 7 14 13 7 11 11 24 10 4 9 10 5 6 1 4 4 6 3 0 0 1 0 0 2 0 0 0 0 0 1 6 2 3 16 0 0 1 0 0 0 0 0 1 1 0 2 0 0 0 0 0 0 0 0 0 0 0 0 0 0 1 1 0 1 0 1 1 0 0 
11 17 9 0 3 4 6 5 1 4 0 12 7 5 3 9 34 19 15 6 0 5 8 8 11 0 0 20 0 170 66 109 12 26 69 72 88 73 83 137 62 21 117 149 56 108 53 52 54 231 27 25 32 22 12 8 9 17 0 12 6 0 5 11 23 27 1 8 6 13 14 14 4 1 8 2 0 10 45 0 0 0 0 0 1 1 0 1 1 0 0 30 7 13 12 17 2 1 5 1 0 2 
0 0 0 0 0 0 1 0 0 3 1 0 1 1 0 1 5 1 1 0 1 0 4 9 0 0 2 0 0 37 23 17 9 1 7 2 8 10 14 20 18 3 13 8 11 4 5 5 6 19 3 1 1 4 2 0 0 3 0 3 1 1 2 1 7 3 1 4 1 3 1 4 4 3 1 4 0 3 5 0 0 0 0 0 0 0 0 0 0 0 0 2 0 0 2 1 0 0 1 0 0 0 
2 4 1 1 0 0 4 1 0 1 4 2 1 2 7 4 3 5 1 1 3 1 4 6 3 3 0 3 0 76 18 29 12 8 2 3 12 15 29 59 17 1 12 14 6 16 5 9 15 34 3 0 4 1 4 0 1 1 0 4 1 0 0 2 0 6 3 6 1 5 5 6 2 1 6 0 0 1 14 0 0 0 0 0 0 0 1 6 8 0 0 4 1 1 7 6 0 1 6 2 0 0 
1 2 3 0 0 0 0 0 1 1 0 0 0 0 1 1 4 2 0 0 2 1 2 4 1 0 0 1 0 51 9 27 16 2 4 5 10 16 18 21 4 2 7 14 4 8 3 2 7 13 0 2 1 2 0 0 0 0 0 0 0 0 1 1 3 6 2 0 3 1 6 4 0 1 1 0 0 0 5 0 0 0 0 0 0 2 2 2 0 0 0 6 1 5 1 7 1 1 2 0 2 0 
0 1 2 0 0 3 0 2 1 4 1 0 1 0 1 8 16 10 5 6 3 5 4 6 5 1 0 6 0 126 36 86 12 24 38 40 2 46 56 111 34 12 28 19 20 15 31 26 30 57 2 4 1 2 1 0 1 3 0 0 0 0 4 12 8 4 2 3 1 6 6 3 2 2 1 0 0 1 3 0 0 1 0 0 0 1 1 7 8 0 0 5 2 5 6 12 0 4 4 1 1 3 
3 5 1 1 6 3 0 1 1 4 0 4 2 4 0 1 5 6 3 5 1 7 4 3 2 2 4 8 0 81 30 76 34 23 48 32 11 1 17 72 34 6 15 18 22 20 23 15 18 73 4 1 1 1 0 0 1 0 0 0 0 1 2 6 12 11 2 2 0 1 7 6 3 7 0 0 0 0 7 0 0 0 0 1 0 15 6 10 19 0 0 4 8 7 1 7 2 1 2 0 0 0 
12 16 17 9 19 55 27 37 37 40 37 63 46 9 4 8 44 55 27 49 42 50 39 72 24 15 5 49 0 173 65 233 93 72 106 153 86 67 12 335 141 13 59 102 83 79 51 78 56 181 3 5 3 2 3 0 5 19 0 3 6 2 5 24 36 33 4 19 3 8 18 10 4 10 4 0 0 3 8 0 2 4 7 9 8 22 20 101 34 0 0 24 16 30 26 56 8 22 19 3 6 14 
1 0 2 2 3 10 1 3 3 2 4 11 14 5 3 4 9 5 3 7 6 2 1 6 1 0 0 8 0 26 14 35 16 11 16 15 22 22 56 3 10 4 12 7 15 15 16 15 22 66 0 0 0 1 0 0 0 0 0 0 1 0 0 7 3 5 0 1 0 0 1 1 0 0 2 2 0 1 5 3 1 0 3 1 4 0 1 8 12 0 0 4 2 2 1 9 1 1 1 0 0 1 
0 0 1 0 0 1 1 3 0 0 1 0 5 0 1 0 7 3 0 2 2 2 3 3 2 2 0 1 2 10 3 10 11 9 4 6 5 11 18 11 1 2 4 4 9 10 11 8 11 33 0 0 0 0 0 0 0 0 0 0 0 0 0 3 0 1 0 0 1 1 0 0 0 0 0 2 0 2 3 0 0 0 1 3 2 2 1 5 2 0 0 7 1 3 1 6 0 2 2 0 1 1 
0 0 0 0 0 0 2 0 0 0 0 0 0 0 1 0 0 1 0 0 1 1 0 0 0 0 0 0 0 3 2 2 1 2 2 0 6 3 3 7 1 0 1 2 2 1 0 6 6 8 0 0 0 0 0 0 0 0 0 0 0 0 0 1 0 0 0 1 0 1 0 0 0 0 1 1 0 0 0 0 0 0 0 2 0 0 2 6 2 0 0 1 0 0 0 0 1 0 0 2 0 0 
1 1 0 0 0 2 2 0 0 1 1 5 0 0 3 1 7 2 0 2 1 2 1 1 0 0 0 0 2 16 2 12 14 13 5 12 9 17 29 24 18 5 4 14 20 10 13 19 24 26 1 0 0 2 0 0 1 1 0 0 0 0 0 0 1 1 0 6 0 0 0 0 0 0 0 2 0 1 9 2 5 0 9 12 7 23 15 17 10 0 0 3 13 8 20 21 0 16 4 1 0 3 
0 5 0 0 0 1 0 3 1 0 5 1 2 1 1 7 8 6 3 1 6 1 3 3 0 0 0 6 0 14 3 19 8 11 8 4 16 35 52 32 15 17 11 5 23 23 25 41 46 72 2 1 2 1 2 0 1 2 0 0 0 0 0 1 2 0 0 0 0 0 0 0 0 0 4 4 0 6 21 9 9 5 9 19 15 19 19 39 16 0 0 17 15 10 14 32 13 20 20 3 7 5 
3 1 0 0 0 0 2 0 0 0 4 0 3 0 0 3 5 2 0 0 4 2 2 3 0 0 0 0 0 8 0 5 7 13 4 1 13 19 17 13 13 3 5 4 2 3 12 28 34 20 0 0 0 0 0 0 0 0 0 0 0 0 0 0 0 0 0 0 0 0 0 0 0 0 3 0 9 1 9 3 1 1 1 5 2 10 3 13 1 0 0 2 0 10 3 6 0 2 5 1 6 2 
2 1 4 0 0 2 2 2 1 0 1 5 1 1 1 9 10 7 1 1 4 3 8 12 1 0 0 6 0 17 6 22 28 28 14 24 30 27 56 60 39 6 38 33 29 15 26 121 131 158 0 1 1 1 0 0 0 1 0 0 0 0 0 0 1 0 0 0 0 0 0 0 0 0 3 1 1 9 21 9 4 4 6 13 17 22 24 64 16 0 0 9 12 12 10 32 4 28 22 4 2 6 
0 0 0 0 0 0 0 0 1 1 0 1 0 0 0 9 6 3 1 0 0 2 2 3 0 0 0 0 0 5 4 7 9 8 6 7 14 8 21 10 10 5 6 11 9 6 5 44 37 40 0 0 1 0 0 0 0 0 0 0 0 0 0 0 0 0 0 0 0 0 0 0 0 0 0 0 0 1 3 2 0 4 2 3 4 10 1 28 3 0 0 1 4 3 2 6 1 0 3 0 1 2 
0 0 0 0 0 0 0 0 0 0 0 0 0 1 0 7 3 3 0 1 0 0 0 0 0 0 0 0 0 6 3 5 6 9 6 2 11 14 15 13 5 2 4 10 20 18 15 2 51 107 0 0 0 0 0 0 0 0 0 0 0 0 0 0 0 0 0 0 0 0 0 0 0 0 1 0 0 2 4 3 1 2 1 0 0 8 4 12 4 0 0 6 7 11 5 5 2 4 3 0 0 0 
0 0 0 0 0 0 0 0 0 0 0 0 0 0 0 8 2 1 0 0 0 2 0 1 0 0 0 0 0 1 1 1 5 2 1 1 1 3 3 5 3 0 3 2 1 17 5 17 7 32 0 0 0 0 0 0 0 0 0 0 0 0 0 0 0 0 0 0 0 0 0 0 0 0 0 0 0 0 2 2 0 0 3 0 1 0 3 7 3 0 0 0 5 3 2 2 2 3 3 1 1 3 
0 1 2 0 2 0 0 0 0 0 3 0 0 1 1 1 0 1 2 0 0 0 1 1 2 0 0 0 0 5 1 5 6 4 1 4 2 4 3 5 1 0 0 2 2 2 1 3 7 1 1 0 2 1 0 0 1 0 0 0 0 0 0 0 0 1 0 1 0 0 0 1 0 0 0 0 0 0 1 1 2 1 0 3 0 0 1 3 1 0 0 3 0 0 0 2 0 0 0 0 0 1 
0 0 0 0 0 0 0 0 0 1 0 0 0 0 0 0 0 0 0 0 0 0 0 0 0 0 0 0 0 0 0 0 0 0 0 0 0 0 0 0 0 0 0 0 0 0 0 0 0 0 0 0 0 0 0 0 0 0 0 0 0 0 0 0 0 0 0 0 0 0 0 0 0 0 0 0 0 0 0 0 0 0 0 0 0 0 0 0 0 0 0 0 0 0 0 0 0 0 0 0 0 0 
0 2 0 0 0 0 0 0 0 0 0 0 0 0 0 0 0 0 0 0 0 0 0 0 0 0 1 0 0 0 0 0 0 0 0 0 0 0 0 0 0 0 0 0 0 0 0 0 0 0 1 1 0 2 1 0 1 0 0 1 0 0 0 1 0 0 0 1 0 0 0 0 0 0 0 0 0 0 2 0 0 0 0 0 0 0 0 0 0 0 0 0 0 0 0 0 0 0 0 0 0 0 
1 0 0 0 0 2 2 1 1 4 0 0 0 1 0 0 0 0 0 0 0 0 0 0 0 0 0 0 0 2 0 1 2 4 0 0 0 0 0 0 0 0 0 0 0 0 0 0 0 0 29 13 7 7 6 1 5 8 0 5 0 0 3 2 2 1 1 1 1 2 2 2 0 3 2 0 0 4 31 0 0 0 0 0 0 1 0 1 0 0 0 0 0 0 0 0 0 0 0 0 0 0 
0 0 1 0 1 0 1 2 0 8 0 0 0 0 0 0 1 0 0 0 0 0 0 0 0 0 0 0 0 0 1 0 0 5 0 0 0 0 0 0 0 0 0 0 0 0 0 0 0 0 43 6 7 4 5 0 8 12 0 6 0 0 0 1 0 6 0 4 0 0 0 0 1 2 0 0 0 2 17 1 0 0 0 0 0 0 0 0 0 0 0 0 0 0 0 0 0 0 0 0 0 0 
0 0 0 0 0 0 0 0 0 1 0 0 0 0 0 0 0 0 0 0 0 0 0 0 0 0 0 0 0 0 0 0 0 1 0 0 0 0 0 0 0 0 0 0 0 0 0 0 0 0 0 3 1 0 1 0 0 2 0 2 0 0 0 0 2 0 0 1 0 0 0 1 0 0 0 0 0 1 10 0 0 0 0 0 0 0 0 0 0 0 0 0 0 0 0 0 0 0 0 0 0 0 
0 0 0 1 0 0 1 1 2 1 0 0 0 1 0 0 0 0 0 0 0 0 0 0 0 0 0 0 0 0 2 1 0 2 0 0 0 0 0 0 0 0 0 0 0 0 0 0 0 0 1 0 0 0 2 0 1 0 0 3 0 0 0 0 0 1 0 1 0 1 0 0 2 0 2 1 0 1 7 0 0 0 0 0 0 0 0 1 0 0 0 0 0 1 0 0 0 0 0 0 0 0 
0 0 1 0 0 10 0 0 0 0 1 0 2 1 5 0 0 0 0 0 0 0 0 0 0 0 0 0 0 2 2 0 0 0 0 0 0 0 0 0 0 0 1 0 0 0 0 0 0 0 4 3 0 3 1 1 0 0 0 0 0 0 0 1 0 2 0 0 0 1 0 2 0 0 2 2 1 0 10 0 0 0 0 2 1 0 0 1 0 0 0 0 0 0 0 0 0 0 0 0 0 0 
0 3 3 0 0 4 0 1 2 0 2 1 1 0 2 1 0 1 1 0 0 0 0 2 0 0 0 0 0 0 0 1 3 3 0 0 0 0 0 0 0 0 0 4 0 0 0 0 0 0 7 2 8 10 12 2 2 0 0 4 2 0 1 1 4 2 1 1 1 1 4 1 2 2 2 2 0 9 17 3 0 0 1 2 4 1 0 5 0 0 0 1 0 0 2 0 0 0 0 0 0 0 
0 0 0 0 0 0 0 0 0 0 0 0 0 0 0 0 0 0 0 0 0 0 0 0 0 0 0 0 0 0 0 0 0 0 0 0 0 0 0 0 0 0 0 0 0 0 0 0 0 0 0 0 0 0 0 0 0 0 0 0 0 0 0 0 0 0 0 0 0 0 0 0 0 0 0 0 0 0 0 0 0 0 0 0 0 0 0 0 0 0 0 0 0 0 0 0 0 0 0 0 0 0 
4 6 3 0 1 4 5 3 0 0 0 1 2 2 0 4 1 1 0 1 0 2 2 3 0 0 0 1 1 7 0 3 1 0 0 0 0 0 0 0 0 0 0 0 0 0 0 0 0 0 5 3 9 5 5 2 6 4 0 2 1 0 0 2 15 7 3 1 3 1 7 6 0 3 2 4 0 3 22 0 0 1 1 0 0 0 0 0 0 0 0 0 0 0 0 0 0 0 0 0 0 0 
0 0 0 0 0 0 1 0 0 0 0 0 0 0 0 0 0 0 0 0 0 0 1 0 0 0 0 0 0 0 0 0 1 1 0 0 0 0 1 0 0 0 0 0 0 0 0 0 0 1 4 4 0 1 0 0 1 2 0 0 0 1 0 0 0 1 1 3 0 0 1 0 0 1 1 0 0 0 7 0 0 0 0 0 0 0 0 0 0 0 0 0 0 0 0 0 0 0 0 0 0 0 
1 0 0 0 0 1 3 0 1 1 0 0 2 1 0 3 0 0 0 0 0 0 0 0 0 0 0 0 0 0 2 2 0 6 2 0 0 1 0 0 0 0 0 0 0 0 0 0 0 1 0 1 4 5 4 0 0 7 0 1 4 0 0 14 2 12 0 1 1 8 0 5 1 6 0 0 0 3 10 0 0 0 0 0 0 0 0 0 0 0 0 0 0 0 0 0 0 0 0 0 0 0 
0 1 0 0 0 0 1 0 0 0 0 0 0 0 0 0 0 0 0 0 0 0 0 0 0 0 0 0 0 0 0 1 0 0 0 0 0 0 0 0 0 0 0 0 0 0 0 0 0 0 2 0 1 0 3 0 0 0 0 0 0 0 0 0 0 0 0 0 0 0 1 2 0 0 0 0 0 0 2 0 0 0 0 0 0 0 1 0 0 0 0 0 0 0 0 0 0 0 0 0 0 0 
0 4 1 0 0 0 0 2 1 0 1 0 1 0 0 0 0 0 1 0 0 0 0 0 0 0 0 0 0 6 1 2 3 1 1 0 3 12 2 1 0 0 2 4 1 4 1 0 2 3 3 4 1 4 2 1 0 7 0 7 3 1 0 0 4 4 3 2 0 7 11 7 6 9 2 2 0 3 15 0 0 0 0 0 0 0 0 0 0 0 0 0 0 0 0 2 0 0 0 0 0 0 
2 1 4 0 0 1 1 0 1 1 0 0 0 0 0 0 0 0 0 0 0 0 0 0 0 0 0 0 0 4 0 1 0 5 0 0 0 1 3 0 1 0 0 1 0 1 1 0 1 1 2 2 0 2 4 1 0 9 0 5 0 0 3 3 0 0 3 0 4 7 15 10 6 3 0 0 1 0 20 0 0 0 0 0 0 0 0 0 0 0 0 0 0 0 0 1 0 0 0 0 0 1 
0 3 4 0 0 0 2 7 0 2 0 0 0 1 0 0 0 0 0 0 0 0 0 0 0 0 0 0 0 2 0 3 7 10 0 0 0 0 0 0 0 1 0 0 0 0 0 2 3 0 4 3 1 2 1 4 1 1 0 5 5 0 3 5 2 4 0 7 1 15 8 20 3 4 1 1 0 4 6 0 0 0 0 0 0 0 0 0 0 0 0 0 0 0 0 0 0 0 0 0 0 0 
0 1 1 0 0 0 3 2 0 0 0 0 0 0 0 0 0 0 0 0 0 0 0 0 0 0 0 0 0 1 1 2 1 8 0 0 0 0 0 0 0 0 0 0 0 0 0 0 0 0 1 0 1 1 1 0 0 6 0 0 3 0 2 0 9 0 0 0 2 3 6 5 2 2 0 0 0 0 5 0 0 0 0 0 0 0 0 0 0 0 0 0 0 0 0 0 0 0 0 1 0 0 
0 1 1 0 0 1 2 0 0 0 0 0 0 0 0 0 0 0 0 0 0 0 0 0 0 0 0 0 0 3 1 1 0 3 0 0 0 0 0 0 0 0 0 0 0 0 0 0 0 1 1 1 0 2 0 1 0 3 0 2 1 0 0 2 1 6 1 1 1 2 8 9 3 2 1 0 0 3 10 0 0 0 0 0 0 0 0 0 0 0 0 0 0 0 0 0 0 0 0 0 0 0 
0 1 0 0 0 0 0 1 0 0 0 0 0 0 0 0 0 0 0 0 0 0 0 0 0 0 0 0 0 0 0 0 0 3 0 0 0 0 0 0 0 0 0 0 0 0 0 0 0 0 0 0 0 1 0 0 1 0 0 0 0 0 0 1 2 1 3 1 0 0 3 2 0 1 0 0 0 0 3 0 0 0 0 0 0 0 0 0 0 0 0 0 0 0 0 0 0 0 0 0 0 0 
0 0 0 0 0 1 0 0 0 0 0 0 0 0 0 0 0 0 0 0 0 0 0 0 0 0 0 0 0 0 1 2 2 1 0 0 0 0 0 0 0 0 0 0 0 0 0 0 0 0 2 2 2 0 1 1 0 1 0 0 3 0 0 0 1 5 0 7 0 2 5 3 4 2 0 0 1 0 2 0 0 0 0 0 0 0 0 0 0 0 0 0 0 0 0 0 0 0 0 0 0 0 
0 0 1 0 0 0 0 0 1 0 0 0 0 0 0 0 0 0 0 0 0 0 0 0 0 0 0 0 0 1 0 0 0 3 0 0 0 0 0 0 0 0 0 0 0 0 0 0 0 0 0 0 0 0 0 0 2 2 0 3 0 1 0 2 1 5 1 1 0 3 3 5 2 2 0 0 0 0 8 0 0 0 0 0 0 0 0 0 0 0 0 0 0 0 0 0 0 0 0 0 0 0 
0 0 0 0 0 0 1 1 0 1 0 0 0 0 0 0 0 0 0 0 0 0 0 0 0 0 0 0 0 0 0 0 2 8 0 0 0 0 0 0 0 0 0 0 0 0 0 0 0 0 3 2 0 0 1 0 0 2 0 1 2 0 0 1 4 11 2 2 0 7 25 3 7 8 0 0 0 0 15 0 0 0 0 0 0 0 0 0 0 0 0 0 0 0 0 0 0 0 0 0 0 0 
1 0 0 0 0 0 0 0 0 0 0 0 0 0 0 0 0 0 0 0 0 0 0 0 0 0 0 0 0 0 0 0 1 2 0 0 0 0 0 0 0 0 0 0 0 0 0 0 0 0 2 0 0 0 0 0 0 3 0 0 0 0 0 1 4 2 1 1 0 4 2 0 1 1 0 0 0 0 3 0 0 0 0 0 0 0 0 0 0 0 0 0 0 0 0 0 0 0 0 0 0 0 
0 0 0 0 0 0 0 0 0 0 0 0 0 0 0 0 0 0 0 0 0 0 0 0 0 0 0 0 0 0 0 0 0 0 0 0 0 0 0 0 0 0 0 0 0 0 0 0 0 0 0 0 0 0 0 0 0 0 0 0 0 0 0 0 0 0 0 0 0 0 0 0 0 0 0 0 0 0 0 0 0 0 0 0 0 0 0 0 0 0 0 0 0 0 0 0 0 0 0 0 0 0 
0 0 0 0 0 0 0 0 0 0 0 0 0 0 0 0 0 0 0 0 0 0 0 0 0 0 0 0 0 0 0 0 0 0 0 0 0 0 0 0 0 0 0 0 0 0 0 0 0 0 0 0 0 0 0 0 0 0 0 0 0 0 0 0 0 0 0 0 0 0 1 0 0 0 1 0 0 0 0 0 0 0 0 0 0 0 1 2 0 0 0 0 0 0 0 2 0 0 0 0 0 0 
0 0 0 0 0 0 0 0 0 0 0 0 0 0 0 0 0 0 0 0 0 0 0 0 0 0 0 0 0 0 0 0 0 0 0 0 0 0 0 0 0 0 0 0 0 0 0 0 0 0 0 0 0 0 0 0 0 0 0 0 0 0 0 0 0 0 0 0 0 0 0 0 0 0 1 1 0 1 0 0 0 0 1 0 1 1 0 3 0 0 0 1 0 0 0 0 0 0 0 0 0 0 
0 0 0 0 0 0 0 0 0 0 0 0 0 0 0 0 0 0 0 0 0 0 0 0 0 0 0 0 0 0 0 0 0 0 0 0 0 0 0 0 0 0 0 1 0 0 0 0 0 0 0 0 0 0 0 0 0 0 0 0 0 0 0 0 0 0 0 0 0 0 0 0 0 0 0 3 0 1 1 0 0 0 1 2 0 0 0 0 0 0 0 0 0 0 0 0 0 0 0 0 0 0 
0 0 0 0 1 1 0 0 0 1 0 0 0 0 0 0 0 0 0 0 0 0 0 0 0 0 0 0 0 0 0 0 0 0 0 0 0 0 0 0 0 0 0 1 0 0 0 0 0 4 0 1 2 0 0 0 1 2 0 0 0 0 0 0 0 1 0 0 0 0 1 2 0 0 4 8 3 0 0 1 1 0 1 6 2 0 1 5 1 0 0 0 0 0 0 0 0 1 1 0 0 1 
2 3 5 3 1 9 4 6 3 3 5 0 2 1 5 12 8 1 0 0 0 0 1 2 1 0 7 0 0 4 2 5 2 8 0 0 0 0 0 0 0 0 7 10 0 0 2 0 1 1 19 21 21 22 13 2 21 27 0 5 2 3 2 6 8 17 5 6 5 6 10 6 5 3 71 71 27 24 4 8 39 9 42 50 15 15 9 26 7 0 0 4 0 3 1 8 1 5 2 2 0 2 
0 1 0 0 0 1 0 7 1 3 0 0 0 0 0 0 0 2 0 0 0 0 0 0 0 0 0 0 0 0 1 3 0 0 0 0 0 0 0 0 0 0 5 3 0 2 0 0 0 1 0 1 5 2 0 0 0 0 0 2 0 0 0 0 0 1 1 0 1 0 0 0 0 0 2 6 5 0 5 2 2 0 11 17 8 5 3 3 1 0 0 2 0 1 0 1 0 0 0 0 0 0 
0 0 0 0 0 1 0 0 0 0 0 0 0 0 0 0 0 0 0 0 0 0 0 0 0 0 0 0 0 0 0 1 0 0 0 0 0 0 0 0 0 0 2 3 1 0 0 0 0 2 2 0 0 0 0 0 0 0 0 0 2 0 0 0 0 1 0 0 0 0 0 0 0 0 0 4 1 4 10 1 0 0 1 1 3 4 0 4 0 0 0 0 1 3 3 1 1 1 3 0 0 0 
0 0 0 0 0 0 0 0 0 0 0 0 0 0 0 0 0 0 0 0 0 0 0 0 0 0 0 0 0 0 0 1 0 0 0 0 0 0 0 1 0 0 2 19 0 0 2 0 0 7 0 0 1 2 1 0 1 6 0 0 0 0 0 0 0 6 0 0 0 0 0 3 0 0 20 9 2 49 94 37 88 0 24 62 35 19 1 8 1 0 0 0 0 1 1 1 0 4 20 0 0 0 
0 0 0 0 0 1 0 0 0 0 0 0 0 0 0 0 0 0 0 0 0 0 0 0 0 0 0 0 0 0 0 0 0 0 0 0 0 0 0 0 0 0 0 1 2 1 3 0 6 3 1 1 0 2 2 0 1 0 0 0 0 0 0 0 0 0 0 0 0 0 0 0 0 0 0 5 0 7 7 5 4 1 1 7 10 2 1 7 3 0 0 3 0 5 2 0 0 1 2 0 0 2 
0 0 0 0 0 0 0 0 0 0 0 0 0 0 0 0 0 0 0 0 0 0 0 0 0 0 0 0 0 0 0 0 0 0 0 0 0 0 0 1 0 0 8 15 5 3 2 3 3 16 7 3 2 5 2 0 8 6 0 0 0 0 0 0 0 0 0 0 0 0 0 0 0 0 13 5 8 38 60 33 34 9 35 4 20 18 9 22 11 0 0 3 2 7 10 13 0 3 10 1 1 1 
0 1 0 0 0 0 0 0 0 0 0 0 0 0 0 0 0 0 0 0 0 0 0 0 0 0 0 0 0 0 0 0 0 0 0 0 0 0 0 0 0 0 7 4 6 1 4 4 1 9 1 1 2 2 0 0 2 9 0 0 0 0 0 0 0 0 0 0 0 0 0 0 0 0 3 2 2 12 24 5 14 6 9 4 1 15 1 10 6 0 0 3 2 10 5 1 3 9 1 0 0 1 
0 0 0 0 0 0 0 0 0 0 0 0 0 0 0 1 1 1 0 0 0 0 0 0 0 0 0 0 0 3 1 0 0 2 3 0 1 0 1 1 0 0 12 24 1 3 4 4 2 13 2 2 0 0 0 0 2 4 0 1 0 0 0 0 0 0 0 0 0 0 0 0 0 0 3 11 2 9 19 8 9 4 8 13 20 2 3 11 12 0 0 9 3 13 10 9 7 9 12 1 2 10 
0 0 0 1 0 0 0 0 0 0 1 0 0 0 0 1 1 0 0 0 0 0 0 0 0 0 0 0 0 0 0 0 0 0 1 0 0 1 2 3 1 0 4 16 1 3 1 6 3 11 2 0 3 0 1 0 3 1 0 0 0 0 0 0 0 0 0 0 0 0 0 0 0 0 2 3 1 2 13 9 6 3 3 1 5 4 1 9 10 0 0 5 1 3 4 5 3 1 0 1 0 3 
1 1 0 0 0 0 0 1 2 0 0 1 0 0 1 2 3 3 1 2 0 2 3 0 1 0 0 3 0 8 4 5 6 5 0 8 6 10 10 11 6 2 18 24 13 34 39 31 45 151 10 11 6 1 2 0 2 7 0 0 0 0 0 2 0 0 0 0 0 0 0 0 0 0 16 13 2 11 55 12 21 9 14 21 17 32 19 12 16 0 0 25 6 26 14 44 9 21 10 4 3 9 
0 0 0 0 0 0 0 0 0 0 1 0 0 0 0 1 1 0 0 0 2 0 0 0 0 0 0 1 0 2 0 2 1 1 0 2 1 1 1 1 1 1 4 5 0 1 0 2 2 3 0 2 2 0 1 0 1 4 0 0 0 0 0 0 0 0 0 0 0 0 0 0 0 0 2 0 0 2 13 6 2 1 2 6 6 6 4 4 1 0 0 5 1 3 6 5 1 3 2 2 0 2 
0 0 0 0 0 0 0 0 0 0 0 0 0 0 0 0 0 0 0 0 0 0 0 0 0 0 0 0 0 0 0 0 0 0 0 0 0 0 0 0 0 0 0 0 0 0 0 0 0 0 0 0 0 0 0 0 0 0 0 0 0 0 0 0 0 0 0 0 0 0 0 0 0 0 0 0 0 0 0 0 0 0 0 0 0 1 1 0 0 0 0 0 0 0 0 0 0 0 0 0 0 0 
0 0 0 0 0 0 0 0 0 0 0 0 0 0 0 0 0 0 0 0 0 0 0 0 0 0 0 0 0 0 0 0 0 0 0 0 0 0 0 0 0 0 0 0 0 0 0 0 0 0 0 0 0 0 0 0 0 0 0 0 0 0 0 0 0 0 0 0 0 0 0 0 0 0 0 0 0 0 0 0 0 0 0 0 0 0 0 0 0 0 0 0 0 0 0 0 0 0 0 0 0 0 
0 0 1 2 0 0 0 0 0 1 1 0 1 0 0 13 4 3 6 0 1 3 1 4 0 0 1 3 0 14 3 11 8 24 12 18 22 28 41 32 23 14 33 48 31 50 39 67 74 107 1 1 0 2 0 0 1 3 0 0 0 0 0 0 0 0 0 0 0 0 0 1 0 0 4 7 1 11 27 23 27 8 11 44 43 52 31 96 55 0 0 3 17 74 38 203 33 114 53 9 10 12 
0 0 0 0 0 0 0 0 0 0 0 0 0 0 0 1 0 0 0 0 0 0 0 0 0 0 0 0 0 0 0 0 0 0 0 0 0 1 1 1 0 0 2 3 5 4 3 6 0 5 0 0 0 0 0 0 0 0 0 0 0 0 0 0 0 0 0 0 0 0 0 0 0 0 0 0 0 1 1 3 4 2 4 6 3 10 4 13 8 0 0 1 0 2 3 6 0 2 1 2 0 3 
0 0 0 0 0 0 0 0 0 0 0 0 0 0 0 5 0 0 1 2 0 0 0 0 0 0 0 0 0 0 0 0 0 3 2 0 1 1 1 1 1 2 14 13 4 3 17 0 7 14 0 0 0 0 0 0 0 0 0 0 0 0 0 0 0 0 0 0 0 0 0 0 0 0 0 0 1 3 9 4 2 1 2 6 3 15 3 9 7 0 0 2 2 0 0 18 1 3 4 0 1 1 
0 0 0 0 0 0 0 0 0 0 0 0 0 0 0 1 0 0 0 0 0 0 0 0 0 0 0 0 0 1 0 1 0 0 0 0 1 0 0 0 0 1 8 14 1 7 2 1 11 11 0 0 0 0 0 0 0 0 0 0 0 0 0 0 0 0 0 0 0 0 0 0 0 0 1 1 0 3 6 5 1 3 2 8 2 4 9 9 4 0 0 2 3 0 2 12 0 6 2 2 0 3 
0 0 0 0 0 0 0 0 0 0 0 0 0 0 0 1 0 0 0 0 0 0 0 0 0 0 0 0 0 1 0 1 0 1 0 0 1 0 0 1 9 0 7 4 5 2 4 5 2 6 0 0 0 0 0 0 0 0 0 0 0 0 0 0 0 0 0 0 0 0 0 0 0 0 1 0 0 7 6 1 1 0 4 1 2 9 5 18 4 0 0 11 1 17 1 1 0 4 0 0 3 5 
0 0 0 0 0 0 0 0 0 0 0 0 0 0 0 0 0 0 0 0 0 0 0 0 0 0 0 0 0 0 0 0 0 0 0 0 0 0 0 0 0 0 1 2 1 1 0 0 0 1 0 0 0 0 0 0 0 0 0 0 0 0 0 0 0 0 0 0 0 0 0 0 0 0 0 0 0 0 1 0 0 0 0 2 0 1 0 0 0 0 0 0 0 1 0 1 0 1 0 0 2 0 
0 0 0 0 0 0 0 0 0 0 0 0 0 0 0 0 0 0 0 0 0 0 0 0 0 0 0 0 0 0 0 0 0 0 0 0 1 0 0 0 0 0 4 3 0 3 2 2 2 5 0 0 0 0 0 0 0 0 0 0 0 0 0 0 0 0 0 0 0 0 0 0 0 0 0 0 0 0 3 2 2 1 2 1 4 2 0 7 2 0 0 1 0 1 2 1 1 0 0 0 0 1 
0 0 0 0 0 0 0 0 0 0 0 0 0 0 0 0 0 0 0 0 0 0 0 0 0 0 0 0 0 0 0 0 0 0 0 0 0 0 0 0 0 0 3 2 1 1 0 0 2 2 0 0 0 0 0 0 0 0 0 0 0 0 0 0 0 0 0 0 0 0 0 0 0 0 0 0 0 0 2 0 0 3 2 3 3 1 3 9 1 0 0 2 0 2 0 1 0 0 0 4 0 0 
0 0 0 0 0 0 0 0 0 0 0 0 0 0 0 0 0 0 0 0 0 0 0 0 0 0 0 0 0 0 0 0 0 0 0 0 0 1 0 0 0 0 2 0 0 0 0 0 0 0 0 0 0 0 0 0 0 0 0 0 0 0 0 0 0 0 0 0 0 0 0 0 0 0 0 0 0 0 0 0 0 0 0 0 0 0 0 1 0 0 0 0 0 0 0 0 0 0 0 0 0 1 
0 0 0 0 0 0 0 0 0 0 0 0 0 0 0 0 0 0 0 0 0 0 0 0 0 0 0 0 0 0 0 0 0 0 0 0 0 0 0 0 0 0 0 0 0 0 0 0 0 0 0 0 0 0 0 0 0 0 0 0 0 0 0 0 0 0 0 0 0 0 0 0 0 0 0 0 0 0 0 0 0 0 0 0 0 0 0 1 0 0 0 0 0 0 0 0 0 0 0 0 1 0 
0 0 0 0 0 0 0 0 0 0 0 0 0 0 0 0 0 0 0 0 0 0 0 0 0 0 0 0 0 0 0 0 0 0 0 0 0 0 0 0 0 1 0 2 0 0 0 0 0 1 0 0 0 0 0 0 0 0 0 0 0 0 0 0 0 0 0 0 0 0 1 0 0 0 0 0 0 0 2 0 0 0 0 0 0 0 0 2 0 0 0 0 0 0 0 0 0 0 0 0 0 0 
