7 15 23 19 35 84 56 39 107 63 30 61 61 68 41 64 45 47 43 23 26 22 12 26 15 4 5 28 115 0 1 5 11 3 11 3 0 8 30 23 20 0 8 23 26 16 11 7 14 58 9 2 8 18 9 2 11 12 0 3 20 0 0 6 4 20 3 11 3 3 4 5 1 6 1 2 4 2 43 2 1 1 5 5 2 6 5 41 6 0 0 7 4 6 1 5 0 1 1 0 0 8 
20 12 40 13 12 70 53 58 77 38 28 59 48 57 52 95 43 30 30 20 21 18 16 27 16 0 1 36 96 2 1 2 8 4 4 4 2 6 16 28 26 3 11 7 19 11 22 20 8 59 13 4 11 6 10 4 7 10 0 3 3 0 0 4 10 21 1 6 1 6 7 10 1 5 0 5 0 11 50 4 2 0 5 9 3 6 6 21 4 0 0 1 3 4 0 1 2 1 0 0 0 15 
50 33 10 11 25 81 45 62 133 50 20 67 88 65 77 77 44 42 43 17 26 26 4 40 11 0 2 29 94 4 16 5 4 1 4 4 2 4 39 29 15 1 8 13 8 10 8 10 10 36 2 2 7 20 3 2 2 14 0 7 3 4 0 10 6 7 4 8 2 2 12 1 4 9 3 2 2 0 21 0 3 9 5 3 4 1 2 24 3 0 0 16 2 4 2 5 0 4 1 0 1 7 
6 7 12 0 5 17 9 16 10 1 12 2 5 14 6 13 2 1 2 1 1 3 2 3 8 1 0 28 19 0 0 1 0 0 3 0 1 0 2 2 0 0 0 0 2 3 1 0 0 2 0 1 1 0 0 0 0 1 0 0 0 0 1 0 0 2 0 2 0 0 1 1 1 3 1 2 0 0 3 0 2 0 0 2 0 0 0 1 4 0 0 1 0 0 0 0 0 0 0 17 0 1 
14 23 7 10 3 11 15 15 6 21 10 18 22 23 26 34 15 10 10 16 8 7 5 9 3 0 7 13 13 3 0 0 2 1 2 0 0 5 6 5 4 2 0 4 1 6 4 5 4 27 2 0 6 4 0 2 1 6 0 0 0 0 0 0 3 6 0 0 0 0 0 2 3 10 5 0 0 3 9 0 0 0 2 1 0 2 0 4 1 0 0 2 0 0 1 0 0 0 2 0 3 0 
40 54 30 19 12 8 12 30 32 18 13 66 71 60 59 82 29 39 39 31 27 40 16 41 15 0 4 28 47 5 2 2 5 0 4 1 1 13 26 21 12 2 13 8 19 9 6 13 14 57 5 6 9 14 10 0 7 24 0 1 0 0 3 9 12 20 5 7 6 1 1 8 4 6 5 3 1 10 39 3 3 5 4 4 3 5 1 21 4 0 0 6 5 2 1 2 0 6 1 0 0 13 
32 39 34 19 7 10 8 21 28 16 9 31 55 44 27 52 16 23 29 16 9 14 9 10 1 1 1 12 68 5 1 3 2 3 7 3 2 2 22 12 4 0 11 11 3 10 5 8 6 15 6 1 8 4 2 1 6 13 0 5 0 0 2 3 7 1 1 5 2 8 8 3 0 2 7 1 0 3 17 4 0 5 0 1 4 4 1 18 2 0 0 7 1 5 1 1 0 3 0 1 0 5 
50 69 77 16 28 31 23 10 18 25 10 81 90 71 62 78 47 38 32 20 24 23 22 23 5 1 3 22 46 6 4 4 9 4 1 4 3 6 19 28 2 0 5 7 6 8 9 5 13 35 7 4 9 3 8 3 5 23 0 0 0 0 6 6 15 6 6 19 3 3 12 8 15 10 8 8 1 3 27 5 0 0 1 4 1 4 0 14 1 0 0 5 0 3 1 3 1 0 1 0 0 0 
51 113 116 27 28 52 46 19 4 55 33 55 75 81 79 118 69 39 32 22 15 35 25 24 7 7 7 24 63 7 1 5 7 3 0 0 3 4 26 33 21 3 6 7 3 1 9 2 11 43 3 1 7 4 2 3 2 2 0 3 0 0 2 0 7 9 2 4 0 3 6 7 2 3 3 11 0 4 21 2 2 7 1 4 1 0 1 10 2 0 0 3 1 1 1 1 1 0 0 0 0 2 
26 24 25 6 11 33 29 5 7 4 11 29 53 53 46 79 34 36 26 17 18 34 23 41 15 2 7 23 18 6 1 4 5 1 0 0 2 6 15 13 6 0 1 4 4 8 2 5 8 20 7 1 7 12 4 3 6 4 0 2 2 1 1 3 0 2 2 3 1 0 4 1 4 2 10 5 1 14 36 3 5 1 3 4 2 5 2 11 1 0 0 2 0 2 3 2 0 2 0 1 0 1 
18 23 20 4 5 6 19 20 8 7 1 11 18 47 38 67 22 40 13 12 13 22 11 13 15 1 3 12 8 1 2 3 9 0 2 1 0 1 11 11 9 1 5 5 2 8 7 10 9 27 0 0 6 4 4 1 4 9 0 0 1 0 0 0 1 0 0 4 0 0 7 5 3 8 2 2 2 4 4 0 0 1 1 1 1 3 0 2 0 0 0 5 1 4 1 4 1 4 0 2 0 1 
36 84 42 16 14 100 90 67 94 52 17 9 28 77 46 123 86 78 49 28 45 33 41 72 27 3 5 76 28 9 4 6 6 5 3 0 1 7 51 35 10 2 8 15 4 18 14 14 14 46 5 5 13 15 2 2 5 27 0 17 5 4 2 4 2 7 2 2 4 3 9 6 3 5 4 3 10 6 32 3 1 0 0 1 0 1 1 4 2 0 0 11 3 2 0 10 0 2 4 0 1 5 
73 63 62 6 22 119 169 168 171 109 52 47 11 95 68 151 76 99 70 41 72 55 31 60 28 1 8 63 15 28 5 18 15 2 4 3 2 13 36 30 13 2 6 5 10 16 5 8 8 32 2 3 19 13 5 2 7 21 0 11 11 1 8 3 3 6 3 4 0 0 1 4 1 3 7 2 1 2 22 0 0 0 1 0 0 1 1 6 2 0 0 2 1 7 3 0 0 0 3 1 1 2 
118 174 166 47 62 231 245 274 281 195 77 148 98 13 27 147 235 197 161 193 233 257 122 344 81 23 23 271 50 6 1 3 9 4 6 3 0 18 30 38 23 4 10 10 15 15 7 13 14 38 26 22 46 35 18 14 26 67 0 35 9 1 1 0 0 2 0 0 1 3 1 3 0 4 28 12 1 13 114 21 4 1 0 1 0 1 1 10 15 0 0 13 3 14 1 2 2 2 2 1 0 5 
65 121 104 14 31 106 123 124 104 72 43 60 71 29 10 43 90 94 93 92 123 114 116 163 30 4 22 153 20 27 8 15 7 0 8 5 0 11 13 48 7 4 6 8 14 13 1 5 8 26 7 14 13 36 4 2 15 21 0 11 2 0 0 1 0 0 1 2 0 0 2 1 0 0 7 7 1 10 32 3 4 0 0 0 0 2 0 3 1 0 0 4 4 4 2 0 0 0 0 4 0 5 
84 133 99 26 27 96 120 157 135 123 51 105 110 74 16 26 110 167 117 183 274 201 199 314 93 24 49 245 28 90 32 92 48 32 32 34 37 2 18 76 59 8 27 35 29 36 34 28 23 103 20 12 32 27 14 4 26 27 0 18 6 0 5 3 14 7 1 5 1 2 7 12 1 2 22 25 1 6 57 4 10 0 5 2 2 7 8 35 13 0 0 12 3 7 0 9 0 7 3 1 0 7 
77 90 57 10 20 134 118 110 133 133 51 123 155 138 72 184 16 82 133 144 178 208 173 406 76 15 32 180 33 112 50 102 50 35 25 24 21 12 90 113 84 6 52 32 65 50 38 36 19 132 9 12 29 17 12 3 29 53 0 17 2 0 0 6 11 0 0 0 1 0 1 4 0 3 31 5 1 13 81 7 4 1 0 0 0 6 9 47 15 0 0 15 5 3 2 7 0 2 2 0 0 6 
41 51 42 4 11 54 60 73 50 73 45 91 121 180 72 240 124 9 72 60 178 110 151 213 63 17 26 146 17 78 71 51 35 25 32 29 37 35 112 77 47 4 24 55 46 49 24 26 39 127 11 10 18 32 22 3 26 26 0 11 2 0 4 5 3 0 0 0 0 0 1 0 0 0 10 11 2 8 46 19 7 0 0 2 1 10 12 46 24 0 0 25 2 6 0 6 0 0 2 0 0 11 
26 35 29 7 28 54 69 59 62 49 35 103 115 150 105 259 229 108 8 65 188 86 158 196 52 18 20 135 25 100 66 63 29 37 37 31 25 32 66 50 23 5 8 23 47 25 17 39 27 103 7 9 18 12 2 3 21 16 0 8 4 3 2 0 6 0 0 0 0 0 0 0 0 0 19 8 2 14 66 7 2 0 1 3 1 10 7 18 17 0 0 10 0 1 0 1 0 0 1 1 1 4 
22 45 23 2 7 12 27 21 19 16 9 20 45 50 23 78 52 40 32 5 9 12 54 82 44 16 16 134 0 15 4 8 6 2 3 5 11 2 26 12 18 3 3 8 4 4 6 9 8 34 6 2 3 5 0 3 2 5 0 1 0 0 0 1 0 0 0 0 0 0 0 0 0 1 1 0 1 0 8 2 8 0 0 0 0 2 7 0 3 0 0 1 0 1 0 0 0 0 0 0 0 1 
15 10 13 2 2 17 23 24 17 19 9 19 60 48 43 137 64 91 67 2 4 13 51 90 20 20 40 122 4 9 3 7 14 1 10 8 6 20 46 22 6 1 9 8 6 6 6 15 14 24 2 0 2 1 0 2 0 3 0 1 0 0 0 1 0 0 0 0 0 0 0 0 0 0 3 1 0 0 4 1 0 0 2 0 0 2 0 6 9 0 0 6 0 0 0 0 0 1 0 0 0 0 
9 14 18 1 4 12 13 12 26 23 4 23 56 35 42 99 54 52 51 7 9 8 18 60 14 9 27 85 2 6 2 2 5 3 7 3 7 7 32 3 5 0 2 2 5 1 0 4 0 14 3 0 1 3 0 0 2 2 0 0 0 0 0 1 0 0 0 0 0 0 0 0 0 0 2 0 0 0 2 1 0 0 0 0 1 2 0 6 4 0 0 1 0 0 0 0 0 0 0 0 0 0 
6 3 2 6 2 4 6 7 3 9 5 8 22 24 23 83 42 41 30 10 27 12 5 5 5 9 17 92 1 1 0 2 4 3 10 1 5 6 14 5 6 1 4 4 5 5 1 3 5 26 0 0 0 2 0 0 1 3 0 0 0 0 0 0 0 0 0 0 0 0 0 0 0 0 2 1 0 1 9 1 0 0 0 0 0 2 0 1 4 0 0 2 1 0 0 0 0 0 0 0 0 0 
8 17 13 4 7 19 14 17 15 45 8 36 47 42 29 173 65 40 61 25 29 8 26 8 7 42 130 106 6 7 7 0 4 5 4 5 5 14 41 10 19 2 13 5 8 13 9 8 8 48 4 1 1 1 2 3 5 4 0 3 0 0 0 0 0 0 0 0 0 0 0 0 0 0 5 1 1 1 16 4 1 0 0 1 1 2 1 30 7 0 0 5 0 0 0 0 0 0 0 0 0 4 
19 35 21 7 7 30 14 18 21 33 8 31 39 27 31 100 48 24 34 20 15 12 12 11 7 3 33 92 1 11 3 12 25 14 11 10 3 15 46 21 30 2 9 11 19 15 11 13 11 75 17 7 19 5 3 6 3 8 0 1 0 1 1 1 0 0 0 0 0 0 0 0 1 0 5 4 0 2 21 1 4 1 1 4 0 5 4 36 5 0 0 4 2 1 2 1 1 1 0 0 0 1 
4 10 6 0 2 1 6 6 2 4 1 5 8 4 9 20 7 13 12 13 13 19 14 22 9 0 5 28 1 1 0 1 0 2 2 0 0 0 1 1 0 1 2 2 0 0 2 0 8 4 0 0 1 0 0 5 2 0 0 0 0 0 2 0 0 0 0 0 0 0 0 0 0 0 0 0 0 0 0 0 3 0 3 0 0 0 0 3 0 0 0 1 0 0 0 0 0 0 0 0 0 0 
1 0 0 0 0 0 0 0 3 1 0 0 1 0 4 10 2 3 4 0 10 4 5 16 6 1 2 24 0 0 0 1 1 0 0 1 2 0 7 0 3 0 0 0 0 0 0 0 0 0 0 0 0 0 0 0 0 0 0 1 0 0 0 0 0 0 0 0 0 0 0 0 0 0 0 0 0 0 0 0 0 0 0 0 0 1 0 0 0 0 0 0 0 0 0 0 0 0 0 0 0 0 
17 24 19 4 17 21 15 22 18 38 24 45 74 110 80 181 62 66 79 80 99 105 140 140 50 22 71 6 4 4 2 6 15 8 10 3 5 12 60 23 43 6 12 12 18 24 12 34 11 75 12 1 20 1 6 6 1 4 0 1 3 0 0 3 2 0 0 2 0 0 0 0 0 0 11 5 1 6 32 2 3 0 1 2 0 4 4 35 5 0 0 9 0 0 0 3 0 1 1 1 0 6 
93 157 142 34 22 137 96 70 84 52 31 51 80 66 30 87 37 31 52 24 14 40 6 16 11 0 0 18 1 7 7 19 6 7 2 5 6 12 23 27 36 3 13 9 18 15 15 5 14 71 10 2 12 3 0 6 10 10 0 2 1 0 2 13 13 23 6 5 3 2 6 10 1 9 2 0 0 3 17 7 4 0 0 7 2 11 8 18 5 0 0 7 2 4 1 5 0 1 1 0 0 4 
0 6 2 3 1 5 11 6 3 7 9 16 14 6 5 25 56 16 17 15 11 6 17 7 8 2 4 4 2 16 170 217 300 91 154 164 267 224 302 213 118 29 73 59 93 69 61 65 52 315 17 12 12 17 22 2 9 17 0 9 5 1 4 19 37 45 7 9 10 27 10 25 2 1 10 4 2 10 58 12 2 3 3 3 1 10 21 91 39 0 0 31 16 7 25 18 5 16 40 14 3 34 
0 0 1 0 0 0 1 3 2 4 1 4 18 1 1 14 16 15 7 9 2 2 2 6 2 0 1 2 0 200 9 175 124 43 85 58 124 88 128 58 28 13 23 22 22 24 19 8 19 66 7 1 6 4 1 0 8 7 0 9 3 0 2 14 23 18 2 15 5 8 7 13 7 0 7 5 0 1 22 5 8 3 1 1 1 7 1 25 4 0 0 19 4 3 2 13 0 3 2 0 0 10 
7 6 7 0 0 4 5 5 6 5 2 8 13 2 6 49 59 48 18 4 5 6 6 11 8 2 4 10 1 385 255 12 159 84 143 148 267 273 300 189 139 20 46 48 81 68 76 47 56 230 12 8 17 19 8 2 14 10 0 23 2 4 9 12 77 45 21 19 10 22 12 4 1 0 10 11 6 8 49 8 16 2 3 4 4 20 15 72 27 0 0 28 15 22 5 17 8 7 3 0 1 10 
21 18 14 2 0 16 22 13 12 10 4 14 26 14 7 41 81 47 29 25 19 25 36 61 28 0 7 33 4 604 259 213 22 74 149 193 279 290 358 291 233 34 129 130 170 153 155 173 133 875 52 22 72 37 16 10 35 46 0 35 7 3 4 24 45 58 27 28 15 43 49 62 7 12 25 22 2 24 68 10 33 9 25 18 11 31 20 243 57 0 0 51 28 37 16 24 8 21 15 6 3 46 
6 13 12 1 0 6 11 13 4 4 0 4 10 2 2 38 61 35 15 8 4 4 19 25 8 1 10 20 1 335 146 137 76 9 63 26 129 133 197 142 108 21 47 55 66 76 36 68 59 160 26 5 10 14 8 2 21 30 0 12 3 3 3 1 20 44 10 30 13 38 58 62 12 12 12 6 1 15 73 13 7 2 0 0 3 8 4 67 20 0 0 25 5 19 5 24 4 14 5 5 3 12 
10 11 7 0 0 4 21 18 7 4 9 10 9 2 3 48 83 53 31 29 44 41 61 50 16 4 8 46 7 724 278 432 181 57 15 32 195 219 376 512 158 23 124 125 141 149 102 109 131 352 22 20 49 30 15 22 29 61 0 20 7 8 6 36 31 49 16 53 29 32 85 94 29 11 20 5 3 18 110 31 6 3 1 3 2 27 19 67 50 0 0 78 27 35 16 47 11 31 30 10 1 27 
5 9 2 0 0 0 2 0 2 3 0 3 1 2 2 36 37 25 12 12 12 10 7 24 10 2 2 13 3 324 150 172 138 88 76 9 133 65 207 143 68 7 52 32 46 76 35 38 38 163 11 5 11 10 6 4 4 5 0 4 7 4 8 29 24 18 12 8 4 11 32 36 4 4 3 10 0 7 10 0 5 0 1 0 1 7 4 33 11 0 0 29 8 15 16 14 0 8 5 3 1 15 
7 8 14 2 2 2 4 2 4 6 2 9 4 3 1 65 47 41 22 25 40 26 27 50 26 2 9 26 4 1016 409 836 332 229 221 226 19 287 689 786 355 71 197 206 274 228 218 217 145 676 12 25 23 26 5 5 16 17 0 2 6 8 9 85 67 64 22 63 28 27 94 84 30 11 4 8 1 0 32 2 3 3 2 1 6 58 51 129 108 0 0 121 50 70 52 71 13 56 47 18 6 55 
11 10 12 4 3 4 7 11 4 6 9 6 3 10 1 4 13 22 13 12 15 19 15 14 10 6 3 37 7 270 144 399 137 129 126 110 86 26 152 329 168 35 96 131 113 111 84 85 78 329 22 1 9 1 4 1 3 6 0 1 2 4 13 23 28 19 9 14 3 3 39 24 6 6 7 2 1 2 14 0 3 1 1 2 3 25 13 126 40 0 0 73 22 19 5 31 1 32 13 3 5 28 
39 56 44 10 10 78 52 53 95 47 21 76 45 22 14 13 101 71 66 57 106 108 73 123 47 7 23 129 12 589 187 609 364 212 247 159 394 131 27 847 496 62 233 268 271 286 225 224 197 869 31 15 54 35 9 4 36 31 0 8 3 5 18 61 58 52 24 28 17 14 63 51 13 15 21 16 2 20 61 14 17 9 7 19 5 42 75 250 118 0 0 136 33 45 37 83 12 45 51 19 13 80 
21 43 20 2 22 39 43 37 21 24 6 37 51 12 17 37 89 46 16 30 28 12 29 52 22 0 13 35 8 206 92 204 126 93 186 78 295 287 597 18 65 36 86 213 194 241 123 139 252 640 7 7 26 25 4 3 17 35 0 2 2 2 6 18 31 20 12 9 5 5 29 11 5 6 19 8 4 11 46 4 7 14 6 22 23 10 18 73 63 0 0 75 35 27 15 51 3 22 25 6 10 39 
7 37 27 6 3 16 36 20 53 50 7 23 29 12 12 32 51 44 11 15 40 19 20 48 11 1 3 53 5 167 45 141 122 65 63 75 170 171 431 73 9 24 53 171 130 162 115 177 156 506 6 8 21 7 2 1 2 6 0 8 4 0 4 13 17 15 1 3 1 3 16 10 9 0 7 9 3 23 30 10 17 11 8 10 11 33 24 44 57 0 0 67 21 30 30 33 16 37 20 15 3 18 
3 5 0 0 0 5 5 2 7 5 3 1 7 3 3 4 2 10 5 3 2 0 0 1 2 0 0 1 0 26 10 15 13 8 16 8 54 19 50 34 19 1 18 43 31 43 21 45 68 67 2 0 2 2 1 0 2 2 0 0 1 0 1 2 1 6 0 3 0 0 1 9 1 0 2 1 0 4 6 2 4 4 2 6 8 8 4 25 12 0 0 12 5 2 2 15 0 8 7 1 0 2 
15 27 25 4 5 19 22 37 20 19 12 21 30 6 7 26 78 32 54 6 39 20 40 47 11 1 0 20 5 266 71 173 140 125 112 68 206 210 357 245 144 30 38 113 212 244 136 268 450 774 12 14 24 14 8 2 26 17 0 6 1 0 8 21 30 24 10 13 3 2 32 29 3 10 60 31 11 29 72 58 71 46 75 119 151 169 124 279 175 0 0 153 87 170 142 300 34 215 102 38 26 97 
12 21 22 7 2 23 20 16 10 12 8 17 18 6 14 21 54 58 34 10 13 12 10 50 22 0 12 55 5 174 61 149 133 86 101 63 144 275 394 562 187 116 107 27 242 457 236 459 561 1113 23 15 39 31 30 7 26 38 0 15 1 2 5 30 19 31 9 11 2 6 28 27 2 9 45 34 9 49 118 68 93 53 68 176 184 258 192 324 155 0 0 363 160 342 187 516 88 278 172 56 34 167 
20 29 5 0 16 16 13 8 17 15 4 12 22 3 4 11 53 25 12 19 23 12 18 36 15 1 4 37 4 126 37 90 83 40 58 30 104 119 222 168 102 30 79 174 23 229 138 233 335 603 13 1 21 7 1 0 2 7 0 2 2 4 3 8 25 9 3 2 4 1 15 14 2 1 14 20 4 29 26 34 28 14 12 54 31 62 56 78 31 0 0 109 28 76 43 100 29 88 58 28 7 58 
19 24 19 2 5 13 33 26 17 19 21 36 38 12 21 21 34 54 18 34 24 18 21 31 42 1 1 65 5 135 50 161 158 94 76 88 200 189 389 387 240 56 130 325 308 27 181 661 789 1368 9 10 26 13 4 4 13 13 0 10 1 3 6 19 21 26 7 7 3 10 15 17 5 8 28 41 3 26 68 39 29 33 39 98 98 196 79 310 99 0 0 202 57 129 84 175 20 121 87 38 11 104 
7 20 20 0 9 23 14 22 38 20 10 17 25 3 5 14 68 48 20 12 29 17 14 28 9 1 6 64 7 111 25 132 110 31 60 62 124 210 233 325 211 51 109 263 216 286 24 524 762 1022 23 10 25 8 9 6 16 13 0 1 1 0 3 4 10 31 15 4 1 3 14 13 1 2 22 12 8 18 40 26 32 20 35 64 57 130 61 245 56 0 0 134 56 113 111 71 12 115 92 36 19 88 
2 9 3 0 0 7 11 4 3 4 2 11 2 2 3 2 6 11 4 1 5 2 5 8 5 2 0 11 1 37 10 24 45 14 16 26 46 36 93 88 70 5 80 129 135 267 107 12 191 553 4 2 9 2 0 7 1 6 0 1 1 0 1 3 2 2 1 2 0 4 4 1 2 2 8 2 1 5 10 8 13 3 10 28 25 33 32 135 26 0 0 65 14 26 19 27 7 34 33 5 1 28 
7 15 2 0 1 3 3 5 5 4 5 3 7 3 1 13 7 11 10 11 12 7 8 14 7 2 0 15 3 48 8 43 56 35 32 13 48 42 102 105 64 20 51 112 91 253 79 120 13 520 2 2 9 2 0 1 2 4 0 0 1 0 7 6 10 8 1 5 0 1 7 6 0 4 19 8 0 1 17 7 6 4 8 22 22 20 19 124 25 0 0 58 16 33 29 22 11 32 29 5 3 33 
40 65 34 9 14 39 33 48 42 33 18 55 60 22 19 46 108 65 41 28 49 31 58 106 49 5 6 94 10 319 95 262 361 138 158 135 296 384 541 473 348 48 213 493 377 632 321 809 938 36 43 26 96 22 5 5 25 35 0 11 7 2 8 29 48 40 23 24 11 1 36 29 14 12 76 53 5 59 130 63 70 55 52 169 92 180 98 658 110 0 0 231 62 174 103 130 40 137 123 21 19 151 
5 11 14 1 6 11 6 22 15 14 5 9 16 21 15 25 15 12 7 2 2 3 13 15 7 2 1 25 2 19 11 33 33 12 10 9 9 7 19 12 2 2 10 16 7 18 11 7 14 73 5 39 95 80 32 20 47 78 0 85 16 8 15 39 27 42 18 43 7 39 34 14 16 21 9 18 6 31 162 9 23 9 20 42 32 25 15 60 18 0 0 12 2 12 5 7 0 19 10 3 3 14 
6 10 7 1 1 3 15 3 3 1 1 11 10 8 10 5 2 6 4 2 2 1 0 5 7 0 0 6 2 12 4 9 18 11 18 6 7 3 14 7 1 11 2 6 9 6 5 8 7 27 27 6 47 82 60 17 30 43 0 44 9 2 8 23 20 16 2 17 11 15 5 14 5 5 8 11 1 10 113 10 19 2 10 9 4 12 4 26 7 0 0 6 2 6 3 4 1 4 4 2 0 4 
9 8 11 0 7 8 9 9 11 18 4 4 13 11 10 21 12 11 3 10 1 2 12 18 7 0 1 14 2 41 11 29 25 23 17 5 14 4 29 23 18 3 18 17 15 14 14 19 14 88 86 54 14 46 30 7 35 81 0 54 15 2 15 54 38 38 16 36 10 30 21 27 20 20 32 25 5 51 179 23 23 4 25 72 25 23 19 64 9 0 0 15 8 17 0 17 0 19 10 2 2 17 
6 7 5 1 3 4 9 9 7 9 1 5 2 13 1 16 11 4 5 4 3 3 1 3 2 0 0 8 3 22 5 5 12 8 15 3 11 4 13 9 1 1 7 5 4 9 5 3 5 25 42 29 56 2 7 4 14 26 0 38 3 3 1 17 16 13 7 9 2 26 14 11 6 9 7 18 5 17 98 4 12 2 4 29 7 11 3 19 4 0 0 7 3 4 4 2 1 4 12 3 5 3 
3 6 6 0 2 5 7 3 1 7 1 2 1 1 2 3 2 3 3 5 2 1 2 6 2 1 1 2 1 12 1 3 10 4 2 1 0 1 7 2 1 0 0 5 1 6 1 6 5 4 31 19 38 20 3 1 12 9 0 13 3 2 1 8 11 6 1 12 2 15 9 11 6 5 7 13 3 10 60 3 4 0 5 12 5 7 6 11 3 0 0 4 0 5 5 1 0 9 6 0 0 1 
7 5 3 1 4 3 4 2 1 2 5 2 1 5 3 12 0 4 2 2 1 3 0 4 0 0 1 7 0 14 2 5 13 8 4 0 6 1 4 6 1 0 6 5 2 0 2 7 4 8 9 7 10 20 3 4 12 19 0 14 3 3 2 8 7 10 1 5 1 14 10 3 0 6 5 13 3 10 83 7 3 2 1 5 7 3 5 10 1 0 0 5 4 4 11 2 1 2 6 1 0 1 
10 15 7 0 5 19 8 24 2 12 15 16 15 17 14 30 10 6 3 3 3 11 5 13 7 0 1 8 5 17 4 25 7 14 17 2 3 6 14 11 4 1 4 8 6 12 7 12 7 47 61 52 86 89 22 9 7 18 0 61 11 2 6 15 15 26 10 27 8 14 11 24 10 29 32 46 6 30 186 14 17 8 13 53 28 28 4 31 10 0 0 20 4 11 15 16 2 8 22 6 1 15 
10 23 15 3 6 12 11 19 12 14 10 5 29 20 13 35 18 16 12 4 7 8 11 10 8 0 1 6 6 39 23 17 43 10 31 5 12 7 29 13 8 2 6 11 5 13 11 12 14 42 65 41 107 92 39 17 15 11 0 38 25 2 13 18 29 31 7 29 16 20 31 24 14 15 86 97 8 67 235 19 29 2 26 83 40 31 15 64 24 0 0 12 2 3 8 8 0 13 10 5 1 5 
0 0 0 0 0 0 0 0 0 0 0 0 0 0 0 0 0 0 0 0 0 0 0 0 0 0 0 0 0 0 0 0 0 0 0 0 0 0 0 0 0 0 0 0 0 0 0 0 0 0 0 0 0 0 0 0 0 0 0 0 0 0 0 0 0 0 0 0 0 0 0 0 0 0 0 0 0 0 0 0 0 0 0 0 0 0 0 0 0 0 0 0 0 0 0 0 0 0 0 0 0 0 
6 14 11 2 1 11 4 10 6 3 5 6 17 32 11 47 18 20 9 8 6 12 6 18 4 0 1 13 11 37 7 24 14 11 19 1 1 3 22 6 4 1 1 2 5 3 6 3 4 27 41 21 42 55 39 24 23 68 0 4 5 3 10 20 42 45 23 33 15 23 34 38 23 36 36 25 6 28 91 7 9 0 9 22 10 18 11 25 9 0 0 9 2 0 3 6 0 6 0 0 0 4 
3 10 0 2 0 30 6 2 2 2 2 0 5 2 5 2 4 0 0 0 3 1 1 4 1 0 0 3 1 52 4 12 10 5 2 5 2 5 15 16 9 1 3 1 4 2 3 1 2 22 24 11 29 17 12 9 22 52 0 8 0 6 5 17 27 26 6 27 4 42 34 38 15 31 10 29 7 19 53 8 6 7 2 16 8 12 5 17 5 0 0 3 0 5 3 1 0 0 5 1 0 2 
4 21 19 15 16 26 31 32 23 19 26 54 47 39 39 23 23 10 18 3 1 1 0 12 4 3 13 14 13 138 85 121 39 61 64 41 50 102 160 104 37 28 42 34 25 39 31 13 37 100 22 24 26 47 14 12 39 85 0 88 47 4 2 134 139 139 49 105 43 129 118 130 47 49 19 20 0 27 158 31 28 24 39 81 33 24 10 85 13 0 0 11 10 11 7 14 13 7 2 2 3 6 
5 8 3 0 1 18 9 5 2 6 1 3 23 0 1 1 2 0 0 0 0 0 0 0 0 0 1 1 1 6 4 3 5 7 1 4 12 6 11 8 5 0 3 0 0 0 3 4 1 11 2 4 32 24 24 8 9 18 0 20 7 2 0 2 34 24 32 19 5 40 34 26 7 11 1 1 0 31 41 14 11 7 10 1 3 13 5 4 6 0 0 2 0 3 0 0 0 0 0 0 0 0 
7 13 6 3 1 15 20 15 13 1 8 7 1 0 0 4 5 5 4 1 3 1 6 2 2 0 0 1 1 44 11 9 13 4 15 13 20 26 53 25 20 3 10 21 6 10 11 12 12 35 30 40 52 38 29 9 24 63 0 32 6 4 8 4 18 48 22 31 21 39 56 93 18 31 23 31 4 19 117 29 18 9 10 4 4 11 2 9 2 0 0 9 1 1 1 4 0 0 0 0 0 1 
5 15 9 6 6 5 16 14 11 5 4 3 5 2 0 2 3 1 2 0 0 1 0 1 1 0 0 0 3 47 44 30 25 11 9 5 26 18 44 30 24 2 10 9 8 13 11 5 11 56 14 15 33 30 12 4 30 47 0 44 16 1 14 13 5 30 32 43 26 67 123 149 66 45 7 7 4 30 80 29 19 4 11 13 8 4 4 27 12 0 0 6 5 3 1 0 0 3 2 0 0 2 
14 17 5 2 8 24 28 36 32 22 5 13 12 1 0 1 0 3 2 0 1 1 0 1 2 0 0 0 4 131 57 137 46 53 43 28 60 35 76 35 41 6 22 21 41 43 29 30 31 120 27 14 55 37 16 8 72 56 0 112 39 6 64 78 80 21 16 90 85 178 265 257 78 107 20 15 2 23 161 24 23 6 34 24 31 40 6 60 25 0 0 15 5 3 0 6 1 2 1 0 2 6 
6 1 3 1 3 4 3 5 2 2 2 0 4 0 0 0 1 0 0 0 0 0 0 0 0 0 0 0 0 22 13 13 5 12 5 7 14 2 20 6 4 0 0 5 6 3 4 3 3 10 7 6 10 15 2 2 8 4 0 20 2 7 3 19 36 10 3 7 19 30 50 81 17 13 7 8 0 5 23 6 4 2 2 1 2 5 3 12 1 0 0 2 0 0 0 0 0 0 0 0 0 2 
16 12 1 0 1 9 4 5 6 20 5 5 4 4 0 0 0 0 0 0 0 0 0 0 0 0 0 0 2 21 16 14 4 15 18 9 17 13 33 4 4 1 8 7 8 6 1 5 5 28 9 10 25 30 14 13 18 29 0 38 22 0 20 24 50 41 9 3 17 29 99 121 33 63 10 4 5 14 53 36 23 9 5 3 13 16 2 7 3 0 0 4 1 0 0 0 0 1 0 0 0 0 
3 1 4 0 0 1 6 1 2 1 8 1 1 0 0 4 0 0 0 0 0 0 0 0 0 0 0 0 1 10 7 9 10 2 6 2 6 6 6 3 8 1 1 2 7 2 0 5 1 14 1 1 1 2 1 0 6 8 0 9 4 0 4 11 20 45 9 8 2 17 57 80 9 13 0 2 0 3 21 1 1 0 3 8 3 3 0 7 2 0 0 1 0 0 0 1 0 0 0 0 0 1 
2 3 4 0 1 2 2 1 1 2 2 0 3 1 0 0 0 0 0 0 0 0 0 0 0 0 0 0 0 18 12 6 6 12 4 5 12 2 8 3 5 0 0 8 1 0 0 3 1 9 10 2 23 8 4 0 27 12 0 14 15 3 5 10 33 40 28 23 13 4 68 83 22 45 2 3 12 2 31 7 5 1 2 5 5 2 0 4 1 0 0 0 1 0 0 0 0 0 0 0 0 0 
2 9 4 0 1 3 7 4 4 4 2 4 2 1 1 1 2 2 0 0 0 0 0 0 0 0 0 0 1 4 5 9 33 11 26 6 22 11 22 3 6 1 1 4 5 4 1 3 5 14 10 2 5 11 1 0 3 4 0 22 15 2 8 8 38 36 22 23 18 22 4 78 12 41 6 6 0 2 37 8 3 0 1 7 3 9 2 14 3 0 0 2 0 1 0 0 0 0 0 0 0 5 
4 3 4 0 3 5 2 9 4 12 2 16 10 0 2 3 1 0 1 0 0 0 0 0 0 0 0 0 0 14 4 7 24 12 12 3 22 15 32 9 8 1 4 8 9 8 0 5 9 25 25 0 9 5 5 2 19 8 0 18 10 1 8 29 48 63 48 56 38 80 82 5 49 38 6 9 0 19 29 7 2 12 4 4 4 7 2 13 0 0 0 0 1 1 0 0 0 0 0 0 0 2 
1 1 2 1 13 3 4 7 2 3 1 3 2 1 1 3 2 0 0 0 0 1 0 0 1 0 0 2 2 16 2 3 6 17 9 9 9 9 30 9 7 1 9 2 5 7 0 5 9 33 18 11 15 7 10 4 8 15 0 16 6 0 8 19 62 52 29 29 15 97 78 120 1 48 8 5 7 18 46 9 10 3 6 13 3 5 3 14 3 0 0 1 0 1 1 0 0 1 2 0 0 2 
6 9 11 12 19 4 11 9 6 7 3 5 11 3 0 5 5 0 0 0 0 0 1 2 0 0 0 0 5 0 0 9 11 26 15 10 9 22 40 11 7 0 3 6 9 8 2 23 17 42 19 3 25 24 22 6 6 18 0 39 26 2 8 35 34 67 25 132 14 148 156 172 24 1 17 15 0 17 89 13 8 4 12 12 6 5 4 19 14 0 0 3 1 0 0 2 1 2 5 0 0 3 
1 3 2 0 1 1 1 1 2 1 3 3 6 4 4 12 6 3 0 2 0 0 1 11 4 0 0 8 1 8 2 4 9 7 5 1 8 4 5 9 5 3 11 16 6 6 10 7 13 53 8 25 13 13 7 1 8 23 0 10 5 0 4 11 14 16 0 3 0 2 9 2 5 13 1 12 2 18 161 31 13 5 19 43 11 21 5 64 8 0 0 8 5 14 3 9 1 11 7 4 2 14 
4 11 2 1 1 6 0 5 2 6 0 2 6 1 3 8 10 3 1 0 1 3 7 3 5 0 1 7 0 9 0 7 12 1 5 3 1 1 3 4 1 0 10 15 2 9 8 5 6 51 17 3 17 23 8 8 16 45 0 7 3 0 1 3 6 13 2 2 1 8 6 4 3 10 12 1 24 50 205 37 44 17 39 64 21 37 13 63 9 0 0 11 7 8 7 14 4 24 5 1 2 14 
0 1 1 1 0 2 0 0 0 2 0 2 1 0 0 1 2 1 0 0 0 1 2 1 0 0 0 0 0 3 0 1 1 1 2 1 0 0 1 1 1 0 2 1 2 4 1 1 0 8 5 0 1 3 0 0 4 3 0 7 1 0 0 1 4 4 2 2 1 2 2 1 0 2 2 8 3 13 41 10 11 1 6 8 9 7 11 14 2 0 0 9 2 2 1 0 2 3 2 0 0 1 
2 4 5 0 0 0 4 1 2 9 1 1 2 1 2 7 0 1 1 2 0 0 1 0 3 0 0 5 1 3 2 2 1 2 8 0 2 0 4 4 3 0 6 4 3 9 10 4 5 21 5 2 4 9 4 2 13 14 0 9 1 1 0 8 9 4 1 5 0 7 3 1 0 5 46 37 19 5 108 27 12 8 12 54 22 11 6 42 9 0 0 4 2 6 3 8 3 10 4 2 2 8 
14 39 28 11 8 28 25 21 22 15 9 19 20 36 25 46 14 22 5 10 7 4 7 13 5 2 6 18 6 50 21 46 57 28 33 13 12 7 52 23 9 4 26 49 18 38 27 28 32 96 129 82 225 170 89 47 93 175 0 72 34 13 21 62 41 93 20 39 13 54 52 60 26 56 348 273 101 135 28 95 150 49 127 269 99 67 52 157 27 0 0 33 18 41 32 25 3 30 38 4 3 41 
3 4 4 0 0 0 1 11 0 1 0 1 5 0 1 5 3 3 7 2 2 0 1 4 2 0 0 4 3 5 0 6 9 3 5 2 0 1 20 4 6 1 13 17 6 12 7 18 5 41 16 8 8 7 6 5 8 17 0 10 0 0 5 7 21 24 2 7 1 7 3 5 6 8 44 73 16 46 107 3 18 16 35 130 56 33 14 76 17 0 0 13 6 21 11 13 9 10 6 1 2 32 
1 9 2 1 1 2 2 2 0 1 0 2 2 0 1 0 0 2 1 0 0 2 1 1 0 0 0 5 0 4 2 7 4 3 2 0 0 2 7 3 10 3 23 23 6 13 5 7 11 20 9 1 13 11 2 7 4 7 0 6 2 0 4 1 4 13 7 7 0 3 4 1 10 3 29 28 13 17 110 12 2 7 21 82 27 22 14 40 10 0 0 27 4 3 7 8 1 10 8 0 0 11 
2 4 3 0 0 2 0 4 1 1 1 0 0 1 0 2 0 0 1 0 0 0 0 1 0 0 1 5 1 1 2 1 7 1 2 1 0 0 4 4 20 4 13 19 29 11 9 16 19 62 7 3 2 2 1 3 0 10 0 7 1 0 1 1 4 10 3 4 1 5 9 11 8 5 24 31 12 25 66 27 12 6 10 85 41 30 29 115 15 0 0 16 7 22 13 25 5 40 27 5 0 37 
1 0 0 3 0 2 0 2 3 3 0 0 0 0 0 2 0 0 0 0 0 0 0 3 0 0 0 0 3 6 1 1 3 0 2 0 1 0 7 3 2 1 21 10 6 9 5 6 7 25 1 4 4 8 3 0 3 6 0 7 1 0 4 1 1 2 2 2 1 0 2 1 0 1 32 16 8 30 86 30 16 5 3 99 56 13 18 55 23 0 0 18 14 13 5 4 2 8 12 0 2 8 
16 8 6 0 3 7 7 6 12 12 0 0 1 2 0 2 2 0 0 0 1 3 3 1 1 0 0 4 2 9 4 15 8 5 1 2 1 4 16 17 14 6 87 84 27 64 40 49 73 169 27 35 82 40 25 15 61 93 0 25 3 1 1 15 11 9 2 20 3 6 11 8 4 9 150 135 28 174 380 189 188 50 250 24 170 174 95 289 55 0 0 96 44 69 25 63 11 49 42 14 4 45 
0 8 1 0 1 0 3 2 1 2 0 1 1 0 0 1 0 1 0 0 0 0 0 1 1 0 0 1 1 1 1 1 3 1 0 2 0 1 3 16 7 12 41 29 19 18 15 18 10 55 8 8 6 8 4 3 18 24 0 4 1 0 0 3 5 5 1 4 0 0 7 3 1 2 40 16 9 26 79 57 54 18 45 188 10 75 32 106 41 0 0 45 4 26 6 11 4 27 29 1 7 18 
8 10 3 0 1 6 5 4 10 6 3 1 1 1 1 4 11 10 3 4 4 0 3 5 1 0 0 8 3 19 7 16 14 9 13 6 27 19 54 9 3 18 83 128 31 95 67 53 44 168 16 12 28 29 4 1 10 25 0 18 5 2 2 8 11 7 0 4 3 0 10 4 2 6 27 26 2 30 73 51 64 24 36 142 86 7 21 74 69 0 0 136 46 56 49 54 14 45 45 20 5 36 
3 5 3 0 1 5 4 2 6 3 0 1 1 0 0 2 12 1 5 1 4 3 3 2 2 0 0 11 1 20 2 12 8 6 3 4 26 11 32 15 7 5 36 120 21 84 23 58 59 107 11 6 18 3 0 1 3 19 0 8 4 0 0 5 3 7 2 3 2 2 6 2 3 2 21 14 2 19 49 30 32 17 17 91 65 18 6 52 41 0 0 95 18 55 42 43 12 19 43 13 7 45 
19 28 18 1 3 12 6 8 7 12 2 6 3 0 1 8 12 16 7 5 11 7 8 15 12 0 4 34 3 92 8 42 89 23 20 21 37 68 126 33 23 7 112 132 58 159 83 114 129 567 24 24 59 13 1 6 33 28 0 21 6 2 1 5 13 7 3 5 0 6 10 10 4 6 65 51 13 81 120 53 48 46 61 160 109 69 56 16 34 0 0 158 34 92 69 110 34 85 73 28 17 175 
4 7 2 1 3 3 10 3 1 1 0 2 3 1 0 6 10 2 5 4 1 1 3 4 1 0 2 9 0 29 10 26 19 10 11 11 29 35 54 52 21 14 43 89 31 56 19 35 22 124 2 6 12 7 5 1 7 11 0 6 1 1 3 4 4 1 0 1 0 3 2 9 1 2 16 19 3 37 36 19 21 12 33 52 46 77 57 67 8 0 0 95 43 62 37 63 17 33 38 11 11 53 
0 0 0 0 0 0 0 0 0 0 0 0 0 0 0 0 0 0 0 0 0 0 0 0 0 0 0 0 0 0 0 0 0 0 0 0 0 0 0 0 0 0 0 0 0 0 0 0 0 0 0 0 0 0 0 0 0 0 0 0 0 0 0 0 0 0 0 0 0 0 0 0 0 0 0 0 0 0 0 0 0 0 0 0 0 1 0 0 0 0 0 0 1 1 1 0 0 0 0 0 0 0 
0 0 0 0 0 0 0 0 0 0 0 0 0 0 0 0 0 0 0 0 0 0 0 0 0 0 0 0 0 0 0 0 0 0 0 0 0 0 0 0 0 0 0 0 0 0 0 0 0 0 0 0 0 0 0 0 0 0 0 0 0 0 0 0 0 0 0 0 0 0 0 0 0 0 0 0 0 0 0 0 0 0 0 1 0 0 0 0 0 0 0 1 1 0 0 0 0 0 0 0 0 0 
5 35 27 1 23 32 34 46 28 20 12 33 29 17 9 26 39 17 6 5 9 5 7 15 2 0 6 17 6 152 73 133 101 105 115 58 223 236 404 152 108 36 105 385 205 290 177 396 545 935 20 22 53 26 17 9 39 45 0 29 3 2 5 13 39 20 1 2 0 1 12 11 2 5 68 62 7 81 174 98 129 78 94 215 201 292 221 818 349 0 0 27 102 253 154 812 61 540 340 67 51 302 
5 6 2 0 1 7 8 10 13 10 4 1 10 0 1 10 9 2 7 0 0 0 0 0 0 0 2 10 2 30 9 34 9 16 10 5 16 48 55 21 23 3 57 134 53 55 31 79 85 127 3 0 10 10 1 3 0 5 0 14 3 0 0 2 1 1 0 0 0 0 0 0 1 0 2 8 10 22 39 14 20 41 22 53 29 76 53 133 75 0 0 154 8 10 14 119 31 74 28 17 4 53 
3 2 5 17 1 2 1 2 0 10 1 1 12 2 1 3 4 2 0 0 0 0 4 2 1 0 0 1 0 35 5 18 13 7 20 7 29 27 60 29 20 3 41 93 48 81 21 67 94 177 3 3 12 4 3 1 12 17 0 2 0 1 0 1 2 1 0 0 0 0 1 0 0 1 21 17 1 24 42 32 23 22 41 58 52 49 43 206 66 0 0 135 16 4 2 99 7 49 35 36 17 44 
6 11 7 0 5 3 1 4 3 7 0 5 4 1 1 10 2 0 0 0 0 0 1 3 4 0 0 1 3 33 12 20 12 23 14 12 38 30 57 21 29 25 55 103 87 94 64 91 180 258 8 3 17 6 5 2 4 14 0 3 1 0 1 3 0 3 0 0 0 0 1 2 0 1 20 21 6 18 44 49 25 40 27 77 50 85 57 213 122 0 0 109 18 9 6 75 37 139 76 39 49 97 
1 5 0 0 0 1 2 0 6 0 0 5 6 4 1 2 1 0 1 4 0 0 1 0 0 1 1 3 0 10 6 13 4 10 14 20 17 12 53 20 9 10 65 81 35 64 22 26 56 91 3 6 7 3 0 2 2 6 0 3 0 1 0 1 1 2 0 0 0 0 1 0 0 1 4 6 2 15 20 40 34 26 19 46 31 34 22 142 41 0 0 119 41 41 24 5 7 44 23 13 4 80 
0 0 1 0 0 1 0 0 0 0 1 2 2 2 0 0 0 0 0 0 0 0 0 1 0 0 0 0 0 3 0 5 1 1 0 0 4 1 9 1 2 1 8 8 4 2 6 15 8 9 1 0 0 1 2 0 0 0 0 0 0 0 0 0 1 0 0 0 0 0 0 0 1 0 1 0 0 0 2 6 4 0 1 8 11 12 3 27 7 0 0 15 0 4 5 2 0 0 4 0 0 8 
1 2 0 0 1 0 0 0 2 3 0 0 2 1 0 1 0 1 0 1 0 0 0 0 0 0 0 1 1 3 1 3 3 4 2 1 5 7 16 3 4 3 42 34 12 25 21 19 24 56 1 1 6 1 0 0 0 3 0 1 0 0 1 0 0 0 0 0 0 0 0 0 0 0 7 7 0 7 10 9 14 11 14 26 18 12 6 82 15 0 0 47 2 14 15 28 0 5 5 7 13 30 
2 11 5 1 3 0 1 2 1 6 0 4 1 0 1 3 0 0 1 1 0 0 0 7 1 0 2 6 2 23 7 9 7 1 4 1 12 8 36 4 24 8 45 48 23 46 32 24 39 127 3 4 9 2 1 0 2 5 0 2 0 0 0 0 3 1 1 0 0 1 2 0 0 2 12 8 1 13 20 14 7 9 8 50 18 39 17 120 30 0 0 113 6 29 26 11 9 20 3 4 2 36 
0 0 0 0 0 0 0 0 0 0 0 1 0 0 0 0 0 0 0 0 0 0 0 0 0 0 0 0 0 0 1 0 1 0 0 1 2 0 3 3 0 1 6 6 2 0 1 8 2 9 0 0 1 0 1 0 0 1 0 2 0 0 0 1 0 0 0 0 0 0 0 0 0 1 2 1 0 4 3 2 1 0 1 13 9 7 1 18 4 0 0 9 1 5 13 3 1 3 1 1 2 5 
0 0 0 0 0 2 0 2 0 0 0 0 0 0 0 0 0 0 0 0 0 0 0 0 0 0 0 0 0 4 1 0 2 0 1 0 5 0 3 6 3 1 5 11 0 5 2 1 3 5 2 1 4 0 0 0 1 1 0 0 0 0 0 0 0 0 0 0 0 0 0 0 0 0 1 2 1 3 5 0 1 3 0 6 4 8 4 24 9 0 0 9 0 8 3 8 2 6 5 1 0 1 
7 7 15 1 0 3 2 5 2 6 1 4 3 4 2 6 5 1 0 1 4 0 3 1 0 0 0 10 4 28 9 20 27 11 8 12 22 15 47 34 25 10 110 83 53 82 52 38 39 231 12 13 25 11 1 2 9 8 0 7 3 0 1 1 3 3 2 0 0 0 2 1 2 1 16 17 3 23 26 17 23 17 22 45 34 44 42 242 58 0 0 85 33 78 66 82 18 60 32 3 1 12 
