13 14 23 1 12 27 37 16 25 19 15 26 51 99 42 83 40 27 21 7 7 6 6 23 9 0 1 18 120 5 1 7 20 5 3 2 5 1 47 21 18 0 10 13 8 27 13 4 3 47 5 1 7 6 1 1 5 6 0 0 4 1 0 5 7 9 0 3 2 1 2 0 3 1 1 1 2 0 16 3 1 6 1 5 1 4 2 23 0 0 0 4 2 5 1 5 1 2 0 1 0 10 
11 9 19 9 9 17 30 22 29 20 9 43 47 79 55 63 49 16 18 7 4 5 10 31 12 3 1 32 92 1 1 3 13 2 7 1 6 4 41 20 14 3 10 15 11 15 11 9 8 47 5 5 7 2 0 1 4 6 0 2 2 5 4 4 6 6 0 2 0 3 3 0 6 5 0 2 0 1 14 2 0 1 1 5 4 0 1 15 4 0 0 8 3 1 1 3 0 1 1 0 0 2 
23 23 6 11 12 21 35 38 28 14 16 36 35 95 69 67 45 24 24 11 14 11 2 18 12 0 3 26 216 2 0 3 9 1 1 0 4 4 26 16 17 1 12 9 12 7 10 3 6 43 6 1 6 5 1 1 0 6 0 3 0 1 0 6 5 7 1 2 1 3 4 2 3 4 0 2 0 1 20 6 5 1 0 6 2 3 1 22 3 0 0 6 0 0 1 2 0 0 0 1 0 4 
3 12 21 4 6 11 8 6 5 4 2 5 4 14 8 13 4 4 3 1 1 7 1 9 1 1 0 5 27 0 2 2 3 1 0 2 0 0 6 2 1 1 1 1 2 4 2 1 1 9 3 2 0 0 1 0 0 0 0 0 0 4 0 1 0 1 0 0 0 0 0 0 0 0 0 0 0 0 2 0 0 0 0 0 0 2 1 2 0 0 0 1 0 0 0 1 0 1 0 0 0 5 
9 8 8 6 0 5 9 10 12 5 7 12 12 35 11 22 10 4 0 3 6 1 7 5 2 0 1 8 29 0 0 1 1 0 2 0 4 1 5 9 3 0 4 2 2 1 0 4 2 9 5 1 3 0 0 0 1 1 0 1 0 1 0 0 0 3 0 0 1 1 0 2 0 2 0 0 0 0 4 0 0 0 0 1 1 2 2 6 1 0 0 2 1 0 0 0 0 0 1 1 0 1 
13 32 28 18 12 9 14 18 15 22 15 26 46 111 29 63 28 24 12 10 7 12 5 22 11 0 1 18 90 1 1 3 9 2 3 0 3 6 32 12 4 0 8 4 5 6 5 2 4 32 3 1 7 3 4 1 1 4 0 3 1 3 1 1 2 7 0 3 0 0 2 2 1 8 3 1 1 0 18 1 1 0 1 2 2 2 1 3 1 0 0 11 2 1 2 0 0 0 1 0 0 4 
27 42 49 20 16 24 10 32 43 18 20 19 55 91 30 50 33 27 21 9 6 14 0 8 7 0 1 4 97 3 7 3 17 4 3 1 5 5 23 8 7 3 3 10 6 14 7 2 3 23 1 2 1 3 3 1 5 12 0 3 0 5 0 7 3 10 2 6 2 2 5 2 1 1 0 2 0 3 15 0 0 2 1 4 1 4 1 10 1 0 0 11 2 1 0 0 0 2 0 0 0 5 
13 30 34 7 2 23 22 5 14 14 14 29 55 99 48 60 44 19 27 12 8 11 3 11 7 0 4 14 66 2 2 2 4 1 2 0 0 4 22 12 7 1 5 8 8 12 5 4 4 26 1 6 5 13 3 0 1 6 0 0 1 1 0 4 7 12 2 1 1 1 3 5 2 2 0 2 0 4 6 0 2 0 1 1 1 2 2 2 0 0 0 14 5 6 3 3 0 0 2 0 0 4 
26 32 28 8 6 26 26 23 11 7 17 27 41 66 43 71 48 19 15 5 12 12 9 22 2 1 1 15 69 4 3 3 7 2 1 4 3 3 37 14 16 2 5 7 5 8 8 3 1 20 2 2 2 5 2 0 3 14 0 0 2 1 2 5 5 9 3 2 0 1 2 4 6 3 0 2 0 1 8 0 1 0 0 0 0 2 1 8 3 0 0 4 1 0 0 0 0 0 1 0 0 2 
12 26 21 3 7 15 20 5 4 3 5 13 31 43 17 44 26 12 5 6 4 8 3 18 7 1 1 19 35 3 1 1 6 0 2 0 2 2 20 5 7 1 2 3 3 1 3 0 1 21 11 4 4 1 0 7 1 9 0 4 0 4 1 0 1 1 2 0 1 0 0 2 2 4 1 1 0 1 14 1 0 0 1 2 0 1 0 3 1 0 0 3 4 1 2 0 0 0 0 0 1 3 
10 16 9 0 4 11 10 10 24 7 2 14 19 26 13 25 12 12 3 13 12 3 3 7 7 1 1 16 23 2 0 1 7 0 3 1 0 6 21 15 7 5 4 0 4 8 5 2 2 21 1 0 2 5 0 4 1 0 0 1 1 0 0 2 0 0 0 1 1 0 0 0 0 3 2 1 0 0 3 2 0 0 0 1 0 1 0 2 0 0 0 11 1 0 0 1 0 1 1 0 0 2 
29 45 27 13 8 32 32 21 33 31 9 10 16 72 17 50 38 26 22 8 9 11 12 40 18 5 0 48 55 6 5 8 11 0 2 1 3 5 29 10 8 0 6 6 6 12 4 2 4 34 3 1 6 1 0 0 1 1 0 5 0 2 1 1 2 4 0 3 0 0 4 5 3 0 2 0 0 1 8 0 0 0 0 1 1 4 0 3 0 0 0 4 2 1 0 3 0 1 1 0 0 4 
41 68 53 3 14 43 57 51 61 27 17 28 12 68 35 66 59 21 44 11 29 21 14 55 36 1 6 71 50 9 5 12 17 4 1 2 8 5 33 11 21 2 4 7 6 17 14 1 4 45 10 6 6 4 0 2 2 12 0 3 2 1 0 1 8 4 1 0 2 2 1 2 3 6 8 1 0 1 11 1 0 0 1 0 0 0 2 4 4 0 0 10 1 1 2 1 0 0 1 0 0 5 
49 52 52 10 16 45 37 48 52 32 14 28 34 6 27 53 61 37 50 23 38 34 24 77 25 5 4 110 53 9 0 3 11 1 0 1 5 3 15 10 13 0 5 5 3 6 7 4 8 34 8 9 12 9 3 1 6 1 0 10 3 3 1 1 0 0 0 0 0 0 2 2 1 4 5 1 1 2 20 2 1 1 0 2 0 1 0 6 0 0 0 4 0 3 0 1 0 4 1 1 0 2 
53 53 39 10 23 32 43 35 34 39 20 32 30 16 9 14 59 42 25 24 35 20 23 87 43 3 5 92 45 6 4 3 8 0 3 2 1 3 10 14 8 3 13 9 5 4 9 4 2 23 10 5 11 10 5 4 6 4 0 1 0 1 0 1 0 0 0 0 3 1 0 5 0 0 6 1 0 1 17 2 0 0 0 1 1 0 0 0 1 0 0 6 2 1 2 1 0 0 0 0 0 3 
20 43 30 7 7 26 40 44 48 47 21 62 53 58 11 31 57 62 48 25 59 50 35 122 29 7 8 83 46 17 13 15 41 6 13 9 50 5 15 25 20 2 15 25 19 17 9 3 9 30 6 7 12 10 4 5 2 4 0 0 0 1 0 0 0 2 0 2 0 0 1 1 1 6 0 2 0 2 22 2 0 0 1 2 0 3 4 11 7 0 0 18 0 8 0 2 2 1 0 0 0 11 
34 54 35 4 13 23 32 35 38 32 9 37 49 89 48 93 12 36 57 19 62 35 22 85 21 5 14 82 32 32 11 26 32 16 19 14 40 14 69 45 40 9 24 19 24 38 16 7 8 61 7 8 19 8 1 1 2 10 0 7 0 2 1 4 2 3 0 0 0 0 0 1 1 2 2 4 0 4 9 2 1 1 0 4 0 9 6 9 7 0 0 12 2 2 2 0 0 1 0 0 0 6 
17 30 20 2 9 21 16 9 27 19 11 28 53 125 26 95 44 13 45 18 39 13 17 59 17 6 4 59 28 25 11 11 27 8 18 13 20 11 46 14 33 5 13 16 24 26 16 5 5 56 7 2 6 6 0 0 2 8 0 0 0 1 0 4 0 0 0 0 0 1 0 0 0 1 0 2 0 3 16 0 1 1 1 1 2 3 1 11 6 0 0 8 4 1 0 0 0 0 1 0 0 3 
17 24 16 2 5 7 19 12 13 19 15 15 24 115 29 53 51 19 5 15 30 20 11 48 20 6 6 55 37 19 6 9 11 3 5 7 20 7 33 7 7 2 7 10 9 10 4 5 6 51 2 3 2 3 0 0 1 1 0 0 1 0 0 0 1 0 0 0 0 1 1 0 0 0 3 1 0 2 8 1 0 0 0 0 1 3 2 7 0 0 0 3 0 1 0 0 0 1 0 0 0 0 
11 16 13 4 0 6 5 7 10 15 6 15 21 52 22 54 23 16 19 8 5 8 8 34 21 13 4 69 15 8 1 3 7 5 4 4 15 8 32 13 8 0 1 3 5 7 9 2 3 19 2 1 4 1 0 0 0 2 0 1 0 2 0 0 0 0 0 0 0 0 0 0 0 0 0 2 0 0 8 1 1 1 0 1 0 0 1 4 0 0 0 0 0 0 0 0 0 0 0 0 0 2 
7 9 8 1 2 9 14 12 8 17 8 21 41 94 47 140 98 40 37 1 6 9 22 22 22 11 13 57 21 2 2 1 11 1 7 2 9 9 38 13 6 4 5 7 6 10 0 2 1 20 0 1 1 4 0 0 2 2 0 0 0 0 0 1 0 0 0 0 0 1 0 0 0 0 1 0 1 0 3 0 1 0 0 0 0 2 0 2 1 0 0 6 0 1 0 0 0 0 0 0 1 0 
11 25 11 6 2 14 7 13 15 16 8 15 28 98 37 82 40 35 36 4 26 1 21 34 8 17 11 119 36 6 1 2 13 0 2 6 13 10 35 1 11 1 5 3 13 8 6 3 0 29 1 0 1 1 0 1 0 0 0 0 0 0 0 0 0 0 0 0 0 0 0 0 0 0 0 1 0 0 0 0 0 0 1 1 0 0 1 3 3 0 0 7 0 0 0 0 0 0 2 0 0 1 
2 5 3 2 2 3 7 7 12 16 5 31 26 53 34 76 32 21 27 11 31 15 5 21 15 15 8 64 5 4 2 0 10 3 3 4 20 6 26 4 4 1 2 6 11 11 6 1 1 24 1 0 2 1 4 0 1 5 0 0 0 1 0 0 0 0 0 0 0 0 0 0 0 0 0 1 0 0 3 0 0 0 0 0 2 1 1 3 0 0 0 4 0 0 0 0 0 0 0 0 0 2 
28 20 17 1 7 11 10 12 12 37 15 31 40 110 47 129 95 51 56 12 38 21 16 13 3 45 38 89 26 15 9 3 42 5 7 9 26 13 60 10 18 2 6 9 11 19 5 5 5 90 9 3 8 3 4 1 1 4 0 2 2 1 0 0 1 0 0 0 0 0 1 0 1 1 0 2 0 2 12 1 0 0 0 1 0 2 0 21 1 0 0 7 1 0 1 1 0 0 1 0 0 4 
18 28 17 8 13 22 13 10 16 55 12 38 46 77 37 135 52 32 55 25 37 13 13 15 11 11 18 51 10 17 7 10 113 5 9 16 41 30 54 27 42 2 13 26 26 32 21 9 12 132 25 8 25 12 5 3 3 4 0 2 1 1 0 2 1 0 0 0 0 0 0 0 0 4 2 2 0 0 35 5 1 4 0 1 0 11 2 58 4 0 0 8 0 0 1 7 0 1 0 0 0 6 
2 0 0 0 0 2 2 0 2 1 2 5 5 4 0 16 2 8 8 6 12 7 13 32 8 1 6 8 0 0 0 1 2 0 1 0 1 2 6 0 1 0 0 1 1 1 0 1 0 4 0 0 0 0 0 0 0 1 0 0 0 0 0 0 0 0 0 0 0 0 0 0 0 0 1 0 0 0 0 0 0 0 0 0 0 0 0 0 0 0 0 0 0 0 0 0 0 0 0 0 0 0 
0 1 0 0 0 1 1 0 4 2 2 1 9 15 4 13 10 4 6 4 18 5 10 31 3 1 5 28 1 1 0 1 5 1 1 0 5 3 10 1 2 0 0 1 1 0 1 0 2 6 1 0 2 0 0 0 0 1 0 0 0 0 0 0 0 0 0 0 0 0 0 0 0 0 0 0 0 0 3 0 0 0 0 1 1 0 0 0 0 0 0 0 0 0 0 0 0 0 0 0 0 1 
20 25 17 6 14 23 8 12 17 18 8 46 48 129 85 137 65 43 49 47 67 62 29 78 26 11 51 10 32 4 3 6 28 2 12 3 32 17 100 29 22 1 10 21 23 26 27 8 11 114 7 2 12 5 0 4 3 9 0 4 1 0 0 2 4 1 0 0 0 0 0 0 0 0 3 2 0 1 12 1 2 1 1 0 1 7 2 18 9 0 0 10 0 0 0 0 0 1 5 0 0 10 
9 13 27 4 6 17 11 9 16 9 5 13 12 16 11 10 3 8 2 3 2 0 1 2 2 0 0 6 7 1 0 1 1 1 1 1 1 0 4 2 2 0 1 1 0 4 0 0 0 5 1 0 2 4 0 0 0 1 0 0 0 0 0 1 0 1 0 1 0 0 0 0 0 0 0 0 0 0 5 1 4 0 0 0 2 0 0 2 0 0 0 0 0 0 1 0 0 0 0 0 0 1 
1 2 2 0 5 1 3 2 3 4 4 7 16 7 3 11 34 15 8 9 1 6 1 8 2 1 0 2 17 24 80 104 322 75 115 152 395 137 278 122 72 5 56 59 46 61 43 25 13 198 9 14 13 6 2 7 3 13 0 4 2 6 3 16 18 32 7 7 3 6 0 5 2 1 4 1 3 2 37 6 3 4 1 9 0 12 9 41 8 0 0 42 5 10 5 6 1 2 7 3 3 24 
0 0 1 1 0 0 4 4 2 0 0 3 0 2 0 6 20 3 7 4 2 1 2 4 3 0 0 0 3 66 4 65 106 24 34 45 173 62 96 51 27 3 18 22 30 23 12 5 10 43 2 1 10 5 0 2 0 2 0 2 0 2 0 5 11 17 5 2 1 1 2 1 1 0 2 0 0 0 11 0 1 0 0 3 1 0 2 10 5 0 0 9 1 2 5 2 0 0 0 0 0 10 
2 7 3 0 0 3 2 4 4 0 0 4 6 2 2 19 39 16 9 6 0 3 4 8 3 2 0 6 5 131 61 12 109 26 103 66 264 97 257 73 65 11 61 43 46 74 30 14 13 116 8 1 13 2 5 2 6 11 0 5 8 3 1 7 7 23 6 3 4 5 2 0 6 3 3 4 1 5 16 4 0 5 0 5 4 10 1 36 6 0 0 40 8 7 1 5 1 2 6 1 2 19 
11 7 12 1 0 4 15 8 7 8 4 12 10 16 9 21 35 28 17 5 7 2 7 44 28 0 1 19 14 224 75 110 24 23 98 106 406 120 259 168 116 21 132 57 110 101 94 51 70 560 19 14 38 17 14 5 16 18 0 8 8 9 4 20 16 26 6 15 9 6 17 20 15 17 12 12 3 7 54 7 4 7 8 2 5 9 10 90 17 0 0 49 10 24 15 10 3 3 9 2 3 54 
3 2 0 0 2 1 3 1 0 2 0 0 5 1 2 11 14 10 7 0 3 0 1 4 3 1 0 3 2 64 29 31 40 4 33 17 109 31 105 43 30 8 31 29 32 35 20 5 12 84 7 2 11 13 12 3 0 10 0 6 2 9 1 3 8 15 3 8 4 10 6 13 12 11 5 2 1 2 24 5 3 3 0 2 2 7 0 15 2 0 0 20 5 2 3 2 1 2 0 0 0 14 
6 5 6 1 0 6 4 1 1 4 2 3 2 2 2 11 19 15 12 7 6 1 4 18 4 1 1 14 8 129 50 65 94 46 8 23 191 67 181 96 40 2 46 53 36 60 40 13 24 114 10 6 9 5 2 1 6 5 0 0 3 10 6 5 8 17 5 1 9 9 4 17 11 4 1 3 1 2 12 1 1 0 2 1 1 8 5 17 11 0 0 46 8 6 11 4 0 5 0 1 0 19 
6 4 2 1 2 0 1 1 0 0 0 1 1 0 1 11 9 8 6 1 4 5 3 11 12 0 0 9 4 144 52 86 118 26 59 11 171 50 90 83 39 10 34 33 29 36 35 17 13 101 5 4 7 4 1 0 2 3 0 1 0 6 0 10 1 13 1 4 3 6 5 1 5 5 1 0 0 0 5 0 0 0 0 1 1 9 3 25 8 0 0 28 5 6 7 7 0 7 4 2 2 21 
1 11 7 1 1 2 7 2 1 6 0 1 4 1 4 30 35 18 28 5 10 4 12 26 6 2 1 39 4 299 122 200 240 87 131 208 19 93 300 240 121 30 118 126 122 136 116 60 47 318 8 7 18 12 2 2 4 14 0 4 4 15 6 23 13 25 6 13 12 14 13 22 15 14 8 5 0 5 29 1 1 6 3 6 1 25 15 60 30 0 0 85 9 24 10 15 0 24 14 7 1 44 
6 8 8 0 1 8 10 2 10 7 2 4 5 8 3 4 19 10 9 10 3 5 7 21 12 1 1 24 15 136 43 98 106 33 45 38 159 11 127 174 95 21 73 90 104 122 79 21 35 252 7 2 8 2 1 0 0 2 0 0 0 8 1 17 13 5 3 1 2 4 0 5 4 9 1 5 0 0 11 2 2 0 1 2 3 10 15 43 10 0 0 77 12 19 5 8 1 1 3 3 2 37 
8 13 11 2 5 14 12 12 14 10 10 17 10 12 4 13 22 15 19 5 12 16 15 27 11 1 3 28 16 117 43 115 164 64 70 44 265 82 22 219 129 21 98 89 73 133 76 53 38 259 6 3 13 6 3 1 3 10 0 0 2 8 5 13 11 14 3 4 4 4 7 9 6 7 4 3 0 2 28 1 4 1 2 12 4 22 13 54 22 0 0 86 13 19 15 5 0 10 5 5 0 33 
10 16 19 2 6 14 20 13 14 18 8 20 34 16 12 27 42 18 11 4 16 1 7 22 13 0 1 26 32 112 45 92 154 58 113 62 446 196 502 18 61 31 43 136 96 175 101 34 36 286 7 7 8 4 2 1 6 5 0 1 2 11 4 12 15 2 3 3 4 5 7 11 3 5 4 2 0 3 19 4 5 6 3 21 11 5 6 15 20 0 0 63 17 8 7 14 0 1 4 3 5 40 
5 19 8 4 2 6 6 10 18 8 2 7 8 7 5 17 21 23 8 6 12 7 3 29 7 0 1 23 21 73 25 54 137 33 47 43 218 116 258 81 8 23 61 133 60 110 68 23 25 219 2 3 11 6 2 0 1 3 0 1 0 9 1 5 7 14 1 3 0 2 2 8 8 6 4 1 1 2 12 8 3 2 7 11 9 17 13 22 20 0 0 47 11 14 9 11 0 11 7 2 2 28 
0 2 0 0 0 2 0 1 0 0 1 2 3 1 1 3 4 2 2 0 2 2 0 4 1 0 0 3 1 9 0 5 21 3 11 5 62 18 31 25 16 5 25 29 32 33 17 8 14 24 1 0 0 1 2 0 0 0 0 0 0 1 0 0 0 0 0 2 0 0 0 2 0 0 0 0 1 1 3 0 0 2 2 7 3 7 10 18 6 0 0 5 4 5 2 1 0 2 0 2 0 5 
2 3 9 2 2 8 10 9 9 2 2 8 6 11 8 9 14 11 3 2 3 5 1 0 5 0 1 11 8 44 9 35 101 23 59 22 109 76 124 63 66 23 17 77 72 86 89 40 43 168 4 3 8 3 1 2 4 4 0 1 1 8 2 8 9 9 2 1 2 2 6 3 6 6 1 7 8 14 22 5 10 18 16 43 20 56 25 87 44 0 0 89 19 37 40 41 3 24 34 3 5 74 
7 17 5 1 4 8 7 8 5 15 3 6 7 9 6 5 20 20 11 3 7 2 4 20 12 0 0 17 9 64 20 34 107 31 52 29 132 96 168 109 70 31 65 23 108 229 116 53 68 352 10 5 18 10 3 2 7 6 0 2 1 8 3 7 5 10 4 3 0 0 1 4 7 10 19 13 0 11 51 15 19 21 24 88 39 97 60 100 53 0 0 194 55 44 38 71 11 42 41 7 7 116 
12 9 8 1 1 6 11 9 6 11 8 5 10 4 7 9 21 23 8 3 4 4 3 21 17 1 0 20 9 40 14 31 110 18 50 27 173 97 165 75 56 10 67 159 16 204 128 74 92 333 5 4 7 5 4 1 4 2 0 1 0 2 0 3 7 14 2 5 2 7 6 3 6 4 8 4 6 3 26 13 3 8 4 22 7 30 28 43 28 0 0 52 21 20 16 33 1 26 18 6 1 71 
8 8 13 2 4 11 10 9 9 6 3 13 8 3 8 5 32 19 22 1 7 3 6 28 9 0 0 16 28 58 13 40 159 25 38 55 179 83 173 124 93 21 66 216 111 24 146 135 96 484 8 4 19 6 1 0 3 5 0 0 1 1 1 7 4 12 3 3 1 0 9 3 3 7 10 3 1 9 30 10 7 9 15 41 16 40 22 121 23 0 0 117 25 39 33 36 6 43 37 3 1 99 
7 9 10 0 4 8 6 11 10 10 4 7 4 7 2 9 25 22 13 7 6 4 8 22 14 1 1 20 19 52 9 45 155 31 44 38 134 94 171 96 93 21 68 126 134 213 19 97 73 336 7 0 14 2 5 3 3 3 0 2 1 4 0 7 4 12 2 4 9 2 5 2 2 5 10 9 1 10 20 11 1 12 15 34 11 32 20 103 20 0 0 87 32 24 15 21 10 27 26 3 1 75 
6 4 3 1 1 1 1 2 3 7 1 5 7 0 1 1 9 4 3 1 3 0 0 11 5 0 1 10 10 23 1 21 74 14 15 12 73 30 68 51 40 9 33 87 79 197 117 10 46 318 1 1 6 1 3 1 1 3 0 1 2 0 1 9 3 4 1 0 1 0 3 0 6 4 5 3 0 3 6 3 3 6 2 19 7 20 8 69 12 0 0 48 14 17 15 8 1 4 7 0 1 50 
4 8 2 0 3 2 2 4 8 6 4 2 8 1 2 7 12 13 6 1 0 2 2 9 3 0 1 17 9 33 6 19 119 11 19 21 78 38 83 57 36 13 74 124 76 175 150 66 14 410 6 2 2 4 0 0 1 4 0 1 5 2 3 7 4 9 1 1 0 0 1 4 3 1 4 7 0 1 13 7 10 8 1 18 5 20 14 96 15 0 0 67 11 10 24 16 5 11 12 1 0 61 
38 54 36 6 15 30 18 21 18 38 13 33 31 25 8 27 61 42 48 18 15 9 9 114 30 1 2 88 69 186 46 103 761 63 116 103 411 217 511 228 212 23 143 316 251 479 229 212 149 33 23 19 50 12 5 6 10 11 0 2 2 22 1 25 13 46 13 6 6 6 17 12 23 30 35 15 3 10 80 25 21 48 38 92 28 78 42 477 46 0 0 278 31 31 48 37 4 39 57 2 2 290 
2 5 12 1 3 4 9 4 2 4 1 5 11 18 11 26 17 6 7 5 2 2 2 17 8 0 0 14 8 14 5 13 52 12 8 6 18 11 40 9 5 1 8 11 11 17 10 4 4 49 7 4 48 16 12 5 11 27 0 28 14 3 3 10 23 25 8 16 1 19 6 7 11 15 8 10 3 6 132 9 7 1 6 39 8 13 7 51 4 0 0 15 1 3 3 4 0 4 3 1 1 24 
2 5 4 0 2 0 4 3 2 1 3 10 6 15 5 10 4 0 2 0 0 1 1 10 1 0 0 4 9 7 5 2 30 1 1 4 17 0 12 1 3 0 7 20 4 13 6 3 4 19 5 2 42 10 8 7 7 12 0 21 4 4 3 7 5 10 2 9 4 4 3 3 2 5 2 5 1 2 80 5 3 0 5 15 3 4 4 30 3 0 0 10 1 3 1 2 1 5 2 0 0 13 
4 12 8 0 3 11 10 5 7 3 0 0 7 15 20 16 11 3 2 2 1 1 2 17 7 1 0 9 15 13 13 10 59 11 7 0 20 7 40 13 13 0 11 23 10 33 15 6 6 61 24 14 6 17 6 8 15 25 0 33 6 4 2 22 14 26 11 22 9 16 6 16 10 10 11 7 2 7 113 16 8 3 1 34 7 8 11 64 8 0 0 10 1 11 7 4 0 5 3 5 0 22 
2 4 8 1 0 6 2 3 1 4 2 2 6 8 9 16 10 8 4 1 0 0 2 5 1 0 0 7 4 6 0 4 20 6 8 5 20 3 15 5 3 0 6 6 6 15 4 1 0 16 11 19 31 1 4 2 15 34 0 27 3 5 3 8 14 27 5 11 2 3 5 8 5 10 7 1 1 8 96 4 3 1 4 21 6 15 6 9 4 0 0 7 0 9 2 2 0 4 2 0 0 7 
1 6 2 0 0 1 2 1 1 2 0 3 1 4 2 5 0 2 2 2 1 1 1 3 0 0 0 2 1 4 1 2 14 4 6 0 2 1 1 0 1 0 4 3 2 2 3 0 0 7 10 1 14 10 1 0 4 10 0 12 5 1 3 4 11 5 0 6 1 2 1 3 5 9 2 4 2 1 52 1 5 0 2 5 4 3 2 9 0 0 0 4 0 0 3 1 1 0 0 0 0 5 
0 1 0 1 1 4 1 2 1 0 0 1 1 4 5 2 2 1 1 0 0 0 0 2 1 1 0 5 2 6 0 2 2 5 4 0 1 1 2 0 2 0 0 1 1 3 2 2 3 6 4 2 7 3 0 3 4 13 0 7 2 3 0 4 5 4 1 4 0 3 1 2 2 2 1 2 1 4 22 1 2 1 1 8 4 1 0 6 0 0 0 1 0 0 2 2 0 1 2 0 0 3 
3 6 2 0 0 3 1 2 1 2 1 0 6 12 3 11 6 4 3 0 0 3 3 2 0 1 0 2 3 3 2 6 22 2 4 5 11 1 7 2 4 0 6 6 1 5 6 0 0 22 10 13 17 14 13 10 5 15 0 15 12 3 2 10 10 13 7 12 1 5 2 4 5 5 2 5 3 2 54 6 4 1 5 14 4 7 3 7 2 0 0 10 0 0 4 1 0 3 1 0 2 1 
2 4 4 1 1 5 7 4 2 3 5 4 10 31 5 11 10 8 2 1 2 2 0 9 0 0 0 4 2 9 2 7 31 12 12 5 12 2 23 7 4 0 4 8 4 13 6 2 5 19 19 16 26 18 11 8 2 8 0 28 10 8 2 14 13 19 5 8 4 6 3 5 6 9 4 11 2 9 108 19 5 2 7 28 11 8 5 18 6 0 0 26 4 7 7 4 2 2 3 0 0 7 
0 0 0 0 0 0 0 0 0 0 0 0 0 0 0 0 0 0 0 0 0 0 0 0 0 0 0 0 0 0 0 0 0 0 0 0 0 0 0 0 0 0 0 0 0 0 0 0 0 0 0 0 0 0 0 0 0 0 0 0 0 0 0 0 0 0 0 0 0 0 0 0 0 0 0 0 0 0 0 0 0 0 0 0 0 0 0 0 0 0 0 0 0 0 0 0 0 0 0 0 0 0 
6 14 11 1 1 9 9 6 3 3 3 14 17 27 9 20 16 6 4 8 3 7 3 24 6 2 2 9 23 8 7 6 5 0 3 0 5 1 22 13 4 1 12 4 1 8 5 4 3 18 19 21 36 16 6 4 8 19 0 4 1 2 7 13 15 25 6 12 1 9 10 14 9 12 12 4 4 12 41 2 2 3 3 5 4 9 6 7 7 0 0 3 0 2 1 1 0 0 2 0 0 9 
4 3 3 1 0 2 0 0 0 0 0 0 4 1 1 2 6 2 1 0 0 0 0 4 1 0 0 3 3 1 1 2 5 3 2 0 4 1 2 1 2 0 1 3 1 3 1 1 3 10 9 4 10 12 8 2 12 10 0 2 2 10 4 4 5 14 4 4 5 6 10 6 7 10 4 1 0 4 22 2 3 0 1 1 2 1 2 4 1 0 0 4 2 1 1 3 1 0 0 0 0 2 
3 11 8 0 5 6 3 5 1 4 2 6 9 6 3 3 6 3 6 0 0 0 1 4 0 0 0 4 2 15 2 6 18 14 21 8 23 5 26 13 8 2 3 11 12 14 6 6 4 34 8 3 8 4 1 5 4 6 0 17 4 4 3 27 15 28 11 12 2 14 6 5 6 5 3 2 0 5 22 4 5 2 3 9 1 3 9 12 2 0 0 14 7 1 0 1 1 3 1 1 0 3 
0 2 0 0 0 0 0 0 1 1 0 2 2 0 0 0 3 1 0 0 0 0 0 0 0 0 0 1 2 3 1 0 3 1 3 2 13 2 6 0 0 0 1 0 1 1 5 0 0 3 1 3 2 2 2 0 3 5 0 0 1 1 1 6 11 9 4 4 2 4 1 0 2 1 3 1 1 0 9 1 1 0 0 1 0 3 0 2 4 0 0 2 0 1 0 0 0 0 0 2 0 1 
1 4 6 0 0 2 2 2 3 1 0 3 3 0 0 3 1 2 2 0 0 0 0 3 3 0 0 4 4 6 1 6 7 1 8 5 18 3 21 10 4 0 1 3 6 8 1 1 0 28 7 7 9 9 3 2 9 11 0 3 5 13 5 2 7 13 7 4 3 7 18 8 7 8 3 7 4 1 23 7 8 0 1 5 2 0 2 2 2 0 0 10 2 0 3 0 1 0 0 0 0 1 
7 3 3 0 0 2 6 2 6 0 0 2 1 0 1 0 3 0 1 0 0 0 1 2 1 0 0 1 5 11 10 7 16 11 13 16 43 16 21 11 14 1 12 14 9 15 8 2 4 25 19 7 16 15 11 6 9 9 0 20 4 14 9 5 2 33 21 17 9 25 22 28 26 22 6 4 0 8 42 3 3 5 7 3 7 9 3 9 5 0 0 21 1 0 0 1 0 0 1 0 0 1 
14 22 4 0 1 8 17 9 4 4 5 6 7 2 0 4 0 1 2 0 2 0 0 3 2 0 0 2 17 36 23 30 41 23 11 9 46 4 40 16 13 2 13 23 14 26 12 6 3 34 50 22 34 21 9 3 24 12 0 43 13 16 19 30 32 17 11 31 30 48 48 63 60 49 23 5 1 11 80 12 11 3 4 7 5 7 6 21 5 0 0 7 4 4 3 0 0 1 1 0 1 1 
5 3 3 0 3 0 1 1 2 2 1 2 0 0 0 1 2 0 0 0 0 0 0 0 0 1 0 2 3 8 4 6 10 8 5 2 13 2 7 2 6 1 0 6 6 8 6 4 1 10 4 2 6 6 2 2 3 6 0 20 9 4 4 10 14 14 3 4 17 20 13 15 27 8 0 2 1 6 13 1 0 0 1 1 0 3 2 1 0 0 0 0 0 1 0 1 0 0 0 0 0 1 
2 2 4 1 4 1 2 2 1 2 1 3 0 1 0 0 0 0 0 0 0 0 0 0 0 0 0 0 11 14 8 6 7 5 13 6 22 1 20 12 1 2 2 2 3 7 5 2 3 13 16 9 20 9 3 3 6 7 0 4 6 9 5 8 12 29 9 3 5 21 26 42 13 28 1 3 0 8 35 7 4 2 0 4 0 5 0 3 0 0 0 1 0 0 0 1 0 0 0 0 0 0 
2 1 0 0 0 0 0 3 0 0 1 0 1 1 0 0 1 0 0 0 2 0 0 0 0 0 0 0 5 3 4 2 8 3 2 5 6 7 2 1 0 0 1 3 4 1 5 0 0 6 3 2 5 8 2 2 2 3 0 7 1 3 1 6 10 20 7 9 0 3 23 11 10 14 0 0 0 0 8 0 4 0 1 4 0 0 0 6 1 0 0 0 0 0 0 1 0 1 0 0 0 0 
0 0 1 0 1 1 1 3 4 1 0 2 1 0 1 1 0 2 0 0 0 0 0 0 0 0 0 0 3 10 6 7 12 9 8 4 13 11 15 2 2 0 1 5 5 4 4 0 2 14 7 8 18 15 4 6 3 10 0 6 11 12 7 8 34 56 15 16 10 10 21 50 34 45 2 0 0 1 24 3 4 2 0 3 2 2 2 4 0 0 0 2 0 0 0 1 0 0 0 0 0 0 
5 5 4 0 0 0 3 2 3 2 1 0 4 3 0 0 7 1 2 0 0 0 0 0 0 0 0 0 16 9 3 1 25 10 4 7 37 5 39 4 5 0 6 6 1 2 3 2 0 25 8 2 8 4 1 4 4 3 0 12 12 7 4 11 20 39 9 24 14 17 3 49 11 20 1 1 0 1 31 3 4 1 2 1 2 4 0 6 2 0 0 6 2 0 0 0 0 0 0 0 0 0 
1 3 0 1 4 0 3 2 3 0 3 3 0 1 1 2 2 0 2 0 0 0 0 1 0 0 0 1 11 9 4 1 20 8 15 5 12 2 27 3 6 1 6 3 7 8 4 2 2 13 4 1 14 4 5 7 8 10 0 13 1 8 7 13 21 46 18 29 17 20 40 3 34 36 6 2 0 4 30 2 2 3 1 2 4 2 2 7 4 0 0 5 2 1 0 0 0 0 1 0 0 3 
2 7 1 0 3 4 4 3 6 5 0 6 4 2 1 3 3 0 0 0 0 0 0 0 0 0 0 0 2 4 4 6 15 10 22 12 23 16 24 15 12 1 8 13 12 14 5 3 8 23 16 11 21 10 8 2 3 9 0 19 14 10 4 26 54 71 15 30 6 36 20 60 5 14 5 5 2 0 44 1 7 6 14 12 4 3 4 13 3 0 0 13 0 1 2 0 1 0 0 0 1 1 
5 2 1 1 1 2 2 1 3 1 1 4 2 0 0 0 1 1 0 0 0 0 0 1 0 0 0 1 8 3 2 2 5 10 4 3 12 17 12 9 3 3 2 3 5 1 5 1 5 14 18 2 14 2 5 3 0 3 0 24 9 2 1 16 28 46 7 23 7 38 17 33 13 5 9 3 3 4 40 0 1 5 3 6 2 0 2 5 1 0 0 5 0 1 2 1 0 0 1 0 0 2 
3 4 0 0 1 3 3 0 6 2 0 3 3 10 5 8 13 6 1 1 0 0 0 3 4 0 0 7 1 2 1 7 23 10 3 3 11 4 23 4 8 3 12 15 9 14 13 3 6 35 6 6 5 2 6 1 8 5 0 18 3 1 2 4 6 8 0 6 2 1 4 4 2 3 5 6 1 15 160 21 13 8 8 54 9 28 17 45 5 0 0 22 3 7 2 1 0 2 11 1 3 23 
1 4 3 0 0 2 1 2 0 4 0 0 2 11 3 4 2 2 1 0 0 0 5 5 2 0 0 3 3 3 0 4 14 4 0 2 9 3 5 5 3 0 6 10 9 4 11 3 7 29 5 2 9 4 4 4 2 15 0 4 1 1 2 5 8 13 3 1 1 1 2 1 3 8 5 1 6 11 166 22 16 8 14 67 3 25 7 37 7 0 0 17 6 8 3 5 1 9 4 2 2 17 
2 3 6 0 0 0 1 1 3 0 0 0 2 3 1 3 0 0 1 1 0 0 1 3 1 0 0 0 1 0 1 1 2 2 2 0 3 0 6 1 0 0 0 2 2 4 3 2 0 4 3 1 2 7 0 1 2 6 0 7 1 0 3 1 25 5 2 0 0 5 0 0 0 6 5 5 3 8 73 13 1 4 4 26 8 8 2 7 2 0 0 4 1 0 2 2 0 0 0 1 0 0 
2 1 4 0 1 2 4 1 3 2 1 2 2 12 2 3 5 1 1 0 0 0 0 1 2 0 0 2 1 4 2 0 10 3 2 3 5 2 6 8 4 0 9 14 0 13 10 3 2 25 7 5 11 2 3 1 7 7 0 8 2 1 3 5 8 8 2 2 0 1 5 4 3 3 13 13 10 5 73 26 7 8 14 53 11 15 8 29 5 0 0 18 0 9 4 3 0 5 4 0 0 4 
10 7 8 1 4 10 2 5 11 11 0 7 13 28 11 35 13 7 9 4 5 0 1 26 7 0 0 8 14 27 10 13 45 16 18 5 16 4 26 11 15 3 19 50 15 31 14 7 11 89 53 43 64 65 29 29 31 94 0 24 7 5 11 24 28 47 14 13 4 15 15 18 13 31 82 83 37 52 12 61 51 8 27 176 26 32 18 77 17 0 0 52 6 27 10 7 4 16 14 3 0 36 
0 1 2 0 1 0 0 2 2 1 0 1 1 6 0 6 2 5 0 1 0 0 0 1 2 0 0 0 4 4 2 6 12 1 10 0 3 0 2 6 8 2 15 33 5 21 13 2 10 45 6 9 21 10 9 3 6 16 0 2 2 2 1 5 3 13 0 2 0 1 10 2 5 0 27 32 7 37 117 2 26 16 19 120 36 23 4 34 9 0 0 30 8 4 13 2 0 4 9 1 2 19 
1 4 2 0 0 1 1 1 1 1 0 1 2 0 0 0 3 1 3 1 1 0 0 3 0 0 0 2 4 2 1 2 6 5 0 2 4 2 4 9 3 1 14 26 7 22 13 5 3 35 9 9 9 9 5 1 6 12 0 4 1 2 1 5 5 8 0 2 0 1 2 6 8 5 19 23 4 19 108 27 6 6 18 70 31 19 16 37 11 0 0 43 4 10 6 7 1 4 5 3 3 22 
4 4 0 0 0 0 1 0 2 2 0 0 1 0 3 0 0 0 0 2 0 0 1 3 0 0 0 1 7 2 2 7 12 1 0 0 4 2 3 6 6 0 7 28 7 20 15 6 4 42 6 2 1 1 0 2 0 2 0 3 1 2 2 3 1 10 1 2 0 3 0 1 1 1 12 2 3 7 24 14 12 2 3 45 8 21 7 53 9 0 0 22 6 8 6 5 0 7 9 5 2 42 
0 1 1 0 0 0 1 0 1 1 0 0 0 0 0 0 1 2 1 0 0 3 0 1 0 0 0 0 3 4 3 2 7 0 0 0 0 2 1 7 5 1 12 16 7 19 12 1 6 35 4 4 6 9 2 1 1 11 0 4 0 1 0 5 4 4 0 1 2 2 1 2 1 4 17 9 5 5 62 16 11 2 4 103 17 14 8 50 13 0 0 38 12 10 10 2 1 16 11 1 1 11 
5 3 5 0 3 1 5 5 2 5 0 3 1 0 0 7 0 3 1 2 0 0 0 5 0 0 0 6 9 7 3 3 11 2 7 0 2 4 28 11 12 4 40 87 20 41 28 11 24 112 34 21 24 26 8 6 13 35 0 20 4 12 2 1 15 11 2 0 3 4 4 2 4 4 44 53 9 48 223 99 92 17 125 13 90 58 37 148 42 0 0 82 28 47 15 22 9 27 29 7 4 44 
1 0 5 0 0 2 1 0 0 1 0 0 0 0 0 0 0 0 0 0 0 0 0 0 1 0 0 0 4 14 0 1 3 0 1 0 2 2 10 6 2 1 22 54 11 24 17 2 7 31 1 4 9 6 6 1 3 14 0 1 0 1 2 2 3 7 1 1 0 0 2 2 2 2 8 11 3 12 86 37 34 10 39 120 4 36 21 47 20 0 0 66 8 11 11 7 0 6 9 0 2 23 
7 11 4 0 1 2 7 4 2 1 0 1 3 0 2 2 5 3 3 2 2 0 1 1 1 0 0 3 7 12 6 8 23 5 15 10 39 20 44 5 15 8 68 126 24 92 50 23 23 87 14 12 22 7 1 0 8 6 0 9 0 2 2 1 8 10 1 1 2 0 2 5 2 8 31 18 0 6 43 27 28 30 30 83 37 10 21 77 56 0 0 103 34 40 19 16 3 32 11 9 4 78 
5 3 2 1 1 6 1 3 4 2 2 1 0 2 0 3 3 4 0 1 2 0 0 7 1 1 0 7 5 13 6 9 21 3 10 1 20 13 52 19 10 5 33 86 22 52 21 27 5 59 3 1 17 4 1 3 1 9 0 2 2 1 1 3 2 9 3 1 3 0 4 1 1 1 11 8 0 4 45 7 13 3 12 42 23 37 9 35 28 0 0 83 16 20 19 13 1 10 8 1 0 44 
21 17 13 3 5 10 8 3 2 11 1 3 5 5 6 11 18 12 9 8 3 2 2 30 20 0 1 38 19 73 26 41 251 13 27 30 109 79 174 36 37 11 111 186 64 185 141 72 76 638 31 8 63 8 4 4 15 20 0 8 2 9 4 5 7 13 2 6 4 2 5 12 13 13 48 36 8 19 127 34 46 39 36 172 55 53 36 23 40 0 0 240 31 70 67 70 17 29 47 11 11 341 
2 1 7 0 0 2 2 3 4 4 0 1 3 3 2 1 5 2 5 2 1 2 0 5 0 0 0 3 7 15 6 4 29 9 16 15 52 27 54 23 15 9 45 95 13 49 13 15 12 69 3 2 8 5 0 3 3 2 0 3 0 5 1 3 2 4 0 0 2 1 8 3 0 2 13 7 2 8 28 11 6 9 12 39 15 52 26 34 11 0 0 77 8 16 10 22 0 11 20 1 1 50 
0 0 0 0 0 0 0 0 0 0 0 0 0 0 0 0 0 0 0 0 0 0 0 0 0 0 0 0 0 0 0 0 0 0 0 0 0 0 0 0 0 0 0 0 0 0 0 0 0 0 0 0 0 0 0 0 0 0 0 0 0 0 0 0 0 0 0 0 0 0 0 0 0 0 0 0 0 0 0 0 0 0 0 0 0 0 1 0 0 0 0 0 0 0 0 0 0 0 0 0 0 0 
0 0 0 0 0 0 0 0 0 0 0 0 0 0 0 0 0 0 0 0 0 0 0 0 0 0 0 0 0 0 0 0 0 0 0 0 0 0 0 0 0 0 0 0 0 0 0 0 0 0 0 0 0 0 0 0 0 0 0 0 0 0 0 0 0 0 0 0 0 0 0 0 0 0 0 1 0 0 0 0 0 0 0 0 0 0 0 0 0 0 0 0 0 0 0 0 0 0 0 0 0 0 
3 4 6 0 0 3 3 5 4 2 3 5 2 13 2 9 9 9 3 1 0 0 3 6 2 0 1 6 5 12 10 22 32 13 23 18 81 39 91 36 48 5 57 132 40 51 41 31 25 120 3 7 4 5 3 2 7 7 0 3 4 5 0 5 1 2 0 0 0 0 2 2 4 4 9 4 1 5 27 8 23 15 18 46 21 40 36 66 43 0 0 18 27 42 17 54 5 22 31 7 7 60 
2 2 2 0 0 2 0 0 3 1 1 1 0 2 3 1 0 1 1 1 0 0 0 0 0 0 0 0 1 5 4 9 9 5 7 4 20 15 22 14 17 1 52 50 26 15 17 11 7 58 1 1 1 0 0 1 2 1 0 3 5 1 0 0 2 4 0 0 0 0 0 0 0 2 4 3 0 3 13 6 5 4 7 14 20 33 20 28 20 0 0 68 4 13 13 13 8 14 9 3 2 27 
1 2 2 0 1 0 0 0 3 1 0 1 0 3 0 0 2 3 0 0 0 0 1 1 0 0 0 3 4 7 1 4 15 5 13 6 32 15 37 12 11 2 27 55 20 43 25 11 10 76 6 3 4 2 1 3 2 4 0 0 1 1 0 2 1 1 0 0 0 0 0 1 1 0 11 5 1 6 25 4 10 5 3 41 20 32 21 50 18 0 0 73 5 5 9 24 3 10 11 0 4 53 
2 3 0 0 0 2 0 0 1 1 0 1 0 1 0 1 3 0 0 0 0 0 0 1 0 0 0 2 0 7 4 6 14 5 3 3 13 7 11 9 4 1 31 31 14 25 16 9 5 52 3 2 8 1 0 0 0 4 0 1 0 1 2 1 2 3 0 0 0 0 0 0 1 4 2 5 0 4 14 5 5 4 5 24 9 19 11 24 8 0 0 40 8 7 6 8 1 3 12 1 1 33 
0 2 6 0 3 0 2 1 1 0 0 1 2 4 2 0 1 1 1 3 1 0 0 1 0 0 0 2 7 15 3 10 14 1 7 3 35 5 44 8 6 0 39 88 40 39 21 9 9 63 5 1 4 2 1 2 1 2 0 0 1 1 0 2 0 0 0 0 0 1 0 0 0 1 7 3 2 4 14 3 4 5 7 25 6 19 17 62 17 0 0 125 16 18 18 2 1 22 3 1 1 51 
0 0 0 0 0 0 0 0 0 0 0 5 0 1 0 0 1 0 0 0 0 0 0 0 0 0 0 0 0 1 0 0 2 0 1 0 9 2 3 0 2 0 4 16 1 9 2 1 0 15 0 0 2 1 1 0 0 0 0 0 0 0 0 1 0 0 0 0 0 0 0 0 1 0 0 4 1 1 0 1 0 0 6 4 1 11 1 10 3 0 0 8 1 1 1 1 0 1 0 2 0 2 
2 3 0 0 0 0 1 2 2 0 0 1 1 1 1 1 3 0 0 0 0 0 0 0 1 0 1 0 2 6 3 0 17 2 8 2 27 3 30 6 3 0 31 56 19 31 23 6 8 75 0 3 12 3 0 2 3 2 0 0 0 0 0 2 0 0 0 0 0 0 0 0 1 0 4 5 0 1 14 10 9 4 15 25 15 20 8 28 9 0 0 61 7 8 13 30 1 5 6 1 1 33 
3 0 0 1 0 0 1 0 1 0 1 0 1 0 0 1 3 0 0 0 0 0 0 0 0 0 0 0 1 8 0 1 5 2 3 3 18 8 32 7 7 5 19 39 22 43 26 6 12 61 2 3 3 4 0 1 5 2 0 0 0 2 0 0 1 0 0 0 0 0 0 1 0 0 3 3 0 2 19 4 6 6 9 13 15 15 4 43 9 0 0 66 6 2 10 9 1 1 0 6 0 17 
0 0 0 0 0 0 0 2 0 0 0 0 0 0 0 0 0 0 0 0 0 0 0 0 0 0 0 0 0 0 1 3 3 0 0 0 7 0 4 1 1 0 12 10 6 9 4 0 2 10 2 0 0 0 0 0 0 0 0 0 0 0 0 0 0 0 0 0 0 1 0 0 0 0 1 0 0 0 7 1 0 0 2 0 2 6 1 9 2 0 0 9 3 4 1 3 2 3 1 2 1 6 
0 0 0 0 0 0 0 0 0 0 0 0 0 1 0 1 0 0 0 0 0 0 0 0 0 0 0 0 0 3 1 0 0 2 1 2 3 2 5 0 1 0 10 9 5 4 5 3 5 13 0 0 1 0 0 0 0 0 0 0 0 0 0 0 0 0 0 0 0 0 0 0 0 0 1 0 0 2 2 0 0 0 2 8 0 4 1 11 6 0 0 14 5 5 6 10 1 4 0 0 2 1 
2 9 6 0 3 0 5 2 0 3 0 2 2 0 3 1 5 2 3 0 0 1 1 2 2 0 0 8 0 18 6 17 53 6 13 13 36 27 51 20 21 4 88 81 37 81 44 25 22 152 12 3 13 4 1 1 2 5 0 2 1 0 0 1 2 1 1 1 0 0 2 2 1 1 14 10 2 5 18 6 11 10 12 30 8 37 25 161 37 0 0 140 12 38 40 24 3 22 21 8 1 9 
