4 12 25 9 17 28 33 25 29 30 14 34 39 32 26 79 24 27 27 15 13 14 8 26 13 2 1 26 64 0 0 6 17 1 5 4 4 5 24 27 16 0 8 19 10 11 6 6 10 48 4 2 7 6 10 1 2 3 0 0 0 2 1 2 6 8 7 2 1 0 2 5 2 4 1 3 0 1 15 5 3 1 4 4 2 6 6 28 7 0 0 8 1 1 3 0 3 1 1 0 0 7 
5 6 9 19 14 42 25 31 46 26 19 56 43 47 33 64 37 30 42 12 18 23 5 33 17 0 1 21 41 7 4 5 16 6 7 5 3 3 17 29 18 3 10 15 13 9 14 11 6 65 4 6 15 5 3 1 0 8 0 1 1 1 2 7 9 10 1 2 1 4 3 10 3 6 2 0 1 2 20 0 1 2 0 3 3 8 3 27 3 0 0 9 2 3 2 5 1 0 3 0 0 8 
24 23 9 10 12 35 30 29 55 39 13 34 33 40 38 36 31 24 20 21 11 16 13 30 5 1 1 15 64 1 1 3 12 0 5 3 3 6 26 21 9 2 7 14 11 13 10 2 4 26 9 2 8 5 6 2 5 9 0 2 2 0 1 6 1 7 0 5 1 0 7 4 5 3 2 3 1 2 9 1 3 2 2 5 5 4 5 14 1 0 0 3 1 0 2 2 1 2 1 0 0 4 
6 18 21 4 0 18 8 11 9 8 5 9 6 7 14 8 6 3 8 3 4 1 5 2 4 0 0 5 23 1 0 0 7 1 1 0 0 1 10 4 3 0 2 2 2 0 1 0 0 12 1 1 0 0 0 0 0 0 0 1 1 0 0 0 4 3 0 1 0 1 0 1 0 3 0 0 0 0 0 0 1 0 0 0 1 2 1 2 0 0 0 0 0 1 0 0 1 0 0 0 0 1 
26 13 10 3 3 17 8 10 17 4 19 9 15 12 9 19 17 11 7 6 4 8 3 8 4 0 1 12 13 1 0 3 3 1 1 1 0 0 8 6 5 1 1 2 1 7 3 2 2 19 6 2 2 1 2 0 0 1 0 0 1 0 0 4 1 1 1 2 0 1 1 5 1 1 1 0 0 0 4 1 1 0 0 1 0 2 1 6 0 0 0 1 0 1 0 2 0 1 1 0 0 3 
34 44 35 15 24 11 17 20 33 28 18 30 63 53 40 53 26 21 19 15 17 20 13 19 15 0 1 10 32 10 3 0 6 0 5 1 1 4 20 10 10 2 8 11 6 9 6 2 1 43 4 3 9 4 4 1 1 3 0 2 0 2 1 1 5 8 2 7 2 2 1 6 2 0 0 0 0 2 7 1 0 1 1 0 0 1 5 5 4 0 0 10 0 4 0 6 0 2 0 0 1 9 
23 57 17 14 11 18 9 24 38 40 19 28 48 51 35 42 12 18 20 17 13 4 1 15 1 0 0 9 56 3 0 0 14 3 2 2 2 2 25 18 6 1 5 1 5 11 4 3 13 31 3 2 2 4 1 0 2 8 0 0 1 0 3 8 5 4 1 3 1 1 6 5 2 3 0 2 0 2 10 0 5 2 2 1 0 1 0 5 1 0 0 3 0 1 0 1 1 3 1 0 0 4 
17 29 22 4 7 41 24 11 15 25 16 36 42 43 39 68 28 22 21 15 11 15 4 24 7 0 0 12 28 3 4 1 6 1 2 0 0 5 25 23 13 0 11 9 5 3 6 5 10 31 7 4 6 6 2 0 2 4 0 3 1 3 3 2 1 5 1 3 0 3 5 6 1 2 1 4 0 2 15 0 0 0 0 0 1 3 1 5 1 0 0 7 1 1 0 0 0 0 0 0 0 4 
35 47 53 13 9 53 67 19 12 46 20 29 74 54 42 61 35 37 22 9 6 27 10 28 10 1 4 15 35 4 4 5 9 2 2 4 4 9 27 15 13 2 10 14 14 4 6 1 4 39 4 1 14 6 7 1 2 2 0 1 0 3 3 3 3 6 6 2 3 2 7 5 1 4 7 7 1 7 12 1 0 0 1 3 0 4 0 10 2 0 0 4 0 1 3 3 0 2 1 1 1 4 
11 16 27 1 5 16 18 14 8 0 8 24 28 36 25 35 23 15 16 12 10 13 5 30 12 2 0 13 24 5 1 2 7 0 2 0 1 3 15 8 1 1 6 3 3 5 5 3 3 24 7 5 7 7 1 0 3 7 0 0 1 1 3 2 2 10 0 3 0 1 2 5 0 10 4 5 2 5 14 1 0 0 2 2 0 4 1 2 0 0 0 2 0 1 1 1 0 1 0 0 0 2 
9 8 25 2 14 26 17 14 24 18 2 10 17 38 19 52 38 22 28 13 14 17 7 25 8 1 1 35 11 9 4 12 7 1 2 1 2 4 17 18 9 0 6 6 8 7 7 4 12 30 1 1 2 2 1 5 1 3 0 0 1 0 0 2 1 4 3 3 1 3 2 5 5 2 3 0 0 0 9 1 0 0 1 1 0 2 0 6 0 0 0 3 1 2 0 1 0 1 0 1 1 4 
34 54 26 8 13 25 43 33 30 22 9 7 18 35 25 62 49 46 26 25 32 24 16 56 17 1 2 40 32 14 4 6 19 0 3 0 2 9 15 26 12 1 4 4 7 10 2 8 8 43 7 3 9 12 7 0 3 10 0 8 1 2 0 2 3 6 1 0 0 0 8 4 1 1 10 3 1 0 10 1 0 0 1 0 0 1 0 2 1 0 0 6 0 2 0 5 2 1 1 1 0 0 
47 88 76 8 21 87 180 115 135 61 34 50 7 56 68 86 62 57 47 32 63 36 24 74 29 2 3 71 33 23 3 8 10 9 1 3 0 7 33 27 17 5 9 7 8 13 7 4 11 45 12 5 8 13 3 1 10 13 0 18 0 2 1 2 1 2 0 2 0 0 4 2 1 3 10 0 1 1 13 0 4 1 0 1 1 0 1 7 3 0 0 7 1 2 1 4 0 0 0 2 0 8 
91 114 90 13 22 115 133 106 145 95 71 53 86 14 9 89 126 105 106 59 93 78 47 140 50 8 11 138 49 9 3 5 7 5 0 2 2 7 23 23 14 0 14 9 14 21 7 9 10 51 23 27 24 20 12 6 22 19 0 7 5 0 1 2 4 0 0 0 0 0 2 0 1 2 21 6 1 9 53 5 2 1 2 0 1 2 0 8 7 0 0 11 2 2 2 3 0 0 1 0 0 2 
59 66 66 10 21 53 88 53 75 40 32 20 59 13 12 27 44 38 38 34 42 33 49 125 33 8 23 99 23 10 6 7 11 1 3 2 1 2 17 23 11 3 8 1 10 3 6 5 7 28 12 2 13 16 2 3 3 4 0 3 1 4 0 1 0 1 0 0 0 0 3 2 1 1 10 2 0 0 18 3 3 0 0 0 0 0 0 3 1 0 0 5 6 1 0 1 0 0 0 0 0 5 
45 114 50 7 18 64 78 80 86 70 39 64 98 57 23 23 103 119 88 64 155 76 84 171 65 28 19 180 21 41 20 37 51 20 10 16 26 4 17 48 29 15 19 26 26 29 14 9 13 73 25 11 30 10 1 5 8 17 0 5 4 3 1 3 0 3 3 1 1 0 3 4 3 0 10 9 2 8 44 4 1 0 1 1 1 5 1 18 4 0 0 12 4 6 6 13 0 3 1 2 0 9 
33 41 29 6 7 59 47 44 74 51 26 50 86 64 51 84 8 51 62 44 77 65 53 158 30 8 6 94 24 52 20 59 43 18 25 15 32 12 57 38 29 4 16 17 38 26 20 18 13 78 9 13 16 15 2 3 11 9 0 4 2 2 1 2 5 0 0 1 0 1 1 5 0 5 15 6 1 3 41 1 1 1 0 3 0 7 1 18 9 0 0 11 1 1 2 3 2 1 2 0 0 5 
14 22 21 0 5 36 33 33 26 29 22 25 47 50 29 104 55 4 46 38 75 35 54 95 25 3 9 62 23 43 11 35 33 5 26 18 10 14 43 36 24 3 12 13 19 25 10 14 8 65 9 0 12 9 5 1 3 14 0 4 0 1 1 1 1 2 0 0 0 0 1 1 0 1 6 5 1 3 11 3 1 0 0 1 0 7 4 6 5 0 0 5 0 2 1 0 0 0 0 0 1 5 
20 33 19 7 3 17 23 19 23 21 10 35 45 79 26 100 56 32 11 24 67 49 53 79 22 5 3 76 10 28 12 11 28 13 13 6 14 9 31 21 9 4 11 15 10 22 10 16 14 50 7 1 5 6 1 0 4 3 0 3 0 0 0 0 1 1 0 0 0 0 0 0 0 0 2 4 0 2 13 3 1 2 0 0 0 4 0 7 3 0 0 8 2 0 2 2 0 2 0 0 0 2 
8 12 17 2 3 11 15 15 6 12 3 15 23 39 20 60 30 23 17 2 8 6 17 69 17 7 24 86 7 13 2 7 3 0 4 6 8 11 23 13 11 3 5 8 8 9 6 4 3 18 3 1 1 2 2 0 1 3 0 2 1 0 0 1 0 1 0 0 0 0 0 0 0 0 2 1 1 1 13 0 0 0 0 0 0 1 0 2 6 0 0 1 0 0 0 0 1 2 1 0 0 1 
4 6 9 1 2 10 7 11 4 11 8 7 21 36 20 83 43 26 54 11 5 5 33 38 14 16 28 70 8 6 0 1 6 0 6 9 8 11 32 5 16 1 2 9 4 12 2 3 5 29 14 0 2 0 0 0 2 4 0 0 3 2 0 0 0 0 0 0 0 0 0 0 0 0 3 3 1 0 5 1 0 0 0 0 0 4 1 5 1 0 0 3 0 0 0 1 0 1 0 0 0 1 
12 14 14 1 1 18 8 10 18 13 5 16 29 38 25 45 39 26 25 10 10 5 12 22 8 22 55 74 3 9 4 3 13 0 2 6 13 6 24 1 7 1 3 6 7 6 2 0 4 17 1 0 5 2 3 0 0 2 0 1 0 0 0 1 0 0 0 0 0 0 0 0 0 0 1 1 0 0 3 0 0 0 0 0 1 2 0 8 0 0 0 1 0 0 0 0 0 0 1 0 0 0 
3 2 3 2 5 7 9 6 6 8 5 18 28 25 17 50 52 22 41 15 40 16 0 14 5 10 11 94 3 0 3 2 6 5 3 5 8 12 32 6 6 0 1 2 2 7 4 0 4 31 0 1 5 0 0 3 1 4 0 0 0 0 0 1 1 0 0 0 0 0 0 0 0 0 1 0 1 2 3 1 2 0 0 2 1 1 0 4 0 0 0 0 0 0 0 0 0 0 1 0 0 0 
21 16 9 1 12 17 14 14 23 31 8 27 42 34 28 110 77 51 50 13 23 16 15 5 12 48 35 74 6 7 6 4 17 1 15 5 4 11 57 12 25 2 2 9 6 12 15 6 13 66 11 6 2 3 1 2 5 5 0 2 0 1 1 4 1 1 0 0 0 0 0 0 0 0 4 5 2 2 13 7 1 2 0 0 1 3 1 16 6 0 0 6 0 0 0 0 0 0 0 0 0 2 
22 45 17 2 10 23 31 24 16 46 9 31 49 35 29 72 40 48 48 19 33 17 20 16 5 6 18 79 0 14 15 11 52 8 11 11 6 5 37 24 44 1 19 17 23 24 18 12 18 162 27 5 37 6 8 4 2 14 0 0 0 1 2 4 0 0 0 0 0 0 0 0 0 2 11 15 0 4 18 6 2 2 1 1 0 6 6 46 3 0 0 9 1 1 0 3 0 0 1 0 0 4 
0 0 4 1 0 3 0 2 2 2 0 3 3 3 1 7 6 4 9 9 9 11 8 23 13 1 3 10 0 1 1 1 0 1 0 0 0 2 3 0 1 0 1 1 0 1 0 0 0 2 0 0 0 0 0 0 0 0 0 0 0 0 0 0 0 0 0 1 0 0 0 0 0 0 0 0 0 0 2 1 1 0 0 0 0 0 0 0 0 0 0 2 0 0 0 0 0 0 0 0 0 0 
0 1 1 0 0 0 1 1 1 1 2 1 0 2 3 12 3 7 6 3 9 19 8 35 5 1 0 28 0 3 0 2 2 0 1 0 1 1 1 1 0 0 1 1 0 0 0 1 0 3 0 0 0 0 0 0 1 0 0 0 0 0 0 0 0 0 0 0 0 0 0 0 0 0 0 0 0 0 1 0 0 0 0 0 0 0 1 2 1 0 0 0 0 0 0 0 0 0 0 0 0 0 
25 28 18 6 14 23 24 26 25 35 8 54 81 82 76 142 84 79 59 55 91 108 110 156 64 19 72 10 9 0 3 9 32 4 12 8 17 34 36 47 37 3 10 15 27 23 19 17 21 151 20 13 29 4 6 6 8 6 0 2 2 1 0 2 0 1 1 0 0 0 0 0 1 0 10 7 2 5 14 1 2 2 2 4 1 4 2 39 6 0 0 11 3 0 0 3 0 1 3 0 0 14 
74 145 129 34 26 127 50 76 67 51 29 61 72 68 38 71 32 39 27 23 14 22 5 18 10 2 0 23 5 8 3 5 16 2 6 3 4 13 28 23 40 0 3 19 28 14 8 7 22 60 7 5 18 9 2 5 7 10 0 2 1 1 5 4 8 17 3 5 0 2 2 3 3 3 2 3 0 1 36 8 12 2 4 10 3 7 2 19 2 0 0 7 4 0 1 4 3 3 0 1 0 5 
1 3 2 1 1 11 4 3 3 5 4 8 12 4 7 25 36 20 17 3 10 2 2 13 4 0 0 5 1 23 108 143 295 64 126 129 230 137 215 127 85 9 48 39 69 75 40 33 33 262 6 3 15 10 3 1 6 11 0 12 5 4 8 13 19 24 3 11 10 6 7 11 3 1 10 4 0 5 28 3 6 2 4 6 6 12 12 61 16 0 0 28 5 8 6 12 2 6 17 1 1 27 
0 2 0 0 1 1 1 0 1 0 0 0 1 5 1 5 9 7 6 2 1 2 2 4 6 0 0 2 1 117 17 79 121 20 41 35 97 43 72 39 14 2 13 15 21 23 12 7 15 56 2 2 1 6 0 0 8 0 0 6 0 2 0 3 8 17 4 2 3 2 4 6 1 3 3 0 0 0 15 6 1 2 2 3 1 4 4 12 2 0 0 11 1 3 0 4 0 0 2 2 0 5 
3 5 4 0 1 0 6 4 4 2 0 3 9 0 6 17 22 13 9 4 2 1 0 9 4 0 4 11 4 141 136 12 131 45 73 91 156 98 196 107 57 12 31 31 48 48 39 21 23 155 10 2 26 14 5 5 3 7 0 5 2 3 3 14 19 18 5 7 2 4 5 5 2 0 2 1 1 0 22 4 3 1 5 2 1 11 11 43 11 0 0 31 4 6 6 12 1 9 8 0 3 16 
9 13 10 1 2 9 19 4 4 8 3 10 18 9 3 16 48 27 15 10 15 6 10 51 20 0 1 23 4 284 138 144 16 42 77 109 182 124 219 154 126 23 80 73 105 122 108 87 74 630 48 29 72 23 10 6 20 31 0 16 3 7 1 12 15 25 8 12 7 17 24 36 3 5 16 16 0 8 72 4 9 11 5 9 5 9 11 129 32 0 0 37 7 15 9 9 2 6 9 4 2 51 
4 1 4 0 0 1 4 1 1 1 0 0 4 1 0 11 14 7 7 4 3 0 4 6 8 0 1 2 3 115 29 50 51 7 26 30 78 61 80 75 27 12 19 32 33 26 14 13 16 97 6 5 13 7 5 2 5 8 0 13 1 5 6 4 10 27 6 6 6 17 12 21 4 11 3 2 3 2 20 3 4 1 3 2 0 4 1 20 13 0 0 31 2 8 3 6 3 3 3 0 1 10 
3 8 3 0 0 4 5 3 1 3 2 7 5 4 2 11 36 23 16 4 15 4 8 19 8 0 0 14 1 214 79 119 112 29 13 29 131 68 160 142 67 8 39 56 56 48 29 38 35 168 8 17 14 10 8 4 20 5 0 6 4 13 6 10 7 26 11 8 6 9 18 25 3 4 5 6 1 3 37 3 3 3 1 1 0 13 4 36 11 0 0 30 11 12 4 10 6 8 9 3 1 10 
4 10 5 2 1 4 1 2 2 2 0 1 1 0 1 14 18 10 14 17 4 7 2 14 5 0 1 13 1 199 85 104 130 32 27 5 151 48 125 110 46 4 28 30 42 47 43 29 20 165 3 2 9 4 1 0 2 2 0 1 0 9 4 6 7 18 0 7 2 2 11 11 4 9 2 1 0 0 9 0 1 1 0 0 0 5 4 29 7 0 0 20 6 5 2 5 1 3 4 1 1 16 
6 12 8 0 1 2 4 3 4 3 1 2 3 1 1 50 47 18 31 19 17 10 12 48 21 3 4 52 5 604 237 367 442 150 193 234 17 211 545 476 235 75 120 159 180 213 136 94 67 541 27 20 41 30 6 6 5 14 0 1 1 8 21 42 30 47 13 34 11 17 44 52 18 10 15 9 4 2 39 0 2 1 4 6 6 32 20 113 54 0 0 106 24 40 19 39 7 35 18 3 12 68 
9 10 6 1 0 4 11 14 10 11 4 6 15 11 12 5 18 18 16 13 9 10 4 36 12 5 0 21 12 199 83 150 131 44 55 57 96 21 152 218 116 26 75 75 107 84 99 37 39 272 6 7 12 7 4 1 4 8 0 1 1 5 10 15 8 11 4 7 5 9 16 14 1 7 5 3 2 2 11 1 0 1 3 4 1 25 13 65 17 0 0 64 17 10 3 15 1 11 13 5 5 31 
33 35 34 9 14 30 38 20 42 36 17 27 46 37 6 5 52 70 44 34 81 41 47 85 31 2 12 74 24 362 103 334 347 138 157 119 417 109 25 476 284 50 155 178 160 221 150 107 95 624 25 9 57 20 8 1 16 19 0 10 6 15 13 51 44 25 18 24 11 10 39 35 16 13 15 10 2 6 57 4 11 13 12 15 4 38 16 145 58 0 0 121 16 39 23 38 15 49 17 5 4 85 
20 15 15 2 2 22 21 14 21 13 11 19 18 16 11 17 45 21 21 14 16 5 6 38 14 1 1 22 6 125 48 79 190 51 97 68 224 167 352 21 37 42 40 119 76 121 84 59 64 254 10 9 13 10 2 1 3 7 0 2 3 7 2 8 9 7 7 5 2 0 6 5 5 1 7 9 0 7 26 3 7 4 5 13 10 2 8 33 37 0 0 48 10 15 7 8 0 3 5 1 3 23 
8 22 14 1 1 5 7 10 10 9 0 6 12 10 3 18 29 12 14 19 17 12 14 26 18 1 0 18 9 96 26 70 124 38 64 57 115 105 248 64 13 21 57 91 48 118 62 54 45 289 7 2 12 3 0 1 4 4 0 1 0 2 2 8 12 9 5 8 3 2 1 0 5 5 6 4 2 7 15 5 5 2 15 11 8 11 10 16 16 0 0 39 4 18 5 15 2 17 9 4 1 35 
3 5 1 0 0 0 5 2 2 2 2 2 8 4 2 2 7 2 2 4 0 1 0 2 0 0 0 5 1 16 3 9 17 2 8 11 49 8 18 29 11 2 11 40 23 22 18 10 10 37 0 0 1 3 0 0 1 0 0 0 1 1 3 0 1 0 1 1 0 0 2 0 0 0 1 2 0 1 7 2 13 0 3 11 1 5 2 14 7 0 0 11 4 1 2 6 0 2 2 0 0 3 
5 9 6 0 3 8 10 17 4 7 6 3 12 4 6 10 32 24 9 5 11 6 5 11 11 0 1 15 3 67 18 53 132 35 54 30 103 83 128 98 53 25 21 88 70 110 62 65 79 323 7 9 23 12 1 1 7 9 0 4 0 2 2 15 13 3 3 6 1 7 5 3 3 2 23 7 0 12 23 27 31 24 17 56 35 71 43 118 75 0 0 79 27 38 34 81 10 45 37 10 7 109 
7 11 7 1 2 9 10 7 9 9 2 10 5 5 8 11 31 30 13 5 13 4 10 25 8 0 1 30 1 67 44 65 121 53 50 34 121 120 218 186 78 42 83 20 165 222 155 124 124 445 15 11 25 15 5 5 9 8 0 5 4 3 1 11 17 8 7 4 4 0 10 11 1 6 33 16 1 29 57 36 33 38 30 88 54 131 71 166 105 0 0 213 71 88 56 141 24 67 89 23 7 121 
10 12 8 2 3 10 18 7 7 10 3 8 9 6 7 17 22 22 12 2 12 8 4 23 10 0 1 29 7 76 39 45 117 33 35 34 108 75 153 111 52 31 67 163 16 190 143 106 125 414 13 5 7 4 2 0 1 6 0 3 0 4 1 6 18 9 1 10 6 1 9 11 5 2 14 6 0 12 25 13 6 4 6 24 23 43 16 73 22 0 0 78 19 38 26 41 5 46 30 11 5 81 
23 11 12 4 3 14 14 5 19 17 7 13 18 5 4 17 48 28 36 9 17 12 9 41 16 1 1 32 9 112 42 74 187 29 64 59 185 113 260 242 159 29 113 295 197 31 176 279 260 860 9 16 27 9 4 4 14 15 0 7 1 6 1 7 18 13 5 15 1 4 9 17 1 1 17 13 1 11 48 30 21 21 32 79 40 98 49 193 53 0 0 134 41 59 46 62 10 48 64 11 7 148 
17 25 7 1 2 4 15 12 12 6 7 11 12 7 5 25 27 23 9 7 8 17 10 26 13 0 3 38 5 75 41 71 168 31 39 51 104 83 163 138 109 16 48 133 116 226 18 223 215 489 10 7 24 5 2 0 2 6 0 3 2 7 1 4 11 9 6 2 1 3 8 4 3 2 17 7 0 10 22 14 17 10 5 32 32 55 33 95 27 0 0 109 16 35 16 33 7 59 33 15 2 75 
14 6 4 0 1 2 3 3 16 4 6 7 7 5 1 1 9 8 6 2 1 1 6 17 7 2 0 16 2 34 3 19 83 14 16 12 51 40 57 49 37 6 51 81 86 168 103 13 68 414 3 3 9 8 6 0 1 2 0 1 0 0 0 2 2 8 2 4 1 0 4 0 1 0 6 3 0 5 13 3 2 6 5 31 11 23 16 87 12 0 0 52 10 9 7 9 2 12 17 2 5 52 
6 9 3 1 3 6 2 7 3 2 5 8 7 0 2 3 13 15 6 3 2 3 4 17 6 2 2 10 5 35 11 19 68 13 15 14 41 29 66 46 44 6 35 82 68 151 103 104 8 297 8 1 5 2 0 0 0 2 0 0 0 2 1 4 2 8 3 1 0 1 4 1 1 1 6 5 4 0 17 4 9 6 5 17 8 12 7 56 7 0 0 58 3 6 18 14 2 13 22 1 1 46 
52 62 39 13 16 25 41 19 35 49 14 34 43 24 12 37 69 64 34 21 43 22 25 148 39 2 8 117 20 269 72 186 710 91 127 107 312 236 501 333 352 48 150 355 273 551 288 492 467 59 64 25 96 35 6 7 11 39 0 3 9 13 6 27 38 34 15 22 4 9 24 30 10 14 61 36 2 38 111 40 42 49 32 104 55 75 69 421 64 0 0 244 28 110 60 82 13 90 113 17 9 248 
3 10 10 2 3 8 8 10 10 8 4 9 7 8 14 22 17 3 10 9 1 2 3 17 15 5 0 23 5 25 4 14 60 14 10 10 10 2 19 17 0 1 7 18 3 8 10 8 12 56 2 9 49 17 15 4 28 40 0 40 15 2 4 27 19 22 8 26 5 29 11 30 27 23 19 9 0 9 105 16 18 4 9 51 10 11 7 51 13 0 0 9 5 10 3 10 2 11 2 1 6 14 
6 3 3 0 0 2 3 1 3 3 1 7 8 14 5 8 7 0 3 1 0 4 1 6 1 0 1 10 1 3 1 3 22 4 8 5 7 3 6 5 3 0 7 6 5 3 8 1 0 12 7 3 23 36 12 4 10 10 0 15 3 6 1 10 13 12 5 12 1 13 4 5 5 6 3 4 1 6 64 3 5 2 4 11 4 13 3 13 2 0 0 6 3 4 5 2 0 1 4 0 0 11 
7 19 15 1 2 4 10 6 5 5 1 19 6 12 19 17 9 12 4 7 2 3 1 14 8 0 3 10 4 18 9 21 62 20 13 8 12 7 24 12 10 0 9 17 7 13 13 10 12 73 54 47 8 29 11 6 23 50 0 32 7 6 4 27 29 30 8 34 10 27 11 13 8 16 9 20 0 15 137 27 5 1 16 22 15 16 4 47 17 0 0 25 2 11 8 7 4 9 12 0 2 23 
4 3 1 0 2 5 5 2 6 6 1 7 3 10 9 8 15 10 3 5 1 3 0 9 4 0 1 3 8 6 9 11 22 11 4 3 6 2 3 5 1 1 4 6 3 7 3 2 3 22 4 35 35 7 9 5 4 15 0 26 7 0 2 12 11 11 6 13 2 13 10 10 4 8 6 5 1 20 71 7 8 0 4 13 5 12 0 15 14 0 0 3 5 9 2 4 0 9 3 0 0 4 
3 2 5 0 1 6 2 1 3 1 3 2 1 7 4 7 3 7 4 0 1 0 3 0 0 0 0 4 1 8 2 0 10 4 3 0 2 2 9 4 0 0 1 3 3 2 3 0 1 15 14 11 10 19 1 1 10 14 0 13 4 1 5 8 16 9 0 3 2 12 4 2 2 2 2 4 1 7 29 9 1 0 4 11 5 1 0 7 1 0 0 2 0 4 0 0 0 1 3 0 0 4 
0 2 2 0 2 3 1 2 5 1 0 0 2 1 2 2 3 1 0 3 0 0 4 3 1 0 1 4 2 4 0 8 13 0 0 0 1 0 1 8 4 0 2 2 2 1 1 3 1 11 17 8 8 10 1 5 9 14 0 13 6 1 0 5 11 8 0 2 1 8 3 3 4 6 5 7 0 4 32 5 4 2 1 4 3 1 1 19 7 0 0 1 0 1 1 4 2 5 2 1 0 2 
4 5 2 0 1 4 1 2 0 2 3 5 8 6 9 7 6 3 2 6 1 0 2 6 1 0 0 3 0 8 4 8 18 6 6 1 4 5 4 11 0 3 2 5 2 8 6 3 2 13 21 12 12 17 6 10 3 13 0 14 1 4 7 7 10 16 3 7 2 10 8 2 9 5 18 14 0 8 54 28 3 5 5 18 4 7 7 12 6 0 0 3 1 5 5 3 1 4 2 0 1 14 
3 8 8 2 3 9 6 8 7 15 3 8 7 9 7 12 9 4 6 1 2 1 3 9 1 0 2 6 4 23 3 14 22 7 9 5 5 5 12 8 7 1 4 8 0 4 4 1 5 31 23 19 41 30 6 13 17 3 0 35 6 6 4 15 18 18 11 8 5 20 7 4 3 3 46 18 7 18 122 22 21 0 21 33 15 5 4 30 3 0 0 9 3 6 1 11 0 1 6 0 1 6 
0 0 0 0 0 0 0 0 0 0 0 0 0 0 0 0 0 0 0 0 0 0 0 0 0 0 0 0 0 0 0 0 0 0 0 0 0 0 0 0 0 0 0 0 0 0 0 0 0 0 0 0 0 0 0 0 0 0 0 0 0 0 0 0 0 0 0 0 0 0 0 0 0 0 0 0 0 0 0 0 0 0 0 0 0 0 0 0 0 0 0 0 0 0 0 0 0 0 0 0 0 0 
11 12 12 1 1 11 13 7 5 6 5 5 20 20 14 41 17 11 14 5 6 17 4 23 13 2 2 13 13 12 5 16 16 14 1 2 3 6 12 10 3 1 5 12 11 10 9 2 6 47 45 37 52 57 26 16 15 19 0 8 1 6 9 21 27 31 14 11 9 22 42 35 10 25 13 10 1 19 63 5 7 6 21 26 1 5 15 24 14 0 0 10 6 1 1 5 0 0 1 1 0 4 
1 1 5 18 0 1 2 0 1 0 1 2 2 7 3 8 2 2 2 3 0 1 0 3 2 0 0 1 0 14 3 8 14 5 2 6 2 6 5 9 1 1 5 1 0 2 0 3 6 9 14 7 11 6 5 1 12 11 0 6 0 3 3 1 16 22 15 13 6 19 19 12 6 8 3 6 2 2 16 4 9 4 7 10 1 6 2 9 2 0 0 1 0 2 0 2 0 0 2 1 0 2 
1 5 4 1 1 3 5 6 1 1 7 7 4 3 4 7 9 4 1 0 0 0 1 4 1 0 0 2 0 27 5 10 14 2 9 7 29 17 16 23 15 2 3 14 5 11 4 2 7 20 3 3 5 5 4 1 2 7 0 16 4 5 4 10 23 48 6 19 4 19 20 19 10 5 4 1 2 1 26 6 7 7 0 2 6 12 7 13 4 0 0 9 1 3 3 1 0 2 0 2 0 0 
0 3 2 0 0 0 2 2 1 2 2 0 2 0 1 0 0 0 0 0 0 0 0 0 0 0 0 0 0 2 3 3 2 4 2 1 7 5 5 1 8 1 0 2 0 3 0 1 3 6 1 5 5 2 3 2 1 11 0 5 4 1 0 3 7 22 5 8 4 6 5 7 1 1 2 2 2 2 13 2 3 1 1 2 1 1 0 3 0 0 0 7 1 0 0 0 0 0 1 0 0 0 
2 5 3 2 0 3 2 2 2 3 2 2 2 2 1 2 7 2 2 1 2 0 0 4 4 0 1 0 0 14 13 8 5 0 8 14 21 16 20 10 10 0 8 8 8 6 10 18 12 42 19 9 30 21 7 5 13 11 0 10 1 6 10 5 10 66 26 5 5 16 30 25 5 17 4 6 0 8 27 5 7 2 1 4 2 3 3 10 2 0 0 14 1 2 1 3 0 0 1 0 0 1 
4 0 10 0 0 5 15 14 5 4 2 5 5 0 2 5 0 2 1 0 0 0 0 1 0 0 0 3 4 60 9 32 23 10 10 6 21 11 32 16 11 7 8 5 8 10 5 9 9 41 11 14 14 24 14 6 15 22 0 40 14 11 32 15 5 55 43 47 16 38 54 68 23 21 22 5 2 5 48 13 4 5 7 6 2 7 5 12 4 0 0 6 1 2 0 0 0 1 0 1 0 2 
13 15 11 2 4 17 20 17 19 9 2 5 4 2 1 0 3 1 2 0 2 0 0 0 0 0 1 3 1 76 44 52 38 35 18 14 32 12 24 24 20 4 11 24 10 24 15 7 9 62 25 26 32 23 10 4 17 24 0 53 29 19 22 60 34 25 20 56 30 56 100 138 45 71 17 16 4 14 85 9 21 9 5 20 6 7 10 24 4 0 0 7 0 1 1 0 0 1 2 0 0 1 
3 4 6 0 0 2 3 1 5 1 1 0 0 0 0 2 2 0 0 0 0 0 0 0 0 0 0 0 0 6 16 8 10 13 4 11 14 3 20 4 2 1 13 0 7 8 2 4 5 9 2 4 7 8 0 1 4 4 0 24 8 3 3 37 61 12 1 53 25 66 103 149 52 11 0 1 1 1 11 4 4 0 0 4 2 1 3 9 0 0 0 4 0 0 1 1 0 0 1 0 0 1 
2 6 12 0 0 5 14 14 3 2 5 2 0 0 0 1 1 0 0 0 0 0 0 1 0 0 0 0 2 16 5 5 15 6 6 4 14 4 13 1 1 0 5 5 14 8 1 4 1 35 8 8 21 11 7 2 11 13 0 19 4 1 10 8 22 39 37 3 20 17 41 49 17 20 16 1 2 5 37 4 4 1 4 2 0 7 1 9 2 0 0 3 0 0 0 0 0 0 0 0 0 0 
1 2 1 0 0 3 0 3 3 2 2 0 2 0 0 1 0 0 0 0 0 0 0 1 4 0 0 0 1 8 5 9 21 9 4 6 14 9 15 1 1 1 2 5 0 10 3 6 0 24 3 1 5 3 3 1 2 6 0 10 3 2 3 8 10 26 31 7 0 8 40 35 6 13 2 2 0 3 14 4 1 2 5 5 3 5 2 1 3 0 0 0 0 1 0 1 0 0 0 0 0 0 
1 6 2 1 0 4 9 5 2 4 0 2 3 0 0 2 1 0 0 0 0 0 0 0 0 0 0 0 1 10 2 1 9 5 9 8 12 5 8 4 1 0 2 4 4 1 2 1 0 13 19 5 23 4 0 1 3 17 0 11 6 2 6 7 39 57 45 20 17 4 24 59 19 34 3 4 0 4 28 4 5 1 2 5 2 5 1 2 2 0 0 1 0 0 0 0 0 0 0 0 0 1 
4 4 2 0 1 2 2 5 3 2 1 2 0 2 0 2 0 0 1 0 0 1 0 0 0 0 0 0 3 2 4 1 12 7 8 5 16 15 17 5 6 0 0 7 2 4 2 2 2 20 8 5 6 7 4 1 7 8 0 8 9 2 3 7 27 61 26 27 15 18 2 60 17 16 6 7 2 4 23 3 3 0 4 8 4 3 1 8 0 0 0 4 0 0 0 0 0 0 0 0 0 2 
1 2 2 1 0 2 2 1 2 2 1 3 3 0 0 0 4 1 2 0 0 0 0 0 0 0 0 1 1 1 1 3 28 10 19 11 13 4 20 17 4 1 3 4 4 3 7 1 3 16 5 2 7 3 4 1 3 5 0 14 4 5 3 17 32 54 35 32 29 41 44 10 26 39 1 8 0 6 25 3 5 0 1 3 5 1 3 14 2 0 0 0 1 0 0 3 0 0 0 0 0 3 
3 4 4 1 1 3 3 3 5 2 6 1 5 0 0 2 4 1 0 0 0 0 0 0 0 0 0 2 1 18 9 7 15 14 22 10 15 18 29 13 21 1 10 11 16 11 7 5 8 36 23 11 22 8 9 5 5 12 0 26 4 7 9 24 76 55 33 32 8 57 58 62 12 38 10 6 3 4 30 6 16 2 13 5 7 7 1 29 5 0 0 2 0 0 2 1 0 1 0 0 1 3 
8 5 5 1 1 5 11 11 5 8 2 3 4 0 3 1 4 0 0 1 3 0 0 1 0 0 0 0 4 0 0 1 7 9 9 4 14 13 31 21 17 2 3 13 17 10 11 15 13 65 24 3 37 5 10 4 11 16 0 26 7 3 7 9 41 51 23 61 25 118 54 89 21 2 18 12 2 5 70 8 13 11 12 21 8 7 4 29 2 0 0 6 0 4 0 2 0 1 0 1 0 5 
2 4 1 0 1 1 5 1 0 5 0 2 1 3 4 7 6 5 2 1 0 0 0 11 3 0 0 8 0 9 2 2 10 2 1 3 4 4 9 2 1 3 9 9 10 16 12 5 2 33 2 3 12 0 2 1 7 12 0 9 1 1 0 3 5 8 2 4 1 3 3 4 14 9 6 6 1 7 104 14 7 9 19 58 8 17 8 51 12 0 0 4 1 8 2 4 0 4 7 1 1 12 
0 0 0 0 0 6 2 1 2 2 3 3 4 4 5 2 5 3 1 0 0 2 1 4 3 0 0 4 2 9 2 1 21 3 0 1 6 0 10 6 5 1 7 12 1 14 5 7 5 52 2 7 8 3 6 0 11 8 0 6 3 1 0 4 7 5 1 2 1 2 7 1 5 7 11 4 12 19 96 29 17 9 21 58 28 20 4 59 4 0 0 8 1 6 8 5 2 8 4 2 1 7 
0 0 0 0 0 0 0 1 0 0 0 0 2 0 1 2 1 1 2 0 0 4 0 0 0 0 0 1 0 5 4 1 0 0 0 0 2 0 0 0 0 0 5 7 2 4 0 0 2 7 1 0 6 11 0 0 1 3 0 3 3 1 0 0 2 3 1 1 3 2 0 0 2 3 8 11 3 4 49 15 16 4 12 21 17 1 1 16 0 0 0 1 0 5 3 2 1 2 0 2 0 2 
5 4 3 5 0 11 7 7 3 9 1 1 1 4 4 1 6 6 1 2 1 0 2 2 0 0 0 0 1 9 6 10 7 3 3 3 2 0 3 8 3 0 11 17 9 16 6 13 2 22 14 11 34 20 21 11 5 38 0 10 6 1 0 14 18 7 1 9 0 3 6 4 4 0 54 46 31 9 107 53 64 21 25 111 38 48 5 58 16 0 0 7 1 18 8 2 3 4 9 3 0 13 
12 17 14 1 6 24 23 11 25 18 4 14 12 32 14 44 22 16 19 10 3 5 6 18 7 3 2 17 14 33 16 42 56 20 16 3 10 9 38 22 8 3 26 46 14 21 19 19 18 104 106 74 147 97 69 34 61 155 0 67 16 12 14 37 51 55 13 33 10 22 34 27 18 34 318 184 64 102 22 72 111 38 64 187 72 42 21 125 17 0 0 43 9 24 10 11 6 26 18 2 5 19 
2 1 1 0 2 3 2 2 1 1 0 2 0 4 1 8 7 2 2 2 0 1 1 4 0 0 1 1 3 14 6 5 9 3 8 0 1 0 2 3 2 0 12 20 14 10 7 7 7 25 12 4 21 6 7 3 11 19 0 5 1 3 2 3 10 12 3 7 1 4 3 6 7 7 29 40 11 29 95 5 27 5 20 114 50 33 13 39 12 0 0 17 5 17 6 7 0 4 9 2 3 11 
2 1 0 0 0 5 0 0 3 0 0 1 0 0 0 2 1 2 3 0 3 0 1 4 4 0 0 3 1 0 5 3 5 1 0 3 1 2 2 14 6 3 17 23 8 10 3 6 3 39 12 5 13 10 4 2 2 10 0 5 2 1 1 3 8 7 2 4 1 0 4 8 1 1 31 25 6 10 88 24 11 2 22 99 61 23 11 42 10 0 0 21 7 9 8 21 0 14 6 2 0 13 
3 2 2 0 1 3 2 2 0 1 0 0 0 0 0 2 3 0 1 0 0 0 0 1 1 0 2 3 0 10 0 5 12 2 2 1 5 0 7 4 3 2 18 18 6 14 13 7 13 67 8 2 7 0 2 1 0 7 0 1 0 0 3 4 3 2 2 3 3 2 1 5 4 0 23 11 4 7 44 12 12 4 8 75 33 9 16 57 17 0 0 22 5 11 20 12 4 15 17 1 0 20 
2 1 1 2 0 2 4 1 0 0 0 0 0 0 0 0 0 0 0 1 1 0 0 2 0 0 0 1 1 2 1 0 5 0 0 1 0 0 2 8 4 2 13 16 4 9 5 6 3 32 4 2 11 3 1 3 3 6 0 0 2 1 1 2 4 6 0 0 1 2 2 9 0 2 14 30 8 18 44 10 13 2 7 110 25 22 4 41 18 0 0 19 4 14 4 2 2 16 8 1 6 15 
4 12 10 0 1 5 3 3 2 5 1 0 1 0 0 2 2 1 1 0 3 0 0 9 0 0 0 9 3 12 1 4 7 3 0 1 10 3 25 9 16 4 56 75 22 50 29 28 21 109 34 15 43 44 12 16 39 61 0 17 2 2 3 4 3 11 5 6 1 3 6 2 12 7 134 91 19 115 273 219 158 54 237 20 187 78 35 180 27 0 0 97 18 40 34 25 14 25 22 7 7 67 
0 1 1 0 1 1 4 1 1 0 1 1 0 0 0 1 0 0 0 0 0 1 0 1 0 0 0 3 0 3 0 5 1 2 0 0 2 3 12 5 4 1 40 25 8 15 10 15 5 33 14 5 7 6 4 1 15 25 0 4 0 5 1 0 6 5 0 1 0 1 3 2 2 0 16 47 4 12 58 77 74 25 108 100 1 40 28 66 17 0 0 29 5 21 16 16 1 10 14 1 5 17 
4 9 3 0 2 4 5 0 2 3 0 1 4 0 0 2 9 8 7 3 6 2 2 8 0 0 0 14 2 21 5 40 22 8 10 4 10 25 38 18 16 6 55 115 22 57 60 34 28 167 21 13 38 16 7 1 9 9 0 14 5 3 2 5 5 9 0 6 2 4 9 9 4 2 36 13 2 19 34 36 33 32 35 90 69 10 29 129 48 0 0 100 22 41 35 40 28 52 28 15 6 79 
3 4 6 0 1 4 5 1 2 2 1 0 1 0 2 1 8 4 2 2 1 2 1 9 4 0 0 11 0 12 5 13 18 0 8 8 19 10 31 8 11 5 35 61 15 37 24 20 20 70 13 5 16 4 3 1 3 1 0 5 2 3 5 2 0 6 0 2 0 0 0 4 0 1 16 10 4 9 24 22 24 14 23 61 28 24 3 52 28 0 0 47 12 19 22 31 4 30 15 4 3 32 
21 22 12 4 5 6 9 7 0 12 2 8 5 3 3 7 19 12 6 7 8 3 10 32 24 1 1 54 6 76 19 55 232 19 29 25 58 54 157 43 20 8 87 122 65 137 87 81 113 635 28 18 74 6 10 5 11 28 0 13 1 1 0 8 9 10 3 6 2 7 9 9 1 6 63 31 7 38 127 47 60 34 48 145 50 60 54 22 41 0 0 177 25 59 53 104 21 60 81 16 7 273 
4 6 3 1 0 3 1 0 2 1 2 2 2 0 3 2 1 4 4 1 1 0 1 13 4 0 1 6 3 29 10 14 25 6 10 9 33 16 44 28 9 6 32 93 15 32 19 15 23 86 12 4 8 2 1 3 5 6 0 1 3 2 1 4 2 3 0 2 1 2 0 2 2 2 12 8 1 5 24 12 12 10 12 39 23 54 27 57 3 0 0 58 15 31 17 31 4 23 15 3 3 35 
0 0 0 0 0 0 0 0 0 0 0 0 0 0 0 0 0 0 0 0 0 0 0 0 0 0 0 0 0 0 0 0 0 0 0 0 0 0 0 0 0 0 0 0 0 0 0 0 0 0 0 0 0 0 0 0 0 0 0 0 0 0 0 0 0 0 0 0 0 0 0 0 0 0 1 0 0 0 0 0 0 0 0 0 0 0 0 0 0 0 0 0 0 0 0 0 0 0 0 0 0 0 
0 0 0 0 0 0 0 0 0 0 0 0 0 0 0 0 0 0 0 0 0 0 0 0 0 0 0 0 0 0 0 0 0 0 0 0 0 0 0 0 0 0 0 0 0 0 0 0 0 0 0 0 0 0 0 0 0 0 0 0 0 0 0 0 0 0 0 0 0 0 0 0 0 0 0 0 0 0 0 0 0 0 0 0 0 0 0 0 0 0 0 1 0 0 0 0 0 0 0 0 0 0 
7 12 11 2 4 13 7 9 14 7 5 8 8 11 9 6 14 16 13 1 5 2 0 16 0 1 0 17 2 55 32 52 89 35 49 24 107 75 183 68 52 14 88 224 75 187 63 77 131 386 13 10 33 16 7 5 10 16 0 15 4 12 6 10 8 8 2 0 0 9 6 3 2 3 39 11 4 16 50 31 43 39 49 122 87 118 79 282 96 0 0 17 50 89 51 145 23 131 52 23 12 175 
1 0 4 0 0 1 2 4 3 4 1 1 1 0 0 1 5 5 0 0 4 1 0 0 0 0 0 1 1 13 4 15 6 6 9 5 22 12 36 9 16 4 38 68 21 38 26 21 10 45 2 2 7 2 1 0 2 4 0 4 0 1 0 3 4 3 1 0 0 0 0 1 1 0 5 6 3 5 14 15 11 9 5 26 7 22 25 62 17 0 0 80 2 6 18 35 6 19 14 2 1 28 
3 2 1 0 0 1 0 1 0 2 1 1 0 3 2 2 2 1 0 1 0 0 0 5 0 0 0 3 0 12 7 16 15 4 9 4 16 13 29 9 10 12 21 49 10 26 15 28 17 61 2 6 12 7 1 3 3 5 0 1 1 0 2 1 0 0 0 1 2 0 0 1 0 1 9 4 3 4 25 9 10 9 9 32 18 27 27 59 29 0 0 79 25 4 6 42 2 13 9 11 1 47 
1 3 1 0 1 1 2 2 3 1 0 0 1 2 9 1 1 0 0 0 0 1 0 0 0 0 0 3 2 17 4 3 5 5 6 4 10 6 32 11 19 6 24 40 17 28 27 32 19 95 5 5 7 1 1 0 2 12 0 2 2 2 0 3 0 1 0 0 0 0 1 1 1 1 7 3 0 2 14 10 7 9 4 29 11 20 21 70 25 0 0 48 4 12 6 21 10 22 5 3 4 63 
1 2 4 0 0 0 4 2 1 0 1 3 3 1 0 4 0 0 1 0 0 0 0 4 0 0 1 2 0 14 4 5 19 7 9 3 22 11 31 29 6 10 34 77 25 34 11 21 22 71 5 4 1 3 0 1 1 2 0 4 2 1 0 1 2 1 0 0 0 0 0 0 0 0 4 3 0 8 10 9 10 8 8 32 7 20 14 52 16 0 0 75 24 16 16 4 7 14 16 0 3 38 
1 0 0 0 0 0 0 0 0 3 0 0 0 1 0 0 2 0 0 0 1 1 0 0 0 0 0 0 0 2 0 2 7 0 1 1 5 5 3 1 1 0 7 11 5 8 0 10 2 14 0 0 1 0 1 0 0 0 0 0 0 0 1 0 0 0 0 0 0 0 0 0 0 1 3 2 0 1 4 2 6 3 4 5 1 4 1 12 4 0 0 2 0 2 3 4 1 2 1 0 0 3 
1 4 1 0 1 1 0 0 1 0 1 1 1 2 0 0 0 1 0 0 0 0 0 0 0 0 0 2 1 8 5 1 8 0 2 2 7 5 14 8 2 3 16 33 12 26 17 14 15 48 4 2 7 2 0 0 3 1 0 1 0 1 0 0 0 0 0 0 0 0 0 1 0 0 5 7 0 3 12 5 9 13 6 31 11 11 16 47 8 0 0 45 3 8 8 23 1 2 3 3 1 32 
0 2 0 0 1 0 3 0 2 1 0 0 2 1 0 1 1 0 0 0 0 0 0 0 0 0 0 2 3 8 5 5 10 3 2 8 16 11 27 2 8 3 24 32 15 26 12 9 17 80 8 7 10 6 2 1 0 4 0 1 0 1 0 0 1 0 0 0 0 0 0 1 0 0 7 7 0 8 18 9 11 10 6 29 19 12 12 75 18 0 0 37 5 10 4 9 4 9 8 2 3 35 
0 2 0 0 0 0 0 0 0 0 0 0 0 0 0 1 0 0 0 0 0 0 0 0 0 0 0 0 0 0 0 0 4 0 0 0 0 0 3 1 1 0 2 5 3 5 6 4 1 9 0 0 1 0 0 0 1 0 0 1 0 0 0 0 0 0 0 0 0 0 0 0 0 0 2 0 1 3 7 1 1 1 4 3 2 2 7 15 4 0 0 5 3 2 4 3 0 6 2 0 4 4 
0 0 0 0 0 2 0 0 0 0 0 0 2 0 0 2 0 0 0 0 0 0 0 0 0 0 0 0 0 0 0 0 5 0 0 0 0 2 8 0 0 0 4 3 8 5 1 6 1 3 2 1 3 0 0 0 1 4 0 0 0 0 0 1 0 0 0 0 0 0 0 0 0 0 2 1 1 1 2 0 2 2 0 7 7 2 3 7 2 0 0 6 5 6 3 7 1 2 3 1 0 3 
10 11 12 0 2 2 0 2 2 3 1 6 0 3 1 4 9 5 4 0 0 0 0 10 3 0 0 4 1 43 8 16 30 7 13 9 26 24 53 22 30 8 110 113 47 93 44 56 62 240 13 10 18 8 1 2 8 13 0 3 1 0 0 4 5 2 0 0 1 1 1 4 0 3 18 12 3 15 24 14 23 25 17 54 26 54 33 287 82 0 0 132 36 74 65 112 6 48 35 7 0 16 
