0 4 3 3 7 16 0 6 8 12 7 5 10 5 14 15 4 6 2 1 1 3 2 6 1 0 1 3 2 0 1 1 2 0 0 0 0 7 0 0 0 0 0 0 0 0 0 0 0 0 0 1 0 1 0 0 1 0 0 0 0 0 1 0 3 2 0 0 0 0 0 0 0 0 0 1 0 0 5 0 0 0 0 0 0 0 0 0 0 0 0 0 0 0 0 0 0 0 0 0 0 0 
0 4 9 8 5 45 10 17 11 17 4 22 8 21 10 15 12 6 11 1 1 3 3 1 1 0 0 4 0 0 2 2 3 1 2 1 0 11 3 2 0 0 0 0 1 0 0 1 0 1 2 1 1 0 1 1 0 3 0 1 1 1 0 0 1 1 3 1 1 0 3 1 0 0 0 1 0 2 12 0 0 0 0 0 0 0 0 0 0 0 0 0 0 0 0 0 0 0 0 0 0 0 
6 3 2 13 2 21 6 6 11 14 9 7 7 4 14 10 8 3 6 3 6 8 0 1 4 0 0 1 1 1 0 0 1 1 3 0 0 5 4 1 1 0 0 3 1 0 0 0 0 2 2 1 0 1 0 0 2 5 0 2 0 0 0 0 2 3 1 1 0 0 0 0 0 1 0 0 0 0 5 0 0 0 0 0 0 1 0 0 0 0 0 0 0 1 0 0 0 0 0 0 0 0 
5 6 6 2 1 1 0 2 2 2 3 0 1 1 1 0 2 0 0 0 0 1 0 0 2 0 0 0 1 0 0 0 0 0 0 0 0 0 0 1 0 0 1 0 1 1 1 0 0 1 0 0 0 0 0 0 0 1 0 0 1 0 0 0 0 0 0 0 0 0 1 0 0 0 0 0 0 1 2 0 0 0 0 0 0 0 0 0 0 0 0 0 0 0 0 0 0 0 0 0 0 0 
1 5 3 3 0 2 0 0 2 0 2 7 5 13 1 1 4 1 0 0 0 1 2 0 0 0 0 4 1 0 0 0 0 0 1 0 0 1 0 0 0 0 1 0 0 0 0 1 0 2 1 0 0 0 0 0 0 0 0 0 0 0 0 0 0 0 0 0 0 0 0 0 0 1 0 1 0 0 0 0 0 0 0 0 0 0 0 0 0 0 0 0 0 0 0 0 0 0 0 0 0 0 
6 17 15 10 3 3 3 10 15 9 1 21 19 13 14 11 7 4 4 2 3 3 2 1 0 1 1 2 1 2 1 0 2 1 0 0 1 4 4 2 3 2 2 2 3 1 1 1 3 4 2 0 2 2 1 0 2 3 0 0 1 0 2 1 1 2 1 2 1 0 1 5 0 0 1 0 0 3 5 0 2 0 1 1 1 0 2 2 0 0 0 0 0 2 0 0 1 0 0 0 0 0 
6 15 7 4 2 2 2 3 10 15 3 19 15 10 6 7 5 4 2 1 1 1 3 2 2 0 0 2 0 1 1 0 2 1 0 0 0 0 2 1 0 0 0 1 0 1 1 0 0 2 0 0 0 2 1 0 0 1 0 2 0 0 0 0 2 1 0 2 0 0 0 0 0 0 0 1 0 0 1 0 0 0 1 2 0 2 0 3 0 0 0 0 1 1 0 0 0 0 0 0 0 0 
8 16 9 14 11 13 4 3 2 14 4 22 19 14 20 33 19 6 10 7 11 10 2 4 1 0 3 5 2 2 0 2 1 1 0 3 0 0 8 6 1 0 8 1 4 2 0 1 1 6 0 1 1 0 0 1 0 3 0 1 1 1 0 2 2 0 0 3 1 0 2 1 0 0 0 0 0 0 8 2 0 0 2 1 1 0 1 3 2 0 0 1 1 1 0 1 0 0 0 0 0 1 
23 43 43 15 28 28 13 6 1 2 29 73 20 14 17 18 20 18 0 11 17 2 2 11 1 0 0 8 2 1 0 1 0 1 0 0 0 0 3 15 3 0 1 6 3 0 0 2 2 1 2 1 1 0 0 0 0 1 0 0 1 0 0 1 0 1 2 1 5 1 3 1 0 1 1 1 1 1 2 0 0 0 1 3 0 1 0 1 2 0 0 0 0 0 1 0 0 0 0 0 0 0 
5 14 10 4 5 7 6 4 4 0 6 3 22 3 28 6 8 3 1 1 2 6 2 2 4 0 1 1 0 0 1 2 1 0 0 0 0 1 3 1 1 0 1 0 2 0 0 1 2 0 2 1 4 1 1 0 0 5 0 0 1 1 1 1 0 1 0 3 0 1 0 2 0 0 2 4 0 1 10 2 1 2 2 3 0 0 0 1 0 0 0 0 0 0 0 0 0 0 0 0 0 0 
6 5 2 0 0 3 1 3 0 0 1 0 4 8 3 1 1 4 3 0 6 3 5 6 1 0 0 1 1 0 0 0 0 0 0 0 0 0 3 2 0 0 1 0 1 0 0 1 1 4 0 0 2 0 0 0 0 1 0 0 0 0 0 0 0 0 0 0 0 0 0 1 0 0 0 1 0 0 1 0 0 0 0 0 0 4 0 1 0 0 0 0 0 0 0 0 0 0 0 0 0 0 
8 22 24 1 4 27 10 11 20 8 6 4 21 3 32 24 18 10 10 5 4 21 10 16 3 1 1 15 0 3 1 0 2 2 4 1 1 3 5 6 4 0 3 0 3 5 1 1 4 7 1 0 8 5 2 0 1 5 0 2 0 0 0 0 0 1 0 2 0 0 3 3 1 1 3 1 0 4 4 1 0 0 0 0 0 0 0 5 1 0 0 0 0 0 0 0 0 6 1 0 0 0 
7 21 24 2 7 24 13 35 25 19 12 16 2 9 11 17 25 38 10 11 13 15 4 11 6 2 1 13 3 8 2 3 0 1 0 1 1 6 7 9 1 0 4 2 2 3 2 3 2 5 8 0 2 4 0 1 1 2 0 4 0 0 2 1 0 0 0 1 0 0 0 4 0 0 2 0 0 3 3 1 2 0 0 0 0 1 0 2 6 0 0 1 0 4 1 0 1 1 0 0 1 0 
50 112 100 30 35 316 73 172 116 93 55 95 81 4 10 62 131 65 46 85 102 92 79 205 71 13 33 108 3 4 0 0 1 0 3 0 0 2 3 7 7 0 3 1 1 3 1 0 3 7 7 5 7 7 1 1 20 47 0 14 3 0 0 0 2 6 0 1 0 0 1 0 0 1 14 11 1 25 79 10 4 0 1 0 0 0 0 1 2 0 0 0 0 3 0 1 0 0 0 0 0 0 
12 16 27 11 10 26 20 8 11 18 6 21 14 1 0 5 32 15 6 13 26 20 17 26 8 2 4 21 1 1 1 5 3 0 0 4 0 0 1 6 1 0 3 0 2 1 3 2 3 7 4 0 0 2 1 0 2 5 0 0 0 0 0 0 0 0 0 0 1 0 0 0 0 0 0 0 0 1 2 0 0 0 0 0 0 0 0 2 1 0 0 0 0 1 0 0 0 0 0 0 0 0 
64 109 60 33 41 147 67 151 91 114 91 95 130 41 18 6 144 134 82 121 151 81 129 202 66 21 48 180 6 53 20 53 39 16 24 37 10 3 2 49 15 3 14 16 18 17 17 16 23 43 8 2 6 11 4 4 6 26 0 7 3 1 4 8 13 11 6 2 1 3 2 5 2 2 8 6 0 12 43 1 0 0 0 2 0 4 4 9 5 0 0 1 1 6 10 14 0 1 1 4 1 1 
3 28 12 1 5 39 14 15 15 13 9 15 17 18 30 24 0 16 7 16 20 22 30 35 18 3 6 34 0 11 11 18 8 6 1 11 3 7 12 19 11 1 3 3 5 10 10 9 2 25 4 3 7 2 0 0 1 4 0 0 1 0 0 1 0 0 0 0 0 0 0 0 2 0 4 0 0 2 9 0 0 0 0 1 0 4 1 3 0 0 0 1 2 0 1 1 0 0 1 0 0 0 
0 6 11 2 3 15 10 10 9 13 5 16 20 16 13 20 9 2 8 20 21 11 15 45 12 9 2 30 2 12 4 6 6 1 5 6 0 2 9 11 23 2 5 4 15 14 3 1 4 13 1 0 3 0 5 3 2 4 0 1 2 0 0 1 0 0 0 0 0 0 0 0 0 1 1 1 0 0 4 0 0 0 1 0 0 1 3 9 5 0 0 1 1 1 0 0 0 2 1 0 0 0 
4 12 8 0 5 23 5 9 7 9 5 23 18 11 14 25 55 11 1 13 37 19 38 43 8 13 6 22 1 14 1 13 5 3 2 3 1 1 7 10 1 1 3 4 2 7 1 6 4 10 1 2 1 2 0 1 5 7 0 1 2 0 0 1 0 0 0 0 0 0 1 0 0 0 0 0 0 1 3 0 0 0 0 2 0 4 2 3 1 0 0 0 0 0 0 0 0 1 0 1 0 0 
4 3 2 0 0 3 3 4 2 3 1 4 4 11 4 4 11 5 0 1 3 0 8 8 17 4 5 33 1 2 2 2 1 0 2 0 0 1 4 2 1 0 0 0 4 0 0 2 1 2 1 0 1 0 0 0 0 1 0 0 0 0 0 0 0 0 0 0 0 0 0 0 0 0 0 1 0 0 0 0 0 0 0 0 0 1 1 2 2 0 0 0 0 0 0 0 0 0 0 0 0 1 
2 6 2 0 2 1 3 3 3 2 3 11 21 6 10 24 25 8 12 3 3 2 65 28 13 12 28 47 0 1 0 2 0 1 1 0 1 0 9 7 1 1 1 1 2 3 0 3 1 6 1 0 0 1 0 0 2 0 0 0 0 0 0 0 1 0 1 1 0 0 0 0 0 0 0 0 0 0 4 0 0 0 0 0 0 1 0 2 1 0 0 0 1 0 0 0 0 0 1 0 0 0 
3 6 3 1 1 7 1 2 1 2 0 9 8 5 10 7 14 2 2 5 4 1 4 13 9 6 5 31 5 10 0 0 1 1 1 1 6 1 0 1 4 0 1 1 4 1 1 1 1 3 0 0 0 1 0 0 0 3 0 0 0 0 0 6 0 1 0 0 0 0 0 0 0 0 0 0 0 0 1 0 0 0 0 0 0 0 0 0 0 0 0 0 0 0 0 0 0 0 0 0 0 0 
1 3 0 0 1 2 0 2 3 3 0 3 4 2 6 7 11 4 4 1 7 4 1 6 1 4 5 14 0 0 1 2 2 0 2 1 0 0 2 0 0 0 0 0 3 4 1 0 0 0 0 0 0 0 0 0 3 0 0 0 0 0 0 0 1 0 0 0 0 0 0 0 0 0 0 0 1 0 3 0 0 0 0 0 0 0 1 1 1 0 0 0 0 0 0 0 0 0 0 0 0 0 
1 4 1 0 2 2 0 6 2 3 1 4 2 6 7 9 16 10 7 1 7 3 6 1 5 8 23 46 0 1 0 0 3 0 0 0 1 4 7 0 6 0 2 3 1 1 1 1 2 4 2 0 0 0 1 0 0 0 0 0 0 0 0 0 0 0 0 0 0 0 0 0 0 0 0 1 0 0 6 0 0 0 0 0 0 0 0 2 0 0 0 2 1 0 0 0 0 0 0 0 0 0 
1 1 0 0 0 1 1 0 10 2 2 1 5 2 1 7 11 10 3 3 3 4 5 2 2 2 2 10 0 1 1 1 0 1 2 3 0 0 2 0 0 0 1 2 2 0 0 0 1 3 0 0 0 0 0 0 1 0 0 0 0 0 0 0 0 0 0 0 0 0 0 0 0 0 1 0 0 0 0 0 0 0 0 0 0 0 0 1 0 0 0 0 0 0 0 1 0 0 0 0 0 0 
0 0 0 0 0 0 0 0 0 0 0 1 0 0 0 2 0 0 1 0 3 3 0 3 0 0 7 1 0 0 1 0 0 0 0 0 0 1 0 0 1 0 0 0 0 0 0 0 0 1 0 0 0 0 0 0 0 0 0 0 0 0 0 0 0 0 0 0 0 0 0 0 0 0 0 0 0 0 0 0 0 0 0 0 0 0 0 0 0 0 0 0 0 0 0 0 0 0 0 0 0 0 
0 0 1 0 0 0 0 1 0 0 0 0 0 1 4 0 0 0 0 0 0 4 0 2 1 0 0 3 0 0 0 0 0 0 0 0 0 0 0 0 0 0 0 0 0 0 0 0 0 0 0 0 0 0 0 0 0 0 0 0 0 0 0 0 0 0 0 0 0 0 0 0 0 0 0 0 0 0 0 0 0 0 0 0 0 0 0 0 0 0 0 0 0 0 0 0 0 0 0 0 0 0 
3 5 4 0 2 1 1 1 1 4 2 3 11 4 8 12 13 4 8 3 5 8 2 4 6 2 11 2 0 1 0 3 1 2 1 0 1 3 1 1 1 0 2 2 0 1 2 2 1 4 0 0 0 0 0 0 0 0 0 0 0 0 0 0 0 0 0 0 0 0 0 0 0 0 0 0 0 0 0 0 0 0 0 0 0 0 0 1 0 0 0 0 0 0 0 0 0 0 0 0 0 0 
190 530 933 145 215 425 185 160 92 87 58 60 60 57 51 64 48 45 23 5 7 19 18 20 9 1 0 5 3 7 3 15 1 11 15 9 0 19 9 9 5 0 3 1 0 2 1 3 1 10 1 5 5 2 2 0 4 12 0 2 4 2 0 7 13 5 6 8 0 14 0 1 0 0 1 7 1 2 76 0 0 2 0 0 0 0 0 0 0 0 0 2 0 7 0 0 0 0 0 0 0 0 
3 3 1 1 1 2 8 0 0 1 0 7 5 1 0 3 14 8 9 1 4 3 4 9 1 0 1 8 0 7 41 91 43 18 35 26 54 34 35 59 9 1 6 9 5 10 7 9 5 24 4 1 0 3 1 1 0 4 0 0 1 0 1 7 13 21 1 6 0 2 3 7 0 0 0 0 1 0 24 0 0 0 0 1 0 2 0 25 0 0 0 0 1 3 2 1 0 0 2 0 1 2 
0 2 0 0 0 0 1 13 0 0 3 4 7 0 1 10 5 2 1 1 0 1 0 1 0 0 0 0 0 58 1 27 13 9 16 7 13 18 21 23 2 4 4 4 10 7 6 2 3 11 2 0 1 0 0 0 2 0 0 2 1 1 0 3 4 3 0 8 2 0 1 1 0 0 0 0 1 1 7 0 0 0 0 0 1 1 3 17 0 0 0 2 0 3 0 1 0 0 2 0 0 0 
1 1 1 0 1 4 0 1 3 1 1 4 4 1 3 19 7 1 4 2 3 5 1 3 0 0 0 0 0 50 17 7 18 12 21 27 30 39 41 32 20 3 3 10 15 11 15 10 8 24 2 3 0 3 0 1 6 4 0 4 3 0 1 6 11 3 4 4 2 1 1 1 1 0 1 0 0 0 12 5 2 0 0 0 0 3 7 11 6 0 0 0 0 3 0 3 0 0 3 0 0 0 
8 10 10 0 5 11 12 9 7 7 3 22 7 3 6 10 29 21 6 3 7 3 10 11 7 0 1 11 1 193 77 85 10 29 65 69 70 82 80 142 83 19 68 70 54 123 76 65 74 290 29 14 11 17 6 5 10 17 0 6 3 0 1 16 16 24 14 15 1 11 11 17 7 4 10 4 0 7 39 3 3 1 8 0 6 15 17 64 31 0 0 18 13 13 8 25 1 11 4 2 1 7 
4 1 3 0 1 3 3 2 0 3 1 0 1 0 0 4 9 30 3 4 1 1 5 2 2 0 1 3 0 44 24 21 8 1 12 10 12 18 31 37 19 3 15 9 12 8 7 16 8 35 1 3 3 7 1 0 3 4 0 4 2 2 1 0 2 6 6 3 1 0 1 6 3 4 2 0 0 1 11 4 1 1 0 3 1 4 2 10 13 0 0 0 1 2 1 2 2 0 3 0 1 1 
1 4 14 1 4 5 0 1 2 0 0 7 4 1 2 15 27 13 6 7 0 0 6 12 2 0 0 20 0 121 36 56 33 21 6 10 20 34 37 77 21 15 17 12 19 20 27 18 32 66 3 13 6 6 6 0 4 10 0 9 0 2 2 15 5 14 1 15 1 2 17 17 5 1 4 2 0 6 18 3 1 0 1 0 0 11 0 20 9 0 0 10 3 6 3 25 4 6 5 1 7 2 
3 1 5 0 0 1 0 3 2 2 0 0 0 0 1 2 6 2 1 11 3 5 6 4 1 0 0 5 0 47 33 49 25 4 9 2 9 24 26 40 19 1 9 6 10 11 10 5 8 28 2 4 0 1 1 1 0 0 0 2 0 0 1 3 12 9 6 10 0 4 4 5 0 5 2 0 0 1 0 0 0 0 0 0 0 1 2 16 6 0 0 7 0 1 0 1 0 3 1 0 0 2 
2 5 7 0 0 4 0 4 2 1 1 1 3 2 1 23 34 13 3 9 15 7 7 25 1 2 2 17 0 421 113 331 79 79 93 74 4 137 268 507 138 33 50 72 97 91 57 66 47 128 0 2 6 4 1 2 2 6 0 1 0 4 7 29 19 46 13 43 8 16 43 17 8 12 3 4 2 1 13 2 0 0 1 1 2 16 25 54 37 0 0 25 8 22 38 21 6 32 27 18 4 13 
2 9 2 1 6 9 6 1 4 0 0 15 10 2 3 1 8 8 2 7 1 5 19 3 4 2 1 9 0 117 81 105 58 38 90 66 22 4 17 139 31 11 23 20 45 35 32 22 31 84 2 1 2 2 1 0 1 15 0 0 1 4 9 11 24 10 1 11 0 4 20 18 3 7 0 1 0 1 5 2 0 2 0 2 2 6 7 29 27 0 0 6 18 8 10 18 1 11 10 1 1 4 
18 44 29 5 28 73 51 53 55 70 22 128 63 17 12 12 116 85 29 63 80 92 81 87 40 22 16 75 1 333 153 409 198 168 164 217 179 97 16 692 265 35 79 153 156 160 111 129 125 347 11 16 25 5 5 4 21 23 0 4 2 1 7 34 55 57 16 21 10 19 41 34 12 10 13 7 0 7 46 7 4 0 12 15 7 35 42 128 49 0 0 66 22 43 33 83 9 33 28 8 9 36 
3 7 6 1 2 14 3 8 24 5 5 17 9 7 8 17 20 7 7 3 10 3 7 6 2 0 1 8 0 61 23 50 18 26 50 25 43 52 112 9 16 11 13 24 21 45 29 35 49 111 5 3 1 1 5 0 2 6 0 0 5 0 1 5 4 2 0 0 0 1 3 1 0 0 1 0 0 5 13 6 7 3 3 6 7 2 1 17 10 0 0 11 7 15 8 14 2 6 5 3 1 5 
2 1 1 0 2 7 4 3 1 6 0 6 5 3 2 4 8 6 1 2 4 2 1 1 4 0 0 5 0 19 3 17 11 10 13 12 9 32 27 15 4 3 5 3 15 18 14 23 21 52 2 0 0 0 0 0 0 4 0 0 0 0 0 5 2 2 0 1 0 0 1 0 1 1 0 1 0 0 1 0 2 2 5 4 1 1 0 6 4 0 0 13 0 11 1 7 2 3 2 0 1 0 
0 1 0 0 1 2 3 1 0 1 1 2 0 1 0 2 0 1 0 0 1 0 0 0 0 0 0 0 0 5 1 3 4 6 4 2 3 10 7 9 5 1 1 3 7 2 7 14 3 10 0 0 0 0 0 0 0 3 0 1 0 0 0 0 1 0 0 0 0 1 0 0 0 0 1 0 0 1 3 0 6 0 1 1 3 4 0 10 5 0 0 1 1 4 1 2 0 0 3 2 0 0 
3 4 1 0 1 6 5 4 3 8 7 10 9 6 10 1 15 7 5 5 8 3 4 5 3 3 0 13 0 26 10 29 29 16 11 13 28 51 41 50 34 14 7 22 38 42 35 49 63 91 2 2 0 0 1 0 1 6 0 0 0 0 2 6 2 8 4 13 5 2 7 2 1 1 9 4 3 12 34 12 12 9 16 30 30 28 13 63 27 0 0 9 16 26 24 42 8 25 22 6 4 15 
4 6 3 0 2 9 12 12 8 13 4 6 8 1 8 12 13 25 5 4 14 4 7 21 3 2 3 11 1 38 8 43 14 31 24 15 21 113 132 154 55 12 20 7 85 111 95 141 153 288 6 2 2 4 2 1 2 24 0 3 8 0 2 3 8 7 1 5 2 6 4 1 1 2 17 18 2 21 53 20 41 25 63 75 96 163 102 203 54 0 0 52 68 113 27 171 33 114 92 34 24 22 
3 9 3 0 2 12 4 11 6 9 4 1 6 1 4 8 22 4 2 4 7 12 6 6 6 0 0 0 1 17 4 29 12 10 11 3 27 31 51 66 17 17 18 39 3 24 16 111 89 115 4 3 10 0 1 0 1 9 0 0 1 1 1 2 8 5 1 1 2 0 5 1 0 0 1 1 1 19 24 14 15 3 23 12 27 36 19 38 12 0 0 14 7 48 14 26 2 22 29 8 12 7 
6 12 5 6 4 11 13 16 7 10 11 15 12 9 15 16 27 25 12 18 20 8 19 29 7 0 1 17 2 66 16 77 35 48 23 46 81 98 134 196 131 34 46 144 89 12 91 401 359 569 2 4 5 7 1 3 6 8 0 2 0 0 3 18 23 4 1 3 3 1 7 5 0 0 12 3 0 16 43 41 15 23 43 35 56 82 44 249 68 0 0 24 37 61 21 79 8 62 34 10 13 11 
0 3 2 0 1 2 2 1 3 3 3 3 0 2 0 10 1 7 2 2 4 3 0 0 1 1 1 1 0 11 3 21 17 8 4 4 16 16 27 16 19 4 5 13 27 17 2 95 68 100 0 0 5 0 0 1 0 1 0 0 0 0 0 5 0 3 0 1 0 0 0 2 2 0 2 2 0 5 4 4 5 4 4 6 7 8 8 69 9 0 0 3 3 7 10 8 0 7 7 3 1 11 
1 0 2 0 1 1 1 1 0 2 0 0 2 0 0 0 8 8 1 1 2 1 2 0 0 0 2 0 0 6 5 13 14 8 7 2 10 18 26 21 24 2 7 24 19 71 33 1 57 174 2 1 4 0 0 1 3 0 0 0 0 0 0 1 1 2 1 0 0 0 0 1 0 0 2 0 0 2 8 1 2 2 1 6 7 15 9 50 8 0 0 6 1 14 1 8 3 9 13 0 3 2 
0 2 1 0 2 0 0 0 1 1 1 0 0 2 0 0 2 5 1 0 1 1 4 1 3 0 0 4 0 5 2 11 19 4 5 5 12 11 12 35 12 1 12 17 20 19 15 22 5 49 0 1 1 0 0 0 1 2 0 0 0 0 0 0 2 1 1 0 0 0 0 2 0 0 3 2 0 3 4 2 1 1 3 2 1 15 7 29 5 0 0 6 3 3 7 16 2 10 7 6 1 6 
2 12 5 2 4 14 14 11 14 11 8 16 17 8 13 24 42 32 8 9 11 13 18 25 7 0 0 8 0 87 29 83 133 63 60 65 90 134 167 193 131 16 83 94 196 264 204 619 839 17 4 5 5 5 0 0 3 7 0 0 0 0 0 22 4 4 1 3 3 4 4 5 1 2 17 9 4 17 39 33 19 22 19 24 32 64 43 312 59 0 0 42 34 57 40 90 6 72 53 9 10 16 
1 1 0 0 0 0 0 0 0 2 0 1 1 0 0 0 3 0 0 1 0 0 0 0 0 0 1 0 0 1 0 0 1 5 0 0 0 0 0 0 0 0 1 1 0 0 0 1 0 1 2 0 7 16 4 0 3 7 0 4 3 0 0 5 2 1 1 1 2 2 3 3 0 0 0 0 0 2 21 1 0 0 1 0 1 3 0 7 0 0 0 0 0 0 0 0 0 0 0 0 0 0 
0 0 1 0 0 0 4 1 1 2 1 2 0 0 2 5 1 0 0 0 0 0 0 0 2 0 0 0 0 3 0 2 4 4 0 0 0 0 0 0 0 0 0 1 0 0 0 0 0 1 4 2 2 8 2 1 8 12 0 2 0 0 0 2 12 3 1 0 0 0 3 0 2 2 2 0 0 2 12 3 8 1 3 4 6 1 0 15 4 0 0 0 0 1 0 0 0 1 0 0 0 0 
2 1 1 0 0 2 2 5 0 3 1 4 7 1 7 5 2 0 2 0 1 0 1 0 3 0 1 0 0 2 3 3 2 18 0 0 0 3 0 0 0 0 1 9 2 1 0 1 2 1 127 40 3 38 23 12 27 64 0 20 2 0 3 4 7 13 5 5 1 4 6 2 0 7 16 16 0 34 112 45 13 8 10 25 3 11 2 14 6 0 0 2 0 11 1 0 0 1 0 0 0 1 
0 0 0 1 0 1 0 0 1 3 0 3 0 0 1 1 2 2 1 0 0 2 0 1 0 1 0 0 0 4 2 0 2 4 0 0 0 0 0 1 0 0 1 1 2 0 0 1 1 2 8 8 4 0 8 3 10 10 0 2 1 1 0 1 0 3 0 5 0 0 1 1 1 2 0 0 1 3 12 6 0 2 1 4 7 4 0 7 3 0 0 0 0 1 1 1 0 1 0 0 0 0 
0 0 1 0 0 1 1 1 8 0 2 0 2 0 0 0 0 0 0 0 0 0 0 0 1 0 0 1 0 1 1 0 1 1 0 0 0 0 0 0 0 0 0 1 0 1 1 0 0 1 5 0 7 1 0 0 3 3 0 3 2 0 0 1 0 1 1 0 1 0 0 1 0 1 0 0 1 1 4 1 1 0 3 0 4 3 2 2 0 0 0 0 0 0 0 0 0 0 0 0 0 0 
1 0 0 0 0 1 0 0 0 0 1 0 0 0 0 0 0 0 0 0 0 0 0 0 0 0 0 0 0 0 0 0 0 0 1 0 0 0 0 0 0 0 0 1 0 0 0 1 0 1 1 0 0 0 0 0 0 0 0 1 0 2 0 1 1 0 1 1 0 2 1 0 0 1 1 1 0 2 1 0 0 0 2 2 1 0 0 1 1 0 0 0 0 0 0 1 0 0 0 0 0 0 
0 0 1 0 1 3 0 1 0 2 4 1 0 3 3 0 0 1 0 0 0 0 1 0 0 0 0 0 0 0 0 0 0 1 0 0 0 0 0 2 0 0 0 0 0 1 0 1 0 1 10 4 3 4 2 2 1 0 0 4 2 2 2 3 2 4 0 2 1 3 1 3 0 1 5 0 1 4 8 2 2 1 1 8 0 4 0 4 0 0 0 0 0 0 0 0 0 3 0 0 0 0 
1 3 1 0 1 6 3 5 3 3 0 6 11 1 2 5 5 0 1 0 1 2 0 1 1 0 0 0 0 4 1 3 3 4 0 0 0 1 0 1 0 0 2 1 4 1 2 2 1 7 12 11 11 9 5 6 7 3 0 7 1 1 2 7 6 19 2 2 0 2 1 4 1 1 7 3 0 21 15 9 10 0 9 16 8 4 1 7 5 0 0 0 1 1 0 1 2 0 0 0 0 1 
0 0 0 0 0 0 0 0 0 0 0 0 0 0 0 0 0 0 0 0 0 0 0 0 0 0 0 0 0 0 0 0 0 0 0 0 0 0 0 0 0 0 0 0 0 0 0 0 0 0 0 0 0 0 0 0 0 0 0 0 0 0 0 0 0 0 0 0 0 0 0 0 0 0 0 0 0 0 0 0 0 0 0 0 0 0 0 0 0 0 0 0 0 0 0 0 0 0 0 0 0 0 
4 4 13 0 1 3 2 2 0 0 0 2 5 6 6 9 3 1 0 1 0 2 1 1 0 0 1 3 0 9 9 9 1 2 2 2 0 0 0 2 0 0 1 1 0 1 1 3 1 12 6 12 4 12 11 8 9 16 0 2 1 2 5 9 10 20 8 5 1 1 7 20 2 2 9 8 0 2 29 2 5 3 17 7 15 4 2 9 2 0 0 0 1 2 0 3 0 0 1 1 0 0 
2 0 0 0 1 2 0 1 0 0 0 0 1 0 1 0 0 0 1 0 0 0 1 0 0 0 0 0 0 2 2 0 0 1 0 0 0 1 2 0 0 0 1 0 0 0 0 0 0 0 2 2 0 2 0 0 1 5 0 4 1 0 0 0 1 1 2 0 0 0 2 0 1 0 3 0 0 0 1 0 1 1 1 0 2 0 0 3 0 0 0 0 0 0 0 0 0 0 0 0 0 0 
3 6 4 0 1 1 1 0 0 4 2 0 2 1 2 3 3 0 0 0 0 0 0 0 0 0 0 0 0 7 5 24 2 4 17 6 3 7 26 10 0 0 0 0 3 2 6 1 6 7 8 3 3 4 1 1 5 6 0 0 4 1 0 35 17 15 2 3 1 19 5 16 7 4 0 1 0 16 18 3 7 2 1 4 0 1 0 2 3 0 0 1 0 3 0 0 0 0 1 0 0 0 
0 0 0 1 0 0 1 0 0 1 2 0 0 0 0 0 0 1 0 0 0 0 0 0 0 0 0 0 0 3 0 1 0 1 1 0 0 0 1 0 2 0 0 0 0 0 0 2 0 0 0 0 0 1 0 1 1 0 0 0 1 0 1 3 4 7 2 0 0 1 0 0 1 3 0 0 0 1 2 2 0 1 0 1 0 0 0 0 0 0 0 0 0 0 0 1 0 0 0 0 0 0 
4 10 0 1 2 4 2 2 2 1 8 6 1 0 0 3 3 1 5 0 0 1 0 6 0 0 0 0 1 14 8 5 5 0 5 8 7 11 26 13 2 0 1 5 10 9 4 13 14 12 12 2 8 7 7 0 19 12 0 12 4 0 0 1 5 14 4 12 9 18 45 14 13 11 0 3 0 4 42 9 4 2 4 4 0 4 0 2 3 0 0 5 0 1 1 3 0 2 4 0 0 0 
1 3 1 0 0 3 1 3 1 0 1 6 0 0 0 1 0 1 0 0 0 0 0 0 1 0 0 2 0 9 5 2 3 4 0 5 4 5 6 3 2 0 3 3 0 2 2 2 1 1 2 3 4 6 5 0 3 9 0 8 2 0 3 0 2 5 4 11 11 5 9 16 7 3 1 1 0 3 12 4 2 0 2 0 0 2 0 5 0 0 0 0 0 0 0 7 0 0 1 0 0 0 
0 3 0 1 0 6 2 2 1 3 1 2 2 0 0 0 1 0 0 0 0 0 0 0 0 0 0 0 0 3 7 11 3 2 2 2 3 2 4 13 0 3 2 0 4 2 3 6 8 14 11 4 6 3 4 4 7 7 0 22 7 1 4 9 6 9 3 14 3 13 20 25 15 9 2 1 0 3 21 8 5 0 6 2 1 1 3 3 0 0 0 0 0 4 0 0 1 0 0 0 0 0 
2 0 0 0 0 2 1 1 1 1 1 0 0 0 0 0 0 0 0 0 0 0 0 0 1 0 0 0 0 0 0 1 2 3 2 1 0 1 1 1 1 0 2 0 0 0 0 5 0 1 1 2 2 1 0 0 1 4 0 2 1 0 0 5 3 3 0 0 3 2 7 6 2 4 0 0 0 0 2 1 1 1 0 0 0 1 2 0 0 0 0 0 0 0 0 0 0 0 0 1 0 0 
0 1 0 0 0 0 1 0 0 0 0 1 0 0 0 1 0 0 0 0 0 0 0 0 0 0 0 0 0 0 2 4 4 0 3 0 0 1 0 5 5 0 2 0 2 0 0 2 0 2 3 4 1 4 2 1 2 3 0 4 0 0 0 1 11 8 1 3 1 5 8 16 4 3 1 0 0 2 10 0 0 0 3 0 1 0 0 0 0 0 0 0 1 0 0 0 0 0 0 0 0 0 
0 1 1 0 0 0 0 2 0 0 0 0 0 0 0 0 0 0 0 0 0 0 0 0 0 0 0 0 0 1 0 2 0 0 1 1 3 0 0 0 2 0 0 0 5 1 0 0 0 0 0 2 1 0 2 0 2 1 0 0 3 0 1 0 7 10 6 4 0 3 15 6 6 5 0 1 1 1 7 0 0 0 0 0 0 0 0 0 0 0 0 0 0 0 0 0 0 0 0 0 0 0 
0 0 0 0 0 0 0 0 0 0 0 0 0 1 0 0 0 0 0 0 0 0 0 0 0 0 0 0 0 0 0 5 0 2 0 1 0 0 0 0 0 0 0 0 1 1 0 0 0 2 1 1 1 1 2 0 3 4 0 0 0 1 4 3 14 16 4 3 0 1 16 12 4 3 0 1 0 1 10 0 0 0 0 0 0 0 0 1 0 0 0 0 0 0 0 0 0 0 0 0 0 0 
0 1 0 0 0 0 2 1 0 0 0 9 3 0 0 3 0 0 0 0 0 0 0 0 0 0 0 0 0 1 0 1 2 6 0 0 0 2 1 3 1 0 1 0 0 1 1 0 1 2 1 0 1 2 1 1 2 2 0 1 2 0 0 5 4 9 1 11 2 3 1 5 3 8 1 0 0 1 9 0 0 0 0 0 0 0 0 0 0 0 0 0 0 0 0 1 0 0 0 0 0 0 
1 1 0 0 0 0 0 1 1 1 0 1 0 1 0 0 0 0 0 0 0 0 0 0 0 0 0 0 0 18 6 0 1 17 3 1 0 0 2 4 2 1 0 1 2 1 0 0 0 1 3 0 4 4 0 1 4 3 0 5 7 1 10 2 12 26 4 24 5 20 65 1 8 13 0 2 0 2 16 1 0 0 0 0 0 0 0 0 0 0 0 0 0 0 0 0 0 0 0 0 0 0 
0 1 2 0 0 1 0 0 0 0 0 0 0 0 0 1 0 0 0 0 0 0 0 0 0 0 0 0 0 1 1 0 0 15 0 0 0 1 0 1 0 0 1 0 1 1 1 1 0 0 1 0 1 0 0 3 3 2 0 0 0 0 2 2 5 4 1 12 3 4 2 6 0 2 0 0 0 0 4 0 0 0 0 0 0 0 0 0 0 0 0 0 0 0 0 0 0 0 0 0 0 0 
0 1 0 0 0 0 1 0 0 0 0 0 0 1 0 0 0 0 0 0 0 0 0 0 0 0 0 0 0 0 0 3 2 8 0 0 0 2 0 1 0 0 0 0 1 0 0 0 0 0 5 2 1 3 2 0 2 4 0 14 1 0 0 3 20 11 3 13 4 9 9 18 6 1 0 3 0 4 15 0 0 0 0 0 0 0 0 0 0 0 0 0 0 0 0 0 0 0 0 0 0 0 
2 0 0 1 0 0 0 0 0 0 0 0 1 0 1 2 0 0 0 0 0 0 0 0 0 0 0 0 0 2 2 0 0 0 0 0 0 0 0 0 0 0 1 1 0 0 1 1 0 3 1 0 0 0 0 0 0 0 0 0 0 0 0 0 0 3 1 0 1 0 0 0 0 1 2 4 4 1 11 6 2 3 1 8 1 9 0 7 0 0 0 1 0 0 1 0 0 1 1 0 0 0 
1 0 0 0 0 3 0 0 0 0 0 0 3 0 1 0 1 0 0 0 0 0 0 0 0 0 0 0 0 0 0 0 1 2 0 0 0 0 0 0 0 0 2 1 3 0 1 0 1 2 6 0 0 0 1 0 4 0 0 0 1 0 0 2 0 0 4 0 0 0 0 0 0 1 1 0 5 5 8 8 2 3 2 6 3 4 2 19 2 0 0 2 0 0 0 1 1 0 1 1 0 0 
0 0 0 0 0 0 0 1 0 0 0 0 0 0 0 0 1 0 1 0 0 0 0 0 0 0 0 0 0 0 0 1 2 0 0 0 0 0 0 0 0 0 0 0 0 2 0 0 0 0 0 0 0 0 0 0 0 0 0 1 0 0 0 0 1 0 0 0 0 0 0 0 0 0 0 3 0 2 1 1 3 0 1 2 3 0 1 1 0 0 0 0 0 0 0 0 0 0 0 1 0 0 
0 1 0 0 0 2 0 0 0 0 1 1 0 0 0 1 0 2 0 0 0 0 0 0 0 0 0 0 0 0 2 0 1 1 0 0 0 0 0 0 1 0 2 1 1 9 2 1 1 8 4 1 10 0 1 0 5 14 0 2 2 1 1 0 5 4 0 0 0 4 1 3 0 0 5 17 3 0 3 4 9 3 3 10 10 6 1 8 2 0 0 0 2 0 5 0 0 3 0 0 0 2 
5 13 12 3 11 22 11 21 10 7 11 8 15 8 17 13 10 4 7 1 6 2 15 4 2 0 2 5 0 21 2 17 3 10 6 4 0 9 8 4 2 0 22 24 6 7 11 5 3 17 76 34 74 57 48 41 75 67 0 33 13 10 4 10 29 40 13 8 2 12 19 12 6 5 168 171 64 51 13 71 94 38 112 105 55 35 34 48 22 0 0 5 6 18 8 20 0 11 12 2 0 2 
0 1 2 0 0 0 2 1 0 0 0 0 0 2 1 0 1 0 0 0 0 0 0 0 1 0 0 0 1 3 1 4 0 0 1 0 0 0 0 0 0 1 2 7 4 3 7 1 3 4 2 1 0 4 2 0 1 1 0 5 2 1 0 0 5 0 0 0 0 1 1 0 0 2 4 12 6 7 5 2 5 2 10 16 9 9 2 14 3 0 0 2 0 3 4 0 0 1 2 0 0 2 
0 1 1 0 0 4 0 0 2 2 0 0 0 0 1 1 0 0 0 0 0 0 0 0 0 0 0 0 0 0 1 2 1 0 0 0 0 0 0 1 1 1 5 1 3 1 1 0 7 4 1 5 0 3 2 0 2 0 0 0 1 0 1 0 1 2 1 0 0 0 1 0 0 0 5 4 1 6 9 1 1 1 6 15 5 7 3 9 1 0 0 1 2 0 3 3 0 0 2 0 0 0 
0 2 1 0 0 0 0 0 0 0 1 0 0 0 0 2 0 0 0 0 0 0 0 0 0 0 0 0 0 0 0 0 0 0 0 0 0 0 0 2 0 0 0 3 1 1 0 1 0 4 0 0 0 0 0 0 0 1 0 1 0 0 0 1 1 2 0 4 0 0 1 0 2 0 2 3 0 4 5 2 1 0 3 4 2 6 2 6 2 0 0 1 2 3 1 3 0 3 6 0 0 0 
1 0 0 0 0 0 0 0 0 0 0 0 1 0 0 0 1 0 0 0 0 0 0 0 0 0 0 1 0 1 0 0 0 3 0 0 0 0 0 1 0 0 5 4 2 2 2 0 3 7 2 4 0 2 1 0 2 0 0 4 0 0 0 0 3 4 0 0 0 0 0 0 1 0 2 5 0 9 8 7 3 1 1 10 2 6 2 14 3 0 0 0 1 8 0 0 1 3 0 0 1 1 
2 0 1 1 1 7 1 6 2 2 0 0 1 0 0 0 0 0 0 0 0 0 0 0 1 0 0 1 0 0 0 2 0 0 0 0 0 1 1 6 11 1 10 19 6 17 7 12 9 45 9 10 15 5 7 0 8 14 0 8 3 0 0 2 0 9 0 0 1 0 0 2 2 1 17 21 7 65 50 71 60 22 71 3 38 32 25 71 6 0 0 11 6 19 6 14 3 15 5 7 1 1 
0 1 1 0 1 0 1 2 0 2 0 0 0 0 0 1 0 0 0 0 0 0 0 0 1 0 0 0 0 1 1 0 0 0 0 0 0 1 1 7 1 1 7 7 8 8 3 4 4 16 0 4 6 0 4 3 5 9 0 5 1 0 0 1 1 1 0 0 1 4 1 0 0 1 8 5 2 13 21 16 20 6 16 10 4 19 6 33 10 0 0 8 1 4 6 11 2 13 9 2 1 0 
2 1 1 0 0 6 0 1 1 0 0 0 0 0 0 4 5 0 1 1 1 4 0 4 2 1 1 0 0 5 4 4 2 4 2 1 3 3 13 3 6 0 8 16 13 19 11 23 27 50 9 2 11 5 4 3 2 7 0 1 1 0 0 0 1 4 2 4 0 1 1 2 0 0 7 12 2 9 14 21 19 8 16 18 25 4 6 20 13 0 0 17 8 12 7 21 3 21 8 5 2 5 
0 1 1 1 1 1 4 0 1 0 0 1 0 0 1 0 2 1 0 0 0 0 0 0 0 0 0 2 0 2 0 4 2 0 1 1 1 1 6 5 2 1 5 10 3 3 7 7 5 16 1 1 0 1 1 0 0 5 0 0 1 1 0 0 1 2 0 2 0 0 1 0 1 1 4 3 1 5 4 9 7 9 4 12 9 3 4 23 12 0 0 12 7 6 4 5 2 2 2 5 1 5 
3 6 2 0 2 1 1 3 1 0 4 0 3 1 2 5 5 4 0 2 3 6 0 10 5 0 0 8 0 12 11 13 25 10 1 9 9 17 24 14 8 5 19 16 20 51 50 38 32 153 10 5 13 4 1 3 4 7 0 2 0 0 0 8 6 4 1 0 1 0 1 3 0 2 22 15 4 6 37 15 15 6 18 28 19 28 14 10 15 0 0 20 12 34 13 34 3 17 29 6 6 26 
0 0 3 0 0 0 0 0 0 0 0 1 2 0 0 0 1 1 1 0 1 0 1 2 1 0 0 0 0 12 0 5 6 3 5 2 3 8 4 2 1 1 10 7 8 5 4 2 2 17 0 2 1 0 1 0 1 0 0 3 1 0 0 0 1 0 0 0 0 0 0 2 0 0 4 1 1 7 8 3 3 1 3 7 7 10 5 12 1 0 0 5 3 3 1 19 3 4 3 1 0 0 
0 0 0 0 0 0 0 0 0 0 0 0 0 0 0 0 0 0 0 0 0 0 0 0 0 0 0 0 0 0 0 0 0 0 0 0 0 0 0 0 0 0 0 0 0 0 0 0 0 0 0 0 0 0 0 0 0 0 0 0 0 0 0 0 0 0 0 0 0 0 0 0 0 0 0 0 0 0 0 0 0 0 0 0 0 0 0 0 0 0 0 0 0 0 0 0 0 0 2 0 0 0 
0 0 0 0 0 0 0 0 0 0 0 0 0 0 0 0 0 0 0 0 0 0 0 0 0 0 0 0 0 0 0 0 0 0 0 0 0 0 0 0 0 0 0 0 0 0 0 0 0 0 0 0 0 0 0 0 0 0 0 0 0 0 0 0 0 0 0 0 0 0 0 0 0 0 0 0 0 0 0 0 0 0 0 0 0 0 0 0 0 0 0 0 0 0 0 0 0 0 0 0 0 0 
3 11 20 6 1 11 20 13 2 25 6 15 17 12 12 18 9 11 3 9 9 12 10 30 5 1 0 11 1 77 15 52 28 39 33 30 72 123 152 147 94 20 108 129 122 205 112 153 266 253 7 3 7 9 0 3 11 26 0 1 0 0 0 10 16 4 1 3 0 1 5 5 2 1 12 12 0 37 94 49 71 27 71 111 152 148 97 321 218 0 0 8 55 151 99 604 86 278 176 51 55 46 
1 0 0 0 0 0 0 0 0 0 2 0 1 0 0 1 0 0 0 0 0 0 1 0 0 0 0 1 0 4 2 5 2 1 2 2 1 9 3 6 2 3 4 5 3 4 5 7 4 18 1 0 0 1 0 0 0 1 0 0 0 0 0 0 0 0 0 0 0 0 0 0 0 0 2 1 0 2 7 5 3 2 0 3 6 13 1 13 5 0 0 4 2 5 5 11 0 8 3 1 1 1 
0 2 1 0 0 2 0 1 0 0 0 1 1 0 0 1 1 0 0 0 0 0 1 0 0 0 0 0 0 20 4 0 4 0 0 1 7 7 12 8 4 1 10 8 7 9 3 12 12 15 1 1 1 0 0 0 5 6 0 1 0 0 0 0 0 0 1 0 0 0 0 1 0 0 4 11 0 5 9 9 8 1 10 4 11 24 16 28 18 0 0 14 3 1 1 36 5 15 15 1 0 4 
0 1 0 0 0 0 0 0 0 0 0 0 0 1 1 0 0 1 0 0 1 0 0 0 0 0 0 0 0 2 1 1 2 6 2 2 3 3 4 10 6 5 11 10 13 5 7 16 24 25 0 1 0 0 0 0 1 2 0 0 0 0 0 0 1 0 1 0 0 0 0 0 0 0 0 0 2 0 2 2 3 0 4 9 14 21 15 36 19 0 0 9 1 2 1 24 2 37 5 4 3 5 
1 0 1 0 0 2 0 1 0 1 0 0 1 0 0 0 2 2 0 0 0 0 1 0 0 0 0 1 0 5 3 1 0 2 1 1 1 2 10 7 1 1 9 12 10 5 3 4 12 24 1 1 0 0 0 0 0 1 0 0 0 0 0 1 0 0 0 0 0 0 0 0 0 0 4 0 0 1 3 9 3 3 7 11 7 23 2 44 22 0 0 9 10 15 2 1 2 14 11 7 6 6 
1 0 0 0 0 0 0 0 0 0 0 0 0 0 0 0 0 0 0 0 0 0 0 0 0 0 0 0 0 0 0 0 0 3 0 0 0 0 2 0 0 1 0 1 2 0 0 0 0 2 0 0 0 0 0 1 0 0 0 0 0 0 0 0 0 0 0 0 0 0 0 0 0 0 0 0 0 0 1 0 2 0 1 0 1 1 0 5 0 0 0 0 0 1 0 0 1 0 0 0 1 2 
0 0 0 0 0 0 0 0 0 0 0 0 0 0 1 0 0 0 0 0 0 0 0 0 1 0 0 0 0 1 0 0 1 3 0 0 3 3 5 1 0 1 9 8 2 10 3 4 4 10 1 0 0 0 1 0 0 0 0 0 0 0 0 0 0 0 0 0 0 0 0 0 0 0 2 0 0 3 5 2 6 4 1 5 4 8 0 21 4 0 0 7 1 0 3 8 0 1 1 0 3 6 
0 0 0 0 0 0 0 0 0 0 0 1 0 0 0 0 0 1 1 0 0 0 0 0 0 0 0 0 0 0 1 3 1 1 1 0 1 2 5 4 1 4 9 5 5 5 3 2 3 16 0 0 0 1 0 1 0 0 0 0 0 0 0 0 0 0 0 0 0 0 0 0 0 0 0 0 0 2 4 3 4 1 3 11 4 5 3 10 2 0 0 5 3 2 3 3 0 4 0 2 0 2 
0 0 0 0 0 0 0 0 0 0 0 0 0 0 0 0 0 0 0 0 0 0 0 0 0 0 0 0 0 0 0 0 0 0 1 0 0 0 1 0 0 0 1 1 0 0 0 1 1 0 0 0 0 0 0 0 0 0 0 0 0 0 0 0 0 0 0 0 0 0 0 0 0 0 0 0 0 0 0 0 1 0 3 1 0 2 2 2 2 0 0 0 0 1 1 0 0 0 0 0 1 0 
0 0 0 0 0 0 0 0 0 0 0 0 0 0 0 1 0 0 1 0 0 0 0 0 0 0 0 2 0 0 0 0 0 0 0 0 0 0 0 0 0 0 3 4 1 0 1 1 4 3 0 0 0 0 0 0 0 0 0 0 0 0 0 0 0 0 0 0 0 0 0 0 0 0 0 0 0 0 0 0 1 1 0 1 1 0 1 1 1 0 0 0 0 3 2 1 1 1 0 0 0 1 
0 0 1 0 0 2 1 0 0 0 0 0 1 0 0 5 2 2 0 0 2 1 1 0 0 0 0 5 0 6 11 6 6 6 9 0 7 9 15 15 5 3 112 54 14 54 41 30 29 111 1 1 0 0 0 0 0 0 0 1 0 0 0 0 0 0 0 0 0 0 0 0 1 0 16 9 2 8 113 24 17 17 21 55 37 28 17 120 55 0 0 44 25 49 56 74 11 44 24 3 1 6 
