7 11 31 5 6 39 34 31 37 28 19 36 36 39 43 79 28 24 22 11 11 21 15 22 12 1 3 28 66 4 4 7 3 3 3 4 2 6 12 28 7 0 5 10 11 8 7 6 8 49 10 5 10 12 3 0 5 9 0 1 4 2 2 0 12 8 2 1 0 0 4 1 4 1 1 3 0 3 15 2 1 0 3 2 2 5 1 37 5 0 0 1 2 1 1 4 0 1 1 2 2 4 
7 4 10 5 11 43 29 25 30 31 24 32 35 42 36 56 36 27 29 15 6 24 7 21 6 3 0 20 77 5 1 5 6 3 5 4 2 6 14 24 14 4 4 11 8 9 10 13 7 56 6 7 13 12 2 0 4 10 0 2 3 0 3 3 1 9 2 2 0 1 3 4 1 4 1 3 0 3 21 0 3 1 9 5 2 2 3 23 4 0 0 7 2 6 0 5 1 0 2 0 0 13 
41 22 7 14 11 58 24 37 62 29 18 45 52 57 65 61 28 21 21 6 22 16 8 21 8 3 4 17 105 5 1 0 4 3 1 3 2 2 19 15 12 2 8 4 10 3 10 15 9 38 10 2 6 4 0 2 3 18 0 1 4 1 0 3 7 7 1 1 0 3 6 2 2 1 2 0 1 2 12 4 0 0 2 3 2 2 1 20 4 0 0 2 2 5 2 3 1 2 3 2 0 4 
5 10 6 2 0 12 11 4 8 4 0 2 6 6 3 10 9 2 1 4 0 0 3 2 2 0 0 5 13 0 0 0 0 0 0 0 0 1 3 2 1 0 0 0 1 1 0 6 0 1 0 0 1 0 1 0 0 1 0 1 0 0 1 0 1 1 0 1 0 0 0 0 0 1 0 0 0 0 0 0 0 0 0 0 0 0 3 1 1 0 0 2 0 0 1 0 0 1 0 0 0 0 
10 6 10 2 4 10 13 7 6 20 6 19 9 13 23 22 9 6 2 5 4 6 2 8 4 0 0 8 18 2 0 0 3 0 1 1 0 1 8 5 3 0 2 2 1 3 1 1 1 7 2 0 5 1 0 4 4 4 0 1 0 0 0 2 1 2 0 0 0 1 0 2 1 3 3 1 0 0 6 4 4 0 0 4 1 0 0 2 3 0 0 2 0 0 0 0 0 0 0 0 0 0 
45 60 29 31 21 6 10 35 35 38 32 65 82 80 41 75 26 38 25 8 16 15 15 22 11 1 0 12 69 11 3 1 4 6 1 0 4 5 16 24 13 0 4 6 7 7 2 4 9 29 6 4 10 4 6 0 5 30 0 4 1 3 1 0 4 8 2 8 1 3 1 3 0 5 3 1 0 1 10 1 1 2 2 1 4 4 0 6 4 0 0 3 2 1 0 0 1 2 1 0 0 2 
13 33 12 13 4 8 3 14 30 10 3 20 24 31 17 32 16 8 11 14 8 6 4 6 2 1 0 9 51 5 0 1 2 3 2 0 1 2 18 13 5 1 4 1 4 2 4 2 1 14 7 8 10 7 4 1 0 2 0 1 0 0 2 6 6 6 0 1 2 1 4 5 0 2 2 3 0 2 15 0 2 0 0 3 0 0 0 6 0 0 0 4 0 1 0 0 0 0 0 0 0 2 
29 33 38 9 6 15 27 6 13 20 10 32 45 47 46 63 29 15 22 17 20 18 5 24 9 0 1 12 32 8 0 4 5 3 1 1 0 7 20 20 4 0 2 5 5 5 8 5 2 19 3 10 2 5 3 4 5 10 0 3 0 0 0 1 6 7 3 8 5 0 5 6 2 5 8 2 0 3 15 0 0 1 2 1 2 6 0 11 1 0 0 2 0 1 0 2 1 1 0 1 1 0 
34 58 54 7 12 21 50 25 14 6 15 32 40 40 34 69 29 17 23 8 8 15 11 27 6 2 8 17 26 2 2 2 5 1 1 3 0 2 21 20 5 0 7 5 3 5 7 0 6 23 4 0 8 0 3 1 4 9 0 0 2 0 0 0 4 4 3 1 0 0 1 3 2 6 6 6 0 2 17 1 1 1 0 0 0 1 0 6 3 0 0 4 1 0 0 2 0 4 0 2 0 6 
16 25 26 5 5 18 16 10 4 0 3 13 19 30 27 51 20 23 12 16 12 15 8 19 6 2 8 17 6 4 1 2 0 2 0 0 0 1 14 9 0 0 5 1 1 1 2 5 5 18 6 2 6 5 4 0 2 4 0 0 1 0 2 3 1 8 0 6 0 0 0 7 3 3 4 5 1 4 15 0 1 1 2 0 2 2 3 2 1 0 0 2 0 1 0 1 0 0 0 0 1 4 
0 12 9 9 8 7 25 16 28 14 0 12 14 16 12 30 9 7 12 14 9 16 9 6 16 0 1 13 11 6 0 1 0 0 0 0 0 1 7 4 4 0 2 0 5 2 3 4 4 16 2 0 0 2 3 0 1 2 0 0 0 0 1 0 0 2 1 0 3 2 3 1 0 0 2 4 1 0 6 1 0 0 0 0 0 2 0 3 2 0 0 2 0 1 0 2 0 0 0 0 0 0 
34 69 38 7 14 44 45 29 41 31 11 4 27 54 21 86 32 30 22 26 21 38 20 36 17 1 1 39 24 17 4 6 4 1 1 0 2 11 34 16 7 4 1 1 12 12 6 5 12 42 3 4 6 5 7 4 8 12 0 6 0 0 2 1 4 1 1 3 0 1 6 4 2 2 6 6 1 1 9 5 1 0 0 0 0 1 0 3 1 0 0 2 0 1 0 6 1 0 0 1 1 0 
24 70 48 9 21 62 75 96 83 52 30 31 11 55 51 97 62 49 37 33 23 40 16 55 28 1 5 44 22 15 7 7 3 2 3 4 0 11 22 24 4 3 6 1 3 5 4 5 11 30 8 5 8 5 10 0 3 11 0 18 2 0 1 4 2 1 0 1 0 1 2 4 1 1 8 1 0 2 25 3 0 0 1 0 0 1 0 1 5 0 0 2 1 0 0 3 0 1 3 1 0 3 
59 129 75 16 25 102 108 90 104 94 50 69 46 11 11 80 116 92 83 81 105 94 52 115 46 4 15 112 20 3 0 5 3 2 1 0 2 3 12 22 21 8 4 11 7 6 5 6 12 32 5 15 15 26 5 3 15 33 0 10 5 0 0 2 0 0 2 2 2 0 6 1 0 0 16 5 6 10 38 8 1 0 0 1 0 0 0 5 3 0 0 2 1 1 1 1 0 2 1 0 0 3 
40 71 75 8 9 63 68 69 61 47 30 45 41 17 4 44 39 44 28 49 58 63 68 102 19 3 8 97 18 14 1 6 1 2 5 2 1 0 4 15 3 0 9 7 2 1 0 3 8 22 11 3 10 18 4 1 8 17 0 3 0 0 2 1 1 1 0 0 0 0 2 1 0 1 5 4 2 10 21 2 1 0 0 0 0 1 0 7 2 0 0 6 0 1 1 0 0 1 0 0 0 0 
39 77 63 8 34 82 76 94 72 78 43 72 85 48 7 15 76 90 79 80 157 74 116 193 62 20 35 149 22 50 11 38 30 17 14 13 19 4 18 46 25 0 15 13 23 21 14 14 17 87 7 8 31 18 6 1 20 21 0 9 2 0 3 6 2 2 2 4 0 0 7 5 2 0 17 3 1 5 36 6 5 4 2 1 0 2 7 19 5 0 0 6 2 4 2 4 1 3 5 0 0 9 
32 50 43 7 9 42 70 62 61 66 24 59 81 79 38 130 9 47 54 64 108 81 102 156 35 12 18 113 10 50 16 72 20 23 19 15 22 14 76 58 45 6 20 17 20 28 19 25 19 53 5 6 15 10 2 4 8 10 0 3 1 0 0 4 10 2 0 0 1 0 1 1 1 0 6 5 4 22 32 8 2 0 1 2 1 7 2 18 14 0 0 10 1 1 1 7 0 0 0 3 0 8 
12 17 20 4 5 25 26 27 23 37 19 63 50 94 38 165 54 3 29 46 87 56 70 117 32 4 19 63 14 40 24 25 18 10 17 15 15 13 60 28 22 5 14 22 27 21 15 16 27 66 4 3 9 7 2 2 11 15 0 4 0 0 4 1 1 1 0 0 0 0 0 0 0 0 3 5 7 3 16 16 1 1 0 0 1 5 2 16 2 0 0 5 3 0 0 1 0 0 0 0 0 1 
17 29 27 0 10 25 29 33 44 24 15 49 63 101 41 137 84 43 7 30 72 34 59 97 35 11 9 72 14 32 12 29 10 16 20 5 14 5 41 26 11 2 5 15 20 15 12 16 15 53 3 8 9 6 1 1 2 12 0 2 2 2 0 3 2 1 0 0 0 0 0 0 0 1 1 3 2 5 14 1 1 0 0 0 1 4 2 12 3 0 0 8 0 0 0 0 0 1 1 1 1 0 
6 14 17 3 5 13 12 10 8 9 10 27 27 33 18 61 23 18 17 3 4 4 28 27 17 13 28 82 2 12 2 8 4 1 1 1 4 5 25 6 3 1 1 8 4 2 1 3 6 8 1 0 4 0 1 1 1 3 0 0 1 0 0 0 0 0 0 0 0 0 0 0 0 0 1 0 1 0 12 0 1 0 0 0 0 1 1 8 1 0 0 4 0 0 0 0 0 1 0 0 0 1 
1 5 9 1 4 14 8 19 14 16 6 11 29 32 26 112 37 25 25 3 6 6 18 42 16 12 27 89 0 3 2 1 3 4 5 5 6 5 29 9 6 2 1 3 10 10 2 2 7 26 0 1 1 0 0 1 0 2 0 1 0 0 0 0 0 0 0 0 0 1 0 0 0 0 0 0 0 1 3 6 0 1 0 0 0 1 0 5 7 0 0 1 0 0 0 0 0 0 0 0 0 1 
4 10 7 2 5 11 5 11 22 14 12 18 16 27 23 65 31 21 22 4 6 3 20 35 15 7 33 75 3 1 6 3 4 2 6 7 6 9 18 2 4 0 2 1 1 4 2 4 2 13 0 0 1 2 0 0 0 0 0 1 0 0 2 0 0 0 0 0 0 0 0 0 0 0 0 4 0 0 0 1 0 0 0 0 0 0 0 4 1 0 0 0 0 0 0 0 0 0 0 0 0 0 
7 4 8 3 7 8 2 3 10 7 7 5 15 12 5 51 29 30 15 15 23 10 12 11 7 6 12 51 2 2 1 1 1 1 2 3 3 4 24 4 8 0 0 5 2 2 0 1 0 13 2 0 4 0 1 0 1 0 0 0 0 0 0 1 0 0 0 0 0 0 0 1 0 0 0 0 0 2 7 0 1 0 0 0 1 1 0 2 1 0 0 2 0 0 0 0 0 0 0 0 0 0 
8 9 9 1 3 7 10 7 9 16 6 17 29 38 30 115 49 32 22 28 31 11 19 14 9 25 49 91 2 6 1 2 10 7 6 6 9 15 27 10 13 0 8 4 4 9 1 8 6 30 7 1 2 2 1 0 2 3 0 0 1 0 1 1 1 1 0 0 0 0 0 0 0 0 2 2 1 2 12 1 0 0 0 1 0 2 2 15 1 0 0 1 0 1 0 0 0 0 0 0 0 2 
16 19 5 3 3 19 17 12 8 39 10 19 28 32 25 78 29 32 18 7 17 12 10 7 7 8 15 53 6 8 12 5 16 2 5 7 7 9 24 17 26 1 7 7 19 16 5 7 8 69 13 8 13 2 3 0 2 3 0 1 1 0 1 5 4 0 0 0 2 0 0 0 0 1 2 9 0 6 8 0 2 1 1 0 1 2 1 51 7 0 0 0 2 1 0 2 0 0 0 0 0 0 
3 2 1 2 0 6 2 2 6 3 0 2 3 6 10 18 13 9 5 4 16 25 12 34 2 0 6 15 0 3 0 1 0 1 0 1 0 2 7 4 4 0 2 0 1 0 0 1 2 4 1 0 0 0 0 0 0 0 0 0 0 0 0 0 0 0 0 0 0 0 0 0 0 0 3 0 0 0 4 0 0 0 0 0 0 0 0 1 0 0 0 0 0 0 0 0 0 0 1 0 0 0 
2 1 0 0 6 0 0 0 0 0 0 0 0 3 3 14 5 9 2 1 11 5 6 19 9 2 3 21 0 0 0 0 1 0 0 0 0 0 1 0 4 0 0 0 0 0 0 0 3 1 0 0 0 0 0 0 0 0 0 0 0 0 0 0 0 0 0 0 0 0 0 0 0 0 0 2 0 1 0 0 0 0 0 1 0 0 0 1 0 0 0 0 0 0 0 0 0 0 0 0 0 0 
20 13 13 6 12 16 16 23 14 24 10 45 47 75 67 129 62 59 59 52 72 84 88 104 39 4 43 2 0 3 3 3 12 10 3 3 9 12 44 26 33 4 10 9 20 24 12 13 16 88 13 11 6 2 6 1 1 9 0 0 1 0 2 2 0 1 0 0 0 0 0 0 0 2 4 4 3 0 17 5 1 2 0 1 1 1 1 44 16 0 0 9 0 0 1 6 0 2 0 1 0 3 
86 136 176 27 22 123 68 43 82 30 26 39 23 39 29 58 34 26 18 17 11 13 4 19 6 0 3 8 1 3 4 6 5 3 2 1 8 13 17 22 18 2 8 12 16 18 12 11 13 68 3 2 11 9 2 3 2 7 0 6 0 1 3 3 11 2 7 5 1 2 7 0 3 1 6 1 0 4 22 2 7 0 3 10 5 4 6 6 3 0 0 6 2 3 0 1 1 4 1 0 0 1 
1 4 0 2 0 3 3 0 2 1 2 3 13 6 4 19 33 11 9 14 5 4 3 7 5 1 0 0 1 17 113 152 133 62 116 81 197 138 182 138 79 3 31 53 50 39 33 26 34 181 4 1 12 8 3 3 3 12 0 8 3 3 5 10 24 22 9 9 4 8 7 5 0 0 8 8 1 2 30 5 1 1 2 5 0 10 10 83 15 0 0 17 3 7 8 11 2 8 9 0 2 14 
2 0 1 0 0 0 2 1 0 0 0 12 1 1 3 12 14 4 2 4 2 2 1 4 10 0 0 5 0 154 11 68 64 26 28 37 60 72 77 57 26 2 9 5 16 10 12 5 12 40 1 3 1 3 0 5 5 0 0 2 0 0 0 4 17 12 2 4 2 3 1 1 1 2 4 0 0 0 5 3 0 1 0 0 0 5 1 12 4 0 0 13 3 0 3 7 1 3 3 1 0 6 
1 3 4 0 2 6 6 6 1 1 3 1 7 1 6 33 29 18 18 5 4 2 4 5 2 2 0 10 0 255 126 9 91 55 83 70 159 150 180 114 61 2 35 27 36 52 32 37 40 123 4 9 8 5 6 5 8 8 0 16 3 3 9 9 26 25 13 15 6 11 11 11 0 1 11 4 4 4 27 4 4 5 1 2 3 7 15 43 14 0 0 11 5 6 18 10 0 5 4 1 2 8 
18 22 4 2 1 12 10 5 9 14 1 12 11 5 11 43 66 35 13 17 21 4 8 45 22 0 4 32 3 456 172 165 18 34 116 108 178 200 293 210 204 21 127 118 164 177 133 136 176 846 59 27 66 23 30 8 24 46 0 31 4 2 2 5 27 44 12 12 5 22 35 40 7 4 21 19 6 7 94 11 9 8 13 5 2 20 22 189 51 0 0 48 20 22 15 26 3 15 3 5 1 30 
3 3 3 2 1 3 4 2 3 3 3 8 5 0 1 23 31 16 5 2 6 3 11 10 3 2 3 14 4 205 61 101 34 2 40 19 103 86 114 105 50 10 31 33 40 34 28 20 43 106 8 5 9 5 13 0 9 26 0 10 6 0 3 1 11 23 3 30 19 32 33 37 11 8 7 4 0 12 46 9 3 0 4 5 2 0 2 37 19 0 0 5 4 10 5 9 1 7 6 2 1 3 
6 6 7 1 2 8 8 1 1 2 3 4 6 1 6 25 39 25 18 20 13 12 23 29 17 2 5 19 2 386 144 188 89 25 9 10 131 123 205 263 92 15 76 57 107 76 66 46 83 200 22 15 19 20 10 7 16 18 0 11 3 4 5 13 12 27 9 15 17 25 56 58 10 6 12 7 0 4 22 4 4 3 2 0 2 6 5 38 35 0 0 46 25 18 11 26 2 23 7 7 2 17 
1 5 0 0 0 1 2 1 0 1 2 0 5 0 3 10 21 11 6 5 7 14 6 17 3 1 2 10 0 242 85 130 73 38 50 5 115 74 151 92 40 3 30 23 28 42 16 27 20 95 7 2 5 3 2 2 4 6 0 0 2 2 7 13 14 14 3 7 1 8 14 21 7 3 3 0 1 2 7 0 0 0 0 0 0 2 3 38 5 0 0 13 10 3 3 9 1 3 6 3 0 8 
1 8 2 1 0 3 3 5 4 2 1 1 5 1 0 58 39 24 28 8 20 29 7 33 17 2 12 29 1 627 234 517 208 151 133 147 13 206 526 406 234 69 128 133 162 157 125 86 127 445 8 17 28 16 4 3 12 19 0 9 2 8 22 53 79 54 15 29 13 10 51 47 21 8 15 2 1 4 15 2 0 1 1 3 5 24 21 95 64 0 0 73 22 31 13 38 8 32 26 5 3 27 
6 6 5 1 0 7 5 6 5 5 2 6 11 6 1 4 21 9 15 2 17 10 8 22 11 3 7 19 3 212 89 265 99 83 62 53 82 12 121 222 119 13 63 58 70 90 48 60 70 243 5 2 3 3 0 0 0 4 0 0 0 2 5 23 16 12 6 2 5 2 16 12 6 6 3 5 1 3 15 1 0 2 0 2 5 15 6 85 30 0 0 25 4 14 9 23 0 14 7 3 2 10 
25 52 29 6 15 37 32 29 39 52 15 48 50 13 3 11 63 55 33 32 72 54 45 83 39 3 12 85 10 372 120 359 167 128 150 122 264 116 23 578 285 46 121 162 187 193 140 191 147 634 18 15 32 13 5 4 19 32 0 8 4 4 15 33 49 57 15 22 7 12 38 31 14 24 18 20 1 9 41 9 9 8 7 19 7 34 44 187 55 0 0 97 19 47 21 64 5 30 25 8 7 59 
9 10 27 1 6 26 14 18 18 13 14 38 30 12 16 14 42 23 8 13 17 8 10 33 9 0 3 26 2 173 38 131 89 65 84 71 203 162 504 19 30 20 40 99 100 112 76 79 130 337 4 6 11 4 2 2 9 14 0 4 2 3 4 12 13 9 5 7 0 0 13 12 1 3 10 8 1 2 23 7 6 6 9 15 13 7 10 50 37 0 0 48 4 14 13 30 3 16 10 4 2 17 
10 23 22 1 4 9 11 7 22 23 8 7 17 14 6 12 35 15 7 7 16 9 6 15 12 0 6 30 0 104 28 84 78 54 45 42 110 104 299 48 7 19 29 68 65 122 85 97 90 278 2 1 7 3 0 1 2 2 0 1 2 1 7 3 8 5 2 3 1 3 12 2 3 3 7 5 5 4 8 2 5 11 8 10 5 20 21 25 34 0 0 34 15 21 7 25 9 5 12 2 4 21 
0 2 0 0 0 2 1 1 1 1 0 1 3 1 0 2 7 0 1 1 1 1 1 0 0 0 0 5 0 8 4 5 8 7 13 5 24 18 41 17 16 2 11 33 33 30 19 16 19 59 0 0 0 0 1 0 1 1 0 0 1 6 1 1 2 5 1 1 1 0 4 3 0 1 0 0 0 1 0 3 2 2 3 2 3 6 6 20 16 0 0 11 4 2 3 11 0 2 2 0 1 6 
3 11 11 3 1 14 9 8 6 9 1 14 13 2 13 12 37 25 6 12 18 7 14 16 7 1 3 10 2 81 27 78 59 63 60 42 87 135 194 116 59 26 11 70 85 110 78 159 160 383 8 8 19 15 2 3 12 14 0 6 1 0 5 6 13 11 1 10 5 2 21 9 1 2 22 27 2 22 53 32 32 20 32 92 50 88 58 180 68 0 0 99 36 65 43 150 14 101 74 20 23 71 
9 21 12 4 1 14 17 8 10 7 3 5 9 2 7 27 46 27 14 16 19 13 9 19 7 2 4 23 1 103 33 95 54 42 44 39 101 153 221 211 142 66 88 18 155 271 143 271 351 673 7 12 28 19 3 6 12 23 0 8 1 1 2 18 10 14 3 7 1 2 7 15 1 1 26 18 2 49 56 40 44 18 56 95 68 154 131 254 123 0 0 187 71 127 90 291 34 166 93 15 13 125 
14 13 10 1 5 7 13 9 18 9 2 8 7 3 6 10 22 15 6 15 20 15 12 15 12 1 3 24 3 75 25 58 51 25 26 31 88 90 163 125 62 36 62 123 10 165 84 154 236 402 9 9 7 3 1 2 2 6 0 2 2 0 2 7 9 6 2 4 3 0 7 8 1 2 6 7 5 10 26 13 14 8 6 29 35 84 36 73 26 0 0 67 19 50 30 73 7 48 36 12 4 43 
12 24 8 4 5 15 22 12 16 16 14 17 18 8 5 17 43 26 12 3 20 9 10 34 9 0 5 26 0 95 37 77 83 47 37 51 142 136 239 235 169 46 85 245 170 30 111 516 509 1051 9 13 35 4 5 3 17 13 0 3 4 3 6 10 12 14 11 13 0 7 12 13 1 2 28 16 1 11 40 15 25 15 19 55 56 80 81 261 63 0 0 159 28 81 48 92 12 73 55 10 20 87 
5 7 14 1 8 21 5 16 14 6 4 16 13 6 5 12 37 15 10 12 23 16 6 25 18 0 3 23 2 68 26 62 47 23 29 35 114 90 155 171 102 36 58 122 119 183 12 278 379 461 12 7 21 6 2 1 3 4 0 1 0 1 0 13 11 14 3 3 1 1 8 6 0 3 13 8 1 13 26 19 9 14 11 33 38 58 33 172 25 0 0 78 22 56 40 38 11 48 48 6 2 42 
1 10 3 0 2 2 3 2 3 9 4 4 3 1 3 2 9 2 3 7 3 8 4 9 5 0 3 11 0 36 5 32 33 8 7 11 33 23 77 67 55 10 35 78 65 169 65 15 109 484 2 2 2 3 0 3 1 3 0 1 0 2 3 0 3 3 0 1 2 5 6 2 0 4 4 1 0 5 6 4 2 11 4 20 9 24 14 83 13 0 0 35 16 26 9 14 7 16 20 7 6 27 
2 2 4 4 1 4 7 5 1 8 3 2 4 2 2 5 12 3 1 4 6 5 4 9 2 1 2 20 2 29 8 27 30 20 7 9 26 41 54 66 39 4 33 70 56 125 56 94 11 372 2 3 8 3 0 0 0 6 0 0 2 2 0 6 3 8 4 5 0 1 4 2 1 5 9 1 1 0 8 6 5 1 2 7 20 28 14 107 3 0 0 47 3 17 9 19 2 23 23 8 6 8 
34 65 66 6 26 37 37 23 39 42 20 47 57 28 13 51 83 70 31 44 50 35 27 104 60 4 10 111 6 346 95 235 292 115 137 95 290 339 531 454 353 56 158 379 341 563 271 833 879 57 46 34 91 14 18 11 22 38 0 4 5 6 8 35 43 37 14 27 8 4 32 20 20 14 59 63 11 59 99 76 62 33 60 121 92 146 97 678 107 0 0 207 44 132 112 109 18 162 131 19 17 138 
3 8 15 2 0 10 8 10 2 6 2 8 5 7 7 16 10 7 3 3 1 3 6 2 10 0 4 12 0 10 5 15 13 7 4 2 6 2 11 10 3 1 7 4 5 7 6 7 12 39 7 13 37 21 12 3 28 38 0 21 10 2 13 16 25 29 4 24 6 20 11 12 10 17 7 12 1 15 110 10 9 4 12 21 9 17 2 35 8 0 0 10 2 5 8 4 0 5 8 2 0 5 
2 3 2 0 1 5 1 1 3 10 3 3 2 5 2 7 4 1 10 4 2 0 3 3 5 0 1 4 1 11 5 10 6 8 2 3 4 2 8 2 4 0 3 0 2 9 2 5 2 16 8 2 46 45 14 6 10 20 0 7 2 0 4 16 8 10 1 9 3 5 4 10 0 7 3 6 0 7 61 8 7 0 8 11 3 6 8 28 2 0 0 3 1 3 2 3 0 4 2 0 0 5 
9 12 8 1 3 11 9 5 9 10 5 10 7 7 7 29 11 10 6 3 2 3 6 11 10 1 2 10 1 18 13 21 20 17 5 6 5 5 12 28 8 1 11 11 8 9 10 7 18 49 68 35 5 28 21 9 21 36 0 35 15 0 10 25 18 30 13 18 5 36 17 12 13 23 8 21 6 39 122 21 20 0 19 20 13 18 8 57 14 0 0 10 2 9 2 7 0 6 3 3 0 12 
3 13 2 0 1 8 2 3 4 4 6 4 3 8 4 7 8 1 2 2 1 1 0 3 1 0 4 8 0 8 1 5 4 8 10 2 2 5 6 1 1 1 5 6 1 5 1 1 5 16 13 21 46 1 9 8 6 25 0 32 6 0 7 21 5 18 6 19 3 12 9 5 2 9 4 5 5 10 65 3 6 1 1 16 5 10 2 15 6 0 0 5 0 6 2 3 0 4 5 1 3 4 
2 3 7 0 2 2 2 0 1 9 1 1 3 5 7 5 1 2 0 1 0 0 2 3 0 0 0 3 0 6 2 4 6 3 0 2 0 0 7 0 0 0 1 1 1 0 1 0 3 11 14 16 25 9 4 0 4 22 0 7 2 0 5 8 11 5 0 7 1 8 3 4 5 11 7 6 2 7 41 6 3 1 1 9 5 5 1 8 4 0 0 2 0 1 0 1 0 10 1 1 0 4 
1 5 3 0 5 0 2 1 3 6 4 1 0 2 2 7 1 1 0 0 0 0 1 2 0 0 3 1 0 6 1 3 2 4 1 0 1 0 7 1 5 0 4 2 2 4 1 5 2 8 10 6 22 8 9 5 6 22 0 24 4 2 1 5 7 15 0 4 0 6 9 4 4 12 9 16 10 19 57 7 1 1 6 14 3 4 0 9 2 0 0 4 1 3 0 1 0 3 3 1 0 4 
3 7 4 0 3 4 3 6 1 4 6 2 7 6 8 14 7 4 1 2 2 6 3 6 3 1 1 4 0 10 2 14 5 5 3 0 1 2 7 3 0 1 2 4 3 3 3 6 1 16 29 18 22 29 10 3 0 15 0 28 8 0 3 11 9 23 3 14 3 10 14 17 2 6 19 20 1 16 73 5 7 1 5 17 16 12 6 22 4 0 0 3 1 2 2 1 0 5 3 0 1 5 
6 10 12 0 3 7 11 4 3 17 2 5 4 13 6 18 6 6 3 0 0 0 8 4 4 0 0 15 1 17 11 12 11 12 4 2 2 2 11 4 1 1 4 9 3 5 5 4 2 25 32 25 50 44 23 11 12 5 0 21 8 2 3 15 29 26 10 16 12 5 15 10 8 6 31 30 9 33 158 17 13 1 8 31 19 9 12 40 7 0 0 5 3 7 1 7 0 8 5 2 0 4 
0 0 0 0 0 0 0 0 0 0 0 0 0 0 0 0 0 0 0 0 0 0 0 0 0 0 0 0 1 0 0 0 0 0 0 0 0 0 0 0 0 0 0 0 0 0 0 0 0 0 0 0 0 0 0 0 0 0 0 0 0 0 0 0 0 0 0 0 0 0 0 0 0 0 0 0 0 0 0 0 0 0 0 0 0 0 0 0 0 0 0 0 0 0 0 0 0 0 0 0 0 0 
8 14 11 2 5 15 8 7 0 4 1 8 7 8 18 39 19 5 4 14 3 4 3 4 6 0 7 14 13 16 4 17 6 8 9 3 1 5 12 6 5 0 5 4 6 3 1 3 1 20 29 16 41 43 26 11 25 39 0 4 3 0 5 15 27 45 11 13 4 19 29 13 13 19 20 34 9 18 63 4 3 8 6 14 10 11 6 18 7 0 0 4 1 2 0 2 0 2 0 0 1 3 
2 0 2 2 0 1 1 2 0 2 1 2 2 4 1 2 3 1 0 0 1 2 1 1 1 0 0 4 1 17 6 3 0 3 2 1 0 0 4 3 2 0 3 4 4 1 1 10 1 13 12 7 11 9 10 3 12 20 0 5 1 3 3 6 15 13 5 28 2 11 21 16 5 20 11 14 1 10 28 8 1 1 2 5 3 7 1 22 4 0 0 1 1 2 1 1 0 0 2 0 0 2 
2 9 10 2 1 8 5 5 9 4 18 10 9 2 6 9 13 3 1 1 2 0 0 1 1 0 1 0 0 49 25 32 9 17 30 12 15 30 25 32 19 1 10 8 18 11 5 12 8 21 6 12 2 11 2 5 11 22 0 19 15 4 0 47 41 45 17 22 11 47 22 26 4 14 7 10 1 11 42 17 11 3 14 21 7 11 5 32 8 0 0 5 4 3 1 10 0 1 3 0 1 3 
1 3 1 0 0 6 2 2 0 4 0 1 3 0 0 3 1 1 0 0 0 0 0 0 0 0 0 1 1 4 2 3 2 3 4 0 7 4 13 3 3 0 2 2 0 2 1 1 0 0 1 3 5 11 4 0 6 17 0 10 0 0 2 3 13 20 9 14 7 9 13 13 1 8 4 4 0 2 25 4 1 4 3 1 2 6 1 2 0 0 0 0 0 1 0 0 0 0 0 0 0 0 
1 10 10 4 4 2 4 8 12 10 2 1 1 2 0 5 10 4 1 1 4 0 0 1 0 0 0 2 2 28 12 6 8 3 4 10 29 14 19 23 16 2 8 4 12 7 4 10 9 34 15 16 33 16 8 7 11 38 0 16 10 3 5 5 22 57 8 18 10 30 36 77 8 20 20 10 1 22 52 6 10 7 11 10 0 5 3 12 5 0 0 5 1 3 1 3 0 1 0 1 0 4 
5 10 3 0 0 5 4 3 10 5 0 1 1 0 0 0 3 1 1 1 0 0 0 0 2 0 2 1 2 35 20 22 13 6 12 5 15 14 32 14 7 2 5 5 16 8 8 2 4 20 13 10 20 20 5 6 18 25 0 23 14 2 12 7 1 23 19 38 27 50 46 69 25 37 8 2 2 13 43 11 12 7 5 6 4 8 6 11 3 0 0 7 1 3 0 0 0 0 0 2 1 1 
2 15 13 1 2 14 14 12 14 9 3 11 5 2 0 1 1 0 0 0 0 0 0 0 0 0 0 1 0 65 47 44 31 32 17 12 17 9 31 17 12 1 2 5 11 11 9 17 12 56 26 11 22 13 13 16 27 30 0 42 22 2 24 39 52 18 9 47 37 84 150 120 35 54 15 11 0 10 62 14 14 4 11 14 15 8 7 25 6 0 0 6 1 3 0 3 0 1 1 0 0 0 
0 2 3 0 2 1 5 1 5 8 0 1 0 0 0 0 0 0 0 0 0 0 0 0 0 0 0 0 0 6 8 13 4 7 4 6 6 3 11 2 1 0 1 4 1 4 3 5 0 13 1 3 2 10 1 0 7 9 0 14 3 0 4 5 15 10 2 6 13 12 24 40 17 18 2 3 0 1 8 2 5 0 2 1 0 1 1 6 2 0 0 3 0 1 0 1 0 0 0 0 0 0 
5 6 0 0 0 3 4 2 1 3 2 1 0 0 0 2 0 0 0 0 0 0 0 0 0 0 0 0 2 17 13 8 5 12 11 3 8 4 10 3 4 0 0 1 0 6 4 6 4 10 15 9 15 19 11 4 10 12 0 15 5 1 3 8 33 25 7 2 13 12 52 81 20 35 9 6 3 11 39 7 4 2 5 1 2 3 2 7 4 0 0 1 0 0 0 0 0 0 0 0 0 0 
0 0 1 0 0 2 0 8 0 0 0 1 0 0 1 0 0 0 0 0 0 0 1 0 0 0 0 0 0 10 1 14 4 6 5 3 1 2 10 1 3 1 0 0 1 1 1 0 2 6 1 3 8 1 1 0 1 2 0 1 0 0 4 7 14 15 4 9 3 2 34 48 7 6 1 1 0 4 8 0 0 0 1 1 1 3 1 0 0 0 0 0 0 0 0 0 0 0 0 0 0 0 
2 1 3 0 0 6 2 10 1 1 0 0 0 0 0 0 1 0 0 0 0 0 0 0 0 0 0 0 0 6 4 2 6 10 2 1 4 4 2 1 4 0 0 1 2 3 2 1 4 6 13 9 13 5 4 4 10 5 0 8 3 2 6 13 25 25 14 13 8 1 58 72 19 31 6 3 0 5 16 1 2 1 5 2 0 1 0 4 2 0 0 0 1 0 0 1 0 0 0 0 0 0 
3 7 3 0 1 2 2 4 0 4 3 2 2 0 1 5 0 0 0 0 1 0 0 0 0 0 0 0 0 5 3 5 12 9 4 5 20 7 14 4 5 0 1 4 6 6 1 3 6 25 5 2 4 2 1 6 6 5 0 8 7 0 0 18 32 28 10 21 19 33 3 56 15 33 3 4 1 6 23 4 7 2 6 3 0 3 0 8 0 0 0 1 0 0 0 0 0 0 0 0 0 0 
2 3 1 0 2 1 2 2 3 3 3 1 1 1 1 1 0 1 0 0 0 0 0 0 0 0 0 0 0 5 4 4 8 13 11 3 19 11 19 9 5 0 1 2 4 2 2 5 6 15 10 0 6 4 6 2 11 10 0 15 6 4 2 10 38 44 15 37 30 41 61 4 33 46 2 4 0 2 21 6 1 1 2 2 3 4 1 8 1 0 0 0 1 2 0 0 0 2 0 0 0 1 
1 3 0 0 2 2 2 1 6 2 2 0 1 0 1 2 1 0 0 0 0 0 0 0 0 0 0 0 0 6 2 2 5 1 8 6 5 9 18 5 2 1 2 3 6 6 3 3 1 9 8 11 7 10 1 0 2 6 0 5 6 1 3 4 24 36 16 19 15 36 54 83 3 30 7 4 0 7 23 2 2 1 8 6 4 2 1 9 0 0 0 0 0 0 0 0 0 0 0 0 0 0 
7 7 4 0 5 8 4 17 0 3 1 4 3 3 1 5 0 1 0 0 0 0 0 0 0 0 0 0 0 0 1 0 4 11 6 3 7 9 13 5 5 0 4 11 11 5 6 2 3 21 20 7 9 7 10 1 7 18 0 19 4 0 6 14 18 50 18 39 16 103 54 68 12 5 12 12 10 13 50 12 7 2 5 4 4 8 2 4 3 0 0 2 1 1 0 0 0 2 1 0 0 3 
0 1 3 0 2 1 0 0 2 3 1 2 6 8 8 7 6 1 1 3 2 0 1 7 0 0 0 5 0 5 4 6 4 5 6 1 4 0 3 1 0 1 11 9 8 2 3 11 13 58 14 13 11 16 1 2 7 18 0 5 0 1 3 4 12 11 3 5 0 2 8 2 1 6 1 11 2 7 137 11 14 8 9 47 9 10 2 51 6 0 0 5 4 16 5 3 1 15 7 2 1 12 
4 2 1 0 1 7 3 0 1 7 1 2 6 4 2 11 5 3 0 2 1 0 2 5 3 0 3 1 0 3 2 4 2 2 5 1 1 2 2 6 1 0 13 9 4 6 13 6 14 29 3 4 17 4 5 3 9 12 0 12 3 0 0 5 8 5 0 4 3 8 11 4 1 3 14 2 18 32 145 47 27 9 21 81 25 18 1 62 9 0 0 6 0 6 4 4 1 5 15 0 1 10 
0 1 0 0 0 0 0 2 0 0 0 0 0 0 0 0 0 0 1 0 0 0 0 1 1 0 0 0 0 4 0 0 1 1 0 0 0 0 0 0 1 0 0 3 1 0 0 1 0 3 0 3 0 0 0 0 2 4 0 2 0 0 0 0 4 1 2 2 1 0 2 2 0 0 6 6 0 9 40 4 2 0 6 15 2 2 2 10 2 0 0 0 1 4 2 0 1 4 0 2 0 2 
5 3 5 0 3 1 5 2 2 5 1 5 3 2 0 1 1 1 0 3 1 1 2 1 2 0 0 2 0 3 0 0 2 1 2 0 0 1 2 4 2 1 1 4 2 6 2 4 3 27 3 9 16 5 2 3 3 9 0 3 0 2 1 11 4 4 1 3 2 4 5 3 2 4 43 27 11 1 61 7 10 4 12 32 22 16 12 40 5 0 0 4 4 6 4 5 1 5 1 0 2 7 
18 20 12 5 5 11 17 15 24 14 10 15 16 11 19 40 26 14 11 8 7 3 9 15 3 1 8 14 13 40 11 29 22 30 21 5 9 7 24 21 6 2 19 39 18 23 20 13 12 95 124 67 170 107 69 33 74 133 0 36 13 8 13 45 46 147 22 28 5 39 29 27 29 27 327 191 83 103 22 60 81 41 56 188 79 50 31 126 31 0 0 29 8 31 16 15 4 21 15 4 1 19 
4 2 1 0 0 0 0 1 0 1 2 0 0 0 4 3 3 2 0 0 1 0 3 1 1 0 0 0 4 4 2 4 3 0 4 1 0 3 1 6 1 1 12 15 7 6 6 12 10 33 7 4 13 8 3 0 3 24 0 11 2 0 2 3 9 4 1 3 0 4 2 11 0 7 22 33 10 23 82 7 17 9 27 66 40 26 12 53 12 0 0 27 5 7 5 11 4 13 19 1 1 10 
2 3 1 0 1 0 4 0 0 3 0 0 0 0 0 1 0 0 0 1 1 0 1 1 1 0 2 1 0 4 1 2 1 6 1 1 0 1 2 5 6 1 9 4 4 1 3 1 1 14 7 3 5 7 0 0 2 6 0 5 1 0 2 2 6 3 3 3 1 0 3 1 0 3 18 31 6 19 106 12 6 9 4 58 26 19 8 36 11 0 0 9 1 11 2 5 2 10 5 1 0 10 
1 5 1 0 1 1 1 0 0 1 0 0 1 2 0 2 0 0 0 0 0 1 2 1 1 0 1 3 0 6 1 2 4 6 0 0 1 3 0 6 11 5 17 12 8 12 11 5 20 66 3 3 5 1 2 0 9 9 0 2 4 1 0 1 1 10 1 0 5 5 4 1 3 0 15 34 5 26 44 18 17 1 15 53 23 22 13 89 8 0 0 11 2 15 13 11 5 14 29 5 1 16 
1 4 1 0 0 0 0 0 0 0 0 0 2 0 0 0 0 0 0 0 0 0 0 1 0 0 0 0 0 1 1 0 4 1 2 0 0 0 1 4 1 1 18 14 4 4 2 5 2 17 4 5 5 3 0 0 7 14 0 1 1 0 1 1 3 3 0 0 0 0 0 0 3 3 18 30 5 15 56 10 25 4 3 136 34 17 11 49 4 0 0 15 2 9 8 2 0 13 12 4 2 6 
3 2 4 3 3 13 5 4 0 6 0 0 1 0 0 2 3 0 0 0 0 0 0 2 1 0 0 1 1 5 1 5 5 5 0 3 2 3 27 12 6 3 33 54 19 45 17 24 45 119 32 20 34 22 17 13 37 65 0 10 3 0 0 3 4 6 4 5 1 4 8 2 5 3 163 65 61 126 232 146 165 51 168 12 153 83 44 195 44 0 0 60 20 35 22 26 4 33 20 7 0 29 
3 1 1 0 1 1 3 2 2 0 0 0 0 0 0 0 1 0 0 0 0 0 0 0 1 0 0 0 1 2 0 4 2 1 1 0 1 2 2 5 4 0 18 20 7 11 13 16 10 43 1 6 11 6 1 4 9 5 0 6 4 0 0 4 4 3 0 2 1 0 1 2 3 6 14 29 2 19 43 29 28 7 35 127 5 42 26 84 24 0 0 20 7 13 9 11 2 14 17 1 1 13 
4 2 6 1 1 7 1 9 0 0 0 0 0 1 0 7 1 3 6 7 1 0 0 4 4 0 1 6 3 13 1 9 7 2 8 6 19 23 24 8 8 6 32 68 24 39 25 19 21 108 21 6 17 5 1 1 8 9 0 7 2 0 1 4 7 5 1 4 2 0 5 3 0 1 23 37 2 14 35 21 31 29 32 97 50 8 14 74 30 0 0 84 11 35 30 18 4 22 17 3 3 25 
4 3 2 0 0 5 3 1 0 3 1 0 1 0 0 1 3 2 2 2 3 2 1 4 0 0 1 4 0 15 2 10 9 3 4 2 10 7 38 14 3 0 30 62 15 25 20 27 25 62 10 6 8 3 0 0 5 4 0 7 0 0 0 0 9 3 2 1 0 0 2 2 2 1 12 20 2 22 26 25 13 12 19 57 30 23 5 41 20 0 0 74 8 33 10 22 2 25 15 3 0 25 
14 18 17 2 4 12 9 3 5 5 4 2 2 2 1 15 15 7 3 4 10 3 1 16 13 0 1 30 4 57 15 41 46 11 24 14 45 62 113 38 23 19 58 116 40 116 70 85 111 467 30 14 40 8 8 2 13 18 0 13 6 6 0 3 13 10 2 4 0 4 6 8 5 8 62 45 30 62 90 49 45 31 40 125 68 61 22 18 45 0 0 133 29 58 54 92 17 74 97 10 7 145 
6 2 2 0 0 3 0 2 2 3 0 0 3 1 1 2 11 3 3 2 2 0 0 6 5 1 1 10 0 25 7 18 12 7 12 7 22 21 41 29 13 12 33 78 16 28 9 46 21 74 6 8 9 5 3 2 6 4 0 2 7 0 1 3 7 2 4 0 1 2 2 0 1 5 14 13 1 14 22 13 18 6 15 44 27 50 43 36 6 0 0 54 15 20 28 57 5 20 23 3 6 47 
0 0 0 0 0 0 0 0 0 0 0 0 0 0 0 0 0 0 0 0 0 0 0 0 0 0 0 0 0 0 0 0 0 0 0 0 0 0 0 0 0 0 0 0 0 0 0 0 0 0 0 0 0 0 0 0 0 0 0 0 0 0 0 0 0 0 0 0 0 0 0 0 0 0 0 0 0 0 0 0 0 0 0 2 0 0 0 0 0 0 0 0 0 1 0 0 0 0 1 0 0 0 
0 0 0 0 0 0 0 0 0 0 0 0 0 0 0 0 0 0 0 0 0 0 0 0 0 0 0 0 0 0 0 0 0 0 0 0 0 0 0 0 0 0 0 0 0 0 0 1 0 0 0 0 0 0 0 0 0 0 0 0 0 0 0 0 0 0 0 0 0 0 0 0 0 0 0 0 0 0 1 0 0 0 0 0 0 0 0 0 0 0 0 0 0 0 0 0 0 0 0 0 0 0 
2 16 17 3 4 12 20 12 7 13 9 7 19 1 5 13 19 11 9 3 6 6 6 11 3 0 4 14 2 102 35 59 60 58 42 26 110 134 227 96 80 16 53 247 134 169 120 178 282 501 12 21 36 23 6 3 18 19 0 19 5 2 3 13 14 4 1 0 2 1 6 10 3 2 33 26 2 36 92 43 59 50 62 151 103 159 142 416 169 0 0 21 74 135 95 528 38 270 158 29 27 145 
0 2 1 2 0 1 1 5 0 6 1 0 5 1 0 2 5 1 0 0 0 0 0 1 0 1 0 2 1 5 5 8 4 10 5 2 5 10 21 5 17 6 40 49 25 38 14 33 35 56 2 3 5 3 0 2 0 1 0 2 1 0 0 0 2 0 0 0 0 0 0 0 1 2 8 9 1 13 17 4 12 7 10 19 15 39 17 71 27 0 0 46 3 5 10 41 4 31 21 2 5 26 
1 1 0 2 0 1 1 1 0 0 0 0 0 2 0 0 2 1 0 0 2 0 1 0 0 0 0 0 0 22 6 14 9 15 6 4 14 12 24 11 9 4 16 35 26 46 21 43 41 89 6 2 4 2 1 0 10 9 0 1 0 0 1 0 1 1 1 0 0 0 0 1 0 0 10 5 4 25 29 20 16 17 14 27 17 46 24 104 29 0 0 93 5 4 3 45 5 22 12 5 7 45 
0 1 0 0 0 2 1 6 0 2 0 2 1 1 2 0 0 1 0 0 1 0 0 0 0 0 0 0 2 15 5 2 6 7 1 3 4 8 27 12 6 5 29 47 19 33 18 39 60 80 7 2 3 6 1 0 4 2 0 2 0 1 1 1 0 4 0 0 0 0 0 1 0 1 13 4 0 11 32 9 11 6 9 16 23 33 14 85 28 0 0 45 5 9 5 15 7 42 9 10 7 61 
0 1 0 0 0 0 6 1 4 3 0 1 5 3 0 7 0 0 0 0 0 1 0 3 2 0 0 1 0 16 1 5 8 3 5 2 23 10 46 36 5 10 40 89 50 47 12 32 27 63 5 1 7 3 0 0 1 2 0 2 2 1 0 0 0 15 1 0 0 0 0 0 0 0 4 4 3 8 29 26 17 10 10 29 26 19 18 152 47 0 0 109 10 36 19 6 10 96 68 7 18 75 
0 0 0 0 0 0 0 0 0 0 0 0 2 1 0 0 0 0 0 0 0 0 0 0 0 0 0 0 0 3 0 2 0 0 0 1 4 1 14 1 2 1 2 14 5 1 2 3 5 11 0 1 0 0 0 0 0 0 0 0 0 0 0 0 0 0 0 0 0 0 0 0 0 0 1 1 0 1 0 1 2 0 0 2 4 3 6 16 2 0 0 9 1 4 3 1 0 0 1 1 3 3 
3 1 3 0 0 1 1 2 0 1 0 1 0 0 0 1 0 0 0 0 0 0 0 0 0 0 0 0 0 4 0 4 6 0 5 1 4 4 21 0 4 5 15 28 16 21 12 15 14 51 7 2 2 2 0 0 3 3 0 2 2 0 0 0 0 0 0 0 0 0 0 0 0 0 2 9 2 4 11 7 7 5 8 23 12 11 8 47 7 0 0 37 5 4 11 28 0 3 3 4 1 29 
5 3 0 3 0 2 2 1 0 5 1 2 2 2 0 1 2 1 0 0 0 0 0 1 0 0 0 9 1 9 5 3 6 3 9 1 9 9 34 7 8 3 24 29 14 27 20 17 26 95 13 3 9 3 2 3 3 8 0 4 2 0 0 0 1 2 0 0 0 0 1 3 0 0 9 4 4 11 13 14 16 9 7 26 16 26 13 79 15 0 0 41 6 7 11 9 0 0 3 2 0 29 
0 0 0 0 1 0 0 0 0 0 1 0 0 2 0 0 0 0 0 0 0 0 0 0 0 0 0 0 0 1 0 0 0 0 0 1 1 5 4 1 2 0 2 5 0 2 2 3 1 6 4 1 3 0 0 0 1 0 0 0 0 0 0 0 0 0 0 0 0 0 0 0 0 0 2 2 0 0 0 2 0 1 2 6 2 2 1 15 4 0 0 13 1 1 3 8 0 0 4 1 0 4 
1 0 0 0 0 0 0 0 1 1 0 0 0 0 0 0 0 0 0 0 0 0 0 0 0 0 0 0 0 1 2 0 0 0 1 0 1 0 2 7 6 0 5 6 5 0 6 0 2 6 0 1 2 0 0 0 1 0 0 0 0 0 0 0 0 0 0 0 0 0 0 0 0 0 2 1 0 2 5 4 1 2 2 2 11 5 2 18 7 0 0 4 2 3 2 8 1 7 4 1 2 1 
2 14 7 2 1 7 5 4 7 3 0 2 1 3 4 2 8 0 0 1 1 2 1 3 1 0 0 6 0 29 6 20 23 4 11 7 12 26 56 13 13 6 71 67 47 49 37 39 46 147 16 14 15 8 2 0 2 10 0 1 6 1 0 1 2 4 0 3 0 1 1 3 0 1 16 10 2 13 17 15 16 7 19 35 23 44 19 219 40 0 0 85 17 32 46 48 9 47 33 6 2 13 
