3 7 5 6 5 15 21 9 16 12 13 14 8 19 17 16 18 19 9 6 4 8 9 6 7 0 3 5 10 7 0 2 2 1 2 0 0 2 7 10 3 1 0 1 3 2 1 1 2 10 3 1 3 2 0 2 2 8 0 0 0 1 0 0 2 3 0 3 0 0 1 0 0 2 1 2 0 2 6 0 0 0 2 1 0 1 0 21 0 0 0 3 0 0 0 0 0 0 0 0 0 2 
6 6 16 9 4 37 21 24 36 21 11 36 31 13 36 37 15 13 9 5 15 8 5 6 1 2 0 13 9 8 1 1 2 2 2 1 3 6 7 9 6 2 5 3 9 3 6 5 7 26 4 0 0 3 1 4 2 3 0 2 0 1 0 1 10 5 1 4 0 2 0 1 0 4 3 3 0 4 10 9 1 1 2 2 2 2 2 25 0 0 0 4 0 2 0 2 0 0 1 0 0 0 
5 9 5 11 5 16 8 14 20 17 10 17 27 33 30 20 15 9 10 3 6 9 1 9 2 0 2 10 11 2 2 0 6 6 0 1 0 4 4 4 1 0 3 2 4 4 5 7 3 15 4 1 2 5 1 0 1 3 0 0 0 0 0 2 1 6 1 1 0 1 0 1 0 1 2 1 0 0 2 1 1 0 0 0 0 2 2 10 4 0 0 0 4 0 0 1 0 0 1 1 0 0 
1 3 3 2 0 7 5 1 3 4 2 2 2 4 4 4 2 2 0 0 0 0 0 1 0 0 0 0 2 0 0 0 0 0 1 0 0 0 1 1 0 0 0 0 0 1 0 1 0 0 3 0 0 1 1 0 0 0 0 1 0 0 0 0 0 0 0 0 0 0 1 1 0 0 0 0 0 1 0 0 0 0 2 0 0 0 0 0 0 0 0 1 0 0 0 0 0 2 0 0 0 0 
4 8 1 3 3 5 3 4 3 6 0 7 5 10 3 6 3 4 1 1 3 3 1 0 1 0 0 1 2 1 0 2 0 0 0 0 0 0 5 4 4 0 3 1 0 0 0 3 2 8 1 0 0 0 0 0 2 0 0 0 0 0 0 0 0 1 0 0 0 0 1 1 0 0 0 1 0 1 2 2 0 0 0 0 0 0 1 5 0 0 0 1 0 0 0 0 0 0 0 0 0 0 
15 31 22 16 5 8 4 6 12 5 7 13 35 16 21 24 24 9 8 3 6 7 11 6 3 0 1 7 9 1 0 5 2 0 0 3 1 7 10 7 5 2 2 0 1 1 4 5 4 13 6 4 9 1 4 1 2 8 0 1 0 0 0 3 2 2 0 5 0 1 2 2 1 0 1 0 1 1 3 0 0 0 2 3 0 5 2 11 4 0 0 2 0 1 0 4 3 1 0 0 0 0 
27 20 17 14 3 6 3 9 10 5 8 12 26 19 18 24 9 14 9 8 5 7 1 7 3 0 0 8 10 5 3 3 0 0 0 0 2 2 6 9 2 1 2 1 0 4 3 0 2 10 5 1 3 0 3 0 3 9 0 2 0 0 0 6 4 3 1 3 1 0 1 1 0 0 0 2 0 1 15 1 0 0 1 0 2 2 1 10 1 0 0 3 0 0 1 1 0 0 3 0 0 2 
14 23 26 7 3 21 6 6 4 9 10 17 23 24 39 31 21 9 11 12 12 8 1 23 0 0 0 3 2 5 2 1 3 0 1 0 1 1 5 11 9 0 1 1 6 16 4 9 6 12 1 2 4 2 7 0 1 4 0 1 0 1 0 1 9 3 2 1 1 0 1 0 0 5 12 2 0 3 5 0 0 0 2 2 4 0 1 2 2 0 0 0 0 0 0 0 0 0 0 0 0 0 
22 37 39 10 10 26 20 7 6 9 12 24 21 20 23 28 24 7 8 17 12 8 13 9 0 0 1 10 4 5 1 4 0 1 1 1 2 3 7 14 6 3 3 6 9 5 5 4 6 12 1 0 9 2 1 0 0 7 0 0 0 0 0 3 1 7 5 2 0 0 2 3 0 4 2 3 0 3 4 2 0 0 1 0 1 3 3 4 1 0 0 2 0 0 1 1 0 0 1 0 0 1 
3 18 12 4 5 16 3 7 3 0 3 10 15 7 5 17 14 29 10 7 8 6 1 18 3 0 2 13 1 1 2 1 1 4 0 1 0 0 8 8 3 1 1 1 1 4 3 4 5 7 9 0 7 5 3 2 3 7 0 2 2 0 0 4 6 4 1 1 1 5 8 5 0 9 2 5 1 0 9 1 0 0 1 3 0 1 1 4 0 0 0 0 3 2 0 0 0 0 1 0 0 0 
3 6 9 3 3 6 0 6 1 1 1 2 7 9 3 23 7 7 5 2 0 6 4 3 0 0 0 6 1 4 0 0 0 0 0 0 0 0 6 6 1 0 0 0 1 2 5 0 0 7 0 1 2 1 0 1 0 3 0 0 1 0 0 0 1 5 0 0 0 0 0 0 0 1 2 0 0 3 1 0 1 0 0 0 0 1 0 0 0 0 0 0 0 1 0 1 0 0 0 0 0 1 
20 32 23 4 5 22 30 35 32 29 14 6 11 21 30 32 19 17 12 34 7 11 7 33 4 1 8 16 4 9 3 2 4 0 0 0 0 3 7 16 7 1 1 0 5 1 10 4 2 16 2 4 6 14 0 0 11 3 0 14 0 0 0 0 1 5 0 1 0 2 2 1 1 2 6 1 0 1 7 0 0 0 0 0 2 1 0 6 2 0 0 5 1 1 1 0 0 3 0 1 0 0 
15 40 29 5 10 34 54 50 49 32 16 18 9 15 19 51 45 25 28 21 28 31 17 53 7 0 2 28 4 9 1 7 2 4 1 1 0 3 8 24 6 2 5 3 5 9 6 0 4 21 2 3 3 9 0 0 9 8 0 6 1 0 2 1 2 0 0 0 1 1 5 5 0 1 5 5 2 1 10 5 0 0 0 0 0 2 0 1 1 0 0 2 2 4 1 1 0 1 1 0 0 0 
52 83 64 11 20 82 92 86 95 65 55 59 53 13 16 46 85 65 68 51 63 59 43 81 20 5 5 75 11 7 6 2 2 2 0 2 0 2 20 18 7 0 3 5 3 2 4 4 3 11 11 11 8 21 2 1 16 40 0 11 4 0 1 0 3 4 0 0 0 2 2 0 0 0 4 8 1 6 31 2 2 0 0 0 0 3 2 1 1 0 0 1 2 4 0 0 0 0 2 0 0 2 
24 33 37 4 8 27 22 28 23 20 16 15 18 3 2 18 29 24 21 21 18 19 23 42 7 4 6 46 2 4 1 3 1 0 1 1 0 1 2 7 4 2 2 4 1 4 0 2 1 12 6 3 7 4 0 2 5 7 0 4 0 1 0 0 0 0 0 0 0 0 1 1 0 0 18 3 0 3 7 2 0 0 0 0 0 1 0 1 2 0 0 1 0 0 2 0 1 2 0 0 0 2 
57 81 45 19 27 94 113 82 80 88 70 89 114 45 22 16 107 111 54 93 164 98 102 189 56 16 30 204 7 58 25 51 37 23 20 30 17 1 12 49 34 5 17 9 19 24 23 10 15 64 9 7 30 17 5 1 14 19 0 15 6 0 1 1 6 3 6 3 4 2 2 2 3 11 19 7 2 12 35 9 4 0 2 0 0 6 1 19 16 0 0 8 4 14 2 7 2 1 2 1 2 5 
12 37 18 1 6 32 27 27 68 31 16 36 51 42 32 49 7 59 27 40 53 32 43 74 24 10 10 52 2 46 6 32 5 14 19 12 6 5 32 23 13 3 8 9 10 8 17 6 7 32 3 8 11 16 4 0 7 7 0 5 2 0 1 5 2 0 2 1 0 0 0 1 2 0 2 1 3 1 12 4 3 0 0 0 1 5 4 14 8 0 0 2 6 0 0 2 0 1 1 2 1 0 
6 19 19 3 2 24 37 26 26 26 20 30 61 31 34 61 37 8 34 32 48 46 36 62 46 4 11 57 0 33 19 15 5 15 9 4 5 12 26 28 15 2 4 9 12 24 6 6 9 45 3 3 10 8 4 1 3 10 0 4 0 0 2 3 1 0 0 0 0 0 0 2 0 0 4 0 0 4 12 2 0 0 0 0 0 5 1 13 1 0 0 2 0 0 0 0 0 2 1 0 0 3 
7 18 29 11 9 13 17 19 21 16 10 29 53 34 36 62 81 53 3 15 100 40 48 72 35 7 12 59 1 13 13 16 2 9 9 17 1 12 30 12 10 7 5 5 11 16 13 6 16 22 6 5 3 7 3 0 9 8 0 2 2 2 2 1 0 0 0 0 0 0 1 0 0 0 35 0 0 21 10 4 2 0 3 0 0 1 1 3 4 0 0 1 0 0 0 2 0 1 0 0 0 0 
0 13 13 2 5 5 12 10 4 10 3 14 13 15 10 31 15 8 6 4 6 3 13 17 17 0 8 46 1 5 0 2 0 0 5 3 0 2 7 8 7 0 0 2 4 3 2 3 2 6 0 0 2 2 2 0 0 1 0 1 0 0 0 0 0 0 0 0 0 0 0 0 0 0 0 1 0 0 9 0 0 0 0 0 0 1 0 8 1 0 0 0 0 0 2 1 0 2 0 0 0 0 
3 9 8 0 0 6 10 9 20 11 4 7 15 5 22 60 47 22 22 4 6 6 52 55 13 13 29 45 2 5 1 12 5 0 4 3 5 2 10 11 3 1 3 3 2 2 2 2 12 15 0 4 1 0 0 2 3 2 0 1 0 0 0 0 0 0 0 0 0 0 0 0 0 0 0 1 0 0 3 0 2 0 0 1 0 1 0 3 2 0 0 0 0 0 0 1 0 0 0 1 0 0 
6 11 13 2 4 4 12 7 5 7 8 10 10 14 20 29 18 7 8 5 3 3 6 17 9 7 9 28 1 2 0 1 0 0 1 5 2 4 9 3 4 0 0 4 2 1 4 1 1 9 0 0 1 0 2 1 0 1 0 0 1 0 0 0 0 0 0 0 0 0 0 0 0 0 1 0 0 0 3 0 0 0 0 0 0 2 0 3 0 0 0 0 0 0 0 0 0 0 0 1 0 0 
6 3 1 0 2 3 3 0 4 8 0 11 10 3 5 22 10 8 13 9 6 5 4 3 2 6 14 26 1 3 4 1 0 0 1 1 1 1 5 3 1 0 1 1 2 5 1 0 1 5 3 0 0 1 0 0 1 4 0 0 0 0 0 0 0 0 0 0 0 0 0 0 1 0 0 1 0 3 8 1 0 0 0 0 1 0 0 3 0 0 0 0 0 1 0 1 0 0 0 0 0 0 
4 3 3 0 5 5 1 9 3 10 3 12 9 14 12 23 32 20 21 6 12 4 10 9 4 34 36 57 2 6 0 5 2 3 8 3 3 6 24 5 8 1 2 0 3 1 2 5 8 8 3 0 3 0 1 0 2 1 0 0 1 0 0 1 0 1 2 0 0 0 0 0 0 0 0 0 0 2 5 1 0 0 0 0 0 1 0 3 5 0 0 2 0 2 0 1 0 0 0 0 0 0 
4 7 2 2 2 2 6 6 9 15 2 12 8 13 10 41 11 12 12 5 9 6 2 4 6 7 5 26 1 4 2 6 6 1 0 4 0 2 10 8 6 1 6 4 7 6 3 9 3 25 6 2 0 1 3 1 2 2 0 0 0 0 0 1 1 0 0 0 0 0 0 1 0 0 1 1 0 0 2 0 0 0 0 1 2 1 2 25 0 0 0 0 0 0 0 1 0 0 0 0 0 1 
0 0 2 0 0 1 0 0 1 3 0 3 5 0 1 5 0 1 6 5 6 5 3 15 1 1 2 5 0 1 0 1 0 0 0 1 0 2 3 0 0 0 0 0 0 0 0 0 0 2 0 0 2 0 0 0 0 0 0 0 0 0 0 0 1 0 0 0 0 0 0 0 0 0 0 1 0 0 1 0 0 0 0 0 0 1 0 1 0 0 0 0 0 0 0 1 0 0 0 0 0 0 
0 0 0 0 1 1 0 2 3 0 0 2 3 0 3 4 2 1 0 1 1 1 2 10 0 0 2 14 0 0 0 0 0 0 1 0 0 0 1 1 0 0 0 0 0 0 0 0 0 0 0 1 0 0 0 0 0 0 0 0 0 0 0 0 0 0 0 0 0 0 0 0 0 0 0 0 0 0 2 1 0 0 0 0 0 0 0 1 2 0 0 0 1 0 0 0 0 0 0 0 0 0 
9 6 4 4 2 9 3 12 4 14 1 11 14 28 26 46 19 24 14 23 28 14 29 35 14 2 19 2 0 0 0 5 4 4 2 4 6 8 20 18 5 1 6 7 2 6 5 3 2 13 2 0 0 0 3 0 2 3 0 0 0 0 0 2 0 0 0 0 0 0 0 0 0 0 2 6 0 0 7 1 0 1 0 0 0 0 1 15 1 0 0 5 0 0 0 1 0 1 0 0 0 0 
82 137 176 26 34 106 93 64 50 32 14 44 41 41 32 28 21 19 14 14 25 20 3 8 4 0 1 8 3 4 0 10 1 7 6 5 4 10 10 15 3 3 12 5 5 10 12 10 10 47 1 0 4 3 1 1 2 8 0 2 2 0 1 2 13 6 3 4 2 0 10 2 0 3 6 4 1 3 11 2 2 1 5 0 3 1 5 24 4 0 0 3 0 6 0 2 0 4 3 0 0 0 
5 3 3 0 2 4 6 7 1 7 4 6 2 7 4 13 22 17 3 0 12 4 1 5 5 4 1 3 1 17 105 155 82 40 73 86 63 66 55 81 41 4 16 23 28 31 20 20 23 124 7 3 11 8 1 0 7 3 0 4 4 3 7 12 24 20 9 8 5 3 6 14 2 0 6 1 0 4 23 2 3 0 6 3 2 4 5 50 10 0 0 21 1 8 2 16 0 8 6 1 1 8 
2 2 0 0 1 1 1 0 6 0 1 5 3 0 1 9 4 7 6 0 5 7 7 1 1 0 0 2 0 86 5 61 49 14 19 26 44 24 33 41 18 2 2 3 14 13 8 0 8 23 5 3 2 8 1 0 1 2 0 1 2 0 0 2 6 3 1 6 1 1 8 1 1 0 1 0 1 1 8 1 5 4 0 0 1 3 3 14 4 0 0 2 0 1 3 1 0 2 1 0 0 0 
2 3 4 0 2 5 4 3 5 0 0 4 4 0 2 15 21 7 1 8 1 2 1 6 10 1 2 5 0 98 53 3 25 23 46 39 64 72 82 80 51 9 15 21 33 25 28 11 34 90 7 2 2 6 4 3 5 9 0 3 5 0 0 5 15 10 7 6 4 8 5 8 0 2 6 3 0 2 6 2 2 4 3 1 1 4 5 35 8 0 0 10 2 3 5 8 0 3 0 0 1 4 
20 36 23 0 9 14 10 13 22 6 9 21 27 6 8 36 57 26 25 11 14 13 4 15 17 2 2 49 3 309 116 136 13 57 104 121 220 193 214 226 147 28 101 98 158 143 143 144 188 768 80 55 58 39 20 3 36 62 0 20 5 4 1 19 40 35 11 18 10 23 38 32 8 11 24 29 8 20 71 18 10 12 16 16 5 33 11 194 54 0 0 39 20 44 29 39 3 20 10 4 2 19 
3 2 2 0 0 1 3 0 1 3 0 0 1 0 1 14 9 5 2 1 1 5 4 2 1 0 4 23 0 82 30 52 7 2 4 11 31 24 49 62 26 1 26 15 38 16 15 18 12 57 10 7 8 5 2 3 4 6 0 2 1 3 2 2 7 16 6 11 1 2 12 15 1 5 6 1 3 2 14 2 1 0 1 0 3 2 0 18 10 0 0 4 2 0 3 4 1 2 4 0 1 4 
1 10 7 0 2 5 7 4 2 0 0 6 2 1 8 11 16 15 11 2 5 9 5 5 11 1 2 13 0 190 90 74 45 18 8 10 36 41 68 123 46 9 38 27 42 39 28 21 36 107 4 9 8 12 6 7 6 11 0 6 0 0 3 11 9 9 6 13 3 16 18 14 3 7 6 2 0 2 14 7 3 1 1 0 0 8 5 30 16 0 0 10 9 10 7 18 1 8 3 0 0 5 
0 4 2 1 0 0 0 0 0 0 0 0 2 0 0 11 14 5 14 3 4 5 2 8 0 0 0 5 1 112 38 39 36 14 16 9 27 31 55 41 45 9 10 7 11 10 20 17 24 57 3 3 4 2 1 1 1 2 0 0 0 1 1 5 10 3 2 4 0 4 5 6 1 4 2 0 0 0 2 1 1 0 0 0 0 1 3 20 7 0 0 3 5 6 1 7 1 2 0 1 3 1 
0 8 1 0 0 2 2 1 2 2 0 12 2 0 1 30 46 25 19 24 14 29 13 24 9 0 3 29 0 439 207 395 112 123 129 109 18 140 257 407 189 70 87 75 119 102 113 63 79 263 7 11 15 14 3 0 3 6 0 2 1 7 14 33 47 39 11 37 2 8 34 23 13 16 3 6 4 6 15 2 1 1 3 0 5 19 24 82 32 0 0 19 22 16 15 38 0 14 14 4 3 6 
4 6 2 1 1 5 8 9 5 4 1 7 7 1 3 4 13 11 11 10 10 11 3 14 7 4 4 5 0 146 42 135 58 41 49 76 48 12 55 122 73 20 37 44 50 48 53 30 47 154 0 4 6 2 2 1 3 0 0 1 2 4 3 14 10 14 6 4 3 4 21 13 4 10 2 2 1 3 7 3 0 0 0 1 0 10 9 71 26 0 0 16 12 10 3 12 1 12 8 2 1 3 
25 33 18 7 6 39 36 21 35 27 23 53 42 20 6 16 56 57 38 32 58 40 23 60 24 4 6 72 1 364 131 312 166 141 142 139 227 98 14 582 387 36 148 110 174 148 142 114 123 502 13 19 45 14 5 3 22 32 0 5 11 4 17 27 52 31 14 23 8 11 29 30 6 20 28 14 2 5 45 11 10 7 5 15 3 35 30 149 63 0 0 59 13 57 27 59 14 42 38 13 7 25 
6 12 26 0 11 17 13 11 15 8 7 16 13 7 8 10 23 15 9 16 18 6 10 23 7 1 2 25 0 78 27 84 39 46 42 49 74 95 227 16 18 22 29 34 63 67 56 52 72 189 6 7 9 6 4 0 11 4 0 3 1 1 1 5 9 12 6 3 0 1 11 8 2 5 8 3 1 2 18 12 2 5 5 21 17 4 4 30 24 0 0 22 5 17 1 20 2 22 3 7 1 6 
4 9 10 1 2 6 3 2 4 5 1 7 5 2 4 10 22 10 4 9 5 4 6 8 4 0 4 17 0 62 22 52 37 19 22 19 42 52 89 80 8 8 24 42 35 65 70 58 59 175 1 1 2 5 0 2 3 4 0 0 2 2 0 1 7 5 5 4 0 2 4 6 3 0 2 1 0 6 10 8 6 8 4 8 3 30 19 15 24 0 0 14 0 19 6 17 2 5 9 1 0 3 
0 3 0 0 0 3 0 0 0 3 1 1 1 2 1 0 1 4 1 0 2 0 2 2 0 0 0 3 0 10 2 5 5 1 1 4 10 8 26 15 12 1 4 16 20 13 9 13 17 28 0 1 0 1 1 0 0 1 0 0 0 0 2 1 8 6 2 0 1 0 0 0 0 0 0 0 0 2 3 1 1 0 3 2 2 4 3 6 5 0 0 4 1 2 2 6 0 10 0 0 0 0 
2 6 7 0 1 6 9 4 6 3 2 6 7 1 3 12 13 11 1 1 12 3 0 8 2 0 0 16 1 61 16 36 26 26 31 33 45 52 50 46 55 10 13 20 42 54 30 59 94 154 3 8 9 9 4 2 5 9 0 1 1 0 0 3 3 2 3 5 1 1 6 5 6 2 9 11 2 7 11 13 19 6 23 37 34 40 32 80 40 0 0 27 25 33 26 72 6 58 43 5 7 19 
1 9 8 1 4 7 13 8 9 3 4 6 9 1 8 5 14 15 7 4 4 11 9 8 7 2 0 18 0 51 22 55 31 29 34 19 39 86 121 120 87 49 40 14 92 125 88 113 172 326 10 12 15 13 2 5 7 18 0 1 4 0 0 5 12 5 4 9 1 2 2 3 1 3 17 9 6 13 30 23 34 13 30 68 68 91 69 134 108 0 0 73 52 68 32 156 18 89 48 10 4 34 
8 9 14 1 2 5 2 5 5 3 5 6 9 2 6 4 12 12 7 0 3 5 0 15 4 2 2 5 1 57 17 58 26 23 18 17 30 51 65 110 37 21 31 71 5 75 77 113 153 193 13 4 4 2 3 0 1 6 0 1 1 0 1 8 4 6 2 4 3 1 5 2 0 2 13 2 4 9 10 11 14 4 7 18 30 26 17 65 19 0 0 24 10 22 8 44 15 39 18 5 5 11 
5 20 12 13 4 10 23 7 3 8 5 13 8 6 4 8 25 21 5 8 8 10 10 23 4 0 2 11 0 67 23 79 42 31 34 33 79 66 104 151 132 24 80 150 144 12 109 266 270 583 12 12 20 12 5 0 5 13 0 5 1 2 2 7 15 6 5 5 2 2 19 9 4 2 14 8 0 10 40 25 14 6 21 22 29 89 52 211 42 0 0 63 32 61 29 90 5 49 47 8 6 31 
1 9 5 0 1 4 9 6 5 5 5 6 5 2 2 7 15 11 3 4 2 1 1 9 6 0 0 11 1 33 13 36 24 20 14 9 30 47 54 56 19 4 20 34 35 46 8 97 120 201 2 3 4 3 0 0 5 5 0 0 0 0 2 5 10 2 3 1 0 1 8 2 1 3 2 1 0 4 9 11 5 4 9 13 13 22 12 111 12 0 0 21 8 8 9 15 2 24 12 0 0 6 
3 5 2 0 0 4 5 1 2 1 0 1 2 0 2 2 10 2 1 5 6 1 3 5 2 0 0 6 0 16 4 15 18 12 13 8 24 21 23 37 42 6 17 38 43 122 54 8 96 246 5 1 2 3 0 1 0 1 0 0 0 0 0 2 6 0 1 4 0 2 7 1 1 1 3 4 0 3 5 3 4 3 4 7 10 32 9 79 17 0 0 21 6 23 5 21 2 13 6 2 1 5 
0 2 3 0 1 2 1 2 3 1 4 2 3 8 2 1 1 3 4 1 4 7 7 6 0 0 0 5 0 14 7 16 10 10 6 9 19 27 34 36 24 10 8 31 34 67 54 64 3 160 5 1 3 3 0 1 1 1 0 0 1 2 1 3 8 4 3 0 2 0 4 1 2 1 3 1 0 6 5 3 3 2 4 7 4 12 9 75 12 0 0 11 3 18 2 13 6 14 7 1 0 9 
24 42 28 7 6 25 27 29 34 20 8 37 38 16 33 20 44 42 12 13 20 27 19 36 28 3 9 58 3 186 54 139 171 76 75 98 133 217 236 267 218 36 124 222 249 367 242 536 693 40 30 24 50 15 7 3 12 22 0 3 3 5 3 26 35 32 13 24 5 9 21 25 9 10 39 21 2 28 57 41 48 34 36 66 36 94 61 583 75 0 0 73 30 84 44 115 17 69 75 17 8 62 
2 6 3 0 3 9 5 4 2 3 0 6 5 10 2 13 1 3 1 0 0 4 4 2 3 0 0 9 0 8 2 4 8 4 3 5 1 0 9 9 2 0 3 4 2 3 1 7 9 16 4 13 16 24 10 6 14 26 0 11 8 1 1 11 19 16 6 13 0 6 2 7 4 3 9 6 11 7 33 7 10 4 11 19 9 3 4 47 2 0 0 4 0 4 1 3 1 4 2 0 0 1 
2 1 3 0 0 4 3 1 0 4 0 7 3 2 2 3 3 5 1 1 0 0 1 0 2 0 1 3 0 4 3 8 7 2 5 2 0 0 11 2 2 0 1 5 1 4 10 1 4 11 13 5 19 27 11 11 3 13 0 4 5 0 1 4 11 14 4 7 0 3 3 4 3 1 7 3 0 3 33 5 4 0 4 13 6 7 6 18 1 0 0 3 2 3 0 3 1 1 0 2 0 1 
1 6 2 1 3 9 5 7 4 6 3 2 6 3 8 10 7 3 3 2 2 1 2 6 5 1 2 9 0 10 3 5 11 16 12 3 5 3 10 5 3 2 7 8 7 8 8 6 4 22 66 40 9 45 23 9 13 27 0 12 6 2 2 14 7 22 8 15 2 7 9 11 3 4 14 11 0 17 70 12 14 2 4 13 6 10 6 51 7 0 0 3 6 2 2 13 0 3 8 0 0 6 
3 3 1 0 2 1 1 3 1 0 0 2 1 0 3 3 7 8 3 1 13 0 1 1 1 0 0 0 0 10 3 3 7 5 4 2 4 1 6 2 2 0 2 4 2 0 3 0 2 10 13 29 23 6 15 4 22 27 0 29 1 2 6 12 8 16 2 12 5 9 6 2 1 2 5 3 4 9 40 2 8 0 3 7 3 8 4 11 6 0 0 0 1 4 2 0 2 9 1 1 0 2 
1 1 0 0 0 1 2 0 2 1 0 0 0 2 0 3 3 0 1 0 0 0 0 0 1 0 0 1 1 4 0 0 3 2 0 2 1 1 4 2 0 0 1 0 3 0 1 1 3 12 4 4 7 8 1 2 1 10 0 17 0 0 0 3 4 2 0 3 0 5 0 2 3 1 1 1 0 0 12 0 2 0 1 7 0 2 1 5 0 0 0 0 0 2 1 2 0 2 0 0 0 0 
0 1 0 1 0 1 1 0 0 2 1 0 1 0 2 1 1 1 1 0 0 0 0 0 2 0 0 1 0 2 1 2 2 1 1 0 0 0 1 0 0 0 0 1 0 1 1 0 1 4 7 4 1 4 0 0 1 8 0 6 0 2 0 3 6 3 1 4 0 3 3 2 1 2 0 2 2 3 14 0 2 2 1 1 0 1 4 4 2 0 0 2 2 0 0 0 0 1 1 0 0 0 
1 2 2 1 0 4 3 5 3 1 1 1 2 0 3 0 1 0 3 0 0 2 2 5 1 0 1 1 0 3 1 6 7 1 6 2 0 0 1 4 1 0 0 4 0 1 2 7 2 17 14 7 13 10 2 7 4 3 0 6 7 0 0 2 4 5 4 8 1 2 6 9 1 3 6 7 1 6 26 4 1 0 1 6 5 5 4 11 2 0 0 1 0 4 3 0 0 0 0 0 0 0 
2 9 7 0 1 12 5 3 3 5 4 3 7 6 2 5 10 6 0 1 0 4 2 1 0 0 0 8 0 10 3 6 3 5 2 5 0 4 10 6 1 1 2 4 4 3 3 15 5 19 31 11 34 48 15 10 18 7 0 4 14 2 5 8 18 10 3 7 0 7 7 7 1 5 34 41 5 15 67 12 11 3 5 15 15 13 5 19 2 0 0 3 0 5 4 5 1 2 1 0 0 1 
0 0 0 0 0 0 0 0 0 0 0 0 0 0 0 0 0 0 0 0 0 0 0 0 0 0 0 0 0 0 0 0 0 0 0 0 0 0 0 0 0 0 0 0 0 0 0 0 0 0 0 0 0 0 0 0 0 0 0 0 0 0 0 0 0 0 0 0 0 0 0 0 0 0 0 0 0 0 0 0 0 0 0 0 0 0 0 0 0 0 0 0 0 0 0 0 0 0 0 0 0 0 
11 12 9 2 2 4 8 13 1 1 1 6 8 6 7 14 4 5 3 4 3 6 2 7 3 0 2 4 1 14 6 2 3 9 2 0 2 2 8 1 0 2 3 4 0 7 1 5 4 6 13 6 13 28 10 2 13 21 0 2 3 1 3 5 17 23 7 5 5 10 12 8 7 13 10 6 12 4 33 6 1 3 6 17 6 5 4 14 3 0 0 0 0 1 0 3 0 2 1 0 0 1 
1 1 2 0 2 0 0 2 0 0 0 1 0 0 1 0 0 0 0 0 0 0 1 1 0 0 0 0 0 1 4 3 2 0 1 0 0 1 5 6 2 0 2 1 0 0 1 1 0 1 2 8 3 4 3 0 3 7 0 1 0 2 0 4 4 8 3 7 1 1 5 8 2 0 9 4 0 1 4 1 0 1 0 0 1 2 0 5 0 0 0 0 1 0 1 1 0 0 0 0 0 0 
1 2 3 0 1 2 1 1 2 2 2 8 4 1 0 1 2 0 3 0 0 0 0 0 0 0 0 1 0 19 4 6 4 5 3 0 3 3 12 5 8 0 2 3 3 4 1 3 6 14 2 1 4 1 4 0 5 12 0 11 6 1 0 11 9 17 6 15 0 8 0 2 2 3 2 1 0 6 11 5 1 2 5 10 0 1 2 10 4 0 0 0 0 6 2 2 1 0 1 1 0 0 
0 1 1 0 0 0 2 2 1 0 0 1 0 0 0 0 0 0 0 0 0 0 0 0 0 0 0 0 0 3 2 0 2 4 1 0 3 6 4 2 2 0 0 0 2 0 0 0 1 4 1 2 6 5 0 0 0 4 0 0 3 0 3 1 5 10 8 5 6 17 9 3 3 3 3 1 2 1 8 1 2 0 2 0 0 1 1 1 0 0 0 0 1 1 2 0 0 0 1 0 0 0 
0 7 2 1 2 5 5 4 2 1 0 2 1 0 1 0 6 4 0 1 0 0 1 0 5 0 0 1 2 22 12 10 4 3 6 6 8 8 26 10 8 3 8 5 2 6 5 6 8 19 3 8 23 12 7 4 15 17 0 14 4 0 6 3 8 17 13 20 11 8 24 26 5 10 7 7 1 6 38 5 3 2 2 2 3 3 2 7 5 0 0 1 0 1 0 3 0 3 0 0 0 0 
6 2 6 0 4 2 2 5 7 0 0 2 2 0 0 7 1 0 0 0 0 0 1 1 0 0 0 1 0 14 8 15 3 1 11 4 5 6 9 11 6 1 5 2 3 6 8 2 6 20 9 5 11 17 6 5 8 16 0 11 3 2 6 4 5 16 15 16 16 21 58 33 19 26 4 2 2 5 17 3 7 2 2 2 3 3 1 9 4 0 0 0 0 3 0 2 0 0 2 0 0 2 
3 5 16 0 0 5 10 6 3 6 2 8 1 0 0 2 0 0 0 0 0 0 0 0 1 0 0 3 1 42 16 14 3 2 5 2 6 2 7 6 4 0 3 7 8 6 7 15 7 26 17 5 10 12 18 5 15 31 0 19 11 3 8 24 40 8 8 33 28 47 55 64 22 30 8 5 1 13 45 5 12 1 8 5 0 1 0 8 16 0 0 3 1 0 0 2 0 1 0 0 0 0 
0 2 0 0 0 3 2 0 1 1 1 0 0 0 1 0 0 0 0 0 0 0 0 0 0 0 0 0 0 5 1 8 4 3 0 1 1 2 3 0 1 0 1 0 0 3 0 5 0 8 2 2 2 4 3 0 2 9 0 9 12 0 5 3 6 3 4 1 6 5 9 16 6 0 1 0 1 3 14 5 3 3 0 0 1 0 0 1 0 0 0 0 0 0 0 0 0 1 1 0 0 0 
2 5 4 0 0 3 1 0 2 3 3 0 0 0 0 0 1 0 0 0 0 0 0 0 0 0 0 1 0 13 9 5 3 6 3 1 2 3 4 4 1 0 1 2 3 2 0 0 6 4 8 6 8 7 4 4 3 11 0 7 2 2 2 10 17 12 1 1 3 13 23 38 13 29 1 0 0 3 13 6 2 1 1 0 1 2 0 6 5 0 0 0 0 0 0 0 0 0 0 0 0 0 
0 0 1 0 1 1 0 0 1 2 2 0 0 0 0 1 0 0 0 0 0 0 0 0 0 0 0 0 0 1 5 4 0 8 2 1 4 1 2 1 3 0 0 3 2 2 0 0 0 3 2 2 0 4 1 0 7 1 0 1 0 2 2 6 22 19 22 10 2 7 20 14 3 11 0 3 0 1 5 1 3 1 3 1 1 0 1 1 0 0 0 0 0 0 0 0 0 0 0 0 0 0 
0 1 1 0 2 2 2 0 1 0 0 0 0 0 0 0 0 0 0 0 0 0 0 0 0 0 0 0 0 5 1 1 3 1 1 1 2 0 4 1 3 2 0 1 0 0 0 2 4 6 6 0 9 4 4 0 3 1 0 2 4 1 3 3 11 16 19 6 5 4 25 25 11 28 2 2 0 3 15 1 5 0 3 1 0 0 0 3 0 0 0 0 0 0 0 0 0 0 0 0 0 1 
0 1 0 2 0 1 0 2 0 2 0 0 0 1 1 1 1 0 0 0 0 0 0 0 0 0 0 0 0 4 0 3 2 8 3 7 11 4 7 3 1 0 4 1 3 8 1 0 3 4 4 0 3 3 0 2 2 4 0 7 1 0 2 7 7 11 12 17 9 16 4 16 8 20 3 3 0 4 11 0 0 0 5 0 2 2 0 5 0 0 0 0 1 0 1 0 0 0 0 0 0 0 
1 4 3 0 5 3 6 2 1 1 0 0 1 0 0 3 1 1 0 0 0 0 0 0 0 0 1 0 0 7 5 1 7 12 6 2 14 1 10 8 4 1 2 6 4 6 5 2 4 11 4 6 3 3 4 0 4 6 0 15 3 6 0 10 28 37 30 45 27 54 123 3 45 56 1 2 0 4 17 2 10 0 2 5 1 6 0 6 2 0 0 0 0 1 0 0 0 0 0 0 0 0 
0 1 1 0 3 1 0 0 1 7 0 0 0 1 2 1 2 1 0 0 0 0 0 0 0 0 0 0 0 2 3 1 1 7 7 0 2 0 7 4 2 1 0 2 2 2 2 1 4 4 8 4 6 0 2 3 4 1 0 3 2 1 0 2 8 10 4 9 5 11 6 15 2 6 1 3 0 3 16 1 3 0 4 2 3 2 1 7 0 0 0 1 0 2 0 0 0 0 0 0 0 0 
1 1 1 2 3 2 4 1 3 0 1 2 3 0 0 3 0 0 0 0 0 0 0 0 0 0 0 0 2 13 0 1 2 8 21 3 2 6 5 2 1 0 6 0 0 1 0 1 4 5 11 3 5 4 4 1 5 5 0 7 8 1 0 5 13 38 10 22 6 36 41 24 10 3 37 7 1 5 16 4 8 1 4 2 0 3 1 1 3 0 0 0 0 2 0 0 0 1 1 0 0 0 
0 1 1 0 0 1 1 2 0 0 0 0 2 2 1 5 6 1 1 1 0 0 2 0 2 0 0 3 0 1 0 2 4 5 4 1 0 2 4 5 2 0 5 2 4 9 6 0 1 12 7 5 9 7 4 1 2 11 0 4 0 1 0 10 4 2 2 1 1 4 0 4 2 4 0 6 4 14 18 6 6 4 7 13 10 4 0 25 9 0 0 2 7 7 4 1 1 1 4 2 2 2 
0 0 0 1 0 0 0 0 2 1 0 0 0 0 2 5 1 2 0 0 0 0 1 0 1 0 1 0 0 2 0 8 1 0 2 0 1 0 3 2 1 1 4 0 2 6 2 1 4 17 5 1 3 3 5 1 2 7 0 0 1 0 3 4 2 1 0 1 1 2 1 2 0 1 4 1 7 15 46 8 7 8 11 28 7 6 4 22 0 0 0 0 0 7 3 2 0 3 8 0 0 6 
0 0 0 0 0 0 0 0 1 1 0 2 0 0 0 1 0 1 0 0 0 0 0 5 0 1 0 0 0 2 0 1 1 0 0 0 0 0 1 1 0 1 0 1 1 2 0 0 0 1 8 2 0 3 0 0 1 1 0 1 0 0 0 2 0 1 0 1 0 1 0 0 1 0 0 3 0 10 28 6 5 1 2 7 1 4 1 2 0 0 0 0 0 3 0 1 1 4 0 0 0 1 
1 1 4 0 0 4 3 1 0 1 0 2 0 2 1 4 1 2 1 1 0 0 1 1 0 0 0 0 0 7 2 3 1 1 2 0 0 1 0 5 5 0 9 6 1 2 2 2 4 11 3 1 5 3 4 0 6 2 0 5 1 1 0 3 4 3 1 3 6 0 0 1 1 0 6 12 9 3 25 10 9 3 8 29 12 18 5 26 3 0 0 1 4 5 2 3 0 4 3 1 0 0 
15 21 11 4 5 14 20 20 19 21 7 7 17 16 23 21 18 6 12 0 3 6 2 4 2 0 2 8 0 36 17 28 18 21 9 5 3 11 13 21 13 3 21 35 12 17 11 18 26 52 132 82 156 108 87 41 91 163 0 34 25 3 13 25 30 32 9 32 9 19 30 32 7 33 274 251 105 128 20 136 167 40 102 127 79 49 22 116 28 0 0 16 9 19 8 29 3 16 11 5 0 4 
0 3 2 2 2 1 0 0 1 2 0 2 2 1 0 3 0 1 0 0 0 0 0 0 0 0 0 0 0 1 1 2 3 3 1 0 0 2 0 2 2 2 5 5 5 6 2 3 11 9 5 2 3 5 5 1 0 6 0 1 0 1 0 1 8 4 1 4 0 1 3 1 0 2 11 12 16 25 19 7 8 2 16 40 18 12 3 45 15 0 0 3 3 4 3 2 2 6 4 0 3 0 
0 1 1 2 1 1 1 0 1 1 0 0 1 0 0 0 1 0 0 0 2 0 0 0 0 0 0 0 0 7 0 2 3 2 0 0 0 1 8 5 3 2 5 8 7 1 1 1 3 21 10 7 14 2 6 0 3 1 0 1 0 1 1 2 4 4 3 2 0 2 5 1 0 2 13 11 6 15 25 7 4 8 21 26 23 17 9 31 3 0 0 3 4 6 2 4 1 13 3 1 0 2 
0 1 0 0 1 2 1 0 0 0 0 0 0 0 0 0 0 1 0 0 0 0 0 0 1 0 0 0 0 2 0 0 1 0 3 0 0 2 0 1 0 1 5 4 3 5 5 8 2 17 0 1 0 2 0 1 0 2 0 4 0 0 0 1 0 4 1 1 2 2 3 1 2 0 3 6 1 10 16 3 10 1 3 17 9 13 5 39 7 0 0 4 3 4 2 4 0 6 8 0 1 2 
0 2 1 0 0 1 0 1 2 0 0 0 0 0 0 0 0 0 0 0 0 0 0 1 0 0 0 0 0 5 1 0 1 1 0 0 1 1 1 2 1 0 5 5 3 4 3 6 4 19 4 6 10 2 1 0 1 3 0 0 1 0 0 5 1 1 3 4 0 0 1 4 2 1 1 15 5 7 26 9 10 4 6 30 18 19 11 33 10 0 0 4 2 5 5 4 3 9 9 0 0 2 
1 6 4 0 3 3 5 3 6 2 0 0 0 0 0 0 1 0 0 0 0 1 1 0 0 0 0 3 0 7 2 1 3 3 2 1 0 3 6 14 0 6 23 30 13 13 14 19 17 83 14 13 20 32 12 8 19 23 0 7 1 1 0 2 7 5 0 4 6 3 9 8 0 4 65 36 11 140 171 103 145 48 230 6 189 91 56 135 29 0 0 18 14 29 21 23 3 29 21 7 2 6 
4 2 1 0 0 2 3 0 1 4 0 0 1 0 0 0 0 0 0 0 0 1 2 1 0 0 0 0 0 1 0 2 0 3 0 3 0 0 0 4 5 4 12 18 6 8 14 9 9 31 7 2 2 3 5 2 14 14 0 2 5 1 0 1 3 3 0 1 0 0 0 1 1 2 4 7 2 24 24 39 45 9 43 37 5 37 20 58 12 0 0 11 3 17 7 12 0 8 9 2 2 4 
1 15 6 1 3 4 5 1 0 2 2 0 0 0 0 2 25 2 1 2 0 1 0 4 1 0 0 12 0 9 0 6 10 3 7 7 8 7 16 10 5 4 16 39 16 21 25 23 17 79 6 10 10 8 9 0 5 8 0 3 2 2 0 1 3 1 1 1 1 3 5 2 1 0 19 9 3 13 19 15 22 8 35 41 35 6 11 64 26 0 0 32 6 28 16 30 4 20 13 5 4 14 
3 3 1 0 3 0 2 3 0 0 0 0 1 0 0 1 5 5 0 0 2 1 0 0 3 0 0 2 1 12 2 6 3 2 1 3 5 5 16 12 6 2 11 16 10 16 16 16 23 40 2 3 5 5 2 1 3 2 0 3 1 0 0 0 3 3 0 1 1 0 0 0 0 2 5 7 1 11 12 11 18 4 18 26 20 19 2 31 29 0 0 20 13 20 10 17 3 13 8 3 4 11 
18 16 19 2 7 10 9 7 7 5 2 2 2 2 4 2 14 13 7 5 6 6 2 11 11 0 1 37 0 33 4 29 39 17 13 14 18 40 78 30 26 13 69 83 58 102 105 80 110 414 24 13 39 17 3 5 17 24 0 16 2 0 0 3 7 5 4 4 0 3 6 9 2 6 35 26 5 47 66 28 34 26 46 97 67 79 50 15 34 0 0 76 26 80 46 88 14 68 52 5 10 46 
1 2 0 0 1 1 0 1 0 0 0 0 3 1 0 0 5 4 2 0 5 1 3 3 3 0 0 5 0 5 6 10 5 3 5 7 10 8 9 21 8 7 5 17 5 10 3 9 15 35 3 4 2 0 0 2 1 2 0 3 1 0 0 0 1 2 0 0 0 0 2 0 0 2 5 2 1 7 28 6 9 4 2 21 14 23 7 31 6 0 0 19 8 11 10 22 4 19 14 5 3 10 
0 0 0 0 0 0 0 0 0 0 0 0 0 0 0 0 0 0 0 0 0 0 0 0 0 0 0 0 0 0 0 0 0 0 0 0 0 0 0 0 0 0 0 0 0 0 0 0 0 0 0 0 0 0 0 0 0 0 0 0 0 0 0 0 0 0 0 0 0 0 0 0 0 0 0 0 0 0 0 0 0 0 0 0 0 0 0 0 0 0 0 0 0 1 0 0 0 0 0 0 0 0 
0 0 0 0 0 0 0 0 0 0 0 0 0 0 0 0 0 0 0 0 0 0 0 0 0 0 0 0 0 0 0 0 0 0 0 0 0 0 0 0 0 0 0 0 0 0 0 0 0 0 0 0 0 0 0 0 0 0 0 0 0 0 0 0 0 0 0 0 0 0 0 0 0 0 0 0 0 0 0 1 0 0 0 0 0 0 0 0 0 0 0 0 0 0 0 0 0 0 0 0 0 1 
6 13 23 1 4 16 8 9 6 7 5 10 7 6 3 7 17 8 7 3 1 3 2 3 2 0 1 9 0 68 21 53 35 31 37 32 51 75 112 72 57 23 70 168 109 157 104 125 176 357 5 10 26 15 17 2 13 17 0 14 1 1 1 12 16 4 6 3 0 2 9 4 0 0 17 25 1 21 54 32 42 36 43 88 95 114 120 325 129 0 0 8 77 119 50 349 17 211 104 23 21 76 
0 0 0 0 1 6 0 0 0 0 0 0 0 1 0 0 1 2 0 0 1 0 0 0 0 0 0 2 0 6 6 6 3 1 3 3 4 7 4 8 8 1 11 11 13 13 9 21 14 23 2 0 1 3 0 0 3 2 0 2 0 0 0 0 0 0 0 0 0 0 0 1 0 0 3 1 3 4 4 3 8 4 18 12 10 23 7 43 14 0 0 16 1 5 5 27 5 8 12 8 3 2 
0 4 4 0 0 1 0 0 0 0 1 1 3 0 0 0 1 1 0 1 0 0 0 0 0 0 0 1 1 6 4 7 3 6 4 3 2 5 20 7 4 2 15 23 8 18 10 20 26 42 0 3 3 3 0 4 1 1 0 4 1 0 0 0 0 1 0 0 0 1 2 0 0 0 7 2 1 8 20 13 13 12 7 31 16 32 41 85 32 0 0 26 7 4 0 30 4 26 12 7 6 5 
0 1 0 0 0 0 1 2 1 0 0 0 0 0 0 1 0 0 0 0 1 0 0 0 0 0 0 0 0 9 4 4 1 2 3 1 6 2 9 0 12 5 5 10 8 14 6 16 13 43 2 5 1 4 0 1 2 1 0 0 0 0 0 1 0 2 0 0 0 0 0 0 0 0 8 1 0 7 7 8 3 3 5 16 18 18 14 47 19 0 0 7 1 10 4 10 3 21 3 3 6 11 
1 3 0 0 0 1 0 0 0 1 0 0 0 0 1 0 0 0 0 0 0 2 2 1 0 0 1 1 0 10 6 0 4 3 3 1 12 10 15 11 7 2 19 21 13 14 15 11 21 44 1 0 4 2 3 0 0 3 0 2 0 0 0 1 0 0 0 0 0 0 2 1 0 1 4 1 0 5 6 11 9 7 4 17 12 16 12 85 8 0 0 26 13 12 4 4 2 37 3 25 3 16 
0 0 0 0 0 0 0 1 0 0 0 0 0 0 0 0 0 0 0 0 0 0 0 0 0 0 0 0 0 0 0 0 0 0 0 0 0 0 0 1 0 0 4 0 2 1 0 2 0 6 0 0 1 0 0 0 0 0 0 0 0 0 0 0 1 0 0 0 0 0 0 0 0 0 0 1 0 0 0 2 3 0 4 0 2 3 2 14 3 0 0 0 2 0 0 0 2 1 0 0 0 3 
0 1 1 0 0 0 0 1 0 0 0 2 2 0 0 0 0 0 0 0 0 0 0 0 0 0 0 0 1 3 1 4 2 2 4 4 9 4 9 1 3 1 10 15 8 9 12 15 8 26 3 3 4 3 2 0 0 2 0 2 0 1 0 0 0 0 0 0 0 0 0 1 0 2 3 6 2 5 10 6 5 5 3 11 12 10 3 40 6 0 0 14 2 5 0 10 0 3 2 2 0 8 
3 2 1 1 0 0 1 1 0 0 2 1 2 1 0 0 1 1 0 1 3 0 0 2 0 0 0 2 0 4 1 2 1 1 2 3 6 4 10 3 4 0 5 11 12 19 8 8 13 34 2 1 3 1 2 0 2 0 0 2 0 2 0 0 0 0 0 0 0 0 0 0 1 0 9 4 0 1 6 9 2 5 7 12 12 10 4 37 10 0 0 11 2 6 4 8 2 2 2 1 1 3 
0 1 0 0 0 0 0 0 0 0 0 0 0 0 0 0 0 1 0 0 0 0 0 0 0 0 0 0 0 1 0 0 0 0 1 1 0 2 2 0 2 0 3 3 6 1 2 2 1 5 0 0 1 0 0 0 0 0 0 0 0 0 0 0 0 0 0 0 0 0 0 0 0 0 0 2 0 0 1 1 0 0 1 4 3 1 0 10 0 0 0 0 0 2 0 0 1 3 1 0 0 2 
0 0 0 0 0 0 0 0 0 0 0 0 0 1 0 0 0 0 0 0 0 0 0 0 0 0 0 0 0 0 0 0 2 0 0 0 1 2 0 2 0 1 1 1 3 1 1 0 1 3 0 0 2 0 1 0 0 0 0 1 0 0 0 0 0 0 0 0 0 0 0 0 0 0 2 1 0 1 1 0 0 2 0 1 1 4 1 7 8 0 0 1 0 0 0 3 0 4 1 0 0 1 
18 15 15 3 5 13 5 6 8 6 3 10 13 2 14 9 16 14 4 3 2 2 3 6 3 0 1 17 1 78 14 40 54 31 35 49 60 78 95 73 49 11 148 142 92 141 134 100 107 376 40 13 22 23 9 1 16 21 0 16 3 0 4 8 7 4 4 6 0 2 4 5 4 5 45 21 1 27 61 34 38 31 32 116 54 67 52 435 117 0 0 112 37 133 95 156 10 94 42 3 4 12 
