8 7 12 5 14 22 12 22 29 25 6 22 15 30 29 34 17 19 18 3 10 10 4 15 4 3 4 18 41 3 0 6 5 2 3 0 1 1 10 10 8 0 1 2 6 9 8 2 10 30 7 1 3 6 2 1 1 5 0 0 2 0 0 2 4 7 2 1 0 1 3 1 0 1 5 3 0 5 9 0 0 1 4 4 0 3 1 24 4 0 0 0 1 5 0 0 0 2 0 0 0 2 
12 11 7 6 11 41 23 21 21 14 7 47 45 19 18 27 22 28 24 18 9 8 5 10 6 0 0 17 46 6 0 4 2 0 1 1 1 5 9 13 8 1 4 5 10 10 6 4 7 36 4 3 7 2 3 1 2 4 0 1 3 1 1 2 7 5 1 3 2 6 4 4 2 1 2 3 0 3 9 0 3 1 2 4 2 2 3 19 1 0 0 3 3 1 0 1 0 0 1 0 0 2 
12 15 7 7 7 20 16 17 21 19 9 20 30 26 40 35 20 13 15 8 8 20 3 4 4 0 1 13 90 3 0 1 0 0 2 2 5 2 9 14 7 0 2 5 9 6 7 5 1 25 5 3 2 7 1 0 1 8 0 2 3 0 1 1 5 1 0 5 2 2 0 2 3 3 0 0 0 1 10 1 0 0 0 10 0 7 2 14 0 0 0 0 0 1 1 2 0 1 3 0 1 1 
10 7 3 2 0 19 9 4 4 0 1 9 3 3 4 6 3 6 4 1 1 0 2 2 0 0 0 1 14 0 0 0 1 0 0 0 0 0 0 3 0 0 1 0 0 1 1 1 0 3 0 0 0 0 1 0 1 0 0 0 0 0 0 0 0 1 0 1 0 1 0 0 0 0 0 0 0 1 4 0 0 0 0 0 0 0 0 1 0 0 0 1 0 0 0 1 0 0 0 0 0 0 
25 9 3 2 3 11 9 2 6 18 0 11 13 11 7 3 3 6 6 0 3 2 2 6 3 0 1 7 11 1 0 0 0 0 0 0 0 1 4 3 1 0 2 0 1 2 0 0 0 10 0 1 1 4 2 0 0 1 0 0 0 0 0 0 1 1 0 1 0 0 0 0 0 0 2 0 0 0 15 6 0 0 0 0 0 0 0 4 0 0 0 0 0 4 0 0 0 0 0 0 0 1 
17 26 28 5 4 9 6 16 15 16 15 45 33 24 29 61 24 19 13 9 9 9 12 14 9 1 1 14 47 5 3 10 3 1 2 0 1 3 22 6 7 1 2 4 2 3 4 3 5 26 3 4 2 4 2 2 2 4 0 0 0 0 0 0 2 9 2 9 2 3 2 2 1 2 2 0 0 2 5 1 0 0 1 2 3 2 0 6 0 0 0 2 1 0 0 1 0 3 1 1 0 2 
15 18 13 5 5 6 4 13 22 7 6 18 18 28 21 23 14 17 4 3 4 14 0 3 0 0 0 3 28 4 0 1 5 8 3 1 1 3 12 4 5 1 2 2 6 0 2 1 7 25 2 1 1 3 1 0 0 5 0 0 0 0 2 1 3 0 0 1 1 1 2 3 0 0 1 3 0 2 7 2 0 0 0 1 1 4 1 12 3 0 0 1 0 0 2 0 0 0 0 0 0 1 
38 32 20 16 6 10 23 5 10 13 12 36 28 48 29 62 21 22 12 10 16 15 5 25 4 1 0 16 28 1 1 5 1 4 0 1 1 2 9 13 2 2 2 2 10 3 4 9 9 20 2 4 5 7 1 0 1 4 0 2 0 2 0 2 7 8 2 5 3 1 3 1 1 0 3 2 2 2 14 0 0 1 7 0 0 3 1 10 0 0 0 0 0 0 2 0 0 0 1 0 0 0 
16 41 30 10 14 49 46 10 7 7 12 25 39 40 24 66 16 13 15 5 10 10 11 23 7 1 5 11 14 5 1 0 4 0 2 0 0 0 14 20 4 1 2 0 4 2 10 1 8 15 4 4 4 3 2 0 2 5 0 1 1 0 0 2 5 4 0 2 0 2 0 5 1 1 2 5 1 3 4 1 3 0 1 1 2 1 2 6 1 0 0 1 0 1 0 2 0 1 0 0 0 0 
25 26 46 17 28 107 102 56 29 3 27 45 124 107 72 32 33 19 15 13 9 12 10 9 5 0 0 12 9 4 8 5 0 2 0 0 0 2 9 5 4 0 2 1 1 4 3 1 2 17 4 7 6 5 6 0 3 10 0 3 0 0 3 0 2 16 0 3 3 7 4 1 0 2 13 7 0 20 24 0 1 2 0 8 6 0 0 5 1 0 0 0 1 0 0 0 0 0 0 0 0 0 
10 7 13 2 0 12 15 11 11 8 2 11 22 15 18 36 8 8 5 4 10 5 11 10 2 0 3 6 6 3 1 0 0 0 0 1 0 5 4 4 1 0 1 0 6 0 6 1 2 7 3 0 3 1 1 0 0 6 0 0 0 0 0 0 0 0 0 4 0 0 3 0 0 0 0 0 1 0 2 0 0 0 2 0 0 1 0 1 1 0 0 1 1 1 0 0 0 0 0 0 0 1 
16 36 19 6 5 22 33 46 41 18 3 6 27 44 19 67 23 24 18 13 17 14 9 24 7 3 2 24 7 7 0 5 2 1 3 0 0 10 18 14 1 0 2 1 9 6 9 4 4 14 4 2 8 14 2 0 0 6 0 1 0 0 0 1 1 3 1 2 0 0 1 7 1 0 3 3 2 8 7 0 0 0 0 0 0 0 0 3 0 0 0 0 0 2 1 4 0 0 0 0 0 1 
24 35 41 5 11 50 67 67 51 39 14 38 10 49 27 96 45 23 21 10 27 31 15 42 10 1 3 35 12 8 1 8 2 0 4 0 2 7 18 20 8 2 2 5 4 8 3 4 8 19 5 9 5 7 1 0 7 8 0 9 1 1 0 0 0 0 0 0 1 0 0 5 1 1 7 6 0 1 6 0 0 0 0 0 0 1 0 5 2 0 0 3 0 1 0 1 0 1 0 0 0 2 
30 71 72 9 16 61 77 49 74 45 16 64 41 8 17 74 70 48 53 50 38 66 29 88 24 2 13 69 12 6 1 0 1 0 0 1 1 3 20 12 5 1 4 7 4 3 5 3 6 13 6 8 13 11 4 1 6 32 0 5 0 0 0 0 0 2 2 0 0 2 0 0 0 1 11 3 1 6 30 6 2 0 0 0 1 0 0 0 1 0 0 2 1 2 0 0 0 1 0 0 0 2 
22 37 26 9 11 36 48 33 27 21 4 31 40 9 8 20 29 20 26 28 36 26 33 55 19 1 10 52 10 7 2 2 1 0 1 1 0 0 3 5 3 1 2 1 1 3 1 7 3 14 12 3 3 5 3 1 10 9 0 2 0 0 0 1 0 0 0 0 0 0 0 2 0 0 1 0 1 5 9 0 0 0 0 1 0 0 4 5 1 0 0 0 0 0 0 1 0 0 0 0 0 1 
38 62 50 12 25 58 68 75 75 63 35 73 64 51 19 16 58 93 69 68 135 96 90 155 48 8 11 140 8 43 11 32 17 14 21 9 19 8 9 33 30 2 8 12 19 14 6 10 17 68 16 7 22 8 2 3 13 17 0 2 1 0 1 8 4 6 3 1 1 1 3 3 4 0 32 4 0 9 27 2 3 2 0 0 1 2 6 28 5 0 0 6 1 2 2 3 1 4 5 2 1 0 
10 27 25 4 7 27 33 48 42 28 20 62 43 61 25 79 4 36 50 40 62 39 48 93 25 7 17 46 2 31 11 32 8 16 8 5 13 11 27 19 20 5 9 15 15 21 15 12 14 50 9 7 7 9 1 3 2 7 0 3 1 1 3 3 1 0 0 0 0 0 0 1 1 0 6 5 2 7 14 2 2 0 0 1 1 4 0 16 8 0 0 6 2 1 0 1 0 0 0 0 0 0 
17 17 11 5 5 19 28 22 11 26 9 23 35 42 26 88 33 11 22 23 48 22 53 71 17 3 10 39 3 25 8 14 11 8 10 9 9 8 31 21 26 2 6 6 11 19 5 8 16 46 3 2 6 4 6 0 7 6 0 6 1 0 1 1 0 0 0 1 0 0 0 2 0 0 2 2 3 2 11 4 3 0 0 0 1 1 0 20 6 0 0 2 1 0 0 1 0 0 2 0 0 0 
12 22 26 0 5 15 15 12 19 13 6 32 40 42 20 102 47 18 10 15 41 21 26 51 27 9 18 52 5 14 5 15 7 6 7 13 5 6 23 22 7 1 2 7 12 9 6 9 13 42 3 4 6 2 1 0 3 8 0 0 1 0 0 3 1 1 0 0 0 0 0 1 0 0 6 2 0 2 11 4 1 0 0 0 0 4 0 7 2 0 0 2 0 0 0 0 0 1 0 0 0 0 
6 8 9 2 3 7 8 5 10 15 5 6 17 33 14 51 15 14 13 2 3 10 15 18 6 8 19 62 3 4 2 5 2 0 3 2 1 6 13 5 3 2 0 1 12 5 0 2 2 7 1 0 2 0 1 0 0 4 0 1 0 0 0 1 0 0 0 0 0 0 0 0 0 1 0 0 0 0 2 0 0 0 0 0 0 0 0 2 0 0 0 1 0 0 0 0 0 0 0 0 0 0 
1 7 7 1 1 17 9 4 6 14 9 8 18 33 19 72 31 28 44 5 4 6 21 21 8 9 31 50 1 4 2 1 2 1 3 2 3 5 21 7 14 3 4 3 4 6 1 1 4 4 0 1 2 1 0 0 2 3 0 0 0 0 0 0 0 0 0 0 0 0 0 0 0 0 1 0 0 1 4 0 1 0 0 0 0 0 1 3 0 0 0 0 0 0 0 2 0 0 0 0 0 0 
6 15 8 0 0 9 14 9 7 11 5 11 18 24 18 30 21 11 15 2 5 2 15 12 5 12 12 49 3 2 1 0 2 1 1 11 3 4 11 6 1 0 2 0 4 3 4 2 3 4 3 0 1 0 0 0 0 0 0 2 0 0 0 0 0 0 0 0 0 0 0 0 0 0 0 2 0 0 3 1 0 0 0 0 0 1 1 4 0 0 0 0 0 0 0 0 0 0 0 0 0 0 
3 5 4 1 0 4 2 4 2 1 1 13 7 11 16 38 15 10 9 3 39 3 3 10 7 7 5 35 0 0 2 2 4 1 1 2 2 2 14 2 5 0 0 3 1 5 2 1 1 4 0 0 0 2 1 1 1 3 0 0 0 0 0 0 0 0 0 0 0 0 0 0 0 0 0 5 0 1 8 0 0 0 0 0 0 0 2 2 0 0 0 0 1 0 0 0 0 0 0 0 0 0 
3 4 4 0 2 10 12 7 14 13 5 23 15 19 21 79 39 33 25 13 29 14 5 4 3 27 41 61 1 4 4 1 5 1 0 3 2 7 19 9 7 0 3 4 4 7 5 4 5 18 2 1 5 0 3 0 2 5 0 1 1 0 0 2 1 1 0 0 0 0 0 0 0 0 1 3 0 2 6 1 0 0 1 0 1 1 2 11 2 0 0 0 0 0 0 0 0 1 2 0 0 1 
4 11 2 0 5 9 2 8 3 19 4 12 15 11 18 48 25 12 15 10 11 8 3 5 5 3 7 39 1 5 2 3 14 4 3 3 4 7 15 12 6 4 1 7 5 7 5 5 3 47 10 2 10 1 1 0 0 4 0 0 1 0 0 0 1 0 0 0 0 0 0 0 0 0 0 0 1 2 11 2 2 1 0 0 2 1 0 27 0 0 0 1 1 0 0 1 0 0 0 0 0 2 
0 1 1 0 1 4 2 1 2 2 0 3 1 2 1 8 6 7 10 8 3 17 7 23 6 0 2 13 0 0 0 1 0 0 1 0 0 1 1 0 1 0 0 0 1 0 0 0 0 1 0 0 0 0 0 0 1 0 0 0 0 0 0 0 4 2 0 0 0 0 0 0 0 0 0 0 0 0 1 0 0 0 0 0 0 0 0 1 0 0 0 0 0 0 0 0 0 0 0 0 0 0 
0 0 0 1 0 2 0 0 1 1 0 1 1 1 3 11 4 1 0 2 8 8 5 25 7 4 0 10 0 1 0 0 0 0 1 0 1 0 0 0 0 0 0 0 0 0 0 1 0 1 0 0 1 0 0 0 0 1 0 0 0 0 0 0 0 0 0 0 0 0 0 0 0 0 0 0 0 0 0 0 0 0 0 0 0 0 0 2 0 0 0 0 0 0 0 0 0 0 0 0 0 0 
21 14 7 1 2 19 6 19 21 23 5 15 31 42 36 84 42 39 35 21 38 39 45 70 30 8 29 10 1 5 0 3 5 4 3 5 7 10 25 28 18 1 2 13 12 5 21 13 7 51 9 5 6 3 4 0 1 4 0 0 0 0 0 0 0 0 0 0 0 0 0 0 1 0 5 3 1 2 8 3 3 0 0 2 0 0 2 32 6 0 0 3 0 2 0 5 0 1 0 2 0 1 
74 101 137 27 14 71 78 47 32 24 22 45 34 28 25 53 8 15 20 10 15 13 6 12 5 3 1 9 3 9 0 12 1 1 4 0 2 8 8 31 14 0 7 8 16 12 7 6 12 50 3 8 12 7 5 2 4 9 0 5 0 0 2 2 5 1 5 10 2 0 4 7 1 1 6 2 2 1 16 0 5 2 9 0 6 3 5 8 4 0 0 4 0 2 0 5 0 2 1 0 2 1 
1 3 3 2 2 6 1 3 4 2 3 5 7 3 0 20 21 12 12 5 4 2 0 3 1 0 2 0 0 23 105 105 97 48 84 83 147 87 103 88 55 10 28 32 42 43 40 28 40 164 5 2 3 5 3 3 4 7 0 6 1 3 3 10 33 19 8 7 12 4 8 6 1 0 5 6 1 3 19 6 4 2 2 2 2 10 2 85 17 0 0 6 6 3 5 10 1 5 7 2 3 11 
2 2 2 0 0 2 4 1 1 0 0 1 0 0 1 14 6 2 6 2 0 1 1 1 0 0 0 1 0 97 7 51 45 16 21 24 65 46 66 28 24 3 9 7 12 10 6 7 8 51 0 2 3 7 0 0 3 1 0 0 0 2 2 4 6 5 2 6 1 2 3 0 0 6 4 5 0 3 9 2 1 0 2 0 1 4 1 26 1 0 0 7 4 4 0 6 1 0 0 0 0 1 
1 2 2 0 1 1 5 4 3 2 4 1 2 1 2 11 25 5 4 2 0 4 1 2 1 1 3 6 1 117 55 3 39 23 42 52 141 90 155 63 47 13 18 13 28 28 24 18 26 132 5 5 8 8 2 0 15 6 0 6 0 0 2 12 16 18 4 7 5 2 3 1 0 0 3 4 0 3 11 0 1 4 0 2 3 12 6 36 11 0 0 6 5 4 7 2 0 3 6 0 1 8 
5 18 5 2 1 10 10 5 5 6 1 10 12 4 6 29 34 36 10 8 19 11 10 19 26 2 2 18 2 273 103 93 9 37 76 80 131 119 163 169 143 15 61 61 91 156 99 93 118 698 30 26 73 15 8 9 19 23 0 18 3 3 0 6 20 33 5 7 9 14 17 25 7 7 14 5 0 15 60 3 7 4 5 5 7 16 14 164 33 0 0 18 8 19 16 22 2 12 5 4 2 31 
1 2 7 0 0 4 2 1 0 1 0 3 5 0 2 6 14 3 1 2 1 5 1 5 7 0 3 5 0 97 33 35 5 2 15 8 49 31 77 49 24 4 24 21 21 22 9 21 26 65 8 3 12 9 1 4 6 7 0 4 4 2 0 1 9 11 3 11 1 13 16 11 3 4 4 1 2 5 22 3 2 0 0 2 0 3 5 31 12 0 0 7 4 9 0 12 3 0 1 1 2 3 
5 9 3 0 1 3 3 2 3 1 0 4 5 1 1 19 14 12 12 8 6 6 12 9 8 1 1 14 1 209 74 96 51 28 5 11 97 69 134 140 41 10 45 42 70 34 34 32 32 132 7 7 15 10 7 2 10 12 0 2 1 4 7 11 2 9 10 8 4 12 13 30 3 3 5 1 3 4 32 3 1 0 1 3 2 2 5 32 28 0 0 30 17 5 9 19 2 13 4 1 2 4 
1 0 1 0 0 0 1 0 1 0 0 0 0 1 0 12 11 11 5 1 2 4 9 4 2 0 0 6 0 149 44 80 21 20 15 8 69 58 113 48 23 6 13 12 19 31 28 14 18 55 2 5 0 6 0 1 2 3 0 0 1 0 2 7 4 5 3 4 1 3 9 10 2 0 1 0 0 6 4 0 0 0 0 0 1 1 0 15 6 0 0 11 7 8 0 5 1 5 1 0 0 8 
4 6 3 1 0 2 9 4 4 5 0 3 2 0 1 35 23 10 4 5 18 11 10 23 3 0 2 15 1 410 178 255 88 101 98 113 17 133 311 368 160 31 55 87 100 101 89 61 91 284 9 10 15 19 3 3 3 8 0 0 2 2 9 18 31 24 6 36 12 7 23 32 13 7 7 2 2 4 14 3 1 0 1 3 0 16 21 61 42 0 0 38 10 25 7 36 7 25 14 9 2 15 
3 6 3 1 1 6 2 5 5 11 2 10 10 3 1 1 8 9 4 4 14 9 7 25 8 1 3 14 0 154 63 121 61 54 56 44 82 12 76 156 78 13 54 45 71 58 55 43 37 163 4 1 5 2 0 0 1 9 0 2 1 2 2 5 7 4 2 6 3 1 14 5 6 5 2 1 0 3 8 0 3 1 0 1 2 17 11 67 27 0 0 19 11 9 3 12 0 7 2 1 0 13 
12 23 15 5 14 34 27 28 38 32 15 24 28 13 17 7 60 39 38 33 45 51 39 65 39 5 9 71 3 290 110 243 131 113 94 114 277 122 18 439 306 37 87 119 158 155 111 115 113 502 9 7 29 6 2 9 13 15 0 6 1 1 9 19 45 38 15 20 6 9 41 22 12 8 23 6 4 12 50 6 6 4 5 18 8 34 29 138 48 0 0 76 25 27 17 57 4 27 25 9 3 41 
3 14 8 3 3 11 16 5 18 12 3 17 25 4 12 21 25 20 7 16 7 8 7 15 5 0 3 16 0 96 46 88 51 27 54 52 152 113 340 12 41 14 37 68 63 107 67 74 75 258 4 8 5 8 3 3 7 7 0 1 1 2 2 8 12 4 1 4 0 3 7 6 2 4 10 6 1 4 21 6 7 5 4 14 8 7 3 27 23 0 0 16 6 5 5 23 3 13 3 1 2 3 
10 10 8 0 0 7 7 2 6 8 1 10 9 8 3 16 21 12 6 6 9 4 6 11 7 3 1 23 0 65 14 65 42 29 26 20 60 70 150 22 6 17 29 31 22 48 47 40 49 170 1 1 6 5 2 3 0 3 0 2 0 1 1 5 11 6 0 2 1 2 6 6 2 2 4 6 0 5 9 4 5 2 2 5 4 7 4 16 11 0 0 18 4 8 2 17 1 8 2 1 2 14 
1 1 2 0 1 2 1 1 2 0 1 2 2 0 0 0 1 2 0 0 1 0 0 1 1 0 0 6 0 8 6 8 4 9 1 10 31 13 18 6 11 3 4 15 15 19 7 11 19 34 0 0 0 0 0 0 0 1 0 0 0 0 0 1 0 0 0 0 1 0 1 2 0 0 1 0 1 3 2 0 3 1 1 2 0 4 5 14 1 0 0 10 2 3 2 7 0 1 3 0 0 3 
6 6 5 0 7 5 10 24 6 2 2 5 9 4 6 7 11 17 8 4 8 7 5 9 3 1 0 8 3 40 18 43 30 27 27 15 47 62 115 68 30 19 25 41 42 67 33 81 80 174 3 5 14 6 1 0 4 3 0 2 3 1 0 5 13 2 2 2 2 0 7 7 1 4 7 3 4 15 25 16 20 15 17 49 25 31 31 92 52 0 0 68 21 50 23 74 6 59 37 8 5 27 
9 8 15 3 1 14 4 3 10 3 1 5 6 1 6 10 22 11 6 8 4 9 12 15 3 0 1 11 3 92 17 61 37 16 32 27 48 89 140 124 72 39 60 19 124 159 92 142 192 404 19 11 22 14 1 2 18 18 0 4 1 0 0 7 13 13 4 2 0 1 12 1 3 3 22 11 4 18 43 27 21 14 26 60 55 91 95 171 65 0 0 149 59 86 48 128 17 100 46 7 7 59 
6 13 11 2 4 4 5 5 9 4 0 4 5 6 9 7 11 13 5 4 7 6 7 10 10 3 2 7 2 51 10 47 24 21 18 16 43 42 81 82 32 22 22 69 7 103 56 112 130 226 4 2 16 3 2 0 1 5 0 2 0 0 0 6 7 4 4 4 3 2 7 3 3 2 9 1 1 5 15 3 6 2 10 13 17 18 22 63 9 0 0 28 7 14 14 39 3 21 20 12 1 8 
5 12 11 3 7 5 5 10 15 13 5 9 10 4 6 19 22 8 11 5 17 11 12 19 9 3 2 24 6 74 19 50 62 29 30 33 80 98 130 155 120 23 77 167 111 21 99 262 290 578 9 13 18 6 3 2 6 7 0 0 0 0 3 6 10 8 8 5 1 5 10 8 2 1 14 11 2 12 27 10 15 6 19 40 28 61 37 151 54 0 0 94 35 43 25 44 4 51 41 5 5 28 
3 6 13 0 5 12 3 10 4 5 6 8 7 3 3 8 15 10 4 8 5 3 11 4 12 0 4 18 0 44 11 38 34 26 21 18 51 60 79 78 52 8 21 59 62 109 6 145 191 264 5 3 12 9 0 0 4 4 0 3 0 0 1 9 8 5 1 0 0 0 4 5 2 1 10 4 0 12 8 12 6 9 6 14 14 35 30 112 11 0 0 45 9 20 22 12 4 27 23 5 2 37 
2 11 7 0 2 5 3 5 2 2 3 7 2 1 3 1 2 0 0 2 8 3 1 4 4 0 0 8 0 19 4 16 25 11 8 11 22 23 42 30 29 6 22 55 48 174 62 8 97 349 2 2 4 3 4 5 1 0 0 1 0 0 0 2 0 5 2 1 0 3 2 1 0 0 3 5 1 8 9 6 3 1 3 10 4 14 11 78 15 0 0 49 4 18 13 9 7 11 16 5 0 14 
0 5 4 2 2 2 4 2 3 5 4 4 6 7 2 5 8 3 3 4 3 4 2 10 5 0 0 12 1 16 8 14 13 13 9 6 18 22 36 44 30 3 21 46 52 92 51 71 12 293 4 3 5 0 0 0 0 3 0 0 0 2 0 1 5 0 2 2 1 0 3 3 1 4 6 6 1 5 14 9 2 4 7 15 8 16 9 83 8 0 0 24 5 15 11 15 1 14 9 1 9 16 
31 53 27 11 15 34 37 27 29 29 20 34 49 23 23 37 58 65 35 25 36 25 20 49 35 5 9 109 10 243 68 161 250 76 80 67 188 248 406 355 282 45 126 230 270 386 216 619 658 39 38 25 58 16 8 4 16 39 0 9 2 5 5 27 35 30 9 24 5 14 29 25 19 8 52 35 4 45 89 52 48 48 49 111 61 78 75 589 70 0 0 108 41 103 59 84 14 108 145 22 15 90 
5 8 5 1 4 3 6 4 5 6 0 7 7 2 4 9 3 8 4 4 1 0 2 3 2 0 2 7 0 9 9 5 10 4 9 2 5 2 9 5 3 0 10 6 4 5 7 6 4 36 7 17 28 19 9 2 18 25 0 23 15 5 3 11 14 16 8 13 5 18 3 8 3 14 8 16 4 14 56 8 4 1 10 22 10 13 9 30 6 0 0 2 1 7 1 6 0 5 7 0 0 7 
2 4 2 0 0 5 2 4 0 3 1 0 2 4 5 5 1 0 4 1 0 0 5 1 1 0 0 5 0 2 6 10 8 3 3 0 2 2 5 3 2 0 2 1 3 2 4 2 2 20 8 3 36 29 10 3 5 14 0 10 2 0 1 4 10 13 4 7 1 3 3 6 3 8 5 3 0 17 51 4 4 0 5 5 4 11 0 28 1 0 0 5 5 6 1 1 1 1 3 0 4 5 
8 8 5 1 5 6 16 2 6 6 9 5 7 6 7 7 4 3 4 0 3 1 4 5 1 0 1 5 2 14 5 14 15 11 1 0 2 6 7 5 11 1 9 7 7 10 10 10 7 31 62 46 7 32 23 6 18 34 0 16 4 0 3 23 19 21 6 14 3 15 7 11 6 7 4 26 2 22 71 12 7 3 5 19 12 17 5 37 4 0 0 2 4 4 3 0 3 6 9 1 0 5 
2 2 7 0 1 4 3 1 1 1 0 0 3 13 5 7 6 1 3 4 1 1 4 0 0 0 1 3 0 11 6 4 3 3 5 1 5 0 6 3 4 0 10 3 3 2 4 7 4 13 22 14 33 6 8 0 6 18 0 15 4 1 4 17 8 8 9 9 1 6 4 3 4 4 1 7 4 5 41 4 3 2 2 14 9 7 4 18 7 0 0 2 2 8 0 4 1 8 7 0 3 4 
1 2 4 0 0 4 0 1 0 2 2 1 1 0 1 6 2 2 1 2 2 1 0 0 0 0 0 2 0 1 1 1 7 1 0 0 3 0 3 3 0 0 0 0 0 1 0 1 1 9 6 11 23 8 0 0 1 7 0 6 0 0 1 6 4 1 1 3 0 0 0 2 1 2 2 7 0 10 41 3 4 0 1 3 3 3 1 6 1 0 0 0 0 0 3 1 0 3 4 1 0 1 
2 0 0 0 0 1 0 2 1 3 1 1 0 0 0 6 2 0 0 1 1 0 1 3 0 0 1 1 0 4 1 2 5 1 0 3 1 1 2 0 0 0 0 1 1 0 3 3 2 3 11 2 9 5 2 2 0 6 0 6 3 5 0 3 2 6 3 2 2 6 7 3 1 3 2 4 1 1 27 2 0 0 0 2 0 1 2 2 1 0 0 1 1 0 2 0 0 2 2 1 0 1 
3 2 5 2 3 2 5 5 0 0 1 4 4 3 3 8 4 5 1 0 3 3 0 3 2 0 0 1 1 7 2 4 4 1 4 0 0 1 4 0 4 0 3 2 2 3 2 0 2 11 26 6 20 10 8 2 9 7 0 6 2 0 0 3 3 16 2 6 2 7 10 7 1 6 12 11 1 15 48 5 2 0 8 8 5 11 2 11 0 0 0 0 0 3 3 1 0 2 2 1 0 0 
5 6 10 1 3 1 17 4 7 11 2 8 3 13 4 6 7 2 2 2 0 3 5 1 7 0 0 7 4 4 6 11 7 11 5 2 5 3 5 8 1 2 3 6 6 6 4 3 6 18 33 19 40 24 20 5 11 4 0 23 10 1 3 7 7 7 6 3 1 5 11 10 7 6 27 19 6 14 116 13 7 1 7 44 16 6 2 28 1 0 0 3 1 2 0 2 1 6 0 0 0 1 
0 0 0 0 0 0 0 0 0 0 0 0 0 0 0 0 0 0 0 0 0 0 0 0 0 0 0 0 0 0 0 0 0 0 0 0 0 0 0 0 0 0 0 0 0 0 0 0 0 0 0 0 0 0 0 0 0 0 0 0 0 0 0 0 0 0 0 0 0 0 0 0 0 0 0 0 0 0 0 0 0 0 0 0 0 0 0 0 0 0 0 0 0 0 0 0 0 0 0 0 0 0 
7 15 7 7 1 5 9 3 5 2 4 19 9 8 10 16 12 8 6 5 2 7 2 8 4 1 1 13 3 7 3 5 7 7 3 1 3 1 8 4 6 1 4 5 1 2 2 2 3 17 24 16 31 33 6 3 18 24 0 3 10 2 3 6 15 34 10 9 4 8 11 21 10 15 13 18 1 20 44 3 10 6 4 8 4 4 8 28 5 0 0 4 2 0 3 2 0 2 0 0 0 3 
2 0 1 2 0 0 1 2 2 2 1 0 0 1 0 1 0 1 0 0 0 1 1 1 0 0 0 4 0 4 3 2 4 6 1 0 1 0 4 4 2 1 0 0 0 2 2 1 0 7 4 5 6 6 8 0 5 10 0 2 0 2 1 5 16 11 2 5 0 5 7 13 8 5 2 4 0 1 23 0 2 1 0 1 2 5 0 7 0 0 0 0 1 1 0 0 0 1 0 0 0 0 
1 3 5 1 0 4 4 5 5 4 4 5 3 2 0 2 6 0 1 0 0 0 0 3 0 0 0 3 1 13 10 8 5 8 8 7 6 7 19 7 15 0 7 2 4 4 6 6 3 14 4 2 5 4 2 1 10 7 0 9 5 0 0 13 8 20 7 14 4 18 5 11 5 8 1 5 0 4 25 9 2 2 4 9 2 3 4 13 2 0 0 0 2 2 1 1 0 1 1 0 0 0 
0 4 3 0 0 0 5 4 1 1 0 0 1 0 0 0 1 0 0 0 0 0 0 1 0 0 0 0 0 5 2 4 1 0 1 1 4 5 2 1 3 0 1 3 1 2 1 0 0 4 3 2 2 2 7 1 3 4 0 4 3 0 2 2 8 11 9 11 8 12 4 8 5 6 3 4 0 5 16 4 2 1 1 0 1 2 0 7 0 0 0 0 0 0 0 0 0 0 0 2 0 0 
6 4 1 2 0 3 4 3 6 7 0 1 2 1 1 3 0 1 4 0 0 0 0 3 0 0 0 3 2 20 5 5 4 0 6 5 12 5 12 12 11 1 1 8 8 7 2 6 5 32 9 9 26 12 8 1 10 14 0 11 4 6 1 2 11 25 10 11 3 20 22 32 10 8 20 18 0 3 44 6 10 3 3 4 2 2 3 7 6 0 0 5 1 3 0 3 0 0 0 0 0 1 
2 5 8 0 1 4 9 15 6 8 1 3 0 0 0 3 5 0 0 0 0 0 0 0 0 0 0 2 2 31 11 7 12 5 4 6 12 13 18 12 8 0 2 5 5 8 6 2 2 15 3 9 10 14 7 1 11 18 0 14 3 0 8 8 4 22 11 22 14 31 33 51 11 21 2 5 1 4 28 8 6 2 1 4 1 0 1 15 1 0 0 0 0 3 0 1 0 0 1 0 0 0 
2 10 10 0 0 7 22 4 12 7 2 8 2 0 0 0 0 0 1 0 0 0 0 0 0 0 0 0 0 39 24 33 12 9 6 4 15 10 15 12 11 1 3 8 15 9 6 15 19 41 11 3 16 16 2 2 16 14 0 30 12 3 14 21 28 16 19 49 29 49 62 76 29 21 5 11 0 15 50 8 10 3 8 6 4 2 5 18 4 0 0 4 0 1 0 1 0 1 0 0 0 1 
2 2 1 0 0 2 3 0 0 1 2 1 0 0 0 0 0 0 0 0 0 0 0 0 0 0 0 0 0 7 4 2 4 2 2 1 8 2 14 3 1 0 4 0 3 1 3 2 2 12 1 0 5 5 3 1 4 5 0 2 2 1 0 7 20 7 2 4 9 11 21 26 11 2 3 0 0 1 5 1 1 0 0 0 0 1 2 1 1 0 0 0 0 1 0 0 0 0 0 0 0 0 
2 4 2 0 0 2 2 3 1 4 0 0 1 0 4 0 0 1 0 0 0 0 0 0 0 0 0 0 1 9 6 6 7 4 5 2 14 5 4 4 3 0 2 2 4 4 4 3 4 14 4 7 17 14 4 4 7 9 0 8 5 0 4 6 20 19 2 6 7 16 34 45 8 21 5 0 0 6 20 4 2 1 1 2 2 1 2 8 1 0 0 1 0 0 0 0 0 0 0 0 0 0 
0 1 0 0 0 0 2 1 2 0 0 0 0 0 0 0 0 0 0 0 0 0 0 0 0 0 0 0 0 11 4 6 3 2 1 3 5 7 5 3 4 0 0 1 0 0 1 3 2 6 1 1 0 7 1 0 1 4 0 1 1 1 3 11 13 14 9 7 3 12 36 34 9 13 40 2 1 0 6 1 8 0 2 2 0 1 0 4 2 0 0 0 0 0 0 1 0 0 0 0 0 0 
1 1 0 0 0 0 1 0 0 1 0 0 1 0 0 2 0 0 0 0 0 0 0 0 0 0 0 0 1 3 2 5 3 6 2 2 3 4 2 0 0 0 1 3 4 0 1 1 1 2 10 7 7 8 1 0 5 3 0 6 3 2 5 6 20 23 10 12 8 1 17 30 7 31 7 0 0 2 13 3 2 2 2 1 0 0 1 3 0 0 0 0 0 1 0 0 0 0 0 0 0 0 
2 0 3 1 2 2 2 2 2 0 1 2 1 0 0 1 0 0 0 0 0 0 0 0 0 0 0 0 0 8 3 4 4 7 9 5 13 5 15 5 5 1 0 1 5 2 6 3 5 8 5 2 4 4 1 0 5 2 0 8 6 1 2 1 18 23 12 22 18 19 4 89 8 28 3 1 0 3 15 3 2 0 2 4 2 2 1 12 0 0 0 0 0 0 0 1 0 0 0 0 0 1 
1 3 0 0 0 4 2 1 0 2 1 3 3 1 1 5 1 0 0 0 0 0 0 0 0 0 0 2 2 11 2 9 3 16 2 4 8 13 9 3 4 0 0 0 3 3 2 1 4 8 5 1 6 2 1 2 5 5 0 15 5 2 2 6 27 32 16 38 30 33 58 1 45 42 4 2 1 4 23 4 6 1 8 4 2 1 1 9 0 0 0 6 0 0 0 2 1 2 1 0 0 0 
1 6 3 1 0 2 1 4 0 3 0 2 3 0 0 2 1 2 0 0 0 0 0 0 0 0 0 0 0 1 3 5 3 9 0 3 2 2 12 2 0 1 1 0 2 2 5 3 0 5 8 5 6 6 2 1 2 3 0 3 6 0 3 6 20 14 16 12 1 15 17 50 2 18 2 3 0 2 9 2 2 0 4 2 1 1 2 6 2 0 0 0 0 1 0 0 0 0 0 0 0 2 
2 6 0 0 1 4 2 4 3 3 6 1 2 0 0 1 3 0 0 0 0 0 0 0 0 0 0 0 0 0 0 0 3 5 3 1 5 9 7 1 5 0 1 4 2 1 1 2 1 7 8 8 9 5 2 7 6 7 0 14 2 1 1 5 16 22 12 33 10 39 22 47 9 2 11 13 1 8 35 1 4 2 5 2 2 1 5 6 1 0 0 1 1 1 1 0 0 0 0 0 0 2 
0 2 0 1 1 1 0 1 1 0 0 1 3 7 2 1 3 1 0 2 0 0 0 2 0 0 0 5 0 9 0 7 2 3 0 0 1 4 4 2 1 2 8 7 2 6 4 9 4 23 4 1 7 4 3 2 6 9 0 5 1 2 5 2 7 7 0 4 0 3 2 4 2 3 4 2 4 8 89 17 13 3 1 35 7 15 4 44 7 0 0 5 0 10 4 3 0 5 4 4 3 1 
2 4 3 1 0 0 1 2 2 7 0 0 1 3 2 8 1 1 1 0 0 1 2 1 3 0 0 4 0 5 1 0 6 2 0 0 0 4 3 1 4 0 6 7 1 6 4 5 4 20 7 1 3 5 5 3 6 10 0 7 3 1 0 2 4 12 3 1 1 4 4 2 10 2 10 2 6 47 124 22 16 13 22 33 10 19 2 37 3 0 0 2 1 10 2 1 0 10 5 1 1 6 
0 1 1 1 0 0 0 0 0 1 0 0 0 0 0 0 0 0 0 0 0 0 0 0 0 0 0 0 0 0 0 0 0 1 0 0 0 0 0 0 0 1 0 1 0 1 3 0 1 4 1 1 0 0 0 0 0 1 0 4 0 0 0 0 7 0 2 0 0 0 1 0 0 1 4 10 1 10 59 6 2 1 6 4 2 3 3 10 1 0 0 2 0 4 0 0 0 0 2 0 0 0 
1 1 1 0 0 1 4 3 0 1 0 1 0 0 1 0 1 1 0 0 1 0 1 0 1 0 0 0 0 2 0 3 2 0 2 0 0 0 6 1 1 1 3 6 10 5 11 4 6 20 4 3 13 4 1 1 5 14 0 6 0 0 2 4 0 6 2 2 0 0 2 5 0 6 25 14 21 5 48 15 8 4 11 35 17 12 3 32 4 0 0 4 1 0 3 6 0 4 3 0 1 3 
7 22 14 3 12 4 7 9 8 19 8 8 12 9 14 25 15 8 8 2 1 2 8 15 3 0 0 17 4 30 12 25 26 20 15 6 4 2 26 11 13 4 14 23 14 12 14 19 17 71 111 81 135 107 80 44 55 108 0 51 11 5 17 21 37 51 11 18 3 26 22 28 11 23 254 186 74 110 22 71 86 38 62 149 68 39 21 108 23 0 0 17 10 26 11 17 3 19 20 6 2 13 
0 1 1 0 0 0 0 1 3 3 0 0 2 1 0 4 1 0 0 0 0 0 0 0 0 0 1 3 0 4 3 1 4 2 1 1 0 0 3 3 4 3 9 12 16 5 5 1 9 31 3 2 8 7 2 2 3 9 0 0 0 0 1 3 4 6 1 2 4 6 3 4 0 0 24 19 12 18 79 6 11 7 12 40 31 16 6 53 11 0 0 2 2 5 2 5 4 5 7 2 0 8 
1 1 1 1 1 2 3 1 0 0 0 0 0 0 0 0 2 0 0 2 0 0 0 2 0 0 0 2 0 3 0 0 2 0 1 0 1 0 4 6 1 0 4 4 7 1 3 1 4 20 6 6 5 10 0 1 6 9 0 3 1 0 1 1 4 3 0 3 0 4 3 2 2 1 14 13 6 5 73 6 6 6 9 44 39 14 5 49 13 0 0 7 1 8 4 3 0 11 2 0 1 3 
1 0 1 0 0 0 0 0 2 1 0 0 0 0 0 1 0 0 0 1 0 0 0 1 0 0 0 1 1 7 2 4 1 0 1 1 0 0 0 4 1 4 6 7 4 5 1 12 8 31 2 3 0 0 0 0 1 1 0 5 0 0 0 0 0 1 1 0 3 2 2 1 1 4 9 11 5 9 32 7 6 4 6 26 26 14 7 44 7 0 0 6 4 7 3 5 3 14 10 0 2 9 
1 2 0 1 0 0 0 0 0 0 0 0 0 1 0 0 0 0 0 0 0 0 0 0 0 0 0 0 0 0 0 3 1 1 0 0 1 0 2 2 4 3 9 12 1 4 2 6 0 15 2 5 4 4 1 0 3 2 0 3 0 2 0 1 0 1 0 1 0 1 3 2 0 1 9 14 4 9 38 6 9 2 9 77 31 9 8 22 11 0 0 10 4 6 7 5 0 8 9 0 0 2 
4 10 7 1 3 5 3 8 1 3 1 0 0 1 1 0 0 0 0 1 2 0 1 0 0 0 0 3 1 3 2 1 5 0 2 0 0 1 13 15 9 3 16 25 24 23 21 18 25 79 24 9 23 16 9 8 18 38 0 9 3 0 0 1 6 3 2 3 2 4 4 6 3 3 63 51 23 55 137 99 74 36 156 17 109 78 55 122 29 0 0 33 20 31 16 21 1 30 13 9 2 17 
0 2 1 0 0 1 5 1 0 0 0 0 0 0 0 0 1 0 0 0 0 2 0 2 1 0 1 0 0 2 0 1 1 0 0 1 0 2 6 9 2 0 14 16 8 9 13 9 11 24 7 4 7 7 4 0 4 6 0 4 0 0 0 1 5 6 2 0 2 3 0 2 0 1 8 21 6 14 42 32 24 13 35 84 8 43 29 56 8 0 0 21 12 11 4 8 3 13 18 3 1 15 
1 3 1 0 2 1 1 0 0 1 1 1 0 0 1 0 5 4 0 0 1 0 0 2 1 0 0 5 1 6 2 11 11 6 1 8 3 13 14 7 5 5 13 60 12 32 22 14 20 69 10 7 16 6 1 1 1 11 0 4 2 0 1 2 3 2 1 1 0 2 2 0 4 0 58 8 3 10 26 18 32 9 17 69 63 7 12 63 27 0 0 49 13 25 16 24 4 28 18 4 7 11 
4 1 3 0 0 0 3 1 0 0 0 0 3 2 1 0 1 1 3 1 2 0 0 1 2 0 0 3 0 10 1 4 3 2 3 3 7 13 11 9 7 2 16 34 12 10 11 19 26 38 6 2 3 4 1 0 3 6 0 2 0 1 1 0 2 3 2 0 0 0 4 1 1 1 9 6 1 14 17 14 15 5 10 38 20 15 7 31 18 0 0 46 9 7 17 18 6 24 14 2 2 9 
9 18 15 0 4 10 19 7 3 8 3 4 4 3 5 7 20 13 8 10 7 1 3 13 12 0 2 32 4 56 7 34 57 17 23 10 32 47 93 35 26 13 69 107 56 109 67 100 109 475 31 26 46 15 7 3 19 17 0 12 2 2 0 7 11 7 0 5 2 4 3 7 7 5 55 46 9 41 71 51 48 31 52 124 63 100 59 19 26 0 0 98 25 96 49 110 15 78 66 17 9 89 
4 3 1 1 1 1 1 1 0 3 2 1 1 0 0 4 6 2 0 3 3 2 2 2 0 0 0 1 0 13 2 10 8 6 8 4 8 19 30 18 12 8 30 51 15 26 14 17 15 53 4 0 4 5 2 0 3 5 0 1 1 0 0 0 1 1 1 1 0 2 0 2 1 3 34 8 0 7 23 7 13 14 8 21 12 35 22 36 15 0 0 40 13 18 14 20 3 20 11 4 4 22 
0 0 0 0 0 0 0 0 0 0 0 0 0 0 0 0 0 0 0 0 0 0 0 0 0 0 0 0 0 0 0 0 0 0 0 0 0 0 0 0 0 0 0 0 0 0 0 0 0 0 0 0 0 0 0 0 0 0 0 0 0 0 0 0 0 0 0 0 0 0 0 0 0 0 0 0 0 0 0 0 0 0 0 1 0 0 1 1 0 0 0 0 0 0 0 0 0 0 0 0 0 0 
0 0 0 0 0 0 0 0 0 0 0 0 0 0 0 0 0 0 0 0 0 0 0 0 0 0 0 0 0 0 0 0 0 0 0 0 0 0 0 0 0 0 0 0 0 0 0 0 0 0 0 0 0 0 0 0 0 0 0 0 0 0 0 0 0 0 0 0 0 0 0 0 0 0 0 0 0 0 0 0 0 0 0 0 0 0 0 0 0 0 0 0 0 0 0 0 0 0 0 0 0 0 
5 18 8 1 0 5 11 3 6 6 7 10 18 4 3 13 19 6 3 2 6 4 3 7 1 1 2 11 3 51 18 36 30 33 30 37 54 86 148 67 53 16 39 169 82 147 85 113 209 375 8 11 13 17 6 1 17 16 0 6 1 3 0 4 13 3 1 3 2 1 7 6 1 3 27 10 0 29 72 32 29 23 39 97 61 105 79 241 128 0 0 6 64 97 59 343 19 178 89 17 15 60 
1 2 2 0 2 1 0 1 1 2 2 2 0 0 1 0 3 0 0 0 1 0 0 0 0 0 0 5 0 2 6 8 9 1 4 1 9 13 11 1 13 5 22 49 11 12 11 17 21 44 2 1 1 1 1 0 1 3 0 2 0 0 1 0 0 1 0 0 0 0 0 1 0 0 6 8 2 5 7 3 5 12 6 19 12 23 12 46 19 0 0 46 4 4 7 24 5 16 10 7 2 14 
1 1 0 0 0 0 0 2 0 0 0 0 3 0 1 0 0 1 1 0 0 0 0 0 0 0 1 1 0 7 2 7 3 1 2 5 7 15 11 5 7 2 14 31 13 25 13 28 25 55 3 5 5 12 0 0 0 3 0 4 0 0 1 1 0 2 0 0 0 0 1 0 0 2 8 12 9 15 19 15 7 9 14 23 13 21 14 53 19 0 0 52 3 4 2 39 3 16 11 2 2 15 
1 0 0 0 1 0 2 2 0 1 0 2 0 1 1 1 1 0 0 0 0 0 0 1 0 0 0 0 0 6 6 6 3 4 3 4 9 8 9 2 8 2 20 27 14 23 14 15 20 46 3 0 4 5 2 0 2 4 0 0 0 0 4 0 2 0 0 0 0 0 0 0 0 0 6 2 0 4 7 3 8 4 5 20 11 7 18 56 10 0 0 29 6 5 1 14 4 26 9 1 7 25 
2 0 0 0 1 1 0 1 0 1 1 1 0 0 0 0 3 1 0 0 1 0 0 0 0 1 0 1 0 6 2 8 2 3 9 6 6 5 23 8 5 2 33 34 16 16 8 26 24 58 3 0 7 2 0 0 1 2 0 0 1 0 0 1 0 0 0 0 0 1 0 0 0 0 9 4 2 4 18 9 8 4 7 12 11 16 14 78 19 0 0 62 7 10 8 5 0 34 4 6 0 16 
0 0 0 0 1 0 0 0 0 0 0 0 0 0 0 0 0 0 0 0 0 0 0 0 0 0 0 0 0 0 0 0 0 0 0 2 1 0 3 1 0 1 1 7 2 4 3 2 3 7 1 0 1 0 1 0 1 0 0 0 0 0 0 0 0 0 0 0 1 0 0 1 0 0 0 0 0 2 2 1 4 3 0 6 1 6 2 19 7 0 0 7 4 3 0 1 1 0 1 0 0 4 
1 0 0 0 0 0 0 0 1 0 0 1 1 0 0 0 2 0 0 0 0 0 0 0 1 0 0 0 1 5 1 4 1 2 2 2 4 0 10 0 3 1 9 14 8 10 14 14 10 29 5 2 3 0 0 1 2 3 0 0 1 0 0 0 0 0 0 0 0 0 0 0 0 0 3 0 2 1 10 6 8 1 10 8 10 4 4 57 8 0 0 39 7 3 9 14 0 2 4 6 1 26 
1 3 0 0 1 3 1 1 0 0 0 1 3 1 0 3 2 0 0 0 0 0 0 0 0 0 0 1 0 4 1 3 4 1 2 4 2 4 21 3 6 1 10 21 20 8 13 15 7 27 1 1 4 1 1 1 1 3 0 0 0 0 0 0 0 1 0 0 0 0 1 0 0 0 5 7 0 9 7 10 9 6 4 4 6 11 5 54 10 0 0 19 2 11 7 4 1 2 2 1 1 17 
0 0 0 0 0 0 0 0 0 0 0 0 0 0 0 0 0 1 0 0 0 0 0 0 0 0 0 0 0 0 0 2 1 0 0 3 0 0 3 1 0 0 2 6 1 1 0 0 0 7 1 0 1 1 0 0 0 0 0 0 0 0 0 0 0 0 0 0 0 0 0 0 0 0 1 0 0 1 0 2 3 0 2 0 1 4 2 16 1 0 0 2 0 2 2 3 2 1 0 0 0 1 
0 0 0 0 0 0 0 0 0 0 0 0 0 1 0 0 0 0 0 0 0 0 0 0 0 0 0 0 0 3 0 0 0 1 1 0 1 1 0 1 1 0 6 2 4 2 2 0 4 4 1 1 1 2 0 1 0 0 0 0 0 0 0 0 0 0 0 0 0 0 0 0 0 0 0 1 0 1 2 2 2 0 3 3 7 10 0 10 6 0 0 1 1 3 0 1 0 3 2 0 0 2 
7 19 6 1 1 5 9 1 4 4 0 6 1 2 0 6 2 9 4 1 1 1 4 2 3 0 1 5 0 26 11 23 15 16 17 12 23 34 37 33 27 13 79 74 44 74 67 42 41 201 13 8 12 7 3 1 10 13 0 4 2 1 1 3 0 5 6 3 1 0 2 3 0 3 14 4 3 11 31 16 16 20 27 41 37 51 41 214 68 0 0 78 24 64 55 68 11 65 31 3 3 6 
