6 7 17 7 15 27 36 16 27 33 20 35 33 45 38 49 39 25 20 20 12 7 6 23 11 1 1 28 37 1 1 6 12 6 7 4 3 3 25 22 14 0 2 9 9 17 3 11 6 47 7 3 4 5 3 1 3 5 0 0 2 1 0 2 6 7 2 4 1 0 8 4 2 1 0 0 7 4 15 3 1 1 5 4 2 8 1 31 10 0 0 7 1 0 2 3 0 2 3 2 0 4 
12 9 15 16 13 47 18 25 45 26 14 48 56 45 31 64 27 26 34 15 9 22 8 32 13 0 1 30 53 13 4 3 13 2 14 3 2 3 14 27 18 1 7 10 17 23 14 10 6 54 5 3 12 7 2 1 4 4 0 0 3 0 0 4 8 10 2 6 0 5 5 5 2 3 2 2 0 4 20 3 0 3 6 6 5 6 4 22 4 0 0 8 3 2 0 1 1 0 1 0 0 11 
30 18 8 7 7 30 24 31 73 39 12 44 34 45 43 52 37 23 26 19 23 18 8 54 6 2 0 40 81 10 1 4 11 4 7 3 3 7 17 28 12 2 4 4 5 6 6 5 5 45 9 6 8 7 3 3 2 8 0 1 1 2 2 8 2 9 2 3 0 2 10 3 2 2 0 2 0 6 18 0 2 2 1 4 9 5 5 21 2 0 0 2 1 2 1 2 0 0 3 1 1 6 
6 7 20 2 4 13 8 8 7 6 10 10 3 7 6 14 8 4 4 4 3 5 1 2 2 0 0 4 9 0 0 6 4 0 1 0 1 0 9 0 0 0 0 0 2 1 3 0 0 5 0 1 0 0 1 0 0 0 0 2 0 0 0 0 1 2 0 0 0 0 2 1 0 1 0 0 0 1 4 1 0 0 5 0 0 0 0 3 1 0 0 2 0 0 0 0 0 0 0 0 0 2 
38 7 8 1 4 12 9 9 19 10 17 9 11 10 15 24 15 15 12 3 7 9 7 9 3 1 0 5 8 1 1 0 2 2 1 2 0 0 3 7 3 0 2 2 6 4 4 2 4 18 4 2 4 2 1 2 0 2 0 0 0 0 0 1 3 3 2 0 0 1 3 0 1 0 1 1 0 1 4 1 0 0 1 1 0 2 1 12 0 0 0 4 0 0 1 0 0 2 0 0 0 3 
40 53 49 32 31 16 19 10 31 25 12 49 42 45 31 58 54 33 26 19 14 19 10 18 10 1 0 21 50 3 9 2 9 0 4 0 2 9 26 17 11 6 4 10 9 13 5 3 10 32 2 3 15 6 2 0 3 6 0 5 1 1 0 4 7 7 5 2 0 2 0 2 2 0 1 5 1 6 14 1 0 1 0 4 1 3 0 7 0 0 0 10 0 2 0 6 0 1 0 0 1 3 
33 51 41 14 14 19 4 29 29 22 14 27 50 58 46 52 19 16 31 10 12 8 1 18 2 0 0 8 36 3 2 4 21 3 2 0 1 4 20 25 16 2 6 7 12 6 12 7 3 39 2 3 6 1 2 0 0 5 0 6 0 0 2 6 3 7 8 0 0 4 1 5 0 2 0 2 0 2 12 0 1 1 1 3 0 1 2 12 4 0 0 4 1 0 2 1 0 0 2 0 0 2 
19 27 15 11 6 32 18 5 10 13 18 18 64 58 33 69 36 17 20 13 9 13 5 22 9 0 0 13 18 12 1 2 4 1 4 0 0 6 12 10 3 2 5 6 8 7 3 6 9 18 4 11 5 7 1 1 2 5 0 1 0 1 0 6 3 6 2 7 2 4 2 6 0 3 5 6 0 2 7 0 0 0 1 8 2 3 5 8 0 0 0 5 1 0 0 0 0 1 0 0 1 4 
45 54 74 17 15 47 71 18 15 33 18 59 81 83 48 65 40 43 28 17 11 24 10 36 11 1 3 15 46 12 1 4 6 1 2 1 1 6 28 13 10 2 6 3 8 7 9 3 6 29 2 0 3 4 5 1 3 3 0 0 3 2 1 10 1 8 2 3 4 1 1 2 3 3 5 4 2 2 13 2 0 0 2 1 0 1 1 5 1 0 0 5 0 14 0 2 0 1 3 0 1 7 
10 23 29 4 1 22 12 12 4 3 6 14 34 28 32 36 31 23 15 11 11 12 4 29 7 2 0 18 21 4 0 2 5 2 1 3 2 2 8 11 1 0 1 3 9 4 3 1 3 22 8 1 8 4 3 0 3 7 0 1 0 4 1 1 4 6 1 4 0 5 2 9 3 1 5 5 0 6 12 1 2 0 0 1 1 1 0 13 2 0 0 2 2 0 1 0 0 1 1 0 0 1 
17 23 8 0 9 31 20 13 23 6 3 5 38 28 18 62 21 16 27 20 16 6 11 19 6 2 1 30 21 16 2 10 4 1 1 0 1 0 21 35 7 2 1 5 6 11 12 4 5 29 4 0 3 7 2 0 3 8 0 3 4 1 1 0 2 2 3 3 0 0 2 1 3 5 6 2 0 1 3 0 1 0 1 2 1 0 0 4 0 0 0 3 1 0 2 0 0 1 0 0 0 0 
39 48 20 9 10 31 43 27 39 33 17 9 27 39 42 58 41 38 64 31 21 25 15 83 30 1 2 44 16 6 1 4 12 1 1 1 1 4 19 12 10 0 3 5 5 10 11 8 19 38 9 1 9 6 0 0 4 3 0 12 0 3 2 0 0 3 4 5 2 1 9 6 2 3 4 2 2 1 9 0 0 0 0 0 0 0 0 5 0 0 0 4 1 1 0 0 0 1 0 1 0 5 
62 89 88 7 38 118 255 181 181 76 69 81 8 67 98 92 129 58 61 38 59 37 16 76 37 4 3 81 25 19 9 12 21 5 9 5 1 15 46 31 10 6 7 6 8 4 9 9 11 48 12 11 7 10 1 0 14 12 0 37 1 2 14 1 1 0 1 5 0 1 0 2 0 1 16 5 0 4 14 1 1 1 0 2 1 3 0 4 2 0 0 9 0 6 2 4 0 2 0 0 0 3 
89 111 101 13 24 100 119 98 120 97 42 64 75 7 24 101 118 108 95 45 91 108 64 122 56 12 19 139 53 15 3 3 21 2 1 1 5 5 19 20 7 3 6 1 7 18 6 4 10 43 20 13 17 24 5 4 12 22 0 8 2 1 1 0 2 2 0 1 0 0 2 3 2 4 11 9 0 17 62 12 0 1 1 0 2 0 0 6 2 0 0 8 1 1 2 2 3 4 0 0 0 1 
49 73 52 8 19 66 102 53 61 40 38 41 65 18 8 34 53 36 40 46 36 32 49 108 52 5 18 116 39 8 4 6 15 2 2 1 2 2 14 17 12 7 8 11 5 7 7 6 2 30 10 5 11 9 4 1 4 4 0 4 1 0 1 3 0 0 0 0 0 1 1 0 0 1 2 3 0 4 20 0 1 0 0 2 0 1 0 5 0 0 0 6 1 2 0 0 0 0 2 0 0 2 
47 99 61 6 21 65 78 87 81 89 41 60 81 54 17 15 114 125 97 82 122 63 78 170 88 9 28 163 27 60 16 42 45 23 31 13 39 5 25 36 20 7 12 14 13 20 19 6 11 66 16 16 19 11 4 0 16 17 0 3 1 0 1 0 5 3 1 2 1 0 6 4 0 0 11 6 2 2 53 5 0 0 1 2 1 3 2 17 6 0 0 12 3 4 1 6 1 1 0 0 0 7 
39 65 43 2 7 45 51 41 56 70 23 47 96 85 48 71 10 69 86 47 96 51 62 170 32 3 16 102 19 51 22 61 45 20 26 24 21 20 38 66 40 2 22 20 31 20 30 19 17 66 14 10 10 14 2 2 7 14 0 2 5 5 0 2 5 3 0 1 0 0 4 1 1 1 13 10 1 2 43 6 0 1 1 2 1 7 6 34 6 0 0 12 3 2 1 2 0 2 0 1 0 8 
26 32 19 3 6 25 44 49 21 25 13 44 56 60 26 97 32 6 38 28 60 42 64 126 25 10 10 46 11 25 18 21 38 16 17 12 16 12 45 38 35 6 22 25 20 28 18 5 9 64 5 0 7 7 1 1 3 9 0 5 2 0 0 5 2 4 0 0 0 0 0 1 1 0 7 0 1 8 15 6 1 1 1 3 2 4 3 14 10 0 0 12 1 1 0 3 1 0 0 0 0 4 
18 33 16 4 2 28 20 19 22 29 26 45 45 59 29 102 94 50 5 52 186 90 59 84 49 7 10 54 10 30 7 19 18 16 20 7 16 17 37 26 14 2 10 15 16 16 13 6 7 47 2 2 4 6 1 0 3 6 0 3 2 3 0 0 1 3 0 0 0 0 0 0 0 0 1 3 0 3 14 3 3 0 0 0 0 2 5 14 2 0 0 9 0 1 1 0 0 0 0 0 0 0 
10 25 19 2 3 12 17 15 8 13 5 25 25 35 26 53 29 31 24 1 6 3 24 50 13 7 23 59 10 10 4 6 17 4 10 5 10 8 34 9 9 0 4 3 6 8 7 3 5 26 3 1 2 2 0 1 2 7 0 4 0 0 0 1 0 1 0 0 0 0 0 0 0 0 0 2 1 1 18 3 1 0 0 0 0 0 1 9 3 0 0 0 0 0 0 0 0 1 0 0 0 2 
8 16 10 1 0 7 13 7 7 14 7 12 49 39 36 92 56 24 45 10 8 14 19 51 21 22 28 56 13 9 2 3 8 3 7 6 12 8 33 10 7 0 5 9 5 6 2 1 3 17 5 0 5 1 0 0 1 2 0 1 0 0 0 1 0 1 0 0 0 0 0 0 0 1 2 1 0 0 8 1 2 0 1 0 0 4 3 5 2 0 0 2 0 0 0 0 0 0 0 0 0 2 
17 19 13 1 5 17 25 12 20 13 4 20 48 27 25 60 36 24 63 8 14 3 13 49 12 38 133 102 2 2 4 4 9 1 0 18 4 4 10 2 2 0 3 5 8 10 9 5 4 20 2 0 5 2 3 0 2 1 0 2 1 1 1 1 0 0 0 0 0 0 0 1 0 1 3 2 0 1 4 0 2 0 0 1 0 0 2 3 0 0 0 2 1 0 0 0 0 0 0 0 0 0 
8 8 6 0 4 18 11 8 6 10 9 9 22 20 29 62 60 27 49 14 61 11 3 24 5 24 37 96 1 3 2 5 11 5 5 3 4 7 20 5 12 0 3 5 3 6 4 5 3 17 1 0 10 1 0 1 1 1 0 0 0 0 3 1 0 0 0 0 0 0 0 0 0 0 4 1 2 4 9 0 0 0 2 0 0 2 2 3 1 0 0 0 0 0 0 1 0 0 0 0 0 0 
11 17 17 2 17 20 25 23 15 33 11 29 47 48 34 110 82 38 38 13 28 10 23 17 14 69 52 78 8 6 4 8 15 11 11 5 12 9 39 18 13 2 7 3 11 16 9 13 12 76 7 1 3 1 3 0 10 6 0 1 1 0 1 5 1 1 0 0 0 0 0 0 0 3 7 2 0 4 19 7 0 0 0 2 0 6 5 12 4 0 0 8 2 1 0 1 2 0 0 0 0 1 
28 25 16 2 9 27 11 24 24 45 33 41 38 42 41 92 48 47 64 28 32 19 18 16 7 2 29 60 2 23 4 10 77 5 12 19 8 5 40 34 43 2 13 28 32 28 19 25 21 144 17 11 34 10 7 5 9 18 0 1 4 0 0 1 0 0 0 0 0 0 0 1 0 1 8 4 3 5 22 3 2 2 0 0 0 9 1 43 5 0 0 9 0 5 0 0 0 2 1 0 0 3 
0 3 0 0 0 1 1 2 3 4 0 5 4 4 5 2 8 6 4 6 9 12 12 26 5 1 0 16 0 1 0 2 1 2 1 1 2 1 2 1 0 0 1 0 2 3 0 0 1 3 2 0 1 0 0 0 0 0 0 1 0 0 0 0 0 0 0 0 0 0 1 0 0 0 0 0 0 0 1 0 1 0 0 0 0 1 0 1 0 0 0 2 0 0 0 0 0 0 0 0 0 0 
1 0 0 0 1 0 0 0 3 4 0 2 0 1 2 9 5 1 1 2 14 12 8 30 3 0 1 19 0 1 1 0 1 0 0 0 0 2 0 0 1 0 0 0 1 0 1 0 0 3 0 0 0 0 0 0 0 0 0 0 0 0 0 0 0 0 0 0 0 0 0 0 0 0 0 1 0 0 0 0 1 0 0 0 0 0 0 0 1 0 0 2 0 0 0 0 0 0 0 0 0 0 
31 35 29 10 14 34 23 16 21 29 15 68 85 109 95 152 59 51 61 62 86 107 121 121 50 11 53 12 8 13 5 10 30 7 7 5 13 18 64 39 49 2 23 21 20 25 17 13 17 147 14 6 19 6 3 5 1 15 0 4 4 0 0 1 1 2 0 0 0 0 0 0 1 1 24 2 2 8 23 12 2 2 0 4 1 2 6 45 8 0 0 5 0 0 2 1 0 0 0 0 0 8 
100 142 133 28 38 119 56 79 85 41 23 48 71 49 40 80 49 38 34 23 36 17 7 28 6 1 0 28 4 9 6 6 25 6 9 5 6 10 28 21 21 3 15 8 10 20 23 6 12 62 8 12 20 6 1 3 3 4 0 5 1 1 10 10 12 0 9 9 0 4 10 7 11 5 1 9 0 1 33 2 8 0 8 13 2 3 6 15 11 0 0 7 2 5 0 6 2 4 0 0 1 5 
8 6 1 0 1 3 1 6 1 8 6 12 17 2 0 16 45 21 18 5 7 5 2 11 6 4 2 2 4 24 117 141 265 77 125 154 237 139 239 122 78 9 38 48 56 74 31 31 44 252 13 4 10 22 2 3 4 20 0 8 3 4 6 22 26 35 8 10 3 6 14 12 3 0 6 2 1 11 34 8 7 3 4 9 4 12 7 72 9 0 0 24 7 9 6 11 3 10 10 2 2 28 
0 1 0 0 0 4 1 0 1 1 1 0 1 2 2 7 12 9 3 3 3 5 1 3 9 3 0 1 2 126 3 101 110 27 45 43 106 39 76 37 26 3 15 18 12 22 16 2 9 60 1 4 2 4 1 1 4 3 0 5 0 1 4 2 11 18 10 3 0 1 3 14 3 2 4 3 0 0 14 1 4 0 1 0 1 3 3 23 4 0 0 13 4 4 2 1 0 4 3 0 0 8 
4 4 5 1 3 2 4 4 9 6 2 2 11 1 3 16 39 23 11 2 2 1 4 7 3 0 0 4 1 169 116 14 118 48 78 77 185 152 190 93 73 12 45 40 41 47 40 20 35 185 8 3 20 13 1 4 4 10 0 6 2 3 1 4 22 22 2 6 16 5 3 1 4 2 8 2 2 2 32 6 4 3 1 3 0 8 14 49 16 0 0 23 8 6 3 16 1 2 2 3 0 18 
16 18 12 1 1 11 13 13 16 12 9 9 17 4 15 29 52 29 25 8 9 12 7 46 28 1 2 26 8 386 153 144 19 63 107 128 172 159 240 193 167 21 123 95 136 138 101 75 83 734 38 33 81 16 16 8 24 25 0 17 9 6 2 10 21 23 9 15 10 20 30 30 8 8 21 8 5 17 67 10 9 12 7 13 3 19 18 142 38 0 0 58 7 22 12 29 4 10 9 3 3 44 
3 3 1 4 1 5 5 5 0 0 0 1 5 1 3 8 14 10 13 1 9 6 4 5 5 0 2 10 0 117 62 52 32 4 21 26 85 69 103 58 45 4 29 29 41 35 23 22 28 86 20 11 10 11 2 0 13 18 0 13 6 12 10 4 16 22 11 17 11 10 10 20 7 9 9 2 1 5 29 2 7 2 3 3 0 7 4 21 8 0 0 29 3 5 3 5 1 3 2 1 1 6 
5 5 12 0 2 2 10 4 2 4 1 8 6 2 1 22 42 21 14 7 16 14 11 28 11 0 1 13 0 229 92 120 119 19 15 39 145 69 158 149 54 15 45 65 57 57 34 33 41 171 11 11 32 5 3 2 10 14 0 4 1 12 3 16 9 15 3 15 12 12 22 29 8 3 6 4 0 5 27 5 4 2 2 1 1 9 6 24 16 0 0 39 12 25 9 14 3 16 6 2 0 16 
4 8 3 0 1 2 6 4 2 0 1 3 1 0 1 6 19 17 13 7 2 10 8 13 5 1 1 12 3 235 76 112 152 26 45 13 154 71 105 85 39 5 29 37 26 54 36 20 14 186 3 7 5 3 1 0 2 7 0 0 1 9 6 14 5 18 4 3 3 4 8 17 14 4 3 0 0 0 12 0 0 1 1 0 0 2 3 38 13 0 0 14 7 6 3 13 1 8 5 4 0 13 
4 10 8 1 2 4 4 3 2 6 3 12 6 3 1 44 46 29 20 19 16 19 16 54 15 5 2 40 3 543 272 409 434 126 164 228 24 176 543 459 184 68 154 165 140 210 150 86 104 540 12 14 37 21 5 4 5 14 0 3 2 10 18 37 30 22 20 27 17 16 50 47 15 9 7 11 1 2 35 8 6 1 1 10 5 26 20 119 46 0 0 104 34 50 25 53 7 29 20 11 4 66 
7 4 11 2 0 2 6 13 16 13 5 5 10 12 7 6 17 8 13 12 19 16 5 27 11 1 4 47 9 218 73 197 115 54 72 66 125 17 118 183 147 30 114 93 92 80 73 38 49 280 5 10 19 3 1 4 2 6 0 0 2 6 2 16 16 12 4 5 3 5 12 20 5 8 10 5 1 4 19 1 0 0 1 5 3 36 15 69 39 0 0 60 20 16 3 11 3 21 13 4 2 22 
32 32 37 4 14 30 36 25 40 41 16 31 49 21 8 14 71 63 36 47 55 44 40 99 27 3 8 116 21 397 140 287 329 134 173 131 411 113 22 535 296 45 154 204 181 227 139 115 101 659 16 8 58 19 4 4 11 20 0 12 8 20 14 43 31 25 22 14 13 9 26 39 16 11 13 15 2 14 61 11 6 9 3 13 12 29 38 159 55 0 0 138 15 37 18 48 15 32 20 9 6 82 
9 23 18 0 3 14 22 12 13 12 14 17 24 12 16 16 35 32 16 4 8 5 9 31 13 2 2 26 7 110 37 74 164 35 100 58 236 159 393 22 53 61 51 116 98 118 92 44 68 372 6 5 13 5 4 4 8 7 0 2 1 7 1 17 8 11 2 6 5 3 8 13 5 6 5 6 1 5 21 2 4 9 6 16 14 7 13 28 31 0 0 66 12 19 4 23 1 8 6 4 0 45 
16 19 9 1 1 7 21 11 15 18 1 5 10 13 6 15 25 20 4 20 14 8 9 38 12 1 0 25 5 102 28 76 119 34 49 46 141 107 239 57 13 27 41 88 46 104 56 66 43 317 7 8 8 6 0 1 6 4 0 0 1 0 3 5 5 11 3 2 1 3 2 12 1 1 7 11 0 3 16 8 3 4 6 18 6 10 12 34 14 0 0 54 17 14 7 15 1 7 11 3 3 35 
0 5 3 0 0 0 3 1 5 1 1 0 4 3 2 10 3 4 4 0 1 1 0 0 1 0 0 4 2 26 5 18 20 8 14 4 45 18 53 31 8 2 15 46 24 24 14 19 12 46 1 0 2 2 0 0 1 1 0 0 0 0 1 4 2 1 0 1 0 1 2 1 0 0 0 2 0 0 0 0 7 0 2 16 2 5 4 2 5 0 0 8 2 4 1 8 2 3 4 2 1 7 
2 9 12 1 1 13 11 12 8 12 1 5 20 3 9 14 27 23 4 7 15 6 5 7 8 2 1 9 3 84 50 64 107 27 71 43 104 131 143 102 47 24 27 90 82 120 85 57 81 331 17 12 13 12 2 2 8 7 0 3 9 5 1 8 6 12 3 7 2 5 12 4 4 0 19 7 0 7 27 37 32 19 31 64 35 84 45 101 63 0 0 91 32 42 43 84 9 55 33 10 9 106 
2 14 7 3 5 9 7 5 10 6 8 10 7 3 2 8 39 36 19 2 11 13 9 31 10 1 1 31 4 71 31 77 122 38 54 34 149 113 190 195 91 41 87 21 136 276 152 113 141 484 20 10 31 23 3 6 7 16 0 4 1 6 3 8 9 10 4 5 1 2 14 8 6 2 31 17 5 33 86 38 29 30 34 91 55 114 91 167 96 0 0 219 81 77 47 134 18 86 78 23 10 126 
11 18 14 2 2 6 9 10 8 11 9 10 9 4 5 11 28 22 7 4 9 6 2 31 7 0 3 23 5 75 22 50 120 26 37 23 118 73 152 92 57 16 50 165 16 214 117 128 143 408 10 3 11 3 0 3 2 6 0 2 2 5 3 8 17 7 7 7 0 2 4 7 5 1 7 5 4 7 27 7 19 10 6 41 9 36 23 65 26 0 0 78 15 31 18 39 11 31 18 11 11 66 
12 16 18 4 1 11 11 11 18 8 10 9 20 15 11 9 43 24 22 13 24 16 7 39 19 1 2 37 16 122 43 72 169 46 48 53 152 119 223 238 172 35 90 281 201 24 185 331 287 1015 17 13 41 8 3 2 7 12 0 6 2 6 7 9 22 18 6 4 0 1 13 23 8 6 26 21 0 30 41 25 18 28 19 69 46 84 59 174 54 0 0 168 39 62 55 51 15 57 68 18 12 171 
10 13 7 2 3 15 12 6 29 8 3 10 8 4 2 14 36 23 13 12 14 21 3 26 9 0 1 28 2 88 29 62 189 39 39 44 95 88 149 158 126 20 57 162 145 230 16 215 256 536 11 9 16 2 3 0 3 8 0 5 0 1 3 8 18 11 4 16 0 2 10 11 3 5 15 5 1 5 30 10 10 12 14 24 18 38 36 109 25 0 0 108 26 42 26 38 6 57 39 8 2 73 
13 8 5 1 0 2 1 1 4 3 2 7 5 1 1 3 15 5 8 5 4 0 5 19 7 1 0 11 1 30 12 28 84 18 19 10 61 24 56 53 38 8 38 71 77 172 113 16 56 376 6 4 12 6 0 3 1 5 0 0 0 1 2 5 0 8 3 2 5 2 5 6 0 3 5 1 0 2 11 5 2 2 6 13 13 40 12 91 15 0 0 51 12 15 7 17 1 6 10 2 3 42 
8 6 5 0 3 4 5 5 0 6 0 4 7 4 2 3 9 14 17 4 2 5 7 12 2 1 0 7 5 38 12 19 76 8 25 11 41 27 83 61 44 11 41 83 51 122 119 166 13 325 5 3 7 1 1 0 0 3 0 0 3 3 0 4 3 3 4 4 0 4 7 3 1 4 9 2 2 3 21 5 3 6 2 17 11 19 12 65 7 0 0 51 4 19 15 12 2 15 19 8 1 34 
40 70 47 8 10 27 32 27 21 42 14 61 53 42 23 27 70 57 59 18 51 25 23 143 51 3 4 96 18 289 85 220 652 93 119 134 265 256 440 415 278 34 154 402 305 542 297 470 468 40 43 31 94 22 10 2 14 24 0 6 7 3 1 23 43 31 11 18 10 9 37 36 7 8 66 35 5 23 110 35 34 55 47 134 47 89 55 478 48 0 0 236 40 117 68 88 22 96 100 24 11 253 
1 11 9 0 2 8 13 5 5 7 1 11 10 6 15 20 19 15 6 3 2 1 3 15 11 1 1 15 3 12 7 18 52 3 14 3 5 3 17 8 9 12 7 20 7 11 10 8 6 71 3 7 40 25 38 8 26 25 0 41 14 0 2 19 23 35 16 26 1 34 15 19 26 17 24 9 1 12 106 15 13 3 12 35 13 20 11 41 25 0 0 12 1 12 2 12 3 13 8 2 3 16 
1 2 2 2 1 2 3 3 3 5 0 8 3 5 3 9 5 7 4 0 3 0 0 7 5 1 0 6 1 6 2 6 26 7 5 5 2 2 15 2 2 2 10 5 7 6 1 6 7 34 6 3 26 29 17 5 16 24 0 14 3 3 4 8 11 22 7 12 0 12 10 14 6 12 3 2 1 2 75 4 9 3 7 11 7 11 4 12 1 0 0 12 3 6 4 1 1 5 3 0 0 12 
7 14 5 1 2 5 10 9 4 6 1 11 13 13 9 19 9 10 7 2 3 2 2 17 7 0 0 8 4 23 8 9 59 16 14 8 12 3 33 7 9 1 16 11 14 14 11 6 5 79 61 38 11 28 29 5 24 32 0 28 9 3 8 30 29 18 14 30 4 34 13 16 15 10 8 12 2 13 117 27 9 0 14 24 12 22 9 67 13 0 0 8 5 8 3 7 2 12 9 5 1 26 
3 5 2 0 0 6 4 5 5 9 0 0 6 8 4 23 6 10 5 2 1 1 1 12 1 0 1 3 8 11 4 11 19 5 6 3 11 4 5 9 0 0 11 2 3 2 7 4 2 17 13 29 30 6 12 4 9 12 0 19 6 2 7 20 7 11 11 8 1 6 6 7 3 5 2 12 1 15 56 12 9 1 7 16 8 8 3 5 8 0 0 9 1 6 1 4 0 5 3 0 1 6 
5 6 4 0 2 2 1 3 2 6 0 1 3 0 1 10 5 4 1 0 0 1 2 2 1 1 0 6 0 10 3 5 9 8 5 2 3 3 2 1 1 0 1 3 0 1 2 3 4 10 12 8 11 8 2 1 7 13 0 13 7 4 4 10 11 14 4 8 0 17 4 3 3 5 1 6 2 5 60 7 3 0 5 17 5 10 2 6 3 0 0 1 1 1 2 0 2 2 5 2 0 1 
1 2 1 0 1 1 3 2 0 3 0 4 1 3 3 5 1 4 1 2 0 0 0 5 2 0 1 1 0 5 1 3 11 1 2 2 2 1 2 4 0 0 2 0 1 6 1 0 2 7 7 8 6 4 3 1 7 19 0 12 0 1 1 3 4 10 0 12 1 7 6 2 2 6 6 4 0 6 45 5 1 4 5 4 2 8 2 10 0 0 0 1 1 3 0 1 1 6 1 0 0 0 
4 2 9 0 1 5 3 6 5 3 3 3 6 5 7 10 8 7 4 1 1 3 1 9 2 0 0 6 3 3 2 13 30 3 1 5 0 1 8 7 2 1 4 7 3 8 5 1 0 21 20 13 19 17 4 8 2 12 0 28 3 2 6 8 16 10 3 12 3 9 10 8 14 4 12 15 0 11 72 30 5 5 3 36 8 13 4 19 4 0 0 15 3 7 1 4 0 8 5 1 0 9 
5 13 2 1 2 6 9 8 3 10 4 6 20 14 4 12 12 4 3 2 0 2 2 12 3 0 0 7 8 15 7 7 26 12 11 2 11 5 16 2 4 1 2 9 5 15 2 4 2 33 31 29 49 36 19 13 17 10 0 42 7 2 4 12 17 18 15 22 2 16 2 11 1 5 31 22 6 20 142 27 14 5 10 33 9 10 5 20 5 0 0 4 1 7 2 4 0 7 3 3 0 7 
0 0 0 0 0 0 0 0 0 0 0 0 0 0 0 0 0 0 0 0 0 0 0 0 0 0 0 0 0 0 0 0 1 0 0 0 0 0 0 0 0 0 0 0 0 0 0 0 0 0 0 0 0 0 0 0 0 0 0 0 0 0 0 0 0 0 0 0 0 0 0 0 0 0 0 0 0 0 0 0 0 0 0 0 0 0 0 0 0 0 0 0 0 0 0 0 0 0 0 0 0 0 
4 10 17 2 5 11 9 15 1 5 9 12 10 22 20 27 18 19 6 8 5 19 5 18 11 0 1 15 6 14 8 30 17 16 2 0 1 5 17 4 4 6 12 16 7 9 5 6 11 31 37 27 50 62 26 5 14 28 0 2 2 2 4 21 23 34 20 27 6 17 22 37 12 26 18 13 2 11 55 3 6 6 14 22 3 2 3 30 12 0 0 12 9 2 0 5 0 5 2 1 0 8 
1 4 2 2 0 0 2 1 2 0 0 3 0 1 3 3 6 1 0 1 0 2 0 1 0 0 0 0 0 10 5 3 6 3 4 3 3 3 5 4 4 3 3 0 0 2 2 4 0 16 15 4 17 17 4 6 7 16 0 2 2 8 3 7 10 9 11 15 3 11 16 14 8 9 8 4 2 6 20 3 4 3 3 9 10 3 4 17 6 0 0 0 2 1 0 2 0 0 0 1 0 1 
5 0 4 0 0 7 6 5 2 1 7 5 7 2 9 5 13 7 2 1 0 0 1 1 0 0 0 1 2 29 8 10 13 6 12 5 13 14 14 22 12 1 6 2 10 9 6 7 2 16 2 3 5 5 0 1 10 11 0 17 1 0 3 8 18 19 2 22 2 29 18 25 10 4 4 3 1 0 20 5 4 5 1 7 5 3 1 15 4 0 0 10 1 3 1 0 0 2 3 1 0 0 
1 2 2 0 0 3 1 0 1 5 0 1 3 1 1 0 1 1 0 0 0 0 0 1 2 0 0 0 0 3 3 4 5 4 6 1 4 5 3 4 1 0 0 1 1 2 1 2 0 3 1 4 5 2 1 1 3 7 0 3 4 1 0 2 4 23 8 4 0 3 4 7 4 5 0 3 0 1 6 3 0 0 1 1 0 1 0 6 0 0 0 0 0 0 1 0 0 0 0 0 0 0 
3 6 6 0 1 2 5 6 4 10 1 1 2 0 0 0 2 3 1 1 1 1 0 4 2 1 0 2 1 21 9 10 3 2 12 6 19 10 25 11 11 4 7 9 5 8 6 3 4 24 19 8 41 29 9 5 8 16 0 22 10 7 4 3 15 50 13 12 4 14 32 30 10 10 8 1 0 10 37 13 1 3 1 5 2 1 4 5 4 0 0 7 1 1 1 2 1 1 0 0 0 0 
4 7 6 1 0 9 11 9 11 9 1 4 5 0 0 5 1 0 1 0 0 0 0 1 3 0 0 0 2 46 38 22 22 10 9 9 17 16 30 22 12 5 18 10 8 21 7 10 14 47 8 10 21 20 6 6 12 28 0 39 6 7 18 20 4 74 39 45 17 51 74 79 31 33 18 8 1 13 46 16 10 3 6 7 1 4 4 18 5 0 0 6 0 4 0 0 0 2 1 0 0 2 
9 18 10 0 4 23 18 20 13 19 1 7 4 2 1 1 2 0 1 1 0 0 0 1 3 0 0 3 8 97 48 68 39 31 28 29 48 14 38 30 15 2 7 20 18 23 13 10 10 54 24 13 32 26 8 2 27 45 0 65 24 23 23 137 86 25 16 105 41 100 139 219 84 54 12 9 0 16 82 21 18 5 14 14 4 4 4 21 10 0 0 7 2 6 2 4 1 1 1 0 0 3 
2 1 4 0 0 5 13 3 2 3 1 1 1 0 0 2 0 0 0 0 0 0 0 0 1 0 0 0 5 18 4 13 13 15 8 4 24 11 18 6 0 1 3 3 6 7 1 5 9 15 9 2 13 12 4 1 4 14 0 35 7 4 5 52 67 22 2 57 24 59 115 151 51 9 4 0 0 4 24 5 3 1 3 3 3 5 3 4 0 0 0 3 0 0 0 0 0 0 0 1 0 3 
3 8 3 0 0 9 8 7 3 3 5 1 0 2 0 0 0 0 0 0 0 0 0 0 0 0 0 0 2 10 8 1 15 18 3 9 19 7 16 4 6 3 5 2 9 3 2 5 3 27 10 9 24 15 7 2 14 14 0 10 10 12 10 10 26 46 35 1 39 35 105 65 28 18 11 4 1 7 55 5 5 4 0 2 2 4 1 11 1 0 0 4 0 0 2 0 0 0 2 0 0 2 
1 4 1 0 0 3 1 2 2 0 2 2 2 0 0 0 0 0 1 1 0 0 0 0 0 0 0 0 0 14 7 6 14 3 2 4 8 6 5 6 10 0 2 6 2 0 0 1 2 7 1 5 7 1 6 0 4 3 0 5 3 0 2 12 13 33 30 4 2 12 49 39 9 15 3 2 0 1 10 8 3 1 2 3 1 0 1 9 4 0 0 3 1 0 0 0 0 0 0 0 0 0 
1 7 2 0 1 5 5 3 2 9 2 2 2 2 1 2 0 0 0 0 0 0 0 0 0 0 0 1 0 11 4 4 11 12 11 7 11 5 9 5 1 0 4 1 5 0 4 1 4 15 8 2 21 10 1 3 3 5 0 9 2 4 6 10 30 53 40 19 21 4 32 77 10 48 1 1 1 2 23 1 5 1 4 7 0 2 3 7 4 0 0 1 0 1 0 0 0 0 1 0 0 0 
3 8 1 0 0 2 1 1 5 5 1 2 2 2 2 6 0 0 0 0 0 0 0 0 0 0 0 0 1 3 5 3 14 11 6 4 18 13 9 6 1 0 1 3 2 3 5 3 5 18 10 4 9 1 3 3 2 8 0 9 4 3 7 9 19 54 16 26 15 21 5 58 18 23 4 1 1 4 22 6 5 2 3 4 0 4 1 7 3 0 0 2 0 2 0 0 0 1 0 0 0 1 
3 0 2 2 2 4 4 2 2 3 0 2 3 0 2 0 0 1 1 0 0 0 0 1 0 0 0 0 3 9 2 2 23 8 13 9 13 4 20 7 7 0 5 10 6 6 2 4 5 15 7 1 8 7 6 2 5 6 0 17 7 2 5 13 20 69 25 29 22 33 51 5 28 27 2 3 0 5 22 3 5 3 1 7 3 3 0 7 2 0 0 6 0 1 0 2 0 0 1 0 0 4 
5 9 4 0 2 6 8 2 4 1 2 2 4 3 1 0 1 0 0 0 2 0 0 0 0 0 0 0 4 10 3 8 18 15 12 10 12 19 23 8 8 0 2 14 8 12 11 6 5 35 21 9 15 13 6 11 9 13 0 17 14 4 2 17 55 56 22 29 16 37 36 67 7 14 5 5 1 7 39 4 14 2 10 5 6 5 2 26 3 0 0 4 1 2 0 0 1 0 0 0 0 3 
7 6 5 0 7 6 9 14 4 2 2 4 6 0 2 9 3 0 1 0 0 0 1 1 0 0 0 0 1 2 0 3 14 13 19 8 14 12 23 10 3 1 6 8 6 13 7 6 13 40 20 8 25 27 1 3 12 21 0 30 12 2 6 18 46 78 37 48 20 108 50 94 25 4 17 6 2 18 71 6 16 8 16 23 15 6 6 23 3 0 0 4 0 1 0 2 0 0 0 0 0 3 
1 0 1 0 0 2 5 1 0 4 1 2 1 6 6 10 4 5 2 1 0 0 2 4 6 0 0 5 0 7 2 9 15 6 9 1 4 1 7 6 0 1 13 12 7 15 10 1 9 30 6 7 5 8 5 0 6 15 0 6 1 1 1 4 2 4 4 4 0 2 3 2 3 8 2 7 2 19 96 22 13 5 14 42 11 23 6 56 5 0 0 17 2 4 2 5 1 8 3 2 1 11 
2 3 0 0 3 3 2 2 2 7 4 3 2 5 1 1 1 1 5 1 0 1 0 3 6 0 0 1 0 7 0 2 9 1 4 0 0 0 4 5 7 1 6 16 5 7 9 1 11 33 4 1 7 2 5 0 7 16 0 10 6 1 0 3 7 7 1 2 1 2 1 3 7 1 7 0 11 22 73 15 20 14 11 45 24 12 14 61 7 0 0 12 2 4 1 3 1 12 7 0 0 7 
1 2 1 0 0 0 0 0 0 0 0 2 0 0 2 1 0 2 1 0 0 0 0 0 2 0 0 3 0 2 0 1 1 2 3 1 1 1 2 2 0 0 5 3 1 1 2 3 0 3 2 0 1 7 0 0 2 6 0 3 5 1 0 3 2 2 0 3 0 0 0 1 0 0 9 36 1 14 52 4 30 4 5 13 9 3 2 12 1 0 0 3 2 6 0 1 1 1 0 1 0 5 
3 3 3 5 1 5 6 5 1 3 4 0 3 3 3 1 6 7 0 1 0 1 1 1 2 0 0 4 3 0 3 6 8 2 6 2 4 1 3 1 5 1 8 23 5 7 11 7 4 15 10 12 20 24 12 11 12 14 0 3 2 1 1 4 8 4 2 7 0 0 4 7 3 5 59 31 38 3 100 68 36 29 29 90 44 27 6 44 8 0 0 9 2 13 4 4 3 17 13 4 0 6 
12 24 12 1 3 7 19 18 13 19 15 9 15 33 23 39 22 20 8 9 5 4 6 21 9 0 3 13 9 32 13 25 36 16 21 10 16 7 34 14 16 8 38 39 20 19 21 18 22 97 116 93 195 99 69 44 67 160 0 62 13 8 16 39 39 41 9 32 10 36 32 26 28 41 318 219 94 99 22 75 117 24 65 224 64 41 19 121 26 0 0 44 10 28 16 13 5 29 20 1 6 31 
0 5 2 0 1 3 3 1 3 1 1 1 3 4 1 4 7 4 5 1 0 0 1 1 2 0 1 2 0 9 2 7 10 3 2 2 2 2 5 5 4 2 18 37 11 8 4 3 8 43 11 4 13 6 1 3 5 20 0 4 3 13 2 4 12 10 0 4 2 4 4 3 2 10 22 36 18 35 95 3 28 6 28 140 57 22 10 49 17 0 0 24 10 25 6 11 2 19 10 0 2 19 
2 2 0 0 0 1 5 1 5 5 0 0 1 2 0 3 2 6 0 1 0 1 0 2 1 0 0 0 4 5 1 5 3 2 3 1 0 2 3 7 3 0 19 11 9 6 8 1 0 32 7 4 15 6 9 3 3 11 0 2 0 0 5 2 6 3 5 0 3 1 5 5 6 2 43 47 18 15 96 20 4 8 27 91 65 16 9 64 7 0 0 23 3 14 11 16 3 15 6 5 2 16 
2 8 0 0 0 3 2 0 1 3 0 1 0 0 0 3 1 0 0 0 1 0 0 1 0 0 0 6 1 5 1 7 8 0 2 0 2 2 1 2 2 3 16 14 11 24 9 7 6 63 4 3 7 3 0 0 5 1 0 4 5 0 0 1 5 2 2 3 2 3 3 4 0 5 22 16 4 9 36 14 12 5 13 59 22 28 14 78 10 0 0 19 7 21 19 19 3 14 16 1 3 18 
1 0 3 0 1 1 0 0 2 0 0 0 0 2 0 1 0 1 0 0 0 0 0 0 0 0 0 0 3 4 2 4 3 0 0 0 1 0 2 7 5 5 23 13 2 8 8 2 2 31 5 2 6 5 2 4 9 4 0 3 1 2 2 0 1 4 0 2 2 6 1 15 1 3 19 27 8 21 46 16 20 2 6 108 24 29 10 43 12 0 0 20 5 19 10 12 5 11 11 2 4 7 
9 6 8 1 2 7 8 8 4 6 1 0 0 0 0 2 1 1 0 0 1 1 0 0 2 0 0 3 1 9 4 7 14 3 2 1 1 3 29 21 17 5 34 55 18 47 25 31 30 116 21 20 45 30 15 15 30 78 0 12 7 5 3 3 6 14 10 7 5 6 9 6 3 5 116 86 35 124 281 253 178 69 269 11 169 79 47 146 40 0 0 58 8 36 28 20 7 30 18 4 5 61 
0 0 2 0 0 1 0 0 2 5 1 0 0 0 1 0 0 0 1 0 0 0 0 2 0 0 0 1 1 4 1 0 5 1 1 0 0 2 11 10 3 1 11 39 4 19 36 8 10 55 12 9 12 7 3 1 20 37 0 6 1 3 1 1 2 5 0 0 3 1 3 1 2 5 23 22 2 34 49 117 170 42 122 176 5 46 17 62 20 0 0 37 8 12 8 16 1 19 9 1 5 29 
3 15 2 0 1 2 10 4 6 2 3 0 1 1 0 3 7 3 12 1 7 3 1 3 4 0 1 9 4 18 8 26 35 11 12 3 15 19 31 6 16 5 61 129 32 65 53 60 26 167 14 9 32 15 3 4 10 17 0 9 5 2 2 7 11 1 1 8 1 5 5 5 6 1 25 12 2 19 64 27 38 18 26 96 76 6 27 129 67 0 0 102 20 54 34 32 20 59 42 13 3 56 
6 8 4 0 0 1 5 1 1 1 0 1 3 2 0 0 4 4 1 1 2 0 2 9 1 0 0 7 3 22 2 12 18 4 3 6 14 2 31 15 7 2 32 66 6 43 30 31 13 86 9 6 11 11 6 0 8 5 0 9 3 0 2 7 3 4 4 1 1 2 1 3 4 2 16 12 1 11 26 11 17 10 15 49 33 32 3 69 16 0 0 59 15 24 33 43 7 30 14 4 2 46 
36 38 28 3 5 9 36 10 8 10 7 6 15 12 4 17 31 26 17 10 27 13 10 61 29 1 2 55 10 131 42 78 411 28 46 31 87 105 213 62 49 16 121 198 79 189 133 127 130 675 52 33 74 12 18 2 29 30 0 36 9 6 8 14 12 23 5 10 2 9 12 13 7 11 80 60 18 41 157 65 78 58 56 202 82 118 115 22 52 0 0 238 58 94 70 114 16 97 105 20 7 444 
4 2 2 0 1 3 4 3 7 0 1 1 0 0 1 4 8 6 4 0 2 2 0 9 6 1 0 3 2 32 9 13 25 12 11 7 22 27 57 23 17 6 35 79 20 29 20 12 19 76 10 8 8 7 3 7 3 11 0 5 1 0 0 4 0 3 3 3 1 1 0 3 2 2 17 14 1 10 28 6 15 14 11 36 24 42 32 56 8 0 0 76 24 21 28 37 4 20 29 5 1 49 
0 0 0 0 0 0 0 0 0 0 0 0 0 0 0 0 0 0 0 0 0 0 0 0 0 0 0 0 0 0 0 0 0 0 0 0 0 0 0 0 0 0 0 0 0 0 0 0 0 0 0 0 0 0 0 0 0 0 0 0 0 0 0 0 0 0 0 0 0 0 0 0 1 0 0 0 0 0 0 0 0 0 0 0 0 0 0 1 0 0 0 0 0 0 0 0 0 0 0 0 0 0 
0 0 0 0 0 0 0 0 0 0 0 0 0 0 0 0 0 0 0 0 0 0 0 0 0 0 0 0 0 0 0 0 0 0 0 0 0 0 0 0 0 0 0 0 0 0 0 0 0 0 0 0 0 0 0 0 0 0 0 0 0 0 0 0 0 0 0 0 0 0 0 0 0 0 0 0 0 0 0 0 0 0 0 0 0 0 0 0 0 0 0 0 0 0 0 0 0 0 0 0 0 0 
5 15 9 1 1 9 14 4 13 10 4 9 8 10 13 9 15 17 13 2 2 2 1 23 1 0 1 12 1 70 21 42 91 31 56 25 108 80 224 61 55 18 78 202 66 170 73 102 108 382 12 25 41 14 5 2 14 13 0 11 4 6 2 9 10 4 0 0 1 2 5 2 0 3 27 11 4 9 63 28 37 31 49 113 82 110 80 277 119 0 0 10 63 103 30 178 17 137 99 17 11 181 
2 1 2 0 0 3 3 8 3 1 0 0 9 3 1 3 1 10 3 0 3 0 0 3 1 0 0 0 0 9 2 9 10 9 10 5 19 11 26 14 16 6 26 60 28 33 12 28 20 58 1 5 5 0 1 2 0 5 0 2 1 1 0 1 0 2 0 0 0 0 2 1 0 1 6 4 0 9 13 12 11 1 7 22 15 26 24 34 23 0 0 100 3 8 8 21 1 19 11 3 3 43 
3 4 5 0 0 0 9 3 2 0 0 4 2 1 5 2 5 0 0 0 0 0 0 0 0 0 0 2 0 12 4 9 12 2 18 6 26 16 25 12 7 18 27 61 24 67 18 27 32 82 6 1 6 4 2 0 3 8 0 2 0 2 0 1 2 3 1 0 0 0 0 1 0 0 9 12 8 11 43 15 21 4 16 36 20 36 13 81 33 0 0 93 23 6 4 32 6 13 7 7 4 66 
2 2 2 1 1 0 1 1 3 5 0 1 1 0 3 1 0 0 0 0 2 0 0 0 0 0 0 5 0 10 2 8 10 7 5 3 15 7 16 10 8 3 20 39 10 23 16 31 25 78 9 7 8 4 0 1 4 6 0 3 0 2 2 1 3 2 1 0 0 0 0 1 0 0 10 5 1 8 20 15 9 4 14 22 10 24 18 59 23 0 0 35 20 3 4 13 25 24 10 12 5 63 
2 5 1 0 0 0 1 1 1 1 1 2 1 2 0 1 1 1 0 0 0 1 1 1 2 0 0 1 0 11 2 4 21 0 9 5 18 19 32 8 9 4 34 61 30 30 15 13 11 78 1 5 13 4 2 0 2 2 0 2 0 1 1 1 1 0 0 0 0 0 0 1 0 2 5 1 1 11 20 8 14 11 12 19 20 27 18 71 19 0 0 108 12 10 10 9 3 16 9 3 0 45 
0 0 0 0 0 2 0 0 0 0 0 0 0 0 0 0 0 0 0 0 0 1 0 0 0 0 0 0 0 1 2 2 2 0 2 0 3 5 5 0 0 1 5 5 2 2 1 2 5 11 2 1 1 1 0 0 0 0 0 0 0 0 0 0 0 0 0 0 0 0 0 0 1 0 0 2 0 3 6 3 1 0 2 10 2 1 2 15 0 0 0 9 0 5 0 1 0 0 0 2 2 5 
0 2 1 0 1 1 0 3 1 0 0 2 1 0 0 1 0 0 0 0 0 0 0 0 0 0 0 0 1 4 0 2 5 1 6 1 15 7 20 5 5 1 17 33 9 33 21 11 11 58 5 3 8 5 2 1 2 2 0 0 0 0 0 0 0 0 0 0 0 0 0 0 0 2 10 4 1 7 18 4 13 6 7 33 9 15 20 48 18 0 0 50 3 11 19 21 0 4 1 1 4 42 
7 1 2 0 1 0 2 2 2 1 1 0 1 0 1 2 1 2 0 0 1 0 0 5 3 0 0 3 0 9 1 3 6 3 3 7 4 15 26 4 11 1 26 34 25 26 20 14 15 71 1 1 4 2 1 1 0 2 0 0 0 1 0 0 1 1 0 0 0 0 1 0 0 2 5 5 0 8 19 6 14 6 8 32 32 16 14 58 18 0 0 41 1 9 4 11 0 7 2 5 3 39 
0 0 0 0 0 2 0 1 0 0 0 0 0 0 0 0 1 0 1 0 0 0 1 0 0 0 0 0 0 1 0 0 0 1 1 0 7 0 4 4 1 0 4 6 7 1 1 8 3 9 3 0 0 0 1 0 0 0 0 0 0 2 0 0 0 0 0 0 0 0 0 0 0 0 1 2 0 2 7 1 6 1 4 3 2 5 0 14 7 0 0 7 0 1 1 4 0 4 1 0 1 1 
1 0 1 0 0 0 0 0 0 0 0 0 0 0 0 0 0 0 0 0 0 0 0 1 0 0 0 0 0 1 1 0 1 0 4 0 3 0 7 2 1 0 8 6 1 2 1 3 1 3 1 1 0 2 0 0 0 0 0 0 0 0 0 0 0 0 0 0 0 0 1 0 0 1 1 0 0 1 1 3 0 0 1 4 7 3 3 7 3 0 0 7 0 1 1 10 2 0 1 3 1 3 
8 12 8 1 1 2 5 4 0 7 4 5 3 2 1 2 9 4 2 5 4 0 2 7 0 1 0 11 2 39 11 18 38 10 12 7 27 38 59 34 25 10 100 73 63 88 67 44 47 247 22 17 33 12 7 2 5 8 0 3 2 1 0 3 3 3 3 3 0 1 2 0 1 4 18 11 2 9 39 25 19 22 31 51 21 40 34 283 64 0 0 102 31 61 73 118 7 62 29 2 2 17 
