3 16 23 3 5 14 32 22 34 22 20 28 48 90 44 56 31 23 25 5 6 4 2 30 12 1 3 23 98 3 0 1 21 6 8 3 2 7 31 14 14 0 5 11 17 12 14 1 4 51 12 3 9 1 5 2 1 2 0 2 0 2 1 2 3 7 4 1 0 2 2 1 2 2 0 3 1 2 18 4 0 0 6 3 3 4 2 28 1 0 0 9 1 0 2 1 2 1 2 1 1 10 
11 12 16 6 9 22 28 16 36 29 13 32 43 166 54 88 61 21 31 12 7 4 2 18 6 0 0 33 117 5 0 3 20 4 7 8 7 8 42 29 18 3 14 23 16 12 13 2 15 80 9 6 6 5 1 5 1 1 0 3 3 2 2 11 3 11 3 8 1 6 4 5 4 4 1 2 0 1 22 0 0 8 4 10 1 5 5 18 2 0 0 11 4 5 0 0 0 2 5 2 2 10 
24 20 10 9 9 31 32 35 47 23 10 40 52 88 73 75 38 18 35 14 8 15 5 21 10 1 2 30 275 2 1 3 17 3 0 1 4 4 25 18 14 0 7 15 13 16 9 2 2 41 12 2 13 11 3 8 4 7 0 2 3 5 0 4 13 11 1 4 0 2 7 2 2 3 3 2 0 4 16 0 1 0 5 5 0 5 0 19 5 0 0 16 3 1 1 0 0 0 2 1 0 5 
2 13 20 2 2 9 7 10 10 5 5 6 10 14 11 8 7 3 0 0 0 0 1 3 1 0 0 7 24 1 1 0 3 1 0 0 1 0 4 0 0 0 3 1 1 3 1 4 0 4 0 0 0 0 0 1 1 1 0 0 1 0 0 0 0 1 0 2 2 0 0 1 1 2 0 0 0 0 3 0 2 0 0 1 2 0 0 0 0 0 0 0 0 0 0 0 0 0 0 0 0 0 
19 14 10 0 3 10 7 12 13 2 8 11 23 28 10 24 15 4 4 1 0 5 2 9 4 1 0 6 18 3 0 0 5 0 0 0 1 5 10 2 0 0 4 1 0 3 4 1 3 13 1 1 2 4 2 1 1 0 0 0 0 0 2 0 2 2 1 1 0 2 1 0 0 3 1 2 0 1 8 0 2 1 0 2 0 0 0 5 0 0 0 2 0 0 0 0 0 0 1 0 0 4 
29 43 24 16 8 14 29 20 22 15 19 41 45 82 41 90 53 18 24 8 16 8 6 28 14 1 1 18 128 6 6 1 3 2 6 1 1 3 30 13 9 3 10 10 6 10 10 0 4 26 7 5 6 3 1 0 7 6 0 3 1 8 2 4 10 11 2 3 1 2 0 0 6 7 5 1 1 4 16 1 1 0 0 3 2 8 1 5 3 0 0 9 2 0 1 2 0 4 5 0 0 6 
47 50 43 15 12 17 16 18 40 25 13 20 52 94 32 45 27 23 17 5 6 8 1 16 5 0 0 19 116 5 3 9 11 1 4 2 11 4 25 11 18 5 7 7 3 9 9 1 2 27 1 2 8 4 2 1 1 3 0 5 3 3 2 10 6 7 3 2 1 2 0 3 8 5 3 5 0 0 12 0 0 2 2 11 5 4 0 8 0 0 0 12 1 1 3 1 0 0 0 0 0 10 
20 21 40 7 5 20 36 18 13 20 10 34 79 82 47 59 40 27 12 8 14 13 9 20 5 2 2 19 80 7 7 2 12 1 3 6 4 5 32 13 8 4 8 4 8 13 9 1 2 30 2 0 5 3 4 0 6 3 0 4 2 0 0 5 4 8 2 4 1 4 3 2 6 7 3 2 0 0 17 2 0 0 1 2 1 6 1 10 0 0 0 5 6 0 1 0 0 0 0 0 0 1 
31 48 48 11 12 13 49 39 11 15 9 35 81 108 39 51 41 28 24 8 17 7 6 24 3 1 1 14 73 4 4 3 6 2 4 0 11 7 50 12 8 2 11 14 10 15 9 5 9 46 1 2 6 2 1 2 2 6 0 1 0 2 0 4 5 2 1 3 1 0 2 2 2 3 0 0 0 0 11 1 0 0 2 4 0 4 1 9 1 0 0 11 1 1 1 0 0 0 0 1 0 3 
21 23 18 4 2 13 9 15 18 5 5 24 29 61 31 47 45 19 20 5 6 7 2 18 12 1 2 32 32 2 2 3 5 0 1 0 1 2 20 6 12 5 4 2 7 8 10 3 0 13 3 1 10 6 5 2 14 4 0 2 5 0 1 3 3 2 0 1 1 1 3 6 5 6 2 9 0 0 20 1 1 1 1 2 0 2 0 6 0 0 0 3 0 1 0 2 0 0 5 0 0 1 
14 29 6 2 10 7 15 13 21 10 4 16 36 26 19 30 11 7 7 7 11 4 3 13 3 1 0 20 30 4 2 1 4 1 2 0 1 1 34 7 3 1 4 6 5 5 10 2 0 9 2 3 5 3 1 2 0 1 0 4 0 4 0 0 1 0 0 0 0 0 1 0 2 3 0 0 0 0 4 0 0 0 0 1 0 2 0 3 0 0 0 4 1 1 0 1 0 2 0 0 0 1 
33 40 27 4 13 25 30 29 35 14 7 10 30 62 22 60 40 36 33 17 16 8 12 38 20 2 4 37 50 8 2 0 7 0 0 1 3 13 32 16 11 0 8 8 8 21 11 7 3 28 3 3 6 1 0 2 3 2 0 3 5 6 0 1 3 7 0 2 0 2 0 1 3 1 5 2 0 0 11 0 1 0 0 0 1 4 2 1 1 0 0 9 2 1 0 2 0 0 0 0 0 4 
42 54 50 10 26 34 50 46 48 49 20 26 19 59 19 77 63 40 36 20 22 25 15 64 32 1 1 78 47 3 2 6 18 5 2 0 1 10 28 17 11 3 6 5 14 9 14 5 6 30 3 5 11 7 2 0 5 10 0 1 5 3 0 1 1 6 0 0 1 0 5 3 2 4 4 0 1 1 14 0 0 0 0 1 0 1 0 7 0 0 0 9 3 0 2 3 0 0 0 1 0 1 
42 71 55 7 18 51 48 44 49 46 42 31 43 13 13 41 54 40 43 25 46 31 18 53 46 3 7 158 49 4 0 3 10 1 0 2 3 5 22 12 15 2 4 6 2 12 9 2 2 23 9 4 13 9 0 4 2 9 0 2 3 2 0 0 0 2 0 1 0 0 1 3 1 1 4 1 0 0 21 0 3 0 0 1 0 0 0 7 1 0 0 9 2 3 2 1 2 0 2 0 0 10 
52 65 67 11 26 51 44 47 55 36 15 26 42 23 9 30 52 40 32 14 20 29 18 67 34 8 10 130 34 3 0 2 10 2 1 3 4 2 13 13 9 0 6 10 8 5 5 1 2 28 7 0 16 6 4 2 4 11 0 5 2 4 0 0 0 0 0 0 0 1 0 2 0 0 6 0 3 3 9 4 0 0 0 0 0 0 0 6 1 0 0 4 2 2 2 0 0 0 0 0 0 1 
37 49 42 7 10 26 36 34 38 31 16 41 44 46 17 17 74 59 68 23 39 38 25 120 58 5 3 105 51 14 9 11 44 4 19 11 40 3 11 29 22 5 12 19 10 16 8 8 3 55 11 6 3 12 3 5 12 8 0 6 0 3 1 5 2 0 1 0 2 5 1 0 1 7 6 3 1 1 23 0 1 0 0 2 0 0 4 10 2 0 0 8 3 3 1 0 0 3 4 2 0 11 
24 42 24 7 17 40 34 38 40 39 10 24 59 93 47 74 13 51 62 28 44 18 22 68 25 14 7 77 30 31 10 24 33 18 23 13 43 15 47 22 21 5 24 29 25 43 16 11 6 59 9 6 11 6 8 1 3 2 0 5 1 6 2 4 0 1 1 4 1 0 0 1 1 4 3 5 1 0 23 2 0 1 0 2 0 5 1 10 4 0 0 17 4 0 2 0 0 0 1 0 0 6 
14 29 17 4 2 18 35 23 24 35 22 37 43 91 53 89 47 6 31 18 38 16 18 51 18 10 4 63 52 17 9 15 34 6 31 12 28 6 52 21 19 5 11 20 19 21 17 9 10 56 8 3 6 6 0 2 4 4 0 1 0 1 0 3 2 0 0 0 0 0 0 0 1 2 7 1 0 2 11 1 4 1 0 1 0 3 3 14 2 0 0 10 1 2 0 0 1 0 2 0 0 3 
24 38 21 3 9 19 18 16 22 19 10 13 36 85 36 70 36 19 5 5 24 18 14 41 17 12 0 79 52 16 4 7 21 6 7 9 19 8 29 15 13 1 8 12 6 9 7 4 7 18 2 9 4 2 5 2 3 2 0 1 0 1 0 0 0 1 0 0 0 0 0 0 1 0 0 0 0 1 6 1 0 0 0 0 0 4 0 4 3 0 0 2 0 1 0 1 0 0 0 0 0 2 
6 12 14 3 5 11 10 11 19 16 7 10 29 64 31 49 46 36 21 9 13 5 8 30 19 21 11 88 22 5 1 1 6 4 7 4 12 7 25 18 2 1 3 5 3 8 5 0 2 17 4 2 1 3 2 2 1 0 0 0 3 0 0 1 0 1 0 0 0 0 0 0 1 0 3 0 0 0 11 0 1 0 0 1 0 0 1 4 0 0 0 0 0 0 0 0 0 0 0 0 0 2 
3 12 6 0 9 10 14 15 13 20 5 18 31 88 41 102 77 63 65 4 13 10 12 32 10 6 4 69 35 6 1 1 9 1 9 4 16 8 49 12 8 1 9 7 11 8 8 4 4 18 2 1 0 1 0 0 1 0 0 1 1 0 0 1 0 0 0 0 0 1 0 0 0 0 1 0 0 0 5 0 0 2 0 1 0 1 2 3 1 0 0 3 1 0 0 0 0 0 0 0 0 2 
16 26 18 1 6 10 22 18 18 16 7 22 30 83 43 67 50 16 35 5 10 4 6 29 15 26 4 112 45 3 5 2 8 2 5 5 20 8 47 6 4 0 4 10 12 12 5 1 5 29 1 0 4 0 1 0 0 3 0 0 0 0 0 0 0 0 0 0 0 0 0 0 0 0 0 0 0 0 8 1 0 0 0 0 0 2 1 5 3 0 0 2 0 1 0 2 0 0 0 0 0 0 
4 7 5 0 2 13 5 9 11 13 7 13 16 38 32 105 45 38 25 16 37 18 6 19 9 10 3 97 14 3 1 3 14 4 15 2 21 1 44 9 7 3 0 3 6 14 8 6 3 21 1 0 4 1 0 0 0 3 0 0 0 0 0 1 0 0 0 0 0 0 0 0 1 0 0 1 0 0 5 0 0 0 2 0 0 4 1 3 0 0 0 3 4 0 0 1 0 0 0 0 0 1 
23 20 10 4 4 19 15 15 13 30 10 29 59 103 85 166 119 68 87 22 44 22 8 10 15 39 38 135 31 8 0 3 29 4 12 10 41 16 57 21 14 4 10 12 16 25 18 10 3 89 8 10 13 1 3 7 2 2 0 0 4 2 0 0 2 2 1 0 0 0 0 0 0 1 0 3 2 2 10 0 4 0 1 2 1 6 2 15 2 0 0 9 1 0 0 1 1 0 0 1 0 2 
16 21 16 2 11 23 15 12 17 47 14 25 56 95 54 124 58 36 55 19 29 26 10 10 12 12 19 101 3 15 6 6 126 9 9 11 45 17 56 19 29 6 11 12 28 31 34 10 16 140 24 7 15 9 2 4 9 7 0 0 1 4 0 2 0 1 1 0 0 0 0 0 1 1 2 7 0 3 21 3 2 1 0 0 1 4 6 39 0 0 0 3 1 1 0 0 1 1 5 0 0 12 
1 3 0 0 0 0 0 0 2 2 0 0 1 5 6 9 2 4 10 6 19 19 4 34 6 1 0 14 2 1 0 0 1 3 0 0 0 0 9 0 1 0 0 0 0 1 1 0 1 0 0 0 0 0 0 0 0 0 0 0 0 0 0 0 0 0 0 0 0 0 0 0 0 0 0 0 0 1 2 0 0 0 0 0 0 0 0 3 1 0 0 0 0 0 0 0 0 0 0 0 0 0 
1 0 0 0 0 0 0 0 1 2 0 2 5 16 3 20 16 8 9 7 26 14 10 41 8 5 2 43 0 2 0 3 5 0 1 0 1 2 8 3 1 0 0 1 0 1 0 0 1 6 0 1 0 1 0 0 0 0 0 0 0 0 0 0 0 0 0 0 0 0 0 0 0 0 0 0 0 0 0 0 0 0 0 0 0 0 0 1 0 0 0 0 0 0 0 0 0 0 0 1 0 0 
10 41 27 6 6 18 7 14 16 39 21 37 80 174 97 185 136 50 97 64 63 77 40 85 54 11 38 10 18 0 2 7 41 3 16 6 69 25 77 33 46 5 15 33 26 26 16 12 7 109 8 6 20 1 7 1 2 5 0 1 0 1 2 0 2 6 1 0 0 0 0 0 0 0 3 1 0 2 17 2 0 1 0 4 3 4 1 31 3 0 0 13 0 1 7 1 0 2 6 0 0 10 
6 6 9 0 1 12 4 3 5 3 2 5 8 9 4 6 4 2 3 0 3 0 0 6 2 1 0 0 0 0 0 0 0 1 0 0 0 0 2 0 2 0 0 1 0 3 0 2 0 3 2 0 2 1 0 1 2 0 0 1 0 0 0 0 2 1 1 0 0 0 0 0 0 1 1 0 0 0 0 0 0 2 2 0 1 0 0 1 0 0 0 3 1 0 1 0 0 0 0 0 0 0 
1 2 2 0 1 3 6 10 12 0 3 7 18 7 12 31 34 35 11 9 3 3 0 17 7 3 2 6 8 35 101 116 294 65 160 172 448 182 351 94 62 4 61 71 51 77 42 27 19 216 6 6 8 8 4 4 7 9 0 14 9 9 4 14 12 48 10 7 4 5 4 2 4 2 10 6 0 5 30 3 4 1 0 5 1 15 14 35 16 0 0 68 14 3 8 12 3 6 12 0 4 31 
3 1 1 0 0 2 1 1 4 2 0 2 1 4 1 11 11 19 4 3 2 2 1 6 4 0 0 2 4 88 15 73 118 18 62 58 186 80 93 57 25 3 26 17 18 32 16 8 5 75 2 5 8 4 2 0 3 0 0 4 1 1 5 1 23 35 4 4 5 5 2 8 7 0 1 1 0 1 13 1 4 1 0 3 0 2 2 14 1 0 0 19 2 3 4 7 0 0 0 0 0 15 
6 3 4 0 1 1 1 3 1 1 6 5 10 5 7 27 43 25 15 5 3 1 0 9 0 2 1 13 5 158 103 15 114 24 89 80 340 165 262 100 79 4 58 65 62 64 44 8 27 138 9 7 15 6 3 4 3 8 0 5 6 13 2 5 15 23 7 6 3 7 5 6 5 1 4 0 0 1 21 0 3 4 1 1 0 14 7 39 19 0 0 39 2 8 14 6 0 2 4 0 0 19 
4 4 2 2 2 1 2 4 0 4 4 3 6 7 5 13 27 17 10 10 4 3 2 26 8 3 2 20 5 145 61 63 19 17 55 51 156 72 171 79 86 8 48 39 53 62 71 29 27 232 11 8 15 8 1 3 6 11 0 14 2 7 2 9 13 17 3 10 6 7 7 6 5 3 4 7 0 7 31 3 4 6 1 4 4 12 3 74 12 0 0 29 2 7 9 3 0 4 9 2 1 33 
0 2 3 1 1 0 2 5 0 2 2 1 0 2 1 5 18 9 8 0 5 1 2 8 1 0 1 7 5 47 26 18 47 9 23 18 119 50 129 47 30 8 28 35 21 44 18 11 17 77 6 5 14 5 3 8 8 6 0 1 2 13 4 2 9 16 7 6 3 14 8 7 18 7 3 3 0 0 21 4 0 1 0 3 2 2 1 15 8 0 0 28 6 8 8 2 2 3 2 1 0 9 
4 4 7 0 0 3 4 0 5 2 0 0 2 2 6 16 21 21 7 1 9 4 12 18 3 3 0 13 3 134 52 68 100 23 7 35 158 71 128 80 40 5 52 57 46 52 29 13 9 109 11 6 7 6 3 4 2 9 0 4 0 10 4 9 11 24 1 10 1 11 9 14 14 6 4 2 0 3 16 2 1 0 0 1 1 3 3 16 7 0 0 55 3 9 8 17 0 3 3 0 0 10 
1 4 3 0 1 2 2 0 0 0 0 1 0 5 0 4 22 17 11 4 14 3 3 12 5 3 0 5 5 117 63 76 105 26 44 9 218 70 97 52 52 4 30 28 43 45 47 15 11 78 3 7 1 2 5 3 1 5 0 0 2 6 2 2 6 2 2 1 2 8 5 5 13 4 2 2 1 1 11 0 0 2 0 0 0 2 1 18 9 0 0 19 2 13 4 7 0 0 2 3 0 18 
4 5 5 1 1 1 3 3 3 2 0 2 5 0 0 14 30 12 12 10 2 10 6 18 12 0 0 13 2 252 84 167 211 69 108 165 20 87 268 177 113 27 92 86 104 126 108 41 35 307 7 21 6 9 3 2 5 11 0 0 0 6 6 12 18 14 5 9 4 6 18 6 13 10 3 2 0 0 21 1 0 0 3 5 0 17 8 37 12 0 0 93 17 21 18 20 2 10 16 4 2 36 
8 10 5 0 4 5 5 5 4 12 1 8 11 4 3 9 8 9 12 3 9 8 5 25 7 0 1 16 14 139 65 82 127 29 40 47 150 21 151 164 111 20 80 119 82 108 71 25 21 243 4 1 3 5 1 1 5 9 0 3 1 15 0 8 7 4 2 1 2 2 4 4 5 8 0 4 0 1 16 1 2 4 2 3 1 14 12 59 22 0 0 62 17 7 4 9 1 1 4 0 3 26 
7 16 18 6 2 9 11 11 22 18 3 24 9 16 3 3 22 26 16 6 19 7 6 41 12 4 1 35 13 104 45 103 176 55 88 51 227 80 17 190 116 10 91 122 95 124 66 26 18 218 11 9 12 8 3 2 5 2 0 0 3 10 2 15 17 17 1 1 3 2 6 3 6 7 3 3 0 3 17 2 2 1 0 6 3 18 16 52 11 0 0 80 15 9 18 11 4 3 8 0 4 33 
11 23 11 4 4 10 25 11 14 17 8 15 18 14 11 27 44 31 20 2 10 3 8 16 15 4 2 28 38 130 31 64 181 70 106 69 426 219 569 26 66 22 72 133 98 189 120 35 59 308 4 3 9 4 1 5 5 5 0 4 1 28 3 9 11 7 1 6 1 2 3 11 14 5 2 5 1 10 21 3 5 3 4 11 12 4 5 27 14 0 0 49 7 10 2 9 1 1 3 1 1 22 
10 6 13 0 3 4 6 4 9 8 4 7 13 15 5 16 43 13 14 6 14 2 1 25 16 0 1 38 12 99 23 60 149 40 80 39 205 125 292 67 8 18 76 108 51 107 71 38 33 179 8 1 0 6 0 2 4 4 0 2 1 2 3 12 7 12 1 3 2 0 3 3 10 7 9 4 0 0 10 4 5 8 1 12 4 15 10 18 9 0 0 49 13 18 9 9 1 3 7 1 2 34 
1 7 1 0 0 0 2 0 3 1 0 0 4 3 0 1 0 3 2 0 2 1 1 5 2 0 0 4 3 13 3 7 23 3 4 4 63 26 21 10 6 3 20 51 18 23 15 2 3 31 1 1 0 1 0 0 0 0 0 1 2 1 0 2 5 3 0 0 0 0 1 0 1 2 0 1 0 0 4 0 3 2 4 6 3 9 1 7 7 0 0 8 1 3 6 3 0 0 1 0 0 5 
11 8 4 1 0 3 13 10 7 7 3 6 12 7 3 9 16 16 7 2 5 2 2 13 3 0 0 5 18 40 9 37 88 25 46 21 135 81 115 68 50 24 18 75 54 104 69 17 39 162 10 8 10 3 0 5 6 4 0 1 0 10 1 4 6 6 4 1 4 1 2 6 5 1 7 11 2 4 29 19 14 10 15 40 19 55 20 81 41 0 0 74 25 38 20 36 6 17 21 3 2 72 
12 19 10 5 3 9 2 8 2 8 0 5 3 5 7 8 23 18 20 2 7 4 1 12 5 1 0 26 12 58 9 32 101 33 50 19 183 98 156 100 54 26 57 22 110 189 105 62 58 265 9 4 12 5 3 2 3 9 0 0 0 17 0 8 9 14 1 3 3 6 4 9 10 6 9 14 2 6 46 18 5 17 11 61 23 84 32 118 34 0 0 140 37 43 32 80 6 36 30 5 5 89 
5 14 7 0 4 3 7 4 9 14 1 6 10 7 4 12 24 12 13 4 6 6 3 34 15 0 0 30 17 55 22 44 153 35 49 29 160 88 113 99 58 37 67 103 9 135 104 64 59 289 4 1 9 5 4 1 4 2 0 1 3 2 2 10 9 14 2 0 2 6 7 5 8 6 4 1 0 11 23 4 11 18 2 28 18 33 19 49 25 0 0 55 19 22 16 21 4 9 17 6 2 57 
8 10 9 2 4 8 9 5 14 5 2 4 14 16 4 11 26 29 10 2 1 6 5 20 17 0 1 24 31 50 13 44 164 38 49 60 162 81 183 115 73 19 67 190 97 19 183 112 68 410 9 3 16 6 2 3 5 2 0 0 6 7 0 1 6 16 4 8 7 1 2 7 7 7 12 4 0 6 30 12 12 23 8 29 20 40 21 101 25 0 0 83 31 26 22 21 5 29 22 8 11 90 
9 6 15 2 1 6 5 6 7 8 3 11 8 15 6 10 27 9 14 6 3 2 6 21 7 2 2 20 21 36 19 29 163 15 45 37 134 76 160 92 87 20 79 131 123 211 23 80 66 272 15 5 11 3 0 3 5 3 0 2 1 2 1 8 4 14 4 6 2 4 7 4 5 11 19 4 3 4 38 10 7 10 10 26 9 41 16 103 10 0 0 78 21 18 15 19 2 11 19 4 4 70 
10 5 1 2 2 2 1 1 2 1 2 3 3 3 1 8 9 1 4 2 1 1 3 12 5 0 0 7 3 15 6 16 110 27 16 27 67 34 97 39 56 17 45 87 96 265 171 8 44 276 3 0 1 2 4 1 1 3 0 0 3 2 2 4 5 8 1 1 0 4 3 1 1 6 11 4 0 0 20 2 3 3 4 20 3 19 3 86 5 0 0 65 13 14 13 7 4 13 8 4 0 55 
7 3 6 0 2 1 1 4 2 4 3 2 8 2 1 7 8 8 14 1 7 2 1 12 5 0 0 19 11 24 8 23 129 17 20 15 85 37 88 77 31 16 62 149 89 243 166 65 10 380 3 1 4 1 2 1 2 2 0 0 1 4 2 3 1 7 1 1 2 1 4 2 2 5 3 4 1 3 14 3 3 15 11 29 17 20 6 103 7 0 0 67 9 27 12 16 1 10 7 1 2 71 
39 48 34 4 20 26 18 14 24 58 13 36 35 39 11 24 48 57 39 14 19 13 18 110 44 1 0 103 74 193 49 120 856 65 102 110 429 262 543 268 246 46 172 350 292 557 225 190 144 48 40 11 46 12 6 2 11 18 0 5 4 13 4 26 17 31 9 14 5 9 15 13 32 30 51 21 3 11 95 23 21 45 40 96 37 84 47 539 47 0 0 224 29 70 62 38 9 41 70 5 4 322 
7 8 4 3 1 6 1 2 8 8 0 0 5 31 10 23 12 1 2 4 4 1 6 23 8 2 2 17 7 10 0 5 64 12 6 5 23 3 21 13 11 0 16 14 5 18 6 3 3 68 1 13 39 13 10 7 14 37 0 37 17 4 2 19 9 26 6 14 3 5 9 12 13 16 13 6 1 4 101 8 5 5 9 29 2 19 7 42 10 0 0 13 3 13 13 1 1 11 10 2 1 28 
2 1 3 2 0 2 1 1 1 1 1 4 8 9 1 12 3 4 1 0 0 1 1 13 3 0 0 7 9 3 5 2 24 2 4 2 12 2 23 2 2 1 4 5 6 9 5 2 1 28 4 1 30 8 2 9 11 16 0 17 3 4 4 11 11 14 2 8 1 7 9 3 7 8 4 0 1 1 55 1 4 4 0 16 5 12 1 21 2 0 0 10 3 0 8 0 1 4 12 0 0 15 
4 10 5 0 3 8 6 2 5 7 3 2 5 22 16 27 14 3 6 3 1 1 1 32 10 1 0 10 16 12 4 5 70 15 6 6 29 2 31 6 8 0 14 16 20 18 8 5 5 47 28 4 7 14 5 10 14 32 0 24 2 9 5 18 12 37 3 10 8 12 6 13 8 13 9 5 2 10 92 12 7 3 6 29 3 17 9 48 7 0 0 12 4 12 13 3 1 6 17 1 0 17 
3 3 4 0 1 4 5 4 5 2 2 7 11 16 6 17 4 10 8 0 2 1 1 7 2 0 0 9 9 5 7 8 36 2 13 0 8 1 18 4 3 0 8 12 6 9 8 2 2 12 14 26 33 4 17 12 14 49 0 30 3 4 3 17 12 19 6 12 3 6 3 8 8 9 3 2 4 0 62 6 3 2 7 21 8 12 5 18 6 0 0 13 4 4 1 3 2 0 3 1 0 13 
0 0 2 0 0 1 1 4 3 4 3 0 5 7 4 6 6 0 1 0 2 1 0 4 4 1 0 4 1 5 2 2 13 1 1 2 7 0 6 3 0 2 0 2 3 4 2 0 0 10 6 15 19 7 3 3 10 15 0 14 4 2 1 6 6 13 3 0 0 3 1 8 4 6 3 2 0 0 58 2 2 0 0 5 1 4 1 5 2 0 0 4 0 2 0 2 0 0 1 1 0 6 
0 2 0 0 0 0 1 4 3 1 0 0 0 3 4 2 2 2 0 0 0 2 0 4 0 1 0 4 4 4 0 0 11 1 1 1 0 0 4 1 0 0 5 0 1 2 0 0 3 3 4 2 4 5 0 2 5 14 0 10 1 2 0 1 4 4 0 3 2 0 2 0 8 1 1 0 0 2 37 1 3 0 2 4 0 2 0 6 0 0 0 4 0 0 1 1 0 1 3 0 0 0 
2 1 1 0 2 2 2 2 4 1 3 3 2 14 4 6 11 12 4 1 0 1 0 2 1 0 0 4 1 1 1 9 17 8 5 3 18 0 7 7 5 0 9 3 0 11 3 0 0 12 18 12 15 13 5 12 4 24 0 18 9 3 2 11 12 17 7 5 3 5 6 3 6 5 3 2 3 4 91 6 14 1 2 32 9 12 4 15 0 0 0 6 3 1 2 0 0 0 5 1 0 8 
3 11 6 2 0 6 4 2 6 4 2 6 10 19 10 12 6 6 3 1 3 1 2 7 5 0 1 8 10 5 5 2 36 8 6 2 6 2 13 5 15 0 8 7 4 11 7 3 2 26 21 6 49 13 8 16 8 9 0 17 10 7 5 15 15 15 4 11 2 7 7 7 8 7 11 11 2 8 103 21 1 4 5 37 7 13 10 23 5 0 0 36 7 6 5 2 0 4 7 2 2 8 
0 0 0 0 0 0 0 0 0 0 0 0 0 0 0 0 0 0 0 0 0 0 0 0 0 0 0 0 0 0 0 0 0 0 0 0 0 0 0 0 0 0 0 0 0 0 0 0 0 0 0 0 0 0 0 0 0 0 0 0 0 0 0 0 0 0 0 0 0 0 0 0 0 0 0 0 0 0 0 0 0 0 0 0 0 0 0 0 0 0 0 0 0 0 0 0 0 0 0 0 0 0 
3 10 5 4 7 3 11 4 5 7 1 10 8 28 21 28 24 17 9 5 8 1 2 26 4 0 3 17 18 8 3 13 13 9 4 1 2 0 10 4 5 0 2 8 4 9 7 3 5 20 19 15 41 12 9 12 9 17 0 5 3 19 5 15 16 32 11 14 8 8 13 8 24 21 13 6 5 7 41 3 2 5 0 11 4 6 6 23 3 0 0 8 4 8 1 3 1 1 0 0 0 12 
2 0 1 0 2 3 0 0 2 0 0 1 4 5 1 2 1 2 2 1 0 0 0 0 1 0 0 0 0 1 2 4 3 4 1 0 3 1 9 2 2 0 6 2 2 0 3 0 0 7 10 5 16 5 3 6 5 8 0 4 0 5 4 5 5 17 5 15 12 3 7 6 9 8 0 5 1 3 17 3 2 2 3 8 3 4 2 14 4 0 0 3 2 0 1 1 1 0 1 0 0 2 
5 4 0 0 0 2 2 0 2 1 1 1 12 4 2 4 3 3 3 0 1 0 0 4 2 0 0 1 2 8 3 5 9 6 7 7 28 10 20 13 8 1 3 7 7 0 6 0 6 9 2 1 1 4 5 2 3 6 0 14 10 1 5 17 7 26 1 8 0 8 4 11 9 11 1 3 0 4 14 3 2 5 3 6 2 0 1 8 1 0 0 24 3 0 3 1 0 2 1 0 0 1 
1 1 1 0 1 0 2 1 1 0 1 0 1 2 0 2 1 4 0 0 0 0 0 0 0 0 0 1 3 6 0 0 7 2 1 0 7 1 6 2 1 0 0 1 3 1 1 2 1 3 2 0 5 3 1 4 3 6 0 2 2 0 3 2 3 14 2 5 2 5 5 3 6 2 0 0 0 3 13 4 0 0 0 1 0 0 0 4 0 0 0 0 0 0 1 0 0 0 0 0 0 1 
1 2 7 1 0 3 5 4 1 2 2 0 2 1 0 1 4 0 3 0 0 0 0 2 0 0 0 1 3 5 6 5 5 3 11 6 24 7 21 14 10 1 1 2 8 7 6 2 2 16 8 13 19 8 3 2 7 6 0 12 2 22 4 1 9 29 7 14 3 10 4 28 23 14 1 2 2 3 32 1 3 0 0 1 0 5 1 5 0 0 0 9 2 2 0 6 0 2 0 0 0 3 
4 4 7 2 1 2 3 7 2 1 0 4 0 0 0 1 1 0 1 1 0 1 1 2 2 0 0 1 8 16 6 16 17 12 7 4 28 8 41 14 8 3 18 10 14 13 6 2 1 46 21 15 24 14 6 5 13 8 0 27 18 8 8 7 2 36 18 14 11 21 18 28 34 23 1 4 1 2 31 5 3 2 5 10 3 3 1 5 1 0 0 9 4 0 1 0 1 0 0 0 0 1 
8 9 9 0 2 10 9 6 6 7 2 4 5 1 0 1 1 0 0 0 0 0 0 1 0 0 0 6 19 37 40 13 37 25 8 4 44 9 35 17 11 4 16 7 18 17 14 6 7 52 32 14 50 19 8 12 6 19 0 53 15 25 18 25 34 20 9 44 18 61 36 52 59 42 13 11 3 9 59 9 14 3 4 7 4 13 6 13 1 0 0 6 1 0 0 0 0 0 2 0 0 4 
3 4 3 0 0 0 1 2 2 1 1 0 0 1 0 0 1 0 1 0 0 0 0 1 0 0 0 0 16 11 0 11 8 9 7 3 7 4 13 3 2 0 3 2 1 2 4 1 0 9 8 3 12 1 0 3 4 1 0 10 7 1 2 4 17 18 0 4 18 19 14 19 23 15 4 0 0 2 20 3 3 0 0 1 2 0 1 2 1 0 0 1 0 0 0 0 0 0 0 0 0 3 
6 2 2 0 1 1 8 3 2 1 0 1 0 0 1 0 0 0 0 0 0 0 0 0 0 0 0 0 4 18 5 3 16 18 9 5 27 8 18 4 1 1 0 3 4 8 10 1 4 17 12 4 17 19 2 3 3 8 0 11 8 19 2 2 28 36 6 1 15 13 25 34 41 46 8 3 2 0 33 7 3 0 1 6 3 6 1 4 3 0 0 5 3 0 0 0 0 0 0 0 0 3 
1 3 1 0 0 3 0 2 0 3 0 0 0 0 3 4 2 0 0 0 0 0 0 0 0 0 0 0 0 9 2 4 6 1 4 3 14 5 3 1 3 0 5 2 3 0 3 0 1 6 5 1 8 3 1 0 2 3 0 12 2 4 0 7 11 29 13 6 2 14 15 16 10 13 0 1 1 2 17 0 3 1 1 3 1 1 0 1 0 0 0 0 0 2 0 0 0 0 0 0 0 0 
1 4 2 0 2 4 5 2 3 3 0 0 4 0 0 3 3 0 0 0 0 1 0 0 0 0 0 0 2 13 3 9 15 12 16 6 18 4 22 7 6 0 1 2 3 5 3 3 2 10 18 3 22 15 6 5 7 10 0 10 14 19 3 19 34 62 29 32 13 4 16 54 26 65 3 5 2 2 45 1 4 1 2 3 2 3 3 7 2 0 0 0 1 0 0 1 0 0 0 0 0 0 
1 0 3 1 1 2 2 7 3 2 3 4 2 4 0 1 3 0 0 0 0 0 0 0 0 0 0 0 12 13 5 3 15 8 11 4 41 4 40 7 2 3 5 5 3 14 7 4 1 25 6 2 17 11 7 5 4 0 0 14 11 9 3 22 23 54 26 23 23 18 9 63 28 33 4 0 0 2 32 4 3 7 3 4 2 3 1 8 0 0 0 1 0 0 2 1 0 0 0 0 1 3 
0 7 3 0 0 3 2 0 1 6 0 4 6 2 1 1 2 2 0 0 0 0 0 0 1 0 0 0 12 6 2 0 20 23 9 7 31 10 29 7 10 0 5 3 0 7 8 5 0 17 3 5 14 5 2 2 10 9 0 19 6 9 12 10 46 55 27 31 25 33 16 5 30 57 3 0 0 3 30 3 4 5 6 8 3 0 1 5 0 0 0 7 1 1 0 2 0 0 0 0 0 2 
4 2 11 0 0 4 3 2 5 7 4 2 2 2 1 2 5 1 2 0 0 0 0 0 1 0 0 0 4 3 5 10 16 12 11 10 31 8 16 6 13 2 1 7 8 4 7 0 1 36 11 6 17 12 4 7 8 5 0 16 5 9 6 16 33 81 31 27 10 46 17 45 0 30 4 5 0 2 35 2 6 0 3 9 1 4 0 7 6 0 0 4 0 0 0 1 0 0 0 1 0 1 
1 1 5 1 1 3 1 3 3 2 3 2 1 2 0 4 2 0 0 0 1 0 0 0 0 0 0 0 5 1 2 3 9 14 0 7 31 3 13 4 2 0 1 2 7 2 3 1 3 13 15 7 15 9 3 1 9 6 0 13 11 7 1 13 16 48 7 23 6 24 14 25 18 5 7 3 1 2 41 2 6 4 5 7 9 0 1 7 0 0 0 1 0 1 1 0 0 2 0 0 0 3 
0 1 3 0 0 0 1 4 0 3 2 4 7 16 5 7 3 4 1 9 0 0 0 4 5 0 0 4 1 8 4 5 33 3 11 2 13 1 27 10 12 0 7 22 9 20 12 15 7 51 6 4 12 1 4 5 5 22 0 9 3 1 1 6 6 11 3 5 1 6 0 1 7 16 8 6 8 10 184 38 21 24 6 107 10 28 9 48 20 0 0 21 8 13 9 3 1 5 16 2 0 18 
2 3 0 0 0 4 2 2 2 6 5 4 8 19 6 13 12 3 4 3 1 0 2 5 1 0 0 8 3 3 1 7 6 2 4 1 1 1 11 3 6 0 15 20 10 21 11 5 3 41 7 1 13 5 6 4 7 20 0 7 5 0 2 2 6 13 3 2 1 5 2 4 8 12 9 4 3 22 142 31 11 17 21 86 13 19 9 43 10 0 0 13 5 12 3 5 2 0 4 0 1 20 
1 0 0 0 0 1 0 0 2 1 1 0 0 3 4 2 1 2 0 0 1 0 0 0 0 0 0 2 1 5 2 1 4 2 0 0 1 0 8 0 2 0 0 3 3 3 9 1 2 6 5 0 4 5 1 0 4 4 0 5 6 0 0 1 6 2 2 2 0 0 0 0 3 3 4 8 5 6 81 10 8 10 5 21 3 9 2 13 3 0 0 4 1 9 5 0 1 2 2 0 0 1 
3 1 2 1 0 0 4 1 12 4 2 0 1 4 2 9 4 6 1 0 1 0 0 5 1 1 0 3 8 5 3 3 11 4 9 2 1 0 10 3 3 0 10 19 9 10 12 1 2 25 2 5 9 5 3 2 11 20 0 6 2 4 3 4 7 7 2 3 2 4 1 4 1 3 10 22 4 8 90 28 5 5 10 64 7 22 8 40 10 0 0 20 4 10 9 2 0 3 4 0 1 9 
5 11 12 5 6 5 8 1 5 11 3 5 9 26 15 36 26 10 10 3 2 3 2 23 5 0 1 14 9 30 2 11 57 16 11 4 20 5 35 10 11 1 40 38 24 23 18 7 10 102 48 50 68 48 31 28 24 61 0 34 15 12 6 39 25 40 11 20 6 22 35 22 31 27 71 75 28 28 24 58 22 20 19 138 42 41 23 86 17 0 0 46 6 26 25 14 2 25 20 5 3 29 
2 2 3 0 1 1 2 4 7 0 0 2 1 16 1 3 6 3 1 0 1 1 0 3 1 1 0 4 3 6 2 2 8 1 9 2 7 2 16 6 9 1 13 24 7 22 14 4 4 43 7 2 11 6 5 4 14 14 0 9 3 4 6 9 6 23 2 5 2 3 5 3 5 2 14 39 10 35 109 3 23 6 18 159 24 32 9 48 11 0 0 30 13 14 14 4 3 6 10 3 2 16 
3 4 2 0 1 0 2 1 1 1 0 0 2 4 0 2 2 2 0 0 1 0 0 5 2 0 0 3 8 3 2 3 6 2 2 0 1 0 3 3 3 2 31 26 8 19 14 0 3 35 13 1 19 8 1 4 2 12 0 2 1 3 0 2 7 8 2 3 0 2 0 3 9 1 19 9 6 10 116 29 4 8 22 108 30 24 13 37 5 0 0 44 7 7 11 7 2 5 15 3 1 19 
2 0 2 1 0 2 1 2 1 4 0 1 0 2 0 0 1 0 0 0 0 1 0 2 4 0 0 3 3 3 5 2 15 4 1 0 7 1 9 6 7 3 12 28 11 11 12 4 7 55 6 0 4 3 4 0 3 3 0 3 0 4 0 1 7 3 2 3 0 4 2 3 7 3 12 11 2 3 36 9 12 6 4 56 14 32 21 63 6 0 0 22 4 6 8 9 0 5 12 0 0 26 
1 1 2 0 1 3 2 1 1 4 0 0 1 0 1 0 1 0 0 0 0 0 0 0 0 0 0 1 2 1 1 2 5 3 1 0 1 1 8 6 1 2 13 35 16 13 7 4 1 30 14 1 11 8 3 2 5 10 0 6 2 0 0 2 2 0 0 5 1 1 4 4 4 6 15 11 1 10 58 17 24 2 1 132 36 29 13 39 13 0 0 43 11 14 8 8 0 8 12 0 1 20 
4 4 3 0 2 8 2 3 1 3 0 1 2 0 0 0 2 1 0 0 2 0 1 0 0 0 0 0 0 7 3 6 10 3 0 2 6 4 13 21 13 9 55 73 17 45 30 11 12 127 29 14 28 8 14 1 13 32 0 7 3 6 0 2 9 7 2 3 1 2 8 3 10 8 44 55 18 34 189 83 68 20 86 14 102 72 38 132 28 0 0 81 33 37 42 18 4 25 25 7 3 59 
1 5 7 1 0 3 2 0 1 1 0 0 0 0 0 0 1 0 0 0 0 0 0 0 0 0 0 2 4 2 0 2 4 0 0 0 5 1 9 9 4 4 31 56 27 46 29 9 6 39 5 1 8 8 5 5 11 12 0 3 2 4 0 0 2 3 2 1 0 2 4 3 5 2 20 12 6 14 87 44 31 13 28 200 14 57 10 69 18 0 0 69 14 18 7 15 2 10 8 0 1 32 
2 6 1 2 1 4 3 2 2 0 0 0 2 1 1 2 9 6 7 0 1 0 0 6 4 0 0 7 14 12 1 9 29 5 10 6 25 19 48 12 8 9 80 130 29 72 42 23 18 81 14 5 18 8 3 3 3 14 0 7 3 1 2 7 8 6 2 5 3 0 2 0 3 12 14 9 4 18 51 20 27 19 18 96 53 5 20 68 39 0 0 95 27 26 24 14 5 25 17 2 5 39 
4 3 2 0 0 1 2 0 1 2 0 2 4 1 1 2 4 2 2 0 0 2 0 9 2 0 0 5 10 6 3 3 22 3 4 2 40 15 34 12 14 3 32 79 20 36 25 7 8 48 14 6 4 5 2 1 1 8 0 5 0 3 2 0 5 1 1 1 0 3 3 5 0 1 12 5 3 8 40 15 10 13 11 51 23 49 5 49 28 0 0 85 26 18 20 15 6 10 8 4 2 42 
18 22 14 3 5 10 9 8 5 5 3 3 7 4 2 8 15 12 9 5 7 2 0 28 14 0 2 24 15 59 22 33 221 18 41 27 102 67 169 48 23 12 103 154 71 178 113 49 56 429 19 9 36 11 9 8 7 26 0 14 9 10 0 9 10 11 4 1 0 3 6 5 7 16 54 31 6 22 102 39 35 42 44 149 45 60 30 21 30 0 0 212 48 48 78 71 21 41 59 11 7 280 
3 8 3 1 1 5 4 2 5 1 1 2 3 1 2 2 5 10 3 1 0 0 1 6 2 0 0 14 0 15 4 14 39 7 16 12 45 26 53 44 29 10 67 84 29 40 21 9 13 62 10 0 9 3 1 2 1 3 0 4 3 0 1 4 3 5 4 2 5 4 0 2 2 4 13 6 4 3 35 11 7 9 13 42 18 55 20 50 9 0 0 91 19 21 13 17 7 17 18 1 0 66 
0 0 0 0 0 0 0 0 0 0 0 0 0 0 0 0 0 0 0 0 0 0 0 0 0 0 0 0 0 0 0 0 0 0 0 0 0 0 0 0 0 0 0 0 0 0 0 0 0 0 0 0 0 0 0 0 0 0 0 0 0 0 0 0 0 0 0 0 0 0 0 0 0 0 0 0 0 0 0 0 0 0 0 0 0 0 0 0 0 0 0 0 1 0 0 0 0 0 0 0 0 0 
0 0 0 0 0 0 0 0 0 0 0 0 0 0 0 0 0 0 0 0 0 0 0 0 0 0 0 0 0 0 0 0 0 0 0 0 0 0 0 0 0 0 0 0 0 0 0 0 0 0 0 0 0 0 0 0 0 0 0 0 0 0 0 0 0 0 0 0 0 0 0 0 0 0 0 0 0 0 0 0 0 0 0 0 0 0 0 0 0 0 0 0 0 0 0 0 0 0 0 0 0 1 
11 8 17 0 0 4 4 5 9 4 2 6 2 6 2 3 7 5 2 0 2 0 0 2 3 0 1 13 6 18 7 17 42 17 29 15 72 57 81 30 18 7 61 122 39 63 36 27 25 146 7 2 10 7 2 2 6 6 0 3 5 10 0 7 6 7 0 1 0 0 1 3 3 2 12 10 1 9 38 17 15 14 19 57 17 40 16 73 39 0 0 16 23 34 18 38 5 12 29 3 3 53 
1 0 2 0 1 1 0 1 1 1 0 2 4 1 2 0 2 0 0 1 0 0 0 1 2 0 0 1 3 2 6 5 23 1 10 4 29 12 27 15 12 7 43 59 24 27 14 6 9 44 5 0 4 5 0 0 0 2 0 1 3 2 0 2 2 2 0 0 0 0 0 0 0 0 5 2 0 3 11 7 5 2 6 14 6 30 12 44 17 0 0 88 7 4 4 19 3 6 14 3 2 23 
0 4 1 0 0 0 0 0 4 1 2 3 1 0 2 0 4 0 0 0 0 0 0 2 2 0 0 1 1 5 6 5 22 9 11 3 27 21 33 6 13 2 48 75 24 35 19 8 11 53 5 6 9 4 0 2 10 2 0 0 0 0 1 0 0 0 0 0 0 0 0 1 0 1 2 1 1 3 19 15 12 6 9 39 18 37 17 42 23 0 0 104 16 6 7 17 0 11 9 4 7 50 
3 0 1 0 2 2 0 2 1 0 0 0 0 1 0 0 0 0 1 0 0 0 0 1 0 0 0 1 0 7 4 3 16 9 7 6 21 8 20 4 12 5 23 52 16 33 23 2 13 59 6 3 6 0 0 1 3 4 0 1 2 4 0 1 0 0 0 0 0 0 0 0 0 2 4 1 0 5 9 9 5 10 9 16 10 19 20 42 8 0 0 45 21 4 3 10 2 6 13 3 1 34 
1 0 3 1 0 0 4 2 1 3 0 1 4 1 0 1 3 2 3 0 1 0 1 1 0 0 0 3 0 12 2 8 30 10 9 10 34 20 34 10 29 4 72 125 30 34 12 14 11 90 2 6 5 1 1 0 0 2 0 3 1 0 0 2 1 2 0 0 0 0 0 3 0 0 7 2 0 3 12 2 10 4 6 34 19 34 26 72 23 0 0 127 15 14 6 0 2 11 10 1 2 45 
0 0 0 0 0 0 0 0 0 0 0 0 1 0 0 2 0 0 0 0 0 0 0 2 0 0 0 0 0 0 1 0 5 1 1 1 9 0 14 3 1 0 3 15 9 9 6 0 0 17 0 1 1 0 0 2 2 1 0 1 0 0 0 0 0 0 0 0 0 0 0 0 2 0 1 1 0 0 7 1 0 0 2 8 1 7 7 18 7 0 0 8 0 4 2 1 1 0 0 0 2 7 
1 1 1 0 0 2 1 3 0 1 1 2 1 0 0 1 0 0 0 0 2 0 0 1 0 0 0 4 2 3 2 3 9 5 3 1 20 6 33 1 2 0 69 63 25 57 28 17 10 78 4 1 4 4 0 1 2 3 0 2 1 0 0 2 0 0 0 0 0 0 1 1 0 0 14 2 1 0 17 9 9 7 13 37 15 28 13 44 11 0 0 80 23 4 7 18 0 6 2 2 4 35 
1 0 4 0 2 1 1 0 2 4 2 0 2 0 1 0 3 0 0 0 0 0 0 1 0 0 0 1 2 7 0 2 6 2 5 2 20 9 34 4 6 2 28 55 18 51 22 5 10 56 2 4 5 1 0 0 1 2 0 1 4 6 0 1 0 2 0 0 0 0 0 1 0 2 6 6 0 4 15 12 2 19 8 30 4 18 19 51 13 0 0 45 8 12 12 7 0 0 2 4 1 21 
0 1 0 0 0 1 0 0 0 0 0 0 0 0 1 0 0 0 1 0 0 0 0 0 0 0 0 0 0 1 0 0 2 0 0 5 11 2 8 2 1 1 4 13 3 12 9 0 1 21 1 0 0 0 1 0 0 0 0 0 0 0 0 0 0 0 0 1 0 0 0 0 1 0 4 5 0 3 3 1 2 2 4 9 1 7 1 6 1 0 0 15 5 5 5 0 1 0 2 0 0 2 
0 0 1 0 0 0 0 0 0 0 1 0 0 0 0 0 0 0 0 0 0 0 0 1 0 0 0 0 1 1 0 1 1 0 2 0 4 1 4 12 2 0 4 8 3 6 1 1 6 15 0 0 0 0 0 0 0 0 0 0 0 0 0 0 0 1 0 0 0 0 0 0 0 0 1 0 0 0 4 0 0 0 2 4 0 2 2 6 5 0 0 10 4 2 4 4 0 1 0 0 0 0 
16 13 11 2 4 9 14 9 4 7 6 1 12 12 3 11 7 11 5 1 2 1 3 5 1 0 0 12 12 71 17 17 129 11 16 44 132 68 118 56 71 8 172 166 100 175 124 72 90 497 26 17 34 12 5 6 13 20 0 10 4 4 0 6 6 10 3 6 0 3 7 3 1 10 43 22 3 20 72 15 40 27 33 110 31 94 35 493 84 0 0 238 44 86 78 90 9 68 51 3 1 14 
