6 7 16 10 7 35 32 18 27 24 7 30 57 50 39 55 27 23 25 10 9 25 11 34 14 0 1 24 70 3 6 2 9 4 1 1 3 0 19 14 12 1 5 11 5 17 19 7 13 54 3 0 5 9 3 1 2 3 0 1 5 2 1 2 4 13 5 3 1 0 2 3 2 2 0 1 0 0 8 1 1 0 2 7 1 7 4 28 4 0 0 4 1 2 0 1 0 4 2 0 0 9 
11 9 10 10 9 66 36 24 26 41 5 39 56 44 35 71 34 30 21 15 14 24 8 21 9 0 2 30 74 3 3 5 9 1 6 6 8 10 27 20 20 0 14 12 17 7 12 7 14 53 11 6 8 1 2 0 3 3 0 3 2 5 1 4 5 7 1 2 0 4 1 2 8 4 0 3 1 3 20 4 2 3 0 8 2 12 3 25 6 0 0 5 0 0 1 3 0 2 1 0 0 6 
24 18 10 8 7 21 13 23 28 24 10 24 42 42 45 49 40 12 17 11 11 11 8 17 10 0 1 24 80 5 1 3 14 5 4 2 3 6 10 5 13 0 6 5 13 10 6 3 5 38 5 9 11 4 2 3 1 6 0 1 2 3 0 5 3 2 2 3 2 2 1 1 2 4 0 2 0 4 19 1 5 1 1 6 3 9 0 15 0 0 0 7 0 2 2 3 1 1 1 0 0 8 
1 4 15 5 0 4 4 7 3 2 1 13 5 10 10 12 4 5 6 1 0 2 0 8 1 0 0 2 15 0 1 1 0 0 1 0 0 1 3 5 0 0 1 0 1 3 1 2 2 14 0 0 1 5 0 0 1 1 0 0 0 0 0 1 0 2 0 0 1 0 0 1 0 2 0 0 0 0 4 0 0 0 0 0 0 0 0 3 0 0 0 0 0 0 0 0 0 0 0 1 0 0 
15 14 10 3 4 8 6 6 10 7 6 11 15 19 10 20 8 5 3 9 6 5 1 10 7 0 1 9 21 2 2 0 1 0 2 0 2 1 10 4 3 0 1 6 3 1 3 3 4 24 2 0 1 0 0 0 0 0 0 0 0 1 1 1 0 6 2 1 0 0 1 2 0 3 1 1 1 1 5 0 1 1 0 2 0 0 0 4 1 0 0 1 0 1 1 1 0 0 0 0 0 4 
14 40 29 11 11 4 16 13 19 12 16 49 53 63 29 38 35 17 27 11 8 9 5 23 13 1 0 10 66 3 2 0 6 5 1 2 1 8 15 21 8 3 9 12 9 7 9 5 5 33 1 2 10 5 1 1 0 5 0 1 1 4 3 2 2 2 3 1 0 1 2 2 1 0 1 3 1 2 7 3 0 1 0 5 0 5 2 16 4 0 0 4 0 2 0 3 0 1 1 0 0 2 
27 42 30 7 9 10 6 21 33 23 14 26 39 55 39 45 19 18 16 4 5 8 5 15 5 0 1 6 56 5 0 2 13 3 1 0 2 5 13 4 2 3 6 4 4 7 4 6 1 11 1 2 1 2 1 0 1 3 0 4 0 1 0 0 2 4 3 1 3 5 0 3 4 0 4 1 0 4 11 0 1 0 0 2 0 2 0 11 1 0 0 7 1 2 0 0 0 0 1 0 0 4 
25 23 19 4 3 19 23 7 18 22 14 32 67 73 48 49 36 41 13 10 10 12 3 23 8 1 1 19 31 2 3 13 4 0 0 1 4 4 27 28 9 2 4 5 8 5 12 7 7 24 4 0 2 2 0 0 4 10 0 3 0 0 1 3 8 5 1 3 1 2 1 4 1 1 1 1 2 0 4 0 0 0 0 2 0 2 1 9 0 0 0 9 3 0 0 2 0 1 1 0 0 2 
28 31 31 10 3 18 35 9 6 21 15 25 68 50 23 43 40 31 13 14 11 6 5 17 10 1 2 23 44 9 1 1 18 1 3 1 7 9 36 13 10 0 5 5 8 15 5 1 2 29 1 2 6 4 4 0 2 5 0 1 0 1 3 3 6 10 0 0 1 1 7 2 4 1 3 3 1 0 14 0 0 0 2 1 1 4 2 3 4 0 0 5 3 2 0 1 0 0 3 0 0 3 
17 24 26 7 3 6 25 9 14 4 11 22 38 48 20 42 17 13 6 11 5 5 4 24 12 1 0 9 13 10 1 1 9 1 1 1 1 7 13 7 3 1 2 4 3 12 1 0 1 17 6 5 10 3 8 2 5 5 0 2 7 2 0 0 3 4 4 4 0 3 4 5 1 2 2 2 0 1 16 1 3 2 0 3 1 5 1 6 2 0 0 5 0 0 1 0 0 1 0 1 0 1 
9 19 10 5 6 12 14 22 12 13 1 13 26 16 18 29 18 15 19 6 4 10 4 14 6 0 1 13 17 2 0 1 2 0 2 0 1 1 12 7 4 0 6 4 4 5 7 6 6 23 2 0 3 0 0 0 2 1 0 0 0 2 0 2 0 1 0 1 2 0 0 4 0 1 1 1 0 0 5 0 1 0 0 0 0 2 0 1 2 0 0 5 0 0 0 2 0 0 0 0 0 0 
23 56 18 5 14 23 23 41 32 13 10 8 35 40 26 45 41 30 29 16 14 10 10 52 18 2 0 31 37 6 0 2 12 2 1 2 2 10 26 22 11 1 10 9 5 7 3 5 5 26 1 2 11 5 4 0 3 3 0 2 0 2 5 1 1 3 0 0 2 1 6 5 2 0 2 1 1 1 12 0 0 0 0 0 1 0 0 2 2 0 0 1 1 3 3 2 1 3 0 0 1 8 
43 79 42 3 11 52 120 68 91 44 32 37 10 79 54 74 59 56 38 18 34 24 15 63 31 4 7 46 29 12 6 12 21 2 2 1 1 3 29 13 17 6 9 7 4 14 8 3 6 37 6 3 5 2 3 2 11 14 0 20 5 1 0 0 1 5 0 1 0 2 2 0 0 1 5 1 1 4 16 0 0 1 0 0 0 2 2 6 3 0 0 6 0 2 1 4 0 0 0 0 0 9 
65 126 92 14 22 74 107 74 90 90 43 38 73 13 22 53 100 82 68 56 68 67 38 74 43 8 3 129 51 11 1 4 8 3 2 1 1 13 26 23 20 2 9 10 11 15 25 4 8 35 14 9 33 13 2 3 25 12 0 2 6 2 3 0 0 2 0 0 0 1 1 4 1 4 13 5 1 3 51 5 2 1 0 1 0 1 1 15 4 0 0 10 2 1 1 7 0 3 0 2 0 11 
43 70 65 7 14 46 45 33 38 39 9 35 41 28 13 36 41 36 34 20 32 41 24 75 28 8 5 87 24 6 2 9 12 12 6 3 1 5 9 7 3 0 19 2 10 12 9 0 4 20 7 7 3 7 1 1 3 7 0 4 3 1 0 0 2 1 0 0 0 2 1 1 1 0 4 1 1 1 14 0 1 1 0 0 1 1 3 6 2 0 0 5 0 0 2 2 1 0 0 0 0 7 
36 67 37 6 8 42 55 44 56 55 30 51 70 50 20 19 86 94 71 36 103 53 60 177 69 7 17 143 39 28 7 23 38 8 17 8 40 6 24 22 32 0 14 24 6 16 15 5 10 78 13 5 22 9 4 1 6 13 0 6 4 1 0 2 4 3 0 2 5 1 1 2 6 2 11 5 0 3 22 2 3 0 0 3 0 3 1 10 2 0 0 10 1 1 5 1 0 1 4 0 0 5 
25 45 27 11 11 30 33 38 49 44 13 51 79 88 28 82 11 43 69 20 32 52 28 104 16 4 9 95 13 36 18 25 49 10 20 16 26 11 65 25 31 3 15 14 18 27 14 11 11 54 10 7 17 10 3 4 3 16 0 3 2 4 0 3 3 2 0 0 1 0 2 0 0 1 4 3 1 2 25 2 1 1 0 0 0 10 4 17 6 0 0 10 3 4 3 1 0 2 0 1 0 9 
11 19 17 1 6 16 23 12 21 25 5 31 57 74 25 69 40 10 39 14 39 16 36 56 20 3 6 36 24 28 8 14 29 11 12 19 17 6 51 25 19 3 15 17 21 23 10 6 6 42 2 3 13 7 2 1 3 7 0 1 0 4 0 5 1 0 0 0 0 0 0 0 2 0 3 1 0 4 18 2 0 0 1 0 1 4 0 13 1 0 0 2 0 1 2 0 0 0 0 0 0 6 
9 20 18 5 3 14 24 14 19 22 10 21 40 70 21 90 52 49 3 15 41 20 23 77 23 3 2 39 33 23 11 11 21 7 10 15 12 11 29 20 4 1 17 13 8 12 9 3 3 32 3 1 5 1 3 1 2 4 0 4 3 4 3 1 0 1 0 0 0 0 0 0 0 1 2 1 0 0 19 1 0 0 0 0 0 3 0 4 2 0 0 13 0 0 1 0 0 0 1 0 0 3 
8 9 10 0 3 12 13 9 13 19 5 13 25 38 13 45 19 17 22 7 11 9 20 46 26 12 7 69 17 10 0 7 5 0 4 1 5 10 23 16 11 2 4 6 7 5 6 2 6 20 4 0 4 1 2 0 4 2 0 0 0 0 0 2 0 0 0 0 0 0 0 0 0 1 2 1 1 1 6 4 1 1 0 0 0 4 2 5 1 0 0 2 0 0 0 0 0 0 0 0 0 0 
7 11 9 0 3 11 9 8 15 11 5 9 28 55 33 92 42 46 61 4 5 12 27 20 24 15 23 58 5 6 3 6 6 3 5 4 16 6 23 11 11 1 4 4 9 1 7 1 8 18 3 0 0 4 0 4 0 0 0 4 0 0 0 0 0 0 0 0 0 0 0 0 0 0 3 1 0 0 1 0 0 0 0 1 0 4 2 7 2 0 0 1 0 1 0 1 0 0 1 0 0 1 
5 7 11 1 2 8 7 6 12 7 4 12 24 48 27 66 32 13 21 6 15 3 8 29 3 16 27 60 13 4 5 0 3 3 3 4 6 3 36 3 0 2 3 1 5 3 3 2 0 17 1 0 1 0 0 2 0 1 0 0 0 0 0 0 0 1 0 1 0 0 0 0 0 0 1 1 0 1 4 0 1 0 0 0 0 1 1 3 0 0 0 0 0 0 1 0 0 0 0 0 1 0 
1 4 2 0 4 4 2 9 6 5 2 12 13 26 15 54 28 23 25 11 24 13 7 4 4 5 17 53 7 4 0 0 10 0 2 5 7 5 22 4 6 2 2 2 2 8 5 2 4 19 1 4 3 1 1 0 2 1 0 1 0 0 1 1 0 0 0 0 0 0 0 0 0 0 0 1 0 0 4 0 1 0 1 1 0 0 0 7 1 0 0 0 0 0 0 0 0 0 0 0 0 0 
15 29 5 3 7 18 12 14 17 25 12 20 43 56 37 91 74 43 66 21 46 16 25 10 11 25 40 75 9 14 2 1 22 5 8 9 10 9 39 11 25 2 4 6 10 11 15 12 12 91 10 1 12 0 5 3 5 5 0 2 1 2 0 2 3 0 0 0 0 0 0 0 0 0 6 2 1 2 22 2 0 1 0 0 0 4 4 19 1 0 0 0 0 0 0 2 0 1 1 0 2 0 
33 36 13 1 6 19 15 14 30 60 14 27 46 51 32 103 47 26 58 27 34 18 16 8 5 6 22 61 6 28 5 11 71 6 9 12 4 17 37 26 51 6 17 19 28 26 32 20 15 174 39 14 45 7 12 1 8 9 0 0 1 2 1 2 1 2 0 0 0 1 0 0 0 2 16 7 1 5 31 3 2 5 4 6 2 3 2 45 6 0 0 5 0 0 1 1 0 3 2 0 0 1 
0 0 0 0 1 4 0 2 1 0 0 2 2 3 2 7 5 7 8 2 14 13 11 21 7 2 3 16 0 1 1 0 0 0 1 0 0 0 5 0 0 0 0 0 0 1 0 1 1 5 0 0 0 0 0 0 0 0 0 0 0 0 0 0 0 1 0 0 0 0 0 0 0 0 0 0 0 0 1 0 0 0 0 0 0 0 0 0 0 0 0 1 0 1 0 0 0 0 0 0 0 0 
1 0 0 0 0 1 2 0 3 1 0 0 0 3 3 18 0 0 0 5 21 12 3 20 8 1 4 26 0 0 0 0 4 0 0 0 1 1 1 0 1 0 0 0 0 4 1 0 0 4 0 0 1 0 0 0 0 0 0 0 0 0 0 0 0 0 0 0 0 0 0 0 0 0 0 0 0 0 0 0 0 0 0 0 0 0 0 0 0 0 0 0 0 0 0 0 0 0 0 0 0 0 
36 37 19 4 8 18 22 19 38 33 15 39 47 73 67 143 75 61 63 53 56 89 84 115 45 8 29 12 9 6 4 2 37 6 12 13 20 16 56 36 36 1 15 17 28 22 16 18 11 123 19 8 22 5 9 4 3 9 0 1 0 1 0 1 1 2 0 0 0 0 1 0 0 0 9 6 1 5 19 2 2 1 2 2 0 2 8 43 7 0 0 3 0 2 3 1 0 1 0 0 1 10 
74 106 78 16 15 96 51 39 63 36 26 39 56 50 36 49 28 27 45 10 18 25 5 15 6 0 0 10 2 5 0 8 7 8 2 5 8 15 13 27 18 6 12 13 16 10 4 0 8 38 3 1 6 7 1 0 9 5 0 4 1 0 1 9 6 12 6 4 0 0 5 5 0 3 6 2 2 1 31 2 5 0 2 8 3 4 2 25 6 0 0 8 2 2 0 0 0 0 1 0 0 4 
2 4 3 4 2 6 6 8 6 10 4 7 3 8 9 26 24 21 15 10 6 8 3 22 2 2 2 2 7 25 118 113 333 70 131 163 295 123 251 122 92 6 51 46 61 52 42 24 35 164 6 5 14 7 2 2 3 11 0 11 4 10 0 6 16 50 7 14 10 6 12 11 1 0 6 0 1 6 22 5 3 2 3 13 4 16 4 54 8 0 0 21 10 2 12 14 2 7 7 1 2 33 
0 2 1 0 1 1 3 0 0 0 0 3 5 0 1 8 18 14 17 2 5 1 1 3 2 0 0 0 3 97 6 70 128 11 37 35 122 37 54 29 22 2 8 10 17 22 14 4 2 45 3 2 7 0 1 0 1 3 0 3 0 2 1 4 12 23 5 7 7 6 1 4 3 0 2 1 0 0 11 1 2 0 1 3 0 6 4 19 5 0 0 7 1 1 0 6 0 2 1 0 0 8 
1 1 4 2 1 6 0 1 4 2 1 9 9 1 6 15 38 7 17 1 7 5 1 4 3 0 0 6 3 114 88 16 129 24 87 80 238 102 207 69 77 4 48 44 45 44 36 18 18 124 4 3 11 6 4 0 5 5 0 10 1 2 5 14 9 13 5 5 3 3 6 3 3 0 9 2 1 5 17 3 5 1 2 5 1 10 8 40 8 0 0 27 5 6 7 5 0 3 2 2 0 17 
20 21 14 0 7 12 22 9 7 22 2 9 9 10 9 17 59 30 32 9 12 8 12 83 33 0 2 42 1 338 121 134 29 67 145 117 293 187 288 221 197 40 139 116 156 241 172 99 134 1020 51 35 69 32 12 5 29 26 0 11 4 7 7 9 24 41 15 17 13 17 24 31 9 9 31 14 2 15 89 10 8 15 7 14 4 26 18 210 31 0 0 68 13 17 21 29 2 12 8 2 5 65 
1 2 5 0 0 4 0 2 3 4 0 0 1 0 0 9 24 19 12 2 1 4 2 8 4 0 0 6 0 61 30 48 53 6 28 21 88 33 98 44 36 4 26 45 33 36 32 7 12 86 8 7 13 3 5 2 2 5 0 8 2 7 5 1 9 26 4 3 11 8 4 16 7 7 4 2 1 0 24 4 1 1 2 4 0 4 4 23 5 0 0 28 4 5 2 6 1 2 3 0 0 8 
9 4 2 1 0 7 4 5 0 5 0 6 1 1 4 8 21 20 14 8 3 9 3 19 7 1 2 13 2 176 59 113 114 26 12 42 174 87 145 103 60 5 33 68 44 60 28 22 22 128 5 5 8 4 5 2 4 7 0 3 3 13 3 9 11 17 6 10 7 6 11 17 9 3 0 4 0 0 22 3 4 1 1 1 0 5 2 27 9 0 0 47 9 7 8 8 3 2 4 0 0 25 
2 4 5 0 1 1 1 2 2 0 0 2 0 0 1 11 8 14 9 2 3 1 3 13 6 2 0 10 2 133 58 83 130 25 26 2 225 58 101 83 39 5 20 23 34 49 33 10 13 129 4 4 8 3 0 1 0 6 0 0 0 2 2 7 6 12 8 6 1 5 6 7 14 1 3 0 0 4 5 0 0 0 0 2 0 4 4 18 9 0 0 18 11 3 3 5 0 6 7 3 0 20 
5 10 5 0 5 3 2 1 5 4 1 5 4 4 0 28 41 20 22 13 23 17 12 27 23 1 3 51 7 400 157 279 472 121 128 188 20 157 496 408 179 44 112 150 157 137 130 48 63 447 16 14 29 25 2 1 8 11 0 3 1 11 13 25 20 32 15 29 12 6 36 34 20 6 12 4 0 5 29 3 1 0 2 11 5 22 28 103 51 0 0 111 23 25 18 36 9 25 18 3 5 79 
10 9 10 2 1 6 5 6 13 5 2 7 7 10 6 11 20 7 12 7 18 6 10 32 10 1 2 25 23 119 52 138 173 38 55 77 106 18 126 154 101 13 88 79 73 72 79 30 22 222 10 3 14 4 2 2 2 6 0 0 0 8 5 9 10 13 2 4 8 4 7 14 7 2 4 2 0 1 18 2 3 3 2 3 1 13 4 68 21 0 0 39 15 14 4 11 2 4 5 6 3 38 
19 29 23 1 4 18 28 9 36 41 18 32 26 20 5 10 39 39 44 27 32 20 22 94 21 2 6 66 17 218 87 245 288 102 113 127 447 142 23 375 225 20 114 132 126 147 112 60 65 521 12 10 32 14 4 2 12 5 0 5 4 6 7 22 52 39 11 12 6 11 36 24 11 3 17 7 3 5 35 5 4 4 7 23 1 37 24 127 35 0 0 105 20 21 12 26 0 16 16 4 0 89 
9 16 20 1 8 14 17 9 12 13 11 24 26 20 10 21 34 10 15 8 8 7 4 24 11 1 1 40 20 91 31 67 139 41 73 52 279 146 391 16 61 14 74 136 80 124 82 49 39 268 11 6 15 7 2 3 4 5 0 3 2 14 1 17 8 10 0 3 0 2 4 5 1 5 1 3 1 1 14 1 3 3 0 18 5 14 6 28 23 0 0 54 8 12 11 8 3 6 7 1 0 19 
14 14 10 1 3 5 7 1 8 6 10 6 5 6 6 17 22 28 12 2 15 3 1 30 9 1 2 20 13 65 30 52 120 23 50 35 109 96 247 53 14 19 55 81 59 105 71 37 45 181 4 3 9 4 0 2 6 2 0 1 1 9 3 6 13 8 1 1 1 3 7 4 7 2 7 6 1 0 21 6 5 3 5 14 2 18 14 18 10 0 0 40 5 13 13 13 2 7 5 1 1 23 
1 2 4 0 2 0 2 0 2 2 1 0 2 2 2 2 2 2 1 2 2 0 0 4 3 0 0 6 2 4 3 7 17 6 9 8 39 9 13 15 20 0 20 38 17 25 17 6 9 30 0 0 2 3 0 1 0 0 0 0 0 0 0 0 0 1 0 2 0 0 3 1 1 0 2 0 0 0 5 2 0 0 2 7 0 1 3 18 8 0 0 8 0 2 5 1 1 0 1 0 1 2 
5 7 7 2 0 9 19 6 11 12 10 4 11 9 6 9 31 11 8 2 9 4 0 9 6 0 0 14 1 49 16 50 111 31 42 26 102 85 136 84 60 27 21 84 66 107 60 48 40 216 13 6 14 6 1 1 7 8 0 1 2 6 2 12 6 8 4 7 2 4 1 6 4 1 14 10 4 11 25 15 17 6 26 53 32 55 50 101 53 0 0 86 27 52 24 60 16 21 39 8 5 92 
8 6 5 3 1 5 15 6 2 8 3 7 7 8 5 11 31 23 23 7 5 12 10 18 8 0 1 18 12 74 22 47 98 40 57 20 170 100 204 149 95 30 107 35 149 261 126 89 94 378 16 3 29 5 1 2 8 4 0 2 3 6 0 6 17 14 7 3 2 0 5 7 12 2 14 8 1 21 65 19 18 22 18 66 41 109 63 161 77 0 0 216 44 69 48 79 15 59 37 12 10 103 
9 21 9 2 2 11 8 7 11 7 4 6 16 2 3 11 10 10 12 5 7 9 12 37 15 1 2 26 9 61 28 44 122 26 49 35 106 83 127 95 69 20 71 150 15 174 92 77 77 360 11 7 9 3 1 0 2 2 0 3 2 9 1 13 11 10 4 5 2 5 3 8 4 5 10 2 0 4 19 6 9 2 17 23 23 36 16 62 13 0 0 48 13 19 16 21 8 16 22 1 2 63 
10 19 6 5 4 13 11 12 10 14 8 10 13 11 14 16 29 23 10 12 12 10 6 31 23 0 3 29 21 69 22 36 170 36 48 61 181 95 221 143 133 23 113 286 181 37 196 203 196 799 9 10 30 2 2 1 4 12 0 4 4 4 0 6 8 9 1 9 3 6 3 6 3 3 21 6 3 14 48 20 19 9 11 50 25 52 37 158 42 0 0 154 29 54 36 44 8 46 42 8 3 128 
11 17 11 2 0 4 8 6 18 6 7 12 16 4 2 11 21 18 14 8 2 6 5 34 7 0 0 26 6 49 18 40 159 28 33 27 120 80 155 104 77 14 75 143 119 204 22 119 88 369 13 3 11 5 2 1 2 7 0 0 4 2 2 10 11 11 3 6 6 5 9 11 5 6 12 5 1 9 30 9 17 10 11 32 19 43 29 111 36 0 0 55 24 26 22 20 2 28 18 7 4 94 
5 3 4 1 2 1 1 5 2 3 2 2 4 6 1 5 7 4 5 3 2 4 4 23 4 0 2 12 0 10 3 17 87 11 12 7 23 29 52 42 46 3 35 100 89 197 92 16 62 351 5 0 3 0 1 2 0 2 0 1 1 2 1 3 2 2 2 3 0 2 2 3 3 2 3 2 1 2 12 2 2 0 2 21 7 20 12 101 11 0 0 54 16 6 9 9 4 11 10 1 6 45 
4 5 2 0 0 3 3 3 2 14 0 5 6 6 2 2 4 4 5 5 1 0 2 16 10 0 0 10 7 27 11 23 86 14 21 20 58 40 59 53 34 8 46 74 64 125 112 75 12 313 6 2 7 2 0 0 2 1 0 0 2 6 0 2 3 1 4 0 0 1 2 3 2 0 5 5 2 2 13 6 3 4 4 16 3 12 4 105 12 0 0 43 4 7 8 16 2 15 15 0 1 34 
40 70 34 1 14 26 29 23 49 42 16 26 18 26 6 33 61 59 25 15 30 16 24 127 56 5 2 100 29 197 52 137 691 70 116 97 289 188 473 261 272 29 195 345 245 517 316 359 304 55 32 25 93 12 7 9 11 25 0 12 7 15 1 21 26 38 6 20 7 8 17 18 15 14 46 28 2 26 91 29 33 33 42 97 24 93 35 562 40 0 0 241 34 55 47 60 13 84 58 20 10 253 
12 12 8 2 1 4 7 5 2 3 2 7 5 12 9 20 7 2 3 2 0 5 4 27 7 0 0 13 4 10 3 8 74 9 5 4 8 3 20 10 4 1 10 15 8 12 3 8 4 58 9 13 38 26 15 4 20 14 0 32 10 3 5 23 14 23 3 20 1 16 9 11 15 8 1 8 0 7 81 4 8 1 9 27 5 13 14 36 13 0 0 4 4 6 2 7 0 8 4 0 4 14 
0 7 1 1 0 3 8 3 5 3 1 1 5 7 7 7 4 0 3 1 0 0 2 9 2 0 0 6 3 3 2 2 21 6 4 2 14 1 10 6 2 1 5 5 6 2 4 2 3 25 12 5 31 25 6 4 6 12 0 19 7 0 2 6 14 6 7 4 2 8 0 1 11 4 3 3 0 2 61 4 3 2 3 10 7 6 2 20 4 0 0 9 0 2 4 1 0 3 0 0 0 10 
5 10 5 0 1 4 3 5 4 10 2 6 5 12 14 19 14 6 7 3 2 5 4 17 9 0 1 11 5 21 11 11 64 18 4 2 12 7 29 11 2 0 9 14 6 16 9 3 5 60 30 33 9 31 7 9 16 25 0 30 12 4 2 16 29 22 5 14 3 23 10 15 18 15 4 6 0 3 111 10 3 3 11 23 12 13 6 50 10 0 0 13 0 10 2 6 4 6 10 1 1 26 
3 2 4 0 1 3 0 4 2 8 5 6 6 9 4 8 3 3 2 1 1 1 2 5 0 0 0 3 0 7 3 13 19 6 2 3 18 1 10 10 2 3 3 2 4 7 4 3 2 17 15 15 30 4 20 3 10 33 0 22 4 3 7 7 18 18 8 5 1 9 2 3 6 2 7 2 1 3 60 14 7 4 2 17 6 10 3 15 4 0 0 6 2 5 2 3 1 4 2 1 0 6 
0 4 3 0 0 1 1 3 6 2 3 3 4 3 2 6 0 2 0 0 3 1 0 4 3 0 0 0 3 6 2 5 15 5 1 0 5 3 4 3 0 0 2 4 1 4 0 2 0 3 6 13 16 6 2 4 2 13 0 14 2 5 0 2 4 12 3 2 2 5 4 0 4 2 1 8 0 5 39 3 2 0 3 7 2 2 1 7 1 0 0 2 0 2 0 1 0 4 0 0 0 3 
0 2 0 0 0 1 3 0 1 0 0 1 0 5 1 3 2 1 0 0 0 0 0 5 2 2 0 5 1 2 0 4 8 2 3 0 0 0 1 3 0 0 1 0 3 3 2 1 0 11 6 5 10 5 2 0 7 3 0 6 1 4 5 8 0 3 0 5 1 0 1 2 3 6 1 1 1 2 31 3 1 2 1 8 3 4 2 3 2 0 0 8 1 3 1 0 0 1 0 0 0 1 
2 7 3 0 2 0 0 2 0 6 0 0 4 6 10 3 4 2 2 0 1 0 0 3 3 0 3 2 4 8 6 3 15 1 6 1 6 2 7 3 1 0 1 5 3 7 4 2 5 10 32 3 12 17 7 13 6 19 0 7 4 2 1 6 10 15 3 4 4 10 5 6 2 5 2 11 0 6 40 6 7 1 5 19 8 4 4 9 4 0 0 8 0 1 2 0 0 4 1 2 0 7 
3 10 8 0 0 8 9 4 7 2 4 6 7 9 5 7 16 7 8 4 1 1 0 4 0 1 0 3 3 5 6 2 21 7 11 1 11 0 12 6 6 0 3 12 6 9 4 4 2 18 17 11 48 15 15 10 8 7 0 26 4 4 5 12 9 14 5 10 4 8 4 5 4 6 19 8 8 11 123 15 8 3 9 37 13 9 5 12 4 0 0 7 3 1 1 3 1 2 0 0 2 10 
0 0 0 0 0 0 0 0 0 0 0 0 0 0 0 0 0 0 0 0 0 0 0 0 0 0 0 0 0 0 0 0 0 0 0 0 0 0 0 0 0 0 0 0 0 0 0 0 0 0 0 0 0 0 0 0 0 0 0 0 0 0 0 0 0 0 0 0 0 0 0 0 0 0 0 0 0 0 0 0 0 0 0 0 0 0 0 0 0 0 0 0 0 0 0 0 0 0 0 0 0 0 
5 10 9 0 2 2 7 4 3 2 2 4 24 27 10 16 21 14 13 4 1 6 4 22 8 0 1 12 19 13 6 2 16 5 4 3 2 3 14 5 3 0 3 7 5 2 3 7 4 29 14 20 29 26 6 6 6 20 0 5 4 3 2 7 14 23 16 11 6 4 6 28 9 22 6 8 3 11 37 8 5 6 6 12 5 7 3 22 5 0 0 2 0 2 3 1 0 3 3 0 3 6 
1 2 1 0 0 1 2 0 1 1 1 7 2 0 0 1 3 0 0 2 0 0 1 0 2 0 0 2 4 4 0 7 2 3 3 2 1 1 6 6 2 0 3 8 1 0 1 2 1 4 9 7 16 5 1 1 5 10 0 2 3 10 1 2 6 13 8 11 4 12 4 6 10 8 0 2 0 0 18 7 2 3 2 5 0 0 3 6 2 0 0 2 5 0 2 0 0 3 0 0 0 2 
0 3 1 0 1 3 0 3 1 4 1 6 1 2 3 3 4 0 1 1 1 1 0 4 2 0 0 0 2 5 3 7 11 10 13 8 19 10 22 17 5 0 5 8 10 8 5 1 7 16 1 6 7 0 2 1 2 5 0 15 6 1 1 7 9 21 5 5 2 14 1 3 8 8 2 2 0 3 11 3 2 0 1 8 3 1 3 9 4 0 0 7 1 1 1 0 0 1 2 0 0 6 
0 2 0 0 0 0 1 2 2 5 0 1 0 0 1 0 0 1 0 1 0 0 0 0 0 0 0 0 2 2 2 1 3 4 2 4 5 3 10 9 2 0 2 0 1 2 0 3 0 6 0 1 3 3 2 3 5 0 0 11 1 0 0 3 8 14 3 8 0 6 3 2 4 1 1 2 0 0 5 1 0 1 0 2 0 0 0 4 1 0 0 0 0 0 0 0 0 0 0 0 0 0 
3 3 5 0 1 5 4 5 1 2 1 1 0 0 0 1 1 2 1 0 0 0 0 0 1 0 0 1 4 8 2 3 5 4 9 10 24 14 29 22 8 1 5 8 9 14 7 2 6 23 15 9 15 3 8 3 11 13 0 7 7 14 3 0 9 30 16 15 3 11 9 21 21 9 9 13 0 4 43 2 2 0 2 3 2 4 2 9 2 0 0 4 0 4 1 0 0 0 0 0 0 3 
2 7 4 0 0 11 4 4 3 2 2 2 1 1 0 0 3 2 2 0 0 0 0 1 0 1 1 1 2 34 14 18 13 7 15 4 24 10 32 10 5 1 9 11 7 10 7 5 3 18 19 13 13 15 9 3 6 14 0 11 10 12 9 10 11 24 24 36 11 30 24 35 29 19 3 3 3 3 21 8 4 2 3 7 1 1 2 5 3 0 0 6 1 2 1 1 1 0 1 0 0 3 
6 12 9 1 3 8 16 8 14 7 1 5 3 2 1 1 1 0 2 0 0 0 0 1 3 0 0 2 4 35 24 41 46 11 25 15 34 12 40 21 8 11 10 18 18 12 15 4 10 52 18 14 36 17 10 9 13 18 0 35 15 14 8 24 34 14 13 30 34 47 42 61 39 43 9 9 6 2 72 12 10 4 7 4 4 8 2 16 4 0 0 9 3 0 0 5 2 0 1 0 0 9 
2 3 3 0 2 1 3 10 1 3 0 7 1 5 2 2 2 1 1 0 0 0 0 0 0 0 0 1 3 17 4 9 12 9 6 8 20 5 10 3 2 0 9 2 7 2 3 0 1 12 2 2 7 2 5 0 13 4 0 12 8 2 8 7 18 19 1 10 14 15 23 29 32 15 3 5 1 2 13 2 3 0 0 1 1 2 4 6 0 0 0 1 0 0 0 0 0 0 0 0 0 1 
3 2 2 0 0 3 3 2 0 1 0 2 1 0 0 1 1 0 0 0 0 0 0 0 0 0 0 0 1 9 2 4 17 3 3 8 8 3 17 1 4 1 1 5 7 3 3 7 2 21 9 2 14 9 6 1 3 14 0 17 2 6 9 5 15 28 6 3 10 18 22 33 23 10 4 3 2 2 23 7 0 2 3 4 3 3 1 3 3 0 0 3 0 0 1 0 0 0 0 0 0 0 
0 4 0 0 1 0 2 1 0 0 0 1 0 0 0 0 1 0 0 0 0 0 0 0 0 0 0 0 3 2 4 6 17 6 5 1 5 1 3 1 5 0 2 2 3 2 5 0 0 4 4 1 2 2 1 3 4 1 0 6 2 0 2 2 12 24 12 12 3 5 20 9 3 8 1 1 0 0 15 0 1 0 2 3 0 1 0 3 0 0 0 1 2 0 0 0 0 0 0 0 0 0 
1 2 0 0 0 3 2 0 1 4 0 0 1 2 0 4 1 0 0 0 0 0 0 0 0 0 0 0 2 7 5 6 8 8 14 5 9 6 10 2 5 3 3 10 6 4 0 0 1 12 12 3 14 9 2 1 5 2 0 14 8 3 7 9 20 44 17 25 12 4 20 26 13 31 3 1 1 5 27 6 5 0 1 3 0 3 1 3 2 0 0 1 0 0 1 0 0 0 0 0 0 0 
0 0 3 0 0 2 3 4 1 3 0 2 1 1 3 1 1 1 2 0 0 0 0 0 0 0 0 0 4 9 1 4 14 6 10 2 13 9 20 8 5 1 6 5 1 6 4 1 2 21 4 5 7 3 3 3 4 3 0 7 6 3 2 3 21 27 13 27 13 28 4 40 10 13 6 2 0 3 23 3 1 4 1 2 4 1 1 12 0 0 0 5 1 1 0 0 0 0 0 0 0 3 
1 2 3 0 0 3 0 3 1 2 0 0 3 1 0 2 0 0 0 1 0 0 0 0 0 0 0 0 0 6 1 3 21 6 7 3 16 10 14 13 4 1 3 2 2 8 10 2 9 16 8 2 4 2 1 0 3 11 0 13 4 3 2 13 39 49 17 19 26 46 35 4 35 32 4 0 1 2 22 1 1 1 0 4 1 4 1 7 0 0 0 3 0 0 0 1 0 0 0 0 0 1 
2 1 6 0 0 1 7 2 6 6 3 1 1 1 2 1 1 1 2 0 1 0 0 0 0 0 0 0 0 10 3 9 18 7 13 13 20 11 29 15 20 1 3 16 8 18 7 2 0 27 22 9 16 9 7 1 10 12 0 19 11 1 6 18 32 68 24 27 9 34 23 44 4 16 4 7 1 1 25 9 6 2 1 11 5 1 4 18 2 0 0 4 2 2 1 0 1 1 1 0 0 1 
0 10 2 1 2 1 2 1 3 1 3 2 4 0 1 2 2 0 0 0 0 0 0 0 0 0 0 0 1 2 1 1 17 19 4 5 15 5 15 15 11 0 4 8 11 12 5 5 6 37 16 14 23 7 5 3 7 10 0 23 12 3 3 4 23 41 10 34 15 38 20 31 17 4 9 3 1 3 60 3 0 1 13 6 7 5 3 23 4 0 0 9 0 1 0 1 0 1 0 0 0 4 
0 2 0 0 1 1 1 0 2 6 1 2 2 3 2 6 6 1 1 1 0 0 1 8 1 0 0 2 2 4 0 3 15 6 2 1 1 2 9 5 0 3 11 8 12 6 10 2 3 34 5 6 11 5 0 2 3 10 0 10 1 1 2 5 4 12 1 6 1 7 9 3 0 5 3 8 6 13 111 15 14 5 10 53 21 15 11 60 6 0 0 7 1 2 2 6 3 7 3 1 2 12 
0 1 1 0 0 2 3 1 2 3 0 3 4 5 1 3 1 3 0 1 0 0 2 3 1 0 0 2 0 6 2 4 21 2 4 0 9 0 6 8 2 0 8 21 4 11 6 4 5 52 7 2 8 5 6 0 6 10 0 2 6 3 0 5 8 8 0 5 1 3 2 4 1 2 5 4 7 12 143 35 13 8 16 58 19 18 8 50 9 0 0 13 3 4 3 5 3 12 2 0 1 25 
1 0 1 0 0 0 2 0 0 1 0 0 0 1 1 1 1 0 2 0 0 0 0 1 2 0 0 0 0 0 1 4 1 1 0 0 0 0 2 0 1 0 0 1 2 3 0 3 1 3 0 2 2 2 0 0 3 1 0 2 3 2 0 2 0 4 0 1 0 1 1 1 0 0 8 21 0 5 35 7 6 2 3 14 6 1 2 9 1 0 0 0 0 1 1 1 0 2 1 1 0 2 
2 1 1 0 0 1 2 0 0 0 0 1 0 6 2 4 3 2 3 0 0 0 1 0 1 0 0 2 0 5 0 0 10 1 0 4 4 1 2 7 4 0 10 10 0 6 3 3 3 16 2 5 5 5 0 3 3 12 0 5 4 1 1 8 5 2 3 5 0 2 0 1 8 2 11 17 8 5 92 23 9 4 11 45 16 6 12 26 7 0 0 8 4 4 3 4 0 5 1 0 2 12 
19 13 14 1 5 15 8 8 13 19 3 8 14 23 15 28 21 12 10 8 2 2 6 21 10 1 0 18 14 42 10 20 61 20 16 5 24 8 42 14 16 5 19 54 12 18 29 10 15 99 118 80 157 58 50 15 77 107 0 55 13 7 9 27 37 56 20 21 13 30 24 15 19 33 241 140 46 72 11 60 86 34 81 218 71 52 34 122 25 0 0 43 12 27 9 10 0 31 18 2 1 35 
2 1 1 0 0 2 0 0 0 3 1 0 2 4 2 4 0 3 2 0 2 0 1 3 2 0 0 2 1 6 1 0 5 4 1 0 1 2 2 7 10 3 10 17 3 8 11 3 2 20 6 5 11 7 3 1 9 10 0 2 2 1 0 3 3 18 3 4 1 1 3 4 2 7 24 21 3 23 78 9 19 11 18 130 35 13 12 49 8 0 0 16 3 14 4 8 5 10 12 0 0 15 
2 1 2 1 0 0 1 0 3 1 2 0 1 0 0 0 2 1 0 0 0 0 0 2 0 0 0 2 3 9 2 3 4 1 0 2 0 2 2 1 7 4 9 13 4 9 8 4 5 41 4 1 12 6 3 3 5 10 0 1 3 1 3 4 3 3 3 1 1 1 1 3 3 5 19 8 6 7 118 28 4 10 12 100 76 21 5 42 9 0 0 21 7 8 11 6 0 11 5 1 1 9 
3 4 0 0 0 2 0 0 0 0 0 0 0 2 1 1 1 0 0 0 1 0 0 2 2 0 0 0 1 4 2 4 10 1 0 1 3 4 3 7 2 1 14 22 8 12 20 5 8 43 3 3 5 0 0 0 1 2 0 0 0 0 0 4 3 7 5 1 4 2 1 3 0 1 7 6 2 7 32 10 16 4 10 50 41 16 15 73 11 0 0 15 2 14 6 11 0 11 15 0 4 28 
2 2 1 0 0 3 0 0 0 0 0 0 0 0 0 0 0 0 0 0 1 1 2 0 1 0 0 0 0 3 1 0 6 2 0 0 2 5 1 3 3 3 13 17 5 15 5 3 6 38 2 8 6 5 9 1 4 10 0 1 0 0 0 1 6 6 0 3 0 2 1 4 3 4 11 9 1 10 57 14 22 1 5 104 44 27 6 40 8 0 0 31 2 5 6 3 0 9 11 1 2 15 
6 7 6 0 1 1 1 5 2 5 2 1 0 3 0 2 2 0 1 1 0 0 0 3 0 0 0 4 6 11 4 7 12 4 6 2 9 3 23 12 15 2 50 56 22 53 21 24 10 144 26 14 35 10 10 4 9 35 0 24 1 2 3 1 4 10 2 2 2 7 5 5 6 8 102 60 12 88 216 126 87 32 146 21 129 100 41 176 38 0 0 41 13 22 23 11 4 35 26 4 3 64 
1 1 1 1 0 0 1 1 0 3 0 1 0 0 0 0 0 0 0 0 0 0 0 0 0 0 0 0 2 1 4 3 7 1 1 1 2 2 1 13 8 1 19 30 6 16 14 9 5 25 5 7 8 8 2 2 8 12 0 2 0 0 3 0 2 7 2 1 0 0 1 4 3 3 4 16 4 15 43 37 32 13 35 147 6 44 13 47 10 0 0 31 4 12 7 13 2 8 5 0 3 21 
8 8 6 0 0 0 5 0 3 1 1 4 2 0 0 4 2 7 0 0 1 5 1 11 2 0 0 3 6 16 5 10 46 6 9 6 24 14 28 8 11 11 60 111 25 56 34 18 13 118 12 10 19 6 2 6 9 18 0 7 5 2 3 2 5 1 2 2 0 3 9 5 2 0 20 13 3 14 47 22 24 19 16 89 35 11 26 99 46 0 0 82 22 24 28 17 9 36 20 1 2 55 
1 7 6 0 0 1 3 0 2 4 0 1 0 1 4 3 7 5 1 1 0 1 3 5 0 0 0 2 6 4 3 12 21 9 2 6 24 8 27 7 21 13 39 64 11 23 20 6 6 63 5 8 10 3 2 1 3 4 0 7 2 1 0 0 3 7 3 0 1 2 3 5 2 1 13 7 1 6 30 9 11 7 19 32 35 28 5 50 27 0 0 55 26 23 17 18 5 7 13 0 1 34 
38 27 25 4 6 8 25 10 5 12 4 6 11 8 6 15 28 18 12 7 15 9 6 46 19 1 1 70 9 85 23 43 347 16 31 33 84 96 182 46 51 16 95 164 70 147 122 78 96 554 41 25 91 16 5 7 14 23 0 24 3 8 4 3 7 13 5 2 2 9 11 18 11 13 62 32 8 40 154 49 55 44 63 172 93 110 98 28 53 0 0 227 31 66 44 76 16 65 73 12 18 429 
2 5 9 0 1 2 4 1 5 0 1 0 0 1 0 4 4 4 2 1 6 0 1 5 2 0 0 8 2 19 4 18 26 11 3 9 26 26 45 18 19 4 62 88 32 37 22 8 11 63 5 3 11 2 0 1 8 2 0 4 1 1 0 1 2 4 2 3 0 0 0 3 3 1 7 3 2 16 25 9 13 8 12 34 15 45 22 66 5 0 0 67 14 18 8 34 5 20 8 2 4 60 
0 0 0 0 0 0 0 0 0 0 0 0 0 0 0 0 0 0 0 0 0 0 0 0 0 0 0 0 0 0 0 0 0 0 0 0 0 0 0 0 0 0 0 0 0 0 0 0 0 0 0 0 0 0 0 0 0 0 0 0 1 0 0 0 0 0 0 0 0 0 0 0 0 0 0 0 0 0 0 0 0 0 0 0 0 0 1 0 0 0 0 0 0 0 0 0 0 0 0 0 0 0 
0 0 0 0 0 0 0 0 0 0 0 0 0 0 0 0 0 0 0 0 0 0 0 0 0 0 0 0 0 0 0 0 0 0 0 0 0 0 0 0 0 0 0 0 0 0 0 0 0 0 0 0 0 0 0 0 0 0 0 0 0 0 0 0 0 0 0 0 0 0 0 0 0 0 0 0 0 1 0 0 0 0 0 0 0 0 0 0 0 0 0 0 0 0 0 0 0 0 0 0 0 0 
6 9 4 0 3 2 13 6 2 1 3 10 13 10 7 8 6 10 3 1 2 1 0 7 1 1 0 10 6 44 10 27 64 30 32 15 95 73 156 48 58 12 90 199 62 143 103 40 71 312 20 10 20 9 7 1 9 8 0 8 4 9 2 8 10 8 5 2 3 0 4 6 1 0 16 12 2 11 59 21 33 30 16 76 69 80 57 186 60 0 0 13 29 60 41 85 19 52 32 11 5 117 
0 2 1 0 0 0 3 2 4 2 2 3 1 1 3 1 1 3 0 1 0 0 0 0 0 0 0 1 2 8 0 9 13 4 7 2 38 15 23 13 13 6 39 81 26 29 22 12 7 38 1 1 2 0 0 0 2 1 0 2 0 3 0 2 2 0 1 0 0 0 2 1 0 0 3 12 1 7 10 8 9 7 9 17 10 24 17 66 21 0 0 66 1 15 2 18 0 24 16 1 1 18 
5 2 1 0 0 0 1 1 1 2 0 2 9 3 4 1 2 0 0 1 0 0 0 1 0 0 0 7 5 9 6 8 15 4 10 4 17 5 24 11 19 4 25 73 23 26 27 13 14 64 1 8 10 6 2 0 3 6 0 1 1 2 0 4 2 1 0 0 0 0 0 1 0 0 11 3 2 4 20 11 10 11 13 20 11 22 12 49 22 0 0 57 16 10 4 15 7 15 9 4 2 50 
0 0 0 0 0 0 2 0 0 1 0 0 3 2 0 2 1 0 0 0 0 1 0 2 0 0 0 0 3 8 1 2 16 4 9 5 11 6 15 6 13 2 21 38 20 26 20 8 17 45 4 1 2 3 1 1 1 2 0 1 1 1 0 0 2 2 0 1 0 0 1 0 1 1 6 7 0 4 20 9 5 6 9 21 11 19 21 37 12 0 0 30 13 10 6 13 0 13 17 6 1 46 
3 1 1 0 1 4 0 1 1 2 0 2 2 1 3 2 1 0 0 2 0 0 1 2 2 0 0 5 2 13 3 2 28 2 5 5 22 5 34 11 10 4 39 95 10 27 20 10 12 79 5 3 6 2 0 0 1 3 0 1 0 4 0 2 1 0 0 0 1 1 0 1 2 0 4 1 2 4 11 1 6 6 6 19 5 10 12 72 21 0 0 67 15 15 6 7 5 14 6 3 5 47 
0 0 1 0 0 0 0 1 2 0 0 0 0 0 0 0 0 0 0 0 0 0 0 0 0 0 0 0 0 2 0 1 5 3 1 1 6 0 3 0 2 0 2 14 3 12 7 0 1 11 6 0 4 0 0 0 0 0 0 0 0 0 0 0 0 0 0 0 0 0 0 0 1 0 1 2 0 0 2 5 0 0 1 6 0 9 5 15 2 0 0 8 1 0 0 5 0 2 0 0 0 2 
0 1 1 0 1 1 0 0 4 2 0 1 0 2 0 0 0 0 0 1 0 0 0 1 0 0 2 0 2 4 2 1 7 1 2 1 11 5 29 10 6 1 27 28 16 21 11 7 5 57 7 1 11 5 0 2 4 1 0 3 1 0 0 0 0 0 0 0 0 1 0 1 0 1 4 2 1 0 9 5 4 3 10 31 5 24 9 39 5 0 0 44 6 3 12 17 1 3 7 1 1 26 
0 3 2 0 0 0 1 1 1 3 0 0 0 2 0 1 1 0 1 0 1 0 0 2 2 0 1 0 0 10 1 6 9 3 2 2 6 9 27 3 4 0 17 27 8 21 13 4 13 45 4 2 8 0 3 0 0 4 0 0 1 2 0 1 0 0 1 0 0 0 0 0 0 0 5 8 0 2 13 6 3 8 4 21 8 19 3 38 10 0 0 42 1 4 12 4 0 6 4 3 0 17 
1 0 0 0 1 0 0 0 0 0 0 0 1 1 0 1 0 0 0 0 0 0 0 0 0 0 0 0 0 0 0 1 6 0 2 2 4 1 9 0 1 0 6 3 3 10 4 1 0 13 0 0 0 0 0 0 1 0 0 1 0 0 0 0 0 0 0 0 0 0 0 0 0 0 0 1 0 3 1 1 0 2 5 2 0 6 0 12 3 0 0 6 3 2 1 2 0 0 1 1 0 6 
0 0 4 2 0 0 0 0 0 0 0 0 0 0 0 0 1 0 0 0 0 0 0 1 0 0 0 0 0 4 0 0 1 1 0 1 0 0 2 0 1 0 4 4 6 2 3 3 3 7 0 0 1 0 2 0 0 3 0 0 0 0 0 0 0 0 0 0 0 0 0 0 0 0 0 2 0 1 7 3 0 1 0 4 2 3 2 9 3 0 0 7 5 3 3 4 1 1 1 4 4 2 
13 14 12 2 7 6 10 9 5 9 1 9 7 2 3 3 15 7 2 3 6 0 0 5 0 0 0 11 4 41 10 25 68 10 14 17 27 31 51 32 28 6 103 70 51 100 62 47 67 298 15 16 24 11 2 3 7 8 0 5 2 0 1 3 0 1 1 2 0 0 2 3 2 3 28 14 2 20 46 14 23 25 27 58 26 46 37 250 53 0 0 113 29 61 72 86 14 61 22 7 4 9 
