5 8 24 8 5 45 23 15 30 17 9 30 38 38 25 62 26 16 23 12 15 24 11 29 10 0 1 13 40 3 2 6 6 5 4 1 1 5 12 11 19 1 4 6 11 8 11 10 11 32 10 5 6 5 1 1 3 8 0 3 0 0 0 6 9 12 4 3 1 0 2 3 0 1 4 3 0 1 17 1 1 0 4 6 2 2 4 20 4 0 0 2 2 1 1 4 0 1 2 3 0 5 
6 10 18 11 15 52 34 28 38 34 8 48 35 55 37 53 23 20 32 16 9 16 8 17 7 3 0 18 62 7 6 3 2 3 4 3 2 2 18 13 18 1 5 12 11 14 4 13 11 50 14 2 11 7 5 2 8 10 0 1 4 0 2 6 6 15 5 1 7 3 9 5 1 2 2 5 0 14 19 3 2 6 8 5 3 6 4 20 3 0 0 3 0 7 1 4 1 0 3 0 1 6 
23 13 7 8 6 38 25 36 44 35 9 52 45 44 55 32 16 23 27 11 22 24 6 18 5 3 3 20 69 2 1 3 3 1 2 0 3 5 24 13 11 1 2 8 5 3 7 11 2 41 5 3 7 5 3 1 3 13 0 3 2 0 0 2 12 5 3 1 0 1 2 0 0 0 1 2 0 3 17 0 1 1 2 1 0 1 2 18 1 0 0 1 1 1 2 2 0 0 1 0 1 4 
3 5 17 0 2 5 9 5 2 2 2 3 2 8 2 3 4 1 1 4 3 0 8 3 3 0 0 2 31 1 0 0 0 0 1 0 0 2 0 0 0 1 0 1 1 0 0 1 2 5 0 0 1 0 1 0 0 0 0 0 1 1 0 0 0 0 0 0 0 1 0 1 1 3 0 0 0 0 1 0 0 0 0 0 2 0 0 2 1 0 0 0 0 0 0 0 0 0 0 0 0 1 
12 15 5 3 3 6 11 8 3 13 3 12 13 7 7 15 10 4 3 5 6 3 3 11 2 0 2 3 8 1 0 2 0 0 0 0 0 1 8 8 6 0 5 4 3 5 0 2 3 14 2 2 2 5 2 0 0 3 0 0 1 0 0 0 2 1 0 1 0 1 0 1 0 1 3 1 0 0 4 2 0 0 0 0 0 1 1 2 2 0 0 0 0 0 0 1 0 0 0 0 0 1 
40 52 64 40 16 4 9 61 46 110 78 80 197 154 62 64 31 30 34 16 9 22 12 24 8 2 2 16 63 19 1 0 6 4 1 0 0 10 24 22 13 1 6 5 11 5 4 0 19 17 13 2 0 3 1 0 6 21 0 3 12 0 4 3 3 14 1 5 1 0 6 4 1 4 2 7 0 2 14 1 4 2 2 4 0 6 1 7 4 0 0 4 2 1 2 0 2 0 0 0 0 0 
21 20 18 6 6 8 1 11 24 15 16 26 32 27 20 30 13 11 5 6 6 8 3 10 2 0 1 12 37 6 1 2 4 5 0 0 1 2 12 9 3 1 3 2 2 1 6 2 3 14 2 3 4 3 1 0 3 7 0 2 0 0 3 1 5 8 0 0 1 0 4 4 0 0 3 4 0 4 1 0 0 0 2 0 3 3 1 5 0 0 0 2 1 1 0 0 0 0 1 0 0 2 
24 30 23 15 7 23 24 8 19 11 11 36 48 21 45 80 22 24 17 17 14 13 8 17 7 2 0 15 23 1 1 2 1 2 1 0 1 6 18 22 3 0 2 3 2 9 5 0 1 24 9 5 2 6 4 0 7 9 0 3 0 0 0 1 5 10 3 9 2 0 1 0 3 3 7 7 0 4 15 0 0 2 0 2 3 3 0 8 1 0 0 0 0 2 1 0 0 2 1 0 1 1 
19 37 43 13 5 26 33 13 7 1 6 21 55 38 32 66 31 16 13 10 8 28 10 23 9 4 2 15 30 5 2 4 4 4 3 0 1 6 10 20 10 0 3 5 5 3 8 1 10 33 1 4 4 3 1 0 1 6 0 1 2 1 0 0 0 0 3 2 1 0 3 2 1 1 3 6 0 2 3 0 0 0 1 2 0 3 0 3 3 0 0 5 0 1 1 0 0 0 0 0 0 1 
11 17 20 2 4 18 18 3 4 1 5 11 24 24 22 63 13 27 14 17 16 9 6 10 10 0 6 14 17 2 0 1 0 1 1 0 0 4 11 6 1 0 5 0 0 2 0 0 3 12 12 7 12 8 3 1 3 12 0 1 1 1 2 1 3 2 2 0 1 5 4 5 3 3 8 4 0 3 13 1 0 0 1 6 1 0 1 5 1 0 0 0 0 0 0 1 1 1 1 0 0 1 
7 15 9 2 3 8 12 26 18 11 6 13 13 13 14 44 16 22 9 10 8 6 5 24 2 0 1 9 6 1 0 0 0 0 1 0 0 1 7 3 4 0 1 1 2 1 5 3 10 11 3 1 2 0 0 0 0 6 0 2 0 0 0 0 2 2 0 0 1 0 0 1 0 3 2 5 0 0 4 0 0 0 0 0 0 0 0 2 3 0 0 0 0 4 1 2 0 0 0 0 0 1 
23 55 36 5 10 43 43 46 24 22 5 5 25 33 35 96 43 23 20 28 20 19 10 31 17 2 1 32 17 6 2 13 4 3 1 0 2 9 22 18 1 0 0 2 8 4 7 8 13 27 5 7 11 7 2 0 4 5 0 2 0 0 0 0 0 5 0 2 0 1 4 4 1 4 2 1 0 1 8 0 0 0 0 0 0 0 1 4 6 0 0 3 1 3 1 3 1 4 0 0 1 2 
18 37 35 6 17 58 84 67 80 34 24 19 6 43 41 84 63 28 32 23 29 24 19 51 21 2 3 27 16 10 2 8 2 3 3 4 0 11 24 19 7 1 3 2 5 5 3 6 3 20 8 2 5 1 4 0 9 9 0 14 2 1 1 0 2 1 0 2 0 0 1 3 1 3 5 3 0 1 18 2 0 1 0 0 0 2 0 7 1 0 0 1 0 0 1 1 0 1 0 0 0 2 
49 92 76 15 20 79 93 73 112 75 29 58 41 10 10 73 105 88 52 56 68 68 39 91 38 10 15 91 24 6 0 6 0 0 2 2 0 6 16 16 13 2 5 4 2 3 1 4 4 26 8 9 20 13 5 4 11 24 0 4 7 0 0 0 0 0 0 0 0 0 4 0 0 0 11 7 2 15 37 5 0 1 0 0 0 0 1 3 1 0 0 6 0 1 2 1 1 5 1 1 0 1 
23 54 62 11 15 70 70 62 60 43 23 34 38 13 9 38 45 22 34 27 52 53 55 82 22 2 15 108 7 4 4 5 9 0 5 1 2 3 14 5 9 1 8 3 4 2 1 2 1 11 3 4 9 7 7 1 8 9 0 3 2 0 1 0 0 0 0 0 0 0 0 0 0 1 4 4 0 6 17 1 1 0 0 0 0 0 0 4 2 0 0 2 0 2 1 1 0 0 0 1 0 0 
57 81 51 13 20 59 74 69 71 75 44 65 82 51 21 16 82 96 49 75 143 99 108 189 49 6 21 134 17 51 7 37 24 17 13 17 26 4 12 32 21 4 17 14 22 13 14 11 21 85 17 6 17 11 3 3 14 12 0 7 4 0 3 1 3 4 1 5 0 0 5 1 1 2 6 7 0 5 40 2 1 3 1 0 1 0 4 22 7 0 0 11 1 5 1 5 1 2 1 1 0 2 
28 39 45 24 23 44 48 45 55 38 16 42 92 90 36 123 10 50 57 109 283 114 149 297 70 17 96 118 11 68 12 44 26 14 24 16 20 14 50 50 29 6 12 30 15 39 12 16 25 57 10 5 20 4 3 1 8 17 0 8 1 0 2 1 0 0 0 0 0 0 5 1 0 1 7 5 0 8 36 1 0 0 0 0 0 4 6 23 6 0 0 11 0 1 0 2 2 2 1 2 0 3 
8 21 11 1 6 22 19 12 30 38 12 32 48 80 34 111 46 4 30 45 52 32 71 89 24 5 17 61 12 35 13 19 16 7 14 13 3 9 58 18 30 4 8 11 29 23 18 11 21 61 2 2 7 3 5 0 11 16 0 1 0 0 2 2 1 0 0 0 0 1 1 0 0 1 3 0 0 1 20 7 1 1 0 0 0 1 1 11 3 0 0 4 0 2 1 0 0 0 0 0 0 1 
18 35 23 2 8 21 23 31 16 27 9 45 52 76 40 113 63 45 3 24 55 28 42 77 18 11 16 50 10 17 16 20 6 12 15 5 7 13 38 18 10 2 2 16 18 9 10 14 9 44 2 9 3 4 1 0 6 9 0 2 2 0 0 1 1 1 0 0 1 0 0 0 2 0 4 3 0 3 14 1 0 0 0 1 0 3 3 4 2 0 0 7 0 1 0 0 0 0 0 0 0 4 
10 13 12 1 2 12 10 8 13 13 13 17 14 19 12 60 26 8 10 10 8 12 15 33 19 9 27 73 2 13 0 6 4 5 5 3 1 4 28 9 12 0 1 1 3 5 0 3 7 17 2 0 0 1 2 1 2 4 0 1 0 0 0 0 0 0 0 0 0 0 0 1 0 0 0 1 2 0 4 0 0 0 0 0 0 0 0 4 0 0 0 2 0 0 0 0 0 0 0 0 0 1 
5 9 11 2 5 7 5 13 11 18 4 15 24 38 34 85 50 20 46 3 11 9 24 41 19 8 33 115 1 6 2 0 1 1 10 1 7 8 26 10 7 1 3 1 5 10 7 3 5 21 0 0 0 0 0 1 1 2 0 0 0 0 0 1 0 0 0 0 0 0 0 0 0 0 0 1 0 2 1 2 6 0 1 0 0 0 2 6 1 0 0 1 0 0 0 0 0 0 0 0 0 1 
2 7 9 0 2 10 10 5 12 22 3 16 27 36 20 41 43 17 29 5 9 2 16 28 13 6 26 63 4 5 1 2 1 1 1 5 3 6 19 2 4 1 2 5 2 4 2 3 6 8 2 1 0 0 0 0 0 0 0 1 0 0 0 0 0 0 0 0 0 0 0 0 0 0 3 2 0 0 2 0 0 0 0 0 0 0 1 2 0 0 0 0 0 1 0 0 0 0 0 0 0 0 
3 3 1 3 1 7 4 1 4 11 5 12 8 15 10 80 26 21 16 10 18 4 2 11 8 4 6 69 0 1 1 0 6 2 4 1 6 2 12 8 3 1 3 0 2 3 1 4 4 6 2 0 2 2 1 0 0 0 0 0 0 0 0 0 0 0 0 0 0 0 0 0 0 0 1 2 0 1 1 1 0 0 0 1 0 0 0 4 1 0 0 1 0 0 0 0 0 0 0 0 0 0 
10 13 5 2 7 5 11 9 11 20 7 20 28 28 26 99 60 42 28 18 27 13 13 5 7 29 52 115 4 3 1 4 8 5 8 3 11 5 38 13 12 2 7 5 7 7 10 4 9 30 9 3 4 2 0 1 1 4 0 1 2 0 0 1 1 0 0 0 0 0 0 0 0 0 1 4 0 4 9 1 0 0 0 1 1 2 1 21 5 0 0 0 0 0 0 0 0 0 2 0 0 1 
15 26 12 3 4 9 13 12 18 19 1 18 18 22 15 75 23 23 38 16 27 18 14 11 2 8 13 56 1 7 11 4 13 6 10 6 1 6 29 12 18 0 3 6 22 14 4 9 8 66 7 7 9 8 0 3 0 6 0 1 1 1 0 1 1 0 2 0 1 0 0 0 0 0 6 4 0 9 10 1 2 1 0 0 1 0 2 30 3 0 0 3 4 1 0 1 0 2 0 0 0 0 
0 3 2 2 1 4 0 1 2 1 0 4 0 1 5 9 7 10 9 11 19 11 10 30 1 3 2 20 0 2 0 1 0 2 0 0 0 4 0 0 1 0 1 2 0 0 0 4 2 2 2 0 2 0 0 0 1 0 0 0 0 1 0 0 0 0 0 0 0 0 0 0 0 0 0 1 0 0 3 0 0 0 0 0 0 0 0 2 0 0 0 0 0 0 0 0 0 0 1 0 0 0 
0 1 0 0 1 0 0 0 0 1 2 4 0 3 1 10 4 2 5 0 20 10 5 19 4 2 3 13 2 0 0 0 0 0 0 0 2 1 0 0 1 0 1 0 0 0 0 0 0 1 0 0 1 0 1 0 0 0 0 0 0 0 0 0 0 0 0 0 0 0 0 0 0 0 0 0 0 0 0 0 0 0 0 0 0 0 0 2 0 0 0 0 0 1 0 0 0 0 0 0 0 0 
16 21 9 4 16 23 8 26 17 47 9 25 47 63 45 130 52 39 57 81 90 110 100 95 55 6 56 4 4 4 3 8 14 3 7 7 11 19 32 22 39 6 11 13 16 19 18 9 12 102 6 2 9 0 5 4 5 7 0 1 2 0 1 3 0 2 0 1 0 0 0 0 0 0 6 2 1 6 17 2 1 2 0 3 1 3 1 29 11 0 0 2 0 0 2 5 0 2 0 0 0 3 
92 109 136 15 10 84 52 49 52 30 10 63 39 33 42 78 19 24 29 13 22 19 2 16 7 0 0 15 1 3 0 4 4 1 7 1 1 17 18 18 17 2 2 3 9 21 26 2 15 54 1 4 17 12 8 4 1 12 0 3 2 0 1 6 7 6 3 9 6 9 5 1 0 1 3 3 0 4 19 1 3 1 1 5 6 5 2 12 2 0 0 6 3 5 0 2 2 0 3 0 1 8 
0 4 0 1 2 12 7 2 3 1 6 10 9 4 6 18 37 14 11 8 5 2 2 9 1 0 0 3 0 15 106 148 129 57 97 89 172 144 196 136 97 12 37 44 42 42 46 26 22 233 5 10 10 15 6 2 5 9 0 4 0 2 4 10 12 24 10 9 5 15 10 4 0 0 11 2 5 2 30 8 2 2 3 4 5 11 3 54 15 0 0 18 7 6 6 8 1 8 8 2 0 9 
1 0 1 0 0 1 0 0 3 1 1 4 2 0 7 2 10 1 2 3 5 0 1 4 0 0 0 6 0 118 7 59 58 20 34 19 70 42 80 54 18 6 10 7 20 8 9 3 12 44 2 1 8 6 0 0 1 4 0 2 0 1 7 11 10 9 1 4 0 2 4 5 0 0 3 3 0 2 12 2 0 0 1 1 0 2 0 20 5 0 0 0 2 5 0 6 0 3 1 0 0 1 
2 2 3 0 0 1 6 4 4 2 1 3 5 0 1 19 28 7 7 4 1 1 4 3 2 0 1 10 1 231 107 15 66 47 95 68 149 114 179 84 80 11 43 20 45 46 27 31 46 137 6 4 5 7 5 2 4 14 0 6 4 0 5 5 19 19 5 11 9 6 2 1 0 1 7 11 2 4 25 6 4 2 2 3 1 7 10 35 17 0 0 13 8 10 3 8 1 2 1 0 10 11 
15 15 4 2 0 11 12 8 11 15 8 9 14 3 8 46 74 32 15 13 13 17 20 29 22 4 5 35 1 332 183 124 15 44 112 125 231 178 265 246 193 41 107 87 148 159 106 120 145 683 48 37 73 20 15 6 25 30 0 17 6 2 0 5 26 31 14 12 11 18 43 38 7 8 29 18 3 11 69 16 15 3 7 5 8 23 16 223 34 0 0 39 12 20 17 38 1 7 3 1 5 15 
7 4 6 0 0 3 3 5 1 0 1 3 4 0 1 9 17 15 4 5 5 11 5 5 2 0 2 17 1 166 52 74 12 4 33 19 64 66 120 64 32 14 29 22 25 38 16 23 27 65 8 5 12 12 2 2 14 10 0 7 2 1 1 4 11 23 3 15 5 23 13 13 7 12 10 1 0 7 31 6 1 0 4 5 1 4 4 26 11 0 0 16 6 9 5 8 1 4 4 1 0 9 
2 7 2 0 0 9 9 5 1 1 0 3 8 2 1 15 36 17 17 13 4 13 8 26 8 0 3 20 3 339 108 179 84 34 15 26 134 118 178 209 83 12 53 54 65 51 46 64 49 191 6 8 16 18 5 3 15 15 0 6 2 0 3 13 6 13 8 10 13 11 23 31 6 3 12 7 1 4 38 7 4 0 1 1 0 14 3 49 49 0 0 20 14 18 8 29 4 21 12 1 1 11 
1 1 5 0 1 1 0 1 3 2 0 1 1 0 3 9 16 8 5 6 14 6 2 17 7 0 5 6 0 180 66 100 57 25 23 9 96 92 142 78 49 5 29 11 23 35 18 19 20 93 5 8 3 4 0 0 3 6 0 5 1 1 4 13 6 13 7 3 5 3 11 12 10 1 4 0 0 2 5 0 0 0 0 0 0 4 1 28 9 0 0 12 4 3 3 10 0 4 6 0 0 4 
5 7 3 3 1 0 1 2 4 2 1 1 1 0 1 44 27 22 16 7 7 10 18 25 9 4 4 20 2 491 226 317 161 103 129 112 18 170 425 403 167 49 103 104 130 133 104 104 113 379 10 19 25 14 7 3 12 6 0 1 2 0 19 29 22 23 12 40 15 11 45 43 8 7 6 2 1 5 11 0 1 1 0 1 3 16 20 88 37 0 0 52 41 42 16 52 2 32 20 4 3 31 
8 9 11 0 6 5 5 14 4 4 3 7 7 3 3 4 15 13 7 10 18 12 12 16 10 0 3 14 5 222 74 215 77 67 66 54 79 30 116 185 97 18 48 61 82 72 64 62 59 204 1 1 6 4 3 0 4 2 0 1 0 1 5 13 8 6 1 8 2 1 8 9 3 5 4 1 0 0 8 0 2 1 0 0 5 7 8 58 35 0 0 24 12 10 6 22 2 9 8 1 5 12 
20 25 23 8 8 38 19 31 38 37 15 47 30 21 4 5 48 50 27 40 52 33 36 102 33 4 3 76 17 319 126 296 170 113 140 111 292 99 26 565 281 27 116 116 170 197 120 153 153 602 18 16 40 12 8 4 17 11 0 1 1 6 13 20 46 28 10 23 6 8 43 34 5 7 25 4 3 8 50 10 9 4 6 7 11 45 29 143 47 0 0 83 20 37 15 51 5 26 47 9 6 37 
14 16 20 1 1 15 16 12 21 17 10 32 24 8 11 12 31 18 9 22 13 5 4 28 12 2 0 41 5 159 43 109 63 47 77 63 179 147 434 21 33 14 42 97 95 117 71 110 130 330 4 7 16 9 2 2 8 7 0 5 3 2 5 10 13 10 3 4 2 0 12 7 3 11 5 1 1 3 28 8 9 7 7 9 16 9 7 52 33 0 0 58 7 22 6 28 3 9 8 6 3 17 
5 11 14 3 0 9 16 1 12 9 5 8 18 6 4 10 32 17 4 19 16 9 7 22 6 2 4 22 4 84 23 99 36 28 42 47 95 94 215 31 11 21 18 51 43 94 61 78 72 247 1 2 8 4 0 2 0 8 0 0 0 0 4 8 10 7 2 1 0 2 6 10 2 4 11 1 1 4 10 5 5 2 13 6 7 14 14 22 17 0 0 44 7 4 6 29 4 9 7 2 1 10 
3 3 2 1 0 4 1 6 9 1 0 4 5 2 0 3 6 4 1 0 2 0 4 0 2 0 0 3 1 4 1 12 6 4 7 4 28 12 35 18 18 5 4 43 18 25 12 15 13 53 1 0 0 0 1 0 0 0 0 0 0 0 0 2 0 1 0 1 0 0 0 0 0 0 1 0 0 1 1 0 1 0 3 5 9 3 8 11 15 0 0 8 1 5 4 9 0 2 0 1 0 2 
6 17 14 0 2 6 14 5 4 9 1 14 8 6 7 5 28 16 6 5 7 10 6 13 4 1 0 8 0 77 26 62 49 48 35 27 82 85 156 136 49 26 13 40 78 138 73 90 136 309 12 9 13 5 4 4 3 10 0 2 1 0 2 5 17 12 5 7 2 2 11 3 2 3 18 17 2 17 26 29 32 20 27 70 51 77 55 153 59 0 0 61 36 60 42 151 11 87 55 14 8 57 
8 20 9 2 2 7 10 6 11 5 8 5 11 6 9 20 20 25 9 7 11 13 8 14 12 1 4 31 1 104 31 72 41 53 33 23 68 114 159 193 84 53 96 25 147 234 124 233 311 541 10 9 14 13 2 2 12 12 0 6 1 1 2 15 4 9 5 6 1 6 9 5 2 3 40 21 3 34 60 32 35 28 41 108 59 127 102 228 106 0 0 203 69 102 75 232 25 134 46 8 8 89 
4 15 8 2 5 10 13 10 19 9 4 7 1 4 3 15 27 21 19 4 12 3 6 12 13 4 2 21 1 78 22 69 40 25 26 31 66 77 99 83 45 38 46 114 16 151 67 111 193 399 6 4 10 3 2 0 1 7 0 1 1 0 1 4 14 7 2 3 3 3 12 6 0 4 5 9 1 8 14 5 17 4 8 18 23 51 32 51 19 0 0 54 14 37 14 55 6 38 43 10 2 25 
12 16 9 5 5 10 24 17 16 11 6 17 16 6 8 11 29 23 11 5 15 14 7 33 15 4 3 35 3 83 42 67 61 45 50 39 133 118 201 187 132 31 88 244 140 17 104 403 424 857 6 8 22 7 1 2 13 6 0 4 1 3 4 12 10 21 7 6 4 3 18 11 3 2 21 12 4 6 33 27 17 18 18 51 42 79 73 190 50 0 0 137 30 58 48 69 13 64 51 10 8 70 
18 7 16 0 4 7 9 10 7 7 5 8 10 4 7 2 32 23 10 11 10 7 9 25 16 0 3 22 0 74 13 67 62 26 27 20 71 71 136 150 64 21 38 111 87 158 7 230 257 411 7 10 11 8 0 2 7 4 0 0 1 1 2 7 7 7 3 5 0 2 9 12 1 3 14 11 2 14 32 17 14 9 10 28 22 46 44 158 21 0 0 65 13 47 26 41 16 43 31 7 5 30 
6 4 3 1 3 3 2 2 2 5 0 10 4 2 1 3 4 5 4 1 9 8 4 3 4 0 2 13 0 19 6 22 27 7 12 5 38 30 78 56 33 6 32 69 69 197 53 16 121 441 8 0 2 2 1 3 1 1 0 2 0 0 0 1 3 6 0 0 0 1 1 1 1 0 10 2 2 3 10 6 2 3 2 15 8 25 6 78 17 0 0 33 4 13 19 26 16 12 21 4 3 21 
3 4 5 0 2 1 6 4 8 5 2 3 6 2 2 4 8 7 3 5 1 4 1 4 3 0 0 14 0 30 6 19 20 15 14 8 32 28 52 64 28 5 36 77 56 124 84 116 8 388 3 0 3 2 1 1 1 2 0 1 0 1 1 5 1 3 3 3 2 0 3 3 1 2 8 6 0 4 7 7 3 8 5 17 5 14 8 68 3 0 0 38 3 18 6 27 3 26 18 0 1 16 
39 67 55 10 17 40 41 43 25 38 18 49 54 39 21 39 86 53 32 35 65 33 48 92 42 2 11 117 2 335 120 210 268 125 133 121 286 315 515 464 328 41 180 398 358 536 284 798 838 45 37 33 77 24 5 7 14 27 0 3 1 3 8 28 37 48 11 30 4 13 38 26 16 13 58 54 2 45 96 67 58 40 49 131 68 162 93 605 88 0 0 188 36 143 95 123 21 161 141 19 14 112 
5 7 3 0 4 10 2 5 5 3 4 7 3 8 5 8 9 2 7 1 3 0 4 5 6 2 2 22 0 13 3 12 20 8 4 4 10 0 12 6 4 0 6 9 4 7 7 4 5 54 6 7 45 28 8 8 21 31 0 28 7 1 2 22 12 23 6 9 4 10 9 16 15 13 11 10 2 7 67 10 5 3 9 16 4 8 5 36 5 0 0 7 1 2 8 5 1 4 8 0 0 4 
6 4 0 1 0 2 1 1 0 6 3 8 0 7 4 6 6 2 5 3 0 2 3 4 2 0 0 4 0 6 4 4 5 12 4 1 3 0 5 5 1 0 1 6 5 2 4 7 8 25 6 4 42 26 8 6 18 23 0 12 2 2 2 19 4 11 2 5 2 3 6 7 0 8 5 5 0 10 57 2 4 1 4 7 7 10 4 21 4 0 0 1 1 3 3 1 0 2 6 1 0 2 
4 5 7 2 5 12 9 5 5 2 1 5 8 5 8 8 8 3 1 3 1 7 10 9 7 0 0 13 1 20 10 10 19 10 5 4 0 3 21 20 2 1 4 11 7 11 12 11 8 54 69 32 9 27 19 9 19 34 0 31 3 3 4 22 19 29 10 24 3 21 13 15 10 13 11 17 5 32 108 16 17 1 6 30 7 17 10 57 5 0 0 8 0 7 3 5 0 5 12 1 0 14 
5 9 2 1 1 2 8 7 1 2 2 3 9 3 2 15 8 6 5 2 0 0 1 6 4 0 0 6 5 16 7 8 4 9 9 4 2 1 10 4 2 0 0 2 2 3 6 5 2 15 21 21 29 6 13 7 3 14 0 26 12 0 1 8 10 12 3 9 2 25 9 5 5 7 7 4 5 13 64 5 5 0 2 16 5 12 3 14 3 0 0 4 1 5 0 4 2 5 5 0 0 3 
0 2 6 0 0 2 2 0 1 4 2 2 3 4 1 3 2 2 0 0 1 2 1 2 2 1 0 4 2 4 2 4 2 3 0 0 2 0 1 1 1 0 2 0 3 3 0 1 1 7 17 10 24 2 1 0 6 11 0 10 4 0 3 5 5 13 0 3 6 8 3 2 7 1 3 8 2 3 72 5 3 1 2 5 5 5 3 17 3 0 0 2 0 0 0 2 0 7 3 0 0 1 
1 2 2 0 3 3 3 4 2 3 2 1 2 1 2 2 3 1 0 0 0 1 2 3 1 0 0 0 0 9 3 7 3 5 3 2 1 1 2 3 1 0 2 3 2 1 0 4 3 5 10 5 12 6 1 0 5 17 0 12 7 3 4 4 8 5 3 8 1 7 9 1 3 8 3 9 4 6 69 1 3 0 4 6 3 1 3 8 3 0 0 0 0 2 1 0 0 1 4 3 2 1 
2 4 5 0 0 5 4 4 2 5 5 10 4 0 2 11 3 1 0 1 2 4 3 6 5 2 0 1 0 8 2 7 6 7 5 5 3 3 2 5 0 1 0 3 3 1 7 2 12 12 33 17 24 13 12 8 3 11 0 16 1 1 4 4 17 11 4 8 0 12 6 7 2 9 14 17 1 14 79 2 1 0 3 17 11 7 5 22 3 0 0 12 0 4 0 4 0 3 1 0 0 5 
4 6 7 0 2 10 9 8 4 13 2 10 8 9 0 9 6 5 3 2 4 7 2 4 5 0 0 5 1 10 7 10 13 11 10 5 3 1 16 8 4 0 4 4 4 9 1 5 5 27 31 39 30 36 25 19 4 4 0 35 6 3 5 17 16 9 9 12 6 7 8 5 14 7 40 23 7 21 154 20 19 7 4 42 13 13 5 31 7 0 0 6 2 7 3 14 0 4 3 2 0 6 
0 0 0 0 0 0 0 0 0 0 0 0 0 0 0 0 0 0 0 0 0 0 0 0 0 0 0 0 0 0 0 0 0 0 0 0 0 0 0 0 0 0 0 0 0 0 0 0 0 0 0 0 0 0 0 0 0 0 0 0 1 0 0 0 0 0 0 0 0 0 0 0 0 0 0 0 0 0 0 0 0 0 0 0 0 0 0 0 0 0 0 0 0 0 0 0 0 0 0 0 0 0 
4 7 11 4 5 14 17 11 3 2 1 8 10 16 18 48 18 8 7 15 2 10 7 10 3 0 0 9 12 11 2 10 6 11 4 2 1 4 9 7 4 0 4 5 5 3 5 1 2 19 17 17 29 38 17 7 19 28 0 2 3 2 3 12 23 26 10 15 7 13 20 15 12 16 27 26 6 18 47 4 3 3 7 19 2 6 6 23 12 0 0 6 1 0 1 4 0 4 1 0 0 1 
2 2 1 0 1 2 3 0 1 1 4 5 1 1 2 3 1 0 0 1 0 0 2 1 0 0 0 1 0 6 1 3 3 6 0 1 3 1 3 3 0 0 1 6 2 0 1 4 2 6 11 4 11 9 7 4 12 19 0 8 1 6 2 12 30 16 4 8 2 20 14 14 2 8 10 7 0 9 22 3 0 2 8 7 3 9 1 5 1 0 0 1 0 0 1 0 0 2 0 0 0 1 
2 6 4 3 7 6 8 8 6 1 10 14 11 0 2 7 7 5 2 0 0 0 0 3 0 0 2 1 1 42 23 23 5 13 22 10 15 23 30 29 16 1 7 3 20 7 7 5 8 20 7 1 13 11 7 3 11 21 0 16 13 3 3 36 38 36 16 27 2 25 13 32 6 7 3 9 3 12 41 8 16 2 7 13 2 6 6 17 12 0 0 26 2 5 2 2 2 5 0 1 0 1 
0 5 3 0 2 1 3 2 0 2 0 0 1 0 2 0 1 0 0 0 0 0 0 0 0 0 0 0 0 2 1 1 5 3 0 3 7 9 14 1 3 0 2 0 3 0 3 0 0 3 6 7 5 10 2 2 1 12 0 10 2 2 0 6 12 24 8 10 10 7 17 10 5 3 5 3 0 4 35 4 6 2 2 3 1 1 3 2 1 0 0 1 0 0 1 1 1 0 0 0 0 0 
1 19 9 0 1 1 8 2 6 4 0 1 0 0 2 1 6 4 0 0 1 0 2 1 1 0 2 2 0 20 12 10 2 0 4 5 10 17 21 18 16 0 0 5 9 5 3 5 3 31 12 13 35 17 9 6 17 26 0 12 14 2 7 5 14 23 5 16 9 18 19 56 16 20 13 12 3 10 50 11 3 2 2 1 6 6 3 9 1 0 0 2 1 0 0 10 0 1 0 1 0 2 
4 5 2 0 2 3 5 4 4 4 0 8 1 0 0 0 3 1 0 0 1 1 0 0 1 0 0 2 1 29 18 14 8 12 5 5 18 12 17 13 8 0 4 7 10 8 4 5 6 23 12 9 12 15 6 3 21 18 0 36 5 13 18 10 7 17 12 24 18 27 54 55 25 30 5 7 2 12 33 9 11 2 3 2 3 6 0 14 3 0 0 6 0 0 0 0 0 1 0 0 0 0 
7 7 5 0 0 2 13 12 8 7 4 7 8 1 1 0 4 0 1 0 1 0 0 0 0 0 1 0 1 46 34 32 15 30 13 9 26 17 38 14 8 6 2 6 15 10 15 17 20 39 13 15 19 17 16 8 22 20 0 43 15 3 19 33 31 10 13 50 35 67 88 96 39 62 9 13 0 11 54 13 9 8 6 10 4 7 7 15 7 0 0 2 0 1 0 2 0 0 0 0 0 0 
1 2 6 0 0 0 2 0 2 2 1 1 0 0 0 2 0 0 0 0 0 0 0 0 0 0 0 0 0 6 11 6 4 6 3 3 2 5 7 1 0 0 1 0 2 4 1 3 0 9 0 6 7 13 2 0 2 10 0 7 5 4 2 10 8 17 4 7 11 6 18 49 13 6 1 1 0 2 14 6 6 0 0 3 2 2 4 1 3 0 0 1 0 0 0 1 0 0 0 2 0 0 
3 3 5 2 0 1 6 2 1 5 3 2 0 1 0 0 0 0 0 0 0 0 0 0 0 1 0 0 0 15 6 6 5 14 4 0 10 6 13 1 4 0 1 0 3 2 3 3 2 21 7 2 14 9 6 3 9 16 0 15 9 1 4 10 21 26 3 2 9 18 70 60 16 27 5 6 2 8 30 6 3 2 2 4 0 2 2 8 2 0 0 0 0 1 1 0 0 0 0 0 0 1 
0 3 1 0 0 0 2 10 1 0 0 0 3 0 0 1 0 0 0 0 0 0 0 0 0 0 0 0 1 6 1 7 4 3 2 4 3 8 9 0 3 0 0 2 1 0 3 4 2 7 0 3 3 1 3 0 0 4 0 9 1 0 4 2 11 15 4 5 2 9 40 47 5 14 0 2 0 4 13 5 1 1 0 4 2 2 1 4 2 0 0 0 0 0 0 0 0 0 1 0 0 0 
0 0 0 0 0 3 1 2 0 3 0 0 0 0 0 0 0 0 0 0 0 0 0 0 0 0 0 0 0 6 8 4 4 10 7 4 1 2 13 1 2 0 0 0 0 2 1 0 2 5 4 10 13 11 1 0 9 8 0 11 2 1 5 12 27 30 9 9 7 1 47 56 14 35 5 1 2 1 11 0 0 2 0 1 0 2 1 6 2 0 0 0 0 0 0 0 0 0 0 0 0 0 
2 3 5 2 0 3 0 0 3 1 2 2 0 1 1 3 0 0 0 0 0 0 0 0 0 0 0 1 0 3 1 2 6 4 4 2 10 10 18 2 2 4 3 1 8 4 3 1 2 13 7 1 8 4 3 1 4 5 0 12 8 1 7 11 19 27 14 25 23 21 4 104 10 28 6 7 1 1 21 2 2 1 3 1 6 0 0 15 1 0 0 1 0 2 0 1 0 0 0 0 0 2 
1 2 0 0 1 2 2 3 1 5 1 1 5 1 1 1 0 0 0 0 0 1 0 0 0 0 0 0 1 7 2 6 9 12 7 2 15 11 21 6 3 0 0 1 3 8 1 4 6 14 3 1 7 8 0 1 5 6 0 7 3 0 1 15 32 44 23 33 18 45 70 2 29 36 5 1 0 3 23 5 4 2 1 2 1 4 0 8 1 0 0 0 1 0 0 0 0 0 1 0 0 0 
0 2 1 0 2 3 1 5 1 3 2 0 2 0 0 7 0 2 1 0 0 0 0 0 2 0 0 1 0 3 1 3 4 13 7 3 1 9 23 4 2 0 1 0 3 2 2 1 6 12 8 7 18 7 3 0 9 4 0 10 2 1 1 9 19 36 11 15 10 18 22 83 0 14 5 5 0 6 30 2 4 3 10 6 1 6 1 8 1 0 0 3 0 0 0 0 0 0 0 0 0 0 
2 3 2 3 0 4 3 2 3 9 1 0 7 0 0 3 0 0 0 0 0 0 0 0 0 0 0 0 0 0 0 3 4 14 6 1 8 8 11 5 5 1 1 3 4 1 2 1 0 6 8 6 8 8 5 3 1 9 0 16 9 2 3 10 24 43 12 27 10 66 58 72 6 1 9 7 1 7 45 16 10 1 2 5 2 0 0 11 1 0 0 0 0 0 1 1 1 2 0 0 0 7 
0 2 2 2 0 4 0 1 0 3 0 1 10 2 1 8 2 3 0 0 0 0 1 8 1 1 2 6 0 4 1 7 5 3 0 2 1 2 9 4 3 1 6 16 3 3 8 3 7 38 11 3 9 5 4 0 9 14 0 7 0 0 2 3 7 6 0 0 0 4 7 4 1 9 3 8 2 16 140 13 9 10 10 49 4 24 8 56 19 0 0 8 5 14 4 3 0 9 5 6 0 9 
2 2 2 0 1 1 0 1 5 5 1 2 4 0 2 3 2 7 0 0 2 0 1 3 5 0 0 4 3 6 3 3 4 5 0 1 0 5 3 5 2 0 5 7 6 7 12 4 9 42 9 4 7 8 6 4 8 10 0 10 3 1 3 4 10 14 1 6 2 4 7 1 2 9 12 2 7 34 136 16 13 12 19 27 18 18 11 46 2 0 0 6 0 8 1 4 0 14 12 1 0 7 
0 0 0 2 0 1 0 0 1 0 1 0 1 1 0 0 0 0 0 0 0 0 1 2 0 0 0 0 0 0 0 3 3 0 0 0 1 0 1 1 0 0 2 3 3 0 1 1 1 5 1 0 0 0 1 1 2 1 0 4 0 0 0 1 4 0 1 2 2 0 4 5 0 0 3 7 0 15 48 9 2 0 1 7 1 3 1 5 1 0 0 2 0 0 0 0 4 2 5 0 0 0 
2 1 1 1 0 0 4 0 1 1 0 0 0 0 0 3 0 0 0 2 1 0 0 1 0 0 0 1 2 1 1 4 5 1 3 0 1 1 0 7 1 0 3 5 7 1 2 5 2 20 6 4 11 6 2 0 8 17 0 0 1 0 1 5 2 10 0 6 0 4 3 2 1 5 24 32 11 6 87 6 15 4 13 40 26 6 6 28 1 0 0 1 0 2 7 5 0 4 4 3 4 6 
8 29 21 3 8 4 17 18 15 17 5 10 16 13 15 31 20 24 3 7 3 2 5 14 7 0 4 22 9 40 14 30 20 12 16 3 12 5 22 15 5 1 22 26 17 19 10 16 18 78 121 63 142 86 78 28 70 120 0 41 7 3 11 43 35 67 8 18 18 26 31 20 15 33 244 204 87 79 18 74 98 36 71 154 73 42 29 112 40 0 0 28 4 17 18 15 0 19 19 4 7 24 
0 2 2 0 0 2 1 1 1 4 0 1 2 0 1 0 0 4 1 0 0 0 1 0 1 0 0 2 2 4 6 1 3 2 0 1 1 2 4 3 1 1 8 13 7 12 1 5 5 13 9 2 4 8 0 0 4 19 0 4 1 1 0 6 10 4 2 2 0 1 8 7 1 8 24 40 14 18 68 1 16 4 25 70 29 27 10 48 14 0 0 13 3 7 3 5 2 12 17 1 0 11 
2 2 0 1 1 0 1 1 1 0 1 1 0 1 0 0 1 0 0 1 0 1 0 1 0 0 0 1 0 4 0 2 1 4 2 0 0 0 2 4 1 0 6 12 5 4 2 3 3 25 7 2 14 6 1 1 3 9 0 5 3 0 4 0 20 5 0 2 0 2 3 2 0 6 16 17 13 18 94 6 0 0 10 71 29 22 13 25 8 0 0 15 2 5 4 1 6 14 8 0 2 5 
1 1 1 0 0 2 0 3 1 0 0 1 0 1 1 1 0 0 0 0 0 0 0 0 1 0 0 1 1 5 0 1 1 0 0 0 0 0 1 10 2 6 15 10 9 20 12 8 11 35 8 4 3 1 0 0 4 6 0 11 2 1 2 3 3 3 0 2 2 3 3 1 0 2 8 36 3 17 50 8 11 2 6 36 27 18 18 56 19 0 0 10 2 8 17 9 1 27 14 3 1 7 
0 0 4 0 0 0 0 2 0 1 0 0 0 0 1 1 0 0 0 0 0 0 0 2 0 0 0 0 3 3 1 1 3 1 2 0 0 1 3 1 4 1 9 6 6 1 6 2 6 24 4 4 6 7 1 1 3 7 0 1 1 0 1 0 2 1 3 1 0 1 0 1 2 1 18 23 10 10 56 22 12 1 6 105 38 13 4 36 9 0 0 10 2 6 6 4 0 1 9 0 1 3 
2 7 4 4 0 2 2 3 4 3 0 0 0 0 0 0 2 0 0 0 0 1 2 0 0 0 0 2 1 2 4 5 2 2 0 0 2 4 7 14 5 4 25 37 21 25 16 20 30 105 19 15 47 16 27 15 35 52 0 16 4 1 0 6 2 9 2 2 1 5 3 2 0 9 128 99 40 110 221 131 110 50 170 16 121 103 41 188 42 0 0 44 16 34 12 14 6 26 39 4 3 20 
0 0 0 0 7 1 3 4 1 0 0 1 0 0 0 0 0 0 0 0 0 0 0 0 1 0 0 1 0 0 0 1 2 1 2 1 1 0 0 3 1 2 18 28 5 9 9 8 13 29 3 5 5 7 0 1 9 10 0 3 1 1 0 1 6 3 3 2 0 2 2 4 2 2 15 13 6 38 48 25 34 4 26 114 2 53 14 77 19 0 0 32 2 4 11 6 0 12 12 0 0 12 
1 3 2 1 0 5 2 0 3 3 2 1 2 0 1 3 1 3 0 2 1 0 0 1 0 0 0 4 0 21 2 10 7 9 8 1 11 17 33 6 7 9 35 66 23 31 24 30 18 101 9 3 13 7 1 2 10 10 0 7 0 0 0 2 5 4 1 3 0 1 4 5 3 2 14 14 0 15 37 17 28 14 33 72 52 9 14 38 31 0 0 64 20 34 18 27 8 21 22 2 4 22 
6 5 4 0 2 2 4 1 3 1 0 0 1 0 1 1 6 2 0 2 2 1 1 0 2 0 0 4 1 11 6 11 8 1 0 3 8 16 30 7 7 3 30 43 11 32 6 25 10 67 9 6 15 4 6 0 5 5 0 6 2 0 0 2 4 1 1 0 1 1 0 3 0 0 18 15 5 13 31 28 18 22 17 54 27 16 7 48 30 0 0 48 14 17 20 27 3 21 20 5 4 19 
18 19 15 1 3 9 10 6 3 5 1 2 3 2 2 10 12 9 8 6 7 4 7 7 12 0 1 26 0 61 16 37 56 7 19 12 29 47 116 23 16 22 89 96 61 98 86 106 133 576 38 23 53 13 10 1 10 24 0 17 4 1 0 7 6 12 0 6 0 3 7 7 5 6 53 52 11 65 75 34 40 29 41 112 69 53 48 11 28 0 0 108 20 72 50 101 25 82 80 16 10 120 
2 0 0 0 0 3 4 4 12 1 0 4 2 0 0 0 6 5 1 2 0 1 1 12 3 0 0 9 0 16 6 13 10 15 9 3 23 31 36 28 17 6 31 55 16 27 14 29 17 83 9 6 10 8 0 1 5 13 0 4 1 0 0 1 4 3 0 1 2 1 1 3 4 2 13 28 2 18 28 12 11 7 18 52 20 34 23 39 6 0 0 75 18 29 22 37 9 22 21 6 2 25 
0 0 0 0 0 0 0 0 0 0 0 0 0 0 0 0 0 0 0 0 0 0 0 0 0 0 0 0 0 0 0 0 0 0 0 0 0 0 0 0 0 0 0 0 0 0 0 0 0 0 0 0 0 0 0 0 0 0 0 0 0 0 0 0 0 0 0 0 0 0 0 0 0 0 0 0 0 0 0 0 0 0 0 0 0 0 0 0 0 0 0 0 0 1 0 0 0 0 0 1 0 0 
0 0 0 0 0 0 0 0 0 0 0 0 0 0 0 0 0 0 0 0 0 0 0 0 0 0 0 0 0 0 0 0 0 0 0 0 0 0 0 0 0 0 0 0 0 0 0 0 0 0 0 0 0 0 0 0 0 0 0 0 0 0 0 0 0 0 0 0 0 0 0 0 0 0 1 0 0 0 0 0 0 0 0 0 0 0 0 0 0 0 0 0 0 0 1 0 0 0 0 0 0 0 
8 9 9 1 1 12 9 11 8 10 5 6 13 7 3 16 17 11 10 2 7 1 6 22 7 3 0 7 3 57 36 51 41 40 56 33 73 108 203 78 54 17 75 189 102 150 91 188 217 445 16 9 27 21 6 3 17 21 0 11 3 0 0 9 16 4 0 2 0 0 8 6 3 1 27 20 3 24 48 36 46 36 47 128 82 129 98 340 171 0 0 23 71 152 79 413 26 195 105 26 15 141 
0 1 2 0 1 2 2 0 0 3 1 0 1 2 0 3 0 2 0 0 0 0 0 0 0 0 1 0 1 17 5 6 2 5 9 4 8 9 18 7 6 3 25 52 20 31 10 36 28 74 6 1 5 0 0 0 1 1 0 4 1 0 0 0 1 0 0 0 0 1 0 0 0 0 6 3 1 5 16 10 11 7 3 23 8 26 17 57 32 0 0 58 3 8 9 28 1 30 10 10 1 19 
0 3 0 0 0 1 2 0 2 0 1 0 2 2 0 2 2 0 0 1 1 0 0 0 0 0 0 0 0 19 5 9 6 5 10 5 10 12 39 11 8 3 21 52 10 30 22 37 53 82 2 2 8 0 1 1 6 4 0 1 0 0 0 1 1 0 0 1 0 0 0 0 0 0 17 10 3 4 23 12 27 11 21 33 21 27 24 78 18 0 0 45 5 2 3 35 4 19 9 7 4 47 
1 0 0 0 0 2 1 0 1 2 0 0 4 1 2 0 0 0 0 0 0 0 0 0 0 0 0 0 0 13 12 5 7 7 7 2 8 9 23 6 7 3 22 28 20 24 10 33 41 101 2 4 2 7 0 3 9 3 0 0 0 0 2 1 1 0 0 0 0 0 0 0 0 0 7 5 1 11 10 8 7 8 9 39 16 22 15 68 18 0 0 32 6 4 2 26 16 25 11 11 11 62 
0 1 0 0 0 1 3 2 1 2 1 0 1 0 2 0 0 0 1 0 0 0 0 1 0 0 0 0 0 4 5 5 9 5 10 6 10 8 46 8 13 9 42 62 36 13 19 15 33 60 2 2 8 4 2 2 2 0 0 3 3 0 0 0 1 0 0 0 0 0 1 0 0 0 4 5 5 5 10 6 19 5 3 32 9 24 14 93 25 0 0 88 13 39 14 5 2 40 11 4 1 26 
0 0 0 0 0 0 0 0 0 0 0 1 0 0 0 0 0 0 0 0 0 0 0 0 0 0 0 0 0 2 0 0 0 0 0 1 6 1 7 1 0 0 2 5 4 2 3 2 1 12 2 0 3 0 2 1 0 0 0 0 0 0 0 0 0 0 0 0 0 0 0 0 0 0 0 0 0 1 1 3 2 1 0 6 2 5 4 12 3 0 0 14 1 2 4 6 0 1 0 0 0 4 
0 2 2 0 0 2 1 1 1 0 1 1 0 1 0 1 0 0 0 0 0 0 0 0 0 0 0 0 0 3 3 4 0 2 8 0 4 3 21 6 6 0 16 22 13 14 9 5 18 44 8 1 6 3 0 0 0 2 0 1 2 0 0 0 1 1 0 0 1 0 0 0 0 0 3 6 1 6 14 2 7 6 5 20 16 24 5 44 3 0 0 40 2 10 12 23 2 5 1 2 1 25 
1 1 0 2 0 1 0 3 7 4 0 1 0 0 2 0 1 1 0 1 0 0 2 1 2 0 0 0 0 12 2 10 3 2 8 1 5 12 26 3 16 2 23 21 16 20 13 23 28 90 4 7 11 3 1 0 2 4 0 1 0 0 0 3 0 0 1 0 0 0 0 0 0 0 10 8 1 6 16 7 7 4 4 38 11 13 13 80 13 0 0 50 4 6 6 11 1 7 2 12 1 23 
0 0 5 0 0 0 0 0 0 0 0 0 0 1 0 0 1 0 0 0 0 0 0 0 0 0 0 0 1 2 0 0 0 1 2 1 0 0 0 1 3 0 3 6 5 6 3 1 4 7 0 0 1 1 0 0 2 0 0 0 0 0 0 0 0 0 0 0 0 0 0 0 0 0 1 0 0 1 0 1 3 0 0 5 8 5 1 13 3 0 0 10 0 3 2 2 0 3 1 2 0 3 
0 0 0 0 0 0 0 0 0 0 0 0 0 0 0 0 0 0 0 0 0 0 0 0 0 0 0 0 0 0 0 1 1 0 0 1 5 4 5 2 3 0 2 8 2 3 1 1 5 6 1 1 0 0 0 0 0 0 0 0 0 0 0 0 0 0 0 0 0 0 0 0 0 0 2 1 0 2 8 3 5 2 1 4 5 2 6 8 6 0 0 10 3 2 4 2 3 8 0 2 1 0 
4 15 7 0 0 4 7 3 4 1 2 1 1 4 7 3 6 2 0 0 1 1 2 3 1 0 0 7 1 39 13 20 37 12 5 18 27 25 46 32 29 6 70 67 43 55 37 43 47 208 16 12 25 6 3 1 4 8 0 5 5 0 1 3 3 2 1 0 0 0 0 5 2 1 22 5 1 9 34 20 14 23 9 49 31 27 27 246 61 0 0 64 22 37 49 67 5 51 23 13 2 5 
