3 4 22 5 9 29 13 21 21 17 11 32 18 23 28 31 17 18 15 11 9 14 1 5 5 0 2 16 8 5 3 4 5 1 1 0 4 5 4 11 11 0 1 4 8 4 8 2 4 29 1 3 1 1 0 0 5 6 0 2 3 1 0 0 3 4 3 0 1 0 2 0 2 2 1 4 1 4 6 0 1 0 5 2 2 3 1 17 0 0 0 4 0 0 1 0 2 1 2 0 1 2 
4 6 13 11 11 44 26 24 30 33 10 41 32 25 23 40 25 12 19 6 3 11 6 12 5 1 3 7 18 5 7 3 1 0 5 1 0 5 13 21 4 4 2 7 7 11 10 6 9 23 7 6 9 3 2 1 5 5 0 1 0 2 0 2 9 5 5 0 1 1 1 0 1 1 1 3 0 5 12 2 1 0 2 3 3 3 2 19 3 0 0 2 1 2 1 1 0 0 2 0 0 1 
11 7 5 10 6 26 16 26 22 26 12 16 21 21 33 23 20 6 11 30 5 19 5 8 1 1 1 10 18 2 1 1 0 0 0 2 0 3 5 15 5 0 7 8 6 6 7 3 2 20 5 0 5 2 1 0 2 4 0 0 1 0 0 2 6 5 1 4 1 0 1 1 0 3 2 2 0 2 12 3 1 1 1 0 0 1 0 12 5 0 0 3 0 0 0 0 0 1 1 0 0 1 
3 3 9 1 2 5 4 4 0 3 1 4 1 5 5 6 0 1 0 1 0 0 1 2 1 0 0 1 6 0 0 0 0 0 0 0 0 1 5 3 3 0 2 0 0 0 0 0 0 4 0 2 1 0 0 0 0 0 0 1 0 1 0 0 0 0 0 0 0 0 0 0 0 0 0 0 0 0 0 0 0 0 0 0 0 0 2 1 0 0 0 0 0 1 0 0 0 0 0 0 0 0 
6 5 2 6 2 6 8 1 4 11 10 7 3 7 7 16 7 4 0 2 1 1 11 0 3 0 0 10 1 3 1 0 0 0 1 0 0 0 1 2 1 0 0 0 1 1 4 3 0 2 1 2 5 1 1 2 0 2 0 0 0 0 0 0 1 0 0 0 0 0 1 0 1 1 0 0 0 0 6 0 0 0 1 1 0 1 0 5 0 0 0 1 0 2 0 0 0 1 0 0 0 0 
22 48 24 14 12 6 5 7 13 19 11 37 27 31 36 38 19 14 16 11 9 12 13 12 2 0 1 15 20 5 5 1 2 2 2 2 0 4 5 12 5 3 4 5 4 8 2 5 5 15 3 3 13 10 3 0 2 9 0 0 0 0 1 1 5 3 0 6 2 1 6 0 0 1 5 0 1 6 9 3 0 2 0 4 3 0 0 7 2 0 0 1 2 0 1 1 0 2 0 0 0 1 
16 28 10 14 2 4 6 12 16 13 8 24 25 16 36 32 13 8 5 8 4 7 6 9 1 1 1 4 19 6 3 2 4 2 0 1 2 2 3 8 3 0 3 1 6 8 2 8 1 10 4 2 4 6 2 0 2 4 0 1 0 0 2 3 5 3 1 2 0 2 1 3 2 1 0 0 0 1 4 1 0 1 1 1 1 0 1 11 0 0 0 0 0 1 1 0 0 1 1 0 0 0 
13 23 24 10 10 25 20 13 9 14 16 36 21 22 20 36 27 11 12 12 10 7 5 14 1 0 1 11 14 7 2 4 0 2 0 3 1 2 11 16 2 0 2 5 1 13 4 8 6 15 3 2 5 1 4 1 3 9 0 3 0 0 0 1 7 11 3 1 1 3 1 2 0 2 1 3 0 3 6 0 1 2 1 1 0 0 4 4 2 0 0 0 0 0 1 3 0 0 1 0 0 1 
20 35 48 8 6 15 43 6 8 10 14 21 23 25 21 37 19 14 16 10 10 13 5 11 3 2 1 7 7 4 0 5 3 0 2 2 0 2 14 9 11 0 5 2 2 4 7 5 3 24 0 2 3 1 0 0 3 5 0 0 2 0 0 3 1 3 1 2 0 5 4 3 0 3 4 3 1 1 7 1 0 0 3 1 0 0 2 6 2 0 0 3 1 0 2 1 0 0 0 0 0 0 
5 6 8 3 6 7 13 5 7 7 4 14 14 16 11 26 17 13 8 6 4 8 3 5 2 0 0 8 5 6 0 2 1 3 1 0 1 1 10 4 3 2 0 1 2 4 2 3 1 9 7 3 7 8 4 0 3 11 0 3 0 1 0 1 3 3 3 2 1 3 4 1 1 0 3 2 1 2 7 0 0 0 1 2 0 2 0 4 2 0 0 2 0 2 0 1 0 0 1 1 0 0 
6 8 6 2 1 18 7 5 15 3 0 8 4 10 4 11 5 5 5 4 9 5 5 6 3 1 0 6 2 0 0 1 0 2 0 0 0 1 2 2 1 0 1 3 2 3 6 0 3 17 1 0 1 0 0 2 0 4 0 1 0 1 0 0 0 1 0 0 0 1 1 1 0 1 0 0 0 0 2 0 0 0 0 0 0 1 0 2 1 0 0 2 0 0 0 2 0 1 1 0 0 0 
26 43 28 4 4 29 39 29 35 27 11 6 18 23 21 37 19 31 14 22 9 12 18 35 15 2 3 27 8 5 1 3 1 2 0 0 0 3 20 16 8 0 1 4 7 8 9 4 4 15 3 4 8 3 2 3 10 9 0 4 1 1 0 0 2 3 0 3 0 2 2 2 0 0 3 5 1 1 7 0 0 0 0 1 0 0 0 9 2 0 0 2 1 1 0 1 0 2 1 0 0 0 
21 30 56 4 16 55 72 68 68 35 26 26 4 40 18 55 44 30 29 17 24 35 23 44 10 1 0 35 2 17 3 11 2 5 2 0 1 2 22 18 10 1 6 4 4 2 7 1 3 19 7 2 5 7 1 0 7 6 0 4 2 0 4 2 0 2 0 1 1 3 5 0 0 2 4 10 1 0 8 1 0 0 0 0 0 1 0 6 1 0 0 2 2 2 0 2 0 0 3 0 0 0 
48 69 65 19 25 101 90 91 71 68 23 71 55 3 7 54 69 63 64 47 58 59 39 112 32 5 10 92 14 7 1 3 2 0 0 1 0 2 16 20 7 7 3 5 3 2 4 2 3 16 14 7 22 16 9 2 20 36 0 15 0 0 0 0 1 0 0 1 0 0 0 1 0 0 14 4 0 11 27 4 2 0 0 1 0 0 0 0 1 0 0 3 0 2 0 3 0 3 0 0 0 0 
32 41 39 6 15 33 37 46 40 37 12 26 32 15 8 20 31 30 11 28 32 29 37 62 14 5 8 82 1 8 1 5 2 0 0 2 1 2 6 6 2 0 3 3 1 4 1 1 2 8 5 2 6 5 0 2 6 7 0 0 0 2 0 0 0 0 0 0 0 0 3 2 0 0 2 8 0 3 12 2 0 0 0 1 0 2 0 3 2 0 0 2 0 2 0 1 0 0 1 0 0 0 
58 88 66 12 31 81 102 96 86 73 54 62 94 54 20 17 95 86 65 89 186 87 100 174 54 9 29 190 11 60 17 54 20 10 20 23 19 1 13 44 44 1 17 7 25 16 21 10 21 77 9 8 20 9 7 1 18 17 0 7 2 1 0 3 8 1 2 1 1 0 5 3 0 1 11 15 0 7 36 3 0 2 3 4 1 3 7 15 13 0 0 13 0 3 0 12 0 7 3 1 0 4 
15 24 22 1 5 37 23 17 34 31 15 46 46 50 21 91 7 26 34 36 57 42 39 93 20 4 17 61 3 21 14 43 15 13 15 19 14 3 33 31 18 9 13 11 14 11 20 8 16 31 11 6 8 9 2 0 7 16 0 2 0 0 2 1 1 0 0 2 1 0 2 1 3 1 6 4 1 1 20 2 3 0 0 1 0 4 2 22 6 0 0 4 1 2 0 2 0 4 2 1 0 0 
10 21 16 1 4 25 20 20 31 15 6 22 64 22 31 60 36 9 19 29 34 38 56 68 33 3 17 56 3 29 14 12 4 9 7 7 5 3 15 26 24 2 4 13 13 23 11 13 8 48 5 3 3 13 4 1 7 10 0 2 1 0 2 2 0 0 0 0 0 0 0 0 0 0 3 1 2 12 15 0 6 0 0 0 0 4 3 17 4 0 0 3 0 0 0 2 0 0 0 0 0 1 
2 32 17 2 4 16 29 32 41 27 18 79 91 45 79 114 146 160 7 89 292 99 135 204 53 11 23 65 1 29 19 11 7 15 21 24 3 7 38 22 12 2 5 4 5 9 17 6 6 29 8 7 11 6 2 0 8 9 0 1 1 0 0 3 12 1 0 0 0 0 1 0 0 0 1 0 0 1 9 0 1 0 2 0 0 3 0 3 3 0 0 1 1 0 1 1 0 0 0 1 0 2 
6 10 6 2 4 16 4 9 4 9 4 9 17 23 27 32 36 5 10 5 0 13 18 27 12 10 16 64 0 10 0 1 2 1 6 1 0 3 18 13 18 0 3 1 4 3 0 2 2 8 1 1 3 0 0 0 2 3 0 1 2 0 0 0 0 0 0 0 0 0 0 0 0 0 3 1 0 2 5 0 0 0 0 0 0 0 0 1 3 0 0 0 0 1 0 1 0 0 1 0 0 1 
2 6 5 1 3 13 9 9 7 9 5 12 38 17 27 69 41 22 20 1 7 11 59 34 21 10 30 60 0 5 4 2 1 2 4 2 5 7 10 12 4 1 2 1 4 4 1 3 4 9 0 4 1 0 0 0 1 2 0 4 0 0 0 0 0 0 0 0 0 0 0 0 0 0 0 0 0 1 2 0 0 0 0 0 0 2 5 6 3 0 0 4 0 1 0 0 0 0 2 0 0 0 
4 9 10 2 2 17 9 8 11 17 1 10 13 25 16 25 13 13 9 5 3 1 13 16 6 7 8 29 1 7 2 7 3 0 1 6 3 2 6 4 1 0 1 2 4 1 3 3 4 11 0 3 1 0 0 0 0 0 0 1 0 0 0 1 0 0 0 0 0 0 0 0 0 0 0 1 1 1 4 0 0 0 0 1 0 1 0 2 1 0 0 0 0 0 0 0 0 0 0 0 0 0 
3 7 4 0 2 4 4 2 4 5 1 11 6 12 3 33 22 2 10 8 13 7 2 7 5 7 12 36 0 1 0 1 1 0 0 1 1 5 3 6 3 0 1 0 2 0 3 3 2 4 0 0 0 0 0 0 1 2 0 0 0 0 0 0 0 0 0 0 0 0 0 0 0 0 0 0 0 0 2 1 1 0 2 1 1 1 0 2 2 0 0 1 1 0 0 0 0 1 0 0 0 0 
4 7 4 3 3 7 11 9 4 17 2 25 22 23 26 58 49 29 22 11 19 10 16 8 7 34 42 97 0 3 1 1 3 0 5 4 4 3 30 6 2 0 0 1 14 17 5 10 3 15 1 2 3 1 1 2 1 1 0 0 0 0 0 0 0 1 0 0 0 0 0 0 0 0 0 2 0 1 4 3 0 1 0 1 0 3 0 12 4 0 0 0 0 0 0 0 0 1 0 0 0 0 
1 18 2 0 2 7 8 6 6 16 7 22 8 10 9 48 19 11 12 8 10 4 2 5 3 3 8 41 1 4 0 2 3 5 2 1 0 4 18 14 12 0 0 7 7 5 3 2 4 15 5 3 4 0 0 1 0 2 0 0 0 0 0 0 0 0 0 1 0 0 0 0 0 2 2 2 0 1 5 1 1 0 0 2 0 4 2 20 6 0 0 4 0 0 0 2 0 1 0 0 0 0 
1 0 0 0 0 0 0 2 0 1 0 2 3 0 3 5 1 7 3 6 13 7 13 14 1 0 2 6 0 0 0 1 0 0 0 1 1 0 4 3 0 0 0 0 0 0 0 0 2 2 0 0 0 1 2 0 0 0 0 0 0 0 0 0 0 0 0 0 0 0 0 0 0 0 0 0 0 0 1 0 0 0 0 0 0 0 0 0 0 0 0 0 0 0 0 0 0 0 0 0 0 0 
1 0 0 0 0 0 0 0 0 2 0 1 2 1 3 5 7 1 1 4 6 4 3 15 1 1 0 7 0 0 0 1 1 0 0 0 0 2 0 2 0 0 0 0 1 0 0 2 0 1 1 0 0 0 0 0 0 0 0 0 0 0 0 0 1 0 0 0 0 0 0 0 0 0 0 0 0 0 0 0 0 0 0 0 0 0 0 0 0 0 0 0 0 0 0 0 0 0 0 0 0 0 
8 12 6 4 5 9 8 5 4 25 7 23 26 34 35 52 26 20 17 28 35 37 61 52 21 7 53 3 2 1 1 6 5 2 5 5 2 8 19 15 21 1 5 9 5 2 12 7 7 42 6 4 8 1 3 0 0 4 0 1 0 0 0 1 1 0 0 0 0 0 0 0 0 0 2 2 0 2 8 1 0 1 1 0 0 1 1 21 6 0 0 2 0 0 0 1 0 0 1 1 0 2 
81 128 169 32 32 108 103 51 71 37 33 48 52 47 53 46 28 21 23 16 33 21 8 16 4 0 6 6 0 14 2 7 2 6 8 7 3 14 11 34 16 2 5 10 4 20 13 4 9 34 5 3 5 5 1 1 10 8 0 1 0 2 1 11 8 13 11 5 0 3 0 2 2 2 6 3 0 8 12 7 5 3 5 2 4 9 3 16 9 0 0 4 2 1 0 2 0 1 0 0 2 0 
1 3 4 2 4 3 4 5 1 1 8 3 7 3 8 12 20 13 9 6 1 4 1 10 6 0 0 0 0 21 167 383 209 150 176 181 185 110 135 113 62 14 45 38 42 30 28 24 38 103 4 10 11 4 7 0 8 18 0 5 6 1 27 32 54 44 11 5 1 7 6 11 1 1 8 2 4 4 11 5 8 2 3 6 5 11 4 88 12 0 0 20 7 8 5 7 1 7 2 1 4 7 
1 0 2 0 2 0 3 2 2 1 0 6 3 0 3 11 7 3 4 3 2 11 1 2 2 0 0 0 0 110 8 61 49 32 21 37 42 55 22 32 32 9 2 4 15 16 7 5 7 48 3 5 5 1 0 0 0 3 0 3 0 0 0 3 15 13 0 13 2 8 4 4 0 1 0 0 2 2 1 3 1 0 1 0 2 0 3 40 2 0 0 4 1 1 4 1 0 5 0 0 0 2 
1 4 5 0 1 4 3 1 2 2 4 4 4 2 3 20 25 10 4 3 1 2 2 2 1 1 0 5 0 100 59 13 25 22 40 48 92 94 102 87 45 4 15 19 49 21 32 14 24 100 3 5 5 4 2 1 4 10 0 4 4 1 2 9 10 19 5 5 3 2 4 0 0 2 4 5 1 1 8 1 1 1 1 3 3 6 7 55 5 0 0 7 4 6 5 8 0 2 4 3 0 3 
6 10 9 0 0 5 7 9 0 3 3 7 7 2 3 23 22 19 8 5 4 6 7 16 10 0 0 10 0 195 88 60 7 29 40 50 79 87 108 115 66 9 44 39 57 80 63 58 62 318 29 17 26 17 3 1 14 16 0 4 4 1 1 2 21 9 2 9 2 6 12 27 3 2 12 14 1 7 24 4 3 4 1 3 1 13 11 110 26 0 0 16 6 19 5 18 4 10 8 4 1 9 
2 2 4 0 1 3 1 2 1 0 0 2 3 1 2 14 14 8 1 1 4 1 2 1 10 3 1 1 1 109 38 41 16 5 12 24 26 33 57 63 31 8 18 15 23 23 16 19 27 70 6 4 13 6 5 0 9 10 0 8 0 0 0 0 11 16 3 14 1 16 6 12 11 8 5 5 0 8 10 1 0 0 3 2 1 3 7 18 6 0 0 5 4 6 5 9 1 3 0 3 1 1 
3 7 3 0 0 1 10 3 4 1 0 5 0 1 1 12 18 15 5 4 15 6 8 11 6 1 2 12 2 198 100 118 46 25 6 14 71 50 97 114 59 6 40 21 71 38 28 34 36 105 5 3 12 14 5 1 7 13 0 6 0 0 3 19 5 8 5 4 7 9 12 37 6 4 3 5 0 0 17 1 0 1 0 1 2 5 6 41 21 0 0 26 6 14 7 17 1 4 1 2 0 5 
3 4 1 0 1 2 1 1 1 1 0 3 0 1 1 13 15 3 3 2 1 4 1 7 1 0 1 3 1 142 33 66 36 14 27 9 35 28 81 58 33 6 9 13 21 30 12 15 26 67 2 4 4 3 0 1 2 1 0 1 1 2 0 2 5 5 4 3 2 5 7 12 5 0 0 0 0 2 2 0 0 0 0 0 0 6 2 27 3 0 0 6 4 7 4 7 1 2 1 8 0 2 
1 5 6 0 3 5 4 4 2 1 0 1 4 0 1 29 29 15 11 8 14 17 8 41 9 0 2 18 0 384 187 281 79 107 128 127 13 137 262 347 214 42 73 103 154 118 92 91 81 287 15 9 20 10 4 4 16 6 0 0 1 1 13 42 28 35 19 21 9 8 30 36 12 7 2 3 1 0 11 1 2 2 3 1 3 21 19 77 44 0 0 45 21 23 23 36 4 19 22 6 4 17 
3 6 11 2 4 3 8 6 5 8 5 5 5 12 1 2 12 8 5 4 7 11 6 20 3 1 5 15 0 192 77 132 66 53 42 54 65 13 75 156 87 20 44 41 59 57 47 33 39 161 6 4 9 3 1 0 7 3 0 1 4 3 3 20 27 10 3 9 3 1 14 13 5 5 3 0 0 1 6 0 0 0 1 6 1 13 8 55 12 0 0 29 14 6 3 31 2 8 8 3 2 7 
21 49 28 2 11 37 37 38 39 27 13 53 34 15 15 16 77 54 40 43 80 45 35 74 21 4 14 89 2 360 95 305 194 134 122 162 261 88 27 643 388 39 113 132 147 183 143 122 123 497 9 21 47 16 3 1 13 35 0 2 8 3 5 23 54 40 22 24 11 8 30 22 11 10 17 9 0 12 50 8 6 10 5 14 11 32 37 177 60 0 0 64 33 46 21 59 5 23 23 8 9 30 
10 11 8 5 2 16 21 9 13 14 8 16 17 12 11 18 35 22 10 8 6 4 7 18 13 0 1 17 1 131 29 94 42 38 60 38 98 103 213 20 38 15 36 48 63 68 57 75 80 235 5 7 15 3 0 1 4 5 0 1 4 3 1 8 15 9 4 2 1 1 10 7 1 1 14 6 1 3 13 1 6 3 7 9 21 6 4 29 31 0 0 25 1 7 3 27 2 8 2 2 0 2 
3 8 4 1 1 6 7 2 5 9 1 6 8 5 2 7 18 14 2 9 12 4 5 9 6 2 2 7 1 65 21 32 39 18 17 15 49 47 108 31 4 10 19 24 22 34 41 38 41 137 1 2 4 3 0 1 0 6 0 2 0 0 0 3 5 5 0 1 3 0 11 2 2 4 4 1 0 2 13 3 5 1 3 1 2 8 9 17 12 0 0 13 5 2 5 10 2 4 3 3 2 1 
2 3 0 0 0 1 1 3 0 5 2 1 3 1 3 0 0 9 0 1 4 0 3 2 0 0 1 2 0 6 3 3 8 6 1 3 14 18 19 14 13 3 16 18 13 11 9 21 9 36 3 1 0 0 0 0 0 0 0 0 0 0 1 2 3 0 0 3 0 1 0 0 1 0 1 0 0 1 0 1 0 3 2 0 0 6 4 11 2 0 0 7 1 9 6 0 3 31 1 0 0 0 
3 10 8 0 1 4 7 4 17 5 5 6 3 4 6 9 16 12 6 6 10 9 0 17 2 1 0 10 0 56 19 31 23 23 15 17 40 63 80 53 37 10 15 49 33 58 40 52 70 138 5 9 7 6 4 3 2 9 0 4 0 2 1 9 8 3 1 2 1 0 7 8 2 3 11 9 0 12 24 21 17 6 18 41 15 54 21 93 54 0 0 30 27 39 23 79 6 46 26 9 1 23 
7 9 15 1 1 7 10 11 5 5 3 8 10 1 6 9 13 17 7 7 17 4 4 9 7 2 0 15 0 87 15 57 34 22 28 38 44 94 145 122 69 60 55 21 108 141 126 126 159 360 13 3 23 12 9 3 9 16 0 1 0 0 3 7 11 4 3 2 4 2 8 19 3 1 24 10 3 23 36 23 55 14 34 75 47 107 91 147 87 0 0 108 66 92 42 121 17 104 36 10 12 35 
6 8 10 2 2 3 5 3 8 8 2 5 2 3 7 6 14 11 12 1 5 4 9 10 5 0 2 9 2 51 11 41 25 24 20 19 68 68 50 73 34 17 35 71 10 74 79 123 158 191 9 3 9 3 1 0 3 1 0 5 1 0 4 5 4 15 1 4 3 5 8 3 1 2 5 8 2 4 9 11 5 8 5 16 10 23 16 48 11 0 0 30 14 14 13 37 9 19 22 1 1 4 
6 9 8 4 6 6 7 9 11 11 7 13 2 5 7 9 26 20 9 6 9 9 13 22 6 1 1 23 0 60 32 60 48 26 28 46 86 82 130 171 130 24 64 171 159 20 142 309 341 531 16 7 18 8 1 0 10 7 0 1 1 2 2 5 14 9 8 7 5 1 12 6 3 4 10 8 0 18 28 20 17 12 20 30 19 73 57 191 61 0 0 49 24 35 27 76 13 59 47 8 6 27 
1 5 5 0 3 10 8 1 8 0 5 4 5 3 4 1 15 12 4 8 6 7 3 12 3 0 1 13 0 32 13 30 21 16 24 20 45 43 64 82 53 11 29 42 59 53 11 142 165 252 4 0 8 8 3 0 2 2 0 2 0 2 0 6 4 2 2 5 0 0 2 4 0 1 6 1 1 5 14 7 3 5 8 19 7 58 35 108 25 0 0 19 17 40 13 22 3 27 33 6 1 14 
2 7 4 1 3 2 6 2 2 1 5 6 7 2 1 5 13 3 2 0 1 6 3 8 3 0 3 6 0 33 5 20 21 6 7 13 26 19 56 58 30 11 27 34 44 146 58 16 91 303 7 0 9 8 0 0 5 1 0 0 1 0 2 0 11 3 4 1 1 0 5 1 0 0 4 0 0 6 9 4 2 4 6 14 4 13 10 83 16 0 0 26 7 14 15 28 3 14 6 1 2 8 
1 3 7 0 1 3 3 0 4 1 2 4 2 0 3 1 8 3 6 1 3 3 0 5 2 0 1 7 0 20 3 12 22 15 13 8 19 22 27 49 25 6 18 34 31 79 47 54 6 182 1 2 4 2 1 1 2 3 0 0 0 0 0 10 4 5 5 3 1 0 1 5 0 4 8 8 2 5 8 7 3 1 7 9 7 10 9 72 5 0 0 17 5 18 7 11 2 10 16 8 1 5 
31 51 40 11 12 34 36 23 32 20 15 23 39 19 15 18 54 46 26 20 27 23 19 50 29 0 5 88 2 198 72 159 187 77 81 72 184 224 254 299 238 43 106 221 257 350 250 585 772 43 47 27 48 22 12 8 13 30 0 3 0 1 7 19 30 36 12 22 3 5 24 20 5 8 33 23 12 19 77 49 41 22 35 84 39 90 65 551 76 0 0 68 23 73 55 84 11 115 92 17 15 44 
4 6 1 1 3 5 5 5 2 5 0 0 13 1 3 9 10 4 1 1 0 0 1 4 0 0 0 3 0 11 3 4 6 7 2 4 3 2 1 7 2 0 2 5 3 1 1 5 10 15 7 8 22 35 15 5 13 21 0 15 11 1 1 7 17 19 3 11 2 8 5 12 5 4 4 7 0 12 56 4 3 3 10 16 7 8 6 39 5 0 0 3 0 1 1 4 2 1 2 0 0 2 
2 10 1 0 4 4 2 5 1 3 0 3 4 1 1 8 5 2 0 0 2 1 2 2 0 0 0 2 0 8 5 5 7 5 2 2 1 0 2 6 1 1 4 4 2 6 7 4 3 10 9 3 27 49 7 1 6 12 0 15 2 0 0 6 9 10 5 5 4 0 1 4 1 1 8 3 0 6 39 8 7 2 3 3 11 14 3 25 4 0 0 2 1 1 4 5 2 2 2 1 0 2 
5 5 9 1 2 5 10 4 6 4 3 2 7 6 10 10 7 4 4 2 0 1 0 5 1 0 2 6 1 19 4 16 13 9 2 4 6 4 12 6 7 1 9 6 16 17 8 6 12 34 66 54 6 27 24 6 18 24 0 16 4 0 3 17 16 36 7 14 7 15 15 10 3 11 9 10 4 14 57 16 12 0 9 21 9 6 7 45 10 0 0 9 2 6 3 4 2 8 4 0 1 4 
1 1 7 0 0 5 5 1 4 6 1 2 2 0 9 8 5 5 0 0 0 2 0 0 0 0 0 2 0 11 5 1 5 6 3 3 1 0 2 4 1 0 3 0 4 4 2 1 0 13 9 7 25 1 5 7 6 20 0 7 5 1 2 10 9 20 8 4 2 8 6 7 3 6 6 4 1 4 34 8 0 2 1 9 8 7 5 20 6 0 0 1 3 0 3 3 0 5 2 0 1 3 
0 1 1 0 3 1 0 1 1 0 0 0 1 1 3 1 4 1 0 0 0 1 0 0 0 0 0 2 0 3 1 5 4 3 1 0 0 0 0 0 0 0 1 0 0 0 3 2 0 5 9 2 7 6 1 2 0 6 0 13 2 2 0 7 10 10 2 1 1 3 3 0 0 4 1 3 1 0 25 3 3 0 2 2 2 2 0 6 0 0 0 1 2 1 0 0 0 1 0 0 1 0 
0 0 1 5 0 2 2 2 1 1 4 2 2 2 2 3 3 0 0 2 1 1 0 0 0 0 0 1 0 1 0 2 1 0 0 1 0 1 1 0 0 0 0 0 1 1 3 0 1 3 11 2 4 4 2 2 0 3 0 3 0 1 0 0 3 0 1 3 3 9 2 0 3 0 0 4 3 0 14 1 1 2 0 1 4 1 1 4 1 0 0 0 2 3 0 0 0 3 0 1 0 0 
3 10 2 0 0 4 3 1 1 4 0 3 3 2 1 2 1 1 1 0 1 0 1 2 1 0 0 0 0 5 1 5 1 7 5 2 0 0 2 1 3 2 1 2 0 3 3 3 5 6 10 12 12 16 7 2 1 5 0 2 0 0 0 7 8 21 0 4 5 3 4 13 3 2 10 11 0 9 45 3 3 1 2 7 1 8 2 11 3 0 0 1 0 4 1 0 0 1 0 1 0 0 
0 2 3 2 1 5 3 8 1 6 0 4 5 10 7 8 4 5 0 1 0 2 5 5 3 1 2 3 1 5 0 1 8 5 7 3 2 0 9 6 2 0 12 2 8 7 6 3 3 8 35 17 33 20 16 11 18 3 0 32 6 2 5 8 14 8 0 17 0 9 8 8 2 4 24 29 7 15 78 17 21 3 7 19 14 9 2 14 2 0 0 3 0 2 6 2 0 5 3 1 0 1 
0 0 0 0 0 0 0 0 0 0 0 0 0 0 0 0 0 0 0 0 0 0 0 0 0 0 0 0 0 0 0 0 0 0 0 0 0 0 0 0 0 0 0 0 0 0 0 0 0 0 0 0 0 0 0 0 0 0 0 0 0 0 0 0 0 0 0 0 0 0 0 0 0 0 0 0 0 0 0 0 0 0 0 0 0 0 0 0 0 0 0 0 0 0 0 0 0 0 0 0 0 0 
9 6 6 5 0 4 9 9 2 2 2 3 6 3 4 14 7 5 5 2 8 4 3 4 4 1 0 8 1 10 1 7 4 6 1 3 1 6 0 2 2 0 1 1 4 0 2 4 1 2 20 8 28 27 13 5 14 20 0 1 4 0 1 3 12 23 6 10 0 7 13 12 5 10 17 10 3 8 36 1 5 3 2 7 2 5 2 18 5 0 0 6 1 0 2 2 1 1 2 0 0 0 
2 1 1 0 0 0 1 0 0 1 0 1 0 1 0 0 0 0 0 0 0 0 0 0 2 0 0 1 0 3 1 5 1 1 2 0 0 0 0 3 1 0 1 0 1 0 0 0 1 1 6 10 7 2 4 1 2 8 0 0 1 0 1 3 8 12 3 4 0 4 3 5 0 5 3 9 0 2 9 3 0 4 1 1 0 3 0 6 1 0 0 0 0 1 0 2 0 0 0 0 0 1 
0 1 5 0 0 5 2 6 3 0 0 7 9 2 7 2 3 2 1 0 1 1 0 3 0 0 0 2 0 18 8 9 6 8 6 7 1 16 10 5 8 0 1 1 6 2 3 5 7 23 1 1 6 1 1 1 11 11 0 7 7 1 0 10 4 23 3 13 2 9 3 15 2 8 1 3 0 2 17 2 2 3 4 11 2 2 2 10 7 0 0 1 0 3 0 1 1 0 0 0 0 1 
0 6 7 1 0 2 0 3 3 1 0 0 4 1 0 2 0 0 2 0 1 0 0 0 0 0 0 0 0 4 5 1 1 3 1 0 7 2 1 2 1 0 0 4 1 2 0 1 1 2 1 3 9 6 0 4 0 6 0 5 2 0 1 2 4 14 3 1 3 10 5 2 2 6 2 1 2 3 5 0 0 1 2 0 0 0 0 1 1 0 0 0 1 1 0 2 0 2 2 0 0 0 
7 15 6 0 2 4 3 6 2 1 0 2 0 0 0 5 2 1 2 0 0 0 0 1 2 0 0 7 0 19 7 15 3 0 9 5 11 14 15 14 11 2 5 4 4 6 1 8 5 24 13 10 18 18 15 2 7 18 0 13 2 2 5 2 9 18 7 8 12 19 29 39 25 13 5 4 3 4 26 9 7 0 5 2 4 1 2 6 2 0 0 2 1 1 0 2 0 2 0 0 0 1 
6 8 3 1 0 4 8 7 10 3 0 1 5 0 0 1 4 0 0 0 0 0 0 1 0 0 0 0 1 13 7 10 5 4 3 5 5 5 23 11 3 1 1 4 8 6 5 3 5 18 6 8 14 19 2 1 8 9 0 4 3 2 6 3 4 15 14 18 15 23 35 43 16 19 11 12 4 3 25 12 3 1 4 1 2 3 1 5 2 0 0 1 0 1 0 0 0 1 1 1 0 0 
1 4 6 2 1 5 7 7 13 1 0 7 3 0 1 0 1 0 0 0 0 0 0 1 0 0 0 0 0 38 27 30 12 10 18 8 7 6 7 7 4 0 1 2 9 8 12 3 8 28 13 8 17 13 9 4 15 9 0 18 6 4 6 37 49 7 30 48 34 65 109 72 17 23 8 16 6 7 49 6 5 3 5 4 2 5 5 17 5 0 0 2 0 0 0 1 0 0 1 0 1 0 
0 3 1 0 0 5 2 3 4 0 0 1 5 0 1 0 0 0 0 0 0 0 0 0 0 0 0 0 0 11 5 6 1 2 3 1 2 1 4 3 1 0 0 1 2 5 0 4 2 7 4 4 8 1 1 0 7 6 0 9 4 2 7 16 13 2 2 3 4 5 21 28 14 3 1 0 0 1 7 3 4 0 2 0 3 1 2 3 0 0 0 1 0 0 0 0 0 0 0 0 0 1 
5 2 4 0 0 4 4 0 1 3 0 2 0 0 0 0 0 0 0 0 0 0 0 0 0 0 0 0 0 8 10 4 5 7 3 11 1 3 6 5 2 0 0 0 6 6 1 1 1 15 9 16 12 11 4 1 2 10 0 8 3 2 7 9 27 16 5 0 10 17 36 49 21 10 2 1 2 3 12 11 2 0 2 1 0 1 1 3 1 0 0 0 0 0 0 0 0 0 0 0 0 0 
2 1 7 0 0 2 3 0 0 0 4 0 0 0 0 1 0 0 0 0 0 0 0 0 0 0 0 0 0 4 3 4 1 6 3 2 6 3 7 0 0 0 0 0 0 1 1 0 2 9 0 1 3 6 5 0 0 3 0 3 2 1 1 7 12 39 12 16 3 2 31 34 11 7 0 0 0 3 8 3 4 1 5 0 0 2 1 0 0 0 0 0 0 0 0 0 0 0 0 0 0 0 
0 2 2 0 0 0 0 0 0 1 0 0 2 1 0 0 0 0 0 0 0 0 0 0 0 0 0 0 0 5 3 4 2 8 4 0 0 2 2 2 4 1 0 0 1 1 2 0 3 7 4 3 12 12 4 1 4 15 0 7 3 2 2 9 13 17 9 7 0 2 6 35 8 21 3 1 0 10 12 1 1 0 2 0 0 2 0 2 0 0 0 0 0 0 0 0 0 0 0 0 0 0 
0 3 3 1 0 4 5 0 3 3 2 3 0 0 4 2 0 0 0 0 0 0 0 0 0 0 0 0 0 3 2 5 6 14 7 4 6 5 6 4 1 0 2 1 3 1 0 0 4 11 4 4 2 9 1 3 4 8 0 17 7 2 2 8 25 11 5 14 11 17 6 50 14 35 4 0 0 3 21 2 1 1 2 1 1 0 4 7 0 0 0 1 0 0 0 0 0 0 1 0 0 0 
3 7 5 1 1 4 4 2 7 0 0 3 1 0 0 4 0 3 0 0 0 0 0 0 1 0 0 0 0 16 9 10 13 14 14 5 5 5 13 8 3 0 3 1 2 4 2 4 4 20 2 3 13 1 4 0 9 9 0 5 5 1 10 13 39 54 25 34 22 59 108 3 80 49 5 4 1 1 24 6 3 2 8 0 0 1 4 12 1 0 0 0 0 0 0 0 0 0 0 0 1 0 
0 4 0 0 2 3 2 6 1 3 0 3 1 0 2 0 1 0 0 0 0 0 0 0 1 0 0 2 0 0 0 3 0 0 0 0 4 6 5 5 1 1 2 1 2 3 2 3 2 4 5 3 2 7 2 1 7 0 0 4 8 0 4 2 10 16 9 6 2 24 18 31 2 14 4 1 1 3 14 0 0 0 1 3 1 0 2 2 0 0 0 0 0 0 0 1 0 1 0 0 0 0 
2 1 4 0 0 6 5 5 1 3 1 1 2 0 0 0 0 0 1 0 0 0 0 0 0 0 0 0 0 0 0 2 4 14 2 2 5 5 5 8 3 0 0 2 2 3 0 1 0 7 15 7 5 13 3 3 4 4 0 9 1 3 4 5 10 57 10 34 25 59 139 71 9 1 7 2 3 16 36 1 1 7 1 9 3 2 0 6 2 0 0 0 0 0 0 0 0 0 0 0 0 1 
0 0 1 1 2 1 0 4 1 0 0 0 2 6 1 2 2 0 0 0 0 0 0 3 0 0 0 2 0 2 2 2 4 0 0 0 1 3 7 3 2 0 2 4 4 6 9 7 3 12 7 5 7 5 3 0 1 9 0 2 3 0 3 0 6 11 1 0 1 2 2 3 1 2 6 1 1 7 47 6 4 0 9 21 5 16 6 40 4 0 0 4 0 10 5 4 0 10 6 3 0 2 
0 3 1 0 0 0 4 2 3 4 1 0 3 1 0 2 3 0 0 0 0 0 0 1 1 1 0 0 0 3 0 0 2 7 0 1 0 0 3 4 1 2 1 6 3 1 4 4 3 21 8 3 5 1 6 3 5 15 0 2 5 1 1 6 5 8 2 2 1 0 3 1 1 1 2 2 13 17 56 12 9 4 10 27 11 10 12 32 16 0 0 1 2 9 3 4 0 2 6 1 1 0 
0 2 0 1 0 0 0 0 0 0 1 0 0 0 0 0 0 0 0 0 0 1 0 0 0 0 0 1 0 0 0 0 0 0 0 0 0 0 0 0 0 0 2 1 1 0 2 3 0 4 2 0 0 3 1 1 2 1 0 1 0 0 0 2 0 0 0 1 0 0 5 0 1 2 3 8 1 5 27 6 2 1 4 13 1 1 0 6 0 0 0 1 0 1 0 1 0 0 0 0 0 0 
3 1 2 0 0 1 1 4 3 0 0 2 1 2 1 2 0 0 1 0 0 0 0 3 1 2 0 0 0 0 1 2 1 1 0 0 0 1 2 3 0 0 6 4 1 3 7 1 5 13 6 2 9 7 2 3 1 11 0 2 2 0 1 6 1 9 4 0 0 3 7 1 0 4 13 16 10 4 32 8 14 2 10 36 12 11 5 31 8 0 0 3 0 3 4 3 1 0 4 1 0 1 
11 14 23 9 7 16 17 17 10 15 5 15 11 10 15 39 16 10 7 7 4 2 2 11 2 0 1 9 0 31 11 19 11 23 8 6 4 2 14 10 14 3 25 15 9 17 9 22 21 80 117 77 162 96 72 51 97 141 0 44 15 9 12 30 31 57 12 22 3 29 37 40 19 25 277 285 73 101 18 89 106 43 85 161 74 53 27 116 20 0 0 19 8 22 10 23 3 7 13 8 0 9 
0 2 3 0 0 0 3 1 0 0 0 0 2 0 1 3 1 1 1 0 2 0 1 3 1 0 0 3 0 3 2 3 1 1 2 0 1 0 1 5 1 2 4 5 6 9 8 2 4 10 3 1 11 4 5 4 1 5 0 3 0 0 1 1 4 5 2 3 1 2 2 2 1 3 25 33 16 46 49 2 14 5 23 42 40 18 4 34 7 0 0 7 3 11 1 9 0 8 7 1 0 1 
2 1 2 0 0 0 0 0 0 0 0 1 0 0 0 0 0 1 0 0 1 0 0 0 0 0 0 4 0 3 0 3 2 6 1 1 0 1 1 0 1 1 3 5 4 2 3 8 6 22 7 3 2 3 7 0 3 3 0 4 3 1 0 5 3 4 0 0 0 0 1 3 2 3 11 15 9 8 43 9 3 4 7 21 26 12 13 35 8 0 0 6 0 1 4 7 1 10 5 0 0 4 
1 1 1 0 0 1 1 0 0 1 0 0 0 0 0 0 0 0 0 0 0 0 0 0 0 0 1 0 0 1 0 0 1 1 0 0 0 2 1 6 2 4 4 10 5 8 1 4 8 19 1 0 1 0 2 0 1 0 0 1 2 1 0 0 2 1 1 0 0 2 1 1 3 1 4 11 5 3 20 8 10 1 3 10 12 13 7 30 8 0 0 2 3 5 3 6 0 3 7 2 0 4 
1 2 1 0 0 0 0 2 2 2 0 1 0 0 0 0 0 0 0 0 0 0 0 0 0 0 0 0 1 1 0 0 2 1 4 0 0 0 3 2 2 0 6 5 2 1 2 5 6 12 3 5 2 3 3 2 2 1 0 3 0 2 3 1 4 0 0 1 1 2 7 4 0 0 6 18 4 19 20 9 6 3 5 39 14 20 6 42 6 0 0 4 2 17 5 5 1 10 17 1 0 1 
0 6 6 2 1 4 6 0 1 5 2 1 1 0 0 0 1 0 1 0 0 0 0 2 0 0 0 2 0 2 5 1 0 1 0 0 1 1 4 9 5 4 25 22 30 21 14 15 24 72 13 8 34 12 8 3 29 31 0 12 2 1 3 0 7 2 0 6 4 2 5 1 5 1 71 68 14 85 118 79 108 40 214 14 151 81 43 154 40 0 0 17 14 46 13 32 8 30 31 5 4 7 
0 0 3 0 0 2 0 0 0 0 1 0 0 0 0 0 0 1 0 0 0 0 0 0 0 0 0 0 0 1 0 2 0 0 0 0 0 1 1 10 4 1 16 15 11 10 17 6 14 22 5 5 9 13 1 1 11 16 0 3 0 0 0 7 1 3 0 0 0 2 2 2 2 1 12 12 3 29 53 70 75 20 65 62 6 27 16 93 19 0 0 17 10 20 8 11 0 20 14 3 1 4 
1 5 9 0 0 2 2 4 0 5 2 2 1 1 0 0 5 1 1 0 4 1 0 2 2 1 0 7 0 12 4 5 9 4 3 5 5 11 22 20 10 8 34 31 14 37 20 24 14 87 10 17 9 8 2 1 3 10 0 6 4 1 0 8 3 3 4 4 3 0 4 4 1 2 17 12 5 14 30 20 26 12 39 50 64 9 8 64 28 0 0 28 14 27 10 32 0 23 17 7 7 14 
0 0 1 0 2 2 4 2 1 1 1 1 3 0 0 0 4 0 2 2 1 1 1 2 2 0 0 4 0 7 0 3 6 3 4 3 10 6 12 5 5 1 11 20 8 10 10 11 16 41 8 4 10 3 0 0 4 7 0 2 0 0 1 1 3 1 1 0 0 1 2 1 0 0 6 11 5 10 18 18 18 7 7 29 16 14 4 39 22 0 0 29 5 17 8 14 2 22 11 5 3 9 
8 15 5 4 6 7 7 8 1 4 0 0 3 5 2 2 6 11 2 2 4 5 4 6 12 1 0 20 0 39 20 20 32 9 9 10 19 30 69 16 17 12 40 61 41 80 71 66 77 322 21 9 27 14 7 2 11 16 0 19 1 0 1 0 6 4 0 0 1 4 8 6 2 2 34 23 4 34 56 26 22 11 17 85 47 50 26 13 28 0 0 70 21 34 17 52 13 46 35 10 7 34 
2 2 7 0 1 2 0 3 0 1 0 0 2 2 1 3 4 6 2 2 3 2 0 1 1 0 0 5 0 9 1 8 5 4 6 6 7 14 18 10 3 10 16 42 13 14 10 24 18 53 3 10 7 5 0 0 3 5 0 1 1 0 0 0 2 3 0 0 1 1 1 0 1 1 6 12 0 6 13 6 18 6 13 27 7 27 22 28 3 0 0 24 9 12 12 28 2 7 15 4 1 13 
0 0 0 0 0 0 0 0 0 0 0 0 0 0 0 0 0 0 0 0 0 0 0 0 0 0 0 0 0 0 0 0 0 0 0 0 0 0 0 0 0 0 0 0 0 0 0 0 0 0 0 0 0 0 0 0 0 0 0 0 0 0 0 0 0 0 0 0 0 0 0 0 0 0 0 0 0 0 0 0 0 0 0 0 1 0 0 0 1 0 0 1 0 0 0 0 0 0 0 0 0 0 
0 0 0 0 0 0 0 0 0 0 0 0 0 0 0 0 0 0 0 0 0 0 0 0 0 0 0 0 0 0 0 0 0 0 0 0 0 0 0 0 0 0 0 0 0 0 0 0 0 0 0 0 0 0 0 0 0 0 0 0 0 0 0 0 0 0 0 0 0 0 0 0 0 0 0 0 0 0 0 0 0 0 0 0 0 0 0 0 0 0 0 0 0 0 0 0 0 0 0 0 0 1 
3 16 18 1 5 12 12 10 7 11 3 11 11 8 4 11 20 10 8 0 6 4 2 4 5 1 1 9 6 60 9 59 26 28 37 40 55 69 131 78 65 16 42 145 81 134 79 114 174 399 5 16 27 10 4 0 9 14 0 5 0 2 2 12 25 6 2 4 0 1 7 5 0 2 21 17 1 24 49 39 51 21 48 97 90 94 88 287 147 0 0 11 47 104 55 306 24 180 54 15 12 56 
0 3 0 0 0 3 1 3 0 0 0 0 0 2 0 0 1 0 0 0 0 0 0 0 0 0 0 1 2 6 1 2 2 3 1 4 2 2 8 5 4 2 11 10 14 10 6 14 15 42 3 4 2 1 2 0 1 0 0 1 0 0 0 0 0 1 0 0 0 0 0 1 0 0 3 5 1 7 6 9 5 4 4 9 6 14 7 51 16 0 0 30 2 5 4 26 2 19 7 6 5 6 
1 2 1 0 0 0 0 1 0 0 1 2 0 0 4 0 1 1 0 0 0 0 0 1 1 0 0 1 0 6 2 8 2 4 1 6 4 8 17 7 3 1 14 24 9 13 11 21 30 58 8 2 6 1 0 1 4 4 0 4 1 0 1 3 0 3 0 0 0 0 0 0 0 0 6 6 1 9 18 12 9 2 20 18 14 16 14 52 26 0 0 31 6 5 3 29 2 15 11 2 3 9 
0 0 0 0 0 1 0 1 1 0 1 0 1 0 0 1 0 1 0 0 0 0 0 0 0 0 0 1 0 8 4 6 2 2 3 3 0 2 7 6 7 2 6 24 9 12 6 15 8 45 4 2 5 6 2 0 2 2 0 3 0 1 0 0 0 0 0 0 0 0 0 0 0 0 0 4 0 3 15 11 17 5 3 14 8 19 13 45 21 0 0 16 4 5 2 14 0 22 5 5 3 15 
0 4 0 0 0 3 2 0 1 0 2 0 0 2 0 0 2 0 0 0 0 0 0 0 0 0 0 3 0 5 2 4 4 2 7 5 7 11 17 10 12 3 18 38 7 16 12 9 27 41 1 1 3 7 2 0 0 4 0 1 0 0 1 1 0 1 0 1 0 0 0 0 0 0 6 2 0 2 11 14 13 2 4 22 14 17 25 74 23 0 0 46 14 26 9 7 1 27 19 5 2 19 
0 1 0 0 0 0 0 0 0 0 0 0 1 0 0 0 0 0 0 0 0 0 0 0 0 0 0 0 0 0 1 0 0 0 0 1 1 1 2 0 0 0 3 1 1 0 3 1 0 5 0 0 0 0 1 0 0 0 0 1 1 0 0 0 0 0 0 0 0 0 0 0 0 0 0 0 0 0 0 0 0 0 1 2 3 0 4 13 2 0 0 3 1 1 1 4 1 0 1 0 0 2 
1 1 1 0 0 0 0 1 1 0 0 2 2 0 0 1 1 0 0 0 0 0 0 2 0 0 0 1 1 4 2 1 1 2 3 3 2 3 9 3 2 1 13 10 9 7 4 7 13 35 3 6 4 0 1 0 2 3 0 0 0 0 0 0 0 0 0 0 0 0 1 0 0 1 13 1 3 3 9 6 7 2 4 20 4 6 6 62 4 0 0 21 7 10 5 16 0 4 4 6 3 8 
0 0 1 1 0 1 1 0 1 0 1 1 2 2 0 0 0 0 0 0 0 0 0 0 0 0 0 0 0 5 0 3 1 3 1 3 2 2 10 7 6 0 16 15 14 10 15 8 16 38 4 4 2 0 2 1 2 1 0 1 1 0 0 0 1 2 0 0 0 0 0 0 0 0 7 3 0 5 12 6 4 7 7 19 7 8 8 52 8 0 0 8 1 11 6 3 0 4 2 1 2 6 
0 0 0 0 0 0 0 0 0 0 0 0 0 0 0 0 0 0 0 0 0 0 0 0 0 0 0 1 0 2 0 0 2 0 0 0 0 2 5 0 0 0 1 3 4 4 1 1 1 2 1 0 1 1 0 0 0 0 0 0 0 0 0 0 0 0 0 0 0 0 0 0 0 0 3 1 0 3 2 1 0 1 1 4 3 2 1 6 0 0 0 1 1 0 1 0 0 1 0 0 0 2 
1 1 1 0 0 1 0 0 0 0 0 0 0 0 0 0 0 0 0 0 0 0 0 0 0 0 0 1 0 2 1 0 2 0 0 1 1 0 0 0 1 1 3 2 0 4 3 1 2 7 0 0 0 1 0 0 0 0 0 0 0 0 0 0 0 0 0 0 0 0 0 0 0 0 0 1 0 1 2 0 1 0 2 4 3 4 1 3 1 0 0 4 0 1 2 2 1 3 1 0 0 0 
3 7 5 0 0 3 1 1 1 0 0 4 3 3 2 1 2 3 1 1 3 0 2 2 0 0 0 2 0 23 5 5 22 13 15 10 13 21 33 21 4 2 42 37 14 44 32 22 26 116 10 6 10 5 2 0 4 1 0 2 1 0 0 4 2 3 0 4 0 0 3 2 2 0 7 5 1 7 20 10 14 11 9 25 18 16 13 98 37 0 0 32 7 26 20 26 7 14 9 4 2 6 
