11 16 20 4 9 29 22 15 26 28 15 41 46 70 44 48 31 25 22 9 10 12 4 21 3 1 0 17 73 7 0 1 20 3 2 4 4 5 35 24 9 2 5 11 6 11 15 2 9 67 5 0 7 5 1 0 6 2 0 3 0 0 0 2 5 16 8 7 0 5 0 0 1 1 2 2 0 0 12 1 1 2 2 5 2 6 5 25 2 0 0 6 1 1 0 0 0 1 0 0 0 9 
9 8 15 6 9 33 24 22 32 23 9 33 63 62 58 47 41 38 31 14 7 7 4 21 11 1 0 14 79 5 2 2 9 2 2 3 3 6 31 16 13 1 9 16 9 18 7 5 6 51 6 3 9 9 2 5 3 6 0 3 1 3 2 4 4 5 1 3 2 1 3 0 0 1 3 2 0 2 24 2 1 2 1 7 3 5 7 16 4 0 0 13 4 1 2 1 1 1 0 1 0 10 
15 11 8 4 12 12 22 15 32 24 4 16 37 69 39 43 28 14 23 5 12 8 9 16 5 1 0 18 111 3 1 5 8 4 4 0 4 8 28 14 11 0 5 15 12 7 10 3 4 34 5 4 8 8 3 1 1 10 0 0 0 2 1 1 6 6 1 1 0 1 2 1 1 0 3 0 0 3 26 1 0 0 0 7 2 2 2 12 3 0 0 8 2 4 2 1 0 3 0 0 0 7 
6 18 19 1 1 6 5 5 4 2 2 5 9 9 5 12 7 1 5 2 0 4 1 1 1 0 0 3 15 2 0 0 2 0 0 0 0 2 4 1 3 0 0 0 1 1 1 3 1 7 0 0 0 0 0 0 0 1 0 0 0 0 0 1 0 0 0 1 1 0 0 0 0 2 0 0 0 0 3 0 0 0 0 0 0 1 0 2 0 0 0 0 0 0 1 0 0 1 1 0 0 1 
8 9 3 2 3 18 4 4 11 2 3 10 24 17 8 32 7 4 7 1 6 2 1 11 0 0 0 8 15 0 0 1 1 0 0 0 1 2 5 4 1 0 0 7 0 2 4 0 0 19 0 0 2 1 0 1 1 2 0 0 0 0 0 0 1 1 1 3 1 2 0 3 0 0 0 1 0 1 6 0 0 0 1 6 1 1 1 4 2 0 0 5 1 0 0 1 0 2 0 0 0 0 
23 43 22 14 11 7 9 21 21 10 8 25 44 66 32 70 55 16 22 10 10 9 3 22 6 0 0 18 87 3 2 0 5 2 2 1 1 8 27 11 15 1 11 8 3 12 5 1 2 35 2 1 6 4 1 1 1 6 0 0 3 1 0 0 1 4 0 2 2 4 3 3 2 2 0 0 1 1 8 0 0 0 1 1 1 3 1 5 3 0 0 13 5 0 3 1 1 0 2 0 1 4 
34 32 26 12 10 19 3 11 21 16 8 20 40 81 31 52 31 20 22 4 14 5 1 15 6 0 0 13 69 2 0 2 11 3 10 4 4 5 26 9 4 1 10 2 10 10 12 1 0 29 3 2 9 3 0 0 1 3 0 1 0 0 0 5 2 3 0 1 0 2 2 0 3 1 1 0 3 1 15 0 0 1 2 0 4 1 0 5 1 0 0 1 2 0 0 1 0 0 0 0 0 4 
20 21 17 8 6 7 20 9 16 16 6 22 49 81 31 50 45 16 11 11 8 11 2 20 3 0 1 24 66 5 1 9 6 1 2 2 0 3 29 17 6 1 3 3 8 4 7 1 3 24 4 4 4 3 1 1 4 5 0 0 0 6 0 2 6 9 0 3 1 2 4 4 0 2 0 3 0 0 10 0 0 0 0 2 0 2 0 6 1 0 0 6 1 0 1 1 0 0 0 0 0 1 
26 33 41 6 10 32 49 14 13 8 6 22 31 72 33 40 36 26 18 3 11 14 3 24 5 1 3 16 77 3 1 1 9 3 3 2 1 8 31 18 7 2 0 3 9 9 9 5 6 26 0 2 5 8 1 2 1 5 0 0 1 1 1 5 6 3 5 1 1 1 2 0 1 4 2 0 0 0 15 0 0 0 0 0 0 2 4 4 2 0 0 9 0 0 0 0 0 1 1 0 0 6 
13 17 16 2 3 5 13 3 7 3 1 16 23 22 12 41 12 15 18 6 12 4 3 14 12 0 0 12 29 0 0 0 3 0 1 0 0 2 11 8 8 0 4 0 5 5 5 1 1 14 13 4 6 7 1 1 2 7 0 2 0 2 0 2 3 0 3 1 0 0 3 0 3 1 1 3 1 1 22 0 0 0 0 2 0 1 1 1 1 0 0 1 2 1 0 1 0 0 0 0 0 3 
8 15 12 1 2 7 9 10 7 4 3 9 19 19 15 35 25 14 4 6 4 5 2 14 2 0 0 12 16 3 1 1 0 1 3 0 3 1 23 6 1 1 2 5 0 7 4 2 5 31 0 2 0 2 1 0 0 4 0 1 0 0 0 0 1 5 0 0 0 1 3 0 3 0 0 2 2 0 5 0 3 0 0 0 1 0 1 2 0 0 0 3 3 0 0 0 2 0 0 0 1 5 
31 36 30 3 9 14 29 22 29 23 11 6 45 38 16 52 32 21 25 9 5 7 12 47 14 0 0 28 37 4 3 3 7 0 3 1 3 8 37 11 16 3 7 6 5 7 10 4 5 30 4 1 11 6 5 1 5 3 0 6 0 3 5 0 1 5 0 1 0 0 3 2 2 1 3 1 0 1 8 3 0 1 0 0 0 4 0 2 2 0 0 8 0 1 0 0 0 0 0 0 0 3 
32 61 39 3 13 34 45 68 48 41 18 28 7 72 22 64 53 33 25 7 24 24 15 61 25 2 2 50 43 10 5 4 11 1 3 0 7 9 31 22 8 1 5 2 8 11 5 5 3 32 6 8 6 8 0 0 3 4 0 1 2 1 1 0 2 0 1 1 1 0 3 2 1 0 2 10 2 1 19 2 0 0 0 0 0 2 0 2 1 0 0 8 0 1 0 1 0 0 2 0 0 7 
55 85 58 9 22 51 49 62 72 56 27 45 50 13 13 56 89 55 66 27 35 48 22 71 34 2 6 112 49 5 1 4 12 1 0 3 3 7 21 22 17 0 3 12 3 7 9 3 3 38 21 7 13 7 1 4 5 12 0 6 3 3 2 2 0 2 0 0 0 0 0 1 0 1 10 3 0 2 29 6 0 0 0 1 0 0 1 5 0 0 0 8 1 2 1 1 1 1 2 0 0 5 
36 40 50 3 15 29 31 35 27 28 20 25 41 31 5 17 51 26 31 17 39 15 16 56 37 2 0 80 30 11 3 6 1 2 5 1 1 1 12 15 5 0 3 8 5 10 6 3 3 15 10 3 12 9 4 2 0 4 0 2 1 1 1 0 0 0 0 0 0 0 0 0 0 0 4 1 2 2 21 4 0 0 0 0 0 1 1 8 2 0 0 5 0 1 1 1 1 0 0 0 0 3 
38 57 33 10 5 36 39 47 46 58 12 39 49 40 21 11 60 53 62 23 59 33 39 89 45 8 3 92 32 20 12 15 21 4 12 6 22 3 15 24 17 4 12 15 13 13 12 4 3 51 12 7 24 5 1 0 3 8 0 4 0 2 1 3 3 0 2 0 0 0 2 3 2 2 11 4 2 7 44 1 0 0 2 0 0 5 2 9 4 0 0 16 3 0 0 4 0 1 1 0 0 14 
19 25 28 3 10 32 21 31 47 35 21 43 48 83 53 85 13 47 54 27 54 21 36 106 29 3 2 55 18 26 11 21 32 13 29 18 40 3 41 50 41 2 11 27 15 27 25 8 2 49 6 5 12 7 1 0 6 7 0 0 1 2 2 3 4 0 0 2 0 0 1 0 0 3 3 3 0 2 28 3 3 2 0 2 0 3 1 14 2 0 0 7 1 1 0 1 0 1 1 1 0 6 
11 20 15 0 7 14 20 17 26 35 8 39 40 58 26 96 58 9 47 21 60 21 28 52 25 6 1 57 17 16 18 9 23 6 19 9 32 8 56 10 20 5 11 16 17 19 16 3 7 56 1 2 10 7 1 1 2 3 0 2 1 0 1 0 0 0 0 0 0 1 0 1 0 0 5 0 0 0 20 3 0 0 0 1 0 5 4 11 2 0 0 8 2 0 0 2 0 2 0 0 0 2 
12 17 20 0 4 18 14 10 12 20 8 21 45 81 27 64 48 33 3 25 48 16 18 51 22 2 1 54 15 13 8 7 14 6 12 7 12 13 50 13 10 0 13 11 12 19 19 3 1 58 3 4 10 3 2 0 0 9 0 0 0 0 2 2 2 0 0 0 0 0 0 2 0 0 6 6 0 0 11 4 0 0 0 0 0 3 1 6 4 0 0 8 0 3 0 1 0 0 0 0 0 6 
16 12 11 0 2 8 12 7 14 16 9 7 18 42 22 45 27 15 12 1 1 7 25 32 15 9 6 72 10 3 4 7 13 2 9 3 11 10 46 11 5 3 10 7 11 10 7 4 9 31 2 3 2 3 2 1 0 3 0 2 2 0 0 2 0 1 0 0 0 0 0 0 0 1 4 1 0 1 3 4 0 1 1 2 0 0 2 3 2 0 0 6 0 0 0 0 0 0 0 0 0 2 
7 8 7 1 0 9 11 20 9 15 4 19 27 57 29 81 60 22 22 2 4 10 11 30 10 11 14 53 16 2 0 1 7 2 2 2 12 10 55 11 4 3 6 8 5 5 3 1 0 21 1 0 0 0 0 0 0 2 0 0 0 2 0 0 0 0 0 0 0 0 0 0 0 0 0 0 0 0 5 0 0 0 0 1 0 1 0 9 0 0 0 5 0 0 0 0 0 0 0 0 2 0 
10 12 9 1 6 10 18 5 7 14 6 11 18 49 33 51 36 19 17 7 7 6 7 15 7 5 4 39 34 3 1 0 2 4 1 2 13 7 30 5 9 1 1 2 2 4 8 1 1 8 2 0 0 3 1 2 2 2 0 0 0 0 0 2 0 0 0 0 0 0 0 0 0 0 1 0 0 0 6 0 0 0 0 0 0 0 1 3 1 0 0 2 1 0 0 0 0 0 0 0 0 0 
2 7 8 0 1 3 3 5 8 15 9 18 17 37 28 62 27 17 34 5 39 5 7 17 9 2 5 44 7 3 1 3 11 8 3 6 14 6 28 8 3 0 0 12 4 14 1 1 1 22 0 3 3 5 0 0 0 1 0 0 0 2 1 0 0 0 0 0 0 0 0 0 0 0 0 1 0 0 3 0 0 0 1 2 0 1 0 2 0 0 0 1 0 0 0 0 0 0 0 0 0 2 
9 13 7 2 7 12 7 9 11 19 2 18 32 72 42 110 65 35 63 13 26 24 14 12 6 20 37 74 13 6 3 2 28 3 2 7 21 6 73 20 14 4 5 11 11 25 16 5 5 64 7 5 8 4 1 0 0 2 0 0 4 0 0 0 0 0 0 0 0 0 0 0 0 0 0 1 0 0 16 0 0 2 1 2 0 2 1 6 2 0 0 3 0 0 0 0 0 0 2 0 0 2 
12 16 7 1 2 11 14 10 7 33 10 19 32 39 25 90 51 18 35 14 15 19 8 11 4 5 13 39 5 12 3 7 83 2 5 3 11 7 30 17 22 1 4 13 16 19 10 10 11 108 14 8 17 7 1 0 2 6 0 0 2 3 0 0 0 1 0 0 0 0 0 0 0 0 2 0 0 2 10 0 1 2 0 1 1 2 0 33 2 0 0 9 0 1 1 0 0 0 0 0 0 3 
0 1 0 0 0 0 0 0 6 2 0 0 3 11 3 15 4 12 8 6 15 20 4 21 4 1 2 5 1 0 1 0 2 0 0 2 0 4 5 1 2 0 0 3 2 0 0 0 3 2 1 0 1 0 0 0 0 0 0 0 0 0 0 1 0 0 0 0 0 0 0 0 0 0 0 0 0 0 3 0 0 0 1 0 0 0 0 0 0 0 0 1 0 1 0 0 0 0 0 0 0 2 
0 1 0 0 0 0 1 1 0 2 0 2 1 2 4 13 8 4 5 7 5 3 1 26 1 2 0 17 0 0 0 3 0 1 0 1 2 3 2 2 0 0 0 1 1 2 2 0 0 0 1 0 0 0 0 1 0 0 0 0 0 0 0 0 0 0 0 0 0 0 0 0 0 0 0 0 0 0 0 0 0 0 0 0 0 0 0 0 0 0 0 0 0 0 0 0 0 0 0 0 0 0 
13 15 15 2 5 9 15 14 13 18 7 24 37 85 49 94 54 44 50 37 50 58 36 83 29 14 37 12 5 8 2 5 33 6 6 12 24 21 46 23 15 3 19 8 6 34 17 4 5 73 8 2 5 3 4 3 0 5 0 2 1 0 0 3 7 1 0 1 0 0 0 0 0 0 5 2 0 1 7 1 0 0 1 3 3 2 5 34 4 0 0 9 0 0 0 0 1 0 0 1 0 7 
17 37 45 12 8 31 37 26 41 12 10 8 21 33 24 20 12 8 12 9 4 10 2 1 2 0 0 12 0 5 1 2 2 1 1 1 4 0 11 5 11 1 4 2 2 2 3 1 7 14 1 0 0 1 0 0 3 0 0 4 1 0 3 6 0 5 0 1 2 1 1 0 1 1 0 0 0 2 6 0 0 2 2 2 1 0 1 8 2 0 0 6 0 0 0 0 0 0 0 0 0 6 
5 1 0 0 2 1 2 4 3 2 3 1 11 7 2 20 36 21 18 6 6 6 0 11 2 0 0 4 9 22 71 97 211 51 95 103 297 119 263 127 52 9 38 49 41 54 42 25 17 157 3 3 8 4 6 1 1 2 0 10 4 4 0 10 12 26 3 3 2 6 4 5 4 0 2 3 0 3 18 7 2 0 4 3 1 7 16 40 11 0 0 34 5 9 7 10 0 5 8 0 3 18 
2 0 1 0 1 0 0 3 0 7 1 2 3 3 2 8 16 9 6 3 3 1 2 7 4 0 0 4 0 65 3 59 76 24 51 27 113 40 66 24 14 1 18 19 19 19 19 8 4 49 1 0 3 4 0 0 4 0 0 4 1 0 0 1 8 11 0 1 0 4 1 2 1 0 0 0 0 1 8 1 0 0 1 0 1 6 4 4 2 0 0 20 0 2 2 1 0 0 2 1 0 15 
7 2 3 0 0 2 3 3 1 1 1 4 3 5 3 8 23 10 10 2 3 4 2 3 3 0 0 7 5 135 53 9 81 29 88 82 215 99 208 57 53 2 28 37 39 56 37 13 10 140 3 0 17 7 3 0 4 4 0 6 3 10 4 1 3 14 9 2 1 1 2 2 4 6 3 7 1 0 29 1 0 2 4 0 2 13 4 29 18 0 0 27 10 2 5 5 0 0 0 1 0 16 
14 9 6 4 1 7 12 1 5 6 4 3 15 12 7 16 33 18 15 4 17 5 8 50 23 1 0 27 14 246 95 81 16 24 75 82 172 91 260 103 101 11 75 69 91 127 76 53 67 628 19 16 50 22 7 10 12 15 0 13 3 3 3 8 11 11 7 12 4 8 15 11 6 6 8 8 1 8 48 6 9 4 6 6 2 14 9 111 18 0 0 56 5 8 8 17 2 10 4 0 1 65 
3 3 3 0 0 2 3 0 0 1 0 2 1 0 1 5 13 3 9 1 3 3 3 9 5 1 0 0 3 55 31 23 27 5 20 17 96 37 101 46 31 5 19 32 26 33 19 8 8 61 9 4 5 9 4 3 0 8 0 5 2 12 1 6 9 22 8 8 1 3 10 6 8 11 3 3 0 0 20 1 1 0 0 3 0 3 1 7 8 0 0 19 3 2 4 6 0 0 1 0 0 9 
4 6 3 0 1 5 1 2 0 0 1 0 2 0 1 18 24 11 16 5 1 2 5 11 6 0 3 13 5 115 43 72 85 22 8 24 173 55 154 81 56 7 42 51 40 61 40 35 13 128 3 1 5 9 1 4 3 12 0 4 0 12 5 8 3 11 3 9 2 13 12 12 5 2 1 2 0 1 15 0 1 1 0 3 0 5 3 13 15 0 0 44 3 5 4 6 0 3 5 3 2 12 
1 8 5 0 0 3 1 0 2 1 0 0 0 0 1 9 15 8 6 1 0 0 3 7 8 0 0 7 4 134 54 68 89 20 38 11 100 40 101 46 30 6 32 38 21 51 22 18 17 106 7 5 4 2 1 1 1 4 0 2 1 0 2 2 4 8 5 3 3 2 9 10 4 5 2 1 0 0 13 1 0 0 0 2 0 3 2 17 8 0 0 36 3 6 2 5 0 2 1 2 0 24 
4 4 1 0 0 6 6 2 5 5 0 5 4 1 2 30 26 24 14 5 16 15 10 21 10 4 3 22 8 331 150 233 244 90 130 255 29 115 373 285 137 44 98 159 121 184 121 45 74 363 17 16 20 10 3 5 10 12 0 7 1 15 3 34 19 15 6 32 10 8 22 22 15 9 8 3 2 2 19 1 2 0 0 2 2 17 15 56 20 0 0 83 25 19 12 16 2 15 15 7 2 56 
8 12 6 4 1 7 5 6 9 6 3 7 6 8 3 3 16 12 6 5 8 1 8 12 10 1 2 19 15 130 41 97 118 38 50 52 87 13 125 135 82 11 51 79 60 86 81 35 26 233 3 3 6 6 0 0 0 5 0 1 0 3 2 2 7 7 1 0 5 5 21 5 6 8 6 1 1 2 13 7 0 1 2 3 0 15 12 37 14 0 0 53 11 13 2 7 1 9 5 6 0 34 
9 21 17 2 6 14 7 22 22 12 5 27 27 11 11 5 30 29 21 11 22 16 7 37 13 2 4 32 11 140 54 109 180 56 73 83 356 103 22 258 154 24 92 125 74 133 81 38 46 297 8 6 22 8 1 4 9 4 0 5 3 15 4 14 16 24 6 5 5 7 13 14 5 6 8 1 0 1 25 2 5 1 6 9 3 21 14 67 17 0 0 90 7 9 14 8 6 6 6 2 6 60 
8 14 18 2 7 10 11 15 16 14 4 19 21 9 8 15 37 21 21 9 5 9 3 28 7 0 4 25 13 71 31 88 103 51 69 63 270 160 422 11 39 9 48 119 82 134 62 39 26 277 2 3 6 3 1 1 0 7 0 1 2 8 0 12 12 15 3 2 0 2 2 4 6 0 7 2 2 4 22 1 6 7 2 19 11 4 8 25 19 0 0 46 4 3 3 11 0 6 5 0 0 43 
7 21 10 4 0 8 10 9 11 7 3 5 16 10 5 13 30 12 7 6 11 6 6 12 7 0 1 22 11 49 15 58 112 29 18 23 139 100 246 51 11 10 39 76 42 106 55 23 32 209 5 1 8 4 0 1 1 4 0 2 2 7 1 11 11 10 0 2 1 2 4 1 5 5 7 4 0 5 13 5 5 6 3 13 12 9 10 14 11 0 0 46 5 13 5 9 0 2 8 1 1 11 
0 0 2 0 1 0 1 2 3 2 1 0 3 0 1 2 3 3 1 2 1 0 0 1 0 0 0 0 1 3 0 5 23 8 6 9 42 18 20 18 13 6 21 27 17 30 15 6 5 31 5 0 3 1 0 1 0 0 0 0 0 0 0 0 2 1 1 1 0 0 2 0 0 0 1 0 0 1 5 0 3 1 1 3 1 3 6 3 7 0 0 5 1 4 3 2 0 2 4 1 0 1 
4 9 9 1 2 6 6 6 2 5 3 5 7 7 7 5 20 14 9 3 8 4 0 9 5 0 0 12 4 40 6 21 86 28 35 22 100 69 116 44 39 22 24 124 49 73 49 29 26 192 7 7 10 4 0 1 4 6 0 3 0 5 0 4 7 11 1 2 4 2 2 4 7 2 10 4 2 8 19 13 8 6 9 41 22 44 22 62 67 0 0 132 26 30 21 44 8 23 24 0 4 100 
6 14 8 1 1 7 5 6 6 15 6 4 12 6 10 10 21 15 12 6 9 3 1 18 8 0 0 18 6 38 17 28 103 32 44 20 132 91 179 106 51 53 85 17 126 243 137 78 95 351 19 9 20 7 1 1 4 8 0 8 3 11 1 9 6 14 1 3 3 3 6 3 5 5 25 12 2 12 56 24 27 21 12 98 47 69 71 78 80 0 0 226 46 68 34 86 15 45 36 8 0 110 
16 18 2 7 5 6 1 6 5 5 0 12 6 1 6 15 7 13 14 9 7 2 2 26 15 1 1 14 15 46 17 32 110 28 48 24 142 71 134 72 48 17 49 163 12 210 96 79 85 322 6 9 6 2 0 0 4 5 0 3 3 8 1 11 3 8 5 3 2 3 5 7 4 5 9 4 0 2 21 10 7 5 7 20 9 30 18 51 21 0 0 69 11 21 18 23 8 17 13 1 3 54 
11 12 6 1 4 5 7 10 14 12 6 13 9 14 9 15 27 18 22 7 9 3 8 24 11 2 0 29 12 63 24 40 143 25 51 34 113 92 206 137 93 14 61 208 126 29 136 164 121 586 4 11 21 12 4 3 3 7 0 2 1 5 1 9 4 16 1 11 4 3 4 1 9 7 11 4 1 5 21 7 11 16 11 51 17 57 23 77 28 0 0 118 14 29 22 24 7 34 39 4 5 125 
6 16 10 1 3 4 11 6 8 10 6 10 8 15 5 13 14 12 16 4 6 8 9 18 8 0 0 15 17 57 20 30 166 30 27 24 123 80 161 86 79 20 39 133 72 201 19 128 122 335 9 3 10 6 3 2 4 3 0 1 2 2 0 6 6 7 4 9 1 5 2 10 3 2 4 9 0 4 25 15 2 9 6 39 13 30 8 70 9 0 0 89 11 27 23 16 2 14 17 5 5 95 
5 5 3 2 2 1 2 1 1 4 1 6 1 6 2 2 9 10 3 2 4 0 2 15 9 0 0 9 8 23 10 21 62 6 12 9 51 39 89 38 33 8 32 69 54 145 97 9 47 338 3 2 7 2 1 1 0 2 0 0 3 0 0 4 4 0 2 2 0 1 1 1 1 7 3 1 1 4 9 3 3 3 6 6 1 13 6 57 10 0 0 49 5 14 19 4 0 6 11 0 2 51 
5 3 5 0 2 3 2 4 0 6 2 1 7 3 4 4 13 5 6 1 3 1 3 16 3 0 0 4 8 15 7 20 102 11 23 12 49 32 91 48 40 11 39 111 65 173 98 83 15 454 2 4 7 1 1 0 3 6 0 0 6 10 0 5 2 4 0 4 1 3 2 4 7 4 4 3 1 2 16 2 3 7 6 14 5 10 12 43 4 0 0 65 12 20 26 13 4 5 7 1 0 51 
29 44 23 4 18 16 23 20 29 34 9 28 31 28 18 28 64 60 37 28 23 13 6 105 33 2 2 80 35 135 45 94 697 57 116 95 378 222 498 240 233 36 134 345 202 488 243 267 295 38 44 14 58 11 2 3 8 12 0 3 14 15 2 32 25 29 4 15 6 2 5 18 22 21 16 17 2 17 95 32 33 37 35 79 20 59 42 342 44 0 0 249 35 46 41 46 6 36 54 13 12 261 
10 6 5 1 4 4 1 3 3 12 1 4 6 19 18 14 9 7 6 3 0 1 0 25 6 1 1 11 6 8 5 6 46 12 6 5 10 4 10 6 5 0 8 16 8 17 13 4 1 52 6 13 29 19 9 5 16 21 0 31 7 2 2 7 10 26 4 9 4 14 8 9 13 11 7 9 3 5 107 7 10 3 6 20 6 8 5 26 6 0 0 25 2 4 3 4 1 5 7 1 0 23 
1 6 7 0 3 2 4 4 1 7 1 3 1 9 6 10 6 4 2 1 1 0 1 4 1 0 1 3 7 6 4 3 33 4 7 1 11 0 8 5 3 1 3 9 5 8 10 1 2 23 5 3 23 16 12 1 9 12 0 11 1 1 0 7 5 15 3 4 1 7 3 3 5 5 8 2 1 6 48 7 4 1 1 13 1 9 1 14 3 0 0 4 3 1 1 3 1 1 2 0 0 10 
6 5 3 2 0 7 13 8 3 5 0 8 7 21 9 16 13 11 12 3 1 3 1 25 5 0 0 17 12 19 3 10 60 8 5 5 7 6 23 15 8 4 10 17 11 27 21 7 6 56 24 29 7 19 13 7 13 25 0 25 8 7 3 17 19 16 3 13 4 14 8 11 11 13 3 3 0 8 102 3 4 1 5 18 8 15 12 42 11 0 0 16 5 10 3 5 1 3 3 0 1 22 
3 4 0 0 1 1 4 3 2 4 4 1 3 9 1 6 8 8 4 1 1 2 2 8 0 0 0 3 5 3 8 3 24 2 4 5 22 2 13 3 1 0 6 6 5 10 11 6 3 12 10 14 43 3 6 5 5 21 0 19 3 3 4 14 12 18 7 10 0 6 4 2 3 6 5 3 0 3 70 6 3 1 3 9 3 4 6 4 2 0 0 18 2 2 5 2 0 5 1 1 0 10 
3 2 2 0 0 3 1 0 0 0 1 2 2 6 1 4 2 2 1 0 0 1 0 6 1 0 0 6 1 5 0 3 15 1 5 1 6 2 5 0 0 0 7 1 1 4 8 5 1 7 5 9 17 3 0 1 4 20 0 17 5 3 3 3 2 7 1 2 0 2 1 2 7 6 2 3 2 2 50 4 7 1 2 12 0 3 0 5 1 0 0 3 1 2 0 1 1 1 1 0 0 9 
0 2 1 0 1 0 2 3 1 1 1 4 0 1 4 4 3 0 1 0 0 0 0 3 0 1 0 0 5 2 1 0 6 1 1 0 1 1 4 3 1 0 2 4 2 2 2 0 0 3 8 8 6 5 1 0 10 13 0 12 6 0 1 5 3 1 0 0 0 5 3 1 5 2 1 1 0 4 31 3 0 1 3 10 0 2 3 11 1 0 0 5 1 0 2 0 0 2 0 0 0 4 
3 0 1 0 0 0 3 2 3 1 2 0 7 9 1 9 5 6 3 1 1 1 2 4 1 0 0 4 4 4 0 5 17 3 1 6 8 4 9 7 2 0 0 3 5 5 4 2 2 20 11 4 21 11 11 7 0 16 0 18 9 3 4 6 11 11 4 4 0 3 2 5 3 10 5 7 0 2 44 7 1 2 1 18 3 2 2 10 4 0 0 16 0 1 2 1 0 2 4 0 0 9 
2 4 3 2 2 6 10 4 0 4 2 8 11 16 5 12 8 2 8 0 1 1 0 9 1 0 1 4 5 1 0 3 23 11 13 9 9 1 11 6 9 0 1 7 1 11 2 2 2 18 28 10 30 24 9 3 12 5 0 25 10 6 5 9 7 17 1 8 2 2 4 4 15 3 9 15 1 8 109 10 7 0 12 19 6 13 2 17 2 0 0 14 2 4 4 5 1 2 1 0 2 7 
0 0 0 0 0 0 0 0 0 0 0 0 0 0 0 0 0 0 0 0 0 0 0 0 0 0 0 0 0 0 0 0 0 0 0 0 0 0 0 0 0 0 0 0 0 0 0 0 0 0 0 0 0 0 0 0 0 0 0 0 0 0 0 0 0 0 0 0 0 0 0 0 0 0 0 0 0 0 0 0 0 0 0 0 0 0 0 0 0 0 0 0 0 0 0 0 0 0 0 0 0 0 
5 9 10 3 1 0 0 1 2 2 9 6 9 26 8 24 12 7 2 2 4 4 3 21 2 1 2 16 18 9 8 7 8 2 1 0 2 2 8 7 3 0 2 5 4 3 2 6 3 19 27 17 32 26 9 2 8 17 0 5 0 7 1 6 21 21 10 8 5 4 10 8 11 14 8 5 1 3 43 6 3 2 1 14 3 12 6 9 4 0 0 5 9 2 3 3 0 4 3 0 1 10 
0 1 2 0 0 1 2 0 0 0 0 1 1 1 0 1 0 0 3 0 1 1 1 2 1 0 0 1 2 2 2 2 6 2 1 0 2 0 3 3 1 1 3 4 2 2 3 0 3 7 2 8 8 9 0 3 7 4 0 6 3 2 8 6 5 6 6 12 5 8 5 11 7 2 1 3 0 0 15 2 0 2 1 5 0 7 1 5 1 0 0 5 1 0 1 0 0 0 0 0 0 4 
1 4 4 1 1 3 2 1 3 2 2 3 4 5 2 3 5 4 6 0 2 0 0 1 2 0 0 1 1 9 2 6 8 10 23 1 13 9 17 11 5 0 8 3 7 8 4 4 6 10 2 1 2 1 3 2 1 10 0 7 1 9 0 3 10 7 5 4 2 17 7 4 0 8 1 0 0 3 24 4 3 1 1 4 2 2 3 4 1 0 0 15 1 1 0 2 0 1 1 0 1 1 
2 1 2 0 0 0 0 2 1 1 0 0 3 0 0 0 3 2 1 0 1 0 0 0 0 0 0 1 6 1 2 1 1 1 2 2 10 3 3 3 0 0 1 0 1 1 1 0 1 9 2 0 1 3 3 0 0 3 0 4 3 1 2 0 12 6 3 5 3 1 3 2 1 3 2 0 0 1 7 0 0 0 0 0 0 3 1 0 1 0 0 0 0 0 1 0 0 0 1 0 0 0 
2 3 0 0 0 3 0 4 5 1 1 2 0 1 1 0 2 1 2 1 1 0 0 1 1 0 0 1 2 4 9 11 4 4 10 14 23 7 15 15 6 1 5 13 8 8 7 0 1 17 13 13 22 10 3 2 8 9 0 4 2 7 2 0 4 21 13 15 3 6 7 15 6 7 2 1 0 3 20 2 1 0 2 2 0 1 0 2 1 0 0 10 0 1 0 0 0 1 0 1 0 4 
2 1 3 0 0 3 3 5 1 4 1 5 3 1 0 0 4 1 1 0 0 0 1 1 0 0 0 2 11 23 11 9 13 7 2 14 28 5 32 19 20 2 5 7 14 12 3 5 5 22 12 14 15 11 1 0 6 8 0 9 6 7 7 13 5 21 12 19 16 29 25 36 19 22 8 3 0 9 37 0 5 2 2 1 2 9 0 7 3 0 0 8 1 2 0 0 0 0 1 0 0 4 
9 13 7 0 3 3 13 2 8 4 0 3 6 1 0 1 1 0 0 1 0 0 0 1 0 0 0 1 4 55 25 19 33 21 12 18 47 18 53 23 11 3 10 17 11 17 19 4 2 34 28 17 33 19 10 8 16 16 0 36 16 37 10 24 31 13 13 36 34 32 49 61 30 32 9 6 3 14 76 11 6 2 3 6 1 7 5 13 0 0 0 14 2 2 1 0 0 1 0 0 0 5 
6 2 0 0 1 1 3 0 4 0 1 0 0 0 1 0 1 0 0 0 0 0 0 0 1 1 0 0 3 6 2 5 7 3 3 0 9 4 8 7 8 0 1 1 3 8 2 2 3 10 4 3 9 9 1 2 1 3 0 9 3 7 5 8 19 12 4 8 11 20 17 28 18 10 0 1 0 0 12 0 5 1 1 3 0 1 0 0 0 0 0 4 0 0 0 0 0 1 0 0 1 0 
2 1 2 0 0 1 4 5 4 1 3 0 2 0 0 0 0 0 0 0 0 0 0 1 0 0 0 0 6 12 5 8 9 5 5 1 29 6 6 3 2 2 2 5 7 5 2 4 1 14 8 7 19 12 4 4 10 12 0 17 5 7 4 5 14 14 3 4 12 18 19 27 13 15 1 2 0 2 17 0 2 3 0 1 1 1 2 1 0 0 0 3 0 0 0 0 0 0 0 0 0 2 
0 3 4 0 0 1 0 1 1 1 0 0 1 0 0 0 4 1 0 0 0 0 0 0 0 0 0 0 4 3 2 6 6 3 5 0 9 9 10 0 2 1 1 0 2 2 1 2 1 9 0 0 7 5 0 0 3 4 0 5 3 3 4 5 13 27 14 7 1 7 20 16 9 6 2 1 1 0 13 1 2 2 0 4 1 1 0 11 0 0 0 1 0 0 3 0 0 0 0 0 0 0 
0 1 2 0 0 3 1 3 0 3 0 0 1 0 0 0 0 0 0 0 0 0 0 0 0 0 0 0 4 7 2 2 7 8 6 1 6 2 3 4 2 0 2 7 4 0 3 3 2 14 7 2 8 3 2 2 7 5 0 14 5 6 5 6 11 35 10 31 10 3 14 33 11 33 3 6 2 2 16 4 0 0 1 1 0 3 1 4 0 0 0 4 0 1 1 0 0 0 0 0 0 0 
3 3 6 0 0 0 3 5 2 2 3 3 1 2 1 3 2 0 0 0 1 0 0 1 0 0 0 0 6 5 3 5 13 5 4 4 18 8 25 4 4 0 6 4 7 6 6 3 3 19 8 0 9 11 1 3 4 4 0 12 4 3 7 13 11 27 7 18 10 13 7 47 12 14 3 3 1 5 21 5 2 1 0 2 3 7 0 7 4 0 0 2 0 1 1 0 0 0 0 0 0 4 
0 0 2 1 0 1 1 5 0 1 0 2 4 2 1 2 3 0 0 0 0 0 0 2 0 0 0 0 7 6 2 1 11 7 10 7 24 14 10 3 2 0 1 5 4 6 8 0 4 12 3 6 7 4 2 1 2 2 0 2 2 8 7 14 21 38 13 33 15 21 48 4 19 21 1 0 0 1 12 0 4 2 3 4 0 2 3 4 1 0 0 4 0 0 0 1 0 0 0 0 0 2 
0 1 1 3 0 6 1 1 0 3 5 2 5 2 0 0 0 0 1 0 0 0 0 0 1 0 0 0 2 6 0 4 10 15 8 10 7 6 7 8 7 1 4 6 6 6 4 5 2 20 8 5 16 7 6 4 10 5 0 16 5 2 3 7 18 34 17 19 3 25 19 30 7 15 5 1 1 4 24 3 0 2 2 8 2 2 4 10 2 0 0 3 0 0 0 2 0 0 0 0 1 1 
3 4 1 1 1 1 3 7 0 0 1 2 1 3 1 1 0 1 0 0 1 0 0 1 0 0 0 0 8 2 1 2 7 3 5 6 6 3 19 2 2 0 0 9 6 4 7 6 0 16 6 7 9 6 3 0 1 5 0 8 8 5 3 10 13 43 7 13 6 26 29 44 15 4 2 0 0 4 37 3 4 3 8 5 2 2 0 6 3 0 0 10 1 0 0 0 0 0 0 0 0 3 
1 1 4 2 1 1 1 0 2 5 1 6 4 8 1 3 7 2 0 0 1 1 1 2 1 0 0 2 4 5 1 1 16 4 3 3 4 2 12 3 6 0 9 8 3 25 10 2 3 36 9 3 11 7 0 1 2 9 0 10 2 0 0 1 8 3 3 2 0 2 2 6 4 2 5 3 3 10 179 13 13 3 9 61 7 15 2 39 5 0 0 13 2 8 3 1 0 5 6 1 0 23 
4 2 0 0 3 3 5 5 4 5 1 3 6 9 3 7 4 3 0 3 0 2 2 5 4 0 0 6 0 2 0 6 13 4 3 5 3 1 5 9 7 0 10 15 7 13 6 2 10 30 7 6 22 6 4 1 8 12 0 15 3 2 4 2 4 7 0 2 1 0 1 0 4 1 7 5 3 20 125 13 5 9 22 39 7 14 3 36 11 0 0 14 4 6 4 4 0 5 4 0 0 15 
0 0 1 0 0 0 1 1 0 1 1 0 2 0 0 1 2 0 0 0 0 0 0 2 0 0 0 0 0 2 1 1 1 0 0 0 3 0 1 1 1 0 2 1 3 2 3 0 1 7 1 0 3 2 0 0 3 4 0 2 2 3 0 1 0 4 0 0 0 1 2 0 1 0 6 3 0 3 56 2 4 4 2 14 3 0 5 9 1 0 0 1 3 2 0 0 1 1 0 0 0 1 
0 3 2 1 0 2 1 3 0 3 3 2 2 9 2 3 2 4 1 1 0 1 2 2 2 0 1 1 1 8 0 1 6 3 1 1 3 2 6 0 2 0 6 22 7 18 7 4 4 39 6 7 11 6 6 2 8 7 0 3 2 5 1 7 8 2 2 0 1 3 0 9 6 4 12 9 5 0 105 18 12 10 14 74 10 15 2 34 8 0 0 14 3 8 11 4 0 2 10 5 4 13 
7 9 7 5 4 10 8 11 7 9 2 8 10 23 10 29 14 8 4 5 3 2 1 29 10 0 0 13 8 23 4 13 54 13 15 7 14 10 45 8 3 2 22 47 18 26 26 9 12 91 73 59 108 53 32 35 40 59 0 32 15 14 3 20 19 43 10 17 5 16 10 19 12 24 112 89 33 57 10 60 56 17 42 129 46 37 13 71 18 0 0 35 3 20 11 13 2 20 13 2 0 44 
3 6 1 0 0 3 0 1 0 0 1 0 2 4 2 1 0 2 1 2 0 1 0 0 2 0 0 4 4 6 1 4 9 1 1 0 3 1 9 2 10 2 6 12 9 9 4 2 2 29 6 4 20 2 3 2 5 11 0 4 2 4 1 6 3 7 2 2 1 1 4 3 1 1 27 20 3 25 75 3 13 5 17 89 46 23 4 44 11 0 0 11 8 5 2 5 1 8 4 0 0 16 
2 3 5 1 0 0 2 1 0 0 0 0 2 3 0 3 2 2 1 0 0 0 0 1 0 0 0 1 2 6 1 3 8 2 3 0 1 0 4 3 12 0 16 27 16 22 16 4 10 50 10 9 13 4 2 1 0 11 0 0 0 6 1 1 5 7 4 4 3 3 1 5 1 1 12 22 1 6 89 20 0 12 9 74 29 22 19 42 11 0 0 42 4 7 5 5 4 10 5 2 2 23 
4 3 2 0 0 0 0 1 0 3 0 0 0 2 0 0 1 0 0 0 0 0 0 4 0 0 0 2 5 4 0 0 5 0 2 1 0 1 11 3 2 2 9 13 6 17 12 7 2 35 5 3 5 3 0 1 0 1 0 2 1 0 1 1 2 3 1 0 1 0 2 4 2 0 7 10 2 4 36 9 9 3 4 43 20 14 7 36 13 0 0 14 3 6 9 9 2 11 4 0 1 16 
0 1 2 0 1 0 2 2 0 0 0 0 0 0 0 0 0 0 0 0 0 1 1 1 0 0 0 1 0 9 7 5 3 0 0 0 4 6 9 1 9 2 19 17 8 12 13 9 13 46 8 2 9 12 0 0 3 10 0 10 0 2 0 2 2 1 3 3 0 2 1 2 3 3 5 10 1 3 48 8 15 1 4 89 16 18 8 34 5 0 0 39 6 13 5 5 2 6 11 2 1 25 
6 12 3 5 0 1 5 2 2 5 1 0 1 0 0 1 4 1 1 0 1 0 0 1 0 0 0 4 10 9 0 2 12 3 2 1 8 10 25 22 8 4 30 100 23 47 26 10 7 128 22 16 29 12 7 3 17 39 0 9 4 2 2 2 9 7 7 1 1 4 2 3 4 5 59 43 16 55 184 80 110 26 130 12 176 84 46 106 37 0 0 107 9 29 25 16 2 29 22 1 4 92 
0 3 1 0 1 0 0 0 0 0 1 0 0 1 0 0 0 1 0 0 0 0 0 0 0 0 0 4 2 2 0 0 8 0 1 0 3 1 9 3 6 3 20 39 11 27 11 2 3 34 4 3 5 2 3 1 5 11 0 8 1 0 1 1 4 0 1 1 0 1 1 1 3 3 6 10 0 9 67 21 17 4 30 117 3 33 11 43 9 0 0 49 6 12 5 4 0 12 3 1 0 43 
2 12 6 0 1 0 8 0 3 6 1 0 0 0 1 4 7 4 0 2 0 2 0 5 0 0 0 6 7 18 9 9 31 1 12 2 16 20 41 6 8 9 63 114 16 57 37 20 11 93 14 7 17 3 1 0 8 7 0 3 2 5 1 2 6 3 2 0 3 1 3 3 2 0 18 10 4 16 34 14 20 18 22 66 38 5 15 46 40 0 0 88 30 31 21 24 15 39 29 5 5 71 
1 2 2 0 0 1 3 2 3 3 2 0 3 0 0 1 5 4 1 1 0 0 0 4 4 0 0 6 3 11 6 5 35 3 9 1 24 17 50 11 9 6 25 63 9 39 18 11 5 51 7 2 13 3 2 0 1 4 0 5 0 1 0 2 1 3 0 1 0 1 4 4 0 1 8 5 1 14 29 13 12 11 10 56 12 15 3 32 28 0 0 84 16 17 20 12 1 20 9 3 2 44 
29 15 17 4 4 8 9 7 3 5 0 4 8 7 6 9 17 10 12 4 10 4 2 40 12 0 0 25 15 48 18 42 215 22 22 14 103 66 214 32 36 21 145 272 92 269 172 109 151 1055 39 22 64 20 4 7 13 22 0 9 3 8 5 3 17 12 3 8 4 2 9 7 5 5 63 31 8 31 129 48 44 64 49 170 75 115 49 25 46 0 0 351 54 75 75 107 13 76 53 9 9 437 
2 3 5 2 0 1 0 2 3 0 1 0 1 3 0 1 1 3 3 0 1 1 1 5 2 0 0 6 3 12 5 9 22 1 11 8 37 23 41 17 9 2 38 78 15 26 12 9 18 74 4 1 14 3 1 0 7 6 0 4 0 2 1 3 2 4 0 1 0 0 0 3 4 0 9 7 3 6 19 10 7 11 10 25 14 40 23 29 5 0 0 68 6 12 18 13 3 13 9 3 3 61 
0 0 0 0 0 0 0 0 0 0 0 0 0 0 0 0 0 0 0 0 0 0 0 0 0 0 0 0 0 0 0 0 0 0 0 0 0 0 0 0 0 0 0 0 0 0 0 0 0 0 0 0 0 0 0 0 0 0 0 0 0 0 0 0 0 0 0 0 0 0 0 0 0 0 0 0 0 0 0 0 0 0 0 0 0 0 0 0 0 0 0 0 0 0 0 0 0 0 0 0 0 0 
0 0 0 0 0 0 0 0 0 0 0 0 0 0 0 0 0 0 0 0 0 0 0 0 0 0 0 0 0 0 0 0 0 0 0 0 0 0 0 0 0 0 0 0 0 0 0 0 0 0 0 0 0 0 0 0 0 0 0 0 0 0 0 0 0 0 0 0 0 0 0 0 0 0 0 0 0 0 0 0 0 0 0 0 0 0 0 0 0 0 0 0 0 0 0 0 0 0 0 0 0 0 
5 7 2 1 0 1 4 4 2 6 3 4 6 5 3 13 8 6 6 5 0 1 2 3 0 1 1 6 7 23 7 16 46 21 29 17 79 45 103 45 37 9 54 166 43 106 54 28 30 159 5 4 9 7 1 0 3 13 0 8 3 8 1 4 6 7 1 4 1 0 1 4 1 3 7 12 0 8 34 14 13 8 19 67 37 69 34 89 47 0 0 17 42 57 28 81 13 44 46 2 9 117 
0 1 1 0 1 0 3 3 1 11 1 0 3 0 0 0 0 1 1 0 0 2 0 0 0 0 0 1 4 1 1 4 7 3 8 4 17 12 23 11 13 2 25 55 6 16 26 9 12 29 1 2 1 1 2 0 6 1 0 2 6 0 0 0 0 0 0 0 0 0 0 0 1 2 2 3 0 1 16 6 9 2 7 18 5 30 15 28 8 0 0 55 4 2 8 19 5 11 6 1 1 28 
2 2 1 0 0 1 0 1 0 1 0 3 1 1 1 0 5 0 0 0 0 0 2 0 0 0 0 2 1 9 2 2 21 4 9 7 14 7 36 11 9 6 24 52 30 35 17 7 10 47 2 2 5 9 0 4 4 2 0 1 0 2 1 3 0 0 0 0 0 0 2 0 0 4 6 2 2 5 28 8 10 6 5 25 12 33 12 35 19 0 0 63 9 7 7 17 1 13 5 2 1 50 
4 2 1 0 0 2 0 1 2 1 0 1 2 1 0 0 1 0 2 0 0 0 0 0 0 0 0 0 4 2 0 4 15 2 2 2 21 1 15 4 4 4 18 40 17 33 15 6 29 49 0 0 7 2 1 1 5 5 0 0 0 3 0 0 1 4 0 0 0 0 0 0 0 0 3 2 1 1 15 4 7 6 6 14 8 14 16 23 22 0 0 26 6 14 5 6 0 9 4 1 1 27 
1 0 0 0 0 1 0 0 0 2 1 1 0 1 1 2 1 0 0 1 1 0 0 2 0 0 0 2 0 7 0 2 18 4 7 11 23 7 35 9 5 3 22 70 12 36 15 10 9 66 6 0 4 3 1 2 3 3 0 3 2 1 0 3 0 1 0 0 0 0 0 0 2 1 5 6 0 10 14 2 6 4 1 26 6 12 17 41 18 0 0 105 17 22 16 5 0 21 9 6 0 52 
0 0 0 0 0 0 0 0 1 0 0 0 1 1 0 0 1 0 0 0 0 0 0 0 0 0 0 0 0 1 0 0 0 1 3 0 5 2 8 2 3 1 1 6 2 3 6 3 2 9 0 1 0 0 2 0 2 1 0 1 0 0 0 0 0 0 0 0 0 0 0 0 0 0 0 2 0 0 3 0 2 0 3 6 2 8 9 16 9 0 0 17 1 3 1 1 0 0 1 0 0 2 
2 1 2 0 1 1 0 0 2 1 0 0 1 4 1 0 0 2 1 0 0 0 0 2 0 0 0 2 2 14 1 0 11 0 3 4 14 10 24 1 5 2 25 40 9 27 14 7 10 44 3 5 14 2 2 2 0 16 0 1 1 0 0 1 0 1 0 0 0 0 0 0 0 0 2 6 0 2 10 4 6 4 9 18 13 16 7 38 12 0 0 73 12 9 15 19 1 0 2 1 0 32 
0 2 1 0 0 2 0 0 2 2 0 2 2 2 1 1 4 0 1 0 0 0 0 1 0 0 0 0 0 7 1 5 5 1 6 1 22 4 19 3 2 0 25 35 21 22 17 14 4 67 3 0 6 2 0 0 0 2 0 0 2 0 0 0 0 0 0 0 0 0 0 0 0 1 6 2 0 0 11 7 7 12 7 21 11 17 8 34 11 0 0 39 3 12 14 5 0 0 3 2 2 24 
0 0 0 0 0 0 0 0 0 2 0 0 0 0 0 0 0 0 0 0 0 0 0 0 0 0 0 0 0 2 0 2 1 0 2 0 4 0 3 3 3 0 6 7 6 6 3 3 1 16 0 0 2 1 0 0 1 0 0 0 0 0 0 0 0 0 0 0 0 0 0 0 0 0 0 2 0 0 0 4 1 3 0 3 3 1 1 12 3 0 0 11 2 2 3 4 0 1 2 1 0 10 
0 0 0 0 0 0 0 0 0 0 0 0 0 2 0 0 0 0 0 0 0 0 0 1 0 0 0 0 0 0 0 3 0 0 0 0 3 2 6 0 0 0 5 11 0 2 1 2 0 13 1 0 2 1 0 0 0 2 0 0 0 0 0 0 0 0 0 0 0 0 0 0 0 0 3 0 0 0 2 0 0 0 2 6 4 2 3 10 0 0 0 12 2 1 2 2 3 2 0 2 0 0 
8 5 4 0 2 4 1 1 1 1 3 3 2 3 1 2 2 1 0 0 1 0 0 5 0 0 0 7 7 19 6 8 46 3 5 5 21 33 52 19 13 5 51 86 48 75 61 23 34 165 3 3 17 5 1 2 2 3 0 4 0 3 0 0 1 2 0 2 0 1 0 0 4 2 10 5 1 8 30 13 10 12 15 34 11 36 25 178 48 0 0 118 24 36 65 60 5 30 32 7 4 8 
