8 8 17 8 12 29 30 23 35 27 7 31 43 66 41 57 29 25 21 6 8 16 8 31 9 0 1 20 77 0 2 1 24 7 3 5 8 7 25 9 14 1 3 10 13 6 14 9 10 58 13 3 9 8 2 0 5 7 0 2 1 0 0 0 6 2 2 2 1 2 2 5 1 2 2 3 0 1 13 0 5 0 0 12 2 2 4 21 3 0 0 10 2 7 0 1 0 0 2 1 0 13 
3 11 11 6 4 24 23 14 19 26 11 32 59 91 48 82 44 28 19 6 12 10 5 24 6 0 1 27 117 7 1 7 27 6 1 1 5 5 31 10 15 0 8 6 6 15 11 8 4 56 6 6 10 4 2 0 1 4 0 4 1 3 0 2 3 20 2 5 0 1 1 0 5 2 1 1 0 2 20 1 0 4 2 4 0 10 0 20 1 0 0 5 1 2 3 0 0 2 3 1 0 15 
22 10 4 10 6 35 14 19 37 18 7 20 45 60 52 46 32 18 22 17 8 13 5 17 4 0 3 25 133 6 0 4 5 1 4 0 7 7 25 16 14 0 4 16 12 7 8 4 3 35 9 3 7 8 2 1 2 5 0 2 2 1 1 7 3 9 8 5 0 0 2 3 4 2 2 0 1 1 13 1 0 1 1 7 2 3 2 15 1 0 0 4 1 3 1 0 0 1 2 0 0 8 
5 10 16 2 3 5 9 5 16 7 2 4 4 10 8 9 8 3 4 0 1 2 1 3 4 0 0 4 17 0 0 0 0 0 1 0 0 1 6 1 1 0 0 0 5 6 2 0 1 11 1 1 2 0 1 0 0 0 0 0 0 0 0 0 2 4 0 0 0 0 1 0 0 1 0 1 0 0 3 1 0 0 0 0 0 0 0 3 0 0 0 1 0 0 0 0 0 0 0 0 0 0 
3 4 4 0 3 6 12 4 6 6 5 8 10 20 17 13 11 1 8 4 1 2 2 8 4 0 0 13 20 0 0 1 3 1 0 2 0 4 7 3 6 1 3 2 0 4 5 4 2 28 3 0 1 2 0 0 0 3 0 0 0 0 1 0 3 0 0 0 0 1 2 1 1 0 0 0 0 0 9 0 0 1 1 0 0 1 0 0 0 0 0 1 1 0 1 2 0 0 0 0 0 3 
26 43 19 5 4 6 10 16 20 18 10 30 43 70 39 78 42 25 20 10 9 18 2 21 10 1 0 20 94 3 0 3 7 4 4 0 0 4 33 18 12 0 11 7 8 11 8 4 2 33 5 2 8 4 0 0 0 6 0 1 0 3 1 5 3 6 0 5 2 1 2 2 0 1 0 1 0 1 19 0 0 0 0 3 1 3 3 10 1 0 0 9 3 2 0 0 0 1 0 1 0 5 
22 20 22 11 6 9 7 28 35 22 9 27 45 58 32 40 22 12 19 13 12 10 5 8 5 0 0 16 71 17 3 1 8 1 0 1 3 4 38 9 4 0 12 8 13 20 10 2 2 36 8 0 8 7 0 1 0 3 0 6 0 1 1 7 6 7 1 1 1 2 1 2 6 4 0 0 0 1 13 1 0 0 0 3 0 0 1 10 2 0 0 7 1 2 0 0 0 2 2 1 0 10 
16 27 15 5 5 12 17 7 16 25 7 16 68 66 28 66 37 13 40 11 11 13 1 21 10 0 0 14 50 8 4 6 9 2 1 1 4 6 34 19 7 3 9 10 12 7 13 1 2 14 7 6 3 6 2 0 4 7 0 0 3 2 2 6 4 11 0 1 1 0 0 2 7 1 4 0 0 0 9 1 0 1 0 3 0 8 0 3 0 0 0 7 1 0 3 0 0 1 1 0 0 5 
13 31 28 13 11 20 33 10 6 18 18 25 34 75 42 60 39 22 16 5 5 4 1 21 7 1 0 16 46 6 5 5 8 1 1 1 2 1 46 21 3 4 6 7 14 12 10 3 6 31 2 0 2 4 0 7 0 8 0 2 0 4 0 7 1 11 0 1 1 1 1 3 1 1 1 0 0 0 9 1 1 0 0 5 1 3 0 2 0 0 0 2 2 0 0 1 0 1 3 0 0 9 
12 14 23 2 1 10 16 13 8 3 6 16 28 40 9 31 27 14 12 4 9 9 3 9 6 2 0 19 18 3 0 1 2 0 3 2 0 1 15 5 3 1 2 2 3 9 6 1 0 19 4 3 4 3 0 0 0 2 0 4 1 1 2 2 3 6 2 1 0 2 1 0 0 1 3 4 1 0 12 0 0 0 0 2 0 1 4 2 1 0 0 1 3 0 0 2 0 0 0 0 0 1 
9 15 7 2 8 14 5 11 12 4 1 12 14 26 11 30 17 9 19 13 5 11 4 8 4 0 0 15 16 6 0 1 4 0 2 0 2 4 18 4 4 2 2 2 5 9 6 4 3 23 2 1 3 2 4 0 1 1 0 0 1 2 0 2 0 1 4 0 0 1 0 0 1 1 1 0 0 0 8 0 0 0 0 0 0 0 0 2 0 0 0 3 1 4 1 0 0 0 2 0 0 2 
32 50 28 8 14 14 35 32 27 26 7 6 29 63 21 52 34 24 36 9 28 21 10 39 16 0 2 37 40 2 4 3 4 1 2 1 2 11 33 19 5 0 5 3 5 12 8 4 6 28 4 3 9 4 3 0 6 3 0 5 5 6 0 2 0 6 1 1 4 1 2 3 0 1 1 1 0 2 11 2 0 0 0 2 0 3 0 5 1 0 0 10 0 0 0 3 0 0 0 1 0 6 
26 36 28 5 10 35 38 46 42 24 22 17 6 82 31 70 51 42 46 17 23 20 12 46 22 3 6 42 41 9 3 1 10 1 3 0 0 7 28 8 14 3 8 9 7 13 7 1 4 29 3 4 9 2 4 0 2 6 0 6 0 4 1 0 1 0 0 2 0 2 4 3 3 0 8 2 0 4 18 3 0 0 0 3 0 1 1 1 1 0 0 7 4 1 0 1 0 1 4 0 0 7 
64 69 64 7 23 32 64 50 53 25 27 42 61 11 10 62 69 63 62 36 57 40 26 67 29 5 7 127 54 1 0 1 9 1 2 2 1 5 17 9 16 3 3 7 7 2 6 0 4 26 13 8 12 12 1 1 4 23 0 6 0 6 0 0 0 2 0 0 0 0 0 1 3 0 5 3 0 1 21 1 1 0 0 0 1 3 1 7 2 0 0 21 0 0 2 3 0 0 2 0 0 3 
32 60 52 15 15 34 45 39 31 19 16 20 40 22 5 22 52 34 33 13 39 33 13 62 34 2 7 78 41 5 3 1 9 1 3 2 4 3 8 16 6 0 7 5 4 10 8 0 1 20 9 4 14 7 3 4 4 8 0 1 0 4 1 0 0 0 0 2 0 0 0 2 1 1 2 4 0 2 18 1 0 0 0 1 0 1 0 4 0 0 0 5 0 0 0 0 0 1 1 0 0 8 
32 44 49 11 12 38 38 35 35 39 29 28 38 73 20 17 65 69 56 30 75 34 42 114 48 11 8 114 48 16 11 26 34 4 11 14 44 1 26 47 19 1 12 29 12 16 17 7 6 52 11 7 17 10 2 3 9 6 0 4 2 4 1 1 4 1 0 0 0 0 1 1 6 0 9 6 3 0 20 1 0 0 2 2 0 1 1 8 3 0 0 16 1 4 0 0 0 1 0 0 2 4 
22 48 21 0 9 30 23 23 20 46 12 29 60 81 58 81 14 44 53 34 69 25 24 85 38 4 9 69 46 41 16 40 48 23 27 17 28 4 57 37 37 3 21 29 19 28 16 4 8 62 9 7 12 6 6 3 5 8 0 2 5 12 1 1 0 0 1 0 1 1 2 1 1 1 5 0 0 2 27 0 2 2 0 5 3 6 4 15 4 0 0 11 6 6 4 6 1 1 2 0 0 11 
8 16 18 2 0 21 17 21 15 25 5 16 33 67 16 88 29 6 43 16 31 7 6 45 17 5 4 45 30 17 4 12 26 9 11 3 18 10 54 19 13 2 12 18 18 26 14 5 6 51 3 4 6 3 0 2 2 1 0 1 1 1 0 1 0 1 0 0 0 0 0 0 0 1 1 3 0 1 12 2 1 0 0 1 1 2 1 11 4 0 0 8 0 3 0 0 0 0 0 0 0 7 
19 25 17 1 2 12 16 14 13 18 8 18 44 72 22 68 39 71 8 12 29 18 13 54 24 6 2 42 19 11 4 4 13 7 11 6 24 3 48 16 5 1 12 15 12 30 14 7 5 30 5 0 7 7 1 0 2 6 0 0 0 1 0 2 3 1 0 1 0 0 0 0 0 0 0 0 1 3 8 4 3 0 1 0 0 1 1 2 4 0 0 11 0 0 1 0 0 1 0 0 0 4 
4 14 14 3 1 7 8 3 9 20 14 11 18 42 17 47 30 18 34 5 9 3 10 30 17 7 8 64 12 5 4 4 4 1 8 1 10 8 42 11 12 1 4 8 0 16 9 10 5 21 3 0 2 0 1 1 1 5 0 4 0 2 1 1 0 0 0 0 0 0 0 0 0 1 2 1 1 0 3 0 0 1 0 2 0 2 1 9 0 0 0 1 0 0 0 0 0 0 1 0 0 2 
4 7 10 1 0 6 8 12 7 6 7 19 30 73 29 66 34 43 58 2 8 10 19 30 11 4 9 68 8 3 0 0 13 0 5 5 14 8 55 10 11 4 4 9 10 9 12 3 4 33 0 2 2 0 0 0 2 0 0 2 0 0 1 1 0 0 1 0 0 0 0 1 0 0 0 0 0 2 4 0 0 1 1 1 1 2 0 8 0 0 0 3 1 0 1 0 0 1 0 0 0 1 
9 10 12 2 4 10 11 10 15 15 10 13 33 64 30 84 35 21 43 0 2 2 9 15 10 10 5 49 12 1 2 6 11 2 2 3 17 6 41 6 5 3 3 5 4 10 3 2 3 13 3 0 1 0 0 0 1 2 0 1 0 2 0 0 1 0 0 0 0 0 0 0 0 0 1 0 0 2 4 0 0 0 0 1 0 0 0 4 0 0 0 1 1 0 0 0 0 0 0 0 0 1 
4 6 3 1 3 6 14 4 4 13 3 14 21 31 35 61 40 29 31 11 40 16 3 20 8 6 3 50 2 2 3 1 4 5 4 1 16 3 34 6 4 0 4 5 5 11 4 1 3 23 1 1 3 2 0 2 1 0 0 0 0 0 0 1 0 1 0 0 0 0 0 0 0 0 1 0 0 1 5 0 0 0 1 0 0 1 0 8 0 0 0 2 0 3 0 0 0 0 0 0 0 3 
16 19 7 1 8 16 7 15 12 28 4 24 34 93 53 141 72 41 74 17 37 14 17 14 12 22 22 83 10 3 0 6 18 4 16 11 26 13 57 12 12 2 11 10 13 16 10 5 6 58 8 4 8 1 2 1 1 6 0 1 1 1 0 1 0 0 0 0 0 0 0 0 0 0 3 1 1 0 13 2 0 0 0 0 0 3 1 23 0 0 0 9 1 0 0 0 0 0 0 0 0 1 
8 13 6 0 3 11 18 11 16 30 6 18 40 35 31 87 49 18 40 16 19 5 5 3 3 3 3 50 7 9 2 6 79 3 8 5 11 10 37 7 20 1 16 8 15 22 11 8 4 92 11 3 13 2 3 0 2 5 0 1 1 2 0 1 0 0 0 0 0 0 0 2 0 0 3 3 0 2 13 1 1 2 0 1 2 2 5 44 3 0 0 5 1 0 1 0 0 0 2 0 0 5 
0 0 2 0 1 1 0 1 4 1 1 4 2 5 6 13 8 14 18 9 23 7 10 30 4 1 7 10 0 1 0 0 2 0 0 0 1 1 10 1 0 0 0 0 0 0 1 1 2 2 0 0 0 0 0 0 0 1 0 0 0 0 0 0 0 0 0 0 0 0 0 0 0 0 0 0 0 0 0 0 1 0 0 0 0 0 0 0 0 0 0 0 0 1 0 0 0 0 1 0 0 0 
2 0 0 0 0 0 0 2 2 1 2 0 10 10 6 27 10 8 1 4 20 16 7 44 6 1 2 52 0 0 0 0 2 2 1 2 9 4 13 1 0 0 0 1 1 3 0 1 0 7 0 0 2 0 0 0 0 0 0 0 0 0 0 1 0 0 0 0 0 0 0 0 0 0 0 0 0 1 0 0 1 0 0 0 0 0 0 0 0 0 0 0 0 0 0 0 0 0 0 0 0 0 
18 26 20 7 9 15 8 15 21 31 10 30 68 142 75 129 83 46 63 34 64 73 52 100 43 5 22 13 13 7 2 3 39 5 11 13 30 27 60 48 32 2 15 30 17 38 19 7 3 137 15 4 15 5 0 3 2 4 0 2 1 0 0 1 0 0 0 0 0 0 0 0 0 0 3 4 1 2 17 1 5 0 0 1 0 8 6 34 11 0 0 8 1 1 5 0 0 0 4 0 1 12 
20 56 55 16 12 46 54 29 41 20 24 25 16 35 23 30 16 13 21 9 9 11 5 7 2 1 0 6 3 2 2 3 2 1 9 6 3 7 18 30 2 0 4 9 6 6 8 3 2 17 1 0 1 4 0 0 3 7 0 3 2 0 1 5 4 8 2 3 0 6 1 0 0 4 0 0 0 0 10 1 1 3 0 3 2 2 0 2 1 0 0 4 1 4 0 0 2 1 1 0 0 2 
1 4 3 0 0 3 1 3 5 1 6 5 16 11 4 17 38 18 18 7 11 14 2 8 0 0 2 2 6 21 81 98 214 62 135 128 326 136 222 110 95 10 60 52 52 86 51 17 28 221 7 2 15 11 5 2 7 9 0 4 9 20 2 14 18 36 9 7 10 9 6 3 9 0 3 7 1 3 19 4 5 5 1 10 2 16 10 62 7 0 0 56 11 8 7 11 2 3 1 2 0 22 
1 3 2 0 1 2 1 3 2 3 0 1 4 1 3 1 20 6 6 5 1 0 0 8 1 0 0 0 4 73 4 65 87 16 43 50 134 48 76 23 19 7 12 19 11 14 10 7 4 51 0 2 7 5 0 0 1 9 0 0 0 2 2 2 19 17 0 6 2 0 1 6 2 0 2 1 0 0 5 2 0 0 0 3 0 8 1 16 5 0 0 21 1 1 5 1 1 0 0 0 0 10 
5 2 3 0 1 0 3 4 3 4 2 3 6 4 1 6 27 15 6 1 4 1 1 2 5 1 0 3 6 114 78 6 82 28 46 56 226 108 221 80 51 8 49 46 51 55 38 18 10 126 11 4 8 7 4 5 4 5 0 7 2 6 2 5 9 15 3 2 2 3 2 0 4 3 1 0 0 2 17 1 2 1 0 4 0 12 4 28 13 0 0 45 9 7 5 7 0 2 3 0 0 23 
17 14 5 1 3 6 10 2 8 4 1 8 11 9 4 16 27 27 11 5 5 4 3 47 21 0 1 19 3 206 78 81 26 31 77 73 219 105 218 133 125 14 92 106 97 143 93 70 56 589 32 11 65 13 10 3 14 18 0 7 1 11 4 9 17 20 9 10 8 9 13 9 8 11 12 10 2 2 46 5 5 7 0 10 1 19 13 159 19 0 0 54 11 12 11 19 2 7 7 0 1 71 
2 2 3 1 0 1 3 1 0 2 0 1 5 0 1 7 6 6 7 1 1 1 6 2 3 1 1 6 2 58 25 22 38 0 22 25 70 43 96 41 27 4 32 33 21 46 20 10 10 94 7 5 13 6 3 3 4 4 0 3 2 5 4 3 4 25 5 4 5 5 5 11 16 5 7 6 1 3 20 1 3 0 1 4 0 4 0 14 3 0 0 43 4 4 2 1 0 4 1 0 1 14 
6 9 4 1 1 4 1 2 4 4 3 2 5 3 2 12 14 14 12 8 7 4 3 12 6 1 0 8 1 118 44 65 98 20 10 16 138 90 107 85 53 8 39 34 54 64 26 7 22 122 8 6 12 12 0 2 4 10 0 1 1 5 3 8 5 10 7 8 3 4 9 7 19 4 5 2 0 0 13 1 0 1 0 3 2 9 3 17 8 0 0 66 17 6 5 3 1 5 5 0 1 15 
1 1 1 0 2 2 2 1 2 0 1 0 3 0 5 5 9 11 6 4 4 3 0 8 5 1 1 15 7 100 37 60 104 15 21 13 136 45 106 42 34 5 27 37 33 41 20 14 11 119 4 0 7 3 1 2 4 1 0 2 2 6 2 7 12 11 0 3 1 2 8 7 6 2 1 0 0 2 5 2 0 0 0 1 1 3 4 22 4 0 0 31 8 1 6 5 0 2 1 0 0 27 
7 7 1 1 1 3 2 0 5 3 1 1 3 4 3 29 25 12 14 8 10 6 11 33 13 0 0 21 5 290 113 215 265 87 124 150 20 119 356 261 138 26 96 124 106 172 101 55 47 325 7 17 14 16 1 0 6 5 0 1 1 16 4 27 13 17 11 15 2 10 17 26 17 15 9 12 2 1 28 0 0 0 1 15 3 20 11 68 32 0 0 96 30 32 12 25 1 11 18 5 2 44 
6 8 7 4 2 1 6 6 9 4 4 9 10 13 5 4 14 15 26 4 5 6 4 21 18 9 3 27 17 127 51 80 103 38 71 40 123 8 130 140 77 22 65 120 81 110 67 28 27 228 14 4 12 2 0 0 3 0 0 1 1 5 4 3 11 6 3 8 0 6 5 5 8 11 2 3 0 0 11 4 1 3 0 4 0 18 14 48 13 0 0 81 8 10 10 11 2 7 7 1 0 31 
13 21 14 0 9 13 9 16 27 12 10 33 32 11 5 9 47 23 26 34 31 18 20 66 16 1 0 47 20 181 54 144 215 83 95 62 351 110 21 291 141 27 99 116 102 154 120 55 61 429 10 12 35 9 7 1 2 14 0 1 0 16 5 19 17 17 7 9 3 4 15 17 14 17 11 9 0 3 38 10 4 2 4 6 3 25 17 89 22 0 0 147 14 37 17 36 6 10 9 3 3 59 
8 17 17 8 3 9 11 17 12 10 9 9 20 14 15 25 45 19 24 13 8 7 5 23 10 0 0 22 29 90 33 77 145 45 89 56 274 141 368 15 54 13 67 132 81 138 69 28 46 269 3 5 17 7 1 2 2 5 0 0 1 7 4 16 21 10 3 6 5 5 5 4 12 11 3 2 1 2 17 3 4 4 3 16 4 7 2 17 13 0 0 48 7 4 6 14 0 6 2 0 1 32 
15 13 14 1 3 5 7 4 9 6 5 13 15 16 6 12 26 21 26 3 30 1 2 31 13 1 2 39 15 78 25 45 160 28 35 45 178 132 334 38 18 12 45 84 38 81 64 22 34 295 8 2 9 4 1 3 2 4 0 1 1 4 3 7 5 12 4 3 0 5 3 1 3 8 4 2 2 2 16 9 7 1 4 11 2 9 7 13 6 0 0 47 6 11 2 9 1 3 5 1 1 47 
1 3 0 0 0 2 3 1 1 3 0 2 2 1 3 2 1 1 3 0 0 0 0 2 0 0 0 1 1 12 2 7 20 6 2 0 29 16 35 16 19 1 22 22 15 26 10 5 4 52 3 0 4 0 0 1 0 0 0 0 0 0 0 2 1 1 0 0 1 1 0 0 0 0 0 1 0 0 4 1 1 0 0 2 2 10 1 4 4 0 0 9 5 2 3 1 0 1 1 0 0 9 
2 10 6 2 1 3 7 9 4 6 4 2 10 1 8 7 13 7 14 2 2 6 1 16 2 2 0 11 6 29 16 40 108 18 48 19 100 82 115 50 36 26 20 70 45 78 49 25 43 184 6 1 15 2 2 2 4 4 0 5 1 9 2 6 13 11 4 4 0 5 3 4 5 8 15 7 2 8 28 15 11 10 21 41 25 40 20 57 33 0 0 65 22 25 24 34 6 25 12 3 2 104 
6 15 9 0 0 12 14 13 5 8 4 4 10 11 5 10 21 16 18 9 5 5 3 26 7 0 1 11 19 51 20 43 128 33 73 33 149 87 178 117 71 30 122 25 139 261 112 72 73 365 15 6 14 12 8 2 6 11 0 5 0 7 0 4 7 18 0 4 0 6 2 3 14 2 19 15 2 13 58 27 18 24 12 72 34 61 54 98 64 0 0 206 42 53 33 52 20 49 57 5 9 118 
11 14 6 2 0 10 6 15 9 9 6 9 10 4 7 9 21 16 8 6 10 1 10 22 16 0 0 20 6 51 17 47 132 35 34 30 140 80 139 86 48 17 67 123 13 158 82 83 53 282 8 5 11 3 0 4 1 7 0 1 3 12 0 6 5 11 5 1 5 3 3 4 5 3 4 2 0 2 13 3 7 5 4 20 12 19 14 46 13 0 0 77 9 20 22 27 8 13 11 4 2 70 
9 17 6 0 3 9 7 4 13 7 6 6 6 11 2 16 39 14 16 7 13 6 2 34 11 0 2 29 24 53 24 43 188 34 41 52 167 121 240 123 92 14 90 209 180 22 158 128 109 553 9 5 28 12 4 0 6 5 0 1 2 10 4 11 10 14 7 3 1 1 9 7 10 4 16 9 0 9 48 6 14 14 13 38 19 56 27 106 31 0 0 154 14 30 31 24 15 30 33 5 3 129 
12 11 17 1 1 3 3 12 2 8 7 9 13 8 4 10 17 19 22 5 3 5 6 27 5 0 0 16 10 46 15 45 161 26 37 28 171 94 179 80 65 9 65 121 94 200 21 66 95 273 9 9 16 6 0 2 5 4 0 4 0 5 0 6 13 14 4 4 5 3 6 0 11 7 11 7 3 8 25 13 7 7 2 38 9 39 15 60 11 0 0 84 15 18 19 11 10 16 10 3 4 107 
4 4 4 2 1 1 2 3 14 2 2 4 6 7 3 1 13 12 6 5 0 0 2 14 4 0 0 13 8 21 2 21 76 19 13 21 68 47 89 50 25 12 38 81 48 206 87 13 67 380 2 1 6 1 3 1 5 3 0 0 1 1 2 7 2 6 0 1 0 2 0 0 0 1 2 2 1 0 11 4 2 7 3 24 4 20 20 45 9 0 0 69 12 13 12 6 1 11 7 0 0 49 
8 8 9 1 2 3 8 3 7 4 5 1 4 7 1 2 9 9 3 2 4 0 0 13 7 0 0 13 8 22 3 18 147 13 34 19 73 38 85 55 29 8 38 135 86 188 74 61 10 453 8 1 7 0 0 3 0 2 0 0 1 4 0 4 5 8 2 2 2 0 6 4 7 3 3 4 0 1 11 1 2 9 9 27 3 18 13 73 11 0 0 95 12 40 19 14 3 3 21 2 0 60 
40 51 26 10 13 32 24 30 19 42 10 22 39 44 20 20 57 59 57 18 26 20 15 158 43 5 6 89 49 184 55 140 996 87 144 122 450 257 544 289 261 34 185 423 244 537 294 269 211 51 55 14 55 13 7 6 14 15 0 4 10 20 5 23 21 33 6 14 5 9 11 15 28 18 49 24 3 17 94 30 44 48 25 98 34 83 58 569 41 0 0 300 49 74 82 49 16 66 60 9 8 359 
11 10 2 1 2 3 5 5 1 7 7 8 10 11 10 21 14 4 2 2 2 0 1 20 11 0 0 10 4 10 2 17 78 9 8 8 13 7 8 10 9 4 9 16 10 20 7 6 4 34 4 11 40 19 10 10 6 27 0 38 7 6 1 15 15 26 8 12 4 16 10 7 13 10 10 2 0 1 93 10 4 7 5 29 3 16 2 35 9 0 0 17 3 8 4 4 1 8 7 0 0 35 
1 3 3 0 0 1 4 2 0 3 2 0 6 7 5 8 8 6 0 1 2 0 2 5 1 0 0 2 3 3 2 2 54 8 3 2 8 0 8 4 10 0 9 10 4 7 5 2 0 28 8 2 23 25 6 2 8 15 0 8 1 3 0 13 14 12 3 7 2 6 2 2 6 2 4 0 0 2 68 0 3 2 4 16 2 4 6 13 5 0 0 6 2 6 2 1 0 1 5 1 0 7 
7 12 6 0 2 8 5 6 3 9 1 3 6 12 8 47 12 8 5 1 5 0 3 20 5 0 0 7 3 15 3 13 72 14 7 5 20 15 47 20 9 0 14 20 13 31 15 4 4 60 25 17 10 17 10 9 19 37 0 32 6 7 9 25 12 26 14 30 5 21 4 12 16 3 7 2 0 8 129 8 6 6 4 26 5 15 9 63 12 0 0 21 3 15 13 5 2 8 9 0 0 28 
1 2 2 0 1 2 5 6 1 5 3 4 3 13 5 10 2 2 5 2 0 1 1 6 1 0 0 0 8 10 4 5 31 10 5 2 18 4 9 2 3 0 7 8 4 13 8 0 4 18 25 16 32 7 8 3 7 22 0 35 5 1 2 9 11 16 3 6 4 4 1 4 7 4 4 4 1 6 65 1 5 1 3 16 3 2 7 21 6 0 0 12 2 1 5 3 1 3 4 1 0 15 
3 1 2 0 0 1 4 1 1 2 0 0 8 2 4 3 4 2 2 0 0 0 1 5 1 0 2 2 3 3 0 3 17 1 9 1 3 2 9 1 2 0 0 3 2 4 4 0 1 7 7 7 18 11 2 2 3 20 0 11 2 4 3 8 7 2 3 3 0 1 2 1 3 2 4 1 2 3 65 5 6 3 1 11 5 2 0 9 0 0 0 4 0 0 1 2 1 1 1 0 1 2 
0 0 0 0 2 0 5 0 5 2 0 1 1 2 1 4 3 1 0 0 0 0 1 1 2 0 0 3 2 1 2 5 13 3 0 0 7 1 5 2 0 0 3 2 1 3 1 2 0 6 5 5 7 1 0 1 7 15 0 7 2 4 4 10 4 5 2 8 0 2 4 4 1 1 1 1 1 3 43 4 1 0 2 8 0 3 1 6 5 0 0 3 0 2 4 0 0 1 0 0 0 7 
5 2 0 2 2 1 0 2 2 4 0 4 8 12 7 9 3 2 1 1 1 1 1 6 2 0 0 5 1 7 1 3 9 2 3 2 10 3 17 1 4 1 2 2 0 3 3 2 5 13 11 11 16 8 4 15 2 17 0 12 4 1 4 7 4 14 4 8 4 12 6 2 7 7 3 8 0 5 66 5 6 0 2 21 5 8 4 9 3 0 0 2 4 3 4 1 1 1 2 0 0 11 
0 8 6 2 3 3 3 3 1 5 4 5 4 12 4 16 15 12 7 1 1 1 1 11 2 0 0 7 9 10 7 11 28 6 3 5 13 3 19 11 2 2 7 26 5 11 7 2 4 24 20 21 33 20 10 17 19 2 0 18 7 3 4 24 14 22 7 8 4 14 3 5 8 7 11 9 3 10 120 6 11 1 7 42 8 12 3 17 3 0 0 13 2 3 6 1 1 1 5 0 0 11 
0 0 0 0 0 0 0 0 0 0 0 0 0 0 0 1 0 0 0 0 0 0 0 0 0 0 0 0 0 0 0 0 0 0 0 0 0 0 0 0 0 0 0 0 0 0 0 0 0 0 0 0 0 0 0 0 0 0 0 0 0 0 0 0 0 0 0 0 0 0 0 0 0 0 0 0 0 0 0 0 0 0 0 0 0 0 0 0 0 0 0 0 0 0 0 0 0 0 0 0 0 0 
5 10 13 2 5 10 7 1 2 3 2 8 16 18 12 23 21 12 13 5 8 4 2 25 13 0 2 14 11 12 9 5 13 1 4 2 1 3 15 3 4 1 3 3 5 7 5 2 1 32 23 12 20 24 11 5 14 21 0 2 3 9 7 8 19 33 7 24 5 6 16 14 13 16 4 5 0 6 49 3 3 2 4 21 1 8 2 14 3 0 0 24 1 6 1 2 1 1 1 0 0 10 
1 7 0 0 2 5 0 1 3 1 2 2 4 6 3 2 0 0 1 0 1 0 0 2 1 0 0 2 1 4 4 2 5 2 2 0 2 2 4 0 5 1 0 4 3 2 0 1 0 8 4 4 9 8 0 2 7 10 0 3 0 3 2 4 7 2 7 11 4 8 3 4 5 8 2 2 0 2 12 2 0 2 1 3 2 1 2 5 1 0 0 3 4 2 0 0 0 0 2 0 0 4 
0 1 0 0 0 4 1 7 1 2 1 0 2 4 2 4 2 0 3 1 1 0 1 3 1 0 0 1 4 8 3 1 7 4 10 3 29 6 8 14 5 1 5 5 1 5 11 0 4 7 4 7 2 8 2 1 3 9 0 5 2 4 1 10 5 12 3 15 0 7 3 5 3 1 0 0 2 4 9 4 2 0 1 6 0 1 0 0 2 0 0 14 0 1 2 1 0 1 3 0 0 1 
0 1 0 0 0 1 0 1 0 0 0 0 0 0 1 0 1 0 0 0 0 0 2 0 0 0 0 1 2 4 1 2 2 1 4 1 4 3 6 1 4 1 2 6 1 4 2 0 0 8 0 2 7 9 0 1 0 3 0 0 1 0 0 3 7 10 3 5 1 3 9 4 0 3 2 1 0 2 9 1 0 1 0 2 2 2 1 1 0 0 0 1 0 0 1 0 0 0 0 0 0 0 
6 3 5 0 0 2 6 3 3 0 2 2 0 1 0 0 0 0 1 2 0 0 0 0 1 0 0 0 2 12 3 10 10 0 3 9 29 7 18 13 10 0 11 10 9 12 5 2 1 17 15 3 17 18 2 2 9 6 0 12 4 12 2 1 11 10 20 13 3 3 15 13 18 6 13 4 1 4 20 0 0 1 2 2 2 4 4 4 0 0 0 11 3 5 1 2 0 1 0 0 0 3 
1 9 5 0 0 3 3 3 2 2 0 1 0 0 0 1 1 2 0 1 1 1 0 2 0 0 0 1 2 15 6 9 26 15 6 2 29 8 32 17 20 1 9 15 6 14 8 2 1 25 14 5 24 14 5 5 11 5 0 18 3 13 5 9 5 28 8 14 3 8 23 27 19 9 6 3 2 1 32 0 7 3 5 7 0 10 1 3 1 0 0 11 3 1 1 1 1 3 1 0 0 4 
9 7 8 1 1 12 6 3 10 5 1 0 2 1 0 1 2 2 1 0 0 1 0 0 0 0 0 1 10 38 13 17 20 16 15 14 34 13 40 9 16 1 13 7 12 16 2 5 10 41 26 13 47 18 11 6 12 16 0 21 10 20 11 23 28 24 7 36 22 34 41 51 40 32 13 3 0 4 73 8 3 10 2 11 1 11 3 16 3 0 0 11 4 1 0 0 0 0 0 0 0 2 
4 3 1 0 0 2 1 2 1 2 0 0 2 1 0 0 0 0 0 0 0 0 0 0 0 0 0 0 2 9 2 5 8 1 4 0 17 8 12 2 1 3 4 1 2 7 5 3 2 7 2 1 8 7 3 2 4 5 0 7 2 6 6 7 6 13 1 2 4 9 21 17 10 8 2 3 0 2 10 2 2 1 1 6 1 3 3 6 0 0 0 3 0 0 0 0 0 0 1 0 0 2 
0 4 7 0 0 2 5 1 2 1 1 0 0 0 1 2 1 0 0 0 0 0 0 0 0 0 0 0 1 5 3 6 8 12 4 4 15 7 17 7 5 1 0 2 4 11 8 4 3 22 5 8 15 5 0 1 4 3 0 8 13 6 4 6 23 32 5 3 8 13 15 20 28 26 4 1 0 1 25 0 2 2 0 4 0 8 2 5 2 0 0 3 0 0 0 0 0 0 0 0 0 1 
0 4 0 1 0 2 3 2 1 0 2 0 1 0 1 0 1 0 0 0 1 0 0 0 0 0 0 0 2 15 6 3 5 2 3 0 10 3 11 2 2 1 1 1 4 1 1 1 2 10 1 2 2 2 0 1 3 2 0 2 1 0 0 5 15 24 15 2 1 2 10 18 8 12 1 1 0 2 6 0 0 3 1 0 0 0 0 2 1 0 0 1 0 0 0 0 0 1 0 0 0 1 
0 3 5 0 0 0 1 0 0 0 0 2 0 1 0 0 0 0 0 0 0 0 0 0 0 0 0 1 1 5 3 2 10 19 7 4 12 5 12 3 6 0 1 2 4 2 1 6 0 11 12 6 8 9 2 1 2 3 0 4 5 10 4 8 18 38 14 23 6 7 19 18 21 20 4 2 0 0 13 2 2 0 2 7 0 3 2 5 1 0 0 1 0 0 0 0 1 0 0 0 0 2 
1 3 4 0 2 1 5 3 2 1 0 0 1 4 0 2 1 1 0 0 0 0 0 0 0 0 0 0 5 10 1 2 20 6 11 2 21 10 29 8 4 0 9 9 4 7 4 1 2 20 4 3 10 4 2 0 11 8 0 16 16 9 5 16 23 45 12 16 14 31 1 78 12 24 2 0 0 0 18 2 0 2 3 2 3 7 2 7 1 0 0 7 0 1 0 0 0 0 1 0 0 2 
0 2 3 0 0 11 3 5 0 1 3 3 3 0 0 0 2 2 0 0 0 0 0 0 0 0 0 1 2 6 1 1 21 13 11 6 22 12 30 11 2 0 3 3 4 11 5 3 0 19 3 1 10 10 4 2 3 4 0 11 8 15 2 15 22 52 20 24 11 28 34 2 59 37 0 0 0 2 26 3 3 1 2 4 1 0 0 6 0 0 0 5 1 0 0 1 0 0 0 0 0 5 
2 1 1 0 1 3 1 2 2 5 1 0 0 2 0 0 1 0 0 0 0 0 0 0 0 0 0 0 2 3 0 1 4 6 10 6 16 10 17 9 7 0 6 4 6 6 4 5 1 12 11 8 20 4 6 0 8 6 0 21 9 2 3 7 12 29 17 14 7 23 9 22 2 12 2 5 1 4 32 2 1 0 4 3 3 5 1 12 0 0 0 2 0 3 0 1 0 0 0 0 0 1 
1 7 2 0 6 5 4 1 5 3 1 4 1 3 0 0 2 1 0 0 0 0 0 2 1 0 0 1 7 2 1 0 6 8 4 5 15 9 18 7 5 0 3 3 8 6 7 3 4 19 9 3 17 5 6 3 3 10 0 23 7 7 4 10 15 40 13 32 10 38 19 29 9 4 11 5 3 3 34 3 4 4 5 6 4 2 1 7 2 0 0 1 0 0 0 0 0 0 1 1 0 5 
1 0 1 2 2 2 1 3 6 6 1 1 4 12 5 5 2 3 2 0 1 0 1 2 1 2 0 2 3 7 0 2 14 6 11 1 8 4 10 7 7 2 11 14 7 17 10 7 8 28 12 5 5 6 3 0 1 12 0 6 2 4 2 9 3 14 3 0 1 3 0 1 3 3 0 14 1 9 200 24 8 12 15 55 8 19 8 52 7 0 0 21 2 4 4 2 2 5 2 2 2 29 
4 1 0 0 4 1 2 3 3 1 3 4 4 10 3 4 7 0 1 0 0 1 0 4 5 0 0 1 0 2 3 1 5 3 3 2 7 1 12 6 2 0 19 19 6 13 9 4 3 42 6 3 24 4 7 1 3 13 0 10 3 3 0 6 2 9 1 3 0 6 1 5 3 3 0 6 5 17 188 26 19 7 6 65 15 14 12 50 4 0 0 16 5 8 3 10 2 6 8 0 2 15 
0 0 0 0 0 1 1 0 2 0 0 5 1 2 1 0 1 0 0 0 0 0 0 2 0 0 0 4 0 5 0 3 2 0 0 0 1 0 4 0 0 0 4 1 0 1 0 1 1 8 2 0 3 2 1 0 3 2 0 3 0 0 2 1 0 6 0 1 1 4 2 0 0 2 2 4 2 4 72 7 7 3 1 25 2 11 3 4 3 0 0 5 2 5 1 0 0 2 0 0 0 2 
1 2 3 2 2 1 3 3 1 2 0 0 4 5 2 4 3 4 2 0 3 1 0 5 0 0 0 0 1 5 0 6 4 2 2 2 1 1 5 7 0 0 10 11 7 28 11 1 1 20 7 8 16 8 3 3 9 18 0 3 1 1 0 8 4 8 1 1 1 1 3 2 4 2 11 14 9 5 94 18 6 10 7 77 11 13 4 30 6 0 0 20 3 2 5 4 0 7 3 0 0 22 
3 15 9 2 2 10 5 10 11 14 6 10 14 29 16 31 16 10 9 3 6 2 1 31 14 0 0 15 11 32 5 19 47 12 12 6 23 6 57 18 16 0 19 62 18 42 21 8 10 89 61 65 118 55 23 43 60 84 0 22 15 9 18 24 19 79 14 13 11 16 11 25 12 21 98 124 34 48 25 47 47 23 38 171 32 42 21 101 35 0 0 47 15 10 13 18 4 10 13 4 1 41 
2 5 0 1 0 1 0 0 0 2 1 1 2 6 0 3 8 1 3 0 1 0 2 0 1 0 1 1 6 2 3 3 2 3 0 0 2 0 8 6 4 5 19 18 10 13 13 1 4 35 11 3 16 7 4 3 3 11 0 2 5 1 2 3 7 13 0 1 0 8 2 2 1 2 8 22 9 11 102 2 18 7 23 95 21 21 2 26 11 0 0 23 8 7 10 6 1 3 9 0 0 17 
1 4 1 0 0 1 0 0 1 1 0 1 0 2 2 4 3 2 1 0 0 0 0 0 3 0 0 3 3 3 2 3 6 3 3 4 1 1 7 2 8 2 17 19 7 16 17 4 6 26 7 5 12 3 0 1 7 13 0 2 0 6 0 0 2 5 5 1 0 8 2 1 10 3 11 16 2 17 86 23 1 13 12 86 28 31 11 36 10 0 0 36 7 10 10 10 2 9 9 3 2 24 
0 4 0 0 2 3 0 0 1 0 1 0 0 0 0 0 1 0 0 1 0 0 0 1 0 0 0 1 0 2 1 0 16 1 1 0 1 0 8 1 5 3 17 22 10 20 16 6 7 56 3 0 6 1 2 0 1 3 0 4 2 2 1 1 1 5 1 2 2 0 1 1 2 1 7 1 1 8 35 6 10 3 6 48 14 17 4 33 11 0 0 21 7 10 7 8 0 12 8 0 2 27 
1 0 1 0 0 0 0 3 0 1 0 0 0 0 0 1 0 0 0 0 1 0 0 0 0 0 0 1 4 2 1 1 1 0 1 0 1 1 3 9 11 0 13 8 7 20 6 3 3 33 9 3 9 2 1 1 1 3 0 2 0 1 2 1 6 6 2 3 0 2 2 2 5 5 12 4 0 13 42 22 7 2 3 93 18 14 12 37 8 0 0 29 8 7 11 7 0 1 11 0 2 25 
6 4 4 1 1 2 5 1 1 3 0 0 0 0 2 0 5 0 2 0 2 0 2 5 0 0 0 4 11 7 1 2 15 5 1 1 9 4 22 15 6 6 64 78 17 49 33 5 21 131 23 17 28 22 9 4 6 31 0 12 6 8 1 7 4 8 4 1 7 13 4 4 8 10 43 42 10 36 175 75 70 41 116 13 107 70 43 128 28 0 0 97 25 32 34 21 5 33 18 7 4 53 
0 2 0 1 0 4 0 5 1 3 0 0 0 0 0 0 2 1 0 0 0 0 1 1 1 0 0 0 6 1 1 0 8 1 1 0 1 0 8 3 3 2 27 57 10 18 16 6 2 29 6 9 11 7 5 5 7 10 0 3 0 8 1 0 5 3 1 1 0 1 0 3 1 0 10 12 2 13 60 33 34 11 21 163 7 45 16 42 17 0 0 47 8 19 18 12 1 6 19 1 3 37 
0 3 3 0 0 1 2 0 5 2 3 0 0 3 0 1 13 3 1 1 2 2 1 3 6 0 0 1 3 11 4 14 31 6 10 2 25 13 36 10 16 6 45 105 18 59 26 25 18 81 8 6 15 6 1 1 5 10 0 4 7 1 1 0 5 2 4 1 3 4 4 4 5 7 15 12 3 12 51 12 27 16 17 87 45 6 18 50 28 0 0 107 23 17 18 32 12 26 29 2 1 70 
6 2 2 2 0 1 1 0 0 0 0 0 0 0 0 3 5 2 3 0 6 0 0 2 3 0 0 1 3 4 6 6 18 5 10 3 33 9 25 8 13 3 34 54 17 37 18 5 17 69 6 6 13 9 2 2 1 5 0 1 0 1 2 7 2 2 3 2 2 0 4 2 6 5 10 7 1 10 33 13 9 8 10 47 19 19 5 26 27 0 0 67 11 24 13 13 1 17 16 5 5 52 
18 20 11 2 1 7 8 5 6 8 5 2 9 10 3 10 20 8 6 2 5 2 2 50 17 2 1 34 13 51 20 26 230 19 28 21 116 55 163 26 22 17 97 164 73 149 97 92 94 717 32 18 55 7 3 2 19 19 0 4 2 10 1 3 5 14 0 5 3 1 6 1 15 10 37 20 6 32 107 41 25 29 34 116 38 64 39 21 40 0 0 265 34 56 48 89 12 44 35 11 5 407 
3 1 2 0 0 4 0 3 1 3 0 2 4 3 4 2 1 3 3 4 2 1 0 6 2 0 1 5 5 9 3 6 49 10 13 5 46 15 43 24 16 1 52 58 16 43 13 10 12 58 11 2 17 2 3 0 3 5 0 2 2 4 1 5 0 2 6 2 0 0 3 0 2 2 8 6 0 6 29 3 11 10 9 33 13 55 26 25 7 0 0 62 12 24 21 8 1 16 6 0 3 68 
0 0 0 0 0 0 0 0 0 0 0 0 0 0 0 0 0 0 0 0 0 0 0 0 0 0 0 0 0 0 0 0 0 0 0 0 0 0 0 0 0 0 0 0 0 0 0 0 0 0 0 0 0 0 0 0 0 0 0 0 0 0 0 0 0 0 0 0 0 0 0 0 0 0 0 0 0 0 0 0 0 0 0 0 0 0 0 0 0 0 0 0 0 0 0 0 0 0 0 0 0 0 
0 0 0 0 0 0 0 0 0 0 0 0 0 0 0 0 0 0 0 0 0 0 0 0 0 0 0 0 0 0 0 0 0 0 0 0 0 0 0 0 0 0 0 0 0 0 0 0 0 0 0 0 0 0 0 0 0 0 0 0 0 0 0 0 0 0 0 0 0 0 0 0 0 0 0 0 0 0 0 0 0 0 0 0 0 0 0 0 0 0 0 0 0 0 0 0 0 0 0 0 0 0 
5 3 3 0 0 5 8 5 2 6 5 8 8 10 1 4 4 8 8 1 5 1 0 2 3 0 0 4 9 24 7 19 46 17 30 17 78 47 93 41 30 6 127 201 42 101 58 39 30 207 8 4 13 14 1 4 4 2 0 8 5 13 1 1 3 8 1 0 0 1 1 4 4 3 5 4 1 5 46 16 12 23 15 65 36 76 54 89 54 0 0 9 56 45 28 40 13 32 26 7 1 88 
1 0 0 1 2 0 0 1 0 2 0 1 1 1 1 2 2 0 0 0 2 0 0 0 2 0 0 0 2 8 2 7 12 3 8 0 21 11 21 15 11 3 33 37 17 30 16 9 8 53 2 0 4 2 0 0 1 3 0 2 4 2 0 0 2 0 1 0 0 0 0 1 0 0 3 0 3 3 8 5 4 4 4 20 6 19 8 17 14 0 0 64 2 9 10 22 3 7 6 0 0 26 
4 1 2 0 0 3 0 1 0 1 1 1 1 2 0 1 1 1 1 0 0 0 0 0 1 0 0 2 1 5 5 8 18 5 7 4 20 13 30 9 5 3 27 61 23 36 25 12 8 65 2 4 10 7 0 0 3 5 0 0 0 0 0 1 2 0 1 0 0 0 0 0 0 0 7 8 1 6 20 8 8 8 3 32 17 33 13 33 18 0 0 68 11 7 5 22 2 6 1 1 1 69 
1 2 1 0 0 0 1 1 4 4 0 0 0 3 0 0 4 1 0 0 0 0 0 1 0 0 0 1 3 4 0 5 14 7 7 4 26 6 22 8 11 1 16 31 9 32 17 16 17 64 2 2 4 2 1 2 1 3 0 2 3 2 0 1 0 0 0 0 0 1 0 0 1 1 5 1 0 2 17 4 6 5 5 16 10 23 25 44 11 0 0 36 7 6 3 7 2 10 12 3 0 49 
1 2 0 0 0 0 0 1 1 2 1 1 2 1 0 1 4 0 0 0 0 0 0 2 0 0 0 1 0 3 0 7 21 3 10 2 31 6 32 12 6 0 44 68 32 62 23 10 8 66 3 0 4 6 1 1 1 1 0 1 0 0 0 0 0 0 1 0 0 0 0 1 0 1 5 4 1 1 13 4 7 11 6 26 14 34 17 50 16 0 0 165 18 19 13 7 0 10 8 5 2 53 
2 0 0 0 0 0 0 1 0 0 0 1 0 2 0 0 0 0 0 0 0 0 0 0 0 0 0 1 0 1 0 3 3 0 1 2 1 6 3 5 0 0 6 6 3 6 2 3 2 7 2 1 1 1 0 0 1 0 0 0 0 0 0 2 0 1 0 0 0 0 0 0 0 0 3 2 0 1 4 0 4 2 4 8 2 4 2 14 3 0 0 14 3 3 0 4 2 0 0 0 0 8 
0 2 1 0 0 0 3 0 1 3 0 0 0 2 0 1 1 0 0 0 2 0 2 2 1 0 0 0 5 6 3 4 10 3 3 3 29 9 23 5 9 2 35 70 22 47 22 14 19 56 7 3 3 1 2 0 2 4 0 1 0 1 0 0 0 1 0 0 0 0 0 1 1 1 9 4 0 0 17 6 6 10 8 16 14 19 11 37 17 0 0 85 17 5 13 13 0 5 2 0 3 40 
2 2 0 0 0 2 3 0 3 1 0 1 1 1 1 1 1 1 0 0 0 0 0 0 1 0 0 2 3 2 1 7 7 1 2 5 21 13 20 6 7 2 34 36 18 39 24 5 6 95 1 0 5 2 3 0 3 1 0 0 0 2 0 0 1 0 0 0 0 0 0 0 1 1 2 5 1 3 16 5 10 11 7 26 12 18 15 38 9 0 0 78 6 7 6 7 0 5 5 5 1 27 
0 0 1 0 0 0 0 0 0 0 0 0 0 0 0 0 0 1 0 0 0 0 0 1 0 0 0 0 0 0 0 1 3 0 2 1 6 5 5 3 0 0 6 6 3 9 2 0 4 9 0 0 4 0 0 0 0 0 0 1 0 0 0 0 0 1 0 0 0 0 0 0 0 0 1 0 0 2 3 2 0 0 1 4 1 6 0 11 1 0 0 9 0 4 4 3 2 5 5 0 0 10 
1 0 0 1 0 0 0 0 0 1 0 1 1 0 0 0 0 0 0 0 0 0 0 0 0 0 0 0 0 3 0 2 1 1 0 0 2 1 3 0 4 1 6 7 10 5 3 3 1 15 0 0 0 0 0 0 0 1 0 0 0 0 0 0 0 0 0 0 0 0 0 0 0 0 2 1 0 0 2 1 0 1 0 4 2 3 2 15 3 0 0 7 4 5 1 3 0 1 4 4 0 2 
5 8 6 2 1 3 0 1 2 3 2 5 3 2 3 0 1 5 2 2 1 0 0 3 1 0 0 2 1 18 6 6 55 6 7 11 38 22 70 15 25 3 81 68 38 106 63 24 29 178 16 11 15 6 0 1 2 1 0 2 1 2 0 2 1 1 0 2 0 0 0 0 2 0 9 5 0 6 26 4 12 19 10 36 25 31 34 193 48 0 0 132 15 27 48 47 7 37 28 5 0 13 
