5 6 13 4 17 31 19 25 33 31 13 23 27 22 16 63 33 25 15 11 12 25 5 16 6 1 3 13 35 8 2 4 0 0 6 2 0 6 13 21 14 3 3 6 16 6 13 5 5 35 4 1 9 4 1 2 4 6 0 0 0 0 1 1 5 12 5 3 0 0 0 0 1 5 1 4 1 3 14 2 0 2 1 1 4 0 1 18 5 0 0 0 1 3 3 1 0 1 1 1 0 2 
11 11 9 4 9 38 15 24 17 43 8 31 31 23 21 57 22 13 24 12 12 14 7 7 4 2 2 18 57 6 0 4 8 1 2 2 2 1 11 10 5 0 3 3 7 8 9 9 3 30 3 4 5 3 2 3 5 1 0 1 0 0 1 1 6 6 2 6 0 3 5 5 2 4 1 2 0 7 20 2 1 3 2 2 1 1 3 27 7 0 0 3 2 1 0 3 0 0 3 0 0 3 
19 19 11 8 12 36 29 24 33 28 17 40 29 44 53 41 18 21 16 11 20 17 7 8 3 1 1 13 71 5 0 3 1 3 2 2 0 1 8 16 8 0 5 2 4 5 4 6 4 31 4 5 3 1 4 0 4 4 0 2 2 0 1 3 6 8 0 2 1 1 0 2 0 2 0 2 1 1 3 1 1 0 2 3 0 1 1 24 5 0 0 1 1 1 0 2 0 1 2 0 0 7 
6 9 5 4 0 11 11 7 7 6 0 9 2 1 3 8 2 6 1 4 0 1 1 3 0 1 1 2 13 0 0 0 0 0 0 0 0 0 2 0 0 0 0 0 0 1 0 0 0 4 5 0 0 0 1 0 0 0 0 0 0 0 0 1 0 0 0 0 1 0 0 0 0 0 1 1 0 1 2 0 0 0 0 0 0 0 0 1 2 0 0 1 1 2 0 2 0 0 1 0 0 2 
9 10 6 1 3 2 5 3 6 3 5 9 9 13 8 23 6 1 6 4 1 3 2 5 3 0 2 4 14 1 0 0 1 1 1 1 2 1 7 4 2 0 3 0 2 3 2 1 1 6 0 0 2 2 0 0 0 1 0 0 2 0 0 0 3 2 0 0 0 1 0 0 1 0 0 1 0 0 7 2 0 0 0 2 0 0 2 6 1 0 0 1 0 1 0 2 1 0 0 0 0 1 
27 37 24 24 2 7 6 36 24 13 14 46 33 31 40 46 14 9 23 7 20 8 12 16 12 0 5 9 48 5 0 5 1 3 0 0 0 0 17 11 5 1 5 5 8 3 3 1 3 17 7 1 3 6 0 0 2 3 0 2 1 0 1 2 2 4 2 3 1 0 1 2 1 3 2 2 1 2 7 1 1 0 1 1 6 4 0 10 1 0 0 0 0 2 0 0 0 1 0 0 0 2 
14 20 19 8 4 10 12 13 32 9 2 20 31 29 23 34 22 10 8 22 9 10 1 15 2 0 0 12 21 3 2 8 6 0 1 1 1 1 12 6 3 0 4 6 3 2 6 5 2 11 4 2 6 8 3 1 2 5 0 1 0 2 0 1 2 8 6 1 4 0 1 5 0 2 2 2 0 2 6 1 1 2 0 0 1 2 0 4 0 0 0 2 1 0 1 1 0 0 1 0 0 1 
14 16 37 9 6 10 14 7 7 21 12 45 48 39 27 51 17 25 11 16 15 8 8 29 3 0 0 6 21 1 1 1 1 1 0 4 2 2 10 17 8 2 4 2 9 11 4 5 3 24 3 2 6 1 3 1 1 8 0 0 0 1 0 2 7 7 2 5 1 3 4 2 3 2 3 2 2 5 15 0 0 0 2 4 2 0 0 6 2 0 0 2 0 2 1 1 0 1 5 0 0 0 
30 30 26 16 11 32 46 15 4 22 4 31 33 42 24 44 27 15 19 9 19 18 8 9 3 1 4 23 21 4 1 2 3 0 5 1 1 4 16 14 10 5 0 3 3 2 5 1 5 18 3 2 1 2 0 2 1 10 0 1 0 1 0 1 3 2 0 1 0 1 3 1 0 1 3 7 0 4 9 1 0 0 1 2 2 2 1 3 1 0 0 1 2 0 0 1 0 1 1 0 0 1 
17 13 11 5 2 6 9 5 3 3 3 14 21 15 21 35 15 8 11 8 18 11 9 13 9 0 2 11 5 6 0 1 1 1 0 2 2 3 9 6 2 0 1 1 2 0 2 3 1 7 3 6 12 4 2 2 0 6 0 2 0 0 0 3 7 3 3 4 1 3 2 1 1 3 4 9 1 3 13 2 1 1 0 3 0 0 0 3 1 0 0 0 0 0 0 0 2 1 0 1 0 0 
7 12 19 4 9 9 23 8 16 11 2 10 13 6 9 47 13 7 11 4 4 11 6 3 1 0 2 11 4 2 0 1 2 0 0 0 0 3 6 9 1 1 5 1 2 3 2 1 4 20 0 0 3 2 0 0 0 7 0 1 0 0 0 0 0 1 0 1 0 0 5 0 0 1 2 2 2 0 4 0 0 0 0 0 0 0 0 2 2 0 0 0 0 0 0 2 0 2 0 0 0 0 
15 46 40 3 14 30 29 46 30 21 4 5 28 58 23 86 28 23 24 8 14 11 19 26 10 1 3 27 7 10 5 3 3 2 0 0 1 9 16 24 9 2 6 1 4 4 3 1 10 34 4 3 3 5 11 3 3 5 0 3 1 7 0 0 1 3 1 1 0 1 2 2 0 3 2 3 0 0 9 0 0 0 0 0 0 0 0 2 2 0 0 2 2 0 1 0 0 1 0 0 0 1 
23 36 40 7 22 58 60 64 42 26 17 39 5 65 37 94 49 24 23 18 29 25 11 46 18 0 0 31 9 12 4 8 7 1 2 1 1 4 25 20 7 0 5 4 3 10 7 3 5 27 4 6 1 4 1 0 7 11 0 12 1 1 0 0 2 5 0 0 0 0 0 1 1 0 7 2 0 0 17 3 0 0 0 0 0 5 2 6 2 0 0 0 0 2 1 2 0 1 0 0 0 1 
48 65 74 20 32 89 80 64 97 82 19 56 40 9 9 93 88 55 71 54 78 68 39 98 36 6 8 72 19 3 2 1 3 1 0 0 1 3 14 7 18 7 1 6 2 8 0 2 4 15 11 4 20 16 6 6 18 27 0 5 0 0 0 1 3 0 0 0 0 0 0 1 0 0 12 6 1 10 54 6 0 1 0 0 0 1 0 2 3 0 0 2 0 1 1 1 0 1 2 0 0 1 
29 42 34 13 10 54 69 33 46 36 10 21 26 18 9 25 28 25 30 27 30 31 27 51 29 3 14 53 6 3 1 2 1 1 0 0 1 3 13 7 4 0 1 6 4 1 1 4 2 16 2 1 9 8 5 1 4 7 0 5 0 0 1 0 0 0 0 0 0 0 0 1 0 0 1 3 0 4 9 5 1 0 0 0 0 0 0 0 3 0 0 4 1 1 0 0 0 0 0 1 0 0 
52 71 47 9 21 59 67 86 73 70 44 59 67 49 16 20 88 70 82 72 135 89 110 181 61 5 22 139 8 44 17 38 22 17 14 10 22 1 14 38 33 5 8 16 19 31 12 5 22 52 18 5 28 21 3 4 12 9 0 2 3 0 1 3 4 1 0 0 1 1 5 3 2 2 10 8 0 4 22 4 1 0 1 1 0 2 3 14 8 0 0 13 2 5 2 2 0 5 0 3 1 2 
15 24 27 4 7 27 31 48 38 37 24 47 50 60 36 108 10 37 40 77 76 55 59 107 36 8 15 62 3 36 18 38 12 20 5 6 30 8 44 34 21 8 13 12 13 28 20 11 9 57 8 2 8 13 2 2 9 11 0 3 3 0 0 1 2 0 0 0 0 0 8 1 2 1 9 3 1 13 19 5 3 0 2 3 1 2 4 21 11 0 0 1 0 1 0 1 0 0 0 0 0 4 
13 18 22 2 9 29 11 12 25 20 7 24 46 51 29 105 36 6 32 109 146 72 150 255 41 8 43 80 3 23 23 18 15 11 12 10 11 10 30 24 22 4 4 10 13 23 5 9 7 51 3 6 5 9 2 3 5 8 0 6 0 0 0 2 0 0 0 0 0 0 1 1 0 0 2 0 2 3 13 2 2 0 0 1 0 5 1 16 4 0 0 3 1 0 0 0 1 0 0 0 1 0 
6 31 17 2 2 22 22 17 23 19 6 25 32 50 20 78 42 27 10 8 42 25 30 62 14 4 12 38 4 20 8 14 8 9 8 11 1 5 27 15 10 4 4 8 10 4 9 8 14 37 6 2 8 3 1 3 4 4 0 0 0 0 1 4 0 0 0 0 0 0 1 1 0 0 3 0 1 3 9 5 1 1 0 1 0 1 1 7 2 0 0 6 0 0 0 1 0 0 0 0 0 0 
6 2 11 2 2 3 15 8 2 2 8 16 23 21 16 36 17 8 13 5 10 7 14 20 12 3 19 57 5 11 3 4 2 0 5 3 5 7 19 5 6 4 0 1 6 1 1 2 7 9 1 0 1 2 0 1 0 2 0 0 0 0 0 0 0 0 0 0 0 0 0 0 0 0 2 1 0 1 7 1 0 0 2 0 0 2 0 3 2 0 0 2 1 0 0 0 0 0 0 0 0 0 
6 4 7 1 2 7 11 7 13 17 4 13 19 20 32 78 48 27 33 5 4 5 28 31 11 10 22 81 1 4 3 1 0 1 2 3 4 3 25 10 10 1 3 3 6 4 3 8 3 15 1 1 2 2 0 0 1 0 0 3 0 0 0 1 0 1 0 0 0 0 0 0 0 0 3 0 0 2 1 1 0 0 1 0 0 1 0 13 1 0 0 0 0 0 0 1 0 0 0 0 0 0 
5 8 9 0 2 8 14 5 12 3 2 8 11 25 18 48 29 15 11 2 6 3 10 24 9 10 18 48 2 0 5 0 1 0 1 1 7 3 13 1 2 4 1 2 6 5 1 3 1 9 0 1 0 1 1 1 1 1 0 0 1 0 0 0 1 0 0 0 0 0 0 0 0 0 0 1 0 0 3 0 0 0 0 0 0 0 0 6 1 0 0 0 0 1 0 1 0 0 0 0 0 0 
3 4 4 1 4 2 2 1 7 10 6 9 8 15 8 28 33 10 23 10 14 10 0 8 5 9 13 50 0 2 0 2 0 1 4 1 2 2 17 6 5 0 4 2 2 4 0 2 0 8 4 0 2 0 1 0 1 0 0 0 0 0 0 0 2 0 0 0 0 0 0 0 0 0 0 0 0 1 5 1 3 0 0 0 0 1 0 3 1 0 0 2 0 0 0 0 0 0 0 0 0 0 
2 8 7 1 3 11 8 9 5 21 3 12 22 19 30 102 50 26 32 20 27 9 11 8 10 27 37 66 0 2 1 1 3 4 2 5 2 7 16 6 6 1 0 2 10 7 0 5 4 38 3 1 4 1 0 3 2 4 0 2 0 1 1 3 0 0 0 0 0 0 0 0 0 0 1 2 0 3 7 0 2 0 0 1 1 3 0 7 0 0 0 0 0 1 0 0 0 0 1 0 0 0 
6 11 8 0 4 12 8 16 5 7 7 13 11 19 21 57 13 12 9 5 15 8 6 9 6 5 17 37 2 6 1 13 10 3 5 2 4 10 12 8 6 0 7 5 17 6 7 7 9 30 14 4 6 3 0 2 0 1 0 0 1 1 0 2 0 0 0 0 0 0 0 0 0 0 3 0 1 2 6 1 0 0 0 2 0 1 4 40 1 0 0 2 0 0 0 1 0 1 0 0 0 1 
0 4 0 0 0 6 2 0 1 2 1 1 1 11 3 4 4 3 7 10 10 12 9 21 2 2 2 11 0 1 0 0 0 1 0 1 0 2 3 1 3 0 0 0 2 0 0 1 0 4 0 0 1 1 2 0 1 2 0 0 0 0 0 0 0 0 0 0 0 0 0 0 0 0 0 0 0 0 3 0 0 0 0 1 0 0 0 3 0 0 0 0 0 0 0 0 0 0 0 0 0 0 
0 0 1 1 0 1 1 0 0 1 1 3 3 8 7 21 9 4 5 8 8 5 2 31 7 3 1 17 0 2 0 0 0 0 0 0 3 0 4 0 2 0 1 0 0 0 0 0 0 2 0 0 1 0 0 0 0 0 0 0 0 0 0 0 0 0 0 0 0 0 0 0 0 0 0 0 0 0 0 0 0 0 0 0 0 0 0 0 0 0 0 1 0 0 0 0 0 0 0 0 0 0 
6 14 9 3 7 18 14 22 7 30 7 35 30 35 35 81 35 28 31 35 50 59 55 70 32 11 33 9 0 5 2 3 7 6 6 1 5 18 26 25 21 1 4 8 15 7 10 9 12 68 7 5 3 3 0 0 4 7 0 0 1 0 0 0 1 1 0 0 0 0 0 0 0 0 4 3 0 7 11 3 2 1 1 0 1 3 3 26 9 0 0 2 0 0 1 2 0 0 1 2 0 4 
79 120 158 13 18 90 74 47 61 35 17 41 30 57 21 59 29 18 26 12 21 24 5 13 4 0 1 8 2 4 2 3 2 6 4 6 4 10 10 18 24 3 10 5 4 19 19 6 6 47 6 4 10 6 3 0 3 8 0 3 2 2 0 8 8 12 5 12 1 4 0 1 0 3 0 0 0 5 12 4 2 0 1 6 2 2 1 11 3 0 0 4 2 2 1 6 0 1 2 1 0 1 
0 2 1 0 1 6 5 4 7 1 3 4 13 0 2 9 18 12 9 7 1 3 0 11 5 0 3 2 0 11 112 112 112 38 85 95 145 91 151 109 61 8 41 23 51 46 25 31 30 173 5 5 8 8 3 2 5 6 0 8 3 0 9 20 19 34 11 8 4 5 4 5 0 0 4 3 6 10 10 7 4 2 3 3 0 15 6 61 9 0 0 9 4 8 4 14 2 5 6 2 1 9 
0 2 1 1 0 1 1 0 0 0 0 2 11 0 3 9 16 5 1 1 3 0 1 4 0 4 1 2 0 119 5 43 48 20 25 34 54 49 89 38 23 2 6 3 24 10 10 6 11 35 2 2 3 3 5 0 2 3 0 0 1 0 3 8 8 14 4 7 2 1 3 5 0 1 1 7 0 1 8 2 0 0 1 0 0 1 2 12 2 0 0 3 2 2 1 6 0 3 2 0 0 2 
2 5 2 0 0 1 5 3 0 3 6 2 4 0 4 19 14 18 5 1 3 3 3 1 4 0 1 8 0 151 63 17 55 45 47 53 150 114 154 80 56 11 31 25 44 36 20 31 24 139 4 6 15 11 1 0 7 8 0 3 2 1 5 6 15 11 8 9 5 8 5 2 0 0 6 8 4 3 13 1 3 3 3 1 1 8 5 56 20 0 0 8 10 3 6 4 2 4 1 3 0 7 
20 22 8 1 4 19 9 11 11 17 6 9 21 4 2 38 61 54 20 6 16 14 17 34 21 0 4 38 2 427 139 156 16 45 120 118 196 193 281 290 207 26 115 93 179 221 160 134 160 910 60 39 88 33 22 13 32 39 0 23 7 6 6 18 28 26 13 19 11 30 50 50 9 10 19 18 1 8 91 17 12 8 10 24 7 28 27 210 52 0 0 55 16 26 32 45 6 27 15 0 2 29 
1 5 1 0 0 1 3 1 0 2 0 2 1 0 1 13 11 7 6 2 4 5 1 4 2 0 0 8 0 135 34 43 16 2 22 17 66 54 89 87 46 10 17 22 24 16 14 17 31 86 10 5 10 6 6 2 12 10 0 6 1 0 5 5 11 19 8 7 5 13 16 10 2 7 6 3 0 2 31 8 2 0 0 0 1 4 1 23 12 0 0 6 3 10 3 6 1 5 1 1 0 9 
7 4 6 0 1 2 3 2 2 2 0 3 2 2 2 20 24 16 6 16 8 8 5 21 3 1 0 14 0 248 111 125 58 28 12 18 92 86 151 151 67 7 35 47 69 44 35 40 47 137 11 8 13 8 4 1 6 17 0 3 0 3 0 11 6 18 6 15 6 12 20 48 6 10 13 4 0 3 22 4 5 0 1 1 0 9 5 46 18 0 0 16 16 11 7 11 2 4 1 0 2 4 
1 3 0 0 0 0 0 5 0 1 0 3 0 2 1 10 18 4 5 6 3 2 7 8 5 3 0 7 2 153 43 72 23 22 33 9 77 66 134 57 34 7 16 19 25 27 13 10 20 73 3 2 1 2 0 0 3 8 0 0 5 0 1 7 9 11 5 7 3 2 5 15 3 4 0 0 0 3 2 0 0 0 0 0 0 3 1 28 7 0 0 7 4 8 3 8 0 1 3 0 1 7 
7 7 2 2 2 0 9 3 1 3 1 0 4 0 1 37 29 13 12 11 17 10 3 25 11 1 4 19 0 383 167 327 109 75 111 109 11 156 376 375 176 58 78 85 108 120 86 83 80 322 15 12 17 13 8 1 7 10 0 2 2 1 3 26 28 30 19 26 14 6 28 53 11 3 6 3 0 3 20 1 4 0 1 2 2 14 12 80 45 0 0 41 18 20 8 36 3 26 20 8 0 23 
8 6 9 0 0 10 10 7 5 7 6 2 9 3 4 3 9 14 5 8 9 10 6 22 12 2 3 9 1 181 62 157 58 57 50 37 65 6 79 175 75 14 48 47 60 58 52 46 42 203 4 3 9 5 2 0 1 2 0 2 1 0 0 21 5 4 3 3 0 6 10 16 5 7 3 1 0 2 7 1 3 0 2 0 3 9 11 51 16 0 0 27 12 8 4 9 4 6 4 2 1 5 
30 37 24 4 13 25 25 31 41 19 10 28 37 16 12 4 61 55 47 35 53 33 35 60 34 5 9 70 3 295 125 275 135 107 140 114 277 82 21 503 296 28 108 112 145 146 119 140 113 509 22 10 50 12 6 1 18 15 0 5 4 2 3 29 44 31 12 20 10 6 34 30 11 10 13 8 1 4 46 12 3 7 7 17 7 28 23 104 52 0 0 89 22 40 20 50 7 18 32 11 7 37 
13 7 21 2 6 25 18 10 10 16 3 21 14 12 6 9 36 14 8 33 7 6 9 24 13 0 4 22 2 130 39 79 70 45 52 33 162 101 367 22 26 24 32 64 56 95 76 71 88 303 7 2 8 8 3 1 5 3 0 0 0 1 4 10 13 9 0 7 3 2 4 4 2 0 4 10 2 0 22 4 3 4 1 16 8 3 3 42 15 0 0 37 10 5 5 18 4 9 9 3 4 10 
7 15 9 2 2 9 4 4 9 5 2 5 10 3 7 10 18 7 3 5 10 7 12 22 9 2 5 12 3 100 17 53 38 36 32 32 61 66 207 31 2 13 20 43 35 44 32 39 47 160 2 0 5 3 1 3 1 0 0 2 1 0 6 6 4 5 6 2 1 1 1 1 1 1 8 5 0 2 2 4 4 4 2 6 2 13 9 9 9 0 0 27 6 7 4 14 2 8 7 0 0 12 
0 0 1 0 0 0 2 2 1 3 5 1 1 0 0 4 2 7 1 0 6 2 5 2 1 0 0 1 0 4 0 6 8 8 7 5 33 16 32 15 13 2 15 35 23 13 19 13 10 29 1 0 0 0 0 0 1 0 0 0 0 0 0 1 1 1 0 0 0 0 1 1 0 0 0 0 0 1 2 2 5 1 5 2 1 5 8 10 9 0 0 17 4 4 1 6 0 4 3 1 0 2 
1 9 5 0 5 6 12 2 8 5 2 12 11 4 4 5 33 10 7 3 11 4 4 9 2 0 0 5 0 55 13 49 41 26 33 14 52 63 129 65 48 13 17 42 52 74 52 84 122 195 4 6 9 10 4 3 5 3 0 1 1 1 1 8 11 6 2 3 3 0 12 2 3 1 12 8 0 16 21 18 14 20 22 55 47 56 32 147 51 0 0 71 28 37 24 98 7 65 47 7 14 53 
4 14 11 0 1 7 7 10 9 6 4 5 6 2 3 11 20 18 11 4 12 4 5 12 6 1 0 15 4 71 23 40 47 26 32 23 77 89 142 143 70 55 52 22 142 191 97 196 233 439 7 13 21 26 9 3 11 15 0 8 2 3 2 10 9 8 2 9 5 1 14 9 2 1 35 23 3 20 45 27 22 22 34 72 48 121 81 184 87 0 0 170 55 109 57 191 16 135 48 9 9 64 
5 16 11 2 2 8 6 3 3 6 2 3 2 0 1 7 14 17 6 9 9 5 7 12 11 0 3 17 3 45 15 44 35 12 24 11 47 44 106 67 52 18 43 105 7 94 58 109 168 260 5 3 10 9 1 0 2 2 0 0 0 0 1 5 10 10 2 2 4 3 2 4 0 2 6 3 0 8 14 11 8 5 7 12 16 19 16 41 25 0 0 36 7 24 16 54 3 22 23 8 3 25 
6 10 11 0 4 8 20 5 7 6 9 9 16 8 4 14 25 14 14 9 15 7 12 18 12 0 1 22 3 64 19 62 63 41 27 40 108 97 170 173 114 32 86 183 159 18 137 394 401 757 6 4 19 18 1 2 10 6 0 2 0 1 5 9 19 8 2 6 2 2 10 6 2 2 21 15 3 9 39 18 22 8 17 31 18 62 48 191 59 0 0 117 30 58 25 78 11 63 63 13 7 45 
6 11 10 0 6 13 10 2 16 4 3 9 9 11 0 10 23 9 8 5 11 7 7 7 7 0 3 18 0 57 19 44 58 10 16 25 46 45 120 100 76 16 44 69 85 130 8 231 211 330 9 7 8 9 4 0 2 8 0 4 2 1 0 1 4 9 1 4 0 5 7 3 1 2 5 6 0 13 12 13 10 7 5 17 10 39 23 111 17 0 0 61 15 30 16 29 1 30 16 4 5 36 
2 8 2 0 3 2 2 2 0 6 1 4 3 2 1 4 11 5 0 1 3 4 3 3 6 0 2 6 1 24 3 9 24 4 3 9 30 30 58 34 37 3 31 47 53 135 71 11 97 410 2 0 2 6 0 2 0 4 0 1 0 0 2 1 6 3 2 5 0 2 4 0 1 1 3 3 1 6 2 6 2 6 3 13 8 20 7 69 6 0 0 38 8 12 10 26 2 14 20 10 1 10 
0 4 8 0 2 0 1 3 3 1 5 5 1 1 1 2 4 7 2 2 1 5 4 7 2 2 2 7 0 10 4 24 19 18 14 10 21 32 63 55 25 9 16 48 40 94 28 101 12 297 2 1 4 2 0 0 0 2 0 0 0 0 0 5 5 2 3 2 2 0 3 3 0 0 4 2 0 5 6 1 5 3 11 12 9 15 11 88 7 0 0 23 5 10 6 11 4 12 11 0 0 5 
36 66 37 12 21 35 47 22 34 29 15 38 50 29 23 39 69 53 27 26 37 35 42 82 44 2 16 85 9 269 80 212 225 105 97 92 239 256 430 435 277 44 122 269 303 515 255 686 810 43 48 19 69 20 14 10 24 42 0 9 6 5 3 20 40 32 11 23 6 11 38 35 17 17 74 38 10 38 78 58 57 43 49 102 59 118 88 569 80 0 0 174 43 101 87 145 17 133 105 25 18 92 
4 10 5 0 1 6 3 11 3 8 1 8 6 9 6 11 7 4 5 2 1 2 2 6 1 0 0 5 3 12 8 7 13 9 9 2 4 2 6 3 6 1 4 3 5 13 2 7 5 23 5 10 53 16 15 7 11 38 0 16 7 1 4 9 15 25 4 7 1 9 7 16 7 8 5 13 3 6 55 10 6 5 7 16 4 15 5 35 3 0 0 3 0 3 1 1 0 2 3 3 0 6 
0 16 6 1 1 1 2 0 4 4 3 4 4 0 5 3 1 5 3 0 0 0 0 3 1 0 0 2 0 5 4 9 7 7 3 1 0 1 4 8 3 0 5 3 2 2 2 6 1 14 5 1 46 26 9 2 9 10 0 16 2 1 2 11 3 5 2 8 0 14 6 4 3 13 3 2 0 7 63 0 4 1 5 9 5 16 4 20 2 0 0 3 0 2 1 4 1 4 1 0 2 5 
7 5 7 1 3 3 6 6 6 8 1 2 4 4 6 8 9 6 4 4 2 1 4 6 3 0 1 14 3 16 7 16 13 12 2 2 6 5 12 14 3 1 5 10 9 10 8 4 7 54 52 24 6 29 23 7 6 42 0 23 7 2 5 11 14 30 6 23 7 9 18 13 8 9 9 10 3 22 61 14 10 6 6 12 7 22 11 44 3 0 0 2 3 12 3 4 0 11 8 5 0 6 
10 1 3 1 1 4 7 2 1 7 1 2 10 3 2 9 1 0 2 1 0 1 3 0 0 0 0 4 1 14 5 1 10 10 1 2 6 1 4 10 0 1 4 3 4 4 4 4 1 18 10 22 36 7 5 6 1 21 0 16 4 1 4 5 15 21 3 4 2 20 3 3 3 7 3 6 4 4 50 0 6 1 4 9 1 6 0 8 1 0 0 2 1 2 2 2 0 8 2 0 0 3 
1 4 3 0 0 2 4 0 0 5 1 3 1 2 3 3 2 3 0 1 1 1 0 5 3 0 0 3 0 6 0 0 6 1 2 0 0 0 0 0 0 0 1 1 4 0 4 1 3 4 7 8 27 6 1 1 2 8 0 8 4 0 8 7 1 12 1 4 0 9 4 3 2 6 2 4 1 6 31 0 6 0 5 7 0 0 0 6 1 0 0 2 0 3 2 2 0 4 2 1 0 2 
4 2 1 0 5 1 0 3 6 4 1 2 6 1 1 4 4 0 1 1 1 2 0 4 1 0 1 3 0 6 0 4 2 2 1 1 1 0 4 0 1 0 2 1 3 0 1 2 3 9 15 0 3 11 4 1 3 13 0 3 1 2 1 2 7 8 2 0 1 3 7 3 2 3 1 1 2 11 56 4 1 0 3 8 0 2 0 5 1 0 0 2 0 0 1 1 0 1 0 0 1 1 
7 3 3 0 5 4 3 6 0 2 2 3 5 3 6 6 2 7 3 2 2 1 4 2 1 0 0 2 3 4 0 19 8 2 1 1 3 1 5 5 0 0 2 1 5 4 3 1 4 15 24 10 21 10 13 1 1 18 0 7 2 1 6 5 8 14 2 4 2 8 6 7 6 8 17 12 4 6 73 4 5 2 2 13 13 5 4 14 2 0 0 1 1 1 1 3 1 5 3 1 1 2 
10 4 10 2 1 6 8 6 2 3 3 1 3 6 7 5 6 1 2 1 3 1 2 7 0 0 2 6 1 6 6 13 12 6 6 2 8 0 12 4 1 2 1 3 1 2 4 1 9 23 32 15 34 25 15 7 9 7 0 22 6 2 2 12 11 20 4 7 5 6 8 11 8 7 31 19 4 15 138 4 8 2 5 27 8 4 7 21 3 0 0 4 1 6 2 7 0 6 5 3 1 0 
0 0 0 0 0 0 0 0 0 0 0 0 0 0 0 0 0 0 0 0 0 0 0 0 0 0 0 0 0 0 0 0 0 0 0 0 0 0 0 0 0 0 0 0 0 0 0 0 0 0 0 0 0 0 0 0 0 0 0 0 0 0 0 0 0 0 0 0 0 0 0 0 0 0 0 0 0 0 0 0 0 0 0 0 0 0 0 0 0 0 0 0 0 0 0 0 0 0 0 0 0 0 
5 11 6 2 3 9 4 13 0 3 2 6 12 20 11 31 10 6 4 3 3 16 5 2 5 1 1 8 1 8 3 6 4 13 3 1 1 1 3 7 6 1 5 2 4 0 3 4 2 16 31 11 19 23 12 5 14 29 0 1 1 1 3 10 18 28 14 12 10 12 17 13 7 20 18 7 4 6 58 4 7 3 5 3 7 2 1 19 2 0 0 6 2 0 1 2 0 0 1 1 0 1 
1 0 0 0 0 1 0 1 0 0 0 1 2 0 0 4 0 0 2 0 0 0 0 1 0 1 0 0 0 7 2 4 0 5 1 2 0 2 3 3 1 0 2 2 0 2 0 0 0 8 7 4 9 6 5 4 8 12 0 4 2 3 2 12 4 4 1 8 2 1 8 5 4 11 8 8 0 2 16 1 2 2 3 3 0 2 5 8 0 0 0 0 2 2 0 0 0 1 0 0 0 1 
1 3 3 3 1 7 4 10 4 4 3 8 8 4 2 7 8 2 1 2 1 0 0 3 0 0 0 1 0 21 14 10 2 7 21 5 7 12 21 18 9 1 7 6 10 10 1 7 11 22 7 2 3 11 4 2 9 9 0 16 5 2 2 22 26 25 13 22 2 24 19 20 3 7 6 2 0 7 19 7 5 4 5 11 2 10 3 11 5 0 0 6 0 3 5 1 7 4 0 0 0 1 
2 1 0 0 0 2 2 3 4 1 1 0 0 0 2 0 1 0 1 0 0 0 0 0 0 0 0 0 0 2 2 2 2 2 0 0 0 0 9 1 1 1 4 0 2 0 1 1 0 2 5 4 5 12 3 2 5 11 0 8 5 2 1 4 12 7 7 2 5 6 9 12 6 14 5 1 0 2 23 8 6 0 0 3 1 1 0 12 3 0 0 1 1 1 0 0 1 0 0 0 0 1 
4 12 2 1 1 3 9 4 1 1 0 1 0 0 0 4 3 2 1 2 0 2 1 0 1 0 0 2 1 24 9 10 1 1 11 6 6 19 18 22 17 2 5 9 5 6 5 3 5 19 13 17 37 16 7 3 10 25 0 19 4 3 1 1 9 18 13 15 5 17 28 26 9 7 14 20 2 11 36 11 6 0 6 0 7 0 3 6 6 0 0 4 0 2 0 2 0 1 0 0 0 3 
2 5 6 0 1 8 10 8 5 3 0 2 0 0 0 3 0 0 0 1 0 0 2 0 1 0 0 0 3 24 19 14 9 6 3 3 9 7 18 8 4 1 6 3 4 5 3 2 4 25 13 5 18 16 6 1 16 16 0 30 6 2 3 10 3 28 20 14 15 21 41 48 19 16 1 7 0 6 23 8 10 2 1 7 0 2 0 9 5 0 0 5 0 2 0 0 0 1 4 0 0 0 
3 7 3 2 3 8 11 9 9 10 1 4 3 0 0 4 0 0 0 0 0 0 0 0 1 0 0 0 1 48 28 29 17 9 8 5 12 6 26 6 10 6 0 4 14 13 9 14 22 43 10 13 20 11 13 7 16 25 0 22 9 0 10 30 26 18 10 37 27 40 87 71 32 29 9 9 3 15 61 8 9 5 11 10 10 6 6 12 4 0 0 3 0 0 0 1 0 1 0 0 0 0 
0 1 2 1 1 1 4 4 3 2 1 0 1 0 1 1 0 0 0 0 0 0 0 0 0 0 0 0 0 7 4 6 6 3 3 0 9 1 8 5 3 0 0 1 2 4 0 0 1 7 3 6 6 7 1 1 4 7 0 8 1 1 1 12 14 9 1 2 10 9 26 29 13 6 2 0 1 0 13 1 1 0 2 1 0 2 0 3 1 0 0 1 0 0 0 0 0 0 0 0 0 0 
2 1 2 1 0 2 9 4 0 4 1 2 0 0 0 1 0 1 0 0 0 0 0 0 0 0 0 1 2 23 7 5 5 9 4 5 9 5 7 6 2 0 5 2 4 5 6 2 0 14 7 6 14 11 9 1 10 10 0 10 9 1 7 15 33 38 5 2 8 13 36 53 15 20 7 0 0 8 30 11 1 3 2 1 0 1 2 4 0 0 0 0 1 0 0 0 0 0 0 0 0 0 
0 3 1 0 0 1 1 6 2 1 0 1 0 0 0 1 0 1 0 0 0 0 0 0 0 0 0 0 0 5 0 8 3 4 2 3 6 6 5 2 1 0 0 0 1 3 1 7 1 7 1 1 1 1 2 0 1 1 0 3 1 1 2 5 8 24 11 15 1 13 29 45 3 3 1 0 0 1 5 6 3 0 1 1 0 1 0 3 0 0 0 0 0 0 0 0 0 0 0 0 0 0 
0 1 1 0 0 2 0 0 1 3 0 0 0 0 0 0 0 0 0 0 0 0 0 0 0 0 0 0 0 10 5 4 5 7 4 2 4 0 3 0 4 0 1 0 0 3 0 1 5 4 9 3 9 5 5 1 5 7 0 7 4 0 4 10 20 20 8 27 7 1 33 37 10 30 9 1 2 0 18 1 4 2 4 2 1 5 0 8 1 0 0 0 0 0 0 0 0 0 0 0 0 0 
0 2 3 0 2 1 1 2 0 0 0 4 0 0 0 1 0 2 0 0 0 0 0 0 0 0 0 0 2 5 3 2 6 6 5 6 14 6 11 3 4 0 0 1 3 2 3 3 3 17 2 4 4 5 0 1 5 7 0 5 3 1 4 9 21 19 12 20 17 27 3 55 10 24 4 0 1 1 17 6 4 0 2 3 0 5 1 3 0 0 0 0 0 0 0 0 0 0 0 0 0 0 
2 4 3 0 0 1 2 1 2 2 2 1 7 0 0 6 2 0 1 0 0 0 0 0 0 0 0 1 0 5 3 11 6 7 11 3 13 16 17 5 4 4 3 4 7 6 7 3 8 13 4 2 13 2 2 0 3 7 0 14 2 0 5 16 39 52 27 35 21 40 75 6 35 25 5 2 0 3 17 6 4 3 1 4 2 3 2 12 2 0 0 0 1 0 0 1 1 2 0 0 0 1 
0 4 3 1 3 0 1 2 1 6 1 1 1 1 0 1 0 0 0 0 0 0 0 0 0 0 0 0 1 1 2 2 7 7 3 7 5 2 5 0 1 1 1 3 2 3 2 2 4 11 7 1 8 5 1 2 9 4 0 6 3 1 3 7 13 18 10 9 2 19 31 50 1 21 3 0 0 3 15 5 10 1 10 3 0 4 3 7 2 0 0 1 0 0 0 0 0 0 0 0 0 1 
6 1 3 0 1 2 6 3 2 4 0 1 0 1 0 1 0 0 0 1 0 0 0 0 0 0 0 0 0 2 0 2 4 7 1 1 7 0 5 1 5 0 1 3 1 0 3 2 2 5 12 3 10 5 5 2 2 5 0 16 7 0 5 7 9 35 6 25 9 61 45 49 9 2 3 2 1 11 25 2 9 4 3 1 2 1 2 13 3 0 0 0 0 0 0 1 1 2 5 0 1 2 
1 1 1 1 1 0 3 1 1 4 2 0 6 0 0 4 4 6 1 0 3 3 2 1 1 0 0 0 0 13 1 6 5 3 1 1 1 1 15 5 3 2 10 18 15 8 4 5 7 31 5 7 5 3 3 1 6 11 0 3 1 1 1 4 5 9 2 2 1 9 2 3 3 5 3 5 0 10 100 3 16 7 8 29 7 16 12 52 13 0 0 5 2 11 1 4 1 16 5 0 0 8 
3 1 2 0 2 2 3 1 0 1 1 1 2 1 0 5 2 2 1 0 1 0 2 1 1 0 2 0 2 1 0 5 4 3 2 1 1 0 1 12 1 1 5 4 2 3 10 3 2 22 9 6 1 2 7 1 4 13 0 1 3 0 0 3 5 11 1 4 1 3 3 3 3 2 9 6 3 20 128 8 7 7 15 46 14 6 6 58 6 0 0 4 3 5 5 6 1 13 5 2 1 7 
0 0 0 0 0 1 0 0 0 0 0 0 1 0 0 1 1 0 1 0 0 0 1 0 0 0 0 1 0 0 0 1 0 1 0 0 0 0 0 1 0 1 0 2 1 2 0 0 0 7 1 2 2 0 2 0 1 2 0 4 0 0 0 0 1 0 0 0 0 0 3 0 0 1 1 8 0 7 73 5 2 5 9 10 2 4 2 10 1 0 0 0 0 3 0 1 0 1 0 0 0 0 
4 1 3 0 0 1 2 0 1 2 0 0 1 2 0 1 2 1 0 1 0 0 1 2 2 0 0 0 0 1 0 0 7 1 1 1 0 0 1 0 2 0 5 4 3 5 4 4 1 17 2 4 12 5 2 1 5 11 0 1 2 0 0 4 1 4 2 0 0 1 1 3 1 7 11 28 14 3 86 13 12 3 8 39 27 12 8 23 2 0 0 1 2 1 2 3 1 8 3 0 1 3 
8 24 7 6 8 19 14 10 11 4 7 17 14 21 9 41 16 7 3 5 1 2 1 8 7 0 1 10 4 31 5 24 22 12 11 5 5 5 15 19 8 4 17 31 18 10 18 18 23 64 107 75 171 89 69 19 76 103 0 36 10 5 11 29 34 34 16 18 7 34 28 25 16 28 278 194 83 105 15 84 101 33 73 145 78 30 35 106 22 0 0 16 2 35 9 18 2 15 12 2 0 19 
1 0 1 0 1 1 0 0 0 2 0 0 0 4 0 2 0 1 1 1 1 0 1 1 0 0 1 1 0 7 0 4 3 1 0 0 1 2 1 2 8 0 9 7 6 4 2 7 3 16 6 4 17 15 0 0 6 9 0 7 0 3 1 2 5 8 3 4 3 2 6 4 1 2 25 25 15 28 81 1 10 8 15 54 25 14 9 40 4 0 0 6 4 14 6 6 5 6 10 2 2 9 
0 0 1 0 3 1 2 1 0 0 0 0 1 1 0 0 0 0 0 1 1 0 0 0 0 0 0 1 2 3 0 2 1 2 1 0 0 0 3 3 1 0 7 4 2 6 0 6 2 15 5 3 5 4 1 1 1 9 0 1 3 0 2 4 5 3 2 3 1 1 1 0 3 4 10 12 3 7 87 9 5 7 12 56 41 11 10 40 3 0 0 7 1 9 1 4 1 13 8 1 0 2 
4 0 3 0 0 0 2 0 0 0 0 0 0 0 0 0 0 0 1 1 0 0 0 0 0 0 0 0 1 2 0 0 1 1 0 0 0 1 5 1 4 0 6 7 3 2 1 5 6 26 0 3 4 1 0 1 1 3 0 1 1 0 0 0 3 2 0 0 1 3 2 4 1 0 10 10 7 11 33 4 6 7 12 28 16 10 7 41 8 0 0 6 4 13 2 4 1 16 6 1 1 11 
0 1 0 0 0 0 0 0 0 2 0 0 0 0 0 2 1 0 0 0 0 0 0 0 2 0 0 1 0 7 1 0 2 0 1 0 0 3 3 1 5 1 7 9 3 4 4 5 4 21 6 2 5 3 1 1 19 15 0 1 2 0 2 0 4 0 0 0 0 0 1 0 1 1 6 29 5 8 58 14 10 2 6 90 23 24 11 35 10 0 0 7 2 6 2 1 4 11 6 3 2 2 
2 6 2 0 0 2 1 6 0 1 1 0 1 0 0 0 1 0 0 1 0 1 0 2 0 0 0 4 0 9 6 6 9 4 1 2 3 1 8 3 3 9 27 39 14 33 15 22 23 77 20 10 37 12 20 0 31 40 0 12 3 0 3 2 8 3 2 1 1 5 10 5 6 3 57 56 14 66 182 144 115 45 152 18 142 84 61 132 35 0 0 36 14 27 10 19 6 28 16 7 2 14 
1 0 0 0 1 5 6 1 1 6 0 0 2 1 0 0 0 2 0 2 0 0 0 0 0 0 0 1 0 6 0 0 1 0 1 0 2 1 3 12 0 3 19 8 12 20 21 13 14 27 8 1 9 8 2 1 9 15 0 2 1 0 0 1 6 4 0 0 3 2 0 0 2 1 12 17 5 37 58 35 30 10 23 113 6 51 23 64 18 0 0 32 5 16 10 12 1 17 12 2 2 12 
1 4 8 0 0 2 2 0 2 4 0 2 5 0 0 1 10 4 0 1 10 0 0 4 3 0 0 5 0 10 7 10 11 4 3 4 11 8 17 10 4 8 25 43 12 29 22 17 22 83 12 12 23 12 2 2 7 13 0 0 3 0 0 3 6 3 1 1 1 3 1 1 0 0 10 12 0 8 23 15 28 15 19 72 61 13 11 55 36 0 0 50 16 26 12 28 9 22 15 6 3 23 
1 3 5 0 1 2 3 1 3 0 1 1 1 0 0 0 3 3 1 0 2 1 0 5 0 2 0 3 0 2 1 8 7 2 5 2 5 11 24 21 16 6 25 53 12 22 14 23 14 41 2 2 10 5 2 0 2 8 0 4 0 0 0 0 1 1 1 3 0 0 2 1 1 1 8 10 2 5 29 20 13 10 14 43 25 15 5 42 25 0 0 52 14 16 23 15 6 17 9 1 3 12 
11 19 12 1 8 9 12 3 2 5 3 3 2 3 2 7 10 8 6 6 11 2 5 14 15 0 2 25 1 73 10 27 38 12 15 8 23 37 83 37 29 15 63 89 63 127 88 79 104 496 27 19 33 7 7 1 11 23 0 14 7 1 1 6 7 10 1 5 1 0 12 3 5 2 33 37 15 49 90 33 44 29 54 103 53 55 38 17 32 0 0 106 29 56 39 78 17 70 54 11 18 90 
1 4 1 0 1 0 3 1 2 2 0 0 0 0 1 3 4 0 1 4 2 0 3 2 0 0 1 5 0 22 6 9 10 3 10 9 5 18 33 8 7 6 22 74 14 18 10 10 19 65 7 2 9 7 2 0 7 5 0 4 2 0 1 1 2 2 0 0 1 1 2 3 1 0 8 9 7 4 18 24 16 6 10 32 15 25 28 40 10 0 0 59 12 18 14 36 7 20 8 12 2 16 
0 0 0 0 0 0 0 0 0 0 0 0 0 0 0 0 0 0 0 0 0 0 0 0 0 0 0 0 0 0 0 0 0 0 0 0 0 0 0 0 0 0 0 0 0 0 0 0 0 0 0 0 0 0 0 0 0 0 0 0 0 0 0 0 0 0 0 0 0 0 0 0 0 0 0 0 0 0 0 0 0 0 0 0 0 0 1 1 0 0 0 0 0 0 0 0 0 0 0 0 0 0 
0 0 0 0 0 0 0 0 0 0 0 0 0 0 0 0 0 0 0 0 0 0 0 0 0 0 0 0 0 0 0 0 0 0 0 0 0 0 0 0 0 0 0 0 0 0 0 0 0 0 0 0 0 0 0 0 0 0 0 0 0 0 0 0 0 0 0 0 0 0 0 0 0 0 0 0 0 0 0 0 0 0 0 0 0 0 0 0 0 0 0 0 1 0 0 0 0 0 0 0 0 0 
3 7 8 1 4 7 10 6 13 7 6 6 11 6 8 16 13 10 5 2 4 1 5 5 3 0 1 14 4 71 23 33 34 41 46 23 67 88 141 57 53 17 66 173 85 157 87 139 183 454 11 18 18 13 7 1 11 15 0 7 1 3 3 7 9 10 1 2 1 1 9 6 2 3 17 23 4 23 50 46 25 26 46 75 82 90 102 277 142 0 0 13 60 92 65 322 20 182 73 12 9 98 
0 3 0 0 1 3 2 0 3 0 0 3 3 0 1 0 3 4 0 0 0 0 0 0 0 1 0 1 0 10 3 6 3 1 9 0 10 6 24 13 9 4 26 39 12 17 7 18 17 55 2 2 1 3 0 1 1 0 0 1 1 0 0 0 1 0 0 0 0 0 0 0 0 1 9 4 1 7 17 6 9 9 8 24 7 15 21 49 17 0 0 54 5 5 6 29 5 30 8 5 0 9 
0 0 3 0 0 2 0 1 0 0 1 0 1 2 0 3 0 1 1 0 2 0 0 1 0 0 0 1 0 6 2 10 2 4 1 4 6 11 17 7 10 5 18 29 11 28 15 21 31 52 4 2 8 2 1 0 1 5 0 1 0 0 1 0 1 0 0 0 0 0 3 0 0 0 5 6 2 8 12 12 3 14 9 22 10 19 11 84 33 0 0 47 7 5 3 27 5 22 6 1 2 25 
1 1 1 0 0 1 1 1 1 2 0 0 1 0 0 0 0 0 0 0 0 0 0 1 0 0 0 0 0 9 1 6 5 5 6 4 6 6 21 6 11 8 20 31 21 18 14 16 40 86 8 2 5 0 2 0 7 4 0 0 0 0 1 0 0 0 0 0 0 0 0 0 0 0 8 5 1 6 13 12 9 5 8 16 13 34 27 59 13 0 0 31 2 6 14 26 4 40 15 6 6 21 
0 1 5 0 0 1 1 0 1 0 0 0 2 0 0 1 1 0 0 1 1 0 0 0 0 0 0 2 1 8 2 2 7 3 6 5 7 3 8 10 3 2 33 48 21 17 6 17 24 45 2 3 1 1 1 0 3 3 0 3 0 2 1 0 2 1 1 0 1 0 0 0 0 0 14 6 6 5 9 7 11 3 8 13 17 17 12 83 19 0 0 79 4 28 17 4 0 30 6 6 2 31 
0 0 1 0 0 0 0 1 0 0 0 2 0 0 0 0 0 0 0 0 0 0 0 0 0 0 0 0 0 0 0 0 0 0 0 0 0 1 0 1 2 0 3 8 3 6 2 0 3 9 0 0 2 0 0 0 0 0 0 0 0 0 0 0 1 0 0 0 0 1 0 1 0 0 1 0 0 3 1 0 3 0 1 1 3 3 1 14 6 0 0 10 1 3 0 1 0 0 3 1 3 3 
0 2 1 0 0 0 0 1 0 0 1 0 1 0 0 0 0 0 0 0 0 0 0 0 0 0 0 0 1 4 1 2 1 2 2 2 7 2 7 5 1 2 7 17 10 10 12 9 13 32 3 0 4 4 0 0 1 3 0 1 0 0 0 0 2 0 0 0 0 0 0 0 0 0 11 4 3 6 10 9 17 6 7 16 8 17 10 36 5 0 0 45 4 7 7 7 3 5 2 5 3 17 
0 3 2 1 0 0 1 0 0 1 1 0 0 2 1 4 0 0 1 0 0 0 0 0 3 0 0 0 0 4 2 7 2 0 3 5 3 5 10 5 3 1 15 19 14 20 13 10 7 56 6 2 8 1 0 0 2 5 0 1 1 0 0 0 0 1 0 0 0 1 0 0 0 1 12 7 1 3 16 7 8 5 6 21 12 16 7 59 21 0 0 22 8 12 6 7 0 4 2 3 1 5 
0 1 0 0 0 0 0 0 1 0 0 0 0 2 0 0 0 1 0 0 0 0 0 1 0 0 0 0 0 1 0 0 1 0 0 0 1 0 0 2 0 0 5 0 2 0 1 4 0 10 2 2 2 0 0 0 0 0 0 0 1 0 0 0 0 1 0 0 0 0 0 0 0 0 0 1 0 0 4 2 4 0 1 6 2 2 1 14 2 0 0 9 1 1 1 1 0 1 3 1 0 6 
0 1 0 0 0 0 0 0 0 0 0 0 0 0 0 0 0 0 0 0 0 0 0 1 0 0 0 0 0 0 1 0 1 0 1 0 2 1 2 0 1 0 2 2 2 3 2 0 3 15 0 0 1 0 0 0 0 0 0 0 0 0 0 0 0 0 0 0 0 0 0 0 0 0 0 0 0 0 2 1 0 0 4 4 4 2 4 12 4 0 0 8 1 1 2 2 1 1 3 1 0 2 
17 29 17 1 5 18 9 7 9 6 2 21 15 9 8 7 20 11 9 5 0 1 2 2 6 0 1 17 4 91 19 56 54 16 28 44 70 68 116 65 40 10 150 154 126 143 133 90 126 428 44 21 38 19 6 6 12 14 0 22 8 2 0 3 13 8 6 7 0 2 7 5 1 7 27 19 2 21 51 40 35 24 42 81 54 101 51 441 118 0 0 137 33 131 125 150 15 108 36 9 5 14 
