8 11 79 9 11 33 78 60 56 48 16 61 99 150 99 84 68 45 37 15 13 13 10 57 19 1 2 36 130 5 1 3 31 9 3 7 7 3 47 20 32 3 30 28 17 22 19 4 8 55 12 2 9 8 1 1 5 9 0 1 5 9 2 4 8 13 3 3 1 4 2 3 2 2 0 3 0 7 17 0 2 4 2 11 2 7 2 45 3 0 0 4 0 0 7 6 0 1 3 0 0 13 
10 14 33 5 15 48 75 54 94 40 9 59 88 194 103 98 72 44 48 17 10 22 11 36 16 5 0 37 123 6 1 3 19 6 7 7 7 6 51 29 30 3 10 21 16 23 16 6 4 42 10 3 11 9 5 5 4 5 0 1 3 20 1 8 12 21 14 23 6 3 4 3 4 13 0 1 0 1 31 3 1 0 1 8 0 13 6 30 2 0 0 14 1 4 5 1 0 3 4 0 0 9 
27 18 21 8 18 60 60 62 73 43 13 46 83 181 124 77 50 38 34 15 6 10 7 43 11 0 0 41 255 3 0 1 10 4 5 4 12 6 46 20 12 4 16 20 15 20 21 9 5 48 3 4 6 2 2 5 3 10 0 4 3 24 3 14 13 9 5 8 1 3 2 1 4 0 2 0 0 3 36 3 1 3 3 8 0 4 0 26 3 0 0 15 12 5 5 0 0 0 6 0 0 5 
21 16 26 2 1 19 14 38 14 10 3 8 19 29 21 14 3 11 5 2 0 5 2 9 3 0 1 14 13 0 0 0 1 2 1 1 2 0 11 4 1 0 1 0 2 3 7 1 0 10 0 1 1 3 1 1 0 2 0 0 1 5 0 0 0 5 0 0 0 0 0 0 0 2 0 1 0 0 6 0 0 1 1 3 0 0 0 2 0 0 0 1 1 0 0 0 0 0 0 0 0 0 
17 26 23 2 5 2 28 12 27 10 19 23 15 36 36 39 14 5 9 3 6 8 2 16 9 3 0 14 26 0 1 0 2 3 1 1 0 0 14 10 5 3 1 6 5 7 5 2 1 17 5 0 2 2 0 8 1 0 0 2 4 3 1 3 0 5 6 0 0 0 1 1 2 2 3 3 0 7 8 0 1 3 3 0 0 2 2 11 2 0 0 4 1 1 2 0 1 1 3 0 0 4 
42 71 84 11 18 13 28 48 44 40 19 121 111 282 146 118 103 73 53 21 17 16 6 44 19 0 0 39 149 8 2 2 11 8 10 1 2 3 60 28 14 5 24 18 27 10 19 0 0 46 6 2 16 11 6 7 1 7 0 4 0 33 3 8 10 37 8 3 7 4 3 6 6 6 0 1 1 3 25 0 12 2 3 13 2 5 2 11 0 0 0 34 4 1 5 2 0 1 1 1 0 8 
51 75 31 18 17 13 13 52 36 28 21 68 114 161 138 109 82 42 51 16 13 12 14 20 11 2 0 19 63 8 1 3 15 13 5 1 5 6 45 23 14 7 12 12 26 16 7 5 3 35 11 2 9 4 0 4 0 15 0 3 2 57 5 6 20 30 2 7 1 2 10 0 9 2 1 3 2 2 25 0 2 0 1 6 2 7 0 16 5 0 0 27 0 5 2 0 0 0 2 0 0 13 
39 49 81 13 6 30 37 14 12 32 22 74 128 292 130 196 141 39 58 20 15 12 10 31 16 3 0 31 69 5 3 5 5 12 2 3 3 10 64 42 25 3 2 11 12 33 11 6 3 24 7 3 11 10 8 3 19 5 0 1 1 68 4 15 26 27 2 6 3 2 0 1 4 8 2 2 2 1 26 0 2 2 1 5 3 3 0 11 0 0 0 14 7 3 0 2 0 1 0 0 0 9 
53 48 91 12 30 42 101 26 10 12 51 92 113 278 137 164 146 39 77 14 18 33 13 25 14 1 0 26 85 5 0 4 18 5 6 1 2 14 99 48 19 3 2 13 7 26 19 2 1 40 6 7 3 14 3 3 4 8 0 1 0 64 2 13 20 21 2 2 1 1 1 5 0 2 2 1 1 2 22 1 3 0 0 4 5 5 1 19 3 0 0 22 4 0 3 0 1 0 0 0 0 5 
32 33 67 15 11 20 18 10 11 5 8 45 50 138 56 92 131 46 44 9 27 11 6 43 14 1 0 39 42 6 0 1 6 1 3 0 0 4 49 23 22 2 2 15 7 12 6 1 4 16 3 5 6 3 2 15 7 11 0 2 0 30 8 2 3 29 2 2 4 0 2 1 4 4 4 3 0 2 14 2 1 0 0 15 0 0 2 1 4 0 0 2 4 0 0 0 0 0 0 0 0 2 
10 18 18 4 21 20 36 15 28 16 1 15 39 136 42 82 115 49 46 9 15 4 16 11 3 5 0 32 16 3 2 2 3 1 1 0 2 0 52 18 7 1 12 3 7 10 7 5 2 31 4 2 2 1 1 3 5 16 0 1 1 31 0 2 2 1 6 2 0 3 1 1 7 3 0 0 0 0 13 0 2 0 0 1 0 1 1 2 0 0 0 16 0 0 2 1 0 0 4 0 0 2 
50 77 75 24 35 48 43 68 63 30 17 5 38 137 63 109 104 95 117 29 11 12 17 45 20 3 1 73 53 6 1 5 6 1 2 0 2 10 117 33 23 2 27 5 6 20 27 2 2 30 10 2 6 1 1 1 4 12 0 5 5 76 3 2 6 21 3 2 0 1 2 7 2 2 3 4 0 0 10 0 0 1 0 0 0 0 1 2 0 0 0 3 1 1 4 2 0 1 0 0 0 6 
31 58 55 10 46 52 76 89 82 56 27 29 8 131 59 136 115 71 150 46 46 30 21 47 31 3 0 78 30 16 3 4 15 6 21 2 10 11 55 59 40 2 13 17 7 15 13 2 4 39 12 3 11 3 2 2 11 10 0 2 3 36 7 2 2 6 4 3 0 1 0 1 7 2 5 1 0 1 22 4 1 0 0 0 0 1 2 2 4 0 0 38 4 9 2 6 0 2 2 0 0 8 
35 47 58 11 21 26 32 45 52 25 14 25 29 8 8 50 74 72 151 27 29 31 28 63 50 6 1 145 33 2 1 0 3 1 1 1 1 2 34 17 11 2 13 3 3 4 5 4 3 14 15 0 5 4 5 0 7 3 0 0 2 6 1 0 0 0 0 0 0 0 0 0 3 5 6 2 0 1 22 2 0 0 0 0 0 0 0 1 1 0 0 13 0 0 2 1 0 0 0 0 0 7 
54 79 91 3 40 47 48 65 87 74 34 71 50 32 2 30 57 64 129 37 61 33 38 65 28 5 3 144 40 0 4 11 7 0 7 2 6 1 14 14 10 0 11 9 6 13 4 5 6 20 4 5 9 8 6 3 4 4 0 2 5 19 0 0 0 0 0 0 0 0 1 1 3 0 3 3 3 4 23 2 0 1 0 1 0 0 2 6 1 0 0 5 0 0 0 1 0 0 1 0 0 3 
37 58 31 11 14 53 37 61 52 42 35 70 41 124 17 20 76 88 112 38 87 45 44 94 40 15 5 130 31 26 8 23 36 30 48 12 139 4 15 42 19 3 12 51 24 7 13 2 2 47 5 3 5 11 6 7 4 6 0 5 0 11 0 13 0 1 3 0 0 0 1 3 3 0 3 2 1 1 27 2 0 0 0 3 0 3 3 15 15 0 0 26 0 5 1 1 0 2 1 0 0 5 
29 37 48 5 15 29 31 53 49 34 31 94 107 349 87 138 8 61 160 21 62 47 72 105 47 8 2 93 25 36 15 33 95 46 55 32 93 14 144 78 76 6 51 44 45 48 40 8 8 81 12 5 1 9 2 1 6 3 0 4 6 21 0 2 1 0 1 0 0 1 0 0 1 2 9 2 3 11 32 5 3 1 1 2 1 3 6 17 6 0 0 31 1 2 2 0 1 0 0 2 0 11 
20 37 25 7 11 34 19 22 37 60 29 68 79 262 90 161 32 15 54 17 59 20 42 51 29 5 3 90 38 18 7 18 50 21 48 10 81 5 127 74 27 3 34 41 40 29 17 7 9 80 8 3 5 5 3 0 8 7 0 8 1 4 4 4 1 0 0 0 0 0 2 0 0 3 2 2 0 0 21 0 0 0 0 0 0 6 1 17 9 0 0 12 4 0 0 0 0 0 1 0 0 3 
44 44 19 10 7 43 20 28 25 23 17 50 64 248 90 106 81 41 6 23 46 13 44 45 32 17 6 79 34 19 3 25 20 27 47 10 17 8 46 11 6 4 7 17 20 12 11 2 2 28 0 4 5 3 4 1 0 4 0 2 1 2 0 1 0 0 0 0 0 0 0 1 0 2 0 2 0 0 2 2 5 1 0 0 0 1 2 5 1 0 0 7 0 1 0 0 0 0 0 0 0 2 
17 18 19 4 3 9 8 22 24 23 19 41 46 122 83 147 162 94 76 12 7 6 17 60 25 9 5 121 21 6 2 4 17 3 21 7 30 34 77 27 11 3 8 15 16 13 7 3 8 18 6 1 3 3 0 1 0 4 0 0 1 1 0 1 0 0 0 0 0 0 0 1 0 0 2 1 0 0 3 0 0 0 0 1 0 2 3 3 3 0 0 8 0 0 0 0 0 0 0 0 0 2 
14 19 13 3 16 10 6 27 14 18 4 47 63 240 99 305 157 93 119 3 5 2 20 20 23 12 13 105 8 4 3 1 7 2 14 13 30 10 137 37 20 8 17 7 17 18 9 5 1 35 0 0 0 0 0 0 1 1 0 2 0 0 0 0 0 0 0 0 0 0 0 0 0 0 0 0 0 0 0 0 0 0 0 0 0 2 0 11 0 0 0 6 0 0 0 0 0 0 1 0 0 0 
33 28 30 4 15 25 14 32 44 30 26 90 96 398 175 351 267 108 121 18 7 6 38 42 20 28 16 208 20 7 5 0 16 13 22 18 71 29 112 9 9 0 15 20 16 27 15 3 7 29 0 2 4 2 1 1 0 2 0 6 0 1 0 2 0 0 0 0 0 0 0 0 0 0 2 2 0 0 2 1 0 1 0 0 0 4 0 18 3 0 0 8 1 0 0 0 0 1 0 0 0 1 
5 10 8 1 11 13 13 7 16 44 7 41 59 142 150 303 235 158 147 26 82 21 5 19 6 15 3 152 18 4 10 4 23 6 18 10 34 8 118 20 9 1 23 14 12 15 4 10 3 30 0 1 8 1 0 2 4 4 0 0 0 1 0 3 0 0 0 0 0 0 0 0 0 0 1 2 0 1 11 0 2 0 0 1 0 2 0 6 2 0 0 8 2 0 1 0 0 1 1 0 0 1 
21 21 34 4 12 19 12 30 38 60 19 74 98 294 165 348 433 258 253 46 135 63 37 11 11 43 35 197 10 7 1 3 36 12 45 14 49 18 163 45 40 3 12 23 28 51 34 10 9 122 16 5 15 4 5 5 3 5 0 1 0 4 0 0 0 0 0 0 0 0 0 0 0 0 6 3 0 1 29 1 4 0 3 0 4 5 2 22 3 0 0 5 3 0 0 1 0 0 0 0 0 4 
34 27 23 6 8 39 14 24 29 50 18 45 62 123 95 159 121 91 115 37 71 19 15 13 10 4 11 116 16 17 11 7 88 11 20 16 38 4 73 35 36 7 12 22 37 48 25 11 16 140 18 7 20 6 14 1 9 10 0 1 2 4 0 6 3 3 0 0 0 0 0 0 0 2 1 7 2 1 43 2 2 5 0 7 1 5 1 54 4 0 0 9 2 0 1 1 0 0 0 1 0 1 
1 0 2 0 1 3 0 1 2 1 0 2 0 14 16 18 13 6 30 8 35 10 9 27 8 2 3 33 0 0 2 0 3 0 0 1 10 2 7 3 0 0 0 1 0 3 0 1 0 1 0 0 0 1 0 3 0 0 0 0 0 0 0 0 0 0 0 0 0 0 0 0 0 0 0 1 0 0 1 0 0 0 0 0 1 0 0 0 0 0 0 0 1 3 0 0 0 0 0 0 0 0 
3 2 4 0 0 4 3 3 2 0 2 1 7 16 28 45 30 25 11 13 41 26 13 66 21 3 1 114 0 2 1 1 5 1 4 4 8 3 16 4 10 0 1 1 5 1 1 1 0 7 0 0 2 0 0 0 0 1 0 1 0 11 0 0 1 0 0 0 0 0 0 0 0 0 0 0 0 0 0 0 0 0 0 0 0 0 0 1 0 0 0 6 0 0 0 0 0 0 0 0 0 0 
32 42 34 6 6 24 4 21 34 58 18 35 83 225 172 245 203 111 128 66 112 82 107 139 44 27 20 11 11 7 4 7 45 15 19 11 53 25 128 52 47 6 26 21 21 37 32 6 16 129 9 3 21 6 6 6 7 3 0 4 1 0 0 1 0 2 0 0 0 0 0 0 0 0 5 2 3 2 13 3 3 2 0 6 2 6 0 44 2 0 0 23 3 1 0 5 0 1 1 0 1 10 
6 7 3 2 0 6 12 9 5 1 1 3 4 10 6 9 12 1 2 0 2 1 0 1 1 0 0 2 0 0 1 1 0 0 3 0 1 0 3 1 3 0 2 1 0 1 1 1 0 2 1 0 0 0 0 0 0 1 0 0 0 0 0 0 2 0 1 3 0 0 0 0 0 0 0 0 0 0 0 0 0 1 0 1 0 0 0 1 0 0 0 0 0 0 0 0 0 0 1 0 0 1 
3 8 3 1 4 4 13 9 9 12 5 18 12 8 12 77 72 61 48 10 10 7 16 18 4 0 0 6 6 28 115 259 830 428 923 579 1233 418 491 283 160 19 143 158 123 152 121 35 32 314 17 6 27 13 3 5 6 19 0 22 23 139 7 60 71 119 21 35 16 19 4 7 11 0 5 5 0 4 54 3 2 4 3 5 7 28 14 106 35 0 0 108 21 27 29 8 1 4 10 1 2 47 
1 3 6 0 0 2 2 3 2 0 4 3 10 4 2 31 41 25 23 4 0 2 2 10 0 0 0 1 0 57 18 141 260 131 313 184 453 108 172 91 51 8 43 30 38 37 32 3 11 80 9 3 15 3 3 3 4 5 0 9 13 54 5 20 45 60 18 19 6 6 0 1 3 0 2 1 0 0 21 1 3 0 2 1 2 3 4 27 3 0 0 26 6 4 6 2 0 2 6 0 0 14 
5 7 8 1 1 3 3 6 7 3 2 16 13 6 9 113 119 41 38 9 4 0 2 5 6 1 0 13 4 177 147 7 233 161 430 262 863 328 724 207 133 27 98 113 89 116 120 21 21 218 14 6 13 7 3 5 10 12 0 17 9 112 5 13 72 90 10 8 5 2 12 9 9 1 5 1 2 4 18 7 4 5 1 5 3 18 14 50 37 0 0 96 12 13 17 5 3 2 12 1 0 27 
9 7 2 0 2 3 1 4 1 5 3 0 4 2 21 27 25 16 14 5 3 1 7 19 6 0 0 17 1 192 51 92 8 19 162 66 306 125 258 109 112 15 102 65 63 105 71 35 21 207 9 8 20 4 1 5 4 8 0 10 2 42 1 4 10 41 5 4 2 5 6 9 5 8 4 2 0 3 36 1 0 1 2 7 2 18 10 66 7 0 0 28 7 6 7 5 1 2 5 0 2 45 
1 2 1 0 4 1 1 7 6 0 0 7 3 7 0 31 29 27 20 4 2 4 2 14 2 0 0 7 2 90 34 63 42 9 58 35 238 107 317 160 84 13 90 83 69 67 44 16 18 98 7 6 12 10 4 4 11 8 0 2 0 71 2 4 6 50 10 15 8 11 14 22 26 16 1 4 0 1 34 4 2 1 1 3 0 10 5 34 9 0 0 88 16 5 14 4 1 1 4 0 0 14 
0 1 2 0 0 1 2 1 3 0 3 1 2 0 7 20 38 14 22 3 9 5 2 14 3 0 0 16 1 153 40 106 149 73 9 21 189 96 247 153 75 8 71 85 53 63 32 29 6 96 2 3 17 10 2 2 4 12 0 14 5 114 3 21 12 28 7 3 3 15 15 13 20 12 1 4 2 2 20 1 1 0 0 1 0 5 3 21 11 0 0 51 12 12 7 0 0 4 4 3 2 12 
0 4 5 0 2 1 0 1 2 2 0 0 3 2 5 16 33 41 30 5 8 3 4 20 5 3 3 13 1 149 45 116 183 49 61 10 316 103 152 135 87 9 43 62 39 48 34 10 8 99 3 1 5 3 0 2 3 1 0 2 9 60 0 9 12 21 7 2 2 0 6 3 7 5 1 1 2 1 7 1 0 0 0 0 0 2 6 16 7 0 0 46 7 6 6 9 1 3 10 0 0 19 
2 1 4 0 0 0 3 0 5 2 1 0 1 3 2 11 16 11 25 2 3 3 0 7 3 0 1 12 1 214 63 143 186 84 111 110 29 73 269 253 153 55 113 105 86 145 87 40 27 229 2 5 7 3 1 0 4 4 0 2 0 6 8 6 4 13 4 15 1 0 10 9 8 4 1 2 0 0 3 1 1 0 0 1 0 13 7 31 14 0 0 123 15 33 12 5 1 2 15 1 1 30 
11 13 4 1 6 11 2 13 9 25 6 6 12 25 3 5 20 40 17 10 10 10 10 16 6 2 0 26 1 126 25 169 235 177 146 63 298 20 185 390 222 35 260 314 161 145 99 19 19 244 3 3 6 1 0 9 3 2 0 0 0 60 3 27 6 5 5 5 5 0 5 9 4 11 3 2 1 2 19 0 1 0 0 1 1 14 9 75 29 0 0 212 30 24 17 8 1 7 14 7 1 39 
6 20 13 10 2 8 16 12 9 25 2 10 13 41 6 4 17 32 28 10 16 9 6 20 16 3 0 41 8 123 42 140 223 107 179 79 524 81 23 307 228 37 185 308 149 267 125 35 35 249 4 5 15 3 4 6 3 5 0 3 5 47 6 22 13 24 2 0 2 2 3 8 13 9 1 2 0 5 10 3 5 2 1 11 2 20 13 70 55 0 0 326 50 23 21 10 4 2 8 5 0 36 
33 32 18 3 13 22 12 27 27 20 13 47 50 70 44 104 62 70 88 7 22 4 10 40 15 1 0 48 13 128 47 184 288 195 493 182 1270 523 1276 26 95 69 348 634 233 515 292 64 47 399 13 5 22 6 2 3 3 7 0 2 8 70 1 25 20 23 2 8 4 1 5 6 21 8 7 4 1 1 10 6 4 1 4 23 8 5 11 36 53 0 0 180 32 44 6 10 1 2 3 1 2 37 
13 14 21 1 0 9 10 10 20 8 3 19 15 58 26 49 77 65 25 8 8 4 8 29 17 2 3 50 20 67 21 97 201 126 168 72 488 278 579 68 9 25 156 294 161 374 128 60 43 283 7 3 4 0 1 2 2 1 0 2 2 23 4 19 11 32 6 5 7 2 7 2 11 7 3 7 0 0 10 4 1 5 2 12 4 4 10 7 22 0 0 140 42 25 38 13 0 9 23 1 2 13 
2 0 4 0 0 4 0 3 1 3 1 2 1 5 2 5 19 18 5 3 9 1 1 3 0 0 0 0 3 7 7 15 39 18 17 7 123 54 72 35 19 1 42 86 70 87 23 10 12 50 0 1 3 0 0 3 1 2 0 0 0 4 0 11 2 1 3 1 0 1 1 1 2 3 0 1 1 2 1 1 0 5 1 8 2 6 1 18 18 0 0 32 7 14 4 6 1 13 1 0 0 8 
9 7 4 0 2 6 12 11 8 4 4 8 2 0 8 37 25 10 10 3 6 0 2 9 3 1 0 23 0 36 12 56 98 37 115 35 166 108 228 103 52 13 19 69 100 176 54 37 24 163 13 2 10 7 2 2 4 7 0 1 7 18 0 8 15 11 2 3 1 0 1 1 5 3 16 9 1 9 20 12 19 16 27 67 17 55 33 115 59 0 0 99 30 57 38 31 5 22 20 6 4 92 
6 19 8 0 2 5 6 9 5 4 3 9 9 2 7 13 16 25 19 4 4 4 0 10 5 0 3 17 1 55 12 31 96 48 115 31 164 133 260 243 64 42 80 14 185 289 138 51 36 287 11 9 20 8 5 8 11 10 0 1 1 17 1 13 4 11 2 1 1 2 3 3 4 7 9 12 1 6 34 17 16 21 13 62 25 84 30 93 31 0 0 338 49 87 55 41 21 17 24 5 6 113 
6 13 9 1 1 5 3 13 7 3 5 7 4 10 7 31 41 20 34 10 5 5 1 32 7 0 1 23 7 53 19 59 154 55 134 43 254 145 232 198 138 48 211 188 26 310 158 90 56 459 5 4 9 3 4 4 3 3 0 2 1 11 2 12 7 18 7 9 3 1 3 3 10 11 4 10 0 7 21 6 4 6 4 42 8 26 15 53 19 0 0 217 56 97 30 33 5 9 16 1 5 66 
9 12 11 3 2 8 7 10 7 8 9 9 10 7 3 37 25 43 23 1 1 2 1 23 9 0 0 24 2 30 9 49 156 46 103 45 172 112 226 210 146 18 211 300 108 15 72 107 72 405 6 3 11 2 0 1 6 4 0 2 2 12 0 10 5 16 4 4 3 1 1 5 16 2 5 5 0 3 25 12 9 12 9 40 9 43 25 120 17 0 0 198 61 75 30 23 5 16 25 7 5 98 
13 8 7 0 4 13 10 6 9 9 7 9 13 12 22 29 28 24 21 4 8 4 4 25 21 0 1 19 19 39 10 47 183 44 75 36 224 144 227 204 122 37 205 376 199 223 16 104 82 299 5 3 19 3 0 8 7 5 0 1 2 13 0 3 9 21 2 9 5 2 0 3 6 3 10 4 5 5 22 10 6 8 5 25 18 55 24 104 21 0 0 181 36 77 62 24 6 8 32 0 2 102 
4 6 5 1 2 5 8 4 3 12 4 8 8 11 12 18 30 17 14 5 2 2 3 19 9 0 0 14 9 40 10 30 139 21 65 23 163 86 187 147 246 47 304 788 307 1175 456 12 81 1013 4 2 10 2 0 1 1 8 0 2 0 11 2 4 7 13 3 11 1 0 1 1 6 3 4 4 0 0 17 6 8 12 3 30 9 36 40 126 51 0 0 375 31 64 55 17 2 4 25 3 3 54 
10 11 10 4 1 6 6 7 6 6 8 15 13 15 6 11 34 24 20 4 6 1 2 21 9 1 0 17 8 33 11 42 126 37 96 38 164 85 182 193 166 50 450 1268 518 1848 978 296 9 2098 6 4 6 3 1 3 9 3 0 3 1 18 0 10 6 25 2 10 5 4 4 4 10 2 13 3 2 1 42 13 12 10 8 43 17 51 33 159 50 0 0 504 42 98 93 37 2 19 20 3 2 81 
43 55 36 8 15 35 18 23 32 50 13 38 36 35 9 43 63 97 81 9 26 9 14 156 39 5 2 95 28 161 48 123 972 92 219 143 540 350 510 363 346 64 658 1381 553 1507 538 448 138 40 29 17 44 9 5 8 10 10 0 10 6 34 1 26 29 42 8 32 5 2 22 10 24 33 35 21 2 15 95 16 20 61 33 94 40 133 40 585 119 0 0 605 84 115 157 67 9 21 64 0 3 262 
8 10 15 1 3 6 2 23 10 15 5 8 14 33 27 32 14 10 7 6 7 2 1 42 12 2 0 20 3 15 4 7 99 13 23 10 26 5 20 11 6 1 16 25 18 17 17 5 10 79 6 9 116 31 31 34 52 95 0 68 13 16 14 24 21 61 12 20 4 9 13 8 19 18 12 5 1 9 127 20 6 4 18 39 9 19 2 54 17 0 0 12 3 15 13 4 1 3 5 0 2 22 
4 2 2 1 0 9 8 6 3 4 2 4 11 18 11 18 6 5 2 0 0 0 0 13 3 0 0 6 4 3 3 6 40 7 25 4 13 5 18 4 8 0 11 14 3 12 6 1 8 30 10 2 27 17 12 17 22 34 0 49 6 14 0 10 20 54 8 8 1 5 9 3 5 16 4 3 0 1 88 3 5 5 5 25 9 18 3 34 6 0 0 15 5 2 6 2 0 2 6 0 1 11 
6 8 14 4 2 7 10 6 0 6 5 8 11 35 18 32 25 20 8 1 1 2 2 26 2 0 0 16 11 8 4 10 80 26 24 12 29 3 24 15 9 1 23 22 21 22 15 8 4 65 34 13 6 12 8 27 23 46 0 67 16 18 6 26 17 44 8 25 4 11 7 17 16 19 17 8 0 11 111 12 8 4 6 38 10 18 21 66 7 0 0 24 4 5 12 1 0 2 11 0 0 21 
11 3 3 1 2 5 4 6 13 6 5 10 14 35 15 26 24 10 14 0 6 3 2 12 4 1 0 5 8 2 7 12 40 23 23 5 24 2 23 11 10 2 11 19 9 17 8 4 4 17 51 33 34 6 32 40 68 107 0 107 16 30 9 25 45 54 7 20 3 9 5 12 12 6 14 7 2 3 121 9 14 7 7 65 6 23 6 19 0 0 0 29 4 12 8 4 0 6 7 0 0 11 
1 3 9 2 1 5 2 10 7 4 5 2 6 9 6 24 8 2 2 0 1 2 0 11 0 0 0 5 0 11 1 9 15 9 11 5 4 2 5 5 1 0 8 10 0 5 3 0 0 11 16 23 55 8 1 3 29 36 0 35 18 27 12 17 24 24 1 12 3 6 6 5 4 9 5 10 0 9 84 8 2 3 1 13 6 7 0 11 8 0 0 5 0 7 2 1 0 3 4 0 1 6 
3 5 2 0 0 2 2 3 3 1 1 0 3 7 7 5 3 1 3 0 2 0 2 5 2 0 0 5 4 2 3 1 15 2 10 0 2 0 3 2 4 1 1 8 1 6 1 2 0 14 13 5 22 11 2 1 7 8 0 15 0 34 0 16 2 11 1 8 2 9 4 5 10 3 1 4 0 2 61 4 0 0 0 14 3 1 1 4 3 0 0 8 0 2 0 3 0 0 0 0 0 3 
1 2 6 0 2 4 1 1 0 3 0 28 10 17 6 17 23 15 9 3 4 0 0 12 0 0 0 10 1 6 3 13 40 23 30 5 15 5 29 13 7 1 10 7 6 12 4 1 2 21 33 36 65 7 5 6 4 11 0 28 31 102 5 36 46 45 4 8 3 4 5 8 13 10 6 29 3 7 74 9 5 2 3 56 8 12 4 21 5 0 0 17 0 2 11 7 1 5 4 0 0 13 
2 5 12 5 8 28 11 22 13 13 5 27 14 70 20 54 30 19 12 3 2 0 4 9 1 0 0 10 9 12 6 15 42 29 60 3 10 3 32 7 6 1 7 27 12 12 11 6 3 43 27 18 84 33 22 44 11 11 0 86 22 220 30 43 43 67 10 19 6 10 7 8 14 14 8 47 6 8 225 20 7 2 12 73 5 10 7 31 13 0 0 37 5 5 13 1 0 2 2 0 1 10 
0 0 0 0 0 0 0 0 0 0 0 0 0 0 0 0 0 0 0 0 0 0 0 0 0 0 0 0 0 0 0 0 0 0 0 0 0 0 0 0 0 0 0 0 0 0 0 0 0 0 0 0 0 0 0 0 0 0 0 0 0 0 0 0 0 0 0 1 0 0 0 0 0 0 0 0 0 0 0 0 0 0 0 0 0 0 0 0 0 0 0 0 0 0 0 0 0 0 0 0 0 0 
12 25 18 4 2 7 12 3 4 1 0 13 24 60 29 53 40 29 14 5 1 4 1 24 6 0 0 14 8 13 27 10 22 33 42 0 4 3 17 16 7 1 2 18 4 10 5 0 2 19 38 16 45 32 17 70 41 48 0 4 14 189 21 73 62 134 21 29 9 10 10 22 29 22 7 16 2 5 89 1 3 4 2 25 6 12 1 25 2 0 0 20 3 3 11 0 1 0 4 0 0 11 
2 4 1 0 0 3 1 1 0 1 0 1 8 2 1 0 2 0 3 0 0 0 0 1 1 0 0 1 1 4 3 3 6 7 5 2 3 1 3 3 2 2 4 3 2 3 1 1 0 13 10 6 15 10 12 10 7 12 0 2 0 97 14 23 8 41 21 27 9 7 7 7 18 12 6 4 0 3 35 6 9 3 0 4 0 1 0 8 2 0 0 8 1 2 2 1 0 1 1 0 1 2 
0 0 0 1 0 0 1 3 1 1 0 2 0 0 3 0 3 0 0 0 0 0 0 0 0 0 0 0 0 1 0 0 4 1 1 1 2 9 4 2 0 0 2 3 0 0 2 1 0 1 3 1 1 2 2 3 2 1 0 2 6 0 0 3 5 9 4 2 1 3 0 3 2 1 1 0 0 0 10 1 0 1 1 0 0 0 0 1 3 0 0 0 0 0 0 0 0 0 1 0 0 0 
0 18 7 0 0 0 1 3 0 0 0 0 1 4 0 3 0 4 0 0 0 0 1 1 0 0 0 0 1 7 2 1 2 2 4 8 28 16 14 5 1 0 2 3 4 1 0 2 1 7 10 4 3 3 5 7 7 9 0 10 2 0 3 8 41 69 13 12 2 5 2 5 3 6 1 4 3 0 10 1 3 0 0 1 1 1 0 2 0 0 0 0 0 1 0 1 0 0 0 0 0 2 
7 11 6 0 0 0 4 3 5 3 1 0 3 0 0 1 3 4 1 2 0 0 0 1 1 1 0 0 5 17 4 7 13 3 40 21 65 27 52 18 8 0 15 14 12 8 7 5 1 30 18 16 18 14 12 12 17 16 0 22 15 404 7 2 32 75 8 14 12 27 8 36 22 15 4 11 3 7 59 8 4 2 0 10 4 4 1 5 4 0 0 13 0 1 1 0 0 0 1 0 0 1 
6 11 7 0 1 8 4 3 8 2 4 2 4 1 3 7 1 1 1 0 0 0 1 0 0 0 0 0 0 42 14 48 55 22 7 17 52 15 53 28 14 0 15 30 20 19 22 8 5 38 10 10 32 21 19 8 10 19 0 39 24 413 16 54 11 74 29 45 31 38 34 24 81 50 4 5 5 5 65 3 12 4 3 4 4 3 4 18 7 0 0 20 2 3 1 0 0 1 0 0 0 3 
5 6 5 0 3 5 8 11 12 8 2 15 4 2 1 1 0 0 0 0 0 0 0 1 1 0 0 1 13 47 16 45 59 53 37 28 64 10 64 32 9 1 14 30 11 23 25 3 9 46 38 13 52 24 4 16 19 36 0 55 39 344 52 71 38 25 14 38 33 47 53 89 136 103 6 3 1 4 83 11 10 4 14 6 1 11 0 20 3 0 0 10 1 1 0 1 0 1 2 0 0 4 
2 7 0 0 3 3 0 6 4 2 0 1 1 1 0 2 0 0 0 0 0 0 0 0 1 0 0 0 2 11 7 12 26 12 21 9 11 3 23 5 3 1 3 7 6 4 5 3 1 8 6 5 32 7 1 6 3 12 0 22 15 97 6 50 49 31 3 13 23 40 47 23 74 37 0 3 0 3 27 4 4 0 4 2 1 4 1 3 0 0 0 3 0 1 0 1 0 0 0 0 0 2 
9 5 6 5 1 1 2 2 1 4 0 1 2 1 0 2 1 0 0 0 0 0 0 0 0 0 0 0 11 11 11 13 23 64 43 11 43 10 42 5 3 3 4 8 9 8 17 1 3 25 17 10 31 15 11 8 17 16 0 20 44 184 26 54 107 108 3 4 16 23 38 48 85 120 12 4 2 3 34 15 3 3 2 9 0 2 2 7 4 0 0 2 1 0 0 1 0 0 0 0 0 0 
0 0 2 0 0 2 1 2 4 1 0 1 0 0 0 2 0 0 0 0 0 0 0 0 0 0 0 0 0 2 3 5 13 13 8 7 14 2 11 2 0 0 6 3 4 4 14 1 0 7 8 0 9 5 0 0 4 4 0 13 12 70 5 20 43 56 15 7 1 12 25 30 47 24 1 3 2 0 10 0 1 6 0 2 0 2 1 1 2 0 0 0 0 0 0 0 0 0 0 0 0 0 
6 4 1 1 1 2 2 4 0 1 1 0 0 0 0 0 0 0 0 0 0 0 0 0 0 0 0 0 2 8 7 13 33 36 33 10 14 3 10 3 7 0 6 9 2 4 2 2 2 13 18 23 35 10 7 7 21 13 0 15 20 145 22 67 124 200 24 32 13 1 27 96 147 175 6 2 2 5 40 2 3 4 3 9 2 3 0 5 0 0 0 0 0 0 1 1 0 0 0 0 0 0 
2 6 6 1 3 6 4 3 3 3 4 11 2 4 2 5 1 0 1 0 0 0 0 0 0 0 0 1 2 14 2 5 44 43 55 13 96 16 46 13 10 3 9 23 8 27 14 8 5 27 13 5 18 8 6 4 13 16 0 40 18 77 17 66 130 219 51 102 61 72 9 72 92 92 8 4 0 1 26 4 2 7 4 14 1 8 1 10 3 0 0 8 2 0 3 0 0 0 0 0 0 3 
8 8 5 1 0 2 10 6 5 7 0 3 4 2 0 12 1 0 0 0 0 0 0 0 0 0 0 0 2 10 1 5 36 57 67 23 80 7 20 5 14 3 11 6 10 25 10 6 5 33 22 6 22 6 7 8 7 16 0 37 26 76 16 70 152 221 73 119 40 76 21 4 108 124 5 4 4 5 42 2 3 3 5 15 4 7 3 8 3 0 0 4 2 0 1 0 0 0 0 0 0 2 
3 4 4 0 3 5 4 1 2 4 0 1 2 1 0 2 2 0 0 0 0 0 0 0 0 0 0 0 0 1 1 2 19 17 17 5 25 12 29 5 7 1 6 4 4 6 5 2 3 29 15 7 22 8 9 5 7 13 0 17 11 55 7 21 64 123 21 40 19 45 30 61 6 41 10 3 0 0 34 1 3 4 1 4 2 3 2 9 3 0 0 1 0 0 1 0 0 0 0 0 0 4 
0 9 3 2 2 3 2 6 1 2 1 4 4 1 3 0 2 0 0 0 1 0 0 0 0 0 0 1 2 0 0 2 9 13 23 6 8 8 14 3 5 1 6 6 3 2 6 1 3 10 23 9 13 16 6 9 10 10 0 30 17 36 6 18 44 115 13 40 16 63 37 63 69 1 12 3 0 4 34 5 8 5 3 14 1 2 0 6 2 0 0 0 0 1 0 0 0 0 0 0 1 3 
1 0 5 0 1 9 4 2 5 5 2 6 10 24 17 15 13 4 6 1 1 1 0 7 2 0 0 9 4 4 4 2 32 10 22 8 12 0 27 15 7 2 34 44 15 38 18 5 10 51 21 6 10 2 8 14 19 46 0 56 17 10 9 33 7 30 6 12 3 5 5 3 7 16 4 6 6 27 332 56 52 22 17 137 26 63 20 81 8 0 0 46 14 20 12 10 0 14 3 1 2 30 
1 3 5 0 1 4 8 3 11 13 1 6 6 10 6 18 14 2 3 1 1 0 2 18 1 0 1 5 8 3 2 8 21 13 10 2 3 1 21 12 24 4 26 49 21 39 21 3 7 47 10 2 10 8 9 23 43 84 0 51 22 22 3 13 10 21 5 9 0 7 3 7 6 14 2 4 10 29 353 77 81 32 35 138 37 46 13 78 13 0 0 24 5 12 10 5 1 7 11 0 0 18 
2 1 0 0 0 2 9 4 0 3 0 0 11 5 3 1 1 3 3 0 1 1 0 1 0 0 0 5 0 1 1 2 8 7 6 0 3 2 7 2 2 0 18 3 3 2 0 2 5 8 4 2 2 9 3 6 9 16 0 12 5 8 3 5 12 4 1 1 0 0 1 0 1 1 3 10 0 23 186 50 20 10 16 63 25 4 1 11 3 0 0 7 2 3 13 0 0 8 1 0 0 6 
1 3 1 9 4 7 8 5 4 5 1 13 3 17 4 10 23 2 8 0 1 0 0 4 2 0 1 1 11 15 0 14 13 8 15 6 1 4 11 6 15 3 21 28 9 44 17 9 5 41 13 3 45 8 6 21 39 49 0 47 20 51 11 19 12 21 9 7 1 3 4 7 4 7 26 53 13 3 138 34 33 24 21 205 32 41 15 65 25 0 0 61 15 12 21 4 1 5 6 0 1 22 
14 26 19 5 2 9 6 5 12 7 5 8 10 37 30 42 30 20 24 2 3 3 4 25 10 0 0 16 19 19 7 26 81 38 58 2 21 2 53 19 14 2 35 92 33 40 41 8 10 80 62 53 91 47 27 63 58 77 0 39 32 270 20 96 46 140 10 60 10 21 16 23 34 30 60 83 26 18 16 28 50 22 26 263 40 37 11 104 42 0 0 65 26 24 18 7 6 8 20 1 0 42 
0 1 3 0 0 2 0 0 1 0 0 1 3 6 5 5 10 12 3 0 2 0 0 10 1 0 1 8 7 6 0 12 21 5 9 0 6 3 22 10 12 3 49 62 16 48 26 7 2 75 16 8 14 7 9 10 10 20 0 10 6 64 7 29 15 32 17 8 1 3 6 7 3 5 26 69 7 25 111 6 26 24 33 332 40 58 15 85 17 0 0 74 14 33 21 4 0 7 7 2 2 38 
5 3 2 0 3 0 0 4 1 2 1 1 2 1 1 2 4 3 3 1 4 0 0 4 0 0 0 7 4 5 2 3 15 4 4 0 0 1 8 17 14 0 41 79 13 32 26 4 5 87 15 3 12 19 10 4 27 16 0 13 4 43 10 9 17 22 8 2 0 5 5 8 10 18 15 35 8 23 222 38 1 17 20 216 69 58 17 68 32 0 0 112 26 22 19 9 2 9 8 1 2 20 
0 4 3 1 0 2 3 2 1 1 1 0 0 1 0 1 1 0 2 0 1 0 0 1 0 0 0 2 4 3 1 5 13 3 7 0 1 1 9 12 12 2 40 45 18 49 16 5 2 50 12 0 6 3 3 1 8 7 0 6 6 30 3 15 7 11 2 5 4 1 0 3 7 3 9 28 6 12 43 16 17 1 3 131 20 43 11 73 19 0 0 67 10 18 13 5 3 5 12 1 0 38 
1 8 6 0 6 2 0 0 1 5 1 0 0 0 0 0 0 0 0 0 0 2 0 1 0 0 0 4 17 4 0 4 11 3 9 0 0 1 9 7 12 4 64 117 16 30 36 10 9 78 15 13 16 4 12 11 19 20 0 29 10 35 1 9 5 12 7 10 4 5 2 2 9 12 23 52 10 21 179 49 36 10 12 256 100 83 25 95 40 0 0 118 26 48 29 15 0 6 16 0 3 29 
0 5 8 0 0 3 2 6 2 2 0 0 1 0 0 1 0 0 0 0 0 0 0 1 1 1 0 1 1 5 0 1 16 5 2 1 1 1 5 20 21 7 94 162 35 48 26 23 12 98 16 13 23 15 7 6 14 28 0 36 8 29 1 1 4 6 3 5 0 2 0 4 7 8 48 44 22 42 252 108 60 35 62 14 58 91 30 146 38 0 0 154 31 35 52 29 4 16 23 2 3 57 
12 6 6 1 1 3 6 2 0 3 0 0 0 0 0 0 1 0 0 0 2 3 0 0 2 0 0 2 5 1 2 1 9 3 2 2 4 0 15 17 23 7 160 324 33 104 68 20 11 85 10 3 24 9 8 13 27 15 0 17 2 48 0 3 5 14 3 2 0 2 1 1 3 5 19 25 6 26 123 78 61 27 48 167 8 114 34 98 49 0 0 287 45 84 53 32 3 10 16 0 2 45 
5 3 4 0 1 2 3 3 1 0 1 1 0 0 3 3 7 4 2 1 2 2 1 2 1 0 0 8 0 11 3 18 27 5 16 4 29 16 40 7 28 8 182 322 36 114 119 25 14 100 9 4 13 11 2 3 10 14 0 21 8 10 2 10 5 12 5 1 3 1 0 2 5 8 25 24 5 16 57 33 27 19 25 143 44 7 28 75 109 0 0 295 72 71 56 30 6 21 16 2 5 82 
2 9 4 1 0 3 2 3 0 9 1 2 1 2 0 3 14 2 5 6 1 0 3 9 4 1 0 6 6 9 2 17 31 8 20 5 46 32 79 45 25 5 187 339 54 128 53 9 7 73 13 3 11 3 2 5 12 15 0 10 6 18 7 2 6 8 1 4 0 2 0 3 5 3 7 12 7 6 43 24 13 23 25 173 23 34 9 51 76 0 0 274 62 93 56 25 2 10 16 7 2 49 
24 28 24 6 9 13 14 2 10 10 3 11 16 6 11 24 48 36 17 7 7 7 4 48 22 3 1 48 4 93 27 69 218 36 77 41 222 154 254 109 36 53 427 804 157 473 264 79 86 635 29 20 71 16 4 17 30 24 0 26 18 84 5 11 17 42 11 10 6 6 14 16 19 19 55 40 10 24 148 64 56 61 71 309 81 121 54 18 75 0 0 1079 141 239 184 122 29 55 102 6 17 367 
2 5 4 0 3 11 3 14 38 3 2 2 5 4 1 13 18 11 6 0 8 1 0 6 1 2 0 9 0 10 2 23 46 24 45 14 83 41 108 76 65 26 238 274 55 156 67 16 10 92 12 3 15 1 3 3 6 2 0 7 1 15 3 1 10 13 1 3 2 4 1 1 0 3 8 7 1 8 26 20 25 11 21 88 12 116 56 45 5 0 0 537 86 104 113 37 5 11 27 3 2 93 
0 0 0 0 0 0 0 0 0 0 0 0 0 0 0 0 0 0 0 0 0 0 0 0 0 0 0 0 0 0 0 0 0 0 0 0 0 0 0 0 0 0 0 0 0 0 0 0 0 0 0 0 0 0 0 0 0 0 0 0 0 0 0 0 0 0 0 0 0 0 0 0 0 0 0 0 0 0 0 0 0 0 0 0 0 0 0 0 0 0 0 0 1 0 0 0 0 0 0 0 0 0 
0 0 0 0 0 0 0 0 0 0 0 0 0 0 0 0 0 0 0 0 0 0 0 0 0 0 0 0 0 0 0 0 0 0 0 0 0 0 0 0 0 0 0 0 0 0 0 0 0 0 0 0 0 0 0 0 0 0 0 0 0 0 0 0 0 0 0 0 0 0 0 0 0 0 0 0 0 0 0 0 0 0 0 0 0 0 0 0 0 0 0 0 0 0 0 0 0 0 0 0 0 0 
0 6 4 3 3 4 0 5 1 2 3 16 1 5 2 2 8 7 0 0 0 0 1 2 2 2 0 6 6 13 2 13 19 7 23 8 52 22 42 37 27 7 52 100 40 68 44 18 14 82 1 1 5 4 2 2 5 1 0 3 1 1 1 3 5 2 1 0 0 0 0 0 3 0 4 3 1 0 15 6 9 10 10 59 12 45 28 65 46 0 0 7 39 60 27 39 1 9 25 4 2 96 
2 4 0 0 0 2 1 1 0 0 0 3 3 0 2 1 3 2 1 0 0 0 0 1 0 0 0 0 0 5 1 14 15 4 19 6 48 27 28 28 13 3 119 228 27 53 36 16 9 53 1 5 4 6 1 4 1 5 0 0 4 3 0 3 1 0 0 0 0 0 0 1 0 1 1 5 1 6 16 6 6 14 1 26 18 32 16 48 30 0 0 254 8 17 13 43 1 3 3 1 2 33 
0 4 3 0 1 1 0 0 1 0 0 4 3 3 2 3 3 1 1 0 1 0 0 0 0 0 0 5 5 10 2 9 23 6 19 7 43 19 54 36 37 19 179 336 98 122 71 18 13 92 1 2 9 3 0 1 14 8 0 2 0 4 0 1 1 0 0 0 0 0 0 0 0 1 8 7 2 6 30 15 16 23 3 51 21 44 31 88 66 0 0 502 40 5 2 32 4 11 11 0 1 83 
1 1 0 0 0 1 1 0 0 1 1 0 0 1 0 8 0 0 0 0 0 0 0 1 2 0 0 0 2 12 3 5 17 7 11 4 36 13 28 30 41 5 129 232 35 90 45 10 14 85 1 3 5 3 0 2 5 9 0 0 2 1 0 0 2 2 0 0 0 0 0 0 1 0 5 6 3 2 13 11 6 7 1 39 7 31 22 69 46 0 0 294 23 21 2 10 2 6 15 0 0 88 
5 1 1 0 1 1 0 3 1 4 3 2 1 2 0 1 4 7 0 0 1 2 0 0 2 0 0 4 3 11 2 16 26 9 32 13 65 28 53 74 47 25 451 740 125 164 74 14 31 127 6 2 14 3 1 6 1 3 0 3 1 11 0 4 3 0 0 1 0 0 1 0 0 0 2 5 9 6 49 3 10 24 10 56 9 57 27 130 93 0 0 2145 235 253 124 10 4 30 22 3 7 124 
0 0 1 0 0 0 0 0 0 0 1 0 0 0 2 0 1 0 1 0 0 0 0 0 0 0 0 0 0 5 2 0 3 2 7 4 13 2 8 8 9 3 18 124 18 31 7 3 3 22 1 1 3 0 0 0 0 2 0 3 1 1 0 0 0 0 0 0 0 0 0 0 0 0 0 3 0 3 5 3 2 1 6 8 3 8 4 22 31 0 0 99 47 15 36 12 6 0 2 6 3 13 
1 3 1 0 1 0 3 1 3 4 1 6 2 10 2 0 1 1 0 1 0 0 0 1 0 0 0 2 1 8 4 6 9 9 21 13 41 27 69 21 14 21 244 368 65 137 95 14 19 128 7 2 12 3 0 10 8 4 0 7 1 6 0 1 0 1 0 2 0 0 0 1 1 1 7 4 2 7 28 11 20 19 25 62 17 45 27 100 60 0 0 812 156 123 150 88 3 9 7 0 5 96 
2 1 0 0 0 3 2 0 0 4 0 0 2 4 3 1 0 2 0 0 0 0 0 5 0 0 0 2 1 4 1 3 10 6 9 3 41 14 72 9 12 15 138 152 77 127 57 11 21 136 3 5 12 4 2 2 5 3 0 1 3 1 0 1 0 0 0 0 1 0 0 0 0 3 4 6 0 1 10 15 7 17 10 35 13 28 16 67 26 0 0 357 80 59 45 15 3 7 9 5 4 44 
0 0 0 0 0 0 0 1 0 0 0 0 0 0 5 1 2 0 0 0 0 0 0 0 0 0 0 0 0 3 0 0 2 2 6 4 16 6 21 5 13 0 40 77 19 36 21 7 2 17 0 0 1 0 0 0 0 1 0 0 1 0 0 0 0 0 0 0 0 0 0 0 1 0 3 8 2 1 4 5 0 3 1 24 7 12 1 25 11 0 0 125 23 32 13 11 0 0 4 0 0 22 
0 0 0 0 0 0 0 0 0 0 0 0 1 0 0 0 0 0 0 0 0 0 0 0 0 0 0 0 0 4 0 0 1 1 4 2 2 4 4 7 6 0 13 25 3 27 6 5 2 10 1 0 1 1 0 0 0 2 0 1 0 0 0 0 0 1 0 0 0 1 0 0 1 0 0 7 1 2 2 1 5 5 1 8 1 6 3 17 11 0 0 64 18 8 24 6 1 0 2 4 0 2 
9 11 0 1 0 5 5 4 5 1 0 4 7 5 1 4 12 6 2 0 1 1 1 5 0 0 0 4 8 24 8 9 48 14 14 21 118 44 87 42 54 11 147 176 88 162 94 27 32 190 22 2 21 6 2 4 5 4 0 10 2 5 1 2 0 2 0 0 0 1 0 0 1 6 19 23 2 6 31 9 22 25 15 83 24 95 30 310 49 0 0 199 90 106 147 82 16 36 50 9 3 10 
