9 5 29 6 19 40 20 35 30 19 7 39 22 26 34 57 20 29 27 7 10 11 8 17 5 1 2 20 52 5 0 6 9 0 6 1 0 3 12 19 12 3 3 7 14 14 13 10 10 38 4 4 5 2 2 3 3 4 0 3 3 0 1 1 7 10 6 3 3 0 2 0 0 3 2 5 1 5 10 0 1 0 4 12 2 2 5 19 5 0 0 1 5 1 0 0 0 0 1 1 0 1 
8 7 5 13 7 37 21 30 38 25 13 54 28 32 34 46 14 16 17 18 6 7 5 20 8 2 1 21 73 7 4 4 2 1 6 5 0 5 11 9 21 0 7 3 12 8 15 7 5 44 10 3 11 7 1 1 2 14 0 1 2 1 3 1 4 7 4 3 2 1 5 3 0 5 2 1 0 5 21 4 0 4 10 0 0 3 2 21 7 0 0 6 0 3 1 3 0 2 0 1 0 5 
15 17 10 7 7 39 33 33 54 33 12 43 29 39 58 43 17 20 19 15 8 20 9 16 6 0 2 26 94 1 1 3 2 0 2 1 0 3 12 15 10 1 4 3 3 4 5 3 7 33 5 3 11 3 1 0 3 13 0 3 2 0 0 3 4 6 1 3 0 3 3 3 2 1 1 2 0 2 9 0 2 0 3 2 2 6 6 16 2 0 0 7 1 1 1 10 0 0 1 1 1 4 
8 4 9 0 2 7 12 9 7 4 3 3 3 3 1 6 2 2 1 0 1 3 0 0 0 0 0 7 10 1 0 0 1 1 0 0 0 0 3 1 0 0 0 0 1 0 0 2 0 1 2 1 1 0 0 1 0 0 0 0 0 0 0 2 2 1 0 0 0 0 0 2 0 0 1 0 0 0 5 0 0 0 0 0 0 0 4 0 2 0 0 1 1 0 0 0 0 0 0 0 0 1 
8 9 7 3 1 5 5 3 11 10 1 13 16 5 4 25 7 7 3 1 4 6 2 3 3 0 5 11 9 1 0 0 0 0 0 0 0 0 11 1 3 1 1 1 0 6 1 0 1 17 1 0 1 1 0 1 0 3 0 0 1 0 0 0 1 2 0 1 0 0 0 0 0 2 2 0 0 0 2 1 0 0 2 0 0 5 1 8 1 0 0 0 0 0 0 0 0 0 2 0 0 1 
27 37 25 12 5 8 5 22 25 21 13 38 52 45 38 66 22 17 19 14 16 19 10 10 5 0 2 17 48 3 0 1 1 2 0 2 2 2 22 18 11 0 5 4 7 1 1 6 4 23 4 2 5 5 2 0 3 17 0 2 0 0 0 1 5 6 2 6 0 2 3 2 5 2 3 1 0 1 12 0 1 0 1 0 1 3 0 10 1 0 0 4 1 2 0 1 0 1 1 0 0 1 
19 24 26 8 9 7 3 18 38 26 10 33 30 28 33 37 26 19 17 7 11 5 2 7 1 0 1 1 53 6 0 3 3 1 2 0 1 2 20 7 8 0 6 2 6 3 2 2 4 5 1 3 4 2 1 0 3 5 0 2 0 0 2 2 6 2 0 3 1 1 1 3 0 1 4 5 0 2 13 1 0 0 1 2 1 0 0 5 0 0 0 1 0 0 0 0 0 1 0 1 0 4 
17 30 17 8 4 10 16 3 9 12 8 27 51 37 34 105 24 22 6 26 24 9 9 23 8 0 0 12 40 1 1 4 4 0 0 0 1 5 13 15 4 2 7 3 7 3 5 6 3 29 6 6 5 3 3 1 1 6 0 2 0 1 2 10 3 7 4 5 1 2 1 1 0 2 3 2 0 1 21 0 0 0 1 1 1 2 1 4 2 0 0 4 0 0 1 4 0 2 0 0 0 0 
34 46 31 8 8 24 41 15 9 2 5 24 31 35 20 56 33 26 13 12 11 17 10 22 6 1 1 16 35 1 1 7 3 5 2 0 0 3 19 13 15 3 3 2 6 8 6 7 5 28 0 5 6 4 0 2 3 3 0 0 0 0 0 1 5 5 2 1 0 1 1 1 0 6 2 12 2 2 9 0 1 1 0 1 0 1 1 6 2 0 0 3 0 3 2 1 0 2 0 0 0 7 
13 16 13 2 2 10 15 5 1 3 4 16 18 15 23 41 31 7 9 3 4 14 6 17 5 3 0 22 8 1 0 1 1 0 1 0 0 3 9 8 0 0 1 1 5 1 2 3 8 10 6 6 9 6 5 0 1 7 0 1 2 0 1 2 2 4 2 1 0 0 2 1 2 0 0 4 1 1 13 0 1 0 0 2 0 1 0 4 0 0 0 1 0 0 1 1 0 0 0 0 0 0 
6 9 10 7 6 7 19 8 14 8 6 11 21 16 13 44 15 24 2 8 7 17 8 10 6 0 2 9 6 3 1 2 1 0 0 1 0 1 10 4 2 2 3 0 1 4 2 5 0 7 1 1 8 0 4 3 0 0 0 1 0 0 0 0 1 0 0 0 0 0 1 1 0 1 0 7 0 1 5 1 0 0 0 0 0 0 1 1 0 0 0 2 0 0 0 1 0 0 0 0 0 0 
27 53 34 3 13 52 36 32 29 24 9 3 17 35 19 98 34 22 19 19 20 24 13 31 9 3 2 31 23 6 3 11 3 0 2 0 0 12 36 12 9 1 5 2 8 1 2 4 6 34 2 4 8 7 5 2 5 4 0 7 1 0 0 2 1 4 0 3 1 2 2 3 0 1 2 2 4 2 10 0 1 0 1 0 0 1 0 4 1 0 0 4 0 1 1 3 0 0 1 0 1 6 
32 41 36 10 13 55 52 74 46 39 31 26 7 44 27 77 51 27 35 21 33 29 28 27 17 1 4 40 19 13 5 6 3 3 0 3 2 0 29 15 9 0 5 1 3 7 4 5 4 18 2 4 6 4 2 1 5 5 0 7 3 4 1 2 1 0 0 0 0 3 1 5 1 1 5 3 0 2 10 3 0 0 1 0 0 3 0 3 4 0 0 4 0 1 0 0 0 1 3 0 1 0 
42 93 77 12 46 79 127 137 170 109 58 74 41 9 13 75 99 82 63 70 91 61 44 99 43 7 9 96 26 6 2 3 1 3 1 1 1 10 25 15 6 1 2 4 6 8 0 2 4 25 14 8 13 11 6 4 11 46 0 5 9 0 1 0 0 1 0 0 3 0 3 0 0 0 13 6 2 6 41 5 1 0 0 0 0 0 0 7 1 0 0 4 1 1 1 0 0 1 0 0 0 3 
41 59 45 7 17 55 62 43 38 34 16 35 34 15 5 18 35 34 36 32 42 45 50 61 30 6 12 68 18 5 0 7 3 3 7 1 0 2 11 14 7 3 4 5 7 3 5 1 2 14 14 4 8 8 1 2 10 5 0 6 3 0 1 1 0 1 0 1 0 0 1 0 0 2 4 3 0 1 13 0 1 0 0 0 4 1 1 3 5 0 0 0 0 0 0 1 0 2 0 1 0 1 
60 79 40 13 13 65 70 55 88 72 39 60 70 47 19 13 84 106 78 61 155 89 95 168 75 9 18 155 11 40 17 42 15 10 15 13 25 6 9 38 20 3 10 11 20 21 14 14 11 87 10 7 22 13 5 4 8 14 0 5 1 1 1 3 4 1 2 0 3 0 14 4 2 1 12 3 0 7 36 6 1 0 1 0 1 4 1 16 5 0 0 9 1 2 1 4 0 3 3 1 0 7 
25 39 29 8 7 36 28 33 41 49 20 49 90 84 39 110 10 40 54 58 100 40 130 149 32 9 63 70 9 39 13 41 17 14 10 10 32 11 60 40 24 2 12 10 20 17 7 16 14 54 5 2 13 10 5 1 6 16 0 4 2 1 0 2 5 1 0 0 0 0 2 1 1 3 5 4 1 10 29 5 1 0 1 0 3 9 2 17 12 0 0 16 0 1 1 2 0 2 0 0 0 3 
17 24 24 5 6 24 28 20 25 21 18 32 42 51 33 89 26 16 24 27 40 29 40 45 25 1 7 46 8 42 3 22 8 9 12 8 7 12 47 23 16 5 11 20 15 12 23 10 18 60 0 0 6 6 2 0 11 12 0 7 0 1 1 3 1 1 0 0 0 0 0 1 0 0 4 1 0 2 19 14 2 0 2 0 0 3 6 14 5 0 0 4 0 1 0 0 0 0 0 0 1 2 
17 28 19 1 1 16 40 20 26 14 7 36 50 69 38 106 56 27 7 18 73 28 33 75 27 2 11 63 4 15 13 18 8 9 12 15 5 9 32 15 7 4 5 9 13 14 9 5 10 42 1 3 1 10 3 0 2 8 0 3 0 1 2 5 0 0 0 0 0 0 0 0 0 1 6 2 0 4 17 3 1 0 1 0 1 4 0 12 4 0 0 6 0 0 0 1 0 0 0 1 0 0 
6 9 10 0 0 11 14 16 9 15 11 16 27 33 18 50 27 13 8 12 5 10 7 20 19 10 35 56 2 12 3 1 6 0 2 4 1 11 16 13 5 3 1 3 6 5 5 3 3 12 1 1 4 2 0 2 4 1 0 2 0 0 0 1 1 0 0 0 0 0 0 0 0 0 6 0 1 2 7 0 0 0 0 0 1 0 0 8 2 0 0 0 0 1 0 0 0 0 0 0 0 0 
5 6 4 0 1 6 5 11 9 16 2 6 21 28 21 95 35 22 33 3 6 8 26 48 13 16 32 67 4 7 7 3 1 1 5 6 4 15 14 12 15 1 2 4 2 7 2 3 2 19 1 0 2 1 0 1 1 2 0 1 0 0 0 0 0 0 0 0 0 0 0 0 0 0 1 0 0 0 4 3 2 0 0 0 1 1 2 6 2 0 0 0 0 0 0 0 0 0 0 0 0 0 
7 10 14 1 2 14 5 7 4 8 7 9 21 21 17 57 24 16 19 2 6 6 13 23 10 9 12 53 3 1 0 1 1 1 4 0 4 6 10 1 0 0 0 1 2 2 2 8 3 6 1 0 2 1 1 0 0 0 0 0 0 0 0 0 0 0 0 0 0 0 0 0 0 0 0 4 0 0 2 1 0 0 0 1 0 0 1 4 1 0 0 0 0 0 0 0 0 0 0 0 0 0 
3 8 3 2 1 2 2 1 7 7 1 9 12 29 11 64 22 18 13 4 22 8 2 10 7 8 13 42 1 0 0 0 1 0 1 4 1 1 16 6 3 1 5 4 5 1 1 3 0 13 0 0 3 1 0 0 1 1 0 1 0 0 0 0 0 0 0 0 0 0 0 0 0 0 0 0 0 1 3 0 1 0 0 0 0 0 0 4 1 0 0 0 0 0 0 0 0 0 0 0 0 0 
13 13 10 3 2 20 16 10 4 23 10 27 32 26 28 94 61 34 33 23 20 22 19 9 5 22 52 75 1 8 1 3 13 3 7 2 13 12 39 11 10 0 1 4 12 5 6 9 6 33 5 2 4 4 4 0 3 6 0 1 0 1 3 0 0 1 0 0 0 0 0 0 0 0 0 2 0 1 18 0 1 0 0 0 0 3 1 12 6 0 0 3 0 0 0 0 0 0 1 0 0 0 
11 11 3 0 1 13 9 13 16 19 5 10 21 18 18 58 19 22 17 17 15 19 17 11 4 9 13 52 4 5 3 14 8 5 4 6 7 9 20 13 16 0 5 9 13 14 1 5 7 51 11 7 8 1 3 1 3 6 0 0 0 1 0 1 0 0 0 0 3 0 0 0 0 0 6 4 0 2 11 0 0 0 2 1 0 0 0 25 5 0 0 3 0 2 1 2 0 1 0 0 0 0 
1 1 0 1 0 2 0 0 2 6 0 2 3 4 6 11 6 5 11 6 11 18 17 26 2 3 4 7 0 1 0 2 0 0 1 2 1 2 3 3 3 0 2 0 0 0 0 6 1 2 0 0 2 0 0 0 0 0 0 0 0 0 0 0 0 0 0 0 0 0 0 0 0 0 0 0 0 0 2 0 0 0 0 0 0 1 1 2 0 0 0 0 0 0 0 1 0 0 0 0 0 0 
0 3 1 0 0 0 0 0 1 0 0 3 2 4 2 15 5 1 0 3 15 6 10 16 4 2 0 20 0 0 0 0 0 0 0 0 2 0 1 3 2 0 0 0 0 0 0 0 0 4 1 0 0 0 0 0 0 1 0 0 0 0 0 0 0 0 0 0 0 0 0 0 0 0 0 0 0 0 0 0 0 0 0 0 0 0 0 2 0 0 0 0 0 0 0 0 0 0 0 0 0 0 
16 28 21 3 17 17 12 10 10 34 4 28 31 58 72 115 55 33 47 62 63 73 82 96 45 8 44 5 3 1 3 8 12 5 6 3 7 9 34 23 40 1 13 15 14 6 10 9 6 78 12 8 14 4 4 1 6 7 0 2 0 1 1 3 3 0 0 0 0 0 0 0 0 1 8 7 1 3 18 1 5 0 0 0 0 7 3 35 2 0 0 3 0 2 0 3 0 0 1 0 0 3 
76 123 106 20 27 76 75 34 60 22 19 49 36 34 33 61 26 23 16 16 14 15 5 17 3 0 2 17 3 12 5 8 1 8 4 1 0 6 15 25 34 0 8 8 11 19 24 9 12 61 10 2 16 7 0 3 1 7 0 7 4 0 4 1 11 15 5 3 2 0 0 6 2 0 5 0 0 2 15 4 4 0 2 1 1 3 4 8 2 0 0 7 3 2 3 1 0 2 0 1 0 5 
3 1 1 0 1 5 2 4 3 1 3 4 8 2 5 16 24 16 9 8 8 5 2 6 7 0 0 2 0 30 121 118 128 45 79 100 135 97 172 103 76 7 27 26 47 25 46 25 19 179 7 3 12 9 6 2 2 4 0 7 1 0 3 6 29 17 12 13 2 10 2 7 0 0 6 4 4 0 26 5 9 4 1 2 0 6 7 56 9 0 0 10 6 8 8 8 1 5 3 5 0 10 
0 2 0 0 0 2 0 3 3 1 0 6 1 2 6 2 14 3 6 1 1 1 1 3 1 0 2 4 0 144 4 66 46 22 45 36 53 39 83 32 26 2 7 7 17 9 12 2 18 36 3 0 2 1 1 0 2 3 0 3 0 0 4 5 7 13 5 5 1 1 1 1 0 0 4 2 0 1 3 1 0 1 2 1 0 2 2 16 2 0 0 6 0 1 3 3 0 3 0 1 0 6 
1 2 3 0 1 0 6 4 4 2 1 3 7 2 2 21 27 12 8 3 2 2 2 6 2 0 0 6 2 221 104 8 53 43 65 52 119 129 148 86 54 5 30 20 48 33 24 20 40 123 6 2 12 7 4 4 5 15 0 12 2 0 6 11 22 18 9 2 3 7 1 3 0 0 13 4 1 3 24 4 2 2 0 5 0 11 12 58 13 0 0 6 1 9 9 10 1 5 2 0 1 7 
7 9 12 4 3 5 11 7 16 11 2 10 20 6 8 34 36 36 21 12 15 11 15 31 36 2 4 33 2 351 158 144 16 37 99 118 196 162 278 223 170 28 100 68 125 165 128 93 125 750 43 42 64 26 15 15 28 42 0 23 6 2 2 21 21 31 7 19 5 11 32 30 9 9 20 13 2 7 72 6 10 15 7 14 10 25 13 189 39 0 0 26 11 12 16 27 5 23 6 3 2 25 
6 3 2 0 0 3 6 8 1 1 1 2 2 0 0 5 23 10 4 2 8 4 6 1 2 1 0 9 2 145 47 42 19 7 37 19 87 72 102 64 38 8 11 18 26 25 20 20 21 80 9 6 10 7 6 4 8 15 0 8 2 0 2 2 12 14 4 21 3 20 14 24 10 5 1 2 0 3 21 7 4 1 2 1 2 8 4 39 9 0 0 18 5 9 2 12 5 7 4 3 3 3 
9 9 3 2 1 6 10 3 4 1 1 1 1 0 0 16 31 20 18 18 15 7 6 13 10 0 1 5 0 274 144 164 75 39 10 16 87 95 177 152 84 9 47 38 59 57 42 47 53 170 5 9 15 8 3 1 10 23 0 3 4 4 9 8 10 16 5 12 10 12 22 31 9 9 16 6 0 4 26 7 7 0 1 0 2 8 3 37 29 0 0 26 15 14 5 23 3 5 7 3 3 5 
3 1 1 1 1 0 2 0 1 2 0 1 2 0 4 13 13 13 10 7 9 6 5 10 6 0 2 9 0 200 74 86 45 25 14 2 82 69 151 60 43 4 22 17 20 29 19 12 18 85 8 4 7 4 2 1 0 4 0 1 0 0 3 8 8 16 3 3 1 4 8 15 7 2 1 3 0 2 7 0 1 0 0 0 0 3 1 24 4 0 0 9 1 8 2 7 0 5 3 0 1 5 
9 3 2 0 4 3 4 0 2 5 0 0 2 1 2 36 32 18 17 9 16 14 4 22 15 0 2 29 2 431 160 361 131 120 132 114 16 148 433 391 185 52 85 134 146 165 92 83 96 352 7 17 25 15 4 3 9 5 0 2 2 1 3 30 35 25 15 38 12 14 27 48 7 11 4 3 1 3 18 2 1 1 1 3 6 9 18 94 36 0 0 61 24 26 11 34 7 25 22 12 3 21 
6 3 4 0 4 8 4 7 0 3 1 10 5 4 2 4 7 13 9 6 15 7 8 19 7 1 2 17 0 158 68 230 72 82 65 74 75 19 113 168 122 21 54 52 51 57 66 45 55 192 9 4 2 3 1 1 7 3 0 1 4 0 11 23 16 6 1 5 2 1 17 10 1 5 4 0 0 1 11 2 5 0 0 1 4 21 11 54 20 0 0 24 10 8 3 18 1 9 3 3 4 17 
29 44 29 5 4 26 28 25 18 42 15 43 18 19 7 7 64 52 59 40 84 44 33 91 31 7 11 92 15 349 137 351 162 103 119 133 287 121 16 482 313 33 125 169 131 149 113 159 129 488 14 14 39 14 3 7 17 14 0 7 5 5 2 14 53 34 1 23 4 13 33 29 8 15 27 16 4 16 41 6 3 3 8 21 10 20 37 160 44 0 0 93 16 43 37 51 6 25 22 13 11 58 
21 22 14 0 5 20 12 15 22 11 15 16 31 13 9 23 27 20 8 10 15 9 10 20 7 1 3 29 4 130 51 92 78 40 78 58 160 128 405 18 35 17 33 97 56 104 71 85 107 293 6 8 16 6 2 0 10 13 0 0 0 3 6 12 19 8 7 8 2 2 11 7 0 1 19 3 0 3 16 4 7 3 10 14 16 6 11 42 21 0 0 28 10 17 2 20 3 7 4 5 0 13 
6 10 10 2 1 8 9 2 7 11 5 3 9 8 6 14 13 14 6 4 16 8 6 11 7 2 4 16 0 85 12 67 48 31 26 32 72 96 185 47 11 14 20 46 38 70 59 55 51 237 1 0 5 4 1 3 2 5 0 1 0 0 1 3 11 5 3 4 1 0 9 3 4 4 3 5 0 7 5 5 5 4 9 5 3 10 9 13 16 0 0 20 3 15 7 11 3 14 8 3 3 11 
0 2 1 0 0 1 0 2 4 1 0 1 0 0 1 2 3 4 0 2 1 1 1 5 0 0 0 2 1 5 4 11 7 4 5 5 14 12 41 23 7 3 10 28 20 42 12 21 14 30 1 2 0 0 1 0 0 10 0 0 0 0 2 2 6 1 1 2 0 0 0 1 0 2 0 0 0 3 2 0 2 0 2 3 7 8 3 16 9 0 0 11 1 3 0 9 0 2 1 1 0 1 
7 13 12 1 3 10 17 7 6 5 1 6 9 2 9 12 52 16 5 4 5 3 12 11 1 1 0 13 2 84 30 57 53 32 35 16 63 101 122 113 60 24 16 77 95 113 51 88 141 259 2 7 4 6 5 1 5 9 0 1 1 1 2 5 11 5 5 4 0 0 4 5 1 0 16 11 3 10 19 28 36 21 37 65 62 103 59 137 78 0 0 75 49 36 33 106 13 83 50 11 6 44 
10 11 7 3 2 14 9 6 5 4 4 7 9 2 6 11 20 33 18 5 9 16 11 23 10 1 2 25 1 88 35 93 48 31 34 25 81 121 171 152 78 62 61 22 105 253 123 233 241 424 9 2 26 19 3 5 15 23 0 1 0 0 1 10 12 6 5 4 1 2 11 10 3 1 22 19 3 26 60 47 31 28 35 73 62 134 98 166 86 0 0 168 64 99 40 176 21 128 74 14 6 73 
8 7 7 0 6 4 7 6 4 4 3 3 4 3 6 13 17 16 12 4 16 3 6 14 12 1 1 19 1 56 19 50 33 16 43 25 61 75 116 89 47 26 37 113 11 119 72 128 163 278 7 1 11 6 0 2 3 4 0 0 2 1 0 3 8 8 1 4 1 0 6 8 3 1 6 6 2 12 23 12 5 9 10 19 16 32 20 49 23 0 0 38 17 30 23 51 8 19 41 9 7 23 
15 26 8 1 1 8 15 13 16 18 8 19 12 5 7 15 35 22 6 13 9 9 14 25 16 1 4 25 1 78 28 78 63 33 46 30 112 114 180 176 173 27 60 206 189 18 118 356 431 804 9 13 35 9 5 0 8 4 0 3 1 1 3 13 12 14 3 21 4 1 12 20 3 2 18 11 0 8 33 35 24 20 13 44 42 70 57 216 68 0 0 117 30 62 43 110 10 50 37 9 12 51 
5 17 11 0 4 11 11 7 19 5 2 3 8 6 2 6 27 11 9 9 11 7 3 13 5 0 5 20 0 63 18 47 48 26 21 17 48 76 110 102 54 21 53 83 109 141 13 197 260 425 6 8 14 5 1 0 1 6 0 3 1 0 1 4 2 11 1 7 1 3 5 9 2 2 4 4 4 22 16 8 17 14 8 31 12 37 23 148 28 0 0 51 13 42 16 38 7 35 39 9 7 28 
3 4 4 1 0 3 0 3 2 5 5 1 3 1 0 2 9 4 5 4 6 0 6 5 6 0 3 10 0 37 4 27 29 11 4 8 31 19 63 39 57 9 20 49 73 148 68 12 125 450 1 0 5 2 0 0 2 2 0 1 2 0 2 2 5 3 1 1 0 0 5 0 0 0 17 3 1 5 10 7 4 2 3 9 12 11 10 90 14 0 0 50 4 16 15 14 6 18 12 4 0 17 
4 5 2 1 2 1 28 4 1 3 1 3 3 1 0 4 14 6 3 1 4 2 1 4 4 0 0 5 0 42 3 11 26 11 12 10 24 30 60 54 28 6 27 48 56 138 65 119 6 384 1 2 7 5 2 3 1 1 0 1 0 1 0 4 2 3 1 3 5 0 2 1 1 3 8 7 4 6 11 4 3 1 5 17 8 24 6 76 8 0 0 34 2 14 8 27 3 21 14 2 1 17 
39 60 50 9 14 40 38 33 37 46 18 43 41 33 16 36 75 67 35 26 48 40 29 105 45 2 12 111 5 322 90 203 266 129 122 101 310 305 507 433 323 62 129 347 291 452 268 762 953 23 58 30 78 23 15 7 19 35 0 5 8 1 5 32 38 34 19 25 7 10 39 32 13 16 68 59 3 60 110 57 65 46 62 150 48 138 92 636 72 0 0 178 62 136 93 122 23 144 152 28 21 89 
3 9 4 0 2 4 0 4 5 8 1 7 5 5 4 13 11 12 2 1 0 0 1 7 3 0 3 9 0 12 4 7 19 13 0 4 4 2 3 1 1 1 3 1 4 5 4 3 4 29 2 16 38 25 11 4 23 33 0 21 8 2 2 18 5 17 8 15 4 19 5 9 9 10 4 16 2 13 76 3 8 5 9 18 7 9 2 38 11 0 0 2 1 1 2 4 1 8 6 0 0 4 
0 9 3 0 1 3 8 2 2 1 1 1 0 4 2 6 1 4 0 1 1 0 5 3 2 0 0 4 0 7 4 4 9 2 3 2 1 1 4 1 3 1 7 2 2 3 1 1 5 10 6 4 53 22 4 5 6 16 0 7 4 4 0 18 11 17 3 9 3 7 3 6 2 2 7 1 0 4 91 3 7 2 2 8 6 5 3 16 3 0 0 4 0 4 3 1 0 3 6 0 0 1 
4 8 6 1 8 2 7 8 9 6 1 4 6 10 4 13 4 3 0 3 1 4 3 6 5 0 0 9 2 14 5 11 3 13 8 4 6 2 18 15 6 1 11 14 2 8 5 5 7 48 46 34 7 34 10 9 20 23 0 21 9 1 2 17 16 23 11 31 2 17 22 12 7 6 8 10 3 27 91 9 10 2 9 14 6 12 7 40 9 0 0 7 3 5 5 6 0 9 5 5 0 10 
1 3 2 1 3 3 7 3 2 5 2 7 9 6 7 8 5 3 3 3 0 0 1 1 1 0 0 2 0 4 0 6 5 8 4 1 0 1 6 7 0 0 8 1 3 6 0 2 2 11 31 20 38 7 8 5 6 21 0 18 12 0 3 20 11 8 4 11 1 21 10 4 1 6 7 6 4 12 70 6 3 2 5 9 8 8 3 19 0 0 0 4 0 3 2 2 0 2 4 1 0 5 
2 2 6 0 0 2 0 4 1 2 0 1 1 4 2 1 2 4 1 0 2 2 4 0 0 0 0 1 0 4 0 5 6 3 2 1 1 2 0 1 2 0 0 0 0 4 1 2 1 8 8 12 21 10 2 1 4 6 0 19 1 0 1 6 6 10 1 0 0 2 6 6 1 8 2 10 1 5 49 1 0 1 2 9 5 1 1 4 2 0 0 0 0 3 0 0 0 1 2 1 0 0 
2 0 0 1 4 1 0 2 2 3 1 3 1 1 0 6 0 3 0 0 0 0 0 1 0 0 1 4 0 5 4 3 1 5 6 1 0 0 4 1 0 1 1 1 5 0 0 2 2 3 9 6 12 8 2 2 0 9 0 3 3 3 0 4 6 6 0 5 0 6 3 2 4 7 5 11 2 4 46 2 1 0 2 8 5 1 1 8 0 0 0 0 0 2 2 1 0 2 5 2 0 0 
1 3 5 0 1 2 6 6 2 2 2 5 6 6 7 3 9 0 0 3 1 0 1 4 1 0 1 2 1 7 2 11 4 3 10 1 1 5 6 4 0 0 4 3 0 4 4 4 1 18 22 8 19 22 11 5 1 7 0 18 3 1 4 9 6 13 2 9 3 8 14 5 6 5 20 15 7 8 86 3 2 4 7 17 9 6 4 20 6 0 0 4 1 4 4 5 1 1 4 0 5 2 
5 7 12 1 0 3 10 9 2 12 2 11 6 4 7 11 8 8 3 2 2 1 0 2 3 1 1 8 4 12 3 4 7 11 3 3 0 1 6 5 3 1 3 6 3 4 5 6 6 17 40 31 42 40 14 7 13 3 0 33 5 5 6 18 11 25 5 19 6 12 14 6 6 8 51 25 8 31 135 17 12 7 16 46 19 14 2 31 4 0 0 3 2 4 4 4 0 3 3 1 0 7 
0 0 0 0 0 0 0 0 0 0 0 0 0 0 0 0 0 0 0 0 0 0 0 0 0 0 0 1 0 0 0 0 0 0 0 0 0 0 0 0 0 0 0 0 0 0 0 0 0 0 0 0 0 0 0 0 0 0 0 0 0 0 0 0 0 0 0 0 0 0 0 0 0 0 0 0 0 0 0 0 0 0 0 0 0 0 0 0 0 0 0 0 0 0 0 0 0 0 0 0 0 0 
9 9 5 0 2 7 9 1 0 5 4 3 9 9 20 25 15 7 8 7 1 9 7 17 3 1 4 6 7 8 7 5 7 11 4 0 2 4 6 4 3 1 4 5 7 3 2 1 6 9 18 15 29 25 19 7 15 37 0 5 1 1 4 8 20 29 10 12 11 11 12 16 9 16 16 21 7 7 47 7 7 2 10 14 3 7 5 21 3 0 0 1 1 0 2 1 1 2 3 1 0 2 
1 0 2 1 0 0 0 3 0 1 0 2 0 0 2 4 0 0 0 0 1 1 0 0 0 0 0 1 0 5 1 4 3 3 1 0 3 2 4 4 1 0 4 1 2 1 2 2 2 14 7 5 14 10 7 3 6 13 0 5 2 2 4 13 15 7 4 10 4 11 12 11 2 12 7 2 0 5 18 4 3 2 4 3 5 9 2 4 2 0 0 3 0 2 0 0 0 2 2 0 0 0 
0 7 10 2 3 8 6 5 6 7 7 9 1 3 7 6 10 4 0 3 1 1 0 1 1 0 2 0 2 34 12 13 4 11 17 5 17 22 25 24 7 0 2 6 18 6 5 9 7 19 5 0 14 11 5 8 13 16 0 14 5 0 0 27 27 36 5 26 4 23 7 26 4 12 10 5 0 9 32 7 6 3 7 16 2 4 2 22 13 0 0 14 6 5 1 6 3 1 3 0 1 2 
0 3 2 0 1 4 2 3 1 2 0 0 0 1 0 1 3 0 1 0 0 0 0 0 0 0 0 0 1 7 2 4 2 4 1 2 9 6 9 2 6 0 1 0 0 2 0 2 0 2 8 5 6 1 5 0 5 8 0 8 0 2 3 1 7 19 4 6 3 3 18 10 1 4 2 3 0 3 23 4 3 2 3 2 0 2 5 9 1 0 0 0 0 0 0 0 1 0 0 4 0 0 
4 13 2 4 0 5 2 7 9 2 1 1 1 0 0 2 4 0 0 1 0 0 1 0 0 0 0 0 1 25 19 8 3 2 10 7 17 13 18 22 12 1 4 6 6 7 6 9 13 32 14 12 23 20 11 7 12 26 0 11 5 5 2 2 11 25 11 11 14 18 26 35 11 15 7 9 0 15 45 7 5 1 4 2 5 6 4 9 2 0 0 8 2 6 1 6 0 0 0 0 0 1 
3 12 2 0 1 5 5 7 6 3 1 3 1 0 1 1 0 0 0 0 0 0 0 1 0 0 0 2 0 34 17 10 8 11 6 5 12 21 19 15 5 3 2 2 7 5 9 3 7 21 7 12 20 15 5 1 17 16 0 23 8 4 4 12 8 21 4 22 17 18 53 55 20 18 13 4 2 4 40 10 17 5 4 4 3 7 2 15 3 0 0 4 2 0 0 0 0 1 1 0 0 5 
5 12 6 1 1 12 8 10 6 9 3 11 4 2 0 4 0 0 1 0 0 1 1 0 0 0 0 0 0 42 30 28 11 16 10 2 28 6 23 11 9 1 5 10 27 11 8 12 16 51 17 12 23 21 10 2 21 21 0 35 18 3 13 23 36 17 12 65 36 50 110 67 37 54 2 11 2 9 63 8 10 4 10 6 6 4 5 10 7 0 0 8 1 2 0 0 0 1 0 0 0 3 
2 19 11 0 0 2 6 2 2 4 0 2 1 2 0 0 1 0 0 0 0 0 0 0 0 0 0 0 1 5 3 9 4 2 4 9 9 6 10 4 3 0 0 1 3 2 4 2 4 15 3 5 10 4 0 0 3 9 0 5 2 1 2 7 12 14 6 10 13 17 36 35 13 10 0 0 1 8 13 1 0 1 2 3 0 6 0 1 0 0 0 0 0 0 0 1 0 0 0 0 0 1 
2 8 2 2 0 5 1 8 0 2 0 2 0 0 0 1 0 0 0 0 0 0 0 0 0 0 0 0 0 14 4 5 3 3 8 9 10 2 6 4 7 1 1 4 2 5 3 5 4 19 7 7 17 11 6 3 9 14 0 10 6 4 8 15 12 34 3 3 10 11 32 56 12 22 11 1 0 0 34 7 6 3 5 7 2 1 0 4 1 0 0 0 0 0 0 1 0 0 0 0 0 0 
0 2 3 0 0 1 0 0 3 0 2 1 1 0 0 0 1 0 0 0 0 0 0 0 0 0 0 0 0 9 2 3 2 5 3 0 3 3 8 0 0 0 0 1 2 3 2 1 1 5 7 7 1 0 0 1 3 5 0 8 1 2 2 2 8 14 7 8 2 6 25 61 5 5 1 3 0 0 7 0 1 1 0 6 0 2 0 3 0 0 0 0 0 0 0 0 0 0 0 0 0 1 
1 3 3 1 1 0 3 1 0 3 0 2 0 0 1 0 0 0 0 0 0 0 0 0 0 0 0 0 0 8 2 2 5 6 8 1 6 3 6 2 3 0 0 0 0 3 0 1 1 4 3 9 7 14 4 0 4 6 0 5 5 3 2 7 14 27 15 9 5 5 45 57 12 42 10 0 0 5 16 1 6 1 2 3 4 1 1 5 0 0 0 0 0 0 0 0 0 0 0 0 0 0 
0 0 5 1 1 7 0 4 0 6 6 2 3 0 0 2 1 0 0 0 0 1 0 0 0 0 0 1 0 3 1 1 8 9 4 3 9 8 23 2 4 5 3 3 8 2 1 3 5 13 3 3 5 3 2 0 2 3 0 7 3 1 2 11 24 20 10 30 27 24 1 77 7 19 4 5 2 2 14 3 7 0 2 5 2 4 0 3 0 0 0 0 0 0 0 1 0 1 0 0 0 1 
1 1 5 0 0 8 7 1 5 6 0 3 1 0 0 0 3 2 1 0 0 0 0 0 0 0 0 0 0 6 3 4 7 9 4 8 12 5 20 7 6 0 1 1 6 4 7 5 7 16 6 2 10 5 0 1 7 5 0 10 13 1 2 12 39 36 16 22 17 40 67 5 27 37 6 3 1 8 18 3 4 0 10 1 3 4 3 11 1 0 0 1 0 2 0 3 2 0 0 0 0 0 
0 3 1 0 4 3 3 3 3 3 2 1 1 0 1 0 0 3 0 0 0 0 0 0 0 0 0 1 0 1 2 3 4 7 4 4 0 3 8 5 3 0 0 2 3 0 3 3 4 15 10 2 11 4 2 3 6 9 0 9 4 0 0 7 22 29 15 12 11 23 30 52 3 16 2 2 6 1 20 2 8 0 3 2 4 2 1 5 1 0 0 0 0 0 0 0 0 0 0 0 0 0 
3 3 2 3 5 4 4 8 4 0 1 0 2 0 1 2 0 1 0 0 0 0 0 0 1 0 0 0 0 0 0 3 5 4 6 8 6 6 5 3 5 0 1 3 5 2 3 4 2 20 12 8 11 9 6 2 6 5 0 29 9 0 6 11 17 34 13 32 10 56 39 60 6 3 5 11 1 10 23 6 5 3 5 4 5 5 2 18 1 0 0 0 1 1 0 0 1 1 0 0 0 1 
1 0 3 0 0 1 3 0 0 6 0 4 4 2 4 7 2 1 1 0 1 0 1 0 1 0 0 8 0 6 2 4 3 3 2 1 5 1 8 6 1 2 5 12 7 4 5 6 4 36 4 4 12 7 5 0 2 10 0 1 1 1 3 4 4 6 0 2 1 1 3 3 2 9 6 9 1 12 89 13 22 7 8 29 14 10 8 33 6 0 0 3 1 11 4 6 1 12 15 1 0 11 
2 1 1 0 1 1 2 3 1 4 0 2 1 4 1 4 3 2 1 0 2 0 0 0 1 0 1 1 0 7 0 3 1 3 1 1 2 6 5 2 2 0 3 4 6 1 6 2 6 38 5 7 9 7 4 2 3 22 0 17 3 0 0 3 5 7 0 0 1 0 8 2 2 3 9 5 3 20 146 16 17 15 23 41 8 23 3 36 2 0 0 5 1 6 4 8 3 11 5 2 1 7 
0 0 0 1 0 2 1 0 0 0 0 1 2 0 0 2 1 0 0 0 0 0 0 0 0 0 0 0 0 1 0 0 0 0 1 1 0 0 0 1 0 1 1 1 0 0 1 3 0 7 2 1 1 0 0 0 2 6 0 0 1 0 0 1 4 1 0 3 0 0 2 0 0 2 3 10 1 6 76 4 4 2 5 10 5 1 1 3 0 0 0 0 0 2 3 0 1 6 2 0 0 2 
7 4 3 0 0 0 4 0 0 1 1 3 0 2 1 1 2 0 2 3 0 0 1 0 0 0 0 4 0 0 2 3 2 2 0 0 0 1 3 3 4 4 4 5 8 1 1 2 5 10 5 5 6 8 2 3 1 10 0 8 0 2 2 7 5 7 1 4 2 3 1 4 2 1 19 33 10 1 84 8 13 7 17 32 16 13 5 36 4 0 0 5 2 1 2 3 2 13 10 1 0 2 
9 26 20 4 2 6 21 12 13 21 4 14 16 10 8 37 16 38 11 4 5 5 5 10 3 0 1 14 6 25 20 20 25 15 14 4 9 3 22 15 5 4 20 23 17 16 11 21 12 84 134 66 154 74 67 33 80 102 0 46 8 5 3 36 32 48 14 22 8 29 17 13 21 30 282 214 80 112 18 81 96 37 80 141 68 67 28 99 33 0 0 26 14 19 8 4 2 17 21 4 2 18 
2 2 1 0 0 0 1 2 0 0 0 1 2 0 1 4 1 1 0 0 0 0 1 0 0 1 1 4 0 1 3 6 1 1 0 0 1 3 2 4 2 1 15 14 3 9 8 4 7 28 9 3 14 7 3 0 3 4 0 3 1 0 1 0 11 2 1 15 3 4 4 4 1 3 26 37 10 30 71 1 13 4 21 67 34 20 9 46 12 0 0 9 3 10 4 4 3 8 11 2 0 5 
1 2 2 0 0 0 0 0 0 0 2 1 0 0 0 3 0 1 0 0 0 2 0 1 0 0 1 0 0 6 0 3 0 0 0 0 0 0 6 3 0 0 5 11 3 4 6 0 4 18 10 4 8 8 2 1 1 5 0 1 0 0 2 5 4 3 3 2 1 1 1 3 1 6 16 22 5 8 90 15 2 5 16 76 18 13 5 37 6 0 0 7 5 5 2 1 2 7 3 2 1 5 
0 3 1 0 0 0 0 0 0 1 0 0 0 2 1 0 0 1 0 0 0 0 0 1 0 0 3 1 0 5 2 1 5 2 1 0 1 2 7 3 3 4 8 24 12 4 11 8 12 30 5 1 3 3 2 0 4 6 0 3 3 2 1 0 0 2 1 1 0 2 0 3 3 2 17 18 0 17 32 17 10 0 13 34 15 26 9 59 9 0 0 9 4 9 8 20 5 19 33 3 0 6 
1 5 0 0 0 0 0 1 0 1 0 0 0 0 1 0 0 0 0 0 0 0 0 0 0 0 0 0 0 3 0 1 5 0 0 0 0 0 1 1 1 4 11 12 6 1 3 5 5 15 6 2 9 1 0 0 11 2 0 2 1 1 0 2 0 0 3 1 1 0 1 2 1 1 11 16 7 10 56 20 5 4 4 107 30 18 13 36 13 0 0 11 3 3 4 2 3 12 6 1 2 10 
4 4 5 1 1 5 6 5 2 5 0 0 0 1 0 0 0 1 0 0 0 0 0 0 0 0 1 0 0 5 3 4 2 1 0 1 1 6 9 20 11 4 32 44 14 20 11 27 34 75 35 16 34 16 14 8 30 54 0 9 3 0 0 4 1 2 6 5 1 1 2 5 4 5 113 98 45 122 194 177 128 58 189 16 158 91 45 156 40 0 0 51 10 34 18 25 2 32 30 9 4 14 
2 4 2 0 2 0 1 2 2 0 0 0 0 0 0 0 0 0 0 2 0 0 0 1 0 0 0 2 0 3 3 2 0 2 1 0 0 3 5 5 0 2 16 4 5 8 13 6 12 27 6 1 6 5 1 2 13 10 0 4 1 0 1 1 3 7 0 3 0 0 1 1 3 3 26 31 4 31 48 21 45 16 33 111 4 43 16 61 14 0 0 22 8 11 7 12 5 11 11 1 10 15 
0 6 6 0 0 1 1 1 0 2 1 2 0 0 0 2 6 3 3 3 2 1 0 3 1 0 0 7 0 8 2 7 8 2 8 3 9 11 32 15 3 3 32 70 13 30 28 30 17 84 10 15 13 7 1 2 7 8 0 7 5 0 2 3 3 5 1 3 1 0 4 4 2 2 20 19 3 9 40 25 19 10 19 75 54 11 9 49 31 0 0 51 9 41 13 37 5 24 29 8 6 21 
8 3 1 1 0 1 3 1 1 2 0 2 0 0 0 0 7 1 1 4 2 0 1 1 1 0 0 4 0 8 3 12 5 1 2 5 8 10 22 33 38 6 94 103 24 52 15 33 17 53 4 5 7 3 1 1 4 5 0 3 3 0 0 2 0 0 0 1 1 1 1 3 1 0 10 15 3 12 31 20 14 12 9 53 31 24 11 59 56 0 0 110 57 116 87 97 40 51 28 3 3 18 
12 17 11 0 8 8 11 2 6 7 1 2 6 3 2 4 5 8 1 8 5 5 2 14 18 0 3 20 1 59 17 33 60 18 22 12 25 47 103 24 24 21 71 87 51 152 85 93 161 611 21 23 51 12 4 6 13 13 0 10 2 2 2 3 8 7 3 6 1 5 7 5 4 6 47 46 10 53 84 40 43 31 53 121 64 65 51 18 30 0 0 150 32 58 49 111 24 91 78 19 11 129 
2 6 4 0 0 0 2 1 3 1 0 0 4 1 1 2 4 6 0 4 2 1 1 3 2 0 0 5 0 10 2 12 10 4 11 1 16 24 30 36 11 8 33 76 15 27 12 25 18 68 9 3 6 5 2 1 8 7 0 1 1 0 0 3 2 4 1 0 2 0 0 2 1 2 12 15 3 16 24 9 15 11 10 40 12 32 30 35 3 0 0 76 16 22 20 22 3 22 30 8 1 25 
0 0 0 0 0 0 0 0 0 0 0 0 0 0 0 0 0 0 0 0 0 0 0 0 0 0 0 0 0 0 0 0 0 0 0 0 0 0 0 0 0 0 0 0 0 0 0 0 0 0 0 0 0 1 0 0 0 0 0 0 0 0 0 0 0 0 0 1 0 0 0 0 0 0 0 0 0 0 0 0 0 0 0 0 0 1 0 0 0 0 0 0 0 0 0 0 0 0 1 0 0 0 
0 0 0 0 0 0 0 0 0 0 0 0 0 0 0 0 0 0 0 0 0 0 0 0 0 0 0 0 0 0 0 0 0 0 0 0 0 0 0 0 0 0 0 0 0 0 0 0 0 0 0 0 0 0 0 0 0 0 0 0 0 0 0 0 0 0 0 0 0 0 0 0 0 0 0 0 0 0 1 0 0 0 0 0 0 0 0 0 0 0 0 0 0 0 0 0 0 0 0 0 0 0 
5 14 12 4 2 14 12 5 2 7 2 5 19 1 1 11 23 12 4 2 4 4 3 9 7 0 0 9 1 69 33 42 42 43 43 30 75 104 180 78 54 20 50 202 104 173 84 151 192 515 7 17 32 13 4 1 15 18 0 3 0 1 1 8 10 3 2 0 10 0 12 8 3 2 30 16 1 18 49 42 55 39 47 112 69 135 101 354 164 0 0 9 58 118 59 380 35 183 124 23 8 87 
2 1 0 0 0 1 3 1 4 1 0 2 2 0 0 1 5 1 0 1 0 0 0 0 1 0 0 0 0 7 4 10 6 6 5 3 4 9 9 5 9 3 21 37 14 34 12 20 20 45 2 0 1 1 0 2 2 1 0 3 0 0 0 0 0 0 0 1 0 1 0 0 0 0 21 10 0 8 9 7 13 7 6 19 13 16 29 68 25 0 0 38 4 4 7 54 4 14 11 4 3 14 
1 1 0 2 1 1 2 1 2 1 0 2 0 4 1 4 0 2 0 0 0 0 0 1 0 0 0 0 0 11 5 5 7 1 1 0 13 8 31 6 9 0 33 36 17 27 17 30 48 62 6 2 7 3 1 0 3 7 0 1 0 0 0 0 0 0 0 0 0 0 0 0 0 0 4 5 2 13 18 12 10 10 21 23 13 24 19 83 29 0 0 60 8 5 2 41 1 19 15 5 16 25 
0 3 1 0 0 0 1 1 2 1 1 3 3 2 0 2 1 1 0 0 0 1 0 0 0 0 0 2 0 8 2 9 4 7 9 4 11 6 15 7 15 5 19 48 29 25 17 30 50 106 2 0 3 12 3 2 5 8 0 1 2 0 0 2 1 1 0 0 0 0 1 0 0 0 10 10 2 16 9 12 11 7 18 33 21 16 29 92 26 0 0 29 6 7 1 36 18 59 30 15 7 45 
1 0 1 0 2 0 0 0 2 2 1 0 3 0 0 0 0 0 0 0 0 0 0 0 1 0 0 4 0 9 1 5 7 2 9 3 11 6 39 13 10 10 30 35 19 26 11 12 19 49 8 1 7 3 1 0 6 0 0 1 2 0 0 0 1 0 0 0 0 0 0 0 0 1 2 7 2 6 16 7 7 8 6 13 28 17 22 82 17 0 0 77 13 38 16 11 4 23 5 3 2 38 
0 0 0 0 0 0 0 0 0 0 0 0 0 0 1 1 0 0 0 0 0 0 0 0 0 0 0 0 0 5 0 3 1 1 1 0 8 2 4 1 1 0 2 6 7 2 2 1 3 6 1 1 2 0 1 0 0 0 0 0 0 0 0 0 0 0 0 0 0 0 0 0 0 0 1 2 0 1 0 1 0 0 0 5 3 7 8 17 7 0 0 13 1 1 0 4 1 4 0 1 0 3 
0 0 0 0 0 0 2 1 0 0 0 0 0 0 0 0 2 0 0 0 0 0 0 1 0 0 0 0 0 3 1 2 3 4 5 2 8 1 15 2 1 3 17 18 11 18 24 15 5 45 4 4 1 8 0 0 2 1 0 0 0 1 0 0 3 2 0 0 0 0 1 0 0 0 5 4 0 2 9 2 7 6 10 13 13 22 16 41 6 0 0 22 4 9 2 13 6 4 1 2 3 17 
2 2 2 1 0 1 1 2 1 1 0 0 1 0 1 0 2 3 0 0 0 0 0 0 1 0 0 4 0 9 1 3 7 2 0 2 2 16 18 0 17 4 11 27 27 13 15 14 28 59 2 2 6 1 3 1 1 5 0 2 0 0 0 0 0 1 0 0 0 0 0 1 1 0 8 6 0 5 13 9 21 7 5 20 12 20 10 76 11 0 0 46 2 13 4 3 1 5 4 4 0 10 
0 0 1 0 0 1 0 0 0 0 0 0 0 0 0 0 0 0 0 0 0 0 0 0 0 0 0 1 0 1 0 0 1 0 0 0 1 0 3 0 1 0 2 1 0 13 8 3 1 9 0 0 0 1 0 0 0 1 0 0 0 0 0 0 0 0 0 0 0 0 0 0 0 0 1 1 1 3 2 0 2 0 0 4 2 1 2 12 2 0 0 9 0 1 5 2 0 4 5 2 0 8 
0 0 0 0 0 0 0 0 1 0 0 1 0 0 0 1 0 0 0 0 0 0 0 0 0 0 0 0 0 1 1 0 1 1 0 0 0 0 0 1 0 1 2 3 3 2 1 3 1 5 2 1 2 2 0 0 0 1 0 0 0 0 0 0 0 0 0 0 0 0 0 0 0 0 2 1 0 1 1 2 2 2 2 2 0 5 1 21 6 0 0 8 0 4 7 9 0 1 5 0 2 2 
12 12 4 0 5 13 6 6 6 2 0 6 4 0 2 6 11 3 1 0 3 0 1 3 0 0 0 7 0 23 6 16 28 5 6 20 41 31 72 31 36 10 96 97 59 91 91 51 47 338 20 14 20 7 4 4 11 9 0 7 0 1 0 5 1 6 2 1 0 0 2 1 1 2 29 15 3 18 39 16 28 24 27 38 28 55 40 279 92 0 0 74 19 71 73 87 10 69 32 13 6 18 
