5 2 4 3 2 6 4 10 8 10 5 11 6 6 11 8 5 5 4 3 1 1 1 6 0 0 0 1 2 4 0 1 4 1 1 0 0 0 1 4 1 0 0 1 0 2 1 2 2 3 2 0 0 1 0 0 1 1 0 0 0 0 0 1 0 1 0 0 0 2 2 0 0 0 1 0 0 1 3 1 0 0 0 1 0 1 1 1 0 0 0 0 0 0 0 0 0 0 0 0 0 2 
6 8 12 11 11 33 13 32 16 16 6 31 8 22 30 26 9 5 9 7 2 6 4 4 1 0 1 1 4 6 0 1 4 0 3 1 2 1 8 7 2 1 2 6 1 5 4 3 2 6 2 2 1 0 1 1 3 5 0 0 0 0 7 2 4 1 0 1 0 0 0 1 1 1 2 0 0 5 12 2 1 0 0 4 0 2 1 4 1 0 0 2 1 0 2 0 0 0 3 0 0 1 
4 11 0 8 5 20 2 13 20 9 5 18 10 7 14 9 8 6 4 5 2 1 3 7 2 0 1 3 6 0 0 0 2 2 3 0 0 0 8 4 0 1 0 5 2 1 1 1 1 3 1 0 5 1 0 0 1 0 0 0 0 0 1 0 0 2 0 4 0 0 0 0 0 0 0 1 0 2 4 1 0 0 1 2 0 2 0 4 0 0 0 1 0 1 0 0 1 0 0 0 0 0 
3 4 4 1 1 5 1 0 4 3 4 1 1 0 3 4 1 1 0 0 1 0 0 2 0 0 0 2 3 0 0 0 0 0 0 0 0 0 0 1 0 0 0 0 0 1 0 0 0 1 0 0 0 0 0 0 0 0 0 0 0 0 0 0 0 0 0 0 0 0 0 0 0 2 0 0 0 1 0 0 0 0 0 1 0 1 0 0 1 0 0 0 0 0 0 0 0 0 0 0 0 0 
2 1 3 1 0 0 1 3 4 0 2 2 2 4 7 5 3 1 2 0 2 4 0 1 0 0 0 2 1 0 0 0 0 0 0 0 0 4 1 1 0 0 0 1 0 0 1 1 1 3 2 0 0 2 1 0 0 0 0 0 1 0 0 1 2 2 0 0 0 0 1 1 0 0 1 0 0 0 3 0 0 0 0 0 0 2 1 2 0 0 0 0 0 0 0 0 0 0 0 0 0 0 
15 20 11 6 6 2 1 3 13 15 8 15 13 6 13 10 8 7 7 2 6 0 5 3 0 1 0 5 1 0 0 1 4 1 0 0 0 1 5 2 2 0 1 7 3 3 3 0 1 2 4 0 0 1 1 0 4 3 0 1 0 0 2 1 13 3 1 1 0 3 1 2 0 0 0 0 0 1 4 3 0 0 1 0 0 2 0 2 0 0 0 0 0 0 1 0 0 0 0 0 0 0 
5 18 16 10 3 2 5 6 7 5 5 11 12 8 14 10 8 2 6 3 0 6 2 3 3 0 0 5 0 2 1 0 1 0 1 1 0 1 6 3 2 0 0 0 1 0 3 2 0 3 1 0 1 6 0 0 0 1 0 4 0 0 0 2 3 3 2 0 0 1 0 1 0 0 0 0 0 0 6 4 1 0 1 1 4 3 0 2 1 0 0 0 0 0 0 1 0 1 0 0 0 0 
7 18 13 6 2 17 6 5 9 16 6 21 21 14 23 18 14 9 8 1 6 5 4 7 1 1 4 5 3 2 1 1 2 1 3 2 0 0 5 5 1 0 1 1 2 2 2 0 0 3 0 1 2 3 1 0 4 7 0 2 0 1 1 2 6 2 0 1 0 1 0 2 1 2 0 2 0 1 2 0 0 0 1 6 1 0 0 2 0 0 0 1 1 0 0 0 0 0 0 0 0 0 
13 55 40 5 9 22 12 5 1 4 4 11 12 15 20 14 19 6 8 4 4 5 7 11 2 1 0 9 3 4 1 3 1 0 0 0 0 2 8 6 5 2 0 4 2 5 1 3 4 4 0 1 1 2 1 0 2 4 0 0 0 1 3 3 0 5 0 1 0 0 2 6 0 0 2 0 0 0 1 0 1 0 1 1 0 1 0 10 1 0 0 0 0 2 1 0 0 0 0 0 0 0 
12 29 15 4 3 16 17 5 7 4 4 7 10 8 11 9 7 0 7 2 2 1 4 5 0 0 0 3 0 1 1 1 2 1 2 0 0 0 7 6 1 1 0 4 3 2 0 1 5 3 3 4 2 1 1 1 2 5 0 0 2 1 0 1 1 6 2 1 0 1 2 5 0 1 1 2 0 2 10 1 4 2 3 5 1 3 1 2 0 0 0 0 0 1 0 2 0 0 0 0 0 0 
2 10 7 2 0 6 2 6 3 0 1 2 7 1 4 3 7 3 7 2 1 3 1 5 2 0 0 3 1 0 1 0 0 1 1 0 0 0 4 4 1 0 1 0 0 2 1 0 0 2 1 1 0 0 1 0 1 2 0 1 0 0 0 0 0 2 0 0 0 0 0 0 0 0 1 0 1 0 1 0 0 0 0 0 0 2 0 4 0 0 0 0 0 0 1 0 0 0 0 0 0 2 
15 15 22 0 8 21 28 14 32 4 6 2 12 7 12 33 24 7 9 6 7 28 14 23 1 0 0 7 1 7 0 0 0 1 0 4 0 3 2 21 5 0 1 0 3 3 0 2 3 13 3 2 0 3 0 0 4 3 0 0 1 0 1 1 2 3 1 0 0 0 3 0 0 1 2 2 0 3 2 2 0 0 0 0 0 0 1 1 1 0 0 2 0 0 0 0 0 0 1 0 0 0 
14 28 83 7 26 173 222 225 179 89 126 89 7 46 71 63 34 52 14 11 13 26 27 20 9 2 2 16 0 8 8 4 0 5 1 0 5 2 29 13 4 3 3 4 0 4 6 2 2 10 2 0 4 4 2 0 10 14 0 24 11 0 0 2 0 2 1 1 0 1 2 3 2 2 7 0 0 3 8 0 1 0 0 0 0 1 0 9 3 0 0 3 0 1 0 2 0 2 0 1 0 1 
34 68 68 13 15 154 65 126 76 75 37 68 59 4 10 31 85 56 47 53 72 93 58 101 42 6 12 83 3 5 2 0 0 2 0 0 0 0 6 12 4 0 1 0 2 5 1 2 2 4 6 5 7 6 6 1 8 22 0 12 0 2 0 0 0 3 0 0 0 0 0 1 0 2 9 4 1 8 22 5 0 0 0 0 0 1 0 2 0 0 0 0 0 0 0 1 1 0 0 1 0 0 
12 30 28 4 17 35 22 34 19 28 9 19 13 4 0 10 16 13 11 12 12 21 30 23 19 5 3 28 0 7 0 6 0 1 0 1 0 0 3 6 4 2 1 1 2 1 3 0 0 3 2 1 3 4 1 0 1 9 0 2 0 0 0 1 0 0 0 0 0 1 3 0 1 0 0 6 0 3 11 4 0 0 0 0 0 1 0 2 2 0 0 0 0 0 1 0 0 1 0 0 0 1 
41 102 76 15 44 109 61 97 90 55 53 95 99 57 22 14 102 133 76 93 103 102 108 146 62 19 23 145 3 55 14 42 22 23 33 24 14 2 3 66 24 5 10 9 15 25 12 10 10 54 15 3 13 13 5 5 12 18 0 3 2 2 4 7 3 4 0 5 0 3 6 8 4 3 7 10 3 6 26 3 0 0 2 0 0 2 3 21 3 0 0 4 2 1 1 11 1 6 1 2 0 1 
13 23 21 0 9 25 22 22 18 20 14 20 25 16 14 19 7 12 10 13 26 20 23 45 11 1 1 30 1 23 1 12 7 4 5 7 2 1 13 15 9 8 4 8 7 11 3 9 8 19 6 2 1 2 2 0 3 6 0 1 1 0 0 1 3 0 0 0 0 0 1 0 2 1 1 2 0 2 14 4 2 0 0 0 0 6 0 5 3 0 0 1 0 0 0 2 0 1 4 0 0 0 
10 13 5 0 0 14 11 22 9 34 4 18 36 18 13 31 12 2 11 9 16 24 14 33 16 1 1 31 0 19 6 9 5 5 2 5 0 3 7 20 6 3 7 5 13 13 6 3 4 21 1 2 1 7 1 1 1 2 0 2 1 0 0 0 1 0 0 0 0 0 0 1 2 0 3 0 0 0 6 1 0 1 1 0 1 4 1 10 4 0 0 2 2 0 0 0 1 0 0 0 0 0 
8 20 8 1 2 18 8 6 11 7 1 20 15 14 8 21 33 10 3 24 19 18 34 44 20 6 3 22 0 10 6 5 3 6 3 4 1 9 5 15 11 1 4 7 6 7 9 7 6 11 0 1 3 0 0 1 4 2 0 1 1 0 0 0 2 0 0 0 0 0 0 0 0 0 0 1 0 5 3 0 1 0 0 1 1 0 1 4 3 0 0 0 1 0 0 0 0 0 0 1 0 0 
2 5 6 0 3 9 7 7 9 7 5 13 17 4 6 8 14 8 3 4 1 5 6 12 22 7 10 25 0 5 2 2 2 6 1 1 0 3 3 9 2 0 0 0 3 2 1 2 1 5 1 1 3 1 0 0 4 2 0 1 1 0 0 0 0 0 0 0 0 0 0 0 0 0 0 0 0 0 1 0 0 0 0 0 0 1 0 1 2 0 0 0 0 2 0 0 0 0 0 0 0 0 
3 2 6 2 4 5 7 7 5 11 1 8 20 12 22 26 32 17 10 10 1 6 54 50 29 4 18 42 0 6 1 0 4 0 3 1 0 4 13 8 2 0 2 2 3 11 1 5 2 8 0 0 1 2 0 0 1 2 0 4 0 0 0 0 0 0 0 0 0 0 0 0 0 0 0 0 0 0 4 3 0 0 0 0 0 9 0 2 2 0 0 1 0 0 0 1 0 0 0 0 0 0 
4 4 3 5 3 5 1 8 2 5 1 3 6 13 9 23 13 4 8 0 1 0 6 18 16 1 8 28 1 0 1 1 7 3 2 4 1 5 6 8 1 0 0 0 4 0 1 1 3 8 0 0 0 1 0 2 0 1 0 0 1 1 0 0 1 0 0 0 0 0 0 0 0 0 0 0 0 0 1 0 0 0 0 0 0 0 0 3 0 0 0 1 0 0 0 0 0 0 0 0 0 0 
0 1 2 1 1 5 2 3 1 4 1 5 7 3 5 10 8 7 8 6 9 1 1 4 4 1 9 22 1 0 2 1 0 0 0 0 0 1 0 6 2 1 0 0 0 3 2 0 1 2 1 1 0 3 0 0 0 0 0 0 0 0 0 1 0 0 0 0 0 0 0 0 0 0 0 0 0 1 2 0 0 0 0 0 0 0 1 5 0 0 0 0 0 0 0 1 0 0 0 0 0 0 
1 1 4 1 2 4 2 4 2 1 1 3 1 3 18 15 14 9 9 6 10 12 8 1 6 20 14 54 0 0 0 0 1 1 3 2 0 1 5 6 1 0 0 2 1 2 1 0 1 1 0 0 1 1 0 0 0 0 0 1 0 0 0 0 0 0 0 0 0 0 0 0 0 0 0 0 1 1 6 0 0 0 0 0 0 1 0 2 1 0 0 0 0 0 0 1 0 0 0 0 0 0 
0 2 2 0 1 3 2 4 12 5 1 2 0 5 7 5 8 7 2 4 7 3 2 1 0 0 8 20 0 1 0 1 2 2 2 0 0 1 2 0 0 0 0 0 0 0 0 2 3 3 0 0 0 0 0 0 0 0 0 0 0 2 0 0 0 0 0 0 0 0 0 0 0 0 0 2 0 0 1 0 0 0 0 0 0 0 0 1 0 0 0 0 0 0 0 0 0 1 0 0 0 0 
0 0 0 0 0 1 0 0 0 0 0 2 0 0 0 0 2 0 0 1 0 1 0 4 0 0 0 1 0 0 0 0 1 0 0 0 0 1 0 0 0 0 0 0 0 0 0 0 0 0 0 0 0 0 0 0 0 0 0 0 0 0 0 0 0 0 0 0 0 0 0 0 0 0 0 0 0 0 1 0 0 0 0 0 0 0 0 0 0 0 0 0 0 0 0 0 0 0 0 0 0 0 
0 0 0 0 1 0 0 0 0 0 0 0 0 0 1 1 0 2 0 1 1 2 0 6 1 0 0 1 0 0 0 0 0 1 0 0 0 0 0 0 0 0 0 0 0 0 0 0 0 0 0 0 0 0 0 0 0 0 0 0 0 0 0 0 0 0 0 0 0 0 0 0 0 0 0 0 0 0 0 0 0 0 0 0 0 0 0 0 0 0 0 0 0 0 0 0 0 0 0 0 0 0 
0 6 4 0 1 6 0 5 1 10 4 2 8 11 12 21 11 10 13 10 19 26 17 14 14 1 13 1 0 0 0 1 5 0 2 1 0 1 13 7 6 0 2 1 0 1 1 6 3 4 1 3 0 0 0 0 0 0 0 0 0 0 0 0 0 0 0 0 0 0 0 0 0 0 1 1 1 0 2 0 0 0 0 0 0 0 0 7 1 0 0 0 0 0 0 0 0 0 1 0 0 0 
78 162 340 31 35 154 78 73 28 49 20 42 39 39 45 25 15 13 25 7 12 9 8 7 1 0 0 5 0 4 2 12 2 4 3 7 0 1 5 10 16 0 2 2 2 4 10 5 4 15 0 2 16 2 1 0 1 3 0 4 2 2 2 4 13 3 4 3 0 4 4 4 0 1 5 0 0 3 9 2 4 2 0 0 1 0 0 4 6 0 0 1 0 0 0 2 2 0 1 0 0 0 
1 2 2 0 4 8 3 2 1 7 1 6 7 1 1 7 7 5 0 8 1 3 6 8 4 0 0 3 0 11 57 128 68 40 34 51 68 66 62 44 21 1 12 18 12 17 4 6 17 30 5 0 1 8 1 0 0 10 0 7 7 1 5 5 14 17 12 8 2 6 9 6 1 0 2 2 0 3 12 3 2 0 5 0 1 6 1 27 3 0 0 9 3 9 0 3 1 0 5 1 0 1 
0 2 0 0 0 0 0 3 1 0 0 1 2 0 0 3 9 3 5 3 0 0 1 1 0 0 0 0 0 49 4 44 26 6 5 16 36 19 28 23 8 3 4 4 9 4 3 1 6 20 0 0 1 3 1 0 0 2 0 1 0 0 2 3 3 3 3 3 1 2 2 1 0 0 0 0 0 0 3 1 1 1 1 0 1 4 1 21 0 0 0 3 0 1 2 1 0 1 2 0 0 0 
0 3 1 1 3 3 2 4 3 2 2 1 2 0 2 8 8 5 4 2 0 1 2 9 2 1 0 3 0 46 30 5 17 10 22 29 29 26 46 26 17 2 4 16 13 14 13 11 10 39 4 0 3 3 1 1 2 7 0 2 2 0 1 7 7 4 9 5 4 3 3 3 1 4 1 0 0 2 8 3 0 1 2 0 1 4 3 20 4 0 0 6 5 4 5 5 0 3 2 0 0 1 
16 19 7 2 4 8 12 5 6 5 5 12 16 2 7 12 33 19 5 3 2 6 8 14 8 2 5 14 1 174 64 58 5 29 53 91 81 94 73 146 71 16 65 32 59 121 71 48 68 312 37 15 38 21 14 1 21 25 0 6 8 7 3 12 26 17 7 14 5 8 15 21 4 8 13 4 1 15 43 6 12 5 5 8 4 14 20 100 21 0 0 16 7 13 14 13 3 5 6 1 4 8 
1 0 1 1 1 5 2 1 1 2 0 3 1 1 2 2 21 7 0 4 0 0 0 3 0 1 6 3 0 71 33 19 7 6 26 12 10 31 39 44 12 5 10 15 13 13 7 16 10 42 7 8 1 6 1 6 5 6 0 7 2 1 1 1 6 6 4 5 2 4 11 7 1 7 1 0 0 5 10 2 0 0 0 0 0 1 3 11 4 0 0 2 4 5 4 7 1 7 2 1 1 0 
6 8 4 1 2 4 2 2 1 2 0 4 4 1 2 7 11 6 8 5 10 5 8 9 1 2 2 16 0 122 44 63 19 19 2 16 15 32 51 125 38 7 14 26 22 25 19 28 33 70 10 6 6 6 4 0 5 11 0 2 0 0 3 7 5 10 3 12 1 3 17 12 3 7 7 2 0 4 14 4 1 0 2 1 0 6 1 23 7 0 0 8 11 11 5 10 0 5 4 0 4 1 
1 1 2 0 1 1 3 2 3 0 0 3 0 1 2 2 15 5 1 6 1 2 4 6 3 0 0 7 0 75 20 36 19 8 13 0 13 33 36 40 20 3 18 16 11 16 16 14 7 34 2 2 0 6 1 0 1 1 0 1 0 0 0 5 2 4 1 1 2 0 7 5 0 0 0 1 0 1 1 0 1 0 0 0 0 1 1 29 8 0 0 4 0 2 3 6 0 0 6 2 1 1 
4 4 9 1 2 2 2 2 4 6 0 1 2 0 0 26 23 18 13 4 22 8 6 12 1 0 0 13 0 306 90 248 81 72 71 92 10 114 193 329 128 41 71 48 75 68 77 40 51 179 7 11 3 5 2 1 7 7 0 0 3 2 0 27 24 29 12 30 6 14 37 15 5 11 2 1 2 3 12 2 4 0 3 5 0 14 15 59 32 0 0 17 9 12 23 26 2 14 13 14 3 6 
8 9 1 3 1 11 2 4 5 2 1 8 11 1 3 5 7 11 1 4 2 2 6 10 3 2 1 6 0 144 81 128 64 50 67 62 17 2 27 123 56 11 39 33 38 59 45 28 51 117 1 1 10 2 2 0 1 6 0 3 0 3 2 14 9 8 2 2 2 1 15 14 1 7 5 0 1 1 6 0 1 0 0 0 0 9 7 40 16 0 0 14 4 13 5 15 2 7 6 5 1 6 
35 48 25 8 18 63 35 44 62 42 30 55 58 18 9 9 97 115 37 37 49 54 75 84 37 5 27 90 2 381 161 361 155 139 156 202 189 93 17 658 217 38 102 122 176 160 118 151 123 358 10 20 25 15 6 6 27 28 0 12 18 4 4 64 57 79 19 39 15 9 48 26 17 23 15 5 2 13 37 11 8 4 12 14 16 41 24 124 70 0 0 39 29 38 27 89 9 47 35 10 7 29 
4 6 10 3 3 20 5 15 13 11 3 13 19 8 5 17 18 11 1 12 12 4 3 12 3 0 1 11 0 73 22 64 22 40 40 21 24 79 124 4 17 11 20 22 25 45 38 49 44 134 5 3 2 3 4 2 6 3 0 0 0 1 2 10 11 13 2 3 0 0 2 7 0 3 7 2 0 2 22 4 3 2 3 13 8 3 4 16 17 0 0 18 10 6 10 23 3 8 1 3 2 2 
6 9 7 2 0 3 2 6 2 2 2 4 3 4 3 4 12 5 4 3 3 2 5 7 0 0 0 5 0 29 13 26 20 8 17 13 19 36 49 13 9 1 11 9 12 31 41 42 13 66 1 1 5 1 0 0 1 3 0 0 1 0 2 1 8 3 1 2 1 0 2 2 0 0 3 0 0 2 6 4 2 2 4 3 3 4 3 14 3 0 0 5 6 2 1 6 4 4 2 0 1 1 
0 3 0 0 0 1 1 0 0 0 0 0 2 2 1 0 0 1 0 0 2 2 0 1 1 0 0 2 0 10 5 3 8 0 1 0 7 5 5 9 4 2 0 0 3 2 2 6 11 13 0 0 0 0 1 0 0 0 0 0 0 0 0 2 0 0 0 1 0 0 1 0 0 1 0 0 0 0 2 0 1 0 2 3 4 4 1 4 6 0 0 0 2 5 0 4 0 0 0 0 0 0 
6 4 4 0 0 6 3 4 4 5 2 2 6 5 10 16 14 7 1 3 4 5 6 5 4 1 0 8 0 40 11 36 19 11 17 13 31 56 43 54 47 10 12 19 27 31 27 51 42 73 3 2 3 2 1 4 4 8 0 1 3 0 2 7 2 1 8 10 0 0 8 6 2 1 4 2 2 11 15 17 20 9 13 26 31 45 26 42 29 0 0 16 10 40 14 66 9 35 19 5 2 12 
4 7 4 0 2 2 11 10 4 8 3 2 6 6 4 10 21 13 9 3 3 9 8 14 2 2 0 10 2 22 10 37 16 18 16 12 20 69 60 88 46 13 29 7 49 72 52 89 130 181 4 3 2 1 1 0 8 8 0 4 1 0 0 3 7 4 3 5 2 0 2 2 1 0 14 11 0 12 19 16 17 15 16 26 39 72 60 89 53 0 0 30 28 67 28 101 16 64 39 11 6 16 
3 8 4 0 1 4 3 1 4 4 0 1 5 4 2 6 9 6 6 3 3 8 3 10 1 1 1 5 1 22 5 20 14 11 10 5 24 43 38 32 29 2 16 29 3 23 31 62 93 96 1 2 6 3 2 2 4 1 0 2 0 0 2 8 7 5 0 2 0 0 4 3 0 0 3 2 3 3 11 3 5 6 2 6 5 22 10 44 9 0 0 11 12 10 8 25 3 13 15 6 1 11 
5 9 6 3 1 12 5 7 7 3 4 9 15 4 7 18 22 19 6 5 11 14 5 25 5 3 1 17 0 53 13 46 43 35 29 37 60 111 99 166 97 27 45 130 109 13 89 282 301 418 13 7 8 2 0 1 9 8 0 1 0 2 1 6 9 4 2 7 2 0 8 7 0 3 9 1 0 26 25 24 12 15 31 31 32 88 60 147 59 0 0 26 19 44 24 69 2 34 31 6 5 34 
4 8 6 0 0 2 1 5 9 0 1 3 0 1 1 9 15 3 4 2 2 4 1 1 3 0 2 4 0 11 5 23 34 14 11 21 17 38 47 43 15 7 8 22 28 32 9 80 68 86 1 4 6 1 0 0 2 11 0 0 0 0 0 4 9 1 1 3 1 0 3 4 2 0 0 0 0 5 4 10 6 3 4 3 11 24 8 74 14 0 0 3 11 14 7 15 6 7 8 13 1 12 
3 5 2 1 2 2 1 5 1 1 4 1 0 1 2 1 13 6 4 2 2 1 3 5 1 0 0 7 0 8 2 10 16 1 3 8 10 20 34 29 35 6 13 25 28 67 39 4 96 147 1 2 0 4 0 1 0 3 0 0 1 1 0 3 1 1 1 3 1 0 0 0 0 0 1 4 0 2 9 3 2 4 4 6 2 12 11 49 14 0 0 10 6 9 5 20 2 9 5 1 0 5 
2 1 1 0 1 0 4 3 1 1 2 2 2 1 2 2 3 4 0 1 0 2 0 1 1 0 0 1 0 8 2 17 9 10 8 3 12 12 16 22 24 5 10 16 13 26 21 32 9 58 1 2 3 0 0 0 1 2 0 1 1 0 1 2 3 1 2 0 0 0 0 0 1 0 3 0 0 1 7 4 1 1 3 0 3 9 6 53 4 0 0 11 5 12 6 10 3 9 3 0 2 8 
15 27 19 4 11 17 18 18 14 15 10 15 25 7 16 18 37 37 20 7 20 6 15 31 10 3 3 25 1 138 40 82 126 53 69 56 87 162 205 232 145 20 89 155 231 343 243 622 961 21 15 10 13 10 8 2 11 27 0 0 0 0 1 18 17 21 4 14 3 1 8 17 1 3 9 11 3 25 39 31 32 24 25 39 23 81 56 475 84 0 0 64 13 81 46 101 10 78 77 12 10 32 
0 0 0 0 1 1 0 0 0 2 0 1 3 4 1 0 0 0 1 2 0 0 1 0 0 0 0 1 0 3 1 1 4 4 2 0 0 0 0 0 0 0 0 4 1 1 0 1 0 3 1 1 4 8 8 1 3 12 0 12 1 3 3 1 2 2 2 5 0 1 1 3 2 3 3 1 1 3 10 3 3 2 7 4 4 7 4 24 1 0 0 0 1 2 0 2 0 3 3 0 1 0 
2 0 0 0 0 2 2 0 0 1 1 2 0 0 0 0 1 1 4 2 1 0 0 0 0 0 2 0 0 3 1 0 3 1 1 2 1 1 1 1 0 0 0 2 0 0 0 1 1 3 4 0 12 20 7 1 2 10 0 2 2 0 1 0 2 4 0 2 1 1 2 0 1 1 2 0 0 3 21 2 6 0 3 6 5 5 1 18 4 0 0 0 0 1 0 0 0 0 1 0 0 0 
4 3 1 0 0 2 6 3 1 0 1 4 2 1 6 6 5 1 1 0 0 0 0 5 0 0 0 2 0 2 0 5 2 3 0 0 0 1 3 7 1 0 2 6 1 1 6 3 2 6 67 30 4 25 23 2 10 23 0 7 0 0 1 1 14 4 1 14 2 2 6 6 2 1 5 10 1 3 43 7 10 3 3 14 10 11 5 32 7 0 0 0 0 1 2 1 0 0 3 2 0 0 
2 0 2 0 0 1 2 3 2 1 1 2 0 2 1 2 3 3 0 1 0 1 1 1 0 1 0 0 0 5 2 0 4 1 2 1 0 0 1 1 0 0 3 2 2 0 0 1 0 3 8 15 4 1 6 0 11 6 0 10 1 0 0 2 4 7 3 4 4 1 1 4 1 1 0 1 0 2 13 1 3 2 3 7 3 4 2 12 0 0 0 0 1 4 1 1 0 0 1 0 0 0 
0 0 0 0 0 0 1 0 0 0 0 0 2 1 0 0 0 0 0 0 0 0 0 0 0 0 0 0 0 0 0 3 0 3 0 1 0 3 2 0 1 0 0 0 0 1 0 0 0 2 1 4 2 3 0 0 3 0 0 1 3 0 0 4 1 3 0 0 0 0 3 0 0 3 0 1 0 0 4 2 1 0 6 1 0 2 0 4 0 0 0 1 0 0 0 1 0 0 1 0 0 0 
1 0 1 0 1 0 1 1 0 0 0 1 1 0 1 0 0 0 0 0 0 0 0 0 0 0 0 0 0 1 0 0 2 1 0 0 0 0 0 2 0 0 1 0 1 1 0 0 1 1 7 1 0 1 3 2 1 1 0 1 0 0 0 3 3 3 0 0 0 0 2 1 0 0 0 3 0 0 5 1 1 0 2 0 0 0 0 7 0 0 0 0 0 1 0 0 0 1 0 0 0 0 
1 3 1 0 0 3 4 2 1 4 1 0 0 2 0 2 1 0 0 1 1 0 0 0 0 0 0 1 0 2 1 1 0 1 2 0 0 0 0 2 0 0 0 1 1 0 1 0 1 1 13 10 4 2 1 1 1 0 0 4 4 0 3 4 1 1 0 3 1 4 2 5 1 2 1 5 2 3 4 0 4 1 5 6 5 6 0 11 1 0 0 0 0 0 0 0 0 1 2 0 0 0 
2 3 0 2 0 2 2 2 3 2 3 6 7 1 7 4 6 0 1 0 0 0 2 0 0 0 0 2 0 0 0 1 4 4 2 4 0 1 8 5 0 1 5 1 3 3 2 5 1 8 17 5 13 17 7 2 7 4 0 7 2 1 4 4 8 6 1 0 0 1 4 4 4 2 15 17 2 19 28 12 8 3 8 9 13 6 6 17 1 0 0 4 1 1 1 2 0 2 3 3 1 1 
0 0 0 0 0 0 0 0 0 0 0 0 0 0 0 0 0 0 0 0 0 0 0 0 0 0 0 0 0 0 0 0 0 0 0 0 0 0 0 0 0 0 0 0 0 0 0 0 0 0 0 0 0 0 0 0 0 0 0 0 0 0 0 0 0 0 0 0 0 0 0 0 0 0 0 0 0 0 0 0 0 0 0 0 0 0 0 0 0 0 0 0 0 0 0 0 0 0 0 0 0 0 
8 8 3 2 2 7 5 3 3 1 1 4 2 7 5 5 1 6 4 1 0 1 0 1 0 0 2 6 0 7 1 3 2 1 3 3 0 0 2 5 0 2 2 3 1 0 4 2 1 1 8 7 12 21 7 6 8 19 0 2 2 0 3 10 5 13 5 3 1 3 10 11 1 3 6 2 1 2 24 10 6 3 10 14 13 1 2 5 4 0 0 0 0 1 0 2 0 0 4 0 0 0 
0 1 2 0 1 0 0 0 0 1 0 1 2 0 0 1 0 0 0 0 0 0 0 1 0 0 0 0 0 1 0 0 1 2 0 0 0 2 1 0 0 0 1 0 0 1 1 4 0 4 3 0 2 3 2 0 3 6 0 0 0 0 0 0 5 5 6 5 1 3 2 2 0 1 0 2 1 1 2 0 1 1 0 2 1 0 0 3 2 0 0 0 0 0 0 0 0 0 0 0 0 0 
3 6 3 0 0 2 1 1 1 1 0 1 3 1 1 0 1 0 0 0 0 0 0 0 0 0 0 0 0 9 2 13 1 3 6 2 3 5 1 14 5 0 1 1 2 0 3 3 3 7 0 2 9 5 1 2 3 3 0 5 2 6 0 12 6 3 1 1 3 7 1 6 0 0 0 1 0 4 3 6 4 0 4 3 0 2 0 3 1 0 0 0 0 1 0 3 0 0 1 0 0 1 
0 1 0 0 0 0 2 2 2 3 3 2 2 0 0 0 0 0 0 0 0 0 0 0 0 0 0 0 0 3 2 2 0 2 0 1 0 1 3 1 1 0 1 0 0 0 0 0 0 0 0 0 0 4 0 0 1 0 0 2 2 0 2 2 5 5 0 1 1 3 1 1 0 0 2 1 0 4 4 0 1 0 0 3 0 0 1 4 0 0 0 0 0 0 0 1 0 0 0 0 1 0 
2 6 4 0 0 5 3 2 3 4 3 1 0 2 0 4 3 1 1 1 0 0 1 3 0 0 1 1 0 13 5 10 3 1 5 1 12 3 15 13 7 0 1 1 4 8 3 5 5 5 6 7 14 3 4 4 10 14 0 9 4 2 2 7 8 16 8 10 1 12 20 21 7 6 2 1 3 13 25 3 8 9 4 3 2 0 2 3 4 0 0 4 0 0 0 3 0 1 1 0 0 0 
1 1 2 0 0 3 3 5 2 4 0 0 0 1 0 1 2 0 0 0 0 0 0 0 2 0 1 1 0 11 3 9 4 2 1 4 1 2 7 4 2 0 0 4 2 6 0 2 0 4 2 4 5 3 3 2 6 14 0 7 4 0 5 5 5 4 11 11 1 11 21 11 6 8 3 3 1 2 6 12 3 1 0 1 1 2 1 3 0 0 0 0 0 1 0 0 1 0 0 0 0 0 
1 3 2 2 1 2 1 4 4 0 0 0 2 2 0 1 0 0 0 1 0 0 0 0 1 0 0 0 0 16 6 14 4 3 5 2 0 1 8 9 8 0 3 3 8 2 1 3 4 8 10 1 9 5 3 4 2 13 0 7 3 3 11 6 7 9 1 15 12 7 25 20 7 19 2 2 1 5 29 5 7 0 5 1 0 1 0 9 0 0 0 1 1 0 1 1 1 0 1 0 0 0 
1 1 1 0 0 0 2 2 1 0 0 0 0 0 0 0 0 0 0 0 0 0 0 0 0 0 0 0 0 7 2 4 3 2 1 1 0 3 2 1 0 0 0 0 3 0 0 1 1 1 0 1 1 5 2 0 3 2 0 3 2 0 2 2 6 1 2 3 1 7 10 12 5 8 0 0 0 1 11 0 0 0 2 0 0 1 0 1 1 0 0 0 0 0 0 0 0 0 0 0 0 0 
0 1 1 0 0 0 1 1 1 5 0 0 0 0 0 0 0 0 0 0 0 0 0 0 0 0 0 0 0 3 0 2 0 5 0 1 0 0 3 2 0 1 2 0 3 2 0 4 1 1 1 6 2 4 3 0 1 6 0 1 1 0 1 0 7 7 3 2 5 6 20 8 9 7 3 0 0 1 9 1 1 0 0 1 0 1 0 2 0 0 0 0 1 0 0 0 0 0 0 0 0 0 
0 0 0 0 1 0 0 0 1 0 1 1 0 0 0 1 2 0 0 0 0 0 0 0 0 0 0 0 0 1 0 0 1 0 2 0 4 1 0 0 0 0 1 0 1 1 0 0 1 3 0 0 0 2 1 0 0 10 0 2 0 0 0 2 8 7 5 3 3 3 14 8 3 2 0 0 0 2 3 1 0 0 0 3 0 0 0 2 0 0 0 0 0 0 0 0 0 0 0 0 0 0 
0 0 0 0 1 0 1 0 0 0 0 0 0 0 0 0 0 0 0 0 0 0 0 0 0 0 0 0 0 1 0 0 1 0 1 0 1 0 0 0 0 0 0 2 0 1 0 0 1 2 5 0 3 1 0 0 2 6 0 1 0 0 0 2 10 9 4 3 2 2 12 11 6 6 3 1 0 1 11 1 0 0 0 1 0 0 0 0 0 0 0 0 0 0 0 0 0 0 0 0 0 0 
0 1 1 0 0 1 2 0 0 0 1 2 4 0 0 1 0 1 0 0 0 0 0 0 0 0 0 0 0 1 1 3 0 2 4 1 3 2 8 3 2 0 2 3 0 2 0 0 0 1 1 0 2 1 2 1 5 2 0 2 0 0 0 5 5 14 11 5 5 8 7 5 2 6 0 0 1 0 13 1 3 0 0 3 2 1 1 0 4 0 0 0 0 0 0 0 0 0 0 0 0 0 
0 1 1 0 0 1 1 3 1 1 1 3 2 0 0 2 3 0 0 1 0 0 0 0 0 0 0 0 0 11 7 4 3 6 11 5 5 12 7 3 0 0 0 1 4 0 1 0 2 7 2 4 2 5 0 2 3 3 0 4 2 0 3 12 20 22 6 18 17 25 90 2 20 33 2 2 0 1 8 2 1 3 2 1 1 6 4 0 0 0 0 2 0 0 0 0 0 0 0 0 0 0 
1 0 0 0 0 1 0 1 0 0 0 0 1 1 0 0 0 0 0 0 0 0 0 0 0 0 0 0 0 2 1 0 2 2 3 0 0 2 1 4 0 0 0 1 1 1 1 2 1 0 3 0 1 2 0 0 2 0 0 0 3 0 0 2 3 8 2 4 0 6 0 3 0 2 0 0 0 1 1 0 0 1 3 2 0 0 0 0 0 0 0 0 0 0 1 0 0 0 0 0 0 0 
2 0 3 0 1 1 0 2 0 0 0 0 0 0 1 0 0 0 0 0 0 0 0 0 0 0 0 1 0 0 0 2 2 0 0 0 7 3 1 3 1 1 2 0 1 0 1 2 0 5 9 1 0 1 4 1 3 2 0 2 7 0 6 3 7 13 3 3 3 14 8 8 0 2 2 3 0 2 14 2 1 1 1 1 1 0 0 2 1 0 0 0 0 0 0 0 0 0 0 0 1 0 
0 0 0 1 0 0 2 0 0 0 0 0 2 2 2 0 1 0 0 0 0 0 0 0 0 0 0 0 0 0 0 1 2 1 0 1 0 0 0 1 1 0 0 1 1 0 0 4 1 2 1 0 2 0 0 0 0 3 0 1 0 1 0 2 1 5 0 0 0 0 0 1 0 0 1 2 2 8 9 3 1 1 3 6 2 6 1 12 2 0 0 1 0 0 2 1 0 5 4 1 0 2 
0 2 1 0 0 0 0 1 0 0 0 3 0 0 5 1 0 0 0 0 2 0 0 0 0 0 0 1 0 2 0 0 0 2 1 0 3 1 1 0 0 0 2 1 1 3 3 8 3 8 4 0 0 1 0 2 0 2 0 0 1 0 0 1 2 2 0 1 0 1 1 1 0 1 4 0 2 14 16 13 4 2 4 8 1 2 3 18 1 0 0 0 1 0 1 1 0 4 2 0 0 0 
0 1 0 0 0 0 1 0 0 0 0 0 0 0 0 0 2 0 0 0 0 0 0 0 0 0 0 0 0 0 0 1 0 0 0 0 0 0 0 0 0 0 0 2 0 0 0 0 0 0 0 0 0 2 0 0 3 3 0 0 0 0 0 0 0 0 0 0 0 0 1 1 0 0 4 5 2 2 8 1 1 2 1 1 1 1 2 3 0 0 0 0 0 0 0 1 0 0 0 0 0 0 
1 0 1 0 0 1 1 0 1 1 1 3 1 1 3 0 0 0 0 0 0 0 0 3 0 0 0 2 0 0 0 3 1 0 2 0 0 1 1 1 2 0 1 4 1 2 1 1 2 7 4 1 1 1 1 0 1 9 0 1 1 0 0 3 3 1 0 0 0 1 1 1 0 1 6 14 9 1 4 5 7 1 8 9 15 12 0 13 2 0 0 3 2 0 4 0 0 0 2 2 0 1 
7 19 17 4 7 22 17 13 17 13 13 7 6 8 11 24 18 8 5 5 2 1 6 8 0 0 1 4 0 17 5 20 5 13 5 4 0 3 12 9 1 4 16 12 14 11 8 9 21 27 101 64 70 80 64 29 73 89 0 43 14 6 5 18 32 39 11 20 14 15 18 13 4 15 262 266 82 100 11 87 136 34 104 129 80 55 21 64 15 0 0 15 4 19 6 6 3 9 15 2 2 4 
1 2 0 0 0 0 0 0 1 2 1 0 1 0 0 1 1 0 0 0 0 0 0 1 0 0 0 0 0 0 0 0 1 2 0 0 0 0 2 4 0 0 9 2 2 4 4 0 3 5 1 2 3 2 1 0 0 7 0 1 0 0 1 0 2 1 2 0 0 0 0 0 1 0 8 17 2 16 3 4 4 4 8 19 12 6 3 22 2 0 0 3 0 7 2 2 3 2 1 0 2 3 
0 1 0 0 0 1 0 0 0 0 1 1 1 0 0 0 0 0 0 0 0 0 0 1 0 0 0 0 0 1 0 0 0 0 0 0 0 0 1 3 2 0 3 3 1 3 3 2 4 5 4 1 1 4 1 0 0 1 0 3 0 1 2 0 3 2 0 2 1 2 1 0 0 0 8 11 1 5 10 7 0 1 4 5 9 4 8 15 6 0 0 1 2 0 1 4 1 3 1 0 0 0 
0 0 0 0 0 0 0 0 0 0 0 0 2 1 0 0 0 0 0 0 0 0 0 0 0 0 0 1 0 2 0 0 1 0 1 0 0 1 0 0 0 0 3 3 2 0 0 0 1 8 1 0 1 0 1 0 0 1 0 0 0 0 0 1 0 3 0 0 0 0 0 0 0 0 6 4 0 1 7 2 1 0 1 7 6 4 3 1 1 0 0 3 0 0 5 1 0 1 0 0 0 0 
0 1 0 1 0 4 0 2 1 0 0 0 1 0 0 0 0 0 0 0 0 0 0 0 0 0 0 0 0 0 0 1 0 2 0 0 0 0 0 4 1 0 1 0 1 2 1 3 1 6 2 5 2 2 0 0 0 0 0 1 1 0 0 1 2 1 0 0 0 0 1 2 1 0 8 7 0 11 7 13 5 3 1 12 6 11 4 18 3 0 0 1 1 3 1 1 0 5 2 0 0 0 
3 0 4 1 2 3 1 5 5 7 2 0 0 0 0 3 2 1 0 1 2 0 1 0 1 0 0 0 0 7 1 8 2 2 1 0 0 2 5 9 7 1 16 14 7 11 11 11 16 32 5 8 18 10 4 3 21 16 0 7 4 2 1 2 1 6 2 0 0 2 5 2 2 1 31 42 13 74 121 87 62 15 93 8 55 35 16 60 15 0 0 13 6 13 9 19 2 24 11 7 0 6 
1 2 2 0 0 2 1 0 1 2 0 0 0 0 0 2 2 0 0 1 0 0 0 0 0 0 0 1 0 2 2 2 0 0 1 0 0 0 3 4 3 0 10 11 3 4 3 8 2 16 5 3 1 4 3 0 3 1 0 3 0 0 0 4 0 4 2 1 0 5 5 0 0 1 7 10 0 14 25 27 34 3 18 9 1 19 9 27 15 0 0 2 4 11 5 5 2 8 6 1 0 4 
0 4 0 0 1 1 4 3 1 1 0 1 1 1 2 1 6 1 0 0 3 0 0 0 4 0 0 1 0 6 6 1 7 7 1 3 4 4 5 5 5 0 11 12 8 18 24 28 21 65 5 6 6 9 3 0 0 5 0 4 0 1 0 0 0 2 1 1 0 1 1 1 5 1 7 13 0 13 25 19 18 13 16 26 44 5 3 22 16 0 0 16 14 14 14 27 3 6 17 4 3 9 
1 2 1 0 0 1 1 0 1 0 0 0 0 1 0 1 4 1 0 0 1 0 0 2 1 0 0 1 0 4 3 0 1 3 0 1 4 4 8 10 3 1 5 13 2 5 9 11 9 28 7 1 6 2 0 2 0 3 0 3 0 0 0 0 4 1 0 3 0 0 1 0 1 0 0 7 2 4 11 10 11 2 21 13 19 5 0 22 14 0 0 5 18 12 11 10 3 6 10 1 2 0 
5 9 7 1 0 5 5 4 0 3 1 2 2 1 1 9 7 6 0 9 2 6 4 7 5 0 0 5 0 35 9 19 41 11 10 7 10 34 40 17 13 10 26 42 27 71 80 57 65 286 21 11 12 7 8 1 8 8 0 7 5 0 0 2 3 3 3 6 0 0 0 6 2 3 10 22 4 23 45 26 16 15 22 48 29 26 18 13 18 0 0 35 13 19 24 45 12 33 20 6 5 32 
0 1 1 0 1 0 1 1 1 2 0 0 0 0 1 2 0 1 0 1 1 0 0 0 0 0 0 0 0 2 1 6 5 0 5 1 6 6 13 8 4 3 7 5 3 4 1 5 5 14 0 1 6 3 0 0 0 3 0 0 0 0 1 0 1 0 2 1 0 0 1 0 0 1 3 3 0 4 5 3 1 1 5 2 9 4 8 4 4 0 0 4 1 9 6 16 1 13 6 2 3 9 
0 0 0 0 0 0 0 0 0 0 0 0 0 0 0 0 0 0 0 0 0 0 0 0 0 0 0 0 0 0 0 0 0 0 0 0 0 0 0 0 0 0 0 0 0 0 0 0 0 0 0 0 0 0 0 0 0 0 0 0 0 0 0 0 0 0 0 0 0 0 0 0 0 0 0 0 0 0 0 0 0 0 0 0 0 0 1 1 0 0 0 0 0 0 0 0 0 0 0 0 0 0 
0 0 0 0 0 0 0 0 0 0 0 0 0 0 0 0 0 0 0 0 0 0 0 0 0 0 0 0 0 0 0 0 0 0 0 0 0 0 0 0 0 0 0 0 0 0 0 0 0 0 0 0 0 0 0 0 0 0 0 0 0 0 0 0 0 0 0 0 0 0 0 0 0 0 0 0 0 0 0 0 0 0 0 0 0 0 0 0 0 0 0 0 0 0 0 0 0 0 0 0 0 0 
4 11 9 1 2 7 2 12 4 4 5 13 8 2 4 18 9 13 6 5 6 7 4 8 3 1 0 3 0 43 23 37 25 15 34 26 46 76 96 96 49 16 61 132 79 105 93 122 121 232 14 6 9 8 3 3 13 19 0 2 3 0 4 6 15 10 1 5 0 1 2 3 2 0 26 9 3 29 47 35 33 23 44 60 86 91 90 250 91 0 0 10 53 145 61 334 35 180 83 24 17 37 
0 0 2 1 0 0 0 1 0 0 0 0 4 0 0 0 0 0 0 0 0 0 0 1 0 0 0 0 0 4 1 2 4 1 3 1 3 6 2 4 3 3 4 4 5 3 7 8 6 17 0 0 2 3 0 0 1 2 0 2 0 0 0 1 0 0 0 0 0 1 0 0 6 0 2 2 0 1 5 6 6 3 4 2 5 21 1 17 13 0 0 7 2 2 2 35 4 4 2 1 0 2 
0 0 0 0 1 0 0 0 0 0 3 1 1 1 1 2 3 0 0 0 0 0 0 0 1 0 0 1 0 7 3 2 7 5 1 1 3 6 8 4 11 1 10 5 6 8 10 6 17 33 0 2 2 3 1 0 10 6 0 3 1 0 0 1 2 0 0 0 0 0 0 0 1 0 4 2 1 6 11 10 6 4 12 21 16 18 10 37 15 0 0 5 4 4 0 25 4 6 15 6 6 6 
0 1 1 0 1 0 3 0 1 0 0 0 0 0 2 0 2 1 1 0 0 0 0 1 0 0 0 1 0 2 1 2 2 0 3 0 2 1 2 4 5 0 4 7 7 2 8 8 8 22 2 2 0 2 0 0 1 3 0 1 0 0 0 0 0 0 0 0 0 0 1 0 0 0 1 1 0 2 3 4 8 2 3 7 7 11 7 21 5 0 0 2 3 3 1 14 1 10 1 3 5 10 
1 0 0 0 0 0 1 0 0 0 1 0 0 1 0 0 2 2 0 0 1 1 0 0 0 0 0 1 0 7 0 2 7 3 5 2 6 7 9 3 1 1 16 12 6 9 4 7 9 19 2 0 1 2 0 0 1 3 0 0 0 0 0 1 0 0 0 0 0 1 0 0 0 0 4 2 1 3 5 2 4 3 4 11 8 9 3 36 15 0 0 17 14 17 2 3 1 15 6 1 4 8 
0 0 0 0 0 0 0 0 0 0 0 0 0 0 0 0 0 0 0 0 0 0 0 0 0 0 0 1 0 3 0 1 0 0 0 0 0 1 0 0 3 1 1 2 0 1 0 3 3 3 0 0 0 0 0 0 0 0 0 0 0 0 0 0 0 1 0 0 0 0 0 0 0 0 0 1 0 1 0 1 0 2 0 0 0 1 1 5 1 0 0 1 0 0 0 2 0 1 0 1 0 3 
1 0 1 0 0 0 0 0 1 0 0 1 1 0 0 0 0 0 0 0 0 0 1 0 0 0 0 1 0 0 0 2 3 0 0 0 0 2 10 1 0 0 3 4 3 12 3 5 3 9 0 0 1 0 0 0 1 1 0 1 0 0 0 1 0 0 0 0 0 0 0 0 0 0 1 0 1 2 5 4 4 2 2 8 3 5 2 22 6 0 0 3 2 5 3 8 0 5 2 0 2 11 
0 0 0 0 0 0 0 0 0 2 1 0 1 1 1 4 1 0 0 0 0 0 0 1 1 0 0 0 0 4 0 1 2 0 0 2 1 8 3 5 5 1 6 7 3 3 2 3 8 21 6 0 2 0 1 0 0 1 0 0 0 0 0 1 0 0 0 0 0 0 0 0 0 0 0 1 0 0 1 10 4 1 5 3 7 8 3 25 3 0 0 7 2 3 4 4 0 7 1 1 2 5 
0 0 0 0 0 0 0 0 0 0 0 0 0 0 0 0 0 0 0 0 0 0 0 0 0 0 0 0 0 0 0 0 0 0 0 0 0 1 0 2 0 0 1 2 4 0 0 0 1 1 1 0 0 0 0 0 0 0 0 0 0 0 0 0 0 0 0 0 0 0 0 0 0 0 1 1 0 1 0 1 4 0 1 1 5 0 0 3 2 0 0 0 0 0 0 1 1 2 0 0 0 0 
0 0 0 0 0 1 0 0 0 0 0 0 2 0 0 0 0 0 0 0 0 0 0 0 0 0 0 0 0 1 0 0 1 0 0 0 0 0 1 2 2 0 1 2 1 1 0 0 0 6 0 2 0 0 0 0 0 1 0 0 0 0 0 0 0 0 0 0 0 0 0 0 0 0 0 0 0 0 5 0 2 0 0 3 0 1 2 4 3 0 0 3 0 0 0 2 0 1 4 0 0 0 
8 10 4 0 0 6 1 3 4 0 3 4 5 3 5 7 19 14 7 2 6 4 1 5 2 1 2 13 0 37 9 33 33 18 19 25 30 62 88 43 30 12 111 96 63 83 77 64 69 229 18 9 15 12 6 2 10 12 0 0 0 0 0 11 3 2 0 1 1 1 1 1 0 2 22 9 1 13 101 26 23 28 32 62 66 76 33 219 99 0 0 101 45 98 92 167 17 81 41 11 5 13 
