6 12 23 3 13 29 22 18 23 28 19 32 49 62 39 54 21 19 21 9 13 17 5 17 7 14 1 17 69 1 2 9 16 4 3 3 3 3 30 14 24 1 8 9 9 6 9 8 11 43 2 1 8 4 2 2 1 4 0 4 2 0 0 1 4 7 0 2 0 0 3 3 1 1 1 4 0 3 12 0 4 1 2 2 0 6 0 22 1 0 0 12 0 1 1 0 0 0 1 0 0 10 
8 19 11 16 14 38 19 34 37 26 9 40 37 55 41 65 27 23 21 10 12 12 7 19 8 1 0 18 89 7 0 2 17 1 6 1 5 4 23 11 7 2 6 13 10 8 5 7 4 64 5 6 10 3 3 2 3 8 0 1 3 2 0 6 6 9 0 4 0 0 3 3 2 4 4 2 1 3 12 3 4 1 2 5 4 3 2 14 6 0 0 6 0 1 0 1 2 3 0 1 0 8 
16 33 17 11 4 19 20 24 46 22 6 18 47 47 40 57 25 24 21 10 15 15 7 30 12 0 1 21 116 7 1 2 9 2 4 3 6 6 18 13 23 0 13 10 8 10 12 3 12 46 10 5 10 3 5 3 0 8 0 2 0 1 1 6 1 7 4 2 0 3 4 3 3 5 3 1 0 1 8 3 0 1 4 1 0 5 2 18 4 0 0 2 1 0 2 5 0 0 1 0 0 14 
6 6 18 6 0 9 7 5 8 7 4 6 12 12 5 12 2 1 2 2 4 6 0 9 1 0 0 2 24 2 2 0 0 1 0 0 1 0 6 4 0 0 0 1 3 1 1 0 0 11 0 0 1 0 0 0 0 0 0 1 1 1 0 1 0 0 0 0 0 1 0 0 1 0 0 0 0 0 1 1 2 0 2 0 0 2 0 1 0 0 0 0 1 0 0 1 0 0 0 0 0 0 
6 13 2 1 4 3 8 5 25 4 4 7 17 19 12 25 13 8 4 2 4 1 2 12 6 0 0 5 17 2 0 0 1 0 1 1 3 2 9 4 1 0 3 1 3 1 0 1 2 13 3 1 1 0 0 0 0 0 0 0 1 0 1 0 3 2 0 1 0 1 1 3 0 1 1 4 0 0 7 1 0 0 0 0 1 1 0 7 2 0 0 0 0 0 0 1 0 0 1 0 0 0 
24 23 19 5 10 10 14 9 19 17 7 17 58 82 27 46 28 27 19 7 13 10 4 26 11 0 0 10 55 0 0 5 6 1 5 3 2 7 26 11 8 2 3 11 9 9 4 1 1 28 5 1 9 2 0 1 4 6 0 0 2 3 1 1 3 3 2 0 0 1 0 2 1 9 2 2 0 5 11 0 1 0 1 4 0 1 2 8 1 0 0 7 0 1 0 2 0 1 0 0 0 5 
30 28 18 5 12 15 9 24 24 22 8 20 59 64 38 40 20 22 15 6 2 12 6 10 6 1 1 16 51 3 1 3 16 1 0 1 4 7 21 17 9 0 3 10 5 11 7 2 4 22 1 2 8 3 0 1 3 3 0 2 2 1 4 4 1 6 2 1 0 0 0 2 5 3 1 4 0 2 20 0 1 0 0 2 2 3 2 4 3 0 0 2 3 1 1 0 0 0 1 0 0 3 
14 23 14 2 10 16 22 19 11 26 12 13 68 68 26 65 17 15 15 4 10 12 5 12 7 0 0 4 33 3 3 2 1 4 3 0 1 4 17 12 4 2 5 9 6 7 13 2 1 28 6 1 4 1 6 0 2 4 0 1 1 1 0 2 6 9 6 0 0 1 0 2 1 2 1 1 0 2 13 0 1 0 0 3 0 3 0 6 0 0 0 4 2 1 0 3 0 1 0 0 0 2 
19 33 40 8 3 10 41 7 18 18 8 21 77 83 21 60 45 22 23 7 7 16 3 17 6 0 0 21 64 5 3 3 7 1 1 0 3 5 51 11 5 1 3 3 6 8 4 4 3 22 5 1 1 4 0 2 1 6 0 2 0 0 0 4 1 3 2 1 0 1 3 1 2 3 3 5 0 2 8 0 0 1 1 1 0 0 0 11 0 0 0 3 3 1 2 1 0 0 0 0 0 8 
16 16 13 2 1 12 11 8 14 14 7 14 31 58 16 41 24 12 17 4 8 8 4 19 4 2 2 13 15 3 0 3 8 3 1 0 0 0 26 3 4 0 6 2 5 1 5 1 4 13 5 2 10 4 3 3 1 10 0 4 1 4 0 4 3 7 2 1 1 1 1 3 2 5 5 2 1 1 14 1 0 2 1 0 0 4 0 5 2 0 0 5 1 0 0 0 0 0 0 0 0 0 
7 16 5 0 3 11 12 9 16 2 0 12 32 41 7 32 10 7 13 6 8 15 4 8 7 0 0 4 21 5 0 0 5 0 2 1 0 1 12 15 6 0 4 10 5 5 11 10 3 19 1 1 1 1 0 0 0 2 0 0 0 0 0 0 0 0 0 0 1 0 0 2 3 1 3 0 0 0 0 0 0 0 0 0 0 1 0 2 0 0 0 1 1 0 0 3 0 1 1 1 0 1 
21 36 23 4 13 22 23 23 24 22 10 11 41 86 20 44 31 27 24 11 22 11 19 34 16 1 0 42 33 4 0 0 13 1 0 1 3 4 33 12 8 0 6 3 10 8 6 1 11 33 6 1 6 2 2 0 2 2 0 6 3 1 2 0 1 2 1 1 1 0 4 4 4 3 3 0 1 0 10 0 1 0 0 0 0 3 0 6 2 0 0 9 0 1 0 3 0 1 1 0 0 4 
23 34 32 4 8 25 35 36 52 37 23 18 11 87 30 91 40 36 50 21 24 14 5 77 18 4 8 66 36 13 4 4 18 2 3 1 3 4 39 23 7 1 6 7 11 10 5 6 4 25 7 2 9 4 6 4 3 5 0 0 2 7 2 0 1 4 0 0 0 0 1 1 2 0 2 2 0 1 9 0 0 0 1 0 0 1 2 4 3 0 0 9 0 3 0 1 0 1 1 0 0 13 
68 96 69 8 15 62 79 72 80 76 14 40 67 12 29 59 66 69 68 39 51 31 35 64 45 4 8 117 69 3 1 1 11 2 0 0 0 7 22 16 14 1 8 8 4 11 10 4 4 36 14 13 24 11 2 5 4 14 0 5 3 2 1 0 0 3 2 0 0 0 1 0 3 1 12 2 1 6 28 3 2 0 0 0 3 0 0 2 0 0 0 6 1 1 2 1 0 4 0 0 0 4 
44 65 32 7 13 34 30 45 29 35 10 29 61 17 5 20 48 31 35 21 31 21 13 69 24 1 4 90 34 6 2 4 12 3 5 2 0 2 6 7 5 3 1 4 4 8 0 0 0 25 8 4 4 2 3 2 2 4 0 2 4 1 0 0 0 0 0 1 0 1 1 0 0 1 1 4 0 2 24 5 1 1 0 3 0 0 0 7 0 0 0 3 0 4 0 0 0 0 0 0 0 3 
52 54 32 11 18 29 50 62 65 53 22 47 55 60 20 14 72 71 63 33 84 36 45 142 42 6 4 137 53 34 13 20 30 11 16 11 36 8 29 34 18 1 16 15 20 13 12 4 4 47 7 10 14 9 3 0 2 14 0 4 2 3 0 2 1 3 1 1 0 4 1 4 2 1 8 7 2 1 31 1 2 0 0 3 2 6 0 17 2 0 0 11 4 2 1 6 0 3 2 0 0 3 
28 39 30 6 7 33 28 21 32 44 16 45 61 133 28 91 18 40 51 34 44 22 28 84 32 4 7 87 22 30 14 29 44 16 25 16 34 18 66 30 26 5 19 30 13 22 24 3 16 70 6 8 17 11 1 2 8 1 0 2 0 3 0 2 3 2 0 2 2 0 1 0 1 0 3 3 0 2 26 0 2 1 0 0 0 2 1 21 8 0 0 14 4 1 2 1 1 2 0 0 0 9 
6 23 17 2 5 19 14 10 33 25 8 30 55 98 23 84 39 15 25 14 51 20 16 48 13 11 5 41 18 20 12 12 37 6 17 10 28 17 73 19 14 0 18 16 19 21 14 5 14 46 4 4 6 6 0 1 6 5 0 5 2 5 3 3 1 3 0 1 0 0 0 0 1 0 6 0 0 2 11 1 0 0 0 0 0 7 1 18 1 0 0 10 0 0 0 0 1 0 1 0 1 2 
14 24 24 2 7 8 11 8 17 29 6 19 41 61 19 81 30 43 11 19 28 11 18 61 21 12 4 39 22 12 7 5 17 5 8 3 16 5 44 11 2 6 7 12 17 15 8 2 4 42 5 2 9 2 0 0 4 4 0 1 1 1 0 3 2 0 0 1 0 0 0 0 0 0 6 2 1 2 12 0 0 0 1 0 0 5 1 6 4 0 0 11 0 1 0 0 0 0 0 0 0 1 
5 15 9 1 0 10 13 11 6 7 8 11 18 34 19 54 23 14 20 7 9 7 6 30 18 10 11 56 16 5 3 6 12 2 7 2 8 3 51 5 16 2 3 5 7 7 4 1 5 20 1 2 2 0 1 3 1 3 0 0 0 0 0 0 0 0 0 0 0 0 0 0 0 0 0 0 2 1 8 0 0 0 0 2 0 1 1 4 1 0 0 3 0 0 0 1 0 0 0 0 0 0 
13 11 6 2 2 14 7 9 10 13 3 10 18 68 34 102 40 26 64 10 5 6 12 35 20 12 13 67 8 9 1 2 7 1 7 1 8 4 63 8 3 1 5 3 4 7 6 1 2 21 0 0 1 0 1 0 0 0 0 0 0 2 0 0 0 0 0 0 0 0 0 0 0 0 0 2 0 0 2 0 1 1 0 1 0 3 0 4 0 0 0 3 2 1 1 2 0 0 0 0 0 0 
10 6 14 2 1 15 9 9 11 8 6 9 24 58 20 57 21 8 28 7 11 4 11 17 9 7 14 60 10 5 3 1 8 3 3 3 10 3 31 5 3 1 1 6 3 10 3 1 2 19 5 1 0 2 0 0 1 2 0 0 0 0 1 0 0 0 0 0 0 0 0 0 0 0 0 0 0 2 1 0 0 0 0 0 0 1 0 3 2 0 0 0 0 0 0 0 0 0 1 0 0 0 
2 3 13 1 4 2 4 6 9 11 3 2 10 38 23 50 21 23 13 6 14 6 0 16 4 11 28 49 7 0 0 0 15 3 4 5 5 5 66 4 6 0 0 3 1 4 2 1 2 18 0 0 3 0 0 1 1 1 0 0 0 0 0 0 0 1 0 0 0 0 0 0 0 0 0 1 0 4 7 0 0 0 0 0 0 1 0 4 0 0 0 0 0 1 0 0 0 0 0 0 0 3 
8 15 9 5 5 8 22 11 16 31 5 22 40 63 37 123 58 43 41 19 33 12 23 4 4 29 24 82 10 6 7 4 23 1 10 5 15 6 42 18 23 2 3 11 15 17 9 11 12 88 7 3 12 2 1 1 1 4 0 0 0 0 0 0 0 0 0 0 0 0 0 0 2 1 1 3 0 3 16 2 3 0 1 0 1 3 0 21 4 0 0 5 1 0 2 0 0 2 1 0 0 0 
37 29 11 5 11 21 16 18 18 49 21 41 42 44 36 110 39 28 46 28 40 16 22 20 11 8 9 55 10 12 11 13 83 11 14 7 16 6 35 29 35 2 21 15 32 28 24 23 14 187 33 12 59 14 5 1 7 9 0 0 0 0 2 1 1 0 0 0 0 0 0 0 3 0 15 5 1 5 27 4 1 1 1 1 0 10 4 55 6 0 0 4 2 2 0 1 0 0 2 0 0 4 
0 0 1 0 0 1 0 0 0 2 1 0 1 5 1 9 4 3 11 5 17 9 5 17 5 0 1 22 0 0 0 0 4 0 1 0 3 0 11 1 5 0 3 1 1 3 1 1 1 0 1 0 2 0 0 0 0 0 0 0 0 0 0 1 0 0 0 0 0 0 0 0 0 0 0 0 0 1 0 1 0 0 0 0 0 0 0 1 0 0 0 0 0 0 0 0 0 0 0 0 0 0 
1 0 0 0 1 0 0 0 1 2 0 1 1 6 2 11 8 4 3 5 15 6 7 27 8 6 0 25 0 0 0 0 0 1 0 0 0 1 6 2 0 0 0 0 0 1 0 0 0 2 0 0 1 0 0 0 0 0 0 0 0 0 0 0 0 0 0 0 0 0 0 0 0 0 0 0 0 1 0 0 0 0 0 0 0 0 0 0 0 0 0 0 0 0 0 0 0 0 0 0 0 0 
23 34 14 6 10 19 16 12 26 37 14 37 38 86 72 116 66 58 71 48 82 78 81 105 52 12 16 12 7 10 0 4 39 4 8 10 17 14 67 28 31 2 18 10 19 19 14 11 15 159 21 7 12 3 3 4 3 5 0 5 2 0 0 1 1 1 0 0 1 0 0 1 0 0 3 4 0 4 24 7 3 2 1 5 0 6 3 29 11 0 0 14 0 4 1 3 0 0 0 0 0 14 
55 114 64 21 10 91 62 21 65 30 11 26 59 33 32 51 18 20 25 20 14 17 2 24 6 1 1 20 16 2 0 2 15 1 8 7 4 13 18 30 24 0 4 8 11 5 5 4 9 34 2 6 8 4 2 2 3 11 0 3 0 0 1 2 1 11 4 6 5 3 8 6 0 1 1 1 0 1 21 3 2 0 7 1 0 7 3 11 5 0 0 4 3 1 2 1 0 0 4 0 0 1 
1 4 0 3 1 2 3 6 3 5 0 9 7 2 4 12 25 22 18 6 3 7 3 7 5 0 2 1 4 19 86 96 245 56 123 116 321 122 232 87 81 10 56 44 56 67 35 14 35 217 6 0 8 9 2 2 3 5 0 13 3 8 3 10 21 44 11 11 5 6 4 6 3 0 7 4 0 2 19 3 9 0 6 2 4 9 3 53 11 0 0 30 7 13 10 8 0 6 16 4 2 18 
0 2 0 1 0 0 1 1 0 0 1 1 0 0 2 4 14 7 7 1 1 0 0 5 4 0 0 1 2 86 13 46 101 18 48 33 119 48 60 25 21 2 18 13 14 20 12 4 8 38 4 0 3 5 0 0 1 3 0 3 2 0 0 4 10 16 5 1 1 2 2 3 1 0 2 1 0 0 7 0 1 0 0 2 1 3 4 19 7 0 0 12 2 6 1 3 0 0 2 0 1 5 
0 6 3 0 1 3 4 10 1 1 0 2 9 1 4 12 24 9 11 0 2 3 0 12 3 0 0 2 3 119 74 6 130 23 56 71 305 120 212 70 48 2 48 30 30 44 32 15 20 117 9 3 6 4 3 0 2 6 0 3 6 4 1 3 15 36 4 5 3 5 5 5 4 1 1 6 0 2 9 7 0 0 0 2 0 17 4 37 12 0 0 28 4 4 3 5 2 2 5 1 0 13 
11 8 9 3 3 11 18 3 5 7 5 8 9 7 10 27 42 21 17 7 17 10 6 42 39 1 2 23 2 262 106 108 19 35 76 98 238 127 262 141 150 22 83 89 110 124 126 53 88 629 29 24 60 25 12 5 8 17 0 10 6 7 2 13 16 26 9 8 12 13 24 25 10 5 18 16 2 8 60 12 6 5 7 14 3 26 22 135 26 0 0 40 10 23 7 11 4 5 5 2 1 53 
0 3 5 1 0 3 4 1 5 1 1 0 2 1 0 11 10 3 3 0 1 1 0 7 3 2 1 2 5 76 36 31 36 7 25 20 112 50 115 47 41 1 36 38 22 22 19 17 10 91 8 8 15 6 2 1 0 9 0 11 2 6 1 3 7 24 7 6 4 11 10 9 12 5 0 3 2 1 21 3 3 1 1 6 0 6 4 16 11 0 0 20 3 6 8 7 3 5 6 0 0 13 
4 7 3 1 1 6 8 1 2 7 4 7 3 1 6 18 24 10 18 5 7 6 4 11 4 1 0 16 14 135 52 89 117 29 14 32 205 59 199 83 52 16 58 49 36 58 28 24 26 113 3 4 12 7 4 4 4 7 0 2 2 8 4 10 8 22 5 2 3 12 17 15 13 1 1 3 1 2 18 4 4 0 1 4 0 11 7 30 12 0 0 51 10 17 8 8 1 4 3 0 0 9 
3 2 1 0 0 2 9 4 0 0 0 1 0 1 1 6 20 7 8 6 3 3 4 11 3 0 0 9 5 123 32 52 104 18 38 8 245 52 94 66 32 7 28 26 27 42 30 12 17 121 3 1 8 7 1 0 3 5 0 1 2 5 0 5 8 12 3 5 0 4 2 3 11 6 5 3 0 0 4 0 0 0 0 3 0 6 4 35 3 0 0 23 4 4 5 8 1 2 1 3 0 11 
2 16 4 0 3 7 3 2 3 8 1 3 2 5 2 26 37 16 12 7 18 8 9 26 9 0 2 18 10 332 155 235 311 96 155 147 16 132 480 318 135 28 111 144 126 179 137 62 68 377 9 11 20 9 4 1 8 11 0 8 3 15 2 22 21 31 20 11 11 7 24 30 11 8 9 6 5 0 18 4 1 2 2 6 6 16 14 79 28 0 0 83 29 22 12 24 5 17 20 5 2 54 
6 13 7 0 1 7 5 7 6 6 1 8 8 7 2 5 13 13 9 9 9 4 8 22 12 7 1 37 17 121 44 87 139 33 53 57 209 23 166 142 89 23 83 108 77 104 68 31 38 255 8 3 25 6 1 0 2 8 0 0 1 7 3 9 13 5 0 2 2 2 10 9 3 1 6 0 2 1 13 2 2 2 1 6 0 10 5 59 23 0 0 45 11 12 6 2 5 2 5 1 2 35 
18 25 16 11 4 13 21 26 27 24 13 25 27 16 9 31 45 37 32 29 47 19 19 76 33 3 4 68 19 221 75 181 227 80 141 90 481 93 22 384 190 31 109 160 82 150 101 74 72 485 17 12 18 8 2 3 10 15 0 3 0 13 6 21 18 31 11 10 7 22 22 17 11 14 14 3 1 14 38 8 5 3 4 17 1 21 23 153 35 0 0 142 27 26 18 28 1 26 18 1 4 68 
8 16 6 4 4 10 7 13 12 15 11 15 16 15 9 27 37 22 18 11 11 4 2 14 7 0 1 27 20 101 40 71 128 54 82 67 350 150 445 27 46 18 69 158 76 109 73 39 38 256 5 8 21 6 2 4 7 4 0 1 3 11 1 10 11 5 4 0 1 4 8 6 3 6 5 5 0 4 10 2 3 5 3 7 8 7 8 26 14 0 0 62 12 4 6 7 0 2 5 1 0 26 
9 18 8 1 4 6 12 9 8 13 11 8 6 7 7 11 18 17 10 9 5 1 2 30 9 0 2 32 13 71 20 48 128 22 44 22 178 83 231 43 16 9 50 87 46 91 52 38 18 213 1 4 6 3 1 2 2 6 0 0 6 4 4 8 5 9 0 1 1 2 5 4 6 0 7 3 0 3 11 0 9 3 4 13 7 15 11 24 19 0 0 42 11 10 13 5 4 6 8 0 1 33 
1 3 0 0 1 1 1 0 0 3 1 0 2 2 2 0 5 8 4 0 1 0 1 2 1 0 0 1 2 5 9 6 17 6 7 3 48 11 39 20 13 2 22 35 13 33 17 6 9 23 1 0 0 0 0 0 0 0 0 0 0 0 0 3 1 0 0 0 0 2 1 2 0 0 1 2 0 0 1 1 1 0 0 4 0 6 2 13 7 0 0 8 4 3 3 0 0 2 0 0 1 8 
6 8 5 0 2 11 12 11 10 9 4 9 8 2 6 3 19 22 9 5 8 3 2 11 3 1 0 4 3 50 13 37 83 34 38 31 118 70 101 74 70 21 21 87 52 109 81 30 43 193 6 6 13 7 0 1 4 8 0 6 1 5 3 5 9 11 1 0 1 1 6 1 5 4 16 8 0 7 23 8 16 13 24 54 24 63 32 90 34 0 0 93 18 30 37 55 4 28 21 4 11 112 
10 14 9 1 3 5 7 7 8 7 1 3 7 10 6 10 23 15 21 2 5 5 4 23 11 1 0 16 8 46 11 50 129 34 44 24 142 123 212 110 107 44 84 28 162 230 148 65 58 375 16 4 19 7 1 5 8 10 0 2 4 9 0 10 9 8 7 8 1 3 2 7 7 7 12 10 3 12 68 20 21 19 16 74 37 108 62 140 80 0 0 200 57 54 48 72 9 46 31 8 5 127 
10 8 7 0 1 2 8 4 5 11 3 7 12 7 2 9 19 15 9 6 9 2 2 24 12 0 0 17 7 45 20 45 118 18 36 30 112 72 138 77 59 14 110 166 16 175 69 77 63 334 7 4 9 5 2 3 3 5 0 0 1 6 0 3 3 16 4 3 1 3 9 2 10 1 7 2 0 3 16 7 4 8 7 14 9 25 11 84 24 0 0 73 8 21 22 29 6 28 13 8 2 42 
10 17 7 1 2 4 10 6 9 11 3 18 12 10 6 11 23 26 18 9 11 15 12 47 9 0 1 31 22 55 27 50 185 38 52 45 178 95 211 140 133 27 102 278 192 30 190 180 122 683 19 11 22 11 1 3 2 9 0 4 2 3 2 13 14 9 8 4 2 2 15 7 12 2 21 8 0 5 32 16 12 18 19 51 26 73 30 185 37 0 0 175 27 37 22 40 10 39 35 2 2 96 
10 10 8 0 0 6 14 3 17 6 2 6 13 3 6 8 23 9 10 5 4 4 3 20 8 0 0 18 11 40 15 41 143 35 30 31 102 85 132 123 58 14 70 152 135 216 29 84 66 332 2 5 29 7 0 2 2 4 0 4 0 3 2 5 11 8 1 8 0 0 10 9 0 2 8 6 5 4 27 15 9 10 7 22 13 53 18 140 20 0 0 87 15 22 23 22 3 25 20 4 1 78 
7 2 1 0 0 4 4 2 3 7 0 5 6 3 1 1 4 6 8 1 5 2 4 28 0 0 2 9 7 23 4 12 70 15 13 20 39 33 93 25 28 7 38 101 78 183 92 19 50 330 3 2 6 3 0 0 0 2 0 0 0 0 0 3 3 2 3 0 0 1 2 2 0 0 3 4 2 2 10 2 5 3 4 11 6 19 14 89 12 0 0 61 10 14 13 9 3 7 5 3 1 41 
3 5 1 0 1 7 3 4 4 3 1 8 8 4 0 4 6 2 1 2 3 1 0 17 13 0 0 10 5 16 1 14 101 9 11 11 46 40 73 39 31 5 58 138 68 162 111 76 9 314 4 1 3 4 0 1 0 2 0 0 0 1 1 2 6 6 1 1 3 1 2 4 3 1 10 3 0 0 15 7 2 2 2 12 4 21 8 100 10 0 0 46 9 10 13 4 2 13 5 0 1 50 
48 59 25 10 15 21 23 28 30 46 16 27 39 30 15 35 49 43 43 20 32 14 17 146 41 3 7 108 29 193 45 120 771 77 93 103 297 245 475 269 250 38 199 388 251 580 357 402 271 51 36 24 78 18 9 3 10 14 0 6 4 23 2 28 29 30 18 25 11 6 16 19 20 7 37 28 6 17 111 39 38 43 40 101 39 56 47 588 55 0 0 242 38 69 60 50 11 38 68 10 6 267 
3 11 4 1 1 7 4 5 3 8 1 7 11 13 7 13 18 2 2 4 3 0 0 14 3 0 0 9 8 4 2 7 61 6 9 1 11 7 14 6 7 0 11 10 8 16 7 10 3 62 7 9 43 11 10 4 14 21 0 21 10 2 2 10 19 22 5 11 4 14 9 5 16 11 9 4 4 5 102 9 10 4 5 24 7 10 5 38 9 0 0 8 0 5 5 3 1 9 5 2 0 16 
3 4 4 0 2 3 5 0 2 4 3 1 5 6 7 8 2 1 4 1 1 0 0 7 1 0 2 4 1 6 1 5 29 7 3 4 22 2 11 10 2 0 2 6 2 4 4 0 2 22 8 7 30 21 8 4 7 14 0 13 2 1 4 10 7 5 5 6 4 6 1 4 5 3 2 3 0 2 51 3 13 1 11 15 5 3 6 17 2 0 0 11 1 2 3 2 0 4 0 0 0 17 
4 11 7 4 2 10 8 6 5 9 4 5 13 20 5 18 16 4 4 3 3 1 2 24 5 0 1 9 3 18 9 6 70 7 11 6 15 7 21 10 9 2 14 12 12 17 12 8 8 61 33 30 11 12 14 3 13 26 0 30 14 5 4 25 24 27 13 12 10 18 8 9 10 4 5 6 0 4 135 9 7 2 8 23 4 14 11 63 3 0 0 20 6 2 6 3 0 4 7 4 2 20 
5 5 2 1 2 0 6 2 6 2 3 4 5 11 5 9 5 5 4 2 1 1 1 1 0 0 0 0 1 11 1 11 28 7 7 2 12 5 10 12 1 0 6 8 3 10 4 3 4 21 18 27 35 4 8 6 6 28 0 16 8 5 11 5 22 25 10 14 3 13 2 3 10 6 3 2 2 3 69 7 7 0 6 17 15 16 8 16 1 0 0 4 8 6 1 8 5 7 3 0 0 7 
3 2 4 0 2 0 2 2 2 8 0 3 7 4 2 1 3 4 0 0 0 0 0 8 1 0 0 4 1 2 1 2 7 3 2 2 1 0 7 3 3 0 3 7 0 4 4 0 1 8 14 8 16 8 7 0 8 13 0 13 4 0 0 4 2 5 0 2 0 2 4 2 4 1 1 3 1 5 41 2 4 2 1 10 1 2 4 5 2 0 0 1 0 2 1 1 0 2 1 0 0 2 
0 2 3 0 0 0 1 0 2 1 2 2 0 6 2 1 2 1 0 0 0 0 0 2 2 0 0 1 1 1 0 2 4 3 0 1 2 2 2 1 4 0 0 8 2 3 4 4 4 6 2 3 8 13 1 1 8 13 0 7 1 0 2 6 2 10 2 0 2 6 4 2 3 2 4 2 1 1 39 2 2 0 0 4 2 1 0 11 1 0 0 2 0 1 2 1 0 2 2 0 0 6 
2 5 2 0 4 6 2 1 1 1 1 1 6 16 1 7 12 4 6 0 0 3 0 4 1 0 0 3 0 3 2 8 16 2 2 3 1 3 6 3 3 0 5 7 5 6 3 0 4 10 21 5 13 7 7 6 3 17 0 7 4 3 3 7 12 17 2 10 1 5 10 3 8 5 0 6 0 9 53 5 2 2 0 16 3 1 3 15 5 0 0 7 1 3 7 2 0 1 2 0 0 8 
6 1 0 0 3 5 5 1 8 13 2 5 4 16 3 17 14 5 3 1 0 0 0 5 1 0 0 9 4 10 4 8 25 7 7 3 6 3 15 6 13 0 7 16 1 4 5 1 2 21 19 5 30 24 15 11 6 9 0 20 12 4 2 7 11 18 9 7 3 12 2 14 9 5 17 4 1 8 153 14 10 6 7 39 21 12 6 19 3 0 0 10 1 8 6 2 2 1 5 0 0 8 
0 0 0 0 0 0 0 0 0 0 0 0 0 0 0 0 0 0 0 0 0 0 0 0 0 0 0 0 0 0 0 0 0 0 0 0 0 0 0 0 0 0 0 0 0 0 0 0 0 0 0 0 0 0 0 0 0 0 0 0 0 0 0 0 0 0 0 0 0 0 0 0 0 0 0 0 0 0 0 0 0 0 0 0 0 0 0 0 0 0 0 0 0 0 0 0 0 0 0 0 0 0 
7 11 9 4 2 1 8 6 3 10 3 19 26 23 16 20 11 8 4 3 2 3 3 20 6 0 0 9 10 11 3 6 12 6 3 1 4 1 12 5 2 0 3 8 5 6 4 6 3 28 23 7 33 11 8 4 12 17 0 3 7 1 2 11 15 28 7 12 5 5 12 12 9 21 10 4 2 2 56 1 5 1 6 15 5 3 0 14 3 0 0 5 0 1 1 0 1 0 2 0 1 11 
0 1 4 0 0 1 4 0 0 1 0 0 1 0 0 3 2 2 0 0 0 0 1 1 0 0 0 0 0 4 0 9 7 2 6 2 2 0 17 3 2 0 3 1 1 1 2 0 0 9 6 5 12 6 0 1 3 12 0 2 0 8 2 3 8 15 10 4 3 6 6 5 7 4 1 3 0 1 21 1 4 1 0 3 2 3 0 14 1 0 0 2 1 0 1 3 0 1 0 0 0 0 
1 1 0 0 1 2 0 4 3 4 0 4 4 4 3 1 3 4 0 1 0 1 0 3 0 0 0 0 1 7 5 11 5 6 13 5 20 10 18 10 3 0 7 4 8 5 3 1 3 16 3 3 1 1 2 1 2 5 0 6 7 3 1 7 12 31 3 11 3 9 5 8 1 5 1 3 0 2 16 4 2 0 4 5 3 1 0 12 5 0 0 11 2 0 3 3 0 0 4 0 0 0 
0 4 1 0 0 0 1 0 0 0 0 3 0 1 3 0 0 0 1 0 0 0 0 1 0 0 0 0 1 1 1 6 2 0 4 1 5 2 7 0 1 0 1 1 1 1 1 1 1 14 1 0 1 2 0 0 0 2 0 7 5 2 0 1 5 15 6 5 0 7 4 4 1 3 2 0 1 3 13 2 0 0 1 3 1 0 1 2 0 0 0 1 1 0 2 0 0 0 0 0 0 1 
2 5 1 0 1 3 3 2 5 1 0 1 0 0 0 1 3 1 0 0 2 0 0 2 1 0 1 0 2 10 4 2 6 2 11 5 51 8 25 9 11 0 4 3 9 9 3 2 6 23 18 11 24 10 1 0 13 25 0 12 7 14 6 6 10 39 23 13 9 18 9 14 16 5 8 3 0 8 37 1 3 1 1 7 1 3 0 4 3 0 0 6 0 2 0 1 0 0 0 0 0 2 
5 7 4 2 0 6 4 6 4 1 2 2 1 1 0 1 2 2 3 0 1 0 0 2 0 2 0 1 4 25 11 17 32 3 14 8 28 8 27 14 15 2 3 10 7 15 6 7 0 27 18 3 27 8 0 6 7 16 0 22 8 5 17 6 8 24 17 15 7 29 15 22 34 14 5 1 0 4 26 2 2 0 8 3 4 7 0 10 2 0 0 8 0 2 3 1 0 0 0 0 0 3 
9 10 13 1 1 6 11 6 2 4 0 4 2 3 0 2 2 0 0 0 0 0 0 0 1 0 0 4 10 40 15 26 33 22 14 14 41 3 39 12 10 1 14 16 19 19 12 5 3 51 21 20 40 14 9 3 16 12 0 24 17 16 10 14 25 13 12 20 27 43 40 42 49 40 10 7 2 5 66 9 6 2 2 10 2 11 3 7 8 0 0 2 1 2 1 1 0 2 0 0 0 2 
1 1 4 0 0 2 0 3 3 4 0 1 1 1 0 0 0 0 0 0 0 0 0 1 0 0 0 0 1 12 5 8 8 13 5 4 15 2 7 6 2 1 1 7 1 3 6 3 2 11 2 1 10 8 2 1 5 9 0 10 9 5 4 24 48 13 5 24 17 38 37 44 30 11 2 1 1 1 22 3 3 1 2 0 0 0 0 5 0 0 0 3 0 1 0 1 0 0 0 0 0 0 
2 3 10 0 0 1 4 2 2 6 3 3 0 1 0 1 1 0 0 0 0 0 1 0 0 0 0 0 5 8 2 3 21 14 6 5 11 6 17 3 6 0 2 6 3 11 3 0 2 27 3 5 17 6 5 2 5 10 0 17 4 5 1 11 31 36 9 2 9 28 42 38 16 24 5 3 0 1 24 5 1 2 0 4 0 3 0 9 1 0 0 1 0 0 0 0 0 0 0 0 0 0 
0 0 3 0 0 0 2 1 2 0 0 3 0 0 0 0 0 0 0 0 0 0 0 0 2 0 0 2 2 3 3 3 6 16 3 2 15 2 11 0 4 0 1 0 1 3 3 0 1 5 2 0 4 2 0 0 0 3 0 4 0 2 0 7 6 27 14 3 1 10 20 16 7 6 1 1 0 0 8 0 1 6 0 0 1 0 0 4 1 0 0 1 0 0 1 0 0 0 0 0 0 0 
2 0 4 1 1 2 4 0 2 2 0 2 2 2 0 1 1 3 0 0 0 0 0 0 0 0 0 0 0 15 7 6 14 9 9 3 26 7 12 3 0 0 0 2 3 2 3 3 1 16 10 6 24 7 5 3 8 7 0 14 5 5 2 11 32 40 19 25 13 2 15 31 32 19 5 3 0 6 28 4 2 0 4 8 2 1 2 7 3 0 0 5 0 0 1 0 0 0 0 0 0 0 
0 4 2 0 0 0 4 1 5 1 0 2 0 3 0 3 2 0 0 0 0 0 0 0 0 0 0 0 1 8 1 2 17 3 0 4 26 3 20 3 4 0 2 3 7 8 3 2 2 17 5 3 6 5 2 3 6 6 0 12 10 3 5 9 13 36 13 20 12 21 3 49 14 15 1 0 0 0 22 1 3 0 2 2 0 6 2 4 0 0 0 3 0 0 0 0 0 0 0 0 0 1 
1 3 1 1 1 1 0 4 1 2 0 1 4 1 0 2 0 0 0 0 0 0 0 0 0 0 0 0 5 6 2 1 17 12 8 6 17 10 26 3 2 0 2 3 2 4 4 2 2 18 12 5 15 4 2 0 8 14 0 9 6 2 3 8 25 40 32 32 25 28 34 3 38 28 3 1 0 0 21 0 3 1 1 4 1 2 4 3 1 0 0 2 0 0 1 2 0 1 1 0 0 2 
3 7 2 0 1 5 4 2 5 3 2 3 4 0 0 1 0 1 1 0 0 0 1 0 0 0 0 0 2 5 4 5 16 13 14 15 15 11 33 6 7 0 5 5 10 11 10 4 7 53 21 8 20 11 7 1 5 10 0 21 8 6 2 16 30 56 21 23 7 37 23 51 2 9 7 1 1 4 43 7 4 4 2 10 1 3 2 16 6 0 0 2 1 4 1 1 0 2 0 0 0 5 
1 7 1 0 2 2 3 2 0 4 2 4 11 1 1 2 0 3 0 0 0 0 0 1 1 0 0 1 2 4 0 1 7 7 6 7 12 11 27 12 10 0 2 2 2 3 2 1 2 35 16 7 32 7 8 2 4 4 0 15 2 7 2 6 18 26 10 22 8 27 26 34 22 1 8 5 0 6 60 4 4 9 1 7 1 5 3 12 2 0 0 10 2 0 0 0 1 1 1 0 0 4 
1 1 1 0 0 2 1 3 1 7 2 1 3 6 3 6 5 2 1 1 1 0 1 3 2 0 0 3 2 3 2 1 15 0 1 4 5 2 17 4 5 0 7 11 3 6 11 1 7 36 5 5 7 4 0 0 8 18 0 12 2 0 3 3 5 11 6 4 1 1 6 2 1 4 3 12 2 8 161 15 18 6 14 55 8 14 5 69 10 0 0 9 3 7 6 0 2 9 5 2 2 33 
0 3 0 1 0 1 1 3 3 3 1 2 3 4 2 6 2 1 2 0 0 0 1 8 4 0 0 5 2 5 0 3 15 4 3 2 1 2 7 4 12 2 9 17 2 10 15 6 8 46 5 2 6 4 6 2 9 17 0 9 1 3 1 5 9 12 1 1 0 6 1 4 8 2 4 7 2 11 156 35 22 7 14 57 14 30 10 45 8 0 0 8 7 8 1 3 5 7 5 0 1 23 
0 0 0 0 0 2 2 1 1 4 1 0 0 0 0 0 0 0 0 1 0 0 0 3 0 0 0 2 0 0 0 0 2 0 1 0 1 0 6 0 1 0 2 0 0 1 0 1 1 3 3 2 2 1 0 1 0 8 0 2 0 1 0 0 1 5 2 0 1 3 2 0 0 0 1 16 0 5 61 12 5 2 4 9 2 2 1 4 3 0 0 3 1 1 6 0 0 1 0 0 0 1 
0 1 5 1 2 0 0 1 1 3 0 2 1 5 0 6 3 1 0 0 0 1 0 1 0 0 0 5 4 4 0 1 6 1 3 1 2 1 7 1 9 1 8 6 3 5 7 1 2 21 7 5 8 3 4 1 4 7 0 1 3 1 2 2 6 8 2 1 0 3 2 2 3 2 15 13 13 2 89 17 6 5 5 57 11 7 7 25 7 0 0 12 0 4 1 2 0 6 5 0 0 15 
6 13 9 0 3 14 7 11 6 23 3 9 4 31 12 25 26 7 9 8 4 3 4 14 11 0 0 12 16 30 10 20 41 19 18 6 11 4 45 13 11 3 31 74 13 28 20 8 17 93 91 42 150 78 40 30 64 97 0 31 12 7 13 26 36 66 14 20 9 22 27 27 24 23 161 110 40 61 16 85 71 14 48 199 35 39 21 109 18 0 0 38 6 28 16 8 9 10 19 4 4 33 
1 5 4 3 0 1 1 2 1 3 0 1 1 2 0 3 3 1 0 0 0 0 0 3 1 0 0 2 0 1 1 7 6 1 0 1 3 4 11 5 3 1 7 11 7 16 4 1 8 31 12 5 18 4 2 3 4 17 0 4 1 2 4 2 3 10 4 0 3 6 5 3 7 6 18 17 15 17 113 5 21 10 32 122 32 20 5 42 10 0 0 15 1 6 8 7 2 9 7 0 0 11 
3 0 0 1 0 0 0 0 2 2 0 0 1 0 2 1 1 0 0 0 0 0 1 2 2 0 0 0 0 1 0 1 9 0 1 0 1 0 9 4 3 0 13 22 7 9 9 2 4 32 12 6 16 6 3 2 1 12 0 2 0 1 0 2 6 9 3 3 5 5 1 6 1 1 18 10 2 8 91 23 8 9 12 96 37 16 6 66 7 0 0 21 6 6 8 2 0 11 9 0 2 17 
1 1 1 0 2 0 1 2 0 0 0 2 0 3 1 2 1 0 0 0 0 0 1 1 1 0 0 3 2 2 2 3 13 1 1 2 0 1 9 5 6 1 9 20 5 11 7 7 6 40 4 6 5 2 1 1 1 4 0 2 0 2 2 0 0 3 1 1 0 0 1 2 3 1 5 8 6 3 37 8 7 1 4 45 18 15 4 60 12 0 0 13 7 3 5 11 0 8 10 8 0 19 
2 4 0 0 0 2 1 0 1 4 0 2 0 0 0 0 0 0 0 2 0 0 0 2 2 0 0 3 0 4 0 1 4 2 0 0 0 3 6 3 4 0 10 18 2 8 6 4 2 36 8 7 7 7 2 6 1 16 0 2 3 2 2 1 3 2 1 0 0 2 2 1 2 0 10 11 4 9 69 15 13 2 5 105 35 13 5 51 7 0 0 16 5 7 9 3 0 7 4 1 3 13 
5 5 3 0 0 3 1 3 7 3 0 0 1 2 0 0 5 0 0 1 2 0 1 3 6 0 0 10 4 9 1 4 12 7 1 1 3 6 12 13 15 4 44 75 21 53 34 9 17 104 23 15 43 24 15 2 20 38 0 13 1 2 0 1 4 7 3 2 5 1 4 2 7 8 69 44 14 48 213 105 82 33 99 22 94 91 23 191 42 0 0 71 21 33 21 18 5 29 31 4 3 59 
2 1 0 0 2 2 1 1 1 1 0 0 0 0 0 0 0 1 0 0 0 0 0 0 1 0 0 1 4 4 0 2 2 0 0 0 3 1 9 9 2 3 14 66 9 11 9 10 7 32 3 2 10 7 3 1 10 5 0 2 4 1 2 0 0 6 0 2 3 4 3 2 0 2 11 9 0 16 65 32 20 3 25 111 5 49 11 53 7 0 0 50 2 19 12 4 3 13 10 2 2 24 
4 5 7 1 0 1 4 1 2 1 1 0 1 0 2 1 1 4 2 0 5 0 1 0 1 0 0 6 0 14 4 10 17 2 9 4 29 7 20 7 12 6 53 157 31 73 42 21 13 120 28 5 16 7 5 2 6 5 0 18 2 2 2 5 5 9 0 2 4 1 5 2 2 0 23 14 0 11 38 11 19 22 16 99 42 9 8 83 33 0 0 75 13 35 10 20 6 26 20 7 7 67 
1 3 3 3 1 2 1 2 0 7 0 1 2 2 1 3 0 6 4 0 0 0 2 4 2 0 0 2 2 9 9 8 16 4 6 4 17 16 35 8 16 3 20 93 11 43 25 10 9 58 6 3 17 4 4 0 1 7 0 4 4 0 1 2 8 1 0 3 2 1 2 1 2 0 11 7 3 7 40 10 11 9 6 44 24 26 3 72 19 0 0 63 16 18 12 12 2 15 15 3 1 39 
15 22 13 1 7 5 3 7 7 9 1 3 8 2 2 5 9 12 3 3 4 6 7 26 12 0 0 29 6 57 21 24 176 11 22 16 57 34 137 16 18 5 63 182 80 115 87 94 84 568 29 8 59 13 10 6 6 12 0 12 7 4 2 4 4 6 4 1 3 1 5 5 5 8 49 26 12 18 89 33 33 29 33 128 57 65 31 19 35 0 0 164 25 52 33 65 6 37 56 12 14 236 
2 8 0 0 0 3 5 2 2 1 2 0 2 0 1 2 6 6 4 2 1 0 1 7 1 0 0 8 8 12 1 10 29 5 4 7 27 19 48 21 23 6 44 89 17 30 27 9 10 51 6 2 10 1 1 1 3 2 0 6 1 2 0 2 5 8 2 0 7 0 4 0 1 1 11 6 1 8 21 14 23 12 17 33 11 65 18 53 6 0 0 62 23 16 14 21 2 6 15 0 3 46 
0 0 0 0 0 0 0 0 0 0 0 0 0 0 0 0 0 0 0 0 0 0 0 0 0 0 0 0 0 0 0 0 0 0 0 0 0 0 0 0 0 0 0 0 0 0 0 0 0 0 0 0 0 0 0 0 0 0 0 0 0 0 0 0 0 0 0 0 0 0 0 0 0 0 0 0 0 0 0 0 0 0 0 0 0 0 0 0 0 0 0 1 0 0 0 0 0 0 0 0 0 0 
0 0 0 0 0 0 0 0 0 0 0 0 0 0 0 0 0 0 0 0 0 0 0 0 0 0 0 0 0 0 0 0 0 0 0 0 0 0 0 0 0 0 0 0 0 0 0 0 0 0 0 0 0 0 0 0 0 0 0 0 0 0 0 0 0 0 0 0 0 0 0 0 0 0 0 0 0 0 0 0 0 0 1 0 0 0 0 0 0 0 0 0 0 0 0 0 0 0 0 0 0 1 
7 11 7 2 3 1 7 3 10 17 3 11 9 9 5 8 7 3 6 2 2 5 0 8 4 0 1 5 4 28 15 19 53 15 37 24 95 65 149 55 53 10 83 204 66 110 73 39 58 258 5 4 29 14 3 4 5 11 0 5 4 8 1 8 9 9 0 5 0 0 2 2 3 4 17 17 3 11 61 29 16 32 12 89 43 102 64 189 57 0 0 11 43 67 28 89 7 51 45 10 4 130 
2 2 1 0 0 1 2 2 5 0 4 1 1 0 0 0 0 0 0 0 0 0 0 5 0 0 0 2 0 4 2 3 8 3 7 3 21 12 16 12 13 5 22 71 19 29 22 11 9 31 6 1 1 3 0 4 2 2 0 3 0 3 1 1 1 2 0 1 0 0 0 0 0 0 3 7 2 2 8 6 10 5 7 22 8 21 12 30 20 0 0 55 5 10 18 18 3 12 8 3 1 24 
2 0 1 1 2 6 2 0 3 1 0 2 2 3 1 3 3 2 0 0 0 0 0 3 0 0 0 0 2 10 1 8 15 5 5 2 19 9 31 8 14 2 47 120 19 32 14 11 8 71 6 7 6 11 1 2 3 0 0 2 2 1 0 2 1 1 0 0 0 0 0 0 2 1 4 2 2 2 21 12 13 11 7 39 14 26 13 62 15 0 0 74 16 1 4 17 6 23 15 2 4 55 
1 1 2 0 1 0 1 0 6 1 0 1 2 0 0 0 3 0 0 0 1 0 0 0 0 0 0 0 5 4 3 7 10 4 6 6 10 5 16 8 10 2 22 51 21 23 12 10 10 51 1 4 8 6 0 1 9 4 0 3 1 1 0 1 0 0 0 0 0 0 0 0 0 0 9 4 1 3 15 8 12 4 4 22 4 22 10 46 13 0 0 31 17 5 7 12 3 3 10 4 4 55 
0 2 0 0 0 0 0 4 2 1 0 0 1 2 0 1 1 1 1 0 0 0 1 0 2 0 0 2 3 10 4 4 26 8 7 3 22 9 35 12 7 2 30 98 34 44 18 7 8 51 2 0 9 1 0 0 1 6 0 1 0 0 1 1 0 2 0 0 0 0 0 0 4 0 13 3 0 4 10 3 11 5 7 22 15 22 17 74 25 0 0 83 23 25 15 7 1 24 11 0 3 71 
1 0 1 0 0 0 0 0 0 0 0 0 0 0 0 1 2 0 0 0 0 0 0 1 0 0 0 0 0 1 0 1 2 0 0 0 2 0 5 2 2 1 1 25 1 2 4 2 0 5 1 2 1 1 0 0 2 1 0 0 0 0 0 0 0 0 0 0 0 0 0 0 0 1 1 0 0 0 1 2 1 0 1 3 0 3 4 20 3 0 0 7 1 1 1 0 0 1 3 0 0 7 
2 1 0 0 0 0 2 0 0 0 1 0 1 0 0 1 0 0 0 0 1 0 0 3 0 0 0 1 0 5 2 1 11 2 1 2 19 3 11 4 1 5 12 66 11 32 29 7 16 86 2 4 9 1 0 0 0 5 0 1 0 0 0 2 0 0 0 0 0 1 1 0 0 0 3 3 0 5 9 11 11 3 9 37 15 11 11 35 7 0 0 43 9 2 3 15 1 8 1 3 2 43 
1 0 0 0 0 0 1 0 1 0 0 2 0 1 0 0 1 0 4 1 0 0 0 8 0 0 0 0 0 6 0 1 8 0 3 1 2 8 24 2 12 1 15 51 11 25 15 6 12 45 5 1 8 1 1 0 0 2 0 2 0 0 0 0 0 0 0 0 0 0 1 0 0 1 3 4 0 2 15 8 2 10 5 22 9 19 5 35 6 0 0 46 2 6 6 10 0 6 1 1 2 27 
0 0 1 0 0 1 2 0 0 1 0 0 0 0 0 0 0 0 0 0 0 0 0 0 0 0 0 0 0 2 0 1 2 0 2 1 8 0 4 0 2 0 4 12 1 11 6 1 0 12 1 0 1 0 0 0 0 0 0 0 0 0 0 0 0 0 0 0 0 0 0 0 0 0 0 0 0 2 2 11 0 0 0 2 0 5 6 7 2 0 0 8 1 0 0 1 0 1 1 1 0 6 
0 0 0 0 0 0 0 0 0 0 0 0 0 1 0 0 2 1 0 0 0 0 0 0 0 0 0 0 0 1 0 1 5 0 1 0 1 2 2 0 0 0 7 6 0 2 6 3 2 13 2 0 0 0 0 0 0 0 0 0 0 0 0 0 0 0 0 0 0 0 0 0 0 0 0 1 0 2 4 1 0 3 0 6 1 2 2 9 6 0 0 7 0 1 2 2 1 0 1 1 1 1 
13 12 9 1 2 3 6 5 4 9 1 4 0 3 5 2 7 4 1 1 2 1 1 6 2 0 0 8 1 29 7 16 64 10 15 11 33 28 77 34 42 5 114 90 60 88 69 36 77 334 24 12 24 9 3 1 8 9 0 10 2 1 1 2 2 5 0 3 3 2 3 1 0 2 25 10 1 5 29 4 30 27 21 80 33 51 26 324 69 0 0 93 13 56 58 78 9 48 27 8 1 10 
