10 7 29 6 15 34 39 28 48 31 21 39 95 164 79 53 66 26 54 9 20 9 4 30 10 2 0 34 89 1 3 5 17 3 2 4 10 8 45 17 23 5 25 6 15 27 10 7 6 51 12 3 6 9 3 2 1 7 0 3 2 1 1 7 5 12 4 1 1 1 2 2 2 0 2 2 0 2 18 2 1 2 0 8 1 8 1 30 6 0 0 6 1 0 1 5 2 0 2 1 0 9 
15 13 19 8 10 42 41 26 51 30 18 54 67 153 89 75 72 32 33 12 11 11 8 43 17 0 0 24 107 9 2 7 19 5 0 5 9 5 30 19 20 8 16 10 15 26 21 9 4 54 6 3 6 6 8 2 4 3 0 1 0 7 0 5 1 23 0 6 1 1 0 2 3 5 2 3 1 3 10 1 1 2 5 6 2 1 3 35 2 0 0 14 1 3 3 3 0 1 3 1 0 7 
29 19 11 10 12 28 45 40 73 35 16 56 52 182 87 67 65 29 27 8 8 18 8 28 3 0 2 27 494 3 1 1 14 4 4 2 7 9 34 22 24 1 12 13 14 30 14 14 5 39 10 4 8 10 5 3 3 1 0 2 4 13 5 2 0 22 2 4 1 0 2 3 4 2 6 0 1 7 14 3 0 0 2 6 3 6 5 19 4 0 0 11 0 4 1 3 2 1 0 1 2 15 
10 13 23 2 12 5 19 8 2 9 0 12 14 13 23 3 10 1 2 2 2 0 4 5 1 1 0 6 51 0 1 0 3 2 1 1 1 1 7 4 1 0 2 1 5 4 4 0 2 11 2 0 3 0 2 0 1 0 0 0 3 2 0 0 0 3 0 0 0 0 0 0 0 0 2 0 0 0 3 0 0 0 0 3 0 0 0 4 0 0 0 2 0 1 0 0 0 1 0 0 0 1 
5 17 8 4 2 6 11 7 14 9 8 15 15 32 12 41 24 6 11 4 3 8 2 12 8 2 0 18 33 0 0 3 4 0 0 0 3 1 10 10 1 0 0 3 3 4 6 2 0 19 4 1 5 4 2 1 0 3 0 1 13 4 1 0 0 6 4 3 0 0 1 1 2 2 0 0 0 1 10 2 3 0 1 3 1 1 0 6 0 0 0 7 0 1 0 1 0 0 2 1 0 1 
31 48 41 11 20 9 34 28 19 18 24 44 65 94 78 88 76 31 71 9 12 10 8 36 15 0 5 43 137 1 3 0 7 1 3 2 3 5 50 16 8 1 21 12 10 7 9 4 2 39 11 2 14 8 3 2 2 2 0 3 3 5 5 5 7 9 0 1 2 3 0 2 7 7 1 2 6 0 17 0 0 0 0 2 0 4 2 12 0 0 0 13 3 2 3 1 0 0 2 0 0 10 
35 63 52 13 24 23 10 20 47 31 20 44 64 87 69 82 65 32 34 12 17 13 3 23 6 1 0 28 89 5 4 3 14 8 7 2 5 5 33 26 10 6 12 18 9 19 15 6 6 31 5 1 21 2 6 15 4 3 0 6 2 0 4 10 8 13 1 10 3 0 4 3 3 7 1 1 5 0 14 1 3 1 3 7 3 7 5 4 1 0 0 9 1 5 2 1 1 2 7 0 0 9 
27 35 33 5 9 13 28 6 12 16 7 39 82 122 50 100 61 39 31 24 16 8 3 24 11 2 1 22 34 3 1 2 6 8 5 3 2 6 29 25 14 5 10 15 10 8 11 2 5 30 2 2 6 2 3 2 8 5 0 2 3 3 1 6 16 12 2 2 2 3 2 5 10 3 0 2 2 2 7 0 0 1 0 3 1 3 1 8 0 0 0 5 2 1 2 4 0 0 1 0 0 10 
21 56 56 13 9 18 38 28 10 8 11 37 60 73 63 89 62 26 52 7 20 10 4 22 14 0 0 35 62 7 2 7 14 0 0 5 2 6 43 16 19 2 14 11 10 9 17 3 10 28 3 1 6 4 3 1 1 2 0 0 1 9 4 4 7 12 3 6 0 1 1 3 4 3 1 4 0 0 11 5 0 1 0 2 0 7 3 8 2 0 0 5 1 3 4 1 1 0 2 0 0 6 
21 32 25 5 8 18 22 19 12 5 6 16 41 85 27 55 58 17 27 6 10 6 14 28 8 1 0 23 39 2 0 1 8 0 0 0 1 1 28 10 11 0 2 13 8 8 5 5 0 18 2 3 10 6 3 4 4 5 0 1 0 1 0 0 0 3 1 4 0 4 1 2 3 4 0 3 0 1 12 0 0 0 1 5 1 0 0 3 0 0 0 7 1 0 0 1 0 0 0 0 0 4 
10 11 9 3 14 11 18 8 22 14 3 16 39 42 18 39 25 17 20 5 4 9 7 11 7 0 0 25 35 4 3 0 1 0 1 0 1 1 16 16 3 4 4 7 11 10 3 2 0 20 5 6 5 2 0 0 4 1 0 1 0 3 0 1 0 2 0 0 0 0 0 2 1 5 0 2 1 0 8 0 0 0 0 1 0 1 0 1 0 0 0 2 2 0 2 0 0 0 0 0 1 6 
23 72 50 15 25 40 26 27 39 24 8 6 28 53 43 49 68 33 33 16 16 19 10 51 20 5 1 61 56 6 4 4 16 1 2 2 3 8 28 26 14 3 8 11 8 12 6 5 7 41 5 1 7 4 1 1 17 7 0 0 0 13 1 4 3 6 0 0 0 2 2 1 4 8 3 1 0 1 15 0 0 0 0 2 0 3 0 4 0 0 0 13 0 3 2 0 0 0 0 0 0 9 
48 55 61 5 15 56 52 73 70 42 24 24 3 57 35 77 51 38 55 19 26 29 15 62 28 6 2 80 41 10 6 5 14 2 2 1 2 11 27 19 15 1 16 8 16 27 13 4 7 55 2 2 3 2 3 5 12 7 0 8 2 6 4 3 2 2 2 2 1 0 5 6 5 5 3 10 0 2 15 0 2 0 0 0 0 2 3 3 3 0 0 10 6 2 1 1 0 0 2 1 3 10 
44 56 70 6 24 37 32 39 66 31 16 21 26 16 12 56 52 46 64 26 28 28 21 82 33 7 2 160 58 7 2 4 4 0 0 0 2 3 16 12 8 5 8 5 6 6 6 3 5 32 6 4 7 2 1 4 4 3 0 8 2 7 0 0 0 1 0 0 0 0 1 0 1 0 1 2 0 1 14 0 0 1 0 0 0 0 0 2 2 0 0 3 2 1 0 3 2 0 0 0 0 6 
55 69 63 8 21 35 52 46 60 49 23 34 40 18 9 23 61 37 36 12 50 22 24 67 47 9 7 123 52 9 5 6 13 0 5 0 1 3 7 12 12 1 9 8 15 11 6 2 1 27 6 4 17 9 5 3 7 10 0 4 0 4 0 1 0 0 0 1 0 0 0 0 3 3 1 1 1 1 15 0 0 0 0 0 0 20 0 7 0 0 0 16 4 0 0 0 0 0 2 0 0 3 
48 56 45 9 14 25 42 52 63 44 21 43 64 41 13 25 58 61 47 23 60 18 30 105 34 18 3 102 39 15 7 13 53 18 19 6 61 4 14 35 23 1 18 17 10 15 13 9 1 39 13 2 13 4 1 4 13 8 0 2 2 7 0 1 0 2 0 0 0 0 1 1 1 4 2 0 0 1 24 1 0 0 0 0 0 3 1 13 7 0 0 14 1 4 4 0 2 3 5 0 0 4 
23 36 31 16 18 23 21 45 50 44 15 38 77 127 46 85 17 38 66 30 40 24 34 93 39 9 4 74 27 43 16 29 57 14 41 18 38 13 60 47 34 4 30 35 23 40 30 6 25 68 12 2 9 2 2 0 4 13 0 5 3 11 1 5 3 0 0 0 0 0 1 0 5 1 4 3 2 0 32 0 0 0 0 0 1 9 6 17 10 0 0 27 6 4 0 2 0 2 3 0 0 6 
19 25 36 3 2 29 21 30 24 41 9 37 76 120 50 105 41 8 43 9 26 23 15 57 21 18 7 96 26 20 4 17 49 7 24 5 34 11 49 17 16 3 17 28 27 28 18 3 6 68 8 5 15 6 4 1 1 7 0 1 0 4 2 2 1 0 0 0 0 1 1 0 2 3 3 2 0 1 15 2 0 3 0 0 0 10 3 10 6 0 0 11 7 4 0 1 0 0 0 0 0 2 
23 36 28 1 6 28 17 25 19 21 10 22 48 109 49 83 48 30 7 8 27 7 17 47 20 21 2 77 39 12 4 11 14 4 14 4 25 10 30 12 4 1 8 8 4 23 4 4 1 22 2 1 5 2 2 1 1 2 0 1 0 2 0 0 0 0 1 1 0 0 0 0 0 0 1 0 2 0 10 3 1 1 0 0 0 2 3 12 4 0 0 10 0 2 0 0 0 0 1 0 0 1 
14 11 17 2 5 13 11 16 17 20 11 20 53 81 33 93 69 31 37 2 4 10 9 43 33 19 10 110 29 9 2 4 14 1 13 7 18 6 32 15 9 1 5 2 8 7 3 5 2 14 2 1 3 3 0 0 2 3 0 1 2 1 0 0 0 0 0 0 0 0 0 0 0 0 4 4 0 1 2 5 0 0 0 0 0 0 1 7 0 0 0 3 0 0 0 0 0 0 0 0 0 2 
12 14 13 3 7 7 17 12 23 14 8 15 44 116 47 128 103 59 47 5 7 11 8 32 14 17 13 89 18 9 3 1 7 1 14 12 31 14 51 11 18 2 7 7 7 7 15 2 1 31 1 0 2 0 0 1 2 1 0 0 0 2 0 0 0 0 0 0 0 0 0 0 0 0 2 2 0 0 4 0 2 0 0 0 1 1 0 12 1 0 0 7 1 0 0 0 0 0 0 0 0 0 
13 28 13 3 5 19 21 41 35 25 10 32 46 142 70 137 66 43 32 3 9 5 12 39 6 38 11 147 32 6 0 1 9 7 13 5 23 15 63 8 9 3 9 9 2 18 9 7 5 24 2 2 0 1 6 1 0 3 0 0 2 1 0 0 1 0 0 0 0 0 0 0 0 1 0 1 0 0 2 0 0 1 1 1 0 1 1 4 1 0 0 1 0 0 0 0 0 0 0 0 0 2 
10 13 7 4 2 9 8 9 10 11 5 15 27 82 65 142 108 36 35 6 30 11 7 22 5 7 1 101 16 2 0 3 27 4 14 7 20 10 69 14 2 3 7 16 9 22 5 11 8 21 1 2 4 1 3 4 1 4 0 1 1 0 0 1 0 0 0 0 0 0 1 0 0 1 0 1 0 1 6 3 0 0 0 0 0 0 2 4 1 0 0 4 0 0 0 1 1 1 0 0 0 3 
25 22 25 5 10 22 9 8 34 38 10 46 70 161 99 209 162 66 93 25 46 31 17 14 9 44 39 151 34 11 4 4 49 5 18 18 53 14 92 35 12 4 9 22 19 31 15 8 16 93 11 2 14 4 4 5 1 1 0 2 3 4 0 4 3 1 0 0 0 0 0 0 1 2 6 1 0 1 26 1 1 1 1 5 1 1 0 20 15 0 0 6 0 0 0 0 0 1 1 0 1 4 
36 22 10 4 8 24 12 19 24 56 11 27 76 93 73 119 62 55 56 32 32 18 9 12 12 14 18 85 14 17 3 10 121 9 17 14 33 12 64 34 29 6 13 29 25 34 20 14 12 144 15 5 29 1 20 5 6 7 0 3 0 1 0 2 1 1 0 0 0 0 0 0 1 3 6 9 0 4 32 2 1 3 3 2 1 7 3 55 2 0 0 7 1 0 0 1 0 1 2 0 0 7 
0 2 1 0 0 0 2 0 5 2 0 3 3 6 5 19 20 9 9 10 11 13 13 44 10 0 4 17 2 3 1 1 2 0 1 7 4 2 10 2 0 0 0 0 0 0 2 0 0 0 0 0 0 0 0 0 0 0 0 0 0 0 0 0 0 0 0 0 0 0 0 0 0 0 0 0 0 0 4 0 0 0 0 0 0 0 0 1 2 0 0 0 0 0 0 0 0 0 0 0 0 0 
1 0 2 0 0 1 1 3 3 2 1 4 8 16 7 23 14 4 14 14 27 12 14 49 24 7 6 81 0 0 2 4 11 2 1 1 1 1 20 1 3 0 0 4 7 3 0 0 0 10 0 0 1 0 0 2 0 0 0 0 0 0 0 0 0 0 0 0 0 0 0 0 0 0 0 0 0 1 1 0 0 0 0 0 0 0 0 0 0 0 0 0 0 0 0 0 0 0 0 0 0 1 
31 35 29 9 7 21 12 16 25 35 22 39 72 193 125 216 161 74 80 69 92 63 76 99 34 16 29 18 15 9 7 8 31 10 22 9 55 33 114 34 35 4 30 37 52 46 25 12 11 141 15 3 18 7 7 5 3 2 0 1 0 0 1 0 0 1 1 1 0 0 1 1 0 0 3 9 0 1 22 3 0 5 0 3 1 8 3 46 4 0 0 18 1 3 2 0 0 1 8 0 0 11 
2 7 3 0 1 2 4 5 7 2 0 5 5 8 6 5 1 4 3 2 1 0 0 3 5 0 0 5 1 2 1 0 1 0 0 1 3 2 1 0 0 0 0 0 3 1 2 2 0 7 1 0 0 0 0 0 1 1 0 1 0 0 0 0 0 2 0 1 0 0 1 0 0 1 0 0 0 1 1 0 0 1 0 1 1 1 1 2 0 0 0 1 0 0 0 0 0 0 0 0 0 0 
5 1 5 3 1 4 3 1 4 5 6 12 15 13 10 42 88 33 41 5 5 4 2 18 8 3 1 2 5 35 114 115 432 115 258 247 662 246 382 168 132 9 84 68 78 109 75 25 18 231 17 4 12 12 8 2 9 3 0 13 10 17 2 35 22 92 13 13 9 12 2 6 16 0 6 2 1 2 28 4 7 4 5 4 1 37 14 88 17 0 0 82 22 12 25 10 1 3 13 2 0 45 
0 0 2 0 0 3 3 2 3 0 0 1 5 5 3 11 15 17 10 0 2 2 1 4 4 1 0 2 2 78 8 57 151 46 104 104 215 67 135 54 33 10 26 20 29 38 14 8 3 67 1 3 14 3 1 1 3 3 0 2 1 6 1 13 19 33 9 6 11 4 2 1 5 0 1 1 3 1 15 4 2 0 1 4 1 11 1 24 6 0 0 32 3 6 6 5 1 1 2 0 0 4 
0 4 7 0 0 2 3 5 5 2 1 7 6 6 4 24 43 24 19 4 5 1 1 3 4 1 1 8 4 142 79 22 171 90 153 136 445 188 297 171 76 7 69 84 62 76 61 18 25 174 16 6 20 9 6 6 9 7 0 5 9 36 3 18 18 43 7 7 9 2 0 3 8 2 8 7 6 1 33 5 6 5 3 3 0 19 4 44 9 0 0 60 12 7 6 13 0 1 4 2 0 24 
12 9 10 0 3 5 5 3 5 4 8 11 12 27 9 21 34 35 17 6 7 11 5 36 21 2 1 29 8 236 65 106 27 52 109 115 534 154 263 143 111 18 103 80 95 120 101 44 45 431 32 18 30 19 7 15 12 17 0 9 5 12 3 10 6 48 8 12 11 13 17 17 17 7 11 7 1 2 40 5 2 5 5 7 4 19 11 84 14 0 0 42 16 5 15 6 4 6 9 1 1 46 
1 2 2 0 0 1 1 2 1 0 3 1 2 1 3 4 19 6 5 2 0 1 1 11 4 0 0 2 2 49 20 34 65 6 33 35 139 63 122 80 49 5 45 40 38 49 31 7 19 97 10 1 15 10 4 11 3 13 0 2 4 14 2 3 9 21 10 6 3 6 7 8 14 17 1 2 1 0 20 1 2 1 0 0 1 6 0 23 5 0 0 50 5 4 6 4 0 0 0 1 1 11 
5 3 2 1 1 5 4 0 0 0 0 1 3 0 3 5 35 15 7 4 2 3 3 14 2 0 0 5 2 101 49 70 139 41 22 24 145 65 143 90 52 9 73 57 32 58 44 13 12 120 4 2 15 1 2 3 6 4 0 11 4 9 4 12 14 15 6 5 8 10 5 16 13 8 2 0 0 6 15 1 0 1 0 2 0 3 1 20 4 0 0 47 16 5 4 8 0 3 3 0 0 12 
2 5 6 2 1 6 0 2 1 0 0 0 1 0 2 12 15 14 12 1 3 3 2 10 2 0 0 5 9 112 34 70 133 26 66 6 255 64 123 63 56 10 40 34 37 66 30 13 5 93 4 5 7 2 0 0 4 3 0 2 1 2 2 8 8 17 4 7 1 5 8 5 9 6 0 0 0 1 5 0 0 1 2 1 0 0 3 20 4 0 0 30 6 7 5 12 2 1 4 1 0 23 
1 3 2 0 0 0 1 0 0 0 0 0 7 5 1 12 22 6 4 2 8 5 7 23 6 0 3 19 4 188 76 151 221 71 116 139 23 102 179 198 105 22 88 82 101 98 97 24 53 236 6 3 7 3 1 1 7 9 0 7 2 12 4 14 6 15 5 15 3 5 14 6 13 8 5 3 0 1 11 3 0 3 0 1 1 9 2 43 19 0 0 70 30 10 12 17 2 4 7 2 3 27 
9 5 5 0 2 5 4 11 4 6 4 6 4 8 3 9 24 8 18 4 6 11 4 14 8 3 1 24 7 119 55 98 174 67 73 57 132 15 180 171 127 18 97 130 110 111 107 35 25 310 4 3 6 2 0 0 5 4 0 0 0 14 3 6 5 1 1 2 0 2 3 8 10 5 2 1 0 1 7 3 1 0 1 2 0 22 6 53 16 0 0 107 15 12 15 12 1 3 11 3 1 37 
13 16 12 4 4 15 9 9 13 11 3 8 13 12 5 6 21 15 13 6 17 1 6 22 7 4 1 35 8 120 47 83 188 64 86 51 231 85 18 207 96 21 85 118 72 120 81 39 19 224 3 7 12 9 1 3 4 15 0 3 2 28 1 18 19 19 0 1 4 3 10 4 13 6 6 1 0 1 26 1 2 1 1 5 2 14 11 52 27 0 0 112 23 15 10 19 0 4 13 2 0 24 
21 21 18 3 8 20 14 18 17 25 12 21 17 20 17 33 49 28 35 17 20 0 6 43 12 2 9 35 30 122 35 95 250 79 177 89 590 249 675 26 65 39 103 215 140 252 178 35 44 395 10 2 16 6 4 1 4 5 0 0 2 22 5 17 25 15 2 1 3 0 2 11 11 12 7 11 1 1 17 2 1 8 6 9 10 5 7 27 21 0 0 72 12 5 10 24 2 6 4 0 0 29 
9 9 18 1 5 10 8 12 9 7 3 13 16 25 9 18 45 31 13 8 4 2 6 30 13 4 0 50 17 76 32 60 146 38 59 58 267 137 294 58 8 26 76 75 40 139 94 27 32 216 1 6 2 0 1 5 5 2 0 3 1 38 2 14 9 16 2 6 0 3 2 1 8 7 7 12 1 3 10 9 1 6 4 9 11 16 13 15 14 0 0 50 12 14 18 7 0 3 4 3 4 21 
0 2 0 0 0 2 2 1 4 2 0 2 3 3 0 0 5 6 3 2 3 1 0 0 2 0 0 4 3 15 3 8 32 9 11 5 65 19 43 28 25 3 45 34 23 33 23 4 14 41 0 0 1 0 0 0 2 1 0 0 0 0 1 3 0 2 0 0 0 0 0 0 0 0 1 0 0 3 7 0 3 1 4 1 0 8 3 13 8 0 0 19 9 6 6 9 1 1 0 0 1 3 
4 9 6 1 4 4 5 5 4 8 0 18 9 7 2 8 15 15 7 3 5 3 0 8 3 0 0 11 6 35 19 32 104 28 44 20 133 64 149 55 55 13 12 54 57 66 34 21 26 145 5 6 10 6 2 1 4 2 0 3 3 12 1 8 9 4 3 2 3 1 4 0 4 2 18 14 5 8 16 11 15 10 14 33 10 83 30 80 39 0 0 71 34 33 24 36 5 22 15 3 1 91 
12 18 16 0 6 8 7 6 5 6 1 1 1 10 13 6 34 18 14 2 7 4 1 17 9 1 4 22 8 46 9 38 123 33 56 32 182 100 136 73 97 33 47 16 91 208 98 41 38 276 14 4 20 3 3 2 1 4 0 2 2 12 0 11 8 11 2 5 2 3 5 7 6 7 12 8 1 12 32 10 14 20 13 41 20 69 45 110 32 0 0 127 50 30 33 40 10 12 27 4 1 94 
8 10 8 4 4 6 9 7 4 8 5 8 4 9 7 9 32 30 19 9 6 5 7 31 20 0 0 27 7 62 19 43 133 43 82 53 213 90 177 79 68 24 100 150 20 151 122 69 71 296 7 5 13 6 2 0 4 5 0 0 1 4 0 5 6 23 5 13 2 3 3 3 4 4 4 2 0 9 23 7 7 17 4 26 18 26 8 69 12 0 0 69 17 28 34 27 5 13 19 0 0 44 
10 20 22 1 7 9 8 7 6 6 9 15 12 6 2 6 42 31 24 3 5 2 4 30 17 0 0 22 13 66 10 41 178 19 72 64 210 100 172 120 72 15 77 245 86 19 112 90 75 342 15 6 17 5 1 4 6 7 0 0 8 8 1 7 10 22 4 4 1 2 4 4 11 8 8 8 0 8 25 9 9 14 10 34 9 45 20 147 17 0 0 113 32 22 42 24 3 16 27 9 4 80 
10 24 4 3 4 10 6 6 6 7 5 20 6 6 7 15 38 20 20 6 7 5 1 21 11 1 0 16 16 56 16 59 171 35 60 56 189 109 176 116 58 27 84 155 163 148 19 71 63 211 5 2 14 1 1 1 3 5 0 2 2 5 3 6 8 8 2 2 4 3 10 3 14 17 11 4 1 6 20 8 10 8 4 27 19 45 15 120 17 0 0 81 15 32 32 16 3 16 30 3 4 99 
6 9 4 0 3 2 2 2 6 7 3 11 8 2 2 3 9 10 9 5 8 1 2 14 9 0 0 15 10 25 11 18 105 11 32 22 103 49 126 65 55 11 91 172 112 432 310 10 38 395 9 4 4 2 1 0 3 1 0 1 3 7 8 4 5 14 5 2 0 2 6 3 3 1 2 6 1 2 13 4 7 4 6 18 12 55 16 95 16 0 0 103 17 20 32 14 8 10 10 3 3 48 
8 13 10 1 2 8 5 2 4 13 3 5 14 17 1 4 17 12 11 2 8 1 5 22 7 0 0 25 9 26 5 27 137 29 54 28 115 62 167 137 65 42 128 263 178 454 317 126 8 682 9 4 11 4 3 2 1 7 0 2 2 14 0 8 7 20 0 1 7 3 3 9 2 1 5 3 1 2 16 4 5 10 6 34 11 34 20 191 19 0 0 172 24 25 65 17 1 13 13 4 2 69 
39 59 27 4 18 32 23 22 35 50 22 22 35 38 15 35 63 91 49 15 15 10 22 155 46 2 1 104 50 191 45 130 1008 83 169 156 540 332 569 295 218 49 251 479 322 610 330 180 108 41 38 20 59 10 11 12 8 11 0 8 5 27 0 25 20 44 11 11 15 5 7 10 22 33 45 29 2 9 96 33 29 44 27 96 28 98 30 696 49 0 0 296 60 76 119 49 13 36 52 13 5 250 
8 7 16 1 4 6 4 3 6 12 3 3 10 31 17 34 15 7 11 2 2 0 1 24 7 0 0 23 4 19 2 14 88 17 5 11 34 2 34 4 9 0 14 26 11 24 14 3 6 81 9 8 50 12 18 26 31 27 0 38 11 7 9 23 9 31 7 13 4 15 3 10 13 25 11 8 1 8 161 15 8 4 13 40 6 15 6 45 10 0 0 49 2 4 3 1 2 3 6 2 1 27 
3 9 7 0 1 5 3 4 0 5 1 4 3 10 8 12 13 10 2 2 1 0 1 10 3 0 0 5 13 4 6 7 40 3 10 8 21 0 13 8 5 3 13 23 7 20 8 2 1 25 15 6 30 12 11 4 17 14 0 23 15 3 2 10 15 18 3 4 1 13 2 3 9 16 2 2 2 2 71 5 8 4 6 16 3 10 4 39 12 0 0 14 3 4 6 4 1 7 3 0 0 6 
4 10 6 2 0 10 4 6 7 11 2 10 19 27 10 23 13 10 10 1 1 1 1 33 6 0 0 14 11 6 3 15 76 11 14 10 26 7 32 20 10 3 21 21 18 19 16 6 10 67 20 6 5 14 10 13 24 23 0 37 11 5 5 28 22 38 7 21 3 11 3 8 15 22 3 2 0 3 101 9 8 1 10 24 12 23 8 50 16 0 0 32 6 3 2 0 0 3 9 1 0 19 
4 7 7 2 0 12 1 4 8 7 3 6 12 24 9 16 3 6 14 0 0 0 1 7 4 0 0 5 8 15 1 2 37 8 18 4 9 4 12 11 3 1 7 11 7 17 9 5 3 15 22 19 18 6 11 21 20 45 0 39 14 11 3 12 20 20 11 12 3 9 3 7 7 10 6 7 2 7 89 10 8 2 7 19 11 6 2 21 3 0 0 12 3 3 1 4 1 2 4 0 0 15 
3 4 6 4 1 4 2 5 2 2 0 3 4 5 3 4 8 2 0 0 2 0 0 7 0 0 0 7 4 2 2 4 23 6 10 1 4 2 12 2 1 1 3 1 2 1 2 5 4 10 10 11 31 12 6 7 7 25 0 22 3 4 1 9 9 7 1 6 2 7 5 4 10 6 3 4 1 2 54 6 1 1 2 10 3 4 2 7 2 0 0 4 2 1 0 2 0 1 0 0 0 4 
3 6 2 1 0 0 2 5 1 1 0 4 1 2 2 4 12 1 3 0 0 0 1 2 2 0 0 2 3 2 1 2 7 3 4 0 2 1 2 3 2 0 3 2 1 1 0 0 0 4 2 3 4 0 1 0 4 23 0 11 6 0 6 6 3 6 1 7 0 0 3 2 3 2 0 0 0 1 30 1 1 0 1 4 3 5 0 4 1 0 0 3 0 1 4 0 0 0 2 1 0 0 
7 2 4 2 1 6 4 1 6 2 1 3 8 30 7 13 11 7 8 1 0 4 12 6 2 0 0 6 3 3 0 9 19 12 11 6 14 3 21 2 2 0 7 10 3 11 5 5 3 28 14 9 20 10 6 11 6 15 0 27 10 15 5 20 18 40 7 15 3 5 2 15 13 12 3 4 3 2 83 10 4 1 6 14 9 8 2 21 3 0 0 11 1 7 4 3 1 1 6 0 0 12 
10 15 6 0 2 12 8 5 6 5 3 10 12 34 6 27 18 15 5 0 2 2 3 4 2 0 0 11 10 8 3 9 35 9 20 3 14 2 14 6 1 1 9 15 3 23 4 1 5 25 32 14 22 14 9 67 9 13 0 40 25 11 12 25 8 36 12 21 5 9 3 8 12 8 17 25 1 6 135 8 4 2 8 28 4 6 4 27 5 0 0 11 6 3 12 1 0 1 6 0 0 12 
0 0 0 0 0 0 0 0 0 0 0 0 0 0 0 0 0 0 0 0 0 0 0 0 0 0 0 0 0 0 0 0 0 0 0 0 0 0 0 0 0 0 0 0 0 0 0 0 0 0 0 0 0 0 0 0 0 0 0 0 0 0 0 0 0 0 0 0 0 0 0 0 0 0 0 0 0 0 0 0 0 0 0 0 0 0 0 0 0 0 0 0 0 0 0 0 0 0 0 0 0 0 
13 14 7 4 4 9 9 8 2 2 3 5 13 44 21 32 27 14 16 2 6 1 4 28 8 2 1 25 18 15 2 12 12 17 1 2 4 0 12 6 5 0 3 5 7 6 6 2 3 23 23 0 37 28 8 37 23 17 0 3 5 9 12 13 34 50 15 14 9 10 13 9 35 30 13 10 3 2 54 1 2 5 4 10 4 14 2 31 4 0 0 7 3 2 5 2 1 0 4 1 0 9 
1 1 2 0 0 1 2 1 3 0 0 0 4 7 1 1 1 0 2 0 0 1 0 3 1 0 0 0 1 1 2 9 6 2 5 1 1 2 2 2 0 0 2 2 3 1 3 0 0 5 7 4 16 7 4 5 6 4 0 1 1 23 3 15 11 20 9 4 5 9 12 5 12 15 5 7 1 1 27 0 5 1 0 5 2 4 2 7 1 0 0 6 2 1 0 2 0 0 0 0 1 2 
0 2 0 0 0 3 2 0 1 1 1 2 3 0 1 1 1 1 0 0 2 0 0 0 1 0 0 0 0 5 1 6 10 0 6 2 8 4 9 1 0 0 3 2 3 1 1 0 3 9 1 1 3 0 0 4 2 2 0 6 9 0 1 1 8 10 5 3 1 1 8 2 4 2 1 1 0 3 14 2 1 0 3 2 0 0 0 0 0 0 0 4 0 0 3 0 0 0 0 0 0 0 
0 2 0 0 1 0 0 1 0 2 1 1 2 1 1 0 0 0 1 0 0 0 0 0 0 0 0 0 4 10 0 1 3 4 2 6 10 3 10 8 3 1 4 1 4 2 2 2 2 1 3 6 2 4 0 8 2 7 0 0 5 1 2 3 13 16 2 6 0 9 4 4 2 4 2 0 1 0 25 2 3 0 0 3 3 3 1 2 0 0 0 0 0 0 0 0 0 0 0 0 0 0 
1 6 1 0 0 3 9 6 0 3 2 5 0 1 0 1 0 0 2 0 0 0 1 3 1 0 0 0 7 6 1 4 10 1 8 12 40 9 27 16 5 1 6 10 2 7 7 1 6 9 10 13 35 11 2 8 16 5 0 15 7 27 3 6 11 30 11 17 4 14 8 18 17 11 4 6 3 0 34 11 4 2 0 6 0 1 0 4 2 0 0 9 2 1 1 0 0 0 3 0 0 2 
1 5 5 1 0 7 7 5 0 0 0 2 2 2 1 3 1 1 0 0 1 0 1 3 0 0 2 4 13 37 8 13 29 2 10 11 36 9 34 22 13 2 14 12 10 16 10 7 7 25 22 6 26 17 6 7 13 12 0 12 17 63 18 17 3 56 16 26 12 23 18 18 39 31 14 4 5 1 44 3 10 3 2 4 2 3 4 11 3 0 0 11 4 1 1 1 0 0 0 1 0 7 
7 12 5 0 0 9 9 16 11 8 0 5 5 0 0 0 3 0 0 1 0 0 0 0 0 0 0 2 5 46 13 24 45 17 9 19 38 6 42 24 14 5 13 20 17 8 25 10 3 57 39 16 40 22 7 12 18 15 0 47 18 47 25 36 29 23 17 36 30 57 43 45 55 48 18 14 5 8 88 11 10 11 2 12 1 7 2 17 2 0 0 10 1 0 0 0 0 0 0 0 0 5 
3 1 0 0 1 1 7 1 5 0 0 2 1 1 1 0 0 0 0 0 0 0 0 0 0 0 0 0 5 9 2 8 9 8 8 2 18 3 9 2 0 0 2 4 7 2 4 1 1 7 7 1 10 7 3 3 7 2 0 7 13 14 4 5 19 15 1 4 17 28 10 15 37 13 2 2 5 0 19 2 2 1 4 0 1 4 1 1 1 0 0 0 0 0 0 0 0 0 0 0 1 3 
3 3 1 1 0 5 9 7 5 0 0 4 0 1 0 3 0 0 2 0 0 0 0 0 0 0 0 0 9 16 7 9 20 14 31 8 29 2 19 4 3 1 4 9 7 7 7 2 1 18 15 9 31 8 7 11 6 14 0 11 17 39 13 18 37 52 5 14 20 20 28 51 39 72 5 7 2 4 38 5 4 3 1 2 1 1 1 12 1 0 0 0 0 0 0 0 0 0 0 0 0 3 
0 0 0 0 0 0 7 3 0 2 0 0 0 0 0 0 0 0 1 0 0 0 0 0 0 0 0 0 0 5 3 0 7 2 6 4 13 5 5 0 1 0 1 0 7 4 5 0 0 7 5 1 5 3 0 0 2 4 0 8 4 13 5 7 22 33 16 11 2 5 22 18 8 10 0 1 0 1 9 1 1 2 1 4 1 2 0 2 0 0 0 1 0 0 0 0 0 0 0 0 0 1 
0 6 6 0 1 3 2 3 0 4 0 1 2 0 0 0 1 0 0 0 0 0 0 0 0 0 0 0 0 16 10 9 20 16 22 6 20 6 16 7 3 1 7 5 2 4 1 2 3 11 21 10 45 7 8 6 10 18 0 24 10 41 11 22 46 73 32 31 12 2 29 49 60 81 8 0 3 3 34 6 1 2 2 5 2 2 2 5 0 0 0 2 0 0 0 0 0 0 0 0 0 0 
4 4 0 0 2 3 3 2 6 4 3 2 2 3 4 2 2 0 1 0 0 0 0 0 0 0 0 2 0 5 0 4 45 12 21 12 44 16 53 9 6 1 3 15 9 12 7 4 6 20 12 2 9 14 3 7 10 11 0 24 11 18 8 23 45 78 25 34 46 31 13 89 34 42 6 4 0 6 32 2 9 3 0 4 4 16 2 6 3 0 0 4 0 1 0 2 0 0 0 0 0 2 
3 2 0 0 2 6 1 2 4 3 3 10 1 3 0 6 0 0 0 0 0 0 0 0 0 0 0 1 9 6 2 1 38 11 31 16 30 12 16 9 4 1 15 5 1 12 11 3 6 15 12 6 12 8 4 7 8 3 0 16 13 29 10 26 55 115 29 48 35 36 15 4 53 50 4 2 0 2 34 5 6 9 4 5 1 6 2 3 1 0 0 9 0 1 0 0 0 1 0 0 0 2 
6 4 1 1 1 2 3 3 3 5 1 3 1 0 1 6 7 1 1 0 0 0 0 2 0 0 0 0 1 2 2 4 13 14 16 9 30 15 18 8 5 1 4 6 5 9 8 5 1 18 20 6 22 11 3 7 6 12 0 12 9 11 3 7 28 81 20 35 14 41 16 41 3 15 5 3 1 2 32 5 5 1 2 12 4 4 1 3 2 0 0 6 0 0 2 0 1 0 0 0 0 1 
2 3 3 0 0 2 2 8 5 2 1 3 4 1 2 0 3 3 1 0 0 0 0 3 0 0 0 0 4 1 0 2 13 9 15 5 12 5 13 1 5 0 2 2 5 6 3 0 1 13 8 4 17 7 6 6 7 9 0 13 10 8 12 5 31 82 11 22 11 27 32 45 29 2 7 4 0 3 42 2 3 5 1 9 1 7 2 12 2 0 0 0 0 1 1 1 1 0 1 0 0 5 
4 3 1 0 5 0 5 0 5 6 1 1 11 13 13 12 11 4 2 1 0 1 0 7 3 0 0 8 3 12 1 4 35 9 7 1 12 0 16 10 9 0 18 20 21 31 13 5 2 48 7 10 10 2 7 4 12 33 0 15 6 1 3 8 6 24 1 4 1 4 6 5 6 9 4 13 12 21 192 31 26 25 21 122 8 36 11 76 10 0 0 25 3 15 16 8 3 7 10 0 2 35 
1 5 4 0 1 2 4 5 3 2 3 6 6 12 10 14 14 6 5 0 0 0 1 7 1 0 0 18 2 4 3 6 13 8 6 0 9 3 9 5 5 2 11 12 9 17 17 8 13 49 9 3 10 2 4 8 28 33 0 25 12 2 3 17 9 15 2 5 2 1 2 7 7 6 1 4 5 20 256 44 19 26 27 83 25 35 6 60 12 0 0 29 5 12 10 3 1 13 6 1 1 17 
1 5 2 0 0 1 0 0 3 2 2 0 5 3 3 1 0 0 2 0 0 0 1 1 0 0 0 2 0 1 3 1 5 0 1 0 0 0 0 1 0 3 4 2 1 3 6 0 2 9 5 1 8 8 3 9 5 7 0 6 1 1 2 2 2 4 1 7 3 0 1 0 2 2 5 12 2 10 102 27 5 3 14 42 7 5 2 19 3 0 0 2 4 9 3 1 0 1 6 0 0 3 
5 6 7 0 0 4 3 1 1 2 1 1 4 12 5 9 10 7 0 1 0 0 0 6 0 0 0 6 3 4 0 4 10 5 5 1 4 0 15 15 9 3 9 26 4 19 14 6 2 38 10 5 17 15 3 24 17 23 0 17 1 2 3 8 8 23 3 4 2 3 2 1 12 8 14 20 10 3 77 40 16 21 15 104 21 26 10 75 11 0 0 28 5 23 15 9 2 5 4 0 0 17 
9 15 11 0 7 5 7 11 7 4 3 5 18 57 19 42 31 15 16 7 2 1 6 25 14 1 0 22 10 17 7 16 61 19 17 9 21 6 34 19 10 3 38 60 21 40 36 14 9 84 61 28 76 29 19 46 43 85 0 25 6 32 14 30 37 76 16 24 4 13 23 16 24 33 54 66 30 28 19 38 34 21 26 132 27 47 23 111 16 0 0 59 17 26 20 16 2 19 19 3 3 37 
2 5 1 0 2 1 1 4 0 2 0 2 3 11 5 5 6 7 4 0 1 0 0 1 3 0 0 5 4 5 2 8 9 5 9 3 5 5 10 15 4 0 34 43 14 23 17 3 6 57 12 10 22 6 0 16 9 23 0 6 6 5 6 6 11 25 10 4 3 0 2 7 5 12 22 25 16 25 116 4 42 9 28 164 33 39 11 66 12 0 0 47 14 14 11 6 3 10 17 1 0 16 
2 6 1 0 1 0 1 1 0 3 0 0 0 1 1 3 5 2 1 0 3 0 0 1 1 1 0 5 3 4 0 14 7 3 3 0 0 2 2 10 9 4 23 37 17 14 16 2 8 53 9 4 13 10 4 2 8 5 0 3 2 9 3 3 17 9 5 6 1 2 3 7 4 5 13 17 11 29 106 36 7 13 15 146 38 41 13 62 12 0 0 63 21 13 12 11 4 12 8 0 1 21 
4 4 1 1 0 2 0 2 3 1 1 0 1 0 0 4 5 3 0 1 0 0 0 3 1 0 0 2 2 2 0 3 6 1 1 0 2 3 5 8 5 7 24 45 12 44 11 11 2 59 6 1 7 1 1 0 1 2 0 4 7 2 3 2 2 2 3 4 1 4 0 0 2 2 12 11 4 4 62 21 16 1 3 69 14 31 17 58 15 0 0 46 7 16 12 9 3 5 20 0 0 30 
4 5 7 0 2 0 4 0 0 3 1 0 0 0 0 2 0 0 1 0 2 0 0 2 1 0 0 2 4 2 0 8 7 1 2 0 5 1 4 10 9 1 29 32 11 29 13 9 4 62 9 6 3 2 8 4 0 17 0 4 8 10 1 2 2 9 2 2 3 2 3 2 7 6 17 26 4 11 83 30 16 5 8 143 31 24 15 63 18 0 0 71 7 6 19 8 3 7 11 4 0 17 
4 8 7 1 2 3 1 3 0 1 0 0 1 1 0 1 1 0 0 0 0 0 0 5 0 2 0 5 4 5 0 2 7 0 1 0 3 3 10 14 14 6 53 77 32 61 35 12 18 106 21 11 39 16 12 10 11 23 0 8 4 10 2 6 5 9 0 3 2 0 4 4 9 3 54 44 22 29 157 83 63 24 76 13 52 74 26 159 26 0 0 121 41 52 36 25 7 41 26 3 1 53 
7 3 2 0 0 2 5 1 3 6 0 0 0 0 0 0 0 0 0 0 1 0 0 3 0 0 0 0 3 3 1 3 7 1 1 0 0 0 6 22 13 7 59 67 22 49 24 7 6 53 4 6 16 7 4 5 9 14 0 7 6 2 0 0 11 6 2 1 4 3 5 3 6 3 10 19 12 24 64 53 46 28 21 135 7 52 16 74 27 0 0 108 12 29 20 11 3 16 18 3 4 39 
3 5 7 2 1 1 2 1 3 2 0 0 4 3 1 1 3 7 3 2 1 0 2 3 1 0 0 8 3 7 2 8 31 5 20 2 42 19 36 3 15 6 106 112 25 62 51 14 23 104 15 4 24 9 2 8 10 9 0 12 5 5 2 5 8 7 7 0 0 0 2 2 6 4 26 18 3 16 46 18 32 21 24 92 53 7 20 62 47 0 0 107 39 39 54 24 5 13 27 3 5 53 
3 7 6 0 1 2 0 2 2 3 2 2 1 0 1 5 6 2 10 2 1 0 0 1 3 0 0 11 6 8 4 10 26 5 15 7 51 15 49 18 20 9 45 118 24 44 39 19 2 49 10 7 15 1 1 4 6 11 0 6 2 11 3 1 5 2 0 3 3 0 0 2 5 4 12 8 0 8 50 24 16 19 17 75 39 40 3 45 21 0 0 113 29 30 44 26 7 16 15 2 3 52 
20 24 19 2 5 18 8 8 9 10 3 5 8 9 7 11 28 28 14 6 6 2 5 35 7 1 0 47 11 63 9 44 250 39 43 34 133 82 188 69 23 18 167 199 65 193 139 58 53 438 32 21 56 13 9 5 25 13 0 23 8 42 0 7 9 12 2 4 7 5 10 13 8 19 67 38 10 26 116 59 33 49 37 184 58 82 28 25 39 0 0 321 57 98 126 70 8 39 81 10 14 265 
10 5 2 1 0 4 3 4 10 1 2 3 3 5 2 7 16 6 8 0 4 6 2 9 4 0 0 6 6 28 5 12 30 14 23 9 86 31 55 46 26 7 103 159 20 57 32 8 15 67 7 6 21 1 2 0 8 8 0 5 3 8 1 8 3 9 0 2 3 0 1 1 5 5 12 7 7 5 37 15 9 11 10 40 21 58 36 41 4 0 0 156 32 55 48 29 6 17 16 4 3 69 
0 0 0 0 0 0 0 0 0 0 0 0 0 0 0 0 0 0 0 0 0 0 0 0 0 0 0 0 0 0 0 0 0 0 0 0 0 0 0 0 0 0 0 0 0 0 0 0 0 0 0 0 0 0 0 0 0 0 0 0 0 0 0 0 0 0 0 0 0 0 0 0 0 0 0 0 0 0 0 0 0 0 0 0 0 0 0 1 0 0 0 0 0 0 0 0 0 0 0 0 0 0 
0 0 0 0 0 0 0 0 0 0 0 0 0 0 0 0 0 0 0 0 0 0 0 0 0 0 0 0 0 0 0 0 0 0 0 0 0 0 0 0 0 0 0 0 0 0 0 0 0 0 0 0 0 0 0 0 0 0 0 0 0 0 0 0 0 0 0 0 0 0 0 0 0 0 0 0 0 0 0 0 0 0 0 0 0 0 0 0 0 0 0 0 0 0 0 0 0 0 0 0 0 0 
1 3 1 0 3 7 1 0 3 3 1 4 4 4 0 7 4 1 4 0 1 0 0 1 4 0 0 7 7 19 6 7 28 13 23 5 65 33 74 23 23 2 32 114 40 49 28 23 28 90 9 8 12 2 1 0 4 7 0 1 4 6 0 3 4 1 0 0 1 0 0 0 2 5 8 6 3 6 13 9 10 12 15 34 14 49 19 80 28 0 0 13 39 25 21 40 7 15 11 2 3 50 
1 5 1 0 0 1 1 2 1 1 0 0 2 2 1 1 4 0 0 0 0 0 0 0 2 0 0 1 2 6 1 8 14 7 18 8 32 19 40 14 9 3 44 82 25 61 24 8 12 50 1 2 0 0 0 0 0 1 0 0 1 3 0 1 0 3 0 0 0 0 1 0 0 0 5 1 0 1 14 4 1 4 14 32 0 24 18 43 19 0 0 73 6 8 5 9 0 10 9 1 3 28 
1 2 1 0 0 2 1 0 0 1 2 4 2 1 3 4 0 1 1 0 0 0 0 0 0 0 0 2 2 4 2 4 15 7 10 4 41 15 37 20 15 3 62 94 43 67 46 9 13 67 7 2 9 3 1 2 5 4 0 1 0 4 1 2 0 0 0 0 0 0 0 2 0 0 14 6 5 4 15 6 17 6 11 41 26 50 9 68 20 0 0 131 16 5 2 11 0 7 14 1 10 46 
0 0 0 0 0 0 0 0 1 1 0 0 3 0 1 1 1 0 0 0 0 0 0 1 0 0 0 1 4 12 1 10 16 6 10 7 20 7 26 15 14 4 29 67 17 23 13 11 14 65 6 5 2 3 0 4 4 2 0 2 0 0 0 1 0 1 0 0 0 0 1 1 1 0 5 6 0 7 6 5 7 26 16 24 4 27 12 60 22 0 0 70 24 4 4 2 2 5 7 0 2 35 
1 4 4 0 0 2 1 1 1 3 0 5 4 1 0 3 2 2 0 0 1 0 0 0 0 0 0 2 2 15 1 9 27 13 21 17 38 26 32 14 18 1 87 135 42 73 25 18 17 106 3 4 9 1 0 1 3 5 0 2 2 3 0 2 2 1 1 0 0 0 1 1 2 2 7 6 1 4 12 5 5 6 10 27 10 40 12 102 36 0 0 286 60 46 28 3 2 23 8 1 3 60 
0 0 0 0 0 0 0 0 0 0 0 0 0 0 0 0 1 0 0 0 0 0 0 0 0 0 0 1 1 1 0 3 6 3 0 1 15 2 14 4 4 6 6 26 15 22 6 2 2 16 2 0 3 1 0 0 0 1 0 0 0 0 0 1 0 0 0 0 0 0 0 0 2 2 6 4 1 0 3 8 2 1 3 4 0 18 6 17 10 0 0 38 3 4 7 2 1 3 1 0 2 10 
2 4 0 0 0 4 1 1 0 1 4 2 1 1 1 1 3 1 1 0 0 0 0 0 1 0 0 3 0 6 2 5 11 2 6 6 32 20 24 4 7 3 67 72 35 66 29 8 16 101 3 2 9 1 0 6 6 4 0 2 0 3 1 0 0 1 0 0 0 0 0 0 4 0 9 8 0 3 20 9 16 13 20 57 12 34 14 58 15 0 0 170 22 50 68 37 0 6 6 4 2 50 
2 3 0 0 0 1 1 1 0 0 0 0 2 1 1 3 0 1 0 0 0 0 0 4 1 0 0 0 3 15 1 3 6 2 4 4 39 7 33 12 12 4 33 55 31 66 51 11 20 102 6 2 8 2 1 2 6 4 0 6 0 0 2 0 0 1 0 0 0 0 0 0 0 4 5 10 1 5 16 5 6 18 9 35 15 42 10 68 14 0 0 85 24 12 20 8 1 4 4 0 2 24 
2 0 0 0 1 0 0 0 0 0 0 3 0 0 0 1 0 0 0 0 0 0 0 0 0 0 0 0 0 1 0 6 3 1 1 5 6 0 11 3 2 2 15 23 7 10 9 3 1 18 1 1 0 0 1 0 4 2 0 1 2 0 0 0 0 1 0 0 0 0 0 0 0 0 5 1 0 3 1 4 0 2 6 10 2 9 3 20 4 0 0 20 11 4 12 3 0 3 0 0 0 7 
0 0 0 0 0 0 1 0 0 0 0 0 0 0 0 0 0 0 0 0 0 0 0 0 0 0 0 0 0 1 0 0 6 1 3 0 9 6 3 1 1 0 6 24 1 12 10 0 6 10 1 0 2 1 0 0 3 0 0 0 0 0 0 0 0 0 0 0 0 0 0 0 0 1 2 1 0 0 1 3 0 2 3 11 1 4 1 14 5 0 0 15 3 2 17 0 2 3 1 2 0 4 
15 24 12 1 7 11 7 8 7 8 4 5 12 12 1 8 7 12 8 0 1 0 4 3 5 0 1 25 9 42 13 30 69 19 22 34 132 60 111 61 52 7 152 184 99 198 126 61 61 262 25 11 40 9 5 2 4 6 0 8 1 7 0 5 7 4 15 5 1 0 2 1 3 5 28 24 4 8 48 22 23 28 28 94 19 91 45 478 66 0 0 239 45 89 130 97 7 67 64 4 2 19 
