7 7 36 30 23 93 80 30 65 60 14 76 59 63 76 61 45 67 43 12 22 29 13 39 16 2 1 21 56 2 0 7 12 2 3 5 1 2 21 33 37 3 8 2 36 14 4 4 5 54 3 3 10 10 1 3 3 9 0 6 0 3 4 6 13 6 1 7 1 4 7 3 0 1 1 1 4 3 32 4 6 2 9 11 0 8 8 50 4 0 0 0 3 5 1 1 0 3 0 0 0 7 
14 5 37 14 33 113 50 69 118 60 114 108 73 65 101 109 65 74 66 33 19 31 25 32 15 2 1 20 62 5 4 6 16 7 7 4 2 4 25 29 16 1 13 11 13 22 4 4 11 53 13 6 18 8 5 1 7 26 0 7 2 1 0 11 13 15 11 13 2 1 4 5 4 1 1 3 0 11 21 2 22 0 3 19 4 3 5 28 4 0 0 5 8 1 2 5 0 4 1 2 0 4 
53 37 10 5 9 69 57 82 110 49 20 94 55 96 59 67 58 57 35 30 18 19 16 46 11 2 1 32 73 6 6 4 10 8 2 1 6 10 32 38 10 3 7 8 11 16 15 9 7 33 7 9 10 17 5 2 3 7 0 1 4 2 1 10 18 16 2 2 2 1 14 7 10 5 3 2 0 6 21 0 8 3 4 11 8 8 4 20 3 0 0 5 4 3 1 4 1 0 0 0 0 5 
14 14 22 2 2 14 14 15 16 8 6 9 10 4 4 24 5 5 1 20 2 7 9 15 2 1 0 7 17 6 1 0 0 0 0 0 0 2 5 4 1 0 0 1 1 2 1 1 0 6 5 0 11 1 2 0 0 4 0 3 0 1 0 1 1 5 0 1 0 2 0 1 0 0 0 0 0 2 1 1 0 0 7 3 0 2 0 3 2 0 0 0 1 0 0 0 0 1 0 0 0 0 
32 25 15 9 1 10 16 10 31 16 33 46 43 23 38 30 34 24 7 8 14 21 12 16 4 0 0 15 9 3 0 2 3 0 2 4 1 3 4 9 4 3 4 3 0 4 2 5 5 21 8 2 6 1 0 0 4 15 0 0 0 0 0 0 6 5 0 1 0 5 2 1 0 1 2 3 0 6 17 1 1 1 0 1 0 1 1 4 6 0 0 10 3 0 1 0 1 1 1 0 0 3 
55 72 66 34 25 7 12 35 40 30 21 70 135 76 83 66 77 63 79 51 34 23 21 50 21 0 1 16 54 8 16 5 9 7 5 2 0 5 22 23 35 33 18 17 11 6 4 6 11 46 3 2 9 7 3 0 3 18 0 5 0 1 0 12 26 14 12 17 1 5 14 5 18 4 10 5 1 6 22 3 7 1 9 6 3 4 15 15 4 0 0 8 5 2 5 2 1 0 0 0 0 22 
19 41 58 14 8 16 10 32 28 30 18 43 71 58 50 64 30 15 31 27 10 22 6 17 13 2 3 12 49 9 3 4 6 2 5 1 1 5 22 17 9 0 4 9 5 13 4 4 3 26 2 5 11 12 5 0 3 16 0 0 0 0 2 3 8 6 3 1 0 2 6 5 3 3 6 3 0 0 18 1 1 3 3 7 4 1 2 16 2 0 0 3 3 1 1 3 0 6 1 1 0 2 
34 41 39 23 6 16 28 6 15 31 10 44 86 71 62 100 59 33 35 29 37 20 11 33 17 5 6 18 40 8 3 3 8 1 1 3 1 1 38 22 4 0 9 8 10 9 10 3 6 25 8 3 16 0 1 3 8 19 0 1 0 0 2 10 13 9 6 19 6 3 5 5 0 2 2 11 2 6 17 1 3 1 8 0 1 8 1 11 2 0 0 9 2 2 2 0 0 1 1 0 0 4 
44 70 96 35 33 39 92 24 8 14 23 52 124 196 40 76 97 49 57 40 32 38 24 34 24 3 4 40 30 11 9 4 8 3 8 2 1 12 17 30 17 5 8 16 11 9 5 14 12 53 6 6 3 13 9 1 3 21 0 2 1 1 0 7 6 6 2 4 2 2 3 6 0 1 7 8 4 2 8 3 0 0 5 1 1 5 2 11 2 0 0 9 2 3 3 6 0 0 1 0 1 4 
23 19 38 16 22 49 70 57 118 8 4 36 66 57 34 62 42 54 31 11 19 10 8 28 22 0 2 19 20 5 3 7 7 2 3 1 1 4 14 17 7 3 6 4 7 6 5 9 3 16 12 6 6 7 4 2 2 13 0 2 1 4 1 2 8 7 13 4 2 3 2 7 1 2 9 10 3 9 43 1 1 2 2 5 2 1 0 8 1 0 0 4 0 2 2 3 1 1 0 0 0 4 
13 26 19 17 8 44 44 25 36 17 3 17 28 22 27 48 45 41 32 20 14 19 15 30 6 4 5 35 11 10 2 4 3 3 2 1 1 4 26 16 4 4 8 8 4 16 12 5 8 24 4 0 3 18 3 0 4 5 0 2 0 0 3 2 3 3 0 3 2 1 4 4 2 4 1 3 0 2 14 1 0 1 1 1 0 1 1 7 2 0 0 3 0 2 3 3 0 0 1 1 0 1 
33 87 72 10 16 77 114 91 87 24 22 6 22 74 54 101 84 62 56 77 65 42 35 74 14 8 8 70 41 22 17 9 19 4 3 2 2 5 31 31 13 6 7 9 9 15 18 13 10 75 8 19 23 9 5 4 14 29 0 11 1 1 6 2 7 5 7 13 6 3 11 27 1 2 5 3 0 3 31 3 0 1 0 0 0 1 1 8 3 0 0 8 3 4 5 2 0 6 0 0 1 6 
60 93 90 8 57 141 194 164 157 104 59 75 15 97 94 110 74 97 63 58 76 68 41 112 41 2 9 83 30 27 16 17 11 1 4 1 5 24 46 40 11 3 21 12 7 14 20 11 5 56 13 11 16 16 5 1 23 19 0 29 4 0 2 0 7 4 3 1 3 0 5 13 1 1 22 5 2 4 28 1 6 1 0 1 1 1 1 7 6 0 0 10 7 13 3 3 0 2 5 0 0 4 
95 160 181 24 20 133 220 165 201 129 77 110 96 7 27 90 176 148 145 147 184 188 87 195 69 8 23 203 44 9 2 1 12 7 1 1 0 11 21 19 21 0 10 3 13 16 9 6 5 56 21 32 28 28 5 2 44 30 0 10 5 5 2 1 3 0 4 2 0 0 2 2 0 1 22 6 3 12 77 17 0 0 0 0 0 1 0 10 3 0 0 14 1 10 3 6 1 0 1 1 0 7 
65 97 115 14 48 90 124 124 128 80 48 60 47 20 5 47 93 74 74 80 107 77 125 199 41 7 88 179 25 13 2 23 13 3 3 2 3 1 24 31 23 4 11 19 6 7 4 12 4 22 11 6 16 27 16 4 15 32 0 12 0 3 0 0 1 1 0 2 1 0 2 1 0 0 24 5 0 4 48 4 0 1 0 0 0 4 0 5 6 0 0 7 2 4 1 1 0 1 2 0 0 4 
82 126 59 13 34 88 108 115 110 91 56 82 90 45 25 19 98 137 120 158 229 144 209 257 103 13 40 197 33 77 26 68 46 22 37 26 32 9 12 66 38 4 9 17 17 28 8 7 14 73 22 16 23 15 1 2 23 30 0 12 3 0 5 8 7 2 0 1 2 2 10 5 4 3 13 9 2 11 52 6 6 2 0 1 3 2 3 35 5 0 0 21 0 9 5 0 7 2 6 1 0 5 
51 61 40 8 15 96 71 57 105 73 52 78 95 146 58 83 12 57 68 91 138 123 103 271 63 5 12 137 18 97 38 77 50 23 41 38 38 31 60 91 75 10 28 40 64 41 28 43 18 110 26 10 29 15 1 0 13 43 0 7 12 5 4 2 2 1 0 0 0 0 2 0 3 1 22 8 2 11 75 6 3 2 1 1 1 12 5 27 24 0 0 7 18 2 3 4 0 1 1 0 1 8 
40 46 55 2 5 57 48 31 30 57 28 58 102 99 42 130 76 13 54 45 110 68 134 212 44 11 24 104 4 69 31 48 63 20 31 31 32 14 72 55 43 11 15 49 41 37 30 32 15 78 5 3 10 11 4 5 11 17 0 3 8 0 6 3 0 0 0 0 0 0 4 0 0 2 10 7 1 7 39 9 3 0 2 0 0 3 11 26 36 0 0 16 2 1 1 1 0 1 2 0 0 10 
19 76 74 6 6 39 40 46 68 54 28 86 101 100 60 139 143 85 8 32 184 97 128 169 45 16 10 79 9 57 29 51 37 17 32 9 17 16 52 43 20 6 18 26 36 23 33 33 14 70 8 3 17 11 7 0 12 15 0 5 1 1 1 0 1 0 0 0 0 1 2 2 0 0 2 6 0 3 32 12 1 2 0 1 0 2 3 20 12 0 0 7 1 1 0 0 0 0 1 0 0 3 
7 18 8 2 6 15 17 26 18 17 9 27 48 63 21 79 40 33 19 2 13 9 22 72 28 11 12 97 5 14 2 13 7 1 8 8 7 13 41 25 16 1 8 6 7 12 3 8 7 18 1 2 3 2 0 1 6 7 0 5 1 1 0 2 0 1 0 0 0 0 0 0 0 0 3 2 0 0 15 1 0 0 0 0 0 1 1 12 2 0 0 0 0 1 0 0 0 0 0 0 0 0 
6 14 38 2 3 9 18 16 30 20 10 40 70 74 48 117 81 70 83 1 11 8 87 132 38 45 44 122 5 10 4 1 14 4 21 15 24 11 54 29 24 1 5 4 10 23 7 13 17 19 0 0 3 0 3 0 2 12 0 2 0 0 0 0 0 0 0 0 0 0 0 0 0 0 4 0 0 0 11 2 2 2 1 0 0 1 3 8 16 0 0 2 0 0 1 1 0 0 0 2 0 3 
10 23 14 1 2 11 14 11 18 32 13 18 66 31 30 69 45 37 37 8 6 6 15 42 16 23 73 77 8 6 8 3 4 2 6 3 5 8 23 9 1 3 3 2 7 8 2 8 2 20 1 1 1 3 2 1 0 7 0 2 0 0 0 0 0 0 0 0 0 0 0 0 0 0 0 3 0 0 4 2 0 0 0 0 2 0 0 4 2 0 0 2 0 0 1 0 0 0 0 0 0 0 
17 8 6 4 7 12 21 17 11 12 14 42 28 62 65 102 103 63 72 35 39 10 4 19 10 19 52 129 1 10 11 3 8 12 4 6 7 22 39 21 17 4 6 3 13 16 1 6 9 38 2 0 4 1 0 1 5 3 0 1 2 0 1 0 0 0 0 0 0 0 0 0 0 1 1 1 0 1 9 0 1 0 0 0 1 0 0 6 2 0 0 4 1 0 0 2 0 0 0 0 0 0 
28 21 23 3 4 26 17 30 24 37 16 36 66 97 51 153 110 54 51 29 42 32 16 12 10 68 83 120 9 16 4 3 29 6 17 18 36 25 58 20 32 3 19 10 20 11 9 11 15 61 4 4 12 4 4 1 5 11 0 13 2 0 3 2 0 3 0 0 0 0 1 0 0 0 10 3 2 3 39 5 1 0 1 2 0 7 3 26 13 0 0 5 0 0 0 0 0 2 0 0 0 0 
35 26 21 0 13 37 37 24 24 23 22 48 58 60 78 104 49 65 58 16 53 35 36 19 6 3 57 99 2 25 10 11 43 4 20 7 19 31 32 32 54 1 11 12 35 20 15 21 21 105 12 8 23 15 7 5 3 8 0 1 2 2 2 7 1 0 0 0 1 0 0 0 0 0 3 17 0 7 48 3 6 1 2 1 0 3 6 39 2 0 0 7 0 0 0 2 2 3 0 0 0 0 
0 0 2 1 2 2 0 0 3 3 1 3 7 5 5 13 10 13 24 12 20 11 31 47 8 2 4 28 0 2 0 5 0 1 1 1 1 2 6 5 2 1 1 6 1 1 1 2 1 2 4 2 3 0 7 0 8 2 0 7 0 0 0 0 0 0 0 0 0 0 0 0 0 0 0 0 0 0 5 0 1 0 0 0 0 0 1 1 0 0 0 0 0 0 0 0 0 0 0 0 0 0 
0 1 0 0 0 1 2 1 0 0 1 7 2 2 7 7 3 5 3 3 12 13 10 17 3 0 2 15 0 0 0 0 1 0 0 0 0 2 4 4 3 0 0 1 0 0 0 0 0 3 0 1 0 0 0 0 0 0 0 0 2 0 0 0 0 0 0 0 0 0 0 0 0 0 0 0 0 0 1 0 0 0 0 0 0 0 0 0 1 0 0 1 0 0 0 0 0 0 0 0 0 0 
27 21 39 9 21 37 27 37 31 51 38 57 118 173 146 246 93 77 96 84 144 137 148 242 56 20 86 14 4 0 5 3 22 7 25 5 9 27 90 57 41 2 17 27 31 17 13 22 12 99 13 10 26 7 8 7 11 17 0 1 0 0 6 2 0 1 0 0 0 0 0 0 0 1 5 4 0 13 45 9 1 0 0 1 2 2 5 42 9 0 0 8 1 1 1 3 0 5 1 0 0 7 
153 141 116 16 51 121 80 71 78 58 34 60 70 60 40 77 49 37 30 25 36 23 6 35 6 1 2 13 4 5 4 7 9 2 13 5 4 15 30 26 24 2 18 5 11 21 22 5 13 49 1 5 27 0 4 1 4 6 0 3 2 1 2 4 6 9 8 11 2 4 13 9 1 1 6 0 0 4 15 4 9 2 4 8 2 6 5 19 7 0 0 4 3 4 2 4 1 3 2 0 0 6 
1 3 5 0 2 3 6 5 6 8 8 13 14 2 9 28 55 41 21 7 3 10 1 20 5 0 2 7 0 23 140 217 307 68 202 176 250 161 306 161 109 9 56 77 45 74 46 42 51 251 15 13 16 4 6 1 15 15 0 8 5 1 5 20 22 44 16 12 9 18 9 16 2 1 8 4 1 3 46 27 6 7 12 11 6 18 7 83 37 0 0 25 10 13 10 15 1 9 10 2 1 25 
2 12 0 1 0 3 2 0 8 1 3 1 7 1 1 12 21 20 20 5 1 5 2 5 14 1 3 2 1 334 12 257 161 66 97 77 127 67 93 77 24 5 16 20 11 28 16 16 21 81 2 5 21 6 4 0 3 4 0 18 12 4 5 21 17 19 10 15 4 4 11 21 0 0 2 0 0 8 22 5 3 0 3 1 2 8 4 36 7 0 0 23 3 4 3 3 0 2 1 1 1 13 
4 2 2 0 1 3 11 0 3 4 2 8 13 0 7 37 82 65 24 10 4 3 3 6 9 11 2 4 1 251 108 6 114 66 166 113 240 212 248 164 133 11 48 73 64 102 71 38 73 187 6 3 27 21 14 3 13 17 0 15 7 7 3 15 44 62 25 19 5 13 12 6 2 1 10 16 1 9 29 13 8 6 3 5 12 17 17 67 20 0 0 44 10 15 12 8 2 5 13 1 2 15 
16 16 6 1 1 7 22 17 12 10 5 13 11 7 6 53 58 37 20 14 19 14 19 39 21 1 2 34 8 446 203 176 22 32 105 121 203 202 244 250 169 42 153 120 163 182 137 112 159 775 52 26 74 39 22 5 18 38 0 19 6 10 5 12 28 53 9 31 14 27 40 60 8 5 19 18 9 7 79 19 14 6 3 10 14 25 16 214 52 0 0 48 21 19 20 30 6 10 7 2 1 47 
3 7 6 0 1 4 6 7 6 4 2 5 0 1 2 11 35 29 29 5 2 8 9 10 8 0 2 5 5 188 56 116 61 8 34 37 119 88 115 66 69 12 41 33 51 47 29 41 39 120 6 24 18 7 5 2 8 39 0 13 8 13 3 0 19 15 4 11 7 27 13 26 13 6 7 1 0 3 54 11 4 1 6 2 1 9 6 30 7 0 0 18 7 12 9 3 3 8 4 2 0 19 
5 15 5 0 0 7 3 3 2 2 1 2 11 0 4 21 66 41 35 33 24 14 13 53 21 0 6 38 3 497 193 247 163 40 15 34 129 124 209 370 102 22 124 81 82 82 86 75 97 220 14 10 13 25 11 3 32 34 0 2 0 14 4 13 15 33 26 35 29 23 62 52 20 12 9 6 1 14 43 7 5 3 1 3 1 10 8 49 69 0 0 57 24 35 25 24 5 11 3 5 1 12 
3 3 0 0 0 1 2 1 5 1 1 1 1 0 4 19 48 17 14 15 17 9 6 21 6 2 0 13 2 342 132 215 178 60 65 13 225 99 217 161 84 13 41 28 54 79 53 38 34 207 7 9 18 4 3 3 5 9 0 2 0 5 4 18 5 13 7 10 11 15 25 37 8 3 3 3 1 3 12 2 1 2 1 1 1 2 0 23 14 0 0 31 10 29 7 14 4 9 3 5 2 17 
11 10 9 0 6 2 10 2 5 3 1 5 4 2 3 62 42 33 30 42 22 29 23 61 10 2 3 64 4 805 426 647 475 190 202 235 37 226 603 606 261 77 186 196 241 240 167 108 125 599 29 30 43 27 4 3 20 23 0 2 4 9 26 40 38 43 20 54 24 19 92 85 15 19 27 6 2 4 29 5 3 0 0 8 4 37 27 138 79 0 0 152 46 44 37 66 10 28 26 23 8 86 
4 11 9 5 1 8 8 10 12 12 5 13 16 7 4 5 19 16 10 3 24 37 16 23 20 9 3 32 4 277 81 261 157 83 83 76 135 15 164 357 153 38 140 165 133 142 113 50 82 399 1 6 10 10 0 3 8 6 0 1 2 4 11 16 22 21 7 8 9 7 31 21 8 8 4 3 0 2 13 3 2 2 2 6 1 20 22 71 57 0 0 68 25 32 28 27 8 15 13 3 0 26 
24 53 44 11 15 46 44 45 72 55 33 53 51 31 9 18 77 61 39 59 71 61 63 123 35 13 27 107 33 552 178 566 408 143 250 169 467 152 31 734 423 60 214 198 252 238 173 151 147 682 25 24 53 40 7 5 25 19 0 8 7 20 9 38 79 61 23 22 14 12 65 62 26 8 45 9 10 22 85 11 11 7 8 20 16 49 37 192 48 0 0 193 25 57 19 50 9 47 35 8 12 115 
19 45 23 6 10 37 26 22 43 24 11 44 34 28 18 15 46 30 17 13 36 13 22 40 12 2 2 41 14 195 89 183 188 60 125 117 254 177 464 20 63 25 104 150 107 149 138 139 122 507 12 4 15 16 7 1 1 13 0 2 4 7 10 11 20 15 4 4 2 4 12 13 13 3 17 6 1 8 30 14 7 3 11 32 22 8 8 31 49 0 0 62 28 14 9 23 6 14 16 3 8 17 
17 20 35 2 13 10 34 13 28 28 7 13 30 10 15 30 68 33 6 16 15 5 9 39 12 1 4 30 6 133 43 133 166 54 64 54 162 158 330 60 6 23 52 99 106 131 103 125 81 427 9 5 11 20 1 0 5 6 0 1 5 0 4 12 12 8 9 4 0 3 21 22 3 1 18 4 0 9 30 9 7 5 12 14 15 29 23 31 36 0 0 55 17 28 22 31 1 23 9 8 0 22 
1 1 3 0 0 2 6 2 6 5 5 2 3 1 2 3 9 7 8 2 3 0 1 6 2 0 0 1 0 13 15 19 17 10 23 12 51 26 56 50 31 3 29 42 18 26 25 33 23 69 0 0 0 2 1 0 0 3 0 2 0 0 2 4 2 3 1 2 0 1 3 0 0 0 0 1 0 1 3 3 2 0 5 8 5 5 5 21 11 0 0 15 7 10 7 12 0 5 3 0 0 4 
14 25 9 1 6 19 19 9 16 13 16 14 16 7 24 35 59 50 22 8 14 17 18 17 5 0 0 39 2 153 82 108 133 80 74 52 137 162 204 212 88 40 18 91 126 171 116 154 213 636 6 14 25 25 1 2 15 14 0 16 4 4 7 14 17 16 3 8 3 5 25 12 8 3 44 16 5 20 74 60 33 47 51 128 88 112 74 182 134 0 0 116 71 132 84 213 58 129 98 25 7 145 
12 24 17 2 2 16 13 8 14 6 7 10 17 8 4 16 47 44 26 4 5 9 19 29 10 1 1 25 5 113 55 94 109 47 81 51 149 188 269 288 147 89 84 18 154 300 173 256 223 761 13 20 31 21 6 3 33 20 0 13 0 3 2 9 17 15 9 9 10 7 17 26 4 1 40 23 1 28 111 52 38 41 40 123 112 174 81 189 147 0 0 308 158 166 76 264 49 146 104 22 19 130 
11 18 23 0 8 29 11 12 27 14 5 8 11 6 8 19 56 31 32 15 7 11 8 30 17 1 2 23 3 131 42 131 100 58 77 46 153 120 196 142 98 38 102 228 17 191 122 190 246 512 12 6 17 7 0 1 3 8 0 12 3 0 2 8 14 13 5 7 3 2 5 22 4 3 12 6 2 18 21 14 24 14 18 34 31 45 50 73 37 0 0 78 32 59 27 102 10 61 43 8 11 59 
16 26 13 2 4 11 26 29 22 16 20 29 25 15 7 21 48 67 28 13 39 20 23 51 14 3 2 41 9 104 40 110 165 51 87 86 181 198 265 271 173 32 129 343 219 29 230 417 373 1160 20 18 39 9 10 2 11 25 0 10 0 0 5 20 21 8 8 12 5 4 9 9 4 5 35 23 0 26 50 38 28 30 24 92 61 128 60 146 82 0 0 223 62 103 59 84 19 76 69 11 11 173 
8 24 14 4 0 11 16 19 16 9 5 19 19 6 5 5 49 20 24 16 30 18 9 47 6 0 1 24 3 79 29 88 141 45 58 48 146 134 177 207 118 39 87 182 162 235 20 328 285 690 7 6 14 11 4 2 6 15 0 4 0 2 1 15 19 20 12 5 3 1 10 13 8 3 22 14 0 16 36 26 27 8 15 44 29 75 26 146 34 0 0 118 22 75 30 42 12 63 34 5 10 85 
8 7 7 0 2 2 3 7 3 5 2 7 8 5 1 4 14 7 10 5 3 9 3 13 4 4 1 12 4 33 9 53 81 43 18 11 43 43 108 58 54 34 36 88 88 269 113 17 104 537 4 4 6 0 0 1 7 7 0 3 0 1 1 9 3 2 5 1 0 0 2 6 2 6 9 6 2 5 21 10 11 8 11 21 10 45 17 55 21 0 0 79 10 25 20 33 6 31 22 0 4 48 
4 2 2 2 1 5 8 9 3 9 2 4 13 6 2 4 15 17 7 2 10 0 13 12 8 0 1 6 3 47 13 57 71 19 41 19 41 30 78 80 45 8 48 108 58 158 110 126 12 424 11 3 13 2 1 1 12 3 0 2 5 0 0 2 3 23 2 1 1 0 4 7 0 1 7 8 0 4 13 4 12 10 18 22 28 28 12 77 22 0 0 73 5 24 20 34 4 28 28 12 1 46 
72 73 32 10 12 38 26 52 34 40 25 50 68 27 13 47 94 81 48 23 36 18 43 138 37 3 11 111 17 295 81 239 557 92 146 113 358 334 538 456 315 49 187 447 328 593 343 538 511 55 40 20 94 30 14 8 28 31 0 8 3 4 7 32 37 44 19 18 7 19 43 45 12 11 73 35 6 37 126 52 51 66 55 127 60 114 60 527 87 0 0 310 44 138 78 125 22 147 126 29 12 218 
6 13 18 0 5 28 17 14 8 9 2 18 31 18 14 21 22 11 14 2 5 7 2 25 5 0 1 15 7 37 18 39 52 21 14 3 4 5 26 22 13 4 10 7 8 13 21 9 22 56 6 42 83 80 37 9 88 60 0 66 23 5 8 54 69 66 20 25 7 51 55 36 31 33 23 17 6 22 192 43 20 10 26 37 19 21 15 54 15 0 0 13 3 16 8 6 2 8 19 3 3 19 
2 12 8 0 0 6 13 14 13 5 4 11 12 5 6 5 11 8 1 1 2 1 10 8 4 0 0 11 0 5 4 9 21 6 14 9 11 3 7 7 4 1 7 8 4 8 11 4 6 34 8 3 48 111 59 19 15 29 0 31 16 1 3 10 10 13 10 20 7 18 6 10 10 6 9 6 3 6 84 14 2 3 19 11 4 13 0 31 3 0 0 5 1 7 1 3 1 6 6 3 1 5 
6 21 10 1 5 26 9 18 4 7 1 23 16 27 14 14 17 8 10 4 1 2 4 25 9 2 2 18 3 22 13 23 43 25 18 9 11 9 30 11 10 2 12 28 15 16 12 16 9 59 72 30 15 47 42 6 26 72 0 41 25 3 12 48 53 64 19 44 10 24 22 29 15 15 14 15 2 18 174 31 32 0 19 68 16 14 28 65 10 0 0 21 7 10 9 7 1 11 9 1 0 20 
8 6 7 4 1 8 2 2 4 7 1 2 9 7 10 9 8 13 6 0 0 1 0 9 3 0 0 11 6 25 6 31 22 7 5 10 4 5 18 12 4 2 8 10 6 9 3 3 4 29 29 27 52 7 30 6 19 23 0 31 5 2 8 19 18 30 11 13 4 19 17 11 5 12 6 4 2 18 86 8 9 0 14 23 10 14 4 10 19 0 0 13 3 7 4 3 2 7 5 2 0 11 
5 5 7 0 1 8 1 8 4 4 7 1 5 10 7 14 3 3 7 0 1 0 3 14 0 0 0 8 2 5 5 7 11 2 6 2 3 0 5 4 0 0 5 3 3 4 0 0 6 5 29 12 34 11 2 1 24 45 0 26 18 1 6 10 13 9 3 10 4 8 7 4 4 8 8 20 5 17 105 7 9 2 12 12 9 6 1 10 3 0 0 5 0 2 7 3 0 5 1 3 0 5 
2 3 4 0 1 2 3 13 5 2 7 1 2 3 0 1 6 3 0 4 0 1 0 3 1 1 0 11 1 5 3 7 11 4 3 2 4 1 9 2 0 0 0 7 5 1 2 4 4 15 13 3 13 6 3 0 4 13 0 15 1 1 3 9 18 24 0 2 0 5 5 4 4 4 4 7 1 20 69 3 2 2 2 19 6 5 2 7 2 0 0 5 0 3 4 2 0 0 0 3 0 0 
4 6 2 1 2 10 9 5 5 2 2 9 6 5 13 32 12 10 7 1 3 0 3 24 3 0 27 10 0 14 2 13 9 9 14 3 4 2 12 5 3 3 4 16 4 9 4 16 3 16 39 24 33 33 14 4 5 15 0 21 6 2 5 29 14 19 8 9 5 17 10 12 7 5 15 13 0 13 88 12 5 2 5 24 12 14 7 10 3 0 0 9 0 4 6 8 1 11 1 1 1 7 
3 21 14 2 2 6 18 13 17 28 3 10 16 16 17 35 19 15 11 4 3 2 14 7 6 0 0 11 5 19 16 35 30 20 26 3 10 5 15 12 7 5 7 12 3 17 6 5 4 15 65 17 50 62 130 66 16 5 0 49 10 2 9 37 23 37 18 31 12 16 16 16 7 15 69 25 20 44 146 21 14 9 18 48 23 10 7 34 4 0 0 12 0 12 7 3 1 7 10 1 5 14 
0 0 0 0 0 0 0 0 0 0 0 0 0 0 0 0 0 0 0 0 0 0 0 0 0 0 0 0 0 0 0 0 0 0 0 0 1 0 0 0 0 0 0 0 0 0 0 0 0 0 0 0 0 0 0 0 0 0 0 0 0 0 0 0 0 0 0 0 0 0 0 0 0 0 0 0 0 0 0 0 0 0 0 0 0 0 0 0 0 0 0 0 0 0 0 0 0 0 0 0 0 0 
21 12 7 1 6 9 11 3 4 3 4 13 30 16 31 30 24 16 10 6 13 8 7 29 7 0 3 17 11 23 5 25 16 7 11 9 1 3 16 9 8 4 8 13 4 5 1 5 5 29 45 13 54 40 29 6 29 59 0 6 3 1 8 51 37 63 35 39 7 34 64 45 18 32 33 25 11 20 57 5 9 10 17 24 16 10 2 29 18 0 0 10 1 1 4 2 2 4 4 0 0 7 
0 2 4 8 0 0 1 2 0 3 0 6 1 2 0 7 4 1 4 1 1 0 0 8 1 0 4 1 0 17 16 12 9 2 5 1 5 2 1 10 5 7 10 2 4 7 4 3 13 19 12 15 23 24 14 4 26 22 0 9 0 12 7 7 8 31 29 42 13 31 41 52 16 18 13 17 3 7 71 6 2 4 25 7 4 12 6 39 7 0 0 9 2 2 7 7 0 2 0 0 0 3 
2 6 15 1 1 7 21 13 17 8 10 19 23 5 4 8 31 7 2 1 2 1 4 5 2 0 0 2 3 68 34 50 31 31 20 21 23 28 77 42 12 6 10 12 13 17 18 7 8 57 9 30 28 18 6 20 13 32 0 35 24 3 2 41 119 47 9 59 7 55 44 78 25 12 17 7 3 12 66 15 10 16 13 49 16 15 11 38 24 0 0 12 6 4 6 14 0 6 0 0 0 0 
2 2 3 1 0 2 5 1 7 0 0 0 0 0 2 0 1 0 0 0 0 0 1 2 0 1 0 1 0 10 1 2 5 4 4 8 15 6 10 4 1 0 4 1 4 5 1 1 0 8 4 12 8 7 4 3 8 30 0 10 6 2 1 2 25 39 4 5 14 13 26 11 2 6 2 4 2 4 14 3 7 1 2 0 3 15 2 2 1 0 0 0 0 0 0 0 0 5 0 1 0 1 
13 3 14 1 2 23 11 28 20 6 4 7 1 3 0 2 5 2 5 0 0 0 3 3 1 0 0 1 2 51 7 14 11 0 11 15 13 19 33 13 14 3 13 8 13 7 7 7 8 43 17 7 43 37 23 14 28 34 0 32 9 14 3 9 30 43 25 28 16 58 58 77 26 20 15 8 2 13 140 31 19 5 16 7 4 3 4 17 4 0 0 11 2 1 0 1 3 4 1 0 0 3 
11 19 13 1 8 3 27 24 15 9 8 2 4 2 2 2 0 0 1 0 0 0 0 1 1 0 0 0 7 122 150 54 24 14 12 8 29 14 55 41 20 3 15 15 10 39 34 18 5 39 36 19 28 23 17 13 35 37 0 40 18 11 38 35 4 39 30 75 70 101 131 164 52 77 13 14 1 23 79 19 29 9 9 11 6 20 15 15 3 0 0 9 2 2 2 1 2 1 0 1 0 1 
19 23 16 0 5 30 22 29 24 9 4 6 5 4 0 3 0 1 1 0 1 0 0 1 0 0 0 2 2 122 92 100 57 81 27 22 44 18 53 28 20 0 26 22 21 38 11 13 21 68 21 27 38 30 13 14 17 50 0 69 37 31 55 156 105 25 20 215 119 186 247 295 101 86 19 24 4 22 117 21 23 10 9 23 14 15 8 33 11 0 0 18 1 0 2 2 0 2 0 0 0 3 
5 4 3 1 0 5 5 14 7 3 0 2 1 0 0 1 0 1 0 0 0 0 0 0 0 0 1 0 0 58 7 58 10 33 6 5 17 11 24 3 8 1 3 2 7 5 3 2 4 38 5 11 10 11 4 1 11 7 0 26 10 5 64 70 131 51 6 62 88 132 157 171 100 35 3 2 0 6 55 17 22 3 5 3 6 7 1 4 2 0 0 1 2 0 1 0 0 0 1 2 0 1 
10 5 13 0 4 11 15 19 6 5 3 2 0 0 0 0 0 0 0 0 0 0 0 0 0 0 0 0 3 27 11 12 10 20 9 19 25 19 21 15 9 4 6 10 8 12 4 8 1 18 18 15 39 7 9 6 12 20 0 22 13 3 18 16 61 54 10 4 19 39 140 200 34 50 16 6 0 5 57 5 7 0 9 6 9 6 2 12 2 0 0 0 0 0 0 1 0 0 0 0 0 1 
0 1 3 2 0 11 5 3 1 1 5 1 2 0 1 0 1 0 0 0 0 0 0 0 0 0 0 0 1 10 8 10 11 5 8 6 17 5 14 5 5 1 0 2 1 3 6 2 10 17 1 1 6 4 3 1 6 8 0 8 11 4 4 13 20 46 11 16 2 15 59 120 6 12 2 7 1 6 26 7 2 1 6 3 0 3 3 5 1 0 0 1 0 0 0 0 0 0 0 0 0 1 
3 3 1 0 2 1 13 2 1 3 2 2 0 0 0 5 3 0 0 0 0 0 0 0 0 0 0 0 2 20 12 12 16 16 17 11 13 3 9 8 1 0 2 2 8 3 1 4 3 5 9 4 26 37 4 3 13 10 0 20 12 5 19 22 52 65 29 32 11 5 70 109 32 42 14 3 0 11 64 16 3 0 8 6 2 5 7 6 0 0 0 3 0 0 0 0 0 0 0 0 2 1 
5 2 4 0 0 9 1 5 4 3 0 8 7 1 0 2 0 0 0 0 0 0 0 1 0 0 0 0 0 4 15 2 18 11 13 5 9 22 26 8 4 0 2 4 2 6 1 3 3 24 3 3 7 9 6 2 7 10 0 4 5 5 4 20 23 44 14 39 20 20 1 77 25 40 8 9 0 3 21 0 3 0 23 12 1 0 0 3 0 0 0 4 2 0 0 1 1 0 0 0 0 2 
3 3 2 1 2 4 4 3 3 5 1 1 2 1 4 1 2 0 0 0 0 0 0 0 0 0 0 0 4 4 4 2 24 25 13 13 12 13 37 4 3 0 4 7 9 5 5 2 3 21 4 4 16 6 2 1 4 10 0 14 8 9 8 9 41 54 19 41 30 67 73 4 44 49 6 5 1 8 28 6 10 1 6 7 3 0 4 15 1 0 0 7 0 1 0 0 0 0 1 1 0 1 
4 5 8 2 1 9 11 4 9 8 18 6 6 2 0 1 4 1 0 0 0 0 0 0 1 0 0 0 2 15 16 9 15 42 42 14 44 39 30 21 16 0 5 4 18 14 10 11 3 42 13 5 21 24 5 7 34 21 0 39 15 5 9 41 92 152 65 99 36 154 136 209 3 69 12 2 3 10 72 21 10 1 6 11 14 12 9 28 10 0 0 4 1 1 0 2 3 1 0 1 0 4 
3 15 5 1 13 31 58 173 37 12 6 17 11 15 3 12 24 1 0 0 3 0 0 0 0 0 0 0 4 0 2 2 11 88 21 19 24 48 39 30 11 0 20 15 9 15 7 30 9 48 28 53 63 15 35 4 32 38 0 125 42 1 8 62 58 137 36 236 54 270 164 222 18 7 42 9 37 30 270 24 122 7 371 132 29 24 9 52 2 0 0 6 0 3 0 3 0 0 0 1 0 5 
0 3 1 1 3 0 1 0 2 4 1 5 1 11 4 8 10 7 5 2 5 0 0 2 0 0 1 2 0 8 12 7 14 2 5 5 5 2 5 7 2 1 13 19 6 8 8 1 12 57 6 8 15 9 3 2 8 19 0 5 6 1 4 9 6 8 1 5 2 5 4 8 2 18 3 8 3 38 141 40 24 12 32 79 29 31 5 66 16 0 0 9 2 7 6 5 0 9 8 1 2 11 
0 4 2 0 3 2 0 2 0 7 15 4 7 5 12 12 22 1 4 2 4 5 0 6 3 0 1 4 0 18 9 21 10 7 2 8 1 4 7 10 8 8 12 30 14 6 19 9 11 65 16 4 15 14 16 5 16 69 0 11 9 2 5 14 36 16 4 7 3 7 11 26 2 11 25 3 47 67 177 77 49 37 79 111 27 48 23 108 27 0 0 24 6 13 3 17 7 17 16 3 0 12 
1 0 0 0 0 0 1 0 0 0 1 0 2 0 0 3 1 0 0 0 0 0 0 2 3 0 0 0 0 2 1 4 1 2 1 0 0 0 2 0 1 3 3 0 0 3 1 0 0 9 2 0 4 2 2 1 0 5 0 0 0 0 2 0 3 7 1 0 0 2 4 1 0 1 57 186 2 16 59 15 15 5 9 31 38 3 0 9 1 0 0 4 1 0 3 2 0 2 2 1 1 3 
2 1 3 0 0 4 7 3 0 4 2 2 2 3 6 10 2 1 2 1 0 1 1 1 0 0 0 2 0 13 1 7 3 8 2 0 1 0 3 6 2 0 5 12 8 8 5 7 5 16 5 3 9 8 3 4 4 21 0 7 7 0 0 14 10 5 1 5 3 5 4 3 4 3 27 33 17 4 73 25 19 11 17 79 19 19 7 37 8 0 0 9 2 5 4 3 3 12 14 1 0 10 
7 26 24 10 3 24 30 26 15 23 13 15 18 22 17 36 24 23 12 9 6 8 5 18 17 0 4 24 9 55 14 27 40 22 20 14 14 12 39 15 13 13 30 41 27 41 21 24 21 99 131 88 168 132 75 43 91 123 0 69 18 12 16 57 61 92 15 43 13 62 22 45 18 53 457 292 75 112 28 87 113 40 100 252 107 61 39 162 45 0 0 40 21 29 19 30 4 17 21 2 1 30 
1 1 2 0 6 3 5 1 3 0 4 1 2 0 4 4 2 11 4 1 0 0 2 0 1 0 0 6 1 8 5 8 10 5 3 2 2 5 11 2 4 2 31 24 3 9 11 10 14 37 13 8 15 22 6 2 7 19 0 5 2 1 3 3 19 25 6 9 4 12 5 8 6 0 71 116 27 76 110 4 31 19 44 183 71 40 14 79 22 0 0 32 14 20 8 7 2 16 26 0 0 16 
0 4 2 0 0 0 2 6 5 3 1 1 0 0 1 0 1 5 3 0 0 0 11 7 1 0 0 3 3 6 9 6 4 0 4 0 0 1 14 3 9 2 16 26 5 7 9 4 6 28 6 7 13 8 14 0 3 14 0 2 2 1 1 12 12 22 3 2 3 4 5 4 12 3 34 29 3 31 121 21 9 15 23 126 60 39 23 52 12 0 0 31 2 20 16 2 2 29 11 2 0 17 
1 3 5 0 0 1 7 2 3 4 1 1 2 0 0 3 2 4 0 0 0 0 0 4 0 0 0 0 0 6 3 6 6 2 2 2 2 2 6 7 9 4 19 26 24 21 20 16 20 71 12 8 4 15 2 0 9 24 0 5 4 0 2 10 15 3 4 2 1 3 2 7 4 2 53 45 4 37 114 48 23 1 23 153 73 58 49 97 20 0 0 27 16 20 11 24 1 31 32 4 8 25 
1 9 2 0 2 2 6 2 2 0 3 0 0 0 1 0 0 2 0 1 1 0 0 0 0 0 0 0 1 2 1 2 4 0 1 0 2 0 7 10 6 2 16 21 16 28 11 6 4 25 21 6 12 9 2 2 16 13 0 4 1 2 1 1 2 2 3 6 0 5 6 7 1 4 31 23 8 17 82 38 35 1 3 132 40 27 29 77 18 0 0 36 12 23 3 7 5 17 7 7 6 19 
5 20 14 1 4 11 6 4 2 6 0 1 1 0 2 0 2 1 2 0 1 0 0 2 2 0 0 1 1 15 0 10 8 6 6 1 0 6 25 24 16 4 61 99 31 45 29 34 33 158 34 27 54 49 16 13 50 126 0 25 3 4 1 5 8 13 0 13 10 13 11 14 2 11 146 79 35 165 355 286 162 60 279 25 212 153 58 205 51 0 0 85 21 38 39 28 11 65 33 9 13 60 
2 5 2 0 0 7 0 3 1 3 1 0 0 0 0 1 2 4 1 2 1 0 1 1 0 0 0 2 4 4 0 5 2 0 0 0 2 3 7 17 6 3 29 36 7 22 12 11 14 47 7 16 12 17 1 2 11 20 0 9 2 1 2 3 4 5 5 2 2 2 5 4 2 4 15 31 1 25 90 82 126 27 54 129 6 98 20 92 29 0 0 70 10 28 7 9 10 35 24 6 1 21 
6 12 8 0 0 4 2 12 3 1 0 2 1 1 0 3 5 5 3 4 2 2 3 7 5 0 2 3 1 20 4 29 22 4 12 4 19 20 66 15 11 13 59 156 38 93 60 73 41 152 11 11 18 14 3 2 9 26 0 7 9 0 2 4 15 18 2 7 4 10 9 17 6 3 40 16 5 20 67 35 39 26 53 111 122 15 27 71 77 0 0 129 59 86 42 68 15 38 38 21 10 62 
1 8 6 0 5 1 2 6 1 4 0 1 0 0 0 0 6 7 4 0 8 1 3 6 3 0 0 9 1 11 5 10 16 8 2 7 13 16 32 44 20 10 66 110 17 62 24 56 38 117 10 5 18 9 4 1 6 18 0 2 3 2 1 5 6 6 4 4 2 3 5 10 2 0 29 10 3 23 41 18 40 23 21 80 54 29 6 35 76 0 0 107 49 74 69 86 15 56 17 10 4 35 
18 35 23 1 4 10 11 7 6 6 1 4 5 5 4 7 25 15 5 8 10 6 3 27 12 1 3 44 4 69 21 66 148 23 23 35 68 64 145 52 26 19 128 210 78 159 127 143 156 827 28 15 69 28 5 1 13 30 0 16 9 1 1 6 13 9 3 7 0 11 9 10 7 8 79 37 4 47 144 53 43 54 85 145 104 173 118 19 62 0 0 177 70 105 95 109 21 101 83 22 11 288 
4 9 9 0 0 4 6 2 3 2 1 2 3 8 2 0 9 13 0 1 1 3 1 8 7 0 0 12 3 43 13 41 29 5 10 12 31 36 58 25 26 13 51 94 14 43 21 25 39 103 1 5 11 9 0 1 5 10 0 7 2 2 1 2 2 0 0 4 0 3 7 7 2 0 8 14 0 17 40 15 12 19 24 45 40 58 41 42 5 0 0 66 36 47 28 52 10 25 20 10 3 46 
0 0 0 0 0 0 0 0 0 0 0 0 0 0 0 0 0 0 0 0 0 0 0 0 0 0 0 0 0 0 0 0 0 0 0 0 0 0 0 0 0 0 0 0 0 0 0 0 0 0 0 0 0 0 0 0 0 0 0 0 0 0 0 0 0 1 0 0 0 0 0 0 0 0 0 0 0 0 0 0 0 0 0 0 0 0 0 0 0 0 0 0 0 0 0 0 0 0 0 0 0 0 
0 0 0 0 0 0 0 0 0 0 0 0 0 0 0 0 0 0 0 0 0 0 0 0 0 0 0 0 0 0 0 0 0 0 0 0 0 0 0 0 0 0 0 0 0 0 0 0 0 0 0 0 0 0 0 0 0 0 0 0 0 0 0 0 0 0 0 0 0 0 0 0 0 0 0 0 0 0 0 0 0 0 1 0 0 0 0 1 0 0 0 0 0 0 0 0 0 0 0 0 0 0 
7 17 10 2 2 15 33 16 24 8 14 19 24 14 11 26 24 22 14 4 10 3 1 9 3 0 1 18 5 127 17 85 59 51 65 36 111 128 215 102 70 17 117 284 137 215 88 162 232 569 15 31 42 26 5 4 20 25 0 26 4 5 6 15 25 18 6 8 1 3 8 11 3 7 34 22 10 29 120 68 66 58 65 201 129 182 119 414 187 0 0 23 111 205 71 405 57 222 115 60 34 220 
3 23 18 1 0 7 0 6 2 4 1 0 2 2 4 3 6 4 0 0 0 0 1 3 2 0 0 2 0 33 6 14 17 7 11 9 39 22 49 43 33 14 42 81 31 52 37 77 26 135 9 14 3 10 0 0 10 5 0 5 3 0 1 1 5 2 1 2 0 1 1 1 1 1 4 9 0 12 38 23 31 15 18 31 28 36 33 117 71 0 0 68 4 36 27 42 5 49 21 14 34 65 
2 5 6 1 0 3 8 5 5 1 0 2 7 4 2 2 2 1 0 0 0 0 0 0 0 0 0 2 1 27 11 24 39 8 14 10 34 15 54 13 15 6 56 76 47 79 35 50 39 131 5 5 13 5 1 0 4 10 0 2 0 1 0 0 5 0 0 1 0 0 2 2 0 0 9 10 9 13 28 20 33 15 18 86 53 71 41 133 67 0 0 108 8 8 4 37 6 36 40 8 6 75 
1 6 8 0 0 0 2 3 2 2 1 3 2 2 0 1 2 1 0 0 0 0 0 1 0 0 0 3 0 14 5 20 20 10 14 9 24 20 45 17 20 6 31 50 39 47 36 40 56 156 8 2 4 10 4 1 0 6 0 4 3 1 1 1 0 0 0 0 0 0 2 0 0 1 22 9 1 6 20 25 16 12 8 47 37 58 66 149 44 0 0 80 15 11 5 26 2 54 17 9 18 141 
5 4 1 0 1 1 1 1 4 0 0 2 2 1 1 1 1 0 0 0 0 0 1 1 0 0 0 2 0 8 3 13 26 9 20 10 11 15 28 30 17 5 63 71 39 58 12 21 35 95 9 1 7 6 1 1 4 2 0 7 0 0 3 0 1 0 0 1 0 0 1 0 0 0 19 6 0 9 44 9 20 14 8 35 36 31 37 100 79 0 0 137 22 55 30 8 13 99 11 5 10 77 
0 0 0 0 0 0 0 0 1 1 0 0 0 0 1 0 0 0 0 0 0 0 0 0 0 0 0 0 0 1 0 1 3 1 0 0 3 5 4 1 3 0 5 8 4 8 1 7 1 13 0 0 2 2 0 0 0 1 0 2 0 0 0 0 0 0 0 1 0 0 0 0 0 0 3 1 0 0 2 0 4 4 4 4 4 4 4 23 0 0 0 18 3 1 2 0 1 0 0 1 0 13 
1 4 3 0 0 0 4 0 0 0 0 1 1 2 0 1 0 0 0 0 0 0 1 0 1 0 0 0 0 4 2 3 6 2 10 2 10 10 14 6 2 2 32 36 16 13 8 29 18 58 3 0 6 9 2 0 2 9 0 1 0 0 0 0 0 0 0 0 0 0 0 0 0 0 4 5 2 8 9 9 11 9 9 22 20 17 13 65 11 0 0 59 14 12 7 23 4 3 6 4 2 48 
1 4 2 1 0 0 3 1 1 2 1 1 3 1 0 3 1 0 0 0 0 0 0 2 0 0 0 3 0 6 10 7 12 1 5 1 13 3 31 12 4 0 29 47 27 46 22 23 13 91 4 3 6 2 3 0 1 5 0 3 0 0 0 3 1 0 0 0 0 0 0 0 0 1 17 6 0 17 23 3 16 13 5 27 17 25 16 107 25 0 0 50 4 23 8 10 1 5 3 13 2 27 
0 0 0 1 0 0 0 0 0 0 0 0 1 0 0 0 1 0 0 0 0 0 1 0 0 0 0 0 0 2 1 0 0 0 1 1 5 2 3 2 3 0 5 2 3 5 2 4 1 7 2 0 2 1 1 0 0 0 0 0 0 0 0 0 0 1 0 0 0 0 0 0 0 0 2 4 0 3 7 1 4 1 5 5 2 8 5 10 4 0 0 7 3 3 2 1 0 2 1 0 6 5 
0 0 0 0 0 0 0 0 0 1 0 1 0 1 0 0 0 0 0 0 0 0 0 0 0 0 0 0 0 2 1 2 0 0 1 0 4 1 7 1 1 0 10 5 3 4 4 4 6 17 1 0 6 1 0 0 0 1 0 0 2 0 0 0 0 0 0 0 0 0 0 0 0 0 1 2 0 2 3 2 2 2 1 3 9 4 1 10 8 0 0 6 4 2 4 5 0 4 0 7 0 2 
20 21 7 2 1 3 4 5 7 2 2 6 7 5 1 6 7 10 1 3 1 2 2 9 1 1 1 11 0 43 11 26 39 11 26 22 34 40 83 49 42 11 129 150 93 115 91 81 106 413 23 22 34 14 9 3 6 17 0 7 2 0 2 3 0 5 3 2 0 1 0 5 2 7 34 27 3 22 42 27 20 32 21 80 40 62 66 408 100 0 0 108 33 63 62 79 3 67 34 21 1 11 
