11 8 41 20 27 53 42 19 21 67 16 47 125 162 145 46 71 51 36 27 17 7 5 45 24 3 1 41 11 0 0 4 12 15 8 0 20 3 13 18 14 1 32 48 11 40 6 13 14 61 12 7 11 2 7 7 8 47 0 1 0 5 4 1 25 47 7 5 0 0 0 4 10 20 0 0 0 6 20 0 4 4 2 1 2 11 10 34 4 0 0 13 7 14 0 3 0 2 6 0 0 21 
22 1 21 3 17 65 41 30 52 44 31 119 151 135 118 54 53 81 47 52 6 18 25 48 14 1 0 32 9 1 1 3 23 8 37 8 4 4 29 27 40 1 21 22 29 28 36 6 12 67 26 15 11 5 0 1 0 14 0 1 3 5 8 10 15 42 19 11 3 5 5 1 6 12 1 5 0 4 10 5 3 16 12 14 4 11 6 48 12 0 0 36 24 11 3 1 0 5 16 0 0 11 
9 22 21 14 24 58 53 13 82 93 37 108 150 174 128 60 53 48 29 37 20 9 10 44 11 8 0 36 31 3 0 1 19 8 18 4 9 3 22 17 35 1 28 11 27 24 25 9 3 80 11 27 2 3 8 0 7 21 0 0 4 10 2 6 29 24 11 32 4 7 9 0 8 9 0 5 0 5 12 1 2 11 4 4 2 15 8 15 8 0 0 20 10 1 2 0 0 1 1 0 0 15 
5 35 13 3 10 36 22 6 24 22 20 9 6 32 23 6 15 14 19 12 5 4 11 9 2 2 0 9 7 0 0 0 3 0 0 0 2 1 0 5 1 0 11 0 3 10 2 2 1 13 5 0 8 3 1 1 0 12 0 0 0 0 0 3 0 1 3 0 0 1 2 0 2 5 1 1 9 1 3 0 9 6 7 0 0 6 2 6 3 0 0 1 0 1 1 0 0 0 2 0 0 2 
25 23 9 3 1 18 11 6 34 27 7 11 44 81 24 27 18 20 9 14 2 6 6 25 5 8 0 23 8 1 1 0 3 0 5 0 2 2 2 9 1 2 6 4 5 6 7 2 0 21 5 1 0 1 1 18 1 2 0 0 0 0 0 1 2 3 1 0 0 0 0 0 14 19 5 2 0 0 1 0 0 0 0 0 0 4 0 8 0 0 0 3 1 3 2 1 0 0 1 0 0 2 
57 136 55 9 7 9 20 21 131 215 45 66 279 267 118 68 41 84 59 33 14 25 25 62 26 1 1 49 9 6 0 12 12 4 4 0 3 8 19 20 14 6 31 26 17 7 20 6 10 66 10 11 23 10 4 1 1 14 0 0 1 3 7 15 10 19 10 6 9 5 4 3 6 16 1 3 3 7 17 0 1 2 0 3 1 7 1 6 2 0 0 41 8 4 1 1 0 1 2 0 0 14 
47 60 35 6 2 4 6 6 227 143 20 43 403 134 101 65 50 34 27 56 22 9 14 23 9 0 5 12 5 10 1 7 17 2 4 2 5 2 28 15 3 3 38 18 14 14 33 4 4 61 19 24 10 8 1 6 4 3 0 4 0 1 9 8 18 25 23 24 1 2 11 0 11 42 4 6 1 7 12 0 1 1 0 4 1 8 1 7 1 0 0 18 1 9 0 3 0 0 0 0 0 14 
25 51 38 24 5 49 23 4 37 116 22 71 484 145 107 91 36 29 47 24 7 6 12 43 25 2 0 45 5 1 0 23 11 1 1 0 3 1 11 14 25 1 21 5 11 27 16 4 8 69 19 1 9 2 6 0 1 5 0 1 1 2 3 9 15 31 5 1 1 4 2 5 2 66 0 8 0 2 1 0 2 1 2 3 2 4 0 18 5 0 0 9 1 9 1 0 0 0 0 0 0 7 
41 97 104 9 13 42 29 5 13 59 12 48 442 149 99 70 36 20 70 29 16 29 19 39 6 8 1 35 5 2 0 8 17 0 2 1 1 5 27 21 10 3 17 9 10 29 25 8 1 60 9 2 14 11 2 0 2 0 0 0 0 1 0 3 7 10 1 1 2 5 0 1 11 28 2 2 0 2 3 0 1 0 0 3 0 9 2 7 0 0 0 25 0 0 0 0 0 0 1 1 0 17 
55 58 31 6 9 79 12 3 45 5 3 15 207 61 39 34 17 35 30 23 6 31 4 55 23 3 0 66 2 9 0 1 6 1 0 0 0 0 11 14 2 3 4 4 6 14 7 0 15 34 16 4 6 4 2 3 2 2 0 2 0 1 4 3 2 1 1 0 1 0 2 4 1 18 2 0 1 0 4 0 1 0 0 5 1 5 1 5 4 0 0 2 3 0 0 16 0 0 0 0 0 3 
16 86 8 4 28 33 16 3 53 42 1 3 107 40 12 17 11 30 22 12 8 5 6 30 23 1 3 38 2 1 2 0 9 0 0 0 1 1 26 14 11 8 8 4 5 6 17 3 6 33 2 1 9 0 0 10 0 1 0 1 0 0 0 0 1 8 2 1 1 2 9 4 2 2 8 0 0 1 1 0 0 0 0 0 0 1 0 0 0 0 0 15 0 1 0 2 0 1 1 0 0 1 
69 123 79 14 34 149 37 40 226 66 4 9 106 36 21 46 21 26 57 49 15 29 13 62 21 3 0 77 9 14 5 1 13 0 0 9 1 5 26 18 1 0 4 12 23 8 25 4 3 44 20 25 9 8 0 2 1 0 0 1 1 0 0 0 3 6 1 5 1 0 1 3 1 20 0 5 0 1 2 1 1 0 1 0 0 0 0 3 0 0 0 8 1 2 0 0 0 0 5 0 0 6 
69 82 62 11 35 76 41 51 125 199 17 11 8 9 24 41 20 49 42 44 52 23 5 43 30 1 3 73 3 5 1 11 37 1 13 0 2 6 5 13 17 2 13 1 3 11 22 8 11 60 22 13 17 2 2 0 2 4 0 5 3 1 1 0 1 3 1 0 1 0 0 0 7 6 6 2 0 1 7 1 0 0 0 0 0 0 0 6 1 0 0 8 2 2 0 3 0 0 0 0 0 10 
79 54 49 10 6 46 9 15 80 77 6 14 76 8 2 20 13 34 39 55 28 40 23 61 32 7 5 110 9 2 0 0 4 1 0 0 0 1 5 5 2 5 10 4 1 4 7 0 1 26 4 3 1 7 4 0 6 7 0 1 2 1 0 0 0 0 1 0 0 0 0 1 4 4 0 0 0 1 3 0 0 0 0 0 0 0 0 2 0 0 0 2 0 0 0 2 0 0 0 0 0 4 
102 82 71 13 27 82 33 43 25 63 13 51 119 6 3 3 20 22 54 13 27 32 9 68 50 6 2 115 17 5 1 10 9 0 2 0 0 0 2 10 3 0 6 7 18 8 6 2 3 23 8 2 15 6 3 0 3 8 0 0 0 0 0 0 0 0 0 0 0 0 0 0 2 7 3 3 0 0 10 0 0 0 0 0 0 0 1 12 0 0 0 7 2 0 0 0 0 0 0 0 0 9 
34 36 38 9 33 28 11 21 30 48 6 69 60 9 9 12 10 38 105 24 40 36 18 78 26 8 0 96 11 36 18 18 58 9 22 13 32 1 1 17 12 2 15 17 44 22 10 5 13 55 7 3 11 4 3 0 3 7 0 0 0 0 1 0 4 0 0 0 0 0 0 0 2 1 2 12 0 0 3 3 0 0 0 2 0 9 0 4 4 0 0 6 2 1 0 0 1 3 4 0 0 13 
62 104 87 13 15 53 45 25 33 33 14 27 78 88 21 14 5 60 172 25 95 29 36 110 30 7 0 72 0 48 12 49 100 12 19 27 30 8 34 25 40 2 57 9 42 26 38 7 21 81 28 3 14 10 4 6 0 3 0 10 3 2 1 0 0 0 0 0 0 0 0 0 0 1 3 19 0 3 18 4 0 0 0 0 0 0 7 17 5 0 0 15 4 1 0 3 0 1 0 0 0 19 
56 57 19 1 21 47 33 24 21 36 18 43 64 74 27 34 7 3 147 14 14 17 9 71 23 2 2 98 0 19 9 29 46 13 26 5 24 6 8 22 11 2 39 36 36 52 36 2 29 64 6 6 3 17 11 3 9 3 0 7 1 0 0 0 1 0 0 0 0 0 0 0 0 1 3 2 0 4 17 9 0 1 0 1 0 5 2 11 4 0 0 9 0 0 0 0 0 0 4 0 0 10 
64 84 36 0 17 58 37 24 14 21 7 52 39 55 34 43 9 15 3 9 20 12 5 42 23 7 0 108 12 7 3 5 16 8 18 6 25 2 6 4 4 2 50 5 33 21 6 6 3 21 11 1 8 7 2 1 1 2 0 1 0 1 0 0 0 0 0 0 0 0 0 0 4 0 2 6 0 0 0 1 0 0 0 0 0 3 0 9 1 0 0 0 0 0 0 0 0 0 0 0 0 5 
14 63 33 3 22 59 39 19 26 37 31 83 49 106 50 131 56 68 165 9 2 18 9 45 17 24 11 139 7 12 7 22 18 6 17 11 12 16 24 21 21 8 13 12 15 15 14 11 8 33 1 7 10 1 1 0 0 1 0 1 2 2 0 0 0 0 0 0 0 0 0 0 0 0 1 3 0 4 4 0 2 0 0 1 1 2 2 4 4 0 0 0 0 0 0 0 0 0 0 0 0 4 
23 43 21 1 4 51 1 17 7 29 18 29 70 110 76 139 91 109 417 12 6 6 1 16 19 10 4 173 3 3 1 2 26 1 18 4 14 8 41 17 26 1 24 5 9 17 4 4 23 36 14 0 1 2 0 2 0 1 0 0 0 0 0 0 0 0 0 0 0 0 0 0 0 0 2 1 0 0 3 0 0 0 0 1 0 2 2 11 4 0 0 0 0 0 0 0 0 0 0 0 0 3 
49 28 57 3 23 42 47 11 41 47 21 55 67 172 111 176 64 102 235 10 3 3 7 26 13 19 4 119 10 4 10 6 29 7 13 14 53 9 20 7 13 5 22 9 19 5 9 7 3 61 6 5 2 2 3 1 0 8 0 2 2 0 0 0 0 0 0 0 0 0 0 0 0 0 2 0 1 0 12 2 0 2 0 0 0 0 1 4 2 0 0 1 0 0 0 0 0 0 0 0 0 0 
30 36 32 6 7 47 24 31 26 38 10 78 44 95 149 137 125 178 339 57 28 70 4 18 6 10 1 183 8 12 4 5 31 5 29 6 17 13 42 21 29 3 10 8 16 32 17 5 11 82 10 2 2 7 3 0 11 5 0 0 4 5 1 0 0 0 0 0 0 0 0 0 0 0 2 5 0 6 7 0 1 1 0 3 0 13 4 12 3 0 0 2 0 0 0 1 0 0 0 0 0 1 
30 61 30 13 32 38 25 41 26 64 31 106 100 157 138 212 166 275 356 120 46 66 10 8 2 12 5 207 5 21 5 16 50 9 31 23 71 24 56 17 28 5 18 17 22 50 30 7 18 88 10 4 31 5 6 2 24 6 0 0 3 2 1 0 0 0 0 0 0 0 0 0 0 0 2 2 0 7 19 14 2 1 1 2 0 1 8 7 9 0 0 6 0 0 0 0 0 0 0 0 0 2 
34 50 25 7 16 52 15 18 25 68 30 55 152 177 94 127 105 84 103 71 55 15 11 11 4 2 6 90 9 17 13 13 66 10 52 16 24 36 26 35 32 2 5 36 46 45 30 13 26 104 36 9 10 6 6 0 9 7 0 2 1 1 3 2 1 0 1 0 0 0 0 0 0 0 3 9 2 3 20 3 1 2 0 2 2 17 5 36 3 0 0 3 2 0 0 0 0 0 0 0 0 0 
2 3 0 0 2 1 0 2 10 2 1 7 2 12 11 25 8 20 11 34 41 35 9 54 16 0 4 15 0 0 0 0 2 0 1 1 0 2 2 1 0 0 2 0 3 5 2 0 0 5 0 0 2 0 0 0 0 0 0 0 0 0 0 0 0 0 0 0 0 0 0 0 1 0 0 0 0 0 0 6 0 0 0 0 0 0 0 5 1 0 0 4 0 0 0 0 0 0 0 0 0 0 
2 5 2 0 4 12 0 2 10 13 9 19 4 24 25 16 34 26 38 60 28 73 58 175 67 2 4 82 0 11 0 2 6 1 6 4 5 2 15 5 14 0 7 3 10 11 9 1 3 20 2 0 20 0 0 2 8 2 0 0 0 0 1 2 0 1 0 0 0 0 0 0 0 0 0 0 0 0 2 0 1 0 1 1 0 0 0 2 0 0 0 1 5 0 1 0 0 0 0 0 0 0 
36 67 66 4 17 42 18 15 45 43 69 79 133 298 242 170 118 76 96 164 66 98 112 162 100 14 22 10 7 1 1 17 67 11 56 17 66 34 46 35 52 6 45 38 56 82 31 20 15 140 13 2 16 8 6 2 15 10 0 5 2 13 1 0 2 2 0 0 0 0 0 0 1 0 6 3 1 3 38 5 1 3 4 3 7 6 7 52 16 0 0 20 8 0 1 2 1 0 1 0 0 11 
3 11 5 1 1 1 1 3 0 3 1 5 4 3 11 9 1 0 2 1 0 0 2 0 0 0 0 3 1 0 0 0 0 0 0 0 0 0 0 3 0 0 2 0 0 1 1 0 0 6 1 0 0 1 0 0 0 0 0 0 0 0 0 0 0 0 0 0 0 0 0 0 0 1 0 0 0 0 1 0 0 0 1 0 0 8 0 3 0 0 0 0 0 0 0 0 0 0 0 0 0 1 
4 8 3 1 2 6 19 6 7 10 14 19 33 12 10 15 59 90 39 52 23 11 7 16 15 2 0 1 0 20 105 319 520 95 308 554 891 282 271 195 140 43 226 115 194 151 172 41 78 502 48 24 27 39 6 2 25 30 0 30 8 5 2 14 47 123 27 35 23 14 2 1 2 2 11 12 3 15 31 12 2 13 5 7 5 31 28 109 33 0 0 110 41 17 49 21 5 1 31 0 2 47 
1 1 2 0 1 2 1 1 5 7 4 4 11 0 4 4 31 20 44 10 10 1 6 7 3 0 0 1 0 59 5 237 124 59 126 210 424 77 91 60 47 27 113 27 37 25 50 8 3 94 18 6 6 18 4 0 4 3 0 3 3 1 1 3 37 31 11 7 5 6 3 0 0 0 5 0 0 2 6 3 0 3 9 0 0 11 2 35 14 0 0 38 14 21 1 4 1 0 1 0 0 15 
4 8 4 1 0 1 8 13 1 1 0 3 12 6 16 11 56 41 40 25 1 3 0 3 5 1 1 12 1 252 155 8 123 36 145 183 516 235 233 108 117 9 120 88 168 94 84 26 53 312 35 8 34 12 4 5 10 26 0 6 5 2 0 1 14 40 16 3 6 8 1 1 2 1 9 15 2 1 25 1 3 13 1 2 2 17 12 56 27 0 0 34 15 16 10 5 0 1 2 0 1 40 
3 4 1 0 0 2 0 0 0 2 0 1 1 0 0 6 7 9 1 5 3 2 2 12 4 1 0 9 0 197 49 35 6 8 19 29 99 30 63 47 65 14 69 47 65 67 43 36 42 253 15 19 14 5 3 5 0 6 0 4 0 1 1 2 12 9 1 8 0 3 6 4 4 2 4 3 0 9 13 6 0 3 1 3 1 4 2 63 14 0 0 20 3 13 4 3 0 0 3 0 0 53 
4 3 2 1 0 2 0 0 0 0 0 0 0 0 0 3 21 22 24 5 2 0 1 7 3 0 0 14 0 172 37 147 28 4 12 26 161 51 74 39 48 3 84 23 43 26 56 24 28 162 19 6 18 16 13 5 2 7 0 2 0 6 3 1 5 16 3 9 2 9 8 11 13 16 4 9 1 2 28 0 2 1 1 2 0 3 3 20 25 0 0 32 7 6 1 6 0 0 2 2 0 14 
3 1 0 6 1 1 7 0 1 0 0 0 2 0 2 7 1 9 6 1 1 1 8 10 3 2 0 5 0 188 24 111 83 16 3 18 96 26 28 38 12 10 45 25 55 41 12 14 18 157 7 6 9 9 1 0 2 6 0 0 0 0 1 0 2 7 0 7 0 3 1 6 7 20 1 2 1 1 3 0 0 0 0 0 1 3 3 17 13 0 0 27 5 15 3 11 0 0 1 0 0 39 
4 10 6 4 1 0 2 1 0 0 0 0 0 0 0 6 8 13 10 19 2 2 6 21 9 1 1 10 0 201 35 111 109 13 9 0 216 40 57 53 46 3 45 27 46 65 32 9 41 122 14 7 13 8 0 1 1 0 0 0 0 1 0 2 8 19 15 0 6 2 2 12 5 11 2 1 0 0 1 0 0 0 0 0 0 3 1 20 6 0 0 18 6 4 12 11 0 0 6 2 0 18 
0 2 1 0 1 1 0 0 0 1 0 1 0 0 0 2 4 0 7 1 0 0 1 5 4 0 0 3 1 164 20 123 121 16 27 22 5 23 35 58 47 32 40 17 100 61 53 23 32 299 2 3 2 1 0 0 0 1 0 0 1 4 1 2 0 7 1 0 2 0 4 2 3 3 1 3 1 0 4 0 0 0 0 0 0 4 2 28 8 0 0 18 6 4 0 16 0 0 7 0 2 41 
14 10 20 0 2 5 0 3 0 1 2 1 3 12 0 1 0 16 8 2 3 1 7 12 7 1 0 24 0 171 44 186 153 25 22 34 105 2 32 67 60 9 115 68 87 77 103 46 66 380 10 1 7 2 0 0 1 2 0 0 1 10 0 5 2 0 1 0 0 0 19 0 2 40 3 9 0 1 3 0 0 1 0 1 1 15 5 37 25 0 0 94 2 10 4 6 0 2 3 0 0 41 
13 20 19 0 0 8 8 3 11 0 4 4 12 7 0 1 11 7 8 12 11 0 6 16 14 1 0 29 2 96 27 181 163 21 31 47 157 52 11 113 102 17 82 57 69 37 77 33 23 288 6 3 20 1 0 0 0 17 0 1 0 5 2 3 12 7 6 4 1 0 14 5 3 12 4 5 1 0 6 15 0 0 0 0 0 12 1 65 13 0 0 61 4 7 11 15 0 2 3 0 2 45 
41 62 25 7 8 33 36 23 21 22 9 34 44 40 10 18 16 23 29 51 12 11 3 51 12 13 1 64 8 201 70 254 412 58 151 108 424 283 179 9 28 9 90 222 113 177 167 27 139 620 13 13 21 12 5 0 13 6 0 1 6 8 0 10 25 36 5 2 7 7 11 0 6 43 11 9 0 4 16 3 3 4 11 32 29 7 17 27 23 0 0 26 6 13 1 5 0 1 1 1 7 59 
23 21 20 4 1 35 24 4 18 6 30 8 12 64 3 22 21 34 18 48 15 5 2 49 45 5 1 57 1 174 31 250 225 75 106 63 244 157 189 9 1 10 64 25 30 54 71 32 34 604 14 0 20 3 0 0 2 0 0 0 2 9 5 11 90 45 10 5 9 1 10 4 40 27 9 2 1 3 9 1 3 7 14 5 1 5 11 8 0 0 0 19 3 3 8 6 2 3 2 0 2 34 
3 7 0 2 1 5 0 1 1 2 1 10 5 0 1 1 7 7 4 5 1 0 0 3 1 2 0 7 1 34 5 28 54 3 15 6 54 33 14 27 13 2 24 45 40 26 59 9 20 87 7 1 0 3 2 0 0 6 0 0 3 0 1 0 13 13 2 0 0 0 0 0 8 1 1 0 0 2 4 12 0 11 1 26 9 19 6 18 7 0 0 3 1 5 4 1 0 0 2 0 2 11 
10 14 13 0 2 10 8 6 10 8 9 1 3 11 6 3 9 9 2 10 2 0 1 11 0 1 0 8 3 15 8 80 147 23 64 31 107 88 54 14 8 1 11 7 39 45 25 7 11 123 20 9 7 19 0 2 6 5 0 1 1 2 0 2 9 9 1 1 0 4 3 1 2 4 15 11 2 7 11 20 4 9 9 30 15 58 30 69 12 0 0 8 4 4 2 20 0 3 22 0 8 99 
17 5 16 1 2 13 3 10 3 8 10 7 5 0 3 3 17 8 17 6 2 0 7 14 12 0 0 22 0 37 24 89 129 19 80 31 66 122 85 40 21 18 12 8 65 49 53 18 42 184 18 3 8 2 1 6 3 4 0 0 0 5 3 11 14 9 2 4 2 1 3 1 5 10 34 7 3 18 42 6 18 20 15 32 20 58 33 53 20 0 0 40 16 22 3 16 0 16 13 2 5 105 
9 23 8 0 6 12 6 5 9 5 15 8 1 3 1 13 26 74 23 19 6 8 9 33 7 3 0 28 5 63 29 139 186 31 95 30 239 97 87 60 33 12 56 32 11 50 56 19 57 238 8 4 12 1 0 2 9 10 0 0 2 9 5 4 8 41 7 3 1 0 2 6 8 19 4 17 2 6 14 2 4 11 10 14 3 21 2 31 4 0 0 31 8 20 16 12 1 13 15 1 7 67 
11 26 14 0 1 12 8 9 5 6 13 9 10 6 1 7 15 23 25 7 5 0 4 13 3 2 0 27 3 53 11 87 184 32 67 59 146 101 92 39 33 24 42 43 22 9 21 15 124 145 14 4 12 7 1 1 4 1 0 3 2 10 1 3 29 33 7 10 2 0 5 4 9 9 7 7 2 5 14 8 12 16 9 9 4 39 13 106 6 0 0 21 9 11 5 26 1 5 18 1 10 91 
10 22 15 1 10 19 10 11 11 2 17 11 18 3 2 3 33 22 19 9 1 2 14 16 7 0 0 28 8 60 7 104 187 13 103 46 229 111 101 79 45 25 44 31 79 46 5 10 223 99 18 5 15 10 2 3 4 0 0 0 3 8 1 5 13 31 8 6 3 1 2 5 7 21 13 9 1 13 19 2 7 15 15 16 3 66 22 136 2 0 0 11 12 9 13 8 3 16 24 2 9 118 
11 13 9 0 9 21 12 7 2 11 33 5 16 6 2 6 21 20 14 17 18 3 2 29 6 2 0 24 2 25 12 55 146 41 98 38 121 91 125 67 48 9 101 87 78 114 83 5 159 454 10 4 14 5 0 1 16 8 0 2 2 2 7 3 10 10 19 14 1 6 4 11 4 11 4 3 9 4 12 5 4 7 13 27 12 60 20 90 11 0 0 47 19 10 24 18 5 15 10 6 8 74 
6 10 13 0 3 38 19 10 7 6 44 31 15 13 3 0 54 71 30 11 12 6 2 44 8 5 0 16 4 43 15 102 187 80 158 57 133 102 122 81 74 24 138 172 150 140 116 28 11 334 14 7 25 4 5 2 6 5 0 1 3 28 0 5 12 31 5 36 5 3 8 3 26 14 8 17 1 12 15 21 11 25 11 48 13 79 22 111 11 0 0 77 16 34 24 24 15 9 36 3 12 110 
44 63 45 15 20 70 15 47 40 56 102 59 38 44 23 22 45 137 114 40 13 15 27 178 37 2 0 117 12 207 72 300 855 131 411 177 682 407 378 253 254 51 218 245 211 277 115 81 118 20 60 21 80 18 12 4 15 25 0 5 7 80 2 20 30 111 21 28 12 8 5 9 40 48 42 16 8 24 78 26 26 41 14 91 40 157 77 571 39 0 0 160 52 79 52 34 8 40 57 2 3 280 
10 17 8 10 6 6 9 9 6 10 3 14 33 29 33 33 15 17 9 23 1 1 6 54 14 0 1 22 4 33 1 22 84 19 44 7 29 5 13 17 17 2 29 43 27 20 22 18 5 72 3 4 26 11 13 12 14 22 0 69 20 10 8 44 38 64 7 13 2 12 12 2 35 44 9 17 6 37 55 8 16 21 10 39 5 48 10 67 16 0 0 47 12 21 13 4 8 3 5 1 0 35 
13 4 5 0 0 6 4 4 2 12 0 14 6 12 17 38 15 10 10 1 1 0 10 21 7 1 0 12 0 5 4 8 29 17 16 0 32 2 2 3 9 1 19 8 6 21 7 3 2 18 8 4 6 21 5 3 10 26 0 23 8 2 6 10 49 42 15 12 6 9 9 1 6 11 4 4 0 31 43 2 3 2 4 16 7 28 3 41 15 0 0 20 2 3 15 10 1 0 2 1 0 24 
7 7 4 2 8 7 7 3 1 4 3 1 8 10 16 13 28 10 9 5 4 2 8 28 6 0 0 6 6 7 5 10 57 15 13 5 28 3 4 20 13 0 11 18 19 29 37 2 8 65 13 1 5 4 7 1 1 5 0 30 36 3 8 28 35 32 8 32 4 22 7 6 7 19 3 5 1 40 21 4 1 3 1 35 5 22 22 68 10 0 0 18 4 7 10 4 6 3 2 1 0 29 
2 8 11 0 1 13 8 9 12 9 9 15 21 33 63 17 40 26 5 4 0 1 4 9 4 0 0 5 0 9 1 31 52 20 29 5 17 0 11 22 7 0 10 31 11 56 15 5 2 20 24 5 7 2 7 2 16 11 0 41 35 7 11 40 42 77 37 45 21 24 11 9 14 29 8 15 8 18 61 6 7 2 0 40 20 35 0 23 19 0 0 36 1 4 10 1 0 3 2 0 0 20 
10 15 17 1 2 4 6 0 5 10 1 3 9 5 16 11 1 7 13 25 0 0 0 17 1 1 0 7 0 7 4 7 37 8 25 0 4 2 2 1 3 0 10 8 0 4 4 8 1 20 18 6 15 16 1 0 2 2 0 26 11 1 2 32 8 16 6 17 6 5 15 2 6 21 6 7 0 29 25 0 1 3 3 47 2 2 6 10 2 0 0 16 1 9 17 3 4 0 1 0 2 4 
5 1 0 1 2 1 7 3 0 0 4 2 0 5 3 4 12 6 1 2 0 1 0 8 5 0 0 2 0 1 0 5 20 3 4 0 2 0 2 1 0 0 11 3 0 3 1 0 2 11 5 8 25 6 1 0 2 26 0 14 12 0 1 8 8 17 9 6 2 5 12 3 9 7 2 6 3 11 8 0 2 1 0 14 6 6 0 12 4 0 0 2 2 1 1 2 1 0 3 0 0 3 
5 12 2 1 1 7 7 6 2 2 0 5 13 11 43 16 36 10 4 15 0 4 1 17 10 0 2 8 1 10 2 35 49 3 32 1 22 7 3 4 7 2 7 21 0 17 6 2 8 37 61 7 14 10 5 0 1 1 0 26 22 6 13 30 29 75 10 26 8 9 13 7 33 13 13 3 4 7 38 0 2 37 11 28 17 35 5 26 7 0 0 24 6 2 6 10 1 2 1 1 1 14 
7 6 12 0 7 8 16 5 7 10 6 30 14 30 43 31 8 32 33 19 1 0 11 11 7 0 0 15 4 10 1 35 48 15 15 12 23 7 13 10 1 12 22 11 10 6 6 1 4 60 31 24 25 24 9 1 0 4 0 50 25 18 3 49 34 41 4 35 2 15 1 13 30 40 15 13 5 30 51 6 4 23 4 103 11 54 3 54 5 0 0 27 5 23 2 4 0 9 12 0 1 10 
0 0 0 0 0 0 0 0 0 0 0 0 0 0 0 0 0 0 0 0 0 0 0 0 0 0 0 0 0 0 0 0 0 0 0 0 0 0 0 0 0 0 0 0 0 0 0 0 0 0 0 0 0 0 0 0 0 0 0 0 0 0 0 0 0 0 0 0 0 0 0 0 0 0 0 0 0 0 0 0 0 0 0 0 0 0 0 0 0 0 0 0 0 0 0 0 0 0 0 0 0 0 
8 7 19 2 1 5 17 1 2 2 3 7 47 24 27 13 5 14 7 14 1 1 3 36 8 4 0 25 2 12 4 9 14 8 3 1 2 4 4 4 0 1 6 3 7 8 6 2 1 11 68 29 29 37 14 5 6 26 0 2 1 8 5 10 21 44 24 21 10 21 19 13 28 57 13 18 0 3 28 7 3 8 0 11 3 23 1 21 11 0 0 24 4 11 6 2 0 1 2 1 0 17 
1 5 2 1 0 0 0 1 1 2 1 0 8 1 0 0 3 1 2 0 0 0 1 2 2 0 0 2 0 5 0 9 3 0 1 0 0 0 10 3 1 3 3 1 9 3 3 1 2 9 21 21 11 20 5 3 8 10 0 7 0 3 1 2 5 35 15 5 2 4 16 0 10 36 7 2 0 1 7 0 4 0 0 2 0 5 3 9 0 0 0 6 2 3 1 1 0 1 2 0 0 3 
0 0 1 0 0 0 0 0 0 0 0 3 3 1 0 0 0 1 0 0 0 0 0 0 1 0 0 0 0 1 0 0 2 0 0 0 0 0 0 3 3 0 1 1 0 0 0 0 0 4 9 0 3 1 0 0 0 0 0 0 0 0 0 0 0 1 0 3 0 0 1 1 0 0 1 0 2 0 1 0 0 0 0 0 0 0 0 1 1 0 0 0 0 0 0 1 0 0 0 0 0 1 
0 0 2 0 1 0 5 0 0 3 0 0 5 1 3 0 0 2 0 0 0 0 0 0 0 1 0 0 0 3 1 3 7 1 0 4 11 1 6 0 5 0 9 0 3 1 5 0 0 2 12 3 9 10 2 0 1 0 0 4 0 0 0 2 4 16 29 11 1 17 4 1 5 11 0 2 0 2 4 0 0 0 0 0 0 1 0 3 0 0 0 2 0 0 1 0 0 0 0 0 0 1 
5 25 1 0 2 20 3 7 0 0 0 2 0 0 2 15 2 2 1 2 0 0 2 5 0 0 0 2 1 19 4 17 2 0 7 5 22 4 24 2 5 0 9 11 11 1 7 3 4 41 39 37 32 29 9 10 11 20 0 15 4 3 0 0 13 44 5 4 1 3 15 8 13 42 12 7 0 7 26 13 7 6 1 0 1 2 0 3 1 0 0 2 3 1 1 0 0 0 0 0 0 1 
5 10 17 11 6 4 2 0 5 9 1 2 0 0 0 0 1 0 4 0 0 0 0 1 1 0 0 0 0 38 8 24 24 17 1 14 19 3 17 11 17 3 26 23 14 28 11 1 16 69 54 28 27 30 27 12 17 22 0 44 9 27 10 21 7 26 10 27 14 51 17 13 20 48 13 3 7 10 43 7 3 3 5 7 5 25 1 12 5 0 0 30 1 1 0 1 0 0 0 0 0 1 
18 17 20 1 5 10 9 15 11 4 0 3 7 0 0 0 0 0 0 0 0 0 0 0 0 0 0 0 0 18 30 38 36 5 9 10 22 1 13 12 14 0 11 3 12 12 28 3 26 54 64 25 58 38 16 21 25 23 0 36 21 7 7 20 9 5 2 10 14 66 27 33 21 121 13 27 6 13 45 22 7 3 2 9 1 22 2 6 1 0 0 10 0 4 1 4 0 0 0 0 0 3 
11 9 4 0 5 9 3 0 1 0 0 11 0 0 1 5 0 0 0 0 0 0 0 0 0 0 0 0 1 18 0 14 13 4 4 7 8 0 8 1 8 0 14 12 7 14 7 1 1 36 17 22 14 4 4 2 6 15 0 36 7 7 5 16 31 7 1 3 6 31 11 6 10 18 3 2 5 12 38 3 6 0 0 0 1 1 2 2 1 0 0 0 1 0 1 0 0 0 1 0 0 0 
4 11 9 0 0 25 6 3 3 2 11 5 0 1 0 0 0 0 0 0 0 0 0 0 0 0 0 0 1 20 10 25 21 11 5 8 41 0 11 4 2 0 29 7 5 2 0 4 6 31 64 30 47 29 6 7 5 27 0 24 16 6 22 16 40 23 2 2 8 10 14 16 12 132 6 8 1 9 58 11 2 6 3 7 0 8 2 8 3 0 0 0 2 3 0 0 0 0 0 0 0 3 
3 1 2 0 2 2 0 4 0 0 0 0 0 3 0 0 0 0 0 0 0 0 0 0 0 0 0 0 0 5 0 3 5 10 7 1 11 5 6 1 0 2 4 0 3 3 2 1 3 13 7 6 9 11 3 10 0 20 0 8 3 0 2 18 19 37 0 4 2 3 13 24 5 46 0 3 2 1 6 0 2 2 1 10 1 2 1 2 1 0 0 0 0 0 0 0 0 0 0 0 0 1 
3 13 5 1 1 4 1 4 0 4 0 1 0 1 0 0 0 0 0 0 0 0 0 0 0 0 0 0 0 13 6 19 38 15 16 8 11 1 5 1 3 0 3 4 0 1 7 3 0 6 41 14 40 48 23 32 8 23 0 15 35 25 13 22 58 78 36 31 5 7 19 21 18 188 5 8 0 10 67 7 9 6 6 3 3 7 0 6 3 0 0 0 0 0 0 0 0 1 0 0 0 2 
16 20 15 2 3 10 8 4 7 2 5 5 2 2 3 0 1 0 0 0 0 0 0 0 0 0 0 0 0 5 6 7 38 22 23 32 46 13 43 27 17 2 39 7 18 16 8 4 8 63 27 29 30 71 8 8 6 27 0 33 18 5 19 18 98 165 43 88 20 50 4 10 19 189 4 17 2 9 35 27 24 6 2 11 4 22 5 12 4 0 0 18 0 5 1 0 0 0 0 0 0 2 
5 15 2 0 3 14 9 5 1 15 4 7 7 1 1 4 1 0 0 0 0 0 1 0 0 0 0 0 1 13 22 5 57 55 46 46 80 26 60 12 10 6 28 25 18 30 9 28 2 22 37 22 55 43 11 4 10 23 0 44 11 4 7 57 155 181 69 95 43 39 2 8 23 116 8 12 4 8 43 5 20 7 3 16 2 12 7 5 0 0 0 5 0 0 1 1 0 1 2 0 0 2 
4 3 8 0 0 5 1 8 0 6 2 0 1 0 0 1 2 0 0 0 0 0 1 0 0 0 0 0 0 1 6 5 20 12 25 19 23 10 14 2 3 0 6 4 8 8 5 2 1 23 46 11 25 23 21 7 30 7 0 36 16 5 4 8 47 91 39 18 21 29 25 2 1 15 16 12 0 10 38 12 5 3 1 10 7 4 0 6 1 0 0 2 0 0 0 0 0 0 0 0 0 2 
3 12 2 1 0 4 11 6 7 0 8 22 1 0 3 0 2 3 0 0 0 0 0 1 0 0 0 0 1 3 0 1 12 8 12 4 19 11 2 1 3 0 14 2 9 12 2 3 2 11 37 15 20 18 12 5 10 17 0 83 15 11 0 8 46 82 20 32 14 53 33 18 18 1 6 6 0 13 28 3 6 8 4 11 3 3 2 15 1 0 0 1 1 0 0 0 0 0 0 0 0 3 
6 4 1 14 4 14 1 17 5 2 6 6 14 22 5 9 6 3 8 16 4 1 1 16 5 1 0 19 1 6 0 15 28 13 25 6 11 2 16 14 7 3 42 52 32 34 30 5 16 78 23 21 9 7 4 3 12 29 0 39 26 11 3 23 12 20 18 18 5 8 6 11 13 13 14 10 17 40 147 64 39 60 44 262 34 63 11 107 29 0 0 47 11 9 13 21 0 7 14 2 1 39 
4 7 2 0 2 3 4 16 4 12 2 19 22 24 10 8 9 5 10 12 1 0 2 8 4 3 0 12 2 9 0 22 53 9 9 3 4 0 9 21 26 1 39 48 28 52 33 10 10 77 27 16 23 24 4 5 12 34 0 36 13 3 4 16 20 28 1 6 9 7 13 11 16 15 4 3 64 31 124 84 26 46 25 206 26 67 21 126 37 0 0 35 22 30 12 3 2 8 26 0 1 27 
4 1 3 0 0 6 1 2 1 2 0 1 2 4 5 1 4 2 2 21 0 0 0 1 0 0 0 0 0 4 1 1 12 6 1 2 5 0 0 9 0 1 15 6 1 6 2 2 3 15 12 4 11 3 8 1 2 6 0 11 3 2 1 1 6 15 1 6 4 3 0 2 9 1 2 13 2 20 60 25 11 13 13 71 7 20 8 35 21 0 0 4 0 37 3 2 0 2 0 1 0 4 
8 16 3 1 3 25 9 12 4 12 2 3 7 12 15 14 16 17 6 8 1 6 2 6 5 0 0 9 0 18 9 5 22 6 23 6 6 1 5 6 9 12 36 19 38 20 7 3 8 82 29 15 12 9 19 9 2 18 0 6 10 5 7 22 38 25 5 15 10 17 7 4 7 41 17 27 6 3 43 31 13 21 8 229 37 30 27 109 38 0 0 46 13 12 18 13 3 8 5 1 3 33 
25 24 7 0 2 13 9 7 1 29 1 5 10 29 40 22 6 13 11 13 1 3 9 31 12 1 0 24 0 26 14 49 91 46 41 4 10 3 27 12 7 4 61 74 33 31 9 7 8 117 108 46 57 20 41 17 8 15 0 26 10 6 18 57 63 89 24 36 19 36 28 19 49 129 50 49 21 18 11 21 26 31 13 121 50 74 22 106 35 0 0 59 21 26 15 15 1 7 15 0 1 53 
6 3 0 1 3 0 3 0 0 6 0 8 0 4 8 2 4 12 12 8 1 3 0 20 6 0 0 3 0 2 11 13 22 11 6 2 12 0 4 9 9 6 48 41 13 24 20 11 12 93 11 15 33 5 9 5 21 6 0 2 2 14 4 21 19 37 23 10 7 18 6 15 13 17 31 39 8 57 15 4 11 38 42 366 78 37 17 95 35 0 0 41 11 31 36 45 3 10 16 0 0 48 
6 9 4 0 1 3 16 1 1 1 0 0 1 2 0 0 2 1 1 9 0 0 2 1 3 0 0 3 0 12 2 18 28 4 3 0 0 2 5 1 6 3 47 20 35 24 22 5 7 83 27 14 25 16 4 2 5 5 0 0 0 4 4 23 27 41 14 27 3 4 6 2 14 13 42 18 2 64 25 29 15 11 6 264 133 61 10 95 7 0 0 48 19 28 38 14 1 7 22 0 3 38 
2 3 9 0 0 3 1 3 4 0 0 0 0 0 0 0 1 0 0 0 0 0 0 5 1 0 0 3 1 7 5 10 17 2 1 0 0 3 0 16 4 3 37 36 14 21 25 3 11 79 7 1 1 0 0 0 5 0 0 6 2 8 1 6 10 8 4 3 6 11 0 1 6 12 22 16 6 27 35 12 11 5 4 110 19 41 15 54 22 0 0 41 26 16 18 10 5 8 4 1 1 49 
17 5 3 2 0 11 0 0 0 3 1 0 0 0 0 0 0 2 0 0 0 0 0 1 4 0 0 6 0 2 4 6 7 4 3 0 0 0 8 8 0 2 41 19 10 27 20 17 15 58 42 5 9 2 8 3 4 6 0 6 2 2 1 1 16 13 6 2 16 7 0 3 13 20 11 28 6 45 54 59 9 14 5 103 44 62 15 98 17 0 0 38 19 22 16 10 2 7 16 3 4 27 
10 4 10 0 0 7 3 2 0 2 0 0 0 0 0 0 0 0 0 0 0 0 0 1 0 1 0 1 10 2 0 3 11 1 0 0 2 1 0 2 8 17 78 36 23 15 19 2 15 112 37 7 30 15 5 1 21 10 0 4 4 1 0 0 1 0 7 3 3 1 9 3 7 5 28 43 10 113 80 37 37 42 36 7 24 46 21 139 17 0 0 45 12 26 33 29 3 10 19 8 25 83 
2 12 12 0 1 1 0 3 2 0 1 0 0 0 0 0 0 0 1 3 0 0 0 2 1 0 0 1 4 2 0 2 7 2 0 0 3 2 2 10 4 7 98 44 46 62 32 6 24 92 48 10 20 26 0 2 5 23 0 10 6 3 1 2 13 12 8 7 2 3 1 12 15 3 27 32 8 45 60 99 36 66 49 59 4 94 18 155 30 0 0 67 26 57 15 54 2 10 35 2 17 86 
18 9 14 0 4 0 2 2 1 0 0 0 0 0 0 5 2 3 6 4 2 0 3 6 2 0 0 4 0 5 1 28 31 6 11 9 15 46 23 4 19 12 57 82 17 28 70 13 26 116 33 5 34 7 2 6 13 9 0 5 16 7 1 8 6 25 3 5 3 4 4 7 15 6 25 33 10 35 24 8 21 24 12 72 32 3 12 64 30 0 0 62 16 47 23 36 4 5 9 1 6 67 
0 17 2 4 4 3 7 2 2 2 2 4 1 0 0 2 1 10 17 10 3 0 2 5 1 3 2 5 2 18 9 24 22 6 20 3 23 44 18 7 19 6 83 57 12 21 20 14 6 94 33 14 26 13 4 1 6 20 0 13 6 2 5 4 6 23 1 1 2 7 0 9 5 11 12 23 9 13 46 22 19 33 19 61 38 39 3 39 20 0 0 68 24 34 16 20 2 11 21 2 8 57 
25 31 26 5 3 26 2 8 3 10 12 3 2 4 1 6 15 18 27 32 10 3 8 31 11 0 0 37 1 48 40 86 200 24 69 19 135 82 81 19 9 18 106 63 35 131 105 31 47 441 33 24 40 12 12 7 25 39 0 31 16 28 4 7 16 21 5 18 3 7 9 25 24 35 57 44 4 48 87 49 63 86 42 111 53 66 18 16 15 0 0 151 35 59 55 94 29 57 64 9 16 394 
11 13 4 0 1 6 1 2 3 1 1 2 2 0 4 10 11 31 5 5 5 3 8 12 2 0 0 8 0 42 3 65 73 16 61 32 115 30 30 39 30 21 101 24 19 40 12 3 9 113 28 13 17 9 0 1 12 4 0 12 6 17 5 6 19 21 2 11 1 3 0 0 1 8 17 16 10 14 30 34 7 21 44 41 18 56 69 60 2 0 0 78 14 49 38 42 11 13 37 0 21 112 
0 0 0 0 0 0 0 0 0 0 0 0 0 0 0 0 0 0 0 0 0 0 0 0 0 0 0 0 0 0 0 0 0 0 0 0 0 0 0 0 0 0 0 0 0 0 0 0 0 0 0 0 0 0 0 0 0 0 0 0 0 0 0 0 0 0 0 0 0 0 0 0 0 0 0 0 0 0 0 0 0 0 0 0 0 0 0 0 0 0 0 0 0 0 0 0 0 0 0 0 0 0 
0 0 0 0 0 0 0 0 0 0 0 0 0 0 0 0 0 0 0 0 0 0 0 0 0 0 0 0 0 0 0 0 0 0 0 0 0 0 0 0 0 0 0 0 0 0 0 0 0 0 0 0 0 0 0 0 0 0 0 0 0 0 0 0 0 0 0 0 0 0 0 0 0 0 0 0 0 0 0 0 0 0 0 0 0 0 0 0 0 0 0 0 0 0 0 0 0 0 0 0 0 0 
1 3 12 0 0 2 1 0 2 4 1 0 0 5 0 5 2 0 2 0 0 0 0 3 3 0 0 3 9 21 6 36 39 12 17 6 39 16 43 11 9 0 13 24 10 22 31 20 21 86 9 3 17 0 1 1 2 4 0 6 1 1 0 6 0 6 0 0 1 0 0 1 0 4 10 4 1 7 5 0 10 6 6 20 7 50 58 50 8 0 0 5 10 6 0 10 0 3 13 2 13 96 
3 5 3 8 2 14 0 0 1 0 4 0 0 3 1 1 2 1 0 0 0 0 2 0 0 0 0 0 0 8 2 26 30 12 38 19 66 46 15 7 11 1 52 56 15 37 22 5 34 71 4 4 6 16 0 8 2 5 0 1 1 3 0 0 4 2 0 0 0 0 0 1 0 2 8 14 1 11 12 6 5 4 7 5 4 44 45 73 29 0 0 18 6 3 0 23 0 6 18 0 2 38 
0 5 1 2 1 2 4 1 3 0 0 3 5 2 0 1 0 2 0 0 0 0 0 0 0 0 0 0 0 9 4 43 36 15 32 9 42 17 23 7 10 0 79 57 60 35 68 12 24 142 5 5 14 26 0 3 1 20 0 5 2 10 0 6 0 2 1 0 0 1 0 0 0 0 25 4 2 30 39 32 11 22 29 40 14 76 49 84 25 0 0 31 7 9 2 33 10 5 9 3 3 126 
3 1 0 1 0 0 1 0 0 4 4 8 3 2 0 0 0 0 1 0 0 0 0 0 0 0 0 3 0 24 0 22 18 3 9 3 17 6 14 1 7 0 68 26 16 31 63 7 10 112 12 8 6 6 1 3 3 3 0 2 1 4 0 1 0 1 0 0 0 0 0 0 0 0 7 9 1 22 15 27 10 24 23 49 14 39 48 84 16 0 0 39 7 3 2 0 0 3 6 0 7 100 
0 5 7 0 3 2 5 0 0 5 9 3 2 1 2 3 0 1 0 0 0 0 0 3 0 0 0 2 0 21 3 29 61 31 31 23 51 50 58 8 29 7 278 108 77 44 85 37 26 118 12 6 26 17 2 20 7 10 0 5 7 9 0 0 2 17 0 0 0 0 0 2 2 1 8 4 0 17 27 23 25 35 26 44 24 88 29 102 48 0 0 208 29 20 4 3 1 18 4 0 32 109 
1 4 1 0 0 4 0 0 0 0 14 0 0 0 0 0 0 0 0 0 0 0 0 0 0 0 0 0 0 0 2 6 4 0 0 1 4 1 2 6 2 1 12 11 29 7 8 3 3 28 2 0 1 2 0 0 0 1 0 2 0 3 0 0 0 0 0 0 0 0 0 0 0 0 2 13 2 3 3 6 3 7 3 18 6 38 18 30 14 0 0 19 7 4 3 1 0 0 0 0 6 18 
0 0 3 0 1 4 1 1 0 0 7 9 1 2 0 1 1 1 0 0 0 0 0 3 0 0 0 2 1 11 7 24 22 7 43 11 42 7 21 16 1 8 47 69 90 56 87 22 38 194 32 2 16 33 6 5 7 14 0 3 2 11 0 1 0 2 0 0 1 1 0 0 0 1 10 18 3 15 32 38 34 49 22 50 21 74 29 118 22 0 0 104 24 16 5 19 0 2 7 0 9 117 
1 1 0 0 3 7 0 2 0 0 11 3 5 3 0 2 0 0 1 0 0 0 0 0 0 0 0 1 0 24 2 13 11 2 24 15 37 14 25 8 4 3 70 43 77 72 78 21 38 170 13 4 9 9 1 0 2 9 0 10 2 1 0 0 4 2 0 0 0 0 0 0 1 0 23 16 7 16 25 32 24 41 48 50 39 75 26 112 33 0 0 64 8 28 18 3 4 1 7 30 4 74 
0 3 0 1 0 0 0 0 2 1 3 1 0 0 3 0 0 2 0 0 0 0 0 0 0 0 0 0 0 7 0 7 18 7 37 12 12 3 9 7 8 0 21 11 28 20 27 16 5 63 8 3 4 0 0 1 1 3 0 0 1 1 0 0 0 0 4 0 0 0 0 0 0 0 1 3 0 9 7 1 6 17 7 18 13 29 18 38 15 0 0 25 38 22 5 4 0 4 21 6 0 34 
0 1 3 0 0 0 0 0 0 0 3 0 0 0 0 0 4 0 0 0 0 0 0 0 0 0 0 0 0 1 0 6 3 3 6 2 6 3 3 0 2 0 19 7 3 12 1 2 1 21 1 0 3 0 0 2 6 9 0 0 0 5 0 0 0 0 0 0 0 0 0 0 0 1 2 7 0 0 1 1 2 0 4 11 6 34 1 24 2 0 0 19 0 4 4 1 1 1 0 0 1 2 
1 8 2 0 1 2 3 0 0 5 0 3 3 4 5 1 4 1 0 0 1 0 1 0 0 0 0 1 0 3 3 20 32 3 27 6 25 35 29 10 20 2 50 41 47 52 21 21 16 38 13 7 4 2 3 3 7 3 0 1 11 5 0 0 0 1 0 0 0 0 1 0 0 5 7 8 0 1 16 20 17 13 11 40 15 61 19 172 24 0 0 65 11 23 30 14 3 10 13 1 0 6 
