11 13 33 4 17 38 59 29 49 24 9 56 99 169 84 82 53 32 40 7 8 24 9 31 11 0 1 57 82 1 1 1 37 6 10 1 8 3 52 19 20 3 19 16 24 16 13 5 5 75 10 2 10 16 4 0 3 8 0 0 1 2 0 5 8 7 2 5 4 3 3 3 6 6 0 3 0 1 22 2 3 2 1 9 3 4 3 23 2 0 0 11 0 3 6 1 0 3 1 0 1 13 
13 12 14 3 12 28 39 27 43 31 13 50 80 144 65 99 68 24 52 19 12 8 3 45 13 0 0 44 142 3 1 1 28 3 7 1 12 8 41 23 26 6 11 13 15 20 6 5 3 58 4 12 14 4 2 2 5 10 0 1 3 1 1 8 3 18 3 7 0 3 4 7 2 11 0 5 0 0 8 0 2 2 2 16 1 6 2 13 5 0 0 10 3 1 4 1 0 1 1 0 0 10 
26 18 11 10 11 27 32 42 55 35 11 49 64 134 68 78 45 40 52 6 11 12 7 24 15 0 1 34 572 2 2 5 20 2 13 1 9 2 28 29 14 3 9 13 17 20 13 9 0 48 9 1 8 2 1 2 1 8 0 0 2 7 6 2 6 12 2 1 1 0 3 11 11 1 2 1 1 1 14 1 0 1 3 5 1 3 2 21 2 0 0 12 4 3 2 1 0 2 1 0 1 9 
10 17 23 2 8 4 24 12 13 8 5 6 16 12 13 14 7 5 5 1 3 3 0 10 3 0 0 3 45 1 2 0 4 3 0 0 0 0 4 8 2 0 0 3 1 1 4 2 1 13 1 1 1 2 3 0 0 1 0 1 1 3 0 3 1 1 1 0 0 0 0 0 0 1 0 2 0 0 2 0 0 0 0 1 0 1 0 1 1 0 0 0 0 0 1 0 0 0 1 0 0 3 
12 19 9 2 5 8 24 5 7 6 8 14 19 40 29 33 26 11 14 0 1 8 2 9 7 0 0 18 28 1 3 1 2 1 0 0 1 1 14 11 2 1 2 3 1 1 2 3 0 15 0 0 3 0 2 2 3 1 0 0 5 6 0 2 0 6 2 3 0 0 0 0 0 1 1 0 0 1 6 0 2 0 0 1 0 0 5 2 1 0 0 1 0 0 0 0 0 1 0 0 0 1 
30 49 35 15 17 15 28 17 20 16 21 33 83 148 71 99 72 25 44 12 10 6 4 38 17 0 2 46 128 1 1 0 10 0 4 2 6 6 37 15 15 1 13 10 7 18 8 2 10 35 8 1 16 6 4 0 1 11 0 4 1 1 3 2 7 17 1 2 2 6 5 2 7 6 2 0 0 0 25 0 0 0 0 4 0 5 0 15 2 0 0 13 1 0 1 3 0 0 7 0 0 4 
27 72 41 10 13 21 10 25 29 20 16 30 58 100 67 60 49 29 35 6 12 9 4 18 12 0 1 27 96 4 6 5 25 2 3 2 5 7 29 20 17 8 11 26 10 20 11 7 9 37 7 2 12 1 3 11 3 6 0 5 0 5 4 6 10 9 1 5 2 0 4 0 7 6 4 1 1 2 9 1 3 0 2 2 3 7 5 7 2 0 0 6 5 2 0 1 0 0 1 0 0 2 
22 28 49 6 2 12 31 8 9 13 21 28 80 135 69 88 65 26 36 15 11 16 4 24 6 0 2 19 52 3 0 7 4 7 6 0 0 8 32 16 16 1 15 9 6 10 15 4 3 20 4 4 5 2 7 1 9 8 0 1 0 3 2 6 13 18 0 5 2 1 4 3 5 0 2 3 6 0 10 1 1 2 0 3 2 3 0 7 1 0 0 8 1 1 1 5 2 0 0 0 0 8 
19 48 56 11 9 23 73 25 8 6 11 33 65 88 53 103 66 29 40 12 12 8 4 24 6 1 2 36 77 5 2 5 10 4 4 0 3 4 54 19 23 1 14 12 4 26 10 3 1 42 7 2 4 1 3 3 3 12 0 2 2 1 3 3 3 9 4 5 0 1 3 2 3 0 4 1 0 0 11 1 1 1 2 1 1 1 0 11 1 0 0 14 1 0 0 2 0 2 0 0 0 5 
11 31 34 9 9 12 19 12 5 1 10 21 33 48 42 77 55 21 21 11 13 6 2 29 13 0 0 19 36 1 0 3 4 2 0 0 1 2 19 13 23 2 1 5 4 9 3 2 3 16 6 2 4 9 2 3 4 2 0 1 0 5 0 4 3 12 1 1 0 0 1 3 3 4 2 5 0 3 9 0 2 0 1 6 0 2 0 3 1 0 0 4 3 0 0 4 0 0 0 0 0 3 
18 9 10 7 10 5 9 13 22 21 3 10 40 39 21 53 36 22 21 1 8 2 2 16 11 1 0 28 30 12 2 2 3 0 1 1 0 2 16 8 2 4 7 8 5 10 8 2 1 18 4 7 5 2 2 0 0 5 0 2 0 11 0 4 0 3 1 2 1 0 1 1 0 2 1 1 0 0 9 0 0 0 0 1 0 1 0 7 2 0 0 6 1 2 1 0 0 0 0 0 0 0 
41 57 35 11 26 25 33 37 33 21 13 10 28 53 31 66 58 44 40 12 14 15 16 56 26 2 1 67 68 9 0 5 9 1 0 1 4 8 27 21 12 4 10 8 7 16 5 4 3 40 8 0 6 5 2 0 15 10 0 4 1 22 1 2 4 4 2 3 1 2 2 4 4 1 4 3 0 3 9 0 0 0 0 3 0 2 0 2 0 0 0 20 1 1 2 0 0 0 0 0 0 5 
40 68 50 12 15 52 46 52 64 60 20 26 9 50 24 101 105 53 68 31 29 19 19 63 37 4 1 93 53 13 7 9 14 0 0 2 2 7 38 20 24 3 15 4 17 13 11 3 9 44 10 5 8 5 1 3 13 3 0 5 3 5 2 1 1 3 0 3 1 4 3 2 2 7 5 3 3 0 14 2 0 0 0 1 0 0 0 2 0 0 0 16 2 3 4 2 1 0 2 1 0 9 
42 60 45 10 21 35 28 37 44 34 11 14 21 11 7 53 54 35 67 26 35 29 18 80 46 6 4 185 42 2 0 1 8 1 2 0 3 2 7 12 6 1 4 5 6 10 4 5 4 33 7 2 17 1 2 5 0 3 0 7 1 5 0 1 0 0 0 0 0 0 0 3 1 2 1 2 0 2 15 1 0 1 0 0 0 1 0 6 1 0 0 11 0 0 3 1 0 1 0 0 0 2 
48 60 50 8 17 52 37 48 69 45 22 36 35 18 10 26 37 38 49 20 28 31 27 87 34 9 8 150 51 9 1 4 11 1 1 2 0 0 15 16 13 1 12 1 6 9 11 1 4 18 5 7 18 3 0 2 4 16 0 4 3 1 1 0 0 0 0 0 0 0 0 0 2 1 5 1 0 1 25 0 0 0 1 0 0 5 0 9 1 0 0 6 1 1 0 2 0 0 2 1 0 2 
31 43 44 7 24 41 35 50 42 45 15 41 62 38 11 28 55 54 62 13 52 21 17 99 39 15 3 103 46 20 10 9 56 13 30 9 45 2 19 46 17 2 16 11 12 19 9 2 5 35 5 1 9 10 3 5 5 7 0 2 2 12 0 0 1 1 0 0 0 0 2 0 4 4 4 0 0 1 28 0 2 0 0 0 0 4 0 10 1 0 0 11 1 10 7 1 0 0 0 0 0 10 
12 42 40 12 9 40 29 28 50 26 15 42 75 111 49 129 14 49 58 14 43 22 34 99 29 12 9 63 29 27 14 35 57 24 32 20 47 13 64 52 51 6 37 34 31 32 31 31 6 69 10 5 10 4 2 4 3 6 0 4 3 13 2 8 2 1 0 1 2 2 0 1 1 4 7 1 1 0 21 1 1 1 0 0 1 11 8 18 10 0 0 11 9 4 0 1 0 0 3 0 1 6 
18 32 23 3 9 18 17 24 25 28 18 33 53 135 50 127 47 14 53 11 37 18 19 55 30 15 2 72 30 12 13 13 28 17 23 6 29 4 56 23 22 3 19 20 20 28 16 5 4 52 7 3 9 7 4 1 4 7 0 2 5 8 1 2 0 0 0 0 0 0 0 0 1 0 5 3 0 2 21 3 2 0 0 0 0 2 1 14 1 0 0 8 1 1 0 1 0 0 2 0 0 8 
31 32 21 1 6 16 16 28 21 32 7 35 43 137 55 79 63 24 2 7 25 11 13 50 13 17 1 70 39 14 3 9 16 5 12 3 22 6 41 6 4 1 3 9 7 17 6 5 5 45 2 2 3 1 0 4 0 4 0 2 1 3 0 1 0 0 0 0 0 0 0 0 0 1 6 2 1 1 10 1 1 0 0 1 0 4 2 10 0 0 0 10 0 1 0 0 0 0 0 0 0 0 
19 19 16 1 10 11 15 23 15 13 7 27 56 71 35 96 66 51 34 1 3 10 18 44 24 14 6 109 15 15 1 3 19 6 16 7 14 9 30 15 10 0 6 5 17 8 6 4 0 18 1 1 4 0 1 0 1 2 0 0 0 5 1 0 0 1 0 0 0 0 0 0 0 0 4 1 0 0 6 2 0 0 1 0 1 3 1 9 0 0 0 0 1 0 0 0 0 0 0 0 0 1 
14 18 17 3 5 18 10 14 12 16 7 30 50 120 53 155 107 82 47 4 5 17 14 21 11 7 14 80 14 12 2 3 10 1 15 10 24 11 57 13 22 2 14 15 15 7 10 6 1 26 0 0 1 1 0 0 0 1 0 0 0 0 0 0 0 0 1 0 0 0 0 0 0 0 1 0 0 1 2 0 1 1 0 1 0 7 3 6 3 0 0 3 0 0 0 0 0 0 0 0 0 2 
28 28 19 2 5 19 13 35 24 37 14 29 53 169 71 159 94 66 50 0 9 11 21 28 10 25 9 155 49 13 2 3 10 2 16 6 26 8 56 13 9 0 7 10 11 17 11 6 0 35 0 0 1 0 0 2 1 2 0 3 0 3 0 0 0 0 0 0 0 0 0 0 0 0 2 3 0 0 6 0 2 0 1 0 0 1 2 3 0 0 0 1 0 0 0 0 0 0 0 0 0 2 
7 5 9 1 3 15 3 8 6 13 1 18 22 56 60 127 116 78 49 10 39 18 6 19 10 14 5 138 14 5 1 3 16 7 22 4 20 4 60 11 2 0 2 8 13 17 8 4 6 26 2 0 0 1 1 6 1 1 0 0 0 0 1 1 0 0 0 0 0 0 0 0 0 0 1 1 0 1 6 2 0 0 0 1 0 1 4 9 2 0 0 4 0 0 0 0 0 0 0 0 0 2 
30 21 21 2 14 18 11 35 27 47 4 28 56 175 84 192 180 101 92 20 42 23 22 11 9 56 28 139 12 11 2 4 51 11 29 19 40 18 89 36 28 3 5 23 12 38 20 6 6 97 9 2 11 5 0 4 8 6 0 2 1 2 3 2 0 0 0 0 0 0 0 0 0 0 3 1 0 1 22 1 3 2 2 1 2 2 1 17 3 0 0 2 1 0 0 0 0 0 2 0 0 0 
37 31 24 10 11 42 13 24 21 51 18 42 91 143 78 138 92 56 66 30 43 24 14 14 6 9 10 93 19 14 7 8 148 17 22 21 32 13 91 18 52 2 19 30 24 43 33 13 13 161 23 4 32 4 19 6 4 8 0 9 2 1 1 4 1 0 0 0 0 0 0 0 2 4 9 6 2 4 42 0 5 0 0 2 0 10 5 56 6 0 0 10 0 1 4 2 1 0 1 0 0 9 
0 0 0 0 0 2 0 7 2 3 4 3 0 11 6 13 11 6 14 22 8 13 5 29 3 3 1 13 0 0 0 1 1 0 1 2 4 1 8 1 0 0 1 0 2 0 1 0 0 1 0 1 0 1 0 0 0 1 0 0 1 0 0 0 1 0 0 0 0 0 0 0 0 0 0 0 0 0 0 0 0 0 0 0 0 0 6 0 0 0 0 1 0 0 0 0 0 0 0 0 0 0 
0 0 3 0 0 5 1 9 0 4 0 5 8 21 9 18 16 2 10 11 24 18 12 42 13 4 2 99 1 0 0 3 3 3 1 0 3 4 13 4 2 0 0 2 3 0 1 1 0 2 1 0 1 0 0 1 0 1 0 0 0 0 0 0 1 0 0 0 0 0 0 0 0 1 0 1 0 0 2 0 0 0 1 1 0 0 0 1 0 0 0 0 0 0 0 0 0 0 0 0 0 0 
27 31 27 6 18 17 12 12 27 35 13 58 103 221 96 204 169 85 66 43 105 90 81 134 58 15 31 14 11 3 5 8 31 7 24 12 60 30 101 39 45 2 22 41 34 35 27 9 12 132 10 2 19 5 1 2 2 8 0 1 2 2 0 1 0 3 1 1 0 0 0 0 0 0 9 4 2 2 16 1 0 1 0 9 1 5 4 46 3 0 0 17 0 1 2 2 0 1 4 1 0 17 
7 7 7 2 0 2 2 2 10 5 1 4 3 7 8 9 2 1 0 4 1 0 0 3 2 0 0 4 0 1 0 0 3 0 0 2 0 0 1 2 0 0 2 0 4 1 0 1 0 2 0 0 2 0 1 0 0 1 0 1 0 0 1 1 0 1 0 0 0 0 0 0 0 2 0 0 0 0 1 0 0 0 1 0 0 0 0 1 0 0 0 1 0 0 0 0 0 0 0 0 0 0 
2 2 0 0 0 7 6 4 4 8 6 10 14 14 9 39 61 37 33 12 9 4 3 17 4 1 1 1 17 22 115 122 436 133 297 257 656 213 384 199 117 10 89 120 91 108 93 27 19 301 13 11 24 11 2 6 5 11 0 10 8 22 1 34 29 100 11 10 7 20 2 5 7 2 10 10 2 1 39 3 5 7 3 7 4 23 10 92 18 0 0 67 25 11 15 13 1 2 13 0 0 24 
0 1 0 0 0 2 1 2 3 1 1 1 6 1 0 15 28 16 10 1 0 3 2 12 8 0 0 1 6 71 5 76 204 48 127 97 215 86 133 64 38 3 40 31 21 41 16 10 15 70 3 1 8 2 3 0 1 3 0 3 4 7 2 15 21 41 6 8 4 2 2 1 9 0 1 0 3 4 10 2 1 2 0 1 1 7 1 35 1 0 0 37 8 4 2 7 0 2 5 0 2 5 
11 3 7 0 1 0 4 7 4 6 2 6 2 6 6 17 41 25 27 3 3 4 0 8 9 2 0 6 11 141 83 17 152 75 179 136 440 183 319 162 107 9 77 75 63 101 65 21 25 175 19 5 13 9 8 2 5 11 0 4 2 14 3 9 14 50 6 4 10 4 0 2 3 2 2 2 1 1 23 3 7 5 2 2 2 22 5 58 12 0 0 49 12 10 9 5 1 4 5 0 1 16 
8 18 8 1 2 3 8 9 4 8 3 8 16 9 6 16 44 32 27 1 6 5 11 39 25 1 0 17 12 221 53 104 19 56 127 161 568 141 246 130 101 13 94 69 75 109 100 38 31 366 31 20 34 11 7 12 9 8 0 12 3 13 0 17 11 48 10 10 11 24 15 13 18 7 5 4 0 8 34 4 1 8 5 5 3 14 8 107 12 0 0 49 14 9 11 12 2 7 5 3 5 39 
4 6 2 1 1 1 1 2 0 1 0 0 3 0 4 6 22 9 10 0 2 3 3 7 4 0 0 7 0 50 10 40 45 4 24 28 149 64 144 69 27 14 42 48 36 47 42 9 16 70 10 8 12 7 2 10 9 19 0 2 2 22 2 2 9 37 3 8 3 7 11 11 29 9 1 5 3 1 19 2 2 0 0 1 2 3 0 17 7 0 0 41 6 6 5 1 0 0 1 0 0 5 
1 7 1 1 1 1 0 1 0 4 1 0 2 0 4 15 30 15 7 1 3 2 1 8 4 2 1 15 6 107 44 73 109 35 19 29 135 84 131 90 56 9 49 52 46 42 22 10 10 91 7 4 13 3 2 1 5 5 0 6 4 11 2 9 7 15 7 7 0 4 7 10 18 5 1 3 0 0 10 3 2 0 0 1 2 13 1 22 10 0 0 37 12 4 9 8 0 4 6 0 0 20 
0 2 4 0 1 2 0 2 1 1 0 4 1 0 2 13 16 14 5 3 4 3 2 11 5 0 0 11 4 144 36 70 118 29 52 9 236 70 137 71 52 17 36 33 42 53 41 11 17 119 6 3 4 3 2 0 3 3 0 1 0 9 0 5 7 11 3 7 1 5 1 3 11 9 1 2 0 0 10 1 0 1 0 0 1 3 2 14 10 0 0 14 5 2 5 6 1 3 10 0 0 17 
6 3 2 0 0 0 3 2 1 1 2 1 6 0 0 13 28 9 6 4 6 7 3 20 6 1 2 15 9 234 74 163 209 73 155 129 26 79 202 219 86 22 91 71 90 79 92 33 29 226 13 8 8 4 1 1 3 7 0 2 0 15 7 10 12 16 4 11 2 11 13 12 8 17 5 4 0 0 5 3 0 0 0 1 0 16 9 32 20 0 0 68 16 16 10 9 2 4 11 5 1 26 
3 8 7 2 4 8 6 6 2 5 2 8 12 11 2 4 23 8 17 4 5 4 3 20 9 1 0 29 16 135 31 104 195 64 74 62 135 10 155 194 123 13 134 146 106 135 100 34 29 283 3 3 10 2 4 1 2 2 0 0 2 17 1 13 3 4 3 2 2 0 5 5 4 3 2 3 0 1 9 0 5 1 0 4 2 23 6 56 21 0 0 118 17 16 11 9 1 9 8 3 0 26 
6 12 8 0 1 10 12 14 13 13 1 9 17 13 7 8 17 23 17 1 11 7 8 28 5 5 0 40 13 92 27 82 186 77 82 57 251 96 6 244 115 18 90 113 84 119 101 34 22 266 6 8 10 3 2 8 3 10 0 1 3 21 3 15 11 10 1 3 3 1 6 4 14 8 2 3 3 2 8 2 4 2 0 3 1 22 10 65 9 0 0 125 26 10 16 10 5 2 13 1 1 33 
16 25 15 4 8 18 17 16 14 31 6 25 24 42 15 38 63 38 41 12 12 5 4 29 19 2 2 37 33 122 33 83 238 62 169 93 598 265 710 40 52 31 135 185 134 208 190 38 48 307 10 3 8 4 0 3 5 9 0 0 5 18 8 18 15 12 2 8 1 2 3 2 9 9 6 5 2 0 19 3 2 1 6 7 7 9 9 20 18 0 0 56 18 6 6 11 0 2 4 0 1 35 
13 19 13 1 5 14 10 13 6 4 4 6 16 8 7 13 47 29 10 13 7 3 9 25 14 1 1 44 10 70 26 69 158 40 74 43 254 158 326 63 15 25 75 88 53 152 111 26 29 225 2 1 3 3 1 1 2 1 0 5 4 36 2 12 7 13 1 2 3 3 3 7 5 7 7 6 0 3 9 3 5 4 3 15 8 15 14 16 17 0 0 41 14 12 20 5 0 0 6 1 3 20 
3 2 2 0 1 1 0 0 2 0 1 0 3 3 5 2 1 6 0 2 2 1 0 1 2 0 0 10 2 13 5 7 21 4 14 3 86 22 56 13 27 1 29 48 29 34 19 6 10 46 1 0 3 3 0 0 0 3 0 0 1 2 0 5 1 2 2 1 0 0 2 1 7 1 3 3 1 0 0 3 0 1 4 3 2 9 8 13 8 0 0 13 9 3 8 1 1 3 1 0 0 6 
3 9 3 2 3 2 7 8 3 11 2 3 5 8 3 7 14 16 5 2 8 1 1 7 2 0 0 13 10 34 19 29 109 29 38 24 144 86 164 49 36 9 14 60 47 94 40 22 29 122 7 5 7 12 1 3 2 4 0 1 2 4 6 7 7 11 6 1 1 1 1 4 4 8 11 6 3 8 22 6 11 15 7 32 15 81 23 83 37 0 0 68 20 21 30 21 3 12 32 2 2 76 
14 16 12 2 3 6 8 6 8 6 5 0 3 7 6 3 24 22 15 8 5 3 4 16 13 0 2 25 19 45 6 53 105 36 81 28 163 116 150 73 72 25 71 22 85 160 85 45 38 226 13 4 18 3 2 5 4 3 0 5 4 13 2 9 14 12 5 2 1 3 4 3 18 1 21 14 8 1 31 25 14 8 13 69 20 79 35 77 26 0 0 131 27 26 56 47 2 21 22 6 1 77 
11 9 22 1 1 9 7 13 2 4 4 12 11 6 5 11 31 25 24 2 7 8 2 23 17 2 2 35 10 49 21 46 111 40 61 32 200 84 180 85 53 21 89 130 14 158 113 62 32 286 8 3 9 6 1 1 1 3 0 0 0 7 2 7 9 19 5 5 2 4 1 2 11 13 9 4 0 11 19 7 2 6 7 26 5 21 6 66 12 0 0 88 17 18 48 21 2 16 25 5 1 60 
12 8 10 0 1 16 1 18 9 5 0 13 9 8 9 8 26 22 31 7 3 5 3 29 15 2 0 15 11 44 13 34 200 31 66 46 175 74 122 95 83 14 82 202 88 14 134 89 89 303 10 4 14 4 1 1 7 4 0 1 1 10 0 11 8 19 1 6 1 4 3 1 10 9 7 3 0 7 18 8 6 17 9 30 6 32 15 123 18 0 0 78 17 25 32 7 12 22 33 0 1 81 
15 19 9 3 4 10 10 6 14 6 14 3 12 6 3 9 41 35 32 5 8 1 1 32 8 0 0 25 13 55 18 55 210 30 67 53 217 118 196 118 98 30 91 169 111 214 13 87 81 201 9 3 14 6 2 1 2 5 0 0 3 9 4 8 11 19 3 3 4 3 2 4 6 7 9 6 2 1 23 7 7 5 8 30 19 39 13 166 12 0 0 94 14 22 32 19 4 7 36 1 0 101 
1 11 6 0 1 3 3 3 3 5 2 10 7 5 6 8 16 3 11 3 2 1 0 17 10 0 0 10 3 18 10 21 112 18 50 22 103 56 119 69 70 17 102 200 115 396 340 7 35 388 7 0 7 2 0 2 6 2 0 0 1 4 3 7 2 9 5 2 1 0 11 6 5 4 3 5 0 5 2 3 6 11 4 34 15 30 6 105 21 0 0 92 21 18 27 12 3 9 13 2 0 37 
5 9 8 0 3 3 4 4 4 8 3 11 6 15 13 6 16 10 10 3 6 4 2 26 2 0 0 11 5 43 8 31 150 30 45 30 130 68 143 119 83 24 128 283 182 545 372 134 9 672 8 6 13 0 1 0 4 2 0 3 3 10 1 6 2 15 2 3 1 2 0 8 8 2 5 2 1 2 10 7 2 5 9 36 12 35 10 188 11 0 0 170 19 29 52 29 0 5 39 3 1 48 
44 32 38 6 20 30 18 21 27 51 21 37 13 55 23 37 70 81 61 15 25 9 15 137 38 5 3 93 50 177 51 97 966 94 165 124 532 292 502 272 241 61 273 521 338 689 294 215 96 40 34 17 55 13 6 7 14 16 0 9 7 18 7 17 22 44 12 10 5 6 15 13 27 34 42 32 2 17 88 15 28 28 28 92 38 107 34 704 39 0 0 268 64 81 139 39 12 30 68 8 13 224 
4 16 10 6 8 8 3 3 0 7 8 6 19 34 22 28 21 6 13 2 0 1 1 26 17 0 1 27 8 7 1 6 61 13 13 7 16 6 18 12 8 1 13 35 19 23 23 7 5 45 5 5 64 20 9 15 36 31 0 54 18 1 6 23 18 52 5 18 3 13 11 11 17 24 6 10 2 2 133 14 17 7 15 38 16 23 10 80 7 0 0 49 1 9 8 2 0 3 6 4 0 24 
1 5 3 3 1 2 1 2 5 4 2 4 13 12 3 10 12 6 8 1 1 0 1 21 8 0 0 7 6 8 2 8 44 8 9 1 14 4 23 6 9 2 6 19 11 12 3 4 5 34 5 3 26 27 5 6 15 23 0 19 19 4 0 11 16 21 4 4 5 3 4 0 8 9 5 8 1 1 64 5 3 1 8 19 6 8 9 18 8 0 0 18 2 3 10 0 1 3 0 0 0 11 
9 9 7 4 3 4 4 7 2 6 2 4 16 23 6 26 31 13 5 2 0 0 5 38 6 0 1 12 11 9 1 16 84 16 13 9 21 7 32 12 9 1 12 23 13 18 12 5 8 71 14 14 5 11 17 14 20 50 0 45 4 11 2 24 19 42 8 13 6 12 6 5 9 25 10 3 1 9 110 12 8 2 8 32 13 28 8 81 7 0 0 25 2 3 12 9 0 5 11 0 1 17 
6 4 5 2 1 11 6 7 5 12 1 5 5 21 14 14 5 18 8 0 2 2 2 11 1 0 0 3 4 6 15 12 35 5 11 6 16 6 15 5 8 1 15 16 7 12 14 2 1 30 24 28 28 5 10 24 25 41 0 34 11 19 2 21 24 24 8 13 6 4 5 4 7 11 6 3 2 11 90 9 6 4 11 20 5 11 5 21 5 0 0 9 2 8 3 3 0 2 4 0 1 10 
3 4 3 1 2 2 1 4 2 1 2 4 1 10 1 3 3 2 3 1 2 1 0 5 2 2 0 5 4 4 1 3 22 4 5 1 3 4 7 1 5 4 3 3 4 3 1 4 1 13 11 8 17 14 1 2 12 10 0 21 6 9 2 5 2 9 4 1 3 5 1 1 8 6 1 2 1 6 33 1 1 4 0 13 3 5 0 6 3 0 0 5 1 0 3 0 0 2 3 0 1 2 
0 0 1 0 2 1 3 2 1 1 0 0 1 13 2 4 10 3 2 0 0 0 0 1 0 0 0 4 4 0 0 1 8 5 7 0 4 0 3 2 0 2 0 6 0 3 4 1 0 4 6 5 9 3 3 1 7 17 0 18 2 1 3 5 1 5 0 5 2 2 5 1 1 6 1 4 1 4 30 2 1 1 1 7 4 2 2 13 2 0 0 7 1 1 1 0 0 0 1 0 0 1 
3 3 4 0 0 0 3 1 2 2 3 2 5 14 7 10 5 12 6 1 0 0 2 3 3 0 0 7 4 3 2 15 38 9 12 5 5 0 24 6 3 0 7 5 1 4 7 1 0 17 31 11 20 22 10 9 6 28 0 14 15 15 7 16 16 36 10 10 3 11 2 4 13 11 6 10 3 3 70 8 8 2 9 25 2 6 5 13 5 0 0 16 0 15 8 2 2 1 1 0 0 7 
5 12 5 0 7 9 8 2 4 3 1 10 17 32 11 17 20 10 4 2 1 1 3 3 5 0 0 8 6 7 5 21 37 14 23 5 18 6 10 10 4 2 20 31 8 17 6 1 5 36 26 17 35 25 9 45 7 4 0 49 13 11 8 30 18 15 6 12 1 5 7 5 15 15 6 8 1 9 89 13 7 6 4 29 11 11 2 28 6 0 0 32 3 6 6 2 0 2 5 0 0 11 
0 0 0 0 0 0 0 0 0 0 0 0 0 0 0 0 0 0 0 0 0 0 0 0 0 0 0 0 0 0 0 0 0 0 0 0 0 0 0 0 0 0 0 0 0 0 0 0 0 0 0 0 0 0 0 0 0 0 0 0 0 0 0 0 0 0 0 0 0 0 0 0 0 0 0 0 0 0 0 0 0 0 0 0 0 0 0 0 0 0 0 0 0 0 0 0 0 0 0 0 0 0 
12 14 16 2 5 6 6 3 4 5 4 11 13 28 31 26 29 21 22 9 5 5 1 19 8 1 0 17 12 9 2 10 13 13 5 0 2 1 8 5 3 0 7 5 9 13 6 1 3 16 45 17 33 21 11 61 22 26 0 3 8 14 5 8 24 50 14 14 4 12 17 12 30 29 7 6 2 5 48 3 4 4 2 15 7 10 4 24 1 0 0 18 5 1 1 0 0 0 3 0 0 7 
5 0 0 0 0 0 2 0 4 0 0 0 1 4 0 6 1 1 2 0 1 0 0 4 0 0 0 1 8 4 2 6 10 1 1 0 3 2 14 6 3 0 5 3 0 1 2 3 1 5 9 10 10 11 3 9 11 11 0 3 1 15 5 11 14 14 14 3 5 14 5 10 14 15 4 4 1 1 26 4 3 2 1 10 0 2 4 13 0 0 0 5 1 4 0 0 0 0 4 0 0 2 
1 4 2 0 0 4 0 1 0 3 2 4 0 1 1 1 2 0 0 0 0 0 0 0 0 0 0 0 1 7 0 8 4 5 3 0 9 3 7 4 0 0 3 6 3 2 1 0 2 6 2 13 3 2 4 6 1 6 0 2 5 1 3 8 10 13 7 4 0 1 2 2 5 2 0 0 1 2 8 0 3 2 1 1 1 1 1 4 2 0 0 2 2 0 0 0 0 2 1 0 0 0 
0 2 1 0 0 1 3 0 0 1 0 3 2 2 0 2 0 2 0 0 0 1 1 0 0 0 0 1 2 5 1 4 1 2 3 3 17 4 5 7 0 1 1 1 4 1 1 0 0 6 1 0 5 4 1 7 7 9 0 4 5 0 0 2 10 18 10 11 2 3 2 1 6 4 0 1 3 0 12 2 3 0 1 1 0 0 0 4 0 0 0 3 0 0 0 1 0 0 0 0 0 0 
2 11 1 0 0 1 4 3 4 1 0 1 2 1 0 0 3 3 3 0 1 1 1 2 1 0 0 1 2 11 3 5 14 1 8 8 45 8 34 12 8 5 4 10 6 5 5 2 10 19 8 9 30 16 2 14 6 10 0 14 6 42 4 2 17 30 13 9 4 7 6 21 16 30 2 3 0 6 37 6 4 1 2 3 3 0 2 7 1 0 0 8 0 1 0 2 0 0 1 0 0 4 
4 7 3 0 0 3 5 5 0 7 3 1 0 0 0 0 5 1 1 0 0 0 0 3 0 1 0 1 10 34 6 14 33 10 12 7 20 14 24 19 11 0 16 25 10 12 5 7 3 33 14 14 25 18 8 5 10 10 0 26 18 63 22 16 12 51 20 23 14 26 27 19 43 26 2 4 3 5 54 5 5 2 7 11 0 9 2 15 2 0 0 12 3 8 0 0 1 0 2 0 0 6 
15 13 13 0 3 5 14 10 10 8 3 1 2 1 1 5 3 0 0 0 0 0 0 0 0 0 0 3 4 40 28 22 48 23 14 11 49 4 43 24 9 2 12 15 14 18 19 4 6 35 42 15 27 10 13 9 14 17 0 36 11 79 30 35 34 31 21 39 18 50 45 43 66 57 15 10 4 7 70 3 10 7 8 11 2 6 0 16 1 0 0 20 0 0 0 1 1 0 3 0 0 2 
2 10 1 0 2 3 1 0 6 1 0 0 1 0 0 0 1 0 1 0 2 0 0 0 0 0 0 1 6 9 0 14 12 12 8 1 27 5 8 0 6 0 9 6 7 6 1 2 1 9 10 4 8 2 2 6 4 2 0 11 11 10 2 12 11 16 0 8 10 19 15 18 26 19 4 9 0 1 13 2 1 0 0 2 0 1 1 4 1 0 0 1 0 0 0 0 0 1 0 0 0 1 
7 6 4 1 2 7 6 3 4 4 3 1 1 0 1 0 0 0 0 0 0 0 0 0 0 0 0 0 5 7 2 4 14 18 15 7 23 2 17 6 0 1 5 11 6 5 11 1 0 21 14 11 34 6 5 8 13 25 0 28 15 38 6 22 35 51 7 8 2 25 24 39 29 61 7 9 3 4 49 7 4 0 2 5 3 2 0 1 1 0 0 3 0 1 0 0 0 0 0 0 0 2 
1 3 0 0 0 0 2 1 1 1 0 0 1 0 0 0 0 0 0 0 0 0 0 0 0 0 0 0 3 1 1 2 7 5 6 3 16 3 7 3 1 1 8 3 3 4 3 2 3 6 4 2 6 1 3 1 2 6 0 9 8 11 5 7 10 35 18 9 0 11 23 22 13 20 1 2 0 2 10 0 1 1 1 3 0 1 0 4 0 0 0 2 0 0 0 0 0 0 0 0 0 0 
5 3 8 0 0 3 6 5 0 0 0 2 0 3 0 0 0 0 1 1 0 0 0 0 0 0 0 0 2 10 2 14 23 17 16 10 22 6 19 12 6 1 5 6 3 1 2 2 4 12 19 9 17 19 4 4 16 21 0 22 17 34 11 13 47 84 21 24 6 6 23 38 44 90 2 3 4 1 45 4 0 2 7 10 3 2 1 4 0 0 0 4 0 0 0 0 0 0 0 0 0 0 
6 6 5 0 1 4 2 2 4 4 2 4 2 2 7 0 1 0 0 0 0 0 0 3 0 0 1 0 11 7 3 3 22 18 28 14 58 21 30 18 2 2 4 7 3 13 10 3 4 30 11 1 15 11 5 6 13 11 0 21 9 19 10 28 48 108 27 51 28 34 7 106 23 40 4 2 2 4 38 8 4 5 0 8 2 4 2 5 3 0 0 4 0 0 1 0 0 0 0 0 0 0 
2 3 5 1 2 3 4 0 1 1 0 4 1 2 0 2 2 0 0 0 0 0 0 0 0 0 0 0 8 7 3 0 47 15 33 11 35 8 20 13 1 1 21 6 6 3 6 1 2 19 9 7 9 3 6 8 9 6 0 20 21 24 7 30 64 100 27 58 19 38 15 4 44 57 5 5 1 2 44 3 6 6 3 13 2 4 4 13 2 0 0 6 0 0 1 0 0 0 0 0 0 2 
1 5 4 0 1 2 2 3 1 3 0 3 1 3 0 1 0 1 1 0 0 0 0 1 0 0 0 0 2 3 3 1 12 16 14 9 21 7 20 9 7 0 1 4 7 9 11 3 1 23 18 8 18 8 8 4 5 10 0 18 18 11 2 12 28 69 24 25 19 28 24 35 3 18 6 4 2 2 43 3 3 3 1 8 2 4 0 10 2 0 0 2 0 0 1 2 0 0 0 0 0 2 
4 7 4 1 3 2 3 5 2 1 2 1 0 4 1 1 3 1 0 0 0 0 0 1 1 0 0 0 0 0 0 1 9 12 7 8 11 3 16 5 6 0 3 3 3 4 1 2 2 6 18 7 13 14 6 5 4 4 0 22 6 10 4 4 28 55 15 21 15 32 13 35 20 6 4 4 5 0 42 5 3 4 5 9 2 3 0 11 0 0 0 4 0 0 0 2 0 0 0 0 0 4 
1 1 0 1 1 4 4 3 2 6 2 6 13 21 5 10 12 9 5 3 0 2 0 14 2 0 0 2 6 5 0 6 33 7 8 7 7 1 17 7 6 0 17 18 19 32 23 7 6 61 11 7 7 2 7 15 19 21 0 20 8 4 3 8 8 28 10 11 3 8 3 4 6 11 8 9 5 23 234 36 25 22 9 100 15 38 5 88 11 0 0 27 4 16 9 9 0 11 10 1 0 46 
3 2 8 2 3 5 1 5 4 2 2 9 7 9 7 10 10 4 2 0 2 0 0 6 4 0 0 11 7 12 1 4 22 4 10 4 6 3 14 7 15 3 23 29 10 24 12 6 19 47 14 5 18 4 4 13 16 28 0 12 12 6 9 5 13 14 5 3 0 3 5 4 7 6 4 5 8 19 217 45 38 23 30 109 20 27 7 74 11 0 0 27 6 20 9 8 3 8 6 1 0 21 
2 2 2 0 0 0 2 2 2 1 0 0 5 4 1 0 1 0 3 1 0 1 0 0 5 0 0 1 0 2 2 0 3 2 1 0 2 0 1 1 0 2 1 2 2 3 0 2 1 9 3 3 2 2 1 11 10 15 0 13 6 2 0 3 2 5 0 0 0 0 1 0 4 2 4 5 0 11 75 18 9 6 3 47 8 4 4 13 4 0 0 5 6 5 2 1 0 0 0 0 0 3 
2 5 4 0 0 5 0 0 6 1 0 1 5 10 1 9 7 7 2 0 1 1 0 3 1 1 0 7 4 8 1 6 17 5 3 2 2 0 12 7 7 2 8 38 15 21 16 7 7 25 6 5 21 7 3 17 19 24 0 24 2 1 3 8 12 11 7 4 0 8 1 1 7 7 16 29 13 5 125 35 11 16 12 92 19 25 10 71 9 0 0 21 5 11 18 2 3 8 10 0 0 20 
7 6 9 5 3 5 8 3 2 7 1 9 10 39 13 35 25 12 14 3 3 1 2 24 7 0 2 22 22 18 8 16 70 25 30 3 17 3 37 11 14 0 37 59 25 36 26 15 6 88 48 32 91 35 9 40 33 65 0 39 17 22 18 38 39 80 14 22 6 20 22 23 28 40 53 68 27 37 14 33 28 18 22 151 28 37 18 133 23 0 0 51 9 14 15 12 0 5 14 2 1 22 
3 7 4 0 0 3 0 2 1 0 1 2 2 11 1 3 9 5 1 1 0 0 1 3 1 0 0 8 1 10 1 2 13 4 5 1 4 1 6 16 8 0 32 36 14 39 16 8 3 47 17 7 14 7 7 7 10 27 0 6 10 10 6 8 3 24 1 7 3 5 1 5 11 7 29 35 10 18 106 3 36 19 31 145 38 31 19 76 19 0 0 43 34 19 9 7 2 8 9 0 2 25 
0 4 4 1 3 0 0 0 0 3 2 0 0 2 0 0 5 2 0 0 2 0 2 3 0 1 0 0 2 9 1 3 11 3 0 1 2 2 3 5 6 2 33 30 13 23 9 6 4 48 10 1 23 8 1 4 12 15 0 2 7 16 6 10 8 14 4 5 5 2 3 5 4 5 16 23 9 19 110 36 3 10 11 120 24 35 12 80 26 0 0 70 19 19 15 9 4 10 12 3 2 25 
1 2 7 0 0 1 3 0 0 3 1 2 0 1 0 0 1 4 0 0 0 0 0 0 0 0 0 1 2 7 0 5 21 2 3 1 0 0 3 6 10 7 24 30 12 37 16 10 7 49 5 1 4 4 1 0 3 0 0 5 5 1 0 4 7 2 5 1 1 1 1 4 20 7 13 9 1 4 31 11 12 3 1 81 15 25 10 69 10 0 0 69 8 14 15 4 0 8 19 0 2 34 
1 2 4 0 2 0 0 0 2 0 1 0 0 0 0 0 1 4 1 0 0 0 0 0 6 0 0 3 0 10 2 5 10 3 3 0 1 2 8 7 7 5 28 33 15 21 17 1 4 60 14 5 8 8 8 6 5 15 0 8 5 10 1 2 7 10 4 7 1 1 3 5 5 8 15 27 12 15 103 21 16 3 7 160 24 39 11 67 3 0 0 66 16 17 16 10 0 11 11 4 2 19 
4 5 9 0 3 0 0 1 1 3 0 1 0 4 0 1 1 1 0 0 1 0 0 1 0 0 0 2 7 5 0 4 4 1 2 0 1 4 11 20 14 2 48 61 26 56 21 21 10 78 22 10 35 10 6 8 17 16 0 12 1 9 1 0 5 5 2 2 1 2 5 5 5 8 59 35 23 42 178 96 79 14 57 14 66 64 24 134 29 0 0 124 23 43 39 24 5 22 33 3 1 64 
4 5 5 1 1 1 4 3 2 7 0 0 0 0 0 3 0 0 0 0 0 0 0 1 0 0 0 2 3 2 2 2 9 3 4 0 1 0 11 13 9 5 60 85 44 72 26 24 7 52 13 6 19 8 5 1 2 8 0 7 3 1 0 3 4 4 2 2 3 1 2 2 5 1 3 12 10 11 90 41 56 16 30 115 8 81 17 75 36 0 0 96 23 35 35 23 3 10 24 0 3 26 
2 6 5 2 4 3 4 4 1 4 1 0 0 1 0 0 7 3 2 2 1 1 2 6 5 0 0 7 9 14 8 10 23 8 17 8 46 15 35 4 20 9 79 106 27 73 52 10 17 105 11 10 17 10 4 1 6 10 0 9 6 9 0 6 4 11 2 0 0 1 3 7 4 7 27 18 7 12 52 30 27 13 16 107 43 6 40 70 56 0 0 125 46 34 26 22 8 15 22 9 1 59 
5 3 5 1 1 1 0 2 6 2 0 2 2 3 0 4 8 6 5 0 1 0 2 6 0 0 0 3 2 7 4 13 30 4 12 5 34 17 40 15 17 9 68 148 43 45 39 8 13 66 11 3 8 8 2 12 2 4 0 8 3 10 0 2 1 6 0 3 1 0 4 3 5 6 8 13 5 8 44 7 10 25 17 68 40 46 11 31 25 0 0 101 17 35 38 8 8 21 17 2 1 44 
21 45 22 5 4 5 2 4 10 9 1 2 3 14 3 10 40 23 22 6 6 5 3 42 12 1 1 44 9 85 20 64 213 20 52 38 150 68 211 60 33 14 211 259 68 185 108 42 38 438 39 14 36 7 14 7 11 25 0 17 5 20 0 9 8 21 4 4 1 6 10 8 12 23 74 37 14 20 153 34 36 36 44 188 47 60 47 30 27 0 0 365 71 92 151 78 19 32 80 11 12 286 
5 3 6 3 2 6 6 3 7 8 0 2 2 2 0 3 9 6 5 3 5 3 2 7 5 0 0 9 9 22 5 14 32 11 22 7 60 37 58 49 27 14 87 139 26 68 44 8 10 76 5 8 7 4 6 2 4 4 0 7 1 9 0 1 2 9 1 2 2 1 1 4 6 1 14 3 0 8 41 8 14 5 14 57 10 69 44 46 6 0 0 158 29 54 44 22 5 20 17 1 4 71 
0 0 0 0 0 0 0 0 0 0 0 0 0 0 0 0 0 0 0 0 0 0 0 0 0 0 0 0 0 0 0 0 0 0 0 0 0 0 0 0 0 0 0 0 0 0 0 0 1 0 0 0 0 0 0 0 0 0 0 0 0 0 0 0 0 0 0 0 0 0 0 0 0 0 0 0 0 0 0 0 0 0 0 0 0 0 0 0 0 0 0 0 0 0 0 0 0 0 0 0 0 0 
0 0 0 0 0 0 0 0 0 0 0 0 0 0 0 0 0 0 0 0 0 0 0 0 0 0 0 0 0 0 0 0 0 0 0 0 0 0 0 0 0 0 0 0 0 0 0 0 0 0 0 0 0 0 0 0 1 0 0 0 0 0 0 0 0 0 0 0 0 0 0 0 0 0 0 0 0 0 0 0 0 0 0 0 0 0 0 0 0 0 0 0 0 0 0 0 0 0 0 0 0 0 
3 2 12 1 2 1 0 4 7 4 2 1 2 9 0 3 2 9 4 2 0 0 0 1 1 0 0 6 4 5 6 9 22 19 20 8 47 29 52 32 21 2 26 72 30 48 32 11 17 103 1 2 12 5 0 2 1 4 0 2 1 8 1 6 3 10 2 1 0 1 0 3 1 3 8 5 2 3 21 7 6 10 11 40 15 51 15 103 32 0 0 9 30 22 24 34 5 10 18 2 2 69 
2 0 0 0 0 1 0 1 1 1 1 1 3 4 0 0 4 2 0 0 0 0 0 1 1 0 0 1 8 6 2 4 10 4 20 4 46 10 31 11 13 4 66 85 15 44 25 10 18 53 5 1 5 8 1 0 0 3 0 0 2 2 0 2 0 0 0 0 0 1 0 0 0 2 1 7 1 0 11 5 8 4 14 31 11 27 14 45 23 0 0 71 4 4 7 12 1 2 6 1 1 21 
0 3 7 0 1 3 0 2 0 0 0 0 1 2 0 4 6 0 0 0 0 0 0 1 0 1 0 1 3 11 4 5 12 7 16 5 42 19 42 19 21 11 53 106 24 57 50 10 11 89 4 6 15 3 1 2 4 5 0 2 0 2 0 4 0 3 0 0 0 0 0 1 0 1 12 11 0 0 22 12 16 12 12 47 17 44 22 71 22 0 0 134 24 7 2 14 3 6 8 3 3 59 
0 0 0 0 0 0 0 2 0 0 0 1 2 1 0 2 1 1 0 0 0 0 0 0 0 0 0 0 1 10 4 8 16 6 12 2 36 10 27 11 11 4 41 73 21 30 32 10 9 68 0 2 3 4 1 0 4 3 0 0 0 2 2 3 0 0 0 0 0 0 0 1 0 0 5 4 0 4 15 11 6 10 6 19 10 44 15 59 18 0 0 79 16 5 5 5 1 2 7 0 1 53 
1 3 3 1 0 2 2 8 0 4 0 1 1 5 0 0 1 1 0 0 0 1 0 2 0 0 0 1 2 9 5 7 26 12 18 12 48 27 60 30 26 8 117 145 56 91 30 18 19 85 5 6 5 2 2 1 4 8 0 3 3 4 1 2 1 2 0 0 0 0 0 1 1 1 0 5 1 3 15 5 8 7 8 40 10 40 19 88 32 0 0 407 69 38 23 6 1 26 3 4 5 71 
0 1 0 0 0 0 0 0 0 0 0 0 1 0 0 0 0 0 0 0 0 0 0 0 0 0 0 0 2 3 0 1 3 1 1 0 3 2 9 2 3 1 10 26 18 15 6 1 3 15 0 1 2 1 0 2 0 0 0 0 1 0 0 0 0 0 0 0 0 0 0 0 1 0 1 3 0 0 4 2 2 1 3 6 4 13 3 22 6 0 0 44 10 7 6 5 0 0 0 1 0 8 
0 2 1 1 0 2 0 1 2 0 1 0 2 0 1 2 1 0 0 1 0 0 0 1 0 0 0 2 1 8 1 10 20 1 7 4 38 9 34 6 9 0 76 90 37 55 43 16 23 100 9 6 6 2 0 9 4 6 0 0 0 4 0 0 0 1 0 0 0 0 0 0 4 2 5 6 4 4 17 7 17 18 21 39 11 45 23 87 19 0 0 179 42 47 67 30 0 5 4 2 0 58 
0 1 0 0 0 1 3 0 3 0 1 1 1 1 1 0 1 1 0 0 0 0 0 2 0 0 0 0 4 4 5 4 8 1 3 1 23 8 26 13 8 2 36 81 29 84 48 8 13 80 3 8 7 0 0 1 9 3 0 4 0 0 0 0 1 0 0 0 0 0 0 0 0 0 8 3 4 7 15 9 12 16 12 33 12 33 10 60 15 0 0 90 25 13 23 5 3 4 1 1 1 20 
0 1 0 0 0 0 0 0 0 0 0 0 0 0 2 0 0 0 0 0 0 0 0 0 0 0 0 0 1 1 0 2 1 3 2 1 9 1 14 4 2 3 11 18 16 8 19 0 2 18 1 0 0 2 1 0 0 0 0 1 0 0 0 0 0 2 1 0 0 0 0 0 0 0 3 1 1 1 6 1 0 0 8 11 1 4 3 24 4 0 0 33 12 4 11 8 2 0 3 2 0 8 
0 0 1 0 0 0 0 0 0 0 0 0 0 1 0 1 0 0 0 0 0 0 0 0 0 0 0 1 1 3 1 0 3 2 0 0 4 6 1 2 1 0 13 12 6 13 12 1 4 22 1 0 1 1 0 0 0 1 0 0 0 1 0 0 0 0 0 0 0 0 0 0 0 0 1 2 0 0 2 1 1 0 3 10 2 5 3 9 0 0 0 14 4 4 12 8 1 0 1 0 0 3 
6 2 1 0 2 4 1 2 4 1 1 3 7 7 1 5 4 3 2 0 1 1 0 3 0 0 0 2 2 13 5 10 36 6 7 17 36 21 67 26 19 2 59 93 33 65 54 19 12 104 16 3 16 3 2 1 6 4 0 7 3 3 0 1 0 0 0 1 1 0 1 1 2 1 17 9 1 6 28 12 16 10 9 39 12 43 13 188 33 0 0 127 25 48 63 60 4 39 39 13 0 7 
