7 5 26 18 21 83 47 33 73 79 28 58 54 54 61 99 29 31 33 19 24 35 12 20 10 4 1 39 101 7 2 3 11 7 5 0 5 6 25 24 37 0 4 16 13 14 14 9 11 59 7 4 12 16 1 5 4 23 0 2 10 1 0 7 13 14 0 23 4 0 6 3 1 3 1 1 0 6 28 2 1 4 5 4 4 7 4 30 17 0 0 3 1 4 0 1 0 4 2 0 0 7 
15 6 12 11 10 79 54 63 68 67 26 59 64 54 36 104 60 53 53 36 24 31 17 44 10 1 3 35 90 6 2 1 10 6 2 3 6 8 23 18 23 4 4 9 10 10 21 17 9 40 21 10 14 5 8 2 7 13 0 3 3 1 3 19 14 21 9 5 6 4 6 6 6 8 0 10 1 10 44 8 3 16 6 11 4 9 0 29 7 0 0 5 1 2 1 1 0 2 1 0 0 4 
84 32 12 15 13 51 52 74 92 42 21 76 54 66 76 71 48 28 32 17 15 24 8 28 3 2 1 25 80 5 5 2 2 8 3 3 1 4 21 23 13 0 7 9 7 12 17 5 8 48 8 2 7 8 6 1 2 20 0 4 3 0 0 7 7 9 3 5 0 4 6 5 13 10 3 4 3 5 16 1 1 3 7 6 2 5 6 20 4 0 0 3 1 4 0 1 2 4 1 2 1 8 
14 11 15 1 3 19 13 7 12 5 0 4 10 8 3 13 4 3 3 6 2 11 2 5 9 0 0 3 19 1 1 0 0 0 2 0 0 3 3 3 1 0 0 0 1 0 1 1 0 5 2 0 0 1 0 0 0 0 0 0 0 0 0 1 1 0 0 0 0 0 0 1 0 0 2 0 0 0 2 0 0 0 0 0 0 0 0 4 2 0 0 1 0 0 0 0 0 0 0 0 1 2 
13 25 6 2 2 8 14 11 14 15 14 18 23 26 25 34 6 9 13 4 2 16 7 6 8 0 7 13 24 1 0 1 1 1 0 0 1 0 6 5 4 0 7 3 1 1 2 4 1 22 1 0 5 2 4 2 4 5 0 0 1 0 0 2 6 3 0 1 0 0 1 1 1 0 5 2 0 0 10 2 0 0 1 1 0 0 2 5 1 0 0 3 0 0 0 1 0 0 0 0 0 1 
41 73 37 10 4 8 8 21 59 33 13 56 67 40 58 115 44 39 31 22 18 36 20 23 16 2 1 23 79 5 0 4 3 1 3 3 3 10 42 30 7 0 10 11 10 8 10 10 24 31 8 6 11 13 7 5 5 18 0 2 9 2 4 7 8 11 1 7 11 4 14 6 1 1 7 0 0 8 34 1 5 4 6 4 5 6 9 20 8 0 0 4 9 1 3 4 1 4 4 1 0 2 
15 45 29 23 8 10 6 12 22 19 11 25 52 40 18 47 13 12 16 9 11 8 12 4 1 0 0 7 46 7 0 1 10 3 8 0 1 5 28 16 5 1 9 2 4 6 5 3 7 22 3 2 13 13 0 0 3 3 0 4 0 1 4 3 9 4 5 1 2 0 6 2 1 3 1 2 0 2 16 5 0 1 0 2 1 4 4 7 5 0 0 4 0 0 2 2 3 6 0 0 0 0 
42 73 49 12 5 14 29 8 19 14 9 52 73 76 39 74 28 36 22 20 35 15 16 29 6 0 3 23 46 3 3 2 2 5 4 0 0 6 17 19 5 2 5 10 10 5 20 4 7 29 10 2 12 7 4 0 5 21 0 2 3 2 1 8 10 8 10 7 1 4 6 13 7 3 5 7 0 3 15 2 1 0 0 3 2 5 0 13 4 0 0 2 2 0 0 2 0 1 2 0 0 2 
49 105 117 8 25 62 57 20 8 16 21 48 65 66 78 88 38 26 18 24 17 45 19 42 10 5 6 36 39 7 1 3 7 2 1 0 1 9 32 41 8 2 3 1 4 9 11 7 10 42 4 2 5 8 2 2 1 17 0 0 1 0 5 2 3 18 3 2 1 4 5 6 0 4 3 12 0 2 18 1 2 0 1 4 0 1 0 9 1 0 0 2 3 3 2 5 0 2 0 0 0 2 
26 40 29 4 8 36 18 6 7 7 23 26 36 58 30 82 42 36 27 8 17 39 12 41 11 3 6 26 14 18 0 1 3 2 1 4 1 9 17 20 5 2 1 2 8 4 1 7 6 24 11 1 14 11 3 2 7 8 0 0 1 0 2 8 1 2 2 6 0 6 8 7 4 4 5 10 1 7 22 2 3 1 2 4 3 1 1 11 1 0 0 4 0 0 2 1 0 4 2 0 0 1 
11 18 6 2 3 10 5 16 16 11 3 15 21 35 18 55 29 25 19 11 12 23 13 14 2 1 0 20 11 3 2 0 0 0 0 0 2 0 15 16 8 1 2 2 4 4 3 5 3 22 2 0 5 4 3 0 4 7 0 0 0 0 0 1 1 3 0 1 0 0 1 0 2 2 0 1 2 3 10 0 0 0 0 0 0 2 0 6 3 0 0 2 1 1 1 1 0 1 1 0 0 4 
34 66 61 5 18 60 59 45 64 25 11 8 24 67 29 135 69 50 34 38 40 32 34 56 22 5 14 75 18 12 4 7 8 3 2 1 3 7 43 34 5 2 5 8 9 15 7 12 14 51 4 9 12 12 3 3 9 12 0 5 1 3 2 1 3 11 1 6 2 2 6 9 1 8 7 6 1 5 27 2 1 0 0 0 0 0 0 6 3 0 0 7 2 1 3 4 0 8 1 0 1 3 
43 61 56 10 18 80 90 120 88 73 31 46 12 82 43 106 67 76 56 43 45 53 25 59 26 3 6 70 24 18 4 10 9 3 5 1 4 12 27 27 9 1 6 9 8 7 2 8 11 34 4 6 8 11 8 0 10 21 0 13 4 3 6 3 1 5 0 0 0 0 3 4 0 4 7 4 1 4 13 3 1 0 0 0 0 2 1 3 1 0 0 3 0 4 1 1 0 0 3 0 0 2 
109 155 118 21 54 210 216 204 189 153 74 140 95 6 21 128 236 196 120 170 176 188 111 237 74 13 35 232 45 5 0 6 7 1 3 2 0 6 38 46 27 12 11 12 9 17 6 9 13 46 16 8 23 32 22 9 37 64 0 21 10 1 4 0 3 1 2 1 0 0 1 5 0 1 49 15 10 31 90 13 1 1 2 0 0 1 2 8 9 0 0 7 0 4 1 4 0 7 2 1 0 3 
53 120 108 17 27 114 108 95 105 84 44 59 59 29 4 55 76 84 71 105 88 85 132 126 34 4 13 165 25 12 4 8 3 4 3 5 2 6 8 22 6 1 7 1 10 10 6 6 11 27 5 19 18 25 15 4 16 26 0 6 0 0 2 1 1 0 0 0 0 0 2 1 0 0 18 30 0 11 78 0 0 0 0 0 0 2 1 5 5 0 0 5 3 2 0 1 0 2 1 0 0 3 
85 91 75 10 45 93 114 130 119 115 42 111 124 77 23 31 105 148 103 136 241 134 174 253 101 7 34 196 30 65 27 46 38 25 19 15 31 7 27 71 43 4 17 22 25 35 17 23 18 107 14 16 31 15 10 2 17 26 0 12 4 4 3 11 2 2 0 1 2 2 15 9 3 4 9 13 1 11 62 4 8 1 2 0 0 2 8 34 10 0 0 17 1 11 4 6 1 3 2 2 2 5 
46 77 70 15 19 101 95 87 115 101 67 106 115 120 62 174 7 88 87 117 172 130 167 230 69 23 56 175 25 74 26 85 43 33 42 27 38 13 76 74 69 11 21 27 29 38 15 36 27 93 26 10 20 17 7 5 20 39 0 9 2 1 0 4 2 0 0 1 1 0 2 2 1 4 23 13 6 10 56 8 0 0 4 1 1 4 8 27 12 0 0 11 5 2 2 2 1 3 0 1 0 6 
31 26 36 4 3 46 52 34 42 86 30 86 65 106 43 210 98 11 57 54 105 72 101 163 61 8 32 91 8 80 33 52 35 20 32 31 33 23 85 78 48 4 19 29 39 44 33 17 25 99 11 3 25 18 7 3 26 36 0 5 2 4 2 2 3 0 0 0 0 0 0 1 1 0 11 3 3 14 48 10 5 1 1 1 1 3 4 32 9 0 0 13 0 2 1 4 0 0 0 0 0 5 
18 39 45 4 12 43 63 58 54 54 21 93 105 157 85 195 131 93 8 33 101 64 130 168 75 7 12 105 13 73 18 42 21 24 28 18 22 17 57 49 15 2 8 36 36 38 24 32 20 118 5 7 5 5 4 2 16 14 0 7 4 1 2 7 4 0 0 0 0 0 0 0 1 0 5 8 0 4 28 2 4 1 0 1 0 9 3 25 24 0 0 12 0 0 0 1 0 1 0 1 2 9 
8 23 17 1 3 17 25 15 16 22 7 24 36 27 22 77 46 24 24 3 9 14 35 82 28 34 28 118 5 13 3 8 7 1 3 3 5 7 23 11 14 1 1 6 7 1 5 4 4 24 0 0 6 2 1 2 3 2 0 1 0 0 0 1 1 0 0 0 0 0 0 0 0 0 1 2 1 2 11 0 1 1 0 1 0 1 1 10 2 0 0 1 0 0 0 0 0 0 0 0 0 0 
5 16 12 3 6 9 15 14 12 17 9 10 31 53 46 121 52 59 51 3 7 10 53 83 10 27 31 104 1 13 3 1 9 1 2 3 9 7 42 15 13 2 4 10 4 7 2 12 11 21 0 2 1 0 1 1 2 7 0 1 0 0 0 0 0 0 0 0 0 0 0 1 0 1 2 0 0 0 6 1 0 0 0 0 0 4 1 16 1 0 0 1 0 0 0 2 0 0 0 1 0 0 
10 20 14 3 3 23 17 14 23 20 5 25 41 42 28 72 45 39 42 5 5 6 18 63 16 36 25 81 0 8 8 5 2 0 6 3 9 10 34 4 2 0 2 5 7 3 1 1 5 11 4 0 2 2 0 0 1 2 0 1 1 0 0 1 0 0 0 0 0 0 0 0 0 0 0 1 0 1 5 1 0 0 0 0 0 3 1 3 0 0 0 1 0 0 0 0 0 0 0 0 0 1 
3 5 1 0 1 3 2 4 6 5 8 19 18 25 12 73 33 42 20 10 33 9 7 12 5 4 24 89 0 3 0 1 8 1 3 10 6 9 14 4 2 0 1 3 3 3 2 2 3 16 0 0 4 0 0 0 0 4 0 0 1 1 0 0 0 0 0 0 0 0 0 0 0 0 1 0 0 3 4 1 1 0 0 0 3 0 0 1 0 0 0 0 0 0 0 0 0 0 0 0 0 0 
16 19 8 2 6 24 6 16 13 26 8 30 32 56 41 147 67 39 47 26 33 19 20 9 8 43 77 123 6 8 4 5 9 7 4 13 4 16 53 20 16 2 2 5 27 15 8 18 12 54 8 3 7 3 4 2 7 7 0 0 1 0 0 1 0 0 0 0 0 0 0 0 0 0 10 5 0 6 21 4 2 0 1 0 2 1 0 26 1 0 0 1 1 0 0 2 0 0 0 0 0 2 
7 29 11 1 5 19 26 24 10 33 5 34 38 23 36 93 36 25 38 22 22 22 30 9 7 2 24 75 4 15 9 8 33 10 14 15 4 6 41 24 27 2 9 12 14 20 11 13 5 92 12 8 21 6 1 2 6 7 0 1 0 0 2 2 2 0 0 0 0 0 0 0 0 0 6 6 0 3 19 3 0 0 3 1 0 2 6 36 12 0 0 0 1 1 0 3 0 0 0 0 0 3 
2 5 1 1 2 3 2 4 3 8 0 5 4 6 8 10 10 7 10 16 15 22 28 22 9 1 7 12 0 2 0 1 2 2 2 0 1 4 8 7 2 1 3 2 1 1 0 1 4 4 2 0 1 0 0 2 1 0 0 0 0 0 0 0 0 0 0 0 0 0 0 0 0 0 2 0 0 0 4 0 0 0 0 0 0 0 0 3 0 0 0 0 0 0 0 0 0 1 0 0 0 0 
1 0 1 0 0 0 0 0 2 0 1 1 0 2 3 9 3 4 2 2 10 3 13 18 16 3 0 15 0 1 0 0 0 0 0 0 1 1 1 0 1 0 2 0 0 1 0 0 0 2 0 0 0 0 0 0 0 0 0 0 0 0 0 0 0 1 0 0 0 0 0 0 0 0 1 3 0 0 0 0 0 0 0 0 0 0 0 1 0 0 0 1 0 0 0 1 0 0 0 0 0 0 
15 37 25 5 13 33 12 17 34 49 19 57 85 118 98 187 72 49 80 77 87 115 117 181 70 20 52 9 3 2 4 7 16 7 18 7 13 23 53 35 55 3 16 20 26 20 29 31 23 91 10 7 11 11 7 4 4 9 0 2 1 0 0 3 0 0 0 0 0 0 1 0 0 0 9 4 6 7 23 4 4 0 2 2 2 4 3 36 2 0 0 2 1 0 1 4 0 0 2 0 0 2 
116 155 179 18 23 143 76 69 87 57 29 59 62 77 51 72 35 32 28 24 30 33 8 31 10 0 0 15 3 16 7 6 7 2 1 2 10 7 25 33 22 2 5 12 24 23 17 5 19 71 6 19 17 10 2 2 8 12 0 9 3 0 0 9 9 12 7 5 6 3 2 9 2 4 2 4 2 3 33 9 5 3 0 0 3 10 3 12 4 0 0 12 3 4 4 3 1 3 4 0 2 0 
3 7 4 3 0 1 7 3 7 6 2 8 9 6 5 28 46 18 11 22 5 6 20 5 7 0 4 4 1 24 125 199 211 75 131 142 229 178 266 162 128 26 47 54 63 41 52 45 42 249 13 5 20 7 3 5 4 14 0 11 7 2 5 22 16 32 8 14 8 18 10 13 0 0 7 2 4 6 46 4 2 0 7 8 3 13 5 98 28 0 0 22 9 9 16 10 3 8 12 2 3 27 
2 1 2 0 0 1 5 3 1 2 0 5 7 2 5 4 14 10 4 0 3 7 1 8 2 0 0 1 0 174 6 123 101 34 48 63 90 59 137 69 29 6 21 9 47 20 13 10 14 58 3 4 5 5 2 1 4 11 0 4 0 1 3 8 20 14 4 7 5 5 3 9 3 1 1 2 0 3 8 7 2 2 2 0 2 7 5 30 6 0 0 8 2 7 2 3 0 2 0 2 0 2 
3 3 4 0 0 6 7 10 5 2 4 5 9 1 11 34 72 26 19 5 13 8 4 3 5 3 1 11 8 294 179 15 142 79 151 108 243 276 326 161 117 18 69 56 85 85 57 49 57 250 8 5 7 14 8 2 8 28 0 21 7 1 4 19 65 43 29 29 9 16 15 11 4 1 15 16 5 6 60 7 7 7 1 2 1 17 19 65 35 0 0 34 21 6 11 17 1 8 3 0 2 24 
11 21 12 5 4 10 11 13 5 8 5 12 13 7 14 48 59 38 23 16 16 13 14 50 36 3 8 30 4 588 234 220 15 66 155 129 278 232 407 297 224 26 122 115 144 176 154 165 173 862 51 39 84 36 25 7 28 37 0 20 3 1 8 18 35 65 14 36 19 27 46 62 16 9 31 21 7 10 97 9 21 8 15 8 4 19 19 236 59 0 0 44 19 41 18 42 10 25 13 6 2 56 
4 4 8 2 2 7 11 9 3 7 0 1 14 1 1 26 58 35 15 5 1 9 14 12 8 6 1 15 2 268 105 118 48 8 68 30 109 134 200 149 99 20 49 55 53 50 24 40 50 156 5 12 17 23 8 5 29 14 0 8 2 2 9 4 14 36 14 18 17 30 33 48 21 14 12 13 0 15 68 11 6 3 5 3 0 6 9 48 21 0 0 23 9 12 16 30 2 8 6 3 2 20 
14 18 11 2 2 11 21 13 2 7 12 11 7 2 7 57 71 66 38 19 22 23 43 51 29 1 11 29 4 716 308 380 187 63 11 28 243 214 354 496 128 48 129 136 171 150 92 149 146 333 30 43 41 50 15 6 42 52 0 35 5 4 9 26 10 45 14 35 20 37 80 106 24 13 25 7 1 12 71 12 4 15 4 3 0 18 22 74 73 0 0 72 48 30 14 54 9 15 15 9 5 40 
1 3 2 0 0 0 2 5 3 3 1 4 0 2 6 16 22 14 18 3 20 5 6 16 1 1 5 12 4 348 151 181 99 75 66 5 115 104 184 107 73 5 41 30 43 60 34 29 25 135 1 2 9 7 1 2 3 6 0 1 1 2 9 25 11 26 8 17 9 13 17 36 9 5 1 3 0 3 17 2 2 0 1 2 0 4 2 34 11 0 0 23 9 9 10 18 0 8 0 1 5 12 
4 16 7 5 0 1 4 2 3 3 2 4 8 1 0 75 42 39 25 25 29 19 19 44 10 0 6 33 3 961 342 654 292 193 209 227 29 251 797 753 336 64 161 188 268 315 219 167 192 633 9 25 20 25 4 5 15 20 0 0 8 10 24 109 72 56 25 61 21 23 100 76 18 21 12 4 3 1 34 4 2 0 1 4 1 52 53 161 111 0 0 101 48 77 40 75 21 61 49 14 11 62 
9 7 18 0 2 6 15 7 6 2 5 16 15 10 4 10 19 26 10 21 17 15 21 28 12 3 2 17 2 293 110 385 126 133 103 80 101 17 154 295 162 37 109 92 116 141 110 101 105 325 9 6 9 1 4 0 7 8 0 2 1 5 15 26 17 21 6 4 2 7 26 23 3 7 1 1 0 1 11 0 1 3 0 6 3 26 15 110 39 0 0 76 22 20 8 26 2 26 13 3 7 29 
27 52 42 9 20 50 56 29 85 55 22 67 29 26 16 21 102 96 63 73 93 68 68 145 40 4 15 115 18 530 196 512 302 185 240 145 367 136 47 819 420 58 194 291 231 226 236 228 200 745 22 11 41 20 13 7 29 40 0 6 5 0 17 48 57 58 10 24 17 10 64 64 11 9 21 11 5 10 59 20 12 5 6 29 6 55 45 263 92 0 0 137 44 46 32 92 4 37 37 17 9 101 
24 23 29 2 25 26 38 36 48 38 19 46 68 20 15 37 66 38 29 33 25 24 36 51 22 1 5 54 7 261 90 177 150 96 167 96 331 291 703 27 59 49 105 187 172 238 163 164 215 646 14 15 22 24 13 8 14 15 0 7 0 11 13 34 34 24 9 12 4 7 34 21 2 9 7 9 0 11 38 17 9 11 17 26 21 8 27 81 52 0 0 77 21 24 22 67 15 14 14 7 6 32 
7 12 16 7 2 17 21 8 19 36 7 7 23 18 8 18 33 20 11 12 23 4 10 30 13 2 1 29 6 168 33 119 103 50 67 57 170 162 364 49 11 18 44 117 79 179 100 128 115 398 3 5 10 8 1 4 2 8 0 6 5 0 4 14 20 7 3 1 1 3 16 8 3 4 13 7 1 9 20 5 8 7 9 11 7 23 24 30 29 0 0 66 15 20 12 35 6 21 12 6 4 25 
2 5 1 0 0 0 7 3 2 1 2 4 3 0 4 3 9 1 1 1 2 0 1 2 0 0 0 4 1 15 5 11 15 4 5 8 45 19 42 28 14 1 13 54 28 38 28 18 22 79 0 3 1 0 0 0 0 0 0 0 3 0 1 0 2 1 0 1 0 0 1 2 0 2 1 0 0 1 3 0 5 0 3 5 9 9 3 15 18 0 0 11 5 5 1 7 0 6 7 1 0 1 
13 27 16 3 2 25 25 16 14 12 15 21 16 8 10 15 56 32 21 16 21 20 10 11 5 1 0 26 5 172 33 146 97 104 91 46 146 196 263 219 131 40 20 107 163 228 125 246 364 653 13 6 15 19 7 2 28 21 0 8 5 2 5 17 39 21 10 11 15 7 24 23 4 5 50 18 4 34 65 58 49 37 57 112 103 156 102 294 153 0 0 148 82 139 103 262 19 137 94 20 31 109 
24 29 26 0 11 16 25 17 18 18 11 13 14 4 17 34 37 39 22 21 25 23 8 39 14 0 3 44 5 156 59 151 117 97 78 50 166 255 363 524 188 118 119 29 207 497 211 444 635 1077 20 14 48 32 8 6 22 40 0 9 1 1 1 30 19 31 14 23 7 13 23 29 4 6 38 39 7 62 123 65 87 45 74 180 139 300 188 338 131 0 0 351 192 331 190 515 88 316 137 38 33 202 
5 19 4 6 3 10 10 8 15 14 5 15 12 3 8 16 44 21 17 12 16 8 12 29 17 0 6 36 4 112 33 71 67 40 50 29 119 116 156 166 90 38 77 152 17 199 112 246 309 574 8 5 5 9 5 4 2 6 0 3 4 1 2 13 14 9 2 5 2 1 21 9 6 4 4 3 1 11 32 23 22 20 13 40 30 54 50 76 24 0 0 91 18 48 43 88 18 74 57 21 4 67 
12 24 30 5 8 17 21 20 30 24 12 29 31 19 12 24 44 39 21 32 28 26 23 71 19 2 0 40 11 152 54 129 151 62 73 53 183 209 401 416 251 43 125 403 261 32 162 651 925 1558 8 32 30 11 10 2 22 28 0 4 1 1 3 16 17 19 6 8 0 11 25 16 4 8 23 40 4 26 68 42 20 21 34 80 95 178 133 347 118 0 0 204 43 118 81 158 18 153 103 27 12 123 
7 16 25 3 11 21 23 28 21 16 8 12 15 4 4 25 62 32 22 17 20 15 6 32 15 2 10 44 0 112 45 99 97 44 55 37 148 175 262 294 180 41 102 249 205 254 23 557 634 933 12 16 29 36 0 2 11 11 0 3 0 1 1 15 9 22 15 7 5 6 8 14 2 4 19 14 5 18 42 30 32 30 20 62 52 146 46 242 62 0 0 152 45 117 97 81 14 83 87 5 14 91 
6 4 4 2 2 6 3 5 1 8 4 2 7 3 1 3 17 2 4 2 7 4 6 10 15 2 3 15 0 34 5 34 38 18 26 12 37 42 106 62 68 6 47 106 109 232 83 20 177 557 12 4 12 5 3 4 2 7 0 0 1 0 1 2 5 2 1 2 0 3 4 3 1 0 6 1 0 7 12 5 7 4 9 21 12 39 25 120 38 0 0 65 21 27 15 38 3 28 24 7 1 30 
5 5 0 0 3 3 5 6 5 1 8 6 14 3 2 6 9 9 7 9 10 1 7 9 5 0 1 15 1 43 6 39 57 18 17 10 43 34 77 69 57 8 57 98 82 171 83 109 19 454 2 0 7 1 1 1 2 5 0 3 0 1 0 2 7 7 1 3 0 0 5 5 1 3 11 7 0 8 14 11 12 4 5 18 21 26 15 108 22 0 0 51 8 20 26 24 2 22 26 6 1 25 
49 94 47 14 21 44 44 37 40 42 18 36 47 42 25 46 108 80 46 41 54 55 47 136 38 2 10 137 6 389 87 298 384 122 172 133 348 346 568 561 354 80 197 468 464 667 355 971 1244 40 42 28 91 22 6 13 23 21 0 8 12 8 5 34 48 57 22 21 7 6 62 24 8 12 69 51 10 40 119 79 68 73 67 135 84 164 114 730 127 0 0 209 67 163 109 167 33 171 144 29 25 155 
6 18 11 0 5 13 10 3 10 10 0 11 15 12 11 23 18 13 8 6 5 2 8 19 9 1 2 15 2 23 10 22 24 13 8 9 4 7 18 17 3 0 12 14 10 14 8 11 13 57 3 18 64 60 25 12 36 67 0 47 27 4 16 33 24 42 11 35 7 38 17 15 22 31 20 25 3 17 155 15 23 5 18 27 19 22 16 57 21 0 0 8 5 9 2 6 0 16 16 0 1 15 
3 7 1 0 1 1 13 2 1 4 1 9 6 6 4 10 5 3 7 3 2 2 2 1 5 0 0 7 0 13 1 9 16 12 6 8 3 4 14 9 2 2 7 6 8 8 4 5 9 24 8 4 46 67 30 13 36 25 0 28 11 2 4 14 9 11 9 20 9 10 11 8 9 5 14 15 1 8 98 15 7 2 3 24 8 19 2 36 6 0 0 3 1 2 5 3 0 2 3 1 0 7 
2 16 15 2 4 14 16 14 13 13 4 10 7 10 8 19 14 12 3 7 0 3 6 14 9 1 2 13 3 30 12 22 20 31 11 5 7 1 14 19 12 1 12 11 15 11 12 15 16 72 71 48 7 33 29 16 22 63 0 34 10 3 15 36 30 39 6 32 7 46 14 24 5 23 14 20 4 34 158 21 22 2 20 43 14 29 17 68 13 0 0 12 4 13 7 11 1 10 8 6 2 7 
4 11 7 0 1 6 5 4 4 6 2 2 4 6 6 8 8 6 8 4 4 3 3 4 2 1 0 11 1 13 4 7 10 11 6 2 7 1 8 10 3 1 7 12 4 7 7 2 2 7 35 19 51 7 8 11 13 27 0 34 5 1 2 9 11 24 10 14 1 15 14 10 9 10 6 5 4 19 81 6 10 1 1 25 8 6 1 28 0 0 0 1 4 7 1 4 1 2 3 2 2 3 
2 4 3 1 0 3 2 5 3 6 2 2 1 6 4 3 5 3 3 1 0 2 2 8 1 0 0 3 1 13 0 2 9 0 0 1 5 1 1 0 1 0 1 2 1 2 3 3 6 8 19 8 23 15 1 1 11 14 0 9 1 1 1 10 16 22 2 17 0 11 4 9 11 4 4 8 1 14 61 8 10 0 8 4 5 5 1 8 5 0 0 4 2 2 0 1 0 3 3 2 1 3 
4 12 1 2 2 9 3 2 1 4 2 2 0 1 2 11 2 1 3 2 0 0 1 4 1 0 1 2 2 6 2 11 5 0 3 1 4 2 4 0 1 0 1 5 11 0 3 6 3 12 9 9 13 14 6 1 3 29 0 13 3 6 3 12 21 21 4 8 2 5 4 6 5 12 5 17 1 6 66 5 2 1 0 11 2 6 9 11 2 0 0 2 3 3 3 5 0 4 0 0 0 7 
7 10 14 0 2 8 6 7 5 9 5 12 12 12 12 21 8 3 3 1 0 2 9 9 3 0 0 7 1 12 2 14 9 10 6 2 3 6 9 7 5 0 6 13 5 10 3 13 5 21 45 30 49 56 17 13 5 15 0 39 19 2 5 23 28 36 4 18 1 15 11 6 10 7 26 25 12 20 96 0 11 1 8 29 20 11 5 39 7 0 0 9 4 4 7 3 0 14 18 0 5 3 
11 22 11 0 2 5 5 11 16 14 6 14 16 25 6 37 17 5 10 5 5 8 1 5 4 1 3 8 6 19 11 11 18 14 21 2 15 6 17 9 4 2 8 10 4 11 8 11 7 37 60 36 74 54 43 46 11 9 0 36 6 1 11 30 20 34 10 20 9 23 15 27 15 8 70 43 12 66 224 22 12 9 14 60 9 27 7 49 4 0 0 8 5 6 7 9 0 11 11 2 1 12 
0 0 0 0 0 0 0 0 0 0 0 0 0 0 0 0 0 0 0 0 0 0 0 0 0 0 0 0 0 0 0 0 0 0 0 0 0 0 0 0 0 0 0 0 0 0 0 0 0 0 0 0 0 0 0 0 0 0 0 0 0 0 0 0 0 0 0 0 0 0 0 0 0 0 0 0 0 0 0 0 0 0 0 0 0 0 0 0 0 0 0 0 0 0 0 0 0 0 0 0 0 0 
9 14 8 6 2 6 11 2 1 3 3 17 8 14 14 17 24 14 9 10 14 8 3 15 12 1 3 17 8 13 8 15 8 10 7 8 2 1 12 12 3 2 8 5 3 7 4 2 1 18 49 21 47 52 37 17 22 78 0 4 4 2 12 13 47 60 13 28 10 20 25 46 17 29 33 40 9 30 101 6 18 5 15 24 8 16 9 32 6 0 0 11 0 3 5 4 0 1 4 1 0 6 
2 4 6 0 1 0 3 2 1 0 1 1 5 2 0 6 2 2 3 0 2 3 1 0 0 0 1 2 1 21 4 7 5 4 2 0 2 3 7 8 5 3 2 5 3 9 2 14 2 9 34 19 14 23 12 6 16 29 0 11 1 1 0 10 33 24 8 33 9 32 32 24 8 21 9 15 3 13 34 8 11 13 7 4 12 19 3 14 7 0 0 1 1 2 2 1 0 1 2 0 1 3 
3 24 33 6 3 15 14 36 18 15 13 28 33 14 7 23 32 17 13 1 1 1 0 14 4 1 7 5 8 89 66 50 19 30 77 24 55 65 105 77 39 9 25 27 34 29 13 8 28 78 14 21 24 35 28 21 28 76 0 50 31 2 3 92 73 87 40 63 12 101 74 72 28 23 11 18 0 10 102 39 31 10 45 54 17 21 10 59 19 0 0 17 8 7 2 10 0 7 8 2 1 10 
2 3 2 0 1 6 10 9 4 5 0 3 1 1 2 1 2 2 2 1 0 0 0 1 1 0 0 2 2 3 1 3 5 5 5 1 8 2 5 5 3 2 1 0 0 3 2 6 1 9 10 3 13 28 17 0 17 41 0 17 5 0 0 4 20 19 11 24 20 20 24 17 7 8 17 0 0 11 43 9 13 3 5 3 12 11 1 1 5 0 0 1 0 2 0 1 0 0 0 0 0 0 
3 24 7 2 2 8 14 11 10 7 0 2 6 1 0 5 4 3 4 4 2 1 4 2 0 0 0 3 7 51 17 10 12 4 12 20 23 22 46 37 19 3 13 8 12 12 10 8 8 64 19 25 39 33 31 12 37 58 0 32 9 5 19 5 23 60 19 37 13 47 58 68 12 19 31 21 3 19 95 11 10 8 11 9 2 11 6 9 4 0 0 10 1 2 1 1 0 0 2 0 0 0 
3 14 4 0 2 0 21 15 13 8 3 4 1 0 0 5 5 0 0 2 0 0 0 1 0 0 0 0 4 46 28 40 16 15 8 11 30 13 44 13 19 4 13 3 8 11 7 8 5 40 15 16 36 28 13 3 27 25 0 35 3 3 22 15 5 22 27 69 16 49 96 156 61 53 9 22 1 23 55 19 11 9 8 5 5 9 6 29 6 0 0 1 4 1 0 0 1 4 0 0 0 2 
7 19 10 3 5 18 22 16 16 8 7 11 8 1 2 4 1 0 1 0 0 0 1 1 1 0 0 1 4 93 65 126 40 48 30 19 42 31 48 34 26 2 16 13 28 28 14 14 37 92 28 23 37 43 15 7 42 50 0 85 35 3 39 56 65 20 16 86 56 120 185 215 66 81 16 25 1 19 109 19 39 12 23 17 15 29 8 28 13 0 0 13 6 1 1 5 0 2 0 3 0 3 
4 2 5 0 3 1 3 6 3 1 5 0 1 0 0 1 0 0 0 0 0 0 0 0 0 0 0 0 2 23 9 7 6 9 0 6 11 5 6 2 4 1 0 3 4 3 4 2 5 23 6 6 12 13 5 1 23 5 0 27 5 1 5 24 29 13 4 6 12 9 30 65 11 7 2 1 1 5 18 16 3 3 2 1 2 7 2 5 1 0 0 1 0 0 0 0 0 0 0 0 0 0 
9 4 3 0 0 6 15 6 2 9 3 3 5 2 0 3 1 1 0 0 0 0 0 0 0 0 0 0 0 25 21 13 7 16 9 8 15 16 19 10 4 1 4 4 7 6 10 3 2 24 11 7 30 18 16 13 22 21 0 25 21 4 16 16 40 44 8 3 13 28 102 122 14 49 12 17 0 17 56 15 11 1 9 3 3 3 0 2 4 0 0 2 0 0 0 0 0 0 0 0 0 2 
1 4 4 0 0 2 1 8 1 0 0 0 3 0 0 0 0 0 0 0 0 0 0 0 0 0 0 0 0 8 9 10 1 5 15 7 8 4 8 0 2 1 1 2 1 1 1 3 3 5 1 3 8 2 3 0 2 2 0 14 6 2 3 10 23 23 15 7 4 14 62 58 7 22 2 2 1 4 10 0 6 0 5 4 1 1 1 6 2 0 0 1 0 0 1 0 0 0 0 0 0 0 
1 1 1 0 1 3 1 2 1 4 1 2 1 2 0 0 0 0 0 0 0 0 0 0 0 0 0 0 0 13 9 4 9 10 6 4 4 5 12 5 4 1 8 1 2 4 2 1 1 15 9 7 12 12 2 0 7 13 0 10 12 3 4 11 27 43 12 26 17 2 55 67 14 35 3 2 2 11 29 5 3 2 2 4 2 1 2 5 3 0 0 1 0 0 0 0 0 0 0 0 0 0 
6 4 3 2 1 0 4 3 3 9 2 4 1 0 0 5 3 0 0 0 0 0 0 0 0 0 0 0 1 8 3 2 13 16 11 4 19 4 27 2 2 0 7 1 5 3 3 4 3 9 5 6 8 11 0 1 5 2 0 7 2 1 3 19 33 44 14 35 19 12 1 58 14 32 10 1 2 5 24 10 6 3 3 3 0 3 0 8 1 0 0 2 0 0 0 2 0 0 0 0 2 0 
4 5 3 3 1 5 2 4 1 6 0 7 5 5 0 1 1 2 0 0 0 0 0 0 0 0 0 0 3 13 3 10 13 7 18 2 17 19 19 6 9 0 2 8 9 4 2 9 8 23 5 5 6 5 1 7 10 7 0 11 3 3 5 36 31 50 21 54 32 46 68 7 46 40 4 5 0 10 27 5 5 2 2 5 1 5 1 18 8 0 0 1 0 3 0 2 0 0 0 0 1 1 
4 3 3 1 5 4 4 5 2 4 0 2 3 0 0 1 3 2 0 0 0 0 0 0 0 0 0 0 0 4 3 5 6 21 8 6 8 16 22 9 7 1 2 6 4 4 5 3 4 14 16 9 16 9 11 1 13 21 0 16 9 3 10 12 32 35 15 24 14 62 65 88 2 26 7 6 3 8 46 9 11 1 6 10 4 6 1 7 3 0 0 0 0 0 1 1 0 1 0 1 0 1 
7 9 5 3 7 3 4 17 6 5 1 7 7 0 2 1 4 2 0 0 0 0 0 3 0 0 0 0 1 1 0 1 4 27 6 4 18 22 29 19 14 0 5 4 10 9 4 8 7 25 16 9 26 24 7 1 19 16 0 41 9 1 12 20 50 75 22 40 27 167 113 133 18 5 11 12 2 16 82 6 20 4 7 9 3 10 4 25 6 0 0 4 0 3 1 3 0 4 2 2 0 2 
0 1 2 1 1 0 1 4 0 3 0 2 6 4 3 4 6 1 2 3 1 2 0 3 3 0 0 10 0 6 1 3 8 1 4 2 3 2 6 2 8 0 9 10 6 5 7 12 8 41 8 9 18 13 10 9 11 19 0 8 1 0 0 10 6 9 11 4 0 3 1 6 0 6 6 14 5 27 155 25 22 8 16 57 14 18 6 73 17 0 0 5 2 6 6 10 2 16 12 1 1 4 
2 2 3 0 1 1 1 6 3 8 3 2 5 0 4 8 6 2 0 0 0 1 4 2 1 0 1 4 0 5 0 5 7 2 2 0 4 1 3 7 0 0 7 10 7 9 5 9 7 42 9 4 7 16 8 3 15 26 0 8 2 1 4 6 3 7 1 3 2 6 5 6 2 6 23 3 9 38 194 41 26 18 39 50 20 36 8 54 11 0 0 8 5 7 4 5 2 15 14 1 1 9 
0 0 1 0 0 0 0 1 0 0 0 1 0 0 0 0 1 0 0 0 0 1 0 1 1 0 0 0 0 1 0 0 1 0 0 0 0 0 0 0 0 0 3 0 3 0 0 3 2 5 1 1 0 3 2 0 2 9 0 4 3 0 0 0 1 2 1 1 1 5 3 2 0 2 5 6 2 9 68 12 6 5 3 3 6 1 0 16 2 0 0 2 0 1 3 1 1 2 2 0 0 1 
1 0 3 1 0 2 1 2 4 3 0 0 4 2 1 9 5 5 1 1 0 0 1 3 2 0 0 3 0 9 2 4 6 0 2 1 1 0 1 6 6 1 5 8 9 6 3 8 5 17 6 6 8 8 4 1 5 16 0 6 1 0 1 4 5 4 0 1 3 1 2 3 2 8 20 23 15 6 86 9 22 3 11 46 25 22 9 51 6 0 0 13 0 4 3 2 2 3 5 0 0 5 
15 24 19 15 6 21 26 14 14 12 6 12 27 21 18 65 22 10 12 8 3 3 11 17 8 0 1 22 4 44 13 46 40 25 33 4 10 6 43 26 6 4 23 34 32 27 17 24 19 94 119 103 144 117 57 54 83 171 0 59 14 7 14 56 62 84 32 52 15 58 45 40 34 38 347 262 92 119 24 82 130 36 98 194 82 73 39 151 31 0 0 22 7 38 20 25 3 30 22 2 5 22 
4 3 2 0 0 0 1 2 2 2 1 2 4 0 2 10 1 1 1 1 1 0 1 1 1 0 0 3 3 0 1 6 8 1 3 2 0 0 19 3 3 3 14 11 8 12 6 13 4 19 11 5 9 5 12 2 1 16 0 3 1 0 2 9 16 18 0 2 0 8 4 5 1 7 40 63 19 29 100 8 22 10 26 115 50 22 18 81 27 0 0 13 2 15 3 8 10 7 15 1 0 10 
2 1 7 0 0 1 1 1 4 2 0 0 1 0 0 1 1 1 0 2 0 1 0 0 0 0 0 2 0 10 1 2 4 0 1 1 0 0 4 0 1 2 10 18 5 6 5 3 9 28 8 6 10 13 5 0 7 8 0 6 0 0 1 4 11 12 1 4 2 2 3 3 4 1 14 29 5 23 117 24 5 6 20 66 38 22 15 59 3 0 0 16 2 8 2 8 1 4 5 0 2 10 
0 3 2 1 1 3 1 8 3 1 0 1 0 1 0 2 1 0 0 0 1 0 0 3 0 0 1 1 1 4 2 6 3 2 1 0 0 2 3 5 20 4 19 22 14 13 8 14 29 54 5 2 10 5 0 0 3 6 0 6 0 0 0 6 7 5 0 3 1 4 3 4 3 1 16 16 9 15 70 11 22 3 5 68 31 32 18 85 25 0 0 19 13 23 18 17 7 21 38 5 1 13 
2 2 3 0 0 1 1 2 0 1 1 0 0 0 0 0 0 0 0 0 1 0 0 2 0 0 0 0 0 3 2 1 3 0 3 0 0 2 2 1 4 3 16 11 4 4 3 4 9 35 13 3 9 6 5 2 4 6 0 2 2 0 1 2 2 4 0 0 1 1 1 1 4 3 21 24 20 16 52 26 22 2 4 105 32 15 13 65 16 0 0 17 7 16 3 7 0 2 7 3 3 9 
5 7 1 1 2 4 14 5 2 4 0 0 3 0 0 0 0 0 0 0 0 2 1 1 1 0 1 1 1 12 4 5 10 3 1 1 1 0 13 15 8 1 68 94 33 48 27 45 38 169 30 18 72 38 21 17 40 78 0 24 1 1 2 5 4 9 5 8 3 0 5 8 7 5 136 116 25 102 314 165 175 58 168 10 196 131 74 241 90 0 0 65 32 57 37 56 9 54 35 12 14 42 
0 3 4 0 0 3 4 3 0 1 1 1 0 0 0 1 0 0 0 1 0 0 0 0 0 0 0 2 1 1 1 3 1 1 0 0 1 4 11 4 10 6 17 34 10 28 12 24 18 50 9 6 6 10 2 2 11 18 0 7 0 0 1 4 2 3 0 4 0 1 2 3 4 6 35 13 1 35 48 39 53 22 32 147 1 68 29 98 22 0 0 31 12 32 22 20 3 21 15 0 5 23 
1 5 5 1 1 4 1 1 1 5 8 0 0 0 1 5 8 8 4 1 4 2 2 4 0 0 0 2 0 17 5 11 15 3 9 0 16 20 51 7 10 18 60 104 31 57 35 37 40 143 12 12 31 10 2 4 18 14 0 16 3 2 1 5 10 6 1 1 0 9 13 2 3 7 32 26 7 29 49 40 33 23 39 99 75 13 15 70 65 0 0 115 22 46 49 36 14 30 29 7 9 35 
2 14 6 1 4 2 3 1 3 0 1 0 1 0 2 1 3 6 2 4 1 2 1 1 9 0 0 7 0 14 7 19 10 1 7 0 15 24 32 25 11 7 32 80 17 54 27 44 51 98 4 4 20 3 4 2 6 14 0 5 1 1 1 4 0 6 2 6 1 0 2 5 1 0 17 24 5 7 43 36 17 16 23 83 43 22 8 47 33 0 0 102 17 40 25 28 16 32 19 14 2 47 
26 43 24 6 9 27 22 8 22 18 5 12 11 4 5 18 22 27 13 6 19 9 11 31 21 0 2 64 5 113 30 99 131 36 37 33 82 95 229 97 46 23 161 270 87 234 146 157 206 732 41 42 94 33 9 8 27 43 0 33 10 5 13 15 28 20 4 9 3 4 12 14 9 15 93 86 18 77 191 90 73 97 93 266 157 222 148 27 70 0 0 277 98 170 121 164 39 131 138 30 22 243 
3 6 3 1 0 2 2 1 0 2 1 4 5 3 1 4 5 4 2 1 3 1 1 1 4 0 0 8 1 15 13 23 21 11 18 17 34 43 51 42 15 16 56 80 23 66 14 46 46 116 12 2 9 9 2 1 11 9 0 8 3 3 1 5 2 1 0 1 0 0 3 7 1 0 13 18 2 23 32 17 18 17 36 52 50 63 38 47 3 0 0 90 23 40 28 66 10 33 32 15 9 34 
0 0 0 0 0 0 0 0 0 0 0 0 0 0 0 0 0 0 0 0 0 0 0 0 0 0 0 0 0 0 0 0 0 0 0 0 0 0 0 0 0 0 0 0 0 0 0 0 0 0 0 0 0 0 0 0 0 0 0 0 0 0 0 0 0 0 0 0 0 0 0 0 0 0 0 0 0 0 0 0 0 0 0 0 0 0 0 1 0 0 0 0 0 0 0 0 0 0 0 0 0 1 
0 0 0 0 0 0 0 0 0 0 0 0 0 0 0 0 0 0 0 0 0 0 0 0 0 0 0 0 0 0 0 0 1 0 0 0 0 0 0 0 0 0 0 0 0 0 0 0 0 0 0 0 0 0 0 0 0 0 0 0 0 0 0 0 0 0 0 0 0 0 0 0 0 0 0 0 0 0 0 0 0 0 0 1 0 0 0 2 0 0 0 0 0 0 0 0 0 0 0 0 0 0 
8 25 30 1 11 24 28 20 14 21 5 24 26 16 10 25 42 11 7 5 14 7 3 22 6 1 5 27 8 142 43 114 81 80 86 56 131 216 400 140 109 25 103 450 248 306 183 338 549 874 45 35 55 27 13 10 31 44 0 34 3 4 9 19 22 11 2 4 4 3 6 13 2 4 57 33 5 61 157 110 97 96 114 231 178 265 185 624 330 0 0 24 68 261 147 969 108 555 264 72 49 274 
0 9 0 0 0 8 3 5 11 2 1 0 3 1 0 8 6 1 1 0 1 0 0 0 0 0 0 5 0 16 3 12 6 9 9 7 14 27 45 14 13 8 41 79 40 60 32 45 56 118 5 2 3 3 0 0 1 3 0 8 3 0 0 0 1 0 0 0 0 0 1 0 0 1 9 13 2 22 24 13 27 14 12 37 31 28 35 97 56 0 0 94 4 17 10 92 2 39 24 11 6 29 
0 0 2 0 0 0 0 0 3 3 2 3 1 0 1 0 3 0 0 0 0 0 7 0 2 0 1 0 1 15 6 18 11 8 16 7 17 11 43 17 13 10 47 87 36 60 24 51 81 130 7 5 17 3 3 1 8 9 0 5 0 1 0 2 3 2 0 1 0 0 1 0 0 0 12 14 7 19 38 24 25 9 18 55 38 60 52 139 48 0 0 86 7 9 1 65 4 46 28 14 8 36 
0 11 3 0 0 0 3 0 4 2 0 7 13 1 2 2 6 2 0 0 2 0 1 2 0 0 0 1 0 16 12 17 11 13 18 6 21 26 50 14 25 19 48 85 42 51 48 68 122 192 7 3 11 6 1 2 12 7 0 3 0 2 3 1 4 2 0 0 0 0 2 2 0 1 12 14 2 16 43 35 23 19 11 56 35 58 45 176 74 0 0 72 12 3 7 42 18 94 45 29 12 79 
1 2 5 0 0 6 3 1 1 2 2 2 4 1 0 4 0 1 0 0 0 1 1 3 3 0 0 4 0 28 6 12 11 2 9 8 6 5 58 26 15 11 40 70 42 51 16 44 62 93 5 3 8 5 2 2 0 6 0 2 0 2 1 1 1 1 2 1 0 0 0 1 0 0 8 4 0 10 24 20 20 16 20 31 19 36 21 141 27 0 0 141 37 46 14 2 15 45 16 12 8 41 
0 0 1 0 0 0 0 0 0 0 0 0 3 2 0 0 0 0 0 0 0 0 0 0 0 0 0 0 0 3 1 1 0 0 2 1 1 6 10 2 1 3 3 8 5 12 7 7 6 8 0 3 1 1 2 0 0 0 0 0 2 0 0 0 0 0 0 0 0 0 0 0 0 0 2 1 0 5 2 5 8 1 5 8 2 8 7 29 21 0 0 13 1 3 3 1 1 2 1 0 1 3 
2 1 0 0 0 1 0 0 0 0 0 2 1 1 0 1 0 0 0 0 0 0 0 0 0 0 0 1 0 5 3 6 4 1 2 5 8 3 20 1 1 2 31 27 10 24 22 14 19 28 7 0 4 5 0 0 0 2 0 3 0 0 0 0 0 0 0 0 0 0 0 0 0 0 8 8 2 4 15 10 4 4 8 11 13 13 13 99 23 0 0 72 4 18 19 24 0 6 1 4 3 27 
2 5 5 3 1 3 3 1 3 3 1 2 5 0 1 12 2 0 2 0 2 0 0 7 0 0 1 4 0 19 4 10 5 2 5 5 17 26 37 5 17 1 30 34 16 41 12 19 22 91 5 5 20 1 1 0 6 6 0 1 0 0 1 0 0 0 1 0 0 0 0 1 0 0 6 6 3 9 24 9 23 20 10 27 14 26 19 127 17 0 0 60 23 19 13 18 1 14 0 6 2 26 
0 0 0 0 1 0 0 0 0 3 0 0 0 0 0 0 0 1 0 0 0 0 0 0 0 0 0 0 0 1 1 1 0 0 2 7 1 1 6 6 2 1 5 3 2 4 2 1 2 5 1 0 1 0 0 1 0 2 0 0 0 0 0 0 2 0 0 0 0 0 0 0 0 0 0 0 0 1 0 1 0 1 0 4 3 5 4 16 2 0 0 16 0 3 6 2 0 1 1 0 0 3 
0 0 1 0 0 0 0 0 0 0 1 0 0 0 0 0 0 0 0 0 0 0 0 0 0 0 0 0 0 2 1 0 0 0 1 0 1 1 1 0 1 1 7 11 7 4 0 3 8 15 0 0 0 0 1 0 1 0 0 0 0 0 0 0 0 0 0 0 0 0 1 0 0 0 2 4 0 5 2 1 3 1 1 7 3 10 4 25 6 0 0 12 2 4 2 6 1 4 2 3 0 5 
17 30 11 1 6 11 14 6 11 17 3 4 18 4 15 10 17 3 0 3 6 2 2 4 5 0 1 13 2 103 22 44 59 34 33 42 71 73 113 92 61 21 206 203 122 170 141 127 119 492 40 26 46 33 6 6 17 26 0 14 5 2 3 5 9 6 8 1 1 0 5 5 1 2 45 9 4 25 79 48 38 35 84 98 74 99 64 534 128 0 0 171 55 137 116 157 21 118 50 11 3 16 
