1 3 2 9 2 18 5 2 18 28 3 22 44 32 25 18 9 4 4 6 5 5 3 33 5 0 2 27 9 0 0 1 17 0 0 0 0 5 7 3 3 0 7 3 12 10 5 4 2 34 2 1 0 1 1 0 0 2 0 2 0 1 1 1 0 1 3 2 1 0 0 1 0 2 0 1 0 0 1 1 0 1 0 0 1 1 0 8 0 0 0 0 1 1 0 0 0 0 2 0 0 12 
3 5 3 2 6 10 12 9 11 7 2 58 73 50 24 11 17 13 9 44 3 7 2 26 19 0 0 31 5 1 0 0 14 1 3 1 5 1 8 9 15 1 8 2 17 9 11 8 7 46 7 1 5 5 7 0 1 2 0 2 1 1 0 1 2 2 1 2 0 1 1 2 1 4 0 0 0 0 2 5 1 4 1 5 0 4 0 23 1 0 0 2 6 0 0 0 0 0 2 0 0 16 
18 3 6 2 23 1 12 25 33 4 16 24 72 39 49 14 3 18 36 9 4 6 6 25 5 6 0 15 4 0 0 0 9 0 0 0 2 0 2 3 17 0 3 11 7 3 11 3 5 47 8 3 2 0 1 0 0 2 0 1 0 0 0 3 2 2 0 2 0 2 3 0 0 1 0 3 0 6 0 0 0 2 0 0 0 3 0 24 1 0 0 5 1 1 0 1 0 1 0 0 2 5 
18 1 2 0 3 2 7 4 9 6 3 1 3 5 2 1 0 5 3 6 0 2 1 10 3 0 0 11 0 0 0 0 3 0 0 0 3 6 2 1 3 0 0 0 0 3 0 0 0 8 0 0 1 1 0 0 1 0 0 1 0 0 0 0 0 0 0 0 0 0 4 1 0 2 1 0 1 0 0 0 0 0 0 0 0 0 0 5 0 0 0 0 1 0 1 0 0 0 0 0 0 1 
8 10 6 0 1 1 2 2 1 5 5 7 10 26 7 12 4 0 2 5 0 3 2 17 13 3 0 13 0 1 0 0 2 0 0 0 1 0 0 2 4 1 2 0 5 7 0 0 1 15 3 0 1 0 0 1 0 1 0 0 0 0 0 1 0 0 0 1 0 0 1 1 4 0 1 1 0 0 1 0 0 0 0 0 0 0 0 6 1 0 0 0 0 0 1 0 0 0 0 0 0 1 
15 34 14 2 12 0 0 2 16 8 6 14 49 31 21 22 32 18 40 10 15 8 8 51 9 1 0 22 3 0 0 0 4 0 0 1 0 2 1 10 7 1 8 3 2 3 2 2 2 34 1 8 0 0 0 1 0 1 0 0 1 0 0 2 0 4 0 2 1 0 0 1 1 2 0 0 2 0 1 0 0 0 0 0 0 1 0 5 0 0 0 2 0 0 0 0 0 0 1 0 0 7 
11 3 3 3 4 5 1 0 13 16 0 7 19 23 17 9 11 10 7 14 2 17 2 18 10 0 1 9 2 0 0 4 7 0 1 0 0 1 2 6 3 4 30 3 5 4 3 0 1 20 2 1 3 2 3 1 0 2 0 1 0 0 1 0 0 6 1 0 4 1 2 0 0 7 1 0 0 0 0 0 0 1 0 0 0 0 0 5 1 0 0 1 0 1 0 0 0 1 0 0 0 10 
16 20 13 2 8 0 10 0 0 7 2 10 17 16 27 9 33 10 5 23 15 1 3 33 13 2 0 31 1 0 0 0 5 1 0 0 0 1 6 5 2 0 21 1 0 8 6 4 4 49 10 0 0 1 0 0 0 1 0 0 0 3 0 4 1 4 0 2 2 1 3 0 0 5 0 2 0 0 0 0 0 0 0 1 0 0 0 5 1 0 0 4 2 0 0 0 0 0 0 0 0 8 
23 17 6 2 4 9 4 3 0 3 8 15 21 23 13 12 9 11 21 4 14 3 0 19 13 0 0 12 1 5 3 0 2 0 0 0 0 1 5 2 10 0 2 0 3 7 5 2 4 20 1 0 1 0 0 0 0 0 0 0 0 0 0 0 0 2 0 0 1 1 0 0 3 0 0 0 2 0 0 0 0 0 0 0 1 2 0 6 0 0 0 0 0 0 0 0 0 0 0 0 1 3 
14 22 10 1 3 10 3 4 6 0 1 8 5 4 0 3 5 4 9 1 2 13 6 22 23 1 2 23 0 1 0 0 1 0 0 0 0 0 1 2 5 0 2 1 0 1 0 0 1 20 4 0 3 1 0 1 0 0 0 0 0 0 0 0 0 0 0 11 0 0 1 0 0 2 1 0 0 1 0 1 0 0 0 0 0 0 0 2 0 0 0 1 0 0 0 0 0 0 0 0 0 3 
15 11 1 0 2 5 5 5 4 0 1 2 3 0 2 7 8 7 0 19 2 3 2 15 7 2 0 11 3 4 0 0 2 0 0 0 0 0 1 0 4 0 6 0 0 3 8 3 0 15 2 0 6 1 0 1 0 1 0 0 0 1 0 0 0 0 0 0 0 1 0 0 1 3 0 0 0 0 0 0 0 0 0 0 0 0 0 2 0 0 0 0 0 0 0 0 0 0 0 0 0 3 
5 30 11 2 2 9 5 17 1 6 3 2 3 2 7 14 4 6 3 5 2 3 2 41 21 1 0 30 3 4 0 18 6 0 0 0 0 2 5 6 3 1 4 2 3 5 2 1 4 32 5 4 2 1 0 0 0 6 0 0 2 1 1 0 1 7 0 0 0 0 1 0 1 0 1 0 0 0 1 0 0 0 0 0 0 0 0 1 5 0 0 0 0 1 0 0 0 0 0 0 0 5 
19 22 7 1 6 22 16 19 11 8 6 1 4 1 3 17 2 9 9 16 2 12 2 38 24 1 0 42 0 12 4 4 8 1 0 0 3 0 0 0 5 0 7 0 0 2 7 2 0 43 5 1 3 0 1 0 0 1 0 1 0 2 6 0 0 1 0 1 1 0 0 0 0 1 2 0 0 0 9 0 1 0 0 0 0 0 0 4 0 0 0 1 2 0 0 3 1 0 2 1 0 7 
25 33 21 5 18 13 9 7 12 11 3 2 5 4 1 3 2 3 6 10 7 14 2 44 33 2 1 93 2 3 0 0 0 0 0 0 0 0 0 0 2 1 2 0 1 0 1 0 0 12 8 1 9 0 0 2 1 23 0 2 1 0 0 0 0 0 0 0 0 0 0 0 0 0 0 0 0 0 4 0 0 0 0 0 0 0 0 1 2 0 0 5 0 1 0 0 0 0 0 0 0 1 
21 32 16 3 8 18 5 20 25 13 4 3 11 1 4 0 9 8 35 3 7 10 4 46 40 3 1 56 1 2 0 1 3 0 1 0 0 0 0 0 4 0 0 0 0 2 0 1 0 21 23 1 7 5 0 1 2 1 0 1 0 5 0 0 0 1 0 0 0 0 0 0 0 0 0 2 1 0 8 0 0 0 0 0 0 0 0 5 0 0 0 3 2 0 0 0 0 0 0 0 0 3 
27 15 11 5 11 19 9 26 6 26 17 4 11 1 0 2 0 2 12 5 9 7 32 46 22 10 2 71 5 5 1 4 12 1 1 0 2 6 1 5 7 1 6 2 3 9 3 2 0 32 10 1 5 3 3 0 1 0 0 0 0 0 0 0 0 2 0 0 0 0 0 0 0 0 8 1 2 1 6 1 0 0 0 0 0 5 0 7 1 0 0 2 0 0 0 1 0 0 1 0 0 6 
15 13 5 0 2 6 4 12 9 12 3 7 12 10 11 2 0 4 12 1 7 14 8 49 9 3 3 23 1 11 4 8 35 2 2 1 1 1 3 4 12 3 13 2 14 1 11 2 8 38 11 2 8 0 0 0 0 3 0 3 0 0 0 0 0 0 0 0 0 0 2 0 0 3 1 2 0 0 2 0 0 0 0 0 0 0 1 5 1 0 0 1 1 0 0 0 0 0 0 0 0 6 
25 41 34 0 3 8 3 2 4 14 3 1 7 10 1 24 0 2 2 0 7 10 4 38 10 0 2 45 0 4 3 4 22 1 7 1 3 0 2 7 8 3 3 2 15 10 26 1 3 105 7 4 5 4 3 0 0 3 0 0 2 0 0 0 0 0 0 0 0 0 1 0 0 0 2 1 0 0 9 0 0 0 0 0 0 0 0 11 0 0 0 1 1 0 0 0 0 0 0 0 0 5 
12 25 10 2 8 23 1 3 2 10 11 5 5 4 5 7 3 0 0 3 6 20 1 20 17 3 0 23 6 1 0 2 4 0 0 0 0 0 6 0 0 0 2 1 8 4 3 0 2 17 4 1 3 0 0 1 4 5 0 0 0 0 0 0 0 0 0 0 0 0 0 0 0 0 0 0 0 0 0 0 0 0 0 0 0 0 0 3 0 0 0 0 0 0 0 0 0 0 0 0 0 2 
23 22 10 6 5 4 4 6 11 9 4 8 7 36 6 25 8 12 5 2 15 0 2 23 8 2 1 51 5 7 1 3 9 0 0 2 2 3 7 8 3 1 3 2 6 1 2 1 4 20 25 2 7 3 1 0 1 0 0 2 1 0 0 0 1 0 0 0 0 0 0 0 0 0 4 2 1 1 2 1 0 0 0 0 0 2 0 2 2 0 0 0 0 0 0 0 0 0 0 0 0 3 
7 3 12 0 0 11 1 8 5 5 1 6 9 18 7 26 20 7 6 4 0 0 1 6 4 1 5 51 3 4 1 0 3 0 0 0 1 3 0 5 9 1 3 2 0 2 6 0 2 15 1 0 0 1 0 0 0 0 0 0 0 0 0 0 0 0 0 0 0 0 0 0 0 0 0 0 0 0 0 0 0 0 0 0 0 0 0 5 0 0 0 0 0 0 0 0 0 0 0 0 0 0 
14 23 17 1 7 13 2 3 3 7 1 15 52 38 28 12 13 10 8 3 0 0 0 14 7 3 0 39 1 3 0 1 4 0 3 2 2 1 9 1 17 0 10 1 2 8 2 5 1 20 3 0 2 0 1 2 1 2 0 0 0 0 0 0 0 0 0 0 0 0 0 0 0 0 2 1 1 0 1 1 0 1 0 0 1 0 0 2 1 0 0 1 0 0 0 0 0 0 0 0 0 1 
19 8 15 6 11 11 6 10 12 14 8 16 27 22 18 57 73 28 47 11 3 5 4 8 4 22 1 99 1 5 1 1 5 4 5 1 13 0 12 7 9 0 1 1 4 4 10 3 3 33 6 24 3 7 0 1 0 3 0 0 0 0 0 0 0 0 0 0 0 0 0 0 0 0 2 3 0 3 3 1 1 0 0 0 0 1 0 1 0 0 0 1 0 0 0 0 0 0 0 0 2 1 
11 8 14 1 4 16 11 14 3 35 16 15 32 59 35 86 56 58 66 7 11 4 3 2 2 4 4 41 0 1 5 0 17 0 2 17 14 8 6 11 9 0 6 1 16 2 15 2 2 62 3 3 4 2 0 1 2 1 0 2 0 1 1 0 0 0 0 0 0 0 0 0 0 0 8 4 0 3 11 1 1 0 0 0 0 5 7 18 2 0 0 0 0 0 0 0 2 0 0 0 0 1 
33 31 18 8 7 31 22 7 10 39 6 28 53 51 40 37 36 46 37 22 4 10 2 4 1 1 3 60 1 8 5 7 19 4 6 3 17 5 4 31 8 2 2 3 20 13 9 5 1 47 23 7 6 6 7 1 2 3 0 2 4 1 0 1 0 0 1 0 0 0 0 0 0 0 8 4 4 1 20 2 2 0 1 3 0 10 3 13 0 0 0 0 0 0 0 0 0 0 2 0 0 1 
4 0 2 0 1 10 0 0 0 1 0 15 1 5 1 4 1 8 22 1 2 10 1 27 0 0 4 3 0 2 0 0 2 0 0 3 1 1 1 0 0 0 0 0 0 0 0 1 0 5 0 0 0 0 0 0 0 1 0 0 0 0 0 0 0 0 0 1 0 0 0 0 0 0 0 0 0 0 0 0 0 0 0 0 0 1 0 3 0 0 0 0 0 0 0 0 0 0 0 0 0 0 
3 0 0 2 0 5 8 0 6 5 3 12 6 8 24 13 67 27 4 13 12 29 2 37 3 0 2 36 0 1 0 0 1 0 0 0 6 1 0 2 6 0 1 1 0 1 5 0 2 6 3 0 9 1 0 1 0 8 0 0 0 1 0 0 0 0 0 0 0 0 0 0 0 0 0 1 0 0 1 0 1 0 0 0 0 0 0 2 0 0 0 1 0 0 0 0 0 0 0 0 0 0 
15 19 14 16 6 23 8 3 40 22 15 19 52 95 96 52 101 61 24 50 27 68 29 79 35 6 4 2 1 0 1 14 26 8 5 9 25 11 16 18 20 1 6 8 27 15 13 5 7 84 16 5 8 4 3 6 3 9 0 3 0 0 0 1 1 0 0 0 0 0 0 0 0 0 2 7 1 1 9 2 1 3 1 1 0 8 3 37 13 0 0 4 1 0 0 0 0 0 3 0 0 12 
6 6 0 0 0 0 0 18 1 1 0 0 3 2 2 0 0 0 2 0 0 0 4 2 0 0 1 3 0 0 0 0 1 0 0 0 0 0 0 0 0 0 0 0 0 0 0 0 0 0 0 0 1 0 0 0 0 0 0 0 0 0 0 0 0 0 0 0 0 0 0 0 0 0 0 0 0 0 0 0 0 0 0 0 0 0 0 1 0 0 0 0 0 0 0 0 0 0 1 0 0 0 
3 5 3 0 0 10 0 8 3 1 0 2 7 4 1 1 11 14 16 5 0 0 0 6 3 0 0 2 2 4 3 8 165 33 49 89 158 81 46 28 60 3 24 20 47 39 25 11 19 162 9 2 5 6 4 4 2 3 0 6 1 3 0 1 0 10 0 2 8 2 0 0 2 0 8 1 1 1 8 1 0 0 13 0 0 4 3 35 13 0 0 8 9 17 0 2 0 0 5 0 1 21 
2 0 8 0 1 9 2 2 0 1 4 0 1 1 0 9 9 5 8 2 0 1 0 11 3 0 0 2 0 8 4 7 104 35 27 20 58 22 7 27 21 1 6 9 15 7 30 2 7 64 7 1 2 0 2 0 0 3 0 1 0 1 2 0 1 6 0 0 1 0 1 0 1 0 1 0 3 11 2 0 0 1 0 0 0 3 0 28 3 0 0 4 2 0 1 0 0 0 1 0 0 19 
1 1 1 0 0 0 1 2 0 1 1 0 2 0 9 15 16 5 5 5 3 4 0 8 0 1 0 3 0 30 5 4 47 3 34 52 100 60 36 32 38 4 48 48 40 24 56 4 15 227 7 3 16 11 3 0 4 8 0 5 0 1 1 5 8 6 0 2 0 0 1 0 0 0 5 7 4 0 7 0 0 5 0 1 0 4 2 57 9 0 0 12 3 3 1 8 0 0 0 1 0 38 
1 3 3 0 0 1 0 0 0 0 0 2 0 0 0 1 4 1 1 3 0 0 0 10 2 0 0 4 0 40 7 6 2 6 2 14 19 13 19 21 22 2 16 9 18 17 13 8 15 143 14 10 13 2 2 1 0 1 0 0 0 2 0 0 0 3 0 1 1 1 1 1 0 1 5 3 2 2 6 0 0 0 2 0 0 4 0 27 2 0 0 14 4 3 2 0 0 4 2 1 1 23 
3 0 0 0 0 0 0 0 1 0 0 0 1 0 0 0 1 2 5 0 0 2 1 8 3 0 0 5 0 17 1 2 16 0 4 5 8 4 7 44 11 3 29 4 17 13 15 5 13 109 11 5 15 8 0 0 1 4 0 0 0 0 0 0 0 3 2 3 15 0 3 0 1 1 1 4 1 0 3 0 0 0 2 2 0 4 0 14 6 0 0 11 4 2 1 0 1 1 0 0 5 14 
2 2 1 0 0 0 0 0 0 0 0 0 0 0 0 0 2 0 2 1 0 1 1 2 0 1 1 6 1 42 9 7 45 2 2 1 12 15 3 29 7 3 6 7 20 2 14 1 4 51 2 0 3 0 0 0 0 0 0 0 0 0 0 0 0 1 0 4 1 1 0 2 0 1 2 1 0 0 0 0 0 0 0 0 0 0 0 7 1 0 0 5 2 0 1 0 0 3 0 0 0 31 
2 4 1 0 0 0 1 0 0 0 0 0 0 0 0 1 2 0 0 7 3 1 0 13 6 0 0 5 0 28 4 8 48 0 1 1 28 9 12 7 25 0 15 1 4 7 11 4 7 63 6 1 4 0 1 0 0 0 0 0 0 0 0 0 1 1 0 1 0 0 8 0 0 0 0 1 0 0 0 0 1 0 0 0 1 1 0 17 2 0 0 21 1 0 0 2 0 6 2 0 1 18 
0 1 0 0 0 0 0 0 0 1 0 0 0 0 0 0 6 0 0 0 1 1 1 2 2 0 0 8 0 54 22 10 70 4 8 4 5 1 16 31 28 8 15 2 25 24 61 5 20 198 1 2 2 1 2 0 0 0 0 0 0 0 2 0 0 0 0 0 0 0 1 2 1 3 0 1 0 2 0 0 0 0 0 0 0 1 1 21 4 0 0 6 6 3 0 3 3 2 4 0 2 35 
1 1 0 0 0 2 2 0 1 0 0 0 0 1 1 0 0 0 0 0 1 0 1 4 4 0 0 7 0 55 18 47 60 4 0 1 7 3 3 20 25 6 31 36 38 30 37 8 16 251 1 0 0 0 0 0 0 1 0 1 0 0 1 7 0 2 0 0 1 1 3 0 1 2 2 1 0 0 1 0 0 0 0 0 0 2 4 38 7 0 0 12 3 1 1 0 0 0 4 0 0 19 
6 20 3 3 3 2 0 0 3 7 0 4 2 0 1 3 1 3 1 3 7 6 2 13 5 5 0 23 0 69 33 43 95 11 11 29 35 6 7 16 27 0 34 27 43 21 45 13 12 231 6 1 5 1 1 0 2 0 0 2 0 6 7 0 2 2 2 0 0 2 2 1 2 30 2 0 0 0 2 0 0 1 0 2 1 4 1 52 3 0 0 13 6 3 3 4 0 6 1 0 3 43 
18 15 18 5 4 6 5 18 3 6 19 6 6 2 2 9 1 4 5 12 10 0 0 27 18 4 0 35 1 97 7 34 152 9 29 10 66 51 37 6 4 2 13 42 48 51 44 11 18 200 6 3 0 1 0 1 3 0 0 1 0 0 0 0 5 6 0 4 0 0 2 1 3 2 6 10 1 1 1 2 4 4 0 6 2 0 17 5 6 0 0 0 13 1 4 2 0 0 1 1 1 23 
10 4 0 0 2 3 0 1 3 3 2 1 0 4 1 6 8 10 4 2 0 0 0 22 9 3 0 12 0 56 6 12 78 7 7 8 21 25 21 12 3 1 3 12 10 4 34 3 5 103 2 0 1 2 0 1 0 1 0 1 0 7 1 1 1 0 1 1 0 0 0 1 3 2 0 1 0 1 9 1 1 10 1 3 0 0 1 6 1 0 0 0 5 0 0 3 0 0 0 1 3 22 
3 6 6 0 0 40 1 0 2 2 0 2 0 0 1 4 0 5 0 1 0 0 3 3 1 1 0 8 0 26 4 3 25 4 31 2 39 21 17 8 9 2 2 4 13 10 21 0 0 43 0 1 6 0 1 0 1 2 0 0 11 1 0 0 1 1 0 0 0 0 0 1 0 0 5 0 0 0 2 3 0 6 1 4 2 4 0 23 3 0 0 3 0 0 3 7 1 4 6 0 0 9 
5 4 1 0 5 2 0 0 1 3 0 1 2 0 1 2 1 1 1 2 0 1 1 6 2 0 0 5 0 20 1 5 57 4 11 6 31 9 8 6 1 6 4 1 5 4 2 2 4 31 5 1 5 2 4 0 1 0 0 0 0 0 0 1 0 0 1 1 2 0 0 0 1 4 2 7 0 5 7 5 5 3 0 12 9 20 0 36 2 0 0 1 2 5 0 4 6 5 4 1 2 69 
6 4 3 2 0 2 5 1 1 0 0 1 0 1 0 3 2 1 4 1 1 0 0 8 2 0 0 7 1 22 11 7 60 4 11 8 27 19 14 3 4 2 9 5 16 13 13 4 12 53 12 0 9 6 0 0 0 2 0 0 0 0 0 1 1 1 0 0 0 0 4 0 0 1 4 6 2 0 15 7 3 10 1 14 7 18 4 46 0 0 0 2 5 3 1 9 0 3 5 2 0 71 
3 3 1 1 1 7 1 1 0 1 2 0 1 5 0 0 13 1 6 2 1 0 1 21 4 3 2 12 5 30 3 17 62 14 7 6 19 20 5 11 3 0 11 10 4 5 2 3 3 51 3 3 7 0 0 1 0 1 0 0 0 0 0 3 5 1 1 1 0 3 0 1 0 4 6 2 1 0 5 0 2 0 1 2 2 9 0 33 0 0 0 2 5 4 0 4 0 0 13 0 0 29 
10 8 0 0 3 7 0 1 0 3 1 0 2 3 1 0 3 12 6 1 0 0 0 12 4 0 1 11 0 15 12 6 83 2 5 5 28 25 16 7 5 1 7 8 5 5 3 2 6 39 3 1 2 4 0 0 0 0 0 0 0 2 0 0 0 5 0 0 0 1 0 1 1 2 2 0 2 3 5 3 1 2 2 3 1 5 1 33 6 0 0 2 0 2 1 3 0 3 0 0 0 26 
10 7 8 1 1 0 3 2 3 3 0 5 7 0 0 8 4 4 2 2 4 0 4 11 8 0 0 29 1 36 10 23 99 6 6 18 36 19 7 11 23 1 14 4 11 5 6 4 13 19 3 2 0 1 0 0 0 0 0 0 0 6 0 0 1 2 0 0 0 0 0 0 2 6 3 6 0 1 5 2 3 4 2 3 1 10 0 73 1 0 0 3 8 5 8 1 0 1 3 2 0 40 
8 15 3 0 0 1 1 3 1 4 3 10 1 1 1 0 2 1 6 8 5 2 0 12 5 3 0 18 0 28 4 22 62 9 19 18 25 14 9 5 20 2 27 10 19 14 25 1 2 61 2 1 5 3 1 0 1 1 0 2 5 1 2 3 0 3 0 1 0 1 1 2 0 8 2 5 0 1 0 0 2 5 2 0 5 7 4 57 1 0 0 4 13 3 3 2 0 2 7 0 1 41 
15 11 7 3 2 5 4 7 0 3 2 5 5 6 3 1 2 4 2 2 0 6 0 25 3 1 0 30 0 45 12 22 145 7 10 7 56 28 17 26 23 1 42 54 21 26 29 11 9 45 9 2 3 2 1 0 1 5 0 0 2 1 0 2 2 10 0 4 4 0 0 3 2 7 11 2 1 2 5 3 0 11 6 5 2 12 0 87 5 0 0 9 8 7 11 4 2 11 9 0 2 49 
29 34 21 2 12 21 25 10 10 15 5 5 16 9 3 4 13 20 15 5 5 3 13 103 24 5 1 99 0 191 19 81 551 29 17 59 189 124 55 47 31 4 44 40 29 31 10 24 22 6 30 7 15 7 1 3 2 6 0 3 2 1 1 3 8 34 3 6 2 6 9 3 19 15 30 31 4 11 19 8 4 27 10 9 7 21 8 282 11 0 0 10 10 14 13 4 1 16 22 3 4 138 
15 5 10 2 5 0 1 5 0 5 1 2 9 15 13 5 4 2 6 7 0 0 3 65 18 5 0 18 1 19 2 10 105 13 4 4 25 1 10 4 9 1 3 7 16 20 9 5 4 45 5 3 7 4 5 5 11 10 0 55 20 2 0 30 18 23 1 19 0 6 10 13 24 69 9 9 4 3 27 8 3 1 2 14 5 21 2 32 13 0 0 5 6 8 3 14 3 1 7 1 2 33 
1 2 0 0 0 1 1 0 0 1 0 2 3 1 1 0 3 1 2 0 0 1 0 11 3 2 0 3 0 1 3 1 48 3 2 1 2 2 1 1 1 0 2 0 1 6 7 3 1 18 0 2 0 3 4 5 2 1 0 6 3 0 0 10 1 8 2 3 0 5 3 0 3 7 1 0 0 1 17 0 0 1 0 14 1 6 0 16 7 0 0 3 0 0 0 3 0 0 0 0 0 15 
7 2 2 0 2 2 0 0 0 0 0 1 0 4 3 8 0 2 3 2 0 0 1 11 2 0 0 4 0 5 5 0 55 1 1 1 4 2 0 0 3 2 4 6 2 9 9 1 2 21 7 1 1 0 0 1 0 0 0 12 3 0 1 2 4 2 4 8 3 3 3 2 12 17 1 0 1 5 4 3 4 0 0 8 0 6 3 32 1 0 0 0 3 0 7 3 1 1 7 0 0 21 
4 7 10 0 0 0 0 2 0 1 0 1 0 6 2 4 5 0 5 0 0 11 0 12 1 1 0 9 0 2 10 2 25 7 8 0 5 14 3 1 0 1 7 1 0 12 3 0 0 13 11 33 1 0 0 0 0 7 0 16 0 1 2 10 3 17 4 6 8 5 5 3 6 16 0 0 1 1 10 2 4 1 0 9 12 5 0 11 3 0 0 2 1 8 0 0 0 1 0 0 2 11 
0 8 0 0 1 10 7 1 2 2 1 0 0 8 2 2 1 3 0 6 1 0 2 10 2 1 0 20 0 2 1 1 22 7 2 3 2 0 0 1 2 0 1 0 2 0 0 1 0 14 18 56 21 1 3 0 0 0 0 9 0 0 0 4 3 3 1 5 2 9 4 3 18 6 4 0 0 1 21 16 0 0 1 2 1 1 0 20 5 0 0 0 0 0 0 1 0 1 0 1 0 7 
3 0 2 0 2 1 0 0 1 0 0 0 0 0 0 2 0 2 2 0 0 0 0 7 3 0 0 6 1 3 0 1 9 3 1 0 0 0 2 1 3 0 0 0 3 0 1 0 1 14 14 29 8 2 1 2 0 5 0 12 0 0 0 1 1 4 0 8 1 1 2 3 6 26 0 1 0 1 19 5 1 2 1 7 3 1 4 6 1 0 0 0 1 1 0 0 0 1 1 0 0 4 
3 0 0 0 0 1 0 0 0 0 2 1 1 4 6 3 2 3 4 2 1 0 1 17 3 2 0 0 0 1 14 3 20 2 4 0 0 2 3 0 3 0 3 1 0 2 2 0 0 12 15 8 6 1 0 0 7 1 0 9 5 0 0 6 4 11 2 8 1 12 5 3 7 8 4 1 1 7 1 0 1 1 0 6 4 3 0 23 2 0 0 3 0 0 0 0 0 0 4 2 0 22 
6 5 5 0 1 1 10 13 1 0 0 1 8 11 1 4 0 1 0 0 0 0 0 18 3 5 0 9 2 8 1 1 38 9 13 3 2 3 3 1 1 0 7 0 1 5 4 4 8 28 13 16 32 0 2 0 1 4 0 12 1 4 3 8 9 7 11 24 5 2 2 6 14 8 4 5 1 2 10 3 0 1 0 20 5 7 1 23 2 0 0 7 1 1 2 5 0 0 5 1 0 12 
0 0 0 0 0 0 0 0 0 0 0 0 0 0 0 0 0 0 0 0 0 0 0 0 0 0 0 0 0 0 0 0 0 0 0 0 0 0 0 0 0 0 0 0 0 0 0 0 0 0 0 0 0 0 0 0 0 0 0 0 0 0 0 0 0 0 0 0 0 0 0 0 0 0 0 0 0 0 0 0 0 0 0 0 0 0 0 0 0 0 0 0 0 0 0 0 0 0 0 0 0 0 
14 7 3 0 0 1 1 0 1 1 1 5 11 0 2 7 8 4 0 2 1 2 18 57 28 0 1 30 1 2 2 0 9 1 0 0 2 1 8 2 1 9 4 2 0 3 1 2 0 13 29 9 24 10 7 7 2 6 0 4 0 4 1 4 15 23 8 2 4 3 7 1 16 27 6 0 0 0 4 1 2 2 0 2 0 4 0 17 2 0 0 1 5 0 2 2 0 0 1 0 0 13 
0 1 0 0 0 0 0 0 0 0 0 1 0 0 0 1 0 0 0 0 0 0 2 0 4 0 0 2 0 1 0 0 2 2 0 0 0 0 0 0 0 1 0 0 1 0 0 0 1 8 4 0 6 5 1 0 2 0 0 0 0 0 0 0 1 9 0 9 3 6 2 0 3 4 2 0 0 0 3 3 0 0 0 0 0 2 0 10 1 0 0 0 0 0 0 2 0 0 0 0 10 3 
0 1 0 0 1 0 0 0 0 0 0 1 0 0 0 0 0 0 0 0 0 0 0 0 0 0 0 0 0 0 0 0 4 0 0 0 0 3 0 2 0 0 0 0 0 1 0 0 0 2 6 1 2 0 2 1 0 0 0 1 0 0 0 0 0 0 0 1 1 0 0 1 0 2 2 0 0 0 4 1 0 0 0 0 0 0 0 2 0 0 0 0 0 0 0 0 0 0 0 0 0 0 
0 0 0 0 1 0 0 5 0 0 2 0 0 4 0 0 0 0 0 0 0 0 0 0 0 2 0 0 0 1 0 0 1 0 0 0 2 2 2 1 1 0 0 0 0 2 0 0 0 3 4 0 2 0 2 0 0 7 0 0 1 0 1 0 1 3 2 1 1 1 1 3 0 0 1 3 0 0 3 0 2 0 0 0 0 0 0 1 0 0 0 0 0 0 0 0 0 0 0 0 1 0 
1 0 0 1 0 3 2 2 3 0 0 0 0 1 0 0 0 0 0 1 0 0 0 3 2 0 0 1 0 5 0 2 3 2 3 0 2 1 5 3 3 0 2 0 3 0 1 1 2 18 24 19 24 17 19 2 0 8 0 3 1 1 0 1 2 13 1 5 7 7 3 9 1 6 8 1 0 8 36 2 0 1 0 0 0 0 0 3 0 0 0 1 0 0 0 0 0 0 0 0 0 3 
8 2 3 0 0 0 1 1 0 0 1 1 0 0 0 2 0 0 0 0 0 0 0 2 0 0 0 1 0 9 15 4 17 2 0 2 3 1 3 4 4 0 4 0 15 1 0 6 4 29 26 4 11 6 6 2 1 2 0 9 4 0 0 3 3 1 0 19 2 2 2 1 8 8 2 3 1 9 9 8 5 3 0 0 0 1 0 16 0 0 0 5 2 1 0 0 0 0 0 0 0 1 
7 7 6 2 1 3 10 8 2 1 1 2 0 0 0 0 0 0 0 0 0 0 0 0 0 0 0 0 0 10 2 1 17 3 1 2 2 1 3 3 3 2 1 14 11 5 10 2 4 40 33 14 26 12 2 6 9 7 0 31 6 2 0 11 2 11 0 6 8 13 6 12 9 22 12 6 5 2 27 1 1 0 1 2 0 1 0 14 0 0 0 1 2 0 0 0 0 0 0 0 0 2 
0 0 0 0 0 2 1 1 0 0 0 0 0 0 0 0 0 0 0 0 0 0 0 0 0 0 0 0 1 4 0 4 6 0 0 3 1 0 0 0 4 0 0 0 0 4 2 0 1 8 2 6 5 5 1 2 0 8 0 11 0 4 0 1 3 1 2 0 0 6 1 2 1 1 0 0 1 0 1 0 0 0 0 0 0 0 0 1 0 0 0 0 0 0 0 0 0 0 0 0 0 0 
7 1 1 1 1 0 2 3 0 4 0 0 0 2 0 0 0 0 0 0 0 0 0 0 0 0 0 0 0 3 2 2 10 1 0 0 1 4 1 3 1 0 3 0 3 2 4 0 5 24 12 3 23 13 5 2 3 1 0 8 5 1 4 1 2 3 0 1 18 9 5 4 5 12 3 1 2 4 6 1 2 0 0 0 0 1 0 7 0 0 0 0 0 0 0 0 0 0 0 0 0 0 
1 0 1 0 0 0 0 0 0 0 0 1 0 0 0 0 0 0 0 0 0 0 0 0 0 0 0 0 0 4 0 0 4 0 0 0 2 0 3 1 0 0 0 0 0 0 1 0 0 2 1 4 3 12 0 0 0 0 0 2 0 1 1 0 0 3 2 3 1 1 5 12 2 8 0 1 0 0 3 0 1 0 0 0 0 0 0 2 0 0 0 0 0 0 0 0 0 0 0 0 0 0 
4 9 3 3 0 2 3 0 0 5 1 0 0 0 0 0 0 0 0 0 0 0 0 0 0 0 0 0 0 2 0 0 6 4 0 4 0 2 3 1 0 0 0 1 2 0 1 3 1 19 29 11 23 9 14 4 14 6 0 20 23 7 4 1 2 17 3 4 2 0 0 10 6 26 4 4 0 3 32 10 1 4 1 0 1 1 1 5 0 0 0 0 0 0 0 0 0 0 0 0 0 0 
8 4 3 0 0 2 0 6 0 1 1 2 1 0 0 0 0 0 0 0 0 0 0 0 0 0 0 0 0 1 0 2 15 10 4 3 14 1 4 1 2 0 3 1 4 7 5 3 1 33 13 5 19 7 7 2 3 10 0 3 9 1 5 2 6 41 4 28 10 9 1 0 10 23 1 2 0 4 13 1 3 5 4 3 1 0 0 7 0 0 0 0 0 0 1 0 0 0 0 0 0 2 
1 1 6 0 0 0 1 0 0 3 0 2 4 1 0 0 0 0 0 0 0 0 0 0 0 0 0 0 5 5 0 0 10 13 6 2 6 1 2 1 2 0 2 1 3 2 9 0 0 22 17 5 7 4 5 0 2 8 0 4 2 0 0 3 11 28 8 7 21 10 1 3 1 8 3 4 0 0 32 3 1 1 0 4 0 4 0 7 2 0 0 4 0 0 0 0 0 0 0 0 0 2 
5 4 2 0 0 1 1 0 0 5 1 2 0 1 0 0 0 0 0 0 0 0 0 0 0 0 0 0 2 2 0 1 6 10 1 5 2 1 6 0 1 2 1 0 6 2 1 0 1 17 27 17 14 13 7 6 1 6 0 7 6 3 2 3 5 7 2 5 7 7 4 11 0 8 17 5 4 5 30 6 6 4 0 2 1 3 0 12 1 0 0 0 0 0 0 0 0 0 0 0 0 1 
2 3 0 1 2 8 2 0 0 1 0 2 0 2 0 0 1 0 0 0 0 1 0 0 0 0 0 1 0 0 0 0 10 1 6 0 3 1 0 1 3 0 1 1 4 2 1 1 3 9 44 13 12 7 4 13 0 4 0 8 2 2 0 13 5 10 0 3 5 24 8 10 6 3 7 0 4 2 20 0 2 3 2 5 2 2 1 9 1 0 0 0 0 0 0 5 0 0 1 0 0 3 
1 1 0 0 0 0 2 2 8 4 2 4 8 4 7 5 0 2 0 1 1 0 0 9 4 0 0 21 0 4 0 3 17 6 0 0 9 3 5 2 4 0 10 8 10 18 11 3 6 67 1 3 1 5 2 7 5 9 0 19 3 2 3 16 3 6 3 1 1 0 5 1 4 19 0 1 6 6 47 60 16 9 22 93 47 19 4 63 8 0 0 9 10 11 10 6 2 5 5 0 0 40 
13 2 1 0 0 6 2 3 9 5 8 4 0 2 1 12 1 1 6 2 1 0 1 7 6 0 1 16 0 9 1 12 14 8 2 0 1 1 1 3 1 1 16 26 15 9 26 3 7 111 25 8 5 11 10 5 3 11 0 20 9 1 1 18 3 11 0 4 4 8 5 4 9 18 8 3 10 31 81 103 19 19 27 154 40 37 13 100 12 0 0 9 16 10 8 2 1 20 27 1 5 40 
3 0 1 0 0 2 2 0 1 0 0 0 0 0 1 5 0 0 4 0 0 0 0 3 1 0 0 3 0 2 0 0 4 1 0 0 0 0 0 1 3 0 9 4 1 4 3 0 2 10 8 0 3 1 2 0 0 0 0 10 0 2 0 1 2 0 0 0 0 1 1 3 3 2 0 3 3 16 18 42 5 0 9 45 35 0 2 30 9 0 0 2 1 1 2 1 1 0 2 0 1 8 
4 3 6 0 0 0 0 0 3 0 0 1 6 0 3 1 2 1 1 0 0 0 0 5 5 0 0 8 0 10 3 4 9 2 1 0 2 1 2 1 9 4 20 12 13 3 18 1 8 55 11 4 23 5 8 7 4 30 0 11 5 3 0 1 2 4 0 2 2 4 6 3 7 13 6 4 1 5 4 8 3 25 14 86 105 10 7 99 16 0 0 11 17 1 13 27 0 11 14 1 0 37 
15 23 1 0 1 0 1 0 5 1 0 0 7 3 5 2 8 2 2 4 3 0 0 29 5 2 2 15 0 22 1 3 45 3 1 3 3 0 1 2 1 2 38 23 13 6 13 9 15 79 23 23 38 15 14 6 2 1 0 5 5 3 7 13 14 30 9 23 3 27 14 5 22 67 8 8 3 2 16 1 3 13 8 42 68 12 16 118 14 0 0 27 14 20 10 8 4 3 7 3 11 62 
2 2 0 0 0 0 0 0 0 1 0 0 1 1 0 0 1 1 0 0 0 1 1 2 2 0 0 0 0 10 1 1 16 1 0 0 0 2 0 2 5 2 12 12 3 14 13 2 5 65 8 2 7 4 0 2 0 0 0 3 0 0 1 6 11 4 0 2 0 2 3 3 7 13 8 4 4 3 0 4 5 2 3 69 69 20 5 47 10 0 0 22 9 9 10 5 0 2 10 0 1 84 
0 1 0 0 0 3 0 0 0 1 0 0 0 0 0 1 0 0 0 0 0 0 0 0 0 0 0 1 0 5 1 1 5 0 0 0 2 1 0 4 2 1 17 18 1 2 1 0 0 54 10 7 9 4 1 1 2 5 0 3 1 5 0 0 0 4 2 0 1 3 5 3 5 23 17 7 2 2 12 8 3 4 5 56 80 21 6 49 10 0 0 14 9 5 8 17 0 16 16 1 1 41 
0 0 0 0 0 1 0 0 0 2 0 0 0 0 0 0 0 0 0 1 0 0 2 0 0 0 0 1 0 2 1 1 5 0 0 0 0 1 0 2 1 1 6 4 1 8 6 0 0 31 3 0 1 8 0 0 1 0 0 1 1 1 0 0 0 1 0 1 0 0 1 1 2 3 4 2 0 2 3 2 1 1 3 24 28 13 1 28 5 0 0 4 0 2 2 4 0 2 10 1 2 47 
4 4 1 0 0 0 0 2 1 0 0 0 0 0 0 0 0 0 0 0 1 0 0 0 2 0 0 1 0 6 1 0 5 0 0 0 0 0 3 3 16 1 18 12 4 18 8 0 4 53 29 1 2 1 1 1 1 5 0 1 2 5 0 0 0 4 0 1 1 0 2 2 6 53 11 2 0 6 12 14 2 2 1 43 21 13 4 114 8 0 0 15 13 11 4 16 1 3 6 9 3 78 
1 0 0 0 0 0 0 0 1 1 0 0 0 0 0 0 0 0 0 1 0 0 0 0 1 2 0 2 1 1 0 0 2 0 0 0 0 0 0 0 0 1 32 6 4 0 7 1 4 37 29 2 10 4 2 0 1 2 0 4 0 1 0 0 1 0 0 1 0 2 1 0 2 10 11 8 5 21 20 34 4 8 4 10 7 27 4 74 7 0 0 16 17 9 8 15 3 12 19 3 2 80 
1 1 2 1 0 0 1 0 0 2 0 0 0 0 0 1 0 0 0 0 0 0 0 0 0 0 0 1 0 0 0 0 7 0 0 0 0 2 1 0 3 0 21 9 21 6 22 2 2 38 7 4 8 11 1 0 10 2 0 5 0 2 0 0 1 2 0 0 0 0 0 0 1 4 14 8 1 8 14 38 7 16 9 5 4 23 11 70 3 0 0 28 13 4 9 8 3 6 17 2 12 68 
6 1 8 0 0 5 1 2 0 1 1 1 0 0 0 1 0 1 0 0 2 1 0 3 4 0 0 3 0 3 1 0 24 1 2 2 6 3 5 1 4 1 30 6 3 6 1 5 10 32 10 5 8 3 1 0 0 0 0 1 2 1 0 0 0 1 0 0 0 0 0 2 0 7 10 28 3 15 8 5 5 6 1 9 12 0 0 33 1 0 0 38 10 2 3 5 0 7 3 0 9 49 
8 4 3 0 3 2 0 0 1 3 0 0 0 0 0 0 1 2 2 1 1 0 0 8 1 0 0 8 0 23 1 4 17 4 2 2 3 1 8 0 6 5 24 22 7 9 6 4 9 23 8 4 1 1 0 0 0 3 0 0 9 1 0 0 0 1 3 1 0 0 1 2 1 12 13 20 3 3 15 12 9 12 15 22 36 5 0 17 2 0 0 20 6 11 12 1 0 15 12 1 3 44 
28 32 13 1 8 9 3 2 1 5 2 2 2 3 1 0 6 6 3 9 0 2 3 26 22 2 1 47 0 95 15 33 165 11 5 20 48 35 47 9 11 5 33 17 12 36 28 23 33 295 46 13 43 9 5 2 6 9 0 13 13 1 2 4 6 11 6 5 3 2 3 7 5 20 54 45 9 16 82 42 26 42 26 56 20 18 7 6 3 0 0 32 15 20 15 45 6 48 30 14 13 353 
5 1 1 0 0 0 2 0 0 0 1 0 0 0 2 0 1 3 0 2 0 0 0 6 3 0 0 4 0 11 2 5 36 2 2 1 16 4 9 7 7 2 23 11 3 9 4 0 6 15 6 2 7 1 0 1 1 2 0 0 3 0 0 0 0 0 3 0 0 0 3 1 2 1 8 4 1 0 2 5 4 3 1 15 13 16 16 22 4 0 0 13 4 15 22 10 0 12 7 4 6 45 
0 0 0 0 0 0 0 0 0 0 0 0 0 0 0 0 0 0 0 0 0 0 0 0 0 0 0 0 0 0 0 0 0 0 0 0 0 0 0 0 0 0 0 0 0 0 0 0 0 0 0 0 0 0 0 0 0 0 0 0 0 0 0 0 0 0 0 0 0 0 0 0 0 0 0 0 0 0 0 0 0 0 0 0 0 0 0 0 0 0 0 0 0 0 0 0 0 0 0 0 0 0 
0 0 0 0 0 0 0 0 0 0 0 0 0 0 0 0 0 0 0 0 0 0 0 0 0 0 0 0 0 0 0 0 0 0 0 0 0 0 0 0 0 0 0 0 0 0 0 0 0 0 0 0 0 0 0 0 0 0 0 0 0 0 0 0 0 0 0 0 0 0 0 0 0 0 0 0 0 0 0 0 0 0 0 0 0 0 0 0 0 0 0 0 0 0 0 0 0 0 0 0 0 0 
0 3 1 0 1 2 1 3 6 1 0 0 0 2 0 0 5 0 0 0 0 0 1 7 1 0 0 3 0 3 1 2 19 4 1 1 5 0 10 8 5 0 1 0 5 10 14 0 1 17 6 2 1 0 0 1 2 1 0 1 3 6 0 3 0 0 0 0 0 0 0 0 0 0 2 2 1 5 6 5 1 3 1 4 10 7 1 38 3 0 0 13 5 1 0 12 1 7 4 0 0 50 
0 2 2 0 0 1 0 1 0 0 0 0 0 0 0 0 0 0 0 0 0 0 0 0 0 0 0 1 0 4 1 2 23 0 1 0 7 10 11 4 3 1 7 14 8 5 3 0 0 25 13 0 4 1 0 1 2 2 0 0 0 0 0 0 0 0 0 0 0 0 0 1 0 0 2 0 0 0 2 7 4 5 1 12 2 18 5 39 2 0 0 2 1 0 0 6 0 2 9 0 5 22 
2 2 0 1 6 2 0 0 0 0 0 1 0 0 3 1 0 0 1 0 0 0 0 1 0 1 0 0 0 9 1 2 23 2 0 7 20 1 9 1 7 0 14 1 7 4 10 4 15 27 5 0 16 4 0 0 1 0 0 0 0 0 1 0 0 2 0 2 0 0 0 0 0 0 19 16 1 5 10 5 4 4 3 19 14 9 14 41 4 0 0 14 6 4 0 1 0 1 4 4 1 64 
0 0 0 0 1 0 0 0 0 0 0 0 0 0 0 0 0 0 0 0 0 0 0 1 0 0 0 1 0 1 0 0 14 0 0 4 4 0 4 1 3 0 22 3 5 2 6 3 1 21 1 0 8 1 0 0 2 6 0 1 0 0 0 0 0 0 0 0 0 0 1 0 0 0 3 4 0 3 15 7 1 4 4 6 4 6 7 33 3 0 0 1 0 0 0 0 0 3 0 0 0 45 
3 4 2 0 1 0 0 1 2 3 0 0 1 0 0 0 1 0 0 1 0 0 0 2 1 0 0 1 0 8 1 17 27 1 2 4 16 7 18 2 5 0 36 22 15 4 7 4 6 24 9 5 5 3 4 0 2 3 0 0 0 0 2 0 2 0 0 0 0 1 1 1 0 0 4 8 3 8 5 6 2 5 5 20 3 14 10 73 4 0 0 24 7 4 0 4 0 5 1 0 3 55 
0 0 0 0 0 0 0 0 0 1 0 0 0 0 0 0 0 0 0 0 0 0 0 0 0 0 0 0 0 1 1 0 2 0 0 3 1 0 2 2 6 0 0 18 6 2 0 0 4 26 7 4 0 1 1 0 0 0 0 1 0 0 0 0 0 0 0 0 0 0 0 3 0 0 2 6 0 0 3 3 0 4 0 5 1 8 3 15 0 0 0 4 0 0 0 3 1 0 0 0 1 15 
0 5 0 0 1 6 0 2 0 4 0 0 1 0 0 0 0 1 0 0 0 0 0 1 0 0 0 3 4 13 1 1 10 3 2 3 23 2 0 0 4 2 32 23 8 26 18 9 4 69 13 4 22 15 2 2 1 1 0 2 0 0 0 1 0 2 1 0 0 0 0 0 0 0 14 44 3 9 9 13 14 44 1 35 29 29 9 75 11 0 0 11 8 4 10 1 1 5 7 7 2 77 
3 0 1 0 0 1 3 3 2 0 0 4 0 0 0 0 0 0 0 0 0 0 0 1 0 0 0 1 0 9 5 0 14 0 3 5 6 2 4 0 2 0 31 32 17 28 20 4 5 150 17 5 17 10 11 3 13 4 0 1 1 0 0 1 1 1 0 0 0 0 0 0 0 0 14 21 0 24 46 25 12 45 19 38 16 11 15 115 14 0 0 49 10 0 7 1 1 0 4 0 0 51 
1 1 0 0 0 0 0 0 1 0 0 0 1 0 0 0 0 0 0 0 0 0 0 0 0 0 0 0 0 8 0 3 3 1 1 0 11 1 0 0 7 0 3 5 26 7 6 0 5 21 3 0 5 2 1 1 2 2 0 0 4 0 0 1 0 0 0 0 0 0 0 0 0 1 3 3 0 5 16 13 2 3 4 4 5 12 2 37 27 0 0 53 15 1 3 11 2 1 2 1 0 7 
0 1 0 0 0 6 0 0 0 0 0 0 0 0 0 0 0 0 1 0 0 0 0 1 0 0 0 0 0 4 0 0 5 1 0 0 1 1 0 0 1 0 9 2 0 6 0 0 8 17 7 0 1 3 0 0 0 0 0 0 0 0 0 0 0 0 0 0 0 0 0 0 0 0 3 2 2 2 1 6 0 1 0 6 1 3 0 11 1 0 0 7 1 1 4 0 0 1 0 0 0 0 
3 4 6 0 2 15 1 1 0 3 0 1 5 4 1 1 1 0 0 0 1 0 0 1 0 0 0 0 0 35 3 8 21 4 9 9 10 34 6 6 7 2 23 26 28 91 32 10 20 21 31 16 13 7 3 3 5 17 0 0 1 1 0 3 0 0 0 0 0 0 0 1 1 2 6 9 0 23 22 29 9 25 3 27 10 10 6 134 6 0 0 30 14 5 20 19 0 6 1 1 0 11 
