7 6 20 7 11 41 25 13 37 38 17 19 31 30 31 58 39 20 31 8 13 12 9 22 11 2 2 24 38 2 0 5 15 4 4 2 2 8 14 19 16 1 21 11 8 16 9 7 5 59 5 3 7 7 2 0 1 4 0 1 4 1 0 3 9 8 6 5 1 1 3 1 0 3 0 0 1 3 18 1 1 0 0 8 1 6 5 11 6 0 0 2 1 2 0 3 1 2 1 0 1 3 
2 8 17 9 18 59 39 14 49 30 10 46 61 50 38 77 30 27 28 9 12 14 8 32 14 0 3 35 81 4 3 8 17 2 5 5 5 7 14 27 23 2 9 10 13 6 15 5 11 60 8 5 5 9 3 3 3 5 0 1 3 1 0 4 12 14 5 6 1 2 4 3 2 5 2 0 0 8 33 2 2 0 2 9 1 5 2 19 8 0 0 11 0 2 0 2 0 3 1 0 0 4 
15 20 9 14 10 45 21 32 69 32 12 41 53 48 49 61 25 21 24 14 17 17 8 15 10 2 1 38 70 7 4 6 16 4 5 3 2 3 8 17 15 4 10 11 11 16 13 3 10 51 6 7 18 6 4 0 1 10 0 2 0 1 0 8 3 11 0 9 0 1 4 3 0 4 2 2 0 3 20 3 1 0 1 9 1 3 1 16 2 0 0 8 2 2 2 4 0 1 0 0 1 8 
2 11 18 0 5 22 12 4 10 6 6 8 15 6 6 2 6 5 4 4 0 1 1 7 2 0 0 3 17 1 0 0 3 1 1 0 0 0 2 2 0 1 0 0 0 2 3 0 3 12 0 0 1 1 2 0 0 1 0 1 0 0 1 1 0 0 0 1 0 0 1 3 0 0 0 1 0 0 2 0 0 0 0 0 1 0 0 4 0 0 0 0 0 1 0 0 0 0 0 0 0 0 
7 7 15 5 5 12 11 5 19 7 9 14 10 20 17 12 10 8 13 3 7 4 1 10 6 0 0 6 19 0 0 0 1 0 2 0 0 2 11 5 5 0 2 1 2 5 2 1 1 21 2 1 5 3 0 0 0 2 0 0 0 0 1 2 0 4 0 0 1 0 0 1 1 0 1 0 0 0 4 0 3 0 0 1 0 0 0 4 0 0 0 2 1 2 0 1 0 0 2 0 0 2 
26 36 28 27 17 6 16 19 35 9 22 22 68 55 31 48 24 35 27 16 11 24 11 24 8 0 0 14 49 3 4 5 14 0 3 1 2 5 20 23 9 0 5 7 5 7 14 6 9 32 2 3 10 9 3 0 0 2 0 0 0 4 0 4 3 3 2 1 1 0 1 6 4 2 2 1 1 1 14 1 0 0 0 5 0 3 5 12 4 0 0 3 2 0 1 2 1 1 1 0 0 4 
17 33 23 11 4 18 15 17 36 19 17 21 82 46 36 39 23 18 16 19 7 18 5 11 3 0 0 9 34 6 2 1 18 2 4 2 0 4 11 18 10 1 11 8 3 4 3 4 2 20 1 5 7 4 4 0 3 4 0 3 1 0 2 12 4 8 3 8 1 3 1 1 0 4 4 0 0 2 9 1 0 1 1 1 1 1 2 4 0 0 0 7 0 1 0 0 0 1 0 1 0 3 
17 32 30 27 4 31 33 2 17 23 18 35 87 51 65 76 27 17 24 15 13 24 6 19 9 0 4 20 33 9 1 5 8 2 1 5 0 5 23 28 4 3 8 6 10 9 6 2 1 24 1 4 5 1 2 0 4 4 0 5 0 0 2 7 5 9 2 3 0 5 3 5 1 2 10 4 0 4 12 1 3 2 0 1 6 7 2 7 3 0 0 5 1 0 1 2 0 1 0 0 0 3 
25 54 74 15 15 40 92 25 6 22 15 37 109 63 22 72 22 17 15 17 9 13 10 29 7 2 8 23 42 4 1 3 10 1 0 8 2 9 30 16 8 1 9 5 7 9 4 1 4 34 2 2 8 6 1 2 2 3 0 0 0 0 1 3 2 5 0 0 1 0 2 6 2 3 8 0 0 4 16 0 1 1 0 2 1 0 2 4 0 0 0 5 0 0 2 3 0 1 1 0 0 5 
26 35 24 10 11 18 26 16 14 6 6 13 41 31 33 36 24 27 10 6 5 11 6 37 10 0 1 25 10 2 1 4 9 2 0 1 2 3 12 3 4 0 3 2 4 9 3 3 3 20 9 3 6 6 5 1 1 4 0 4 4 2 4 1 1 14 6 3 3 3 3 1 3 7 8 6 0 5 23 1 1 1 0 7 0 0 2 6 2 0 0 6 0 0 0 4 1 0 0 1 0 1 
6 19 15 2 3 18 40 29 34 12 2 9 33 22 11 50 15 11 18 13 13 6 6 21 3 0 1 21 14 5 0 1 2 3 0 1 4 4 9 15 5 1 3 1 2 8 5 6 9 32 4 0 3 1 5 1 1 1 0 1 0 0 1 0 0 8 1 0 0 2 0 1 0 1 5 3 0 1 6 2 1 0 0 0 1 0 1 2 0 0 0 4 0 0 0 2 1 1 0 1 1 0 
22 46 22 6 4 24 34 35 44 27 15 12 49 42 30 60 45 20 20 18 21 24 13 46 24 4 4 32 24 15 3 3 9 4 4 3 4 8 22 26 15 1 4 6 4 7 10 1 2 39 4 4 5 3 6 1 11 2 0 6 1 0 2 0 3 2 2 0 2 0 7 2 0 1 5 2 0 2 16 0 0 0 0 0 1 1 0 6 0 0 0 2 1 3 1 1 4 1 0 1 0 6 
44 73 49 7 26 55 112 102 87 31 31 29 3 92 58 77 70 51 50 31 46 32 21 52 40 1 2 82 16 16 10 4 16 0 2 2 0 5 23 28 16 1 7 7 6 9 3 8 11 48 13 5 14 12 9 2 5 6 0 11 2 0 4 1 1 7 2 4 1 0 0 2 1 1 8 1 0 1 20 3 2 1 0 1 1 0 0 8 1 0 0 6 3 2 2 3 0 0 0 0 0 7 
84 149 140 10 31 124 139 113 134 83 51 69 84 10 38 73 146 95 105 72 111 81 53 175 57 2 18 129 80 7 0 6 16 0 1 2 2 13 29 16 10 0 3 7 16 11 7 6 12 57 21 18 17 26 0 6 15 29 0 4 3 4 2 2 1 0 0 0 0 0 4 1 2 3 21 12 0 6 72 9 3 0 1 1 0 2 0 9 0 0 0 10 1 2 2 5 0 1 1 0 0 1 
58 70 76 10 15 66 60 58 77 50 27 32 68 19 8 32 37 41 37 44 46 54 29 80 43 9 21 107 25 10 6 6 9 3 1 1 0 2 7 17 9 0 5 4 5 7 4 2 5 15 17 3 16 7 2 1 5 10 0 13 0 2 1 0 1 2 1 0 0 0 0 4 0 0 8 2 0 1 19 3 1 0 0 0 2 1 1 3 0 0 0 6 3 1 2 1 0 0 0 0 0 8 
49 67 53 6 14 44 83 52 73 65 38 49 86 38 21 20 64 104 95 47 152 117 77 176 58 4 6 162 35 56 22 33 42 17 14 12 40 5 15 45 22 2 10 22 15 13 13 6 8 61 11 12 25 13 6 4 5 12 0 7 3 2 1 2 2 5 0 1 0 0 3 3 2 4 5 12 0 4 37 1 2 0 2 2 0 3 4 11 7 0 0 7 3 4 3 2 2 2 2 2 1 8 
35 44 30 10 9 24 43 50 40 49 18 45 81 80 52 78 8 49 93 52 77 56 28 108 59 6 9 77 18 52 21 38 41 22 22 20 17 14 52 47 44 5 18 27 24 30 28 10 12 77 9 6 9 13 9 3 7 8 0 4 7 9 0 6 2 0 0 1 0 0 2 3 2 0 12 11 0 9 34 3 1 1 2 2 1 3 4 18 6 0 0 11 1 2 1 5 0 2 0 0 1 4 
14 35 18 5 5 26 19 14 22 34 13 30 58 73 27 83 50 13 46 28 32 14 32 52 16 3 4 50 13 33 12 18 30 7 15 10 20 11 43 23 19 4 9 21 20 31 15 6 13 62 7 5 11 12 3 1 2 9 0 5 0 2 1 6 3 1 0 1 0 0 1 4 0 1 4 2 1 6 15 3 0 1 0 2 0 0 1 14 4 0 0 12 1 0 0 2 0 0 0 0 0 7 
21 25 24 5 2 21 21 22 31 37 13 31 48 70 34 93 60 27 14 21 60 29 31 68 21 3 13 73 18 35 9 13 25 3 11 11 19 13 35 14 4 4 8 12 15 13 9 10 3 41 0 7 12 12 0 0 3 7 0 1 1 3 0 3 0 0 0 0 0 0 0 0 0 0 6 3 0 2 9 1 0 0 0 1 0 2 5 5 3 0 0 9 0 0 0 0 0 0 2 0 0 3 
6 17 10 3 2 5 17 11 15 10 10 20 22 25 19 60 29 11 27 4 11 9 12 55 21 6 12 62 5 12 5 6 4 0 3 2 7 7 31 14 9 0 2 5 7 8 0 4 7 15 4 3 3 2 1 0 3 2 0 1 0 0 0 0 1 0 0 0 0 0 0 0 0 0 4 1 1 2 6 0 1 1 0 1 0 1 0 9 0 0 0 6 0 0 0 0 0 0 1 0 0 1 
2 17 8 4 4 13 16 14 10 13 8 24 40 52 33 110 51 36 170 1 8 10 33 50 36 8 22 81 10 9 2 2 10 3 1 7 12 5 28 24 9 0 5 11 8 6 2 1 2 17 1 0 5 2 0 1 4 0 0 2 0 0 0 0 0 1 0 1 0 0 0 0 1 0 3 1 0 0 4 0 0 0 0 2 1 4 0 7 2 0 0 4 0 2 0 2 0 0 0 0 0 3 
10 16 11 2 4 11 14 12 11 9 5 18 29 34 36 56 30 11 34 7 6 6 13 28 5 4 7 59 3 9 1 6 7 1 4 6 9 4 23 2 6 1 1 5 5 1 2 2 0 11 1 1 1 0 1 0 1 2 0 0 0 1 0 0 0 0 0 0 0 0 0 0 0 0 0 3 0 0 5 1 1 0 0 0 1 0 0 5 0 0 0 3 0 0 0 0 0 0 0 0 0 0 
7 7 3 1 4 7 13 7 9 24 11 13 21 31 38 58 43 31 54 7 25 8 3 17 1 7 7 78 3 4 3 4 9 2 9 47 6 8 31 6 7 0 2 5 6 6 4 5 3 25 0 0 6 3 0 2 1 4 0 2 1 1 1 3 0 0 0 0 0 0 0 1 0 0 3 2 0 1 6 1 4 0 1 0 0 4 0 7 1 0 0 3 0 1 0 0 0 2 0 0 0 1 
16 21 9 1 8 18 14 6 15 34 13 26 53 43 35 105 95 40 93 20 41 14 20 14 10 24 36 101 5 9 6 0 19 1 11 8 8 10 44 14 22 3 7 5 15 11 16 13 14 91 10 4 15 6 4 2 1 6 0 2 0 3 0 0 0 0 1 0 0 0 0 0 0 0 3 4 4 5 14 3 2 0 0 0 2 8 4 18 4 0 0 2 0 0 0 1 0 0 0 0 0 0 
20 37 16 4 9 24 24 22 20 55 11 39 47 23 38 98 35 27 36 23 30 10 14 14 8 1 12 59 7 14 10 14 80 10 11 12 7 13 32 31 32 4 6 10 18 18 14 24 14 132 27 8 26 10 4 3 4 5 0 1 2 0 0 4 1 1 0 0 0 0 0 0 1 0 9 5 1 8 26 3 4 4 1 3 2 3 1 37 5 0 0 4 1 0 0 2 0 1 0 0 0 3 
0 0 0 0 0 3 2 0 6 1 0 1 2 4 3 17 6 9 12 13 25 11 10 32 6 2 6 23 0 2 0 0 3 0 1 0 4 2 6 2 0 0 0 0 0 0 0 0 0 4 0 0 0 0 2 0 0 1 0 0 0 0 0 0 0 0 0 0 0 0 0 0 0 0 0 1 0 0 4 1 0 0 0 0 0 0 0 1 0 0 0 0 0 2 0 1 0 0 0 0 0 0 
1 1 0 0 0 0 0 1 1 1 0 3 1 1 6 16 5 3 1 4 25 23 18 30 2 5 2 30 1 2 0 0 0 0 1 0 0 1 0 0 0 0 0 0 0 0 0 1 0 11 3 0 2 0 0 0 1 0 0 0 0 0 0 0 0 0 0 0 0 0 0 0 0 0 1 0 0 0 0 0 0 0 0 0 0 0 0 0 0 0 0 0 0 1 0 0 0 0 0 0 0 0 
26 19 24 0 13 21 11 20 20 44 16 41 53 84 87 124 73 55 47 50 72 79 116 118 63 13 68 9 6 4 1 8 32 6 11 8 13 28 53 33 32 1 6 13 23 22 29 16 12 112 14 3 13 4 2 5 7 3 0 4 1 0 1 1 1 3 0 0 1 0 0 0 0 0 6 4 0 3 16 0 3 1 1 1 1 8 4 35 10 0 0 7 1 4 1 0 1 0 5 0 0 9 
60 128 130 20 21 109 53 55 43 56 23 43 42 52 31 66 29 27 37 18 12 28 13 33 5 2 0 32 2 8 0 5 13 6 5 8 3 15 30 38 16 1 5 16 20 14 12 5 8 67 4 0 16 8 1 2 1 5 0 4 1 0 3 6 5 12 3 10 1 2 7 6 0 1 2 2 1 2 24 3 2 1 9 3 0 7 4 12 4 0 0 9 4 1 1 3 1 0 1 0 0 3 
2 1 3 0 1 1 3 1 5 9 4 4 20 4 1 12 48 21 12 6 9 7 3 14 3 0 0 8 4 23 128 160 277 66 116 157 236 159 236 141 80 9 50 39 63 48 64 30 29 231 6 4 11 6 3 4 7 10 0 9 3 2 1 10 21 37 8 15 2 10 3 17 5 0 2 3 1 1 24 3 10 1 2 2 7 6 8 56 20 0 0 28 4 10 9 7 2 15 7 3 1 24 
0 1 0 1 2 1 5 3 2 1 1 0 6 2 1 2 10 14 4 1 0 4 0 7 3 0 1 4 3 63 12 63 116 30 37 38 117 49 70 41 21 4 19 20 18 18 11 5 5 50 2 1 3 2 2 0 3 6 0 3 0 4 1 7 8 9 1 6 1 7 9 1 0 0 1 1 1 1 7 1 1 3 2 1 2 2 2 17 6 0 0 9 1 10 1 5 0 0 4 1 0 7 
3 6 2 0 0 2 2 8 1 1 1 3 6 2 4 16 36 20 10 3 2 2 1 6 4 2 2 3 5 162 114 20 100 52 102 98 179 126 222 82 63 9 42 30 24 48 33 20 20 137 9 3 10 4 1 5 6 10 0 11 1 4 3 22 25 37 9 9 3 10 3 3 0 2 9 4 1 3 11 3 6 5 2 3 1 7 7 33 17 0 0 20 3 11 5 13 0 2 2 0 1 20 
32 22 13 1 2 8 17 4 9 10 3 7 20 8 10 31 49 33 14 6 20 7 15 62 42 0 2 43 3 365 142 141 16 55 123 127 240 179 280 249 205 41 190 114 175 246 192 128 125 1053 97 78 108 56 25 22 26 36 0 15 4 7 5 12 24 44 15 23 10 22 22 37 11 17 39 22 7 5 93 11 19 18 8 22 4 35 26 236 42 0 0 66 15 26 15 24 6 16 4 3 6 61 
7 3 2 0 1 3 4 1 2 1 0 0 2 3 1 7 32 6 11 3 6 1 1 9 6 0 1 9 5 74 40 73 47 2 20 31 71 67 84 57 34 5 38 35 37 26 25 19 13 83 8 5 15 12 1 10 6 10 0 7 4 7 2 0 3 23 19 8 7 11 15 16 5 5 2 1 0 6 34 3 4 4 1 3 0 2 2 21 7 0 0 18 6 6 1 8 1 1 1 2 1 17 
1 5 3 0 1 4 5 2 5 4 2 2 5 2 3 15 32 27 28 7 11 11 4 18 9 1 4 22 4 217 78 131 120 28 9 30 143 74 161 117 63 5 51 51 53 51 36 35 33 126 13 8 18 8 8 3 8 9 0 6 2 13 4 11 6 22 4 15 5 7 11 22 5 4 13 3 0 5 22 5 1 0 3 0 0 4 6 31 16 0 0 34 11 20 6 15 0 7 7 2 2 21 
5 5 2 0 1 0 1 1 0 0 0 0 0 0 2 6 18 17 10 3 6 12 5 32 10 1 1 10 0 227 91 84 133 32 38 11 146 60 99 73 47 2 37 27 33 83 22 19 14 158 2 5 7 5 2 1 1 2 0 1 2 4 6 7 12 15 0 3 1 3 4 13 4 9 2 1 0 2 5 0 0 1 0 0 2 5 1 23 10 0 0 21 8 7 8 14 0 2 2 2 1 13 
8 13 9 2 2 3 2 6 3 3 1 1 7 3 0 32 43 27 24 14 18 29 12 38 24 2 3 53 4 619 244 458 417 195 175 252 27 206 563 533 199 47 126 151 176 217 168 80 72 538 24 15 36 27 3 0 4 7 0 1 1 12 16 64 35 52 12 20 17 12 51 36 29 14 17 7 3 4 28 4 4 2 2 4 1 33 21 116 58 0 0 115 29 37 18 53 3 44 20 6 4 68 
12 15 7 0 0 8 18 9 6 10 4 10 8 9 7 5 17 17 12 8 11 17 3 28 13 2 0 28 6 174 78 140 102 33 61 71 106 16 140 197 125 18 76 90 97 104 68 37 45 305 12 5 18 6 0 0 3 3 0 3 1 8 4 17 13 10 2 4 6 3 12 7 13 8 4 0 0 0 13 1 3 1 2 5 0 23 8 54 29 0 0 56 20 14 2 20 1 9 13 6 2 27 
35 52 21 3 13 36 25 26 40 42 10 31 34 18 8 11 80 40 43 42 55 42 27 124 29 8 6 72 26 356 128 316 275 117 156 107 408 132 22 501 247 39 141 176 177 210 154 100 87 616 35 11 67 10 4 0 13 20 0 4 6 17 18 42 43 30 14 15 11 16 28 24 10 13 18 5 3 14 68 11 7 2 8 15 5 42 16 141 41 0 0 141 22 30 24 34 8 27 20 11 6 78 
17 29 25 1 3 7 15 13 16 17 5 16 11 14 13 23 43 19 30 10 12 9 4 20 12 0 0 35 9 112 56 72 165 60 82 39 175 146 375 17 47 24 68 113 89 127 72 60 45 306 7 2 20 5 2 2 4 6 0 2 2 6 2 6 8 11 7 3 5 3 5 8 2 4 5 6 1 6 19 4 9 4 2 13 12 8 14 37 25 0 0 41 10 14 5 13 3 6 8 1 0 34 
11 16 15 0 2 7 5 7 13 10 6 7 14 7 8 13 28 21 11 5 14 3 9 40 18 0 0 27 4 101 27 72 142 50 54 45 140 112 249 44 19 21 55 105 52 97 65 56 39 266 4 7 11 1 2 0 4 5 0 1 2 3 2 4 7 6 4 4 2 5 5 5 6 1 7 3 0 6 14 4 5 13 4 14 9 18 23 35 14 0 0 64 9 6 10 31 4 14 7 2 2 35 
0 7 0 1 1 0 0 4 2 3 1 1 4 1 0 0 3 0 2 0 8 1 2 1 2 0 0 4 0 12 3 14 11 3 5 6 33 15 31 16 8 1 7 38 34 32 25 13 8 32 0 0 1 1 0 0 0 0 0 0 0 1 1 0 1 2 2 0 0 1 1 2 0 0 2 1 0 0 1 1 1 1 4 5 1 7 4 10 11 0 0 8 3 5 4 3 0 1 3 0 1 8 
9 6 9 4 6 8 19 9 7 3 5 8 6 3 9 11 28 20 11 6 12 5 4 26 8 0 2 21 2 69 32 45 95 34 41 29 114 83 137 93 60 25 21 101 68 106 77 62 58 242 5 10 20 10 6 0 6 10 0 7 4 8 2 7 13 13 2 1 3 0 10 4 1 0 15 5 2 15 31 19 25 19 34 65 32 78 31 139 73 0 0 80 19 50 34 80 13 39 29 4 2 99 
15 16 11 1 1 8 12 10 11 12 8 7 9 12 6 23 47 24 19 5 15 10 6 31 16 2 0 25 15 78 21 66 131 38 54 30 130 149 225 234 121 68 94 27 204 291 181 123 143 457 13 13 37 19 5 1 8 2 0 5 3 6 4 12 23 10 4 7 0 2 5 10 6 2 27 13 2 16 73 22 35 29 24 103 73 133 87 229 115 0 0 236 107 148 63 143 21 92 63 20 9 122 
11 22 7 1 1 6 10 7 8 13 6 4 13 11 5 13 27 20 8 1 6 7 9 33 13 0 1 32 7 82 20 57 141 25 42 32 99 83 169 95 62 14 91 164 17 176 119 92 86 441 8 4 20 7 1 1 2 11 0 1 2 7 2 5 11 3 5 7 0 2 3 10 3 2 7 7 2 9 36 8 6 8 6 32 20 38 18 86 28 0 0 50 21 17 19 32 8 38 27 6 6 58 
4 18 13 3 5 3 17 11 17 17 7 20 12 13 11 21 27 33 17 10 16 10 11 55 17 3 2 32 18 88 41 67 215 38 66 52 172 107 231 199 152 31 126 312 185 25 229 249 220 909 12 12 33 25 3 3 7 8 0 4 3 1 3 19 14 17 5 11 1 7 15 15 4 2 25 5 2 10 47 23 15 12 28 58 31 92 67 240 48 0 0 158 33 62 35 51 4 46 76 10 6 113 
9 15 6 1 3 14 10 8 13 5 4 5 12 6 10 4 24 25 14 8 16 6 1 21 10 0 2 27 5 55 33 53 165 34 42 31 132 82 129 108 70 30 68 147 143 225 20 153 168 478 16 12 19 5 3 3 5 4 0 1 1 4 2 8 7 10 6 8 2 2 8 8 6 3 22 5 4 6 27 9 18 7 4 30 23 44 25 147 15 0 0 92 16 36 29 24 12 27 30 17 4 84 
5 9 6 0 0 4 4 6 4 4 1 5 1 3 2 6 1 8 6 13 2 2 3 17 3 0 0 4 1 32 13 15 83 22 10 16 44 34 69 44 41 6 36 58 73 159 117 13 55 380 2 3 8 2 2 1 3 4 0 0 1 0 1 0 5 3 3 1 0 0 4 1 2 1 6 2 0 5 13 2 2 6 9 15 7 19 10 100 11 0 0 43 8 13 14 13 1 12 9 3 1 43 
7 9 4 0 1 6 4 3 5 6 0 8 5 8 1 2 20 7 4 1 4 3 6 23 4 0 0 11 1 28 10 27 105 15 15 8 42 30 77 63 36 9 40 80 58 153 132 81 13 358 2 2 9 2 1 3 1 2 0 0 0 2 1 3 3 9 2 4 0 1 7 6 2 1 8 1 1 3 14 6 4 7 2 18 10 15 6 103 8 0 0 47 6 12 6 14 1 17 4 11 1 40 
37 75 41 11 16 37 22 24 28 37 16 26 30 23 19 29 61 54 29 18 45 24 20 148 57 4 9 97 25 265 57 141 747 95 129 103 303 249 477 348 260 33 162 369 241 513 344 403 360 53 63 25 84 23 11 8 8 19 0 8 4 12 2 22 36 36 14 17 1 9 36 28 17 8 63 38 4 30 102 37 36 49 22 93 31 100 53 556 63 0 0 204 39 70 49 64 17 83 82 17 9 289 
7 5 6 4 3 6 5 7 4 9 8 10 4 18 12 16 8 9 2 1 2 1 0 22 6 0 1 15 3 22 9 11 44 18 10 6 17 6 10 11 3 1 6 12 9 12 11 6 8 69 6 10 39 17 20 1 12 26 0 38 7 0 5 17 20 45 8 12 2 16 16 13 11 10 11 10 0 21 87 8 8 1 12 19 4 11 6 41 12 0 0 13 2 6 6 5 2 6 8 1 1 17 
2 7 4 0 0 1 6 6 1 3 1 2 11 7 7 5 3 4 6 1 0 0 1 12 5 0 0 5 1 8 4 5 31 6 6 4 8 5 8 3 1 0 5 6 8 7 3 3 2 27 10 8 31 26 4 7 5 14 0 26 9 2 4 8 7 13 4 11 2 2 4 7 5 7 4 6 1 6 74 4 4 4 4 20 1 3 1 11 10 0 0 2 4 4 3 6 1 1 2 2 1 10 
9 13 16 0 1 7 20 8 6 14 5 9 17 13 12 18 15 8 5 1 2 0 2 30 7 0 3 22 8 24 9 12 73 16 13 20 13 2 28 12 10 4 15 13 19 23 17 7 6 76 48 26 10 22 17 8 15 34 0 43 12 4 10 25 36 46 11 36 7 36 13 16 12 14 13 9 2 18 126 15 12 4 10 42 10 21 11 58 13 0 0 13 4 5 7 10 1 12 19 2 1 27 
1 4 5 0 0 4 6 1 4 1 3 4 6 10 12 10 2 6 2 1 4 0 0 10 5 0 1 8 5 9 7 10 24 9 9 0 5 2 7 5 3 3 5 0 2 9 4 6 2 23 11 26 35 3 12 7 7 29 0 19 6 4 1 15 21 19 1 12 6 12 6 4 5 10 11 1 0 7 44 12 7 1 2 14 5 8 7 12 7 0 0 4 0 3 3 4 0 8 5 0 0 10 
3 4 3 2 0 1 0 1 4 5 0 0 7 5 3 2 0 2 2 0 0 0 0 4 2 0 0 1 3 10 2 0 19 4 1 2 1 0 4 0 2 0 1 3 1 3 0 0 3 14 11 8 13 10 6 1 3 19 0 11 1 2 3 4 11 9 4 7 3 4 2 4 3 3 4 7 1 5 50 4 2 0 3 16 3 7 0 4 4 0 0 5 0 0 0 7 0 3 0 3 0 1 
0 4 0 1 1 1 3 0 6 1 0 0 0 0 2 2 5 3 0 1 0 0 2 3 0 0 0 7 1 3 7 4 8 3 2 1 1 1 1 0 2 0 1 5 3 0 2 1 3 14 6 6 11 7 3 1 11 16 0 16 2 1 1 2 7 9 5 6 0 15 7 3 2 2 3 1 0 5 33 3 3 0 5 7 1 1 1 4 1 0 0 2 0 0 4 2 2 3 2 0 0 3 
3 4 6 0 0 2 1 3 4 4 2 4 4 6 8 5 9 4 0 0 1 0 0 3 0 1 2 1 5 7 1 15 18 4 2 4 6 3 7 7 2 0 8 7 2 3 2 7 0 16 23 7 16 11 4 11 5 23 0 13 13 0 2 15 5 9 3 11 1 12 3 6 6 3 9 8 2 8 44 4 1 0 3 19 13 6 5 11 2 0 0 4 1 6 5 4 3 2 4 0 1 0 
6 6 4 0 2 10 5 5 4 3 6 6 11 13 7 11 10 5 3 1 0 0 1 11 4 0 0 4 3 9 7 7 20 0 9 2 5 2 18 8 2 1 2 4 3 4 4 4 2 14 30 25 32 20 11 14 17 6 0 30 3 4 4 12 16 9 5 8 6 11 7 5 6 4 15 12 2 30 154 13 9 3 10 34 13 18 5 18 4 0 0 13 1 9 5 3 1 5 2 0 1 18 
0 0 0 0 0 0 0 0 0 0 0 0 0 0 0 0 0 0 0 0 0 0 0 0 0 0 0 0 0 0 0 0 0 0 0 0 0 0 0 0 0 0 0 0 0 0 0 0 0 0 0 0 0 0 0 0 0 0 0 0 0 0 0 0 0 0 0 0 0 0 0 0 0 0 0 0 0 0 0 0 0 0 0 0 0 0 0 0 0 0 0 0 0 0 0 0 0 0 0 0 0 0 
6 11 6 0 3 2 15 4 4 3 4 7 27 15 13 18 9 7 11 3 3 8 3 14 7 0 2 10 12 17 5 10 12 6 5 2 0 2 8 2 8 1 1 4 6 1 8 7 6 27 29 22 42 45 23 4 12 33 0 8 4 4 7 18 14 23 7 10 4 12 30 19 9 13 13 11 1 4 67 6 6 4 7 14 8 6 7 26 6 0 0 7 4 3 3 0 2 2 4 0 0 5 
2 1 2 0 0 1 1 2 0 0 1 1 0 0 1 0 2 3 2 0 0 0 0 1 1 2 1 3 2 9 6 8 5 0 3 0 2 3 3 2 2 0 3 3 1 1 2 2 2 8 11 5 12 10 3 2 8 7 0 5 2 3 3 6 9 11 6 18 5 12 7 6 4 7 1 2 0 4 17 1 2 5 4 7 2 5 1 14 3 0 0 2 2 2 0 1 1 1 0 0 0 3 
1 4 7 0 4 5 2 2 6 3 0 5 8 1 4 3 4 2 3 2 0 0 0 1 0 0 1 3 6 24 3 10 8 12 12 12 25 14 18 19 5 1 11 8 5 12 8 2 2 17 2 4 13 6 6 0 8 8 0 11 3 2 1 18 18 32 7 13 6 29 22 9 3 11 3 1 1 4 14 5 8 1 2 4 2 3 2 22 6 0 0 12 2 1 1 3 0 1 1 0 0 2 
0 2 3 0 0 0 0 1 0 1 0 1 0 2 2 2 2 1 0 0 0 0 0 1 0 0 0 0 1 3 0 1 4 13 4 3 4 7 6 3 3 0 3 2 1 2 0 1 0 1 1 3 6 0 1 0 4 4 0 2 4 0 0 12 5 6 4 5 4 8 6 4 4 0 1 1 0 4 10 0 1 0 2 2 0 0 0 0 3 0 0 1 0 0 0 2 0 0 0 0 0 0 
5 4 2 0 0 0 3 1 4 6 1 1 1 0 0 0 1 2 0 0 0 1 2 0 2 0 1 3 8 15 8 11 3 1 13 3 26 14 30 15 7 1 5 4 11 8 5 7 4 18 16 8 18 15 8 5 6 21 0 12 2 17 7 4 23 57 31 3 6 12 16 38 10 8 16 5 3 4 35 6 3 2 1 3 1 2 3 7 6 0 0 10 0 1 1 1 0 1 0 0 0 2 
5 4 6 1 0 9 10 10 3 6 1 1 1 0 0 1 4 0 1 0 0 0 0 1 0 1 0 1 10 29 64 31 28 11 10 13 22 14 23 19 26 3 15 17 14 1 5 7 14 30 7 22 22 15 3 2 10 16 0 19 9 7 29 17 9 80 52 27 17 52 44 43 38 26 5 8 1 13 44 5 8 0 7 3 7 4 2 9 8 0 0 5 0 2 1 3 0 1 0 0 0 4 
6 20 7 2 0 13 8 8 10 17 2 4 6 3 1 2 2 0 1 0 0 0 1 2 0 0 0 4 10 57 62 39 56 23 17 16 41 10 32 25 9 3 10 10 17 13 7 6 11 60 29 13 44 16 11 4 20 32 0 44 9 18 17 22 41 26 15 41 41 57 69 98 67 37 11 8 3 9 67 13 16 6 10 16 6 8 3 15 7 0 0 11 3 2 1 4 0 5 1 2 0 1 
1 3 3 0 0 3 5 3 0 2 1 2 2 2 0 2 0 0 0 0 0 0 0 2 1 0 0 0 4 12 6 5 18 9 6 8 16 4 13 6 5 0 2 3 4 1 0 1 1 17 3 6 8 11 6 0 4 6 0 13 7 4 5 9 24 4 0 10 14 17 31 19 16 7 3 1 0 0 15 3 4 1 3 2 0 2 1 4 0 0 0 4 0 0 0 1 0 0 0 0 0 1 
2 9 5 0 4 5 9 7 5 2 1 0 0 0 0 1 0 2 0 0 0 0 0 0 0 0 0 0 3 9 6 10 4 9 6 6 17 4 20 3 5 1 2 8 3 8 7 5 2 19 17 7 21 15 2 1 7 11 0 10 1 3 6 17 21 31 14 2 13 15 35 46 17 19 4 3 2 2 50 2 4 1 4 4 3 7 0 11 2 0 0 4 0 0 1 1 0 0 1 0 0 0 
0 4 3 0 1 2 0 3 0 0 1 1 1 1 3 1 2 0 0 0 0 0 0 0 0 0 0 0 1 4 0 7 7 4 6 3 10 3 9 3 4 0 1 1 4 4 3 3 2 14 3 1 7 8 0 0 2 1 0 3 4 1 1 7 3 32 21 18 2 11 26 34 5 9 3 1 0 1 14 3 2 1 3 1 1 1 0 2 0 0 0 0 0 0 0 0 0 0 0 0 0 3 
2 4 2 1 1 1 0 3 0 2 3 1 0 1 0 3 0 0 0 0 0 0 0 1 0 0 0 0 3 19 6 3 18 8 8 5 5 7 4 5 2 1 5 6 4 2 2 4 6 8 14 3 19 9 2 2 4 9 0 12 3 2 3 14 22 58 49 26 12 4 28 37 10 31 5 0 0 4 37 3 5 3 8 2 1 4 3 5 3 0 0 1 0 0 0 0 0 0 1 0 0 0 
1 2 1 0 0 2 0 5 0 1 3 3 2 2 1 2 0 0 0 0 0 0 0 0 0 0 0 0 1 7 3 2 10 2 4 6 24 9 17 4 3 2 1 1 3 13 1 2 4 26 4 5 2 6 1 0 4 4 0 17 7 1 0 12 21 38 11 35 27 25 6 60 18 21 1 3 0 1 18 0 7 1 0 2 0 5 1 6 1 0 0 1 0 0 0 0 0 0 0 0 0 0 
0 7 0 0 0 3 3 4 4 4 0 3 1 2 1 4 3 1 2 0 0 0 0 0 0 0 0 1 2 6 1 3 19 13 2 11 25 5 28 8 8 1 2 5 1 9 3 3 4 10 4 2 7 5 2 2 5 3 0 9 5 4 0 4 37 63 33 37 31 38 72 4 40 30 2 3 0 7 28 7 5 3 6 14 1 3 2 13 0 0 0 1 0 0 0 0 0 0 0 0 0 1 
2 7 8 1 0 4 6 1 2 8 0 8 5 1 3 6 2 4 0 1 0 0 0 1 0 0 0 1 2 10 4 6 13 10 23 10 16 9 24 11 6 3 11 5 8 10 8 5 7 41 23 16 20 14 11 3 5 12 0 20 9 2 7 21 33 62 41 34 20 49 25 69 9 28 7 10 6 7 44 7 5 2 4 6 3 4 1 16 3 0 0 9 0 0 0 3 0 0 0 0 0 8 
5 7 1 4 0 4 12 6 4 2 3 0 2 2 3 2 3 0 0 1 0 0 0 0 0 0 0 0 0 0 0 3 8 12 9 13 19 13 45 11 10 1 0 3 7 10 2 3 3 37 20 5 23 9 10 1 9 18 0 40 12 5 5 16 27 53 14 34 16 61 30 37 16 4 8 3 4 2 46 8 14 5 9 8 3 5 1 22 4 0 0 8 0 0 1 0 0 0 5 0 0 8 
0 2 1 0 0 3 0 1 1 0 0 4 5 3 1 4 3 5 0 1 3 1 0 5 3 0 0 4 2 5 2 7 12 5 4 0 0 3 8 7 4 1 12 6 8 7 14 3 8 41 10 5 7 2 4 0 0 9 0 10 1 0 0 10 6 9 2 3 0 4 3 4 4 4 3 1 5 14 103 22 6 8 15 33 10 12 6 41 6 0 0 9 2 13 5 5 0 10 4 0 1 6 
0 1 1 0 0 1 2 1 2 3 2 2 1 4 2 3 6 0 2 2 0 1 1 4 2 0 0 7 0 4 2 10 9 1 3 2 3 1 7 3 1 0 10 8 2 8 5 3 9 39 6 3 8 16 2 2 6 12 0 12 8 1 0 7 7 11 2 3 1 1 3 0 4 5 3 2 21 30 146 34 24 14 15 62 16 17 5 46 5 0 0 7 2 6 1 11 2 14 7 3 2 14 
0 0 0 1 0 1 2 0 0 0 0 1 2 0 0 1 5 1 0 0 0 1 0 0 1 0 0 0 0 2 1 3 3 2 0 0 1 0 0 1 1 0 4 0 2 0 1 2 0 2 2 1 3 0 0 0 1 4 0 3 0 0 0 0 2 0 1 0 0 1 2 2 0 1 6 11 1 25 54 7 12 2 2 12 2 2 2 9 2 0 0 1 0 0 0 2 0 1 0 0 0 3 
5 3 2 0 0 5 3 3 3 7 2 2 2 0 5 6 7 1 4 1 0 3 1 3 7 0 1 0 3 13 4 3 10 2 6 0 3 4 3 2 11 1 3 14 7 4 9 7 3 23 2 2 21 22 7 5 12 12 0 5 5 1 0 4 21 5 2 3 3 3 7 3 4 3 25 22 7 4 89 32 26 10 21 77 18 12 12 39 5 0 0 5 3 12 1 6 6 7 4 0 1 9 
9 8 13 3 7 16 9 11 19 26 8 12 16 30 11 36 25 19 8 5 3 3 7 20 6 1 5 27 15 24 10 28 73 9 18 8 11 7 53 26 14 6 23 56 17 22 26 19 22 108 126 69 160 90 65 37 72 126 0 44 19 12 3 34 50 41 21 28 10 37 18 21 23 29 293 199 66 80 20 91 118 42 78 235 89 36 16 164 26 0 0 38 11 29 9 20 4 19 20 6 4 35 
2 2 1 0 0 2 3 1 2 1 0 4 3 2 1 3 3 3 0 0 0 0 2 2 4 1 0 4 3 13 1 7 4 2 2 4 1 0 5 4 0 0 15 12 7 15 13 5 7 38 13 6 8 6 1 2 7 20 0 4 0 1 1 7 12 6 2 3 3 2 5 6 4 3 24 25 5 23 84 4 15 12 12 127 88 31 7 56 15 0 0 20 5 18 9 6 4 6 11 2 0 12 
3 3 3 0 0 2 0 1 1 3 0 0 1 0 0 0 0 0 2 0 0 1 1 1 3 0 0 1 2 9 6 2 3 1 1 0 1 1 4 4 13 0 8 16 3 5 3 4 3 26 5 3 11 6 2 1 3 11 0 7 3 1 1 2 5 12 1 2 0 3 7 7 1 9 26 30 7 18 77 19 3 3 29 107 80 28 3 45 5 0 0 18 12 11 6 8 6 14 10 3 3 15 
1 4 2 1 1 1 2 2 0 2 1 1 0 0 0 1 0 0 0 0 1 0 0 0 0 0 0 2 2 9 1 3 7 1 1 0 3 3 5 7 1 3 15 20 8 16 10 5 3 75 9 2 6 1 0 0 2 5 0 3 3 1 3 4 2 4 0 1 0 0 2 5 3 7 14 12 1 26 38 20 9 5 10 50 23 29 13 84 18 0 0 15 7 8 20 19 4 20 10 5 2 34 
3 3 1 0 0 2 0 2 0 3 0 0 0 0 0 2 0 0 1 0 1 0 0 1 0 0 0 2 0 2 3 1 5 0 0 0 1 1 1 3 4 2 11 16 3 9 7 6 4 34 6 4 9 9 2 2 1 8 0 0 0 1 0 1 1 4 0 4 0 5 4 4 0 0 19 16 6 11 53 18 11 1 2 79 94 11 11 59 8 0 0 21 3 19 10 8 5 13 9 1 3 16 
9 15 6 0 1 6 6 11 2 6 0 0 1 1 0 1 4 3 0 0 1 1 1 0 3 0 0 5 4 6 2 6 12 5 2 0 4 5 23 13 7 8 40 70 27 45 28 17 27 122 19 20 48 28 20 7 28 45 0 4 4 7 2 12 3 12 6 1 1 5 3 2 4 5 90 81 25 95 224 137 119 34 157 19 179 65 36 206 53 0 0 72 8 27 19 39 11 31 32 9 10 56 
0 4 5 0 0 1 1 1 0 3 1 0 1 0 0 0 2 0 0 0 0 0 1 0 1 0 0 1 1 5 0 4 2 2 0 2 5 1 5 7 7 3 20 46 14 17 10 7 2 33 16 1 4 9 4 2 14 13 0 3 1 2 1 2 4 5 0 3 0 0 1 8 0 3 9 11 4 17 77 35 36 15 64 141 2 49 20 77 12 0 0 35 5 12 9 17 1 15 10 0 1 10 
3 4 7 1 0 4 3 2 4 1 2 4 0 0 0 2 9 5 3 1 7 1 4 9 3 2 0 5 3 21 13 14 35 13 5 3 16 25 44 12 19 12 67 110 20 51 35 30 30 120 16 9 18 5 5 2 12 7 0 11 1 1 0 5 5 6 2 2 0 5 5 8 2 5 27 14 2 28 65 30 37 19 23 106 59 3 24 124 70 0 0 100 29 44 38 26 13 49 37 9 10 50 
6 9 3 1 7 2 1 2 2 0 1 3 1 0 0 2 7 7 2 0 0 0 1 10 2 0 0 6 0 15 3 11 25 5 4 4 7 16 37 19 11 6 30 80 13 34 22 19 10 60 11 6 23 4 4 1 5 5 0 1 4 2 0 1 6 0 2 2 1 2 2 3 1 3 18 5 0 10 34 12 12 10 11 56 23 28 8 69 43 0 0 54 15 26 17 27 3 26 19 2 3 34 
36 27 15 1 7 8 13 6 5 6 4 2 6 6 0 7 12 10 8 3 8 5 2 40 20 0 2 29 1 72 20 54 222 12 17 13 55 56 140 44 17 10 102 166 81 160 108 110 150 801 26 20 65 13 13 7 8 18 0 11 6 1 4 7 9 13 8 9 2 4 6 12 6 7 68 36 7 28 118 41 47 45 55 137 55 88 42 22 43 0 0 159 37 65 46 99 26 71 42 13 17 317 
1 6 8 2 6 4 6 4 4 1 2 3 3 1 1 2 9 7 5 1 1 2 0 2 1 2 0 4 1 12 6 16 22 16 12 9 25 25 42 11 16 14 37 78 17 40 20 8 21 70 8 9 10 2 3 1 4 4 0 4 5 0 0 2 4 5 1 6 1 3 3 1 2 0 9 9 0 3 31 7 13 5 15 30 14 36 15 56 6 0 0 45 12 30 16 28 2 13 11 5 3 56 
0 0 0 0 0 0 0 0 0 0 0 0 0 0 0 0 0 0 0 0 0 0 0 0 0 0 0 0 0 0 0 0 0 0 0 0 0 0 0 0 0 0 0 0 0 0 0 0 0 0 0 0 0 0 0 0 0 0 0 0 0 0 0 0 0 0 0 0 0 0 0 0 0 0 0 0 0 0 0 0 0 0 0 0 0 0 0 0 0 0 0 0 0 0 0 0 0 0 0 0 0 0 
0 0 0 0 0 0 0 0 0 0 0 0 0 0 0 0 0 0 0 0 0 0 0 0 0 0 0 0 0 0 0 0 0 0 0 0 0 0 0 0 0 0 0 0 0 0 0 0 0 0 0 0 0 0 0 0 0 0 0 0 0 0 0 0 0 0 0 0 0 0 0 0 0 0 0 0 0 0 0 0 0 0 0 0 0 0 0 0 0 0 0 0 0 0 0 0 0 0 0 0 0 1 
4 15 7 0 4 10 15 5 6 6 7 8 7 10 2 11 23 6 18 5 5 1 1 11 3 1 0 15 6 73 15 37 64 30 51 33 112 93 180 66 62 20 78 213 70 211 97 79 96 337 16 13 33 21 4 6 14 19 0 10 0 7 2 11 3 10 0 8 2 4 3 2 2 2 25 14 4 21 80 28 39 37 53 125 90 83 58 305 100 0 0 20 43 64 60 155 14 103 88 22 10 180 
0 2 5 0 0 1 1 1 2 1 2 2 1 4 0 0 3 1 1 1 0 0 0 1 0 0 0 0 0 20 3 4 13 8 7 5 19 10 30 16 15 3 37 52 18 20 15 15 18 47 2 2 6 1 0 0 2 6 0 3 1 1 0 0 3 0 0 0 0 1 0 1 0 0 7 2 4 5 12 4 15 8 11 17 7 17 20 58 23 0 0 62 2 17 10 19 3 15 12 6 3 28 
3 2 2 0 0 2 5 2 0 1 2 1 2 2 0 3 4 0 0 1 1 0 0 1 1 0 0 1 0 4 9 6 13 6 2 6 11 12 22 9 9 4 37 62 17 45 22 16 22 72 5 2 12 3 1 0 6 6 0 3 0 5 3 1 0 0 0 0 1 0 2 1 0 0 3 4 1 2 21 10 14 10 21 31 28 28 13 73 25 0 0 92 21 8 5 22 2 12 9 3 3 57 
2 5 4 0 0 0 1 7 3 0 0 0 3 1 4 1 7 1 0 1 2 0 0 0 0 0 0 5 1 3 0 7 11 2 4 6 9 9 25 12 16 5 15 33 24 14 26 19 23 87 8 1 16 4 2 5 2 3 0 1 3 1 0 0 1 0 0 0 0 0 0 0 0 0 5 3 0 7 8 16 6 9 6 25 16 22 14 79 21 0 0 40 10 10 7 9 2 12 16 3 5 59 
3 2 0 2 0 0 0 1 1 1 2 1 1 1 0 1 3 1 0 0 1 0 0 3 0 0 2 2 1 15 6 4 18 4 8 4 26 8 24 10 9 4 25 63 26 39 22 26 13 61 3 0 5 3 2 1 1 3 0 1 2 1 0 2 0 0 0 1 0 0 0 0 0 0 2 8 0 2 21 4 8 3 4 21 16 20 14 96 16 0 0 63 22 34 12 9 4 36 11 2 3 65 
0 0 0 0 0 0 1 0 1 2 0 0 0 0 0 0 0 0 0 0 0 0 0 0 3 0 0 0 0 5 0 2 3 1 1 0 0 1 6 1 0 0 8 9 6 4 3 1 1 10 2 0 0 1 2 0 0 0 0 0 0 0 0 0 0 0 0 0 0 0 0 0 1 0 0 0 0 2 2 2 1 1 3 8 1 5 4 21 3 0 0 6 2 0 1 0 0 0 8 1 3 5 
0 3 0 0 2 1 1 0 0 2 0 4 0 1 0 0 0 0 0 0 0 1 0 1 0 0 0 0 0 8 1 2 8 0 6 1 8 6 13 1 3 5 18 33 14 20 7 10 8 58 4 1 3 0 1 1 3 5 0 1 1 1 2 0 0 0 0 0 0 0 0 1 0 2 6 3 0 7 11 6 7 6 4 24 20 23 5 58 6 0 0 55 9 7 0 20 0 1 5 1 1 20 
3 7 7 0 0 2 9 2 0 1 0 3 2 1 0 0 0 1 2 0 0 0 0 0 1 1 0 3 1 5 4 2 18 0 3 4 15 7 24 5 7 0 22 22 25 26 9 24 8 52 8 5 10 4 1 0 0 2 0 0 2 0 0 1 1 0 0 0 0 0 0 0 0 1 10 5 0 11 25 4 5 8 11 25 10 18 7 56 18 0 0 46 3 11 2 8 1 13 3 2 2 33 
0 0 0 0 0 0 1 1 0 0 0 0 1 0 0 0 0 0 0 0 0 0 1 0 0 0 0 0 0 1 0 0 4 0 0 1 0 4 5 5 0 0 1 3 4 0 4 2 0 8 2 0 1 0 0 0 0 0 0 0 1 0 1 0 0 0 0 0 0 0 0 0 0 0 0 1 0 0 3 1 0 2 2 2 3 3 2 14 1 0 0 7 1 3 0 4 0 0 3 1 0 5 
1 0 0 0 0 1 1 0 1 0 0 0 2 0 0 0 2 0 0 0 0 0 0 0 0 0 0 0 0 1 1 0 1 1 0 1 2 3 3 2 2 0 3 9 5 6 6 0 3 5 0 1 0 0 0 0 0 0 0 0 0 0 0 0 0 0 0 0 0 0 0 0 0 0 1 2 0 0 5 0 0 2 1 1 3 3 3 11 4 0 0 11 1 2 7 3 0 3 1 2 1 4 
12 26 13 1 1 3 13 13 10 10 3 9 8 6 5 6 18 8 3 7 4 1 0 8 1 0 0 21 4 60 21 30 73 20 28 28 43 50 89 50 44 8 152 139 111 133 97 62 88 376 19 27 47 14 6 0 19 18 0 15 3 0 0 7 4 7 1 0 0 1 3 7 2 3 30 9 4 31 53 29 39 30 29 76 26 72 43 429 83 0 0 141 31 84 98 114 12 78 38 15 2 18 
