4 6 22 4 11 25 24 13 17 30 11 24 28 65 31 66 26 19 19 3 9 10 3 16 6 0 0 17 85 2 3 2 15 4 9 3 9 5 31 16 13 0 4 8 5 10 8 4 4 39 3 1 2 5 1 0 1 8 0 1 0 1 1 1 6 5 2 1 0 3 2 2 1 1 2 3 0 0 13 0 2 2 4 4 1 2 1 9 3 0 0 2 0 1 1 0 0 0 2 0 0 8 
9 8 20 7 10 31 30 16 20 33 5 26 44 106 41 69 27 17 24 8 13 8 3 16 9 1 0 18 102 1 1 6 12 4 5 3 4 6 32 19 17 2 3 11 13 15 3 8 5 56 5 5 8 1 4 0 3 2 0 0 0 0 0 2 9 8 4 1 1 0 2 0 2 5 3 1 2 1 16 4 0 2 0 5 0 6 1 13 1 0 0 11 1 3 3 2 0 0 1 0 0 6 
17 12 8 16 6 24 31 14 25 22 8 33 33 83 61 53 32 16 24 7 11 13 3 19 8 0 2 19 188 1 1 2 9 0 4 2 2 9 17 13 11 0 7 14 9 9 5 1 5 23 9 2 11 5 1 0 0 4 0 4 1 1 1 2 2 4 1 1 0 1 3 2 5 1 0 1 0 7 4 2 3 0 0 4 1 5 0 4 0 0 0 8 0 2 1 1 0 0 2 0 0 7 
6 14 17 0 2 4 8 2 7 3 3 4 7 7 5 8 8 1 7 1 1 1 1 4 0 0 0 0 23 2 0 0 1 0 0 0 0 4 3 1 3 1 1 1 0 2 3 0 0 11 0 1 2 0 0 0 0 0 0 0 0 1 1 2 0 0 0 0 0 0 1 0 0 2 2 0 0 0 5 0 0 0 0 1 0 1 0 3 0 0 0 0 0 0 0 0 0 1 0 1 0 2 
4 17 3 6 4 8 4 7 9 4 9 18 21 25 16 33 8 10 9 5 2 4 2 7 4 1 0 5 21 1 0 4 1 0 0 2 2 0 22 5 3 0 3 2 0 2 2 1 2 16 3 0 3 2 0 3 3 0 0 1 0 0 0 2 1 10 1 0 1 1 0 0 1 0 2 1 1 0 2 0 0 0 2 3 1 0 0 7 0 0 0 7 0 1 0 1 0 0 0 0 0 1 
11 33 26 16 10 5 15 16 15 22 13 18 48 62 38 77 35 18 21 7 5 14 3 7 5 0 0 11 92 3 1 2 6 3 1 0 2 1 28 11 6 2 6 10 4 5 4 4 5 23 3 1 4 11 4 2 1 5 0 1 6 1 0 1 3 4 2 0 1 3 3 2 1 1 4 1 2 1 10 0 0 0 1 0 0 2 1 10 0 0 0 4 0 1 1 0 0 1 0 0 1 3 
29 30 50 7 11 22 11 40 25 24 19 29 62 85 27 61 27 24 16 15 8 10 3 12 2 0 1 14 48 9 0 1 4 1 2 1 2 4 30 15 15 3 7 5 6 9 7 3 19 14 5 3 5 2 0 3 0 3 0 4 2 0 1 4 5 8 2 1 3 0 0 1 1 4 2 2 0 2 13 1 0 0 3 1 0 3 1 6 1 0 0 13 1 0 1 0 0 0 1 0 0 5 
18 30 28 6 8 13 34 8 15 20 9 25 59 57 45 60 42 14 18 6 6 15 6 27 11 0 0 12 55 2 4 9 12 1 6 4 1 10 27 14 7 2 4 9 19 8 4 2 5 19 4 4 7 2 2 2 3 5 0 0 0 2 1 2 8 4 4 6 0 1 3 7 1 2 0 1 0 0 9 0 0 2 0 1 1 1 1 4 1 0 0 8 0 0 0 0 0 0 2 0 0 2 
29 38 33 7 8 33 69 14 8 11 10 32 46 68 33 54 23 16 27 8 7 9 6 11 7 1 0 20 72 5 1 4 6 0 3 1 1 6 38 5 9 2 3 3 2 8 7 1 1 26 4 2 2 5 1 2 0 5 0 0 1 1 7 1 2 4 2 1 0 1 3 1 0 1 1 2 0 0 6 1 0 1 0 2 0 3 0 5 1 0 0 3 4 0 2 0 0 0 2 0 0 4 
10 18 14 2 4 10 16 5 3 2 4 9 32 55 14 18 23 14 19 10 7 5 4 24 6 1 0 15 33 5 0 4 5 0 3 0 2 2 14 8 5 0 3 3 3 0 3 3 2 8 6 6 8 5 0 1 3 10 0 1 1 3 4 0 0 5 4 3 1 0 1 3 2 0 1 0 1 1 7 1 0 2 1 1 2 1 0 2 1 0 0 8 1 1 3 1 0 0 1 0 0 0 
14 9 6 1 5 10 13 4 14 6 2 16 18 15 14 33 19 8 13 2 2 3 3 8 1 0 2 9 30 3 0 0 5 0 1 0 0 4 15 7 3 2 5 3 7 4 4 2 3 9 0 1 0 0 1 0 1 3 0 1 1 0 1 1 1 0 0 1 0 1 2 1 1 0 0 0 2 1 1 1 0 0 0 0 0 0 0 1 2 0 0 0 0 0 0 0 0 1 0 0 0 0 
23 36 21 5 9 24 30 16 23 33 15 3 22 65 19 45 24 17 20 12 7 13 12 32 18 2 3 21 42 8 0 9 8 3 2 0 6 2 31 18 15 0 3 2 9 9 1 13 1 36 6 8 4 2 0 0 2 5 0 3 1 2 2 0 2 5 0 0 1 1 4 3 3 1 3 1 0 1 8 1 0 0 0 0 0 3 0 8 0 0 0 10 2 1 2 4 0 1 1 0 0 4 
54 68 45 5 27 33 48 51 60 41 26 26 4 75 25 66 52 34 42 19 22 8 23 48 36 0 3 60 46 9 4 8 11 3 3 2 5 2 32 13 11 5 9 18 8 25 18 4 5 33 3 1 11 5 2 1 9 7 0 8 1 4 1 1 2 0 0 0 2 0 3 1 2 7 1 0 2 2 7 0 0 0 0 0 0 4 4 8 2 0 0 10 5 7 1 3 0 0 1 0 0 5 
58 77 73 14 13 50 63 49 51 43 17 52 31 17 17 52 68 47 68 26 43 54 15 77 32 5 6 130 63 9 3 4 7 1 1 0 3 4 21 13 17 0 2 7 13 10 4 3 5 37 9 6 12 8 2 1 5 12 0 13 0 3 0 1 1 0 0 1 0 0 2 2 1 0 9 4 2 1 20 2 0 1 0 0 0 0 0 4 1 0 0 10 0 1 2 3 0 0 1 1 0 4 
44 64 37 5 29 51 41 33 28 25 14 29 40 24 1 28 42 31 34 14 23 27 13 63 32 6 4 82 41 6 6 2 10 0 9 1 1 2 14 16 9 1 7 7 11 16 5 3 2 13 7 1 4 9 7 0 4 8 0 1 1 0 0 2 0 1 1 0 4 1 0 0 2 0 2 0 0 2 15 0 1 0 0 0 1 0 0 1 7 0 0 2 0 2 0 0 0 1 0 0 0 3 
32 50 37 3 17 45 44 40 62 42 21 29 38 41 14 10 68 63 47 30 38 32 26 103 45 3 7 84 55 21 6 22 28 9 13 9 37 3 20 15 10 5 5 8 16 16 9 10 2 51 4 9 12 1 1 2 3 8 0 5 3 2 0 2 2 1 0 2 1 2 0 1 0 2 9 2 1 3 25 2 3 0 0 2 0 3 0 5 3 0 0 16 0 1 0 0 0 3 1 0 0 15 
24 37 34 8 15 24 29 25 46 46 13 35 62 99 47 100 4 38 39 32 52 24 35 83 27 1 5 91 43 42 16 29 39 9 21 18 33 12 51 25 23 4 23 21 15 41 22 9 11 69 14 7 8 8 4 1 5 8 0 1 1 2 2 4 2 2 2 1 0 0 0 1 3 1 2 0 0 1 32 1 8 0 0 1 1 3 6 18 2 0 0 11 0 4 0 1 0 1 4 0 0 14 
10 27 16 2 0 26 18 15 30 22 19 27 38 92 36 76 46 8 27 12 24 23 4 59 27 2 9 37 45 25 4 9 31 7 13 20 26 6 75 22 16 0 9 14 23 15 14 11 7 57 2 4 6 9 1 1 3 11 0 3 0 2 1 4 0 0 0 0 0 0 0 0 0 0 3 0 0 2 19 2 1 1 1 0 1 3 3 9 4 0 0 6 0 1 1 2 0 0 0 0 0 7 
9 28 17 0 6 14 13 11 26 14 13 15 30 70 29 71 57 18 9 23 34 15 17 40 19 5 5 45 65 15 7 4 10 8 11 2 17 5 37 9 9 2 10 12 7 13 10 11 10 33 0 3 3 3 0 1 1 0 0 3 1 2 0 0 1 0 0 0 0 0 2 1 1 0 0 2 0 0 8 3 0 0 1 2 0 1 3 9 1 0 0 3 1 0 0 0 0 0 2 0 0 1 
6 8 12 2 5 14 15 12 11 9 19 16 22 57 26 58 23 23 18 1 5 5 15 27 19 7 15 45 13 10 1 4 7 4 2 1 13 4 47 8 8 3 2 4 2 8 7 7 1 14 0 1 5 1 0 1 1 4 0 0 1 0 0 0 0 0 0 0 0 0 0 0 0 0 1 1 1 4 4 2 0 0 0 0 0 2 2 2 1 0 0 4 0 0 0 0 0 1 0 0 0 0 
6 10 11 2 6 18 12 9 10 13 5 8 28 66 49 75 54 32 51 1 2 2 16 45 17 9 14 57 26 5 1 0 6 1 7 6 22 5 50 10 10 1 7 5 3 10 2 4 2 14 0 0 2 1 1 1 1 1 0 3 2 0 0 2 0 0 0 0 0 0 0 0 1 0 2 0 0 0 8 0 1 0 0 0 1 2 0 6 1 0 0 1 0 0 0 0 0 0 0 0 0 1 
3 18 6 1 3 17 9 15 6 13 17 9 14 76 29 66 40 18 27 0 6 3 8 20 5 6 13 55 30 4 5 1 2 0 1 5 8 3 54 9 3 0 7 2 6 5 7 0 0 10 1 1 1 0 0 1 1 3 0 1 0 0 0 1 0 0 0 0 0 0 0 0 1 0 0 1 0 0 4 0 0 0 0 0 1 0 1 5 3 0 0 1 0 0 0 0 0 0 0 0 0 1 
5 8 7 4 1 4 4 2 6 10 11 10 23 60 33 61 32 16 26 2 29 4 2 11 4 6 7 47 3 2 0 1 8 2 3 4 10 2 24 6 3 0 1 5 1 14 6 1 0 25 0 0 4 1 0 1 3 1 0 0 0 0 0 1 0 0 0 0 0 0 0 0 0 0 0 1 0 0 3 0 1 0 0 1 0 1 0 6 2 0 0 2 1 0 0 2 0 0 0 0 0 0 
9 18 10 3 3 14 17 9 13 24 9 27 31 99 44 147 85 56 33 19 24 19 25 5 8 18 34 65 14 6 3 1 23 3 12 3 35 8 81 17 15 0 6 9 9 24 7 8 11 92 5 7 5 3 4 1 2 4 0 1 0 1 0 0 2 0 0 0 0 0 0 1 0 0 0 2 0 0 14 0 3 2 0 1 1 1 3 11 2 0 0 10 0 1 1 0 0 0 1 0 0 6 
21 21 11 3 6 13 6 3 12 37 9 29 58 82 27 137 38 32 50 12 27 13 9 12 6 5 17 61 17 16 7 7 83 12 13 7 27 22 73 27 32 2 17 16 19 40 15 13 21 131 20 9 37 6 2 2 1 5 0 3 1 0 0 0 2 1 1 0 0 0 0 0 1 0 2 4 1 1 19 1 1 0 1 2 0 6 5 56 3 0 0 8 1 1 1 0 0 4 2 0 0 8 
1 1 1 0 0 1 0 0 1 0 0 1 0 5 4 18 8 7 8 3 14 12 6 29 8 0 9 14 2 0 0 0 1 0 2 0 2 0 4 0 1 0 1 1 2 2 1 0 0 4 0 0 0 0 2 0 0 0 0 0 0 0 0 0 0 0 0 0 0 0 0 0 0 0 0 0 0 1 0 0 0 0 0 1 0 0 0 1 0 0 0 0 1 1 2 0 0 0 0 0 0 0 
0 0 1 0 0 2 0 0 0 1 1 0 0 7 7 23 5 6 5 8 18 4 4 22 4 2 3 21 0 1 0 5 2 0 1 0 3 1 8 0 0 0 0 0 0 0 1 0 0 2 1 0 0 0 0 0 0 0 0 1 0 0 0 0 0 0 0 0 0 0 0 0 0 0 0 0 0 0 0 0 0 0 0 0 0 0 0 2 0 0 0 0 0 0 0 0 0 0 0 0 0 0 
11 14 15 7 7 19 7 25 20 26 10 44 63 116 79 172 84 35 47 34 55 66 55 106 47 4 62 14 8 7 4 8 19 1 10 6 25 21 78 27 22 2 11 9 11 21 22 6 6 80 5 4 10 5 5 2 3 6 0 1 1 0 1 3 0 0 0 0 0 0 0 0 0 0 5 6 0 1 13 3 1 4 1 3 0 3 4 15 1 0 0 12 2 0 0 1 0 0 1 0 0 11 
13 22 44 9 12 36 16 13 21 7 5 11 14 21 13 16 12 3 3 2 1 2 1 5 3 0 0 3 2 5 0 0 2 2 2 0 0 4 7 2 8 0 1 5 2 0 2 2 2 5 0 2 0 0 1 0 1 4 0 5 0 0 0 0 0 1 2 0 0 0 0 4 0 3 0 2 0 1 5 0 0 0 0 1 0 0 1 0 0 0 0 0 0 0 4 0 1 1 0 0 0 2 
4 2 4 0 0 3 3 2 4 6 6 3 15 3 5 21 46 24 14 4 7 4 4 9 2 1 0 4 4 20 96 106 250 38 118 112 327 140 289 91 68 12 49 32 48 59 31 24 24 162 4 6 20 4 3 3 4 10 0 5 6 7 2 14 18 21 5 9 4 4 2 8 1 2 1 2 0 4 15 6 3 3 3 10 5 8 6 57 14 0 0 34 5 5 3 6 2 7 4 1 0 26 
0 0 1 0 0 0 1 0 0 0 3 1 3 1 0 6 11 7 15 1 2 0 1 5 3 1 0 2 3 65 6 50 74 24 59 37 150 54 95 22 20 2 11 18 15 23 16 8 5 43 1 3 4 2 0 1 1 3 0 13 2 0 2 5 2 13 3 1 2 3 3 3 1 1 0 1 0 0 10 2 0 0 0 3 3 5 1 11 3 0 0 20 2 2 4 0 2 2 1 0 0 5 
2 2 0 0 0 1 1 0 5 5 1 1 13 4 1 14 25 10 7 3 2 2 0 6 4 1 1 4 8 119 53 12 96 36 71 55 240 115 239 72 55 6 49 64 44 68 35 20 18 113 4 2 10 3 3 0 1 2 0 3 8 3 4 7 14 20 6 7 4 10 1 2 1 1 1 1 1 3 25 2 1 2 1 4 3 8 9 32 9 0 0 48 7 9 6 6 0 4 3 2 0 14 
9 7 3 1 2 6 6 7 3 7 1 6 11 9 12 30 22 25 16 4 4 6 2 34 14 1 1 13 2 236 91 87 22 47 75 95 255 103 262 129 117 20 105 84 92 120 100 51 51 515 37 26 58 19 14 12 18 20 0 12 10 8 2 5 13 31 8 10 8 5 12 19 15 3 19 3 1 3 45 3 5 6 6 16 8 27 11 142 24 0 0 55 12 17 11 9 3 13 12 0 0 61 
2 3 3 1 0 2 0 2 0 0 0 1 1 0 1 8 30 4 4 3 3 2 0 7 2 0 0 3 5 70 18 28 31 5 17 18 122 54 106 55 41 9 27 29 29 46 18 13 9 79 6 7 4 9 1 3 10 3 0 6 2 12 1 2 6 10 7 12 4 8 14 11 9 9 5 1 0 4 36 1 5 0 0 4 1 6 0 19 10 0 0 37 2 1 5 1 1 0 5 0 1 15 
9 4 4 1 2 6 6 7 2 0 2 5 4 4 3 9 14 13 12 8 1 8 1 12 5 0 0 18 4 149 58 108 91 23 13 23 161 78 161 85 61 13 46 53 54 39 34 15 21 107 5 5 7 8 6 0 8 4 0 7 1 10 6 13 8 12 4 5 6 13 18 5 10 7 7 5 0 3 23 2 4 1 1 5 1 15 0 26 12 0 0 33 3 9 6 10 2 4 7 5 1 11 
8 3 4 1 0 2 0 1 2 1 0 0 1 0 6 8 9 12 9 1 0 1 2 11 5 2 0 6 14 152 69 92 107 15 54 3 164 50 102 52 39 4 24 29 41 42 36 10 15 100 5 2 2 3 1 1 1 1 0 0 0 3 3 6 5 13 1 8 1 0 5 9 3 2 2 0 0 0 5 1 0 1 1 0 0 3 2 34 9 0 0 29 6 4 5 8 2 1 3 0 0 19 
5 11 7 1 0 5 7 1 1 1 0 1 3 3 4 35 21 19 17 5 9 12 9 22 11 0 3 45 4 267 187 252 227 74 158 235 21 102 367 257 147 36 110 135 114 176 117 61 49 327 17 13 15 5 3 2 14 9 0 2 2 14 7 27 16 29 13 11 14 12 22 15 11 7 8 6 1 3 14 2 6 0 1 5 2 25 15 77 28 0 0 92 17 22 13 21 2 17 10 3 2 33 
7 9 8 0 3 7 4 2 4 7 1 7 8 12 8 7 4 17 10 5 7 11 4 13 8 1 3 21 21 103 50 96 79 29 64 56 126 12 143 147 84 6 71 84 69 82 91 19 38 251 2 2 7 6 1 2 3 2 0 1 1 7 1 12 6 5 1 3 0 1 10 5 6 5 1 1 2 0 11 1 1 0 2 2 0 24 9 46 12 0 0 69 13 11 4 6 1 6 6 3 1 23 
11 13 13 2 1 9 17 13 9 21 6 17 15 15 8 9 23 15 21 5 12 15 14 30 11 0 3 31 11 120 59 128 160 70 84 61 296 84 16 238 123 18 73 96 76 101 87 44 31 268 8 8 6 7 3 0 3 4 0 4 2 9 2 20 15 18 8 8 1 4 8 7 7 8 10 3 2 5 24 3 13 2 1 13 2 28 10 65 22 0 0 96 3 21 10 19 2 4 15 2 2 32 
9 13 13 1 4 11 9 15 12 18 7 14 18 14 9 22 32 30 13 8 5 4 1 26 7 0 0 22 26 103 40 66 122 53 62 55 357 151 393 24 50 16 52 173 74 192 93 39 50 261 6 2 11 7 1 1 1 8 0 4 4 5 4 7 6 16 4 1 1 2 6 10 5 13 7 2 1 2 17 2 4 6 1 18 7 5 4 23 15 0 0 61 10 10 11 9 0 2 8 2 0 31 
12 17 13 0 5 15 8 3 5 5 5 6 6 12 5 12 18 12 10 7 6 3 2 22 7 0 0 27 18 69 22 47 97 30 57 30 188 105 243 57 5 21 46 79 48 112 63 27 20 218 4 2 12 4 0 1 4 2 0 3 1 3 1 4 4 8 2 0 2 1 3 4 6 8 4 1 2 1 10 4 8 7 4 6 4 10 4 21 14 0 0 55 15 9 7 16 1 2 5 1 0 25 
0 2 0 0 1 0 1 1 0 0 0 5 0 3 1 1 9 6 2 0 1 0 0 3 1 0 0 1 0 12 6 7 15 2 16 3 29 16 32 20 14 3 16 30 20 32 11 7 3 41 0 3 0 0 0 1 0 0 0 0 0 2 0 1 1 1 0 2 1 0 0 1 0 0 2 0 0 0 3 0 0 0 1 11 1 4 1 7 1 0 0 10 1 8 2 3 2 2 1 0 0 3 
3 5 0 1 0 12 3 12 2 4 7 8 4 9 10 8 26 17 4 5 8 4 0 7 2 0 0 9 2 60 16 44 84 22 55 21 134 113 142 66 45 21 16 86 49 95 64 42 32 168 9 6 7 6 3 1 6 6 0 4 4 2 0 3 5 11 5 5 0 1 4 3 1 4 9 6 1 13 25 12 23 8 12 60 29 38 24 78 61 0 0 97 27 40 29 27 6 30 25 1 2 103 
13 16 7 1 2 7 7 4 5 9 2 9 6 8 9 7 22 14 14 2 8 5 5 19 9 0 1 18 10 42 27 40 71 13 56 30 161 95 173 107 59 47 68 26 106 258 113 60 52 339 13 5 25 4 2 2 5 5 0 5 3 12 2 17 6 8 5 5 1 3 7 6 4 5 14 14 0 11 50 20 33 20 18 64 24 73 70 141 65 0 0 196 48 49 52 61 13 31 33 11 6 95 
10 24 7 2 4 7 9 7 6 8 4 12 11 7 4 3 22 14 14 2 9 5 4 24 12 1 2 14 7 52 19 45 99 34 51 44 162 84 144 111 64 18 75 163 6 194 123 54 90 375 3 4 16 4 2 3 8 3 0 3 0 0 0 3 11 15 4 3 6 4 7 6 4 4 8 6 1 1 30 8 7 9 6 16 10 36 19 56 34 0 0 101 8 31 20 28 2 23 27 6 4 49 
9 14 8 1 1 5 11 2 11 10 7 9 11 10 7 7 23 23 16 3 9 6 7 22 9 0 2 29 11 63 37 39 137 30 57 36 162 96 187 134 65 18 89 245 145 28 180 143 125 462 6 12 20 6 0 0 4 6 0 1 0 7 0 6 11 12 6 6 4 1 3 7 4 9 11 4 1 3 39 19 11 10 17 43 31 45 23 125 40 0 0 118 28 38 26 29 13 28 43 10 2 107 
10 17 3 0 0 5 8 2 13 7 9 18 9 3 3 7 20 14 7 3 12 6 1 29 6 0 0 11 16 62 13 32 130 28 33 31 127 70 156 74 94 10 51 116 110 213 17 90 71 325 6 5 16 3 2 1 3 3 0 3 1 5 1 5 8 17 0 7 2 2 7 7 2 4 8 8 1 7 20 9 8 8 7 26 12 24 19 111 16 0 0 75 14 21 13 15 6 20 26 0 4 79 
3 4 6 0 1 2 4 2 0 1 3 9 6 7 2 3 8 13 6 0 2 2 1 15 7 0 0 5 10 28 1 9 66 14 23 14 63 25 76 48 30 9 34 70 64 166 90 11 34 263 2 3 7 0 1 2 0 0 0 0 0 1 0 1 1 7 2 4 1 0 0 2 2 4 5 3 1 2 7 1 4 6 2 23 3 9 8 81 8 0 0 55 2 12 4 5 4 5 12 0 0 50 
6 8 8 0 1 1 4 5 4 7 0 3 8 2 5 8 6 10 2 4 3 1 2 13 3 0 0 7 8 22 1 16 91 3 18 20 65 40 74 42 41 2 43 122 45 163 75 59 10 387 2 1 6 1 0 1 1 1 0 2 0 3 2 3 2 3 1 4 0 0 1 0 2 1 3 3 1 5 6 7 10 6 4 22 3 8 11 119 11 0 0 108 12 12 20 6 1 12 15 0 2 62 
18 50 23 2 22 23 25 17 26 35 6 24 24 26 17 29 35 24 32 13 20 12 12 99 25 1 2 65 83 159 50 94 706 55 89 83 354 206 514 219 255 35 127 358 227 511 267 254 189 45 35 14 66 18 8 3 7 15 0 3 5 9 4 17 19 42 8 5 4 7 18 14 9 25 30 27 7 8 79 30 13 31 28 116 25 66 34 559 31 0 0 240 31 44 89 50 4 52 56 8 3 286 
5 8 5 1 4 6 5 6 2 6 1 5 8 13 5 17 10 3 5 1 1 2 1 9 1 0 0 4 3 10 3 3 46 12 6 4 12 7 26 7 12 0 4 13 11 22 10 6 3 46 9 8 54 7 14 4 10 27 0 22 3 5 2 12 20 22 1 8 0 7 7 6 9 16 5 5 3 7 135 5 2 5 8 31 5 15 2 36 3 0 0 11 0 6 3 1 0 8 4 1 0 16 
1 2 5 0 1 4 1 1 1 3 0 4 2 9 3 14 2 4 3 0 1 0 3 3 0 0 0 3 12 10 4 3 18 1 6 6 8 2 18 4 0 1 1 5 4 10 4 1 3 12 4 7 26 14 1 1 11 16 0 9 2 1 2 8 4 5 5 7 3 15 2 9 7 7 4 2 0 2 65 3 4 2 6 15 2 8 8 28 3 0 0 10 0 3 1 0 1 2 0 0 0 13 
4 3 3 3 1 6 4 5 3 5 2 3 7 15 5 23 17 7 10 3 4 2 1 25 7 0 0 13 16 11 4 5 54 6 8 8 21 6 34 13 5 0 7 21 14 20 4 4 7 79 33 23 6 21 15 6 14 45 0 38 9 6 1 18 15 23 2 15 3 10 0 6 10 19 7 3 3 10 121 4 1 2 7 29 12 18 8 67 11 0 0 24 3 4 16 3 0 8 9 1 0 21 
3 1 7 0 2 7 2 1 3 4 2 5 5 11 5 8 4 6 5 0 0 1 1 5 1 0 0 2 4 10 1 4 21 10 12 5 12 2 8 3 3 0 7 14 4 10 2 0 1 16 10 11 41 2 6 1 8 30 0 22 4 1 3 14 10 11 7 3 3 2 4 5 2 2 0 3 0 3 77 3 7 1 3 24 7 10 5 19 4 0 0 13 0 1 1 2 0 6 5 0 1 6 
2 2 0 1 0 5 0 1 0 0 1 0 0 1 2 8 5 2 2 0 1 1 0 3 0 0 0 1 0 2 2 3 10 1 3 0 1 1 2 1 0 0 4 1 2 1 1 0 3 7 8 8 16 10 1 5 4 16 0 11 2 3 0 3 7 4 0 6 2 7 4 6 3 1 4 7 1 3 42 1 3 1 0 13 2 2 0 6 0 0 0 0 1 1 0 0 1 0 2 0 0 3 
4 2 2 0 0 1 0 3 3 2 5 1 2 2 0 3 3 16 0 0 0 0 0 0 0 0 0 1 0 2 0 1 3 3 1 0 1 1 3 0 0 0 1 2 4 5 2 0 0 7 2 3 9 7 4 0 9 8 0 9 4 1 0 11 1 12 1 1 4 1 5 3 2 1 2 3 0 1 52 0 2 0 1 12 7 0 0 7 4 0 0 2 1 1 1 1 0 0 0 0 0 0 
1 2 3 0 0 2 3 2 1 1 0 4 4 10 8 19 8 5 1 0 0 1 1 3 1 0 0 3 7 4 4 9 18 5 7 0 7 5 11 1 1 2 4 4 3 4 4 0 3 13 19 16 15 19 11 9 1 16 0 11 6 2 2 12 14 14 6 7 1 4 2 3 6 3 6 2 0 4 55 5 9 0 2 16 6 7 1 12 3 0 0 7 1 2 5 2 0 7 4 0 0 6 
1 6 4 0 1 1 10 4 2 2 3 8 4 29 5 17 10 5 1 1 3 0 1 3 1 0 0 1 7 7 4 2 22 10 6 3 9 2 13 6 10 0 5 7 6 6 2 1 2 23 14 17 23 10 5 2 4 4 0 15 6 6 1 12 21 13 2 17 0 10 2 4 4 7 10 7 1 9 101 7 11 4 8 46 5 11 1 16 1 0 0 10 1 2 7 7 0 2 1 1 0 5 
0 0 0 0 0 0 0 0 0 0 0 0 0 0 0 0 0 0 0 0 0 0 0 0 0 0 0 0 0 0 0 0 0 0 0 0 0 0 0 0 0 0 0 0 0 0 0 0 0 0 0 0 0 0 0 0 0 0 0 0 0 0 0 0 0 0 0 0 0 0 0 0 0 0 0 0 0 0 0 0 0 0 0 0 0 0 0 0 0 0 0 0 0 0 0 0 0 0 0 0 0 0 
6 9 3 2 0 7 7 6 1 6 2 5 19 19 10 18 15 16 7 3 5 5 2 26 4 0 0 15 9 5 7 5 22 3 1 1 0 3 13 7 4 0 6 4 3 9 4 3 4 33 32 17 29 21 13 4 7 23 0 0 2 7 11 11 17 20 7 7 2 5 5 12 7 9 7 7 1 5 47 9 3 4 7 8 3 10 0 9 6 0 0 4 8 0 1 5 0 1 1 0 0 7 
0 5 3 0 0 0 0 1 2 2 0 2 2 4 0 1 7 1 1 0 1 0 0 0 0 0 0 4 3 10 1 2 2 5 0 3 3 2 8 2 0 0 1 3 2 5 2 2 1 7 6 3 14 7 4 2 1 1 0 4 5 2 2 8 4 14 1 6 9 1 3 5 3 7 2 7 0 0 10 2 2 1 2 5 3 1 2 7 1 0 0 3 0 0 0 0 0 0 0 0 0 0 
0 7 6 0 0 2 4 3 3 5 0 3 5 4 1 4 4 1 0 0 4 1 0 3 3 1 0 2 0 11 4 8 9 9 24 1 20 9 23 23 6 0 7 12 3 12 11 7 6 26 2 1 4 2 4 1 6 8 0 9 3 2 4 20 17 15 9 13 0 9 4 8 2 5 2 3 0 7 23 9 4 1 2 6 3 2 2 13 3 0 0 15 0 2 6 3 1 1 0 1 0 0 
1 2 0 0 0 0 2 1 0 0 0 1 0 0 0 3 2 1 2 0 0 0 0 0 0 0 0 0 3 9 2 1 2 3 4 2 7 0 8 1 2 0 1 0 1 3 3 0 2 0 0 1 4 1 0 1 0 6 0 4 0 1 1 1 5 7 2 3 4 1 2 6 2 2 1 0 1 0 12 0 0 0 1 3 0 2 0 1 0 0 0 2 0 1 0 0 0 0 1 0 0 0 
3 2 3 0 0 1 0 5 2 1 2 0 4 2 0 3 4 1 2 1 1 0 0 0 0 0 0 2 9 13 8 10 4 2 3 5 19 7 24 13 9 5 5 5 8 5 6 3 3 19 7 9 10 8 1 2 2 7 0 7 0 9 3 1 13 25 6 13 1 5 13 23 8 5 5 1 1 5 34 5 4 2 1 2 4 3 0 3 0 0 0 7 0 0 0 2 0 0 0 0 0 4 
0 2 2 2 1 3 3 9 3 3 0 3 1 0 2 2 1 0 0 0 0 0 0 0 1 0 0 1 13 27 8 14 18 10 11 15 38 12 37 9 20 1 10 10 8 6 8 4 5 32 12 9 20 11 3 2 6 10 0 14 8 6 13 8 3 33 20 28 13 28 26 37 23 13 4 5 2 4 31 3 5 3 5 5 1 9 2 8 5 0 0 9 0 3 1 1 0 1 1 0 0 3 
12 11 8 1 1 11 17 11 7 4 3 3 4 5 0 3 1 0 0 1 0 1 0 4 1 0 0 2 15 45 32 39 41 19 30 10 51 10 35 16 11 2 4 13 19 19 12 6 4 48 23 26 61 23 12 5 19 21 0 59 19 21 20 21 42 19 17 38 32 63 37 90 60 57 13 16 0 3 72 10 5 10 2 6 5 8 7 13 6 0 0 13 0 1 0 0 0 0 1 0 0 5 
1 2 0 0 0 2 1 3 0 1 2 1 1 0 0 2 0 0 0 0 0 0 0 2 0 0 0 2 3 8 1 5 4 2 7 5 8 5 9 7 1 1 3 4 4 1 4 1 2 10 2 3 10 2 1 2 0 4 0 13 9 4 3 3 11 12 0 5 8 26 9 15 6 18 1 1 1 0 19 3 1 1 1 1 0 1 1 2 0 0 0 3 0 0 0 0 0 0 0 0 0 1 
5 5 2 0 0 6 4 3 1 0 1 0 2 0 1 1 1 0 0 1 0 0 0 0 0 0 0 0 6 10 5 3 10 5 10 3 19 2 12 2 5 1 2 10 3 4 2 1 0 10 7 12 20 11 2 3 9 7 0 9 8 16 1 15 20 16 9 1 12 18 25 44 15 17 4 4 0 3 29 2 6 5 1 1 2 3 0 4 4 0 0 6 0 0 0 1 0 0 0 0 0 2 
0 1 0 1 0 3 1 1 1 0 0 0 2 1 0 0 0 0 0 0 0 0 0 0 0 0 0 1 1 12 3 4 7 3 4 4 5 5 12 2 2 0 2 1 0 3 2 1 2 6 1 5 4 1 0 0 1 4 0 6 5 0 1 10 11 28 6 17 3 5 21 26 5 11 2 0 0 0 9 0 2 1 0 4 0 5 1 2 0 0 0 2 0 0 0 0 0 0 0 0 0 1 
1 1 2 0 0 0 2 1 2 3 0 2 0 0 1 3 2 1 0 0 0 0 0 0 0 0 0 0 3 8 2 6 5 12 11 6 14 9 19 8 6 0 3 2 3 6 0 0 2 14 10 8 14 8 2 2 3 6 0 6 6 9 8 11 37 47 28 37 5 4 18 43 12 30 1 1 0 1 29 3 3 2 1 2 2 2 1 4 1 0 0 5 0 0 0 0 0 1 0 0 0 3 
0 3 10 0 0 3 5 1 3 5 1 0 0 3 0 2 0 0 1 0 0 0 1 0 0 0 0 2 5 10 4 2 12 8 13 8 34 16 30 1 4 1 1 2 5 7 3 1 2 18 2 3 6 3 3 3 2 11 0 6 8 4 2 13 22 41 7 18 20 19 1 32 18 23 0 0 0 2 22 1 7 1 2 4 0 4 0 2 5 0 0 3 0 0 0 0 0 0 0 0 0 2 
4 2 3 0 0 10 0 2 4 3 0 0 0 2 1 1 1 0 0 0 0 1 0 0 0 0 0 0 8 3 1 2 20 10 14 4 28 12 28 5 5 0 6 5 5 4 5 2 2 11 4 1 10 7 2 0 4 9 0 13 5 4 6 23 20 34 16 25 11 29 24 5 21 35 3 3 0 2 19 4 2 0 1 7 1 2 3 5 3 0 0 7 2 0 1 0 0 1 2 0 0 1 
10 3 1 1 1 3 4 4 4 1 1 2 3 2 2 4 1 0 0 0 0 0 0 0 0 0 0 0 1 6 3 9 13 18 13 7 23 13 23 10 6 1 8 7 6 13 6 3 1 35 19 15 20 6 4 4 6 10 0 9 8 11 8 16 46 62 22 23 8 35 17 66 7 27 6 5 0 3 33 4 4 0 3 7 1 1 3 11 1 0 0 5 0 3 0 2 0 0 2 0 0 0 
3 1 1 0 2 6 2 0 2 0 1 3 8 4 0 6 1 0 1 0 0 0 0 0 0 0 0 0 3 0 4 2 10 13 4 7 13 11 17 6 3 0 1 5 3 4 5 4 6 17 8 5 19 4 5 4 4 11 0 15 5 1 2 13 26 37 7 26 9 31 27 34 13 5 8 4 0 3 35 2 3 2 7 3 1 3 3 7 3 0 0 0 0 0 0 1 0 0 3 0 1 1 
2 2 1 1 1 1 2 3 1 2 2 2 9 7 2 12 5 1 1 2 0 1 0 5 0 0 0 2 1 6 0 0 19 1 7 0 10 3 24 5 1 3 14 17 2 15 8 3 3 47 6 5 4 0 1 4 3 30 0 12 1 0 1 1 8 8 0 9 0 1 0 2 1 2 3 7 8 9 145 16 14 10 6 55 5 14 13 36 6 0 0 19 4 10 3 5 1 5 5 4 2 21 
2 3 1 0 2 0 6 0 0 1 2 5 4 8 1 13 5 1 5 0 2 0 2 4 2 0 0 1 4 6 0 5 8 2 2 0 7 2 7 0 2 1 8 13 8 12 5 2 0 32 2 5 17 4 3 1 8 11 0 12 6 0 0 7 5 8 1 7 1 4 2 1 5 1 7 0 9 22 122 34 17 12 17 69 17 22 3 46 4 0 0 14 2 7 3 12 0 1 5 2 0 17 
0 0 0 0 0 0 0 2 1 2 0 0 3 0 0 1 3 1 0 0 0 0 0 3 0 0 0 0 8 2 0 1 2 0 0 0 6 0 2 1 0 0 1 4 2 0 5 0 0 3 1 3 0 1 0 0 0 3 0 3 1 1 0 2 1 3 0 0 0 1 0 0 2 0 3 2 4 5 49 9 7 3 5 27 6 3 1 6 1 0 0 2 0 5 0 0 0 2 1 0 0 5 
0 1 0 0 0 0 4 1 0 2 0 2 1 11 3 0 3 1 1 2 0 0 1 2 0 0 0 0 6 4 0 2 3 1 2 1 1 0 3 4 7 0 7 11 4 9 22 3 1 19 2 1 5 4 2 0 3 11 0 2 1 2 2 5 6 4 1 0 0 2 1 0 1 4 12 10 9 0 83 18 5 6 10 38 8 10 9 23 5 0 0 23 0 2 3 3 0 2 9 0 1 10 
8 14 5 2 3 12 10 7 3 4 0 16 11 52 17 31 25 4 11 3 4 3 8 17 4 0 1 10 9 18 8 9 47 13 12 3 22 4 48 13 9 2 15 51 16 34 14 10 7 83 49 48 101 60 28 18 35 79 0 37 25 4 6 28 20 50 13 29 17 22 12 19 19 19 118 106 34 55 26 66 53 26 41 126 41 42 17 76 18 0 0 25 5 20 13 9 1 5 7 2 1 22 
1 1 0 1 2 1 2 0 0 5 0 2 0 9 3 3 6 4 1 1 0 0 0 1 1 0 0 3 2 7 2 2 19 6 3 0 10 1 4 3 5 0 17 28 7 15 20 1 2 19 12 10 28 2 6 0 7 29 0 2 5 1 1 7 10 13 2 2 7 4 1 2 0 5 19 27 7 25 124 1 20 8 17 102 22 20 14 51 3 0 0 28 8 9 8 5 0 6 3 2 0 13 
4 8 0 0 0 0 1 2 0 2 1 0 1 0 0 2 2 0 2 0 0 0 0 0 1 0 0 3 1 1 0 3 5 2 2 2 0 1 6 6 9 2 9 22 9 14 6 5 1 36 9 8 12 6 2 4 2 2 0 5 2 0 1 6 6 7 3 3 0 1 1 6 5 6 17 17 10 10 85 21 6 8 8 84 43 18 8 45 3 0 0 18 8 8 7 6 1 4 5 2 3 18 
4 2 3 2 2 3 2 2 0 3 1 0 1 0 0 1 0 1 0 0 1 0 0 2 0 0 0 1 2 7 0 5 9 4 0 0 2 1 4 7 2 2 13 18 8 24 6 4 4 31 6 4 2 1 0 0 3 3 0 2 4 0 0 4 0 6 0 1 2 1 4 2 5 3 16 7 2 12 30 11 10 2 10 46 16 19 15 58 2 0 0 24 8 7 10 4 2 5 16 0 0 27 
0 3 2 0 1 1 2 2 1 2 0 0 1 0 0 0 0 1 0 0 0 1 0 2 0 0 0 1 2 5 0 2 3 1 1 0 2 1 1 3 6 2 21 18 7 10 8 2 1 25 5 4 6 4 1 5 3 7 0 3 0 1 4 2 2 9 2 0 0 0 0 3 1 0 14 11 3 7 60 14 14 7 2 90 32 17 14 34 21 0 0 35 6 8 5 9 0 4 6 0 0 15 
3 10 6 0 0 2 4 2 2 3 0 1 1 0 0 0 0 0 1 1 0 0 0 1 0 0 0 2 9 11 0 4 16 4 1 3 9 4 15 11 11 2 59 81 18 31 30 13 16 82 23 5 29 17 5 5 11 27 0 12 3 5 0 5 4 8 1 4 5 1 5 6 3 7 56 33 18 49 181 101 86 32 105 17 90 65 35 131 21 0 0 98 19 43 15 28 5 20 22 3 2 47 
1 0 3 0 0 4 0 2 0 0 0 0 0 0 1 0 0 1 0 0 0 0 0 1 0 0 0 1 1 2 0 1 2 1 0 0 6 2 3 6 8 2 24 43 11 34 9 4 4 40 3 3 7 2 1 1 4 9 0 4 2 3 2 4 0 1 3 0 0 6 1 2 0 4 12 11 2 7 66 22 26 12 32 99 4 38 11 48 14 0 0 62 6 12 12 9 0 13 8 1 0 25 
3 2 5 0 2 3 0 7 5 4 0 0 2 2 1 3 6 3 2 1 1 0 1 6 1 0 0 10 13 23 6 9 19 8 8 7 24 13 44 12 18 13 75 145 35 83 42 22 22 109 11 4 15 7 0 4 16 12 0 4 4 1 2 4 9 6 2 1 0 1 2 3 5 4 23 10 4 18 37 19 32 15 29 111 66 9 23 74 51 0 0 93 28 43 35 27 5 32 43 12 6 74 
2 4 0 0 0 4 1 1 0 0 1 0 0 3 0 3 7 4 2 0 1 3 0 7 0 0 2 1 7 10 6 3 10 2 2 3 27 14 32 10 17 3 32 98 10 34 24 10 7 59 6 6 11 2 3 0 6 5 0 2 5 0 1 3 5 2 1 1 1 1 1 2 0 5 7 9 1 6 18 6 14 6 12 40 25 26 10 33 26 0 0 69 8 31 24 14 2 6 11 5 3 41 
17 13 10 4 7 3 6 2 4 7 0 7 1 2 7 7 12 15 6 4 9 2 3 22 12 0 0 24 18 57 12 31 180 6 33 28 90 54 202 26 27 13 76 120 47 168 107 58 56 455 21 10 38 7 3 5 7 12 0 9 5 1 0 2 4 7 2 3 3 2 6 12 5 12 37 28 9 31 104 33 44 34 37 109 38 51 29 29 26 0 0 221 37 45 36 47 12 34 38 12 7 316 
0 7 0 0 0 0 0 1 2 3 1 1 3 2 2 3 4 18 2 1 3 2 1 1 1 0 0 6 1 9 6 6 27 7 12 2 47 32 43 20 13 5 43 81 24 42 14 16 13 78 6 7 19 0 2 1 1 2 0 0 0 4 0 1 1 4 0 1 1 1 3 0 1 6 8 2 0 7 26 9 9 2 13 43 11 33 26 38 4 0 0 84 16 26 12 20 0 9 17 0 7 36 
0 0 0 0 0 0 0 0 0 0 0 0 0 0 0 0 0 0 0 0 0 0 0 0 0 0 0 0 0 0 0 0 0 0 0 0 0 0 0 0 0 0 0 0 0 0 0 0 0 0 0 0 0 0 0 0 0 0 0 0 0 0 0 0 0 0 0 0 0 0 0 0 0 0 0 0 0 0 0 0 0 0 0 0 0 0 0 0 0 0 0 0 0 0 0 0 0 0 0 0 0 0 
0 0 0 0 0 0 0 0 0 0 0 0 0 0 0 0 0 0 0 0 0 0 0 0 0 0 0 0 0 0 0 0 0 0 0 0 0 0 0 0 0 0 0 0 0 0 0 0 0 0 0 0 0 0 0 0 0 0 0 0 0 0 0 0 0 0 0 0 0 0 0 0 0 0 1 0 0 0 0 0 0 0 0 0 0 0 0 0 1 0 0 0 0 0 0 0 0 0 0 0 0 0 
6 5 4 0 5 4 6 2 7 4 4 6 6 6 3 7 8 6 1 1 4 0 2 5 4 0 1 9 5 26 9 21 33 20 30 20 60 45 109 49 33 9 45 162 45 96 51 35 27 148 7 4 10 2 1 0 3 14 0 3 1 7 3 1 8 6 1 1 0 0 0 1 0 2 8 6 2 6 37 14 17 11 13 56 41 66 31 107 58 0 0 7 16 40 12 57 8 34 40 9 6 62 
1 0 1 0 2 0 4 1 3 2 4 2 3 0 1 2 2 1 3 1 0 0 1 0 0 0 0 3 0 6 6 3 11 2 3 4 36 18 27 9 18 3 31 58 24 37 15 5 11 40 2 3 2 1 1 0 2 4 0 3 1 2 0 4 1 1 0 0 0 0 1 2 1 0 6 3 0 5 11 11 14 5 13 29 25 30 34 69 18 0 0 77 5 18 13 11 1 21 11 5 1 30 
2 0 0 0 1 2 3 0 0 2 0 1 3 2 2 1 1 0 0 0 0 0 0 0 0 0 0 5 0 12 2 5 24 3 4 4 17 13 42 9 14 2 26 61 16 47 20 12 10 68 9 0 4 2 1 2 3 7 0 1 1 3 1 0 1 0 1 0 0 0 0 0 1 1 2 1 1 5 28 5 10 6 14 39 11 39 18 49 22 0 0 46 5 9 1 23 2 10 7 2 0 36 
1 0 2 0 0 0 2 2 0 0 1 2 0 2 1 1 0 0 0 0 0 0 0 0 1 1 0 0 1 7 2 1 11 5 4 1 11 9 16 2 9 6 11 43 10 31 17 5 17 40 7 2 5 0 0 2 1 3 0 5 0 1 0 1 0 2 0 0 0 0 1 1 0 0 0 2 0 2 21 8 11 4 6 21 14 14 11 40 11 0 0 35 13 5 2 10 0 8 2 1 3 32 
0 2 0 0 0 1 2 3 1 0 0 0 0 3 0 2 2 0 0 0 0 1 0 2 2 0 0 0 4 7 3 5 19 2 5 4 36 19 44 8 5 8 27 72 22 55 14 9 6 64 1 4 7 1 0 1 0 3 0 0 1 1 0 1 1 0 0 0 0 1 0 0 0 1 1 0 0 1 14 5 10 3 4 29 12 17 9 72 10 0 0 106 13 14 15 5 3 14 6 1 1 52 
0 1 0 0 0 0 0 2 0 0 0 1 1 0 0 1 0 2 0 0 0 0 0 0 0 0 0 1 0 0 0 0 1 4 1 1 3 5 7 3 2 1 5 10 3 7 5 2 4 11 0 0 1 1 0 0 1 1 0 0 0 0 0 0 0 0 0 0 0 0 1 0 0 0 1 2 0 0 3 0 1 1 1 9 2 2 1 9 3 0 0 6 2 0 3 3 0 1 0 1 0 3 
0 0 0 1 0 0 0 0 2 1 0 0 1 1 0 0 0 1 0 0 0 0 0 0 1 0 0 2 0 12 2 5 1 3 4 2 19 2 31 3 4 0 27 46 16 47 16 10 11 69 1 4 5 2 1 0 1 2 0 1 0 2 0 0 0 0 0 0 0 0 1 0 0 0 5 3 4 3 13 3 10 8 9 33 11 19 9 39 7 0 0 67 7 7 6 13 0 1 3 3 1 38 
0 2 0 1 0 1 0 0 0 1 0 0 4 1 0 0 6 0 0 0 0 0 0 2 0 0 0 0 1 1 0 2 8 0 6 2 16 4 31 6 2 0 13 32 21 44 19 6 12 41 2 3 3 1 0 0 1 4 0 2 0 1 0 0 0 0 0 1 0 0 0 0 0 0 0 5 0 2 10 5 4 3 5 15 4 15 3 28 10 0 0 64 3 3 7 10 0 2 3 0 0 21 
0 0 0 0 0 0 0 0 1 0 0 0 0 0 0 0 0 1 0 1 0 0 0 0 0 0 0 1 0 0 0 0 0 0 1 0 3 1 7 1 4 0 3 10 6 4 5 1 0 13 0 1 1 0 0 0 0 1 0 1 0 0 0 0 0 0 0 0 0 0 0 0 0 0 1 0 1 0 4 3 0 0 1 3 0 2 0 6 3 0 0 12 1 1 5 4 0 7 3 0 1 6 
0 0 0 0 0 0 0 0 0 0 0 0 0 0 0 0 0 0 0 0 0 0 0 0 0 0 0 0 0 0 0 1 0 2 0 0 3 2 7 2 1 0 3 13 1 8 3 0 2 14 0 1 1 0 0 1 0 1 0 0 0 0 0 2 0 0 1 0 0 0 0 0 0 0 2 1 0 0 1 1 1 1 4 9 1 2 1 10 1 0 0 13 2 2 5 3 0 3 0 3 1 3 
1 6 8 2 0 2 1 3 4 4 3 1 7 1 1 1 1 1 0 2 0 1 2 2 1 0 0 8 5 13 5 7 47 3 19 6 39 23 67 23 23 7 58 68 48 76 51 27 26 152 10 3 16 4 1 1 5 8 0 4 1 1 0 0 3 1 3 0 0 0 0 0 2 0 13 4 0 6 26 10 8 20 21 34 15 36 24 189 33 0 0 111 24 35 26 36 7 24 18 6 1 10 
