10 23 43 26 24 105 54 27 78 57 35 90 77 103 77 96 58 49 45 22 22 46 7 48 25 0 3 30 98 4 1 5 16 2 3 7 3 4 30 30 19 2 12 9 19 14 12 13 19 54 8 7 9 11 8 3 4 20 0 5 1 4 1 12 10 8 1 2 0 3 10 7 0 6 3 2 2 8 55 4 8 4 12 3 5 6 5 49 12 0 0 15 3 2 0 1 0 2 4 1 0 16 
10 10 21 23 17 89 57 63 89 54 34 75 90 84 69 116 79 50 45 42 32 22 10 29 10 3 3 47 96 6 3 4 4 4 8 7 2 6 27 44 26 2 19 13 10 15 14 11 9 75 6 11 10 10 7 3 10 28 0 3 3 0 1 9 12 22 11 4 2 7 4 12 3 8 4 2 3 18 48 14 11 4 3 10 4 1 2 30 17 0 0 8 2 8 7 4 0 1 1 0 1 6 
45 34 8 11 10 57 57 61 88 67 22 81 124 65 87 60 51 45 44 25 19 27 24 51 7 1 3 29 114 8 1 8 8 0 6 3 4 6 17 33 14 1 14 8 13 8 8 6 8 44 8 5 15 17 1 6 8 13 0 4 0 0 2 2 12 9 2 15 1 7 7 8 5 7 2 4 1 9 33 0 4 4 8 16 6 7 3 26 4 0 0 4 3 2 0 6 6 1 3 0 2 5 
13 19 11 4 2 3 16 26 5 8 3 9 3 10 6 21 7 3 2 2 3 5 3 1 2 1 0 13 14 2 0 0 1 0 0 0 2 2 3 5 2 0 0 0 0 1 0 2 1 4 0 0 0 1 1 2 0 0 0 0 1 0 2 0 2 1 0 2 0 1 0 0 0 0 2 0 0 2 5 0 0 0 1 0 1 0 0 2 0 0 0 0 0 0 0 1 0 0 0 0 0 0 
31 35 16 39 1 9 8 15 9 16 25 14 36 34 27 42 23 12 6 13 4 9 6 12 5 0 4 11 23 4 1 0 3 0 1 1 1 7 7 7 4 1 6 4 3 8 1 3 1 18 6 1 6 2 2 8 5 11 0 0 0 0 0 0 2 4 0 3 0 0 1 4 0 1 2 3 0 0 3 4 1 2 1 2 7 2 0 6 2 0 0 6 1 2 3 0 1 0 1 0 0 0 
27 66 54 17 4 5 11 34 57 31 25 71 77 95 62 129 69 60 107 26 34 43 16 57 23 0 3 38 69 11 7 3 9 12 6 3 2 10 31 36 22 4 14 10 16 14 8 14 21 54 10 12 14 23 12 2 18 38 0 1 0 2 1 15 30 27 13 20 9 0 12 6 1 10 14 0 2 8 46 3 16 0 10 11 1 7 7 33 8 0 0 3 3 3 7 6 0 4 3 0 0 4 
19 32 30 10 9 21 10 23 48 14 15 47 55 47 24 61 28 20 27 38 11 16 9 12 3 0 0 12 51 20 1 4 6 7 5 1 1 4 30 17 6 2 4 6 5 7 8 7 6 34 4 1 6 6 2 3 3 11 0 4 1 0 0 8 5 11 0 2 1 2 3 5 1 1 0 1 0 4 17 1 2 6 1 2 1 6 1 8 8 0 0 8 1 3 1 0 3 8 2 0 1 2 
29 45 28 33 1 16 33 6 5 23 20 52 71 71 56 75 60 56 29 20 24 23 11 43 20 1 6 15 58 7 2 2 7 1 2 1 2 8 34 24 7 0 2 4 11 6 8 6 6 44 6 4 14 7 16 2 3 22 0 2 2 0 2 5 18 15 9 8 0 7 8 9 1 4 5 5 0 3 30 3 2 1 3 5 1 5 0 16 1 0 0 1 4 1 1 0 0 0 0 0 1 1 
39 119 105 40 20 30 53 23 12 12 19 59 89 113 75 107 62 55 63 50 27 50 26 38 17 1 5 27 42 8 3 9 9 3 3 2 1 7 38 35 11 4 8 4 7 10 15 4 15 39 1 2 7 12 7 2 2 8 0 2 2 0 0 6 8 9 2 13 5 2 7 3 0 7 5 8 0 4 27 3 1 3 1 5 1 1 3 16 2 0 0 4 3 1 0 3 0 3 2 4 0 7 
22 42 60 14 12 58 76 32 43 13 23 39 46 59 48 81 48 28 31 16 21 15 23 59 17 1 1 32 15 5 1 2 1 2 0 0 2 8 24 17 9 0 6 8 5 4 1 5 2 23 12 7 7 13 11 4 5 10 0 0 1 1 0 3 1 5 2 2 1 8 6 0 1 4 10 10 5 16 28 3 4 2 3 7 2 2 5 7 1 0 0 1 1 0 5 4 0 2 0 0 1 7 
24 18 24 6 1 16 12 18 13 11 7 9 23 29 29 60 40 39 24 14 9 24 18 25 15 0 5 28 7 3 0 3 1 0 0 0 2 0 8 16 5 3 7 1 11 7 4 12 23 40 2 1 2 5 3 7 5 7 0 2 0 0 0 1 1 3 1 2 1 1 4 3 0 2 3 2 0 2 4 1 0 0 0 0 1 1 2 2 0 0 0 3 0 2 0 8 3 4 0 0 0 1 
71 104 79 15 25 89 112 81 138 58 15 9 34 86 70 186 112 81 63 44 47 41 70 100 39 11 6 87 32 18 12 12 15 1 5 0 2 9 51 43 17 2 9 9 13 17 15 18 11 62 12 17 17 14 5 5 17 26 0 7 1 3 2 4 4 21 0 8 1 1 14 9 1 13 7 5 1 3 34 3 7 0 0 0 1 4 2 12 1 0 0 3 2 3 6 4 0 3 7 0 0 2 
57 96 102 12 42 220 256 303 264 153 112 69 11 133 88 168 97 115 96 55 69 78 25 83 32 0 0 78 26 23 10 19 17 3 4 1 2 20 30 29 11 7 12 9 8 11 13 8 5 41 13 9 12 19 6 4 21 28 0 51 12 3 9 3 2 3 3 2 1 4 4 5 1 8 9 7 1 6 35 3 0 0 0 2 0 2 0 7 4 0 0 11 1 0 2 5 0 0 3 0 0 3 
132 172 182 22 63 221 250 190 201 175 73 145 112 17 27 169 181 174 157 157 202 205 128 239 85 17 31 261 66 13 3 3 10 2 2 2 3 16 27 42 29 5 7 5 14 19 7 5 17 65 18 21 21 32 13 5 28 58 0 20 15 3 4 1 1 1 0 1 2 0 3 1 0 2 25 21 1 16 80 9 2 0 0 2 0 2 2 6 7 0 0 11 5 10 3 1 1 1 0 2 0 2 
103 115 100 28 35 123 203 151 152 99 66 92 74 22 7 58 111 105 78 128 130 168 161 204 35 10 42 191 35 14 8 18 6 4 6 1 1 12 18 25 5 2 9 9 5 23 10 9 4 34 17 18 22 28 18 5 31 38 0 7 1 0 2 2 0 7 0 0 0 0 4 3 1 1 11 3 2 17 68 6 0 0 0 0 0 0 1 2 1 0 0 4 0 4 2 2 0 0 2 0 1 6 
50 161 69 23 41 99 130 145 112 109 70 129 120 88 11 23 124 211 133 143 256 152 252 330 119 24 45 266 27 77 26 74 60 16 22 15 36 9 25 68 31 5 23 19 31 20 25 11 21 67 16 25 47 27 11 4 22 34 0 4 9 1 1 14 7 5 1 1 2 2 5 15 2 2 16 12 2 12 52 2 8 0 4 1 1 12 5 19 5 0 0 8 1 5 6 3 5 4 1 1 0 10 
56 66 60 33 24 68 97 94 125 83 44 107 133 130 64 139 22 79 94 144 200 152 186 328 60 8 38 176 25 107 36 94 66 54 41 27 32 11 77 108 71 9 47 37 53 44 32 34 24 125 3 13 21 20 12 4 20 41 0 21 0 1 5 13 3 3 1 0 0 0 3 8 1 2 20 5 0 18 84 9 2 2 0 0 0 8 3 29 31 0 0 12 1 2 1 2 1 3 0 0 0 4 
23 61 45 6 15 58 52 63 65 85 66 106 119 159 71 244 82 19 87 99 203 122 202 266 77 18 25 160 17 96 43 46 48 36 45 40 29 7 104 66 57 14 38 40 49 42 31 16 51 123 15 6 23 26 3 4 25 29 0 9 0 1 1 9 2 0 0 0 0 0 1 1 0 0 15 1 0 9 44 8 3 0 1 3 3 7 7 34 15 0 0 25 6 1 0 0 0 0 0 0 0 3 
33 43 39 1 10 45 42 46 60 68 32 98 82 152 110 229 195 129 7 69 224 139 214 231 73 24 11 134 10 51 38 53 35 39 41 26 19 25 60 48 32 2 20 24 19 41 29 30 36 98 4 5 7 13 5 2 15 22 0 7 1 2 1 6 1 7 0 0 0 0 0 0 0 1 11 5 1 5 34 4 2 0 1 3 0 7 8 18 11 0 0 6 0 0 1 2 0 0 0 1 0 1 
16 26 24 7 6 9 37 21 24 24 10 34 58 52 18 103 64 58 48 1 10 8 65 98 42 23 41 128 10 18 5 8 6 2 10 7 10 9 29 14 17 2 5 6 11 7 3 13 9 14 1 0 1 4 1 0 2 7 0 1 1 0 0 2 1 0 0 0 0 0 0 0 0 0 5 1 0 0 9 4 1 0 1 1 1 0 0 5 4 0 0 3 1 1 0 0 0 0 0 0 0 3 
7 11 9 0 6 25 18 27 14 24 11 34 53 101 55 163 79 71 61 8 7 10 58 91 33 23 39 108 8 9 8 5 4 3 11 10 16 12 66 14 13 0 3 9 7 4 8 2 5 17 1 0 6 2 0 3 4 4 0 1 0 0 0 1 0 0 0 0 0 0 0 0 0 0 0 1 0 2 7 2 0 0 0 0 0 1 2 10 2 0 0 1 0 0 0 1 0 0 0 0 0 0 
13 16 22 7 6 18 10 13 25 35 19 14 74 55 51 130 46 67 25 6 7 8 46 76 23 21 36 129 1 5 0 8 9 1 7 5 13 8 28 6 1 0 3 7 2 2 0 3 3 13 1 1 0 1 0 1 2 1 0 0 1 0 1 0 0 1 0 0 0 0 0 0 0 0 0 2 0 0 4 1 1 0 0 0 0 2 1 3 0 0 0 0 0 0 0 0 0 0 0 0 0 0 
2 1 10 4 0 11 5 4 7 10 6 4 24 46 37 76 51 40 35 8 37 10 4 23 7 7 27 95 2 3 1 0 5 2 4 3 3 13 22 12 7 0 4 2 7 3 0 5 2 16 2 2 0 0 0 1 1 6 0 1 0 0 0 2 0 0 0 0 0 0 0 0 0 0 0 4 0 2 3 0 0 0 1 0 0 1 0 7 2 0 0 4 0 0 0 0 0 0 0 0 0 0 
17 19 19 0 7 27 11 17 17 48 7 38 39 61 65 152 80 74 71 29 47 17 13 6 9 34 88 84 8 10 7 3 14 3 18 6 15 15 45 26 12 2 5 7 12 16 8 13 12 69 11 8 4 1 3 4 3 10 0 0 0 0 0 2 0 1 0 0 0 0 0 0 0 0 1 4 0 2 17 1 2 0 2 0 0 2 2 10 2 0 0 4 1 0 0 1 0 1 0 0 0 1 
18 25 7 2 15 30 16 36 18 47 16 20 63 60 51 127 49 44 37 36 27 28 27 16 6 2 17 96 10 20 12 13 28 18 15 8 9 16 34 22 31 1 8 17 25 19 16 10 13 103 13 15 16 6 3 3 4 8 0 0 1 0 0 1 5 0 0 0 0 0 0 0 0 1 5 5 1 7 30 2 3 1 0 1 1 4 4 36 5 0 0 7 0 4 0 2 1 0 2 0 0 2 
0 2 4 1 4 1 5 3 4 3 5 3 5 7 7 21 6 6 7 12 15 22 32 29 4 1 5 17 0 2 0 1 0 1 2 0 0 2 3 2 3 1 1 0 2 0 0 0 3 7 0 0 1 0 0 0 1 0 0 0 0 0 2 0 0 0 0 0 0 0 0 0 0 0 0 2 0 3 7 0 1 0 1 0 0 0 0 0 0 0 0 0 0 1 0 0 0 1 0 0 0 0 
1 0 0 0 0 1 0 0 0 3 0 2 1 3 2 11 2 1 2 4 12 6 7 14 9 1 4 36 0 0 0 1 1 0 0 1 0 0 1 0 1 0 0 0 0 1 0 0 0 2 0 0 0 0 0 0 0 0 0 1 0 0 0 0 0 0 0 0 0 0 0 0 0 0 0 0 0 0 0 0 0 0 0 0 0 0 0 0 0 0 0 0 0 0 0 1 0 0 0 0 0 0 
28 28 23 5 13 37 30 21 33 40 27 73 93 158 112 213 91 85 100 81 139 118 160 182 86 17 81 11 1 7 2 29 20 9 16 6 19 22 87 35 42 3 8 21 24 23 25 21 13 102 10 9 16 5 6 5 5 9 0 4 2 0 2 4 7 0 0 0 0 0 1 0 0 0 4 1 2 6 49 0 1 1 5 0 3 5 6 54 5 0 0 10 1 4 1 2 0 0 0 0 0 1 
116 146 157 33 20 99 93 54 89 64 39 69 60 63 34 70 39 34 31 15 27 30 14 19 31 3 1 21 2 12 8 7 14 2 9 6 1 15 34 41 27 2 10 8 5 16 19 9 19 72 6 5 17 10 3 0 2 12 0 6 3 0 3 5 5 5 10 8 2 5 2 6 3 4 4 4 1 5 31 7 6 7 2 9 2 9 5 13 7 0 0 5 2 1 0 14 0 2 1 0 0 3 
1 2 2 2 1 9 11 1 8 6 2 12 22 5 5 36 60 38 20 17 7 5 21 7 13 2 6 6 1 23 141 250 306 83 201 214 349 236 358 206 181 20 60 40 83 60 71 57 57 356 6 5 9 9 2 0 8 22 0 7 5 1 4 31 44 49 19 19 6 22 16 19 0 0 12 8 1 10 46 4 8 5 30 5 8 4 18 109 42 0 0 36 12 6 11 15 6 12 14 1 3 20 
1 2 0 0 0 1 2 3 0 1 0 5 8 1 0 6 16 14 11 5 3 2 1 6 3 1 0 2 4 166 7 140 91 42 70 59 111 73 119 64 27 3 22 21 32 27 15 14 13 55 2 1 7 3 1 0 2 7 0 7 1 3 15 11 18 22 3 18 7 5 2 10 2 1 4 1 0 2 18 7 1 0 1 2 1 3 3 23 9 0 0 12 2 12 7 9 0 0 3 2 0 9 
2 4 2 0 0 4 8 7 9 3 3 14 17 3 9 35 88 53 26 21 3 8 8 9 10 2 5 15 3 483 324 17 161 144 223 107 294 413 371 320 190 30 107 80 127 97 96 85 104 339 24 9 22 33 18 6 30 20 0 18 8 2 20 38 92 74 37 43 11 46 20 19 6 0 12 17 10 15 62 14 28 4 7 8 9 22 18 109 63 0 0 46 24 20 35 33 1 16 9 3 1 11 
16 14 11 5 2 13 15 22 8 14 10 12 28 6 14 49 76 55 20 17 18 14 23 59 43 0 2 39 2 603 322 232 19 55 170 163 283 234 354 325 258 35 155 110 215 180 147 155 169 985 58 42 83 42 19 13 39 48 0 26 6 3 4 15 37 65 19 38 18 35 54 44 7 15 25 16 4 21 129 12 22 16 9 14 5 27 13 230 45 0 0 57 17 21 25 52 1 23 14 6 10 60 
5 8 14 3 1 13 7 5 4 4 3 3 9 1 3 30 47 46 10 6 4 12 25 8 17 4 4 5 5 373 136 150 58 10 75 42 182 116 223 169 95 23 94 67 89 59 49 68 65 166 13 13 20 17 16 2 13 33 0 15 2 8 4 4 13 39 10 26 6 45 49 46 25 25 16 5 3 17 64 13 3 3 1 4 2 7 1 49 40 0 0 52 9 17 10 21 4 22 6 4 1 10 
5 21 11 0 3 9 8 14 19 7 0 3 11 0 5 43 69 74 47 38 48 30 41 66 30 0 3 22 5 874 377 519 236 65 13 36 237 270 368 545 174 38 134 152 180 162 122 158 137 450 27 33 26 32 13 8 43 62 0 13 9 9 12 27 20 48 40 51 32 89 113 82 29 8 18 12 3 17 103 14 11 1 3 3 5 42 17 84 64 0 0 99 46 44 31 61 9 38 25 7 2 23 
0 4 6 0 0 2 5 0 1 0 0 2 5 3 6 27 25 30 14 14 9 18 12 16 8 0 4 13 3 453 209 239 167 71 61 17 149 86 226 147 83 15 37 44 37 81 31 42 46 141 9 4 8 15 5 0 13 4 0 1 0 3 10 11 17 21 18 17 10 16 25 42 9 8 1 2 0 6 15 4 2 0 0 0 0 3 5 35 9 0 0 38 12 13 9 17 0 8 5 6 2 18 
6 12 11 3 4 7 8 4 13 5 1 2 6 1 3 46 70 31 10 14 23 27 17 49 19 0 7 40 1 1018 400 780 417 233 199 275 26 192 608 763 334 91 170 186 264 312 163 150 182 704 24 20 29 22 4 5 15 14 0 2 2 4 27 66 46 80 21 68 27 9 93 96 23 15 17 4 5 5 37 7 6 1 4 7 10 33 29 174 100 0 0 134 49 74 49 92 11 62 30 10 5 37 
9 15 5 1 3 8 6 7 14 12 5 8 10 6 3 6 24 9 24 15 26 15 16 34 15 2 4 29 10 394 110 421 165 101 116 112 105 14 158 489 214 35 136 161 171 191 112 94 106 439 5 2 12 5 9 0 4 6 0 3 0 0 11 27 24 18 6 4 8 8 32 38 3 9 3 2 0 3 14 0 2 2 2 0 5 46 25 100 81 0 0 65 45 34 15 30 4 20 36 2 2 31 
22 42 36 16 10 51 31 32 55 50 36 38 47 18 14 11 74 67 42 58 81 65 66 106 31 10 11 108 13 580 198 547 318 202 204 146 365 133 27 845 501 75 189 267 245 296 192 201 198 799 22 17 71 16 4 13 31 41 0 2 2 6 14 44 67 59 10 31 14 15 90 60 16 21 21 16 1 22 55 9 6 11 4 21 12 48 76 199 67 0 0 170 46 43 25 76 4 50 32 16 17 74 
25 40 23 1 6 23 27 30 49 33 14 39 36 18 10 28 73 71 17 38 27 22 16 30 25 1 9 44 10 257 88 174 178 98 150 85 312 286 671 18 47 39 103 173 189 213 131 158 207 605 11 12 21 13 8 2 6 9 0 7 2 9 12 36 31 14 4 9 3 5 29 12 11 2 19 11 2 5 39 5 12 5 25 24 34 12 14 65 58 0 0 73 12 25 4 57 0 14 15 8 1 23 
9 23 23 8 7 18 22 12 22 17 11 27 13 12 11 20 60 28 24 20 26 13 24 47 19 0 2 42 4 126 38 145 124 76 70 84 170 200 395 69 14 20 87 132 103 173 144 173 125 513 3 4 6 9 1 2 1 6 0 1 2 2 4 13 29 21 5 4 0 3 6 10 6 13 12 5 5 13 25 12 7 6 10 15 8 27 18 35 37 0 0 79 21 40 31 52 8 25 17 8 4 45 
3 2 0 0 0 5 5 2 1 4 3 6 1 0 5 1 13 1 2 5 1 0 2 1 3 0 0 5 1 30 19 16 14 11 7 2 43 12 53 32 20 4 20 58 45 41 30 33 42 90 0 1 1 0 0 0 0 2 0 1 0 0 2 1 6 8 0 1 0 0 7 7 0 0 2 2 0 3 9 8 1 1 0 5 5 5 8 24 11 0 0 17 4 9 7 11 2 5 4 0 0 7 
23 11 19 5 14 32 32 30 19 14 12 17 42 5 7 27 79 27 42 20 38 19 20 35 9 1 5 26 5 196 87 150 118 91 110 71 200 219 252 237 123 58 24 120 200 251 137 282 291 780 16 16 43 25 4 7 19 26 0 9 6 1 20 14 37 30 15 14 3 2 24 33 3 3 64 30 6 37 69 92 61 56 42 176 120 215 130 298 177 0 0 183 109 132 120 319 40 147 106 17 29 123 
18 29 17 1 5 17 14 14 11 10 8 2 26 7 14 20 57 35 26 18 22 26 20 32 19 3 3 38 3 154 57 139 106 70 93 49 144 253 303 522 170 90 111 27 217 444 235 343 434 958 26 16 35 15 7 9 36 28 0 14 2 1 2 15 33 18 8 7 1 1 14 18 2 6 40 38 8 32 123 62 63 37 52 170 122 206 140 296 140 0 0 378 150 298 235 427 62 210 117 32 25 133 
8 15 12 0 5 8 17 8 15 6 8 7 9 9 6 20 36 23 27 14 19 9 19 28 20 1 2 26 4 133 29 81 92 41 60 33 100 127 209 190 137 31 83 241 17 229 165 213 234 551 11 5 11 6 0 2 4 4 0 4 1 3 0 10 17 7 11 5 2 0 14 6 2 3 19 6 1 10 28 26 18 10 17 36 42 54 34 96 46 0 0 103 28 77 56 86 15 56 56 29 9 47 
16 21 18 5 5 12 30 21 22 21 10 23 26 20 14 27 57 29 34 13 31 18 30 49 17 0 5 38 7 159 63 118 137 64 69 62 183 188 335 392 297 51 146 402 243 38 198 573 758 1335 15 22 31 23 0 6 21 13 0 3 2 5 3 19 13 20 4 4 6 3 15 24 11 4 36 32 3 34 69 38 40 39 34 102 86 136 91 310 99 0 0 218 53 130 66 145 18 133 103 24 15 112 
24 26 20 2 7 7 16 33 28 6 2 17 27 4 1 31 40 42 19 6 24 20 17 36 11 3 7 41 3 107 45 113 106 51 54 52 160 183 229 385 190 64 140 266 201 298 24 363 461 830 10 9 18 5 5 2 11 7 0 1 0 0 3 3 12 28 8 19 1 4 13 19 8 6 22 38 4 20 50 26 33 22 35 62 47 141 102 225 73 0 0 161 61 87 50 103 12 91 44 19 7 47 
3 10 4 3 1 3 3 8 5 9 2 5 4 2 1 8 13 12 6 8 6 9 5 18 3 6 2 11 1 41 13 28 74 23 15 9 40 42 80 92 116 5 55 130 102 245 100 11 141 542 10 4 10 7 4 3 1 3 0 0 1 0 2 2 9 7 3 1 0 6 6 5 2 2 5 3 1 4 13 6 7 4 5 21 26 43 20 101 15 0 0 57 19 23 24 36 10 23 28 7 3 33 
5 30 14 0 0 7 9 11 6 8 8 9 7 1 1 6 11 24 11 7 22 3 7 20 9 0 2 20 3 76 12 60 87 24 31 14 49 58 99 138 59 21 62 135 97 223 216 163 10 546 5 4 15 4 0 0 3 6 0 2 1 0 2 4 12 9 6 3 1 1 8 6 4 0 10 9 0 8 22 7 14 9 15 32 15 39 26 118 24 0 0 88 15 43 38 23 9 37 47 6 10 46 
40 71 40 9 22 36 48 37 29 51 25 60 72 25 24 58 104 102 54 48 49 46 40 103 65 0 6 104 12 357 103 231 444 120 148 133 290 354 591 519 386 58 209 551 382 679 351 812 961 45 37 13 87 24 25 10 33 53 0 10 12 2 6 33 44 58 18 30 11 6 35 35 17 14 66 41 5 45 117 63 64 56 67 165 74 192 127 686 127 0 0 296 61 159 143 120 23 189 169 14 23 148 
11 24 16 2 10 19 24 7 21 22 3 31 31 40 16 22 18 4 8 3 3 4 7 15 17 0 0 20 10 30 10 20 44 23 31 7 8 8 23 26 7 0 14 34 13 12 16 14 21 56 11 62 165 202 69 17 111 99 0 94 25 4 14 66 70 93 25 47 15 34 31 50 25 25 20 41 3 35 247 23 45 10 57 66 42 43 34 98 36 0 0 14 5 25 16 10 5 15 18 2 2 24 
0 7 9 0 1 16 4 3 3 8 6 17 10 5 5 5 5 3 4 5 1 1 17 11 5 0 1 6 0 16 1 12 19 11 10 9 7 2 14 12 3 3 8 5 4 5 5 10 5 31 10 6 53 123 72 22 34 67 0 39 3 6 6 27 17 20 2 10 4 19 5 9 9 9 11 22 8 27 110 7 12 3 13 36 19 17 5 30 9 0 0 8 4 9 3 3 1 7 6 0 0 6 
9 9 11 3 3 20 16 6 14 10 4 8 12 25 12 11 14 15 5 7 3 4 2 15 8 0 1 8 7 36 17 33 19 16 9 12 11 3 36 8 7 3 10 14 14 15 21 11 25 77 54 50 7 58 26 7 32 75 0 59 12 3 19 52 26 65 21 45 14 39 25 34 9 28 19 21 4 31 235 18 20 2 15 47 22 32 17 84 14 0 0 20 15 9 6 14 1 16 12 5 1 17 
5 2 4 0 1 5 4 10 4 13 4 2 10 9 4 6 12 8 2 1 2 3 6 9 4 0 0 4 4 24 6 6 16 10 12 7 8 2 9 5 1 0 3 7 4 10 3 2 2 21 49 29 58 2 30 3 20 24 0 37 5 1 4 17 13 31 8 13 4 27 12 11 8 6 14 5 8 11 121 8 4 4 10 23 13 9 7 17 5 0 0 5 1 3 1 2 1 6 2 0 1 2 
2 0 2 2 2 6 5 1 0 2 6 4 3 6 2 8 3 1 1 1 0 0 3 3 2 0 0 7 2 6 1 1 6 10 3 0 1 2 2 11 1 2 1 4 3 5 4 2 5 4 33 15 37 17 4 5 8 22 0 14 6 0 3 16 22 7 1 4 2 17 7 16 9 8 10 13 1 14 69 7 11 1 8 9 9 4 3 20 1 0 0 5 0 4 5 4 0 1 6 2 0 2 
1 8 6 2 2 7 3 6 4 7 3 1 2 8 1 7 4 2 3 1 1 1 2 3 0 0 1 9 0 13 1 6 10 7 3 2 1 0 1 1 3 0 3 9 5 7 4 6 3 14 21 11 23 14 11 3 15 37 0 28 3 9 6 9 12 24 4 8 4 10 9 6 3 8 3 18 2 11 49 7 3 2 5 8 5 7 2 13 4 0 0 1 2 3 2 6 0 1 2 3 0 6 
4 13 9 0 2 5 2 9 10 17 8 8 9 7 4 8 12 3 5 1 1 0 1 10 4 0 1 5 3 13 6 12 13 4 8 2 0 5 19 8 5 0 3 8 10 7 0 5 5 10 31 37 48 27 19 3 4 21 0 32 11 4 5 14 17 49 7 16 14 16 7 12 8 17 25 24 4 24 140 15 10 0 6 30 21 22 4 31 5 0 0 6 0 3 2 4 2 11 9 1 0 11 
11 22 8 5 6 5 14 10 5 3 7 11 14 15 12 23 11 5 6 1 5 2 6 10 4 0 1 16 5 23 14 25 13 11 11 5 8 6 13 18 5 1 12 8 7 13 9 2 3 23 53 32 73 48 36 18 15 4 0 36 11 4 10 28 22 33 16 18 12 14 19 23 3 16 40 60 13 53 192 20 28 4 29 58 12 11 7 42 11 0 0 13 0 8 1 8 3 9 3 5 1 7 
0 0 0 0 0 0 0 0 0 0 0 0 0 0 0 0 0 0 0 0 0 0 0 0 0 0 0 0 0 0 0 0 0 0 0 0 0 0 0 0 0 0 0 0 0 0 0 0 0 0 0 0 0 0 0 0 0 0 0 0 0 0 0 0 1 0 0 0 0 0 0 0 0 0 0 0 0 0 0 0 0 0 0 0 0 0 0 0 0 0 0 0 0 0 0 0 0 0 0 0 0 0 
8 17 13 6 3 19 7 5 7 3 8 18 13 19 15 50 25 28 11 15 8 8 6 14 5 0 0 16 9 28 9 36 13 13 9 1 1 2 20 9 2 1 8 6 5 8 2 3 5 18 50 42 49 74 39 19 32 73 0 4 6 5 11 45 61 49 28 50 12 28 38 34 15 21 44 29 5 25 100 10 6 9 26 24 14 15 8 19 4 0 0 9 0 7 1 3 4 6 5 1 0 4 
4 5 3 2 8 3 4 1 2 1 1 2 5 2 3 4 5 2 1 0 2 0 1 4 8 0 0 2 0 26 9 23 8 6 4 4 1 3 9 10 2 4 4 4 9 7 3 3 8 10 15 19 31 30 21 15 24 33 0 12 4 5 3 25 43 38 14 39 8 33 31 53 24 22 14 28 3 10 49 8 2 6 7 7 4 12 9 24 3 0 0 3 3 0 0 1 0 2 3 1 0 6 
12 28 21 3 6 18 24 24 9 11 8 27 47 10 12 12 11 5 4 2 4 0 9 10 4 1 2 5 11 112 46 57 33 31 40 32 42 72 88 64 33 13 13 23 31 32 15 15 17 67 16 11 16 58 9 8 31 66 0 63 21 5 3 94 87 88 32 86 34 98 58 94 41 33 21 11 1 33 86 26 43 24 13 38 20 16 20 51 17 0 0 11 9 11 8 19 0 5 3 2 3 7 
4 5 1 0 0 12 8 7 4 3 2 1 2 0 0 2 6 0 3 0 0 3 0 2 2 0 0 0 0 15 5 8 2 1 3 1 5 9 12 6 2 0 2 1 1 2 4 3 1 10 6 7 16 12 9 1 12 26 0 14 7 0 2 11 21 24 15 33 12 34 24 37 5 3 11 7 3 8 28 6 14 10 4 1 2 5 1 4 1 0 0 2 0 2 3 0 0 0 1 0 0 0 
11 12 4 2 5 18 28 14 9 14 8 4 4 1 1 6 9 2 5 0 1 0 2 4 1 0 1 11 3 48 13 9 8 0 12 10 26 27 38 27 25 1 18 19 17 29 14 24 14 32 36 28 48 53 21 15 61 76 0 40 7 1 9 5 20 60 60 46 16 72 80 147 19 41 28 19 2 35 108 28 23 13 22 12 2 9 6 9 2 0 0 13 6 4 1 2 0 5 2 0 1 4 
13 13 7 1 1 8 13 17 21 9 8 8 9 1 0 4 5 2 1 1 0 0 0 1 1 0 1 0 4 77 74 59 26 27 8 11 26 25 53 35 21 4 15 19 19 16 13 19 15 30 29 25 39 35 24 5 32 48 0 58 18 6 21 25 9 30 46 92 75 101 152 169 61 53 17 9 2 47 107 35 31 9 9 12 3 5 3 13 11 0 0 12 6 1 2 0 0 0 0 0 2 0 
14 21 14 7 4 25 45 15 30 8 3 18 4 0 1 4 2 0 0 1 0 1 0 3 2 0 0 2 6 163 95 130 76 46 58 31 49 27 68 26 32 3 11 22 31 27 30 28 22 89 27 27 35 43 23 11 57 63 0 73 51 6 56 104 76 24 29 136 89 149 307 277 92 102 14 25 3 25 103 35 26 14 29 23 28 16 11 40 23 0 0 11 2 2 2 1 0 2 2 0 0 2 
2 3 2 1 1 3 4 6 0 7 0 12 3 0 0 1 1 0 0 0 0 0 0 0 0 0 0 0 2 20 13 19 9 11 13 4 9 9 15 7 1 0 3 5 10 9 5 4 8 13 7 9 11 12 2 2 13 8 0 23 6 6 10 24 35 11 4 9 32 36 88 97 41 17 4 4 0 2 17 14 4 4 8 4 3 6 6 9 1 0 0 4 0 0 0 1 0 0 0 0 0 1 
8 11 8 1 1 11 9 11 6 3 1 5 5 1 0 0 1 0 0 0 0 0 0 0 0 0 0 0 1 32 20 18 14 19 18 8 29 14 44 7 2 2 3 11 7 10 5 6 11 30 22 13 31 33 25 2 15 28 0 35 30 6 6 27 68 41 11 17 19 37 130 129 28 61 11 2 2 21 72 18 6 7 19 6 2 5 3 14 1 0 0 3 0 0 0 1 0 0 0 0 0 0 
1 3 1 0 1 8 15 10 1 0 3 2 8 0 0 3 0 0 0 0 0 0 0 0 0 0 0 0 3 13 14 22 11 13 14 3 25 5 17 5 7 2 2 1 5 3 3 5 3 15 2 5 13 10 7 2 3 6 0 14 10 2 5 23 25 61 21 18 0 10 58 64 7 24 5 3 2 5 24 6 9 2 5 8 7 2 3 10 0 0 0 0 0 0 0 0 0 0 0 0 0 1 
0 2 1 0 1 2 5 2 4 2 5 0 1 1 0 2 0 0 0 0 0 0 0 0 0 0 0 0 0 25 11 9 19 7 13 4 11 6 10 4 6 0 1 4 0 0 2 0 1 8 7 13 15 18 4 1 20 9 0 15 8 2 16 14 53 55 29 33 9 2 90 89 30 57 7 4 1 5 46 2 5 6 7 3 1 4 0 11 1 0 0 1 0 0 0 0 0 0 0 0 0 2 
4 2 4 0 0 4 6 10 5 8 2 4 0 0 0 1 1 0 0 0 0 0 0 0 0 0 0 0 2 2 9 6 14 24 11 5 23 16 15 13 6 2 2 2 5 5 3 3 1 19 6 9 8 4 1 3 7 4 0 24 8 7 3 14 44 43 10 13 10 21 1 52 12 40 7 4 1 9 44 4 6 0 7 6 3 4 2 12 1 0 0 5 0 2 0 2 0 0 0 0 0 0 
1 4 1 0 6 8 4 2 6 1 1 7 4 0 0 6 1 1 1 0 0 0 0 0 0 0 0 0 0 5 8 8 17 13 13 3 23 14 27 12 2 0 1 5 6 2 0 5 7 12 6 2 14 10 7 2 15 9 0 27 5 8 5 15 45 65 27 68 28 42 79 5 32 31 3 3 1 4 26 2 4 4 1 6 4 3 2 17 1 0 0 0 1 0 0 1 0 1 0 0 0 0 
5 5 5 0 6 8 10 11 7 9 0 2 2 2 0 7 0 0 0 0 0 1 0 0 0 0 0 0 0 7 2 2 11 20 20 16 7 13 27 10 8 4 5 3 7 7 5 2 7 26 12 8 23 8 8 1 7 17 0 18 10 3 6 30 41 84 44 25 22 90 79 128 7 29 4 7 2 6 65 19 14 7 7 8 4 9 5 14 1 0 0 2 0 0 0 0 0 1 0 0 0 1 
7 14 12 3 5 16 8 13 14 10 6 9 13 2 2 8 5 0 1 0 0 0 0 0 1 0 0 1 0 1 2 5 4 33 23 18 31 25 48 16 11 2 3 9 12 22 4 12 9 29 22 4 32 23 16 5 21 33 0 37 26 1 13 44 79 109 30 143 40 237 173 261 25 4 17 25 2 25 135 25 24 1 18 13 6 7 3 28 5 0 0 2 0 0 1 6 0 2 0 1 0 6 
0 2 1 0 1 3 1 1 8 6 3 5 8 3 5 11 6 3 4 1 3 0 1 4 3 0 0 6 0 8 2 8 6 5 4 3 1 3 17 6 2 1 11 12 4 10 15 9 10 51 11 9 21 14 2 2 18 34 0 15 10 0 2 5 12 24 1 8 0 4 5 3 5 3 2 23 1 37 198 36 27 9 34 75 17 24 12 81 7 0 0 15 6 11 15 5 0 16 14 2 1 16 
2 4 2 0 1 2 7 10 2 4 3 2 6 9 3 17 2 1 3 1 1 0 1 6 1 0 1 8 1 4 2 11 6 2 3 1 1 4 8 4 5 0 16 20 7 7 6 7 5 35 15 7 6 13 10 4 26 32 0 11 8 0 1 11 5 22 3 5 2 6 6 6 1 3 18 3 14 44 210 45 34 19 39 63 21 30 18 65 11 0 0 13 9 8 14 7 0 5 11 2 0 7 
0 0 0 1 1 1 0 0 1 0 1 1 0 0 1 1 1 0 0 0 0 0 0 1 1 0 0 0 1 0 0 1 1 0 0 0 0 3 1 1 1 0 0 3 4 0 2 5 1 4 0 2 2 11 3 0 1 3 0 5 2 0 0 1 4 1 1 2 0 7 3 3 0 1 12 9 0 14 64 4 10 3 5 12 14 9 1 10 1 0 0 0 1 6 0 1 1 2 1 1 1 0 
0 7 0 0 1 0 2 2 0 2 0 2 0 2 3 7 1 1 3 3 1 0 2 8 0 0 0 8 0 14 0 3 5 5 0 0 3 4 6 7 1 0 7 10 3 9 5 11 6 17 7 2 12 9 8 5 3 5 0 2 3 1 2 10 8 9 3 1 2 2 2 1 3 8 31 27 19 5 78 21 16 14 29 62 21 8 5 33 17 0 0 8 2 6 4 2 2 8 5 4 0 8 
12 26 23 6 4 15 20 20 17 20 12 20 14 21 23 65 39 18 15 5 10 4 19 21 13 1 2 20 12 38 16 26 31 21 23 13 14 7 42 19 11 1 30 41 18 35 14 13 19 72 136 81 191 147 80 43 73 134 0 70 27 10 17 37 91 76 16 39 6 53 31 44 24 35 320 215 64 104 22 93 121 34 104 223 82 69 48 161 46 0 0 34 21 31 34 19 4 34 36 8 4 40 
2 2 1 0 1 3 3 1 1 5 1 2 3 1 2 4 8 2 5 0 0 0 2 1 1 0 0 4 3 5 3 11 7 3 1 2 3 1 8 5 6 3 18 20 9 9 10 11 12 46 17 3 19 10 13 7 19 22 0 5 2 3 3 5 13 15 3 17 2 6 2 10 9 15 98 118 57 88 116 8 38 11 29 149 62 33 12 91 25 0 0 27 4 9 16 12 4 15 23 2 3 25 
5 2 2 0 1 2 5 3 0 3 2 1 3 0 0 4 2 2 2 0 0 1 0 3 0 0 0 2 0 4 0 4 6 1 5 1 1 0 4 8 4 4 22 21 3 7 6 9 4 25 13 1 19 22 7 1 8 10 0 5 2 0 2 4 11 17 3 8 0 9 8 8 3 2 24 28 5 12 113 10 5 9 20 87 41 10 19 51 15 0 0 12 3 4 9 6 0 10 9 2 0 19 
1 4 2 1 0 0 1 1 3 2 1 1 1 1 0 1 0 0 1 2 0 1 0 0 0 0 0 1 0 9 1 3 8 2 0 0 0 1 7 10 10 4 21 18 16 19 7 15 17 55 5 5 5 0 5 0 9 13 0 2 0 3 0 2 9 14 1 2 2 2 6 20 2 7 16 34 10 32 144 31 18 1 7 85 35 39 42 94 18 0 0 29 13 20 15 31 18 28 29 1 5 16 
2 6 1 0 0 0 0 0 0 0 0 0 0 0 1 1 1 1 0 0 0 0 2 0 1 0 0 0 0 6 2 3 5 1 2 0 0 2 3 7 2 7 12 27 13 8 8 8 10 28 4 3 13 6 2 2 7 10 0 2 1 1 0 3 3 2 3 1 1 3 5 1 0 2 41 37 20 36 87 49 44 5 5 104 76 30 14 46 20 0 0 16 5 20 5 14 5 12 16 6 5 10 
5 8 4 0 0 14 6 10 3 9 3 1 1 2 0 2 1 0 3 1 2 3 1 1 1 0 0 2 2 7 10 10 17 5 5 3 2 4 21 35 12 6 60 101 32 56 30 52 61 126 34 34 52 51 24 13 55 72 0 13 2 0 6 5 8 13 7 11 2 4 14 12 21 5 153 112 46 147 393 284 242 62 259 22 245 119 105 250 68 0 0 107 22 60 45 73 11 79 51 24 4 41 
0 3 2 0 1 1 1 2 0 1 0 0 0 0 0 0 0 0 0 0 0 1 0 0 0 0 0 1 2 3 0 0 7 1 1 0 3 1 2 33 3 3 34 42 11 19 14 13 20 59 1 9 17 8 5 2 5 18 0 6 4 0 0 3 4 2 0 1 0 1 5 6 0 1 32 22 6 34 87 50 70 19 60 165 9 81 32 105 24 0 0 49 11 38 17 22 3 22 15 11 11 23 
4 8 9 0 0 0 2 4 5 5 0 1 0 1 0 4 10 8 7 5 3 0 5 7 1 0 0 9 6 28 6 16 16 8 24 8 20 17 52 16 18 14 91 127 46 76 49 31 58 175 7 11 34 21 3 5 14 19 0 28 4 2 1 5 8 10 0 5 6 0 6 9 4 6 29 43 3 24 75 45 66 21 47 127 110 15 17 124 68 0 0 121 43 91 60 72 18 55 43 15 4 49 
5 2 3 0 2 1 5 2 1 2 0 2 0 0 2 2 7 2 5 7 1 0 2 7 3 0 1 8 1 11 7 25 10 3 15 4 19 17 46 31 16 5 61 91 26 55 30 51 59 130 10 9 12 2 1 0 8 10 0 13 0 0 0 7 5 4 2 3 0 0 1 5 0 2 13 15 5 17 43 30 38 11 23 87 54 26 7 65 56 0 0 98 32 48 29 58 20 59 22 6 4 49 
17 21 13 3 4 9 6 12 4 9 1 1 5 2 3 5 17 29 13 5 3 8 11 28 11 0 2 31 1 64 18 39 81 21 14 16 37 49 113 34 22 17 77 127 49 110 69 102 115 349 14 13 48 18 7 10 27 21 0 17 5 0 5 8 12 11 1 3 0 4 2 11 4 12 62 53 15 50 144 64 57 39 57 159 91 61 39 16 41 0 0 158 43 99 72 101 17 74 84 26 6 144 
2 4 2 2 0 1 3 4 7 3 1 0 3 2 0 3 7 8 9 1 9 4 5 10 5 1 2 3 1 38 14 23 15 19 19 5 26 27 60 50 24 24 57 79 28 52 28 32 35 111 11 3 24 14 4 1 6 24 0 5 1 0 1 2 5 12 2 1 1 1 3 1 0 0 21 23 0 28 47 18 27 16 27 52 40 91 43 59 4 0 0 81 34 60 54 84 11 51 44 7 15 37 
0 0 0 0 0 0 0 0 0 0 0 0 0 0 0 0 0 0 0 0 0 0 0 0 0 0 0 0 0 0 0 0 0 0 0 0 0 0 0 0 0 0 0 0 0 0 0 0 0 0 0 0 0 0 0 0 0 0 0 0 0 0 0 0 0 0 0 0 0 0 0 0 0 0 0 0 0 0 0 0 0 0 1 0 0 0 0 1 0 0 0 0 1 0 0 0 0 0 0 0 0 0 
0 0 0 0 0 0 0 0 0 0 0 0 0 0 0 0 0 0 0 0 0 0 0 0 0 0 0 0 0 0 0 0 0 0 0 0 0 0 0 0 0 0 0 0 0 0 0 0 0 0 0 0 0 0 0 0 0 0 0 0 0 0 0 0 0 0 0 0 0 0 0 0 0 0 0 0 0 0 0 0 0 0 0 0 0 1 1 2 0 0 0 0 0 0 0 1 0 0 0 0 0 0 
2 24 15 3 3 13 20 19 20 23 10 17 30 6 10 19 27 18 4 4 6 3 3 12 10 0 0 25 5 160 78 126 98 80 76 56 154 200 312 144 87 18 78 357 179 271 150 274 328 712 18 20 71 30 10 9 15 38 0 24 4 4 4 8 15 14 3 4 3 2 8 11 5 6 51 21 1 38 118 87 110 46 78 183 144 244 149 534 252 0 0 35 82 233 121 681 57 301 186 44 24 270 
1 5 8 1 1 4 2 11 8 3 2 4 8 0 1 4 5 3 0 1 0 0 0 3 0 0 5 1 0 37 8 23 9 17 5 8 23 39 52 18 23 4 50 99 39 55 35 61 48 107 6 3 3 4 2 0 5 8 0 5 0 0 1 3 4 0 1 1 0 0 1 0 0 0 7 12 7 12 31 18 25 25 12 67 30 66 29 136 50 0 0 131 5 13 9 95 12 74 28 15 8 44 
1 7 3 0 1 0 7 4 2 4 6 3 5 2 2 3 5 0 1 0 0 0 0 0 0 0 0 2 0 23 23 22 14 7 12 16 19 13 56 22 19 3 34 117 53 73 41 50 104 149 15 6 16 8 5 1 1 12 0 0 2 0 0 4 2 1 0 0 1 0 0 1 0 0 24 14 7 17 45 24 23 19 29 60 47 54 63 217 53 0 0 112 6 11 6 58 13 40 27 13 6 65 
3 7 2 0 2 0 3 4 3 0 1 6 2 0 0 3 3 0 1 0 2 0 1 0 1 0 1 2 0 29 12 24 7 7 11 13 27 19 51 24 27 10 51 85 68 74 53 90 125 215 12 11 6 1 4 5 10 23 0 6 1 0 1 3 1 1 1 0 0 0 1 0 0 1 20 14 4 22 42 21 30 38 20 51 36 48 54 188 81 0 0 85 21 8 8 30 15 50 40 34 11 110 
4 4 0 0 0 0 1 3 1 4 2 2 1 2 2 1 3 1 0 0 0 0 0 1 0 0 0 3 0 10 3 9 13 6 8 3 26 15 47 16 22 7 56 104 50 64 24 29 47 100 4 3 5 6 2 0 4 3 0 4 1 1 0 0 1 1 0 0 0 0 0 0 0 1 21 9 2 36 7 17 23 11 17 34 21 38 44 163 46 0 0 102 38 40 15 8 5 38 29 13 4 53 
0 0 0 0 0 1 0 0 1 0 0 2 0 0 1 0 1 0 0 0 0 0 0 1 0 0 0 1 0 0 4 0 0 1 5 0 1 4 6 1 4 1 6 18 8 1 2 2 6 8 0 0 3 1 1 0 0 0 0 1 0 0 0 0 5 0 0 0 0 0 0 0 0 0 1 1 0 4 5 5 12 5 3 4 11 9 15 17 4 0 0 13 1 2 2 1 0 1 1 2 0 11 
0 0 0 0 3 0 0 1 0 0 0 0 0 0 1 0 0 0 0 0 0 0 0 2 0 0 0 0 1 10 0 2 4 3 9 3 5 6 20 3 6 8 32 29 21 21 13 14 15 62 2 0 7 1 2 1 1 3 0 3 1 0 0 0 1 0 0 0 0 0 0 0 0 1 6 9 0 3 13 8 18 14 21 11 26 21 15 89 14 0 0 61 16 12 9 31 3 5 2 1 1 37 
6 3 1 2 1 1 10 1 1 2 4 1 2 1 0 2 3 2 1 0 0 0 2 0 2 0 0 7 5 17 11 10 5 2 11 7 30 18 52 8 16 7 30 60 40 52 19 52 38 129 15 4 16 3 1 2 2 6 0 5 1 0 0 2 2 0 1 0 0 0 0 0 1 2 13 10 1 6 20 10 10 16 9 38 26 24 18 121 21 0 0 75 17 17 16 34 1 6 2 6 1 47 
0 0 1 0 0 0 0 1 0 3 0 0 1 0 0 0 2 0 0 0 0 0 1 0 0 0 0 0 0 2 1 1 3 0 0 0 0 2 9 4 5 5 5 9 2 5 4 4 3 7 1 0 3 2 0 0 0 1 0 0 0 0 0 0 0 0 0 0 0 0 0 0 0 0 0 0 0 3 7 4 2 2 3 4 15 9 3 22 2 0 0 10 3 6 7 7 1 1 3 0 2 2 
0 0 0 0 0 1 0 0 1 0 0 0 0 1 0 0 0 0 0 0 0 0 0 0 0 0 0 0 0 3 0 1 2 0 0 0 4 1 11 0 3 1 10 9 5 6 3 8 6 23 0 0 0 1 0 0 1 0 0 1 5 0 0 0 0 0 0 0 0 1 0 0 0 0 4 1 0 1 7 2 0 0 3 5 9 6 1 23 11 0 0 12 2 14 3 5 2 5 6 2 0 3 
10 11 7 1 2 9 2 6 4 3 2 4 5 0 3 2 6 5 1 4 0 2 3 3 0 0 0 5 0 21 5 21 24 5 10 7 27 38 48 37 28 14 96 119 63 90 92 43 51 253 18 20 21 10 5 1 9 14 0 5 1 0 1 0 3 1 0 0 0 0 2 3 0 3 34 16 5 9 32 20 38 20 24 50 44 54 40 278 72 0 0 96 31 52 58 70 18 67 22 11 1 8 
