3 11 42 7 9 35 38 20 24 37 34 46 119 157 130 47 89 49 39 35 10 9 19 52 27 3 0 50 14 1 0 1 15 0 7 8 12 4 21 27 16 2 24 28 15 50 7 16 15 55 9 6 7 5 3 3 7 11 0 1 2 3 5 2 22 36 5 5 1 1 1 3 6 25 1 1 0 20 17 2 3 5 1 1 0 6 5 34 3 0 0 12 4 8 4 2 1 2 9 0 0 9 
26 7 18 8 52 34 36 24 45 30 14 100 122 137 92 92 39 74 44 67 14 17 15 56 20 1 0 56 12 0 1 3 14 3 21 8 12 5 46 29 39 0 17 11 17 30 13 9 18 53 20 12 5 8 5 3 8 11 0 1 1 0 13 10 18 26 4 5 4 17 3 3 9 7 3 0 0 1 8 2 2 6 3 6 0 14 7 30 12 0 0 22 14 0 3 2 0 0 6 0 0 9 
27 10 15 5 14 67 39 15 121 114 55 95 150 169 107 50 58 38 43 40 15 12 13 50 26 8 0 31 17 0 1 3 13 4 14 7 14 1 17 25 31 1 27 18 30 28 24 5 6 76 32 25 16 3 6 1 3 13 0 1 2 3 1 3 17 33 14 13 7 2 19 2 7 16 2 0 0 2 27 1 1 4 2 13 1 5 18 32 11 0 0 25 12 3 0 4 0 0 2 0 0 14 
18 52 34 2 18 56 11 7 47 15 10 3 19 21 16 6 8 17 10 5 5 5 4 5 3 2 0 4 7 1 1 0 0 0 1 0 4 1 5 1 4 1 0 0 6 14 2 0 1 10 4 0 6 3 1 3 0 3 0 3 0 0 0 2 1 0 3 0 0 1 0 2 3 4 0 1 9 0 4 0 1 2 1 1 0 2 4 8 0 0 0 3 1 0 0 0 0 0 0 0 0 3 
18 14 6 6 1 15 18 8 40 56 7 12 49 86 22 20 15 14 19 5 2 0 5 16 2 1 1 15 5 1 1 2 3 1 3 0 0 2 1 9 1 1 10 3 6 8 5 1 2 27 4 0 3 0 0 4 0 1 0 3 0 0 0 0 1 0 3 0 1 0 1 2 12 13 2 21 0 0 0 0 1 0 1 1 0 0 2 7 1 0 0 2 1 2 1 1 0 0 1 0 0 0 
68 104 30 8 23 6 22 8 134 272 40 51 293 226 115 87 36 64 38 32 25 32 24 60 24 1 1 71 19 7 0 0 11 2 5 1 2 18 20 12 8 4 32 26 19 8 14 11 3 65 22 13 23 7 1 1 0 6 0 4 1 4 4 18 12 20 5 4 6 20 7 2 1 31 1 10 2 0 25 0 1 0 0 5 1 10 0 17 4 0 0 23 7 1 4 0 0 1 0 0 0 12 
33 24 29 10 2 8 9 6 199 118 24 73 453 109 106 55 30 19 40 37 5 12 22 28 6 1 0 21 6 2 2 5 14 0 5 1 1 0 11 12 7 6 24 14 12 16 18 2 7 45 11 8 12 11 2 6 1 0 0 0 1 0 3 6 12 26 4 9 6 2 3 1 6 35 2 3 0 3 8 0 1 0 0 1 1 1 8 12 4 0 0 16 2 0 2 3 0 0 4 0 0 13 
25 60 34 12 4 51 23 3 46 102 20 68 464 165 71 57 18 20 39 24 13 10 10 44 21 2 0 40 2 2 0 11 15 1 0 0 1 4 16 10 12 1 11 15 13 32 15 5 8 54 14 8 7 1 2 0 1 4 0 0 0 0 8 4 14 21 7 0 0 1 3 0 2 76 1 7 0 0 0 0 0 8 1 1 2 1 0 8 6 0 0 12 7 4 3 2 0 0 0 0 0 18 
35 69 76 7 10 46 32 8 13 48 16 38 341 143 82 86 36 28 38 27 11 30 8 36 13 4 0 34 4 0 4 5 14 0 1 0 0 7 22 12 9 2 18 17 12 18 25 1 10 47 5 3 7 15 0 1 0 0 0 1 0 0 0 3 3 8 2 4 10 2 0 4 14 11 4 0 0 0 10 0 2 0 0 1 0 2 2 11 2 0 0 13 2 0 0 1 1 0 2 0 0 6 
63 38 23 2 7 57 13 5 56 8 4 16 207 49 38 28 18 25 26 23 7 17 8 55 31 3 1 43 2 2 1 4 5 0 0 0 2 2 18 18 16 1 4 0 6 10 6 2 16 28 21 7 8 3 2 2 1 0 0 1 0 0 4 0 3 1 1 0 1 1 0 6 2 23 3 2 0 1 0 0 0 0 0 0 0 1 4 3 2 0 0 4 10 0 0 0 0 0 3 0 0 2 
19 43 15 9 24 45 9 5 72 42 3 12 65 27 17 12 24 20 25 23 5 6 2 21 21 0 2 47 1 1 3 0 4 1 0 0 2 0 27 6 9 5 17 2 9 1 16 6 7 30 2 1 4 1 7 12 0 0 0 0 0 1 2 0 1 9 0 0 0 2 8 1 1 14 0 3 0 0 3 0 0 1 0 0 0 1 0 0 0 0 0 13 0 3 0 2 0 1 2 0 0 3 
29 118 83 16 41 120 32 34 206 65 2 1 78 48 12 35 20 33 49 48 23 18 23 77 36 9 0 92 9 3 5 1 14 1 2 5 0 2 15 10 10 1 8 5 17 8 16 8 1 49 15 5 8 3 0 1 0 1 0 0 3 2 0 3 2 15 0 3 0 2 1 0 1 3 1 2 0 1 5 1 0 1 0 0 0 1 0 3 0 0 0 5 1 14 1 4 1 0 3 0 0 10 
79 55 50 11 26 139 46 33 236 167 13 21 7 7 27 37 18 49 30 50 38 39 7 36 40 0 0 107 6 8 6 4 20 1 10 0 0 4 5 10 25 0 10 3 13 10 6 2 14 62 4 5 18 4 0 1 3 0 0 11 0 1 0 0 0 1 3 0 0 0 1 1 10 10 6 2 6 1 2 0 0 0 0 0 0 0 0 3 0 0 0 3 4 0 0 4 0 1 0 0 0 9 
73 40 49 11 25 75 15 7 133 109 2 18 63 5 9 9 9 29 40 53 27 14 13 48 29 6 1 81 7 4 0 0 4 0 0 0 0 0 4 16 5 0 1 0 0 0 6 2 0 17 5 2 3 8 4 0 12 3 0 0 1 2 0 0 0 0 2 1 0 0 0 0 0 2 3 0 0 0 2 0 0 0 0 0 0 0 0 2 2 0 0 2 1 0 0 2 0 0 0 0 0 3 
51 81 50 15 31 62 55 78 54 99 17 15 77 6 1 0 12 26 43 15 23 20 16 73 43 7 3 76 5 3 0 6 12 1 0 0 0 2 1 7 6 1 13 7 8 2 10 3 0 31 14 3 6 2 5 0 2 8 0 2 1 1 0 0 0 0 0 1 1 0 1 0 1 1 3 2 0 0 10 1 0 0 0 0 0 0 0 4 0 0 0 6 0 0 1 0 0 0 0 0 0 4 
44 61 45 10 34 25 9 23 28 55 11 29 48 36 11 5 7 35 136 13 46 23 14 69 35 9 0 67 6 46 29 28 32 4 14 4 31 0 1 15 7 1 16 13 34 14 27 3 15 37 4 3 8 3 0 1 0 14 0 2 0 0 0 0 0 1 0 0 1 0 0 0 0 3 4 10 0 0 5 0 0 0 0 0 0 6 0 8 1 0 0 5 1 0 0 1 0 2 1 0 0 10 
59 98 39 10 10 56 25 13 21 45 4 14 47 74 18 14 4 34 158 24 108 23 36 96 31 12 1 86 1 34 13 46 61 4 18 44 19 4 3 41 28 1 77 9 41 27 22 4 10 75 12 3 11 9 1 5 0 4 0 6 1 0 0 0 1 0 0 0 0 0 0 0 1 1 4 8 1 1 15 2 0 1 0 0 0 11 5 37 1 0 0 9 0 4 3 2 0 8 1 0 0 17 
49 51 20 1 16 34 24 16 14 44 15 52 93 32 19 37 7 6 130 23 18 8 11 47 24 6 3 75 3 20 1 24 67 9 18 6 16 5 6 18 17 1 9 28 22 14 21 5 14 69 6 13 12 16 1 2 7 6 0 8 4 0 0 1 1 0 0 0 0 0 0 0 0 1 6 3 0 2 10 6 0 0 0 0 0 11 3 11 1 0 0 8 0 0 0 0 0 0 1 0 0 5 
52 81 39 3 16 29 42 31 13 16 4 59 29 50 23 24 10 17 5 15 10 11 9 40 17 15 2 68 12 12 3 10 22 3 8 2 18 1 5 1 13 0 26 8 12 5 12 2 1 27 5 2 6 4 3 0 0 8 0 3 0 3 0 1 0 0 0 0 0 0 0 0 0 0 2 3 2 0 2 0 0 1 0 0 0 6 0 8 0 0 0 0 0 0 0 0 0 0 0 0 0 2 
22 74 31 5 12 25 32 22 8 34 22 57 38 121 64 108 63 57 174 4 4 14 11 34 16 19 6 109 13 8 6 15 13 3 13 10 21 9 20 39 21 17 11 11 10 13 21 7 2 35 4 5 13 1 0 1 1 3 0 1 1 3 0 1 0 0 0 0 0 0 0 0 0 0 1 2 0 0 13 1 1 0 0 0 0 2 1 6 5 0 0 0 0 1 0 0 0 0 0 0 0 0 
37 53 22 5 4 14 5 14 2 25 11 25 49 94 81 147 97 131 380 13 4 11 3 9 11 4 5 103 0 1 1 4 11 0 15 3 11 9 61 26 28 7 19 3 12 21 2 2 8 41 1 0 1 1 2 2 0 1 0 1 0 0 0 0 0 0 0 0 0 0 0 0 0 0 0 1 0 4 3 0 0 0 0 0 0 1 0 10 2 0 0 1 0 0 0 0 0 0 0 0 0 1 
22 29 41 1 15 40 15 16 33 39 28 43 70 147 85 123 54 106 221 6 0 7 4 24 15 26 4 103 2 10 3 9 28 2 12 11 47 10 16 8 7 5 24 3 14 12 8 5 7 48 5 2 3 3 4 0 3 15 0 3 1 0 0 0 0 0 0 0 0 0 0 0 0 0 1 3 0 0 5 3 0 1 0 1 3 1 0 5 2 0 0 1 0 0 0 0 0 0 1 0 0 2 
15 34 13 4 7 52 31 23 21 31 23 53 56 86 95 137 120 223 412 87 15 86 7 13 10 18 2 157 11 15 1 15 25 7 15 6 15 10 34 16 25 3 15 1 17 24 16 6 10 65 9 5 6 4 5 2 1 11 0 0 1 1 2 0 0 0 0 0 0 0 0 0 0 0 3 6 0 4 7 1 1 1 0 0 0 6 3 13 0 0 0 1 0 1 1 0 0 0 0 1 0 5 
42 64 21 8 23 43 21 38 25 69 26 96 119 142 124 227 160 240 288 161 27 70 5 3 3 20 10 152 10 16 5 7 41 4 29 24 53 15 60 20 27 0 28 15 31 51 32 6 19 109 8 8 10 1 4 3 17 5 0 1 1 2 6 1 0 2 0 0 0 0 0 0 0 1 4 3 0 4 18 6 2 0 4 1 0 0 2 18 6 0 0 2 0 0 0 0 0 0 0 0 0 3 
32 29 15 6 12 62 16 16 16 39 18 34 123 123 115 96 63 65 94 80 56 17 10 16 4 4 5 71 6 12 6 14 63 12 39 12 22 18 30 27 33 1 14 18 42 24 23 10 12 97 34 9 10 8 4 5 8 6 0 1 2 6 1 1 3 2 0 0 1 0 0 0 1 1 11 3 1 5 14 0 1 3 0 1 2 17 11 34 8 0 0 4 0 0 1 1 0 0 0 0 0 1 
1 6 2 2 2 0 1 13 6 1 2 13 3 20 8 22 6 18 16 57 28 32 5 76 15 0 2 20 0 2 0 0 0 0 0 0 1 3 2 0 2 0 2 0 0 5 0 1 1 14 2 0 0 0 0 1 0 0 0 0 1 1 0 0 0 0 0 0 0 0 0 0 0 0 0 0 0 1 2 1 0 0 0 0 0 1 0 0 0 0 0 2 0 0 0 0 0 0 0 0 0 0 
5 4 1 0 7 4 0 1 10 15 6 19 12 29 20 10 27 41 45 66 31 56 46 130 56 0 0 84 0 1 0 3 3 1 4 8 3 1 8 5 17 0 5 3 10 16 12 0 0 18 1 0 9 0 0 1 4 2 0 0 1 0 0 0 0 0 0 0 0 0 0 0 0 0 0 0 0 0 0 2 0 0 0 0 1 0 0 4 0 0 0 0 21 0 0 0 0 0 0 0 0 0 
35 63 50 4 15 37 22 27 34 33 60 75 116 223 228 142 109 87 113 128 54 110 116 110 107 16 18 9 3 1 2 11 65 12 55 15 53 21 59 47 32 3 76 32 47 52 44 17 6 118 8 4 13 11 7 5 11 15 0 1 1 17 0 1 1 1 0 0 0 0 0 0 0 0 6 2 5 9 26 11 2 7 1 1 3 7 4 48 11 0 0 26 5 3 2 3 0 0 0 0 0 10 
3 5 4 0 3 0 4 3 0 2 1 6 3 10 10 3 3 4 1 1 0 1 2 1 4 0 0 3 1 0 0 0 1 0 1 0 0 1 1 3 0 0 0 1 3 2 0 0 1 7 1 0 1 0 0 0 0 0 0 0 0 0 0 1 0 2 0 0 0 1 0 0 0 0 0 0 0 0 2 0 0 0 0 0 0 5 0 1 2 0 0 1 0 0 0 0 0 0 2 0 0 1 
3 4 3 1 0 5 6 3 11 5 15 29 11 12 2 8 46 63 30 18 6 6 9 21 10 4 0 2 1 17 108 250 500 111 325 498 853 256 265 180 142 34 220 104 264 128 123 51 56 542 65 11 40 43 10 3 26 32 0 26 7 11 8 8 25 132 24 14 14 11 3 0 1 1 14 9 7 9 45 7 8 13 4 2 6 44 17 124 74 0 0 130 24 10 34 19 6 4 16 2 1 38 
2 2 1 0 1 5 1 5 0 0 0 2 5 0 4 7 20 30 36 6 3 1 5 12 1 0 0 1 0 56 1 134 117 33 91 160 317 66 75 42 22 10 88 37 30 16 27 3 19 60 12 5 14 8 6 1 2 4 0 1 3 8 1 3 24 36 3 8 4 3 6 0 2 0 3 0 0 2 2 2 2 0 4 1 0 16 3 35 10 0 0 35 3 14 3 0 1 0 1 0 0 15 
3 5 2 0 0 2 7 11 5 11 1 14 14 0 6 15 34 25 20 25 0 1 0 6 3 2 1 19 0 221 121 2 142 52 139 200 556 221 196 104 99 13 102 66 132 87 70 22 62 334 17 7 28 7 2 3 1 19 0 4 2 1 3 1 5 66 3 2 3 5 1 2 3 0 7 8 3 4 26 0 5 3 1 1 2 37 11 54 20 0 0 38 12 22 10 10 0 2 2 1 1 38 
3 1 1 0 2 1 3 2 1 0 0 3 4 0 1 4 11 8 0 4 1 2 1 15 5 1 1 5 1 206 56 37 7 1 31 16 82 37 42 60 34 4 62 30 58 65 63 22 29 260 13 3 10 3 3 4 1 2 0 0 0 1 3 1 5 9 2 2 0 2 6 0 4 1 3 5 0 10 10 9 2 3 0 5 1 8 15 43 7 0 0 16 6 4 3 5 0 1 2 0 0 34 
2 2 2 0 0 2 0 0 0 4 0 0 0 0 0 7 13 14 5 12 0 1 4 3 0 0 0 9 0 134 56 88 35 5 10 26 103 48 45 40 47 6 52 12 44 42 61 22 35 145 33 5 15 12 11 9 1 1 0 3 0 0 1 0 2 15 0 5 1 4 8 1 7 12 3 4 0 0 28 0 1 1 0 0 0 2 2 33 27 0 0 37 7 2 3 2 2 1 2 0 0 25 
3 3 0 4 0 1 3 1 0 0 0 0 0 1 4 4 3 8 8 0 2 12 11 6 1 2 0 8 0 154 24 79 72 23 2 22 128 45 23 36 16 2 61 13 45 24 14 7 26 118 11 5 6 1 0 0 2 9 0 3 0 0 0 0 2 2 0 3 0 3 1 2 7 9 1 2 3 1 5 0 0 0 0 1 0 5 0 10 6 0 0 6 6 8 1 12 0 2 5 0 2 34 
0 4 7 1 0 1 3 1 1 1 0 0 2 1 0 12 4 12 13 7 5 1 6 12 6 2 0 2 0 182 26 74 85 7 9 2 218 21 42 52 30 1 27 15 45 46 26 7 35 124 7 7 3 6 1 0 0 3 0 0 0 1 0 1 7 23 6 3 1 0 13 10 4 3 1 1 0 1 6 0 0 0 0 0 0 7 2 16 8 0 0 5 12 3 4 5 1 0 3 3 0 20 
0 0 2 3 1 0 0 0 0 0 0 0 0 1 0 1 1 1 2 6 0 19 0 1 2 0 0 6 0 127 33 106 96 10 15 18 5 11 32 40 42 14 35 26 60 45 56 14 21 305 3 2 1 0 0 3 0 0 0 0 0 4 1 4 0 1 3 1 1 0 5 2 2 4 0 0 0 0 0 0 0 0 0 1 0 1 4 26 5 0 0 17 10 6 3 3 0 1 7 0 8 24 
10 6 1 0 0 0 1 1 0 3 3 2 0 6 0 1 0 4 5 1 2 3 5 7 4 0 0 11 0 162 19 183 117 14 43 54 60 6 30 60 66 8 95 90 97 76 110 21 53 443 12 3 6 1 0 0 1 1 0 0 1 5 0 1 1 1 0 0 0 0 8 2 1 19 5 2 0 2 0 0 1 1 0 0 0 13 7 40 37 0 0 87 17 10 0 3 1 1 4 0 1 52 
16 6 4 0 4 13 10 1 24 6 3 4 3 4 1 2 3 3 7 3 8 3 13 18 8 0 0 21 0 136 7 136 175 17 17 33 188 27 11 62 71 9 74 43 67 45 81 17 32 279 10 4 19 2 1 1 1 15 0 0 0 3 1 2 18 5 5 1 0 9 4 7 6 5 18 4 0 5 6 8 0 2 0 0 3 9 6 79 7 0 0 52 4 6 9 8 0 2 5 0 2 57 
30 42 29 4 18 15 26 9 23 17 12 17 34 52 5 24 16 10 23 34 9 13 10 49 20 4 0 41 3 212 78 221 312 56 143 153 347 195 145 6 27 10 113 298 100 102 173 27 102 531 26 6 25 7 6 1 4 5 0 0 4 9 0 4 14 24 5 2 10 1 3 6 6 39 5 5 0 9 21 5 4 7 1 30 4 14 18 36 25 0 0 22 3 6 0 3 0 0 3 3 5 66 
21 16 5 1 3 42 16 6 23 12 8 4 10 36 1 17 13 25 12 17 11 2 3 46 23 6 0 46 4 158 24 212 208 37 84 63 177 149 145 19 2 6 37 41 29 44 69 77 30 447 2 4 8 3 2 0 2 2 0 0 1 11 1 14 68 27 2 6 18 1 8 2 27 9 2 4 0 7 9 7 4 6 19 2 3 2 11 5 6 0 0 15 2 2 15 4 1 4 10 3 5 34 
1 9 1 5 1 14 0 2 2 1 3 3 4 0 4 0 2 1 1 4 5 2 0 6 3 2 0 11 1 6 4 18 51 4 15 7 54 16 37 22 12 2 18 22 28 22 19 7 12 90 4 2 3 1 9 0 0 7 0 1 0 1 1 2 17 6 3 0 0 0 0 0 0 0 0 2 0 6 6 2 1 8 2 9 19 10 11 34 3 0 0 3 4 9 3 3 0 1 8 0 1 13 
9 22 7 0 4 3 8 1 3 5 5 4 1 1 11 1 7 4 2 1 2 1 0 13 2 3 0 15 4 21 11 57 155 10 42 45 86 77 55 20 3 1 15 2 23 32 20 4 14 83 10 8 3 43 0 3 3 11 0 2 0 0 1 2 4 8 1 1 0 3 3 1 1 3 9 4 4 14 4 17 4 25 7 33 10 44 18 58 9 0 0 0 4 4 0 12 1 6 10 8 21 132 
16 14 11 0 1 29 2 11 3 5 3 3 3 3 4 2 7 12 11 10 2 2 1 15 6 3 0 22 3 40 18 61 122 20 55 9 84 99 91 20 12 12 13 0 41 43 58 4 44 196 25 5 9 2 2 1 4 4 0 6 4 1 5 2 13 4 3 0 5 3 1 0 6 6 17 20 0 36 38 8 14 15 8 27 16 51 20 70 11 0 0 32 9 9 7 5 4 7 19 6 4 156 
14 10 9 1 3 12 3 7 4 3 15 3 2 5 5 4 24 39 17 19 6 4 4 28 3 3 0 18 1 56 9 85 185 29 80 41 175 76 63 61 27 6 29 33 11 36 87 19 57 237 14 3 4 0 0 1 3 7 0 3 0 7 1 6 2 39 5 1 3 3 1 2 9 10 8 6 2 5 6 1 6 10 1 9 4 28 12 61 3 0 0 30 9 9 3 9 2 10 12 1 6 59 
7 37 6 1 0 8 5 5 7 8 14 6 4 12 5 8 23 21 23 9 14 3 0 25 8 2 0 19 2 39 17 68 198 24 33 46 138 91 76 44 22 15 45 39 17 6 16 12 118 98 20 7 16 2 1 0 4 11 0 2 3 10 4 2 20 44 4 5 2 0 3 1 5 10 10 5 0 10 13 7 9 24 6 8 1 30 12 90 6 0 0 15 18 7 4 17 0 4 19 0 20 94 
16 13 16 0 1 11 17 4 8 3 9 4 17 1 2 7 16 11 22 10 3 6 10 19 6 1 0 28 4 39 11 108 205 20 68 34 156 120 86 65 30 14 46 41 48 43 7 14 191 82 21 0 18 11 0 3 1 0 0 2 2 3 0 5 11 23 5 3 2 1 1 4 8 11 11 19 3 4 11 2 3 23 7 20 4 39 29 126 3 0 0 13 6 6 5 11 3 5 16 3 4 73 
10 11 7 0 7 12 16 3 2 7 22 16 9 4 5 4 22 17 20 26 3 0 4 25 6 2 0 31 0 47 13 58 164 30 72 49 114 120 97 48 36 10 84 55 56 119 96 5 67 346 23 3 21 1 1 0 3 5 0 1 2 5 3 5 17 5 13 7 5 8 7 12 6 16 5 8 5 6 10 4 5 6 8 37 15 48 25 92 4 0 0 31 14 13 20 22 4 20 24 4 5 67 
11 16 12 0 3 32 6 16 3 4 20 26 9 13 9 0 24 44 17 13 8 6 3 35 5 2 0 20 5 47 19 85 164 74 121 61 120 93 98 74 72 24 77 144 119 138 113 30 3 243 19 9 23 2 10 0 3 6 0 2 1 14 1 6 16 22 3 4 6 1 8 6 25 17 4 16 1 9 27 16 22 7 9 33 8 44 31 95 5 0 0 74 12 30 21 14 5 15 15 3 7 88 
31 65 22 7 9 72 17 45 34 42 66 41 29 37 21 9 37 88 93 64 16 9 13 154 38 3 3 133 7 243 32 270 837 118 334 146 540 317 323 168 151 50 182 183 145 224 105 43 77 18 23 31 64 11 9 3 18 26 0 2 16 33 5 19 43 121 33 26 20 5 11 7 35 30 32 25 5 25 55 30 39 62 20 76 28 136 44 508 25 0 0 98 50 50 37 20 5 34 79 2 7 268 
8 14 3 7 4 10 7 2 8 12 4 18 14 30 23 23 18 26 3 8 2 2 5 42 15 1 1 22 5 32 4 12 92 21 24 4 24 9 23 25 15 3 19 22 22 27 24 9 3 50 4 2 22 12 13 8 19 17 0 64 15 2 7 34 29 52 4 17 0 9 14 9 26 37 8 22 6 29 42 12 11 13 8 29 5 37 6 46 13 0 0 43 11 14 1 2 3 4 5 0 0 40 
9 8 2 0 0 4 3 3 0 5 1 13 13 13 16 15 15 4 10 0 0 2 9 18 7 0 0 2 0 3 1 11 58 1 26 1 19 2 19 3 5 0 8 13 4 16 8 10 2 28 5 1 6 13 3 8 15 5 0 25 9 2 2 16 38 77 8 12 9 5 2 3 10 4 0 5 0 6 41 1 1 7 1 17 3 13 17 31 9 0 0 29 1 6 9 17 1 1 3 0 0 26 
4 4 5 1 6 7 4 5 1 4 2 3 12 11 26 7 13 13 10 11 2 2 1 33 6 2 1 17 4 11 6 3 66 7 21 9 22 3 18 22 4 0 24 26 18 17 39 3 13 84 11 4 2 4 6 5 2 3 0 45 13 4 5 21 26 34 4 35 2 17 3 8 17 17 3 3 0 41 14 2 6 4 3 29 8 26 5 66 12 0 0 17 3 4 11 2 2 8 4 0 3 33 
2 14 10 0 2 10 3 4 4 9 4 6 16 27 57 20 28 13 7 4 0 0 9 9 1 0 0 3 0 7 3 37 58 6 26 7 19 3 16 17 11 1 27 18 10 19 14 6 3 43 8 5 8 4 11 0 10 9 0 50 30 3 3 60 34 30 24 35 6 26 14 11 8 28 7 6 4 3 46 6 3 3 1 43 4 25 2 24 17 0 0 51 9 11 12 0 1 3 7 1 0 22 
5 17 10 0 0 3 3 0 4 4 1 4 4 4 16 6 0 15 13 6 0 0 1 18 3 0 0 8 9 21 11 6 47 4 6 1 7 2 12 3 0 2 8 3 2 5 4 5 0 19 16 7 23 13 0 0 6 3 0 23 4 0 1 26 17 16 4 16 2 2 2 3 8 37 4 6 0 11 27 1 1 1 0 32 2 9 3 9 1 0 0 11 0 7 4 0 13 0 1 1 0 9 
1 1 5 0 1 0 3 1 0 1 3 0 2 1 0 1 4 2 0 2 0 0 1 4 1 0 0 15 0 0 0 9 15 2 2 0 1 0 3 0 5 0 11 2 3 1 0 2 0 10 6 8 9 6 2 1 1 29 0 15 19 0 0 4 19 12 4 2 3 1 1 2 2 11 2 2 0 18 12 0 1 0 0 17 2 8 0 13 6 0 0 6 0 1 0 0 0 0 1 0 0 3 
5 22 0 0 3 26 20 1 1 3 2 18 13 4 41 10 12 17 7 11 0 1 1 11 8 0 0 9 0 13 1 53 63 6 22 0 26 4 8 12 7 2 33 10 6 9 6 0 6 40 28 6 7 7 2 1 1 2 0 27 16 20 9 30 23 75 11 18 7 24 14 11 37 18 7 3 5 2 24 1 4 4 23 35 19 22 6 21 4 0 0 32 3 7 5 3 1 1 1 0 1 14 
6 16 16 0 8 14 3 2 16 16 4 27 39 21 26 18 4 15 10 24 0 0 13 9 2 0 0 15 4 10 0 29 59 9 11 7 14 5 19 11 2 1 14 10 10 16 7 3 1 49 32 22 34 24 8 1 3 4 0 31 8 5 0 52 21 37 9 34 4 22 1 7 31 58 23 18 8 20 43 11 3 9 6 94 15 37 3 33 6 0 0 25 1 18 2 4 0 7 7 0 1 13 
0 0 0 0 0 0 0 0 0 0 0 0 0 0 0 0 0 0 0 0 0 0 0 0 0 0 0 0 0 0 0 0 0 0 0 0 0 0 0 0 0 0 0 0 0 0 0 0 0 0 0 0 0 0 0 0 0 0 0 0 0 0 0 0 0 0 0 0 0 0 0 0 0 0 0 0 0 0 0 0 0 0 0 0 0 0 0 0 0 0 0 0 0 0 0 0 0 0 0 0 0 0 
12 14 10 4 0 25 18 4 17 5 3 5 37 21 22 12 6 13 7 8 2 4 4 23 6 2 0 26 1 19 1 6 24 5 0 2 0 0 4 1 1 0 4 12 12 9 12 2 0 13 47 21 37 30 4 1 3 20 0 5 2 7 3 8 13 36 23 24 12 17 15 14 14 86 12 26 1 1 19 0 1 3 1 15 2 21 1 25 6 0 0 27 2 8 1 3 0 1 0 0 1 15 
2 10 6 0 0 0 0 0 1 1 0 0 7 3 0 3 0 0 2 0 0 0 4 0 0 0 0 1 0 2 0 10 10 1 1 0 0 0 2 3 1 1 7 0 7 0 2 0 0 10 27 6 18 11 3 2 2 12 0 7 0 1 0 0 7 16 10 8 2 4 9 3 7 33 13 6 0 2 3 0 1 2 0 1 0 13 2 14 0 0 0 15 0 1 1 0 0 0 0 0 0 3 
0 0 0 0 0 0 1 0 0 0 0 0 0 0 0 0 1 1 0 0 0 1 0 1 2 0 0 0 0 0 0 0 5 0 0 0 0 1 0 2 2 0 0 0 0 0 0 0 0 3 5 1 0 3 0 0 2 0 0 1 0 0 0 1 0 1 0 6 2 0 0 0 1 1 0 1 0 0 1 1 2 0 0 0 0 0 0 1 0 0 0 0 0 0 0 1 0 0 0 0 0 4 
0 1 5 0 3 0 1 0 0 5 0 0 6 0 0 0 0 1 1 0 0 0 0 2 0 1 0 0 0 2 0 14 6 0 0 3 5 2 9 5 6 0 20 2 1 0 4 0 0 3 19 11 25 7 3 4 1 5 0 2 1 0 0 1 0 8 18 5 5 9 4 1 3 5 1 1 0 6 5 1 1 1 0 0 0 1 0 7 0 0 0 0 2 0 0 0 1 0 0 0 0 2 
3 23 1 0 0 9 0 0 0 1 0 2 0 2 0 9 1 0 0 1 0 0 0 0 0 0 0 2 2 11 3 6 11 2 8 1 41 8 11 4 2 0 4 6 8 4 3 1 4 20 32 24 44 30 9 11 10 20 0 2 0 2 0 1 6 33 3 14 2 1 8 7 10 52 23 8 2 16 17 3 4 3 1 4 0 2 0 4 1 0 0 1 1 0 1 0 0 0 0 0 0 2 
3 8 8 1 2 6 0 4 2 12 1 3 0 1 0 0 0 0 1 0 0 0 0 1 0 0 0 0 1 74 6 40 25 2 9 2 17 12 17 9 6 2 16 6 28 11 16 1 8 68 48 7 43 15 18 10 21 28 0 18 4 29 22 12 1 37 7 32 6 46 6 10 13 42 16 6 6 28 41 5 3 3 2 5 5 3 16 15 3 0 0 10 2 1 1 0 0 0 0 1 0 4 
11 11 9 4 3 18 16 4 5 1 2 4 5 0 0 0 0 0 0 0 0 0 0 1 1 0 0 0 0 28 10 18 28 9 15 2 16 4 19 9 19 2 24 12 10 19 24 11 9 64 80 44 54 34 13 17 20 24 0 18 11 12 3 20 12 9 1 26 25 34 33 32 19 137 15 16 4 15 48 25 17 11 7 5 1 14 1 10 2 0 0 1 0 1 0 1 0 0 3 0 0 3 
13 13 3 0 3 11 0 1 3 0 0 5 0 0 0 3 0 0 0 0 0 0 0 0 0 0 0 0 0 19 0 7 25 3 5 6 9 0 4 1 9 0 8 8 30 2 7 2 5 32 33 11 12 6 1 9 5 2 0 17 3 4 5 13 7 8 0 1 3 29 7 11 21 13 3 3 2 5 24 6 4 2 0 0 0 2 9 3 0 0 0 1 0 0 0 0 0 1 1 0 0 7 
9 17 5 0 0 5 5 0 2 1 0 2 1 0 0 0 0 0 0 0 0 0 0 0 0 0 0 0 0 12 17 12 35 16 4 4 25 1 8 1 2 0 7 5 3 6 6 0 4 39 55 31 50 16 7 3 4 18 0 30 20 4 7 12 25 23 3 2 2 11 4 14 6 112 2 3 1 16 32 17 3 6 3 6 1 8 0 7 0 0 0 2 0 0 0 0 2 0 0 0 0 0 
0 7 1 0 0 0 0 1 1 0 0 0 0 0 1 0 1 0 0 0 0 0 0 0 0 0 0 0 0 2 0 3 7 1 7 1 9 1 2 0 0 0 1 1 3 3 0 0 0 18 2 10 20 10 9 3 0 9 0 12 1 0 5 35 12 31 5 9 0 4 9 7 5 27 0 7 0 0 13 0 1 0 0 6 1 0 1 2 0 0 0 1 0 0 0 0 0 0 0 0 0 0 
6 7 1 0 0 14 0 3 1 0 0 0 1 0 0 0 0 0 0 0 0 0 0 0 0 0 0 0 2 10 3 9 31 16 9 2 1 3 1 3 4 1 4 1 3 4 2 3 1 12 54 25 39 27 15 18 16 6 0 11 13 13 6 22 37 55 18 17 1 2 14 8 12 182 9 9 6 12 42 0 17 5 1 3 3 5 2 7 1 0 0 0 0 0 0 0 0 0 0 0 0 3 
10 13 26 1 0 4 8 4 4 4 4 2 5 0 1 0 0 1 0 0 0 0 0 0 0 0 0 0 0 6 8 16 46 25 22 28 59 6 28 20 8 1 22 7 4 9 10 7 8 53 47 17 23 23 12 3 3 24 0 25 11 9 9 28 66 103 33 62 28 42 2 16 27 151 11 40 4 17 20 8 13 2 0 14 2 21 6 13 8 0 0 19 1 1 1 0 0 0 0 0 0 3 
1 23 1 0 4 11 5 4 0 1 1 16 5 1 0 8 0 0 0 0 0 0 0 0 0 0 0 0 0 5 10 2 51 56 73 56 63 13 46 9 6 2 24 21 25 15 14 12 13 34 35 33 33 46 15 11 14 23 0 37 23 5 5 54 121 176 41 93 38 60 2 2 10 74 15 12 1 2 17 8 18 5 2 37 3 10 15 9 3 0 0 8 0 1 1 1 0 0 1 0 0 2 
0 5 4 0 0 10 4 18 0 5 2 1 0 0 0 1 1 0 0 1 0 0 0 0 0 0 0 0 0 0 2 7 13 7 24 13 29 17 9 3 6 0 6 2 9 7 5 2 1 18 34 18 32 24 4 8 10 16 0 27 15 4 7 7 39 65 34 14 13 34 28 4 0 12 8 13 0 13 35 6 8 12 4 11 4 5 0 12 0 0 0 4 0 0 0 0 0 0 0 0 0 1 
7 8 2 1 4 8 2 5 4 1 7 7 1 0 1 0 4 0 0 0 0 0 0 5 0 0 0 0 0 2 0 2 17 7 8 2 10 4 1 4 1 0 8 4 3 2 2 1 3 11 35 12 26 23 13 10 8 28 0 71 19 8 4 20 33 76 20 32 14 50 58 9 15 1 7 9 0 5 44 4 2 7 9 10 5 7 2 9 3 0 0 3 1 2 2 2 0 0 1 0 0 3 
2 6 4 4 2 2 2 6 1 9 2 10 7 33 8 3 8 2 7 18 0 1 11 9 1 1 0 10 0 4 2 18 18 7 14 4 4 2 9 16 9 4 32 29 13 34 31 11 15 64 13 15 6 5 1 2 22 14 0 23 30 9 8 17 17 27 22 20 14 7 2 4 6 18 8 9 10 44 101 72 32 38 33 189 17 65 22 106 20 0 0 43 10 8 15 8 0 7 15 2 1 44 
4 0 0 1 3 2 6 11 4 8 0 14 5 12 6 3 11 6 6 11 0 1 0 12 3 1 0 6 0 6 1 19 34 14 14 0 4 2 10 11 12 3 39 28 19 44 45 4 15 105 41 25 16 17 11 6 10 26 0 31 7 2 3 32 12 34 2 9 19 4 5 5 7 8 7 3 51 43 106 63 34 57 23 179 25 93 8 103 34 0 0 25 10 23 16 8 0 7 15 0 0 25 
2 1 2 1 0 6 2 0 2 3 0 2 1 0 2 1 3 5 3 22 0 0 0 1 0 0 0 1 0 4 1 3 7 6 1 0 1 0 2 9 1 0 4 9 4 4 2 2 6 18 19 4 7 5 9 2 1 6 0 4 3 1 0 5 2 13 1 1 8 0 3 2 4 4 4 6 1 30 95 67 6 10 5 52 11 7 7 19 9 0 0 5 12 14 5 4 0 0 1 1 0 6 
5 7 2 0 0 16 6 1 0 29 0 0 4 7 4 9 7 13 7 16 2 5 2 5 6 0 0 8 0 18 24 11 19 8 2 15 5 0 14 7 11 5 40 32 30 31 14 4 8 63 31 19 18 7 11 5 4 17 0 8 12 11 3 26 20 35 15 10 20 18 19 3 12 25 17 19 3 2 48 35 15 16 20 217 37 47 19 93 13 0 0 39 20 11 18 19 5 9 5 10 2 34 
10 16 5 1 0 4 5 3 2 25 2 1 9 19 25 16 9 22 9 5 1 6 9 30 8 4 1 24 2 30 15 30 78 24 26 9 11 1 13 3 16 9 48 33 20 29 16 8 20 134 65 35 41 40 39 14 4 9 0 27 10 7 10 43 31 70 12 43 9 41 26 37 35 187 31 29 8 19 15 16 33 30 22 89 42 35 19 114 26 0 0 50 47 22 8 14 3 3 25 2 2 56 
6 8 0 0 3 0 5 0 0 5 0 5 2 5 5 2 4 9 5 8 1 0 1 17 2 0 0 4 1 7 8 21 23 4 2 2 1 0 2 7 9 5 51 21 15 27 19 16 16 94 17 6 14 4 6 2 6 3 0 7 3 14 0 30 8 18 9 6 1 14 18 16 11 21 32 33 13 76 36 3 23 26 22 234 76 37 22 91 21 0 0 38 13 23 18 49 4 8 21 5 1 35 
6 9 1 0 0 2 7 4 1 0 0 0 0 1 1 2 2 3 2 2 0 0 0 4 1 0 0 2 0 3 1 17 19 2 2 0 1 3 2 3 7 2 43 19 22 9 18 2 7 84 10 11 11 25 1 3 5 6 0 2 2 3 4 20 15 19 20 11 4 7 2 2 9 65 22 8 17 27 23 25 9 22 7 103 80 50 18 66 13 0 0 35 19 19 6 11 5 8 13 1 0 45 
0 1 4 0 1 1 0 2 0 0 0 0 0 0 0 0 0 0 0 1 0 0 0 1 2 0 0 2 0 5 5 8 20 5 0 1 7 0 2 14 8 4 20 31 24 30 35 5 15 84 4 0 4 0 2 0 0 1 0 8 5 0 0 1 3 10 0 9 3 2 2 3 13 36 14 20 2 23 17 14 8 0 4 59 17 38 14 64 16 0 0 28 27 13 18 11 2 7 9 2 12 47 
3 3 1 0 0 5 0 1 0 2 0 0 0 0 0 2 0 0 1 0 0 0 0 2 8 0 0 1 1 1 3 5 5 11 2 0 1 1 5 1 3 0 43 10 12 20 11 7 12 67 41 5 20 4 10 0 8 11 0 2 1 0 0 7 1 9 13 4 2 4 1 1 17 84 30 15 17 72 37 53 16 7 4 105 23 54 8 116 16 0 0 34 9 22 16 18 0 19 7 1 18 38 
6 10 10 0 1 0 2 0 0 1 1 0 0 0 0 0 0 0 0 0 0 0 0 0 0 1 0 1 4 1 0 1 5 0 0 0 3 1 0 2 5 2 47 20 26 18 21 3 15 98 22 21 25 10 5 1 28 10 0 7 5 4 0 0 1 2 3 2 5 2 16 2 5 5 47 26 8 92 79 56 22 24 46 4 18 51 8 131 18 0 0 43 17 15 22 24 9 14 23 2 8 61 
5 6 2 1 2 0 1 11 2 1 1 0 0 0 0 0 0 0 4 2 0 0 0 1 0 0 0 4 1 1 0 3 6 0 1 1 1 3 1 6 2 2 86 45 42 33 33 0 20 79 31 9 22 11 1 2 7 24 0 13 0 2 0 0 2 22 3 4 7 2 3 5 10 4 35 47 0 37 71 63 27 72 54 57 5 73 19 155 30 0 0 54 16 37 17 34 3 19 30 3 10 78 
7 6 7 1 0 5 2 2 0 1 4 1 0 0 0 1 0 9 7 5 0 0 1 6 3 1 0 3 0 7 4 14 19 4 14 11 18 33 24 4 10 12 52 63 17 52 60 16 13 106 26 21 19 5 1 5 12 8 0 7 11 7 2 1 7 26 2 7 3 2 3 2 3 2 12 33 3 36 30 17 28 31 28 80 24 9 5 70 34 0 0 67 24 29 27 8 0 10 19 0 2 59 
3 22 4 3 0 5 3 2 1 4 1 2 1 1 1 1 0 2 5 18 7 0 0 8 1 0 1 12 1 13 9 19 34 3 32 3 11 19 15 2 12 5 61 64 15 35 16 15 7 88 34 4 15 11 2 0 9 21 0 8 2 3 6 6 28 9 2 1 17 1 0 17 4 16 8 29 4 18 43 10 22 24 11 52 31 21 2 41 37 0 0 58 16 37 15 11 4 17 18 3 8 48 
16 45 16 4 6 30 8 4 10 6 9 0 7 7 1 0 13 20 20 17 16 5 9 54 18 0 0 40 8 68 16 75 212 31 81 18 88 79 83 15 8 15 134 48 36 118 93 21 46 456 46 10 59 14 10 5 19 47 0 19 14 22 1 1 19 33 6 9 4 10 9 24 19 21 60 48 13 61 100 52 42 84 56 122 58 67 30 8 10 0 0 92 31 63 48 87 22 52 64 11 8 425 
7 24 2 1 3 11 1 2 2 1 2 0 9 1 2 2 7 31 9 2 4 0 4 8 2 0 0 10 0 40 1 61 61 9 70 18 80 42 20 17 17 18 82 24 18 25 17 5 13 124 30 8 22 17 3 1 3 2 0 7 5 8 3 4 25 17 2 5 0 2 0 0 2 7 24 6 3 8 49 47 18 13 15 43 24 68 20 66 3 0 0 79 20 83 51 30 11 26 23 7 15 134 
0 0 0 0 0 0 0 0 0 0 0 0 0 0 0 0 0 0 0 0 0 0 0 0 0 0 0 0 0 0 0 0 0 0 0 0 0 0 0 0 0 0 0 0 0 0 0 0 0 0 0 0 0 0 0 0 0 0 0 0 0 0 0 0 0 0 0 0 0 0 0 0 0 0 0 0 0 0 0 0 0 0 0 0 0 0 0 0 0 0 0 0 0 0 0 0 0 0 0 0 0 0 
0 0 0 0 0 0 0 0 0 0 0 0 0 0 0 0 0 0 0 0 0 0 0 0 0 0 0 0 0 0 0 0 0 0 0 0 0 0 0 0 0 0 0 0 0 0 0 0 0 0 0 0 0 0 0 0 0 0 0 0 0 0 0 0 0 0 0 0 0 0 0 0 0 0 0 0 0 0 0 0 0 0 0 0 0 0 0 0 0 0 0 0 0 0 0 0 0 0 0 0 0 0 
1 3 8 0 0 1 0 1 2 0 3 0 1 9 1 1 1 0 3 0 0 0 0 1 0 0 0 2 2 11 2 27 43 12 17 2 26 7 22 1 8 0 8 34 9 17 23 22 9 63 11 13 8 6 0 1 2 1 0 1 1 0 0 2 3 7 0 1 0 0 0 0 2 3 3 5 0 9 8 1 4 12 8 43 11 50 50 61 4 0 0 0 7 5 3 33 2 3 10 2 8 94 
6 1 2 7 3 17 0 3 2 1 7 0 1 2 0 0 3 1 0 0 0 0 0 0 0 0 0 2 3 23 1 32 21 0 22 14 42 26 7 3 9 0 45 39 13 20 33 2 9 36 4 1 7 4 0 2 1 12 0 3 1 1 1 0 0 3 1 0 0 0 2 0 0 1 6 8 0 5 3 3 1 4 19 6 5 24 38 45 19 0 0 15 1 4 2 17 2 0 8 0 7 38 
5 20 4 1 0 0 2 2 6 0 1 0 4 0 0 0 1 1 0 0 0 0 0 1 0 0 0 0 0 4 2 48 29 7 57 2 33 11 16 3 5 2 65 61 43 38 55 8 33 106 19 3 18 28 2 2 4 15 0 4 0 2 0 4 0 2 0 0 0 0 0 0 0 0 9 6 5 29 22 22 9 15 24 35 25 54 63 98 28 0 0 42 7 9 1 29 3 8 12 1 17 99 
0 5 3 0 0 1 1 0 0 2 0 1 0 0 0 1 0 0 0 0 0 0 0 1 0 0 0 0 0 16 0 10 19 2 5 11 21 27 9 2 3 1 36 32 19 19 45 10 14 86 8 4 6 5 1 8 4 7 0 2 0 6 0 0 0 2 0 0 0 0 0 0 0 2 15 11 2 4 11 11 6 10 17 37 9 42 57 80 33 0 0 45 6 2 3 1 0 1 4 1 3 61 
1 3 7 0 0 7 12 0 0 0 6 1 2 1 1 0 2 3 0 0 0 0 0 2 1 0 0 0 0 24 5 16 56 27 26 18 61 54 29 11 32 6 215 160 77 32 77 46 36 94 18 4 10 13 3 11 21 6 0 1 3 6 0 1 1 5 0 0 0 0 0 1 2 1 14 18 0 19 12 19 12 25 13 35 5 86 48 141 39 0 0 177 22 28 1 4 5 33 3 2 49 105 
0 1 0 0 0 7 0 0 0 1 0 0 0 0 0 1 0 0 0 0 0 0 0 0 0 0 0 0 1 1 5 3 1 2 7 3 6 2 0 3 2 1 8 4 36 6 11 2 2 24 4 1 6 0 1 0 0 0 0 2 0 0 0 0 1 0 0 0 0 0 0 0 0 1 2 19 0 8 1 1 2 5 2 7 3 17 11 25 11 0 0 15 0 4 6 1 3 0 1 0 9 23 
2 2 6 0 2 4 2 1 3 0 11 3 0 0 0 0 2 0 0 0 0 0 0 0 0 0 0 0 0 5 0 18 16 11 33 8 54 35 26 7 3 0 51 63 60 37 49 21 29 164 38 1 28 28 6 2 9 11 0 7 2 5 0 2 0 1 1 0 0 0 0 0 1 4 24 16 2 13 25 13 32 56 28 25 26 42 16 153 14 0 0 57 13 21 6 29 0 5 10 1 27 86 
1 3 0 1 0 18 0 0 0 1 5 4 10 3 1 5 0 0 0 0 0 0 0 2 0 1 0 1 1 28 2 9 10 7 11 18 38 7 19 2 3 2 54 46 68 65 55 20 26 174 38 4 18 10 5 7 6 12 0 3 2 2 0 0 7 2 0 0 0 1 0 1 1 0 25 13 5 26 26 31 13 53 25 32 35 70 7 125 29 0 0 79 20 25 10 2 1 1 2 3 3 68 
1 0 0 0 0 0 0 0 0 0 2 0 2 0 6 0 1 0 0 0 0 0 0 0 0 0 0 0 0 3 1 5 11 2 20 9 10 2 6 2 5 0 16 12 25 18 20 6 13 38 11 0 5 5 3 0 6 7 0 3 0 0 2 1 0 0 0 0 0 0 0 0 1 0 3 5 0 3 8 7 4 9 13 11 4 28 1 35 14 0 0 20 27 7 7 4 4 3 8 1 3 22 
1 1 0 0 0 0 0 0 0 0 9 0 0 1 1 0 5 0 0 0 0 0 0 0 0 0 0 0 0 0 0 5 3 0 4 1 1 1 6 0 1 3 16 4 19 11 0 1 0 9 1 0 5 0 0 2 5 4 0 0 1 7 0 0 0 0 0 0 0 0 0 0 0 0 7 2 0 0 5 1 2 2 10 5 12 28 0 20 2 0 0 23 1 4 2 3 0 0 1 2 1 1 
7 11 3 0 0 4 1 5 2 7 0 3 1 3 6 1 2 1 3 0 3 0 0 0 0 0 0 1 1 18 2 36 38 3 36 18 54 27 39 10 15 0 53 49 58 40 36 22 13 41 17 2 13 2 4 0 1 7 0 3 12 2 0 0 0 3 0 1 0 0 0 1 1 2 19 10 6 5 20 12 17 20 15 30 17 39 20 188 36 0 0 117 27 36 36 11 3 14 13 3 1 9 
