2 4 16 7 12 26 8 15 13 14 6 15 13 20 18 22 15 6 18 6 5 6 9 4 1 0 1 4 11 5 1 3 4 1 1 3 2 0 7 9 3 0 0 2 4 1 1 0 2 15 5 3 2 1 1 2 3 4 0 3 0 0 0 2 8 4 1 1 1 2 2 1 0 5 1 2 0 2 4 0 6 0 4 0 1 0 0 14 0 0 0 2 0 2 0 2 0 0 0 0 0 0 
10 6 14 10 13 36 25 30 24 23 12 26 41 20 32 28 12 26 22 8 6 4 11 16 8 0 0 13 7 3 1 5 9 2 6 1 0 8 11 13 3 0 5 3 9 4 8 5 4 24 2 3 3 2 0 0 5 3 0 2 1 0 3 7 8 2 0 3 0 3 4 0 3 0 2 3 0 3 11 1 0 0 1 0 1 0 1 26 4 0 0 0 0 1 2 5 0 0 0 0 0 1 
10 4 6 15 7 13 18 11 20 13 9 19 14 26 17 23 6 9 11 2 2 9 5 9 3 0 0 2 7 2 1 3 4 2 1 0 0 3 12 9 1 1 0 3 4 6 4 3 3 14 0 2 2 3 2 1 0 1 0 1 0 0 1 4 4 1 5 2 2 0 3 1 1 2 2 2 0 3 3 0 0 2 2 3 1 1 0 6 3 0 0 3 0 1 0 2 1 0 1 0 0 0 
6 2 6 1 1 2 3 4 4 4 2 0 3 2 3 3 2 2 1 3 0 2 0 0 0 0 0 0 4 0 0 0 0 0 0 0 0 0 0 1 1 0 0 0 1 0 0 0 0 2 0 0 0 1 0 0 0 0 0 2 0 0 0 0 1 0 0 0 0 0 0 0 0 0 1 2 0 0 1 0 0 0 1 0 0 0 0 0 0 0 0 0 1 0 0 0 0 0 0 0 0 1 
3 6 3 3 1 2 2 4 2 7 1 7 8 11 5 13 16 4 5 3 0 1 1 5 1 0 0 7 2 0 0 0 0 0 0 0 0 2 3 0 2 0 2 0 5 2 2 0 0 2 2 0 1 0 3 1 1 2 0 0 0 1 0 0 0 2 0 0 0 0 0 0 0 2 1 0 0 0 0 1 3 0 0 1 0 2 0 1 0 0 0 0 0 1 0 0 0 0 0 0 0 0 
14 23 22 12 3 4 3 9 10 7 10 18 29 14 26 21 18 12 13 3 1 4 5 10 2 1 3 7 6 1 3 6 0 3 0 1 0 3 8 7 6 0 1 1 4 4 4 2 7 15 7 1 3 4 1 0 2 6 0 1 0 0 0 1 3 7 0 5 0 1 0 2 1 5 2 1 0 3 3 0 0 0 2 0 3 5 1 6 1 0 0 3 0 0 1 0 0 0 0 0 0 0 
16 21 21 9 4 10 2 11 9 3 9 13 21 14 22 23 7 8 10 8 5 7 6 8 1 0 0 9 3 4 2 1 5 2 1 1 0 2 5 4 3 0 3 4 5 4 2 2 5 14 3 2 7 2 1 0 3 8 0 3 1 1 0 4 7 7 1 2 0 4 4 0 1 1 1 2 0 1 5 1 0 0 1 0 1 1 0 6 3 0 0 2 0 1 1 1 0 0 0 0 0 0 
8 26 18 12 3 31 20 8 4 15 8 26 31 18 23 27 23 5 8 7 5 5 6 21 0 0 0 4 6 2 1 0 0 1 0 0 0 1 6 5 4 0 2 5 2 7 4 6 2 10 1 2 6 1 0 1 0 1 0 0 0 0 0 3 6 1 3 1 1 0 3 1 2 4 0 6 0 3 4 2 0 2 0 0 0 0 0 4 0 0 0 1 1 0 1 2 0 0 1 0 1 3 
14 20 38 7 4 34 24 13 0 6 8 16 38 22 18 22 19 16 9 14 10 15 9 19 3 2 0 11 7 6 3 1 0 2 0 1 1 3 6 12 3 1 3 2 1 2 6 2 3 21 0 2 2 2 1 0 2 8 0 0 1 0 0 4 8 2 1 2 0 3 3 1 1 2 5 1 0 1 4 1 0 0 1 2 1 0 2 2 0 0 0 2 3 3 0 0 0 1 1 0 0 0 
8 12 19 3 5 8 9 1 5 0 7 9 13 8 4 29 9 9 3 5 4 8 7 7 7 1 0 7 0 7 1 5 1 1 0 1 0 2 5 8 0 0 3 1 3 1 3 6 3 4 3 2 5 6 0 2 0 12 0 0 0 0 1 1 2 0 0 2 0 2 5 0 0 2 6 2 2 1 5 1 1 0 1 0 1 0 0 5 2 0 0 1 1 1 0 0 0 0 1 0 0 0 
7 7 14 1 0 5 6 6 7 3 0 12 11 5 4 12 10 7 4 0 4 6 7 7 3 1 0 4 2 1 0 0 0 0 0 0 0 0 4 3 0 0 1 1 4 4 0 3 1 5 3 1 0 3 0 1 1 2 0 0 1 0 0 0 0 0 0 0 2 0 1 0 0 1 2 0 0 0 7 1 0 0 0 0 0 0 0 2 1 0 0 0 0 1 0 0 0 0 0 0 0 0 
14 30 24 3 7 28 34 24 37 13 8 4 13 21 17 25 26 17 11 23 9 17 11 15 5 2 1 41 1 9 2 1 2 2 0 3 0 8 10 14 5 1 0 2 7 6 5 6 7 13 4 2 8 6 4 0 5 5 0 3 1 0 0 1 0 2 0 1 0 3 4 3 0 1 5 3 0 4 9 0 0 0 0 0 0 0 0 5 5 0 0 3 1 1 0 3 1 4 0 0 0 1 
16 30 21 2 10 33 33 51 44 22 6 10 5 13 31 69 22 23 29 13 23 27 18 17 8 4 0 28 2 12 4 4 1 0 1 0 2 7 13 12 7 0 6 7 6 7 7 6 2 14 12 6 5 6 2 0 6 2 0 4 1 0 1 3 0 2 1 1 1 0 2 1 1 3 8 0 1 2 3 3 0 0 0 1 0 2 0 6 3 0 0 0 2 1 0 3 0 0 4 0 0 2 
65 63 59 5 36 80 73 76 68 56 37 58 60 1 10 32 85 77 65 47 40 58 33 84 16 5 5 73 5 2 1 2 2 1 0 1 0 2 5 7 7 1 3 0 2 5 2 2 1 15 7 8 12 13 1 0 14 21 0 17 0 0 3 0 0 1 2 0 0 0 0 0 0 0 8 14 4 6 23 6 3 0 0 1 1 0 0 1 4 0 0 0 0 0 0 0 0 0 1 0 0 1 
14 37 33 1 9 24 39 25 23 27 3 19 22 7 6 12 29 10 9 16 26 36 16 32 13 3 4 43 2 3 2 0 1 0 1 0 0 0 3 10 3 0 1 4 4 4 0 3 7 11 4 5 10 4 2 1 5 8 0 3 1 0 0 0 0 2 1 1 0 0 1 0 0 0 4 3 0 2 6 0 0 0 0 0 0 0 1 2 2 0 0 0 0 0 1 1 0 0 0 0 0 3 
47 86 76 13 39 101 104 64 99 68 32 100 119 50 28 15 92 99 73 94 186 78 104 206 55 13 33 203 6 70 21 38 39 22 26 10 19 1 8 50 32 4 14 18 26 27 14 16 12 84 10 15 27 23 8 4 15 16 0 3 6 0 0 4 4 4 0 1 0 1 16 5 0 2 10 11 3 2 23 7 6 0 0 1 0 0 0 22 5 0 0 8 2 5 1 5 0 12 3 1 1 2 
18 24 20 4 6 35 28 28 40 18 17 46 40 34 29 38 5 37 40 30 38 34 46 95 18 3 8 67 5 50 16 25 14 5 13 17 4 4 30 22 18 4 6 11 14 17 17 7 7 39 3 2 11 9 4 1 6 9 0 4 1 3 3 1 2 1 0 0 0 0 0 1 2 0 2 5 0 2 14 2 1 0 0 0 0 2 0 14 6 0 0 2 5 0 0 7 0 1 0 0 0 1 
20 42 31 9 9 46 36 52 47 33 48 82 85 42 54 65 61 6 19 27 71 43 51 88 24 6 6 78 0 45 53 47 11 24 27 16 2 13 22 35 20 3 9 12 19 19 18 3 13 46 7 13 15 9 2 2 2 7 0 8 0 0 4 5 0 0 0 0 0 0 2 1 0 3 5 3 0 13 22 1 1 0 2 0 0 1 4 7 9 0 0 2 6 0 0 3 0 0 0 0 0 0 
17 15 15 1 1 26 20 18 40 12 6 29 45 19 21 56 59 31 3 26 59 39 37 80 21 4 8 71 2 24 13 11 5 5 13 20 4 4 11 11 9 0 6 6 12 17 24 14 13 31 3 1 7 5 6 1 3 6 0 4 0 0 1 1 2 1 0 0 0 0 0 0 0 0 9 1 0 4 3 3 1 0 1 0 1 3 1 11 3 0 0 0 3 0 0 2 0 0 0 0 1 0 
4 5 9 1 4 3 8 7 6 4 2 12 6 16 8 23 13 13 11 2 2 7 15 21 11 8 16 49 0 1 0 4 3 3 0 2 0 2 5 2 7 1 0 1 3 2 1 2 1 3 0 0 2 1 0 1 1 4 0 0 0 0 0 0 0 0 0 0 0 0 0 0 0 0 2 0 0 4 8 0 0 0 0 1 0 2 0 0 0 0 0 1 0 0 0 0 0 0 0 0 0 1 
0 3 7 0 1 7 5 6 8 10 7 18 21 14 15 60 25 17 22 7 5 5 47 47 9 8 14 83 2 5 1 4 1 2 6 2 0 3 13 10 6 1 2 0 1 3 1 0 4 10 0 0 3 1 1 1 1 5 0 9 0 0 0 0 2 0 0 0 0 0 0 0 0 0 0 0 0 3 7 1 0 0 0 2 0 1 1 8 2 0 0 1 0 0 0 0 0 0 0 0 1 0 
2 12 5 3 1 3 5 2 10 12 3 5 12 9 10 20 12 7 7 2 1 2 8 14 5 3 8 51 0 0 1 0 2 1 1 1 2 0 3 3 0 0 1 0 1 0 5 13 4 6 2 1 0 0 3 0 1 1 0 2 0 0 0 0 0 0 0 0 0 0 0 0 0 0 1 1 0 1 1 1 0 0 0 0 0 3 0 7 0 0 0 0 0 0 0 0 0 0 0 0 0 0 
0 4 2 0 4 4 3 2 4 6 3 4 11 11 13 14 22 5 10 8 5 7 7 5 1 3 15 30 1 1 0 1 2 2 0 3 0 2 5 7 0 2 0 0 1 2 1 0 1 3 0 0 0 0 1 0 0 1 0 0 2 0 0 0 0 0 0 0 0 0 0 0 0 0 0 0 1 1 4 0 0 1 0 0 0 0 0 4 0 0 0 1 0 0 0 0 0 0 0 0 0 0 
1 5 7 0 2 6 2 6 2 9 0 13 12 9 8 38 27 12 20 17 14 8 24 4 6 22 30 84 0 5 0 1 2 1 0 2 0 1 8 6 5 1 3 0 1 4 6 6 0 8 4 1 1 1 0 0 2 3 0 0 0 0 0 2 0 1 0 0 0 0 0 0 1 0 0 1 1 0 0 0 0 0 0 0 0 2 0 3 3 0 0 0 0 0 0 0 0 0 0 0 0 0 
3 3 6 0 1 2 3 3 0 15 2 12 15 6 10 18 15 7 10 8 7 4 5 2 1 1 7 33 1 1 0 3 0 1 0 1 3 0 4 2 4 0 3 2 0 3 3 1 0 16 8 0 1 1 1 0 0 1 0 0 0 1 0 0 0 0 0 0 0 0 0 0 0 0 0 1 1 0 1 1 0 0 0 0 0 2 0 23 1 0 0 4 0 0 1 0 0 0 0 0 0 0 
0 1 0 0 0 0 0 0 0 1 0 0 3 4 4 1 1 3 2 5 3 6 6 16 0 0 2 1 0 0 2 0 0 0 0 1 0 0 0 0 0 0 0 0 0 0 0 0 1 0 0 0 1 0 0 0 0 0 0 0 0 0 0 0 0 0 0 0 0 0 0 0 0 0 1 2 0 0 2 0 0 0 0 0 0 0 0 2 0 0 0 0 0 0 0 0 0 0 0 0 0 0 
0 2 1 0 1 0 0 0 0 0 0 0 1 1 1 3 3 0 3 2 3 4 2 10 0 4 1 6 0 0 0 0 0 0 0 0 0 0 0 4 1 0 0 0 0 0 0 0 0 1 1 2 0 0 0 0 0 0 0 0 0 0 0 0 0 0 0 0 0 0 0 0 0 0 0 0 0 0 0 0 0 0 0 0 0 0 0 0 0 0 0 0 0 0 0 0 0 0 0 0 0 0 
1 10 2 1 3 7 4 9 4 5 9 21 11 27 25 25 18 12 32 23 29 24 37 33 20 8 19 4 1 2 0 4 7 2 3 4 3 5 13 14 10 2 5 2 8 5 3 4 9 17 3 1 3 2 0 2 1 2 0 0 2 0 0 0 1 0 0 0 0 0 0 0 0 1 2 0 0 0 5 0 0 0 0 2 0 3 4 15 3 0 0 3 0 0 0 2 0 1 1 0 0 0 
95 162 215 47 36 143 122 70 62 29 25 50 32 38 39 35 25 17 17 9 12 26 3 13 5 2 0 10 5 7 2 2 6 5 4 5 0 19 9 18 12 1 8 2 7 15 14 7 15 28 2 8 12 1 4 2 5 4 0 2 6 0 0 3 9 6 3 5 2 0 4 6 2 0 1 2 1 4 15 5 5 2 2 2 4 2 2 10 7 0 0 3 2 2 0 1 0 0 2 0 0 0 
1 6 0 0 2 4 1 0 1 9 0 16 8 3 1 12 10 11 12 1 2 6 3 8 5 0 1 2 1 18 96 112 118 45 70 72 81 59 86 89 42 18 17 21 23 30 21 28 18 85 4 0 14 4 2 1 3 8 0 8 0 1 2 6 24 12 8 4 4 4 4 7 0 0 2 7 1 6 19 4 5 1 8 3 3 5 3 38 19 0 0 8 2 12 1 7 0 6 7 0 0 6 
2 0 0 0 0 2 0 2 1 1 2 1 1 1 0 4 7 2 2 5 3 1 1 2 0 0 0 3 0 89 4 87 26 16 15 22 35 35 26 49 17 1 7 3 14 11 8 4 4 32 1 0 3 3 0 0 1 0 0 1 0 1 2 8 3 5 1 5 2 4 1 3 0 0 2 0 0 0 10 1 0 3 1 0 0 3 0 12 5 0 0 4 0 0 1 9 0 2 1 0 0 0 
4 6 3 0 1 2 3 1 4 3 2 5 7 0 3 8 19 6 3 8 1 1 0 3 2 0 2 5 1 99 44 6 20 17 35 33 46 66 87 67 59 17 21 20 31 31 28 21 25 84 4 1 4 2 2 3 5 12 0 3 4 0 3 7 6 8 4 1 1 2 5 3 0 1 7 4 1 1 11 1 3 0 0 3 1 7 9 34 9 0 0 10 3 6 6 7 2 8 0 0 0 4 
28 38 22 4 9 13 13 14 15 11 4 26 20 5 9 17 46 41 17 8 19 19 22 31 19 2 1 27 3 323 126 138 11 53 128 147 212 160 208 277 157 21 111 84 132 210 101 118 159 728 65 54 68 41 23 12 29 61 0 20 7 2 2 12 25 32 17 11 16 31 27 38 11 11 19 16 8 12 58 17 17 8 12 17 7 31 22 168 52 0 0 43 28 39 20 42 1 15 13 1 1 9 
1 5 2 0 0 1 6 3 2 0 0 0 3 0 1 8 19 3 3 3 2 1 4 6 2 0 2 9 0 104 34 37 12 3 21 17 21 38 38 53 34 9 17 13 19 26 11 17 22 44 7 9 16 3 3 1 4 13 0 6 0 1 3 2 6 7 6 5 1 11 12 4 3 8 11 17 0 3 8 3 4 1 0 1 0 2 2 21 7 0 0 7 1 7 7 6 2 3 1 0 0 3 
0 4 7 0 0 5 2 6 0 1 3 2 3 0 2 7 25 18 11 1 7 7 9 6 3 1 0 9 1 169 64 96 29 20 7 9 32 37 69 109 47 4 29 28 50 50 32 15 25 92 14 8 8 14 5 0 7 9 0 6 1 1 2 5 13 10 2 11 2 12 12 17 5 0 1 2 0 5 14 4 0 1 2 0 2 2 5 30 21 0 0 12 8 6 6 12 2 4 4 2 1 3 
1 3 1 0 0 1 4 0 1 0 1 0 0 0 1 9 13 10 4 3 6 6 2 15 2 1 0 6 0 120 24 50 21 10 6 7 30 33 33 59 26 1 22 14 15 20 13 17 8 43 10 1 4 5 0 3 0 5 0 0 0 0 2 7 5 5 3 6 0 4 7 6 2 5 1 0 0 0 2 0 2 0 1 0 1 5 5 16 4 0 0 2 3 2 1 16 0 3 1 0 0 2 
5 7 5 0 0 3 3 3 1 3 0 1 6 0 1 36 26 21 14 15 22 8 7 18 10 1 6 35 1 433 181 360 114 122 151 153 14 115 281 375 167 63 67 80 119 102 91 73 100 271 9 6 20 13 3 2 9 3 0 0 3 7 11 50 32 43 25 30 5 9 42 34 15 10 11 6 0 3 15 2 3 0 1 2 3 19 13 66 25 0 0 29 30 22 18 34 4 11 22 3 2 17 
3 10 5 0 1 4 3 2 8 7 6 11 5 2 1 0 2 20 6 6 3 5 7 14 5 0 2 15 0 175 63 129 48 51 63 75 28 4 40 156 74 9 34 48 61 57 55 25 33 158 2 2 4 0 0 0 6 4 0 1 2 0 4 10 15 15 3 3 4 2 11 9 1 5 2 2 0 1 2 1 1 0 1 0 1 15 10 40 27 0 0 13 7 11 4 17 1 8 6 2 2 13 
20 51 27 2 10 51 34 35 37 19 17 40 51 18 11 12 62 52 30 28 52 60 63 71 24 18 3 95 4 339 117 333 193 178 145 173 234 94 22 656 360 40 118 162 199 182 137 115 143 463 21 20 40 28 4 3 20 23 0 3 6 1 4 23 61 37 14 28 10 4 42 39 16 20 13 10 1 13 33 14 15 5 11 16 12 43 38 193 56 0 0 41 19 35 20 88 9 50 34 8 6 39 
4 9 13 1 7 12 10 13 19 13 2 15 13 6 5 20 35 8 4 6 8 4 5 12 4 0 0 22 0 86 34 70 39 27 37 31 79 65 153 6 20 8 27 43 44 58 58 45 81 181 4 9 6 3 1 1 6 8 0 1 0 0 7 10 8 5 8 6 1 0 11 8 1 3 2 3 1 3 26 3 2 3 5 12 12 1 10 30 17 0 0 20 11 11 6 19 1 7 4 3 0 7 
7 9 5 2 3 12 6 3 1 21 3 6 3 7 3 12 27 6 3 6 9 3 7 10 10 0 8 9 0 44 12 36 25 16 18 21 33 49 90 28 8 7 16 20 23 34 39 30 28 138 1 3 9 1 0 0 0 4 0 4 1 1 0 2 4 8 0 3 0 0 4 2 3 5 5 3 2 1 6 6 2 4 0 4 0 3 3 10 9 0 0 12 2 6 3 9 0 10 4 2 5 3 
0 1 0 0 0 1 0 2 1 0 2 3 2 2 0 0 4 3 0 2 0 3 1 2 0 0 0 2 0 11 5 6 4 4 2 3 11 4 9 6 3 5 3 13 18 8 12 9 13 26 1 0 0 0 0 0 1 0 0 0 0 0 2 0 1 0 0 0 0 0 0 1 0 2 0 0 0 0 1 0 3 0 3 1 7 4 5 7 5 0 0 4 0 3 1 5 0 4 0 0 0 1 
4 8 3 0 7 4 8 6 9 6 4 5 10 1 3 5 22 15 3 6 4 4 1 1 5 2 3 12 2 39 14 27 28 22 33 17 32 46 79 44 27 12 8 34 34 58 29 78 76 153 5 4 7 7 1 3 1 7 0 4 1 0 1 7 4 7 0 5 0 1 5 7 2 1 11 6 0 16 22 28 21 9 11 45 24 50 31 90 41 0 0 23 26 35 15 65 3 48 33 2 12 12 
5 11 15 1 7 8 12 9 6 5 5 2 3 1 5 17 18 11 16 3 6 7 4 13 5 1 0 13 0 45 19 40 37 26 23 20 59 73 83 132 60 40 20 8 105 132 108 115 170 295 3 7 9 8 0 2 4 9 0 5 1 2 3 9 14 10 3 3 1 1 3 6 2 1 20 9 1 28 37 22 32 17 27 80 43 111 78 143 75 0 0 91 65 82 35 135 12 100 50 16 14 33 
3 7 6 0 1 6 7 5 7 3 3 7 5 2 3 6 21 20 7 6 8 5 2 6 6 0 0 10 0 54 17 28 25 21 11 19 26 52 59 79 29 15 24 67 7 60 72 107 134 152 8 3 4 3 5 0 0 4 0 4 0 0 4 0 8 3 1 5 0 0 2 9 1 3 5 3 5 8 11 11 5 3 5 10 26 31 29 45 29 0 0 31 17 12 10 44 4 35 16 7 3 9 
6 14 6 4 1 8 13 13 18 17 8 7 12 2 9 11 25 15 12 10 12 16 12 13 5 0 1 21 1 58 23 54 50 29 37 39 74 74 88 172 136 28 69 156 115 19 98 271 321 610 11 8 11 14 3 0 9 16 0 4 1 0 2 11 13 7 5 8 7 3 9 6 4 1 10 11 0 10 17 24 19 10 22 47 42 83 48 188 75 0 0 47 33 55 28 86 6 43 27 19 5 28 
2 9 10 0 1 6 2 3 8 5 3 4 11 2 3 5 9 11 7 3 5 9 2 7 1 0 0 10 0 29 9 37 33 25 14 21 40 48 52 56 57 9 12 46 34 54 7 95 122 154 4 3 9 4 1 1 2 5 0 0 0 0 0 5 6 4 2 4 1 0 2 3 2 0 3 2 2 6 14 7 7 3 8 14 7 20 13 87 17 0 0 15 6 22 7 19 3 20 14 3 2 11 
5 1 0 0 0 1 3 1 3 1 5 6 1 3 0 0 6 5 1 2 2 1 2 3 1 0 0 11 0 18 7 18 22 12 10 6 21 21 24 28 34 4 22 41 46 103 40 11 84 236 2 5 4 4 0 0 2 1 0 1 1 0 0 2 3 5 2 2 0 1 0 3 0 2 3 3 0 5 9 6 3 1 3 16 9 13 12 64 9 0 0 21 2 12 10 19 2 10 8 0 1 12 
1 1 0 2 2 0 3 2 5 5 5 2 3 1 0 1 2 1 1 1 9 1 1 1 5 0 0 4 0 26 7 14 19 9 2 5 15 27 32 56 21 7 10 38 32 60 35 55 9 115 4 1 4 1 1 0 1 0 0 1 0 1 0 0 4 2 2 2 0 0 3 1 0 1 3 3 3 4 4 2 4 3 5 3 6 15 4 67 14 0 0 11 4 6 8 5 0 10 9 0 0 5 
24 44 31 7 10 33 25 21 28 19 14 39 24 20 21 30 61 49 31 27 23 16 26 40 27 7 3 51 0 159 53 123 158 64 88 83 161 209 262 275 217 26 120 222 220 345 258 572 783 21 41 25 33 13 7 5 16 34 0 4 4 10 2 20 33 32 16 24 4 6 28 17 4 9 31 27 2 36 43 43 39 23 45 72 29 66 63 472 75 0 0 55 35 62 53 88 13 92 95 6 17 58 
5 8 0 1 2 3 6 1 0 4 2 4 6 1 2 7 5 0 0 1 0 0 3 1 0 0 0 4 0 2 2 2 9 3 7 4 2 0 4 4 0 0 5 3 1 5 1 10 2 10 2 4 11 14 13 8 14 9 0 7 6 0 3 11 6 6 1 7 2 3 6 7 5 2 6 6 2 6 47 7 8 1 8 12 4 7 8 27 4 0 0 3 1 1 3 2 0 0 2 0 0 0 
3 4 2 0 1 3 3 2 2 2 0 1 2 1 3 8 4 5 1 0 0 2 1 5 1 0 1 3 0 3 2 6 5 4 3 1 2 3 4 1 1 0 4 2 2 2 4 1 5 11 6 2 18 18 22 2 10 24 0 10 1 1 1 4 4 9 5 10 4 5 2 2 0 6 3 13 1 9 42 4 1 0 9 12 5 10 2 26 4 0 0 2 2 2 0 4 0 2 0 0 0 0 
1 7 6 1 0 10 7 2 1 1 10 4 5 5 4 10 9 3 1 3 0 1 1 3 0 1 0 6 0 15 1 12 17 7 4 5 4 1 9 3 3 2 4 5 10 13 3 5 7 18 48 45 10 43 31 6 14 38 0 14 10 2 0 11 11 18 3 12 4 15 7 7 4 3 11 7 3 14 57 5 8 0 14 11 12 10 3 36 3 0 0 1 2 9 5 4 0 5 3 1 0 3 
5 3 7 0 1 1 8 3 6 5 0 3 4 5 4 8 7 3 1 0 1 2 0 0 0 1 0 2 0 11 2 3 4 4 4 4 1 1 2 2 0 0 3 4 3 5 5 3 1 7 17 16 18 2 16 5 13 9 0 19 6 0 1 18 10 12 5 11 2 9 6 11 1 3 5 5 0 8 52 0 2 1 2 14 11 7 5 17 1 0 0 3 0 4 1 0 1 1 1 0 0 4 
2 3 1 0 0 3 0 3 0 2 1 3 0 0 2 5 0 4 0 1 0 0 0 0 0 0 0 3 0 4 0 1 0 2 1 0 0 0 4 0 0 0 2 0 1 1 2 2 2 4 5 5 11 6 1 0 2 5 0 1 1 4 0 2 4 6 0 1 3 0 3 3 2 2 0 3 1 4 8 0 2 0 0 2 2 1 2 6 1 0 0 1 1 1 0 2 0 0 2 0 0 0 
0 3 0 1 0 1 1 0 0 0 1 1 1 0 0 3 2 3 0 0 0 0 0 1 1 0 0 1 0 0 0 2 2 1 1 0 1 0 0 1 0 0 0 4 0 2 1 0 0 1 1 6 2 1 1 1 3 6 0 1 1 1 5 1 3 1 0 2 1 6 1 0 0 1 1 2 0 4 11 5 3 0 1 4 0 0 0 3 1 0 0 1 0 0 0 0 0 0 0 0 0 1 
2 1 3 0 1 0 5 1 0 2 0 2 2 2 3 6 2 2 4 0 0 0 1 3 0 1 0 1 0 3 0 7 2 6 1 1 1 1 1 3 1 0 0 0 0 3 2 2 2 5 7 10 6 16 2 7 1 2 0 4 2 1 4 7 3 7 3 2 2 2 3 2 2 2 4 4 0 1 20 1 2 1 1 5 5 10 1 14 2 0 0 0 0 1 2 0 0 1 1 0 1 0 
2 7 2 0 0 6 2 4 4 5 2 11 10 1 3 13 4 3 6 2 1 1 6 0 0 0 0 3 1 5 4 9 4 6 3 9 3 1 6 7 7 1 6 2 2 4 3 3 8 9 35 18 24 35 7 9 10 1 0 9 2 0 2 9 5 19 4 4 0 3 7 8 5 3 26 17 6 14 60 23 17 5 7 29 18 12 3 22 2 0 0 1 3 6 2 5 0 3 1 0 0 1 
0 0 0 0 0 0 0 0 0 0 0 0 0 0 0 0 0 0 0 0 0 0 0 0 0 0 0 0 0 0 0 0 0 0 0 0 0 0 0 0 0 0 0 0 0 0 0 0 0 0 0 0 0 0 0 0 0 0 0 0 0 0 0 0 0 0 0 0 0 0 0 0 0 0 0 0 0 0 0 0 0 0 0 0 0 0 0 0 0 0 0 0 0 0 0 0 0 0 0 0 0 0 
4 13 6 3 2 2 4 2 1 1 6 6 7 6 14 13 7 3 4 5 4 7 1 10 2 4 3 4 1 13 4 6 3 3 4 0 1 3 3 2 2 1 1 1 2 1 1 1 1 6 16 10 8 27 15 5 11 10 0 2 1 2 3 7 18 15 10 5 5 10 7 8 1 8 9 5 2 1 28 2 6 4 7 6 2 4 3 15 4 0 0 2 0 2 1 1 1 3 0 0 0 1 
0 0 0 2 0 0 0 0 0 0 0 1 0 0 1 7 0 0 0 0 0 0 0 0 0 0 0 0 0 2 1 3 0 0 0 0 0 0 1 3 0 0 1 0 1 1 0 2 0 5 6 8 3 0 3 0 2 10 0 3 1 2 0 2 4 8 2 4 0 4 9 3 5 4 3 19 0 1 11 2 1 0 0 0 2 3 0 4 2 0 0 0 0 1 1 0 0 1 0 0 0 0 
2 4 3 0 0 0 1 0 4 1 2 4 6 2 0 1 4 1 2 0 0 0 0 1 0 0 0 0 2 7 5 10 4 2 5 3 3 3 3 13 3 0 5 2 4 4 0 4 4 7 1 2 4 2 7 2 6 11 0 3 3 0 2 7 17 9 2 16 4 5 3 8 4 3 3 1 2 2 13 10 0 1 5 5 0 0 1 8 2 0 0 4 1 1 0 1 0 0 0 0 0 0 
1 2 4 0 1 7 0 1 0 1 0 1 4 0 0 0 1 1 0 0 0 0 0 1 1 0 0 1 1 10 3 2 0 3 3 3 0 2 2 4 1 0 1 0 1 0 0 2 1 2 1 0 10 3 7 0 4 5 0 1 1 1 0 2 7 12 6 4 1 4 4 6 4 4 4 1 1 1 9 3 0 0 0 1 3 0 1 1 1 0 0 0 0 1 0 1 2 0 0 0 0 0 
8 3 3 2 2 7 3 2 1 5 0 6 2 0 0 2 4 3 0 0 1 0 1 0 1 3 0 4 0 15 5 15 4 1 7 6 9 10 17 7 6 4 5 1 4 4 3 4 6 25 12 11 11 20 4 2 16 17 0 20 7 4 4 1 12 19 16 6 4 20 18 27 10 6 9 9 1 8 33 1 5 3 1 2 2 2 2 13 2 0 0 0 0 1 0 1 0 0 0 0 0 0 
1 4 6 0 0 4 0 3 3 1 2 3 1 2 0 3 4 0 0 1 0 0 1 0 1 0 1 0 0 18 6 5 4 1 0 6 5 3 11 10 2 0 2 0 5 10 7 2 4 9 11 7 11 11 5 3 8 16 0 8 4 2 6 5 4 19 8 23 6 27 27 34 17 17 4 0 2 12 23 1 6 1 1 0 2 1 3 10 3 0 0 2 0 0 0 2 0 0 0 0 1 2 
3 4 4 0 2 3 9 6 5 2 3 6 1 0 0 1 0 0 0 0 0 0 0 0 0 0 0 0 0 25 14 26 3 8 9 6 5 12 8 6 2 4 4 4 17 16 4 6 7 23 13 10 10 11 7 4 22 20 0 17 7 1 11 8 19 4 11 31 6 34 44 40 17 21 4 9 0 12 41 10 6 1 5 5 2 2 3 6 1 0 0 1 2 0 1 1 0 0 0 0 0 1 
2 2 0 0 0 0 2 4 2 2 0 0 1 0 0 0 0 0 0 0 0 0 0 0 0 0 0 0 0 8 9 5 2 7 2 1 5 2 7 0 0 0 0 0 2 3 1 4 1 8 1 2 5 1 1 0 5 5 0 6 7 0 1 12 9 3 0 1 4 7 20 21 14 11 3 1 0 3 18 2 2 1 9 1 1 0 0 3 1 0 0 0 0 0 0 0 0 0 0 0 0 0 
0 2 3 0 3 1 0 3 0 2 3 0 0 0 0 2 0 1 0 0 0 0 0 0 0 0 0 1 0 10 8 0 3 6 0 0 7 3 2 3 2 0 2 1 0 4 1 1 2 4 8 6 8 7 4 0 5 3 0 8 2 1 0 6 11 15 2 2 2 9 28 37 9 24 1 0 0 2 28 6 4 0 1 1 2 1 0 3 1 0 0 0 0 0 0 0 0 0 0 0 0 0 
0 2 4 0 0 0 0 1 2 0 0 0 1 0 0 0 0 0 0 0 0 0 0 0 0 0 0 0 0 4 6 4 0 6 2 2 0 0 0 0 2 0 0 0 4 0 0 0 3 1 0 0 0 5 1 1 3 5 0 3 3 2 6 5 3 19 12 5 3 6 16 24 4 6 0 0 0 0 9 1 0 0 4 1 0 0 0 5 0 0 0 0 0 0 0 0 0 0 0 0 0 0 
0 0 0 0 0 1 0 0 0 0 1 0 0 0 0 0 0 0 0 0 0 0 0 0 0 0 0 0 0 8 6 0 4 1 6 2 2 0 0 3 2 0 0 0 1 2 1 1 0 3 1 7 6 4 2 3 3 4 0 5 3 2 2 7 14 17 11 5 2 2 17 29 10 18 2 0 0 4 6 2 4 0 0 3 1 2 0 1 0 0 0 1 0 0 0 0 0 0 0 0 0 1 
0 3 2 0 1 5 0 4 1 1 0 0 1 0 2 0 0 0 0 0 0 0 0 0 0 0 0 0 1 6 1 5 6 13 2 1 9 4 14 5 3 0 1 0 1 3 0 1 3 9 3 2 6 2 0 1 1 4 0 9 2 0 2 9 17 16 15 14 4 12 2 22 5 9 1 1 0 2 14 1 7 1 4 5 2 3 2 2 4 0 0 0 0 0 0 0 0 0 0 0 0 0 
0 1 1 2 3 3 3 2 0 2 1 1 1 0 1 2 1 1 0 0 0 0 0 0 0 0 0 0 0 9 6 6 3 16 7 5 6 6 5 7 1 1 7 8 6 8 0 2 4 13 4 3 6 1 1 0 8 7 0 13 1 1 2 11 21 27 36 36 21 44 116 4 72 51 0 3 0 6 13 2 2 3 4 5 1 4 0 6 2 0 0 1 0 0 1 1 0 0 0 0 0 1 
1 5 0 0 0 1 4 4 0 2 0 0 2 0 0 0 0 0 1 0 0 0 0 0 0 0 0 1 0 2 1 1 0 5 0 1 1 2 6 2 2 0 0 3 1 2 1 1 3 7 6 4 0 0 1 0 3 6 0 11 0 1 0 3 18 20 2 19 2 10 4 12 0 12 3 2 0 1 2 0 1 0 2 4 2 2 0 5 1 0 0 0 0 0 0 0 0 0 0 0 1 0 
5 1 0 1 0 3 3 1 3 3 0 4 0 3 1 1 0 1 0 0 0 0 0 0 0 0 0 0 0 0 0 3 1 3 3 2 4 2 3 3 3 0 0 1 3 2 3 1 1 16 10 5 5 3 4 1 6 6 0 18 4 0 1 3 19 21 4 11 2 35 20 33 5 0 10 2 0 4 9 8 5 0 3 5 3 0 0 5 0 0 0 0 0 0 0 0 0 0 0 0 0 0 
0 2 0 0 1 5 0 0 0 3 0 1 1 3 0 0 3 2 1 6 0 0 2 0 1 0 0 0 1 5 0 6 2 2 1 0 0 2 3 3 4 0 8 5 0 0 0 3 1 14 5 5 6 5 0 0 2 6 0 4 0 0 1 1 4 2 2 1 0 0 2 2 0 5 3 13 2 5 27 8 2 2 10 22 5 6 6 20 2 0 0 4 0 8 1 5 0 7 3 0 1 0 
1 0 1 0 0 1 0 1 3 2 0 0 3 0 1 1 2 0 3 1 0 1 0 0 1 0 0 0 0 2 0 1 2 3 1 0 1 0 5 4 3 0 8 2 1 0 5 3 3 17 4 4 9 2 5 0 4 11 0 0 2 1 1 2 7 6 1 0 0 1 2 0 2 1 3 1 4 9 36 10 9 4 9 11 7 8 5 30 6 0 0 5 2 3 3 4 0 3 7 0 3 5 
0 0 0 0 0 0 0 0 0 1 0 0 0 0 0 1 0 0 0 0 0 0 0 0 0 0 0 0 0 1 0 1 0 0 0 0 0 0 0 0 1 0 0 0 0 1 1 0 2 1 2 0 3 2 0 2 1 0 0 0 0 1 0 0 1 2 0 0 0 0 1 0 0 0 1 3 1 5 8 3 1 4 2 5 6 0 0 4 0 0 0 0 0 0 0 0 0 0 6 0 0 0 
0 0 2 0 0 0 1 0 0 1 0 0 3 4 2 0 0 0 1 0 0 1 1 3 0 0 0 1 0 0 1 0 0 2 3 0 0 0 0 3 1 1 2 6 3 2 2 4 5 7 5 0 3 0 3 1 4 10 0 3 1 1 0 2 4 4 0 2 0 0 1 1 0 1 8 10 5 1 13 10 7 1 8 16 8 19 2 14 4 0 0 1 3 8 5 3 1 5 2 4 0 5 
6 21 9 3 10 20 23 14 11 21 7 16 20 3 22 30 15 16 5 5 3 2 3 7 4 0 2 9 3 28 17 30 14 26 11 2 7 4 18 29 8 1 15 20 16 16 23 14 17 44 124 96 127 110 84 43 98 117 0 44 11 8 12 23 19 40 12 27 4 30 40 26 11 20 302 271 104 114 12 116 150 18 99 142 87 54 21 92 19 0 0 15 11 26 10 24 3 12 18 5 0 11 
1 1 2 0 0 3 0 0 0 1 0 0 3 0 1 2 0 2 2 0 0 0 0 0 0 0 0 2 0 0 1 2 5 1 0 1 2 0 2 4 3 0 6 4 4 3 5 3 6 18 8 2 7 7 1 1 0 5 0 1 0 0 3 2 6 5 1 7 0 4 2 0 0 4 13 9 8 14 13 0 11 4 18 16 13 12 4 22 13 0 0 3 5 10 6 5 0 2 6 0 0 5 
0 0 2 0 0 0 0 0 0 0 0 0 0 0 0 1 0 0 0 0 0 0 0 1 1 0 0 0 0 1 2 2 2 1 1 0 0 0 3 7 1 1 9 5 7 5 2 3 1 19 3 4 2 0 2 1 2 9 0 4 3 0 3 0 0 4 5 4 0 1 0 2 0 0 25 20 2 12 33 9 3 3 11 22 18 12 9 32 3 0 0 2 2 6 6 7 2 6 5 4 0 5 
1 2 0 0 0 1 0 1 0 0 0 0 1 0 1 0 1 0 0 0 0 0 0 0 0 0 0 2 0 1 0 1 1 0 0 0 0 0 0 3 2 1 2 2 2 4 1 2 5 17 1 1 1 2 0 0 1 4 0 0 1 0 2 0 1 1 1 2 1 0 0 1 0 2 17 8 3 8 10 8 12 1 7 20 11 12 8 23 5 0 0 0 2 3 1 6 0 7 9 0 1 3 
1 0 2 0 0 1 0 0 3 1 0 0 0 0 0 0 0 0 0 0 0 0 0 0 0 0 0 0 0 1 1 0 1 1 0 0 0 1 1 0 1 0 4 5 1 6 5 1 7 9 7 2 4 1 0 0 0 4 0 0 0 1 1 0 2 1 1 0 1 0 0 1 2 2 7 9 5 10 12 6 14 1 2 22 21 7 6 45 5 0 0 1 2 8 5 5 1 1 6 1 0 1 
4 3 2 1 0 3 5 5 3 13 0 0 2 0 0 0 3 0 0 0 1 0 2 3 0 0 1 0 0 4 2 3 3 0 1 0 1 2 4 13 1 7 13 29 22 21 15 28 27 66 20 23 33 30 11 12 31 32 0 8 3 0 0 2 7 3 0 1 1 1 6 5 0 4 62 60 17 49 131 108 125 41 185 5 150 71 49 137 35 0 0 12 25 29 17 19 7 27 18 9 8 9 
0 2 1 0 1 2 0 2 0 0 0 0 0 0 0 0 1 0 0 0 0 0 0 2 0 1 0 0 0 0 1 0 2 0 0 0 1 1 1 11 5 1 11 11 10 13 10 7 19 27 7 3 7 5 5 0 13 17 0 1 2 0 2 0 1 3 2 1 0 0 4 2 4 1 10 11 2 19 25 24 36 5 32 19 2 36 19 70 8 0 0 12 5 4 1 12 1 9 10 6 4 1 
0 8 1 2 1 5 3 2 0 0 0 1 1 0 2 4 3 1 2 1 2 0 0 3 4 0 0 9 0 14 2 7 6 5 10 3 10 6 16 4 6 4 26 27 10 16 29 34 16 80 15 8 10 4 2 5 7 9 0 3 6 1 0 3 0 2 1 6 0 5 2 3 1 3 8 10 2 18 21 19 27 11 21 39 33 3 3 51 28 0 0 17 23 24 8 27 7 26 19 6 9 8 
0 4 1 1 1 1 2 0 0 4 0 1 0 0 0 1 7 3 4 0 1 0 1 0 0 0 1 2 1 10 0 8 6 3 1 3 5 11 9 10 5 5 8 15 6 22 23 18 16 39 2 3 7 1 2 0 3 5 0 2 0 0 0 2 3 4 1 1 0 0 2 0 0 0 9 4 2 5 13 4 5 8 10 26 20 19 4 45 45 0 0 9 7 21 11 13 4 27 17 5 2 7 
12 24 16 3 3 10 3 5 3 2 2 8 7 2 3 10 12 5 7 4 7 5 3 7 11 1 1 29 2 50 20 32 56 19 16 24 21 67 71 31 11 10 40 49 39 89 92 88 108 347 31 12 54 12 7 3 11 26 0 6 2 2 2 9 9 8 2 13 2 5 4 14 2 10 41 33 10 30 56 30 33 20 37 105 51 67 34 14 20 0 0 31 19 38 23 65 5 46 32 7 4 41 
0 0 0 0 0 1 1 0 2 1 0 0 2 1 0 3 3 1 1 0 2 1 0 0 1 0 0 2 0 16 2 4 2 2 2 0 5 11 14 14 10 4 6 15 3 15 6 12 20 30 3 3 7 3 1 0 4 6 0 2 0 0 0 4 1 4 0 1 0 1 1 3 0 0 10 3 0 5 17 9 11 0 6 14 12 18 7 28 2 0 0 10 8 7 10 21 3 16 10 6 0 10 
0 0 0 0 0 0 0 0 0 0 0 0 0 0 0 0 0 0 0 0 0 0 0 0 0 0 0 0 0 0 0 0 0 0 0 0 0 0 0 0 0 0 0 0 0 0 0 0 0 0 0 0 0 0 0 0 0 0 0 0 0 0 0 0 0 0 0 0 0 0 0 0 0 0 0 0 0 0 0 0 0 0 0 0 0 0 0 0 0 0 0 0 0 1 0 0 0 0 0 0 0 0 
0 0 0 0 0 0 0 0 0 0 0 0 0 0 0 0 0 0 0 0 0 0 0 0 0 0 0 0 0 0 0 0 0 0 0 0 0 0 0 0 0 0 0 0 0 0 0 0 0 0 0 0 0 0 0 0 0 0 0 0 0 0 0 0 0 0 0 0 0 0 0 0 0 0 0 0 0 0 0 0 0 0 0 0 0 0 0 0 0 0 0 0 0 0 0 0 0 0 0 0 0 0 
12 8 14 3 4 8 8 4 11 7 2 6 8 3 4 5 16 17 4 3 2 3 4 3 0 0 2 14 2 57 35 33 27 25 39 41 55 84 125 83 63 9 63 160 65 138 102 107 181 342 7 12 13 13 9 3 24 11 0 12 5 1 2 12 19 6 1 1 0 1 7 7 2 2 31 17 1 22 55 31 49 23 62 117 87 96 90 316 145 0 0 19 58 106 37 308 21 183 100 15 19 39 
1 1 0 0 0 2 0 4 1 1 0 0 0 0 0 0 0 0 2 0 1 0 0 0 0 0 0 2 0 1 0 2 1 1 5 0 2 1 5 4 5 2 6 17 11 6 16 10 10 21 1 1 1 1 0 0 1 0 0 2 3 0 0 0 0 0 0 0 0 0 0 0 0 0 5 5 1 4 3 6 4 5 5 9 11 20 6 33 8 0 0 15 0 3 7 22 1 23 8 3 3 7 
1 2 1 0 0 2 0 0 0 0 0 0 1 0 0 1 0 1 0 0 0 0 0 1 0 0 0 0 1 6 1 5 4 2 3 6 4 6 12 12 8 1 9 29 15 11 15 20 26 40 7 5 5 4 4 0 5 5 0 5 1 0 0 2 0 0 0 0 0 0 0 1 0 1 6 5 1 9 17 10 22 3 12 20 11 32 10 62 27 0 0 23 3 6 2 34 5 25 6 14 1 6 
3 2 2 0 0 0 0 0 1 0 0 1 1 1 0 1 0 0 0 0 0 0 0 0 0 0 0 1 0 4 2 3 3 2 3 5 2 3 7 3 3 2 5 9 6 11 8 18 12 24 3 1 4 2 1 0 2 5 0 1 0 0 0 0 1 1 0 0 0 0 0 0 0 0 3 3 0 2 4 8 5 3 5 18 9 19 16 27 5 0 0 9 4 0 3 20 0 24 6 2 4 11 
2 0 0 0 1 0 1 0 4 0 1 0 2 2 0 0 1 0 0 0 0 0 2 1 0 0 0 0 0 9 1 6 3 2 1 9 2 7 8 8 7 2 22 25 20 17 11 8 19 38 0 4 5 4 0 0 3 3 0 2 0 0 1 1 0 0 0 0 0 0 0 1 0 0 4 3 0 3 13 9 6 2 7 15 9 6 11 52 24 0 0 29 11 15 6 5 0 39 5 7 1 12 
0 1 0 0 0 0 0 0 0 0 0 0 0 0 0 0 0 0 0 0 0 0 0 0 0 0 0 0 1 0 0 2 1 0 0 2 2 0 2 0 0 0 5 3 5 1 0 2 0 3 0 0 0 0 0 0 2 1 0 0 0 0 0 0 0 0 0 0 0 0 0 0 0 0 0 3 0 2 1 0 0 0 1 3 3 4 1 16 2 0 0 3 0 0 1 0 0 0 0 0 0 2 
0 0 1 0 0 1 0 1 0 0 0 1 0 0 0 0 0 0 0 0 1 0 0 0 0 0 0 0 1 2 1 5 5 2 4 1 2 4 3 5 5 0 8 4 5 8 6 7 12 29 0 1 0 2 0 0 1 6 0 0 0 0 0 3 1 0 0 0 0 0 0 0 0 0 3 1 5 1 9 8 5 3 9 17 5 8 8 34 11 0 0 9 1 2 4 12 1 1 4 3 0 8 
2 1 1 0 0 0 3 0 0 1 0 1 0 0 0 2 0 0 0 0 0 2 0 0 1 0 0 0 0 4 1 6 4 1 0 2 1 3 8 3 2 2 18 9 10 18 17 9 21 41 2 0 3 1 1 0 2 6 0 0 0 0 0 0 0 1 0 0 0 0 1 1 0 0 4 3 1 4 5 3 10 5 8 13 10 12 2 43 4 0 0 7 2 10 1 2 0 2 4 5 1 6 
2 0 0 0 0 0 0 0 0 0 0 0 0 0 0 0 1 0 0 0 0 0 0 0 0 0 0 1 0 1 0 0 3 0 1 0 0 0 0 0 0 0 2 3 0 2 1 0 3 4 0 0 0 0 0 0 0 1 0 0 0 0 0 0 0 0 0 0 0 0 1 0 0 0 1 1 0 0 0 1 0 0 0 3 0 3 1 5 2 0 0 0 0 2 2 0 0 1 0 0 0 0 
0 1 0 0 0 0 0 0 0 0 0 0 0 0 0 0 1 0 0 0 0 0 0 0 0 0 0 0 0 0 0 1 0 0 1 0 2 0 2 0 0 0 2 0 1 0 0 0 2 5 0 0 0 0 0 1 0 0 0 0 0 0 0 0 0 0 0 0 0 0 0 0 0 0 2 2 0 1 3 0 2 0 3 7 6 6 0 7 1 0 0 0 0 2 1 2 0 3 0 0 0 2 
5 10 5 1 0 4 5 6 1 0 5 7 10 0 3 1 4 4 4 2 1 0 1 2 0 0 1 5 0 24 7 15 20 19 14 12 25 26 34 19 16 2 33 43 31 27 34 18 35 89 7 12 9 7 1 0 3 5 0 3 1 1 0 0 5 7 3 0 1 1 2 2 1 0 9 2 1 6 19 11 10 6 12 46 30 30 12 113 39 0 0 35 8 39 31 31 9 28 13 5 2 7 
