9 32 82 8 22 89 93 99 69 39 23 74 117 255 123 156 66 60 78 26 16 15 9 45 19 4 0 56 28 1 0 4 34 8 13 8 7 4 90 28 21 2 18 17 26 24 7 4 12 51 8 2 9 3 2 7 10 9 0 0 8 40 4 14 21 21 4 13 0 6 5 2 7 2 1 4 0 1 11 0 8 5 0 5 3 7 8 42 1 0 0 18 6 1 5 7 0 0 4 0 0 16 
14 16 36 27 17 76 54 105 94 40 19 95 105 272 160 138 101 63 91 24 10 12 7 43 12 0 1 31 40 0 1 5 19 7 10 5 6 7 66 38 37 2 15 22 42 32 21 15 4 55 23 1 9 3 3 8 10 15 0 1 9 51 15 27 30 39 9 19 1 9 5 5 6 5 1 3 1 2 26 4 3 1 3 10 2 10 1 35 4 0 0 44 0 1 9 4 1 5 6 0 0 11 
36 22 8 16 33 110 78 76 105 49 21 98 90 325 157 132 84 72 86 25 17 12 8 27 8 3 0 41 85 2 0 5 25 20 15 6 13 5 67 61 31 2 32 22 18 28 14 8 4 43 8 4 16 3 10 8 4 13 0 0 3 46 11 14 10 46 1 8 2 6 1 3 2 4 2 2 4 1 28 10 3 2 5 7 5 7 0 16 8 0 0 37 7 1 2 6 1 1 2 2 0 9 
17 16 40 1 3 14 28 39 47 10 10 15 9 36 36 23 12 15 3 2 1 5 1 6 2 0 0 8 6 1 0 1 3 0 2 0 0 1 7 0 1 1 2 9 3 7 3 0 0 9 2 0 3 0 1 2 0 7 0 0 1 6 2 7 2 7 0 0 0 0 0 0 4 1 1 1 0 0 13 0 0 1 0 0 0 0 0 2 0 0 0 2 0 3 0 0 0 0 0 0 0 3 
36 12 12 5 13 6 10 9 26 20 5 56 35 61 33 49 20 27 15 20 13 2 4 11 2 0 1 25 11 1 1 1 3 4 0 3 1 2 27 39 5 0 4 12 4 6 15 2 0 13 7 12 4 2 1 12 7 16 0 1 2 16 3 4 4 10 4 2 0 2 2 6 3 2 1 0 0 1 14 0 0 1 0 0 0 2 1 2 2 0 0 9 0 1 2 0 1 0 0 0 0 0 
93 198 188 57 16 15 30 25 50 47 21 186 150 466 236 214 195 95 118 41 30 40 29 56 10 4 2 55 60 11 12 7 10 18 9 5 4 12 132 74 33 7 44 55 27 23 24 2 1 48 26 5 20 14 9 10 10 11 0 9 20 67 14 28 24 58 15 23 3 1 15 10 13 12 1 2 2 2 34 2 1 0 6 23 3 13 7 10 9 0 0 54 6 4 4 2 0 1 0 0 0 7 
52 105 82 9 14 22 10 38 61 50 25 112 127 280 232 90 67 75 85 40 14 19 15 36 1 4 0 36 50 8 2 7 14 17 24 1 1 10 39 55 26 6 41 57 20 42 19 4 4 23 10 7 12 2 8 7 8 5 0 1 5 42 9 32 32 29 10 13 4 6 9 4 8 22 1 2 0 9 30 4 2 5 0 12 6 7 2 8 10 0 0 39 8 11 2 0 0 0 2 0 0 9 
33 98 101 12 10 34 38 9 24 49 21 130 187 376 196 203 157 85 88 34 23 34 20 43 12 21 0 34 22 1 0 10 15 6 12 0 3 13 38 70 35 1 42 20 23 48 21 8 3 27 7 6 10 6 7 6 3 10 0 1 5 99 0 43 18 37 23 11 7 6 2 3 18 19 1 2 0 0 30 1 12 3 1 6 1 3 3 7 4 0 0 70 6 7 3 0 0 0 0 1 0 9 
59 198 160 26 38 120 136 39 20 33 39 166 177 476 207 219 140 94 84 39 29 29 9 30 10 8 0 63 47 14 1 6 16 20 16 4 13 8 79 61 51 12 51 47 40 32 34 4 2 46 12 3 14 7 1 1 9 9 0 0 1 34 23 23 21 43 7 12 4 9 2 6 17 3 3 3 0 1 25 0 0 0 0 7 0 3 1 6 1 0 0 32 2 11 3 1 0 0 4 1 0 7 
51 92 77 10 32 60 65 17 18 5 10 43 67 302 114 95 123 102 97 49 30 12 9 57 11 4 0 31 28 11 2 2 8 8 1 1 1 8 45 34 35 8 20 18 14 48 12 2 3 27 15 5 19 10 6 7 16 2 0 1 0 5 7 13 15 30 1 18 2 2 0 12 2 14 2 12 0 2 27 1 5 0 0 4 0 8 1 9 1 0 0 28 18 1 9 1 0 1 4 0 0 2 
22 38 46 27 83 57 31 28 70 28 3 10 75 141 61 82 61 77 46 19 5 16 8 19 3 1 0 42 26 4 2 4 5 1 5 0 5 1 44 21 19 6 28 22 11 23 9 10 5 24 7 2 11 3 2 2 8 3 0 1 1 49 2 2 6 7 0 1 5 0 1 0 5 10 3 7 3 0 11 6 1 0 0 7 0 1 0 0 0 0 0 27 0 11 1 1 0 0 0 0 0 2 
78 146 76 17 37 118 64 92 100 36 35 23 52 124 97 132 145 138 130 75 29 9 26 63 30 3 6 95 33 20 6 9 7 2 1 1 5 5 39 49 10 7 35 29 27 17 22 3 12 44 13 8 15 2 5 2 23 28 0 3 5 68 7 8 7 18 2 4 4 1 11 10 11 11 2 5 0 0 28 1 1 1 0 1 0 0 0 3 2 0 0 59 2 5 5 1 1 2 1 0 0 4 
64 108 79 7 90 109 119 102 191 83 59 41 8 82 119 143 103 207 145 42 59 17 26 67 25 2 0 95 39 15 6 19 26 2 9 0 2 15 32 59 19 0 28 23 12 42 28 7 9 50 7 0 24 4 4 3 5 16 0 14 28 98 4 4 6 6 2 5 3 0 1 12 7 12 4 1 3 3 31 5 4 0 0 0 0 0 1 3 4 0 0 47 4 2 19 1 2 4 1 1 1 6 
45 71 50 6 44 87 55 56 100 49 31 32 30 24 44 33 56 95 101 105 59 34 44 73 27 7 5 202 25 3 2 1 4 1 1 1 5 0 3 45 17 12 18 6 16 24 6 11 1 13 11 3 9 2 3 0 1 9 0 2 4 28 1 0 6 1 0 0 1 0 0 0 1 8 5 2 0 2 28 0 0 0 0 0 0 0 0 2 0 0 0 26 0 4 1 0 1 1 0 0 0 8 
54 82 142 8 30 102 61 81 118 75 107 77 69 39 7 31 78 85 106 67 63 28 59 87 38 10 5 153 23 6 8 17 16 1 4 1 0 2 8 15 12 1 14 28 12 23 5 8 2 40 13 9 10 7 6 3 6 8 0 4 9 34 2 0 2 1 0 0 0 0 0 1 1 2 0 3 0 1 19 5 0 0 0 2 0 1 1 8 0 0 0 9 2 2 4 0 0 0 2 0 0 3 
57 91 47 6 18 99 34 63 72 63 57 75 92 118 45 14 38 135 133 77 115 30 79 119 47 9 5 130 34 17 6 62 83 46 71 19 88 1 2 41 29 3 40 45 22 30 30 5 3 53 17 3 14 8 3 5 19 27 0 9 2 23 0 8 2 0 0 0 1 1 2 2 5 7 2 9 4 3 43 6 1 0 0 1 0 3 3 15 2 0 0 52 0 1 5 0 0 0 2 1 0 6 
28 65 64 4 22 84 28 65 57 59 56 113 113 344 76 107 6 112 172 85 128 41 45 146 55 8 7 93 16 36 17 82 154 72 141 54 57 16 57 65 64 16 67 81 85 84 46 20 12 128 12 10 22 12 3 18 14 6 0 5 20 49 5 17 6 0 0 0 0 0 0 1 0 2 3 26 1 6 47 5 4 0 0 0 0 9 6 19 9 0 0 73 5 0 0 3 0 0 0 0 0 7 
23 38 50 6 13 56 26 29 43 57 45 95 109 262 100 123 26 13 58 44 75 35 72 100 55 8 0 127 27 41 12 50 78 42 133 26 37 7 58 42 32 3 38 73 61 64 54 12 12 87 11 1 7 8 4 2 4 2 0 3 0 20 9 2 1 1 0 0 0 0 0 0 2 0 0 2 0 3 31 6 9 0 0 1 0 6 0 13 12 0 0 43 3 1 0 0 0 1 0 0 0 9 
32 63 39 2 7 62 17 25 42 32 30 65 88 144 94 109 74 73 4 33 111 44 71 94 58 23 3 90 6 10 5 10 45 19 73 31 19 10 15 7 6 2 19 30 20 29 17 0 3 21 5 3 5 4 1 3 2 2 0 1 0 11 1 6 1 0 0 0 0 0 0 0 0 0 0 2 0 0 16 0 1 1 0 2 0 3 0 6 2 0 0 6 6 0 0 1 0 0 0 0 0 3 
14 21 20 3 26 30 20 33 49 26 26 71 61 191 138 197 147 158 83 4 6 13 39 44 39 13 4 172 17 11 4 18 28 19 36 10 36 15 76 38 11 4 24 29 16 35 12 6 12 27 2 3 3 3 1 2 2 1 0 3 1 0 1 1 0 1 0 0 0 0 0 0 1 0 1 1 1 0 7 0 0 0 0 1 0 6 3 6 0 0 0 20 1 0 0 2 0 0 1 0 0 3 
13 26 25 2 5 32 17 27 44 25 19 100 93 333 231 366 248 254 185 9 6 8 42 53 38 10 21 122 4 7 3 10 4 9 68 14 37 21 73 41 22 2 30 24 28 33 15 6 4 36 1 2 0 0 1 0 1 2 0 0 0 5 0 3 0 0 0 0 0 0 0 0 0 0 4 2 0 0 3 0 0 0 0 0 0 6 0 10 2 0 0 3 1 0 0 0 0 0 0 0 0 0 
29 49 34 11 14 31 23 52 69 33 74 102 110 484 243 373 269 262 151 30 10 17 48 85 30 34 66 171 23 19 1 9 40 14 33 17 58 39 112 40 23 7 18 29 16 57 20 6 4 35 3 4 2 2 4 0 8 0 0 3 0 1 0 1 0 0 0 0 0 0 0 0 0 0 0 3 3 0 11 1 0 0 0 0 0 2 3 2 2 0 0 10 1 0 0 1 0 0 0 0 0 4 
11 18 34 6 7 22 6 18 37 25 41 59 48 267 276 324 290 367 235 82 149 32 3 30 31 34 20 261 3 4 2 10 49 17 93 14 41 29 89 48 28 0 42 54 33 35 17 10 8 39 2 3 2 4 6 2 7 6 0 2 2 17 1 10 1 0 0 0 0 0 0 0 0 0 2 1 2 3 13 0 2 0 2 1 1 3 1 11 12 0 0 26 1 1 0 0 0 1 0 0 0 2 
22 30 44 7 28 30 13 36 51 57 27 119 97 465 312 500 546 338 280 155 143 67 38 15 12 40 41 215 5 29 5 4 66 23 99 23 73 17 131 50 65 3 73 104 37 97 31 2 11 82 9 3 14 6 5 7 7 13 0 1 9 15 1 5 1 1 0 0 0 0 0 0 0 0 1 1 1 9 34 2 4 0 0 1 0 12 3 9 12 0 0 24 0 0 0 1 0 1 2 0 0 0 
29 37 24 1 4 42 18 33 40 56 13 54 72 190 140 217 117 110 131 108 82 23 28 22 7 11 10 125 27 21 6 25 115 18 44 33 50 15 67 72 33 6 26 27 37 52 30 7 12 130 10 5 13 13 8 2 2 10 0 3 1 5 0 7 0 1 0 0 1 0 1 0 1 1 8 2 0 1 22 2 0 7 1 4 0 4 6 53 3 0 0 18 1 0 2 0 0 0 1 0 0 6 
0 0 1 0 0 2 0 2 0 2 2 4 1 33 8 22 6 49 25 19 46 49 28 64 3 0 2 23 0 2 0 0 2 3 15 3 2 0 15 4 1 0 3 10 3 9 0 5 0 1 0 0 0 1 0 0 0 0 0 0 0 1 0 0 0 0 0 0 0 0 0 0 0 0 0 0 0 0 1 0 0 0 0 0 0 1 0 0 0 0 0 0 0 0 0 0 0 0 0 0 0 0 
0 8 4 0 1 2 0 3 4 1 8 26 14 42 79 45 86 19 31 24 62 36 29 74 46 7 2 152 0 4 0 8 9 21 21 2 16 5 39 14 7 0 2 5 4 1 4 0 0 8 3 2 0 3 0 2 4 0 0 1 2 0 0 1 1 1 0 0 0 0 0 0 0 1 0 1 1 0 1 0 0 1 0 0 0 1 0 6 0 0 0 16 0 0 1 0 0 0 0 0 0 1 
27 30 35 11 13 24 11 25 31 46 42 76 124 442 197 308 204 198 172 121 198 191 204 182 135 21 30 10 13 4 8 11 58 19 36 37 71 37 136 76 38 3 50 36 30 50 28 9 14 128 12 4 14 3 5 6 7 9 0 9 0 2 0 2 0 3 1 0 0 0 0 1 0 1 3 2 0 3 28 2 1 3 1 2 1 4 5 21 16 0 0 20 3 1 1 0 1 1 0 0 0 6 
6 5 3 0 0 5 1 7 2 3 10 13 6 14 4 9 4 6 2 0 2 1 0 5 1 0 0 1 1 0 0 0 0 0 1 0 0 0 24 5 1 0 3 0 5 0 1 0 0 2 1 1 0 0 0 1 0 0 0 0 0 0 0 0 8 2 0 0 0 0 1 0 0 1 0 0 0 2 1 2 0 0 0 0 0 0 0 0 0 0 0 0 0 1 0 0 0 0 0 0 0 0 
2 2 0 2 7 5 4 14 8 1 11 16 22 16 14 100 123 87 130 24 25 5 9 20 13 2 0 5 7 23 108 504 1203 669 1628 641 1461 455 623 382 215 28 340 425 159 234 115 46 47 347 20 4 38 12 11 9 26 33 0 38 19 294 19 77 134 194 57 67 12 19 8 13 12 0 8 8 2 11 77 11 6 7 3 9 0 45 23 115 41 0 0 305 59 39 26 23 0 7 15 0 0 54 
0 6 8 0 2 8 7 6 3 1 1 12 11 5 1 59 56 52 73 11 6 4 3 2 7 0 0 1 0 79 21 267 578 248 773 248 658 152 192 166 47 15 85 102 45 93 51 4 16 112 8 2 12 4 0 3 4 15 0 11 12 156 7 34 90 134 22 21 13 24 1 4 19 5 1 4 2 7 18 7 3 4 1 2 2 3 2 30 13 0 0 95 18 25 5 7 1 3 0 0 0 17 
5 5 3 0 2 2 1 9 4 1 4 14 24 5 17 108 114 71 72 16 5 2 2 12 7 2 0 11 2 146 181 24 379 285 1109 379 1073 465 658 275 260 30 252 300 187 211 125 63 32 260 37 24 38 10 2 16 20 17 0 29 12 153 4 28 156 200 55 14 17 7 3 3 9 4 1 7 10 1 51 12 5 7 2 4 2 13 9 79 39 0 0 234 62 48 49 8 6 2 6 0 1 36 
6 2 5 0 1 0 12 3 1 6 2 3 5 2 0 10 46 30 8 5 3 2 3 6 7 7 1 7 5 162 101 55 21 51 205 84 210 110 168 102 86 17 129 88 75 103 86 15 30 183 17 4 18 9 3 16 2 4 0 5 3 46 0 1 45 48 4 10 3 3 4 17 5 1 7 2 1 3 22 2 4 8 1 2 0 13 8 55 13 0 0 104 3 13 14 4 0 1 3 1 1 25 
1 5 2 1 2 3 4 0 3 4 0 5 2 0 6 34 40 38 13 1 4 0 5 9 13 1 1 9 1 80 59 105 75 9 75 44 229 135 190 121 75 15 148 115 83 90 65 20 12 158 19 5 24 7 0 12 6 19 0 12 5 78 2 0 17 101 15 29 14 26 14 14 22 20 6 3 2 0 26 6 1 2 1 2 0 3 4 12 19 0 0 152 26 27 9 8 1 3 10 0 0 14 
9 7 1 0 0 3 8 6 1 1 12 0 4 1 1 18 27 25 23 3 16 3 2 13 4 0 0 7 2 172 64 190 250 89 13 35 189 133 198 165 60 15 117 82 55 95 70 14 10 134 17 2 10 5 6 3 3 14 0 1 0 42 4 11 23 39 8 11 12 9 17 9 15 8 4 1 0 0 18 3 0 0 0 0 0 13 6 24 4 0 0 98 22 27 9 8 0 2 3 0 0 26 
4 4 4 0 1 7 1 0 1 0 1 2 1 0 4 13 73 53 54 7 14 19 25 21 9 7 0 9 2 207 86 219 240 64 87 18 593 121 164 136 67 9 77 42 64 91 64 19 7 106 8 3 6 11 1 1 1 5 0 5 0 67 8 19 23 41 10 2 11 0 2 5 17 8 1 0 2 0 6 0 1 0 0 1 0 6 4 31 12 0 0 58 16 9 11 3 4 3 5 0 0 20 
4 2 2 0 0 1 0 0 0 0 0 4 2 1 10 17 7 2 1 3 2 4 2 10 3 0 0 9 1 182 105 221 229 79 141 86 50 52 121 199 114 33 166 121 75 112 78 31 23 279 2 5 5 8 0 0 1 2 0 0 1 44 9 16 12 5 3 1 2 0 9 4 32 17 0 2 2 0 9 7 0 0 0 0 2 7 6 48 11 0 0 124 25 17 11 2 0 1 5 0 0 26 
7 10 7 2 10 6 9 5 8 8 9 17 9 30 11 7 12 13 26 11 15 6 3 21 13 1 1 38 3 159 83 282 321 177 257 84 187 10 145 307 236 27 340 324 176 221 121 45 25 367 3 1 8 5 3 1 14 1 0 1 9 82 4 15 17 14 0 0 2 3 8 6 14 9 3 0 2 1 6 0 3 0 0 4 0 13 13 65 49 0 0 290 20 29 16 15 4 2 15 0 0 32 
14 11 15 0 3 26 18 27 16 20 13 22 13 21 4 11 12 17 20 13 21 8 9 29 5 3 0 50 9 90 49 126 287 111 288 50 310 65 31 252 122 29 282 287 133 205 111 52 13 341 4 6 22 2 0 1 3 7 0 0 4 103 23 13 36 16 13 6 7 3 8 8 13 21 3 10 2 1 21 3 2 3 3 5 5 23 5 57 30 0 0 296 28 40 22 4 2 5 10 2 1 42 
17 46 44 5 6 63 30 41 65 27 31 56 76 86 49 94 115 122 94 18 19 4 28 36 13 2 0 44 18 188 74 284 406 296 1144 227 1189 626 972 31 132 53 351 457 270 572 290 84 72 641 5 1 17 5 2 6 3 8 0 3 23 182 5 46 25 62 7 10 6 4 8 18 31 22 8 5 1 5 27 6 4 15 2 10 8 10 17 31 105 0 0 169 27 32 31 19 2 4 8 0 0 50 
14 26 18 1 10 26 7 23 16 9 14 11 25 30 8 45 61 86 42 12 12 5 13 25 22 1 0 35 15 103 31 179 253 108 274 93 489 343 533 68 13 21 201 230 167 322 201 87 63 376 3 4 4 0 0 0 0 8 0 5 5 91 10 16 18 25 1 5 5 2 22 4 5 4 2 2 1 0 32 4 6 12 0 16 2 10 11 30 25 0 0 104 19 36 27 6 0 4 7 0 0 30 
0 1 0 0 4 0 0 2 8 0 3 4 8 23 2 0 15 10 24 3 0 0 0 3 0 0 0 3 1 14 6 27 74 19 88 10 129 55 84 39 44 4 76 102 66 77 77 23 19 83 3 2 3 2 0 0 3 3 0 0 0 28 0 2 4 5 1 7 0 1 0 0 7 1 1 1 5 1 1 4 4 1 3 6 2 12 6 30 28 0 0 24 23 21 4 3 1 1 0 0 0 15 
6 2 5 1 2 8 3 6 8 7 2 7 8 3 19 8 19 51 16 4 3 0 1 5 3 1 0 17 3 33 12 66 167 40 169 30 165 209 235 122 64 12 21 24 123 104 80 35 33 236 8 10 7 13 0 8 4 2 0 3 12 70 6 7 13 15 8 3 0 4 2 4 4 5 9 5 0 5 22 17 10 9 9 93 31 73 23 133 29 0 0 60 58 67 49 30 19 19 23 1 0 115 
3 15 4 3 4 12 2 5 8 4 6 9 5 9 9 20 36 73 30 3 6 4 3 12 2 2 0 17 0 38 11 63 152 84 152 27 208 204 261 202 115 77 70 56 317 283 146 85 87 434 19 13 46 23 1 0 6 7 0 8 3 70 2 12 10 18 7 4 0 2 2 2 11 4 16 11 3 6 41 37 17 26 9 63 64 128 68 111 42 0 0 278 54 92 81 81 11 6 36 3 6 135 
5 18 6 5 4 15 4 9 19 16 12 22 4 17 8 25 65 51 74 3 8 5 3 38 7 0 0 21 3 57 16 67 157 78 221 68 339 180 236 234 185 61 218 173 61 189 122 114 94 594 8 1 17 4 4 4 1 0 0 3 5 75 3 11 11 36 13 5 1 1 4 10 6 7 4 5 4 3 22 9 4 10 2 43 12 44 18 61 24 0 0 259 56 49 62 31 5 16 17 0 6 64 
15 10 3 0 4 6 6 2 7 6 15 14 16 15 4 19 39 44 54 3 13 2 9 28 7 0 0 14 2 62 12 62 180 66 155 62 305 120 184 279 138 32 211 303 140 19 117 92 64 488 5 14 7 1 0 2 3 2 0 3 2 40 2 12 30 24 10 2 2 0 4 3 7 13 4 2 1 4 18 10 3 13 11 34 25 47 43 152 41 0 0 299 50 104 91 18 10 16 24 1 1 107 
9 20 10 3 10 8 3 15 11 6 4 9 10 8 9 22 39 43 70 7 14 8 4 21 13 1 1 16 5 43 9 62 174 51 170 45 306 159 238 232 169 83 266 269 212 137 22 128 123 317 4 7 16 1 1 4 3 6 0 8 4 87 2 11 12 31 21 3 0 2 4 7 7 5 9 3 0 10 32 12 5 16 5 41 18 58 19 152 52 0 0 236 58 62 59 15 6 23 30 3 4 139 
13 14 5 0 7 8 3 7 5 7 15 17 11 12 5 12 43 30 63 5 14 3 3 18 4 0 1 20 0 28 9 85 134 70 162 45 256 126 276 276 269 83 375 733 543 1012 425 14 68 1342 8 1 14 4 1 3 1 9 0 1 11 24 4 11 10 24 3 3 1 1 6 2 2 13 7 2 1 3 19 6 8 11 2 55 30 78 60 128 35 0 0 628 98 87 101 27 12 12 15 0 2 73 
12 9 6 0 1 21 7 13 10 19 8 21 18 30 1 29 60 40 58 8 11 3 4 19 8 2 0 28 4 43 9 89 158 84 154 51 324 145 243 316 181 50 656 1196 1018 1508 725 420 15 2154 10 12 6 1 3 12 4 4 0 1 2 27 4 15 13 45 6 7 2 4 1 8 16 6 8 11 1 2 36 23 13 14 9 127 17 70 75 194 55 0 0 856 121 185 193 83 13 34 18 3 3 82 
42 30 20 10 15 43 18 34 50 53 33 53 26 59 15 78 93 139 105 26 16 10 18 155 43 0 1 88 23 151 48 206 790 181 388 152 804 469 707 615 369 95 901 1286 875 1154 488 490 140 24 32 16 41 16 2 10 18 13 0 3 10 55 15 49 31 66 19 10 9 4 2 11 31 22 23 28 3 13 84 37 24 38 31 96 37 144 105 679 126 0 0 1062 115 184 273 56 5 29 86 8 11 304 
8 14 10 1 7 16 15 15 18 7 3 10 29 55 27 41 16 17 8 4 0 0 4 41 11 0 0 20 11 11 2 19 80 21 44 13 37 12 16 12 5 2 17 26 12 34 16 5 5 45 5 9 128 96 85 21 82 103 0 77 30 65 2 54 42 66 9 21 6 12 7 13 19 21 14 25 1 8 126 18 16 10 8 51 12 24 11 64 15 0 0 23 8 6 12 4 0 9 9 2 2 21 
1 1 5 2 1 12 2 6 11 3 3 19 23 38 23 29 22 6 6 2 0 2 0 11 3 0 0 6 2 6 0 13 44 9 23 6 26 6 14 23 11 2 24 23 8 19 9 4 3 18 39 5 42 39 30 13 62 43 0 30 26 46 2 42 34 22 11 17 2 8 4 1 19 13 19 7 0 2 92 5 17 0 8 28 12 13 1 27 7 0 0 19 4 3 4 1 0 2 6 0 1 11 
1 13 8 3 4 10 8 12 7 11 2 4 28 41 32 27 33 38 14 10 4 0 4 30 4 0 0 16 4 9 4 17 79 20 40 19 29 10 48 19 19 2 25 54 4 25 14 3 3 48 134 25 4 24 27 9 54 94 0 50 28 52 25 48 48 60 21 47 6 14 4 10 16 15 9 13 1 18 93 18 10 9 10 54 15 21 12 60 8 0 0 40 13 9 8 0 3 9 6 0 0 21 
7 9 19 3 1 37 9 11 5 8 6 17 24 85 43 43 26 24 20 4 4 1 1 10 3 1 0 9 8 25 6 21 41 12 60 9 46 7 36 30 6 4 19 28 6 12 12 7 7 26 314 74 69 4 36 17 95 129 0 125 37 63 27 64 71 52 24 26 3 14 18 9 12 16 9 10 3 20 176 21 17 4 11 47 13 19 15 14 4 0 0 72 12 12 15 5 0 11 8 0 1 10 
1 9 7 3 4 17 5 5 10 5 11 13 16 42 26 11 7 7 4 1 1 3 0 15 2 0 0 5 3 11 2 11 20 20 29 7 15 2 7 29 4 0 24 20 1 8 3 1 0 9 121 43 43 15 1 9 40 73 0 55 38 39 23 26 45 25 9 14 0 10 3 3 12 24 4 9 2 6 73 18 21 2 3 39 6 2 1 15 4 0 0 13 4 8 11 1 0 0 5 0 0 6 
2 4 1 0 1 4 2 5 1 2 2 4 3 30 10 16 8 1 6 2 0 0 1 8 0 2 0 2 12 9 0 7 11 9 28 3 7 1 7 4 2 1 6 18 6 9 4 1 2 11 38 11 37 8 2 2 24 43 0 34 3 31 9 5 12 28 5 7 1 12 20 3 6 6 1 9 1 9 85 3 1 2 2 18 2 4 1 12 0 0 0 15 1 8 0 2 1 1 1 0 0 4 
6 12 4 1 1 29 3 6 5 6 9 9 20 60 36 29 37 38 17 11 3 1 3 15 3 1 0 9 4 20 3 21 23 25 77 3 30 8 48 22 7 0 47 34 13 21 17 8 2 19 110 37 57 21 18 23 3 32 0 63 68 123 17 66 51 78 9 31 2 22 10 6 17 23 17 17 1 6 49 6 7 10 4 76 14 18 4 30 7 0 0 55 7 13 14 2 0 1 10 0 1 15 
5 18 34 0 12 29 19 39 19 6 16 52 35 143 40 56 55 19 36 17 10 0 7 18 2 0 0 9 9 34 6 39 57 46 97 13 31 2 42 17 19 4 38 56 19 23 19 10 5 31 118 36 107 27 26 15 9 5 0 100 99 167 19 66 64 99 18 37 2 22 10 18 45 18 19 53 21 7 127 13 16 15 12 112 21 10 11 46 25 0 0 77 11 8 11 6 0 2 7 1 3 13 
0 0 0 0 0 0 0 0 0 0 0 0 0 0 0 0 0 0 0 0 0 0 0 0 0 0 0 0 0 0 0 0 0 0 0 0 0 0 0 0 0 0 0 0 0 0 0 0 0 0 0 0 0 0 0 0 0 0 0 0 0 0 0 0 0 0 0 0 0 0 0 0 0 0 0 0 0 0 0 0 0 0 0 0 0 0 0 0 0 0 0 0 0 0 0 0 0 0 0 0 0 0 
14 22 39 1 5 11 6 4 11 4 5 10 32 61 18 55 40 34 42 13 15 5 2 30 8 0 0 22 2 15 12 49 28 26 58 0 3 7 10 11 5 1 13 37 7 15 5 2 0 10 77 27 53 48 14 20 59 45 0 5 27 107 31 75 121 166 48 48 12 9 24 26 48 45 9 15 11 8 62 11 11 9 1 30 3 17 7 25 13 0 0 47 8 7 4 12 1 0 2 0 0 15 
4 3 0 0 1 0 1 0 1 0 0 0 3 2 0 4 3 0 0 0 0 0 0 1 0 0 0 1 1 6 10 12 7 1 8 2 8 13 6 6 5 0 4 5 2 4 0 0 3 8 17 16 24 19 17 7 20 22 0 2 1 77 8 11 44 129 21 17 23 9 11 14 20 47 6 7 0 6 29 5 3 5 1 7 5 7 4 6 5 0 0 10 10 2 1 3 0 2 0 0 0 2 
1 6 0 0 0 2 0 1 0 0 1 0 0 0 0 0 0 0 0 0 0 0 0 0 0 0 0 0 0 0 0 2 3 0 4 4 3 1 2 1 1 1 2 0 0 2 1 0 0 0 9 1 8 0 1 16 5 15 0 1 6 0 0 1 30 2 3 2 0 10 1 9 0 5 0 1 0 2 3 4 0 1 2 0 0 0 0 0 1 0 0 1 0 0 0 0 0 0 0 0 0 0 
5 5 5 0 0 1 2 9 2 0 1 0 4 1 1 4 2 5 1 0 0 0 0 1 0 0 0 1 1 5 7 11 5 4 11 6 19 7 12 14 5 0 10 10 3 3 3 1 0 2 12 4 5 8 4 3 2 3 0 13 15 4 0 13 41 109 8 7 12 10 2 2 16 9 4 3 0 0 11 2 5 6 0 2 0 2 4 4 0 0 0 17 0 2 3 0 0 0 0 0 0 0 
5 4 1 0 2 13 2 5 8 3 2 0 1 1 0 1 6 1 12 0 1 0 2 1 0 0 0 0 4 11 4 31 14 2 22 25 78 35 26 24 15 4 19 30 1 23 12 2 2 25 30 18 20 15 6 16 35 27 0 60 18 167 2 1 50 133 30 21 47 20 13 39 65 43 6 4 3 4 85 3 13 1 0 13 2 3 0 4 2 0 0 23 1 3 3 0 0 0 0 1 1 9 
6 15 1 0 1 25 8 19 13 6 5 11 4 2 0 2 19 2 0 0 2 0 1 3 1 0 0 3 8 38 15 43 41 15 47 21 74 18 59 65 47 3 21 35 23 46 29 6 2 40 39 11 49 21 19 28 23 35 0 38 64 202 35 48 2 107 95 56 33 98 77 42 116 64 10 10 12 14 66 20 25 6 2 6 1 10 5 17 3 0 0 43 1 1 3 0 3 0 1 0 0 4 
10 22 8 6 11 32 5 12 13 3 0 16 4 1 5 3 1 0 0 0 0 0 0 1 0 0 0 3 21 62 23 71 122 91 99 65 130 10 77 25 29 1 32 51 22 37 21 10 4 39 62 21 52 19 5 23 32 38 0 84 63 275 63 116 110 23 39 65 94 104 115 85 141 149 17 10 1 18 124 48 24 6 9 17 3 15 3 11 7 0 0 26 3 0 4 0 0 0 1 0 0 5 
4 8 6 0 7 2 9 11 10 3 0 4 4 3 1 3 0 0 1 0 0 0 0 1 0 0 0 0 4 29 12 57 41 42 66 25 44 12 21 15 8 5 11 32 10 9 11 8 10 21 21 13 23 14 4 2 10 3 0 24 26 78 34 50 77 73 7 19 66 60 40 55 75 71 4 2 4 1 19 9 7 2 3 7 1 6 1 2 10 0 0 2 1 0 0 0 0 0 0 0 0 1 
6 14 13 0 3 9 4 22 9 2 16 12 4 0 1 4 0 0 0 0 0 0 0 0 0 0 0 0 3 18 16 35 67 62 168 14 86 12 42 20 18 8 12 13 6 22 9 0 4 22 15 17 59 16 11 16 34 28 0 41 68 179 53 108 207 239 70 5 16 56 62 49 100 119 6 3 2 2 42 17 6 9 7 20 5 1 3 11 1 0 0 1 0 1 0 0 0 0 0 0 0 3 
2 1 0 0 1 3 2 2 0 0 1 1 1 0 0 2 0 0 0 0 0 0 0 0 0 0 0 0 0 26 3 18 11 12 63 6 35 6 17 4 4 0 4 10 0 3 5 0 5 6 5 6 10 4 3 2 6 3 0 7 8 76 12 38 85 159 85 8 1 6 15 38 33 66 3 3 2 3 26 2 3 2 0 4 1 2 3 1 1 0 0 11 0 0 0 0 0 0 0 0 0 0 
5 6 13 0 1 10 2 5 8 4 3 3 0 1 1 1 0 0 0 0 0 0 0 0 0 0 0 0 1 19 11 32 38 66 92 15 75 4 21 5 10 0 3 8 3 5 4 9 0 15 31 4 31 19 11 10 5 24 0 40 45 194 20 110 246 435 120 48 17 6 33 58 219 293 3 8 6 1 56 2 4 4 2 10 1 4 0 2 0 0 0 3 0 0 0 0 0 0 0 0 0 1 
5 8 2 1 1 13 3 34 1 4 4 27 4 0 7 16 1 2 0 0 0 0 0 0 0 0 0 0 6 9 5 21 79 50 154 56 204 48 108 51 21 11 26 27 21 24 11 8 8 43 27 9 15 6 21 10 10 35 0 75 30 147 45 131 246 568 203 246 123 78 7 38 104 232 5 4 2 0 55 8 10 8 2 19 1 3 6 19 7 0 0 30 0 0 1 2 0 0 0 0 0 2 
3 1 3 2 3 15 6 10 4 8 6 7 6 5 2 10 1 0 0 0 0 0 0 0 1 0 0 0 2 9 3 15 109 87 190 44 129 51 75 14 22 4 31 35 11 23 11 7 4 26 20 5 30 9 5 10 22 17 0 69 35 187 34 130 317 481 258 232 140 143 22 3 194 283 1 15 3 4 50 6 8 5 4 16 4 3 3 11 7 0 0 24 1 2 1 1 0 0 0 0 0 2 
3 3 4 0 0 3 2 6 7 3 1 3 3 0 1 12 1 1 0 0 0 0 0 0 0 0 0 2 0 3 1 3 10 24 62 25 50 18 37 9 4 4 3 8 4 7 5 0 6 34 21 10 17 8 6 3 7 28 0 35 14 112 22 47 132 207 53 37 31 52 75 35 4 74 4 9 0 1 59 15 5 7 3 17 2 6 2 6 1 0 0 4 3 0 1 0 0 0 1 0 1 2 
4 5 1 1 1 12 5 5 10 4 1 10 9 3 1 5 0 0 0 0 0 0 0 0 0 1 0 0 2 0 0 2 12 35 15 9 29 12 34 5 3 0 10 3 5 3 6 2 1 9 34 6 20 14 10 14 11 13 0 36 31 123 26 37 97 190 29 99 41 83 70 47 80 2 8 9 1 3 48 5 4 3 12 17 4 6 1 12 3 0 0 4 0 0 0 0 0 1 0 0 0 4 
0 1 8 1 2 8 6 17 6 13 3 12 11 45 25 29 23 19 6 5 0 1 1 10 5 1 0 3 7 4 6 23 44 9 27 7 19 4 15 20 12 3 54 100 20 45 28 5 8 64 12 3 15 5 7 15 55 67 0 71 12 44 23 31 33 43 5 17 0 6 4 3 7 10 6 23 13 29 391 92 61 30 32 199 31 67 21 113 30 0 0 73 20 18 30 12 2 8 12 2 0 50 
2 7 2 1 4 5 10 5 23 6 1 8 4 60 16 61 40 8 15 3 2 3 1 7 0 0 0 4 5 7 0 15 32 16 56 3 18 8 29 23 11 1 51 75 36 74 60 5 17 64 26 7 38 14 16 27 82 111 0 46 39 50 7 45 27 44 2 22 2 2 11 4 15 22 27 2 23 25 287 98 50 37 31 216 50 57 18 94 40 0 0 74 24 40 18 12 3 5 10 0 1 35 
2 1 6 0 0 1 0 4 1 2 0 1 1 14 1 5 8 9 2 2 1 4 2 1 2 0 0 0 0 2 1 10 11 6 10 0 9 0 14 3 11 0 4 15 8 9 7 1 2 12 2 8 7 10 2 6 8 38 0 26 4 2 6 10 4 13 1 4 0 1 0 1 1 6 13 23 1 15 107 20 17 10 15 81 13 4 1 19 8 0 0 9 6 3 7 2 0 4 0 0 1 5 
9 7 7 1 2 5 10 7 0 4 0 4 3 47 17 13 17 16 10 1 0 0 9 6 5 1 0 10 4 9 7 17 27 8 52 11 2 3 14 14 18 2 51 127 27 61 30 9 7 52 18 11 57 20 13 15 32 115 0 33 14 44 7 40 55 38 4 11 3 4 3 4 15 14 68 139 13 5 101 79 47 52 40 296 33 36 12 81 26 0 0 164 13 52 37 21 2 5 23 5 4 17 
22 26 32 0 6 23 7 25 27 9 4 31 24 122 70 35 62 39 47 21 5 4 10 22 8 3 2 32 10 33 22 44 110 41 105 13 30 8 44 38 20 3 80 177 37 56 53 4 14 101 113 53 117 47 51 43 72 159 0 50 63 150 30 103 110 145 31 80 10 42 34 37 56 117 122 145 41 26 9 24 29 35 23 374 74 53 35 127 36 0 0 229 15 61 41 20 4 19 11 3 2 44 
4 6 4 1 4 4 0 1 9 4 0 3 3 33 9 14 25 15 8 2 0 1 1 9 3 0 0 5 8 12 6 16 25 17 38 4 4 2 25 52 27 7 86 114 40 81 47 7 7 81 24 11 24 3 6 10 13 26 0 8 15 51 34 32 47 29 9 24 5 10 6 7 9 10 48 145 12 36 104 8 17 60 44 335 71 47 24 102 29 0 0 174 14 83 32 5 1 5 6 0 0 19 
4 7 3 1 3 4 0 1 3 3 1 2 3 11 11 12 6 11 3 1 4 0 2 3 1 0 0 3 10 16 9 5 32 8 34 0 3 6 8 50 12 8 78 100 47 64 34 14 5 82 41 11 13 8 5 2 24 25 0 15 16 72 42 32 36 36 7 23 7 4 5 2 17 17 20 96 18 40 118 41 5 23 12 351 69 63 26 91 29 0 0 192 47 47 52 20 4 18 4 1 2 29 
1 4 7 0 1 1 1 1 1 1 0 1 1 3 1 6 1 1 1 0 1 0 0 4 0 0 0 1 0 2 7 6 23 6 6 0 4 2 14 47 32 4 78 84 61 54 29 16 3 68 14 1 5 4 1 2 7 20 0 11 12 53 11 16 14 12 7 6 3 0 1 6 5 14 22 41 5 25 62 16 16 0 6 155 26 65 21 71 32 0 0 154 36 40 26 12 3 8 18 3 1 33 
3 6 8 26 6 3 2 22 1 3 1 1 0 0 1 7 0 3 1 1 0 0 0 3 0 0 0 4 2 6 5 12 21 16 9 0 1 2 17 22 39 7 79 122 19 62 38 22 20 105 47 17 27 6 9 6 23 19 0 21 13 67 7 17 20 51 14 9 5 6 0 5 24 16 33 65 13 37 187 80 48 23 4 229 102 100 31 103 46 0 0 185 34 70 46 10 2 19 15 1 3 38 
1 5 9 0 2 4 2 9 2 7 1 0 0 0 0 0 0 1 0 0 0 0 2 2 0 0 0 2 5 7 0 4 18 10 2 0 2 2 8 39 27 8 93 158 38 81 40 23 21 129 19 22 67 16 21 5 38 37 0 31 15 83 2 5 9 32 3 2 2 0 13 3 21 11 88 91 42 68 196 157 119 60 113 29 58 93 37 162 47 0 0 272 46 60 57 36 6 19 17 0 2 79 
5 7 3 0 7 5 0 1 5 7 2 0 0 0 0 2 0 2 0 1 0 0 0 1 1 0 0 1 1 10 3 3 9 2 2 5 8 0 9 55 21 16 241 275 71 155 61 14 21 127 21 27 27 12 9 3 40 56 0 36 9 85 7 19 18 34 8 5 7 8 9 3 7 2 21 28 17 33 195 181 172 124 148 297 13 137 66 177 105 0 0 398 56 112 97 30 10 17 30 2 2 66 
9 4 7 10 3 13 6 3 5 3 1 0 0 0 3 4 35 8 7 2 0 0 0 7 3 0 0 11 5 19 2 17 31 12 17 16 51 27 52 11 27 18 222 279 50 155 81 33 13 169 24 9 22 14 3 8 20 20 0 27 14 83 20 4 5 41 3 0 7 1 0 3 3 10 20 34 5 17 108 36 41 39 9 202 61 6 22 88 64 0 0 371 73 97 97 22 4 4 18 3 3 66 
7 1 8 5 0 18 3 2 2 11 1 1 3 0 0 14 10 29 14 2 1 1 2 12 1 0 0 1 5 11 2 22 60 21 29 3 94 37 69 29 46 8 195 272 88 152 32 19 9 164 10 14 19 3 2 3 19 18 0 17 17 51 2 15 15 24 7 13 0 1 2 4 6 7 9 11 5 18 71 25 35 49 20 163 97 42 4 70 51 0 0 346 105 116 80 31 6 22 33 1 16 59 
31 33 23 10 4 36 10 22 18 22 5 8 12 5 15 30 44 60 48 20 17 9 5 56 13 2 0 63 5 114 36 101 280 84 179 72 329 224 303 183 71 52 568 696 209 594 319 137 116 1031 52 22 47 21 12 10 47 59 0 48 38 148 9 22 32 67 10 21 3 10 9 10 20 20 79 57 13 36 218 92 70 105 67 395 173 131 89 30 130 0 0 1407 255 355 358 179 44 79 145 9 40 429 
6 7 4 0 4 5 0 13 0 5 2 5 20 4 4 28 39 40 44 3 6 0 2 10 4 0 0 13 2 26 5 59 52 60 147 17 159 110 169 111 68 65 297 215 36 164 52 53 28 185 10 4 16 12 4 3 2 9 0 23 4 62 5 6 12 23 1 5 1 1 2 3 3 4 15 8 2 7 71 25 26 26 23 147 28 147 112 65 11 0 0 613 149 176 134 74 11 8 27 4 6 108 
0 0 0 0 0 0 0 0 0 0 0 0 0 0 0 0 0 0 0 0 0 0 0 0 0 0 0 0 0 0 0 0 0 0 0 0 0 0 0 0 0 0 0 0 0 0 0 0 0 0 0 0 0 0 0 0 0 0 0 0 0 0 0 0 0 0 0 0 0 0 0 0 0 0 0 0 0 0 0 0 0 0 0 0 0 0 0 0 0 0 0 0 0 0 0 0 0 0 0 0 0 0 
0 0 0 0 0 0 0 0 0 0 0 0 0 0 0 0 0 0 0 0 0 0 0 0 0 0 0 0 0 0 0 0 0 0 0 0 0 0 0 0 0 0 0 0 0 0 0 0 0 0 0 0 0 0 0 0 0 0 0 0 0 0 0 0 0 0 0 0 0 0 0 0 0 0 0 0 0 0 0 0 0 0 0 0 0 0 0 0 0 0 0 0 0 0 0 0 0 0 0 0 0 0 
3 2 3 0 1 4 1 1 2 0 5 2 0 3 3 10 6 3 12 0 2 1 0 2 0 0 0 7 0 7 6 20 24 10 70 6 59 27 35 42 19 0 20 109 49 70 33 9 15 89 5 7 9 2 1 0 3 1 0 4 0 24 0 7 3 9 3 1 0 0 1 3 4 0 1 5 0 3 18 11 9 12 5 23 22 81 35 84 29 0 0 7 72 65 42 60 17 8 12 2 4 79 
0 0 3 1 2 3 0 0 2 5 2 0 2 1 8 1 6 2 1 0 0 0 0 1 2 0 0 3 1 18 3 14 24 11 55 23 85 14 25 25 42 10 171 187 49 52 49 22 19 85 7 0 6 1 2 3 2 0 0 1 3 12 0 1 1 2 0 0 0 1 0 0 0 0 6 9 1 4 22 5 5 4 16 46 9 58 25 55 43 0 0 255 1 13 4 31 1 9 11 6 1 38 
2 1 5 0 2 0 0 2 5 8 1 3 12 17 3 4 0 5 0 0 0 0 1 0 0 3 0 1 1 17 2 39 29 40 61 15 88 39 67 39 74 6 198 321 121 184 81 43 19 187 11 2 8 5 0 6 4 4 0 8 1 10 1 6 3 0 0 0 0 0 0 0 2 1 11 17 2 3 43 23 30 21 26 86 13 90 71 104 66 0 0 455 17 12 9 33 15 13 16 2 21 122 
0 4 1 0 0 2 0 1 0 1 1 5 3 2 1 2 0 1 0 0 0 1 0 1 0 0 0 1 1 20 3 14 21 20 23 12 80 17 34 13 39 11 197 247 45 130 71 24 24 139 2 1 5 1 2 1 17 4 0 4 0 5 0 1 1 0 0 0 0 1 1 0 0 0 1 14 0 1 14 4 7 17 6 66 18 66 48 69 68 0 0 277 36 6 2 11 2 5 16 2 0 85 
1 5 5 0 3 3 1 1 1 1 2 4 5 13 6 3 4 0 0 0 1 0 0 1 1 0 0 4 13 12 8 44 37 37 107 30 186 46 116 113 86 21 589 661 176 213 91 42 38 270 8 2 8 2 0 0 2 11 0 7 7 28 0 2 2 2 1 0 0 0 0 0 2 0 7 6 2 11 51 18 12 28 9 82 23 68 62 171 167 0 0 2416 233 109 92 8 15 11 23 3 5 140 
1 0 0 0 0 1 1 1 0 0 1 4 0 1 0 1 1 0 0 0 0 0 0 0 0 0 0 0 0 2 0 2 5 7 9 3 28 9 18 10 10 2 49 122 76 21 22 13 6 25 1 0 0 0 1 0 1 0 0 0 0 5 0 0 3 0 0 1 0 0 0 1 2 0 1 2 0 5 6 11 4 0 2 19 1 13 5 26 24 0 0 228 12 17 46 36 0 0 0 1 1 29 
0 3 0 0 0 3 2 1 1 0 2 2 3 12 0 14 5 2 0 0 0 2 0 1 0 0 0 0 2 6 4 6 36 23 32 9 75 34 77 30 41 5 330 458 139 214 100 30 32 234 8 2 20 5 2 4 8 7 0 8 0 8 0 3 0 1 0 0 0 0 0 0 6 1 9 3 3 12 24 6 9 25 10 92 28 59 53 92 75 0 0 997 170 100 149 163 5 6 10 4 2 120 
2 3 3 0 0 2 0 4 1 2 0 4 5 3 2 2 0 0 0 0 0 0 0 1 0 0 0 0 1 11 2 3 13 8 28 4 41 26 72 19 30 16 186 217 112 152 71 50 28 216 11 3 6 2 1 1 5 7 0 2 5 2 0 2 1 0 0 0 0 0 0 0 0 0 8 6 6 5 35 19 6 24 12 69 14 49 40 78 55 0 0 446 52 85 67 22 5 3 1 2 3 60 
2 2 0 1 0 0 0 1 0 0 0 1 4 2 0 4 0 2 0 0 0 0 0 0 0 0 0 0 0 2 0 1 7 2 9 9 37 11 41 12 22 3 48 139 43 68 45 8 6 56 2 0 2 0 4 0 1 3 0 1 1 0 0 0 0 0 0 0 0 0 0 0 0 0 0 3 0 4 15 5 12 4 4 25 2 12 0 23 30 0 0 138 43 36 51 10 18 1 11 2 0 13 
0 0 0 0 1 0 0 0 0 1 0 0 1 0 0 0 1 0 0 0 0 0 0 0 0 0 0 1 0 5 0 0 3 0 5 7 10 7 8 3 6 0 53 79 18 19 21 4 3 29 0 0 4 0 0 0 0 1 0 0 0 4 0 1 0 0 0 0 0 0 0 0 0 0 1 5 1 0 1 3 2 3 3 12 7 11 7 36 25 0 0 133 34 9 34 23 1 2 4 4 2 1 
4 10 3 0 0 2 3 2 1 1 0 1 3 4 2 2 9 2 3 1 1 1 0 1 0 0 0 2 2 10 5 6 23 4 14 10 52 21 74 27 45 1 114 212 60 93 62 21 13 67 5 5 3 2 0 5 0 4 0 8 8 1 0 1 0 0 0 0 0 0 0 1 2 3 12 3 5 7 12 11 8 9 6 60 11 43 32 136 34 0 0 290 51 33 86 34 6 16 18 1 2 8 
