13 9 32 1 12 32 36 28 32 22 16 32 75 129 79 67 53 33 23 7 9 5 9 39 11 4 1 36 97 0 0 5 36 6 2 6 11 2 30 28 10 2 9 15 13 16 8 5 3 53 9 1 6 6 3 9 1 2 0 1 2 3 0 3 6 23 3 4 4 0 1 2 4 5 0 1 0 1 25 2 1 2 0 5 1 2 1 25 4 0 0 9 0 1 3 2 0 2 1 0 0 15 
8 11 24 4 11 47 43 24 32 31 11 52 89 156 83 84 64 42 41 11 6 5 7 33 13 0 0 18 138 3 5 2 22 3 6 0 13 8 42 22 12 1 13 15 8 23 10 1 4 63 7 5 7 4 2 3 2 11 0 1 1 3 2 6 5 18 2 4 4 1 1 2 3 4 0 4 1 1 24 3 0 4 0 2 2 4 1 9 2 0 0 12 2 0 2 1 3 3 2 0 1 9 
15 22 12 15 16 58 31 40 39 22 10 43 65 140 85 62 54 29 47 10 5 15 4 26 5 2 0 23 276 2 1 4 15 1 3 0 4 4 32 28 18 4 13 16 16 14 18 5 3 45 12 5 6 2 1 2 4 4 0 2 3 2 0 1 5 18 4 3 0 5 5 3 2 4 3 1 0 3 19 2 1 1 3 10 1 6 3 19 4 0 0 8 1 4 2 1 0 2 2 0 0 14 
11 20 21 3 3 6 16 8 7 3 2 12 16 35 18 12 7 3 3 1 2 0 2 3 3 0 0 12 45 4 0 1 1 0 0 3 1 1 11 2 2 0 1 3 1 2 6 2 0 6 0 0 3 1 0 0 1 0 0 0 0 1 2 1 0 0 0 0 0 0 2 2 0 4 1 0 0 0 1 0 0 0 0 6 1 0 1 3 0 0 0 0 0 0 0 1 0 0 0 0 0 1 
12 14 8 3 2 10 16 3 15 9 5 12 29 31 9 16 10 7 9 3 3 6 1 16 1 1 0 12 46 4 0 0 2 2 2 2 3 0 4 2 4 0 1 3 4 5 4 1 1 24 4 0 1 2 2 2 0 1 0 0 0 3 0 5 2 5 2 3 0 0 1 0 1 3 0 0 0 2 10 1 1 0 1 1 1 0 0 7 1 0 0 2 1 0 0 0 0 1 1 0 0 4 
36 49 54 17 9 9 20 24 16 17 24 45 61 122 57 94 57 55 32 9 12 14 8 26 10 1 1 28 170 9 8 3 11 3 3 0 5 9 54 15 15 0 7 10 9 14 10 0 6 24 4 0 14 5 1 3 3 2 0 1 0 2 5 0 10 12 2 7 3 5 2 1 1 1 1 1 0 3 14 1 1 1 3 1 3 4 1 10 3 0 0 11 1 2 3 1 0 1 0 0 0 6 
27 52 50 16 12 27 9 33 52 17 18 32 64 118 80 95 62 38 32 9 9 10 8 23 7 0 0 13 77 6 3 2 14 3 4 2 1 7 53 20 18 2 12 11 3 18 12 6 0 30 1 5 6 2 2 1 6 5 0 3 0 3 3 14 6 13 4 7 2 2 3 5 3 4 3 2 5 2 12 1 2 0 0 4 2 5 7 2 2 0 0 11 2 4 3 2 0 0 1 0 0 6 
25 27 46 10 15 21 38 7 18 19 9 53 69 127 52 81 55 19 24 9 15 7 5 16 14 0 0 22 66 2 2 3 6 1 3 0 1 5 44 32 8 3 9 13 15 7 12 5 4 26 2 5 1 6 2 2 4 5 0 1 3 3 3 2 9 12 5 1 0 2 5 3 8 3 2 1 3 3 13 2 1 1 0 7 6 2 0 5 1 0 0 10 3 1 1 0 0 0 2 0 0 9 
25 54 46 12 9 19 61 23 15 12 15 34 63 89 38 82 61 29 36 2 15 10 5 30 15 3 3 21 70 9 1 3 8 2 3 0 4 8 43 11 18 3 10 7 16 15 9 7 2 37 6 3 11 1 1 3 2 3 0 0 0 5 3 4 7 12 3 2 0 1 3 1 8 0 0 5 0 2 9 3 0 2 0 1 0 3 8 5 1 0 0 4 2 0 0 2 0 1 0 0 0 5 
10 24 21 1 7 16 15 11 6 4 2 8 33 64 15 52 39 26 24 5 8 1 11 25 11 1 0 24 46 3 1 2 8 1 0 2 2 0 25 6 9 2 7 5 6 6 2 5 1 23 5 6 1 5 2 1 4 5 0 1 0 3 1 4 0 8 3 3 2 0 2 5 4 2 3 3 1 1 13 1 2 3 2 11 1 0 1 2 0 0 0 4 4 0 2 0 0 1 1 0 0 1 
14 16 12 7 12 13 12 5 12 9 2 5 25 20 32 39 18 16 21 8 8 4 3 15 4 2 2 19 34 4 0 1 4 0 2 0 0 2 39 6 3 4 5 2 2 9 0 4 2 14 2 1 1 2 6 3 1 4 0 0 0 4 0 0 0 3 0 0 0 1 0 1 0 0 0 0 1 0 2 0 1 0 1 0 0 3 0 3 0 0 0 7 1 0 1 2 0 1 1 0 1 4 
43 56 31 9 22 25 36 36 43 14 13 12 31 60 28 66 54 33 41 5 16 17 12 61 15 1 1 57 64 15 4 6 9 0 1 1 3 7 52 18 14 4 6 7 10 13 7 1 9 28 10 4 5 1 1 2 5 10 0 6 0 9 1 3 3 8 0 3 0 2 1 0 2 3 2 1 0 0 14 2 1 1 0 1 0 2 0 5 1 0 0 13 2 0 1 1 0 0 0 0 0 4 
53 67 57 7 16 47 49 46 53 40 18 33 9 82 27 66 73 22 68 28 25 19 15 64 30 3 2 86 48 11 4 6 11 1 3 0 4 13 29 40 14 5 10 9 13 17 17 2 2 51 6 1 11 5 2 1 6 15 0 2 0 5 0 1 0 5 1 0 1 0 3 0 4 1 1 2 2 0 8 0 0 0 0 1 0 0 2 3 1 0 0 4 1 3 2 3 0 1 2 0 0 8 
61 68 64 6 14 42 39 33 47 23 15 19 29 7 6 35 45 42 48 31 30 30 21 81 42 8 5 186 43 4 3 4 10 1 1 1 3 3 22 11 11 3 6 5 4 15 9 2 4 25 8 8 6 3 4 6 2 8 0 4 1 4 0 0 0 1 0 0 0 0 3 0 2 1 2 3 5 0 17 1 0 0 0 0 0 0 1 5 4 0 0 8 2 3 5 2 5 0 0 0 0 2 
52 71 63 9 20 39 50 55 66 32 20 27 35 27 9 16 45 41 30 16 27 31 31 72 45 2 6 137 39 9 2 3 12 2 2 1 2 4 7 15 6 2 8 9 5 13 5 1 2 20 10 5 9 13 6 1 10 12 0 1 2 0 1 2 2 0 1 1 0 0 0 0 0 1 4 1 2 5 16 1 0 0 0 0 0 1 1 6 2 0 0 7 0 0 3 0 0 0 1 0 0 4 
46 45 33 11 19 43 38 39 40 57 14 41 49 37 14 18 50 51 50 19 48 18 30 93 38 17 6 116 45 28 14 13 39 6 18 4 51 7 10 30 15 2 17 17 22 17 8 4 6 44 11 6 16 2 2 5 5 11 0 3 2 10 0 3 2 2 1 0 0 0 0 0 5 1 5 0 4 1 12 1 0 0 0 0 0 4 1 21 2 0 0 14 2 1 2 0 1 0 0 1 0 6 
18 45 30 6 21 22 20 42 44 46 17 35 84 154 37 96 13 40 68 23 74 20 31 97 31 15 5 77 30 36 9 30 46 12 40 6 45 8 55 44 24 3 34 46 27 36 26 8 6 69 4 7 14 9 1 1 5 14 0 4 2 7 5 4 3 1 0 0 0 0 0 2 4 3 3 5 5 0 15 3 0 2 0 2 0 2 0 15 6 0 0 21 2 3 2 1 0 2 1 0 2 7 
17 30 32 4 13 19 18 27 24 36 18 33 44 106 54 119 42 20 19 9 36 13 18 45 16 9 5 82 24 21 6 17 50 7 36 12 30 9 53 25 14 3 20 26 22 24 17 3 6 61 6 7 7 8 1 0 4 5 0 1 2 5 2 2 0 0 0 0 0 0 2 0 3 2 9 0 0 2 17 0 1 0 0 3 0 10 2 5 0 0 0 6 1 1 0 0 0 0 0 0 0 9 
11 27 20 4 5 24 15 21 13 33 14 23 52 95 35 69 45 14 4 13 29 14 14 49 19 12 0 68 45 12 2 10 15 4 13 9 21 5 27 4 8 3 3 11 11 14 11 3 6 33 3 3 6 4 1 1 0 0 0 2 0 4 1 0 0 0 0 0 0 0 0 0 0 1 0 1 2 1 16 1 0 0 0 2 0 4 1 2 0 0 0 3 0 0 1 1 0 0 0 0 0 1 
9 20 18 4 5 11 10 12 17 11 12 25 40 86 33 87 60 23 29 11 7 8 14 53 28 10 9 91 18 4 1 11 7 6 8 7 13 10 48 18 10 3 3 3 8 6 7 1 1 21 3 2 0 2 0 1 1 4 0 0 1 2 0 2 0 0 0 0 0 0 0 0 0 0 0 0 0 2 6 0 0 0 0 0 0 1 3 3 0 0 0 2 0 0 0 0 0 0 0 0 0 2 
22 15 12 1 3 11 17 18 11 12 7 24 63 101 51 143 86 45 36 3 5 8 8 31 9 13 12 85 26 8 1 1 3 2 6 8 29 8 61 16 10 4 11 14 3 14 7 6 2 33 2 0 4 1 1 0 0 1 0 3 0 0 0 2 0 0 0 0 0 0 0 0 0 0 0 0 0 0 2 0 0 0 2 0 0 0 1 5 2 0 0 3 3 0 2 0 0 0 0 0 0 2 
22 18 22 4 10 6 25 25 17 18 8 24 52 97 55 150 63 32 39 9 5 7 13 29 15 31 8 113 27 6 4 1 12 1 4 4 34 10 58 11 3 4 7 9 7 9 12 2 2 15 0 3 6 0 1 0 4 2 0 0 1 0 0 2 0 0 0 2 0 0 0 0 0 0 2 0 2 0 4 0 0 0 0 4 0 0 0 2 1 0 0 4 0 0 1 0 0 0 0 0 0 1 
8 5 6 3 3 8 7 11 9 9 3 21 29 66 24 129 59 44 39 14 44 21 7 27 16 8 6 103 14 4 2 0 14 3 7 4 12 6 43 7 7 0 5 7 5 15 6 4 5 26 0 0 2 0 1 3 0 1 0 0 0 0 0 1 0 2 0 0 0 0 0 0 0 0 0 0 1 0 9 0 0 0 1 2 0 3 0 1 1 0 0 3 0 0 1 0 0 0 0 0 0 0 
18 29 13 6 6 26 13 18 21 46 5 40 70 137 84 190 153 84 95 22 36 16 24 13 8 37 46 162 33 10 6 10 38 6 8 16 36 21 123 34 22 6 8 14 13 31 18 7 4 98 14 3 10 5 1 1 3 3 0 1 2 2 0 1 0 0 0 0 0 0 0 0 0 0 2 1 3 1 18 1 1 2 1 2 1 3 3 18 2 0 0 3 0 0 0 0 0 0 1 0 0 1 
27 29 20 5 6 27 18 12 14 52 16 45 62 130 65 150 86 53 72 53 31 16 7 21 14 8 25 110 7 23 8 12 142 4 9 12 28 29 64 49 41 11 10 32 25 41 36 14 17 163 23 7 22 14 5 1 3 8 0 0 4 1 3 3 1 1 0 0 0 0 0 0 1 1 7 8 0 2 15 1 1 0 3 7 0 3 3 42 7 0 0 7 1 2 3 2 0 2 2 0 0 10 
1 1 1 1 0 0 0 0 2 5 0 0 0 11 3 16 13 4 12 6 7 11 15 27 5 0 3 12 1 0 0 2 2 1 1 0 1 0 8 0 1 0 2 2 1 1 0 0 0 2 0 0 1 0 0 0 0 0 0 0 0 0 0 0 0 3 0 0 0 0 0 0 0 0 1 1 0 0 7 0 0 0 0 0 0 0 1 0 0 0 0 1 0 0 0 0 0 0 0 0 0 0 
0 0 2 0 1 1 2 0 2 2 1 5 6 10 9 22 20 6 15 7 25 18 14 40 13 3 3 81 1 1 1 1 2 0 6 0 3 2 11 0 3 0 0 0 2 0 1 0 0 7 0 0 2 1 0 1 1 0 0 0 0 7 0 0 0 0 0 0 0 0 0 0 0 0 2 0 0 0 3 1 0 0 0 0 0 1 1 1 0 0 0 0 0 0 0 0 0 0 0 0 0 0 
19 31 33 6 12 23 5 16 17 23 12 52 83 181 125 217 145 63 63 48 82 67 58 119 45 21 35 13 17 6 4 9 36 11 14 12 71 26 94 32 40 4 13 31 26 18 34 13 7 116 15 7 15 5 6 3 3 7 0 6 0 1 0 1 0 1 1 0 0 0 0 0 0 0 4 2 0 2 22 4 4 2 2 4 0 4 3 42 4 0 0 15 1 2 1 2 1 0 8 1 0 7 
6 5 11 0 2 3 3 1 13 5 1 6 8 14 7 5 4 3 2 1 2 0 1 6 1 0 0 6 0 0 1 2 3 0 0 0 0 0 1 2 2 1 0 2 7 0 4 2 0 7 1 2 0 1 0 0 0 1 0 0 0 0 0 1 1 3 0 1 0 2 0 1 2 2 1 0 0 0 2 0 0 0 0 0 0 0 0 6 0 0 0 1 0 0 0 0 0 0 0 0 0 1 
5 5 7 0 1 2 8 4 1 0 3 6 10 11 4 49 70 39 27 8 5 0 3 8 5 0 0 8 5 34 71 111 370 87 221 237 578 176 345 146 108 8 65 106 71 97 68 16 27 223 6 6 15 10 3 5 4 5 0 8 8 21 11 20 40 78 7 10 4 7 3 8 5 1 9 0 1 4 38 8 3 3 7 9 9 25 10 65 17 0 0 48 13 10 9 10 1 4 17 1 2 28 
2 3 1 0 1 2 3 1 3 1 1 2 3 2 0 10 17 16 14 1 0 1 0 9 1 1 0 8 2 78 12 55 132 34 109 95 250 87 126 61 38 2 15 31 42 38 27 2 8 60 8 4 9 0 1 1 2 1 0 4 5 8 3 4 10 40 6 9 8 4 0 4 12 3 1 1 0 2 12 1 0 0 1 2 1 8 1 20 1 0 0 13 4 7 3 2 0 2 2 1 0 14 
2 5 3 0 1 0 8 3 4 1 0 8 7 11 5 30 60 20 15 1 1 2 4 7 5 0 0 9 17 136 79 14 143 50 150 98 380 143 353 109 87 25 66 74 67 84 58 23 27 177 10 8 16 9 2 5 7 12 0 2 3 17 1 12 13 47 6 10 2 3 3 6 4 0 6 3 2 2 26 4 5 5 2 5 0 19 4 41 17 0 0 56 8 6 8 8 1 4 4 1 0 30 
5 11 5 4 0 2 1 0 4 3 0 4 10 12 1 18 30 22 10 5 11 2 4 23 17 1 0 16 6 167 63 55 25 29 74 68 237 95 195 105 98 16 60 47 57 98 79 25 34 289 16 13 18 12 8 5 12 10 0 2 4 10 0 4 6 23 5 9 6 14 5 8 12 10 13 0 2 2 40 6 3 1 4 8 0 16 8 75 9 0 0 38 6 4 8 9 3 3 8 0 2 47 
3 8 2 1 0 0 3 2 4 0 1 1 2 1 3 11 25 6 9 2 1 1 0 9 2 2 2 7 2 74 20 44 39 6 25 29 125 61 135 77 38 11 35 40 37 32 19 14 19 94 8 10 10 6 2 7 7 6 0 5 5 14 4 4 11 21 7 13 3 5 7 5 11 9 2 3 2 3 30 3 1 1 1 2 0 3 0 15 7 0 0 35 4 5 4 1 0 0 7 0 0 7 
0 8 7 0 1 3 6 2 1 0 0 1 2 1 6 17 25 12 8 6 4 4 4 16 1 0 2 9 4 112 50 109 119 29 14 29 168 71 139 79 50 7 56 50 45 53 32 19 9 109 10 2 13 5 3 3 4 6 0 2 2 15 0 10 14 18 2 3 6 10 15 5 19 1 6 1 0 4 16 4 1 0 0 4 0 1 3 21 7 0 0 48 7 12 9 12 1 0 6 0 2 27 
1 6 1 0 1 0 4 1 1 1 0 2 0 0 4 9 20 22 5 3 5 6 7 8 4 1 0 11 2 150 41 75 125 24 54 7 226 70 99 44 55 7 36 40 35 47 29 15 9 108 4 2 2 2 0 0 1 3 0 1 2 13 2 10 7 8 3 2 5 2 5 9 13 8 0 0 0 2 13 0 0 0 0 0 0 8 2 25 2 0 0 30 9 6 3 4 1 2 7 2 1 24 
5 4 6 0 2 1 0 8 4 3 0 2 5 1 0 14 19 3 8 7 12 1 6 22 5 0 1 26 5 260 110 140 217 69 97 124 17 76 216 165 105 32 102 109 95 98 87 27 34 248 8 6 14 8 1 2 1 7 0 1 0 13 10 14 11 20 4 8 1 12 15 7 15 5 10 4 0 3 12 0 0 0 2 5 1 14 5 45 15 0 0 77 15 16 10 14 2 7 9 5 3 31 
3 11 8 2 1 3 14 5 9 5 7 12 3 6 1 1 7 8 14 3 13 9 9 17 6 1 0 20 18 120 63 100 161 26 61 46 128 15 136 176 109 27 88 108 122 136 112 45 37 282 4 2 7 4 2 2 2 3 0 1 0 25 4 10 9 5 1 0 2 1 7 5 11 7 0 1 0 0 10 1 2 0 0 7 2 18 7 55 16 0 0 91 21 13 2 17 1 4 10 1 3 31 
6 11 17 1 1 14 11 9 8 9 8 11 13 9 4 13 15 14 12 12 17 6 10 27 9 7 1 33 19 107 36 99 177 73 106 50 236 67 15 199 108 13 88 114 89 119 72 32 24 267 7 5 8 1 3 1 6 11 0 1 3 9 3 18 16 13 2 6 3 6 9 4 5 8 4 0 0 2 34 0 2 1 0 13 1 15 9 66 11 0 0 103 9 14 14 4 4 6 20 1 0 34 
14 20 14 6 9 15 15 28 19 24 10 26 37 22 15 27 60 34 19 4 16 7 5 42 11 1 2 45 35 150 38 85 197 68 185 79 584 256 507 24 55 26 107 172 102 244 135 37 44 332 12 9 13 2 2 0 6 11 0 2 3 19 0 9 14 19 2 3 1 1 7 9 14 4 9 4 3 2 41 4 0 4 2 8 9 7 10 22 7 0 0 77 16 9 13 10 0 5 4 3 1 25 
10 4 15 2 2 11 6 4 12 11 2 5 10 13 3 9 38 33 18 3 17 4 3 27 18 1 4 39 19 94 21 53 143 43 58 36 292 118 286 68 14 27 84 79 71 151 86 33 27 236 4 0 6 3 1 0 1 2 0 0 1 11 4 10 7 10 3 0 3 1 2 4 6 8 5 2 1 3 23 6 9 10 8 9 4 15 15 27 15 0 0 34 9 14 27 10 2 5 9 3 2 17 
1 4 5 0 0 0 2 0 2 2 0 0 4 3 4 0 2 2 4 0 3 1 0 2 2 0 0 2 0 12 5 18 17 5 14 12 55 24 62 31 16 3 33 55 70 32 23 5 5 37 1 0 2 2 0 0 0 1 0 1 0 0 0 2 0 4 1 0 0 0 1 0 3 5 0 1 0 2 1 0 2 1 1 6 0 13 2 12 10 0 0 5 2 7 5 15 0 2 1 0 1 11 
10 9 9 1 4 8 4 12 7 1 1 26 9 5 3 4 20 14 7 4 1 0 0 6 1 1 0 13 18 38 21 33 97 35 42 17 120 79 147 48 40 10 27 44 55 61 49 22 25 130 10 5 11 5 0 2 7 6 0 5 1 7 0 4 6 10 2 4 2 4 4 4 9 8 14 6 0 7 26 15 6 10 8 29 16 51 24 95 31 0 0 70 30 31 15 41 3 23 25 5 0 93 
9 21 14 2 1 8 8 13 3 6 2 7 7 2 14 8 19 23 14 5 6 3 6 19 6 0 0 26 13 44 26 34 114 29 62 28 148 92 215 94 69 20 58 12 109 187 94 47 31 255 17 7 21 6 3 2 11 7 0 4 1 4 3 12 10 12 2 4 0 1 3 4 15 4 11 10 1 8 47 19 18 17 8 63 30 91 44 119 41 0 0 164 36 38 37 53 12 24 28 6 4 97 
11 9 11 1 1 5 8 7 9 14 7 8 8 4 13 8 20 21 18 5 5 4 8 28 12 2 1 37 28 46 18 35 149 30 55 46 220 114 200 97 63 20 101 94 15 137 89 51 68 270 18 3 6 3 2 1 5 2 0 1 7 7 3 10 3 20 3 4 0 1 3 5 3 3 15 4 0 11 18 12 4 28 6 29 9 32 14 62 18 0 0 69 18 14 21 30 0 18 13 3 2 56 
14 10 19 0 2 6 13 7 8 5 6 12 11 18 11 11 39 15 26 5 4 6 4 22 13 0 0 21 21 45 14 45 182 37 49 67 190 109 206 110 88 12 86 172 88 19 137 89 87 433 10 9 9 3 3 0 14 5 0 2 0 6 2 7 14 20 4 2 1 2 10 10 5 6 10 5 1 4 28 11 12 21 9 34 17 51 27 135 14 0 0 119 30 32 18 19 14 30 15 9 1 77 
22 17 8 1 2 6 5 13 6 8 6 11 8 11 5 16 25 17 13 8 4 3 7 25 13 0 1 25 9 39 17 45 162 27 54 18 197 121 179 123 87 22 82 149 107 163 19 80 63 265 13 4 13 7 3 1 2 6 0 2 1 7 0 8 4 14 2 2 2 1 2 3 7 6 12 6 4 2 31 10 2 11 6 29 21 49 12 156 26 0 0 90 27 18 21 10 0 11 18 4 0 70 
3 7 3 0 0 8 2 4 6 11 1 8 3 7 4 2 28 8 10 2 3 4 1 20 3 1 0 14 6 29 2 16 94 9 28 22 88 42 113 65 59 10 75 141 107 286 298 9 28 409 4 3 10 1 1 1 3 3 0 1 0 4 0 2 3 14 3 2 0 0 3 1 6 5 4 3 1 4 9 2 3 5 3 21 7 30 12 105 11 0 0 80 12 14 20 17 5 5 10 1 0 31 
9 12 5 2 2 2 8 6 2 10 5 7 8 3 3 6 11 7 11 1 2 3 1 11 7 0 1 16 7 30 2 26 153 21 33 19 95 58 121 90 78 13 121 212 134 329 310 79 15 513 8 4 8 3 1 0 0 4 0 3 3 7 1 3 4 8 0 3 0 1 2 6 1 3 10 3 0 1 12 9 6 7 4 30 5 22 5 167 15 0 0 116 18 22 25 12 2 7 15 1 1 31 
35 50 26 3 23 52 14 29 26 47 17 34 40 34 19 30 56 60 43 14 21 14 16 157 59 7 2 103 32 172 33 149 1051 72 121 146 498 288 516 290 256 41 222 460 321 585 291 172 124 36 32 29 46 15 12 7 14 13 0 2 7 12 2 21 28 56 13 12 8 4 19 8 28 47 42 25 4 19 112 18 26 49 37 91 23 89 42 657 37 0 0 261 34 61 90 43 13 32 72 2 5 267 
7 11 13 4 1 4 7 12 3 8 4 2 17 18 14 18 20 10 4 1 0 2 4 29 13 0 0 17 10 7 2 6 81 7 11 11 33 4 16 4 4 0 11 23 23 15 22 7 4 65 13 9 24 8 12 13 21 55 0 42 11 2 3 19 12 42 3 15 4 13 6 7 24 25 8 8 0 5 138 17 5 2 11 36 7 17 6 56 7 0 0 33 3 6 8 1 1 9 4 0 2 31 
1 7 4 0 0 6 4 8 4 6 1 4 7 16 8 5 11 2 7 1 3 0 1 5 7 0 0 3 5 9 1 11 35 5 3 3 18 0 20 2 4 0 9 7 5 13 10 8 2 18 12 6 26 23 5 7 16 36 0 18 6 2 5 13 18 14 2 6 0 5 3 1 7 15 5 2 3 3 64 4 0 3 5 19 4 18 7 26 8 0 0 11 2 4 5 4 3 3 3 0 0 12 
6 9 6 6 1 6 7 2 4 9 2 12 11 18 11 20 15 7 3 3 2 1 4 32 6 1 0 19 11 12 5 14 91 13 18 8 28 9 27 17 10 2 22 24 9 25 11 5 15 100 17 9 5 12 13 7 16 23 0 30 12 8 2 28 26 39 6 13 3 18 7 9 23 20 6 6 1 12 106 10 4 3 4 41 7 21 10 42 12 0 0 30 8 8 7 2 2 3 4 0 2 20 
8 5 9 0 0 9 9 4 2 7 0 4 10 16 9 4 17 7 6 0 0 1 3 5 3 0 0 7 7 8 3 2 25 12 12 0 19 7 15 8 3 0 8 12 8 12 13 0 5 15 16 26 22 4 7 5 21 42 0 23 10 6 3 25 20 20 6 9 3 8 7 7 3 9 2 9 3 5 90 10 8 6 5 34 3 15 7 15 6 0 0 10 0 3 2 0 0 4 2 0 0 10 
1 5 1 0 0 4 0 4 2 3 0 2 7 2 4 2 5 2 2 1 1 0 0 11 3 0 0 3 2 7 0 2 13 5 4 1 5 3 4 4 1 1 5 1 0 1 1 0 1 9 8 9 14 4 2 12 9 19 0 8 6 5 1 3 2 17 3 6 3 5 1 4 7 10 2 4 0 4 57 5 2 1 1 16 1 2 3 11 2 0 0 1 0 1 1 0 0 5 0 0 0 4 
0 3 0 0 1 0 0 3 0 0 3 0 2 6 2 5 2 0 0 0 0 0 1 2 1 0 0 1 2 6 0 0 13 6 2 1 2 0 1 2 0 0 0 5 2 4 2 1 0 5 3 6 8 3 0 2 6 11 0 7 1 3 3 3 0 6 1 3 0 2 2 2 5 6 5 1 0 3 30 4 1 1 1 9 3 1 0 4 1 0 0 3 1 2 1 0 0 2 0 1 0 2 
8 1 5 0 0 0 3 1 2 2 0 4 6 18 4 14 7 11 1 1 1 2 0 3 0 0 0 4 3 6 7 8 24 9 8 3 8 1 14 9 2 0 5 7 0 2 7 4 2 20 19 8 14 11 16 12 7 13 0 11 6 8 3 15 11 18 13 6 0 2 4 3 6 4 3 4 0 3 67 11 2 0 3 24 13 6 3 16 2 0 0 10 6 6 4 3 0 0 4 1 0 2 
7 9 10 0 6 3 3 5 12 3 1 2 13 23 8 28 6 5 7 0 3 1 1 12 0 1 0 11 15 12 2 6 30 4 13 4 6 2 22 6 9 0 11 12 3 7 1 2 3 23 29 12 47 13 12 27 4 6 0 23 9 13 5 23 18 34 1 18 0 9 8 5 11 8 11 4 0 7 98 22 10 0 11 46 42 10 0 23 6 0 0 17 2 7 6 3 2 5 4 0 0 5 
0 0 0 0 0 0 0 0 0 0 0 0 0 0 0 0 0 0 0 0 0 0 0 0 0 0 0 1 0 0 0 0 0 0 0 0 0 0 0 0 0 0 0 0 0 0 0 0 0 0 0 0 0 0 0 0 0 0 0 0 0 0 0 0 0 0 0 0 0 0 0 0 0 0 0 0 0 0 0 0 0 0 0 0 0 0 0 0 0 0 0 0 0 0 0 0 0 0 0 0 0 0 
14 6 16 1 3 2 12 4 1 4 1 4 19 30 14 34 27 8 14 5 4 10 8 31 12 1 3 21 14 9 7 10 15 9 6 1 5 2 15 11 2 2 1 9 2 6 4 3 1 23 24 13 36 19 11 12 15 33 0 4 8 10 9 10 24 43 12 12 5 12 12 8 16 31 13 6 1 8 48 3 0 1 4 11 4 15 4 17 0 0 0 12 8 8 4 1 0 2 3 0 0 7 
6 3 0 0 0 1 0 2 0 1 0 2 1 2 1 0 5 0 2 0 2 0 0 1 0 0 0 0 3 4 2 6 10 5 2 0 7 0 3 3 0 1 5 3 4 2 0 0 0 8 18 9 10 14 5 5 5 10 0 0 3 15 11 10 14 31 8 11 3 7 8 4 11 8 2 2 0 3 30 1 7 2 1 5 1 5 4 3 2 0 0 5 1 2 1 2 0 0 1 0 0 4 
2 3 6 0 0 2 1 1 0 4 2 1 3 4 6 1 1 1 0 1 0 0 0 4 2 0 0 1 2 14 1 5 5 10 7 12 9 5 20 6 4 0 4 8 4 1 1 2 2 9 4 3 6 3 2 3 1 5 0 4 7 2 1 8 16 15 3 7 4 4 7 10 2 4 2 1 0 0 8 1 1 1 5 2 0 0 4 1 0 0 0 10 0 0 0 1 0 0 0 0 0 1 
2 2 1 0 0 1 1 0 1 0 0 0 1 0 0 0 2 1 2 0 0 0 0 0 0 0 0 0 0 2 3 1 4 1 3 1 10 3 12 0 3 0 2 1 3 3 1 0 1 4 4 3 5 5 0 1 1 2 0 13 6 0 1 4 11 13 2 3 2 4 4 4 10 9 3 3 0 0 9 1 0 0 2 0 1 0 0 1 1 0 0 4 0 0 0 0 0 0 0 0 0 0 
1 2 3 0 2 1 6 2 3 0 0 4 0 0 1 3 4 3 1 0 0 0 0 0 1 0 0 1 7 2 3 3 10 6 13 11 19 9 32 18 6 1 7 10 8 8 7 1 2 29 20 14 31 15 12 1 15 13 0 17 6 32 0 18 10 31 8 14 6 3 11 6 19 18 6 0 0 5 31 6 6 2 1 5 0 1 0 1 1 0 0 5 1 5 3 0 0 0 2 0 1 1 
2 7 11 1 1 6 4 7 4 1 0 3 0 0 1 4 1 0 0 0 0 0 0 2 0 0 0 3 17 34 11 12 24 16 16 14 23 17 34 10 14 3 6 18 5 17 8 3 8 30 26 14 24 18 6 4 16 7 0 15 10 20 22 13 9 39 18 12 23 29 21 23 33 31 5 7 2 1 48 10 3 1 7 6 0 10 1 4 0 0 0 5 0 4 1 3 0 0 4 0 0 8 
4 17 18 0 6 9 7 16 5 1 2 6 4 1 1 4 1 0 3 0 0 0 0 2 0 0 0 1 9 45 17 32 24 17 24 19 56 8 55 15 12 3 11 15 18 11 11 6 7 35 26 16 39 21 8 10 16 9 0 40 21 43 15 37 40 21 14 32 31 59 34 53 65 38 12 15 1 9 60 11 11 5 2 10 4 7 5 21 2 0 0 9 2 0 0 0 0 0 0 0 0 6 
4 5 3 3 2 5 6 1 1 2 0 0 1 0 1 1 0 0 1 0 0 0 0 0 1 0 0 0 6 12 3 8 8 5 5 3 12 2 5 2 3 1 4 1 4 2 6 3 1 13 5 2 8 4 0 6 3 5 0 12 11 24 5 11 15 18 2 4 10 11 18 8 30 20 1 3 0 0 15 2 1 2 1 2 1 4 2 6 1 0 0 0 3 0 0 0 0 0 1 0 0 1 
4 4 0 0 1 8 7 4 2 3 1 2 0 2 0 0 1 0 0 0 0 0 0 0 0 0 0 0 10 19 8 5 18 12 23 7 26 4 14 3 2 5 2 6 8 7 7 1 1 22 11 12 20 11 0 9 17 9 0 12 12 25 8 22 23 53 2 9 8 25 21 46 24 43 12 5 2 0 36 7 2 2 4 4 3 2 1 14 1 0 0 2 2 0 0 0 0 0 0 0 0 1 
0 0 1 0 0 1 0 2 0 1 0 0 1 0 0 0 0 0 1 1 1 0 0 0 0 0 0 0 0 12 2 2 10 6 6 2 20 5 4 2 0 0 2 3 4 2 4 0 0 7 0 1 11 10 3 4 5 2 0 3 5 4 2 3 15 38 4 13 1 7 25 19 13 15 0 1 0 1 19 2 2 0 3 6 1 2 0 1 2 0 0 1 0 0 0 0 0 0 0 0 0 0 
3 3 3 0 1 2 3 4 4 1 0 1 3 2 0 1 1 1 0 0 0 0 0 0 0 0 0 0 3 12 7 6 16 13 6 7 23 6 12 4 9 0 6 4 3 1 2 0 1 11 10 11 17 6 3 8 10 10 0 9 10 39 12 18 44 87 25 29 17 3 34 48 44 72 1 8 1 5 46 6 3 2 2 3 5 1 0 4 1 0 0 3 0 0 0 0 0 0 0 0 0 1 
11 6 5 0 2 1 4 6 4 0 2 0 1 1 0 3 0 0 0 0 0 0 0 0 0 0 0 0 7 8 1 6 30 11 13 10 62 10 47 17 3 2 7 7 8 9 4 2 5 19 4 2 12 4 5 10 11 9 0 22 19 27 3 29 45 98 12 29 20 24 7 72 35 36 2 1 0 1 22 5 3 5 3 13 2 8 1 4 1 0 0 4 0 2 0 0 0 0 0 0 0 2 
0 2 4 1 2 6 3 3 0 1 0 2 1 2 0 2 0 0 0 0 0 0 0 0 0 0 0 0 11 6 3 4 27 17 19 16 30 6 23 9 2 0 9 4 2 5 8 3 0 16 9 7 18 7 4 11 7 4 0 16 9 18 11 24 49 92 33 42 24 22 29 5 34 25 4 8 3 4 31 7 2 3 1 5 0 1 3 6 0 0 0 7 2 0 0 1 0 0 1 0 0 3 
3 4 4 2 0 1 0 2 3 7 0 4 0 1 0 4 5 0 1 0 0 0 0 0 0 0 0 1 4 6 3 7 14 15 15 8 31 11 22 4 5 0 9 9 8 10 5 2 4 29 20 11 25 6 8 3 13 6 0 16 14 9 7 17 44 63 33 38 17 42 40 52 3 23 9 2 0 2 26 4 4 1 2 7 2 2 1 10 2 0 0 6 3 0 0 1 0 2 0 1 0 7 
1 2 5 5 2 2 2 5 5 4 1 3 0 2 0 0 1 1 0 0 0 0 0 0 1 0 0 0 3 0 0 0 10 12 5 0 23 6 16 4 1 2 2 2 4 7 1 1 1 16 12 5 28 14 5 5 4 11 0 19 8 6 5 8 25 51 12 21 7 29 14 26 19 4 6 5 0 1 43 1 3 2 5 10 2 5 0 5 1 0 0 2 0 0 0 0 0 0 0 0 0 5 
1 0 3 0 2 2 2 4 2 5 0 4 7 17 3 6 6 6 3 5 0 0 0 6 2 0 0 8 6 6 2 12 23 5 11 4 10 0 17 7 18 1 18 26 9 18 10 6 6 73 6 3 18 2 6 2 6 21 0 8 9 4 2 9 8 26 4 10 4 3 10 3 7 9 6 6 3 17 160 34 21 11 11 104 12 33 18 66 9 0 0 26 7 21 8 6 2 8 9 1 1 40 
1 4 7 0 4 2 3 3 5 6 1 0 2 13 5 14 15 2 1 0 0 0 2 7 2 0 0 5 4 3 1 6 19 3 7 0 8 2 11 9 7 1 15 18 4 18 6 3 6 57 4 2 7 4 6 11 19 31 0 12 10 0 2 11 2 21 3 4 4 3 0 5 3 15 1 4 5 17 206 42 20 15 18 82 22 37 13 79 18 0 0 24 4 8 6 5 1 7 3 3 0 17 
1 1 0 0 0 0 3 1 1 0 0 1 2 3 5 1 0 0 0 0 0 0 0 1 0 0 0 0 0 1 1 1 4 0 2 0 1 1 2 6 0 0 1 3 2 4 3 1 3 6 2 0 4 0 8 2 1 15 0 3 1 1 0 1 1 7 0 0 0 2 1 1 3 3 1 11 0 9 66 21 14 2 9 32 7 4 1 14 3 0 0 6 2 7 4 2 0 1 2 0 0 2 
2 5 1 0 9 2 1 2 2 1 0 2 4 9 3 13 11 2 2 0 2 1 0 3 3 0 0 9 2 5 0 2 15 5 6 3 3 2 7 5 7 1 7 24 8 18 19 0 5 28 5 9 13 12 6 6 13 25 0 10 2 2 4 5 5 21 0 0 0 6 6 1 8 8 12 20 17 2 93 27 11 14 8 85 26 31 9 47 9 0 0 13 6 8 18 7 0 6 5 0 1 12 
16 11 11 1 2 7 6 8 14 8 1 9 9 36 16 45 18 15 12 3 4 2 5 18 8 0 2 26 16 18 11 17 60 12 19 5 19 4 28 11 13 2 31 48 16 38 17 8 5 96 37 52 60 29 24 21 43 63 0 31 15 24 15 34 38 50 8 23 11 12 14 17 29 41 55 75 23 32 22 50 40 16 24 146 34 39 24 103 20 0 0 55 15 23 21 2 2 2 20 1 0 32 
1 5 3 0 0 1 2 1 0 1 1 2 1 8 2 6 3 4 1 0 0 0 0 3 1 0 0 2 10 8 4 3 10 4 3 1 4 4 8 5 5 2 30 30 9 26 16 6 3 43 11 5 15 10 6 4 5 33 0 5 4 13 1 5 2 23 1 2 2 2 2 6 4 4 27 32 7 20 108 5 26 11 22 149 37 43 9 84 8 0 0 31 16 24 10 11 2 8 14 0 4 17 
3 2 2 0 0 1 1 4 1 2 1 0 0 4 0 1 11 2 1 0 3 0 0 4 2 0 0 3 5 4 0 2 8 5 2 0 0 5 7 5 3 3 24 38 7 13 15 7 2 40 12 8 23 9 3 1 10 22 0 5 5 10 3 4 3 12 2 0 0 3 1 4 3 7 12 15 5 19 104 31 5 7 12 107 31 27 13 54 13 0 0 41 10 17 14 8 5 15 9 1 1 17 
3 5 1 0 0 0 2 1 1 1 0 0 0 0 0 0 1 0 0 0 0 1 0 1 1 0 0 1 2 5 0 2 18 1 0 0 2 1 6 2 7 3 23 27 14 24 17 8 7 48 6 6 5 1 1 1 1 6 0 3 3 4 0 1 4 4 1 1 0 2 3 8 3 1 15 12 1 7 50 16 10 3 6 52 13 29 10 63 13 0 0 39 7 12 10 5 1 13 18 2 0 22 
1 1 4 0 0 4 0 2 0 1 1 0 0 0 0 1 1 1 2 0 1 0 0 1 0 0 0 0 5 7 2 2 19 1 0 0 1 1 4 8 4 3 28 45 6 28 11 4 3 43 9 5 14 7 3 3 6 9 0 4 3 4 1 3 5 6 3 14 0 1 2 4 6 10 12 11 12 8 77 26 21 8 11 130 34 53 7 68 11 0 0 56 8 15 19 6 0 18 9 1 0 23 
3 5 5 2 0 1 3 3 0 3 0 0 1 0 0 0 2 1 0 0 0 0 0 1 0 0 0 2 6 5 2 1 9 3 0 3 1 3 4 15 15 4 56 91 24 53 28 13 11 109 22 13 26 6 13 5 8 32 0 6 2 14 1 3 5 2 0 2 1 1 2 5 6 18 71 62 19 56 178 98 57 25 58 22 63 68 36 157 20 0 0 94 27 53 29 13 8 29 33 1 3 45 
1 3 5 1 1 1 3 1 0 1 0 0 0 0 0 0 0 0 0 0 0 0 0 2 0 0 0 1 6 6 3 1 3 0 2 0 6 2 8 19 13 2 40 61 27 66 29 5 13 55 12 8 9 7 11 5 5 20 0 5 2 4 4 0 6 4 0 0 0 1 2 1 12 6 9 8 1 11 82 36 33 23 24 135 8 72 23 113 26 0 0 84 24 31 32 11 0 14 10 0 2 33 
0 5 3 0 1 5 3 1 2 4 0 0 2 1 3 1 5 6 5 0 2 0 0 9 3 0 0 7 8 15 13 9 23 6 18 3 32 32 33 17 28 5 60 133 36 67 41 13 20 104 8 7 19 10 0 1 7 12 0 3 1 5 7 4 4 15 3 4 1 1 3 4 3 10 14 14 5 18 47 14 20 16 30 98 44 5 21 65 25 0 0 136 52 37 38 16 9 14 29 7 0 38 
3 6 4 0 3 2 3 5 2 4 2 1 0 0 1 6 5 3 3 2 0 0 1 4 4 0 0 5 10 9 8 7 21 5 7 5 29 11 52 23 15 4 50 98 32 61 24 6 9 45 12 2 11 5 2 8 5 8 0 5 2 5 0 3 5 9 2 1 0 0 1 1 2 11 9 4 1 11 55 17 14 18 18 68 33 41 5 52 19 0 0 103 29 30 29 10 5 14 16 2 3 37 
23 23 15 2 4 18 10 12 4 5 1 1 8 3 3 9 26 20 20 3 6 2 7 37 20 0 0 42 15 78 11 41 243 16 36 26 150 78 184 41 25 15 141 164 71 191 111 63 44 461 31 12 38 9 4 7 22 18 0 5 4 13 2 4 12 20 0 8 4 6 11 9 14 26 48 45 7 26 116 45 47 58 48 149 47 81 31 21 28 0 0 333 53 66 91 67 19 31 57 4 8 279 
4 8 5 2 1 2 1 6 9 1 0 3 2 1 1 3 17 5 4 3 0 0 0 3 3 0 0 9 5 11 5 11 29 9 13 6 74 29 60 28 35 20 76 106 38 52 33 7 10 70 4 4 8 1 3 0 3 5 0 3 2 5 0 2 3 4 1 0 0 4 0 4 2 4 17 9 1 11 24 10 14 16 14 40 15 54 26 45 12 0 0 103 26 36 29 14 5 8 14 6 0 51 
0 0 0 0 0 0 0 0 0 0 0 0 0 0 0 0 0 0 0 0 0 0 0 0 0 0 0 0 0 0 0 0 0 0 0 0 0 0 0 0 0 0 0 0 0 0 0 0 0 0 0 0 0 0 0 0 0 0 0 0 0 0 0 0 0 0 0 0 0 0 0 0 0 0 0 0 0 0 0 0 0 0 0 0 0 1 0 0 0 0 0 0 0 1 0 0 0 0 0 0 0 0 
0 0 0 0 0 0 0 0 0 0 0 0 0 0 0 0 0 0 0 0 0 0 0 0 0 0 0 0 0 0 0 0 0 0 0 0 0 0 0 0 0 0 0 0 0 0 0 0 0 0 0 0 0 0 0 0 0 0 0 0 0 0 0 0 0 0 0 0 0 0 0 0 0 0 0 0 0 0 0 0 0 0 0 0 0 0 0 0 0 0 0 0 0 0 0 0 0 0 0 0 0 0 
5 4 7 4 1 4 3 4 5 5 1 1 4 7 6 0 16 14 5 0 1 0 0 1 3 0 0 2 3 15 6 15 30 12 37 8 39 43 57 37 29 2 37 94 32 58 33 26 28 101 8 5 13 4 0 0 2 3 0 6 1 3 0 1 4 4 1 2 0 0 1 2 6 0 5 5 1 4 41 11 10 14 7 45 13 37 11 99 26 0 0 12 25 40 17 51 3 18 25 3 2 56 
1 1 1 1 0 3 1 1 0 0 0 1 4 1 2 1 2 2 1 0 0 0 0 1 0 0 0 1 2 3 6 8 8 5 11 8 34 11 31 11 17 3 40 54 15 58 16 8 13 42 6 2 8 2 0 1 2 3 0 1 3 1 0 2 0 4 0 0 0 0 0 0 0 0 1 8 1 4 15 10 5 1 4 22 9 27 19 48 11 0 0 62 5 3 9 9 2 6 9 0 1 20 
3 0 1 0 0 1 0 1 2 1 1 2 9 5 0 3 0 1 0 1 0 0 0 4 0 1 0 1 3 14 1 4 15 10 14 3 26 20 53 11 13 4 52 83 32 58 32 10 12 89 3 6 10 5 4 2 9 1 0 1 0 0 0 2 0 2 0 0 0 0 0 0 1 1 10 6 3 4 20 17 9 2 9 48 15 41 13 74 13 0 0 114 21 10 6 13 2 12 6 1 2 61 
0 3 1 0 0 0 1 1 4 0 0 3 2 0 0 5 0 0 0 0 1 0 0 0 0 0 0 0 6 8 2 11 12 2 6 3 22 10 14 9 12 4 29 39 25 35 13 9 5 71 5 7 4 2 6 2 3 3 0 1 2 2 1 0 0 2 0 0 0 0 1 1 2 1 7 9 1 3 9 13 4 21 2 39 9 13 16 54 12 0 0 56 17 6 9 11 0 11 5 3 2 42 
1 2 1 0 0 0 1 1 0 0 0 2 1 3 0 0 0 0 0 0 0 0 0 3 1 0 0 3 2 14 3 3 15 6 21 12 33 12 52 20 18 5 55 142 42 66 37 11 11 75 3 0 9 2 1 1 4 2 0 0 1 3 0 0 1 0 0 1 0 0 0 1 0 3 5 7 1 5 22 11 6 20 4 43 11 28 30 97 30 0 0 264 31 26 29 10 3 12 10 0 7 59 
1 1 0 0 0 0 0 0 0 0 0 0 0 0 2 0 0 0 0 0 0 0 0 0 0 0 0 0 0 2 1 0 6 2 0 1 3 1 15 0 2 7 8 18 7 7 3 2 3 22 0 1 2 0 0 0 1 2 0 0 0 0 0 0 0 0 0 0 0 0 0 0 0 0 0 2 0 1 1 3 1 3 0 6 1 13 2 22 5 0 0 9 7 3 4 5 0 3 0 0 0 7 
1 3 1 0 1 0 2 0 1 1 0 5 3 0 0 1 0 0 0 0 0 0 0 0 0 0 0 2 5 10 0 5 4 4 4 1 33 9 30 4 7 2 46 90 42 63 36 14 12 99 9 4 4 3 4 3 3 1 0 8 0 2 0 0 1 1 0 1 0 0 0 1 0 3 8 4 4 6 27 14 10 11 13 38 16 30 23 74 19 0 0 150 37 25 44 13 4 5 7 2 2 38 
0 2 4 3 0 0 2 0 3 0 1 1 0 1 3 1 0 0 0 1 0 0 0 1 1 0 0 1 0 8 0 1 10 2 3 3 31 16 36 4 8 3 31 55 43 50 41 13 15 90 4 2 5 0 0 0 5 8 0 4 1 0 1 0 0 2 0 0 0 0 0 0 0 3 9 9 1 7 16 10 5 16 7 29 14 25 4 48 11 0 0 97 19 5 17 2 0 1 4 2 1 14 
0 0 0 0 0 0 0 0 1 0 0 0 0 0 1 0 0 0 0 0 0 0 1 0 0 0 0 0 2 0 0 0 1 0 2 7 10 1 22 1 4 0 17 18 10 9 6 4 1 9 2 1 0 1 0 0 0 1 0 0 0 0 0 1 0 0 2 0 0 0 0 0 0 0 2 0 0 0 5 1 0 3 0 9 1 4 3 20 1 0 0 21 9 7 22 2 1 1 2 3 0 3 
0 0 0 0 0 0 0 0 0 0 0 0 0 0 0 0 1 0 0 0 0 0 0 0 0 0 0 0 0 2 0 2 4 0 2 3 10 0 3 0 2 2 11 12 3 6 11 1 0 8 3 0 1 1 0 0 0 0 0 0 0 1 0 0 0 0 0 0 0 0 0 0 0 1 4 0 0 0 1 0 1 0 0 10 1 5 0 6 3 0 0 7 4 6 5 6 0 3 2 3 1 1 
5 5 1 0 1 3 2 2 1 5 1 2 1 2 4 2 3 1 0 2 0 1 0 1 0 0 0 4 3 18 6 9 40 7 7 11 37 15 58 14 14 1 55 66 33 53 31 11 14 102 8 6 13 6 0 0 0 2 0 3 2 0 0 1 2 2 1 2 0 0 2 0 0 13 14 10 1 4 27 8 10 11 10 31 13 24 11 156 20 0 0 66 20 28 31 38 2 18 26 2 1 13 
