5 11 27 6 6 50 31 24 41 36 11 36 47 45 50 79 30 19 29 12 14 19 14 24 16 1 2 20 59 5 2 8 5 5 3 0 5 3 11 20 23 2 7 8 14 13 6 21 10 67 7 2 4 5 2 2 6 11 0 1 3 0 3 4 17 10 3 3 1 0 1 2 1 4 0 1 0 2 25 2 1 0 9 3 8 6 5 37 4 0 0 6 1 1 0 2 0 0 1 0 0 5 
10 5 10 9 16 65 34 35 46 31 18 45 57 61 37 65 44 36 30 20 10 24 11 20 6 2 2 20 84 3 0 6 4 1 1 4 0 3 25 23 10 2 5 5 16 12 15 3 10 55 8 4 9 9 3 1 8 16 0 3 3 0 0 10 6 10 3 4 1 0 10 2 2 3 0 1 1 6 28 5 9 5 3 11 2 6 4 23 7 0 0 3 0 3 1 3 3 0 1 0 0 6 
53 28 6 3 10 64 41 49 76 29 22 36 47 42 81 84 42 37 26 11 10 21 8 23 11 0 1 34 85 3 0 9 5 6 3 2 2 5 24 28 7 1 3 11 10 8 18 8 8 49 7 1 11 12 2 2 4 13 0 6 5 2 0 6 8 9 5 3 1 1 5 2 0 2 3 2 0 0 16 0 2 2 3 5 5 4 4 19 7 0 0 1 2 4 0 1 0 8 0 1 0 7 
4 10 11 2 2 15 10 8 3 11 4 2 2 6 3 7 3 2 2 1 1 4 2 0 2 0 0 3 17 0 0 0 1 0 1 0 0 2 1 1 2 0 0 1 0 1 0 0 1 15 2 0 1 0 0 0 1 1 0 1 0 0 0 1 2 1 0 0 2 2 0 3 0 2 1 0 0 2 4 1 0 0 0 0 0 1 0 5 1 0 0 0 0 0 0 0 0 0 0 0 0 0 
9 19 8 5 0 10 17 10 11 16 6 20 11 17 13 25 10 6 3 10 4 5 5 13 3 1 3 12 32 1 1 1 0 2 1 0 0 5 2 3 3 0 1 1 1 1 3 1 1 11 2 0 2 6 1 0 2 2 0 0 2 0 0 0 4 5 0 1 0 2 2 0 1 1 4 0 0 0 9 0 0 0 0 0 1 1 0 3 2 0 0 2 0 0 0 2 0 0 0 0 0 0 
38 48 33 13 3 6 7 29 32 30 14 45 44 26 39 96 23 29 32 23 22 19 6 24 9 0 1 16 50 4 3 3 3 1 0 2 0 4 20 8 11 3 10 8 15 18 5 7 7 36 3 2 21 4 2 0 7 18 0 0 0 0 0 9 2 12 1 1 1 2 3 2 1 4 2 1 1 2 21 0 2 0 1 3 5 3 3 11 11 0 0 10 2 1 1 6 2 1 2 2 1 2 
28 29 26 20 4 14 5 12 23 17 9 30 29 45 17 54 25 14 19 8 5 7 8 16 6 0 3 16 46 4 2 2 3 4 1 0 2 1 23 12 8 1 3 3 1 4 5 2 4 11 9 2 14 7 2 1 3 3 0 0 2 0 1 2 3 8 0 2 0 3 1 3 0 3 2 2 0 2 13 1 0 0 0 0 1 2 0 6 2 0 0 0 0 2 0 0 0 0 0 0 0 2 
25 36 46 10 2 17 17 9 12 20 8 45 42 48 46 68 37 15 18 14 21 11 16 30 9 1 1 15 35 5 2 5 5 0 1 4 0 7 21 22 5 1 2 7 5 5 10 1 6 21 3 3 3 4 2 0 4 4 0 0 0 0 0 1 10 7 1 4 3 2 8 0 1 7 2 4 1 3 18 0 1 0 2 1 3 3 0 6 2 0 0 4 0 1 1 3 0 1 2 0 3 4 
24 66 72 11 17 40 35 15 8 7 13 30 36 42 34 93 36 16 24 18 18 27 4 38 13 5 6 27 37 7 3 2 2 3 2 0 2 6 21 25 11 0 5 3 6 5 16 6 5 27 5 14 6 5 9 1 1 7 0 0 0 1 0 7 10 20 2 2 0 0 4 4 1 9 7 13 0 2 10 0 0 2 1 0 0 5 0 10 2 0 0 5 1 2 0 1 1 3 0 1 0 1 
11 16 31 5 2 16 12 8 2 10 9 16 35 34 31 47 27 31 15 11 11 8 15 28 8 4 9 18 14 3 1 4 4 0 0 0 0 5 18 12 4 2 4 2 4 3 2 4 5 24 3 5 11 12 4 0 5 4 0 1 3 1 1 2 0 8 2 3 1 1 5 9 2 5 2 6 0 5 19 1 4 1 4 7 1 0 2 8 2 0 0 5 0 0 0 1 0 3 0 0 0 2 
5 16 8 4 2 9 10 13 14 13 5 14 17 24 17 51 24 26 12 9 13 20 8 12 4 1 1 16 4 0 1 3 1 0 0 0 0 6 11 2 1 2 5 4 3 5 2 2 11 18 1 0 4 3 3 1 0 9 0 3 0 0 1 2 1 0 0 3 0 0 5 0 0 1 2 1 1 0 7 0 0 0 1 0 0 2 0 2 6 0 0 4 0 4 2 2 0 6 0 0 0 1 
33 84 32 6 10 51 38 37 42 26 16 5 32 54 19 123 71 34 31 30 24 34 23 46 21 8 9 40 20 4 2 9 3 3 4 0 2 17 33 21 6 1 4 12 5 10 4 12 14 24 7 5 3 10 5 2 8 16 0 9 0 0 0 0 3 2 0 5 0 0 2 11 1 2 4 1 0 0 21 5 1 0 1 0 0 1 1 0 1 0 0 4 2 2 1 5 0 3 3 1 0 1 
32 70 56 4 11 60 95 85 84 70 44 40 11 45 37 124 75 50 31 40 36 33 32 45 21 3 1 57 21 16 3 8 12 3 0 2 3 13 42 28 9 3 6 10 10 2 4 7 10 32 6 8 10 4 8 3 5 12 0 10 2 0 1 4 0 1 0 2 2 0 4 8 2 2 4 1 1 2 15 1 2 1 0 0 0 1 0 3 1 0 0 9 1 0 0 3 0 1 2 1 0 4 
68 132 109 21 31 137 134 110 110 82 46 92 66 11 19 107 131 115 98 104 139 127 76 140 57 9 12 175 33 7 0 6 3 1 1 1 1 7 22 27 16 4 7 3 6 11 5 4 10 36 19 8 26 21 9 5 22 60 0 9 0 0 1 0 2 0 0 0 0 1 4 3 0 0 23 13 1 10 57 5 3 2 0 1 0 0 2 7 2 0 0 9 2 0 3 1 0 0 2 1 0 4 
33 80 94 5 18 78 96 56 73 47 19 45 57 22 6 41 69 51 55 44 72 62 76 97 37 1 16 159 21 9 3 13 2 0 5 2 0 6 12 22 6 1 9 2 3 2 4 2 3 14 7 6 19 7 3 2 11 10 0 5 1 0 4 2 0 1 0 0 1 0 2 4 1 0 3 10 0 6 30 3 0 0 0 0 0 0 3 10 1 0 0 5 1 5 1 2 0 1 1 1 0 0 
60 77 60 11 25 93 86 75 84 77 38 89 93 61 13 20 105 119 100 78 170 122 163 248 86 11 30 161 19 59 15 45 21 19 11 12 34 5 10 51 31 4 25 19 25 16 11 13 12 84 13 11 25 28 8 0 10 22 0 7 6 0 1 5 5 1 2 2 3 1 4 4 3 5 16 3 1 5 39 3 3 3 0 2 0 3 3 17 6 0 0 14 1 4 1 5 0 1 0 0 2 8 
25 42 59 7 14 34 68 58 50 63 38 69 89 84 35 152 13 53 60 78 102 75 103 166 52 17 23 140 17 68 22 50 30 12 26 30 33 10 62 53 36 2 13 31 20 26 26 15 23 61 7 5 15 17 6 3 17 20 0 4 2 1 1 2 6 2 0 1 0 0 3 2 2 1 9 10 7 9 40 2 0 0 0 0 0 5 5 30 12 0 0 8 1 0 1 4 0 2 0 0 0 11 
22 25 31 4 8 35 30 23 36 52 26 50 43 89 36 164 58 7 27 40 84 69 77 111 38 6 12 79 11 56 17 35 26 17 35 19 23 16 72 42 26 4 12 13 42 20 19 21 25 89 7 10 15 9 3 2 19 13 0 5 1 0 6 3 0 0 0 1 0 0 0 1 0 0 7 3 3 2 26 5 3 0 0 1 0 1 0 20 12 0 0 7 1 1 0 2 0 0 0 0 1 5 
18 36 27 6 4 34 43 28 40 24 21 68 78 79 68 127 114 49 3 30 99 50 79 107 39 10 10 64 10 26 14 20 13 21 21 17 12 8 56 30 10 2 7 14 17 23 16 14 23 84 4 7 14 7 7 0 17 10 0 1 2 0 1 5 3 0 0 0 0 0 1 1 1 0 5 1 3 1 18 6 3 0 1 0 1 3 1 27 4 0 0 7 0 0 0 1 0 0 1 1 0 0 
10 12 15 2 7 14 13 11 12 18 2 20 26 24 18 72 32 24 23 4 12 7 24 30 24 14 28 101 2 6 1 2 7 0 3 6 6 6 25 6 7 1 5 3 4 4 5 3 5 20 3 1 6 3 1 1 3 1 0 2 0 1 0 0 0 1 0 0 0 0 0 0 1 0 2 0 1 0 12 0 1 0 0 0 0 1 0 5 1 0 0 3 0 0 0 0 0 0 0 0 0 0 
4 3 11 1 0 12 3 20 11 14 5 14 46 52 31 123 44 39 49 1 7 10 32 55 22 24 21 59 0 9 3 1 5 2 7 1 3 7 34 9 8 2 6 4 6 8 2 8 6 18 0 0 1 1 1 1 1 2 0 1 0 0 0 1 0 0 0 0 0 0 0 0 0 0 3 0 0 0 5 0 0 0 0 0 0 1 0 8 0 0 0 1 0 1 1 0 0 0 0 0 0 2 
8 11 13 3 3 15 9 14 16 13 7 19 30 28 32 79 39 15 29 3 8 4 21 34 14 4 20 66 5 3 2 0 11 3 2 6 4 6 21 0 7 0 3 1 5 4 6 4 1 13 1 0 1 0 1 0 1 1 0 0 1 0 1 0 0 0 0 0 0 0 0 1 0 0 1 2 0 2 0 0 0 0 0 0 2 0 0 3 1 0 0 2 0 0 0 1 0 0 0 0 0 0 
1 0 2 2 4 4 3 0 2 6 8 4 12 22 12 66 24 20 21 8 27 9 1 14 3 6 11 46 1 2 1 2 2 2 3 2 1 8 24 5 4 0 0 1 4 1 1 3 1 15 4 0 1 1 0 0 0 1 0 0 1 0 1 1 0 0 0 0 0 0 0 0 0 0 0 1 0 0 6 0 1 0 0 0 1 1 0 1 0 0 0 1 0 1 0 1 0 0 0 0 0 0 
15 17 7 1 11 9 5 10 9 33 8 30 20 44 33 118 51 50 40 18 47 8 14 13 6 30 51 127 4 5 2 0 5 7 8 3 5 17 37 9 16 2 9 4 18 4 9 9 2 34 8 2 4 2 2 1 2 3 0 1 2 0 0 1 1 0 0 0 0 0 0 0 0 0 2 4 0 1 9 1 1 0 1 2 0 1 0 21 3 0 0 3 0 0 0 2 0 0 2 0 0 0 
8 19 12 4 9 20 6 12 15 26 9 25 24 27 19 96 23 17 24 18 17 9 9 12 6 4 11 50 5 12 12 9 15 5 7 8 5 14 16 12 15 1 5 9 16 15 12 14 9 69 13 7 15 6 2 1 1 7 0 1 0 0 0 2 2 0 0 0 1 0 1 0 0 1 3 2 0 2 14 3 0 0 2 1 0 6 3 33 6 0 0 6 0 0 0 1 0 0 0 0 1 2 
1 1 4 2 5 2 3 0 1 3 0 2 6 5 9 13 8 8 9 13 13 19 11 29 2 1 3 14 0 0 2 2 1 1 0 0 0 0 1 0 10 1 3 2 0 0 0 3 3 0 3 0 0 0 0 1 2 0 0 0 0 0 0 0 0 0 0 0 0 0 0 0 0 0 1 0 0 0 2 0 0 0 0 0 0 0 1 4 0 0 0 0 0 0 0 0 0 3 0 0 0 0 
0 0 0 0 3 0 0 0 1 0 0 3 2 1 3 11 4 1 1 2 7 6 9 29 5 1 1 10 0 0 0 1 0 1 0 0 0 0 1 0 0 0 0 0 0 1 2 1 0 2 0 1 1 1 0 0 0 0 0 0 0 0 0 0 0 0 0 0 0 0 0 0 0 0 0 1 0 0 1 0 0 0 0 0 0 0 0 1 0 0 0 0 0 0 0 0 0 0 0 0 0 0 
14 23 14 7 15 26 9 29 16 38 12 39 62 94 83 157 50 49 68 63 77 100 108 109 50 19 85 9 1 1 4 5 16 10 10 4 8 23 44 27 37 5 6 11 28 15 18 21 14 76 14 4 16 6 6 0 4 6 0 0 0 0 1 0 0 2 0 0 0 0 0 0 0 0 7 5 2 12 32 3 0 0 1 0 1 8 0 31 6 0 0 4 0 0 0 2 0 0 1 0 1 4 
83 106 170 23 26 77 63 36 64 41 15 42 34 44 49 77 25 20 24 13 23 24 6 16 7 0 0 12 1 3 0 5 7 3 1 5 2 6 25 30 24 1 13 13 6 17 8 10 11 53 2 3 13 4 1 3 4 13 0 4 1 2 4 4 14 7 9 10 0 0 1 13 1 5 5 1 1 8 19 0 6 2 5 3 4 14 2 9 3 0 0 9 2 2 2 2 1 0 1 0 0 5 
2 5 1 2 1 5 4 0 0 2 4 14 12 5 2 19 30 16 8 9 11 7 4 15 8 0 1 1 2 19 106 151 176 60 117 121 181 142 218 157 118 14 41 31 62 51 41 45 44 234 6 7 9 10 1 2 2 11 0 6 4 1 2 16 18 37 14 14 5 12 5 11 0 1 8 8 2 9 26 5 3 1 5 2 4 13 8 89 16 0 0 17 4 11 15 18 4 7 13 0 2 24 
0 0 2 0 0 3 0 0 2 3 0 1 4 1 2 6 6 7 7 3 1 0 0 9 2 0 0 0 1 174 4 118 64 24 39 46 93 58 100 45 31 6 15 16 23 13 6 2 17 44 3 0 5 1 2 1 5 6 0 4 1 0 0 6 9 10 2 9 0 3 4 2 0 3 6 1 1 5 7 3 1 3 0 5 0 4 1 20 4 0 0 8 1 7 3 3 0 3 6 0 0 3 
4 8 5 0 0 10 9 9 3 1 1 4 18 3 2 23 33 11 12 4 4 1 5 8 5 0 5 14 0 265 135 14 102 62 108 98 183 183 236 169 118 20 53 37 52 44 50 57 32 169 4 7 12 8 9 5 5 24 0 17 4 3 5 16 32 44 18 14 6 7 9 13 1 2 11 15 3 10 24 6 9 2 4 4 0 14 19 79 19 0 0 23 7 11 12 19 1 5 4 2 1 10 
19 26 14 1 2 14 28 13 17 14 4 12 20 6 8 48 76 38 37 14 15 15 12 45 30 3 8 53 1 565 216 277 16 68 191 151 237 266 354 318 240 20 166 164 189 224 198 146 187 1026 46 39 109 32 23 16 27 47 0 31 5 7 5 20 29 65 18 29 13 36 60 71 8 8 31 16 5 17 80 13 13 7 10 15 12 36 26 300 59 0 0 62 24 40 13 49 8 21 9 3 5 41 
2 7 5 1 1 3 15 4 1 2 0 1 10 1 3 15 33 22 10 2 4 8 30 9 3 2 5 6 0 231 85 88 35 0 64 24 104 123 163 148 79 17 25 29 45 41 33 34 41 131 6 6 20 7 9 4 9 19 0 9 5 2 6 2 18 29 11 28 13 24 31 35 13 12 8 5 1 5 28 10 3 2 5 1 2 5 4 53 17 0 0 15 3 5 3 20 1 7 14 1 1 5 
7 11 7 0 1 7 8 4 2 3 2 4 5 2 3 27 42 28 20 26 14 19 21 30 11 0 7 25 2 484 176 278 120 48 10 20 117 148 276 281 94 24 67 64 94 75 64 55 62 209 18 23 24 17 9 9 18 23 0 15 0 7 3 17 8 32 10 25 20 26 50 59 11 9 19 12 4 3 40 5 6 2 1 0 1 12 16 57 46 0 0 41 27 27 6 39 4 19 9 2 2 16 
1 4 1 0 0 0 1 1 1 5 0 1 1 2 4 16 28 13 12 11 11 8 8 11 4 2 1 16 5 260 104 139 84 47 38 6 99 74 149 107 47 7 36 31 29 63 18 26 25 115 2 2 5 4 3 3 1 2 0 1 1 0 3 13 9 16 5 7 3 7 15 35 16 9 8 1 0 4 8 1 0 0 0 0 2 1 5 33 7 0 0 19 9 8 3 8 1 8 8 3 1 8 
0 6 6 1 1 3 4 1 0 3 2 2 5 1 2 54 46 17 26 18 23 22 11 30 5 0 3 31 6 626 264 527 207 136 174 148 20 199 566 520 228 61 112 163 190 199 134 126 135 497 19 15 35 9 2 5 10 9 0 4 6 10 11 70 42 38 17 39 10 18 67 48 10 12 15 6 2 1 34 1 3 0 2 4 4 28 27 113 54 0 0 94 30 59 14 49 9 44 22 8 6 48 
13 6 7 0 3 6 5 5 8 3 2 6 9 5 2 1 22 8 14 15 15 11 9 23 11 4 2 23 5 223 84 284 125 85 79 70 98 15 113 240 133 25 82 95 111 107 80 57 87 262 5 2 10 2 0 0 2 1 0 1 0 0 3 17 14 8 3 6 6 7 17 24 3 12 3 2 0 1 5 0 2 0 1 1 1 17 8 72 54 0 0 45 9 18 4 14 2 10 10 5 3 19 
27 37 35 4 9 53 39 38 50 30 23 46 38 25 8 10 59 65 57 54 59 59 70 107 33 5 9 111 11 421 134 413 204 138 174 127 335 122 25 674 383 50 175 176 181 209 189 178 163 618 24 13 49 17 4 7 35 39 0 4 2 5 7 32 63 36 16 29 10 12 71 33 8 15 12 16 4 8 47 11 18 10 6 10 9 39 32 187 69 0 0 107 23 32 25 62 3 38 29 8 9 59 
14 21 27 1 17 26 25 14 21 7 5 28 34 9 11 27 31 33 14 21 13 12 16 41 13 2 7 38 7 199 60 143 89 67 115 61 280 181 544 23 36 25 73 134 104 178 109 141 140 425 12 7 27 8 2 4 5 19 0 0 2 1 2 18 23 9 2 1 4 1 11 6 1 4 10 13 0 3 27 9 8 8 3 23 10 7 19 47 36 0 0 58 5 23 13 35 3 10 11 7 1 16 
6 22 14 5 1 11 15 7 15 10 11 10 17 13 3 11 36 19 7 14 29 13 7 30 15 0 3 22 3 112 30 92 87 38 69 40 103 122 299 46 7 12 32 87 57 125 76 77 114 300 4 2 5 5 0 6 0 14 0 6 3 0 0 5 6 7 3 3 0 1 8 8 1 0 3 3 1 4 10 13 8 4 6 15 10 18 21 28 30 0 0 46 12 24 6 33 8 14 9 3 4 21 
1 3 5 0 0 0 2 2 2 2 2 0 10 0 0 1 2 5 4 1 3 1 2 1 4 0 0 2 1 13 3 14 19 10 7 7 35 16 54 29 10 2 22 47 23 37 16 23 25 57 0 0 1 2 2 0 0 0 0 0 2 0 0 1 5 2 0 0 0 0 4 2 0 0 1 0 0 0 4 2 3 0 3 4 9 6 14 16 11 0 0 4 4 5 2 5 4 10 2 1 0 2 
14 22 13 1 4 13 12 11 16 5 14 11 18 1 8 11 40 13 11 17 15 13 16 10 14 0 1 20 1 107 36 102 69 50 68 44 93 127 184 182 79 27 23 101 111 141 95 172 248 425 13 7 14 12 2 3 7 17 0 3 4 2 2 9 18 1 3 3 3 3 15 9 2 0 23 16 2 12 29 32 36 35 40 87 74 94 85 259 108 0 0 121 56 66 76 159 16 102 64 12 7 80 
8 22 16 4 8 12 9 13 16 7 6 17 12 2 11 18 31 35 19 17 27 20 6 32 18 4 6 32 0 131 40 121 78 43 70 33 115 167 272 316 127 69 73 28 187 349 187 325 351 711 18 14 34 22 5 3 17 18 0 9 1 0 0 15 18 8 1 9 2 4 14 14 4 4 37 19 11 51 68 48 34 43 49 116 101 194 125 258 120 0 0 246 123 213 111 318 38 180 111 21 19 115 
6 20 14 3 5 13 23 8 11 18 1 2 10 5 3 25 31 18 9 9 12 15 8 28 12 0 11 35 7 108 21 63 58 35 48 49 67 105 174 162 64 27 64 139 10 152 92 184 260 410 11 11 16 3 1 0 0 3 0 6 0 0 0 12 31 13 0 4 3 2 10 11 2 2 18 10 5 14 25 10 10 6 6 33 27 71 43 84 26 0 0 77 30 62 32 63 18 61 48 17 3 43 
13 27 13 7 5 7 20 16 17 9 6 24 20 8 11 20 34 41 10 6 13 26 12 49 13 3 2 40 3 98 20 110 91 41 57 47 131 149 279 280 172 55 116 278 217 35 174 518 622 1124 11 24 25 7 7 2 11 14 0 8 1 0 3 13 15 21 2 10 1 5 12 11 2 2 21 12 3 17 57 33 28 36 30 88 65 121 78 267 63 0 0 183 34 97 51 113 10 87 70 23 7 121 
7 16 13 0 6 21 13 16 14 7 7 9 12 7 6 19 39 25 15 11 20 20 12 21 13 0 4 23 1 116 33 81 84 35 63 43 114 126 173 213 100 30 74 167 155 221 14 373 381 602 6 9 9 6 1 0 4 7 0 2 0 1 0 8 5 20 3 9 2 4 13 8 0 2 10 7 1 13 17 19 9 23 13 43 25 65 38 176 55 0 0 138 33 64 42 52 8 61 43 4 13 52 
6 12 2 0 1 4 3 3 3 10 3 10 5 1 1 1 8 3 6 3 2 1 2 7 2 1 1 10 2 31 5 30 36 16 16 13 33 29 61 52 46 2 42 64 54 202 96 10 103 460 2 2 7 1 4 4 2 2 0 0 0 0 1 3 0 4 2 0 1 2 5 0 1 0 5 3 1 3 10 6 3 3 4 24 13 29 7 78 15 0 0 51 8 21 15 26 4 27 17 7 0 19 
7 3 5 1 3 1 5 5 4 2 2 3 7 3 3 3 10 7 5 2 5 4 2 8 8 0 0 21 2 37 13 29 33 22 12 9 33 38 67 61 64 12 39 87 59 178 73 116 8 357 6 4 5 3 2 0 2 6 0 0 2 1 0 5 1 6 4 5 1 0 1 5 1 0 8 3 0 6 12 2 8 5 2 16 11 25 16 96 16 0 0 32 17 21 12 17 1 16 24 3 2 24 
52 70 59 10 21 51 50 33 25 34 23 40 61 23 25 49 83 90 38 39 48 45 47 94 37 4 10 102 11 349 86 246 322 121 130 108 288 336 532 526 379 57 190 465 362 600 296 894 1090 47 48 28 91 26 8 7 22 36 0 8 5 2 8 23 36 58 10 30 2 10 38 31 8 12 56 46 8 47 116 97 65 46 62 110 86 188 101 686 81 0 0 191 57 140 121 124 31 156 132 32 19 141 
6 9 15 1 0 9 6 4 7 2 1 9 9 11 8 21 5 8 8 2 2 3 2 5 9 0 1 17 0 16 6 12 18 16 12 5 8 2 9 12 7 0 7 15 6 8 8 4 13 55 5 10 60 36 20 12 31 41 0 32 7 2 0 20 14 22 8 22 4 18 16 14 12 24 12 14 3 18 118 16 9 4 13 29 12 14 7 39 6 0 0 2 4 3 4 6 3 4 10 2 1 9 
3 9 1 0 1 0 1 0 2 6 3 6 3 9 0 9 3 4 1 4 0 3 4 3 2 1 0 1 3 9 4 6 8 4 7 4 2 2 5 5 4 2 0 4 6 7 5 3 4 17 13 7 45 51 28 0 14 25 0 10 3 1 4 11 6 20 3 6 5 7 7 17 5 10 1 11 1 22 87 8 9 4 16 13 4 8 3 24 11 0 0 0 0 5 4 2 3 5 3 0 0 5 
5 20 5 1 4 7 8 7 5 5 6 6 10 20 7 20 8 5 6 8 0 4 5 13 4 0 1 9 1 16 9 19 25 12 18 4 3 4 23 22 12 0 8 8 11 9 10 12 11 63 70 45 11 37 24 9 26 68 0 33 9 1 8 24 16 36 7 29 8 29 18 9 7 13 10 20 2 23 136 14 14 5 12 23 10 21 10 54 14 0 0 11 4 8 9 9 1 12 4 5 2 16 
3 5 8 1 4 3 6 3 1 3 0 2 6 1 6 7 4 2 4 0 2 3 5 2 3 0 1 6 0 12 3 10 3 8 7 2 3 0 5 6 0 3 4 4 4 5 11 0 2 20 26 11 40 8 11 5 3 16 0 20 5 0 6 11 14 16 8 6 2 16 9 16 3 16 11 4 0 11 77 3 6 0 3 12 6 7 1 18 3 0 0 2 3 4 2 1 0 3 7 0 0 4 
0 2 3 1 2 7 3 2 2 6 1 2 0 2 5 2 0 2 1 4 0 0 6 0 2 0 0 6 3 9 1 4 4 6 6 1 1 2 3 4 0 0 0 3 1 1 2 3 6 10 10 10 31 18 4 0 6 12 0 16 1 0 5 7 9 13 2 6 2 11 3 3 4 1 7 4 1 9 81 7 5 4 5 15 9 3 1 5 3 0 0 1 1 4 0 0 0 1 0 0 1 2 
2 13 5 1 2 4 5 2 4 3 2 1 1 6 3 7 2 1 2 0 0 1 5 13 3 0 0 2 0 7 5 12 3 3 2 0 1 7 11 0 5 0 2 7 3 2 1 2 6 7 13 17 32 26 17 2 10 36 0 59 7 4 9 13 19 21 9 6 4 6 13 3 6 5 10 28 5 17 115 5 5 0 8 11 15 7 5 5 2 0 0 2 0 7 2 1 0 8 0 1 2 4 
2 1 6 0 4 1 2 12 7 8 3 17 9 8 5 15 4 5 1 1 3 2 1 4 7 0 1 6 3 6 3 12 8 3 3 0 2 4 14 7 2 0 2 1 0 0 8 0 1 20 44 26 37 29 20 9 2 11 0 29 5 2 4 13 15 33 5 18 3 11 12 9 9 10 44 23 11 29 116 9 7 2 4 33 10 21 7 35 7 0 0 8 5 3 2 5 0 5 7 1 0 3 
4 12 7 0 3 12 5 11 8 7 3 13 12 17 6 30 11 7 2 0 0 0 4 9 7 0 0 13 4 22 15 15 14 11 2 1 3 1 13 5 6 2 5 8 6 4 5 7 12 32 46 38 65 42 23 13 12 7 0 26 12 2 5 23 21 29 7 13 15 10 21 14 11 14 36 43 11 32 129 14 15 2 8 57 19 27 5 46 8 0 0 5 5 3 8 8 0 9 5 1 2 4 
0 0 0 0 0 0 0 0 0 0 0 0 0 0 0 0 0 0 0 0 0 0 0 0 0 0 0 0 0 0 0 0 0 0 0 0 0 0 0 0 0 0 0 0 0 0 0 0 0 0 0 0 0 0 0 0 0 0 0 0 0 0 0 0 0 0 0 0 0 0 0 0 0 0 0 0 0 0 0 0 0 0 0 0 0 0 0 0 0 0 0 0 0 0 0 0 0 0 0 0 0 0 
16 10 12 4 1 4 14 2 2 4 6 5 11 15 11 34 20 14 9 11 3 8 6 24 9 1 6 4 6 16 9 7 14 7 5 1 2 4 14 6 8 0 3 8 8 6 2 2 7 24 51 20 42 45 23 12 15 38 0 1 1 1 6 12 27 41 23 22 9 16 25 37 11 21 38 32 4 20 64 7 7 10 11 20 9 13 3 25 5 0 0 4 0 1 2 4 0 3 2 0 0 1 
1 3 1 1 0 3 2 5 1 2 0 3 3 0 3 0 2 1 1 0 0 1 2 7 0 0 0 0 1 12 1 1 4 2 2 0 5 6 3 5 3 2 1 1 2 1 2 6 1 12 13 8 17 13 13 7 17 27 0 7 0 3 2 8 27 17 17 22 4 26 35 14 4 20 13 14 1 9 48 4 6 6 3 2 3 9 3 10 2 0 0 4 2 1 0 1 0 0 0 0 0 1 
7 8 17 1 8 9 12 12 5 10 7 20 15 6 5 8 9 8 7 0 5 0 1 5 0 0 4 3 0 40 34 33 17 22 36 10 26 34 57 50 14 1 8 12 24 16 6 21 15 58 9 6 6 15 5 7 16 48 0 35 23 2 1 52 59 53 16 27 9 59 39 46 15 16 10 10 5 8 75 16 10 7 14 34 4 19 7 30 12 0 0 4 9 2 7 7 0 5 1 0 10 1 
2 2 2 0 0 2 10 5 2 5 2 1 2 2 0 1 0 3 0 1 0 0 0 2 1 0 0 1 0 2 2 0 3 6 3 2 3 4 10 3 7 0 1 2 2 0 5 2 2 2 6 7 10 7 3 1 7 9 0 7 8 0 1 1 15 13 10 7 1 10 17 14 4 4 4 3 0 7 28 10 10 3 7 0 5 5 1 3 2 0 0 0 0 2 0 0 1 1 0 0 0 0 
4 16 6 3 4 1 14 14 7 3 3 4 4 0 0 11 6 2 3 3 2 3 0 0 3 0 0 0 11 33 5 11 5 3 12 8 35 17 36 38 10 0 4 9 4 12 7 12 11 34 25 21 28 23 16 7 20 51 0 17 13 5 6 2 10 41 17 17 12 33 43 53 12 13 19 8 1 13 84 15 8 5 6 3 2 4 3 11 3 0 0 3 0 2 0 0 0 1 3 0 0 1 
2 9 10 0 0 5 10 5 8 6 0 8 1 0 0 0 1 0 0 0 0 0 1 0 0 0 0 2 4 56 26 21 21 13 4 10 19 16 33 13 11 2 8 5 11 11 6 3 2 35 9 12 30 14 7 4 17 22 0 31 13 2 17 17 11 14 18 50 29 45 76 94 30 47 11 13 1 13 60 11 14 5 11 4 2 7 9 11 3 0 0 8 1 0 3 0 1 2 1 0 0 1 
5 20 8 0 5 10 25 11 14 15 3 11 6 2 1 2 4 0 1 0 0 1 0 0 0 0 0 1 3 83 45 67 24 33 20 13 31 7 40 29 16 5 11 11 18 16 5 16 19 61 24 16 40 20 17 4 36 45 0 61 18 5 31 38 27 14 18 60 49 94 157 152 49 67 12 12 1 14 87 16 10 15 21 12 8 13 3 28 6 0 0 10 1 1 0 0 0 1 2 0 0 0 
2 2 3 0 0 0 6 0 4 1 0 3 0 0 0 0 0 0 0 0 0 0 0 0 0 0 0 0 1 11 12 12 2 4 3 7 6 3 12 0 1 0 1 2 2 7 4 1 2 13 3 1 11 7 1 2 7 6 0 11 17 5 2 14 13 9 2 8 40 18 33 44 20 6 0 4 0 5 14 4 4 3 4 5 0 6 2 1 0 0 0 0 0 0 0 1 0 0 0 0 0 0 
9 4 5 0 0 4 4 6 3 5 0 1 3 2 0 2 0 0 0 0 0 0 0 0 0 0 0 0 0 15 11 7 7 10 11 7 17 9 20 5 4 0 1 3 3 2 5 4 5 16 10 10 14 16 15 5 25 22 0 15 7 2 7 14 37 35 1 6 22 26 92 89 15 38 5 8 0 2 47 10 5 6 9 1 1 0 1 8 2 0 0 1 0 0 0 0 0 0 0 0 0 0 
0 0 2 1 1 2 1 6 0 2 0 3 6 0 0 3 1 0 0 0 0 0 0 0 0 0 0 0 0 7 3 9 3 4 5 2 6 4 11 4 2 0 1 1 2 1 2 1 2 5 1 1 6 1 2 0 4 3 0 8 2 2 3 4 24 28 14 10 0 5 53 63 4 9 0 2 0 0 3 1 2 1 4 3 1 1 1 5 0 0 0 1 0 1 1 1 0 0 1 0 0 0 
0 2 3 0 1 0 3 7 1 4 1 2 0 0 0 0 0 0 0 0 0 0 0 0 0 0 0 0 0 10 9 10 7 10 4 2 3 5 5 3 2 0 0 1 0 2 0 1 1 12 11 9 12 14 3 1 6 8 0 14 9 2 3 9 25 38 11 27 10 2 65 63 22 44 2 3 0 4 20 5 3 0 2 3 2 3 0 1 0 0 0 0 0 0 0 1 0 0 0 0 0 1 
0 1 1 0 1 4 2 6 2 4 4 4 2 1 0 2 3 0 0 0 0 0 0 0 0 0 0 0 0 7 2 5 7 10 11 1 16 12 20 3 9 0 1 2 4 2 2 3 1 12 11 4 3 4 1 5 4 5 0 9 2 3 0 13 37 40 14 25 19 15 2 65 19 30 5 0 3 5 24 4 2 0 0 2 6 2 2 11 1 0 0 1 0 0 1 0 0 0 0 1 0 0 
1 2 3 0 2 2 2 3 5 2 1 3 4 2 0 1 3 1 0 0 0 0 0 0 0 0 0 0 5 10 5 6 10 23 12 0 14 14 21 3 4 0 5 5 6 3 1 5 6 8 7 2 19 7 2 4 6 5 0 21 1 0 6 19 28 46 18 35 26 43 53 8 33 42 6 3 1 8 27 8 6 1 5 4 1 5 1 13 1 0 0 3 0 0 1 1 0 0 0 0 0 2 
1 4 3 0 4 6 4 1 3 3 2 0 1 0 0 0 2 1 0 0 0 0 0 0 0 0 0 0 0 4 2 2 3 9 7 1 5 3 8 4 2 2 2 3 4 4 2 4 10 23 16 5 21 11 10 2 8 9 0 9 5 2 4 16 22 43 15 19 20 49 45 75 8 21 4 7 2 3 29 9 9 1 3 4 5 4 1 7 1 0 0 3 0 0 0 0 0 0 1 0 0 0 
8 3 3 2 3 4 2 11 4 6 2 7 2 4 1 3 1 0 0 0 1 0 0 0 0 0 0 0 1 0 1 3 6 14 3 9 12 6 16 6 3 4 4 3 6 0 6 4 6 15 18 6 12 9 11 6 6 15 0 27 12 2 6 10 15 59 18 41 20 100 58 75 7 3 10 6 3 13 48 7 8 1 7 4 3 4 5 26 2 0 0 3 0 0 0 3 0 1 0 0 0 3 
1 1 0 1 2 0 0 3 0 0 1 6 5 2 1 3 1 4 0 2 0 0 0 3 1 0 1 5 0 3 1 4 5 5 3 3 2 1 6 2 3 1 4 7 2 6 5 6 9 28 10 4 7 5 2 5 1 12 0 6 8 0 4 8 4 1 1 3 6 4 3 6 2 4 5 8 7 11 134 21 17 2 8 45 9 15 14 38 4 0 0 11 2 11 4 8 0 7 7 1 1 7 
2 4 2 0 3 0 4 5 2 3 2 6 1 3 2 9 7 0 1 0 0 0 1 5 2 0 0 2 0 6 3 4 3 7 2 1 1 4 2 0 2 0 7 11 8 6 11 5 4 36 1 5 10 6 8 5 11 15 0 5 1 0 0 5 7 7 0 2 1 3 8 5 6 4 23 2 16 29 163 21 22 6 23 44 17 21 8 64 5 0 0 9 0 15 6 7 0 11 10 1 2 5 
1 2 0 0 0 0 0 0 2 0 1 0 3 0 0 0 0 2 1 1 0 0 0 0 0 0 0 2 0 3 0 4 0 0 0 0 0 0 1 0 1 0 1 1 0 2 1 2 0 5 1 3 0 0 0 0 3 12 0 1 0 0 0 0 2 3 0 1 0 0 4 1 1 0 3 9 1 6 82 2 8 3 6 17 5 3 0 10 0 0 0 1 0 4 1 3 0 3 2 0 0 3 
1 3 1 0 0 1 0 4 2 4 2 1 1 1 2 3 3 1 0 1 0 0 0 1 1 0 0 2 1 5 1 1 5 2 3 0 2 3 1 2 1 1 16 3 7 7 3 3 11 16 5 2 12 8 5 0 7 17 0 0 0 2 0 6 2 5 1 8 2 5 1 1 1 3 18 27 19 2 97 18 12 6 10 33 17 13 11 35 11 0 0 4 1 1 2 4 2 7 6 1 0 11 
14 35 19 7 6 17 20 19 13 21 6 13 8 18 14 51 37 14 5 12 4 2 23 24 7 0 0 23 9 41 6 38 35 13 31 10 13 9 31 12 12 1 19 37 8 25 16 17 20 88 125 97 182 153 72 36 69 131 0 55 15 3 16 46 39 61 17 38 7 47 33 37 18 47 288 239 92 92 22 71 112 37 78 190 73 65 31 151 25 0 0 33 10 29 14 21 3 23 35 11 2 32 
0 5 0 0 0 2 0 4 4 2 1 5 0 1 0 4 1 2 0 0 1 0 3 3 1 0 0 3 2 6 0 1 7 0 0 0 0 4 2 6 3 2 8 15 8 4 11 2 7 26 8 4 13 13 7 0 4 39 0 3 0 1 2 6 3 7 2 11 8 4 3 6 3 7 33 30 10 22 93 6 8 4 30 59 52 26 9 72 15 0 0 12 6 9 1 4 3 13 24 1 0 6 
3 0 0 0 0 1 1 0 0 0 0 1 0 1 0 0 1 0 1 0 2 0 0 0 2 0 0 0 1 8 2 2 3 1 0 0 1 0 2 3 6 6 6 3 5 5 5 0 11 19 4 6 6 8 1 2 1 15 0 3 3 0 0 2 3 2 5 3 3 2 3 2 2 5 18 36 8 14 118 19 3 7 16 76 39 15 9 37 9 0 0 17 1 3 4 3 0 11 5 1 1 7 
1 1 1 2 0 3 2 3 2 0 2 0 0 0 0 3 2 0 1 0 0 1 0 2 2 0 0 3 1 12 0 3 0 2 1 1 0 1 2 7 7 4 6 17 14 13 11 11 13 40 5 1 9 2 2 0 1 10 0 11 1 0 1 1 5 6 1 2 0 5 6 2 2 2 12 24 7 18 57 16 13 1 8 66 27 22 16 90 17 0 0 17 4 20 11 8 3 30 43 6 2 22 
0 1 1 0 0 2 1 0 1 2 0 0 0 0 0 0 1 0 0 0 0 0 0 0 0 0 0 0 0 0 2 2 1 0 2 0 0 2 3 3 4 2 10 13 6 5 2 6 2 10 5 5 8 0 4 3 2 5 0 8 0 1 1 2 1 2 0 1 1 2 0 0 2 3 15 28 9 16 58 13 17 4 7 118 21 19 11 47 9 0 0 9 3 5 7 1 1 9 14 1 1 9 
0 8 2 5 0 6 5 8 3 8 0 2 0 1 2 0 0 1 0 0 2 0 1 6 0 0 1 9 4 9 4 6 4 2 2 3 1 1 22 15 12 6 52 47 19 38 22 44 40 128 14 33 48 38 17 7 35 52 0 8 3 2 3 3 5 6 1 3 4 3 7 5 5 3 130 62 26 128 242 155 117 50 166 20 175 116 71 207 54 0 0 66 30 43 26 43 6 42 36 7 3 34 
2 1 1 0 1 0 2 7 0 1 0 0 0 0 0 0 0 0 0 2 0 1 0 1 0 0 0 2 1 3 0 3 0 1 1 0 1 2 7 13 5 4 30 24 9 17 16 11 14 37 5 8 2 8 7 4 8 12 0 7 4 0 0 1 2 2 0 2 2 1 3 3 1 1 30 13 3 31 38 51 45 9 49 99 7 37 19 94 13 0 0 41 14 16 19 18 3 16 13 5 2 12 
0 4 4 0 2 7 2 3 2 1 5 2 1 1 1 4 5 2 0 5 4 0 0 2 5 0 0 7 0 20 5 14 19 2 6 5 9 19 28 3 7 14 37 77 20 43 30 31 24 98 15 4 17 5 1 3 15 15 0 8 1 0 3 2 6 1 0 6 0 0 3 5 2 2 29 11 3 15 32 21 37 12 45 78 75 8 24 73 58 0 0 88 11 37 31 31 6 40 26 10 4 33 
1 2 7 0 6 8 1 3 0 2 1 0 0 0 2 1 8 2 0 1 3 1 2 3 2 0 0 2 0 15 3 15 16 4 6 1 6 12 32 14 10 4 31 67 20 41 17 34 37 61 6 7 14 5 2 1 7 4 0 7 4 2 0 5 9 3 0 3 0 2 4 3 2 0 17 15 3 21 26 35 22 13 22 60 33 22 12 47 44 0 0 65 21 42 28 42 4 21 17 2 1 39 
27 29 17 3 5 8 5 8 9 5 5 2 5 4 0 15 19 17 6 4 14 9 13 25 13 0 3 27 0 74 25 45 69 22 22 13 50 65 139 42 27 24 104 127 61 128 96 109 132 601 28 20 54 18 10 3 22 26 0 16 6 0 4 13 13 20 0 5 1 1 10 6 3 9 62 63 14 51 110 45 71 38 54 151 82 74 40 22 47 0 0 160 25 83 65 119 21 83 94 23 4 172 
1 8 3 1 2 3 3 0 2 3 1 2 3 0 1 8 9 2 1 2 7 3 0 7 2 0 1 8 2 25 12 15 16 4 5 10 34 39 49 44 16 16 51 69 32 56 20 52 27 90 12 5 17 11 2 2 4 10 0 3 0 0 1 4 5 2 2 1 2 2 1 2 0 2 16 15 3 31 29 19 19 14 17 48 46 50 37 42 6 0 0 58 11 36 29 57 5 39 33 8 7 35 
0 0 0 0 0 0 0 0 0 0 0 0 0 0 0 0 0 0 0 0 0 0 0 0 0 0 0 0 0 0 0 0 0 0 0 0 0 0 0 0 0 0 0 0 0 0 0 0 0 0 0 0 0 0 0 0 0 0 0 0 0 0 0 0 0 0 0 0 0 0 0 0 0 0 0 0 0 0 0 0 0 0 0 0 0 0 0 1 0 0 0 0 0 0 0 1 0 0 0 0 0 1 
0 0 0 0 0 0 0 0 0 0 0 0 0 0 0 0 0 0 0 0 0 0 0 0 0 0 0 0 0 0 0 0 0 0 0 0 0 0 0 0 0 0 0 0 0 0 0 0 0 0 0 0 0 0 0 0 0 0 0 0 0 0 0 0 0 0 0 0 0 0 0 0 0 0 0 0 0 0 0 2 0 0 0 0 0 1 0 0 0 0 0 0 0 0 0 0 0 0 0 0 0 0 
5 27 21 0 4 16 14 7 8 7 3 11 11 2 9 22 31 13 13 2 6 1 3 18 10 0 1 15 7 88 43 67 67 70 71 30 99 166 290 95 76 22 63 271 152 200 130 247 302 641 20 23 34 21 14 3 14 35 0 34 5 4 3 11 16 12 1 7 3 4 9 11 1 10 45 33 8 41 82 53 57 62 61 151 129 165 169 446 199 0 0 15 70 143 88 594 48 265 147 46 21 195 
0 3 2 1 2 4 0 3 1 4 1 1 0 0 0 2 1 1 1 1 1 0 0 0 0 0 0 5 2 16 5 13 5 13 7 1 10 17 21 12 8 4 43 73 28 29 16 45 41 51 0 1 4 1 0 2 2 3 0 3 2 2 0 2 0 0 0 0 0 0 0 1 0 1 6 14 0 13 19 9 11 13 11 23 11 33 28 77 39 0 0 82 3 12 20 36 8 29 26 6 6 27 
1 4 6 0 0 2 1 1 0 2 1 2 3 1 0 2 6 0 0 0 0 0 2 2 1 0 1 1 0 11 5 11 8 6 12 7 14 16 43 14 12 8 37 85 37 35 21 45 46 112 4 1 8 7 1 0 7 3 0 1 0 0 1 4 0 2 0 1 0 0 0 1 0 0 6 6 3 10 27 33 16 8 11 35 21 43 20 108 53 0 0 86 8 3 2 55 5 25 12 10 15 49 
0 3 2 0 1 4 3 4 1 1 0 1 3 1 1 2 2 1 0 0 0 0 0 0 1 0 0 1 0 22 3 10 10 8 13 14 13 10 32 8 12 9 34 47 33 39 23 58 76 111 5 1 6 6 2 0 5 3 0 1 0 0 1 0 2 2 0 0 0 1 1 0 0 0 8 8 2 17 24 23 16 13 19 37 32 34 38 134 55 0 0 52 18 10 5 33 16 37 21 10 13 84 
0 2 2 0 0 0 2 0 1 0 1 1 4 5 0 0 0 2 0 0 0 0 0 1 1 0 0 3 0 13 2 9 7 4 3 6 14 18 54 20 10 6 37 40 21 21 20 26 40 71 4 4 4 5 0 1 1 3 0 1 0 0 1 2 1 2 0 1 0 0 0 0 0 0 9 16 0 5 18 9 11 17 22 37 15 19 14 107 24 0 0 105 16 34 12 12 1 26 10 10 3 45 
0 1 0 0 0 0 0 0 0 0 0 0 1 1 0 0 5 0 0 0 0 0 0 0 0 0 0 0 0 3 1 1 0 1 0 0 1 0 5 0 5 0 3 2 3 5 4 4 1 17 0 1 0 1 0 1 0 0 0 0 0 0 0 0 0 0 0 0 0 0 0 0 0 0 1 1 0 2 2 0 2 1 2 3 4 9 2 16 7 0 0 9 0 6 3 3 2 1 4 1 0 3 
0 1 1 0 1 0 0 2 1 2 0 2 0 0 0 0 0 0 0 0 0 0 0 0 0 0 0 1 0 9 2 1 4 2 6 5 8 4 17 1 2 3 12 25 14 16 6 23 11 58 2 1 4 2 2 0 0 3 0 2 0 0 0 0 1 0 0 0 0 0 0 0 0 0 5 10 2 3 13 6 7 10 15 20 22 11 8 65 11 0 0 45 9 7 11 36 0 4 6 9 3 35 
4 9 2 2 1 2 3 0 2 1 0 1 2 3 0 1 2 0 0 0 0 0 0 3 0 0 0 1 1 9 9 4 4 2 1 2 13 14 37 8 9 0 27 37 17 29 20 19 25 113 8 6 10 2 1 1 4 7 0 2 0 0 0 0 0 3 1 0 0 0 0 1 0 0 14 4 0 3 29 11 20 8 8 30 15 17 6 90 21 0 0 42 11 6 15 16 0 5 3 3 0 23 
0 1 0 0 1 1 0 0 3 0 0 0 0 0 0 0 0 0 0 0 0 0 0 0 0 0 0 0 1 2 0 0 3 0 0 0 0 2 6 2 2 1 3 5 3 1 2 3 1 12 0 2 4 0 1 0 0 0 0 0 0 0 0 0 0 0 0 0 0 0 0 0 0 0 0 4 0 2 2 1 1 0 4 5 2 1 2 11 2 0 0 12 0 1 3 7 1 1 3 2 0 3 
0 0 0 0 0 0 0 2 0 0 0 0 0 2 0 0 0 0 0 0 1 0 0 0 0 0 0 0 0 0 0 2 0 0 0 0 0 2 5 0 2 1 5 1 4 2 1 4 2 9 0 1 0 0 0 0 0 0 0 0 0 0 0 0 0 0 0 0 0 0 0 0 0 0 0 4 0 0 3 2 3 1 1 8 3 4 3 15 12 0 0 8 2 0 6 6 2 3 0 0 0 4 
5 13 8 2 2 9 12 6 5 4 0 7 2 3 2 2 12 8 3 3 3 0 2 3 1 0 0 8 2 55 20 32 38 23 14 11 45 37 77 21 21 12 56 90 49 50 50 50 55 239 12 12 26 11 2 4 10 9 0 9 0 3 1 2 1 2 1 2 0 1 2 1 2 1 19 12 1 15 42 22 17 26 18 65 48 52 23 254 69 0 0 94 15 61 30 54 3 40 34 3 1 10 
