4 7 29 3 4 21 28 14 24 14 11 17 26 81 31 59 29 7 8 6 9 4 2 10 6 0 1 12 64 2 0 3 14 2 5 1 4 1 17 12 12 2 6 8 6 16 6 5 5 37 3 2 4 2 0 1 1 3 0 2 0 1 2 4 3 2 1 6 0 2 3 2 1 3 2 3 1 2 10 0 0 0 2 4 0 3 2 7 1 0 0 6 0 1 2 2 0 0 3 0 0 14 
5 10 25 12 7 36 30 27 42 16 10 34 42 84 36 64 32 15 26 13 12 6 8 14 3 0 1 14 111 7 1 3 8 4 8 1 8 7 36 18 6 0 9 5 9 19 8 5 6 48 11 1 7 3 0 2 1 7 0 4 0 4 1 10 8 10 0 5 0 1 1 3 3 2 0 3 0 0 16 3 2 1 1 6 2 4 1 14 2 0 0 12 1 1 1 1 1 0 1 0 0 4 
13 12 7 3 8 18 27 26 32 19 6 27 32 85 38 49 22 20 12 8 14 5 6 7 6 1 0 15 175 4 1 3 9 0 0 0 5 3 23 20 17 4 4 8 5 13 5 0 4 31 8 2 6 2 0 0 2 3 0 0 1 3 1 7 7 7 3 1 3 2 3 0 7 2 2 3 0 3 13 0 3 2 2 7 0 1 1 11 3 0 0 10 0 3 2 0 0 2 0 0 0 7 
7 11 24 3 1 9 14 9 5 6 2 10 4 14 5 6 8 1 1 0 0 0 1 1 2 0 1 7 11 1 1 0 4 0 0 0 1 6 3 0 0 1 2 3 2 4 1 2 0 6 0 0 3 0 0 0 0 1 0 1 0 0 0 2 0 0 1 1 1 0 0 0 1 0 0 2 0 0 6 0 0 0 0 0 1 0 0 0 1 0 0 0 0 0 0 2 0 0 0 0 0 3 
4 8 20 2 3 15 4 8 19 5 10 10 18 32 10 32 9 6 5 6 2 6 5 5 4 1 0 6 27 2 0 1 4 1 2 0 2 2 19 5 0 0 4 6 1 1 4 3 2 21 2 0 2 2 1 0 2 0 0 0 0 1 0 2 1 5 1 0 0 0 0 2 1 2 0 1 1 2 4 0 0 0 0 0 0 2 0 3 1 0 0 0 0 0 0 0 0 1 0 1 0 0 
13 30 17 4 6 10 17 18 14 18 23 26 40 105 39 57 29 26 17 13 7 10 4 29 8 1 1 17 93 6 3 1 5 3 6 1 3 14 35 21 8 0 3 7 6 6 9 6 4 38 2 5 4 6 0 1 4 2 0 0 3 3 2 1 1 4 4 0 0 2 1 0 2 2 2 1 0 2 12 2 0 0 0 2 0 4 0 4 1 0 0 6 3 1 1 0 0 1 0 0 0 8 
23 55 34 13 7 26 6 30 40 23 7 21 35 75 35 53 29 16 19 7 6 11 1 6 4 0 0 9 78 5 2 3 12 0 2 6 1 6 18 13 4 0 2 6 5 5 11 1 2 26 5 3 11 5 1 1 2 1 0 3 0 1 2 5 7 12 0 5 2 1 0 6 1 1 1 1 0 6 11 0 0 1 3 2 1 7 0 10 5 0 0 5 0 2 0 1 1 0 1 0 0 2 
18 37 30 3 5 14 27 13 19 13 16 23 55 61 51 50 34 20 18 11 8 18 5 6 5 0 3 9 66 3 1 5 5 6 2 1 2 5 21 9 8 1 3 4 7 13 10 3 3 14 4 1 2 4 3 0 1 3 0 1 0 5 2 0 5 2 3 2 0 1 0 3 1 2 1 0 0 2 5 0 2 1 0 4 0 1 1 2 1 0 0 5 4 1 2 1 0 0 1 1 0 6 
36 31 39 8 10 34 42 19 4 7 15 15 37 66 34 52 27 22 18 12 14 8 1 8 4 2 3 17 49 6 1 3 6 0 0 0 0 3 43 15 9 2 3 10 9 8 4 1 6 26 2 1 8 8 0 0 2 8 0 0 0 0 0 5 3 7 2 1 1 1 0 3 2 1 3 0 0 1 11 0 0 3 1 0 1 1 2 9 1 0 0 5 1 1 4 0 0 0 1 0 0 1 
12 11 10 8 4 26 43 30 52 6 12 10 37 39 19 40 21 11 13 5 17 9 2 18 3 2 1 20 32 2 2 1 2 1 0 1 0 3 17 6 5 1 1 3 2 5 5 1 1 14 3 4 5 9 3 1 0 8 0 2 0 2 0 4 2 6 1 1 0 0 1 1 3 2 1 2 0 3 14 0 1 2 0 1 1 3 0 5 0 0 0 3 0 0 1 0 0 0 0 0 0 2 
10 3 12 2 7 9 12 8 6 9 2 12 27 27 8 22 12 18 14 9 4 6 8 9 3 0 0 10 28 0 0 2 2 2 2 0 0 2 9 5 6 2 4 0 4 10 1 3 2 22 2 0 1 1 2 0 0 2 0 2 1 1 1 1 0 2 1 0 1 0 0 0 0 6 0 0 0 1 6 0 0 0 0 0 0 0 0 0 0 0 0 1 1 1 2 0 0 0 1 0 0 1 
35 40 37 7 11 16 26 24 36 18 13 5 19 60 22 43 40 26 18 15 14 15 16 39 15 0 1 30 48 6 2 8 6 0 3 1 2 4 25 25 6 1 3 13 3 11 6 2 8 37 4 2 9 8 4 0 1 3 0 4 0 3 1 2 1 5 0 1 2 0 5 6 4 3 4 1 0 0 14 2 0 0 0 1 1 0 0 5 0 0 0 10 2 3 2 0 0 5 2 1 0 1 
43 79 47 5 29 50 57 42 41 32 17 34 3 70 32 69 46 30 35 21 30 16 13 56 28 3 8 62 51 8 0 10 15 3 5 3 3 6 25 14 7 4 9 11 14 8 7 3 5 25 7 6 8 4 7 2 11 7 0 8 0 2 1 0 2 2 1 0 0 0 1 2 1 2 6 1 0 1 7 0 0 0 0 0 1 4 0 4 0 0 0 10 7 1 3 1 0 0 5 0 0 2 
50 84 73 7 12 61 51 60 70 26 23 47 33 3 9 38 55 35 52 32 46 37 25 74 33 2 2 134 77 9 0 6 4 0 2 0 6 5 14 15 12 4 7 2 4 17 12 3 2 41 7 4 15 12 2 1 4 17 0 2 1 2 0 0 0 2 0 0 0 1 2 0 3 1 6 1 3 1 21 3 0 2 0 3 0 0 0 8 0 0 0 5 1 4 5 3 1 4 0 1 0 3 
36 54 44 8 9 34 51 30 34 32 12 20 38 21 6 22 51 26 41 31 26 29 19 59 39 3 13 80 38 7 5 4 5 1 6 0 6 1 9 14 10 1 7 10 2 11 2 0 3 14 5 4 8 4 2 3 3 8 0 4 1 0 0 1 0 0 0 0 2 0 1 0 0 0 1 2 2 0 11 2 0 0 0 0 1 1 1 1 1 0 0 5 2 1 1 0 0 0 0 0 0 4 
28 55 30 7 17 40 50 40 44 44 28 41 47 32 18 22 49 55 40 28 52 39 35 110 37 8 5 72 43 23 7 27 33 8 9 10 30 4 15 25 25 2 6 14 28 13 13 6 10 48 4 10 6 5 2 4 6 10 0 5 2 2 0 2 2 3 0 1 1 0 1 1 4 2 3 2 0 1 20 6 0 0 0 0 0 1 2 11 1 0 0 13 0 2 4 2 0 1 3 0 0 8 
19 43 17 6 11 35 30 31 46 35 15 38 51 106 48 64 7 39 59 33 60 35 34 91 22 10 12 83 36 28 12 21 44 9 19 24 35 11 50 42 25 5 22 17 13 41 17 5 6 58 5 7 21 6 3 1 8 7 0 2 3 7 2 7 2 0 0 0 0 1 1 5 0 2 1 6 1 1 24 4 1 0 1 1 0 5 2 11 4 0 0 13 2 1 5 2 0 0 0 0 0 7 
9 21 15 3 8 28 24 15 20 14 9 31 38 98 29 101 43 3 32 8 23 12 15 39 14 7 7 42 27 18 6 7 21 7 15 15 19 9 62 24 13 2 13 23 12 23 12 3 8 33 6 3 8 5 1 0 0 4 0 5 0 1 1 3 0 1 0 0 0 0 0 0 1 0 2 0 4 1 16 1 1 0 0 0 1 4 1 10 4 0 0 9 1 0 0 0 0 0 1 0 0 5 
11 15 14 0 1 12 21 24 20 23 15 19 25 77 24 57 65 34 2 20 38 12 20 50 29 4 2 24 37 13 5 10 16 7 9 8 16 7 42 8 8 1 13 6 7 12 5 4 2 33 1 4 2 3 0 1 2 1 0 0 2 2 0 1 1 0 0 0 0 0 0 0 0 0 1 0 0 3 9 1 0 0 3 0 0 0 0 6 0 0 0 3 1 0 0 1 0 0 0 0 0 1 
6 16 8 2 4 10 10 7 16 13 13 9 22 55 24 61 35 21 15 3 4 8 15 40 15 10 7 51 20 4 3 4 6 6 5 1 8 7 45 13 6 2 2 1 3 8 2 2 0 16 0 0 9 0 0 5 1 1 0 3 1 0 0 0 3 0 0 0 0 0 0 0 0 0 5 3 0 0 10 2 0 0 0 0 1 2 1 5 3 0 0 3 0 0 0 0 0 0 0 0 0 2 
8 5 10 1 3 7 6 16 10 4 11 23 30 65 46 111 55 46 40 2 2 6 16 29 10 4 11 40 9 12 5 3 5 1 6 1 27 10 43 8 13 3 7 6 3 11 6 5 1 22 2 0 0 0 1 0 1 1 0 0 1 2 0 0 1 1 0 0 0 0 0 0 0 0 1 1 0 1 6 0 0 0 0 2 0 3 1 3 2 0 0 4 0 0 1 0 0 1 0 0 0 2 
6 11 7 4 1 9 11 8 17 14 7 15 18 55 16 78 24 7 28 2 7 7 11 21 9 11 10 47 26 5 3 1 4 4 10 2 21 5 50 1 2 0 5 5 3 1 6 3 3 15 1 0 2 0 0 0 0 3 0 3 0 0 0 0 0 0 0 0 0 0 0 0 0 0 0 0 0 0 4 0 0 0 0 0 0 0 0 3 4 0 0 1 0 0 0 0 0 0 1 0 0 0 
4 4 2 0 3 5 4 9 7 9 4 5 15 35 37 61 39 19 11 7 15 6 6 22 4 10 1 46 6 2 0 2 8 0 1 1 10 4 25 2 7 2 3 6 5 4 3 4 1 13 1 1 4 0 2 2 2 3 0 1 0 1 0 0 0 0 0 0 0 0 0 0 0 0 0 0 0 0 6 2 0 0 0 1 1 0 0 1 1 0 0 1 0 0 0 0 0 0 0 0 0 2 
9 17 10 0 9 10 9 13 19 20 8 29 39 90 49 168 68 59 33 17 30 18 19 8 7 32 50 83 25 9 2 4 24 3 9 10 27 13 72 18 8 1 11 13 10 17 10 14 13 66 5 3 8 3 1 3 1 4 0 0 0 0 0 0 0 0 0 0 0 0 0 0 0 1 1 1 3 1 10 1 2 2 0 1 3 4 0 13 2 0 0 1 0 0 0 1 0 0 1 0 0 3 
25 20 15 5 8 19 10 11 23 44 9 27 51 53 49 147 59 28 38 24 29 21 11 14 12 6 24 61 16 5 6 8 83 6 9 14 19 12 80 27 31 3 12 18 19 19 17 16 9 114 6 10 14 5 7 3 1 7 0 1 0 0 0 0 1 0 0 0 0 0 0 0 0 0 5 4 1 3 13 1 1 2 0 5 2 8 5 36 0 0 0 11 1 0 1 2 1 0 1 0 0 5 
0 2 0 0 1 0 0 0 0 0 0 4 3 6 8 4 7 5 4 10 4 20 20 28 4 0 0 7 1 1 0 0 1 0 2 0 0 1 6 2 2 0 0 0 0 0 0 0 0 0 0 0 2 0 0 1 0 0 0 0 0 0 0 0 1 0 0 0 0 0 0 0 0 0 1 0 0 0 3 0 0 0 0 0 0 2 0 0 0 0 0 0 0 0 0 0 0 0 0 0 0 1 
0 0 0 0 0 0 0 0 0 2 0 0 4 9 1 28 2 3 2 0 15 9 7 23 7 1 2 15 0 2 0 0 0 5 1 1 0 1 2 0 0 0 0 0 0 0 0 0 0 2 0 0 1 0 0 0 0 0 0 0 0 0 0 0 0 0 0 0 0 0 0 0 0 0 0 0 0 0 1 0 0 0 0 0 0 0 0 1 0 0 0 0 0 0 0 0 0 0 0 0 0 0 
21 13 16 3 9 6 13 12 21 23 11 31 57 110 53 122 78 62 53 39 53 60 56 76 51 18 38 10 9 4 4 5 17 5 4 5 24 25 67 19 45 3 11 13 19 22 14 4 7 68 10 5 9 4 1 1 0 5 0 2 0 0 1 0 0 2 0 0 0 0 0 0 1 0 8 4 0 4 16 1 4 0 0 1 0 3 5 15 5 0 0 13 0 1 2 2 0 1 1 0 0 12 
22 24 50 13 6 18 20 15 7 15 6 8 16 27 13 13 5 9 11 4 5 8 2 5 2 0 0 5 2 1 1 0 3 0 3 0 2 8 4 4 2 0 1 1 2 3 2 1 1 15 0 3 0 0 0 0 0 0 0 0 2 1 0 2 0 4 2 0 0 1 1 0 0 0 0 0 1 0 3 0 0 0 0 1 0 0 2 4 0 0 0 5 0 1 0 0 0 0 0 0 0 1 
2 4 6 0 0 0 6 0 4 6 3 13 6 8 9 13 40 21 12 3 4 5 1 5 3 0 0 2 7 33 74 104 211 52 120 113 353 125 262 110 60 20 42 31 31 50 40 26 21 155 4 8 10 6 5 1 5 4 0 2 4 1 4 13 24 38 21 11 4 6 11 8 1 2 2 3 0 1 30 3 2 1 1 6 3 13 6 40 15 0 0 40 8 12 10 9 1 5 5 6 1 18 
0 3 0 0 0 1 0 2 1 0 1 4 2 1 0 5 14 7 13 2 0 1 0 3 4 0 0 1 3 82 9 51 81 17 43 44 108 35 96 39 23 8 19 14 25 22 13 1 4 44 2 2 2 0 0 1 0 6 0 7 1 1 4 4 10 14 2 5 2 4 4 7 2 0 1 0 0 0 3 3 1 0 1 0 0 9 2 14 4 0 0 15 0 2 2 1 0 2 2 0 0 7 
1 0 4 0 1 0 3 3 3 1 0 4 3 2 8 9 29 17 17 2 2 0 1 6 3 0 0 9 12 122 54 8 113 44 78 45 240 110 263 67 36 8 37 46 51 42 36 18 36 102 5 4 9 9 3 2 3 5 0 5 3 6 1 4 15 20 3 7 3 2 3 1 5 3 4 1 0 2 19 1 6 3 2 3 1 13 1 29 9 0 0 23 4 6 9 2 1 5 2 3 1 24 
24 12 11 4 4 6 13 9 14 12 2 4 11 13 9 25 36 29 18 8 16 10 6 51 23 0 1 31 8 302 93 109 32 66 91 122 325 148 288 194 165 32 125 95 122 169 146 73 81 834 47 45 68 31 22 14 18 19 0 12 3 11 7 10 13 23 6 10 8 16 12 13 12 7 26 8 2 5 76 9 7 4 6 11 14 24 9 199 34 0 0 57 10 17 15 24 3 11 15 1 0 77 
0 2 0 0 0 1 5 4 1 1 0 0 1 0 1 4 28 5 4 1 4 0 2 9 2 1 2 2 4 64 22 30 35 2 20 23 87 43 106 52 24 4 21 33 26 28 34 8 11 77 12 9 16 8 2 5 4 9 0 6 0 10 1 1 3 23 4 8 8 6 7 17 9 12 3 3 0 1 30 2 5 1 2 1 1 2 1 26 4 0 0 20 3 1 4 4 1 2 2 0 1 8 
6 9 6 0 4 2 2 4 1 1 0 5 2 0 4 9 18 13 13 8 7 8 7 12 7 2 0 14 10 140 63 84 96 20 10 26 137 67 135 96 46 8 40 37 36 65 41 20 19 106 13 4 8 7 3 4 4 7 0 2 3 10 2 9 15 10 9 3 4 8 14 17 16 4 9 0 0 2 25 2 1 2 1 5 2 11 3 15 4 0 0 39 16 6 9 10 3 11 1 4 0 19 
2 0 1 1 0 1 1 1 0 1 2 0 0 1 4 16 13 13 12 5 5 2 4 8 3 0 0 13 10 125 65 87 134 17 35 8 162 60 119 56 28 6 22 29 36 50 23 15 14 131 7 2 6 2 2 0 5 3 0 0 0 1 4 10 6 13 3 1 0 2 0 9 1 3 0 0 1 1 8 0 0 0 0 2 0 5 1 15 5 0 0 31 5 4 6 6 2 1 3 0 0 34 
6 9 7 4 2 2 2 2 7 3 0 5 8 1 3 92 30 16 9 14 11 11 10 18 4 1 2 26 11 305 183 205 229 76 134 224 20 137 339 292 172 38 120 153 147 163 130 64 53 288 16 17 22 11 6 0 7 9 0 0 3 15 11 19 10 32 6 19 12 5 27 14 17 5 5 6 1 2 15 3 2 0 3 5 2 10 12 53 24 0 0 95 15 22 20 19 3 15 19 5 4 50 
9 7 13 1 4 11 4 12 10 15 1 8 8 8 3 5 15 16 6 5 7 4 10 11 7 0 0 16 12 111 48 83 122 40 53 63 108 8 140 156 96 18 70 83 69 108 79 27 27 250 7 2 8 5 0 1 4 2 0 0 1 5 1 1 4 4 3 2 1 3 7 6 4 4 2 2 0 0 17 0 2 0 1 4 0 14 11 44 16 0 0 80 6 14 9 14 1 7 9 0 2 26 
14 13 10 1 6 9 18 8 13 18 9 24 21 11 7 5 30 25 25 14 23 17 15 34 16 4 0 26 14 124 64 100 139 55 101 54 283 85 10 227 136 16 84 115 62 121 88 49 30 266 15 5 13 4 3 1 6 5 0 3 3 9 5 21 12 17 2 3 5 5 24 12 5 3 5 3 1 6 19 1 1 1 1 10 4 15 9 58 17 0 0 100 18 19 11 14 1 10 10 6 1 36 
7 15 19 2 4 12 6 10 9 16 16 14 26 11 7 18 22 21 27 8 10 2 3 10 10 0 2 33 35 100 42 73 112 34 83 61 364 151 434 13 48 19 51 129 77 158 95 44 42 292 6 4 12 5 2 2 3 7 0 1 3 7 0 14 15 11 0 5 4 2 3 4 5 4 4 1 0 2 20 5 2 5 2 19 15 8 11 26 25 0 0 65 8 12 15 15 2 2 5 3 0 34 
3 23 20 3 5 1 10 8 6 12 4 7 12 7 3 14 21 24 9 6 13 4 1 20 6 2 1 21 23 64 22 45 137 24 46 29 170 99 269 67 11 20 48 84 60 139 85 35 26 240 4 7 9 4 0 2 4 2 0 3 0 6 1 7 10 6 5 2 0 1 3 4 3 12 6 3 0 3 13 4 0 5 6 12 10 20 9 30 23 0 0 55 18 7 11 11 2 9 5 1 0 24 
3 2 1 1 0 1 0 1 0 3 0 0 2 2 1 1 2 6 5 0 0 2 1 5 0 0 0 3 4 5 4 1 5 9 9 1 49 23 29 13 6 1 24 43 14 28 15 0 5 33 0 0 0 2 0 0 2 2 0 0 0 0 0 1 1 0 0 0 1 1 0 1 1 1 0 0 0 0 5 0 0 1 0 6 1 10 3 5 10 0 0 14 1 2 3 1 0 1 2 0 0 1 
6 2 5 2 0 5 12 3 5 4 10 2 8 5 4 12 31 16 8 1 5 7 6 8 2 0 0 10 8 39 17 37 86 29 62 28 124 106 148 64 56 16 19 97 73 101 66 43 37 171 3 10 12 6 0 0 6 1 0 4 3 7 2 6 14 4 0 1 1 2 2 3 4 1 9 4 2 5 31 10 22 20 11 57 21 51 27 111 56 0 0 99 21 36 24 50 7 31 17 3 7 107 
2 9 10 1 9 8 4 9 16 1 3 4 5 2 9 15 27 14 17 6 5 6 8 16 10 0 0 17 15 61 15 44 102 31 45 19 155 119 209 108 78 42 79 20 138 221 136 81 64 321 10 7 22 5 5 4 7 12 0 2 1 6 4 8 4 7 0 5 1 1 4 8 0 6 24 7 5 10 52 29 28 14 15 92 22 90 76 112 69 0 0 193 43 45 39 68 6 55 45 10 9 104 
8 15 11 1 1 4 4 2 9 12 1 2 6 4 3 13 14 26 14 4 8 2 4 32 9 0 1 21 9 34 11 34 96 32 43 28 157 85 177 75 45 14 68 178 18 206 115 74 88 352 7 3 11 4 3 0 4 3 0 2 1 5 0 5 6 6 2 6 0 0 2 11 0 2 3 10 0 12 28 11 14 7 8 27 12 27 27 63 11 0 0 89 17 30 23 26 6 18 32 2 2 67 
12 7 22 0 3 9 7 7 11 13 9 13 7 4 7 15 23 23 10 8 9 7 3 24 8 0 1 15 13 68 9 47 142 29 55 21 176 76 200 115 77 15 92 229 116 20 190 141 108 568 8 15 16 10 4 2 4 7 0 0 4 3 0 11 5 5 2 3 0 1 5 5 6 7 13 6 0 11 50 13 11 14 9 60 16 34 29 125 30 0 0 126 10 37 42 17 6 36 44 9 3 110 
6 17 5 0 4 6 7 8 3 14 2 8 9 9 6 8 27 13 11 4 5 3 3 17 2 1 0 23 10 43 18 41 128 14 35 26 148 88 154 105 68 15 78 127 101 238 22 103 90 335 8 4 18 7 2 3 0 8 0 0 1 3 1 6 5 11 0 6 4 4 2 8 3 3 12 6 2 7 18 10 8 13 7 14 17 33 12 116 18 0 0 95 16 24 17 26 4 30 30 2 1 94 
4 2 6 2 1 0 1 8 1 7 2 4 5 5 1 3 8 9 6 1 1 0 1 11 2 0 0 11 3 22 6 13 70 11 15 7 67 26 80 45 34 7 30 82 36 191 107 6 47 341 1 1 10 0 1 0 2 0 0 0 0 1 0 4 4 2 2 1 0 0 3 2 6 3 3 3 1 4 7 1 9 1 0 10 6 15 7 106 13 0 0 62 5 12 15 6 2 5 8 0 1 41 
5 7 9 0 1 5 5 1 4 10 1 11 7 5 3 5 11 9 4 2 1 2 1 15 4 0 0 8 7 15 8 14 83 7 22 15 56 47 104 53 34 4 60 112 64 198 114 65 7 379 4 5 3 0 2 1 3 3 0 0 0 1 0 4 4 4 2 1 0 0 3 5 2 2 6 4 0 2 8 3 2 2 5 13 6 19 8 113 7 0 0 95 5 16 14 9 1 7 18 2 1 49 
31 37 18 7 10 26 18 12 17 43 14 19 18 22 16 33 57 32 41 7 18 19 14 88 31 1 7 84 45 170 44 88 712 63 96 90 322 187 512 227 208 39 145 328 257 477 259 217 217 33 38 13 64 22 5 3 10 12 0 4 6 7 3 22 16 23 5 9 6 3 11 10 22 23 37 32 5 10 83 19 16 23 21 102 28 67 42 535 46 0 0 230 23 47 64 34 3 38 44 8 1 262 
6 10 4 2 2 4 0 5 3 5 4 5 5 12 11 20 13 4 6 4 0 0 1 22 7 0 1 7 11 12 1 6 39 4 8 4 16 4 27 10 8 2 3 18 7 11 8 16 4 41 5 4 56 12 10 13 18 29 0 28 6 3 2 13 21 13 4 15 2 8 5 6 10 6 2 3 2 6 122 11 8 0 5 29 10 13 1 31 6 0 0 6 1 6 3 4 0 2 2 0 2 20 
3 6 1 0 0 0 2 1 2 2 1 2 3 6 8 8 8 1 3 0 0 0 0 11 0 0 0 5 14 9 1 2 16 3 1 0 4 2 10 0 0 0 4 7 3 11 5 4 1 16 5 3 36 29 8 3 10 11 0 12 0 1 3 5 11 6 0 8 1 3 0 4 5 5 6 2 0 0 61 4 4 3 4 14 5 10 2 10 7 0 0 9 0 0 4 0 1 1 0 0 0 9 
3 5 13 2 2 6 5 3 3 5 2 3 4 17 9 25 11 6 10 5 0 2 1 14 5 0 0 10 8 8 2 7 55 7 6 4 15 5 28 5 12 0 7 12 13 15 12 3 4 61 14 16 5 14 12 6 13 22 0 26 4 4 1 14 17 21 7 13 10 15 6 10 12 20 2 5 1 6 123 14 4 3 3 18 8 18 12 50 7 0 0 10 1 6 8 5 1 1 5 1 0 27 
0 5 1 0 0 7 2 0 3 2 1 2 6 11 8 7 6 6 6 1 0 0 2 1 1 0 0 2 4 7 1 6 16 7 3 2 13 1 8 6 1 2 5 8 3 1 8 1 1 15 9 24 37 1 14 3 4 22 0 22 8 2 7 12 11 7 6 3 1 3 3 4 5 4 2 1 0 1 65 7 2 3 4 13 4 10 5 15 1 0 0 5 0 4 4 1 0 3 3 0 0 9 
1 6 2 0 0 0 3 0 1 2 3 0 6 2 0 3 2 2 0 0 1 3 0 2 0 0 0 0 0 4 0 2 8 1 3 1 2 0 6 2 1 0 1 1 1 5 1 2 0 8 9 7 8 6 4 3 2 8 0 4 2 0 2 9 6 4 1 9 0 4 2 1 6 6 0 3 0 2 43 4 1 2 1 9 1 0 0 10 3 0 0 8 0 1 0 0 2 0 0 0 1 0 
0 2 1 0 2 1 1 5 1 1 0 3 2 4 0 1 2 0 2 0 0 0 0 4 0 0 1 1 6 0 0 2 6 3 3 0 1 0 3 3 1 0 3 1 1 2 2 2 2 14 2 3 3 3 2 0 6 6 0 3 5 2 3 3 4 12 0 0 4 6 1 5 1 2 3 6 1 0 34 2 0 1 3 6 1 3 1 8 1 0 0 1 2 2 1 0 0 0 0 0 0 2 
3 1 1 0 0 0 2 0 4 2 0 4 3 10 7 6 3 4 3 1 2 1 0 1 1 1 0 2 4 3 1 6 13 3 5 6 3 1 18 5 5 0 3 11 4 6 3 2 2 13 19 10 21 15 5 11 4 15 0 16 5 1 4 7 10 14 2 8 5 8 5 7 1 2 10 12 1 9 63 1 2 1 1 24 9 5 3 12 4 0 0 10 1 7 5 3 1 9 4 1 0 7 
2 2 3 1 2 1 6 1 8 5 1 3 11 24 3 15 13 7 7 0 0 1 2 4 1 0 0 5 4 5 4 3 35 4 7 2 6 2 22 7 5 0 8 6 2 12 5 3 3 25 25 11 30 23 6 9 4 5 0 26 7 3 1 9 17 18 4 6 1 1 8 3 4 2 10 11 4 16 98 24 5 0 10 29 8 2 4 26 3 0 0 14 0 7 5 2 1 3 1 0 1 12 
0 0 0 0 0 0 0 0 0 0 0 0 0 0 0 0 0 0 0 0 0 0 0 0 0 0 0 0 0 0 0 0 0 0 0 0 0 0 0 0 0 0 0 0 0 0 0 0 0 0 0 0 0 0 0 0 0 0 0 0 0 0 0 0 0 0 0 0 0 0 0 0 0 0 0 0 0 0 0 0 0 0 0 0 0 0 0 0 0 0 0 0 0 0 0 0 0 0 0 0 0 0 
11 11 10 1 0 9 5 3 1 3 5 7 11 23 5 19 22 8 6 4 1 4 2 17 5 2 2 17 28 12 8 5 17 4 1 0 1 1 8 3 3 1 0 10 7 3 3 2 2 28 19 11 29 17 12 1 10 15 0 4 5 9 8 12 14 30 3 5 4 11 6 13 9 19 16 3 4 2 35 2 5 2 3 10 3 4 2 14 0 0 0 10 5 0 4 2 0 1 0 0 1 8 
1 1 2 1 1 1 0 1 0 1 0 1 1 4 1 4 3 1 1 0 0 1 1 0 0 0 0 1 1 11 2 0 6 3 3 1 2 2 7 0 4 0 3 4 0 2 3 1 2 9 5 6 13 5 4 3 4 4 0 6 0 2 3 3 10 11 1 6 0 10 3 3 5 7 2 3 0 1 19 2 1 2 1 1 8 1 1 8 1 0 0 2 0 2 1 0 0 0 0 1 0 1 
3 2 3 0 1 3 4 2 5 2 1 10 7 5 3 1 8 2 5 1 0 1 0 4 0 0 0 2 2 7 8 8 13 17 21 4 25 5 17 16 5 2 7 7 2 14 5 4 2 32 2 6 8 5 1 2 1 5 0 7 3 3 5 21 12 23 9 11 2 14 4 8 7 6 2 1 1 2 24 1 1 2 1 6 0 9 0 8 5 0 0 16 1 2 4 3 1 1 0 0 0 1 
0 0 0 0 1 1 1 3 0 0 0 1 0 0 0 2 1 0 2 0 0 0 0 2 0 0 0 0 1 6 4 2 4 3 5 1 4 3 6 5 1 0 0 1 0 1 1 0 1 3 3 6 4 1 1 0 0 9 0 8 1 3 0 4 10 8 2 8 1 4 2 0 3 0 2 0 0 1 9 3 0 0 0 1 0 4 0 2 0 0 0 1 0 0 0 0 0 0 0 0 0 0 
1 2 1 0 0 2 3 2 2 0 1 0 1 1 0 3 3 5 0 0 0 0 0 0 1 0 0 1 2 11 1 2 9 6 15 3 26 7 18 14 4 0 3 6 3 1 6 4 4 22 13 15 21 7 6 6 3 8 0 6 3 11 5 2 3 25 6 8 0 6 9 18 9 7 1 5 1 2 26 0 1 0 2 4 4 1 1 5 4 0 0 9 1 2 3 1 0 0 0 0 0 0 
0 3 5 0 2 1 5 3 5 4 0 2 3 0 1 1 2 1 2 0 0 1 0 1 0 0 0 0 10 22 13 23 21 13 4 15 43 8 48 13 14 5 12 7 7 14 12 8 8 21 16 6 21 12 3 4 4 5 0 20 10 8 9 25 4 25 14 18 13 30 14 36 24 11 3 4 1 3 46 5 5 7 6 6 4 4 3 11 3 0 0 5 3 2 2 1 0 0 1 0 0 1 
13 23 10 4 6 7 16 2 8 5 1 7 3 1 0 3 1 1 0 1 2 1 1 0 0 0 0 5 7 58 35 34 40 12 18 13 38 14 49 26 7 0 13 20 13 15 16 12 6 41 19 19 45 16 14 9 12 23 0 28 12 14 13 29 51 22 15 48 20 45 65 72 40 44 11 10 3 9 85 12 10 6 2 7 4 6 2 23 4 0 0 11 1 3 1 1 1 0 0 0 0 4 
2 1 3 2 0 2 4 10 3 2 1 0 1 1 0 1 0 0 0 0 0 1 0 0 0 0 0 0 8 6 6 7 7 4 6 5 10 5 13 5 0 1 3 5 2 3 2 1 1 14 3 3 6 6 4 2 3 10 0 9 9 4 2 7 17 15 7 7 19 24 18 27 12 15 2 0 1 1 19 3 4 1 1 3 0 2 0 1 2 0 0 4 0 0 0 0 0 0 0 0 0 0 
2 2 2 0 0 0 1 2 1 3 1 1 3 2 0 3 1 0 0 0 0 0 1 0 0 0 0 0 9 12 3 12 7 14 0 3 31 9 31 2 6 0 1 10 8 7 6 1 1 14 11 7 20 4 4 2 9 7 0 7 5 21 6 12 18 25 5 1 10 18 27 34 13 13 3 5 0 6 25 5 2 1 3 2 2 5 0 7 3 0 0 6 0 0 0 0 0 0 0 0 0 2 
2 1 1 0 0 2 1 0 0 1 0 0 0 0 0 0 0 0 0 0 0 0 0 0 1 0 0 0 2 7 2 2 7 11 7 2 16 0 8 1 1 0 2 4 1 0 3 2 2 9 2 1 5 3 3 0 4 3 0 7 4 2 5 4 11 27 8 4 0 8 28 25 6 4 1 0 0 1 14 2 1 3 0 3 0 0 1 2 1 0 0 0 0 0 0 0 0 0 0 0 0 0 
1 5 1 0 2 1 2 1 4 1 2 2 1 0 0 0 0 1 0 0 0 0 0 1 0 0 0 0 3 17 3 4 14 9 6 0 18 10 29 4 6 0 2 4 1 1 3 1 4 12 8 6 7 14 2 2 13 5 0 7 4 12 7 11 50 37 19 23 10 5 28 47 22 36 2 3 0 2 35 4 1 0 4 6 1 2 0 5 0 0 0 3 0 0 0 2 0 0 0 0 0 0 
0 5 2 0 0 4 3 1 1 0 2 5 3 0 1 0 1 0 0 0 0 0 0 1 0 0 0 2 7 5 3 0 15 9 13 10 44 6 29 2 2 0 7 3 1 3 3 0 4 23 6 1 5 6 0 1 2 4 0 13 1 2 2 8 21 27 16 13 15 13 3 37 10 22 2 2 0 1 25 5 2 1 4 5 1 2 1 7 0 0 0 0 0 0 0 0 0 0 0 0 0 4 
2 0 3 0 1 8 4 7 2 1 0 1 3 0 0 0 2 0 1 0 0 0 0 0 0 0 0 0 8 9 4 2 16 18 17 7 35 8 30 6 3 2 3 6 4 5 2 3 0 9 6 1 6 7 4 0 5 4 0 18 4 9 9 15 26 40 9 16 11 17 35 3 23 28 4 0 1 1 28 7 3 2 2 9 2 1 0 6 1 0 0 3 1 0 0 0 0 1 0 0 0 1 
2 1 4 1 1 2 6 8 3 4 3 4 3 6 3 2 1 1 1 0 0 0 0 1 0 0 0 0 4 4 2 6 17 18 9 9 27 18 17 20 7 2 6 13 8 16 7 5 2 15 8 6 17 8 3 3 1 12 0 12 12 7 6 24 50 42 27 42 12 36 34 49 8 28 5 3 0 8 57 4 3 2 5 8 2 2 0 5 1 0 0 5 0 3 0 5 0 0 0 0 0 5 
1 3 3 0 2 2 4 1 1 2 0 2 2 2 0 0 0 1 1 0 0 0 0 0 1 0 0 0 1 4 2 4 9 14 6 1 18 4 17 2 5 0 2 4 3 7 0 1 1 17 15 5 8 5 0 1 4 9 0 17 9 2 8 10 19 40 9 17 10 27 35 33 20 1 2 2 3 5 34 1 4 6 5 1 3 4 2 3 0 0 0 2 2 0 1 1 0 1 1 0 0 3 
1 0 1 0 1 2 0 4 0 1 5 4 4 11 2 6 7 6 2 0 4 1 1 5 1 0 0 2 3 4 2 3 12 4 3 2 8 2 15 0 4 0 11 15 3 12 8 0 5 46 8 4 5 2 4 0 6 16 0 8 3 1 0 4 7 10 2 1 0 3 3 4 3 0 5 7 1 17 129 16 6 9 11 73 10 19 10 59 10 0 0 19 4 11 7 2 1 8 3 2 1 13 
2 3 0 1 1 2 3 1 0 6 1 3 4 6 4 5 4 3 0 2 0 2 1 1 3 0 0 1 7 4 1 5 12 3 3 0 5 1 8 6 6 0 5 16 6 10 12 0 7 32 5 0 8 2 2 3 4 14 0 6 0 0 0 5 6 9 0 5 0 2 0 4 0 4 5 3 6 21 121 18 20 8 16 72 11 11 9 30 9 0 0 11 1 5 3 5 1 0 9 2 0 10 
0 0 0 0 1 1 0 1 2 1 0 1 1 1 1 4 1 0 0 0 0 0 0 2 1 0 0 1 0 0 0 9 2 0 1 0 2 0 1 4 0 0 2 1 0 2 4 0 0 4 2 2 1 3 5 1 1 4 0 1 0 1 0 3 0 5 1 0 0 1 0 0 2 2 5 3 0 16 48 5 7 7 8 19 10 4 3 13 0 0 0 2 1 2 0 0 1 1 2 0 0 3 
0 0 0 0 1 5 0 4 1 3 0 0 2 5 2 7 4 3 0 0 0 0 0 6 0 0 0 2 5 1 1 0 4 1 3 3 4 1 2 2 5 1 3 15 7 11 16 3 9 18 7 2 5 3 1 4 4 12 0 5 3 0 5 5 5 6 2 3 1 2 0 8 0 0 9 12 7 1 66 7 11 5 6 45 10 14 16 32 7 0 0 10 0 2 1 4 0 1 5 0 0 8 
5 18 12 1 1 13 9 2 5 8 2 8 7 24 9 33 19 4 8 2 3 3 4 17 7 0 0 8 17 11 8 7 33 12 19 4 12 6 48 15 7 3 13 38 21 26 17 17 7 64 73 36 77 41 39 20 44 81 0 49 4 13 6 8 30 28 7 11 13 10 17 15 21 15 65 102 32 63 22 42 69 19 40 163 46 34 16 71 20 0 0 40 6 19 11 11 0 7 10 2 1 33 
0 3 2 0 1 0 1 1 0 5 0 3 0 4 2 0 4 4 2 0 0 0 1 2 1 0 0 4 4 4 0 8 4 2 2 0 2 0 12 6 6 1 10 14 6 16 14 2 1 28 8 6 21 8 5 2 8 14 0 5 2 1 0 4 4 13 4 3 2 1 3 4 4 6 23 26 5 30 127 0 19 26 19 126 38 19 11 43 8 0 0 34 3 9 8 4 1 7 7 1 0 16 
6 5 5 0 0 1 6 0 1 2 0 0 0 1 0 0 3 1 0 0 1 0 0 3 0 0 0 1 1 8 1 0 9 1 0 0 1 1 4 2 5 2 19 25 7 18 6 4 2 27 12 3 12 4 2 0 1 17 0 1 1 0 3 10 7 5 1 0 1 2 2 4 3 3 14 17 3 9 82 24 5 4 23 87 25 26 10 42 4 0 0 30 4 12 8 6 0 6 7 1 0 24 
0 2 2 0 0 1 0 1 0 1 2 0 1 0 0 2 2 1 0 0 0 0 0 1 0 0 0 1 3 4 1 1 15 2 2 0 0 2 5 5 8 1 10 28 7 21 11 6 5 38 3 0 6 1 0 0 1 3 0 1 1 1 1 1 5 5 0 2 1 0 2 1 6 2 10 4 4 13 46 12 10 4 7 46 10 14 6 42 7 0 0 17 6 14 4 7 2 7 2 0 0 33 
0 0 1 0 0 2 2 0 1 0 0 1 0 1 0 0 1 0 2 0 1 0 0 2 0 0 0 0 0 1 1 2 8 1 1 1 0 1 7 3 8 1 26 11 4 20 8 4 3 27 7 1 13 6 2 0 1 9 0 2 2 0 0 2 3 1 2 1 1 0 0 10 0 4 13 6 4 18 75 16 12 2 2 94 26 13 8 33 11 0 0 54 7 10 4 7 0 9 3 1 1 20 
3 5 1 1 2 0 2 2 0 0 1 0 0 0 1 2 0 1 0 0 0 1 1 2 0 1 0 1 2 6 1 5 15 2 1 1 7 1 23 10 15 2 43 64 16 54 25 11 13 85 8 10 28 13 12 5 16 28 0 7 0 2 2 4 4 7 2 1 4 4 3 4 3 3 53 38 25 56 214 96 74 18 119 14 109 67 34 108 29 0 0 60 21 42 21 20 7 29 24 1 2 55 
4 1 3 2 0 0 1 1 0 1 3 0 0 2 0 1 0 0 1 0 1 0 0 2 0 0 0 2 4 1 1 2 1 0 0 0 0 1 5 10 3 2 18 42 11 24 15 2 1 31 7 3 6 12 2 1 7 12 0 2 2 0 0 0 2 3 1 0 0 1 1 1 6 2 10 6 1 17 60 38 26 8 16 107 2 39 12 45 13 0 0 50 6 15 15 6 0 7 6 3 1 25 
4 1 0 3 1 2 3 4 3 3 4 1 3 1 1 3 3 3 10 4 2 1 2 9 1 0 0 2 11 19 10 11 16 1 8 10 19 18 39 7 15 17 72 140 25 63 47 13 10 99 9 8 15 5 4 5 6 6 0 4 3 0 0 3 8 4 0 0 0 4 1 2 0 2 26 12 6 15 59 31 32 17 21 96 60 6 37 75 61 0 0 120 32 47 25 38 9 29 29 4 4 58 
1 4 0 2 1 1 1 2 0 2 1 1 0 0 1 2 7 0 3 1 0 2 1 6 1 1 1 4 7 4 0 2 14 4 1 4 28 11 38 15 11 5 29 76 13 56 20 8 10 70 6 8 10 2 4 1 2 4 0 3 1 5 0 5 3 7 1 2 3 0 1 1 3 0 11 9 1 7 47 9 6 4 13 54 23 36 2 33 34 0 0 68 16 23 22 8 4 12 7 2 4 30 
13 21 12 2 8 7 10 7 8 18 2 6 5 4 3 7 7 9 6 5 11 5 2 36 14 0 0 23 17 47 20 25 214 19 23 15 83 61 181 26 26 7 73 137 51 166 85 55 70 491 15 13 51 5 6 5 14 12 0 18 4 5 3 4 1 9 0 4 4 2 4 10 4 11 46 37 8 29 109 29 30 26 44 102 50 43 29 24 27 0 0 211 29 46 50 44 11 35 38 6 6 277 
2 5 0 0 0 3 3 0 4 3 2 1 2 2 0 1 15 4 0 1 1 2 1 5 2 0 0 9 5 12 5 14 28 5 12 5 41 16 49 18 11 7 35 88 15 51 17 16 14 48 11 4 14 4 0 1 2 4 0 1 2 3 0 3 2 5 1 2 1 1 8 4 1 2 10 7 2 3 30 12 10 11 14 36 19 30 26 35 9 0 0 72 13 21 12 30 3 9 12 4 1 49 
0 0 0 0 0 0 0 0 0 0 0 0 0 0 0 0 0 0 0 0 0 0 0 0 0 0 0 0 0 0 0 0 0 0 0 0 0 0 0 0 0 0 0 0 0 0 0 0 0 0 0 0 0 0 0 0 0 0 0 0 0 0 0 0 0 0 0 0 0 0 0 0 0 0 0 0 0 0 0 0 0 0 0 0 0 0 0 0 0 0 0 0 0 0 0 0 1 0 0 0 0 0 
0 0 0 0 0 0 0 0 0 0 0 0 0 0 0 0 0 0 0 0 0 0 0 0 0 0 0 0 0 0 0 0 0 0 0 0 0 0 0 0 0 0 0 0 0 0 0 0 0 0 0 0 0 0 0 0 0 0 0 0 0 0 0 0 0 0 0 0 0 0 0 0 0 0 0 0 0 0 0 0 0 0 0 0 0 0 0 0 0 0 0 0 0 0 0 0 0 0 1 0 0 0 
2 9 5 0 2 3 1 2 1 8 6 4 4 6 4 7 10 7 6 3 3 0 2 2 5 0 0 4 5 16 2 17 36 20 22 8 66 48 97 51 30 4 56 128 32 67 44 30 46 164 6 10 25 3 4 0 1 5 0 5 2 8 1 7 4 4 1 1 2 0 0 3 3 2 9 3 0 7 34 11 30 11 12 54 37 76 37 96 54 0 0 12 39 47 18 42 10 22 43 5 6 80 
1 2 0 1 1 3 0 1 5 2 1 3 0 2 2 4 6 1 1 0 1 0 0 1 0 0 0 5 3 10 2 11 11 6 14 4 24 22 39 12 13 5 57 50 18 30 20 9 7 61 3 5 4 0 1 1 2 2 0 2 0 1 0 2 1 2 0 1 0 2 3 1 0 1 7 3 1 0 18 11 12 5 15 33 19 30 38 52 16 0 0 75 3 8 10 15 6 16 12 2 1 28 
1 4 1 0 0 1 0 1 0 1 0 1 3 0 6 3 3 0 0 0 1 0 0 2 0 0 0 4 0 9 3 4 12 5 11 3 26 26 21 6 5 6 35 41 15 32 21 10 13 63 4 2 8 2 0 0 1 4 0 2 0 1 0 3 0 2 0 0 0 0 0 1 0 1 4 0 2 4 15 7 4 6 3 27 14 38 12 47 16 0 0 92 9 3 1 24 4 6 7 0 2 51 
1 1 1 0 0 0 1 0 0 0 0 0 1 4 0 1 1 0 0 0 2 0 0 1 0 0 0 3 5 6 1 5 7 2 5 4 12 9 19 9 3 2 23 39 7 28 17 14 10 54 2 2 3 2 4 0 3 5 0 1 0 3 0 1 0 0 0 0 0 0 0 0 0 0 2 5 2 4 16 9 4 2 6 17 7 13 13 33 10 0 0 28 12 5 5 5 1 5 5 5 2 56 
4 2 1 1 0 0 4 2 4 0 1 1 3 3 0 0 2 0 0 0 0 0 0 0 0 0 0 0 0 9 1 0 15 4 0 9 31 15 36 14 11 8 45 84 12 54 16 12 8 65 2 2 2 2 1 1 1 3 0 0 0 0 1 0 4 1 0 0 0 0 2 0 1 1 2 4 0 3 24 3 5 5 6 25 4 32 12 69 13 0 0 105 16 21 20 4 2 12 2 0 4 54 
1 1 1 0 0 0 0 0 0 0 0 0 0 0 0 2 0 0 0 0 0 0 0 0 0 0 0 0 0 0 1 2 3 0 1 0 6 3 6 2 1 0 4 8 3 3 1 0 0 8 1 1 0 1 1 1 0 1 0 0 0 0 0 0 0 0 0 0 0 0 0 0 0 0 0 0 0 0 2 1 1 2 3 3 6 4 6 20 4 0 0 18 1 0 1 3 2 2 1 0 0 9 
1 0 1 0 2 0 0 0 0 0 0 0 2 0 1 0 0 0 0 0 0 0 1 0 0 0 0 0 1 4 1 1 7 4 6 2 11 7 45 7 2 1 27 44 7 38 14 8 7 59 1 2 5 3 0 0 1 0 0 1 0 1 0 1 1 0 0 0 0 0 0 0 0 0 6 0 0 1 18 7 11 3 4 17 9 23 21 23 10 0 0 66 5 16 5 16 2 5 1 4 2 39 
2 2 1 0 0 0 0 0 0 0 1 1 0 0 1 1 0 1 0 0 0 1 0 0 0 0 0 0 5 4 1 3 6 0 4 2 11 1 22 4 10 0 21 39 20 43 14 12 7 44 3 0 5 1 3 0 3 5 0 0 0 1 0 0 0 2 0 0 0 0 0 0 1 0 4 4 0 2 9 6 7 8 4 16 6 18 6 31 14 0 0 64 28 5 9 6 0 1 4 4 2 21 
1 1 1 0 0 0 0 0 0 0 0 0 0 0 0 0 1 0 0 0 0 0 0 0 0 0 0 0 0 0 0 1 0 1 2 1 3 0 4 1 0 0 7 7 3 8 1 1 1 10 0 0 2 0 0 0 0 0 0 1 1 0 0 0 0 0 0 0 0 0 0 0 0 0 1 0 0 0 5 1 0 4 2 2 3 3 4 8 0 0 0 11 15 4 0 4 0 5 2 1 0 1 
1 0 0 0 0 0 1 0 0 0 0 0 0 0 0 0 0 0 0 0 0 0 0 0 0 0 0 0 0 1 0 0 0 0 0 0 4 1 8 0 1 2 3 12 3 8 1 1 0 4 0 0 0 0 0 1 0 0 0 0 0 0 0 1 0 0 0 0 0 0 0 0 0 0 0 0 0 0 3 0 0 1 1 5 5 3 3 8 2 0 0 10 2 6 1 3 0 2 0 1 1 1 
9 11 3 0 4 0 4 1 1 0 0 1 3 5 1 6 4 2 1 1 1 0 1 1 1 0 0 2 2 20 4 5 28 2 8 9 38 16 56 17 16 6 43 75 24 57 38 27 21 143 14 10 9 1 3 2 2 3 0 2 1 1 1 1 1 5 0 0 0 1 0 1 2 2 13 13 3 2 17 10 9 10 4 44 15 31 10 161 28 0 0 110 14 30 33 29 6 25 12 3 1 7 
