8 3 18 3 12 41 28 25 32 29 11 46 39 40 40 67 24 28 35 14 20 25 5 28 16 0 0 22 60 0 4 5 18 1 6 4 1 6 12 17 13 1 9 13 12 17 8 3 5 57 12 4 9 8 3 2 1 4 0 2 1 0 0 5 1 4 3 6 0 1 4 5 2 2 1 1 0 2 20 1 4 1 0 5 2 3 0 28 3 0 0 2 1 3 1 5 1 0 2 0 0 6 
14 9 15 7 12 36 35 24 55 28 17 45 48 45 34 57 30 20 43 20 13 18 5 37 18 1 0 29 75 2 1 10 17 2 7 5 4 8 22 23 25 0 12 14 18 9 8 9 13 59 7 7 11 4 3 1 4 4 0 2 0 1 2 4 5 11 5 4 1 5 12 9 1 3 1 2 0 5 19 3 1 0 0 5 6 2 4 40 6 0 0 9 1 7 1 2 1 2 2 0 2 7 
27 14 11 9 5 27 25 18 44 22 12 31 60 49 51 69 40 21 27 21 15 19 8 34 6 0 0 39 62 1 0 3 11 3 4 4 3 2 23 19 16 2 8 5 12 7 9 2 6 44 15 2 13 5 1 3 3 3 0 0 2 3 1 10 7 7 4 1 2 2 5 2 4 2 0 1 0 2 13 2 3 2 6 3 1 5 2 8 4 0 0 2 3 0 0 3 0 1 0 0 0 6 
8 5 10 1 4 2 8 7 7 1 6 4 6 7 4 19 2 2 4 4 4 5 0 1 0 1 0 3 14 0 1 1 2 1 0 0 0 1 0 1 0 0 0 1 0 2 1 0 1 12 0 1 0 4 0 0 0 3 0 0 0 1 0 0 0 1 1 0 0 0 0 2 0 0 0 1 0 0 4 1 2 0 0 0 1 0 0 2 0 0 0 3 0 0 0 0 0 0 0 0 0 0 
9 7 8 1 4 7 6 2 8 11 7 7 29 21 7 11 4 12 4 0 2 5 1 10 2 0 1 6 12 4 1 0 3 0 3 0 1 3 8 10 4 2 2 1 1 4 1 1 4 21 0 1 2 1 5 1 0 1 0 0 0 0 0 0 1 1 0 0 0 1 0 1 0 0 0 1 1 1 3 0 0 0 1 0 1 0 0 5 0 0 0 0 0 0 0 0 0 0 0 0 0 0 
21 32 25 14 12 4 15 18 20 19 15 17 58 55 37 57 36 17 17 12 9 13 9 32 10 1 0 20 48 0 0 2 7 0 3 0 3 3 15 22 4 0 8 8 8 11 7 5 7 46 1 0 4 5 1 1 1 3 0 2 0 0 0 1 5 5 0 2 5 0 2 4 0 2 2 2 0 1 10 1 0 1 1 4 2 3 2 8 1 0 0 8 1 1 1 2 0 0 0 0 0 5 
23 37 19 14 7 14 11 16 27 15 11 24 78 32 18 33 19 16 25 6 10 7 5 16 10 1 0 7 51 3 1 1 12 4 4 1 0 4 19 13 14 1 10 3 10 5 4 1 3 33 1 1 14 3 2 2 2 4 0 4 2 0 0 5 3 5 0 2 0 2 2 2 1 4 4 2 0 2 11 6 0 2 3 1 1 3 0 7 3 0 0 3 1 3 3 0 0 0 2 0 0 0 
28 28 22 17 4 13 47 11 9 14 12 27 82 56 32 51 29 16 18 8 13 16 1 29 7 0 0 11 38 10 2 3 8 3 1 2 0 7 23 16 4 0 4 11 5 6 5 8 3 20 7 2 5 3 1 1 2 3 0 1 2 1 2 0 3 5 2 3 5 20 1 1 2 3 3 1 0 2 15 0 2 1 1 2 1 0 1 9 3 0 0 4 0 0 0 0 1 0 0 0 0 5 
15 33 40 10 16 24 45 15 12 13 10 23 63 57 33 58 21 19 19 13 12 10 3 21 8 0 2 19 48 5 2 5 6 2 1 1 1 5 21 12 8 0 2 4 8 12 4 2 8 36 2 2 2 3 0 1 1 5 0 0 2 1 1 2 3 6 0 2 0 1 5 2 0 1 3 2 0 0 9 0 3 0 1 3 0 3 2 5 0 0 0 4 0 1 0 2 0 0 2 0 0 6 
14 20 23 13 5 26 28 17 20 3 7 23 56 53 16 42 22 18 9 9 5 7 5 24 16 0 0 19 23 1 1 0 7 3 0 0 1 4 9 15 5 0 3 1 4 5 5 3 1 17 5 7 9 5 6 2 4 9 0 2 2 4 0 2 6 4 1 3 3 5 1 2 1 6 1 1 0 1 20 1 0 1 2 0 2 2 0 6 0 0 0 6 0 1 0 3 0 0 0 1 0 2 
11 14 12 0 2 14 17 11 10 9 3 10 28 19 17 31 12 10 10 7 10 5 4 13 5 3 6 21 9 9 0 1 2 0 2 1 5 4 11 6 7 0 4 4 5 14 2 11 6 18 1 1 3 2 3 0 0 1 0 0 0 0 1 0 0 0 0 1 0 2 1 3 0 1 1 1 1 2 4 0 0 1 0 0 0 3 0 3 1 0 0 3 2 0 0 2 0 1 0 0 0 3 
25 45 31 4 6 37 31 38 26 34 11 9 16 40 30 49 34 37 26 18 22 18 20 58 12 2 2 36 13 10 0 0 13 1 3 0 3 5 35 13 7 3 2 4 9 6 7 6 1 25 6 6 5 2 6 2 4 5 0 4 1 2 2 0 0 2 1 1 2 2 3 3 1 1 4 3 0 3 7 1 1 0 0 1 0 2 0 3 1 0 0 4 1 2 0 0 2 0 0 0 1 4 
55 57 38 10 17 47 69 70 60 39 23 29 4 86 46 81 54 46 33 15 26 22 19 77 30 1 6 81 15 17 10 7 12 2 1 0 1 10 35 20 14 0 9 7 13 8 4 3 5 38 5 4 9 12 4 2 2 14 0 9 2 2 0 3 4 4 1 3 0 0 1 4 0 2 8 4 1 4 19 0 2 2 0 1 2 2 1 9 0 0 0 5 3 2 1 2 0 2 2 0 1 3 
77 159 139 11 38 127 135 126 152 87 53 75 93 15 26 88 134 95 126 71 114 111 45 167 50 10 11 159 65 12 0 7 10 1 2 3 1 6 21 16 6 2 6 12 7 10 8 5 7 38 19 11 26 14 3 2 8 32 0 14 4 9 1 2 2 1 1 0 0 0 5 0 0 1 22 6 0 8 70 6 3 0 0 0 0 3 0 10 4 0 0 17 1 0 3 4 0 0 3 1 1 2 
45 68 54 11 26 53 44 42 52 49 18 36 46 14 11 23 49 32 38 37 40 48 30 74 31 6 22 124 18 8 2 7 4 0 3 3 2 5 8 13 7 4 4 6 7 12 3 11 3 15 5 7 14 5 2 1 2 8 0 3 1 2 0 1 0 1 0 1 0 0 1 0 1 0 4 5 1 1 16 2 0 0 1 0 0 1 1 10 3 0 0 4 2 1 2 2 0 0 0 0 1 2 
50 74 46 9 26 50 55 62 71 67 29 65 78 52 23 17 97 88 74 70 105 69 82 150 70 6 19 165 33 50 14 20 38 9 12 8 35 5 23 40 33 2 15 16 21 11 16 7 13 80 20 7 21 9 5 3 4 12 0 2 6 0 0 2 2 5 1 1 1 0 6 2 1 6 6 3 0 1 38 2 0 1 0 0 3 5 1 12 4 0 0 13 1 1 0 5 0 3 5 1 0 15 
38 54 40 6 11 45 50 56 50 31 17 50 77 83 56 82 3 52 66 36 80 53 40 112 23 2 2 94 22 46 19 37 47 15 25 16 20 15 52 41 29 1 23 15 27 29 15 10 14 78 2 6 13 11 5 0 5 10 0 0 1 2 0 1 2 1 1 1 1 0 2 0 3 0 4 10 0 4 28 5 4 0 0 0 0 6 1 18 3 0 0 15 1 1 2 2 0 3 0 0 0 8 
22 26 19 1 1 14 35 19 26 30 11 26 44 77 29 96 42 7 48 15 50 20 27 64 24 6 3 57 15 33 11 11 25 10 17 14 17 8 48 11 16 4 4 17 22 29 19 7 9 57 3 1 8 7 2 1 1 9 0 3 0 1 2 5 0 2 0 1 0 1 1 3 0 0 5 0 0 1 12 2 2 1 0 1 0 5 5 10 3 0 0 13 0 1 1 1 0 2 1 0 0 4 
15 20 24 4 1 22 16 14 30 30 10 24 45 77 18 74 46 40 6 34 55 45 33 90 33 11 6 61 18 16 6 14 14 8 17 3 15 8 37 18 6 0 10 19 6 20 17 6 7 38 6 4 4 6 2 1 2 4 0 2 1 4 2 3 0 3 0 0 0 0 0 0 0 0 5 1 0 2 12 5 1 0 0 2 2 2 6 7 2 0 0 4 1 0 0 0 0 0 0 0 0 4 
11 13 12 2 3 13 11 14 9 16 9 20 24 40 12 53 27 17 21 0 7 11 19 60 24 10 12 87 7 8 4 2 9 3 9 4 6 7 30 14 13 0 2 3 7 9 5 5 4 19 2 3 2 1 1 0 2 6 0 1 0 1 0 0 1 0 0 0 0 0 0 0 0 0 0 1 2 2 16 3 0 0 0 0 0 0 0 5 2 0 0 1 1 0 0 0 0 0 0 0 0 3 
1 6 16 1 2 4 13 6 10 21 1 12 38 27 21 78 66 44 46 4 5 5 25 38 12 12 16 77 3 7 1 1 18 1 2 3 3 15 43 8 11 1 0 1 5 3 6 2 3 17 1 1 3 0 2 0 4 0 0 1 1 1 0 0 0 0 0 0 0 0 0 0 0 0 0 1 0 1 10 0 0 0 0 0 0 5 1 8 3 0 0 0 0 0 0 1 0 0 0 0 0 1 
6 8 9 0 0 5 15 10 14 8 3 19 25 34 23 47 22 14 23 4 11 4 14 30 9 8 3 54 2 7 1 1 9 1 3 7 4 7 19 2 2 0 2 5 2 3 4 1 2 14 2 0 0 2 0 0 0 1 0 0 0 0 0 0 0 0 0 0 0 0 0 0 0 0 2 1 0 0 6 2 1 0 1 0 0 2 0 3 1 0 0 5 0 0 0 0 0 0 0 0 0 0 
11 20 9 2 21 21 20 14 33 21 18 28 29 49 31 82 46 30 54 21 26 22 5 23 14 15 6 79 1 4 5 2 13 3 6 41 11 36 30 21 13 0 0 6 6 2 7 7 5 23 1 5 3 7 0 1 5 13 0 0 0 3 0 1 1 0 0 0 0 0 0 0 0 0 3 8 0 2 5 1 6 1 0 1 0 1 3 6 0 0 0 2 1 0 0 2 0 0 1 0 0 0 
18 19 16 5 2 18 12 9 30 21 13 29 41 34 42 127 69 47 45 21 25 14 21 10 9 24 40 94 4 10 5 4 32 3 11 2 19 11 48 16 18 2 6 14 14 12 16 9 15 89 7 2 7 4 4 2 3 5 0 1 0 0 0 1 0 1 0 0 0 0 0 0 0 0 14 5 0 4 12 1 2 1 0 2 0 3 2 15 4 0 0 3 0 4 1 0 0 0 0 0 0 7 
37 25 19 3 13 26 23 13 19 28 10 33 38 44 37 71 42 23 42 21 33 24 22 13 8 4 20 64 4 17 7 8 71 4 5 10 9 14 24 17 44 7 9 15 26 19 29 11 11 122 17 12 34 7 2 4 1 11 0 0 3 2 1 2 2 3 0 0 0 0 1 0 0 0 2 6 0 5 22 1 2 3 0 2 1 3 5 43 7 0 0 6 0 3 1 0 1 0 2 1 0 0 
0 0 0 1 1 1 2 4 2 1 1 3 2 3 6 12 6 14 6 6 14 7 9 30 7 1 1 11 0 1 0 0 1 1 0 0 0 0 6 2 0 1 0 2 1 0 1 0 0 2 0 1 1 1 0 0 0 0 0 0 0 0 0 0 0 2 0 0 0 0 0 0 0 0 0 0 0 0 2 0 0 0 0 0 0 0 0 1 0 0 0 0 0 0 0 0 0 0 0 0 0 0 
0 0 0 0 0 1 0 8 6 0 0 1 1 3 4 12 1 3 1 4 28 57 17 27 8 3 0 26 0 1 0 4 3 0 0 1 0 0 1 0 1 0 0 0 0 2 1 1 0 4 0 0 2 0 0 0 0 0 0 0 0 0 0 0 0 0 0 0 0 0 0 0 0 0 0 0 0 0 0 0 0 0 0 0 0 0 0 1 0 0 0 2 0 0 0 0 0 0 0 0 0 0 
21 39 24 4 7 28 17 27 23 50 19 41 48 104 77 148 50 48 45 48 64 139 78 112 59 12 28 7 11 7 9 8 32 7 5 13 21 18 43 35 34 3 16 17 15 26 17 16 21 109 18 9 23 7 14 1 3 7 0 13 3 0 1 3 1 1 0 0 0 1 0 0 0 0 6 5 0 3 20 5 2 3 1 4 6 4 7 39 11 0 0 5 2 1 0 2 0 2 1 0 0 6 
77 95 74 17 24 91 61 59 71 26 21 32 35 51 45 65 36 24 20 13 26 42 13 25 9 0 1 21 1 6 2 9 11 4 4 2 5 11 32 27 16 0 6 8 12 12 11 9 7 60 2 13 14 7 2 4 7 9 0 4 1 0 4 6 12 7 5 1 7 3 6 2 1 0 6 0 0 4 19 3 3 1 0 8 0 7 8 25 3 0 0 9 2 1 1 0 0 5 0 0 0 5 
1 3 5 1 2 3 10 5 4 7 3 7 13 5 8 18 29 17 15 9 7 3 2 9 7 0 0 3 1 21 90 122 227 57 78 128 234 138 194 90 83 4 55 54 38 42 33 29 19 242 1 2 13 9 5 1 4 9 0 7 4 4 1 9 26 22 12 8 1 5 10 6 1 1 13 8 2 6 27 0 5 1 4 3 5 7 6 53 13 0 0 13 10 10 13 6 1 8 3 3 1 24 
2 0 0 0 0 2 1 0 1 3 0 2 6 0 2 5 12 7 8 0 3 0 0 7 5 0 1 2 3 109 10 74 108 28 29 38 94 39 62 38 20 5 10 11 20 11 8 5 6 48 4 2 2 0 0 0 3 4 0 5 0 0 0 8 6 16 3 4 2 3 5 1 5 0 0 0 2 4 5 3 2 1 2 2 0 7 4 13 6 0 0 8 2 1 1 3 0 2 0 0 0 3 
2 0 4 0 0 2 1 4 7 3 1 5 7 1 4 18 31 11 6 2 1 3 0 7 5 0 1 7 0 114 73 10 107 36 63 71 171 111 178 81 62 4 33 50 35 44 39 20 20 137 9 3 7 4 3 1 3 7 0 7 2 2 3 13 13 19 3 3 6 4 1 3 1 0 5 2 0 2 24 2 6 1 2 9 3 11 5 37 13 0 0 34 5 3 2 3 1 3 3 0 0 10 
17 25 12 0 4 7 20 7 12 4 7 9 10 8 6 26 49 29 18 5 17 5 5 47 33 3 3 38 3 289 115 136 21 47 85 103 204 173 248 163 175 19 97 85 109 163 127 106 116 744 48 21 86 17 18 8 22 25 0 13 6 7 3 12 27 37 19 15 6 12 39 25 12 5 20 15 3 4 61 4 11 8 10 13 3 20 15 205 23 0 0 49 5 20 16 23 1 9 14 2 1 85 
0 5 3 3 0 0 7 1 0 5 2 2 1 1 0 14 22 16 5 5 2 2 3 5 3 0 2 9 1 92 39 42 46 10 33 31 81 38 71 49 27 3 33 28 36 24 28 16 13 99 7 3 17 7 2 2 3 5 0 7 6 8 1 0 10 17 15 5 11 11 15 17 5 11 5 2 0 2 16 0 1 1 0 3 2 7 3 22 9 0 0 31 5 5 0 1 1 2 2 1 0 5 
6 6 4 2 1 4 5 6 1 3 1 1 9 7 4 17 24 16 18 10 7 19 4 15 6 0 4 16 4 157 84 106 91 26 16 19 121 57 168 96 49 10 43 61 48 48 40 21 34 127 12 7 19 7 4 6 12 10 0 1 1 12 4 18 8 17 4 10 10 8 11 33 8 2 4 1 0 1 23 4 0 1 4 2 1 8 3 31 15 0 0 57 7 12 6 5 1 6 3 3 1 13 
7 5 4 0 1 0 2 3 4 1 0 1 1 0 1 10 16 17 9 4 3 8 8 10 7 0 0 10 2 174 84 95 132 36 29 11 154 54 117 70 60 6 20 22 38 46 33 17 16 132 7 3 8 5 2 2 1 3 0 1 0 7 6 16 8 22 2 5 4 3 11 17 3 0 2 1 1 0 9 2 1 0 1 0 0 1 1 31 9 0 0 20 5 8 5 11 0 3 6 0 1 16 
12 10 4 3 2 4 1 2 0 6 2 6 2 1 1 31 34 33 26 11 23 12 13 41 25 3 3 53 7 488 212 393 398 125 174 228 33 190 584 455 187 58 136 198 161 208 129 69 69 465 15 24 32 24 4 1 12 16 0 3 3 27 6 34 28 31 19 21 15 12 44 38 22 13 11 9 3 6 32 5 7 5 1 7 3 22 36 114 52 0 0 131 29 34 20 37 6 24 22 8 3 60 
7 7 7 2 4 4 14 8 8 9 4 10 8 10 1 3 16 15 14 2 8 10 7 22 11 2 0 12 2 142 54 169 131 55 56 63 110 14 141 170 93 14 82 100 89 81 78 52 42 239 17 7 15 4 2 1 8 2 0 0 2 3 9 8 9 5 3 4 2 3 6 7 7 3 5 4 0 3 14 2 0 0 0 3 2 14 7 62 15 0 0 52 11 9 13 12 0 5 7 5 4 33 
17 32 18 8 7 29 31 31 37 32 23 27 34 20 6 9 56 54 24 27 57 41 41 98 20 5 14 76 9 374 115 340 310 119 161 116 372 126 21 452 275 32 109 170 156 198 121 89 92 540 19 20 48 16 8 12 10 17 0 12 3 9 9 27 41 41 17 16 6 12 27 24 15 15 14 10 3 12 62 2 7 8 9 6 8 24 23 173 37 0 0 108 23 22 17 39 13 30 27 3 0 82 
11 24 10 0 4 14 22 11 11 11 6 17 34 10 9 18 32 22 17 10 10 8 4 16 7 0 2 22 8 105 47 90 157 33 85 51 242 150 349 25 43 14 49 103 75 92 87 37 61 243 11 5 22 9 2 3 10 6 0 3 1 4 3 14 8 8 0 8 1 4 6 14 0 5 10 0 3 3 12 4 6 5 4 14 6 4 5 42 26 0 0 68 6 8 3 4 4 5 4 0 1 34 
9 9 15 2 6 5 11 8 6 10 4 13 11 6 5 12 21 21 15 6 10 7 3 25 18 1 0 25 6 80 19 66 95 34 44 43 107 104 215 62 10 22 54 80 55 71 77 66 33 247 7 0 14 0 1 1 2 3 0 1 2 0 2 6 11 10 2 2 3 1 7 5 3 2 4 1 2 4 14 3 8 4 4 10 4 17 8 29 12 0 0 42 10 10 4 26 1 6 8 4 3 45 
1 1 0 0 0 0 5 0 2 3 1 5 6 0 3 0 5 2 0 0 0 2 0 3 1 0 0 1 0 9 1 9 12 6 5 6 38 15 35 21 16 1 10 37 19 19 14 10 9 38 1 0 2 0 0 1 1 1 0 0 0 1 1 2 2 0 3 1 0 0 0 0 0 0 1 0 0 2 2 0 3 1 0 8 2 9 2 21 7 0 0 9 0 8 4 6 0 2 3 0 0 3 
6 12 7 1 2 8 8 9 5 7 3 4 15 5 13 10 19 15 6 5 9 6 4 11 6 0 0 20 0 51 30 43 94 28 50 24 108 55 117 80 51 21 26 91 66 84 73 64 48 225 10 6 8 3 3 0 9 9 0 7 1 3 4 5 9 10 1 3 3 1 9 5 3 1 24 7 0 12 26 16 15 12 23 62 36 51 39 125 43 0 0 103 20 36 23 61 5 37 20 3 2 106 
11 13 9 1 2 5 11 3 9 11 3 12 7 10 7 17 39 21 9 5 13 7 7 24 8 2 1 30 8 77 20 60 108 34 53 25 139 131 235 195 127 73 84 20 175 272 137 129 131 439 10 15 16 11 1 6 6 20 0 8 1 4 3 10 7 8 6 8 2 0 6 5 3 2 30 20 3 12 63 43 27 19 22 116 66 134 78 164 101 0 0 218 115 106 45 126 17 86 61 17 14 120 
17 7 9 2 3 3 7 6 9 4 4 5 15 6 8 8 18 20 17 6 6 8 1 26 10 0 1 31 2 66 18 46 147 18 40 23 95 86 147 109 68 30 105 177 19 197 139 114 99 377 11 2 13 9 1 1 3 9 0 1 3 3 2 15 9 7 1 8 2 1 4 1 5 0 14 6 1 5 19 6 13 9 9 31 17 58 19 93 27 0 0 86 24 34 27 65 10 27 31 7 2 57 
11 14 15 1 4 16 13 14 11 15 6 19 17 11 5 19 33 32 22 8 18 8 4 41 11 0 7 24 8 68 24 54 197 36 68 39 171 102 241 183 157 34 108 341 193 25 213 257 244 859 14 18 22 10 3 1 14 9 0 6 7 4 2 4 12 19 8 5 2 2 9 10 2 2 19 18 0 6 42 20 22 17 15 80 27 82 53 233 38 0 0 168 32 57 38 59 6 58 59 8 4 126 
11 12 4 1 3 7 7 8 10 9 5 3 21 4 3 14 21 10 19 9 7 10 7 27 12 0 2 25 6 54 18 42 147 17 32 31 89 80 139 124 88 20 76 119 130 232 16 162 151 428 13 1 13 9 2 2 3 10 0 0 3 7 0 9 13 9 3 6 2 1 9 9 3 2 21 10 1 7 34 17 13 6 14 26 24 57 16 124 23 0 0 79 13 40 29 36 2 36 31 9 0 103 
2 21 5 2 1 1 9 1 4 1 2 3 2 5 7 3 6 5 1 0 6 2 5 14 7 0 1 8 3 32 5 11 84 8 12 13 52 22 69 45 32 9 37 85 69 145 120 12 78 344 8 1 6 3 0 0 2 2 0 1 0 1 0 2 7 3 4 3 4 2 3 2 2 2 6 5 0 0 12 4 0 6 5 12 7 14 9 96 8 0 0 56 4 11 15 10 0 4 8 1 4 44 
3 12 3 2 4 3 4 4 1 4 4 3 3 5 0 5 16 6 4 2 10 5 5 16 4 1 0 7 2 27 3 20 106 7 11 10 50 27 53 52 34 14 50 61 61 145 123 60 13 377 1 3 6 1 1 0 0 3 0 3 0 3 1 6 4 7 0 3 1 0 2 4 1 1 1 2 0 4 14 4 8 5 5 6 4 19 9 121 10 0 0 57 5 12 16 14 4 16 14 3 4 47 
49 71 27 5 20 33 31 24 34 37 14 33 42 31 12 30 56 34 49 23 31 22 13 113 44 2 5 123 12 231 77 136 680 69 113 106 296 258 429 301 298 35 163 315 229 497 290 426 338 32 44 26 99 11 19 8 11 29 0 9 6 12 8 23 37 40 22 19 7 15 20 18 13 13 60 20 3 26 88 50 41 43 31 106 34 97 43 544 61 0 0 212 31 69 48 75 14 65 67 14 5 246 
7 8 2 1 1 2 3 4 4 10 3 7 13 11 6 8 24 22 3 4 4 0 2 20 3 0 0 14 4 21 2 5 31 9 6 7 11 4 10 7 1 2 12 7 9 10 12 3 5 40 4 4 33 22 13 7 23 18 0 24 15 6 2 17 11 18 12 21 2 21 7 7 10 13 13 2 2 11 79 14 1 3 10 21 7 11 5 34 6 0 0 8 5 9 8 3 0 12 6 6 1 13 
1 5 3 0 2 5 3 6 3 1 3 8 3 8 9 7 6 2 2 2 2 0 2 14 6 0 0 6 3 4 3 4 37 4 4 0 5 4 13 3 3 1 5 15 2 4 2 2 2 19 15 1 21 22 10 7 15 14 0 20 11 1 1 18 7 11 11 17 1 12 6 6 6 4 1 7 0 3 49 5 1 1 4 14 2 3 2 9 4 0 0 4 1 3 5 2 2 0 2 2 1 4 
6 6 8 1 7 8 8 7 11 5 2 4 10 12 7 23 16 11 8 4 3 4 10 30 11 0 0 11 3 13 6 14 80 9 14 9 20 5 21 19 9 1 13 10 12 24 13 10 11 74 44 21 6 21 14 3 23 39 0 22 9 4 8 29 29 40 12 24 6 39 14 17 14 16 15 4 1 9 125 21 8 1 6 28 11 21 10 71 11 0 0 10 1 6 8 6 0 9 8 4 1 25 
2 4 6 0 0 1 6 2 4 5 2 7 11 13 5 13 9 5 2 1 1 1 0 6 2 2 0 5 2 9 10 17 21 8 5 4 8 3 11 2 1 0 10 4 1 9 1 1 0 15 5 22 40 3 11 4 12 31 0 31 6 0 3 25 15 13 4 9 0 9 10 8 5 6 2 3 3 6 62 3 5 0 6 13 9 6 2 10 6 0 0 5 1 11 2 4 0 5 2 2 1 8 
4 3 1 0 2 7 4 2 1 3 3 0 0 3 3 3 3 3 1 0 0 0 0 3 2 0 0 3 0 7 1 7 13 0 0 1 2 1 6 0 0 0 2 1 0 2 1 0 1 7 5 11 12 5 2 0 4 14 0 7 5 0 4 7 6 7 0 5 1 3 0 4 4 2 2 4 1 5 36 3 2 0 2 9 3 5 2 10 2 0 0 1 0 2 0 0 0 2 0 0 0 1 
2 1 0 0 0 1 0 1 3 2 2 2 2 2 1 2 2 4 0 0 0 0 0 4 1 0 0 7 3 4 0 7 9 0 0 0 2 0 2 0 1 0 1 0 2 2 2 0 1 11 10 2 12 1 0 1 0 13 0 8 1 3 1 6 3 4 2 2 2 10 2 1 4 0 0 5 0 1 34 2 3 1 2 6 3 5 2 11 1 0 0 1 1 0 0 1 0 0 0 0 1 2 
1 5 5 1 0 0 5 3 1 2 2 3 12 4 9 9 3 1 0 1 1 0 0 7 2 0 0 4 2 2 3 7 13 8 5 4 3 0 3 6 1 0 9 2 1 5 2 1 1 15 16 5 21 17 9 4 2 23 0 15 4 6 0 8 7 20 9 10 2 7 9 3 5 3 9 5 2 14 65 4 1 1 2 22 21 13 3 22 0 0 0 2 2 4 2 1 1 4 6 1 0 3 
1 2 5 5 1 2 11 5 4 7 6 6 9 21 6 9 6 5 2 1 3 0 1 8 1 0 0 5 7 2 2 14 20 4 4 3 5 6 13 2 0 7 5 9 3 2 2 2 3 23 17 22 38 24 13 13 11 3 0 21 6 3 2 26 16 19 4 10 4 9 9 9 5 4 18 9 3 10 85 13 9 6 10 36 19 12 4 20 3 0 0 9 3 5 1 3 0 4 3 1 0 5 
0 0 0 0 0 0 0 0 0 0 0 0 0 0 0 1 0 0 0 0 0 0 0 0 0 0 0 0 0 0 0 0 0 0 0 0 0 0 0 0 0 0 0 0 0 0 0 0 0 0 0 0 0 0 0 0 0 0 0 0 0 0 0 0 0 0 0 0 0 0 0 0 0 0 0 0 0 0 0 0 0 0 0 0 0 0 0 0 0 0 0 0 0 0 0 0 0 0 0 0 0 0 
6 14 9 2 1 9 5 1 2 3 1 15 18 14 10 26 11 20 5 10 6 10 5 14 5 1 2 10 10 12 8 10 16 5 2 2 2 3 8 8 4 0 2 6 6 6 4 2 14 23 37 21 32 34 11 11 16 27 0 3 5 2 5 13 15 28 8 18 4 10 13 20 14 12 18 11 2 6 36 2 5 4 6 16 6 6 4 16 2 0 0 5 2 3 1 2 0 1 1 0 0 12 
1 1 0 0 0 1 1 0 2 1 0 1 8 0 1 1 2 1 2 1 3 0 0 2 2 0 0 1 6 5 1 13 5 3 1 0 4 2 6 1 3 0 4 1 4 0 3 2 3 6 12 4 9 8 3 3 6 3 0 5 1 3 4 7 4 23 7 8 6 13 9 6 6 9 5 8 0 3 21 2 2 1 2 7 5 1 1 9 2 0 0 0 1 1 0 4 0 0 2 0 0 2 
1 1 7 0 0 1 4 0 2 8 1 5 3 7 2 2 10 6 1 0 1 0 2 1 2 0 0 1 1 13 11 13 4 14 8 2 6 9 13 12 3 3 3 6 1 15 7 1 2 31 1 1 4 5 3 0 4 2 0 6 5 2 0 16 12 14 5 12 8 17 11 13 8 6 7 3 0 4 11 3 2 1 2 3 2 2 2 9 8 0 0 12 3 1 2 1 0 2 2 0 0 4 
0 2 0 0 0 1 0 0 2 2 2 1 2 0 0 1 0 0 0 0 0 1 0 0 0 0 0 0 0 1 1 3 2 2 0 2 10 6 3 4 3 0 1 0 0 2 0 1 1 2 1 2 0 1 2 0 6 5 0 1 2 1 0 2 10 18 3 10 8 5 9 12 2 1 2 0 0 1 7 1 3 0 0 1 1 1 0 2 1 0 0 0 0 0 1 2 0 0 0 0 0 0 
4 4 1 1 0 2 0 1 5 4 0 0 3 2 0 0 2 3 0 0 0 0 1 0 3 2 0 2 2 11 9 6 12 1 10 6 20 4 35 27 3 0 9 11 3 4 5 1 1 21 16 5 24 9 2 4 10 14 0 6 3 12 4 2 11 46 13 14 8 15 27 26 7 5 4 3 0 2 40 2 4 1 2 2 3 2 3 7 2 0 0 8 1 2 2 2 0 1 1 0 0 5 
4 5 2 0 0 5 6 7 7 4 1 2 1 1 0 4 2 1 0 0 0 0 0 3 1 0 0 1 5 29 21 19 17 17 6 4 17 10 31 17 9 1 4 8 10 6 8 1 6 28 5 9 29 13 4 2 13 14 0 30 8 9 20 12 6 44 21 28 9 30 26 45 26 16 10 4 1 6 31 4 8 2 2 5 6 1 2 16 4 0 0 7 2 1 0 3 0 1 1 0 0 0 
3 7 10 1 6 10 8 9 5 3 2 3 7 1 0 0 4 0 0 0 0 1 0 5 1 0 1 4 4 65 41 40 26 21 10 13 26 12 38 23 10 1 12 7 10 20 5 11 12 64 37 22 42 23 9 14 17 18 0 53 11 17 20 26 45 20 17 40 31 59 77 67 37 49 20 13 0 9 52 6 16 5 8 6 2 7 4 18 5 0 0 6 1 1 2 5 0 1 0 0 0 6 
1 4 8 1 0 3 3 1 4 2 0 2 0 1 0 1 0 0 0 0 0 1 0 0 0 0 0 2 2 10 10 8 6 11 1 4 9 2 10 2 6 2 1 4 1 4 1 2 1 10 2 3 1 13 3 0 4 4 0 22 5 3 8 9 27 18 2 14 12 27 31 44 21 18 1 1 0 1 14 5 1 2 0 1 0 0 2 6 0 0 0 8 0 0 2 0 0 0 0 0 0 1 
4 9 5 1 0 2 9 2 4 1 0 2 0 0 0 0 0 0 0 0 0 0 0 0 2 0 0 1 4 11 1 5 11 5 2 4 20 2 12 8 4 0 0 4 6 5 1 5 3 26 9 4 16 11 3 2 3 13 0 6 5 5 5 4 32 29 13 6 12 20 51 57 16 15 2 4 1 0 23 3 2 3 1 1 1 2 0 8 0 0 0 3 0 0 0 0 0 0 0 0 0 2 
0 0 0 0 0 1 0 2 2 0 0 1 6 1 0 1 2 1 0 0 0 0 0 0 0 1 0 0 1 3 4 6 14 2 1 0 15 0 1 3 4 0 2 1 1 2 3 7 0 9 2 2 8 2 1 1 2 4 0 3 1 2 2 5 14 30 8 9 3 15 15 21 6 12 2 1 0 0 17 1 0 1 3 0 0 1 0 3 1 0 0 3 1 0 1 0 0 0 0 0 0 1 
1 4 5 1 0 2 6 4 3 2 0 1 1 0 0 3 1 0 0 0 0 0 0 0 0 0 0 3 2 9 5 8 13 13 11 8 8 2 6 2 3 0 3 4 4 1 3 3 1 8 9 2 15 5 1 1 7 7 0 7 4 5 4 9 25 59 25 39 9 7 21 30 20 25 5 1 0 2 20 2 2 0 5 2 1 2 0 1 1 0 0 5 1 0 0 0 0 0 0 0 0 0 
2 2 3 0 1 4 1 6 3 0 0 2 2 3 0 1 1 1 1 0 0 0 0 0 0 0 0 0 1 3 2 2 15 3 5 6 12 8 22 5 5 0 11 2 7 5 5 9 1 18 1 3 6 7 2 5 4 8 0 12 6 4 3 4 15 54 17 36 14 16 5 40 11 9 9 3 1 4 12 2 1 3 1 7 1 2 0 6 2 0 0 0 0 0 2 0 0 0 1 0 0 2 
2 0 3 1 1 2 0 6 0 1 1 2 1 0 0 0 1 0 1 0 0 0 0 2 0 0 0 0 3 10 4 6 16 12 7 2 22 12 27 6 1 0 3 4 1 6 4 1 1 15 6 3 7 6 2 3 4 10 0 11 5 4 2 14 27 73 50 37 30 31 49 5 32 22 5 2 1 1 28 1 3 4 2 2 3 3 1 6 0 0 0 5 0 2 0 1 0 1 0 0 0 1 
5 2 2 2 1 6 2 4 2 2 2 3 0 0 0 2 2 3 0 0 0 0 0 0 0 0 0 0 1 9 6 4 14 15 16 9 18 14 20 17 11 0 3 8 15 11 9 7 11 36 19 7 15 15 6 1 8 11 0 17 7 7 6 13 37 80 28 26 9 35 21 58 4 19 7 6 1 3 42 8 6 1 3 8 3 7 2 23 2 0 0 8 1 0 4 0 0 2 0 1 0 3 
3 2 1 0 1 2 11 8 2 2 1 1 4 1 0 1 1 1 0 1 0 0 0 1 0 0 0 0 6 1 0 1 15 13 3 4 13 10 22 8 13 4 2 1 4 5 7 9 7 36 15 4 13 10 2 3 3 10 0 16 4 2 5 13 19 47 19 29 13 49 23 55 15 0 10 2 2 2 37 5 3 2 7 8 0 8 5 19 4 0 0 1 0 0 0 1 0 2 1 0 0 4 
3 0 0 0 1 0 1 2 0 2 0 0 2 6 4 5 4 1 1 0 0 0 1 6 3 0 0 2 0 5 1 4 18 2 4 0 2 0 3 1 7 0 9 5 8 11 13 5 12 42 5 2 9 2 3 0 5 6 0 7 1 0 2 3 7 6 1 1 2 5 3 7 2 2 2 5 1 11 119 10 6 13 14 34 9 12 4 60 12 0 0 15 6 14 1 9 2 10 3 0 1 15 
1 0 0 0 3 2 2 0 1 3 4 5 6 1 1 0 3 1 2 0 0 0 2 5 2 0 0 2 1 8 6 9 8 0 1 0 0 1 3 2 4 1 12 11 11 9 3 4 8 39 4 7 5 2 3 1 7 18 0 5 0 0 3 10 5 6 0 6 2 3 2 5 2 3 3 1 8 35 93 26 15 5 30 65 20 19 12 52 13 0 0 5 3 12 5 3 1 12 4 2 0 13 
2 1 0 0 0 0 0 1 0 0 1 0 0 2 0 0 0 2 0 0 0 1 0 1 0 0 0 0 2 3 0 2 3 1 0 0 0 0 0 2 0 0 2 2 1 0 0 2 1 5 5 0 3 4 0 1 4 9 0 4 0 1 3 4 0 4 1 0 0 0 0 0 2 2 3 4 0 7 51 17 16 1 11 19 5 0 2 10 3 0 0 4 0 0 0 1 0 1 1 0 0 3 
4 0 2 1 0 1 1 2 3 6 0 0 0 1 1 3 5 2 0 0 1 1 3 2 3 0 0 1 0 9 1 1 7 1 2 0 2 1 6 1 0 0 5 14 7 8 4 6 0 16 7 7 6 8 4 5 5 15 0 6 5 0 3 4 3 3 3 3 0 0 1 2 2 1 16 23 4 5 80 9 10 5 17 58 24 11 4 37 8 0 0 8 1 9 0 1 0 8 1 2 0 10 
14 24 10 2 3 20 14 11 15 15 6 5 9 29 11 36 19 12 6 7 2 3 1 25 10 0 4 17 14 36 4 16 48 27 12 9 18 5 26 16 8 4 33 39 25 24 14 18 13 119 137 78 151 72 63 32 69 104 0 46 15 17 7 33 31 69 19 33 10 27 18 30 26 26 289 200 70 105 23 88 101 28 79 225 85 34 14 146 24 0 0 33 7 27 15 14 1 23 19 10 3 20 
3 3 2 0 1 4 0 0 2 0 1 2 1 5 2 3 5 3 1 1 1 0 0 5 0 0 0 3 3 2 4 3 12 2 2 1 4 0 0 8 9 1 14 15 6 13 8 8 6 26 12 4 3 9 2 6 14 14 0 0 1 1 1 7 7 13 5 8 1 3 2 12 4 2 24 23 5 15 74 10 31 13 20 174 59 13 12 47 13 0 0 15 4 19 7 12 1 8 13 1 0 14 
1 2 2 0 0 0 1 1 0 0 3 0 2 2 0 0 1 1 0 0 0 0 2 2 1 0 0 0 2 5 1 2 2 1 0 0 0 2 10 3 2 1 18 12 8 14 4 3 3 27 8 5 13 8 1 3 4 7 0 3 0 1 0 5 6 11 0 2 5 5 6 1 1 2 27 15 9 10 86 21 3 6 18 123 71 21 5 47 7 0 0 17 6 13 2 7 1 13 5 2 0 13 
0 2 0 0 1 2 2 1 0 2 1 0 0 0 0 2 0 1 1 0 0 0 0 3 1 0 0 1 0 2 3 4 9 2 1 2 2 4 7 8 5 1 12 24 12 8 11 5 9 39 3 6 5 0 2 0 4 2 0 4 3 0 2 0 6 6 0 1 2 3 6 1 3 2 10 11 2 6 32 15 9 4 5 55 36 31 12 77 10 0 0 20 6 11 5 23 1 15 17 3 2 36 
3 8 2 0 0 0 0 0 1 2 0 0 0 0 0 0 0 0 0 0 0 0 0 1 0 0 0 0 0 6 0 1 0 1 1 0 0 2 5 0 2 1 12 8 3 8 5 5 4 39 3 2 2 6 1 3 1 7 0 2 1 0 0 0 5 3 0 2 2 3 4 4 6 6 11 12 2 17 33 33 15 7 2 124 38 12 7 40 11 0 0 15 4 7 4 11 2 4 14 3 0 13 
7 13 4 0 1 5 0 3 8 3 0 0 1 1 2 2 3 0 3 0 0 0 0 5 2 1 0 2 2 6 2 3 30 2 1 5 11 2 15 13 10 2 36 69 15 40 29 23 27 104 36 26 47 17 9 8 29 56 0 16 6 2 5 2 5 8 4 1 3 5 8 5 3 5 104 64 24 103 262 170 136 41 154 30 182 80 53 218 36 0 0 70 17 30 31 19 11 23 30 1 5 62 
0 0 0 1 0 3 0 0 1 1 0 0 0 0 0 0 1 1 2 0 0 0 0 0 0 0 0 0 3 3 0 3 2 2 0 1 3 2 5 8 3 2 29 25 14 16 15 4 3 25 5 8 10 1 5 5 9 18 0 6 1 1 1 0 3 6 2 0 1 0 0 3 1 4 16 20 3 19 32 54 59 26 47 136 8 39 18 62 18 0 0 31 7 10 8 8 1 14 9 2 1 14 
5 6 6 0 1 4 2 0 2 3 1 1 1 0 0 3 2 5 2 2 3 5 0 13 4 0 0 10 4 13 9 12 28 5 11 6 19 15 35 12 17 5 54 92 21 46 57 27 17 123 22 7 18 16 4 0 7 12 0 14 4 2 3 8 1 3 3 4 3 1 5 4 4 5 24 16 2 9 63 22 41 14 39 79 72 7 34 85 65 0 0 111 25 36 34 31 6 31 25 7 3 77 
3 4 2 0 0 3 4 1 1 3 0 1 1 1 2 1 3 6 2 1 0 3 0 8 2 0 0 5 1 20 2 8 24 1 6 1 8 7 38 12 11 7 36 78 11 37 11 7 14 74 5 1 14 3 3 6 3 10 0 4 1 0 2 2 4 4 0 0 1 1 3 0 0 0 8 7 2 16 39 12 11 13 17 49 24 19 4 53 24 0 0 50 19 21 20 22 6 15 15 1 1 35 
33 41 13 2 1 10 13 11 10 12 2 4 5 1 2 6 11 12 6 4 5 6 10 39 18 1 0 50 8 91 20 38 245 24 26 24 56 61 124 25 22 12 107 157 78 183 128 118 150 853 28 18 78 11 10 8 19 19 0 11 4 6 2 5 2 16 2 6 0 3 12 9 4 7 57 37 8 39 93 51 42 57 47 131 60 93 41 32 31 0 0 168 42 71 53 86 20 65 64 17 18 334 
5 5 0 2 0 4 6 2 3 2 4 0 1 1 1 1 4 6 2 1 0 2 0 8 1 1 0 4 1 25 9 12 24 4 8 7 21 24 54 12 4 9 42 69 13 33 12 24 19 68 10 11 17 5 3 0 5 6 0 3 1 1 1 2 1 3 0 0 1 1 5 5 1 1 10 6 1 7 34 16 14 9 19 35 16 43 28 54 9 0 0 49 18 28 15 19 11 24 15 6 2 63 
0 0 0 0 0 0 0 0 0 0 0 0 0 0 0 0 0 0 0 0 0 0 0 0 0 0 0 0 0 0 0 0 0 0 0 0 0 0 0 0 0 0 0 0 0 0 0 0 0 0 0 0 0 0 0 0 0 0 0 0 0 0 0 0 0 0 0 0 0 0 0 0 0 0 0 0 0 0 0 0 0 0 0 0 0 0 0 0 1 0 0 0 0 0 0 0 0 0 0 0 0 0 
0 0 0 0 0 0 0 0 0 0 0 0 0 0 0 0 0 0 0 0 0 0 0 0 0 0 0 0 0 0 0 0 0 0 0 0 0 0 0 0 0 0 0 0 0 0 0 0 0 0 0 0 0 0 0 0 0 0 0 0 0 0 0 0 0 0 0 0 0 0 0 0 0 0 0 0 0 0 0 0 0 0 0 0 0 0 0 0 0 0 0 0 0 0 0 0 0 0 0 0 0 1 
4 11 11 0 2 6 7 11 10 5 4 14 10 6 5 13 13 12 5 5 6 4 2 6 5 0 0 10 6 46 16 33 43 18 40 17 106 73 155 58 67 5 86 184 58 151 80 55 79 309 13 15 44 9 3 2 7 20 0 9 2 15 4 7 13 7 1 3 3 2 5 0 0 1 16 11 2 15 56 31 20 16 41 112 88 90 52 240 73 0 0 18 40 65 40 117 13 67 44 10 8 159 
0 3 3 0 0 2 2 2 0 4 1 2 3 1 0 2 3 0 1 0 0 0 0 1 0 0 0 1 0 7 3 5 15 4 8 7 15 18 13 13 8 9 36 58 22 28 11 8 17 54 0 4 3 4 1 1 5 2 0 5 4 2 1 1 1 0 0 0 0 0 0 0 0 0 8 3 1 8 7 5 8 5 10 17 13 23 11 49 22 0 0 80 0 8 16 18 3 20 13 3 0 24 
0 4 1 0 0 3 2 0 0 0 0 0 0 0 0 1 1 1 0 0 0 0 0 0 0 0 0 1 1 14 2 7 16 10 5 3 11 9 30 13 15 5 19 46 25 38 18 12 17 67 1 7 12 4 0 0 2 1 0 4 0 5 1 2 4 1 0 0 0 0 1 1 0 0 7 4 0 3 32 9 16 7 15 26 20 29 21 84 19 0 0 55 7 5 4 22 4 15 7 2 2 53 
1 0 2 0 0 1 2 0 1 0 0 1 2 1 1 0 2 0 0 0 0 0 0 0 0 0 0 0 2 8 2 7 17 5 1 9 8 7 25 4 8 5 15 42 7 22 9 15 9 57 2 3 6 5 1 5 5 6 0 3 0 0 0 0 0 0 0 0 0 0 0 0 0 0 1 3 1 7 14 11 6 8 6 21 18 22 16 51 25 0 0 42 10 11 6 9 0 8 11 2 6 44 
1 2 2 0 1 2 3 1 5 1 0 0 1 0 0 0 2 0 0 0 1 0 0 0 0 0 0 3 0 8 2 3 27 5 5 5 14 10 23 15 12 3 34 76 26 25 19 19 8 61 1 0 7 3 2 1 0 1 0 0 1 0 0 3 0 2 0 0 0 0 0 0 0 0 3 3 0 1 7 12 6 10 31 22 10 26 9 74 16 0 0 94 18 10 15 2 2 20 12 3 3 36 
0 0 0 0 0 0 0 0 0 0 0 0 0 0 0 0 3 0 0 0 0 0 0 0 0 0 0 0 0 3 2 1 1 0 1 0 2 0 1 0 1 0 2 7 2 1 3 0 2 11 0 3 1 0 0 0 0 0 0 1 0 0 0 0 1 0 0 0 0 0 0 0 0 0 1 1 0 1 3 2 0 0 2 3 1 1 2 12 6 0 0 9 0 3 2 2 0 0 1 0 2 11 
1 1 1 0 1 1 0 1 1 0 0 1 0 0 0 2 1 1 0 0 0 0 0 2 1 0 0 1 4 5 3 3 9 2 3 6 3 5 23 6 1 3 17 21 15 16 7 7 8 45 7 0 6 3 1 0 1 2 0 1 0 0 0 1 0 1 0 0 0 0 1 0 0 0 7 4 0 5 18 4 5 5 6 18 8 11 8 43 6 0 0 27 7 4 7 23 1 3 16 0 1 27 
4 2 4 0 2 2 1 3 1 0 0 3 0 1 1 1 2 1 0 0 2 0 0 1 1 0 0 7 0 4 2 1 15 2 7 4 17 8 25 9 12 2 20 35 14 23 18 13 13 64 2 0 4 2 1 0 0 5 0 1 0 1 1 2 1 0 0 3 0 0 0 0 0 0 5 10 0 2 18 3 11 8 8 28 11 13 4 66 14 0 0 33 9 9 10 4 2 8 6 4 2 44 
1 0 0 0 0 0 0 0 0 1 0 0 0 0 0 0 1 0 0 0 0 0 0 0 0 0 0 0 1 3 0 0 2 0 0 0 0 0 3 2 0 0 6 5 2 4 1 2 2 15 0 1 4 0 0 0 0 2 0 1 1 0 0 0 1 0 0 0 0 0 0 0 0 0 2 0 0 1 1 2 1 3 3 0 1 9 0 6 1 0 0 5 0 2 3 1 0 1 2 1 0 2 
0 0 1 0 0 0 0 0 0 1 0 0 0 1 0 0 0 0 0 0 0 0 0 0 0 0 0 0 0 2 2 0 1 0 2 0 0 0 3 0 1 2 7 6 3 2 2 1 0 3 0 0 0 3 0 0 0 1 0 0 0 0 0 0 0 0 0 0 1 0 0 1 0 0 0 0 0 1 3 0 3 4 0 5 4 5 2 10 5 0 0 2 1 1 0 1 0 2 0 1 0 0 
9 7 5 3 2 5 4 3 6 9 1 7 5 2 2 2 3 0 2 1 0 1 0 4 1 0 0 3 1 15 9 10 35 6 2 9 27 23 53 24 12 7 50 55 35 77 62 31 26 159 19 11 39 5 6 1 5 8 0 7 1 0 2 0 1 2 0 4 1 0 5 2 2 1 25 6 1 11 26 15 11 18 15 55 32 44 15 189 43 0 0 64 16 36 43 69 8 35 25 8 2 8 
