6 11 8 6 9 19 20 16 13 18 18 22 14 24 9 13 15 15 17 7 3 5 1 8 1 0 0 6 4 4 0 1 3 3 1 5 0 3 5 8 3 0 1 1 1 5 5 5 5 8 1 0 2 0 0 0 0 6 0 1 1 0 0 2 9 5 0 1 3 2 0 2 1 3 1 0 1 2 5 1 3 0 0 3 1 4 1 18 1 0 0 0 0 1 0 1 0 0 0 0 0 3 
9 2 13 2 16 38 21 28 23 18 4 30 36 31 21 24 6 16 20 23 4 11 13 15 6 0 0 11 13 4 0 4 2 2 2 1 1 8 14 18 3 0 3 4 12 6 9 4 7 16 1 1 7 5 2 1 2 4 0 0 2 0 0 7 5 7 4 10 0 4 3 1 2 2 4 5 0 0 11 1 0 0 3 2 2 2 0 18 2 0 0 0 0 0 1 4 0 1 2 0 0 0 
6 6 5 7 2 14 17 21 13 9 10 13 25 23 17 24 15 8 2 5 5 14 5 6 3 3 1 16 12 1 0 2 4 0 0 2 2 2 4 8 6 1 2 1 2 6 5 3 7 9 3 2 1 0 1 2 1 4 0 2 0 1 0 1 1 6 1 1 0 3 0 1 1 2 0 0 0 0 2 1 2 0 0 2 1 3 0 16 0 0 0 0 0 4 1 1 0 2 0 0 0 1 
0 1 4 1 0 3 4 1 2 4 2 2 1 5 4 6 2 1 4 1 0 1 1 1 0 0 0 0 9 1 1 1 0 0 0 0 0 0 1 3 0 0 0 1 0 0 0 0 0 0 0 0 1 0 0 0 0 0 0 3 0 0 0 0 0 1 0 0 0 0 0 0 0 1 0 0 0 0 1 0 0 0 1 3 1 0 0 2 0 0 0 0 0 0 0 0 0 1 0 0 0 0 
8 6 5 1 0 5 1 2 3 7 4 3 11 8 4 11 9 5 1 1 1 6 0 2 1 0 0 6 1 0 0 4 1 0 1 0 0 2 3 2 1 1 1 0 2 0 0 0 0 1 0 0 0 0 2 1 1 4 0 0 0 0 0 0 0 0 1 0 0 0 1 0 0 1 0 1 0 0 2 0 0 0 0 0 1 1 0 3 0 0 0 0 0 0 0 1 0 1 0 0 0 1 
16 25 28 14 4 2 13 7 11 10 3 19 30 16 38 24 22 6 6 9 7 5 15 14 3 0 1 6 5 0 2 2 1 2 1 1 0 8 5 13 5 1 0 2 3 3 4 4 5 16 17 0 7 5 4 0 0 5 0 2 0 0 0 3 7 5 0 7 0 2 4 0 0 2 2 0 1 4 3 6 0 1 1 1 1 2 5 4 5 0 0 0 0 0 2 2 1 3 0 0 0 1 
4 26 22 7 2 8 6 6 12 7 11 17 23 25 22 29 5 8 12 3 4 4 1 4 1 0 0 5 6 4 3 8 1 3 0 0 0 2 1 10 2 0 2 1 1 7 8 5 1 12 6 1 5 4 2 0 0 5 0 1 1 0 0 2 2 11 1 1 1 0 9 1 0 6 0 2 0 1 6 0 0 0 0 1 3 4 0 6 0 0 0 0 0 0 1 1 0 0 0 0 0 0 
7 9 24 10 1 28 16 2 12 12 10 14 28 26 20 40 18 11 6 11 6 7 6 4 3 0 2 3 4 1 0 2 1 1 0 0 0 4 11 15 3 1 2 2 1 2 2 4 2 11 2 4 2 1 1 0 2 5 0 1 0 3 3 0 2 2 2 2 2 0 0 1 2 2 1 7 0 1 3 0 0 3 1 2 0 4 0 8 0 0 0 2 3 0 0 0 0 0 0 0 0 2 
11 45 43 9 7 17 41 10 3 5 12 17 35 17 17 17 28 11 5 17 8 4 5 16 2 1 2 12 6 3 0 2 0 1 0 1 0 2 5 9 4 0 1 4 8 4 4 7 7 19 1 2 5 4 1 0 0 5 0 1 1 1 0 0 2 0 1 0 0 2 4 2 0 2 1 2 0 5 1 0 1 0 3 1 0 2 0 6 3 0 0 0 1 0 0 0 0 1 0 0 0 1 
13 11 7 3 6 13 9 3 4 2 3 18 19 6 14 16 19 9 6 8 3 4 5 8 7 0 0 12 3 2 0 0 0 1 1 0 0 2 7 9 0 2 2 0 1 1 1 4 1 10 7 0 3 4 1 2 1 9 0 1 1 0 1 3 2 2 2 2 0 0 4 1 3 2 8 1 0 5 8 3 0 0 0 2 1 0 0 2 0 0 0 0 0 0 0 0 0 0 0 0 0 0 
4 18 16 2 1 10 7 7 9 4 1 13 10 2 5 16 14 3 6 3 1 5 2 12 7 0 0 3 1 0 1 0 0 0 0 0 0 1 6 6 1 1 2 1 8 1 4 1 3 3 0 0 2 2 0 0 4 4 0 0 0 0 0 0 0 4 0 0 1 0 0 0 0 1 0 1 0 0 0 0 1 0 0 0 0 0 0 0 0 0 0 0 0 0 0 4 0 0 0 0 0 0 
20 31 24 7 15 36 34 43 31 31 10 7 32 16 16 20 30 26 17 18 18 23 14 34 5 3 2 19 7 14 1 11 0 1 2 0 0 9 10 22 12 0 4 2 3 7 8 2 6 27 2 0 5 6 2 1 4 8 0 2 1 1 0 1 5 3 1 3 2 2 1 3 0 0 5 2 0 0 6 1 2 0 0 0 0 0 0 5 2 0 0 0 0 0 0 6 0 1 0 0 0 1 
15 23 27 4 7 34 66 56 32 27 14 26 6 19 33 46 50 30 19 7 26 37 10 41 15 1 1 27 1 16 9 2 1 1 1 0 3 4 12 17 5 1 3 4 3 10 8 8 11 20 3 4 3 3 2 1 3 5 0 8 0 0 0 3 1 2 1 2 1 1 0 1 0 1 4 2 1 1 5 0 0 0 0 0 0 2 0 9 2 0 0 1 1 4 0 3 0 0 4 1 0 0 
46 58 73 12 23 117 100 64 81 68 43 99 58 4 16 48 79 84 51 50 43 43 37 77 18 2 7 82 8 6 1 2 1 1 0 2 0 0 10 12 15 3 4 3 2 9 3 5 1 15 9 10 6 11 1 3 13 24 0 14 7 0 0 0 1 1 0 0 0 0 5 2 0 2 9 8 1 9 29 3 0 0 0 0 1 1 0 5 3 0 0 1 1 4 0 1 0 0 0 0 0 2 
22 39 51 5 8 26 31 35 28 19 10 20 18 3 4 5 20 14 21 19 34 22 19 35 14 4 3 50 1 4 1 2 1 1 2 0 0 0 3 9 4 0 1 3 4 0 4 3 2 5 6 1 6 3 0 0 3 5 0 4 0 0 0 0 0 1 0 0 0 1 1 1 0 1 1 6 1 0 19 1 1 0 0 0 0 0 0 1 0 0 0 1 0 0 1 1 0 0 0 0 0 0 
60 70 69 9 27 79 95 93 86 77 62 111 101 48 26 13 99 131 62 72 161 110 120 183 77 18 23 210 6 83 17 40 33 9 22 20 25 3 18 46 43 1 14 20 22 31 15 18 12 67 17 12 23 22 6 4 9 22 0 9 3 1 0 14 3 3 2 2 0 2 11 5 1 2 13 5 0 13 23 5 1 1 2 2 2 4 3 31 15 0 0 12 3 3 2 8 0 2 6 0 1 2 
15 32 18 11 9 38 36 16 44 17 14 35 43 26 29 54 4 34 34 33 39 39 31 75 14 2 8 75 0 51 12 26 6 13 9 11 12 3 23 21 12 12 13 11 11 8 23 9 5 25 7 3 13 10 1 2 3 5 0 4 3 1 1 2 2 0 0 1 0 0 0 2 0 0 12 4 1 8 19 1 1 0 0 0 0 3 5 10 11 0 0 2 4 1 1 0 0 1 1 0 0 4 
11 42 23 5 8 25 41 42 36 31 30 51 80 41 45 76 57 3 44 31 55 44 66 76 10 4 10 53 2 41 20 38 17 17 18 16 5 3 17 34 19 3 13 6 17 30 17 7 9 43 5 0 5 6 2 0 5 5 0 2 0 1 2 1 2 0 0 0 0 0 1 0 0 2 10 2 0 6 14 1 4 0 2 1 0 0 4 11 5 0 0 1 2 3 0 3 0 2 0 0 1 0 
14 21 18 1 7 22 22 15 13 20 14 31 34 31 14 74 63 37 4 33 68 32 32 105 27 13 8 48 0 18 9 12 5 9 8 21 3 9 17 17 5 4 12 7 4 13 27 11 7 47 0 7 3 6 3 0 7 7 0 4 1 1 0 2 5 0 0 0 0 0 0 0 0 1 2 1 2 4 12 2 2 1 1 0 1 6 1 7 3 0 0 2 1 0 0 1 0 0 0 0 1 0 
2 7 6 1 4 9 10 3 6 10 1 11 6 12 17 25 15 12 4 3 7 1 10 19 7 3 21 48 1 2 5 2 5 0 2 1 0 2 9 8 6 2 1 3 2 2 2 1 2 7 3 2 3 1 0 0 1 3 0 1 0 0 0 0 0 0 0 0 0 0 0 0 0 0 3 0 0 1 4 0 0 0 1 0 0 0 0 2 1 0 0 1 0 0 1 0 0 0 0 0 0 0 
8 7 6 2 1 12 9 12 11 12 3 16 18 20 27 33 46 28 13 1 6 4 35 51 9 14 19 50 1 5 1 2 0 0 2 4 1 0 19 11 5 1 1 2 5 3 0 1 5 10 0 1 1 2 0 1 1 14 0 1 0 0 0 1 0 1 0 0 0 0 0 0 0 0 1 1 0 1 0 1 0 0 0 0 0 4 4 3 1 0 0 0 0 0 0 0 0 0 0 0 0 0 
1 4 8 0 8 9 4 3 7 5 2 7 9 10 15 30 24 3 10 3 5 1 14 14 1 9 6 35 1 2 1 0 4 0 1 4 2 4 2 2 0 0 0 0 3 5 1 4 0 3 1 0 1 1 0 0 0 1 0 0 0 0 0 0 1 0 0 0 0 0 0 0 0 0 0 0 0 1 5 1 0 0 0 0 0 0 0 4 1 0 0 0 0 0 0 0 0 0 0 0 0 0 
3 2 0 1 0 5 2 1 2 2 0 5 13 3 3 21 16 5 6 10 8 5 2 7 5 2 10 32 0 1 2 1 3 1 0 0 1 2 3 3 2 0 3 0 1 0 0 0 0 9 2 2 1 0 0 0 0 1 0 0 0 0 0 0 2 0 0 0 0 0 0 0 0 0 0 2 0 0 4 0 0 0 0 0 0 0 1 6 0 0 0 0 0 0 0 0 0 0 0 0 0 0 
2 3 3 0 1 6 1 9 7 11 3 10 26 11 14 45 33 20 14 7 8 10 16 4 2 22 32 55 0 0 0 0 2 3 1 7 6 5 13 5 1 0 2 2 1 1 5 6 3 7 2 0 1 0 0 0 0 1 0 0 0 0 0 0 0 0 0 0 0 0 0 0 0 0 0 1 0 1 3 0 0 1 0 0 0 0 0 7 4 0 0 0 0 0 0 1 0 1 0 0 0 0 
2 8 7 0 1 5 7 9 4 10 1 4 8 6 13 13 14 8 3 8 3 6 5 5 3 5 1 18 0 4 0 2 7 1 1 3 0 3 3 3 4 0 1 2 7 3 2 2 2 8 2 1 0 2 0 0 3 1 0 0 0 0 0 0 1 1 1 0 0 0 0 0 0 0 3 0 0 1 1 0 0 0 0 0 1 2 0 10 0 0 0 2 0 0 1 0 0 0 0 1 0 0 
0 1 0 0 0 0 0 0 1 0 0 1 2 0 0 3 1 0 4 1 5 7 6 12 2 0 3 1 0 0 0 0 3 0 1 0 0 0 0 0 0 0 0 0 2 0 0 0 0 0 0 0 0 0 0 0 0 0 0 0 0 0 0 0 0 0 0 0 0 0 0 0 0 0 0 0 0 0 0 0 0 0 0 0 0 0 0 1 0 0 0 0 0 0 0 0 0 0 0 0 0 0 
0 0 0 0 0 1 0 0 3 0 0 0 1 1 7 5 1 0 0 7 4 3 1 10 1 1 0 13 0 0 0 0 0 0 0 0 1 1 1 4 1 0 0 0 0 0 0 1 0 0 0 0 0 0 0 0 0 1 0 0 0 0 0 0 0 0 0 0 0 0 0 0 0 0 0 0 0 0 0 0 0 0 0 0 0 0 0 0 0 0 0 0 0 0 0 0 0 0 0 0 0 0 
8 10 2 4 4 9 1 7 4 8 4 14 18 26 39 35 21 29 25 29 20 30 40 33 13 3 37 4 1 2 2 1 3 4 4 4 3 6 15 9 12 0 6 7 3 7 3 5 4 26 4 4 3 0 3 0 2 1 0 0 0 0 1 1 0 0 0 0 0 0 0 0 0 0 3 0 1 0 12 2 2 0 1 0 0 1 1 15 3 0 0 5 0 0 0 3 0 0 0 0 0 1 
117 169 275 36 34 146 123 62 55 36 29 35 38 33 28 42 19 14 22 14 12 16 3 16 7 0 0 6 3 10 2 4 5 7 1 9 1 10 7 19 9 1 10 11 11 18 7 8 8 45 3 1 12 10 1 0 3 13 0 4 4 0 0 9 12 10 2 5 0 0 2 5 0 2 2 1 1 6 11 5 8 2 6 6 1 3 0 17 2 0 0 1 1 1 1 5 0 3 2 1 1 1 
8 6 2 0 0 7 3 2 3 13 5 7 9 0 1 14 17 9 3 6 4 3 5 5 5 0 2 4 1 14 78 136 78 45 74 86 83 66 57 65 47 4 25 27 31 36 31 22 14 103 9 4 10 2 2 5 8 11 0 4 1 0 3 21 25 21 4 5 7 6 6 9 3 0 2 3 1 7 9 2 1 1 6 1 0 8 8 64 12 0 0 9 4 4 7 5 0 5 3 0 1 4 
0 0 1 0 0 0 0 0 4 1 1 0 2 0 2 9 13 4 3 6 1 4 0 0 1 2 0 5 0 105 4 107 35 20 16 28 38 27 28 33 19 4 5 9 12 13 9 8 6 21 1 1 2 5 0 0 2 2 0 5 1 0 0 7 2 6 0 10 3 3 4 3 0 0 2 0 0 2 8 0 1 2 0 2 1 1 0 19 1 0 0 0 1 5 1 1 1 0 1 1 0 0 
3 2 1 0 4 4 1 2 3 5 0 2 8 1 4 14 34 2 9 9 2 2 2 2 1 0 1 4 0 118 37 7 33 10 48 36 50 63 69 68 52 10 29 18 38 16 20 18 26 74 8 3 4 2 2 3 2 10 0 9 3 3 0 6 17 11 6 5 1 5 3 3 0 3 3 2 1 5 9 6 3 0 2 1 1 8 10 45 11 0 0 10 4 2 3 10 0 2 3 2 2 2 
34 45 19 6 10 21 31 22 10 18 14 55 18 10 11 40 62 53 25 19 15 20 14 25 29 3 3 43 3 436 145 196 24 68 174 152 282 189 228 293 163 27 108 92 139 181 134 154 167 756 78 48 80 42 22 13 44 78 0 16 8 3 8 17 39 46 25 22 23 27 44 42 8 8 30 14 3 13 78 21 13 8 11 12 10 16 13 197 57 0 0 56 17 36 24 53 8 19 13 1 2 32 
5 3 3 1 0 3 5 1 2 0 1 1 2 0 0 5 19 2 1 4 2 2 2 1 1 0 2 6 0 82 39 43 19 7 9 19 15 22 43 52 29 5 15 12 26 11 14 18 19 51 4 6 3 9 2 3 7 5 0 3 2 0 1 2 8 7 4 8 3 8 9 16 7 4 5 14 1 2 8 3 2 0 0 0 0 4 2 25 8 0 0 9 4 1 2 9 0 1 3 1 1 1 
1 13 3 1 0 6 3 3 0 2 1 2 3 1 1 11 24 16 6 4 5 3 7 7 1 2 1 14 0 214 80 93 26 17 9 13 35 45 79 118 35 13 39 28 46 43 30 33 38 102 11 3 7 9 1 2 10 10 0 3 1 2 4 9 13 10 3 14 3 11 6 24 7 9 7 7 0 6 21 2 3 0 1 1 0 8 11 32 23 0 0 14 6 9 6 7 1 8 7 2 1 1 
1 3 4 0 0 0 3 1 1 0 0 2 0 0 0 7 20 10 2 3 4 5 5 13 3 0 1 7 0 120 36 52 16 12 7 4 38 43 51 45 38 6 20 12 27 19 18 18 13 52 3 4 1 6 4 1 6 1 0 1 0 0 2 8 5 9 3 3 0 2 6 7 3 5 1 0 0 1 2 2 0 0 0 0 0 6 2 16 4 0 0 3 4 15 3 8 0 2 0 4 0 1 
3 4 1 0 0 1 1 1 6 1 3 6 1 0 1 40 28 21 10 15 13 10 11 26 6 0 5 26 0 477 185 553 90 114 161 163 13 153 354 366 158 64 72 79 95 124 93 91 64 325 9 6 12 9 4 0 9 11 0 1 8 2 13 36 33 38 16 20 5 3 53 25 14 8 7 4 1 3 16 3 2 1 3 2 3 22 9 70 36 0 0 38 18 25 7 35 8 18 13 2 0 11 
4 2 4 1 0 3 1 3 2 2 3 4 1 5 6 3 11 9 8 6 6 10 3 14 7 3 2 19 0 192 88 116 66 48 54 64 39 6 54 151 89 9 35 59 48 57 47 50 52 179 0 0 6 5 0 3 4 5 0 1 0 0 7 7 25 12 5 3 4 6 10 15 9 2 5 4 0 0 9 3 2 0 0 1 1 10 11 62 25 0 0 26 4 7 8 17 0 7 6 3 1 10 
24 45 20 6 13 35 32 31 37 46 19 40 65 18 8 18 66 61 34 30 73 45 63 63 26 4 5 78 4 369 163 289 180 130 143 176 230 103 23 626 386 41 119 164 185 185 127 117 125 526 23 10 37 14 10 5 20 24 0 7 7 7 16 31 41 38 24 15 11 11 23 32 14 12 21 7 1 6 52 6 6 6 11 18 19 34 49 181 55 0 0 50 28 36 25 62 9 31 32 24 10 31 
6 8 15 1 7 20 5 15 12 6 7 21 10 13 9 11 30 14 7 8 9 3 6 13 9 0 4 29 2 86 33 67 52 48 42 38 93 129 178 22 21 21 14 49 71 60 55 53 85 214 4 6 9 7 3 4 6 6 0 1 2 0 6 14 11 16 3 0 2 3 2 10 2 4 5 3 2 2 15 9 3 4 3 16 5 3 11 33 31 0 0 22 5 4 7 27 1 9 5 2 1 4 
7 8 9 0 0 10 8 1 9 6 5 5 8 3 10 15 12 12 3 6 4 5 1 9 9 0 4 7 0 54 14 43 49 16 15 23 36 57 89 30 5 10 22 19 24 48 29 48 31 108 3 5 4 4 0 0 4 7 0 0 1 1 0 3 5 2 2 8 0 0 4 1 1 2 3 3 0 5 6 2 6 2 3 4 2 4 1 13 7 0 0 11 5 4 4 8 1 5 4 1 3 2 
0 3 1 0 0 2 0 0 0 0 0 1 1 0 0 0 2 5 2 2 0 2 0 1 0 0 0 2 0 10 4 7 4 3 4 1 10 5 9 19 4 1 7 9 15 8 11 8 14 27 1 0 1 0 0 0 0 0 0 1 0 0 3 0 1 2 0 1 0 0 3 2 1 0 1 2 0 1 0 0 0 0 3 4 9 6 1 11 9 0 0 5 2 2 2 2 0 0 5 0 1 2 
4 14 3 2 1 5 6 6 2 2 2 8 5 0 1 4 12 10 5 3 5 2 1 7 2 2 0 10 2 77 32 46 24 20 17 17 28 53 84 58 30 17 10 32 27 59 42 52 85 148 2 7 4 4 4 6 9 6 0 1 2 1 1 5 8 3 3 0 2 0 4 8 0 1 15 4 1 12 29 16 12 8 22 32 30 48 33 106 45 0 0 20 31 29 16 85 2 58 35 7 5 17 
5 8 18 0 6 10 9 5 15 2 0 9 11 2 10 9 21 26 9 7 6 4 4 14 5 0 2 19 0 61 24 70 38 31 31 20 49 82 126 136 82 42 43 13 101 156 82 117 244 354 3 5 10 8 4 2 5 19 0 5 1 2 0 9 11 5 4 6 1 2 2 3 0 2 29 9 7 25 34 20 26 9 26 59 71 77 74 143 88 0 0 98 36 69 42 160 13 81 47 15 8 20 
6 7 9 2 2 6 3 3 6 3 3 6 4 2 1 11 13 9 9 6 7 5 7 5 4 0 6 13 0 50 11 46 16 15 28 16 38 74 83 75 38 19 32 62 5 64 64 104 174 177 2 2 4 3 2 0 1 1 0 2 0 1 1 9 3 6 4 7 2 2 9 5 3 1 5 2 0 6 11 17 7 7 8 10 27 41 21 48 28 0 0 42 15 25 14 30 12 41 27 3 0 9 
6 15 7 2 0 12 14 6 15 4 11 8 3 6 8 11 32 19 5 7 11 13 9 22 4 1 0 17 3 63 23 51 61 44 39 50 82 75 94 171 164 42 64 153 120 15 124 297 357 641 12 6 10 16 3 1 8 9 0 0 2 2 2 9 17 8 2 6 4 8 11 7 1 3 11 6 1 9 26 23 9 10 22 38 32 79 48 198 62 0 0 44 28 47 25 80 9 54 65 5 2 37 
1 7 19 0 1 6 6 2 5 3 0 9 8 0 3 6 12 9 3 2 5 6 2 6 4 0 1 6 0 25 9 23 23 14 20 12 24 45 64 72 34 11 28 25 34 51 6 103 169 169 2 1 6 2 0 0 2 4 0 1 1 0 0 1 6 10 4 2 0 0 6 6 3 4 9 5 0 16 10 5 5 2 4 16 6 17 18 137 29 0 0 17 10 10 11 14 1 15 28 2 2 22 
0 5 2 0 2 2 4 1 5 0 6 6 0 2 1 2 8 3 4 0 4 2 3 2 0 0 0 6 0 27 6 12 21 12 13 3 15 24 33 27 15 7 8 45 33 89 45 8 103 202 1 1 8 0 0 1 3 4 0 0 1 0 0 1 5 6 1 2 1 0 4 4 1 1 2 0 1 4 7 1 6 4 2 15 7 11 4 65 17 0 0 10 4 11 11 19 2 18 3 2 2 4 
6 7 4 1 1 4 5 4 6 3 0 4 3 2 1 1 8 7 5 2 4 3 2 2 0 0 1 7 0 25 2 11 20 11 8 3 13 19 17 32 31 6 17 38 37 50 56 57 11 142 6 0 2 0 2 1 1 2 0 0 1 0 1 1 3 1 3 1 0 0 2 3 0 1 5 4 0 10 6 3 2 1 4 5 5 12 5 62 12 0 0 13 1 10 7 12 0 10 7 6 2 11 
24 31 21 2 14 42 31 16 21 15 12 32 52 21 16 28 52 56 25 17 14 23 24 55 18 2 2 51 1 199 59 107 169 60 72 80 156 220 248 297 236 25 103 215 244 355 256 561 796 40 31 21 55 13 5 3 7 30 0 3 9 11 4 21 32 37 10 25 9 6 21 11 8 8 34 26 6 23 48 36 51 11 54 55 30 70 73 493 68 0 0 77 36 69 48 93 8 109 96 14 7 80 
3 1 5 1 7 0 2 2 2 1 5 2 5 4 9 4 3 1 1 1 0 1 2 1 4 0 1 3 0 3 1 2 6 11 6 4 0 2 3 11 2 0 5 5 5 2 1 4 2 11 7 4 14 14 15 5 17 13 0 12 2 0 2 5 12 10 2 10 5 11 4 1 8 7 10 7 1 3 40 7 7 1 6 14 7 7 4 29 7 0 0 2 0 2 0 3 0 2 2 0 0 2 
0 2 2 0 2 3 2 2 1 3 1 3 4 0 2 3 4 0 0 1 3 0 0 2 2 0 1 1 0 4 2 4 8 4 3 2 1 0 3 2 2 0 2 1 3 0 3 5 2 13 8 5 19 43 16 9 9 14 0 8 6 0 1 7 0 8 0 9 0 3 3 4 5 3 7 5 0 6 49 4 0 1 5 19 4 11 4 29 5 0 0 2 0 2 1 4 0 3 2 0 0 1 
3 7 3 1 1 6 4 2 4 16 4 4 9 3 7 7 6 3 3 0 1 1 1 4 0 0 0 2 1 11 6 10 12 11 4 2 3 2 9 7 2 1 1 4 4 6 11 8 4 21 66 39 9 32 37 6 15 29 0 17 7 0 1 10 11 22 9 19 1 7 6 10 3 1 10 2 3 12 41 8 6 2 3 19 8 8 4 28 6 0 0 5 5 3 5 5 1 4 5 2 0 7 
4 8 6 0 1 5 6 5 6 2 0 1 10 2 12 9 7 5 4 1 1 4 0 2 1 0 0 1 0 11 5 4 6 7 1 5 1 1 1 3 2 0 1 1 4 8 1 0 1 8 11 20 16 4 13 1 7 12 0 16 1 0 4 10 10 5 3 5 3 4 7 4 1 3 4 6 1 12 37 1 1 0 5 14 5 6 7 14 3 0 0 3 1 8 3 3 2 6 3 0 0 0 
1 6 2 0 0 1 1 5 1 1 0 0 5 0 0 1 2 0 0 0 0 0 0 0 0 0 0 0 0 1 4 2 3 1 3 2 0 0 0 1 0 0 0 0 0 0 1 0 2 4 6 7 3 7 0 0 2 2 0 5 1 0 1 4 1 1 0 3 0 2 5 3 0 5 1 4 0 3 15 2 0 0 1 1 0 0 0 9 0 0 0 3 0 0 1 0 0 0 3 0 0 0 
0 2 1 0 0 0 1 0 1 2 1 1 3 1 0 1 1 1 2 2 0 1 0 0 0 0 1 1 0 1 0 1 1 2 1 2 0 2 0 0 1 0 3 2 0 1 1 1 0 0 6 2 4 1 0 0 4 6 0 3 2 2 0 1 5 5 1 0 0 3 0 2 1 0 2 2 0 2 14 4 0 1 2 0 2 2 0 3 2 0 0 0 0 0 0 1 0 1 0 0 0 0 
1 2 3 0 4 2 4 3 0 1 1 2 1 0 1 4 4 1 0 0 0 0 1 0 0 0 0 2 0 3 0 7 1 1 0 1 0 1 2 1 0 0 1 2 0 2 2 5 0 13 9 6 16 9 5 1 3 4 0 4 0 0 3 4 6 7 4 1 3 4 0 0 2 3 3 2 1 4 15 2 2 0 5 6 3 4 1 9 2 0 0 2 1 0 1 0 0 0 1 0 0 1 
3 6 5 1 1 2 2 2 2 4 2 10 4 2 10 4 6 3 4 2 0 0 1 2 0 0 0 6 1 6 6 4 8 3 4 3 2 0 8 4 2 0 3 4 4 4 2 4 8 9 31 24 19 31 17 15 12 3 0 12 3 2 0 7 10 9 7 10 1 5 5 12 5 5 44 25 5 15 58 14 12 1 6 27 12 15 10 20 5 0 0 1 3 8 2 10 0 4 4 0 0 0 
0 0 0 0 0 0 0 0 0 0 0 0 0 0 0 0 0 0 0 0 0 0 0 0 0 0 0 0 0 0 0 0 0 0 0 0 0 0 0 0 0 0 0 0 0 0 0 0 0 0 0 0 0 0 0 0 0 0 0 0 0 0 0 0 0 0 0 0 0 0 0 0 0 0 0 0 0 0 0 0 0 0 0 0 0 0 0 0 0 0 0 0 0 0 0 0 0 0 0 0 0 0 
8 7 9 3 2 5 8 0 5 1 4 5 5 3 7 7 14 5 4 0 3 4 4 15 2 0 2 8 1 6 1 3 2 2 8 2 1 1 4 3 2 0 5 0 4 2 1 4 1 10 14 12 14 14 13 7 5 26 0 5 2 1 1 3 15 17 9 14 1 7 11 9 5 4 12 16 2 11 13 5 4 0 4 3 3 7 2 12 4 0 0 2 0 0 0 2 1 0 4 0 0 0 
1 0 0 0 0 0 1 0 1 1 0 0 1 0 0 1 0 0 0 0 0 1 0 0 1 0 0 1 0 2 1 0 2 0 0 0 0 0 1 5 1 0 2 0 0 1 0 0 0 1 7 5 6 7 2 1 2 11 0 1 0 2 1 7 6 15 3 3 3 1 5 10 5 3 5 15 0 5 11 0 0 0 0 1 0 5 2 4 2 0 0 0 0 0 0 0 0 2 2 0 0 0 
0 2 3 0 0 4 1 1 0 0 0 2 6 2 1 3 3 2 2 2 0 1 1 1 0 0 0 1 0 13 5 4 3 6 2 6 1 2 6 8 1 1 6 3 6 2 3 2 3 9 1 2 3 2 6 1 6 15 0 4 3 1 1 10 10 10 1 10 4 9 5 4 7 3 0 1 0 1 10 3 1 1 8 8 2 4 3 9 1 0 0 0 0 0 0 1 2 2 1 0 0 0 
0 0 0 1 1 3 1 0 1 2 1 0 4 0 1 0 3 1 0 0 0 0 0 0 0 0 0 0 0 5 1 4 0 0 3 0 1 4 5 2 2 0 1 2 0 0 3 1 0 0 1 1 7 8 0 3 4 3 0 3 0 1 0 1 5 11 1 2 0 4 2 12 1 3 1 1 1 1 9 1 3 1 3 2 0 1 0 3 0 0 0 0 0 1 0 1 1 0 1 0 0 0 
3 10 2 3 2 4 5 3 3 3 1 5 2 1 0 3 5 1 0 0 0 0 0 1 5 0 0 1 0 9 13 10 1 2 8 7 16 6 12 15 9 1 1 4 5 4 8 4 3 24 8 5 18 29 8 0 14 17 0 13 4 5 5 1 6 21 15 18 4 13 24 22 9 13 13 14 1 15 27 8 4 3 4 0 1 5 0 15 0 0 0 1 0 0 2 0 0 1 1 0 1 0 
4 5 4 1 0 7 3 7 2 1 1 0 1 1 0 3 3 0 0 0 0 0 0 0 1 0 1 1 0 20 10 11 4 1 8 1 3 6 10 12 8 4 1 4 4 11 7 3 5 13 11 8 9 6 2 2 10 17 0 5 4 7 11 1 4 11 9 21 3 15 27 37 10 13 7 3 1 10 32 2 6 1 8 1 2 4 3 11 1 0 0 0 1 0 0 1 0 0 0 0 0 2 
5 12 6 0 2 10 12 8 4 3 1 7 0 0 1 1 1 0 0 0 0 1 1 0 0 0 0 0 0 26 13 16 8 7 4 6 4 7 3 10 6 1 6 1 8 10 6 3 5 26 12 10 10 10 3 8 14 18 0 25 4 1 10 11 28 13 9 37 16 45 40 55 31 33 12 5 2 8 34 12 0 0 3 4 7 4 2 12 1 0 0 0 2 1 0 3 1 5 1 0 1 0 
1 1 2 0 0 0 8 1 4 0 0 0 3 0 0 0 0 0 0 0 0 0 0 0 0 0 0 0 0 5 8 2 2 1 0 1 0 1 3 1 0 0 1 0 0 3 0 2 3 4 2 1 7 12 1 0 2 5 0 4 12 1 2 4 9 1 2 5 5 8 27 34 8 14 1 0 0 0 3 1 1 3 2 1 0 1 1 1 0 0 0 1 0 0 0 1 0 0 0 0 0 0 
5 4 0 0 0 0 0 0 1 3 1 0 1 0 0 3 0 0 0 0 0 0 0 0 0 0 0 0 1 10 7 2 8 4 2 7 1 5 5 2 4 0 0 2 0 0 0 2 4 8 4 3 5 5 0 1 8 11 0 11 5 0 1 4 12 15 4 2 6 10 21 30 11 12 5 2 1 5 20 4 2 1 1 0 0 3 0 3 0 0 0 0 0 0 0 0 0 0 0 0 0 0 
0 1 1 0 0 2 1 2 0 0 1 0 1 0 0 0 0 0 0 0 0 0 0 0 0 0 0 0 0 3 14 1 0 2 4 0 3 1 4 0 1 0 0 0 1 0 1 3 3 2 1 2 0 1 2 0 1 4 0 2 1 0 2 3 10 17 14 2 0 6 11 15 1 3 1 1 0 2 6 0 3 1 4 0 0 0 0 2 0 0 0 0 0 0 0 0 0 0 0 0 0 0 
0 1 2 1 0 1 1 2 0 0 0 1 0 1 0 0 0 0 0 0 0 0 0 0 0 0 0 0 0 5 0 4 3 4 1 0 2 0 1 0 1 1 0 1 1 1 0 1 1 2 10 5 4 4 5 0 7 13 0 3 3 2 3 5 13 19 9 9 3 4 21 12 6 17 5 2 0 2 6 6 6 2 2 5 1 1 1 3 2 0 0 1 0 0 0 1 0 0 0 0 0 0 
1 1 4 0 1 2 1 2 0 5 0 2 0 1 0 0 0 0 0 0 0 0 0 0 0 0 0 0 0 7 2 0 4 7 5 2 8 3 10 1 0 1 2 1 1 4 1 2 3 9 6 4 4 0 1 0 0 4 0 8 1 0 1 13 13 15 7 7 14 5 0 18 13 16 4 2 0 3 11 4 0 1 3 1 3 0 0 6 0 0 0 1 0 0 0 0 0 0 0 0 0 0 
0 1 2 1 1 5 3 3 2 3 0 2 3 1 0 1 0 0 0 0 0 0 0 1 0 0 0 0 0 10 4 8 5 23 7 3 5 7 10 7 2 0 2 2 11 1 1 2 1 10 9 2 10 4 1 1 4 8 0 11 7 1 4 7 25 30 25 38 44 39 102 6 64 46 0 1 0 7 14 4 3 4 7 8 0 2 2 5 0 0 0 0 0 0 2 1 0 0 0 0 0 0 
1 0 1 0 1 3 0 1 2 5 0 0 2 0 2 0 0 0 0 0 0 0 0 0 0 0 0 0 0 2 2 1 0 7 2 2 2 0 3 3 4 4 2 0 2 1 1 1 1 9 6 1 5 0 0 1 3 4 0 5 2 0 1 2 9 13 3 4 1 6 9 16 0 4 1 3 0 2 7 0 3 1 4 4 0 4 0 3 0 0 0 0 0 0 0 1 0 0 0 0 0 0 
5 2 0 4 3 2 1 4 1 1 0 1 0 0 3 2 0 0 1 0 0 0 0 0 0 0 0 0 0 0 1 3 1 5 9 5 3 6 10 2 0 0 3 0 2 1 0 2 1 10 11 6 8 3 0 1 3 6 0 19 5 0 1 8 9 20 4 7 4 29 27 29 3 1 2 5 2 1 19 4 4 1 4 6 1 2 0 4 0 0 0 0 0 1 0 0 0 0 1 0 0 0 
2 2 2 1 0 3 1 1 1 1 1 0 1 2 1 5 3 0 0 3 0 2 0 0 2 0 0 0 0 3 0 0 3 2 0 0 0 0 2 0 2 0 2 1 2 6 1 6 1 10 6 4 5 7 1 0 1 4 0 0 1 0 0 0 3 3 0 1 0 1 7 0 0 1 1 7 1 11 27 7 3 0 6 13 4 10 3 31 4 0 0 3 1 10 6 4 0 3 1 0 2 1 
0 2 1 0 1 2 0 2 0 2 1 2 2 1 1 4 1 0 0 0 0 0 0 0 1 0 0 0 0 5 0 3 1 2 1 0 0 0 0 2 0 0 6 0 3 1 3 5 6 12 1 0 3 2 2 0 3 7 0 1 0 0 2 6 2 3 1 0 1 1 3 0 0 0 3 3 1 7 41 9 6 3 14 27 6 8 4 19 2 0 0 3 1 2 1 4 0 2 2 4 1 1 
0 0 0 0 0 0 0 0 0 0 0 1 0 1 0 2 0 0 0 0 1 0 0 0 0 0 0 0 0 0 0 0 0 0 0 0 0 0 1 0 0 0 2 0 2 1 0 0 1 3 5 3 1 0 0 1 0 1 0 4 1 0 0 0 0 1 0 1 0 1 1 0 0 2 1 2 2 1 21 2 0 2 2 6 3 0 0 5 1 0 0 2 0 1 0 1 0 2 0 0 0 0 
0 2 3 0 0 4 0 0 2 0 0 2 2 3 0 1 2 0 0 0 0 0 1 2 0 0 0 0 0 5 1 3 3 4 0 0 0 0 5 5 3 0 5 5 9 4 1 1 5 7 4 1 6 5 1 0 4 2 0 3 1 0 1 4 1 5 3 4 1 5 2 0 0 3 13 14 14 2 23 9 9 2 5 18 4 18 2 18 7 0 0 5 2 3 8 0 0 4 2 0 1 2 
11 19 12 0 7 16 28 9 11 16 4 12 16 11 20 39 11 9 5 4 3 6 3 15 1 1 0 7 3 30 11 17 21 13 6 8 4 4 12 22 16 4 13 24 17 13 27 16 20 62 142 89 164 109 86 33 87 134 0 63 14 1 4 32 23 38 8 26 5 25 36 28 10 20 288 255 81 125 13 108 147 32 106 139 77 35 18 98 29 0 0 13 7 24 14 19 1 16 10 11 5 9 
0 1 0 0 1 0 0 0 1 2 0 0 2 0 0 1 3 2 0 1 1 0 0 0 1 0 0 1 0 2 0 2 3 1 2 0 0 0 2 4 2 2 3 12 1 4 5 0 5 23 3 2 16 3 2 2 2 5 0 0 0 0 0 0 3 7 2 0 0 0 2 1 0 0 13 20 7 9 23 3 9 4 18 28 31 11 2 34 9 0 0 3 1 4 2 4 2 1 7 1 0 1 
0 2 0 0 2 4 1 1 0 0 2 0 0 0 0 0 0 0 0 0 0 0 0 0 0 0 0 1 0 0 2 1 2 0 1 1 0 2 3 1 2 1 6 8 2 3 5 3 2 9 9 4 7 2 4 0 2 2 0 2 3 0 0 2 4 4 2 1 1 3 7 2 0 3 8 13 8 18 32 2 1 1 20 28 23 9 6 36 8 0 0 2 0 8 4 10 2 9 5 11 1 6 
0 1 0 0 0 2 1 0 0 0 0 0 0 0 0 0 0 0 0 0 0 0 0 0 0 0 0 0 0 2 1 0 0 0 0 0 0 2 1 2 0 0 0 4 3 5 7 12 5 20 0 1 2 1 1 2 0 0 0 2 0 0 1 0 0 4 0 0 2 1 1 0 1 0 5 13 0 10 12 5 9 2 3 26 9 5 12 30 9 0 0 4 2 7 5 10 0 5 14 0 0 2 
0 4 2 0 0 1 0 1 1 2 0 0 0 0 0 0 0 1 0 0 1 0 1 0 0 0 0 0 0 2 0 0 1 0 0 0 0 1 1 2 2 0 2 1 2 0 7 4 1 5 2 7 3 2 2 2 6 5 0 2 1 0 1 0 2 2 1 0 0 2 1 2 1 0 12 16 3 6 19 9 7 2 0 10 18 6 9 29 8 0 0 8 2 8 3 3 1 10 12 0 0 8 
2 7 8 2 0 3 4 2 1 7 0 1 4 1 0 0 0 0 0 1 0 0 2 1 2 0 0 3 0 8 2 5 0 1 0 0 1 2 2 15 3 2 22 31 20 15 11 16 23 56 26 12 22 31 12 6 20 23 0 6 1 0 0 1 3 6 0 3 5 0 8 4 0 7 59 40 18 73 115 128 126 44 225 13 135 81 51 121 25 0 0 16 12 28 19 34 1 26 17 7 3 11 
0 3 3 0 0 0 2 3 0 1 0 1 1 0 0 0 0 0 0 0 0 0 0 0 0 0 0 0 0 3 6 2 0 1 1 0 0 1 5 11 1 1 21 9 5 8 7 7 17 29 6 4 5 4 2 2 16 14 0 3 1 0 0 0 1 2 2 0 0 0 4 1 1 6 10 16 2 21 26 48 46 10 28 31 2 49 14 55 7 0 0 10 5 6 8 7 4 9 8 2 2 0 
4 3 1 1 1 3 8 2 2 2 0 3 0 0 1 0 3 2 1 1 1 0 0 3 2 0 0 17 0 11 7 8 3 4 8 4 3 22 17 3 4 4 22 33 8 17 38 33 17 78 9 13 9 7 7 0 9 7 0 6 3 0 3 0 7 6 0 0 2 3 9 1 6 2 12 16 5 20 30 21 18 14 28 27 48 11 3 52 32 0 0 17 17 27 28 27 8 24 17 5 2 8 
3 2 0 0 2 1 1 1 1 0 0 2 2 0 0 0 1 4 1 3 1 0 0 2 1 0 0 4 0 6 1 10 4 0 1 3 1 6 16 4 2 2 6 15 10 12 15 12 19 41 5 3 6 4 1 1 1 6 0 1 1 0 0 1 6 0 0 2 1 0 1 1 0 2 12 5 2 16 23 7 14 6 16 20 27 9 5 28 32 0 0 16 4 19 11 10 2 8 12 4 3 13 
12 25 14 2 7 10 12 11 7 6 1 2 12 3 11 12 17 14 10 6 3 5 6 7 9 0 4 26 2 50 17 29 50 16 26 26 30 54 73 18 32 12 51 44 64 95 89 74 107 400 27 25 57 12 7 4 14 19 0 10 1 0 5 3 9 10 2 5 1 3 8 7 3 8 30 22 17 37 64 40 36 23 32 91 68 61 32 11 28 0 0 67 15 50 38 62 11 48 40 6 7 52 
3 3 2 0 0 0 1 1 0 0 0 0 5 1 0 0 1 2 0 0 0 0 0 3 1 0 0 4 0 17 3 11 6 2 3 7 11 12 13 10 9 1 14 21 9 14 4 15 18 26 2 2 1 1 0 0 1 6 0 3 3 0 0 0 2 1 1 1 0 5 1 2 0 2 1 5 1 9 13 3 4 1 6 9 17 18 12 28 3 0 0 12 7 7 10 38 4 13 3 0 2 8 
0 0 0 0 0 0 0 0 0 0 0 0 0 0 0 0 0 0 0 0 0 0 0 0 0 0 0 0 0 0 0 0 0 0 0 0 0 0 0 0 0 0 0 0 0 0 0 0 0 0 0 0 0 0 0 0 0 0 0 0 0 0 0 0 0 0 0 0 0 0 0 0 0 0 0 0 0 0 0 0 0 0 0 0 0 0 0 1 0 0 0 0 0 0 0 0 0 0 0 0 0 0 
0 0 0 0 0 0 0 0 0 0 0 0 0 0 0 0 0 0 0 0 0 0 0 0 0 0 0 0 0 0 0 0 0 0 0 0 0 0 0 0 0 0 0 0 0 0 0 0 0 0 0 0 0 0 0 0 0 0 0 0 0 0 0 0 0 0 0 0 0 0 0 0 0 0 0 0 0 0 0 0 0 0 0 0 0 0 0 0 0 0 0 0 1 0 0 0 0 0 0 0 0 0 
8 8 13 0 0 16 13 11 16 4 4 11 9 7 14 10 15 6 6 2 3 3 2 7 3 0 2 7 1 50 23 34 18 26 45 38 55 82 108 89 78 19 55 153 92 116 122 127 220 384 5 13 16 13 3 1 14 19 0 6 2 0 1 6 10 8 0 3 5 0 3 3 2 5 19 17 2 24 38 44 57 21 52 90 74 140 87 340 140 0 0 13 90 121 44 383 21 175 92 17 19 52 
0 0 2 0 0 1 0 3 2 1 2 0 0 1 3 0 2 0 0 0 0 0 0 1 0 0 0 3 0 4 2 7 3 1 2 1 5 4 4 6 4 3 13 12 21 11 11 8 11 24 3 1 5 1 1 0 1 3 0 4 0 0 0 0 0 2 0 0 0 0 0 0 1 0 1 2 0 5 4 8 4 6 10 6 11 19 12 39 13 0 0 10 0 2 2 35 3 20 3 1 1 3 
0 3 2 0 0 1 1 0 2 0 1 1 4 1 0 0 1 0 0 0 0 0 0 0 0 0 0 2 1 8 1 7 3 2 7 5 7 7 15 20 9 1 17 23 13 19 16 10 34 50 3 2 7 4 2 2 3 2 0 0 1 0 0 0 1 0 0 0 0 0 2 0 1 1 3 6 4 12 21 7 12 6 6 23 15 8 17 64 24 0 0 23 5 8 2 38 3 34 16 6 4 11 
0 2 1 0 0 1 2 1 0 0 1 1 2 0 0 1 2 0 0 0 0 0 0 0 0 0 0 1 0 5 4 3 3 3 5 8 2 2 8 2 6 0 4 14 5 13 12 15 13 31 0 1 3 3 2 1 1 2 0 0 0 0 0 0 3 0 0 0 0 0 0 0 0 0 6 1 0 8 8 18 15 7 8 17 6 10 9 37 13 0 0 10 3 3 0 12 3 17 7 5 0 15 
5 3 3 0 0 1 3 2 2 1 0 0 1 1 1 1 2 1 0 0 0 0 2 1 0 0 0 0 0 4 6 8 7 1 4 2 4 3 9 5 2 1 15 22 10 16 13 10 13 34 4 2 1 0 1 0 0 3 0 0 1 0 0 4 0 1 1 0 0 0 0 0 0 0 8 2 1 1 8 5 2 2 6 11 13 11 8 66 13 0 0 37 8 14 4 6 0 53 15 6 2 17 
0 0 0 0 0 0 0 0 0 1 0 0 0 0 0 0 0 0 0 0 0 0 0 0 0 0 0 1 0 1 0 0 2 0 0 2 1 0 1 0 0 0 0 1 3 5 1 0 1 1 0 0 0 0 0 0 0 0 0 0 0 0 0 0 0 0 0 0 0 0 0 0 0 0 1 0 0 1 0 0 2 0 1 5 2 1 1 11 2 0 0 2 0 1 0 0 0 2 0 2 0 3 
2 0 2 0 0 1 0 0 0 0 1 1 0 0 0 0 0 1 0 0 0 0 0 0 0 0 0 0 0 1 1 3 0 0 4 2 2 6 7 2 2 0 7 9 7 17 5 6 8 21 3 0 3 1 2 1 3 1 0 1 0 0 0 0 0 0 0 0 0 0 0 0 0 0 3 2 1 3 5 10 8 0 7 8 7 8 3 24 11 0 0 7 0 5 1 12 1 2 0 1 3 9 
1 3 1 1 3 1 2 0 2 0 0 0 0 0 0 1 1 0 0 0 0 0 0 0 0 0 0 2 0 3 0 4 2 2 1 6 6 2 10 3 1 1 8 11 12 9 13 4 12 45 6 0 18 0 0 0 1 4 0 3 0 0 0 0 1 0 0 0 0 0 0 0 0 0 7 8 3 0 8 11 8 2 9 10 11 9 10 36 15 0 0 3 4 1 3 9 0 3 3 3 1 5 
1 0 0 0 0 0 0 0 0 0 0 0 0 0 0 0 0 1 0 0 0 0 0 0 0 0 0 0 0 0 0 1 1 0 0 1 1 1 0 1 0 0 1 3 3 2 1 3 0 4 0 0 0 0 0 0 0 0 0 0 0 0 0 0 0 0 0 0 0 0 0 0 0 0 3 1 0 0 0 2 2 0 0 2 0 1 2 5 1 0 0 0 1 2 0 3 0 0 1 0 0 1 
0 0 0 0 0 0 0 0 0 0 0 0 4 2 0 0 0 0 0 0 0 0 0 0 0 0 0 0 0 1 0 2 0 0 0 1 1 0 0 0 0 0 4 2 0 1 0 2 1 1 0 0 1 0 0 0 0 1 0 0 0 0 0 1 0 0 0 0 0 0 0 0 0 0 0 0 0 0 2 4 2 0 2 2 4 3 2 12 1 0 0 1 1 1 0 1 0 2 2 0 1 1 
9 10 5 2 1 5 5 9 1 1 3 7 5 3 7 4 10 3 2 2 2 2 3 3 1 0 0 7 0 32 10 25 31 14 13 16 26 45 52 27 24 3 45 43 42 54 67 42 35 181 19 12 14 12 1 0 10 7 0 4 0 1 0 2 4 2 2 2 0 3 5 2 0 3 13 5 2 6 31 12 24 12 12 48 25 40 22 146 43 0 0 49 17 57 42 50 5 37 13 6 2 4 
