2 6 13 1 3 24 23 16 26 30 9 35 44 57 45 59 23 18 12 11 9 13 3 14 6 0 1 17 83 2 1 2 13 4 4 3 4 6 28 7 9 2 8 15 10 17 5 6 8 42 0 3 1 1 1 0 4 4 0 0 0 0 0 3 6 4 2 1 1 2 3 0 1 2 4 4 1 1 16 3 0 1 0 9 0 1 2 17 3 0 0 9 0 0 1 1 0 0 2 0 0 12 
3 11 12 7 4 19 18 20 30 23 14 31 41 62 38 63 43 28 19 11 12 16 1 17 9 0 2 14 96 6 1 11 9 9 6 0 4 10 15 13 14 0 11 21 19 13 14 5 5 50 2 4 11 5 2 1 2 3 0 1 1 1 0 3 4 15 0 4 0 2 2 4 6 5 2 1 0 1 9 1 0 3 2 5 4 6 4 13 1 0 0 12 2 0 3 1 0 1 3 0 1 7 
16 13 9 7 11 29 14 27 22 10 6 39 35 68 43 66 30 18 12 13 7 5 11 13 7 0 0 17 134 6 1 3 7 4 3 5 4 8 27 15 11 0 10 7 13 10 12 1 3 43 6 1 3 0 5 0 1 2 0 0 0 5 0 2 0 7 3 0 3 2 2 3 1 5 2 0 0 0 18 1 2 0 4 1 0 4 4 12 3 0 0 4 2 2 2 0 0 1 0 0 0 11 
1 15 10 2 1 4 5 4 5 3 3 3 7 11 6 5 13 3 3 2 4 4 2 3 0 0 1 0 18 0 0 0 2 0 0 0 0 0 7 3 0 0 0 2 0 5 5 0 0 10 0 0 1 2 0 0 1 0 0 0 0 0 0 2 0 1 0 0 0 0 0 0 0 0 0 0 0 1 0 0 0 0 0 2 0 1 0 0 0 0 0 2 0 0 0 0 0 0 1 0 0 0 
7 10 12 0 1 5 8 8 10 2 6 16 19 21 11 22 21 6 1 4 3 0 1 6 3 0 0 9 13 0 0 0 4 1 1 0 0 4 6 6 2 0 2 2 1 2 1 2 2 16 4 0 2 2 0 0 0 1 0 0 0 2 0 0 2 1 0 1 1 0 0 0 0 0 1 1 0 0 12 0 0 0 0 1 1 1 1 7 1 0 0 1 1 0 0 0 0 0 0 0 0 2 
23 22 25 8 4 5 14 21 20 11 12 27 32 55 23 66 43 23 23 7 7 8 7 24 12 0 0 24 110 4 2 1 6 4 4 2 2 4 31 13 9 1 11 6 8 13 5 0 7 28 5 1 12 4 2 1 2 6 0 3 0 0 2 1 4 2 2 2 3 1 2 2 3 2 0 0 1 3 12 0 2 0 0 1 0 2 1 9 1 0 0 6 0 0 0 2 0 1 0 0 0 3 
22 31 42 10 7 21 8 23 22 24 12 22 35 63 22 51 39 20 10 11 4 13 9 16 3 0 0 5 71 2 2 3 14 5 1 2 2 5 25 12 9 0 5 12 2 5 10 2 4 27 0 4 9 5 0 0 4 8 0 1 1 1 1 3 0 3 2 2 0 3 1 1 2 2 1 2 0 2 16 0 1 0 0 1 0 3 0 8 3 0 0 4 1 1 0 0 0 0 2 0 0 6 
18 19 27 10 6 10 17 2 7 11 12 30 51 80 32 72 37 18 9 4 6 9 7 23 1 0 1 7 50 2 6 5 10 1 1 1 3 4 32 12 8 1 9 6 6 4 3 4 5 15 3 1 4 3 0 1 1 2 0 0 0 2 1 0 4 1 1 4 2 1 0 2 0 0 2 0 0 3 7 1 0 0 1 4 0 1 1 4 0 0 0 5 0 0 1 1 0 0 1 0 0 5 
25 33 35 8 2 21 56 22 7 10 23 32 48 97 36 52 42 26 18 13 11 9 6 16 6 0 0 13 66 3 1 6 6 0 2 0 2 4 16 13 10 0 5 3 5 7 1 2 9 33 1 1 1 3 1 3 1 5 0 0 0 2 1 3 2 6 2 0 1 1 2 1 2 2 6 2 0 2 5 1 1 1 2 1 2 3 0 3 2 0 0 5 5 0 2 2 0 2 0 0 0 6 
7 18 16 2 7 10 24 10 2 1 1 16 26 56 24 22 29 11 19 4 7 4 1 13 12 0 0 9 19 0 1 0 6 0 0 0 0 1 12 12 5 1 8 8 5 3 5 2 1 16 5 7 5 6 3 0 2 8 0 0 2 1 0 1 2 9 0 2 0 1 2 2 0 2 5 2 0 2 14 1 1 1 2 0 0 3 0 6 0 0 0 5 2 1 0 0 1 0 0 0 0 1 
7 14 12 6 2 7 10 11 7 4 1 11 10 27 14 33 20 8 8 4 15 9 1 15 3 0 0 15 12 3 1 2 5 0 0 0 0 5 18 12 2 0 5 4 4 3 5 1 1 22 0 1 1 4 1 0 0 3 0 1 0 0 1 1 0 4 1 2 0 1 0 1 2 0 0 1 0 1 8 1 1 0 0 0 2 2 2 0 0 0 0 2 0 0 1 0 0 0 0 0 0 1 
19 26 19 9 4 23 22 12 31 20 7 5 32 34 17 53 33 15 28 15 11 14 5 39 11 1 1 34 44 5 4 6 7 2 4 0 2 9 14 20 8 1 5 7 5 12 7 3 1 42 3 3 17 7 1 0 2 13 0 4 0 1 1 0 2 9 0 3 3 0 2 7 0 2 4 1 0 1 9 2 0 0 0 0 1 0 1 3 0 0 0 3 0 1 5 0 0 0 0 0 1 7 
42 62 33 3 14 47 51 44 66 31 27 41 4 81 52 83 69 37 32 16 21 18 3 55 28 2 1 59 52 13 4 10 5 1 5 1 2 7 36 19 9 1 7 15 10 16 9 2 4 38 5 2 11 5 3 3 6 5 0 14 0 0 2 1 0 0 1 2 1 0 1 1 4 2 4 0 1 6 15 7 0 0 0 0 0 1 1 3 0 0 0 7 0 3 2 0 0 0 1 0 0 14 
62 90 73 7 14 47 50 66 73 42 27 46 39 12 20 58 80 55 54 37 54 42 15 64 42 5 6 107 41 12 3 4 5 1 1 1 2 15 39 17 17 4 6 11 6 8 4 3 3 48 10 3 19 5 4 1 3 9 0 4 1 9 0 0 0 0 0 0 0 0 0 1 0 2 4 1 1 1 41 5 0 1 0 0 0 2 1 4 1 0 0 10 0 2 0 0 1 2 1 0 0 8 
24 61 45 9 23 32 31 32 31 36 11 26 44 20 7 19 43 22 32 17 17 16 17 64 34 2 2 60 35 5 0 10 8 0 2 0 1 2 18 5 7 0 5 2 6 4 7 4 0 29 6 5 11 7 1 0 7 6 0 1 0 0 0 1 0 1 0 0 0 0 0 0 0 4 4 4 0 2 22 1 1 1 0 0 0 1 1 0 3 0 0 6 2 0 0 0 0 1 1 0 0 4 
37 30 41 4 15 41 36 39 56 42 21 34 45 55 10 20 50 46 52 37 70 40 52 112 52 5 5 82 62 31 7 17 22 8 10 7 38 6 22 33 17 2 10 15 20 11 12 7 6 58 4 8 11 10 0 0 11 10 0 1 0 1 1 4 2 1 0 0 0 1 3 3 2 1 1 3 1 2 37 2 2 1 2 2 1 4 3 13 4 0 0 13 1 2 2 2 0 0 1 0 0 8 
20 40 21 2 11 18 26 31 39 31 23 32 47 78 40 93 10 53 46 33 42 25 31 83 17 7 11 67 51 31 14 17 36 21 20 20 32 21 56 42 35 3 21 19 24 31 26 5 9 49 19 5 13 7 0 2 7 3 0 6 2 5 2 7 6 1 0 1 3 0 4 1 0 0 4 3 0 3 16 1 1 0 1 1 0 4 0 6 7 0 0 16 1 1 1 0 0 2 2 0 0 8 
18 15 11 3 3 24 28 15 23 34 10 42 59 83 36 89 35 2 64 27 37 24 20 32 13 4 0 55 36 16 13 6 29 8 16 14 22 14 50 12 27 0 10 18 12 20 20 9 9 49 12 5 4 7 4 1 1 13 0 0 1 2 0 1 1 1 0 0 0 0 1 0 0 0 1 2 0 0 14 0 0 0 0 2 1 5 0 11 4 0 0 2 3 0 0 0 0 0 0 0 0 8 
9 22 15 0 5 9 12 20 12 12 14 20 38 87 39 96 64 43 10 28 27 17 31 46 14 5 3 46 33 7 6 7 10 6 16 23 16 11 38 18 7 3 11 16 8 12 18 1 1 32 2 3 6 7 2 0 1 0 0 1 0 0 1 0 0 1 0 0 0 0 1 1 1 0 3 1 0 3 6 1 0 0 0 2 2 0 0 7 7 0 0 5 0 0 0 1 0 0 0 0 0 2 
4 10 10 0 3 6 11 6 7 17 10 7 11 53 21 52 21 17 14 2 11 8 10 24 18 8 10 76 13 5 9 4 11 0 8 5 10 8 39 10 8 1 1 13 3 18 12 3 5 32 1 1 1 1 1 1 0 8 0 1 1 0 0 1 0 1 0 1 0 0 0 0 1 1 2 2 1 5 8 0 2 0 0 1 1 1 0 2 1 0 0 2 0 0 0 0 0 1 0 0 0 3 
1 4 5 1 1 10 7 6 15 13 6 23 21 67 27 70 45 48 24 7 3 10 15 33 12 14 8 45 21 3 0 2 2 2 7 6 11 9 57 14 2 0 1 6 5 12 4 3 4 13 3 2 2 2 1 0 0 1 0 2 0 0 0 1 0 0 0 0 0 0 0 0 0 0 0 1 1 0 11 1 0 0 2 2 2 1 2 3 1 0 0 1 0 0 0 0 0 0 1 0 0 3 
10 12 9 0 5 7 12 8 10 11 2 11 23 55 25 61 26 13 10 6 8 6 13 28 6 12 7 31 18 6 0 0 3 1 3 4 9 3 42 3 4 0 1 2 3 2 3 1 2 17 1 0 3 3 0 0 0 0 0 0 0 0 0 0 0 0 0 0 0 0 0 0 0 2 0 0 0 0 4 0 0 0 0 0 0 0 0 0 1 0 0 2 0 0 0 1 0 0 0 1 0 0 
4 6 3 0 2 6 5 6 0 11 4 9 14 35 19 55 24 14 12 10 34 11 2 20 8 5 14 39 6 1 2 2 7 4 1 1 10 8 46 6 9 0 1 5 3 9 2 1 0 14 1 2 3 1 0 0 1 0 0 1 0 2 0 0 0 0 0 0 0 0 0 0 0 0 0 1 0 1 0 0 1 0 0 0 0 0 1 4 0 0 0 1 0 0 0 0 0 0 0 0 0 1 
6 10 6 2 6 8 12 12 12 27 5 27 47 54 56 103 80 33 42 13 26 14 10 9 6 16 25 70 10 4 2 1 24 2 10 5 15 8 55 24 11 1 2 12 15 18 12 10 4 57 5 2 14 4 0 1 4 1 0 3 0 1 0 1 0 2 0 1 0 0 0 0 0 0 0 0 0 2 12 2 0 0 0 0 0 4 0 10 2 0 0 4 0 4 0 0 1 0 0 0 0 4 
7 18 13 3 9 6 15 6 11 20 5 28 22 52 30 103 47 32 32 18 24 12 5 18 9 1 5 34 7 7 4 6 72 3 7 6 14 11 42 30 30 1 8 13 19 16 18 18 7 80 10 5 18 5 2 2 2 8 0 0 1 1 1 0 3 0 0 1 0 0 0 0 0 0 1 4 0 0 12 2 2 3 0 4 0 3 2 21 2 0 0 5 1 2 0 1 0 0 1 0 0 3 
0 2 0 1 1 0 0 0 1 1 1 0 2 16 6 13 5 6 15 8 13 4 14 19 3 0 10 12 2 2 0 0 0 2 0 0 0 3 3 0 0 0 0 0 1 0 0 0 0 5 0 0 0 0 1 0 0 0 0 0 0 0 1 0 0 0 0 0 0 0 0 0 0 0 0 0 0 1 5 0 0 0 0 1 0 0 0 1 0 0 0 0 0 0 0 0 0 0 0 0 0 0 
2 1 1 2 0 0 0 0 3 0 0 0 1 7 6 10 2 3 7 5 13 9 10 22 6 0 1 13 0 2 1 3 3 1 0 0 0 5 4 1 1 0 0 0 0 0 1 0 0 4 0 0 1 0 0 0 0 0 0 0 0 0 0 0 0 0 0 0 0 0 0 0 0 0 0 0 0 0 0 0 0 0 0 0 0 0 0 0 0 0 0 2 0 0 0 0 0 0 0 0 0 0 
19 20 12 1 6 9 15 5 8 21 3 24 39 89 54 128 54 33 71 34 70 53 70 93 29 7 36 8 16 3 1 5 30 1 3 7 16 15 57 32 28 2 22 27 20 20 12 6 10 71 4 0 10 2 1 3 5 3 0 2 6 0 0 0 0 0 0 0 0 0 0 0 0 0 2 3 0 3 18 2 1 0 1 2 0 1 1 17 4 0 0 7 1 3 0 1 0 0 0 0 0 6 
18 52 39 10 9 38 39 20 36 8 12 16 13 22 22 39 5 9 12 2 6 10 0 11 4 0 1 3 3 5 0 0 1 0 3 5 3 6 6 9 6 0 7 0 5 5 0 3 5 15 0 0 2 6 0 3 3 2 0 0 1 2 0 0 4 4 3 0 0 2 0 0 0 1 0 0 0 0 10 4 0 1 0 0 1 3 1 3 0 0 0 1 2 0 1 0 0 0 1 0 0 2 
3 2 3 0 0 0 2 4 4 2 1 3 15 7 9 16 46 15 26 5 7 2 1 16 2 2 0 2 3 19 66 120 225 61 84 120 328 146 229 92 52 13 33 33 48 48 35 25 17 178 8 0 19 3 1 1 3 5 0 5 6 4 5 7 7 23 11 10 3 3 4 4 5 0 3 3 0 3 27 1 3 6 3 6 3 13 2 41 14 0 0 55 3 9 8 4 0 13 2 0 0 32 
2 1 0 0 1 0 1 1 0 1 0 6 2 3 0 6 13 5 6 2 1 2 2 8 3 0 0 5 4 111 4 66 102 33 57 48 127 48 78 40 23 3 11 9 16 17 16 4 4 44 1 1 2 8 0 0 1 1 0 6 1 1 0 6 4 7 1 2 1 6 2 3 2 1 0 2 0 1 7 0 2 0 0 1 2 7 4 6 1 0 0 19 2 2 1 0 0 0 3 0 0 10 
2 1 4 1 0 2 2 3 4 4 0 0 7 6 3 13 31 11 7 2 1 3 3 2 2 0 0 8 4 110 55 6 96 19 81 64 244 111 189 82 50 5 32 30 46 56 29 15 15 132 1 2 11 9 5 0 9 3 0 4 0 4 0 5 9 16 7 5 5 1 0 1 0 1 2 2 1 4 18 1 2 2 0 2 2 8 7 27 7 0 0 37 11 3 6 1 1 2 4 0 0 18 
12 13 10 1 3 6 9 6 4 13 2 8 3 8 6 25 46 25 9 6 8 5 5 49 18 1 0 23 9 274 112 100 30 38 92 88 263 131 260 143 129 20 64 83 85 128 109 47 70 530 27 10 48 30 8 5 13 16 0 14 8 11 2 16 25 26 10 10 7 5 11 20 9 9 12 11 2 6 45 7 7 9 4 8 1 11 13 89 24 0 0 45 6 16 16 7 2 5 4 2 1 56 
1 4 0 2 0 0 2 0 1 2 2 1 3 0 2 3 15 0 2 3 2 2 1 5 2 1 0 7 4 70 25 38 28 3 23 31 78 31 103 34 23 8 13 25 23 48 22 15 4 69 3 1 17 4 0 3 3 6 0 3 3 5 0 3 7 10 2 9 1 8 10 8 5 4 1 3 0 1 17 2 0 2 0 0 1 3 2 15 5 0 0 23 1 4 4 5 0 1 2 0 1 12 
4 4 1 2 0 3 1 1 0 1 1 3 3 0 1 21 27 17 9 1 6 11 4 14 4 1 4 8 4 155 61 112 97 31 11 15 154 76 198 97 49 9 39 54 39 60 39 15 13 100 7 6 10 11 5 0 1 7 0 6 1 10 3 11 9 16 7 4 4 3 15 16 14 7 1 0 0 3 25 1 1 0 1 4 2 6 7 10 9 0 0 49 13 9 7 4 0 4 7 10 2 27 
1 4 2 1 2 1 1 3 3 1 0 1 0 0 2 20 22 10 3 2 3 1 3 8 4 0 0 10 2 136 53 80 111 31 37 4 134 51 112 66 39 9 27 38 25 45 20 13 21 107 1 1 5 4 3 1 2 1 0 0 3 11 0 11 4 6 4 4 3 3 5 6 8 3 3 0 0 0 8 1 0 0 0 1 0 6 1 20 6 0 0 19 8 2 4 3 0 4 5 0 0 25 
4 9 7 0 0 3 1 3 1 6 2 5 7 5 1 23 23 20 28 6 14 6 4 23 8 5 1 35 7 346 132 229 265 99 166 284 20 149 374 295 143 33 110 149 124 181 133 55 48 339 18 20 16 21 2 2 6 7 0 1 7 11 9 24 22 21 2 13 10 7 10 16 9 18 8 0 1 2 16 3 2 0 0 3 0 17 17 59 21 0 0 105 25 27 11 23 3 19 11 5 1 67 
7 9 2 0 1 10 6 9 15 6 3 6 6 8 5 5 21 15 7 8 4 10 3 20 8 0 0 25 22 137 43 101 95 28 48 60 107 14 164 154 94 12 85 71 76 115 72 25 33 217 6 1 1 3 0 0 3 6 0 1 1 7 2 11 7 6 5 3 0 7 13 6 6 1 2 3 1 0 14 2 2 2 0 2 1 20 8 45 20 0 0 60 5 11 8 12 1 7 5 0 3 39 
17 17 8 1 3 8 18 15 13 22 4 24 29 10 12 9 33 18 18 16 21 13 15 54 15 3 3 39 17 165 53 124 154 63 100 91 334 102 16 255 155 19 80 94 91 120 74 58 42 279 13 5 20 7 4 0 2 6 0 5 0 7 4 15 18 23 9 13 0 3 8 20 8 11 6 4 0 5 22 7 9 0 3 9 1 25 27 48 20 0 0 84 15 23 13 14 1 9 14 2 4 60 
9 16 9 1 4 5 6 15 8 18 8 13 18 8 14 22 31 22 20 4 3 7 7 22 7 0 1 16 28 85 27 72 121 31 65 45 232 144 450 10 45 13 47 110 66 130 65 36 45 270 5 0 10 8 0 5 2 3 0 0 2 12 2 11 14 11 0 2 3 2 4 4 5 7 2 9 3 2 19 3 3 7 2 9 8 4 7 9 13 0 0 46 6 4 9 10 2 2 5 2 2 28 
15 11 11 0 1 5 5 7 14 12 3 6 16 6 5 13 20 22 13 12 11 6 2 25 10 0 2 16 10 60 25 37 126 32 42 22 150 133 227 81 10 14 40 97 36 99 57 29 32 209 7 6 17 1 0 1 2 2 0 0 4 1 1 9 5 1 2 0 1 2 6 4 5 2 7 3 0 6 11 6 4 4 6 9 5 15 8 8 16 0 0 43 10 18 10 7 0 5 4 2 1 27 
2 1 3 0 0 0 0 0 1 0 0 2 1 2 2 0 4 2 3 0 0 0 0 5 1 0 0 0 0 6 4 7 18 2 3 9 41 14 38 14 25 4 16 67 14 27 13 5 3 32 0 0 2 1 0 1 0 2 0 0 0 3 1 0 0 4 0 2 0 0 0 0 0 1 0 0 0 0 1 1 0 0 3 10 2 6 1 11 9 0 0 12 1 2 3 1 1 1 0 0 0 12 
3 8 4 0 1 8 6 4 7 2 2 2 6 2 3 7 27 10 2 1 9 2 2 8 4 0 0 3 10 36 25 29 92 28 24 29 109 88 116 63 36 25 26 114 94 128 62 39 40 208 1 3 6 8 2 2 3 4 0 3 0 3 0 6 2 6 3 5 0 0 4 7 4 4 8 10 0 6 26 13 11 13 16 56 23 53 27 71 64 0 0 160 28 35 19 27 6 31 22 3 2 111 
14 13 7 0 1 7 7 2 11 5 5 5 10 8 4 10 14 15 21 4 2 6 2 22 8 0 1 17 19 58 9 55 82 27 30 40 156 90 168 138 70 46 92 13 151 263 148 89 70 322 13 15 13 9 1 5 5 7 0 2 0 12 3 9 9 17 1 6 0 1 5 5 0 2 14 16 2 12 43 13 21 22 15 75 31 85 72 107 70 0 0 249 72 47 36 107 12 61 46 4 3 142 
14 23 6 0 1 4 5 7 5 7 2 7 6 3 6 4 17 22 12 6 4 2 3 22 9 2 3 17 8 47 21 44 98 27 43 23 134 57 166 87 44 26 62 161 14 233 111 84 83 352 10 4 15 7 0 0 5 5 0 5 4 5 1 7 8 11 4 0 0 2 8 4 4 2 4 5 1 4 18 2 7 4 7 29 11 34 15 56 38 0 0 62 7 20 18 27 7 17 14 5 1 55 
13 31 10 1 1 7 10 12 4 6 4 16 8 10 6 7 19 22 12 12 5 5 2 36 6 2 0 23 12 58 16 41 159 28 48 43 159 97 207 151 73 32 68 250 151 35 172 172 131 535 7 5 18 7 3 0 10 5 0 4 3 3 3 10 6 11 2 2 2 2 3 4 6 6 21 7 2 4 25 7 14 10 7 43 18 30 28 110 45 0 0 141 27 30 32 22 7 30 37 5 2 121 
8 18 7 4 4 9 9 4 13 4 6 5 12 5 5 8 27 15 24 3 6 3 4 17 8 1 0 19 19 37 16 39 167 19 37 25 120 82 177 100 68 17 43 121 92 252 33 183 119 325 7 4 12 4 2 1 2 10 0 2 5 3 0 4 8 6 2 9 2 3 7 2 5 2 5 6 3 5 19 4 3 10 9 22 14 28 19 58 12 0 0 67 15 29 18 17 4 13 21 4 2 102 
1 2 1 0 4 7 7 3 7 7 1 3 3 1 0 6 5 5 5 3 4 2 1 15 2 0 0 8 5 13 2 11 56 10 10 15 54 39 98 32 27 13 35 74 39 163 113 15 54 315 2 2 5 0 2 2 1 7 0 0 2 2 0 2 4 5 1 1 1 0 1 2 1 1 0 3 0 4 8 2 3 7 2 16 4 8 11 67 5 0 0 44 1 19 12 14 4 9 8 0 0 48 
7 8 6 0 1 4 2 2 3 4 3 5 4 5 4 4 11 11 3 2 2 1 5 22 10 1 0 8 9 24 8 24 104 7 24 13 68 36 100 51 20 10 44 95 50 200 132 137 9 490 4 3 2 2 0 0 2 5 0 1 1 1 0 4 7 1 1 2 0 1 2 5 5 3 2 1 1 2 10 0 1 11 9 17 7 11 6 73 12 0 0 75 8 11 16 10 5 11 9 1 4 58 
30 41 24 4 18 26 12 17 20 38 10 26 30 25 18 25 59 49 53 17 20 17 10 101 22 2 2 75 36 141 49 110 710 61 127 73 328 212 478 233 228 30 122 345 179 411 241 252 235 57 31 14 57 11 8 1 7 13 0 8 4 21 1 13 12 27 8 11 7 6 21 12 18 21 28 30 3 15 52 35 16 31 27 86 31 68 36 336 47 0 0 212 26 47 59 59 14 63 44 5 4 257 
7 7 4 0 1 0 6 5 10 2 0 5 4 11 10 18 11 8 2 0 3 2 0 12 11 0 0 4 4 7 5 9 47 2 8 2 19 5 21 4 4 0 2 14 11 12 21 5 14 60 6 17 55 22 11 6 14 24 0 34 8 4 3 14 13 28 10 14 3 7 4 3 10 6 4 9 3 7 90 5 8 2 3 33 10 17 13 25 10 0 0 10 6 9 7 2 2 1 6 1 0 23 
6 4 1 2 1 0 4 2 3 4 0 2 8 10 4 7 4 0 4 1 3 0 0 4 4 0 0 3 4 3 0 3 18 3 6 6 10 4 3 1 2 0 6 12 2 9 5 1 2 32 6 2 22 27 22 6 11 9 0 8 1 0 4 10 5 9 6 6 3 3 1 3 3 7 6 0 0 1 55 1 4 2 4 25 5 9 8 11 3 0 0 12 2 3 1 1 0 2 1 0 0 11 
3 17 4 2 0 5 7 5 2 10 0 5 6 15 13 18 9 11 6 2 1 0 1 30 6 0 0 6 5 22 1 12 42 7 10 6 11 6 26 12 6 1 9 10 9 25 11 5 2 48 29 20 10 27 5 2 7 28 0 15 2 4 8 19 19 17 9 15 4 16 13 12 11 7 4 3 2 5 112 5 4 4 7 16 3 19 12 45 11 0 0 23 6 6 4 2 0 7 6 1 0 23 
2 5 3 3 0 0 6 3 5 5 2 5 7 20 6 5 4 8 4 0 0 0 0 4 2 0 0 1 7 6 3 5 17 3 3 0 14 3 10 6 3 0 0 6 4 7 9 4 7 18 10 13 36 3 14 7 5 38 0 23 7 4 3 9 13 9 7 10 4 10 6 1 2 2 6 0 0 3 61 1 1 2 3 14 6 8 2 6 2 0 0 9 1 2 1 1 2 2 3 0 0 13 
2 1 5 0 1 1 3 3 3 2 3 2 2 4 2 3 2 4 5 1 0 1 1 8 2 0 0 7 3 4 1 1 9 1 0 1 3 0 5 3 2 0 8 2 2 3 0 4 3 10 5 11 28 4 3 0 16 21 0 9 8 0 4 9 4 9 8 3 2 3 1 6 4 3 2 3 1 5 52 3 3 1 6 14 2 4 0 9 6 0 0 6 1 1 1 0 2 3 3 2 0 3 
3 1 0 0 0 0 0 3 1 0 0 1 1 4 0 3 13 1 0 1 1 0 1 3 0 1 0 4 5 0 2 2 3 3 5 0 3 0 6 5 2 0 2 2 1 1 2 0 0 10 4 4 8 3 3 0 2 11 0 19 3 2 0 3 6 4 1 3 2 2 0 4 1 1 0 1 0 1 37 4 0 2 0 10 3 1 1 6 1 0 0 1 1 3 5 1 0 3 1 1 0 5 
1 0 0 0 0 0 1 1 4 2 0 2 10 22 6 11 13 4 0 3 1 0 0 4 0 0 1 2 5 2 1 5 17 2 4 8 5 0 6 1 2 2 2 9 2 6 0 2 3 13 16 6 17 19 7 9 6 15 0 6 1 2 3 12 5 3 1 6 1 4 5 2 5 3 3 5 1 4 48 3 2 2 1 11 12 15 0 15 1 0 0 10 4 2 5 0 0 2 1 0 0 0 
2 2 3 1 2 4 2 2 4 0 1 6 5 26 7 21 13 2 1 0 0 0 2 6 2 0 0 7 12 8 4 7 11 7 6 3 10 2 11 2 0 2 1 6 6 1 5 1 4 28 32 16 35 22 15 5 19 7 0 21 5 6 2 12 7 8 4 7 2 4 6 5 8 7 7 16 7 13 118 19 12 1 5 30 14 10 3 16 3 0 0 15 1 0 3 3 0 3 4 0 0 6 
0 0 0 0 0 0 0 0 0 0 0 0 0 0 0 0 0 0 0 0 0 0 0 0 0 0 0 0 0 0 0 0 0 0 0 0 0 0 0 0 0 0 0 0 0 0 0 0 0 0 0 0 0 0 0 0 0 0 0 0 0 0 0 0 0 0 0 0 0 0 0 0 0 0 0 0 0 0 0 0 0 0 0 0 0 0 0 0 0 0 0 0 0 0 0 0 0 0 0 0 0 0 
15 4 6 6 3 7 11 4 3 3 10 10 9 23 9 19 9 8 3 4 2 3 2 12 13 0 1 10 14 5 6 9 12 6 4 2 2 2 17 4 2 0 2 2 5 3 5 3 6 21 34 19 29 28 7 3 8 26 0 3 4 2 5 8 20 31 6 17 5 4 8 15 6 5 6 4 3 4 45 5 3 2 0 6 2 7 2 13 2 0 0 6 1 2 4 2 0 1 1 0 0 9 
2 2 1 0 0 0 1 2 0 1 2 0 0 2 0 4 0 0 1 1 0 0 0 3 0 0 0 0 2 2 0 5 3 3 1 2 4 3 7 4 1 1 0 0 1 4 0 0 2 5 12 4 12 9 7 2 1 4 0 6 3 4 1 5 7 15 0 9 1 5 7 9 3 8 3 0 0 4 16 5 1 3 0 7 1 3 0 6 3 0 0 6 2 1 2 0 0 0 0 0 0 1 
0 1 1 0 0 2 2 1 2 1 2 6 6 5 2 5 4 13 1 2 0 0 1 1 0 1 0 0 3 18 1 9 11 11 14 9 21 6 14 17 10 1 5 6 13 7 4 1 5 15 7 3 7 13 1 2 2 8 0 10 6 1 1 14 21 15 5 15 5 10 6 11 3 6 2 2 0 1 32 3 1 1 5 6 7 4 2 3 1 0 0 16 0 2 2 0 0 2 1 0 1 3 
0 0 2 0 0 0 2 4 2 2 0 1 2 1 1 0 0 2 0 0 1 0 0 0 0 0 0 1 1 2 2 0 0 0 1 1 6 0 10 6 4 1 0 2 1 1 1 0 0 3 1 0 5 2 1 1 2 4 0 2 7 0 0 6 9 8 1 4 0 2 4 6 2 1 4 0 0 3 8 4 4 0 0 1 0 0 0 2 0 0 0 3 0 1 0 0 0 0 0 0 0 3 
1 2 3 0 0 1 2 1 3 4 0 2 0 0 0 5 3 1 0 0 0 0 0 1 0 0 0 1 4 9 1 5 13 3 10 9 16 11 21 12 8 0 1 9 5 14 9 1 0 28 12 2 26 20 1 3 7 7 0 10 5 10 6 5 9 21 12 12 5 3 5 22 4 5 4 2 0 3 35 3 3 2 3 6 0 1 0 4 3 0 0 8 0 0 0 2 0 0 0 1 0 0 
4 6 1 0 2 1 4 8 6 2 2 0 1 0 0 2 5 3 0 1 0 0 0 3 2 0 0 1 4 23 12 7 15 10 5 10 21 15 34 9 20 1 11 15 19 17 5 5 3 20 10 7 13 10 6 1 10 13 0 9 6 4 11 5 4 23 28 17 11 20 30 31 25 10 7 4 1 7 50 6 2 2 5 4 0 5 0 6 3 0 0 7 2 0 1 1 0 0 0 0 0 3 
15 19 9 1 1 15 7 7 7 1 2 1 5 0 3 0 0 0 1 0 0 0 0 0 0 2 0 2 14 64 23 29 28 19 11 8 37 8 42 25 11 0 14 14 10 28 14 10 7 53 33 12 36 20 8 10 15 13 0 44 16 12 7 37 46 19 21 46 36 36 67 91 50 42 6 2 6 4 72 19 4 5 4 11 8 10 2 6 5 0 0 9 4 2 0 2 0 1 1 1 0 3 
4 4 1 0 7 1 0 2 2 1 0 2 1 0 0 0 0 0 0 0 0 0 0 0 0 0 0 0 2 12 5 5 4 6 3 5 17 4 12 1 1 0 1 1 6 3 4 1 1 9 2 2 16 8 1 3 2 4 0 26 4 7 4 11 18 8 0 4 8 33 24 34 18 8 2 2 0 1 12 4 4 1 1 5 3 1 0 1 2 0 0 0 0 1 1 0 0 0 0 0 0 2 
0 3 5 0 0 0 2 2 5 3 0 1 1 0 0 0 0 0 0 1 0 0 0 0 0 0 0 0 5 12 5 4 9 13 7 8 23 7 14 3 1 0 7 3 9 6 6 2 4 12 5 5 13 11 2 2 9 3 0 5 5 8 5 4 22 21 6 2 15 14 20 28 8 9 3 2 0 1 28 3 0 0 1 1 0 0 1 6 2 0 0 4 0 0 1 0 0 0 0 0 0 1 
1 2 3 0 0 2 1 3 0 1 0 1 1 1 0 1 1 0 0 0 0 0 0 0 0 0 0 0 0 5 2 3 6 6 4 2 9 4 10 1 2 0 2 2 1 2 3 2 0 6 1 1 6 3 0 0 0 0 0 2 2 4 3 5 9 25 11 11 2 3 29 36 5 10 2 1 0 0 12 0 1 0 1 1 1 2 0 5 1 0 0 0 0 0 0 0 0 0 0 0 0 0 
1 3 0 0 0 1 1 1 1 5 1 1 0 2 0 0 0 1 0 0 0 0 0 0 0 0 0 0 2 5 2 3 6 4 4 3 7 0 16 2 0 1 1 2 1 4 1 1 3 17 16 6 9 7 1 0 6 2 0 12 4 9 3 8 14 41 12 6 10 3 14 26 12 23 4 8 0 0 13 0 4 1 0 3 1 1 1 3 1 0 0 0 0 1 0 0 0 0 1 0 0 0 
0 0 2 0 0 2 2 0 0 0 0 0 2 6 1 2 0 1 0 0 0 0 0 0 0 0 0 0 3 5 1 2 10 7 5 2 13 10 25 4 1 1 4 5 3 6 5 3 2 33 4 1 3 5 1 1 1 4 0 19 4 4 4 7 12 26 13 19 14 7 3 50 9 10 1 2 0 1 22 0 0 3 2 3 1 6 2 5 0 0 0 4 1 1 0 0 0 0 0 0 0 0 
0 1 0 1 0 4 4 4 1 3 1 0 2 0 0 0 0 0 2 1 0 0 0 1 0 0 0 0 8 6 0 3 13 11 14 6 18 6 28 4 1 0 3 2 5 10 5 2 2 11 6 2 8 5 0 5 7 3 0 10 10 9 10 21 33 45 9 35 14 22 49 9 23 20 4 0 0 2 18 1 3 1 0 1 2 0 0 2 0 0 0 3 0 0 1 0 0 0 0 0 0 2 
3 4 4 0 1 3 2 1 0 2 0 3 2 0 0 0 2 2 1 0 0 0 0 0 1 0 0 1 1 2 1 6 7 13 4 7 13 11 12 11 6 1 5 14 4 3 3 2 0 33 8 10 11 5 4 2 1 9 0 12 5 1 3 14 33 46 12 16 4 35 6 68 2 10 4 5 1 5 25 4 5 1 3 5 2 0 0 6 1 0 0 7 0 1 2 3 0 0 0 0 1 1 
4 6 2 0 1 2 0 1 1 2 4 2 1 1 2 2 2 0 0 0 0 0 0 0 0 0 0 1 4 1 5 2 14 15 3 7 6 8 17 5 4 0 4 4 3 2 1 3 3 17 7 5 6 8 4 1 4 5 0 13 5 2 2 5 19 18 16 24 4 53 23 48 8 7 5 3 1 4 44 1 4 0 4 8 1 5 1 9 2 0 0 4 1 0 0 1 0 0 1 0 0 4 
2 1 2 0 0 0 1 2 1 3 0 1 2 5 2 3 3 2 1 0 0 0 1 5 1 0 0 2 2 6 0 3 10 2 2 1 8 0 9 3 0 0 14 11 6 9 10 1 0 25 2 5 3 1 0 0 1 8 0 8 1 1 1 2 1 5 0 1 2 1 5 1 4 1 5 13 2 12 149 7 4 9 8 41 7 15 4 30 5 0 0 19 1 5 4 3 0 5 3 1 1 18 
3 3 2 0 1 1 1 0 1 5 0 1 8 11 6 8 4 2 5 0 0 1 0 6 1 1 0 1 2 2 0 6 8 2 5 2 1 1 6 3 4 0 8 8 7 17 9 3 5 28 12 2 12 5 10 3 5 13 0 4 2 0 0 3 8 11 1 2 0 5 1 2 2 3 13 4 3 13 122 23 13 11 21 61 18 14 7 43 5 0 0 16 7 9 4 6 4 7 6 0 0 9 
0 0 0 0 0 0 0 0 0 0 0 0 0 0 0 3 1 0 0 1 0 0 0 2 0 0 0 0 0 0 0 2 3 0 2 0 1 0 1 1 0 2 0 1 3 1 0 0 1 7 0 1 1 1 2 0 2 3 0 3 0 2 0 9 2 1 0 0 1 0 3 0 2 0 5 1 1 10 49 6 9 2 5 16 3 2 0 8 6 0 0 1 0 2 2 0 0 6 1 0 0 3 
2 3 3 1 2 2 4 6 4 3 2 0 2 6 2 6 5 7 1 0 1 1 1 5 1 1 2 2 9 5 5 3 17 3 3 2 5 2 8 3 7 6 4 21 8 20 13 6 6 38 12 13 34 14 10 1 6 11 0 7 4 5 1 5 4 6 4 2 0 4 2 6 2 4 9 17 6 1 111 21 11 10 16 71 19 24 14 37 8 0 0 12 5 7 5 8 1 9 9 1 3 15 
8 5 6 0 3 21 11 6 13 12 4 5 8 22 16 27 19 17 1 0 1 0 3 18 2 1 0 9 19 18 10 14 38 14 14 0 22 6 42 15 3 1 16 46 15 32 14 5 10 78 59 54 94 50 25 25 50 98 0 28 13 5 7 19 19 36 8 12 7 8 13 23 17 18 85 112 30 66 14 53 54 22 35 136 35 28 16 78 12 0 0 45 13 14 15 15 0 6 8 1 1 32 
0 4 1 0 0 2 0 0 1 2 1 0 0 3 0 2 5 2 2 2 1 0 0 1 1 0 0 5 1 1 1 7 4 1 3 1 3 0 7 2 4 0 14 12 4 18 11 7 1 31 4 9 13 4 2 2 6 13 0 4 1 3 3 4 5 8 2 3 1 4 0 3 2 1 19 17 7 16 88 3 22 5 19 122 33 18 6 26 10 0 0 37 3 9 5 5 0 5 2 1 1 18 
0 0 3 0 0 0 0 0 3 0 1 0 0 0 0 0 2 1 1 1 1 0 1 4 0 0 0 2 1 3 0 3 6 2 1 0 0 1 10 1 5 0 10 16 4 11 6 4 2 46 6 8 10 1 9 5 2 14 0 2 1 1 1 5 4 17 3 2 2 1 1 2 14 2 13 24 4 12 83 21 0 4 13 77 23 12 4 28 13 0 0 38 4 11 2 6 4 8 1 0 2 21 
2 1 0 0 0 2 1 1 2 4 0 0 0 2 0 1 1 0 0 0 0 0 0 3 2 0 0 8 3 3 0 5 14 2 0 2 1 1 5 1 1 2 7 15 8 15 1 5 2 39 4 1 2 7 2 1 3 2 0 4 3 0 0 1 3 9 0 5 0 2 2 6 2 3 18 4 5 6 38 6 9 3 7 46 17 13 6 47 8 0 0 16 14 19 13 7 1 8 3 3 2 20 
0 3 3 0 0 1 1 0 0 1 0 0 0 0 0 0 0 0 1 0 0 0 0 1 0 0 0 0 2 1 0 1 8 4 2 1 5 0 6 1 5 3 10 13 6 10 5 3 7 30 6 1 7 6 3 2 4 8 0 7 1 1 1 1 2 5 0 1 0 2 0 3 2 0 10 10 1 7 43 11 13 4 3 84 21 19 10 33 3 0 0 29 4 14 1 6 3 2 8 0 0 16 
4 6 5 2 2 1 0 2 3 2 0 0 2 1 0 1 2 1 0 1 0 0 1 1 0 0 0 4 6 11 1 1 9 2 1 0 11 6 24 14 14 8 47 69 9 43 29 18 23 136 8 20 36 19 11 6 23 43 0 11 5 3 2 5 10 9 2 3 1 5 2 9 2 5 53 56 15 52 195 91 103 24 144 14 167 65 35 84 37 0 0 111 18 22 26 15 4 29 24 6 2 60 
0 1 0 0 0 0 3 1 1 4 0 0 0 1 0 0 2 1 1 0 1 0 0 1 0 0 0 2 4 6 0 2 3 1 1 0 1 1 7 8 4 2 18 31 2 26 18 7 5 28 4 6 7 11 2 1 5 12 0 4 1 3 1 1 1 4 0 0 1 0 0 0 1 1 8 6 4 21 46 38 56 24 40 211 5 34 13 49 19 0 0 48 4 12 13 12 1 6 15 1 4 43 
11 4 2 0 3 3 14 3 2 3 0 0 1 1 0 1 3 3 1 0 1 0 1 2 0 0 0 4 12 19 3 10 19 5 8 6 30 18 40 9 14 6 53 121 29 85 38 16 22 100 10 7 15 7 4 2 5 11 0 5 3 2 6 1 3 4 1 2 1 0 7 4 2 1 24 11 3 8 38 17 28 17 23 90 42 5 42 68 44 0 0 91 23 33 31 21 12 43 25 2 9 70 
2 7 1 0 0 1 0 2 2 2 0 1 2 1 0 1 0 2 2 0 1 0 2 7 5 0 0 4 1 13 3 7 16 2 8 6 8 15 25 8 3 2 23 57 9 49 20 7 9 62 3 4 11 5 3 0 3 4 0 4 2 1 0 3 0 5 2 1 0 2 4 0 2 1 9 7 1 9 25 4 10 8 5 43 23 31 5 26 24 0 0 65 15 12 19 19 5 13 5 1 2 43 
20 16 8 2 2 10 8 7 7 8 3 4 7 8 11 6 13 18 8 6 6 4 3 40 28 0 0 35 19 72 18 35 235 15 31 18 90 78 194 58 37 28 188 304 137 320 197 163 205 1060 43 25 66 12 7 5 10 36 0 19 2 8 1 6 8 22 0 5 1 4 7 5 6 11 52 38 5 31 126 44 53 61 56 200 86 178 70 31 76 0 0 387 63 82 99 97 17 48 38 8 6 352 
3 2 3 0 1 0 1 2 2 3 1 2 4 1 3 3 4 9 2 0 4 3 0 10 3 0 1 8 10 10 1 6 37 9 13 7 38 30 34 14 10 6 38 94 18 56 17 8 14 70 10 2 14 7 1 2 3 7 0 2 1 5 1 1 3 2 1 1 1 4 2 1 1 3 5 5 0 2 21 11 7 13 5 42 16 31 42 46 5 0 0 79 18 20 11 15 1 11 7 1 2 64 
0 0 0 0 0 0 0 0 0 0 0 0 0 0 0 0 0 0 0 0 0 0 0 0 0 0 0 0 0 0 0 0 0 0 0 0 0 0 0 0 0 0 0 0 0 0 0 0 0 0 0 0 0 0 0 0 0 0 0 0 0 0 0 0 0 0 0 0 0 0 0 0 0 0 0 0 0 0 0 0 1 0 0 0 0 0 0 0 0 0 0 0 0 0 0 0 0 0 0 0 0 0 
0 0 0 0 0 0 0 0 0 0 0 0 0 0 0 0 0 0 0 0 0 0 0 0 0 0 0 0 0 0 0 0 0 0 0 0 0 0 0 0 0 0 0 0 0 0 0 0 0 0 0 0 0 0 0 0 0 0 0 0 0 0 0 0 0 0 0 0 0 0 0 0 0 0 0 0 0 0 0 0 0 0 0 0 0 0 0 0 0 0 0 0 0 0 0 0 0 0 0 0 0 0 
1 7 6 1 4 6 3 5 8 6 3 6 8 3 3 5 6 6 9 3 3 1 0 6 2 0 0 8 5 25 7 20 46 23 28 11 110 51 93 45 50 6 56 177 60 100 58 41 32 165 5 1 15 3 1 5 5 3 0 6 3 9 0 3 3 6 0 2 0 1 1 3 5 1 5 8 0 7 40 14 11 10 26 80 42 68 44 99 62 0 0 16 44 80 31 60 8 41 41 3 12 120 
0 4 0 0 0 0 1 1 1 3 0 1 2 3 1 0 7 2 0 0 0 1 1 1 0 0 0 1 1 9 1 3 12 2 6 4 16 7 23 12 9 7 38 45 6 19 13 13 6 41 6 3 7 1 0 1 0 3 0 0 7 0 0 0 0 0 0 0 0 0 2 1 0 1 9 0 0 5 9 7 6 6 9 21 11 33 24 35 9 0 0 76 5 12 10 12 4 9 19 2 1 24 
0 2 4 0 0 1 0 3 1 1 1 2 1 0 0 0 3 0 0 0 0 0 0 1 0 0 0 5 0 9 2 6 12 3 8 4 22 17 28 11 9 9 26 55 16 33 24 7 18 63 9 2 7 3 0 1 1 3 0 0 0 2 0 0 2 1 0 0 0 0 0 0 0 2 6 3 0 5 11 12 5 8 12 30 16 38 13 39 23 0 0 67 10 4 8 24 3 13 10 3 3 71 
0 0 0 1 1 0 1 0 3 0 0 1 0 0 1 1 1 0 0 0 0 0 0 0 0 0 0 0 0 3 3 4 14 9 2 3 11 8 17 6 6 2 17 45 13 26 12 5 13 40 2 2 10 2 0 3 2 2 0 2 2 2 1 0 2 1 0 0 0 0 0 0 0 1 5 2 1 4 18 7 6 4 3 27 8 18 10 32 11 0 0 33 4 6 1 12 1 11 7 0 2 32 
0 0 5 0 1 1 1 1 2 3 0 0 2 1 0 3 4 1 1 0 0 0 0 2 0 0 0 1 5 7 2 4 15 5 8 8 18 9 42 13 10 5 27 75 21 44 19 16 10 55 2 3 5 2 0 0 2 3 0 2 0 1 0 0 1 0 0 0 0 0 0 2 0 1 1 0 0 1 17 4 7 5 4 27 7 20 12 47 15 0 0 104 16 14 19 5 9 11 5 4 3 62 
0 0 0 0 0 0 0 0 0 0 0 0 1 1 0 0 1 0 1 0 0 0 0 0 0 0 0 2 0 3 1 0 0 0 3 0 2 3 6 1 0 0 6 9 3 3 1 0 0 8 0 2 4 0 0 0 1 0 0 2 0 0 0 0 0 0 0 0 0 0 0 0 0 0 2 2 0 1 5 1 0 0 1 10 2 0 1 8 8 0 0 7 0 0 3 1 2 1 2 0 1 9 
0 1 1 0 0 0 1 0 0 2 0 1 4 3 0 0 3 0 0 0 0 0 0 1 0 0 0 1 0 4 1 3 6 2 5 3 15 7 24 1 6 0 20 56 15 18 18 7 5 57 1 1 7 1 0 1 3 9 0 1 1 0 0 0 0 0 0 1 0 0 0 0 0 1 2 3 0 2 8 1 4 3 14 17 5 23 11 21 6 0 0 67 6 5 8 19 0 4 2 2 1 37 
1 2 2 0 0 0 1 0 0 0 0 1 2 0 1 0 0 0 0 1 1 0 0 1 0 0 0 1 3 5 1 4 7 2 7 3 9 6 13 1 5 1 20 21 16 42 20 6 12 44 0 3 6 0 2 0 2 1 0 3 2 0 0 0 1 0 0 0 0 0 0 0 2 0 4 8 1 5 12 7 1 9 5 29 7 11 5 27 17 0 0 43 5 9 8 1 4 1 7 2 1 23 
0 0 0 0 0 0 0 0 0 0 0 0 3 0 0 0 0 0 0 0 0 0 0 0 0 0 0 0 0 0 0 2 0 0 0 0 1 2 12 3 4 1 8 11 2 3 0 3 1 8 0 0 1 1 1 0 1 1 0 0 0 0 0 0 0 0 0 0 0 0 0 0 1 0 0 0 0 0 0 1 3 1 3 11 2 2 1 10 1 0 0 14 3 2 1 4 1 3 4 1 0 4 
0 0 0 0 0 0 0 0 0 0 0 0 0 0 0 0 0 0 0 0 0 0 0 0 0 0 0 0 2 0 0 4 1 1 0 0 1 0 4 0 4 0 1 6 0 4 2 0 0 14 0 0 2 0 0 0 1 0 0 0 0 0 0 0 1 1 1 0 0 0 0 0 0 0 0 1 0 0 3 1 0 1 2 2 0 3 0 11 4 0 0 16 0 1 2 6 0 4 3 0 0 1 
4 9 3 0 0 1 7 4 0 1 0 4 0 6 4 9 3 4 0 0 0 0 0 5 0 0 0 3 2 26 4 7 36 4 12 11 34 20 60 17 21 5 66 58 24 66 35 33 6 153 12 4 12 5 0 1 2 4 0 3 0 0 0 3 2 2 0 1 0 0 3 2 2 0 15 5 0 11 25 2 8 18 7 42 11 24 13 143 24 0 0 115 14 32 29 31 6 20 16 6 2 15 
