4 15 35 5 10 28 25 21 31 26 16 31 36 40 39 53 34 18 22 13 10 13 5 24 7 0 1 23 52 2 0 6 14 1 5 4 5 4 25 16 13 1 5 7 8 12 7 6 8 49 2 1 11 4 1 3 2 5 0 3 4 1 0 1 4 8 3 2 2 1 4 1 1 5 2 0 1 2 12 3 4 1 2 5 5 12 5 26 7 0 0 4 0 5 4 4 2 1 1 0 0 15 
8 9 13 14 8 41 29 30 55 29 22 48 50 43 30 48 35 38 36 15 12 16 14 26 19 0 1 26 52 3 2 8 10 5 8 2 5 11 22 16 15 3 8 9 10 19 5 7 13 61 7 3 8 6 5 0 4 3 0 1 2 2 0 3 3 10 7 4 1 2 3 6 1 7 3 2 0 5 24 2 0 0 3 4 1 3 2 26 6 0 0 8 2 4 2 2 0 2 1 1 0 11 
18 14 9 12 9 45 28 39 38 44 15 45 34 61 43 38 39 14 25 15 25 13 8 29 9 0 0 25 76 3 3 7 13 1 7 2 3 1 21 19 12 0 12 9 9 20 7 3 17 45 5 4 7 7 6 0 2 5 0 0 2 0 0 3 2 5 2 3 1 4 3 7 2 4 4 3 1 2 15 3 2 2 2 3 2 6 7 24 3 0 0 9 4 1 2 2 0 1 1 0 0 5 
7 11 10 2 4 22 23 7 14 1 9 13 8 8 16 5 6 4 14 5 11 3 6 8 2 0 2 7 11 1 0 0 2 0 0 0 0 4 7 4 1 0 0 1 2 0 3 0 1 8 1 0 2 0 0 1 0 1 0 1 0 1 0 0 5 3 0 2 0 3 1 0 2 0 2 0 0 1 0 1 0 0 0 0 0 0 0 1 1 0 0 1 0 0 0 1 0 0 0 0 0 0 
9 2 5 5 5 13 4 1 13 7 17 6 17 17 3 29 10 6 7 3 4 4 11 5 3 3 2 7 15 3 1 1 4 0 2 0 1 1 6 2 0 1 2 1 3 1 4 1 3 26 10 4 3 3 0 0 0 1 0 1 0 0 0 2 2 2 0 1 0 0 0 2 2 3 0 0 0 1 2 0 0 0 0 0 0 1 1 5 0 0 0 5 1 0 0 0 1 0 0 1 0 3 
26 43 19 16 13 5 8 11 32 60 29 22 60 42 24 51 37 20 19 19 21 13 4 24 10 2 2 19 40 5 1 4 9 1 2 2 2 9 24 22 11 2 10 9 7 5 6 3 7 31 5 0 10 4 3 0 1 4 0 3 0 2 2 1 5 3 3 5 0 2 2 1 0 0 2 3 2 1 10 1 0 0 0 2 0 2 0 9 5 0 0 11 1 3 1 3 0 2 0 1 0 5 
19 58 31 16 13 25 12 18 35 51 28 39 41 36 42 39 22 15 17 14 10 10 0 13 2 0 1 8 41 9 2 5 17 4 2 3 2 4 12 9 10 1 9 3 1 12 6 2 8 33 4 6 8 8 2 1 0 3 0 1 2 2 1 5 5 2 4 2 2 2 2 5 0 4 2 1 1 1 9 0 0 3 2 1 0 3 1 10 3 0 0 3 0 2 2 1 0 5 1 1 0 1 
21 28 20 11 7 22 21 7 22 21 13 46 34 38 35 62 20 22 19 7 12 6 6 18 3 1 5 14 29 5 1 2 6 0 2 3 1 5 6 21 3 0 7 6 7 3 11 2 2 24 6 13 3 5 1 0 2 5 0 0 1 4 3 6 5 5 4 1 0 4 6 4 0 7 4 3 0 1 12 1 4 1 0 2 2 0 1 11 3 0 0 10 1 1 1 1 0 1 1 0 0 1 
22 54 60 15 19 46 61 16 5 48 12 23 59 59 27 75 28 29 27 18 8 14 7 25 8 2 9 18 38 3 2 2 8 3 5 4 3 5 19 16 12 3 3 5 7 5 4 3 5 36 3 3 6 6 5 0 4 10 0 1 2 0 2 3 0 4 2 1 1 1 2 0 1 1 9 3 2 2 12 1 1 1 0 3 0 0 1 7 2 0 0 8 1 0 0 2 0 2 0 0 0 4 
17 28 24 3 7 3 23 16 7 5 6 12 23 16 26 21 30 21 17 4 6 7 6 16 6 1 3 22 13 4 0 4 7 2 1 0 1 1 10 8 3 0 2 2 5 4 4 3 1 10 8 10 4 2 5 4 2 13 0 2 1 2 1 0 6 9 2 2 1 0 3 5 5 6 6 4 1 3 20 2 0 0 2 2 0 0 0 6 0 0 0 5 1 0 1 2 0 5 0 1 0 6 
13 11 30 2 8 27 28 16 19 7 5 10 16 23 9 42 21 10 12 9 7 9 4 16 6 0 5 19 10 14 2 3 4 0 1 1 4 8 16 29 8 3 2 9 8 6 11 10 4 29 4 1 2 1 1 2 2 5 0 2 0 1 0 3 1 4 1 6 1 1 0 3 1 3 4 1 0 1 5 1 2 0 0 1 2 2 2 0 0 0 0 5 1 2 1 0 0 3 1 1 0 2 
36 53 30 4 7 38 30 34 28 16 16 6 28 31 23 57 40 31 24 22 26 17 18 51 13 0 4 50 27 12 2 6 10 0 0 1 4 7 20 28 8 0 4 8 9 12 2 4 5 24 4 2 6 4 7 3 10 6 0 4 0 0 3 0 6 3 3 3 4 0 3 3 0 1 3 1 3 3 10 0 0 0 0 1 0 1 1 4 1 0 0 4 1 2 1 1 0 1 4 0 0 3 
42 56 52 8 18 72 129 97 125 51 44 68 17 56 60 71 73 65 36 33 43 30 21 60 35 2 2 64 28 12 8 17 15 7 4 0 4 14 18 24 15 2 4 9 8 9 15 7 9 33 8 4 10 9 1 0 6 11 0 20 2 4 7 2 0 4 0 2 0 0 6 1 1 1 6 5 0 3 14 5 0 1 0 2 0 1 1 5 1 0 0 13 4 1 3 4 0 1 2 0 0 6 
74 130 87 13 25 104 136 85 122 104 57 68 62 9 24 95 144 107 112 74 92 92 48 109 58 10 10 153 39 17 0 4 16 0 4 0 0 3 33 12 14 0 9 10 15 12 7 4 12 55 24 13 18 17 4 1 14 23 0 7 5 4 0 1 1 0 0 3 0 0 2 1 2 3 17 9 1 15 67 7 2 0 1 0 0 1 0 4 2 0 0 3 1 0 1 3 0 2 0 0 0 5 
44 89 93 12 19 58 71 49 52 44 21 32 70 14 7 25 58 33 38 41 46 46 46 100 36 5 10 129 25 4 5 7 14 1 5 0 1 3 11 14 12 1 7 3 4 4 7 4 5 21 13 3 10 7 5 0 11 6 0 8 0 0 2 0 1 0 0 0 0 0 1 3 0 1 11 4 0 1 20 1 2 0 0 3 0 1 0 4 4 0 0 11 3 0 0 0 0 1 0 0 0 6 
46 92 52 8 27 58 75 74 91 81 33 67 90 65 21 22 108 106 89 54 149 89 112 220 72 20 15 144 27 45 17 35 42 12 38 20 32 2 30 32 21 8 21 21 18 19 16 14 11 72 17 11 28 20 4 0 5 13 0 7 2 3 4 0 2 1 2 5 0 1 6 2 3 0 8 10 3 6 42 2 0 0 0 0 1 0 1 20 4 0 0 14 2 2 1 4 0 1 1 0 2 8 
27 40 37 11 11 36 37 51 49 57 18 46 81 82 37 70 11 42 61 35 59 54 41 126 40 8 6 81 14 41 22 42 42 17 26 20 22 16 59 43 41 3 18 19 17 33 26 14 14 96 11 6 9 14 5 2 6 17 0 5 2 2 0 2 0 1 1 3 1 0 4 5 0 0 6 5 1 4 24 5 2 0 0 1 0 6 6 23 7 0 0 16 5 4 0 1 0 1 3 0 0 11 
9 16 13 4 4 28 23 27 19 26 11 27 51 53 40 100 55 16 40 25 64 14 38 107 33 7 1 54 8 30 17 37 33 13 11 23 13 10 46 31 32 2 7 19 26 18 18 3 8 61 5 3 10 7 3 0 6 4 0 4 0 2 2 3 1 4 0 0 0 0 0 1 0 0 2 1 1 4 9 5 1 0 1 0 0 6 1 9 9 0 0 8 1 2 0 0 0 1 0 0 0 5 
13 34 21 0 2 24 23 18 24 23 11 29 37 60 27 84 57 33 3 17 69 24 39 77 22 3 5 51 18 21 14 15 25 7 10 11 11 8 30 21 6 1 8 9 12 12 19 5 13 34 3 4 10 4 2 2 5 3 0 1 0 1 0 1 1 2 0 0 0 0 0 1 0 2 0 3 1 4 23 1 0 0 1 0 2 1 0 4 0 0 0 4 0 0 1 1 0 2 1 0 0 2 
9 13 7 1 3 14 14 10 10 11 1 14 36 30 18 47 25 23 16 4 11 6 21 46 20 9 16 71 7 9 2 2 10 2 7 5 5 11 18 10 10 1 1 4 5 3 3 4 6 26 1 0 4 0 0 1 0 3 0 1 0 0 0 0 0 0 0 0 0 0 0 0 0 0 2 2 0 0 12 1 0 0 0 1 0 1 1 4 2 0 0 2 0 0 0 0 1 0 0 0 0 9 
4 8 4 2 4 17 6 10 10 18 8 18 26 40 23 72 47 36 78 4 3 7 29 45 22 23 24 92 2 10 0 4 10 2 10 4 11 10 34 17 6 0 2 5 4 6 5 6 4 19 6 3 9 1 0 0 2 5 0 2 0 0 0 3 1 0 0 0 0 0 0 0 0 0 0 1 0 1 2 5 0 0 0 0 0 4 2 7 5 0 0 3 0 0 0 0 0 0 0 0 0 2 
10 14 13 2 6 11 11 13 21 14 4 28 31 46 23 59 28 21 31 12 12 2 16 22 11 7 8 61 6 3 3 4 6 0 2 9 7 3 23 4 3 0 0 5 4 8 3 5 2 17 5 1 1 1 2 1 0 1 0 0 1 0 0 0 1 0 0 0 0 0 0 0 0 0 1 0 0 2 5 1 2 0 0 1 0 1 0 1 0 0 0 0 0 0 0 0 0 0 0 0 0 0 
9 8 3 1 2 13 14 7 1 5 14 17 22 21 21 45 33 17 38 13 30 10 2 8 9 4 10 76 5 5 1 5 12 2 3 8 5 6 34 4 11 0 1 3 4 3 2 1 0 21 1 1 2 2 1 0 6 4 0 0 1 0 0 2 0 0 0 0 0 0 0 0 0 0 2 2 0 0 5 1 1 0 1 2 0 0 1 3 3 0 0 2 0 0 0 0 0 1 0 0 0 0 
14 14 14 3 4 9 16 13 22 23 12 17 35 42 26 98 78 30 33 25 35 18 25 13 8 30 51 90 4 9 2 5 30 5 9 3 16 14 50 15 13 1 3 4 12 14 8 7 3 76 9 5 5 5 3 2 4 5 0 4 0 0 0 1 0 0 0 0 0 0 1 0 1 0 4 1 1 5 10 2 0 0 1 2 0 3 2 19 0 0 0 2 0 0 1 0 1 0 0 0 0 2 
22 37 22 3 12 22 23 19 19 39 20 30 52 49 39 106 35 28 50 20 37 13 17 21 9 8 39 67 0 24 10 8 58 8 13 15 6 12 32 36 47 2 10 18 30 31 22 31 16 161 30 19 44 6 6 3 2 12 0 1 0 1 0 3 1 0 0 0 0 1 0 0 0 0 13 12 0 4 40 3 3 2 1 2 0 15 4 51 7 0 0 7 1 1 0 1 1 1 1 0 0 2 
0 2 0 0 0 1 0 0 3 1 0 3 5 7 4 12 8 8 6 9 16 10 7 22 4 1 2 19 0 2 1 1 0 3 1 0 1 0 1 0 2 0 2 0 1 0 0 0 0 3 0 0 0 1 0 0 0 1 0 1 1 0 0 0 0 0 0 0 0 0 0 0 0 0 1 1 0 0 2 0 0 0 0 3 0 0 0 1 0 0 0 1 0 0 0 0 0 0 0 0 0 2 
2 4 0 0 0 2 0 0 1 3 0 1 0 2 2 5 7 5 3 5 16 7 8 34 7 1 1 13 0 2 0 0 2 0 2 0 0 2 7 0 4 1 0 0 0 0 0 0 0 0 0 0 0 0 0 0 0 0 0 0 0 0 0 0 0 0 0 0 0 0 0 0 0 0 1 0 0 2 1 0 0 0 0 1 0 0 0 1 0 0 0 0 0 0 0 0 0 0 0 0 0 0 
23 36 19 5 9 35 20 17 18 36 13 59 58 106 78 139 66 49 59 51 89 117 104 137 63 17 80 12 9 6 3 14 26 11 9 8 9 15 47 36 38 5 17 11 25 21 23 15 16 119 12 4 16 10 4 4 3 9 0 2 2 0 1 0 1 2 0 0 0 0 0 1 0 0 17 6 0 7 22 6 6 1 0 2 0 2 9 46 9 0 0 4 2 0 0 1 0 1 2 0 0 6 
79 142 114 25 32 127 71 38 71 45 26 57 56 56 45 61 32 34 53 13 21 19 12 19 6 0 4 11 4 5 3 15 10 1 3 3 6 15 24 46 25 3 20 14 12 24 10 11 8 47 2 6 17 9 2 5 3 12 0 7 4 1 2 5 5 11 6 6 4 1 7 12 2 0 3 3 0 2 26 6 2 3 8 11 2 8 3 11 7 0 0 1 1 1 1 6 0 6 1 0 0 2 
5 5 2 1 0 5 5 1 2 8 7 10 11 2 1 21 39 35 25 6 9 5 1 15 7 2 2 1 3 30 97 146 254 58 120 123 280 147 208 144 103 9 41 52 72 74 41 36 26 206 17 9 13 10 2 2 7 13 0 14 3 3 2 29 27 36 11 10 7 16 8 10 1 0 7 7 1 7 36 5 7 5 7 7 3 10 7 78 8 0 0 28 7 6 8 14 7 14 8 0 2 38 
1 0 0 0 0 0 2 1 1 2 1 2 2 1 0 4 19 11 5 0 1 1 3 6 3 0 0 3 0 113 5 93 119 17 59 33 92 39 87 39 17 3 22 15 27 19 18 7 13 45 3 1 7 3 0 0 2 1 0 4 1 4 3 6 2 16 7 4 6 4 2 11 0 1 2 3 0 1 6 0 1 2 2 1 0 5 2 12 3 0 0 7 3 4 0 8 2 3 3 0 2 7 
1 1 0 0 0 7 2 4 3 5 0 3 10 3 5 15 21 12 14 6 4 3 2 3 4 0 0 7 0 153 123 10 114 42 88 80 205 116 273 108 58 6 35 47 41 40 38 31 25 133 4 5 13 8 0 3 9 12 0 6 1 7 7 13 27 27 8 7 9 6 4 7 0 0 3 8 1 4 10 4 1 1 1 4 1 9 9 40 15 0 0 30 9 7 6 9 0 8 5 3 1 18 
26 15 7 1 3 5 14 8 5 15 5 11 23 4 10 19 50 25 22 8 14 16 11 45 19 1 3 23 5 313 111 111 17 26 82 111 193 174 270 140 150 15 112 85 128 116 101 86 95 587 46 35 52 24 14 8 18 25 0 17 3 3 1 5 9 32 8 10 6 14 21 31 2 11 19 13 1 6 55 6 12 3 4 15 5 23 17 160 20 0 0 41 6 11 11 21 5 9 14 2 0 54 
3 5 2 0 1 4 7 3 0 2 0 1 1 2 1 10 25 9 5 3 2 4 1 10 5 0 0 7 4 102 35 62 49 4 24 21 84 39 114 58 36 10 32 34 29 21 18 21 18 93 11 4 18 4 3 1 4 7 0 3 1 12 0 0 5 16 10 15 4 13 15 21 6 11 10 3 0 3 17 0 4 1 2 1 0 6 6 23 15 0 0 18 4 3 4 9 1 5 2 0 0 5 
4 10 2 0 0 7 6 2 2 4 1 3 4 1 3 7 28 24 18 7 9 7 16 25 4 1 6 7 3 235 78 111 108 33 9 33 114 73 134 114 64 7 41 62 42 67 33 20 28 194 9 5 14 9 4 0 7 9 0 3 2 20 12 8 8 15 11 10 11 6 28 30 14 4 3 3 0 2 26 6 1 0 5 1 0 14 7 23 10 0 0 39 10 11 5 17 1 1 8 3 1 13 
6 3 1 0 3 1 6 3 3 1 0 2 2 0 2 25 20 10 10 14 5 2 8 14 4 0 4 3 8 197 77 108 117 37 29 4 128 66 131 101 52 7 29 27 50 66 41 30 27 160 6 8 7 9 1 1 6 2 0 3 4 3 4 9 9 20 4 4 3 2 2 16 8 3 5 4 0 7 16 1 2 0 1 0 0 5 0 27 6 0 0 28 6 4 3 9 4 3 5 0 1 18 
5 12 19 3 4 5 8 5 4 2 3 6 8 2 0 35 22 32 29 10 18 16 14 56 22 6 5 42 4 592 206 361 405 136 217 209 30 212 570 435 195 76 126 211 197 206 140 78 97 525 20 12 29 36 9 5 19 10 0 1 3 9 8 41 28 37 19 39 15 12 48 36 17 17 14 2 2 1 26 5 0 5 2 8 4 29 21 107 60 0 0 130 32 33 16 41 8 28 21 8 8 67 
6 17 11 0 1 16 6 12 11 7 5 25 12 16 1 5 21 10 8 12 7 13 4 13 13 4 1 34 5 203 71 153 151 47 63 63 131 18 125 205 128 25 101 86 80 98 83 49 46 300 7 7 18 3 5 1 5 5 0 1 1 6 7 8 17 9 11 4 3 3 13 21 4 4 3 3 0 3 7 0 0 2 5 3 1 20 16 63 20 0 0 46 8 12 7 10 3 7 10 2 3 38 
39 42 23 4 17 27 48 37 46 38 26 37 33 29 14 21 46 53 27 33 67 31 31 101 43 7 22 103 14 384 113 298 292 135 156 136 377 146 29 510 307 39 151 185 144 171 142 100 68 581 12 10 37 9 6 2 11 14 0 8 2 11 11 35 26 35 13 18 7 6 33 24 11 9 22 14 2 15 61 6 6 4 6 15 6 39 24 169 40 0 0 134 27 28 25 41 7 19 16 10 9 93 
15 16 26 2 3 11 24 18 13 22 10 9 23 15 12 13 43 15 20 10 9 15 5 29 11 4 1 17 5 103 28 87 170 49 92 71 232 131 321 25 45 31 57 108 71 129 82 59 51 309 6 5 17 6 5 3 5 8 0 0 0 19 1 10 18 11 2 5 2 1 6 14 2 4 15 6 0 4 22 5 11 0 7 15 15 11 4 33 32 0 0 40 3 12 5 18 0 7 3 6 0 20 
23 18 11 1 2 13 13 10 13 13 6 6 18 9 1 20 42 19 10 12 14 9 5 38 11 1 1 37 7 84 33 63 110 38 47 46 123 96 240 57 7 25 38 77 64 90 63 58 52 280 7 1 8 4 3 0 5 6 0 0 0 3 0 15 13 11 3 4 2 0 7 5 3 1 7 4 0 4 11 5 8 5 5 12 5 17 16 25 15 0 0 57 16 11 12 15 2 8 7 2 0 41 
2 1 2 0 0 1 0 2 3 0 3 0 4 0 2 2 4 0 4 2 1 0 2 0 0 0 0 5 2 8 9 5 18 7 9 7 31 15 25 25 7 3 21 48 31 14 25 10 11 35 0 1 3 2 0 0 1 0 0 0 0 1 0 1 1 2 0 2 0 0 1 0 0 0 1 1 0 2 1 2 1 3 2 8 7 5 1 14 4 0 0 6 12 8 2 3 1 0 1 0 0 2 
12 5 7 0 0 8 21 6 6 5 4 8 8 9 7 15 24 19 8 6 9 7 3 14 6 0 0 18 4 79 28 65 120 38 49 33 97 88 115 99 71 26 37 95 60 102 67 63 66 259 2 7 11 9 1 1 6 5 0 5 1 4 9 5 12 6 6 5 6 6 13 5 2 3 23 3 1 5 35 23 28 10 14 60 38 77 42 156 67 0 0 92 24 38 28 69 13 48 30 10 4 105 
14 21 9 2 1 5 11 6 8 10 2 10 7 10 2 10 26 29 17 9 14 9 9 32 7 0 0 24 5 71 41 60 105 28 61 45 140 113 200 175 79 36 93 28 139 279 132 122 142 431 27 10 21 15 5 4 6 15 0 7 1 9 3 6 7 8 6 7 2 4 11 6 1 2 19 11 1 23 82 28 33 30 34 87 59 121 77 218 104 0 0 207 46 79 45 110 25 61 47 13 11 130 
12 11 16 0 1 9 8 7 10 2 3 6 11 6 4 19 27 17 8 4 4 4 10 28 14 0 1 32 4 62 22 63 102 21 53 30 105 85 129 116 60 27 78 167 13 170 129 114 119 427 6 7 13 6 1 2 0 6 0 0 0 0 1 3 9 12 6 7 1 4 1 10 1 2 8 2 1 12 26 5 13 4 3 22 21 39 28 81 32 0 0 83 24 37 16 53 14 33 31 8 8 50 
10 21 5 0 3 8 18 15 20 17 9 18 17 9 5 16 34 26 18 16 7 9 9 35 13 1 2 40 8 85 35 83 227 44 57 45 148 132 234 215 158 45 112 329 244 32 224 307 222 919 12 8 33 24 4 4 10 17 0 6 4 3 3 7 13 19 5 10 4 6 13 12 7 6 17 10 2 20 48 21 21 32 24 77 37 85 61 184 38 0 0 171 37 50 38 48 13 51 51 18 12 118 
12 14 10 4 3 11 16 14 11 8 8 9 14 5 5 11 35 18 27 12 13 13 5 33 9 1 1 26 5 83 15 74 151 27 42 32 108 72 154 142 99 19 48 143 112 175 17 154 150 448 9 6 18 9 2 1 3 8 0 2 0 2 1 3 9 10 9 4 1 1 5 10 1 5 28 11 2 8 26 15 13 5 12 26 19 35 33 138 20 0 0 81 15 37 23 21 5 30 32 11 3 70 
8 10 8 1 0 3 5 2 2 3 6 2 5 9 3 4 10 6 6 3 4 2 2 18 7 0 0 11 1 31 17 10 76 12 24 11 48 22 59 58 41 7 36 75 83 159 127 15 76 394 9 4 15 4 0 0 4 2 0 1 1 1 0 0 11 2 2 3 1 1 5 3 1 0 6 1 0 4 17 2 3 1 5 10 7 16 19 77 10 0 0 49 7 17 9 11 3 14 20 2 3 32 
15 11 0 0 1 2 2 10 5 1 0 6 6 3 3 5 9 5 7 2 4 2 1 10 6 0 0 7 0 33 10 15 75 12 16 14 41 26 72 49 34 4 34 71 53 134 103 133 16 373 3 1 9 2 1 1 2 3 0 0 0 2 0 2 4 8 1 5 1 2 6 4 4 2 12 9 1 0 9 3 5 9 6 15 9 14 9 54 7 0 0 65 3 11 10 13 0 21 12 7 2 56 
47 67 53 8 18 42 36 27 44 39 20 41 47 23 12 31 61 53 46 24 32 29 29 134 65 1 3 88 16 256 85 157 678 80 120 97 295 264 476 330 277 35 151 400 241 506 292 466 393 56 53 36 86 19 18 11 14 19 0 9 4 15 6 26 30 34 11 25 8 8 34 14 11 7 51 34 7 33 110 49 46 31 46 121 55 98 69 468 70 0 0 245 46 121 61 85 16 91 96 12 15 272 
9 5 5 0 5 4 8 6 7 12 6 9 8 13 12 13 13 11 5 3 3 4 4 11 10 2 0 18 3 16 9 12 55 12 10 1 2 1 11 10 4 0 7 18 6 10 10 9 8 66 4 8 32 17 21 6 24 31 0 33 11 2 4 22 21 30 7 13 3 21 14 13 14 21 17 11 0 10 101 13 17 7 5 33 10 18 6 45 10 0 0 7 4 8 3 5 0 8 4 0 1 15 
4 7 0 0 0 2 1 5 3 4 1 0 7 6 10 5 6 4 2 0 0 0 3 5 5 0 0 7 1 7 2 2 36 1 6 4 4 3 12 1 1 0 6 17 5 6 8 4 2 22 11 2 39 25 13 5 9 17 0 25 7 2 2 16 7 6 3 16 1 11 3 4 2 11 1 3 2 8 61 3 4 1 3 9 6 7 6 9 9 0 0 5 1 2 1 2 0 6 3 2 0 4 
8 15 11 0 2 8 17 9 4 5 5 8 12 8 17 24 9 3 10 6 1 0 3 18 6 1 2 19 7 26 8 14 60 13 14 9 9 6 31 16 4 0 8 17 10 11 15 9 17 66 36 36 6 45 14 4 17 31 0 26 9 5 12 16 29 33 13 23 6 32 16 14 12 18 11 11 2 12 131 11 10 3 1 22 10 13 9 65 12 0 0 14 3 10 12 8 1 15 8 4 1 32 
3 6 4 0 3 2 3 4 6 7 2 6 8 6 11 10 13 5 7 0 4 1 0 5 2 0 3 2 4 8 4 8 16 12 5 2 5 1 6 3 0 1 9 13 4 8 10 3 1 14 11 35 41 4 7 3 13 15 0 17 7 2 2 13 12 15 4 15 1 10 3 5 3 4 5 2 2 17 59 6 5 2 2 8 11 12 3 13 10 0 0 7 4 3 4 3 0 8 1 0 0 7 
1 4 3 4 0 3 2 4 4 4 2 2 1 9 5 6 2 2 3 0 1 1 1 3 3 0 0 2 2 7 0 0 12 1 2 1 1 1 2 3 5 0 7 1 3 7 2 3 1 9 11 7 17 15 1 5 9 13 0 13 4 2 0 3 9 11 2 5 3 4 3 5 4 6 3 2 1 7 34 1 5 1 2 6 1 1 2 10 6 0 0 0 0 2 3 1 0 4 1 0 1 0 
2 3 0 0 0 0 0 0 3 1 1 4 2 0 1 3 4 1 1 6 5 0 5 1 3 0 0 1 2 2 2 3 4 1 3 2 0 1 3 0 0 1 3 2 3 3 2 2 2 6 8 2 5 2 3 1 12 18 0 16 5 0 2 6 9 5 2 5 0 11 8 2 3 5 0 1 0 8 27 2 1 0 1 4 3 5 4 5 1 0 0 2 1 8 3 2 0 1 0 0 0 3 
4 0 4 0 1 1 1 4 2 3 3 2 7 2 3 11 4 5 5 0 0 0 1 14 4 0 0 6 0 5 2 4 20 3 3 0 4 4 8 1 1 2 4 8 1 6 4 3 3 20 10 14 18 18 9 12 3 7 0 12 3 3 1 12 7 13 8 9 0 10 9 11 3 5 14 3 1 13 58 0 4 0 3 21 12 12 3 18 5 0 0 6 0 2 6 1 1 4 4 0 2 8 
5 14 17 0 15 7 3 7 12 16 1 8 9 13 5 13 29 6 5 2 0 0 1 5 6 1 0 9 4 10 8 12 24 7 16 2 6 3 12 6 2 0 3 12 3 3 7 6 3 18 24 15 36 29 13 16 10 8 0 40 7 2 6 15 14 17 4 9 4 9 7 15 5 4 35 17 2 22 115 21 21 2 10 67 12 7 3 22 4 0 0 8 1 11 5 6 1 7 3 0 1 10 
0 0 0 0 0 0 0 0 0 0 0 0 0 0 0 0 0 0 0 0 0 0 0 0 0 0 0 0 0 0 0 0 0 0 0 0 0 0 0 0 0 0 0 0 0 0 0 0 0 0 0 0 0 0 0 0 0 0 0 0 0 0 0 0 0 0 0 0 0 0 0 0 0 0 0 0 0 0 0 0 0 0 0 0 0 0 0 0 0 0 0 0 0 0 0 0 0 0 0 0 0 0 
8 17 13 3 1 7 7 4 4 5 0 7 16 19 23 25 17 14 7 14 11 4 6 16 11 1 3 11 7 16 4 17 20 8 3 4 5 2 22 3 5 1 6 1 4 6 5 1 5 42 32 20 46 49 12 15 15 34 0 1 3 3 9 24 28 42 17 18 4 9 21 19 16 13 16 12 4 10 44 4 9 2 9 21 3 3 3 15 13 0 0 10 1 21 1 2 0 2 4 2 0 4 
2 0 2 10 1 0 2 0 0 0 0 0 4 4 0 2 1 4 1 0 2 1 2 0 2 1 0 3 1 4 1 4 6 3 0 1 0 4 7 5 1 0 2 5 3 1 5 2 5 11 5 5 7 17 0 2 6 15 0 6 2 3 15 6 14 21 11 24 6 19 17 13 10 6 3 3 0 2 23 2 12 1 1 3 1 3 3 10 4 0 0 2 0 0 0 1 2 0 1 0 0 8 
0 1 7 1 0 2 11 5 1 1 3 2 3 3 6 5 5 4 2 2 0 0 0 2 4 0 0 0 2 19 4 4 13 10 14 13 11 8 34 17 4 1 9 9 6 9 10 1 6 16 2 2 11 6 0 1 2 8 0 15 3 4 0 12 20 21 4 15 3 32 7 18 8 13 5 1 0 4 19 2 2 4 5 5 2 10 2 5 7 0 0 6 2 2 5 1 0 0 3 0 0 1 
2 3 1 0 0 1 1 0 0 1 0 2 0 0 2 0 2 1 1 0 0 0 0 0 0 0 0 0 1 2 1 0 6 2 0 3 5 0 4 1 0 0 4 1 1 1 0 0 3 5 3 2 3 0 4 1 1 8 0 4 4 2 2 6 9 16 7 3 3 7 10 3 8 0 4 3 0 1 6 3 0 0 1 2 1 4 1 3 3 0 0 0 0 0 0 0 0 0 0 0 0 0 
7 9 3 1 1 4 4 6 6 4 1 4 3 2 1 1 2 4 1 1 0 0 0 2 1 0 0 3 2 21 4 9 8 0 9 9 14 10 19 9 11 1 4 2 8 4 2 7 8 26 18 13 19 16 7 3 15 12 0 5 4 10 3 4 5 58 12 10 6 12 19 26 11 9 12 2 1 2 37 6 4 2 2 1 2 0 1 7 1 0 0 7 1 1 0 0 0 2 0 0 1 2 
5 9 8 1 0 9 19 10 5 2 2 4 2 0 0 0 4 1 0 0 0 0 0 2 0 0 0 1 1 45 18 24 24 9 6 7 27 19 16 27 10 2 11 9 13 8 5 7 13 38 10 13 19 15 7 3 12 19 0 24 16 11 12 8 7 48 32 25 20 39 60 53 24 13 8 4 0 8 28 9 10 1 4 8 8 6 4 14 11 0 0 5 0 1 0 1 0 0 0 0 0 3 
8 13 10 1 3 12 12 6 4 4 2 4 3 4 0 1 2 1 1 0 1 0 0 1 0 0 1 4 11 61 48 47 46 28 19 17 39 8 45 19 8 1 14 12 11 16 14 7 9 70 24 18 44 20 11 2 21 24 0 46 21 25 17 36 48 16 23 45 34 57 80 105 35 44 19 22 4 11 84 10 9 8 3 16 2 8 2 16 7 0 0 10 1 1 1 2 0 2 1 0 0 3 
3 5 2 1 1 4 9 4 0 0 3 3 0 0 1 0 0 0 1 0 0 0 0 0 0 0 0 0 3 7 14 11 16 4 1 5 17 7 10 4 1 0 5 2 9 6 4 2 5 18 2 3 8 9 3 0 3 1 0 13 4 4 3 8 21 11 2 2 11 27 31 52 20 7 2 0 0 3 13 4 1 1 5 1 0 3 5 3 0 0 0 2 0 0 0 0 0 0 0 0 0 1 
0 3 5 2 0 2 7 14 0 7 2 1 0 0 1 2 1 0 0 0 0 0 0 2 1 0 0 0 5 15 4 8 9 11 5 11 16 14 10 4 1 0 3 7 7 9 6 7 6 15 6 18 11 13 6 4 8 8 0 10 5 5 7 7 15 31 9 8 12 15 34 43 14 10 12 3 1 2 44 0 5 1 2 3 3 4 0 6 1 0 0 1 0 0 0 0 0 0 1 0 0 2 
0 0 0 0 0 0 3 2 2 0 1 6 2 0 1 2 1 0 0 0 0 0 0 0 0 0 0 0 1 15 3 4 7 0 1 4 7 6 19 1 3 0 0 0 5 5 3 2 0 15 2 3 9 4 0 1 2 2 0 2 3 1 3 6 16 32 9 7 1 13 20 29 8 7 2 6 0 5 22 2 0 2 1 1 2 1 4 3 1 0 0 5 0 0 1 2 0 0 0 0 0 0 
2 2 1 1 1 3 5 2 2 2 2 1 4 1 0 1 1 0 0 0 0 0 0 0 0 0 0 0 2 12 4 8 17 11 15 6 11 6 17 5 4 0 1 1 2 1 3 3 0 19 11 2 20 9 1 3 3 10 0 20 6 6 11 17 28 59 37 31 24 1 31 60 16 35 0 0 1 3 38 9 5 1 4 3 1 1 0 5 1 0 0 2 0 0 0 0 0 0 0 0 0 0 
2 4 3 1 0 2 0 1 2 1 1 3 1 0 0 1 1 0 0 0 0 0 0 0 0 0 0 0 2 7 1 3 20 10 10 6 19 15 25 4 7 0 1 2 2 6 3 3 1 17 4 0 10 6 3 2 5 2 0 11 3 4 6 13 12 46 23 48 9 22 3 38 12 18 0 6 1 3 28 4 11 1 3 2 4 4 0 3 1 0 0 4 3 0 0 0 1 0 0 0 0 4 
4 6 4 0 0 2 2 5 3 3 0 2 1 1 0 0 0 0 0 0 1 0 0 0 0 0 0 0 2 5 7 1 24 13 19 7 23 6 16 15 10 3 1 4 9 6 8 4 3 14 8 6 9 4 2 3 5 3 0 12 7 5 5 10 25 69 29 44 27 40 51 5 23 32 4 2 0 5 16 3 3 2 6 2 3 4 2 10 1 0 0 4 0 0 0 1 0 1 1 0 1 2 
7 5 7 1 1 1 6 9 3 8 4 4 6 1 3 1 1 0 1 0 0 0 0 1 0 0 0 1 2 13 3 14 14 22 8 17 13 12 28 15 6 0 6 7 6 14 17 3 7 40 26 12 37 21 6 3 10 11 0 15 11 2 5 18 72 71 30 32 11 53 39 64 9 26 16 4 1 8 43 3 13 6 3 6 6 4 1 17 1 0 0 12 4 1 3 3 0 1 2 0 0 4 
1 9 1 3 0 2 14 2 1 3 1 2 0 2 1 2 3 1 0 0 0 0 0 0 1 0 0 1 2 0 4 4 6 9 15 10 17 8 27 20 5 0 8 13 13 12 13 5 6 52 19 7 25 14 9 4 7 16 0 17 6 2 6 17 22 48 11 52 8 61 42 56 6 4 8 5 3 2 58 2 3 3 7 12 3 9 6 22 3 0 0 7 1 6 0 2 1 2 0 0 0 13 
3 0 0 0 0 0 5 2 0 1 3 2 5 5 2 2 3 3 2 0 0 0 0 5 2 0 0 7 0 12 0 6 19 6 6 2 3 2 7 5 1 1 14 6 6 5 10 5 14 33 3 5 17 4 3 0 8 4 0 9 2 1 2 6 10 9 1 6 0 5 6 1 7 4 2 3 0 15 95 21 8 13 18 49 6 20 5 57 7 0 0 11 3 6 6 4 1 9 3 2 3 14 
2 3 1 0 0 1 3 2 2 6 3 2 3 4 2 10 4 6 1 1 0 1 0 9 5 0 0 5 0 3 7 8 9 4 0 2 4 0 4 7 7 1 7 19 5 13 12 1 5 38 3 2 5 3 5 1 4 10 0 10 0 1 4 6 23 13 1 2 2 1 0 3 1 1 5 3 8 18 96 37 12 6 17 41 13 18 4 44 15 0 0 7 5 6 5 9 1 4 4 3 2 12 
0 1 0 0 0 0 2 0 0 0 0 1 0 1 0 2 1 0 0 0 0 5 0 2 0 0 0 3 0 3 1 1 1 0 1 1 1 1 0 0 2 0 1 2 3 3 0 2 1 5 2 0 4 6 2 1 1 6 0 1 0 2 0 3 1 5 0 0 1 0 1 0 0 0 2 24 0 5 39 8 8 2 2 26 15 2 3 10 2 0 0 0 0 2 0 5 0 0 1 0 0 2 
5 1 1 4 0 15 7 24 4 3 2 0 2 3 1 3 7 6 4 1 1 1 3 0 0 0 0 5 2 7 10 6 9 3 4 4 3 0 4 6 10 0 13 26 12 11 9 3 6 28 26 14 62 40 32 15 15 34 0 8 8 1 2 24 31 11 10 11 0 3 11 12 9 1 45 38 15 7 97 72 60 25 59 175 66 56 18 48 42 0 0 13 7 15 7 20 2 15 22 4 0 8 
4 16 17 6 6 15 17 10 15 8 6 12 10 27 15 27 30 9 8 5 4 2 9 15 10 0 2 12 11 44 9 35 52 19 14 13 11 6 25 16 12 4 26 34 20 27 20 12 25 89 110 70 157 79 53 36 65 115 0 50 20 21 9 32 37 43 9 31 11 24 19 26 22 23 305 215 66 89 11 82 103 37 103 206 61 54 19 91 30 0 0 38 11 26 12 23 2 20 22 4 1 26 
2 2 3 0 0 2 2 1 1 2 1 1 2 2 0 3 2 4 4 0 0 1 0 8 1 0 0 1 4 5 2 5 9 3 0 1 2 0 1 1 1 2 12 16 9 16 6 7 1 35 5 4 9 5 6 5 9 24 0 8 5 4 3 5 12 14 0 3 2 4 2 3 5 3 28 38 7 25 83 9 27 12 24 125 45 21 10 44 15 0 0 18 6 12 8 11 1 7 10 7 4 10 
2 1 0 1 0 0 1 2 1 1 0 0 0 2 3 2 3 2 2 1 0 1 2 3 1 0 0 0 0 6 2 2 8 0 0 1 2 2 2 4 5 5 13 14 1 8 5 7 4 32 6 8 6 6 1 0 5 16 0 3 1 9 2 3 4 10 1 1 3 4 4 5 3 4 31 26 8 9 73 14 5 9 12 89 39 20 11 40 6 0 0 26 8 13 9 9 1 3 2 3 0 13 
5 4 1 1 3 1 1 2 0 1 1 1 0 1 0 0 0 0 0 1 0 0 0 2 3 0 0 4 1 16 2 10 9 2 1 1 1 1 5 2 12 4 11 24 8 20 16 10 4 57 4 0 6 2 1 2 0 6 0 5 1 15 1 1 4 2 2 0 4 0 6 5 1 2 13 12 3 11 33 17 9 5 9 49 25 16 11 56 18 0 0 26 6 12 8 18 3 32 21 5 0 21 
2 0 1 0 0 2 2 1 2 4 0 0 0 0 1 1 0 0 0 2 0 0 0 0 1 0 0 2 1 4 1 3 4 1 2 3 0 0 6 6 0 2 11 13 8 7 1 5 4 17 2 2 9 6 3 5 2 6 0 2 0 0 0 1 6 0 0 4 0 1 2 10 1 3 6 16 7 11 31 12 12 7 6 80 27 14 7 47 8 0 0 20 2 12 7 2 2 12 8 1 6 13 
4 8 6 1 0 7 6 1 6 7 0 1 0 0 0 0 1 0 1 1 3 0 0 1 5 0 0 4 2 11 3 5 13 1 2 2 5 5 25 14 8 4 51 68 24 53 37 28 22 131 24 22 42 28 11 13 38 48 0 16 1 3 2 5 2 10 5 4 1 6 10 9 5 9 120 67 19 74 247 124 113 36 155 20 136 102 35 185 42 0 0 93 17 38 22 33 17 36 30 4 6 60 
0 3 2 0 0 0 5 2 0 1 0 0 0 0 0 0 4 0 0 0 0 0 0 2 1 0 0 2 1 3 1 3 8 4 1 1 0 1 8 9 3 0 24 19 8 15 6 7 9 34 4 5 11 11 9 1 12 12 0 5 2 5 4 0 1 5 2 1 0 3 0 6 2 1 14 9 1 8 45 50 54 9 80 111 5 36 35 89 16 0 0 55 9 16 8 16 4 20 16 0 1 20 
4 7 5 0 0 6 7 1 4 4 1 0 1 2 0 2 4 2 7 2 2 4 2 11 3 0 0 5 0 17 6 18 40 2 11 7 23 24 35 10 15 7 64 129 28 51 40 34 25 146 27 9 17 11 3 0 4 11 0 11 4 1 1 2 4 3 0 14 2 2 3 11 0 2 25 31 8 22 45 31 46 20 27 96 38 12 21 116 63 0 0 119 30 53 28 29 14 42 19 5 2 55 
4 3 6 0 5 5 3 2 3 2 2 1 0 0 1 2 6 3 0 1 1 0 1 8 3 0 0 7 1 12 1 10 26 3 6 3 12 6 24 9 7 7 33 60 17 37 13 29 13 83 8 5 24 4 1 2 6 4 0 7 2 6 3 0 3 4 1 4 0 2 5 3 1 0 16 5 1 16 31 22 11 13 12 56 23 30 7 75 23 0 0 66 11 29 26 31 4 22 19 3 4 49 
22 26 14 3 3 4 16 3 9 11 3 2 9 2 3 5 13 9 8 3 13 5 3 45 13 2 0 45 0 75 25 40 201 16 22 21 47 55 129 37 36 19 78 126 65 138 85 95 110 573 40 19 49 18 8 4 12 27 0 9 2 3 3 7 11 13 1 8 0 5 4 8 6 11 50 39 5 34 88 43 42 33 36 126 44 63 24 20 30 0 0 161 25 51 38 94 12 59 71 13 11 260 
3 3 0 0 2 3 4 1 0 2 0 2 0 1 2 0 4 9 1 3 1 0 1 9 2 0 1 4 1 29 14 15 21 5 13 5 22 21 38 19 12 10 37 65 17 33 19 9 17 91 9 9 8 6 0 4 4 5 0 3 3 1 0 3 6 2 2 1 1 1 2 5 0 3 13 12 0 15 28 13 13 12 14 40 21 54 28 51 5 0 0 65 15 26 21 32 4 17 13 2 1 42 
0 0 0 0 0 0 0 0 0 0 0 0 0 0 0 0 0 0 0 0 0 0 0 0 0 0 0 0 0 0 0 0 0 0 0 0 0 0 0 0 0 0 0 0 0 0 0 0 0 0 0 0 0 0 0 0 0 0 0 0 0 0 0 0 0 0 0 0 0 0 0 0 0 0 0 0 0 0 0 0 0 1 0 0 1 1 0 0 0 0 0 0 0 0 0 0 0 0 0 0 0 0 
0 0 0 0 0 0 0 0 0 0 0 0 0 0 0 0 0 0 0 0 0 0 0 0 0 0 0 0 0 0 0 0 0 0 0 0 0 0 0 0 0 0 0 0 0 0 0 0 0 0 0 0 0 0 0 0 0 0 0 0 0 0 0 0 0 0 0 0 0 0 0 0 0 0 0 0 0 0 0 0 0 0 0 0 0 0 0 0 0 0 0 0 0 0 0 0 0 0 0 0 0 0 
7 11 6 1 4 5 15 7 9 1 3 3 16 5 10 10 24 16 8 0 6 8 3 7 3 0 1 20 5 59 23 49 75 40 37 28 121 96 214 62 70 12 97 203 85 155 83 79 120 400 13 14 25 12 2 5 6 10 0 7 3 9 1 4 9 9 0 5 1 1 9 6 0 1 19 6 3 11 73 31 45 28 42 85 55 117 76 249 85 0 0 10 63 98 38 152 14 108 62 31 13 152 
2 1 3 0 1 3 1 1 3 3 0 1 3 0 1 0 3 3 0 0 1 0 0 1 0 0 0 3 0 6 0 11 17 3 14 2 26 13 31 14 7 14 25 68 17 26 24 23 13 47 1 6 2 2 0 0 0 5 0 2 0 1 0 2 3 1 0 0 0 1 0 0 1 0 6 5 0 6 16 14 8 9 10 24 12 24 14 46 14 0 0 90 3 7 11 25 7 18 13 2 5 26 
1 4 2 0 1 0 1 1 0 2 1 1 2 1 1 1 2 2 0 0 0 0 0 0 0 0 0 2 0 10 5 7 16 7 5 5 10 8 23 15 13 3 37 55 27 20 9 14 23 75 4 3 4 7 3 0 5 3 0 1 0 1 0 3 2 0 0 0 0 1 1 0 1 0 10 6 3 8 26 2 20 13 19 38 13 33 11 64 27 0 0 71 21 15 1 49 3 7 12 10 2 55 
1 3 0 0 1 0 0 4 1 1 1 0 1 1 0 2 4 0 1 0 0 0 0 3 1 0 0 0 0 12 2 6 12 5 6 6 13 4 22 11 7 2 27 33 27 32 16 23 21 60 2 0 5 3 4 2 2 0 0 2 3 1 0 2 1 1 0 0 0 0 0 0 0 0 14 5 0 7 17 7 10 5 11 31 18 20 20 61 17 0 0 34 13 8 3 18 0 9 9 4 3 40 
2 4 1 0 0 1 3 1 2 2 0 2 4 0 0 1 2 0 0 0 4 0 0 1 0 0 0 6 1 10 3 9 31 8 9 5 27 13 30 15 6 7 29 83 18 20 17 6 11 54 3 3 7 1 2 1 1 10 0 5 0 1 1 1 1 1 0 0 0 0 0 2 0 0 10 4 7 1 13 3 16 6 6 32 11 22 8 64 21 0 0 85 20 15 8 1 3 25 14 2 5 55 
0 0 0 0 0 0 2 0 1 0 0 0 0 0 0 0 0 0 0 0 0 0 0 0 0 0 0 0 0 1 0 1 1 2 1 0 2 1 9 3 3 0 1 4 3 7 2 2 2 15 0 1 1 0 0 0 0 0 0 0 0 0 0 0 1 0 0 0 0 0 0 0 0 1 0 0 0 1 3 3 2 0 1 4 2 2 1 25 4 0 0 11 0 2 4 9 1 2 1 0 0 8 
0 4 0 0 0 0 0 0 3 1 0 1 1 0 1 1 0 0 0 0 0 0 0 0 0 0 0 1 0 7 1 2 8 6 2 2 7 6 8 2 1 3 19 22 13 25 15 8 11 53 4 0 3 0 0 1 2 1 0 3 0 0 0 1 1 0 0 0 0 0 0 0 0 0 14 7 1 3 9 11 10 4 8 17 19 16 11 35 13 0 0 38 4 10 8 18 1 5 4 1 0 39 
0 11 2 0 4 0 0 0 0 2 0 1 1 0 1 0 1 0 0 0 1 0 0 1 0 0 0 3 0 3 1 4 10 4 6 2 17 11 21 10 6 2 30 26 13 36 12 16 11 63 2 0 5 4 1 1 1 6 0 1 0 1 1 2 0 0 0 0 0 0 0 3 1 0 8 0 0 4 25 5 11 7 10 28 22 16 6 62 30 0 0 48 7 9 5 18 1 13 0 1 1 31 
0 0 0 0 0 0 0 0 0 2 0 0 0 0 0 0 0 1 0 0 0 0 0 0 0 0 0 0 0 2 0 1 2 0 1 0 2 1 5 2 4 0 5 4 4 6 3 3 4 5 0 0 1 0 0 0 0 2 0 0 0 1 0 0 0 0 0 0 0 0 0 0 0 0 1 0 0 1 1 4 2 2 2 3 2 10 8 8 3 0 0 8 3 2 2 3 0 4 3 0 0 5 
0 1 0 1 0 0 0 0 0 0 0 1 0 0 0 0 0 0 0 0 0 0 0 0 0 0 0 1 0 2 2 3 4 0 1 0 0 2 0 1 0 0 5 9 1 3 0 2 2 11 1 1 1 2 0 0 0 8 0 1 0 0 0 0 0 0 0 0 0 0 0 0 0 0 0 1 0 0 3 0 2 2 2 4 3 2 1 12 3 0 0 10 3 5 0 11 0 0 1 2 1 2 
15 13 6 1 1 1 11 3 3 2 2 9 7 2 1 4 7 3 1 1 1 0 3 6 1 1 0 7 1 33 7 18 49 9 18 9 28 44 63 22 27 8 114 66 54 79 50 49 39 272 14 9 22 14 2 3 8 13 0 10 1 2 0 3 2 4 2 1 1 1 2 1 1 2 22 9 1 8 26 17 19 16 23 58 32 55 33 269 57 0 0 113 28 61 56 69 5 44 22 10 1 13 
