11 11 38 8 9 21 51 29 41 15 11 48 62 135 83 80 59 24 26 8 8 16 4 37 16 1 1 29 80 3 0 1 29 1 4 1 9 2 50 20 12 3 14 12 7 11 5 5 4 52 5 4 11 9 2 0 0 7 0 2 0 0 0 4 8 17 8 1 0 1 2 3 4 5 2 1 0 0 15 4 3 2 0 1 1 4 3 27 0 0 0 8 1 0 3 0 0 0 2 0 0 15 
9 18 23 11 9 26 49 31 41 18 10 42 70 171 65 98 51 48 42 11 9 11 7 32 13 3 0 31 120 1 2 4 16 3 8 1 14 11 40 22 16 5 6 16 16 11 19 4 5 62 4 7 10 0 2 5 4 9 0 1 2 0 2 2 5 18 6 3 3 1 4 0 2 1 1 0 0 0 19 1 1 8 2 5 0 14 9 20 4 0 0 7 2 2 7 4 1 1 8 1 0 12 
32 16 20 21 11 37 40 44 65 32 20 40 78 146 69 63 68 33 26 12 1 19 2 32 9 1 1 24 386 6 3 5 12 1 7 0 6 3 32 18 24 1 7 5 14 14 12 2 2 39 5 1 10 6 0 1 2 2 0 0 2 15 0 6 7 12 4 5 2 1 1 5 6 4 2 0 0 4 15 0 0 3 1 5 2 4 5 16 3 0 0 12 2 2 4 4 0 0 2 0 1 13 
6 18 26 3 7 16 16 8 12 8 2 19 11 17 20 11 8 5 6 3 0 2 3 11 4 0 0 9 53 0 0 1 4 1 0 0 0 1 7 4 3 0 1 2 5 2 7 0 1 9 0 0 0 1 1 3 1 0 0 1 0 0 0 1 1 1 0 0 0 0 0 1 1 0 0 2 0 1 6 0 0 0 0 4 0 1 0 4 0 0 0 0 0 0 0 1 0 0 0 0 0 2 
18 11 6 1 3 12 11 10 18 13 15 21 20 27 16 42 26 15 8 3 6 4 3 13 6 0 0 14 34 2 0 2 2 0 2 0 2 3 11 9 8 0 5 6 4 2 5 1 3 24 3 2 6 1 1 1 0 1 0 0 6 2 0 2 0 3 2 0 0 1 0 1 1 5 2 0 0 0 10 0 0 0 0 3 0 0 0 8 0 0 0 3 1 2 0 0 0 1 3 0 0 4 
31 45 40 17 18 10 26 31 24 28 21 31 71 137 64 95 70 50 48 12 13 15 7 43 19 1 3 18 113 7 2 3 1 2 2 0 1 6 70 20 8 2 17 12 7 16 13 3 2 33 8 6 7 11 5 2 3 5 0 1 1 3 2 6 7 16 2 1 1 2 4 5 16 3 1 0 0 3 12 1 0 0 1 4 0 0 0 21 3 0 0 11 3 1 1 0 1 3 1 0 0 5 
40 48 54 9 6 17 11 38 38 10 16 28 64 89 55 78 42 26 29 7 5 14 6 27 8 0 1 7 84 3 2 7 8 2 4 0 1 4 31 20 17 2 5 14 16 13 11 6 5 35 6 2 16 6 4 7 3 5 0 0 1 3 2 8 7 12 4 8 0 0 1 0 5 8 6 1 1 2 26 2 4 6 0 4 1 10 3 9 1 0 0 16 3 1 0 0 0 0 5 0 0 7 
28 28 33 2 10 16 44 5 22 21 8 28 91 99 61 71 54 29 28 17 13 6 6 14 7 4 0 24 64 0 0 5 6 4 2 0 3 6 50 20 14 2 9 9 9 13 5 2 3 27 3 3 5 1 2 1 6 2 0 0 1 3 0 6 6 10 4 1 0 2 1 2 4 3 1 3 0 0 14 0 0 0 1 1 1 2 1 12 2 0 0 7 4 1 1 3 0 1 3 0 0 5 
42 49 48 23 8 27 73 31 8 5 14 34 62 86 56 77 91 21 41 7 24 10 2 25 8 2 0 26 66 10 2 5 11 1 5 1 2 8 34 17 10 1 10 22 12 17 12 2 5 35 6 1 5 4 0 1 2 5 0 0 0 3 7 2 3 9 2 4 2 1 1 2 2 12 3 2 0 3 11 2 0 0 3 2 0 5 2 8 1 0 0 2 4 1 5 0 0 1 0 0 0 0 
28 28 29 6 2 12 14 28 5 4 2 6 33 77 27 56 61 23 16 5 7 7 8 27 14 1 0 17 31 6 1 0 3 1 2 2 4 1 16 12 15 1 6 4 5 9 13 0 3 20 13 4 8 5 1 3 3 3 0 2 0 3 3 2 4 10 4 2 0 1 0 9 1 2 0 5 0 0 15 2 1 0 1 9 0 2 1 4 0 0 0 2 0 2 0 0 0 0 4 0 0 2 
12 15 6 2 9 10 15 10 27 10 5 18 30 39 18 32 24 10 16 5 9 4 2 11 4 0 0 14 34 10 1 4 5 0 1 0 1 1 29 17 5 5 6 10 1 8 3 0 1 15 5 2 2 2 1 5 1 4 0 4 1 3 0 1 1 2 1 0 2 1 0 0 3 0 1 1 0 0 4 0 0 0 0 0 1 0 1 2 0 0 0 7 0 1 1 0 2 0 2 0 0 0 
33 68 52 16 17 19 21 32 33 22 15 6 22 54 37 59 51 37 41 10 7 9 8 57 31 1 1 54 56 12 0 6 10 0 2 0 3 8 23 17 7 4 9 6 1 21 8 4 1 29 10 15 8 2 1 0 9 9 0 2 0 3 0 3 2 6 1 1 2 0 4 1 7 4 7 1 0 0 12 1 0 0 1 1 0 3 1 2 0 0 0 21 1 1 1 2 0 0 0 0 0 4 
31 57 54 8 19 53 43 63 45 55 16 23 5 81 40 73 63 35 68 18 39 25 11 56 30 1 1 78 71 23 8 6 16 2 4 0 1 3 25 22 19 2 8 4 9 27 8 5 7 49 5 5 3 3 3 8 9 12 0 4 0 8 0 2 3 2 0 1 0 2 3 5 4 1 6 11 0 1 12 0 0 0 0 1 0 0 0 5 1 0 0 12 3 4 1 1 0 0 1 0 0 4 
48 77 60 12 26 51 25 44 35 30 26 14 21 3 16 46 64 39 41 31 36 26 19 69 34 7 2 171 37 7 2 1 4 2 0 2 0 6 5 10 10 4 3 6 7 6 9 1 3 24 6 3 10 2 0 6 5 3 0 2 0 6 0 0 0 0 0 0 0 1 2 0 0 0 4 1 0 3 13 4 0 0 0 3 0 0 0 6 1 0 0 11 5 0 4 1 0 2 1 2 0 4 
63 79 87 7 19 44 51 49 67 47 24 37 27 12 6 17 52 33 51 16 45 29 20 77 53 8 3 179 49 9 4 6 10 1 2 0 1 1 8 8 7 1 11 15 4 10 7 2 1 34 16 5 8 5 5 2 17 7 0 2 0 4 0 1 0 1 0 1 0 0 0 0 1 0 4 3 1 1 21 0 0 0 0 0 0 8 1 4 2 0 0 6 4 1 6 1 0 0 0 0 0 4 
45 63 22 9 21 51 40 46 52 51 24 36 45 55 14 19 54 48 43 29 56 32 17 99 40 7 10 114 59 21 7 13 36 12 22 7 51 8 20 28 20 4 16 26 8 13 14 4 3 57 9 4 10 7 5 5 8 5 0 3 2 7 0 1 1 1 1 1 0 0 0 0 0 4 3 3 2 3 22 0 0 0 0 3 0 5 1 13 4 0 0 22 3 4 3 2 0 2 1 0 0 7 
21 53 31 7 30 30 20 45 48 36 20 47 59 115 41 85 17 47 58 20 61 36 35 80 31 11 3 91 34 64 13 23 62 17 42 15 41 14 56 44 22 2 26 35 36 34 27 9 5 77 12 8 14 6 3 4 6 8 0 7 2 6 3 2 3 0 0 2 1 0 1 3 6 0 4 2 0 2 22 2 2 0 0 3 0 0 2 23 5 0 0 8 6 6 5 2 0 0 3 1 0 7 
17 19 41 6 10 27 15 25 26 36 17 48 48 83 43 116 49 6 54 9 32 20 19 41 15 11 2 85 36 24 9 14 40 11 24 11 22 5 40 23 17 4 17 37 21 32 12 2 11 63 5 3 11 6 1 1 2 6 0 3 0 7 0 2 3 0 0 0 0 0 1 0 4 1 4 1 1 0 22 1 0 0 0 0 0 9 3 16 2 0 0 5 1 4 1 0 0 0 1 0 0 5 
15 40 17 2 11 30 25 24 18 18 12 28 49 91 45 79 52 33 3 13 22 9 11 48 20 6 4 75 30 15 2 7 15 6 15 7 11 5 27 12 7 3 5 10 14 19 9 1 8 34 3 1 5 3 0 2 0 4 0 3 1 2 0 0 0 0 0 0 0 0 0 0 0 0 1 1 0 1 10 0 1 0 0 1 1 2 2 4 1 0 0 5 0 0 0 0 0 0 0 0 0 5 
12 13 16 3 5 13 16 14 16 10 6 21 38 65 40 85 55 44 32 4 7 3 11 34 21 20 10 89 24 5 5 6 10 0 15 5 15 3 35 24 5 4 10 8 15 5 4 3 2 12 1 0 5 2 0 3 0 1 0 0 2 1 1 0 0 0 0 0 1 0 0 1 0 0 2 1 0 0 7 0 2 0 0 0 0 1 1 0 0 0 0 3 0 0 0 0 0 0 0 0 0 2 
7 13 13 3 5 15 8 8 11 22 4 25 47 112 60 128 95 60 46 8 7 3 16 39 12 16 12 102 21 5 1 0 6 0 4 7 41 17 42 23 10 2 9 12 11 10 11 3 4 24 2 0 2 0 3 0 1 0 0 1 0 0 0 0 0 1 0 0 0 0 0 0 0 0 1 0 1 0 7 1 2 0 0 0 1 4 0 9 0 0 0 2 0 1 0 0 0 0 1 0 0 2 
23 19 25 0 5 35 16 34 20 25 8 33 38 125 62 117 68 33 27 8 8 6 17 18 7 26 7 114 49 7 2 0 13 4 18 14 34 12 63 8 9 0 7 6 17 16 7 4 6 19 1 1 6 1 1 1 2 3 0 5 0 2 0 1 1 0 0 0 0 0 0 0 0 0 1 3 0 0 3 0 0 0 2 0 0 0 0 4 4 0 0 4 0 0 1 0 0 0 0 0 0 0 
2 19 11 3 8 4 11 12 11 14 5 24 25 73 61 116 129 33 38 5 35 16 6 18 9 10 7 115 9 3 1 2 12 4 14 8 21 5 70 17 8 3 3 6 5 15 12 3 3 12 2 1 3 0 2 0 4 1 0 1 1 0 0 1 0 1 0 0 0 0 0 0 0 0 0 1 0 0 5 0 0 0 0 2 0 1 0 5 0 0 0 3 0 1 0 0 0 0 0 0 0 0 
19 22 14 4 5 16 14 18 26 32 13 41 64 136 116 187 169 84 110 23 52 24 23 19 10 47 38 152 17 5 1 5 45 8 14 12 48 18 84 40 23 4 11 25 29 19 15 3 6 105 14 1 9 1 3 8 6 4 0 3 0 3 0 2 0 0 0 0 0 0 0 0 1 0 3 0 0 1 18 0 1 0 0 1 0 8 0 13 8 0 0 3 0 0 0 0 0 1 0 0 0 5 
26 21 17 4 18 23 17 20 27 55 13 38 72 96 67 123 61 43 69 36 34 13 15 11 6 12 20 81 14 25 5 7 130 10 12 10 32 16 61 30 38 4 9 24 26 29 26 12 13 140 17 7 27 5 7 6 5 9 0 3 3 1 0 1 2 3 0 0 0 0 0 0 2 1 4 9 1 0 24 4 2 6 1 2 0 8 2 55 2 0 0 6 0 2 1 1 0 3 0 0 0 8 
0 0 0 0 0 0 3 0 1 2 0 1 2 5 1 16 19 5 15 12 5 11 2 39 5 0 4 13 1 0 0 1 5 2 0 0 3 2 16 1 2 0 3 0 1 0 0 0 1 1 0 0 2 0 1 0 0 0 0 0 0 0 0 0 0 0 0 0 0 0 0 0 0 0 0 0 0 0 2 0 0 0 0 0 0 0 0 0 0 0 0 0 0 0 0 0 0 0 0 0 0 0 
2 0 1 0 0 0 0 0 1 6 1 1 4 11 7 20 24 2 17 7 24 9 8 42 15 7 2 82 0 0 1 2 0 2 1 0 2 1 31 2 2 1 0 1 7 3 3 1 0 3 0 1 2 0 1 1 0 0 0 0 0 1 0 0 1 0 0 0 0 0 0 0 0 0 0 1 0 0 3 1 0 0 0 0 0 0 0 2 0 0 0 0 0 0 0 0 0 0 0 0 0 2 
25 38 28 4 12 40 10 21 22 45 18 38 91 206 136 211 162 94 104 48 84 74 62 133 38 15 35 25 15 2 0 9 46 13 18 13 59 41 101 31 60 4 12 24 35 30 36 11 8 126 7 5 9 6 5 2 3 4 0 2 0 0 0 1 2 3 0 0 1 0 0 0 0 0 8 8 0 5 23 4 2 2 4 4 1 4 4 52 3 0 0 8 1 1 3 1 1 2 10 0 1 10 
3 5 7 2 0 3 10 6 14 2 0 5 10 7 9 7 6 3 2 1 5 1 0 6 0 0 0 10 0 1 0 0 0 0 0 1 1 0 3 1 2 0 2 2 1 2 4 0 0 6 0 0 2 1 0 0 0 2 0 0 0 0 0 0 0 3 0 0 0 0 1 2 1 0 1 0 0 1 2 0 0 0 1 0 0 2 0 0 0 0 0 1 0 1 0 0 0 0 0 0 0 0 
2 8 6 0 1 1 2 5 6 10 2 3 14 10 5 35 94 38 31 5 11 4 4 13 9 0 0 4 9 24 142 113 458 124 268 230 641 229 366 180 144 5 76 78 94 114 71 40 44 289 10 2 17 10 6 4 3 14 0 15 10 25 6 33 21 86 13 7 4 9 0 6 9 0 4 2 5 7 22 6 7 5 9 8 4 27 13 95 16 0 0 64 28 6 10 10 0 5 11 0 1 27 
2 2 4 0 1 0 0 7 2 2 1 5 4 1 3 15 33 16 23 1 1 3 2 8 2 0 0 1 2 75 5 72 162 56 106 101 228 77 137 67 29 3 41 27 29 30 30 3 11 64 1 2 10 1 0 0 1 2 0 6 2 12 1 10 14 39 10 5 22 2 2 7 8 2 1 2 0 2 13 1 5 1 0 0 0 5 4 12 6 0 0 34 1 4 4 7 0 0 2 0 0 9 
6 3 6 0 1 3 3 7 2 0 0 9 12 5 4 29 60 23 29 3 5 1 1 8 6 2 0 11 2 169 86 15 207 58 149 108 509 182 352 143 113 8 41 87 73 98 65 16 15 180 11 3 13 6 13 5 9 10 0 4 6 19 3 10 18 44 3 4 5 10 3 7 9 1 4 4 2 2 30 0 4 6 0 2 1 12 7 44 16 0 0 39 14 8 8 7 0 2 6 3 0 17 
8 7 6 1 1 6 5 5 4 6 2 5 11 7 4 17 21 22 20 7 7 5 6 28 6 2 4 33 4 183 78 66 23 30 86 87 343 120 210 131 109 15 85 80 77 109 77 41 38 385 16 19 31 9 8 4 11 17 0 5 13 13 3 6 20 36 3 8 6 6 11 11 13 6 12 2 2 7 26 3 3 7 1 10 2 13 3 69 15 0 0 51 3 10 10 9 5 5 9 1 1 53 
0 8 5 1 0 0 1 2 0 1 1 2 2 5 3 10 20 10 6 2 2 4 0 5 4 1 0 3 1 65 39 45 65 8 35 31 147 63 135 55 51 2 30 42 38 41 26 15 5 88 13 1 25 10 2 8 9 12 0 4 5 14 0 3 4 16 7 8 4 10 5 11 13 17 2 2 0 1 23 3 1 1 0 0 0 5 1 12 4 0 0 34 4 4 7 5 0 3 2 0 2 11 
2 4 1 0 1 2 3 1 1 0 0 2 1 0 1 15 31 19 6 8 5 5 5 14 2 0 0 13 2 126 45 64 108 37 22 22 159 64 152 82 46 8 54 50 43 71 37 8 9 111 7 1 17 2 4 1 8 6 0 7 1 11 1 5 10 11 3 3 4 4 6 8 8 7 4 3 6 3 11 3 0 0 0 1 0 5 9 18 11 0 0 48 11 7 5 3 1 1 9 1 0 12 
3 2 1 0 0 2 5 0 3 0 0 0 0 0 1 15 7 13 13 7 1 5 6 9 3 0 0 7 1 163 37 59 113 16 51 10 243 82 98 52 45 5 43 41 40 62 38 5 7 111 11 4 4 8 3 1 3 1 0 0 0 6 2 7 3 13 3 3 4 5 3 10 12 6 3 0 0 1 20 0 1 0 0 0 0 1 3 28 10 0 0 29 4 11 3 12 0 3 4 1 0 19 
10 1 0 0 0 2 3 4 2 2 2 2 8 2 0 13 24 12 15 2 6 8 0 19 6 1 7 21 7 211 98 165 174 73 108 120 15 84 216 208 111 24 105 94 93 116 105 30 31 204 7 10 10 7 2 2 1 5 0 2 2 8 8 11 16 15 3 7 6 4 11 15 8 8 5 6 0 0 11 0 2 1 0 2 2 8 2 54 15 0 0 60 23 11 13 10 0 13 15 3 4 34 
9 5 8 5 4 8 4 8 7 8 1 7 3 12 2 3 21 9 11 5 3 3 4 17 7 1 1 19 8 108 45 109 145 35 52 57 109 17 136 136 122 14 101 115 101 116 97 20 28 275 4 1 5 8 3 1 2 1 0 4 1 21 1 14 7 7 2 0 5 1 9 5 10 6 2 0 1 1 5 1 2 1 3 3 1 26 9 56 10 0 0 91 19 5 11 13 2 3 13 0 0 30 
7 14 16 7 5 10 12 5 11 8 4 11 16 8 0 8 19 22 24 5 22 10 10 25 9 5 0 29 15 92 22 80 192 73 84 47 226 89 14 164 123 17 87 115 69 129 80 41 29 243 8 2 19 2 2 1 0 9 0 3 2 21 5 15 14 8 2 6 2 7 3 7 10 11 4 5 0 3 20 2 4 0 1 6 1 18 9 58 14 0 0 86 17 20 17 7 3 1 15 0 0 35 
9 45 17 2 5 14 25 24 23 17 10 28 28 26 21 27 50 34 41 13 14 5 11 43 12 0 9 44 34 138 47 85 192 71 164 95 575 221 669 27 51 29 96 209 113 191 147 53 63 337 10 2 7 3 5 4 7 11 0 3 2 19 5 12 15 24 5 8 3 2 3 13 12 15 2 8 1 2 17 5 3 2 7 6 6 16 7 28 14 0 0 66 15 11 16 20 5 2 2 0 2 26 
14 16 21 0 7 8 5 13 8 10 2 10 9 13 9 10 37 35 16 4 7 0 6 32 17 3 2 32 13 77 26 69 130 39 68 40 262 113 292 60 6 12 66 108 55 141 98 29 26 237 4 2 3 4 0 1 2 4 0 1 2 5 1 9 19 12 3 4 7 3 4 3 3 4 5 0 3 1 8 1 8 4 5 5 4 10 20 19 13 0 0 67 6 14 25 7 1 3 5 3 2 23 
3 1 2 0 1 0 1 0 1 4 0 0 3 0 0 0 3 7 3 0 1 3 0 2 2 0 0 4 5 7 5 11 14 6 13 4 70 22 42 11 37 2 28 35 21 43 15 6 8 36 0 0 1 0 0 0 0 3 0 0 0 0 0 3 4 2 0 1 0 0 0 1 2 0 0 0 0 1 3 0 1 2 5 5 0 7 7 8 5 0 0 16 4 6 9 2 0 6 0 1 1 4 
10 6 7 2 2 5 6 8 6 3 1 7 8 5 3 9 15 10 6 2 5 1 0 11 1 0 0 13 15 30 14 41 115 32 46 28 146 83 131 56 44 19 17 69 59 62 44 21 28 156 5 9 14 5 2 0 6 7 0 2 1 9 0 3 8 4 4 0 1 5 9 0 9 8 12 14 1 9 25 9 6 7 10 47 17 41 18 100 35 0 0 42 37 35 36 28 4 17 27 4 2 91 
9 17 11 0 1 7 8 10 6 4 2 7 5 5 15 3 16 16 12 2 5 1 3 13 4 0 0 18 6 32 9 42 105 35 72 32 162 107 169 90 90 23 59 16 95 183 94 48 49 251 14 6 21 5 2 5 0 6 0 5 1 10 1 5 6 22 1 1 2 3 3 3 8 9 17 10 4 10 52 19 17 16 18 56 28 73 47 72 43 0 0 128 35 33 32 44 4 26 36 4 4 118 
6 12 17 5 0 10 6 7 5 9 3 7 8 7 5 4 33 30 14 4 3 0 5 23 13 0 1 26 17 55 23 44 151 35 68 54 241 86 164 92 67 25 100 126 7 170 106 47 52 246 7 3 6 3 0 1 4 3 0 0 3 4 1 5 7 19 3 7 0 2 3 2 4 6 10 4 0 14 22 13 5 9 9 33 15 26 13 64 20 0 0 67 12 23 26 17 3 12 19 4 1 55 
12 16 18 0 4 2 5 10 22 3 8 14 23 16 6 9 42 16 24 8 11 3 4 31 19 0 0 28 14 52 15 47 181 26 75 47 172 100 174 159 75 15 70 198 99 29 138 101 64 400 15 5 17 5 2 1 1 6 0 0 2 6 0 11 7 21 3 2 3 2 4 6 13 6 10 9 0 6 25 6 17 18 11 37 15 40 14 163 16 0 0 78 21 21 25 42 7 18 27 3 1 71 
13 11 8 1 5 13 4 8 3 12 8 6 10 13 6 12 28 17 29 4 9 5 3 24 14 1 0 22 13 45 15 36 188 32 60 41 208 105 174 117 84 21 81 150 131 202 17 86 68 210 7 5 17 4 3 0 1 5 0 6 4 9 0 9 12 14 0 3 1 2 6 0 6 8 15 9 1 1 26 8 9 9 7 26 12 43 22 154 13 0 0 95 20 24 24 19 3 12 26 6 0 71 
6 5 8 0 3 2 6 5 9 7 2 4 6 2 5 5 21 16 13 4 1 5 1 14 4 0 0 14 13 37 13 22 87 17 28 25 82 50 134 62 64 17 80 161 107 379 352 12 35 408 5 4 7 1 0 2 1 2 0 0 0 6 0 4 3 5 5 2 1 4 5 5 9 7 6 1 0 5 11 1 4 8 4 11 9 36 12 100 5 0 0 81 18 17 25 21 5 17 15 3 5 49 
10 4 6 1 4 7 8 3 3 12 3 6 4 14 3 7 17 15 8 5 7 2 3 13 6 0 0 19 12 30 6 29 166 12 32 27 129 47 133 113 68 26 110 236 123 365 331 118 11 604 6 6 11 5 0 1 2 7 0 5 2 2 0 5 4 16 0 2 4 0 2 7 4 3 4 5 0 0 17 11 4 11 7 28 11 22 12 177 12 0 0 178 14 35 42 15 2 8 17 2 2 51 
44 48 28 6 23 38 20 35 23 39 17 20 37 31 17 27 47 77 42 15 18 13 10 150 53 5 1 125 52 179 45 118 963 88 151 132 500 324 565 317 239 56 264 459 315 605 305 177 108 45 35 18 58 14 5 6 19 15 0 5 5 14 2 15 18 59 8 16 18 4 16 12 28 29 33 30 9 8 75 27 25 40 28 101 29 114 48 744 51 0 0 294 51 74 125 29 11 29 63 8 6 267 
9 8 13 2 2 8 3 1 1 8 1 3 19 30 14 30 11 6 13 3 0 0 1 38 12 0 1 12 2 9 1 8 63 7 11 6 17 5 28 5 2 1 14 17 14 23 14 10 1 68 6 2 48 13 12 9 19 44 0 37 11 2 3 14 11 47 5 15 2 3 6 10 23 24 9 3 0 7 110 17 11 6 12 59 7 18 9 40 11 0 0 32 2 7 8 1 1 5 6 2 1 31 
7 8 8 0 3 1 5 5 0 3 1 9 7 14 5 19 6 0 6 1 3 2 0 17 4 0 0 15 8 4 1 9 32 5 7 3 10 4 20 2 10 0 10 8 2 9 10 1 2 21 6 3 26 10 6 8 20 30 0 14 13 2 2 19 8 32 3 13 3 6 2 1 15 8 7 2 1 0 86 5 9 1 3 16 11 17 2 24 6 0 0 10 4 2 2 1 1 4 5 1 0 11 
4 7 8 2 4 15 3 1 5 11 1 5 8 15 12 18 18 12 14 1 2 2 0 18 4 1 0 10 10 13 2 9 71 11 12 7 21 1 31 6 16 0 24 18 7 20 13 4 4 62 14 9 4 12 6 6 14 28 0 34 6 7 1 15 28 32 6 10 2 5 7 12 10 17 6 4 0 5 86 13 5 8 9 26 12 17 9 56 5 0 0 27 0 10 10 5 0 6 2 0 0 23 
2 9 5 1 3 7 6 3 3 4 2 1 10 18 8 15 9 9 2 2 1 0 2 12 3 0 2 5 10 4 6 3 28 18 4 6 29 1 18 8 4 0 8 8 8 16 15 0 2 11 20 13 24 8 11 4 22 41 0 35 9 12 2 18 24 36 14 5 1 8 5 4 8 16 4 3 2 5 129 5 9 6 3 25 4 10 1 16 3 0 0 9 0 7 6 0 0 3 3 0 0 13 
4 8 2 1 5 0 3 2 2 0 1 5 2 11 5 14 4 2 4 1 0 1 0 5 1 1 0 4 4 2 1 4 33 9 5 4 5 0 5 2 3 0 5 6 0 6 3 2 1 9 10 6 23 16 2 9 10 17 0 18 4 9 2 8 4 19 1 4 1 1 11 5 10 7 3 1 0 1 44 6 5 0 0 6 1 5 2 6 2 0 0 4 0 1 4 0 1 8 0 1 1 5 
2 4 2 1 0 1 0 1 1 0 0 4 5 4 7 2 6 3 1 0 0 1 0 2 0 1 0 4 1 3 5 0 8 5 6 1 1 0 3 2 3 0 3 5 2 2 2 0 0 5 2 3 6 0 1 2 10 18 0 3 2 4 3 9 2 9 1 5 1 1 12 1 5 4 2 2 0 1 25 5 0 0 1 6 4 7 2 8 0 0 0 2 0 1 0 0 0 2 0 0 0 3 
3 5 6 0 2 3 3 0 1 4 6 3 1 16 4 8 12 15 5 2 0 1 6 7 3 0 0 5 1 6 4 4 25 10 8 1 11 1 19 1 4 0 9 8 2 4 4 1 2 11 33 10 23 17 6 4 3 12 0 26 7 4 4 6 19 26 9 7 2 5 2 3 9 6 3 4 0 4 72 4 7 1 7 30 13 12 4 18 4 0 0 16 4 5 2 1 0 2 4 0 1 9 
6 3 1 0 0 6 7 5 9 6 4 6 4 32 7 22 23 15 8 0 1 1 0 7 2 0 0 10 8 10 7 9 26 13 14 4 14 0 15 7 3 1 16 12 3 19 3 2 5 21 18 14 40 13 10 67 11 5 0 29 13 10 5 30 18 29 6 11 4 6 5 6 8 10 16 14 3 7 114 8 9 4 5 34 3 19 6 28 8 0 0 12 5 5 4 1 2 2 4 0 2 12 
0 0 0 0 0 0 0 0 0 0 0 0 0 0 0 0 0 0 0 0 0 0 0 0 0 0 0 0 0 0 0 0 0 0 0 0 0 0 0 0 0 0 0 0 0 0 0 0 0 0 0 0 0 0 0 0 0 0 0 0 0 0 0 0 0 0 0 0 0 0 0 0 0 0 0 0 0 0 0 0 0 0 0 0 0 0 0 0 0 0 0 0 0 0 0 0 0 0 0 0 0 0 
14 11 11 0 6 9 5 6 6 1 1 8 15 43 12 22 17 8 12 1 13 8 3 49 6 1 1 19 16 13 5 11 12 10 1 1 5 3 17 4 1 4 6 3 6 1 5 3 1 21 37 15 32 28 8 12 17 30 0 9 3 15 11 7 19 38 24 12 4 7 16 10 22 17 6 6 2 7 44 2 1 10 5 16 3 12 0 24 4 0 0 13 6 0 5 3 0 2 2 0 0 6 
0 0 0 1 0 2 1 0 1 2 0 1 1 3 1 0 2 1 0 1 0 0 1 2 1 0 0 3 4 8 1 4 6 1 2 0 4 1 2 2 2 0 4 3 3 4 0 0 4 5 13 0 15 9 6 3 18 11 0 3 1 16 14 14 11 31 7 11 7 13 13 13 10 6 6 4 0 1 25 2 1 2 1 3 0 2 0 5 2 0 0 5 0 1 1 0 0 0 0 0 0 1 
2 0 2 0 2 0 0 0 1 0 3 0 4 4 1 1 3 2 2 0 0 0 0 1 0 0 0 1 0 4 2 1 3 7 12 3 7 6 9 7 0 0 7 4 4 1 4 0 2 12 3 0 8 2 2 3 6 3 0 4 4 3 1 4 6 11 2 5 7 2 8 4 7 3 0 0 0 1 11 1 2 1 2 3 0 0 2 1 0 0 0 6 2 0 1 0 0 0 0 0 2 2 
0 1 2 0 0 1 1 0 0 0 1 1 1 1 0 1 0 1 0 0 0 0 0 0 1 0 0 0 3 5 2 0 4 3 3 2 12 0 12 3 2 0 1 4 3 2 2 0 0 9 5 0 5 6 1 4 3 5 0 9 5 0 2 3 10 23 3 8 2 11 3 4 1 18 1 3 0 0 13 4 0 2 1 0 2 1 1 2 0 0 0 5 0 2 2 0 0 0 2 0 0 2 
0 6 4 0 0 2 8 5 5 2 3 1 1 0 0 2 2 0 1 0 0 1 0 0 2 0 2 2 5 7 3 3 8 3 13 7 36 7 21 10 7 1 8 14 4 10 4 0 2 24 9 6 32 16 7 3 11 13 0 13 6 39 5 17 10 23 15 8 7 16 14 9 19 21 8 4 1 1 31 9 6 0 2 11 2 2 1 5 0 0 0 6 0 1 0 0 0 0 3 0 0 2 
11 5 4 1 0 6 2 9 2 2 1 2 4 0 0 1 1 1 3 0 1 0 0 3 0 0 0 1 12 32 15 12 25 6 14 9 41 17 27 20 12 2 9 19 15 8 10 6 7 50 16 9 29 17 2 3 11 9 0 20 19 28 12 16 10 40 19 25 16 26 20 22 34 39 8 3 1 3 55 10 6 6 12 4 0 7 1 13 1 0 0 0 1 1 0 4 0 0 1 0 0 7 
15 16 12 0 3 10 13 6 8 3 0 5 1 0 0 0 1 1 1 1 0 0 0 5 0 0 0 0 11 38 11 25 44 21 14 14 50 10 42 19 10 1 17 15 13 21 15 2 5 41 43 21 27 18 10 11 11 25 0 31 13 36 18 19 29 23 5 33 27 47 40 39 49 70 15 6 2 12 63 10 4 2 1 14 8 3 4 17 2 0 0 13 2 0 0 0 0 0 1 0 0 2 
2 3 1 0 3 2 4 3 2 2 0 2 1 0 0 0 0 1 0 0 0 0 0 0 0 0 0 0 10 21 4 11 6 10 10 5 16 1 17 3 3 0 8 4 7 3 7 1 2 13 8 4 16 4 2 3 1 7 0 8 11 9 5 5 16 18 2 4 13 11 13 25 28 8 0 1 5 2 5 2 4 1 4 2 0 1 0 3 1 0 0 3 1 0 0 0 0 0 0 0 0 1 
6 3 3 0 0 5 3 10 2 1 1 0 1 0 0 0 0 0 0 2 0 0 0 0 0 0 0 0 3 13 2 4 20 5 23 5 32 2 23 4 2 3 5 12 7 3 4 1 4 22 15 11 34 11 6 8 8 12 0 16 13 20 7 6 28 28 4 9 20 27 34 39 37 66 2 9 2 4 26 3 1 2 0 4 2 3 1 13 3 0 0 7 1 0 0 0 0 0 0 0 0 0 
2 1 1 0 0 1 1 4 0 0 0 0 0 1 0 1 0 0 0 0 0 0 0 0 0 0 0 0 2 2 0 2 12 3 13 9 16 1 5 0 2 0 0 4 2 2 2 0 0 10 0 1 5 2 3 1 6 4 0 2 4 5 4 5 11 29 9 15 3 11 29 16 8 14 2 2 0 1 13 3 2 0 0 6 0 0 0 1 0 0 0 1 0 0 0 0 0 0 0 0 0 0 
3 2 5 3 1 3 1 3 1 2 2 0 3 0 1 4 0 1 0 0 0 0 0 0 0 0 0 0 0 10 4 4 21 18 10 8 23 4 18 3 3 1 3 2 5 4 0 1 3 9 20 9 26 15 8 2 10 10 0 17 22 29 10 23 34 77 29 38 15 4 33 53 52 89 4 2 1 0 41 2 8 4 2 11 8 4 0 6 1 0 0 3 0 0 1 0 0 0 0 0 0 0 
4 2 0 0 2 4 3 4 4 1 1 4 2 1 3 4 4 0 0 0 0 0 0 0 0 0 0 0 6 10 1 3 25 14 29 20 53 19 53 6 6 5 5 12 11 14 3 1 0 33 10 3 15 11 5 7 5 7 0 27 25 18 20 22 35 119 21 36 18 42 10 106 24 51 7 1 1 3 27 4 6 4 0 9 0 11 0 4 1 0 0 4 3 0 1 1 0 0 1 0 0 2 
3 6 0 0 0 0 3 3 5 0 1 0 2 0 0 4 1 1 1 0 0 0 0 0 0 0 0 0 7 9 3 0 36 16 28 14 36 11 31 6 7 0 16 3 4 9 12 3 3 17 20 13 12 9 4 7 9 7 0 15 15 20 5 41 63 98 32 46 23 23 20 4 28 69 5 2 2 3 36 1 1 2 5 6 2 4 3 8 2 0 0 12 2 0 0 1 0 0 0 0 0 2 
8 5 3 1 2 4 2 7 2 3 4 0 4 2 0 2 5 3 0 0 0 0 0 1 0 0 0 0 5 3 2 3 15 23 10 9 21 7 14 8 10 1 4 3 4 14 7 3 1 27 30 6 20 2 6 6 17 8 0 23 11 9 9 12 36 72 20 24 12 38 23 65 3 23 3 7 1 2 46 4 7 5 2 7 4 3 1 12 0 0 0 3 0 0 2 0 0 2 1 0 0 4 
5 5 2 1 1 2 2 8 7 4 1 1 1 3 3 1 2 0 2 0 0 0 0 2 0 1 0 0 1 0 0 1 7 9 12 5 14 2 12 4 5 1 4 8 2 7 3 2 0 11 18 8 13 4 8 3 4 6 0 17 10 15 3 3 21 61 10 17 14 34 28 41 17 1 5 2 0 4 41 3 3 4 1 2 0 1 1 9 2 0 0 5 1 0 1 1 0 0 0 0 0 1 
2 4 3 0 1 3 5 5 1 0 4 5 8 5 6 22 6 4 5 2 3 0 0 9 5 0 0 11 3 9 1 9 29 14 10 1 16 5 14 5 10 2 9 31 15 29 18 2 3 51 8 4 16 7 7 11 16 43 0 19 8 4 8 7 6 23 3 11 4 5 2 0 11 5 4 8 6 11 222 19 19 17 11 124 6 54 11 73 9 0 0 18 2 15 19 4 1 11 3 3 0 28 
0 4 3 0 0 1 4 0 6 3 1 5 8 14 11 9 11 6 0 4 0 2 1 2 5 0 0 5 1 5 1 5 14 2 4 2 7 1 15 10 6 1 13 20 13 14 7 5 6 64 7 4 9 7 7 7 6 29 0 12 8 6 2 16 14 12 0 4 1 2 3 3 6 7 8 5 6 14 238 51 31 15 15 92 18 24 11 77 17 0 0 26 4 5 5 5 2 11 10 1 1 29 
1 4 1 0 0 3 0 0 1 3 1 0 2 5 5 2 2 5 0 1 0 0 0 0 0 0 0 0 0 1 0 1 6 3 2 0 0 0 4 1 3 1 4 4 4 3 3 0 0 9 4 0 5 4 2 2 1 11 0 9 5 1 1 0 5 6 3 3 1 0 0 0 2 2 1 4 4 7 81 24 6 4 6 37 2 8 3 9 2 0 0 5 3 7 1 0 0 2 0 0 0 3 
2 6 9 0 0 5 1 3 5 2 0 2 0 10 7 12 11 2 1 0 0 2 0 7 1 1 1 2 1 7 2 3 10 6 6 2 2 1 8 11 8 1 6 26 8 27 10 3 3 28 4 6 25 16 6 19 26 25 0 12 0 3 8 5 11 11 1 1 0 7 1 2 11 5 7 25 12 5 112 25 16 13 8 111 14 32 8 65 13 0 0 24 3 17 11 6 0 1 3 0 0 10 
6 19 8 2 3 2 9 7 9 7 6 5 25 38 15 30 24 15 12 3 6 2 4 24 16 0 3 23 20 20 16 10 72 23 19 2 19 6 30 15 9 2 29 55 20 31 27 16 6 74 49 40 74 42 24 48 45 59 0 41 21 19 13 41 29 82 16 14 5 21 18 29 26 25 51 72 24 36 12 49 39 21 28 132 31 49 18 107 20 0 0 57 25 28 18 18 2 11 13 2 1 29 
0 6 2 0 2 0 1 2 1 4 0 0 0 7 1 7 4 6 4 0 0 0 0 8 2 0 0 5 6 7 1 4 12 11 2 0 9 0 7 8 6 1 24 41 11 24 12 2 7 47 13 7 29 12 4 22 11 16 0 6 2 11 8 8 13 20 4 7 0 2 4 12 9 2 22 28 12 38 134 7 28 14 25 147 39 43 12 52 14 0 0 50 11 26 19 8 1 3 8 2 0 21 
4 1 4 0 1 0 0 1 0 1 0 0 1 2 0 1 3 0 1 1 0 0 0 3 0 0 0 4 7 6 1 2 10 6 2 0 0 0 6 10 6 0 20 43 3 14 19 3 1 38 6 2 19 4 2 2 6 11 0 3 5 15 1 3 7 14 3 3 2 7 5 4 6 6 15 23 8 15 115 43 4 12 11 116 35 48 14 54 16 0 0 48 11 21 6 11 2 10 14 0 2 14 
1 1 0 1 0 0 3 1 0 1 0 0 0 1 1 0 0 12 0 1 1 0 0 3 1 0 0 0 2 7 3 5 22 4 1 1 3 1 6 6 6 1 31 49 11 38 10 6 5 44 6 1 5 0 2 0 1 6 0 5 2 3 3 2 2 6 3 1 0 0 0 3 3 3 9 19 6 3 37 14 6 5 6 37 12 46 11 69 12 0 0 32 11 16 14 5 0 9 13 3 0 31 
2 3 1 0 1 1 2 0 2 0 0 0 0 1 0 0 1 0 0 0 2 0 0 1 1 0 0 4 6 5 1 2 7 2 2 0 0 1 4 9 3 7 33 40 19 30 14 6 6 50 13 6 11 7 4 8 3 13 0 7 3 7 2 2 4 6 0 3 2 4 3 2 6 5 22 22 10 11 65 30 21 5 5 127 36 36 12 54 8 0 0 76 12 17 8 10 1 8 12 1 3 21 
5 3 4 1 1 3 5 1 2 0 0 0 1 1 0 0 0 0 0 0 0 0 0 3 2 1 0 1 7 7 3 1 5 1 3 1 6 1 8 22 19 2 57 95 28 42 22 13 20 108 21 10 33 11 7 8 11 21 0 9 4 8 2 3 7 9 2 0 1 5 8 4 11 6 46 56 11 50 158 70 76 15 57 11 55 72 10 151 25 0 0 126 45 35 46 26 6 21 20 1 4 42 
2 0 4 0 0 2 1 0 1 1 1 0 1 1 0 1 0 0 0 0 0 0 0 3 0 0 0 1 4 2 0 1 1 1 1 1 1 2 9 25 15 1 55 76 15 49 23 8 2 48 10 9 6 10 2 4 6 18 0 5 1 4 0 1 9 8 1 4 2 6 3 2 4 2 15 14 9 8 52 63 33 22 28 157 11 68 17 112 23 0 0 132 32 31 26 13 2 11 21 2 1 40 
2 3 5 0 1 1 4 2 1 1 0 0 1 0 2 1 9 2 5 2 2 0 0 11 5 0 1 4 20 16 9 11 33 6 16 6 28 14 24 9 18 6 63 119 22 64 47 13 12 80 12 7 9 8 5 3 7 10 0 13 5 6 2 3 2 11 7 1 0 1 4 0 3 4 18 17 7 17 52 32 26 19 27 124 59 6 25 79 48 0 0 98 33 41 42 27 9 23 17 6 1 47 
6 7 2 2 2 0 3 0 1 5 0 0 1 2 0 1 12 6 2 1 3 0 1 4 4 0 0 10 5 13 8 7 28 7 7 6 38 16 58 18 13 4 66 108 43 68 39 9 6 51 12 0 9 7 1 3 4 8 0 5 4 4 1 0 7 3 3 0 0 1 0 0 3 7 10 10 1 6 53 21 15 17 15 80 17 31 9 41 35 0 0 100 33 23 34 18 9 12 13 2 4 53 
24 25 10 1 2 12 10 5 6 4 1 5 5 3 4 10 28 19 13 6 8 3 5 43 17 0 0 37 10 61 13 34 233 25 51 25 150 92 206 53 33 14 153 163 67 178 110 48 64 479 25 12 39 12 6 4 12 16 0 18 10 17 2 1 11 14 3 9 1 7 2 1 10 28 59 30 6 23 146 44 30 46 47 134 55 74 34 26 50 0 0 280 47 75 118 58 13 36 84 7 7 283 
5 3 4 1 1 3 4 4 4 2 0 4 3 2 3 4 14 11 6 2 3 3 0 17 3 0 0 15 4 14 4 13 44 6 20 12 70 27 47 31 33 7 108 137 22 45 34 14 13 66 5 6 3 4 2 4 2 3 0 4 2 10 1 6 3 8 0 1 0 2 0 1 3 6 6 10 8 5 30 19 8 18 14 53 9 53 45 50 14 0 0 154 33 34 31 28 4 16 16 0 4 69 
0 0 0 0 0 0 0 0 0 0 0 0 0 0 0 0 0 0 0 0 0 0 0 0 0 0 0 0 0 0 0 0 0 0 0 0 0 0 0 0 0 0 0 0 0 0 0 0 0 0 0 0 0 0 0 0 0 0 0 0 0 0 0 0 0 0 0 0 0 0 0 0 0 0 0 0 0 0 0 0 0 0 0 0 0 0 0 0 0 0 0 0 0 0 0 0 0 0 0 0 0 0 
0 0 0 0 0 0 0 0 0 0 0 0 0 0 0 0 0 0 0 0 0 0 0 0 0 0 0 0 0 0 0 0 0 0 0 0 0 0 0 0 0 0 0 0 0 0 0 0 0 0 0 0 0 0 0 0 0 0 0 0 0 0 0 0 0 0 0 0 0 0 0 0 0 0 0 0 0 0 0 0 0 0 1 0 0 0 0 0 0 0 0 1 0 0 0 0 0 0 0 0 0 0 
4 3 3 1 1 4 1 1 1 4 3 2 1 7 2 6 7 3 1 0 1 0 1 0 2 0 1 13 2 18 3 12 26 10 23 10 51 18 68 29 25 4 41 92 26 58 36 22 18 103 8 3 7 7 3 3 4 2 0 3 2 3 0 5 4 6 1 0 0 0 0 1 1 1 6 7 0 3 14 14 12 13 11 32 18 56 27 64 31 0 0 9 21 51 13 37 9 12 16 0 5 60 
0 1 0 0 0 3 1 2 1 2 0 1 1 0 0 1 0 3 0 0 1 0 0 0 0 0 0 0 1 11 3 1 5 1 14 3 34 10 27 15 12 7 47 70 21 47 31 6 14 58 2 2 6 5 0 1 1 8 0 1 4 3 2 0 0 1 0 0 0 0 0 2 3 0 3 4 0 2 13 4 7 5 4 24 4 26 12 45 21 0 0 68 5 6 9 8 0 4 8 1 0 30 
0 2 1 0 0 1 0 1 0 0 0 1 7 4 2 0 4 2 0 0 0 0 0 0 0 0 0 2 1 5 5 5 16 8 11 5 33 22 45 14 21 4 48 65 33 49 32 14 10 75 8 4 8 3 1 3 0 7 0 1 4 1 0 4 2 1 0 0 0 0 0 0 0 1 10 7 2 3 19 6 10 7 4 37 15 47 14 85 18 0 0 93 11 8 4 17 4 5 11 4 3 56 
2 2 2 0 2 3 0 1 0 0 0 0 1 1 1 0 0 1 0 0 0 0 0 0 0 0 0 1 0 8 3 4 25 9 9 6 36 5 30 7 4 9 46 83 23 20 14 10 8 57 0 3 1 4 0 5 3 1 0 1 1 2 1 1 0 1 0 0 0 0 0 0 0 0 3 1 0 2 15 5 3 7 4 28 9 31 16 40 17 0 0 61 12 8 6 10 4 3 4 0 1 62 
4 3 3 1 0 3 0 4 1 2 0 2 4 2 0 1 5 2 0 0 0 0 0 1 2 0 0 0 1 11 1 10 16 5 17 14 40 17 49 19 23 6 89 129 46 93 43 17 9 84 3 1 8 0 0 0 1 6 0 0 0 6 1 1 1 0 0 0 0 0 0 0 0 0 9 3 2 3 10 2 6 7 6 31 24 33 27 96 27 0 0 275 44 27 17 15 7 18 15 3 2 48 
0 0 0 1 0 0 0 0 1 0 0 0 0 0 0 1 0 0 0 0 0 0 0 0 0 0 0 0 0 0 2 1 1 1 1 0 6 2 11 0 0 2 9 28 14 9 9 4 5 12 1 1 2 1 0 0 0 0 0 0 0 1 0 0 1 0 0 0 0 0 0 0 1 0 2 0 2 0 4 1 1 1 1 11 3 10 7 18 4 0 0 23 4 5 5 8 1 1 1 0 0 9 
2 3 1 2 0 1 3 0 0 2 0 1 3 1 0 2 0 0 0 0 0 0 0 1 0 0 0 0 2 5 0 4 13 3 7 4 33 10 34 10 10 2 54 90 36 68 40 5 16 81 4 5 15 4 0 2 1 5 0 4 1 2 0 2 1 2 0 0 0 0 0 0 1 0 8 3 2 2 14 9 8 22 19 32 19 41 13 49 34 0 0 163 29 27 33 15 1 4 2 2 5 39 
0 0 2 0 0 0 0 1 1 2 4 0 0 3 2 1 0 0 0 0 0 0 0 0 0 0 0 0 1 10 2 8 5 5 7 2 29 14 35 9 14 1 34 55 38 63 45 9 21 96 6 2 8 1 1 1 3 9 0 1 1 0 0 2 0 1 0 0 0 0 0 0 1 1 2 6 1 1 10 10 11 13 12 34 11 40 9 53 11 0 0 84 20 14 24 4 0 7 8 1 0 18 
1 0 0 0 0 0 0 0 0 0 0 0 0 0 0 0 0 1 0 0 0 0 1 0 0 0 0 0 2 1 2 0 0 2 1 2 12 0 13 1 2 1 13 16 6 19 6 0 1 15 1 0 1 0 0 1 1 1 0 1 0 0 0 0 0 0 0 0 0 0 0 0 0 0 1 1 0 0 8 1 1 1 1 13 2 4 5 10 3 0 0 29 7 5 15 3 0 1 2 0 1 6 
1 0 0 0 0 0 1 0 0 0 0 0 0 0 1 1 0 0 0 0 0 0 0 0 0 0 0 0 0 3 1 0 4 0 1 2 3 3 5 2 4 0 5 15 7 8 9 2 4 10 0 0 2 0 0 0 0 0 0 0 0 0 0 1 0 0 0 0 0 0 0 0 0 0 0 3 0 0 7 1 1 0 1 8 1 7 3 21 3 0 0 25 0 3 14 13 1 1 2 6 0 1 
8 13 4 3 3 4 3 2 5 6 1 5 3 6 1 3 7 7 3 1 0 0 0 2 1 0 0 5 9 31 6 15 53 7 9 9 82 32 106 29 23 3 109 106 62 112 68 24 32 187 19 5 28 3 2 1 6 8 0 8 0 2 1 2 2 11 0 2 1 0 3 0 0 11 17 8 2 4 32 10 18 19 13 58 26 59 23 212 46 0 0 187 19 36 61 33 9 19 44 4 5 8 
