9 7 15 5 4 22 22 21 19 14 5 12 39 50 24 58 21 15 28 9 10 7 6 17 9 0 0 30 60 5 4 2 21 1 9 0 2 4 21 7 10 0 1 16 5 12 13 1 9 42 5 4 1 4 0 0 2 3 0 5 2 6 0 1 1 1 1 1 0 0 7 2 1 4 1 1 0 0 9 2 2 0 2 0 1 2 0 17 3 0 0 5 1 0 1 1 0 0 0 0 0 10 
15 9 17 12 9 24 21 19 34 23 9 44 39 69 43 42 25 20 23 8 13 8 2 19 5 2 0 19 90 3 2 6 13 2 6 2 7 4 26 9 14 0 7 20 10 20 9 4 4 34 5 1 4 1 4 1 1 8 0 0 3 3 1 3 6 4 1 2 0 2 1 1 3 1 1 0 0 2 15 0 1 0 1 2 4 3 1 10 1 0 0 10 2 1 3 3 0 2 0 0 0 17 
16 16 9 5 5 25 22 17 41 17 8 19 30 77 41 51 31 14 13 6 5 11 8 15 5 0 0 28 109 2 2 7 9 6 1 1 3 4 25 8 6 0 7 11 4 9 9 5 3 49 6 1 5 2 1 1 3 5 0 1 2 1 0 7 3 14 1 3 0 3 2 0 0 2 1 0 0 2 12 6 2 0 2 0 1 2 2 13 5 0 0 5 0 0 1 1 0 1 3 0 0 11 
3 9 18 1 3 4 6 4 8 3 3 4 1 11 8 15 1 6 1 0 1 3 0 5 0 0 0 0 15 0 0 0 2 0 0 0 0 0 6 5 1 0 3 0 1 0 0 0 1 6 1 1 1 0 0 0 0 1 0 0 0 0 0 0 0 0 0 0 0 0 0 0 1 2 0 0 0 0 3 1 0 0 0 0 0 0 0 1 0 0 0 0 1 0 0 0 0 0 0 0 0 2 
7 6 15 1 2 6 7 5 4 5 2 22 14 15 10 22 11 3 1 3 5 3 0 6 1 0 1 11 24 2 1 0 4 1 1 0 0 3 5 8 1 1 2 2 3 2 3 0 0 16 2 1 1 0 2 2 0 1 0 0 0 0 1 0 0 1 0 0 0 1 2 2 0 2 0 0 0 0 4 0 0 0 0 2 1 2 0 4 1 0 0 4 0 0 0 0 0 1 0 0 0 0 
17 13 40 13 4 4 14 11 14 11 17 30 31 59 31 57 33 18 13 10 8 10 8 16 10 0 0 14 93 1 2 3 6 0 0 0 3 3 14 10 6 1 6 5 11 6 6 2 2 19 6 2 11 5 0 2 2 1 0 2 1 3 1 4 4 2 2 2 1 0 4 0 0 3 1 0 0 5 17 0 0 2 1 1 1 2 2 9 0 0 0 9 0 1 0 1 0 0 0 0 1 3 
25 44 52 11 6 16 9 23 36 11 19 20 36 58 22 34 28 20 17 8 0 9 2 8 8 1 1 14 63 1 2 3 16 2 2 2 2 7 21 14 13 2 5 9 7 2 9 5 3 15 4 1 5 3 2 0 0 7 0 2 0 2 2 3 2 6 1 2 0 3 3 3 0 0 2 2 0 6 9 0 1 0 1 4 1 2 2 9 0 0 0 6 1 1 1 0 0 0 1 0 0 4 
18 24 27 5 7 21 15 4 10 9 4 24 45 51 40 54 32 13 11 16 13 7 6 14 3 4 0 7 52 6 3 7 7 1 2 1 1 1 23 16 7 1 6 6 8 8 12 5 1 19 2 3 2 6 1 0 1 4 0 2 1 1 0 3 5 7 3 3 1 2 3 0 1 2 1 2 0 1 7 0 3 1 0 3 0 2 0 6 3 0 0 8 1 0 0 0 0 0 1 0 0 6 
13 23 36 15 9 26 48 20 10 9 17 32 90 73 37 55 37 27 12 7 10 9 2 17 8 0 0 14 68 4 1 5 9 3 1 1 0 4 25 15 11 0 5 10 12 6 5 1 1 22 2 1 2 3 1 0 2 3 0 0 0 0 0 3 4 1 1 0 1 1 0 3 0 5 3 0 1 3 9 0 0 3 0 0 0 1 1 4 1 0 0 8 2 0 0 0 0 0 0 0 0 3 
10 18 11 4 8 12 15 7 7 2 3 4 20 28 12 30 20 12 15 5 3 2 3 16 4 0 0 8 34 0 0 2 1 1 2 2 3 0 14 10 2 0 5 1 3 6 4 2 1 17 6 5 3 3 3 0 3 11 0 2 1 1 2 2 1 2 1 2 0 5 4 3 2 3 5 0 0 3 10 1 0 4 1 2 0 0 1 8 2 0 0 3 0 0 1 2 0 1 0 0 0 3 
5 9 10 4 3 14 10 6 14 13 4 14 19 32 8 44 17 13 9 7 6 13 1 14 7 2 0 17 28 1 1 4 3 1 0 0 1 1 8 9 4 0 5 1 7 12 5 2 3 9 0 2 1 0 0 0 0 2 0 1 0 0 1 0 1 1 2 0 0 3 2 1 0 1 0 2 0 1 4 1 1 0 0 0 0 1 0 2 0 0 0 3 1 0 0 1 0 0 0 1 0 0 
23 34 23 3 8 11 23 20 46 35 4 4 25 58 23 49 42 26 15 10 12 11 5 32 16 2 3 30 61 11 2 3 5 0 0 3 3 4 15 17 14 0 2 6 2 12 10 5 1 17 5 1 8 4 0 0 1 1 0 3 0 2 1 1 0 3 1 0 0 0 0 1 1 2 2 3 0 0 9 1 0 0 0 0 0 1 1 2 0 0 0 5 1 0 0 1 0 2 2 0 1 4 
46 55 43 5 14 38 49 60 68 64 36 25 6 76 30 76 48 46 33 15 15 17 8 63 31 1 1 46 41 9 4 4 11 0 5 2 3 6 27 23 15 5 5 10 3 11 6 2 7 28 5 3 8 5 0 0 2 7 0 8 0 1 0 4 4 1 2 0 1 1 0 1 0 2 3 1 0 3 15 2 1 0 0 0 0 1 0 2 0 0 0 18 0 0 1 2 0 0 0 0 0 10 
51 99 67 7 15 50 56 44 62 41 17 34 33 10 22 57 82 69 59 33 65 52 7 78 27 2 4 88 38 14 1 5 11 2 0 5 1 11 20 15 15 6 1 5 5 17 7 2 3 35 9 4 11 9 1 2 2 7 0 2 3 1 0 0 1 1 1 1 0 1 2 0 2 0 2 2 1 4 27 3 0 0 0 1 1 1 0 5 0 0 0 9 1 0 3 2 0 2 1 0 0 5 
40 53 49 7 16 33 32 40 37 29 13 17 38 22 6 30 43 34 20 23 28 32 19 55 19 3 10 72 43 10 1 4 8 0 4 1 3 0 17 8 13 0 6 3 1 4 8 6 4 19 4 5 8 4 1 1 4 8 0 5 1 0 0 0 3 0 0 0 0 0 3 0 0 3 4 0 0 3 10 1 0 0 0 3 0 0 0 2 1 0 0 6 1 2 0 2 1 0 0 0 0 6 
38 51 33 5 16 30 33 34 42 42 25 40 55 34 13 22 58 53 40 31 65 31 29 110 33 6 11 68 53 22 16 11 13 10 10 9 31 3 25 27 17 0 9 12 18 17 17 6 9 46 11 2 13 2 3 1 7 9 0 1 0 1 1 8 0 2 0 3 1 1 2 1 1 1 4 6 0 4 15 4 1 0 0 1 0 2 1 6 2 0 0 15 0 2 2 3 1 3 2 0 0 8 
27 56 21 5 6 33 29 38 30 53 25 35 64 96 50 99 9 31 48 29 55 27 29 69 18 2 7 75 31 32 11 33 25 18 21 17 35 14 56 33 28 1 17 14 8 23 19 7 10 60 9 4 11 7 1 1 4 11 0 4 1 2 2 0 1 0 0 0 0 0 1 0 0 1 3 4 0 0 21 1 3 0 0 1 0 7 0 16 9 0 0 14 0 2 0 2 0 0 0 1 1 5 
5 19 13 3 5 9 15 13 22 17 5 21 29 86 23 78 55 9 45 17 30 19 17 47 20 8 2 49 21 22 10 9 20 11 7 19 15 13 48 12 15 6 11 23 7 12 12 6 4 51 1 2 6 4 1 2 4 7 0 3 0 0 0 2 0 0 0 0 0 0 0 1 0 0 1 0 0 1 10 1 0 0 0 4 0 1 0 7 4 0 0 12 2 0 2 1 0 0 0 0 0 7 
1 15 21 0 6 17 18 10 20 10 9 22 38 80 42 86 63 27 6 15 23 20 13 55 11 7 0 36 17 8 4 8 13 8 9 19 15 10 28 10 6 0 6 9 4 9 16 4 5 24 6 3 1 5 2 2 3 2 0 1 1 2 0 0 0 0 0 0 0 0 0 0 0 0 1 2 0 0 11 1 0 1 0 0 0 1 0 5 3 0 0 4 0 0 0 0 0 0 0 0 0 3 
8 13 8 2 1 11 10 11 10 13 12 15 33 37 16 71 37 22 19 3 8 9 8 27 26 4 5 65 16 11 1 6 11 4 1 7 7 2 30 15 10 1 2 4 7 13 7 3 4 10 2 1 4 3 0 0 1 2 0 3 0 0 0 1 0 0 0 0 0 0 0 0 0 0 1 1 2 1 5 1 0 0 1 0 0 3 3 7 0 0 0 3 0 0 0 0 0 0 0 0 0 1 
9 5 7 1 5 5 9 5 5 8 9 18 26 52 20 81 39 34 35 3 10 7 16 35 9 12 20 43 18 4 4 1 13 2 5 5 4 4 32 4 13 1 6 8 6 3 4 2 4 18 0 0 1 3 0 0 0 0 0 1 0 1 0 0 0 0 0 0 0 0 0 0 0 0 0 2 0 0 4 0 0 0 0 0 0 1 2 3 2 0 0 1 0 0 0 0 0 0 0 0 0 1 
9 8 5 1 0 7 15 3 9 9 5 14 25 38 9 53 25 11 14 4 12 14 7 25 2 6 7 45 17 5 1 2 6 1 4 2 14 1 27 4 3 3 2 3 5 2 4 2 1 16 0 1 6 2 0 0 1 2 0 0 0 0 0 0 1 1 0 0 0 0 0 0 0 0 0 1 0 0 3 0 0 0 1 0 0 1 0 3 0 0 0 1 0 0 0 0 0 0 0 0 0 1 
2 7 4 0 1 6 7 4 6 11 1 8 6 32 22 56 28 9 15 5 11 6 8 19 3 5 6 41 8 4 1 3 4 2 0 4 6 8 30 3 4 1 4 5 4 7 5 0 1 8 0 0 1 3 0 0 1 3 0 0 0 0 0 0 0 0 0 0 0 0 0 0 0 0 1 1 0 1 5 0 0 0 0 0 0 0 0 2 0 0 0 2 0 0 1 0 0 0 0 0 0 0 
7 10 10 4 6 7 17 3 15 9 5 24 45 76 46 103 63 41 58 15 22 14 12 13 5 35 34 65 15 3 3 1 24 3 5 3 25 6 54 12 14 1 9 10 17 17 6 4 6 63 8 3 5 4 1 0 3 4 0 2 0 2 0 2 0 1 0 0 0 0 0 0 0 1 3 0 0 1 11 2 0 0 0 0 0 0 0 5 2 0 0 5 1 0 0 1 0 0 1 0 0 5 
13 7 8 1 7 17 10 8 7 29 2 13 37 51 25 95 43 26 30 21 13 13 12 8 7 4 17 55 10 9 1 5 54 4 7 6 21 13 44 23 27 2 9 11 7 25 15 7 8 86 7 6 18 4 1 3 0 3 0 2 2 0 0 0 1 1 0 0 0 0 1 0 0 1 8 0 0 4 18 1 1 1 1 0 1 2 0 33 4 0 0 17 2 2 2 1 1 0 1 0 0 1 
1 1 0 0 0 1 0 0 6 4 0 3 5 2 5 9 8 6 7 9 22 21 15 28 2 0 0 13 0 1 1 1 0 2 2 0 0 0 3 1 0 0 0 1 1 1 1 1 0 1 0 0 0 0 1 1 0 0 0 0 0 0 0 0 0 0 0 0 0 0 0 0 0 0 0 0 0 0 1 0 0 0 0 0 0 0 0 1 0 0 0 0 1 0 0 0 0 0 1 0 0 0 
1 0 1 1 0 0 0 0 1 2 0 0 1 1 2 12 6 5 6 7 5 6 1 17 10 2 0 21 0 0 0 0 2 0 2 0 6 2 11 1 0 0 0 2 0 0 0 0 2 3 0 0 1 0 0 0 0 0 0 0 0 0 0 0 0 1 0 0 0 0 0 0 0 0 0 0 0 0 1 0 0 0 0 0 0 0 0 0 0 0 0 1 0 0 0 0 0 0 0 0 0 0 
17 11 9 5 9 11 9 19 16 25 6 32 47 81 65 131 60 43 57 54 112 149 124 125 63 12 48 7 16 4 2 6 32 3 9 7 31 10 51 26 18 0 8 10 17 18 9 4 6 76 12 0 11 5 3 1 0 7 0 0 0 2 0 2 2 1 0 0 3 0 0 0 0 0 2 4 2 0 12 1 1 0 2 5 0 5 1 25 6 0 0 6 0 2 1 1 0 0 2 0 0 4 
23 24 32 7 15 36 38 18 16 16 15 20 18 33 21 32 11 4 9 6 4 6 1 4 1 1 0 1 3 2 0 2 2 2 3 2 3 1 10 5 4 0 1 2 1 6 4 0 0 7 2 1 2 0 1 1 0 1 0 0 0 0 1 0 5 3 6 2 0 0 3 3 0 1 0 1 0 0 1 0 2 0 0 5 1 1 3 2 0 0 0 2 0 1 1 0 0 0 1 0 0 0 
2 2 1 1 2 1 0 1 3 1 9 4 10 4 7 17 33 19 13 9 4 4 0 10 0 0 0 2 9 22 90 96 215 46 94 100 294 121 238 73 56 2 42 47 51 49 31 24 21 159 4 3 11 11 6 0 6 2 0 5 2 7 5 6 12 18 7 4 3 4 9 6 5 0 6 6 0 5 29 3 5 1 2 5 2 8 7 26 9 0 0 41 10 9 9 6 0 4 2 0 0 31 
1 2 0 0 1 2 2 0 1 1 0 2 2 2 3 9 17 11 7 2 1 3 1 11 1 0 1 4 9 120 7 81 102 13 53 28 136 52 71 38 18 4 13 15 9 22 11 4 7 38 2 7 5 4 4 1 2 2 0 3 1 0 0 1 7 18 3 7 2 3 1 1 2 0 3 2 1 1 6 3 3 0 0 2 0 1 4 11 1 0 0 15 8 2 1 0 0 0 2 0 0 11 
2 2 2 0 1 1 0 2 3 3 1 2 6 2 7 13 26 16 8 3 1 1 2 3 2 0 0 7 10 167 98 12 106 32 66 68 217 119 192 66 40 9 27 37 36 38 38 11 13 128 4 3 9 7 3 0 2 5 0 2 5 6 5 15 22 20 2 0 2 3 0 4 3 1 3 1 0 0 20 3 1 0 1 2 2 7 12 25 6 0 0 23 6 2 7 4 2 3 1 0 0 12 
18 16 7 5 4 2 22 8 7 9 3 11 9 13 8 23 44 24 13 7 13 4 9 66 32 2 0 19 12 272 112 116 21 27 107 127 287 129 256 121 141 17 84 131 91 138 109 61 78 736 32 26 66 31 16 1 13 17 0 13 8 7 1 12 26 22 6 12 3 13 22 16 7 7 15 12 0 9 71 7 11 6 5 11 4 18 12 129 22 0 0 38 15 8 17 14 1 10 6 2 0 82 
3 3 5 1 1 1 1 1 3 3 0 0 1 1 0 11 12 3 3 1 0 0 4 6 2 0 1 4 9 45 42 30 39 7 20 22 105 41 114 30 25 5 17 25 16 31 18 9 12 73 6 4 6 9 2 4 3 8 0 9 1 5 0 1 13 16 3 3 4 5 6 23 6 9 5 3 1 0 18 0 0 1 1 1 0 1 3 14 0 0 0 28 3 3 6 4 2 0 2 0 0 19 
5 4 1 0 1 5 1 1 1 2 1 1 2 3 7 7 23 19 13 6 4 4 4 11 6 1 2 9 3 145 51 101 89 30 16 22 168 70 151 75 37 6 33 47 34 50 30 16 22 123 6 2 9 6 3 2 6 14 0 2 1 9 4 14 11 10 5 8 0 9 15 12 5 6 7 0 0 3 26 2 1 0 2 1 3 7 3 13 12 0 0 48 3 10 9 14 0 3 3 2 0 11 
3 4 1 0 1 0 2 2 1 2 1 2 1 0 0 11 15 3 8 3 5 3 1 5 3 0 2 7 6 145 37 71 93 20 32 13 140 47 122 66 43 6 27 20 35 39 31 11 16 123 8 3 6 9 0 0 1 3 0 0 0 13 2 9 7 12 2 9 3 3 8 5 1 3 2 0 1 0 8 0 1 0 0 0 2 5 3 25 5 0 0 27 6 6 1 9 0 1 1 2 0 17 
3 4 1 0 3 2 1 7 4 4 2 6 7 1 1 26 21 24 14 9 11 7 17 20 14 2 1 38 14 335 130 235 277 103 185 352 70 125 405 236 130 54 122 126 116 157 100 43 34 408 13 13 16 8 1 0 10 7 0 1 2 6 2 27 13 31 9 19 3 9 21 14 8 11 9 2 2 3 36 0 1 1 8 3 1 21 12 54 30 0 0 82 23 21 13 20 4 16 11 7 4 59 
5 6 11 2 0 6 8 7 5 3 1 8 10 7 2 5 16 9 17 6 7 4 8 22 13 5 1 17 7 137 44 76 105 28 70 80 108 20 125 131 88 9 66 76 60 92 47 23 37 271 1 5 4 2 1 0 1 3 0 3 0 5 6 9 8 2 7 7 2 1 6 4 0 4 8 1 0 1 6 1 0 1 2 1 1 13 11 30 18 0 0 68 13 15 9 6 1 3 3 1 2 25 
11 10 10 1 4 10 10 13 14 21 4 16 24 13 6 8 44 20 29 13 20 21 10 38 5 1 2 24 25 129 51 123 150 40 86 70 265 109 21 248 151 8 80 81 76 120 83 49 19 294 4 3 19 8 6 2 6 10 0 5 0 11 2 14 19 17 6 16 2 3 17 15 5 14 12 2 1 3 28 2 2 4 3 3 5 13 21 64 20 0 0 86 16 20 10 8 1 10 11 3 1 53 
9 19 3 1 3 11 7 9 6 12 6 12 15 10 5 22 34 21 10 5 6 2 6 21 10 1 1 27 29 64 28 68 117 44 66 52 247 145 440 22 54 13 45 106 61 143 61 20 36 261 2 3 9 7 1 0 2 7 0 0 1 15 2 6 10 13 3 3 2 4 5 8 6 6 8 3 1 1 18 3 1 2 4 12 6 6 7 22 15 0 0 47 9 1 4 9 2 3 2 3 2 29 
10 17 10 1 4 14 4 5 12 16 5 7 6 16 2 12 31 15 14 7 19 1 3 21 12 0 0 18 13 57 23 59 89 22 46 34 180 98 271 67 14 14 71 78 39 121 48 38 23 226 1 4 6 1 0 1 3 5 0 1 2 3 2 7 4 3 1 2 0 2 6 4 4 4 2 0 1 1 12 6 6 2 1 10 9 13 9 12 5 0 0 45 6 12 6 6 1 11 5 0 0 18 
0 2 0 0 0 0 1 0 0 2 2 3 2 1 1 3 0 1 1 0 0 2 3 3 5 0 0 2 1 5 1 8 13 1 6 18 37 21 36 21 17 4 16 29 22 31 17 7 5 24 0 0 2 2 0 2 0 1 0 0 0 1 0 2 1 4 0 0 0 0 0 1 0 0 0 0 2 0 5 0 0 0 1 8 1 6 0 7 3 0 0 18 6 1 1 0 0 0 0 0 0 12 
11 6 2 1 0 4 8 5 6 7 2 4 8 6 2 5 21 7 5 2 5 4 2 8 3 0 1 10 6 25 5 20 63 11 30 15 108 68 143 57 49 19 21 148 73 85 73 32 37 183 11 7 7 3 0 1 4 4 0 1 2 1 0 5 5 2 2 0 1 1 2 5 2 0 8 7 1 4 28 11 17 18 9 38 29 34 29 104 53 0 0 231 33 39 17 60 13 18 20 3 5 93 
14 4 9 0 1 6 11 7 7 8 0 9 9 3 5 13 17 16 13 4 8 4 5 20 7 0 0 14 5 51 13 35 73 25 45 34 168 92 189 139 54 59 70 25 155 201 116 73 68 285 7 6 14 6 3 5 1 15 0 4 3 9 2 8 6 5 1 2 0 0 4 2 2 1 16 6 4 13 45 9 19 14 13 58 28 97 62 129 67 0 0 213 50 67 40 102 9 55 37 4 7 139 
12 9 10 1 2 3 5 5 5 5 4 3 9 3 3 10 27 17 12 1 7 1 5 25 9 0 4 18 12 51 14 34 117 16 44 27 110 60 140 72 35 26 48 125 28 240 100 78 84 341 5 2 16 6 0 2 6 3 0 0 2 4 4 11 8 3 2 4 0 2 4 3 5 4 7 5 0 7 18 5 10 7 3 20 14 28 20 53 29 0 0 60 16 23 13 21 2 9 11 3 4 57 
8 13 6 2 4 7 9 5 9 2 9 9 5 9 5 14 13 9 18 4 7 0 4 29 4 1 0 25 9 55 19 48 148 23 44 39 168 109 163 140 72 33 80 248 149 32 157 158 133 576 18 12 15 8 1 0 7 10 0 4 6 6 1 7 6 21 2 3 1 8 10 14 4 6 14 8 1 12 38 11 9 12 8 46 18 41 28 98 31 0 0 124 30 44 23 27 7 34 35 8 3 102 
11 10 13 1 5 9 5 6 18 13 8 6 10 2 7 5 21 12 8 3 15 2 3 23 7 0 1 16 9 43 11 23 139 22 41 17 126 73 141 79 63 11 46 126 89 284 25 106 75 322 10 4 14 6 2 1 4 4 0 0 2 2 1 7 6 8 1 6 4 0 5 9 7 6 7 8 1 10 32 9 6 5 7 25 15 34 15 85 18 0 0 95 15 29 11 16 1 22 20 1 2 86 
6 10 3 0 0 2 1 2 5 5 2 5 3 4 0 7 3 2 4 2 0 0 3 7 2 0 0 3 6 19 4 13 79 14 13 12 46 50 75 40 28 7 28 59 58 202 99 21 70 306 4 3 8 1 0 2 1 0 0 0 0 1 0 2 2 2 0 4 0 1 2 1 0 0 2 1 0 1 10 4 3 4 0 15 6 13 22 71 3 0 0 37 2 7 11 11 0 13 6 0 1 54 
4 8 2 0 0 8 4 1 0 4 2 3 6 5 1 4 15 2 6 1 5 1 3 9 4 1 3 9 9 20 12 15 121 12 12 8 60 32 81 49 31 9 36 87 59 168 87 70 16 375 5 3 3 2 1 0 1 4 0 3 5 1 0 0 6 7 0 2 0 0 2 8 2 5 4 2 0 0 11 2 4 6 3 15 2 13 12 90 12 0 0 93 3 20 15 15 1 8 5 5 1 65 
42 66 23 5 11 20 19 7 19 34 15 23 28 21 13 33 53 48 30 12 21 14 14 96 26 2 3 74 53 140 41 102 665 68 105 81 320 214 506 197 211 32 131 334 180 447 223 257 192 85 38 11 50 17 8 5 9 21 0 5 5 15 2 21 15 42 10 9 8 4 14 16 26 22 23 18 3 17 85 17 22 37 31 89 33 70 40 386 39 0 0 231 21 49 83 32 8 30 41 10 7 259 
3 7 4 1 2 6 3 4 5 9 1 2 6 23 10 17 4 6 1 1 2 1 0 19 7 0 0 5 3 7 4 5 56 13 11 6 24 3 13 7 0 1 6 12 9 6 6 1 3 33 6 18 46 20 4 7 14 15 0 31 5 1 5 16 15 19 8 8 4 9 7 9 12 2 8 7 1 4 82 10 11 0 9 23 4 15 5 29 3 0 0 16 1 2 4 3 1 9 4 1 1 21 
1 4 2 0 0 9 5 1 1 3 3 2 4 5 6 11 3 7 3 1 1 1 0 6 2 0 0 0 2 5 1 3 17 0 4 4 14 0 12 2 1 0 2 8 6 5 3 1 0 15 7 4 36 26 12 0 9 14 0 9 5 6 0 6 13 13 1 8 0 7 2 1 1 1 6 1 2 4 48 2 4 0 2 20 7 4 5 7 4 0 0 5 1 1 2 0 0 2 5 0 0 10 
1 15 3 1 1 4 2 13 6 3 1 13 4 15 12 25 10 0 6 0 1 0 2 13 3 0 0 10 9 6 2 10 51 6 4 6 20 9 26 10 6 4 10 10 14 18 16 4 5 64 16 17 9 17 11 5 13 21 0 32 9 5 7 15 24 14 6 10 10 10 5 5 10 11 2 5 5 3 108 4 7 4 7 24 6 24 8 24 11 0 0 15 2 3 1 6 1 6 3 1 0 28 
1 1 1 1 0 4 1 1 2 2 2 1 5 20 3 11 5 4 2 0 3 0 0 7 0 0 0 5 1 3 2 3 13 6 5 7 2 1 4 6 0 0 6 7 2 2 3 1 1 10 12 12 39 0 13 2 7 16 0 16 6 2 0 8 8 19 9 10 0 6 8 3 6 7 2 4 1 4 90 1 3 0 1 12 2 14 2 4 0 0 0 6 0 1 3 2 1 2 0 0 0 10 
1 2 0 0 0 2 2 2 0 3 2 0 6 8 4 0 4 2 3 2 0 0 0 8 1 1 0 3 2 7 0 0 11 2 2 1 3 2 3 0 0 1 6 5 1 1 1 2 2 11 9 4 24 13 1 3 5 12 0 10 3 3 2 3 9 5 3 5 1 5 1 4 2 6 1 3 1 9 50 3 5 0 3 5 4 0 1 8 1 0 0 1 2 1 9 3 1 1 1 0 0 5 
1 1 0 0 0 0 1 0 1 4 0 2 1 6 0 2 1 0 2 1 0 0 0 3 0 0 0 2 3 0 2 4 6 2 2 1 6 2 7 1 0 1 3 1 1 2 1 0 0 4 3 5 11 4 5 0 7 17 0 9 3 2 0 6 7 3 2 2 2 0 1 3 1 2 2 0 1 2 45 0 0 0 3 3 5 2 0 3 0 0 0 1 2 1 1 1 0 1 1 0 0 2 
0 0 0 2 1 0 0 5 3 2 1 4 1 5 4 12 6 2 4 0 0 1 2 4 4 0 0 1 3 1 5 6 14 9 1 3 1 2 30 0 2 2 1 3 2 1 0 6 3 15 12 10 18 6 1 9 0 25 0 10 2 0 2 7 12 9 1 7 0 2 2 2 3 3 0 2 2 3 71 1 4 1 5 13 6 5 4 15 1 0 0 7 5 2 0 1 1 2 0 1 0 4 
5 7 4 0 0 4 0 3 2 3 3 5 5 8 3 15 3 0 4 1 1 1 0 6 1 0 0 6 5 12 1 3 14 6 8 6 14 1 8 6 3 2 3 12 3 3 2 1 2 26 12 17 29 22 11 11 20 2 0 21 7 4 1 15 9 15 1 4 5 6 3 8 5 5 14 9 2 21 126 10 5 3 7 29 0 8 0 13 3 0 0 9 2 2 0 0 1 1 3 0 0 7 
0 0 0 0 0 0 0 0 0 0 0 0 0 0 0 0 0 0 0 0 0 0 0 0 0 0 0 0 0 0 0 0 0 0 0 0 0 0 0 0 0 0 0 0 0 0 0 0 0 0 0 0 0 0 0 0 0 0 0 0 0 0 0 0 0 1 0 0 0 0 0 0 0 0 0 0 0 0 0 0 0 0 0 0 0 0 0 0 0 0 0 0 0 0 0 0 0 0 0 0 0 0 
11 14 8 2 0 9 6 4 3 4 0 10 6 16 11 14 18 10 10 2 7 5 3 14 7 0 1 12 14 10 6 4 9 4 4 0 1 2 10 5 7 0 2 8 2 7 7 0 5 16 24 10 22 21 1 4 4 18 0 1 0 7 4 7 15 31 4 6 4 1 9 17 8 21 3 10 1 5 40 4 5 1 5 10 3 4 3 11 6 0 0 5 0 1 2 0 0 1 4 0 1 8 
0 1 0 1 0 3 0 1 1 1 0 0 0 3 3 5 3 2 0 0 0 0 0 1 2 0 0 0 0 4 1 4 1 2 1 0 1 3 7 0 1 0 1 1 2 3 2 1 0 7 7 5 8 6 4 0 7 8 0 6 3 3 1 2 8 12 6 10 2 6 5 3 4 10 3 2 0 1 18 3 2 0 0 1 1 4 4 4 1 0 0 3 2 2 0 0 2 0 1 0 0 4 
2 4 3 0 2 5 3 1 2 2 2 1 1 0 2 1 8 2 2 0 0 0 1 3 1 0 0 1 0 12 3 10 13 7 11 5 18 11 15 8 2 1 3 13 0 8 1 7 3 13 4 3 1 2 1 3 2 6 0 7 5 2 1 16 5 16 6 5 2 13 6 9 4 7 2 4 0 3 16 2 4 0 6 15 1 3 5 6 3 0 0 8 0 0 2 0 0 0 1 0 0 0 
0 1 1 0 0 1 0 0 3 1 0 0 2 1 0 1 1 0 0 0 0 1 0 0 0 0 0 1 1 2 1 1 2 5 7 0 6 5 5 8 2 0 1 2 0 3 3 0 0 4 0 2 2 1 0 0 0 2 0 6 6 0 0 3 5 10 1 2 2 0 5 3 1 2 0 0 0 1 6 1 0 0 2 3 0 2 0 1 0 0 0 2 0 0 2 1 0 0 1 1 0 0 
3 1 0 0 2 5 3 2 2 3 0 4 0 0 0 0 0 0 0 0 0 0 0 1 3 0 0 0 5 9 4 3 6 1 7 13 20 7 18 8 6 2 3 7 8 10 9 2 3 23 7 7 11 6 3 2 5 13 0 8 4 9 1 2 9 19 7 8 2 9 16 8 15 9 7 2 0 3 38 4 1 1 1 2 1 3 2 8 1 0 0 6 1 0 2 0 0 0 0 0 0 3 
3 4 2 1 2 6 3 7 5 2 1 4 5 0 0 3 4 0 0 0 0 0 0 1 0 0 1 2 6 37 13 18 13 10 8 9 29 14 37 9 14 2 6 6 12 10 11 3 3 26 7 4 15 6 2 4 6 16 0 21 16 6 14 5 3 31 11 16 18 12 26 38 12 13 8 1 0 1 35 7 6 2 2 9 2 6 0 9 2 0 0 7 1 1 2 1 1 0 1 0 0 5 
6 14 8 0 0 10 12 7 17 10 0 6 6 1 0 0 1 1 1 0 0 0 0 0 2 0 0 0 6 70 23 22 23 19 14 9 47 7 53 23 15 0 5 8 18 10 12 1 4 38 27 16 39 25 7 5 16 19 0 31 25 7 24 24 47 18 20 37 45 46 53 69 40 44 15 10 0 5 90 15 7 1 2 10 3 7 1 11 4 0 0 10 0 3 2 1 0 1 0 0 0 7 
4 3 4 0 0 0 0 3 1 1 0 1 1 0 0 0 0 0 0 0 0 0 0 0 0 0 0 0 8 2 2 8 1 2 3 3 11 4 8 3 2 0 5 4 2 4 1 1 2 14 0 6 10 3 0 0 3 1 0 4 2 1 1 9 11 15 2 2 21 19 21 20 12 7 0 1 0 1 11 1 1 0 1 2 1 1 0 0 2 0 0 1 0 0 0 0 0 1 0 0 0 1 
3 1 1 1 0 3 3 1 0 3 1 0 0 2 0 0 0 0 0 0 0 0 0 0 0 0 0 0 10 12 4 2 5 9 2 3 11 1 19 1 0 0 0 4 3 10 5 6 1 14 11 3 14 7 5 1 9 12 0 12 8 6 3 7 21 23 7 3 12 26 33 43 6 22 2 5 0 0 16 4 1 2 5 1 1 3 0 5 1 0 0 1 0 0 0 0 0 0 1 0 0 2 
0 0 0 0 1 1 1 0 0 1 0 0 1 1 0 5 2 0 0 0 0 0 1 0 0 0 0 0 0 7 7 4 0 8 8 2 11 1 20 2 2 1 0 0 2 3 2 0 1 2 0 1 6 4 0 0 1 4 0 4 5 3 0 2 16 21 15 13 1 8 20 38 2 9 1 1 0 2 15 1 0 0 0 1 1 1 0 3 1 0 0 0 0 0 0 0 0 0 0 0 0 0 
0 1 2 0 1 3 3 2 0 2 3 0 1 0 1 2 1 1 0 0 0 0 0 0 0 0 0 0 2 3 4 4 8 8 10 2 15 5 22 3 4 3 2 2 1 2 6 3 0 9 9 2 12 7 0 2 3 16 0 8 4 7 0 6 21 37 18 20 8 8 14 39 25 26 5 2 1 0 20 0 1 0 1 6 1 3 0 6 1 0 0 3 0 0 0 0 0 0 0 0 0 0 
0 4 0 0 0 1 3 2 1 1 0 5 2 0 0 4 5 0 0 0 0 0 0 0 0 0 0 0 2 3 1 0 18 7 6 3 18 12 28 5 4 0 3 1 2 5 6 0 2 14 3 2 12 4 1 0 2 3 0 11 4 1 4 3 14 25 19 18 13 11 1 47 7 13 2 0 0 3 13 3 0 0 0 4 0 4 1 7 1 0 0 3 0 0 0 0 0 0 0 0 0 2 
1 0 0 0 0 3 0 2 0 4 1 1 5 1 0 1 2 0 0 0 0 0 0 0 0 0 0 0 4 5 1 2 15 10 8 3 20 9 22 4 4 1 2 10 8 3 1 1 1 7 5 1 8 6 0 0 2 5 0 14 11 11 3 10 18 32 11 33 9 21 27 2 16 19 0 0 0 4 15 3 1 1 2 7 1 3 0 4 2 0 0 3 0 0 2 0 0 0 0 0 0 2 
0 3 3 0 1 2 2 1 2 4 1 5 4 3 2 3 4 0 0 1 0 0 0 1 0 0 0 0 3 15 3 4 13 15 10 12 28 6 26 7 7 6 17 7 5 6 4 3 3 34 8 13 12 4 5 5 8 5 0 19 10 8 1 15 35 66 19 25 7 24 21 89 3 7 3 2 0 5 20 4 7 3 4 3 4 2 0 5 3 0 0 1 0 0 0 3 1 4 0 0 0 3 
4 3 0 0 2 3 2 1 0 5 2 2 1 2 1 0 1 1 0 0 0 0 0 0 0 0 0 0 5 0 0 3 5 14 4 11 16 5 13 10 7 0 1 4 2 2 8 1 3 11 11 3 13 7 0 3 0 2 0 16 10 9 2 14 25 22 13 16 8 39 22 51 19 4 6 3 1 4 36 2 0 2 4 5 3 5 1 7 0 0 0 4 1 1 0 1 0 1 0 0 0 4 
2 2 3 1 2 2 0 2 2 4 0 2 1 12 3 6 4 3 2 0 0 0 0 5 1 0 0 0 0 4 1 3 13 1 1 0 13 0 16 7 1 2 11 17 8 6 7 7 6 25 9 3 8 2 2 0 3 9 0 5 5 1 2 9 6 6 2 2 1 1 1 0 4 3 6 6 2 11 130 13 7 3 9 47 8 16 7 37 12 0 0 14 1 5 4 2 2 5 2 1 1 27 
2 2 1 0 1 0 4 1 6 9 3 4 6 10 5 6 8 6 3 3 1 0 1 5 2 0 0 3 0 6 0 1 7 1 3 0 4 0 11 4 5 2 5 14 5 15 8 8 7 30 9 2 10 1 7 0 6 9 0 4 2 0 0 2 3 4 2 4 0 1 4 1 2 1 14 2 7 15 114 29 17 5 15 47 9 15 6 33 4 0 0 13 7 3 0 4 2 4 1 0 0 23 
1 0 0 1 0 0 1 4 1 0 0 1 2 3 0 0 1 0 1 0 0 0 0 0 0 0 0 0 0 0 0 0 0 0 0 1 0 0 2 1 2 0 2 0 1 2 2 1 0 1 0 0 1 4 0 0 0 8 0 3 2 0 0 2 1 1 0 2 0 1 0 0 0 0 4 2 0 10 54 10 4 1 5 22 5 1 3 10 1 0 0 1 1 0 0 2 1 1 0 0 2 1 
0 3 0 0 0 0 0 4 3 0 0 4 1 5 1 5 0 3 3 1 4 0 0 5 0 0 0 1 5 3 0 2 6 0 0 0 4 2 6 4 4 6 5 11 7 5 5 2 1 23 2 2 9 7 3 2 5 14 0 9 2 0 1 2 2 5 3 2 2 0 0 0 0 1 11 13 8 3 81 19 12 3 6 51 8 6 3 22 6 0 0 10 1 2 2 4 0 1 3 0 0 8 
7 12 6 3 5 9 5 8 10 9 4 5 8 20 12 33 24 9 9 2 5 2 1 19 5 0 0 14 5 25 5 13 34 14 5 9 16 4 48 9 11 0 12 35 23 38 14 7 8 75 42 31 90 50 38 15 49 80 0 23 12 12 4 27 22 37 10 12 3 8 13 13 16 22 83 97 39 59 17 41 52 11 23 163 37 27 13 78 9 0 0 32 10 13 15 8 1 17 7 1 1 34 
0 0 1 1 0 2 0 0 0 5 2 1 0 7 1 5 5 2 5 1 0 0 0 4 2 0 1 0 4 3 1 3 9 0 2 0 6 4 10 3 1 1 13 13 2 8 11 5 3 27 12 8 8 5 6 2 9 20 0 4 2 0 1 2 3 8 3 3 2 0 1 0 3 3 20 19 11 26 114 1 17 13 37 95 40 14 3 33 12 0 0 28 2 1 6 5 0 7 7 0 0 20 
1 0 1 0 0 2 1 0 1 0 0 0 0 2 0 0 0 0 2 0 0 0 0 0 0 0 0 0 0 3 0 6 1 3 1 0 3 6 9 1 3 2 7 11 3 12 1 0 1 21 2 7 10 2 3 3 0 5 0 1 1 4 4 3 8 6 0 3 2 2 1 3 5 4 13 14 2 5 96 20 1 9 16 77 45 20 6 22 7 0 0 12 11 11 3 5 1 4 5 1 0 28 
1 3 1 0 1 1 3 1 2 0 3 0 0 1 0 1 2 1 1 0 0 0 0 2 0 0 0 0 2 5 1 2 13 1 1 2 2 4 8 7 7 2 10 11 6 28 5 9 8 45 3 0 7 0 0 0 2 4 0 3 1 0 0 1 3 1 0 1 1 1 5 0 2 2 10 8 1 5 44 2 12 1 8 49 24 16 5 52 4 0 0 18 5 10 10 8 0 3 6 1 1 29 
0 0 3 2 0 1 1 1 0 0 0 1 0 0 0 1 1 0 0 0 0 0 0 0 0 0 0 1 1 3 0 5 1 1 1 0 1 0 1 2 5 0 8 17 5 8 4 5 5 29 4 6 5 1 5 2 3 3 0 0 1 2 2 2 0 2 1 1 5 0 4 1 1 2 14 11 4 8 43 14 12 5 2 88 16 20 5 25 5 0 0 29 9 8 2 4 3 4 3 2 0 20 
6 3 5 1 1 1 1 2 7 7 0 0 0 0 3 0 0 1 0 0 2 1 0 1 2 0 0 6 11 11 2 4 9 3 2 2 4 3 28 6 14 4 42 83 25 52 29 12 24 112 18 14 40 26 5 7 10 45 0 8 1 2 0 2 4 5 1 4 0 0 0 11 3 6 66 49 16 64 185 86 91 29 116 21 155 73 33 108 35 0 0 76 18 23 25 20 5 34 30 4 2 47 
0 2 1 0 0 1 0 1 1 1 0 0 0 0 0 0 1 3 0 0 2 0 0 2 0 0 0 0 6 0 0 1 6 0 1 0 0 3 8 6 5 0 16 29 9 16 9 8 5 30 7 4 7 2 4 4 4 9 0 9 0 0 0 4 0 1 3 2 0 0 3 1 0 2 7 11 4 13 52 34 37 7 30 158 5 39 10 34 14 0 0 38 6 11 8 3 0 8 6 1 1 32 
7 7 8 0 1 2 8 0 5 4 1 1 0 5 2 4 2 4 3 3 1 1 2 10 4 0 0 3 6 17 2 14 18 6 1 9 24 16 35 5 5 7 68 112 34 67 35 18 17 104 11 8 18 8 2 3 6 9 0 6 1 3 0 4 5 5 1 4 1 3 3 5 0 3 20 12 3 15 52 20 38 16 29 65 57 8 28 75 53 0 0 79 28 43 25 41 7 25 30 5 10 55 
5 3 5 1 3 0 0 1 1 4 0 1 1 1 0 3 8 5 1 2 0 0 0 2 3 0 0 5 1 6 2 7 17 5 7 4 22 7 36 11 10 4 34 54 15 40 18 13 9 68 4 4 10 3 3 1 2 6 0 2 0 4 2 3 8 2 13 2 0 3 1 0 2 4 8 7 5 2 26 7 5 9 12 51 26 23 9 65 21 0 0 86 18 19 16 19 2 23 11 5 0 46 
30 20 10 2 4 9 7 9 8 7 2 0 3 6 1 7 20 18 7 5 7 3 3 31 16 0 0 12 16 53 15 33 152 17 27 7 75 51 160 24 11 15 74 138 66 149 91 56 74 532 25 5 44 14 3 4 10 18 0 14 5 5 0 1 9 11 6 3 4 1 8 9 6 14 32 9 6 30 93 33 21 36 38 123 52 62 30 22 38 0 0 200 30 40 47 36 5 35 50 9 9 261 
7 5 5 2 0 2 1 2 1 4 0 5 0 2 1 4 4 6 4 3 1 0 5 2 1 0 0 6 5 7 5 6 19 4 10 9 25 16 31 29 20 7 36 125 7 41 16 8 10 45 4 4 13 6 0 1 4 2 0 7 4 1 2 3 0 2 1 0 0 2 0 0 1 1 10 8 1 10 26 3 5 9 10 44 16 41 32 38 6 0 0 66 8 22 14 12 2 11 11 1 2 51 
0 0 0 0 0 0 0 0 0 0 0 0 0 0 0 0 0 0 0 0 0 0 0 0 0 0 0 0 0 0 0 0 0 0 0 0 0 0 0 0 0 0 0 0 0 0 0 0 0 0 0 0 0 0 0 0 0 0 0 0 0 0 0 0 0 0 0 0 0 0 0 0 0 0 0 0 0 0 0 0 0 0 0 0 0 0 0 0 0 0 0 0 0 0 0 0 0 0 0 0 0 0 
0 0 0 0 0 0 0 0 0 0 0 0 0 0 0 0 0 0 0 0 0 0 0 0 0 0 0 0 0 0 0 0 0 0 0 0 0 0 0 0 0 0 0 0 0 0 0 0 0 0 0 0 0 0 0 0 0 0 0 0 0 0 0 0 0 0 0 0 0 0 0 0 0 0 0 0 0 0 0 0 0 0 0 0 0 0 0 0 0 0 0 0 0 0 0 0 0 0 0 0 0 1 
4 7 8 0 1 2 1 5 0 1 0 4 13 4 1 5 10 5 1 3 5 1 0 7 3 0 0 11 5 21 3 19 32 12 28 19 72 61 108 37 25 5 56 146 53 86 43 44 42 159 12 6 10 9 0 0 4 8 0 1 5 7 0 10 8 4 1 0 1 0 1 2 2 3 4 9 2 8 33 16 19 14 16 44 56 78 42 105 55 0 0 15 51 71 30 88 10 44 25 4 10 89 
1 0 2 0 0 1 2 3 1 0 0 1 2 3 0 1 3 4 0 0 0 1 0 1 0 1 0 1 0 2 2 1 9 3 6 2 17 11 24 15 35 9 23 40 19 34 14 6 5 45 0 0 7 0 0 5 2 0 0 3 0 1 0 0 2 0 1 0 0 0 1 0 0 2 2 4 0 2 14 8 6 4 16 35 8 22 22 40 11 0 0 76 3 10 8 13 2 14 9 1 3 22 
0 0 3 0 0 0 1 1 0 0 3 2 1 0 0 5 2 4 0 1 0 0 0 0 0 0 0 1 1 8 2 14 10 1 7 6 25 13 31 16 10 6 22 52 12 37 22 16 8 63 3 2 4 5 4 0 2 3 0 0 0 0 0 0 2 2 0 1 0 0 1 1 0 0 1 2 1 3 21 6 8 7 4 31 15 33 7 47 11 0 0 71 10 4 6 21 7 15 15 2 3 61 
0 2 2 0 1 0 1 0 1 2 0 0 0 1 0 0 0 0 0 1 0 0 1 0 0 0 1 2 1 5 0 2 9 2 4 5 7 4 14 7 4 5 11 25 6 28 10 9 7 33 4 3 4 3 1 1 4 3 0 0 1 2 2 7 0 0 0 0 0 0 0 0 0 0 3 0 0 2 15 5 1 4 3 28 11 24 8 28 12 0 0 36 3 4 4 25 0 8 4 0 0 47 
0 0 0 1 1 0 0 0 2 3 0 4 4 2 0 4 0 1 1 0 0 0 0 4 1 0 0 0 5 2 4 6 18 3 6 1 21 11 31 8 3 5 29 61 14 27 13 8 9 68 1 3 5 4 2 1 0 1 0 0 1 0 0 0 0 1 0 0 0 0 1 0 2 1 3 4 0 2 17 3 10 5 4 19 3 22 13 40 20 0 0 111 15 27 14 6 4 12 4 2 1 80 
0 0 1 0 0 0 0 0 0 5 0 0 0 0 0 1 1 0 0 0 0 0 0 1 0 0 0 0 0 2 1 1 6 0 4 0 3 4 7 5 0 0 7 8 2 7 2 3 1 4 1 2 0 2 0 0 0 0 0 0 0 0 0 1 0 0 0 0 0 0 0 0 0 0 0 1 0 0 3 1 1 1 2 1 6 6 2 10 3 0 0 7 2 2 2 3 0 2 0 1 0 4 
0 0 0 0 0 1 0 2 0 0 0 0 0 1 0 0 1 0 0 0 0 0 0 0 0 0 0 0 2 5 0 2 4 4 1 1 20 5 9 6 3 1 16 23 11 27 18 7 11 44 5 1 4 9 1 1 0 0 0 1 2 0 0 1 0 0 0 0 0 0 1 0 0 0 5 5 0 2 3 1 4 0 5 15 7 17 8 30 11 0 0 47 7 7 3 20 1 4 4 7 1 52 
0 3 0 0 0 2 0 1 1 1 0 0 1 3 0 0 2 0 0 0 0 0 0 1 1 0 0 0 2 5 0 3 5 0 0 2 9 2 26 1 7 3 17 36 16 28 24 10 8 66 0 0 4 7 0 0 1 2 0 1 0 0 0 2 0 0 0 0 0 0 0 0 0 0 3 3 1 1 12 4 10 7 4 20 15 21 5 29 10 0 0 38 7 6 4 4 0 3 2 4 1 19 
0 0 0 0 0 0 0 1 0 1 0 0 0 0 0 0 1 0 0 0 0 0 0 1 0 0 0 0 2 0 0 0 0 0 0 0 3 0 10 0 1 0 2 5 1 6 3 0 4 12 0 0 0 0 1 1 0 0 0 0 0 0 0 0 0 0 0 0 0 0 0 0 0 0 1 0 0 0 0 2 1 1 1 3 1 5 0 6 4 0 0 6 1 4 0 0 0 3 0 1 0 4 
0 0 0 0 0 0 0 0 0 1 1 1 0 0 0 0 0 1 0 0 2 0 0 0 0 0 0 0 0 0 0 1 0 1 0 0 3 1 5 0 1 0 5 5 0 8 3 1 6 7 0 0 0 0 0 0 0 0 0 0 0 0 0 0 0 0 0 0 0 0 0 0 0 0 0 3 0 0 1 0 0 0 0 2 1 3 1 8 5 0 0 12 3 1 3 3 1 0 3 0 0 8 
10 8 6 0 0 3 1 1 2 3 4 0 2 5 3 4 4 2 2 0 2 0 1 2 1 0 0 5 0 15 11 13 57 9 10 8 41 27 66 21 21 7 92 70 43 58 45 25 25 168 8 6 19 4 2 0 6 5 0 5 1 1 0 4 2 3 0 2 0 0 1 2 3 1 18 4 1 5 23 8 10 12 5 54 16 44 18 157 37 0 0 104 9 36 41 53 3 27 22 2 5 14 
