10 10 22 9 9 23 28 13 23 19 14 30 41 102 74 87 27 21 23 9 12 8 10 26 13 0 1 35 85 2 0 1 22 3 7 4 8 7 29 13 17 4 10 5 13 19 9 1 2 50 7 4 5 2 1 0 2 6 0 0 1 1 0 1 5 12 2 2 2 1 0 1 1 6 1 3 0 2 18 1 2 1 3 3 0 13 2 14 4 0 0 14 4 1 2 0 1 1 1 0 0 19 
11 13 23 6 13 26 32 26 28 20 7 36 49 140 50 82 32 19 27 9 14 19 2 38 11 0 1 17 128 1 1 3 16 5 4 4 6 6 33 20 17 0 10 13 10 13 10 8 9 55 6 1 11 4 1 5 1 7 0 2 2 2 5 6 6 9 6 2 2 3 3 2 1 2 0 0 1 3 23 2 0 3 2 6 1 7 0 29 1 0 0 5 2 2 8 2 0 0 3 0 0 11 
22 14 18 11 10 27 30 40 42 17 13 48 56 133 54 38 53 30 27 8 10 15 6 26 16 1 1 27 304 1 0 3 9 4 1 3 5 6 29 20 16 0 5 11 9 8 8 4 6 32 5 1 9 4 2 6 1 6 0 2 4 2 0 2 9 14 2 2 1 6 2 2 3 2 0 0 0 0 14 2 2 1 0 1 2 4 4 6 2 0 0 10 8 6 1 1 0 0 2 0 2 4 
5 9 22 1 2 11 7 6 10 6 3 5 12 20 5 13 3 0 3 2 1 4 0 1 1 0 0 4 29 0 1 0 4 1 0 2 2 0 2 2 0 0 1 4 2 3 6 0 1 4 1 0 1 1 0 0 0 4 0 0 0 0 1 0 0 1 0 0 0 0 2 0 0 0 0 0 0 0 5 0 0 0 0 1 0 0 1 2 1 0 0 1 0 0 0 1 0 0 0 0 0 0 
11 9 12 3 0 15 11 9 8 7 8 9 16 29 11 13 14 9 3 5 2 3 7 12 3 0 2 12 23 0 0 1 1 0 2 2 3 1 8 4 2 1 1 1 4 6 1 1 2 15 3 1 3 0 3 1 1 0 0 1 0 0 0 1 1 2 0 1 0 1 0 2 2 2 5 0 0 1 14 0 2 0 2 3 0 1 0 1 0 0 0 1 1 0 0 0 0 0 1 0 0 0 
31 39 27 7 10 11 18 10 26 20 14 38 51 90 50 69 40 19 31 9 5 12 3 25 8 1 1 17 133 6 2 2 9 2 2 0 11 2 33 13 4 0 10 13 7 16 8 5 4 42 7 2 12 2 4 1 3 1 0 1 1 4 1 7 2 15 4 0 0 3 4 0 3 7 3 2 0 2 9 0 0 0 0 7 2 3 2 9 3 0 0 12 2 3 3 2 0 1 0 0 2 5 
21 46 34 17 12 27 15 35 33 20 13 25 67 110 46 53 44 30 25 11 12 8 7 21 6 0 0 17 117 3 0 2 23 6 2 3 12 9 32 17 11 6 6 9 12 10 8 1 5 28 2 3 4 3 1 1 2 7 0 1 0 7 1 4 7 8 4 2 0 5 2 3 2 10 0 2 0 0 13 1 0 0 0 2 0 5 0 6 0 0 0 5 2 2 1 0 0 3 2 0 0 13 
22 31 43 7 8 16 39 10 16 16 13 49 75 121 47 69 58 47 23 5 7 21 4 31 3 2 1 21 73 4 2 5 12 0 0 2 1 3 21 11 5 0 12 7 12 11 4 2 1 14 6 1 3 7 2 2 0 1 0 1 0 3 2 9 6 5 1 4 0 2 2 1 4 4 1 0 0 3 13 0 1 0 1 1 0 3 3 2 4 0 0 12 1 3 3 0 0 0 0 0 1 8 
26 42 46 11 8 18 49 34 6 5 12 36 54 97 29 72 44 23 23 12 14 9 5 20 10 0 0 31 59 7 1 2 16 1 2 0 3 7 26 13 18 4 12 17 6 10 6 2 1 27 2 1 3 4 1 3 5 4 0 0 1 0 3 3 6 13 1 3 1 1 2 5 2 1 3 0 0 0 9 0 0 1 1 3 0 3 2 9 1 0 0 6 1 2 2 0 0 0 5 0 0 5 
19 19 22 6 9 13 17 9 7 7 6 15 46 66 37 38 35 14 13 4 5 8 1 29 17 2 2 26 29 2 0 4 5 3 2 1 1 2 23 11 7 0 5 1 3 9 8 3 4 15 6 5 12 11 1 3 5 6 0 3 0 2 0 1 1 3 1 2 0 0 3 3 2 0 2 2 1 1 9 0 2 0 1 3 3 1 1 10 0 0 0 3 0 2 1 3 0 1 1 0 0 2 
11 11 11 2 8 4 22 13 10 14 8 8 40 40 24 38 18 19 6 9 5 3 4 16 4 0 2 13 47 5 1 2 6 1 2 0 2 1 18 10 4 6 5 4 5 6 5 4 1 22 4 0 8 1 1 1 0 5 0 2 1 3 0 1 1 1 0 0 3 0 2 2 0 2 2 2 3 0 3 0 0 1 0 0 0 1 0 3 0 0 0 3 0 1 0 0 0 1 1 0 0 0 
25 39 27 11 10 31 35 28 31 18 10 3 21 55 21 53 45 28 36 13 15 10 12 55 15 3 1 62 62 13 1 3 10 7 1 0 3 6 31 15 12 2 3 2 8 20 9 3 4 34 10 0 7 5 0 1 3 6 0 6 3 6 0 0 0 8 0 0 0 0 1 2 6 5 1 3 0 1 7 1 0 0 0 0 0 0 0 3 1 0 0 11 1 9 0 2 0 1 2 0 0 7 
43 59 62 15 10 39 59 53 66 39 30 43 1 87 30 78 69 40 39 20 18 12 8 46 38 2 2 62 74 9 6 9 13 1 3 1 2 6 27 23 15 7 19 9 13 17 8 3 6 40 3 3 12 5 3 1 1 5 0 5 1 1 0 0 2 3 1 3 0 0 2 0 5 7 5 4 0 2 9 0 1 0 0 0 0 0 0 0 1 0 0 8 1 3 6 1 0 1 2 0 0 9 
47 100 84 4 23 59 56 49 66 39 42 40 63 10 16 40 67 47 63 22 35 16 20 79 43 1 6 156 42 10 1 2 12 3 1 7 1 9 31 16 14 4 7 6 2 7 6 2 3 36 13 3 12 9 1 5 3 8 0 7 0 3 1 0 0 0 1 2 0 1 1 3 0 2 9 4 1 1 29 2 4 0 1 1 0 0 0 8 2 0 0 10 0 3 1 1 0 0 2 1 0 1 
31 50 80 11 23 38 43 43 48 28 13 29 42 31 5 24 40 33 30 19 22 24 21 60 28 6 3 135 52 7 2 6 8 2 0 0 3 3 10 12 8 0 7 14 3 3 8 2 2 21 10 3 7 4 2 1 2 4 0 6 2 0 0 1 0 0 0 2 0 0 0 1 2 0 5 1 0 3 19 0 0 0 0 0 0 1 0 4 2 0 0 7 0 0 0 2 0 1 2 0 0 4 
35 48 41 16 12 30 31 45 47 41 30 37 52 45 20 14 54 68 55 24 42 33 32 100 51 14 11 95 67 12 9 16 38 6 20 15 26 1 22 25 14 2 14 17 14 19 17 20 2 46 7 3 18 1 1 2 6 7 0 2 1 1 0 2 1 1 0 2 0 1 1 2 1 5 5 4 1 3 13 1 0 1 0 1 2 3 1 11 3 0 0 18 5 4 5 1 1 0 3 0 1 4 
18 42 29 12 13 38 43 30 37 34 15 29 39 91 35 73 9 38 56 21 57 23 26 99 42 13 8 104 39 48 9 32 41 10 27 17 42 13 52 38 26 5 19 24 22 48 22 8 15 54 11 3 13 7 4 3 5 9 0 7 0 3 0 7 0 1 0 1 1 0 1 0 1 3 1 1 2 1 23 3 1 1 0 1 0 1 6 23 4 0 0 19 5 0 2 3 1 1 0 0 0 8 
17 44 21 0 2 21 26 23 23 34 17 50 61 103 55 124 51 16 42 21 49 14 22 44 22 13 2 54 38 18 5 19 59 13 22 16 33 13 68 24 16 8 13 30 17 24 18 5 4 54 4 2 7 2 0 1 3 7 0 0 1 2 1 4 0 1 0 0 0 0 0 1 2 1 9 5 1 0 22 3 1 0 0 1 0 6 1 15 1 0 0 6 2 2 0 0 1 1 0 0 0 3 
16 32 23 1 5 25 14 14 15 20 14 23 45 77 25 77 64 40 3 9 29 16 17 61 14 7 3 59 25 12 7 13 26 1 11 12 22 8 28 7 7 1 7 9 7 10 6 4 5 17 3 1 10 7 0 1 0 3 0 1 0 3 0 1 0 0 0 0 0 0 0 0 0 0 5 2 1 0 9 1 0 0 0 1 1 3 2 4 4 0 0 4 0 0 0 0 0 0 1 0 1 0 
7 14 13 1 7 5 10 10 16 22 5 15 20 55 33 52 48 24 28 2 10 5 14 32 13 17 5 83 12 9 2 0 10 0 6 6 9 12 47 14 3 1 5 3 8 10 10 3 1 19 2 3 2 0 1 1 1 3 0 1 0 0 0 1 0 0 0 0 0 0 0 0 0 0 1 0 0 2 8 0 0 0 0 0 0 1 3 6 1 0 0 2 0 1 1 0 0 0 0 0 0 1 
7 23 20 4 2 13 16 13 18 12 8 15 36 77 35 104 55 43 54 0 8 6 14 27 12 11 10 72 28 9 3 1 6 3 6 8 19 2 52 10 13 2 5 3 6 7 4 4 5 26 1 0 1 0 0 1 0 1 0 1 0 0 0 0 0 0 0 0 0 0 0 0 0 0 0 0 0 0 3 1 0 0 0 0 0 1 0 3 1 0 0 5 0 0 1 0 0 0 0 0 0 3 
19 21 24 1 3 18 18 24 21 17 7 21 32 79 27 73 44 34 27 3 16 9 8 26 14 26 8 105 42 6 7 2 11 2 4 4 7 10 41 4 4 1 2 7 6 10 5 5 1 15 0 0 0 4 1 2 0 1 0 4 1 0 3 1 0 0 0 0 0 0 0 0 0 0 0 0 0 0 4 0 0 0 0 0 0 0 3 5 4 0 0 5 0 0 0 0 0 0 0 0 0 0 
4 10 4 2 3 14 3 10 6 12 5 23 24 60 30 82 39 34 27 10 34 17 12 22 15 12 9 81 14 6 2 0 12 7 14 1 10 3 33 12 7 3 5 7 5 10 4 5 0 14 1 3 1 2 0 0 0 3 0 1 0 0 0 1 0 1 0 0 0 0 0 0 0 0 0 2 0 0 4 0 0 0 0 1 0 0 0 3 0 0 0 2 0 1 0 0 1 0 0 0 0 0 
25 30 14 5 4 14 13 13 19 27 10 36 46 130 58 141 114 58 88 12 40 19 20 18 13 41 26 150 18 8 0 2 43 3 19 8 42 8 54 44 25 0 12 19 17 18 21 5 4 93 2 3 4 7 5 2 5 8 0 1 0 2 0 0 1 0 0 0 0 0 0 0 0 0 7 6 1 1 18 2 1 0 0 0 1 3 0 7 3 0 0 6 1 0 1 0 0 0 1 0 0 1 
32 44 13 2 14 27 11 16 19 54 17 33 54 108 42 117 57 31 52 28 28 15 11 15 8 5 31 85 6 22 8 11 140 6 9 13 28 19 64 36 35 3 14 23 23 27 17 22 16 163 27 4 24 10 3 4 2 6 0 5 0 5 2 4 1 0 0 1 0 0 0 0 0 3 10 5 1 0 30 2 1 4 1 5 3 5 7 33 2 0 0 13 1 3 1 2 2 3 0 0 0 3 
0 1 6 0 1 0 1 3 2 3 0 2 2 3 5 19 5 5 4 7 13 15 7 26 4 3 2 18 0 0 0 0 2 1 0 0 1 1 6 1 1 0 0 0 1 1 0 1 1 1 0 0 0 0 1 0 0 0 0 1 0 0 0 0 1 0 0 0 0 0 0 0 0 0 0 0 0 0 0 0 0 0 0 0 0 0 0 0 0 0 0 0 0 0 0 0 0 0 0 0 0 0 
2 1 0 0 0 2 0 0 1 2 0 2 4 9 2 26 19 3 6 4 12 8 5 33 12 0 1 53 0 0 0 2 2 2 1 0 4 0 12 1 1 0 0 1 0 0 0 0 0 2 0 0 2 0 0 0 0 0 0 0 0 0 0 0 0 0 0 0 0 0 0 0 0 0 0 0 0 0 2 1 0 0 0 0 0 0 0 0 0 0 0 0 0 0 0 0 0 0 0 0 0 1 
33 18 22 5 4 13 14 15 23 34 20 33 55 183 105 170 106 67 79 52 104 159 95 146 52 15 55 12 19 2 0 0 34 8 14 13 50 18 70 37 41 5 13 27 21 34 28 6 8 116 13 4 9 2 3 2 3 7 0 0 4 0 0 2 1 0 0 0 0 0 0 0 0 0 2 1 0 3 14 4 0 0 0 2 1 3 5 31 4 0 0 13 0 1 1 0 0 4 5 0 0 18 
3 9 16 5 1 6 8 11 8 7 6 2 3 15 10 5 5 1 1 1 0 3 3 4 2 5 0 3 1 0 1 0 3 0 0 0 0 1 2 2 3 0 2 1 1 2 1 1 0 2 0 0 0 0 1 0 1 0 0 0 1 0 2 6 1 1 0 0 2 0 0 1 0 0 0 0 0 0 1 0 0 0 0 1 0 0 0 0 1 0 0 0 1 0 0 1 1 0 0 0 0 1 
2 7 2 1 0 4 6 6 2 5 2 5 13 9 2 30 49 30 28 4 7 1 3 11 2 0 0 1 22 32 106 101 285 70 145 188 509 162 331 125 82 3 57 86 39 86 62 21 20 228 12 6 11 8 1 2 3 6 0 9 5 12 1 18 18 46 10 8 5 6 6 8 6 0 5 5 0 4 22 3 4 13 3 5 2 17 4 53 8 0 0 48 5 4 18 4 0 5 4 1 0 38 
1 1 2 0 0 0 2 4 0 2 0 1 6 0 3 8 16 7 10 2 0 2 0 1 6 0 0 2 6 73 8 49 116 26 71 51 224 67 87 39 15 6 20 27 20 18 23 5 10 51 3 2 3 1 1 1 1 5 0 2 0 1 3 0 13 24 0 5 1 5 3 2 4 0 0 0 2 0 18 0 1 0 0 2 0 4 5 12 6 0 0 18 2 4 10 7 1 6 2 0 1 10 
4 4 0 1 0 5 0 6 1 1 4 2 3 2 5 20 40 18 12 6 1 1 1 9 2 0 0 7 11 103 101 16 142 29 80 82 315 133 243 101 73 10 50 51 68 64 51 9 22 153 9 5 8 10 0 1 7 7 0 2 7 8 2 11 14 46 3 1 6 3 2 2 4 2 5 0 4 1 18 2 1 1 2 6 0 19 6 34 10 0 0 30 12 14 9 4 1 2 7 2 0 15 
6 10 3 0 0 1 3 2 3 7 0 4 3 3 1 10 27 8 4 6 3 2 4 19 15 1 0 16 10 162 69 62 19 18 47 45 164 79 159 84 77 12 48 44 58 66 49 22 27 269 12 4 30 8 6 2 7 9 0 3 4 5 1 4 11 21 6 9 5 7 11 7 5 3 9 8 5 4 22 1 6 4 1 2 2 19 6 51 21 0 0 23 4 6 9 6 0 3 2 1 0 26 
3 4 2 0 1 1 4 3 0 1 0 1 1 1 1 9 13 11 11 3 0 5 1 7 4 0 0 2 2 63 22 26 29 5 28 19 126 54 139 53 28 6 37 35 32 36 29 10 6 89 12 7 8 13 12 6 5 5 0 6 6 17 5 4 11 20 7 4 2 4 10 10 12 5 2 1 1 1 23 0 1 0 0 2 0 2 4 15 7 0 0 25 1 5 9 4 0 0 2 1 1 7 
0 9 6 0 1 2 1 2 1 0 1 3 4 1 0 14 17 10 16 2 3 5 4 10 6 0 0 12 3 112 44 72 93 22 11 27 175 79 142 75 39 4 54 60 49 55 29 15 10 129 7 4 6 1 4 2 4 7 0 4 1 21 2 14 6 9 3 4 1 9 4 16 14 4 2 1 0 3 21 0 2 0 0 1 0 7 1 14 6 0 0 47 5 10 9 7 1 6 9 1 0 14 
6 4 0 0 0 2 0 2 0 0 0 1 4 3 1 10 19 13 8 2 5 2 2 7 8 0 0 6 4 140 54 89 135 26 62 13 226 69 98 57 40 5 19 30 31 41 32 14 16 123 2 7 8 2 1 0 2 1 0 0 1 7 3 3 11 14 1 1 2 1 2 4 6 3 0 1 0 0 5 3 0 0 0 0 0 3 2 18 3 0 0 28 8 8 8 5 0 2 4 1 0 17 
4 2 10 0 0 5 3 3 2 2 2 0 1 1 0 18 25 17 16 8 7 2 6 16 5 1 5 19 4 258 106 139 223 65 106 175 24 92 266 229 121 21 112 114 87 149 106 44 34 308 13 6 10 10 1 2 4 9 0 3 1 10 11 18 13 19 7 8 5 4 18 10 9 10 2 2 0 0 18 0 1 1 1 4 5 7 4 64 23 0 0 70 25 11 14 7 2 20 12 3 2 46 
9 8 12 2 4 8 6 2 10 9 2 8 7 8 3 3 16 17 13 8 18 2 5 13 6 0 1 19 21 123 46 79 132 34 60 47 127 11 154 167 91 16 96 90 96 100 74 33 21 272 12 6 9 3 4 0 2 4 0 2 1 11 2 11 5 8 0 2 1 2 6 4 13 8 0 3 0 0 7 2 1 1 0 0 2 11 3 56 16 0 0 60 16 15 7 9 2 7 5 2 1 36 
12 13 18 4 4 9 10 6 18 16 8 14 12 15 8 3 35 36 13 13 11 9 16 20 12 1 0 34 20 111 39 93 198 44 78 43 267 108 14 195 123 20 93 112 69 138 72 37 27 259 4 2 9 8 0 1 4 7 0 2 1 2 6 16 9 14 2 5 1 5 7 8 17 7 5 5 0 3 18 2 2 2 3 12 1 17 10 55 13 0 0 77 17 18 19 10 1 6 6 2 0 35 
10 22 15 8 3 20 22 16 15 20 9 14 18 24 18 28 45 35 14 7 8 2 3 19 18 0 1 34 47 116 20 67 190 60 116 71 425 194 518 28 52 26 83 142 96 163 118 41 34 316 10 2 7 5 2 0 7 8 0 6 6 16 3 15 13 16 3 3 1 4 6 6 10 7 2 6 3 1 13 0 2 5 5 19 8 7 8 19 15 0 0 50 9 15 6 10 3 0 6 2 4 26 
7 13 5 4 1 17 8 10 9 9 6 17 9 10 2 17 32 17 17 7 15 7 8 22 14 1 0 38 28 65 16 54 150 39 57 39 213 138 247 61 10 28 77 101 67 121 93 33 30 197 5 2 2 3 1 5 1 1 0 2 1 8 0 17 9 13 1 0 3 1 2 6 12 3 4 1 1 4 25 1 5 3 9 10 12 22 11 15 22 0 0 55 21 18 9 10 2 4 10 1 1 34 
2 4 0 0 0 4 2 1 1 2 0 1 0 3 0 1 1 3 0 1 0 0 1 5 2 0 0 7 1 14 3 4 20 5 6 4 60 12 21 15 19 2 23 34 15 26 16 7 3 22 0 0 2 0 0 0 0 1 0 0 0 1 1 3 2 3 0 2 0 0 0 2 0 0 0 1 0 3 7 0 0 1 2 4 1 9 2 11 7 0 0 15 3 6 3 2 2 2 1 0 0 7 
2 4 12 0 7 6 11 7 3 6 2 2 2 7 5 7 13 20 8 3 4 2 1 6 3 0 1 15 11 39 14 26 118 23 50 31 145 82 114 46 64 19 18 73 56 84 53 33 40 183 5 6 7 6 2 1 3 6 0 2 2 5 0 5 7 5 2 1 1 2 8 1 9 4 15 9 1 18 30 19 14 9 10 45 17 46 38 91 42 0 0 92 21 23 33 45 4 19 28 5 2 64 
13 7 6 0 1 8 2 10 4 5 3 4 6 11 7 3 13 13 12 4 5 0 1 15 4 0 1 17 23 38 15 37 98 36 63 26 134 90 168 93 69 32 54 15 97 157 101 45 60 274 4 6 14 12 4 3 4 1 0 1 1 8 1 9 3 13 2 6 2 3 2 4 3 11 9 11 3 11 42 22 10 17 19 71 21 90 41 97 49 0 0 186 33 35 40 68 3 34 43 7 7 100 
10 18 6 1 4 4 5 6 10 6 1 6 11 5 8 7 17 20 11 4 5 3 4 18 15 0 0 18 11 48 19 47 118 26 53 49 173 82 152 84 56 25 77 141 18 163 111 82 63 290 9 3 12 1 2 0 2 4 0 0 2 3 2 11 7 13 1 3 1 2 6 3 12 7 7 9 1 5 19 5 12 11 3 22 10 28 9 58 19 0 0 74 15 23 21 22 7 17 21 1 3 52 
8 8 11 1 5 6 2 14 12 9 2 13 10 9 4 17 19 26 8 4 8 2 8 40 15 0 1 22 19 59 23 38 144 28 42 66 167 89 150 91 93 21 54 177 99 27 162 115 93 397 9 5 13 7 1 0 3 4 0 4 2 4 0 6 9 25 3 7 2 3 1 2 9 7 17 5 0 6 41 11 14 13 11 44 16 49 18 105 18 0 0 94 22 24 28 29 7 27 35 6 1 74 
8 15 8 0 3 7 8 2 14 12 1 7 14 6 15 5 33 15 16 3 1 3 3 27 5 0 0 17 21 39 14 33 151 19 48 35 166 83 154 98 91 19 77 131 133 215 7 79 82 275 13 6 13 4 1 3 3 6 0 1 2 3 0 4 11 9 3 5 3 2 4 5 8 6 13 6 0 2 27 3 7 15 5 36 17 36 27 128 11 0 0 94 12 24 22 14 1 18 17 3 1 91 
4 19 4 0 4 5 4 5 2 6 3 4 3 3 3 0 7 6 7 1 0 0 3 17 4 0 0 17 6 25 6 17 70 13 18 15 85 34 94 36 41 11 40 98 105 242 150 10 42 317 6 0 2 0 4 0 6 3 0 3 0 3 0 1 2 8 2 3 0 2 1 0 3 6 9 4 2 5 10 6 3 6 7 15 5 24 11 72 8 0 0 41 4 10 11 12 5 2 15 0 3 44 
4 6 5 5 1 1 5 8 2 6 2 5 4 13 2 7 7 10 7 4 3 1 1 22 7 1 0 11 9 28 5 30 123 10 21 22 105 44 92 61 52 11 77 156 124 225 164 65 12 377 3 3 8 2 0 3 3 2 0 4 3 4 0 5 3 6 3 3 3 1 0 4 9 13 5 4 1 8 20 6 6 3 9 31 6 23 9 125 8 0 0 107 17 18 29 14 0 6 18 1 1 61 
48 55 35 2 29 25 15 18 26 45 17 17 22 28 31 38 49 39 32 20 11 15 13 132 42 1 3 117 72 179 41 106 895 58 132 133 435 249 596 256 175 51 192 380 276 467 262 170 134 38 42 17 58 11 9 5 12 16 0 2 5 12 2 18 15 37 6 11 6 5 16 11 20 31 39 21 5 13 86 14 35 29 34 98 36 88 43 498 45 0 0 248 36 68 77 35 5 40 58 4 2 295 
4 7 12 1 1 3 6 3 2 9 3 5 5 23 19 14 14 13 5 2 1 3 3 36 12 0 2 11 3 8 3 8 69 8 3 10 13 5 35 6 7 0 9 18 6 16 12 3 5 68 7 10 58 10 16 8 14 25 0 48 7 1 9 21 21 36 1 14 3 8 10 6 17 19 5 14 2 4 127 17 8 3 6 37 6 20 10 50 7 0 0 22 3 5 10 2 0 3 4 3 1 24 
3 1 0 0 2 4 4 1 5 2 2 6 2 9 7 16 1 3 3 0 0 0 0 10 1 0 0 6 11 5 3 5 39 3 4 8 19 7 9 0 4 0 6 14 2 13 5 2 2 18 8 6 32 19 5 2 10 17 0 22 1 2 2 9 8 17 1 8 0 6 3 0 4 11 8 6 0 2 66 3 0 2 9 15 6 7 4 34 6 0 0 5 1 6 3 3 0 2 9 0 0 22 
3 10 5 0 4 4 2 4 2 12 0 6 9 16 4 12 16 3 4 3 2 0 1 28 8 0 0 11 14 14 3 8 70 15 8 5 24 4 38 17 8 2 12 11 13 14 15 2 6 58 28 14 6 13 6 3 11 32 0 30 9 3 0 20 21 25 4 14 2 10 8 13 15 21 7 6 3 6 100 7 7 4 7 28 2 16 9 63 4 0 0 26 4 3 4 4 2 1 2 0 1 29 
6 4 5 2 1 3 1 5 4 9 1 2 9 11 11 19 14 9 2 0 3 1 2 16 3 0 0 3 6 7 2 8 20 13 5 3 12 2 42 6 5 0 6 7 5 5 10 5 1 13 12 16 35 2 3 4 14 30 0 26 4 2 0 21 11 20 6 14 2 5 2 2 6 13 1 3 0 6 82 4 1 5 3 18 7 13 1 12 6 0 0 11 3 4 1 3 0 0 1 1 0 9 
2 1 2 0 3 2 3 3 2 1 1 0 2 9 3 0 9 3 2 0 0 0 1 4 1 0 0 5 2 2 2 4 9 2 1 0 1 1 10 3 0 1 0 1 1 3 3 2 3 8 18 9 17 8 2 1 7 13 0 10 6 6 7 5 7 13 0 5 2 1 1 3 2 8 0 5 0 2 53 5 3 0 1 17 4 3 0 4 1 0 0 4 4 4 3 0 1 2 0 0 0 1 
2 2 1 0 1 1 0 2 2 3 0 0 0 4 1 4 2 1 1 0 0 0 1 6 1 2 0 3 3 3 0 2 6 1 0 0 1 1 5 1 2 0 0 6 0 0 1 0 0 8 2 1 5 3 1 4 4 7 0 4 6 1 2 1 1 8 2 1 1 2 2 2 10 2 2 2 0 2 29 2 0 0 0 7 3 3 1 10 0 0 0 4 1 3 5 1 0 1 1 0 0 0 
4 1 3 1 1 6 1 3 3 3 0 11 4 15 2 6 8 0 4 0 0 1 1 8 6 0 0 2 7 7 1 6 22 9 3 1 10 1 16 4 2 0 4 12 1 8 2 4 3 7 16 11 18 15 9 15 6 18 0 8 4 4 3 11 13 27 3 8 1 8 2 8 5 6 0 4 2 11 73 5 3 2 6 34 11 5 1 14 2 0 0 10 0 2 3 1 0 2 4 0 0 2 
6 6 3 0 0 6 8 2 4 0 2 3 9 17 5 16 9 10 5 0 0 5 1 6 1 0 0 8 7 7 2 11 32 9 10 7 14 1 21 4 6 0 6 13 0 11 7 2 0 13 14 11 33 16 8 13 9 3 0 20 9 9 6 16 10 20 3 5 3 11 6 7 7 9 9 9 0 5 89 18 4 2 8 30 12 14 1 16 2 0 0 10 5 1 4 1 0 3 8 0 0 20 
0 0 0 0 0 0 0 0 0 0 0 0 0 0 0 0 0 0 0 0 0 0 0 0 1 0 0 0 0 0 0 0 0 0 0 0 0 0 0 0 0 0 0 0 0 0 0 0 0 0 0 0 0 0 0 0 0 0 0 0 0 0 0 0 0 0 0 0 0 0 0 0 0 0 0 0 0 0 0 0 0 0 0 0 0 0 0 0 0 0 0 0 0 0 0 0 0 0 0 0 0 0 
11 8 8 0 2 10 6 2 6 14 4 12 14 20 15 25 15 12 11 7 3 6 4 17 6 0 1 14 14 12 1 10 19 5 7 1 4 9 11 9 4 0 2 2 0 6 5 3 1 24 14 9 25 28 9 7 9 30 0 10 2 12 8 18 13 28 11 9 7 7 11 10 17 24 8 4 6 13 50 2 5 5 6 8 6 9 1 16 2 0 0 7 1 7 0 1 0 3 4 0 0 14 
0 1 0 0 0 1 2 1 4 0 0 1 5 1 2 1 1 0 2 1 0 0 1 2 2 1 0 0 2 8 0 2 7 3 3 0 1 2 8 2 5 0 1 4 2 3 0 0 1 2 13 4 17 5 4 5 8 9 0 5 1 5 6 3 2 15 5 9 3 9 6 7 7 12 4 3 2 0 19 3 2 4 0 4 4 3 1 6 2 0 0 1 2 0 0 1 0 0 2 0 0 2 
4 4 1 0 3 1 4 3 2 1 1 3 1 8 3 3 0 0 1 1 0 0 2 0 3 0 0 0 2 10 3 3 5 8 18 11 21 10 11 10 4 3 8 7 7 4 4 2 5 7 9 1 4 2 2 4 2 10 0 7 7 3 3 18 16 14 3 7 2 5 2 11 4 3 0 2 1 2 26 5 1 2 3 5 4 0 0 12 2 0 0 8 3 0 0 0 1 0 2 0 0 0 
2 1 2 0 1 2 1 3 0 0 0 0 2 1 0 3 0 1 0 0 0 0 0 1 0 0 0 0 4 4 2 0 5 2 7 3 12 0 6 4 5 1 0 0 0 2 3 2 1 4 2 2 5 5 1 1 1 2 0 7 2 0 0 3 6 6 12 2 4 6 4 1 6 1 2 0 0 0 7 1 0 1 0 0 0 0 2 2 1 0 0 2 0 0 0 0 0 0 0 0 0 0 
5 5 3 0 2 1 5 8 3 1 2 2 2 1 0 0 1 3 3 1 0 0 0 2 0 0 1 2 3 7 3 10 10 0 5 7 31 5 21 7 13 0 5 4 9 3 2 2 3 12 13 12 19 16 6 5 10 16 0 10 2 20 3 4 6 18 9 14 5 11 16 24 16 16 5 5 0 3 36 3 1 2 0 2 0 0 2 6 1 0 0 5 1 0 0 2 2 0 0 0 0 1 
5 9 10 1 3 3 0 6 3 2 1 2 1 0 1 1 2 0 1 3 0 0 0 1 0 0 0 0 11 24 6 17 17 14 10 7 26 10 26 16 8 0 6 13 11 18 11 9 4 25 26 10 30 10 7 4 6 10 0 27 19 13 14 16 5 42 8 10 11 33 19 33 32 23 6 5 5 2 39 8 1 0 3 10 5 1 2 5 3 0 0 9 1 2 1 0 0 0 1 0 0 5 
7 15 6 2 0 9 16 10 6 5 2 2 7 3 0 1 1 2 0 2 0 0 0 2 1 0 0 3 12 33 57 25 34 23 18 11 54 8 37 13 11 3 10 15 23 20 14 4 2 57 24 13 40 23 10 7 17 14 0 31 16 30 18 31 27 23 18 31 29 56 39 51 56 34 16 3 4 7 48 11 8 3 3 11 0 10 1 12 5 0 0 7 3 0 0 2 0 4 2 0 0 4 
8 0 1 0 1 0 2 7 1 4 0 0 0 0 0 0 0 0 0 0 0 0 0 2 0 0 0 0 11 8 3 6 7 2 5 1 14 2 12 4 0 1 0 2 4 1 3 1 5 14 7 2 11 1 1 0 4 7 0 10 2 2 5 11 10 16 2 7 7 30 16 13 21 13 1 1 1 0 20 1 2 0 0 4 1 4 0 0 3 0 0 0 0 0 0 0 0 0 0 0 0 0 
2 5 4 0 0 2 3 4 1 4 2 1 0 0 1 1 1 0 0 0 0 0 0 0 0 0 0 0 1 10 5 7 10 9 11 3 22 3 25 3 2 1 2 8 7 5 3 3 2 19 6 9 21 7 3 7 8 11 0 8 6 11 3 9 18 44 11 4 5 36 18 28 38 40 1 2 0 3 15 4 6 1 5 11 0 0 2 7 1 0 0 0 0 0 0 0 0 0 0 0 1 0 
1 0 0 0 0 0 0 0 0 0 0 0 0 0 0 0 1 0 0 0 0 0 0 2 0 0 0 0 0 6 3 2 3 5 3 3 6 7 8 3 2 0 6 3 3 3 1 0 1 7 6 1 5 3 2 1 1 0 0 8 3 7 6 3 8 35 7 4 2 5 10 17 6 9 0 3 0 0 13 2 1 1 1 3 2 1 1 2 1 0 0 0 0 0 0 0 0 0 0 0 0 1 
5 3 6 0 5 3 4 4 4 4 0 1 1 2 0 4 1 1 0 0 0 1 0 0 0 0 0 1 4 22 6 6 11 9 8 3 13 6 17 4 3 0 5 1 2 4 4 2 3 4 6 5 15 11 3 7 12 11 0 7 7 22 12 17 27 67 38 13 6 2 26 51 49 62 1 2 0 3 17 4 0 1 3 5 0 3 1 9 0 0 0 4 0 0 0 0 0 0 0 0 0 0 
2 1 4 0 0 1 1 2 3 1 0 0 0 2 0 1 0 0 0 1 0 0 0 0 0 0 0 0 9 2 2 1 17 11 9 5 45 10 28 2 4 3 4 11 3 15 4 2 3 22 8 2 12 7 0 2 5 2 0 17 7 10 5 20 19 56 18 38 21 11 6 82 23 27 0 0 1 1 21 5 6 1 2 3 0 2 5 2 2 0 0 1 5 3 0 0 0 1 0 0 0 1 
4 3 6 0 1 1 8 2 3 5 0 2 2 3 0 3 1 0 0 0 0 0 0 0 0 0 0 0 9 14 2 2 24 9 11 6 40 7 31 5 7 1 6 3 5 6 9 1 1 18 13 1 6 1 2 3 9 4 0 17 9 6 11 21 28 70 19 29 15 29 13 8 44 43 6 3 1 2 31 5 0 3 2 5 1 2 0 7 1 0 0 0 0 2 0 0 1 1 0 1 0 1 
5 3 5 3 0 2 3 2 7 3 2 2 3 3 4 1 1 0 0 0 0 0 0 1 1 0 0 0 5 6 1 3 18 8 10 8 18 10 25 11 5 0 8 6 11 2 4 3 4 13 22 3 24 11 4 6 6 13 0 16 9 16 1 10 47 83 16 28 11 33 33 28 5 17 3 6 1 3 37 3 5 2 1 8 2 5 1 8 4 0 0 6 1 2 0 1 0 0 3 0 0 3 
2 5 4 1 1 0 0 3 3 2 1 3 3 3 0 1 0 0 0 0 0 0 0 0 0 0 0 0 2 3 0 1 8 8 4 1 11 5 19 3 4 0 5 1 5 3 5 4 1 17 7 8 19 2 3 0 3 4 0 18 6 3 4 3 15 37 9 30 8 33 18 42 20 3 4 2 0 1 43 1 2 3 5 8 2 2 0 15 1 0 0 0 0 0 0 0 0 0 0 0 0 7 
2 1 2 0 0 1 0 3 1 7 0 4 5 11 4 11 7 1 1 4 0 0 1 2 0 0 0 6 1 4 1 1 23 6 2 4 7 1 17 6 8 0 9 10 10 10 8 6 3 31 5 4 11 5 1 1 8 18 0 7 3 1 2 7 7 14 1 8 1 5 1 3 4 8 2 3 2 12 141 40 20 9 17 59 11 20 15 48 7 0 0 23 1 8 4 8 4 2 7 0 2 34 
2 2 7 0 1 3 3 2 3 5 1 3 3 8 7 16 7 3 0 0 1 0 1 8 1 0 0 8 2 2 2 4 15 1 0 0 6 3 6 5 8 1 12 29 4 12 9 3 4 45 5 2 14 9 5 6 4 24 0 11 4 3 3 11 10 12 2 3 4 2 1 3 4 5 4 2 8 13 175 32 16 8 11 101 18 22 8 45 9 0 0 21 2 13 6 4 2 6 6 0 2 28 
1 0 1 0 0 0 0 1 1 1 0 2 0 6 3 0 0 0 1 1 0 0 0 1 1 0 0 2 7 9 1 0 4 2 0 2 2 2 0 2 2 0 0 3 2 3 2 0 0 8 2 1 6 5 0 1 4 6 0 5 0 0 3 4 1 8 2 1 0 3 1 0 0 2 3 4 2 4 70 17 3 7 5 23 7 8 0 7 0 0 0 2 1 2 3 0 2 0 0 0 0 1 
1 5 1 3 0 4 2 0 3 2 3 2 1 8 6 5 4 2 3 0 0 0 0 1 0 0 0 3 2 3 1 4 13 1 6 0 1 1 11 1 4 1 8 21 6 7 8 5 2 21 7 1 17 9 7 3 10 16 0 9 3 3 3 12 11 14 2 3 0 3 3 5 2 2 15 14 15 4 104 34 14 7 14 76 9 23 5 37 5 0 0 16 4 12 6 0 0 4 5 0 1 14 
8 20 5 2 4 8 6 7 5 10 0 7 8 20 12 29 19 14 4 2 1 6 3 14 6 0 2 15 13 20 7 16 38 9 13 9 21 5 32 10 13 1 35 43 28 29 21 6 18 87 53 42 73 47 17 20 42 89 0 32 7 5 14 25 28 57 6 19 6 14 12 13 16 29 72 77 30 51 19 50 45 10 28 132 36 32 20 82 27 0 0 43 13 24 13 6 2 15 17 0 1 22 
4 8 3 0 0 0 1 2 1 1 0 2 0 4 1 5 5 1 0 0 1 1 0 2 1 0 0 3 8 4 3 3 15 2 4 0 3 1 7 5 7 2 23 24 12 20 14 3 3 32 16 6 18 9 8 5 10 23 0 3 0 6 2 9 3 21 3 3 5 1 3 0 3 9 17 37 15 26 125 3 20 10 12 168 38 32 10 46 10 0 0 43 6 15 13 9 5 8 11 1 0 12 
0 7 0 0 1 2 0 0 2 2 0 0 0 0 1 0 3 1 0 0 0 1 0 2 0 0 0 2 2 4 3 3 3 1 3 0 4 2 4 7 6 1 14 19 9 15 8 5 3 37 9 6 11 9 0 2 3 10 0 14 3 2 0 6 3 10 0 2 1 0 3 6 5 8 23 22 0 12 122 29 2 14 12 118 37 28 10 44 10 0 0 38 2 13 6 10 1 4 8 1 1 13 
3 3 2 0 0 1 5 2 2 2 0 0 0 0 0 0 0 0 1 0 1 0 0 4 0 0 0 0 0 3 4 1 21 2 0 0 2 0 3 3 2 3 12 17 13 20 21 7 4 46 8 0 3 0 4 1 2 5 0 2 2 2 0 2 5 5 1 2 2 1 2 5 11 3 6 13 2 9 45 8 7 1 6 53 11 17 6 38 8 0 0 41 2 19 8 8 3 18 9 2 0 37 
1 4 2 0 0 2 2 0 0 2 0 0 0 0 0 3 0 2 0 0 0 0 0 2 1 0 0 0 7 5 0 3 9 1 1 0 0 4 3 5 3 2 20 29 5 23 6 5 8 48 8 2 9 4 4 1 7 10 0 6 2 0 1 2 3 1 1 1 0 0 4 5 4 6 13 21 5 12 53 20 9 7 7 141 31 30 5 34 8 0 0 46 6 12 5 9 0 10 6 0 3 18 
8 9 4 2 2 1 1 2 2 2 0 0 0 0 0 1 1 1 0 0 0 2 0 0 1 0 0 7 16 9 7 1 14 0 1 2 8 6 14 22 12 3 48 70 23 63 24 13 15 98 18 12 29 20 11 7 17 31 0 7 1 7 2 2 4 4 0 3 1 5 2 3 11 3 53 54 27 36 167 103 55 26 108 9 105 71 30 131 30 0 0 103 32 38 34 24 8 18 22 6 7 50 
3 2 1 0 0 0 0 1 0 3 1 0 1 1 0 0 1 0 0 0 0 0 0 2 0 0 0 2 1 3 1 4 3 0 0 3 5 1 11 14 10 1 23 50 16 41 27 6 5 51 6 8 8 14 6 3 10 12 0 3 1 2 0 1 2 4 1 1 0 3 1 1 1 0 8 19 4 16 60 36 38 12 30 190 3 48 23 57 11 0 0 74 8 22 7 5 2 5 12 0 0 30 
4 4 2 1 2 1 1 2 4 0 2 0 2 0 1 1 6 7 11 2 0 1 0 9 4 0 0 5 10 11 4 7 22 5 4 7 23 17 51 5 30 5 77 98 24 60 32 19 17 96 7 4 15 2 2 9 8 10 0 5 5 2 4 4 2 12 1 7 1 1 2 2 2 4 17 15 4 12 40 33 23 16 21 88 56 8 26 70 45 0 0 83 31 35 26 20 4 12 22 7 4 37 
2 8 1 2 2 0 0 0 1 3 2 1 0 0 0 1 3 1 2 2 0 1 0 3 5 0 0 11 7 8 8 5 23 3 5 5 34 20 42 20 10 5 36 70 11 42 21 14 7 38 9 7 8 3 0 4 8 6 0 3 1 4 1 1 7 4 1 3 0 0 2 6 5 2 15 11 1 13 41 14 11 17 11 67 35 41 6 47 25 0 0 73 16 29 21 15 2 11 14 0 3 36 
20 37 21 1 4 12 9 7 2 10 2 3 7 11 3 15 22 8 8 3 9 3 1 36 20 1 1 42 11 69 22 44 242 23 28 24 134 55 207 38 28 11 138 189 52 182 119 60 50 482 30 15 46 15 2 8 9 14 0 10 5 13 3 16 13 16 4 11 8 3 7 6 18 28 49 38 11 28 94 38 40 38 47 140 56 88 41 18 38 0 0 215 38 57 66 68 10 56 62 9 8 324 
5 6 4 0 2 2 2 2 1 1 0 0 2 2 1 5 3 1 3 3 2 0 2 9 1 0 0 3 1 20 3 12 43 8 18 9 48 39 67 29 28 13 58 94 26 57 21 11 6 64 9 15 9 2 1 1 6 5 0 2 1 6 2 4 3 8 1 0 1 0 1 2 4 5 10 12 2 6 47 9 7 13 10 45 13 50 30 39 8 0 0 82 19 30 26 19 8 13 9 0 0 61 
0 0 0 0 0 0 0 0 0 0 0 0 0 0 0 0 0 0 0 0 0 0 0 0 0 0 0 0 0 0 0 0 0 0 0 0 0 0 0 0 0 0 0 0 0 0 0 0 0 0 0 0 0 0 0 0 0 0 0 0 0 0 0 0 0 0 0 0 0 0 0 0 0 0 0 0 0 0 0 0 0 0 0 0 0 0 0 0 0 0 0 0 0 0 0 0 0 0 0 0 0 0 
0 0 0 0 0 0 0 0 0 0 0 0 0 0 0 0 0 0 0 0 0 0 0 0 0 0 0 0 0 0 0 0 0 0 0 0 0 0 0 0 0 0 0 0 0 0 0 0 0 0 0 0 0 0 0 0 0 0 0 0 0 0 0 0 0 0 0 0 0 0 0 0 0 0 0 0 0 0 0 0 0 0 0 0 0 0 0 0 0 0 0 0 0 0 0 0 0 0 0 0 0 0 
10 6 12 3 1 6 1 1 2 0 3 6 5 7 3 4 3 8 8 1 3 1 6 6 3 0 1 8 5 17 5 16 33 18 27 17 77 41 86 24 29 0 44 132 36 59 35 29 38 107 8 5 7 10 0 4 6 5 0 2 0 5 4 1 3 4 1 1 0 1 1 3 4 6 6 5 1 9 20 13 17 8 8 64 21 53 44 87 34 0 0 6 26 31 19 50 4 30 28 6 7 52 
0 4 1 0 0 0 7 0 1 1 0 0 2 4 1 1 1 6 0 0 0 0 0 0 1 0 0 2 3 4 0 7 16 0 13 3 35 4 27 10 15 4 40 74 19 38 20 3 9 37 3 1 5 5 0 0 1 1 0 1 3 1 0 0 4 0 0 1 0 0 0 0 0 0 5 7 0 0 11 11 12 7 14 15 11 24 11 38 13 0 0 59 2 5 8 23 2 17 6 2 4 17 
2 3 2 0 1 1 0 0 3 0 0 3 1 5 0 2 4 1 1 0 1 0 0 1 0 0 0 1 2 6 3 1 18 8 10 2 35 17 28 15 19 6 30 78 29 50 35 6 11 82 3 5 13 2 1 4 2 5 0 1 3 2 1 1 0 2 2 0 0 0 0 1 0 0 4 3 2 6 35 14 5 6 17 36 12 38 27 47 10 0 0 95 11 4 1 15 1 5 5 0 1 51 
0 0 0 0 0 0 0 0 3 4 0 0 1 3 0 3 0 1 0 0 0 0 0 0 1 0 0 0 4 7 2 3 19 2 5 4 20 7 16 7 9 2 10 39 15 25 25 7 14 69 5 2 7 2 0 1 5 2 0 0 0 0 0 2 1 0 0 0 0 0 1 1 0 0 3 1 0 2 16 1 8 8 7 26 14 22 19 39 12 0 0 32 16 7 6 7 1 7 5 3 5 44 
1 1 0 0 0 0 0 1 2 3 0 1 1 2 0 2 2 0 0 0 0 0 0 4 1 0 0 3 1 13 3 1 25 7 9 12 34 14 30 22 21 5 52 128 28 47 32 14 6 81 4 2 5 2 1 2 1 0 0 1 2 0 0 2 0 3 0 0 0 0 0 1 1 0 5 5 0 4 18 5 2 5 5 12 12 35 12 68 24 0 0 135 23 25 13 3 3 8 9 3 1 57 
1 0 0 0 0 0 1 0 0 0 0 0 1 0 0 3 0 0 0 0 0 1 0 0 0 0 0 0 2 0 1 1 4 2 3 0 4 0 13 0 6 1 5 8 9 11 4 2 1 13 1 0 1 0 0 0 2 3 0 1 0 1 0 0 0 0 0 0 0 0 0 0 0 1 0 3 0 0 1 1 1 3 2 7 1 4 1 14 7 0 0 7 2 4 1 3 2 3 0 0 1 3 
0 2 0 0 1 0 1 0 0 2 0 0 0 2 0 1 4 0 1 0 1 0 0 2 0 1 0 0 2 5 3 8 6 2 2 4 14 11 29 7 1 0 40 60 24 42 20 11 10 71 5 6 3 1 4 1 1 2 0 1 0 0 0 0 0 1 0 0 0 0 0 0 0 6 11 9 1 3 15 9 4 8 11 33 15 28 14 50 13 0 0 55 22 8 11 23 0 3 9 0 0 31 
1 2 3 0 1 0 0 0 0 0 0 0 3 5 0 1 1 0 0 0 0 0 0 2 0 0 0 1 1 5 2 2 6 2 5 6 27 8 28 4 5 1 19 37 20 48 35 5 15 87 6 2 2 5 1 1 3 4 0 0 0 0 0 0 0 0 0 0 0 0 0 0 1 3 1 3 1 4 10 3 1 9 26 33 5 20 8 29 14 0 0 46 8 6 3 8 0 5 2 4 0 26 
0 1 0 0 0 0 0 0 0 0 0 0 0 0 0 0 0 0 0 0 0 1 0 0 0 0 0 0 0 5 0 0 1 0 3 0 12 1 9 0 1 0 9 16 8 3 7 2 1 13 1 0 3 0 0 0 0 1 0 0 0 0 0 0 0 0 0 0 0 0 0 0 3 0 2 1 0 1 7 0 0 5 3 6 2 7 2 11 1 0 0 9 0 7 2 2 1 4 0 1 2 7 
0 0 0 0 0 0 0 0 0 1 0 0 1 0 1 0 2 0 0 0 0 0 0 0 0 0 0 2 2 1 1 1 1 1 5 2 2 1 1 0 2 1 10 5 0 6 1 0 2 11 0 0 0 1 0 1 0 0 0 0 1 0 0 0 0 0 0 0 0 0 0 0 0 0 4 5 0 0 3 0 3 1 6 3 1 3 2 8 2 0 0 10 3 7 1 2 3 1 2 3 1 3 
12 7 11 3 0 5 1 0 1 0 0 3 7 6 3 3 10 8 1 1 4 1 0 6 1 0 0 10 5 28 3 14 51 8 6 16 53 32 82 29 45 3 95 73 50 100 64 26 39 232 23 4 21 7 4 2 4 9 0 1 2 2 0 1 2 5 6 1 1 0 1 1 5 4 24 11 2 6 36 12 6 16 6 41 17 41 26 233 29 0 0 122 22 48 33 39 7 32 30 8 1 10 
