5 5 12 8 13 30 29 26 24 29 5 32 27 39 29 62 20 25 18 6 17 20 6 22 13 0 1 25 40 2 2 1 13 2 10 8 1 20 22 19 19 1 12 15 9 13 9 7 4 47 3 6 14 4 2 0 3 2 0 0 3 2 0 0 4 5 6 5 0 1 3 2 1 2 0 0 2 2 9 4 4 1 2 0 3 6 5 17 10 0 0 6 0 0 1 1 0 3 5 0 1 10 
16 8 12 7 8 38 25 28 37 29 14 34 43 36 35 63 32 32 29 14 16 15 7 24 12 2 1 27 69 1 7 14 7 6 4 2 0 1 27 24 12 5 10 11 16 10 11 12 6 57 15 3 8 6 9 1 2 1 0 2 1 0 0 7 6 8 2 8 1 3 7 3 0 1 2 3 0 1 20 2 3 3 2 8 4 12 0 20 5 0 0 5 2 3 1 4 0 1 1 0 0 4 
16 15 5 6 11 31 28 15 49 27 6 16 38 44 41 52 25 18 21 6 13 14 6 25 5 0 0 16 88 6 2 5 11 2 3 1 3 1 17 12 23 1 3 18 9 9 5 6 7 57 6 7 11 4 4 2 7 5 0 2 0 2 3 4 3 5 5 2 0 1 2 3 3 1 1 4 0 1 14 1 4 1 2 1 2 5 3 19 2 0 0 7 4 3 0 2 1 2 1 0 0 5 
4 10 15 2 4 4 8 13 4 6 2 5 12 6 4 5 5 0 3 1 3 3 3 5 2 0 0 3 10 0 0 0 1 0 0 1 0 0 1 5 1 0 0 3 1 2 1 0 0 5 0 1 1 1 0 1 0 0 0 0 0 0 0 0 1 0 0 0 0 1 0 2 1 0 0 0 0 0 4 0 0 1 0 0 0 1 1 2 1 0 0 0 0 0 0 0 1 1 1 0 0 0 
1 11 6 0 6 8 4 3 6 6 4 9 21 10 11 15 13 4 6 4 1 6 0 10 6 1 0 10 19 0 0 0 2 0 3 0 0 0 4 3 4 0 1 3 3 0 2 3 1 13 2 2 0 1 2 2 0 1 0 0 0 0 0 2 1 2 0 1 0 0 1 4 0 1 0 2 0 0 0 0 0 0 0 1 0 3 0 4 0 0 0 1 1 1 0 0 0 0 0 0 0 1 
30 27 26 24 8 8 5 14 20 21 13 23 48 36 33 43 36 17 14 7 6 18 4 21 13 0 1 15 54 2 0 2 4 1 2 2 3 6 14 16 10 1 6 2 5 11 6 10 10 26 3 3 6 4 5 2 1 2 0 1 0 0 0 0 0 6 1 3 2 1 1 3 2 0 1 1 0 2 13 0 0 1 0 2 0 2 0 12 3 0 0 7 0 0 1 0 0 1 2 0 0 3 
15 32 23 10 12 16 9 23 43 29 10 25 79 50 27 42 27 7 20 11 6 13 3 16 3 0 2 9 41 5 2 0 11 0 2 0 1 6 11 7 8 2 4 4 4 8 8 6 3 14 4 3 3 1 2 1 3 16 0 0 1 1 0 1 1 4 6 2 2 3 1 2 2 1 2 0 0 2 6 0 0 0 0 2 0 1 0 11 2 0 0 3 4 1 1 1 0 2 0 0 0 3 
19 20 22 6 2 19 33 7 12 20 27 31 79 48 33 57 35 14 15 6 19 19 6 7 6 0 0 15 53 4 3 5 5 6 3 2 1 4 14 15 13 2 9 7 4 14 3 2 3 27 3 4 3 3 1 2 0 4 0 0 1 2 0 4 4 6 1 2 1 0 3 0 0 0 2 1 1 0 6 0 0 1 2 1 1 1 2 7 2 0 0 4 0 0 1 0 0 2 0 0 0 4 
28 31 26 7 14 32 39 24 9 12 15 42 98 69 42 64 37 24 29 24 17 16 8 16 6 0 0 21 31 3 2 1 6 3 0 0 2 2 24 19 10 0 9 4 10 10 6 1 4 38 4 1 4 0 1 0 0 6 0 1 1 1 0 1 3 5 0 0 4 0 2 1 1 8 8 3 0 0 18 0 0 0 0 2 1 1 1 11 4 0 0 6 0 1 0 0 0 1 1 0 2 4 
15 19 16 3 5 17 27 11 11 4 5 12 77 29 16 45 29 12 8 7 10 11 2 26 12 2 3 10 12 4 0 5 8 1 0 0 0 1 15 6 9 1 4 2 4 4 4 0 1 22 9 3 19 3 4 0 5 5 0 4 0 1 2 2 2 8 3 4 1 0 3 1 1 1 7 2 1 5 19 2 3 0 0 2 1 3 0 3 2 0 0 4 3 0 0 0 0 0 1 0 1 0 
6 10 6 3 2 10 12 16 8 4 4 9 17 21 22 35 17 14 15 11 12 9 1 14 3 4 1 20 9 2 1 2 2 0 1 1 0 2 13 8 5 1 1 2 4 10 7 13 4 18 0 3 5 2 1 1 1 4 0 0 0 3 0 1 1 1 0 0 1 1 1 1 0 2 2 1 0 1 5 0 1 0 0 2 0 3 2 2 2 0 0 4 0 0 1 4 0 1 1 0 0 2 
27 42 22 1 15 31 31 25 33 14 17 6 29 54 19 53 31 22 29 17 21 18 14 37 18 0 3 38 24 7 3 3 7 2 2 2 1 11 17 18 10 2 9 5 7 8 13 4 6 38 6 1 5 3 3 2 5 6 0 4 4 2 3 1 2 1 0 1 1 0 2 1 3 1 1 3 0 6 17 0 0 1 0 2 0 1 1 3 1 0 0 2 2 2 2 1 0 1 0 0 0 2 
30 77 41 7 14 80 80 79 78 64 31 42 8 78 61 64 67 48 56 15 27 17 17 75 28 5 3 65 30 21 0 12 8 3 6 1 5 11 37 24 5 1 2 10 3 11 7 5 4 47 9 3 12 10 2 0 1 8 0 10 3 5 4 0 1 7 1 1 3 2 9 4 0 1 9 3 3 7 10 5 1 1 0 0 1 1 2 7 1 0 0 6 0 1 2 1 0 0 0 2 2 6 
66 119 96 12 27 117 131 96 144 90 65 66 94 15 13 75 115 79 103 50 92 76 45 167 58 4 11 175 59 8 3 6 13 3 4 0 2 10 28 23 4 2 7 6 14 10 9 9 5 45 17 9 26 6 4 2 6 24 0 8 4 1 0 2 3 1 0 1 1 1 1 2 0 6 17 3 1 7 65 4 0 0 0 0 0 1 5 6 0 0 0 8 4 1 2 5 0 1 0 0 1 2 
41 79 58 17 16 61 59 46 40 53 16 29 54 20 5 19 41 39 43 32 31 24 24 70 31 3 20 108 39 8 2 12 8 2 7 2 3 1 10 14 6 1 6 5 3 7 1 4 3 19 14 4 9 9 1 1 0 3 0 6 0 2 2 0 0 1 0 1 0 0 0 0 1 1 4 0 1 1 22 1 0 1 0 1 0 1 1 6 1 0 0 2 1 3 1 0 0 0 0 0 1 5 
52 64 47 2 10 44 45 65 57 55 42 58 93 64 24 16 71 107 76 48 94 56 67 175 65 6 14 152 36 27 7 24 32 9 11 14 33 6 17 27 24 4 12 16 17 13 14 11 6 73 14 7 18 9 4 1 6 5 0 2 2 2 2 2 3 3 0 2 0 1 7 9 0 1 6 2 0 3 48 2 1 0 0 2 0 4 0 19 3 0 0 13 3 0 1 3 2 1 1 0 1 10 
26 39 32 1 13 43 52 34 40 41 26 52 66 94 46 81 14 53 74 40 66 49 29 108 33 3 6 97 28 41 30 39 48 14 15 11 29 14 43 64 24 6 27 20 24 33 17 6 7 67 8 12 19 5 2 0 5 5 0 6 1 1 1 3 4 2 0 0 1 0 1 0 1 1 6 5 1 1 24 2 2 0 0 2 0 6 13 19 3 0 0 10 5 0 1 5 2 1 2 0 0 7 
28 22 20 1 10 22 29 28 34 31 16 36 86 113 32 115 69 11 74 42 76 29 58 94 38 6 9 63 12 25 19 27 30 14 15 17 24 15 75 31 13 3 10 17 14 25 21 9 15 55 4 4 7 5 0 0 2 7 0 5 0 0 0 4 1 1 0 0 0 1 0 0 0 0 2 2 1 3 10 5 3 5 0 2 2 0 1 11 3 0 0 7 3 0 0 0 0 1 3 0 0 11 
12 23 24 3 0 19 20 14 21 23 3 34 42 84 35 101 52 51 9 14 72 34 25 115 29 13 6 70 6 37 9 17 27 11 7 11 11 13 46 12 10 0 9 13 5 21 11 10 9 38 4 1 8 7 2 1 5 4 0 2 0 1 2 4 2 0 0 0 0 0 0 0 0 1 0 1 0 2 13 2 2 0 0 1 0 2 0 9 5 0 0 8 0 1 2 0 0 0 0 0 0 2 
13 18 9 2 1 8 9 12 10 11 3 10 24 29 12 55 22 22 21 7 7 9 17 29 16 5 12 68 12 8 4 5 11 4 4 0 6 5 32 14 9 2 4 6 7 7 7 6 5 21 1 1 6 2 2 0 3 7 0 0 0 0 0 0 0 0 0 0 0 1 0 0 0 1 1 6 0 1 6 3 1 0 0 1 1 1 0 6 4 0 0 3 0 0 0 0 0 1 0 0 0 0 
9 9 6 2 3 5 4 11 12 15 10 26 30 49 24 94 40 52 51 3 8 9 34 55 20 31 29 108 4 5 0 2 7 6 2 6 6 13 31 16 19 2 5 4 7 4 8 1 3 23 0 1 2 0 0 0 0 1 0 0 0 0 0 0 2 1 0 0 0 0 0 0 0 0 0 2 0 1 4 0 2 0 0 1 0 2 2 7 2 0 0 0 0 0 0 0 0 0 0 0 0 0 
8 9 5 3 6 5 12 10 5 8 5 16 20 28 21 40 33 18 22 6 11 6 9 35 13 15 11 79 10 9 4 0 4 3 4 2 7 6 25 1 0 1 3 0 2 5 2 0 3 19 1 2 3 0 0 0 2 0 0 0 1 0 0 0 0 0 0 0 0 0 0 0 0 0 2 1 0 2 2 1 3 0 1 0 0 0 0 5 1 0 0 0 0 0 0 0 0 0 0 0 0 0 
3 11 7 0 5 8 4 5 11 12 6 25 13 20 13 53 29 27 25 12 28 7 1 17 13 10 14 39 2 6 2 0 17 1 3 10 6 7 21 12 7 1 2 2 3 1 2 3 4 23 2 3 2 4 0 0 1 4 0 1 0 0 0 0 0 0 0 0 0 0 0 0 0 0 2 2 1 1 5 2 0 0 0 1 0 1 0 1 1 0 0 0 1 0 0 0 0 0 0 0 0 1 
19 16 10 4 3 15 7 10 28 24 8 28 43 32 29 95 61 33 43 16 30 10 12 15 9 12 28 118 3 7 3 4 28 5 12 7 6 6 46 10 14 3 5 6 12 19 10 9 13 90 12 5 12 8 3 0 5 7 0 3 1 0 1 0 0 0 0 0 0 0 0 1 0 1 3 4 1 3 15 1 1 0 2 1 0 2 1 21 3 0 0 3 0 1 1 6 0 0 2 0 0 3 
29 33 19 4 11 27 7 16 22 62 7 34 53 37 38 84 58 36 67 20 28 15 11 18 10 6 9 51 3 11 11 9 53 7 12 8 14 4 29 37 36 6 15 13 26 28 26 29 19 164 20 13 45 8 2 5 3 13 0 1 1 0 2 4 4 2 1 0 0 0 0 0 2 0 6 2 1 2 22 2 1 5 2 5 2 4 3 44 1 0 0 3 0 1 0 0 0 1 0 1 0 2 
1 1 2 0 0 0 1 0 5 0 1 3 6 3 0 15 6 13 10 3 21 14 14 25 10 3 4 8 0 1 0 4 2 0 0 0 1 1 1 1 0 0 0 0 0 4 0 1 0 5 0 1 1 0 0 0 0 0 0 0 0 0 0 0 1 0 0 0 0 0 0 0 0 0 0 0 0 0 1 0 0 0 0 0 0 0 0 1 2 0 0 0 0 0 0 0 0 0 0 0 0 0 
0 1 0 0 0 2 1 1 0 2 0 0 0 3 1 10 1 8 2 2 9 53 16 35 7 2 4 27 0 2 0 2 7 0 2 1 0 0 1 3 2 0 0 0 1 0 0 0 0 0 0 0 0 0 0 0 0 1 0 0 0 0 0 0 0 0 0 0 0 0 0 0 0 0 1 2 0 0 1 1 1 0 0 1 0 0 0 1 0 0 0 0 0 0 0 0 0 1 0 0 0 0 
25 31 25 6 13 19 9 12 19 40 18 40 61 82 85 110 94 44 55 50 68 82 104 116 44 15 45 9 7 6 1 8 36 2 9 12 16 28 51 38 33 3 11 11 20 28 22 9 16 124 13 9 21 10 2 4 1 3 0 10 2 1 0 5 1 2 0 0 0 0 0 1 0 0 6 5 1 4 23 2 1 0 2 2 6 4 3 46 2 0 0 5 1 0 0 3 0 3 4 0 1 8 
81 131 72 14 19 78 90 47 72 32 21 45 38 47 47 56 38 22 37 14 15 31 7 18 6 0 0 18 2 4 3 13 7 5 3 4 3 10 12 26 18 2 10 12 14 28 15 3 8 55 3 3 15 10 1 1 2 8 0 3 0 4 2 1 6 13 1 4 0 5 11 1 1 1 1 2 0 5 19 2 0 1 4 7 2 8 3 14 7 0 0 10 2 3 4 2 0 5 1 2 1 1 
6 1 0 0 0 4 8 4 7 6 3 11 18 5 3 21 33 21 18 2 6 4 1 18 5 0 1 3 4 30 98 135 295 56 128 124 210 123 220 112 67 7 45 42 46 44 36 37 30 242 5 3 15 4 4 4 3 6 0 4 5 2 4 14 32 25 5 17 9 3 9 20 2 0 5 5 1 3 15 1 3 5 2 3 2 5 6 61 14 0 0 30 3 6 12 12 1 3 8 1 5 25 
0 2 0 0 0 0 1 0 1 0 1 1 2 1 0 6 15 9 6 3 0 1 1 10 4 0 0 1 0 117 7 124 146 24 35 26 87 34 63 33 17 1 18 13 13 14 13 4 3 28 3 5 3 3 1 1 2 5 0 2 1 0 0 2 7 15 6 0 1 3 0 6 1 1 2 0 0 1 14 1 0 1 0 2 1 0 3 20 4 0 0 13 2 1 2 4 0 1 1 0 1 4 
3 4 2 2 0 1 4 0 6 2 1 7 11 2 8 18 18 12 8 3 1 2 3 8 2 0 1 7 3 131 123 15 114 19 74 62 179 126 193 61 57 13 50 32 44 54 43 31 17 137 5 4 10 11 5 2 4 8 0 4 1 6 0 12 17 18 6 6 0 2 2 2 1 0 2 3 2 1 10 4 10 3 2 1 3 12 7 39 11 0 0 24 9 6 3 10 1 3 2 4 0 16 
19 26 8 0 5 11 25 11 4 5 3 13 16 1 10 34 52 40 18 6 20 10 12 69 38 0 2 34 6 330 146 149 12 59 127 160 271 170 281 230 170 31 107 97 122 132 134 79 95 729 52 41 101 26 19 5 33 36 0 30 6 6 2 11 30 41 11 12 2 15 28 33 6 10 16 18 1 11 86 10 8 9 4 14 6 25 11 200 37 0 0 48 13 19 17 25 2 6 9 2 1 61 
4 1 6 2 1 5 3 2 1 5 0 2 5 0 3 7 14 8 11 4 4 1 0 4 6 0 3 0 2 81 38 49 23 4 19 18 84 40 86 47 31 4 43 25 21 24 18 9 9 69 14 2 13 1 1 2 4 7 0 4 0 8 2 2 13 25 9 10 7 5 11 13 6 4 9 4 0 2 25 2 6 0 0 2 0 6 4 30 10 0 0 30 5 5 3 6 1 1 3 0 0 10 
7 2 12 0 1 2 0 2 4 1 1 6 4 1 1 16 26 20 5 3 13 11 2 18 6 1 4 15 4 180 53 104 115 32 8 31 167 96 136 103 61 12 44 53 58 55 34 22 32 133 6 5 11 9 7 0 8 14 0 4 1 15 7 7 7 17 10 15 2 4 7 17 14 5 9 2 1 0 17 3 2 0 1 0 6 10 10 24 21 0 0 48 9 9 2 17 2 2 8 3 1 21 
3 3 4 0 0 1 1 1 1 0 2 2 5 1 0 10 21 14 13 5 2 10 2 11 7 0 1 8 4 154 71 83 143 31 45 5 172 65 104 66 42 7 37 31 47 44 28 16 15 138 6 3 9 4 3 0 2 4 0 3 5 4 2 13 16 9 4 2 5 7 8 12 7 1 3 2 0 0 8 1 0 0 1 0 0 8 5 31 13 0 0 21 8 4 2 14 1 8 2 3 0 14 
14 11 2 2 6 6 10 4 3 6 2 3 4 0 3 29 37 19 21 7 28 9 12 42 23 2 9 44 3 510 204 363 387 129 183 174 31 180 568 438 189 54 110 154 162 209 132 96 57 445 13 26 25 20 3 8 9 14 0 1 1 15 17 26 30 43 26 28 13 8 36 37 22 6 10 8 1 3 31 5 0 2 3 8 7 31 18 130 42 0 0 75 29 23 25 30 9 32 25 8 2 70 
7 10 4 3 3 7 12 6 10 3 2 18 13 7 6 6 12 10 10 3 14 12 6 30 5 0 5 30 19 149 67 136 106 46 74 56 132 16 142 155 91 23 88 89 87 91 63 34 44 209 2 3 17 4 1 1 6 3 0 6 0 9 3 16 21 12 3 2 2 1 11 5 3 4 1 1 0 0 10 0 1 2 1 1 0 11 4 86 25 0 0 51 10 13 4 14 1 7 7 2 1 40 
21 24 24 7 10 17 36 30 50 20 27 42 41 20 10 9 65 47 38 30 63 50 38 109 36 2 5 70 15 288 125 248 276 97 132 103 401 121 23 405 228 28 127 177 101 146 118 105 79 531 7 16 24 10 4 4 15 20 0 10 2 14 6 29 30 45 14 16 7 4 27 32 7 11 13 7 0 4 57 2 5 4 1 24 8 43 19 117 34 0 0 108 19 18 18 31 6 32 18 5 2 68 
11 5 19 0 6 15 21 12 9 12 9 16 25 10 10 21 30 14 8 7 9 4 7 20 9 0 1 21 8 116 43 66 138 43 79 42 252 140 399 19 57 21 67 135 66 98 75 42 50 267 7 3 13 5 0 0 6 10 0 3 2 11 1 8 9 17 2 4 0 4 4 10 5 0 14 6 0 2 15 2 1 5 5 7 9 7 11 29 21 0 0 38 7 12 5 12 1 4 8 5 0 35 
16 19 12 0 2 8 10 5 8 11 4 10 17 4 9 17 20 25 17 9 17 8 6 40 12 1 0 32 12 85 22 57 160 53 31 40 140 88 204 66 11 23 71 99 46 88 70 37 53 289 5 6 13 4 0 2 0 2 0 2 6 7 1 13 8 3 1 4 1 3 4 6 2 2 7 9 0 3 14 8 11 11 6 19 4 20 7 20 15 0 0 47 16 3 11 16 0 10 6 1 2 32 
0 0 3 1 0 4 2 1 1 0 2 2 1 0 0 2 11 2 1 1 2 3 2 3 0 0 0 7 1 5 6 8 20 5 6 10 34 14 28 20 8 1 17 65 17 20 17 7 8 42 2 2 0 0 0 1 0 1 0 0 0 0 1 1 4 0 0 0 0 0 1 0 1 2 1 1 0 0 0 7 2 0 1 6 3 3 1 9 3 0 0 5 1 2 1 2 0 4 1 0 0 6 
9 9 5 1 1 3 10 4 11 11 3 5 4 5 4 13 21 19 5 1 12 6 6 7 3 0 0 10 3 51 31 38 102 40 36 18 99 82 139 95 61 18 32 90 90 105 66 37 45 242 9 6 9 8 1 0 3 12 0 2 0 2 0 9 11 8 2 3 1 3 5 4 4 2 21 13 3 13 38 17 22 10 22 68 34 76 33 122 63 0 0 70 30 41 23 63 9 40 20 7 4 101 
11 13 6 1 3 10 16 8 9 5 3 11 14 3 9 12 25 25 18 4 9 2 3 26 9 1 0 31 4 73 25 57 87 44 64 32 127 124 222 216 98 35 110 24 206 292 166 106 127 510 10 7 34 9 4 5 7 17 0 9 2 7 2 15 16 10 5 9 0 2 8 4 3 1 20 15 2 12 70 29 34 22 31 106 52 170 78 202 107 0 0 231 63 94 55 133 26 79 50 12 22 122 
10 18 15 1 1 5 12 4 4 8 5 12 13 6 4 9 35 11 12 4 5 7 5 31 20 0 2 26 6 68 26 59 105 34 42 44 111 96 170 128 83 18 91 253 13 236 166 129 112 402 7 4 37 10 2 1 3 6 0 2 0 5 4 8 19 8 2 7 4 1 7 4 3 5 17 7 2 13 36 22 14 7 10 42 19 59 34 108 36 0 0 72 13 30 28 50 11 38 36 9 5 67 
12 12 14 1 2 8 20 12 20 20 5 18 18 14 7 11 44 26 18 8 13 11 7 50 16 1 3 26 13 75 29 85 162 39 48 66 180 126 243 223 126 33 131 351 258 37 239 269 234 846 13 14 34 8 2 0 7 13 0 4 4 3 1 10 7 17 5 2 2 1 10 7 5 4 28 13 4 12 48 14 31 13 23 70 25 69 48 197 45 0 0 170 47 51 28 53 10 61 58 17 5 137 
14 21 10 1 2 6 13 7 6 10 9 1 9 9 2 14 20 10 13 3 7 7 5 28 6 0 1 28 7 55 27 48 140 19 28 27 114 70 105 119 91 18 66 136 114 222 19 100 107 365 10 7 29 3 4 2 1 6 0 1 3 4 1 9 7 6 5 6 3 1 9 5 2 2 15 5 1 11 28 9 8 13 10 30 12 39 22 125 24 0 0 76 17 31 18 20 2 20 30 3 1 90 
3 6 5 1 1 2 5 5 7 4 2 2 5 3 1 2 7 4 3 8 5 4 2 6 3 0 0 18 3 24 10 21 80 10 11 11 33 28 60 39 51 1 37 90 69 244 124 18 66 339 5 5 4 1 0 0 1 3 0 1 0 6 1 3 4 2 3 4 0 0 0 2 4 0 3 3 1 4 13 2 3 8 5 23 8 12 4 88 8 0 0 39 9 12 12 12 1 13 6 1 0 38 
4 10 4 1 1 1 3 3 3 6 1 2 7 1 1 4 5 9 4 4 3 4 2 18 4 0 0 9 10 31 6 16 87 7 18 10 57 28 51 38 29 4 25 86 57 138 108 85 18 399 4 2 9 1 0 1 2 2 0 1 0 3 0 3 1 4 1 2 0 3 1 3 1 1 10 3 2 3 17 5 1 4 4 12 8 9 5 106 6 0 0 48 3 25 3 12 5 9 5 2 3 50 
62 82 30 9 8 36 18 18 25 42 17 19 49 21 20 27 56 35 36 26 28 21 15 160 52 4 3 115 25 244 60 137 661 79 109 106 320 239 482 306 271 23 171 340 220 517 316 433 375 53 52 26 95 18 14 4 15 14 0 11 5 14 4 25 32 39 6 14 8 3 16 25 12 14 58 37 5 24 99 39 31 54 31 81 38 71 55 514 54 0 0 220 28 69 64 70 12 68 82 10 13 250 
9 7 10 3 3 10 4 16 8 11 9 4 4 10 9 21 15 10 6 1 3 0 2 17 2 0 1 10 2 18 4 15 59 11 8 4 3 5 9 12 9 1 9 12 8 9 7 2 13 58 7 10 36 17 14 9 24 23 0 24 10 4 2 12 22 28 1 12 6 17 7 10 8 14 13 14 0 9 83 9 13 0 4 18 4 10 2 40 9 0 0 9 2 6 6 1 3 3 4 0 2 18 
2 2 5 1 0 2 0 3 1 6 1 0 4 5 6 5 6 1 0 0 0 2 0 7 1 0 0 5 2 5 2 6 36 4 3 4 10 1 7 6 0 1 6 4 4 6 8 3 0 19 12 6 44 35 12 4 12 17 0 5 4 0 0 11 4 10 1 8 1 16 5 5 3 9 6 4 0 3 82 5 7 1 5 16 2 14 0 19 5 0 0 7 2 5 2 1 3 2 2 1 0 9 
7 7 5 0 1 11 15 11 7 6 0 6 7 18 6 15 9 3 2 6 1 2 6 18 4 0 1 9 5 18 13 10 59 7 9 7 7 4 17 8 9 0 11 23 9 19 14 6 19 69 37 34 13 19 14 12 19 33 0 26 10 3 8 26 29 29 15 32 5 20 10 15 13 6 4 8 1 9 106 18 10 3 8 43 9 23 6 63 12 0 0 11 4 13 9 7 1 7 12 2 2 36 
2 4 4 1 1 6 2 5 2 6 0 4 8 8 8 13 4 4 1 0 0 0 0 5 3 0 0 1 6 9 9 11 23 10 2 1 7 1 5 8 0 1 5 9 3 6 8 2 2 14 22 26 30 2 12 6 8 39 0 27 10 0 5 10 8 17 3 11 4 6 3 4 5 5 11 3 2 8 75 8 3 1 1 14 6 7 4 5 5 0 0 11 1 3 3 2 3 2 0 0 0 5 
0 7 1 0 0 2 3 1 3 4 0 1 0 1 2 5 4 2 0 0 0 0 0 2 0 0 0 0 2 9 0 3 9 4 4 0 1 1 1 1 3 0 4 2 1 0 2 0 0 9 7 4 16 16 1 4 5 14 0 13 6 0 3 6 5 12 1 5 1 4 4 4 4 3 1 2 0 4 39 3 1 0 3 3 5 3 2 6 5 0 0 5 1 0 0 0 0 1 2 0 2 4 
1 1 2 0 2 1 0 1 2 3 0 0 4 7 1 3 3 2 1 1 0 0 3 1 1 0 1 1 0 3 2 2 4 5 2 1 3 2 4 1 2 2 0 0 0 0 1 1 1 1 5 3 5 4 1 0 11 17 0 5 3 3 2 8 1 4 0 4 1 5 2 3 5 5 3 0 0 7 27 1 1 0 1 2 1 3 2 4 1 0 0 2 0 0 1 2 0 3 0 1 0 3 
3 6 3 0 1 1 3 2 4 0 1 2 3 3 7 7 10 3 1 0 0 1 0 3 4 0 0 2 0 5 2 4 22 3 2 4 5 3 14 4 2 0 5 3 0 2 2 6 0 16 18 13 16 10 10 15 6 10 0 11 8 2 1 15 11 17 1 7 2 6 6 7 4 5 5 8 3 8 57 10 5 1 2 17 10 7 3 25 7 0 0 6 0 5 4 3 1 8 0 0 0 2 
6 6 1 3 0 2 6 2 4 9 4 12 8 17 5 10 14 2 3 1 4 0 1 3 2 0 0 2 6 11 5 12 16 8 7 2 7 3 10 5 2 1 9 7 1 5 3 1 3 20 24 16 29 24 14 16 14 8 0 23 4 5 3 12 12 23 7 12 1 9 6 11 8 6 22 8 3 17 107 18 1 3 7 40 14 11 8 24 3 0 0 11 3 5 3 1 0 3 3 0 0 11 
0 0 0 0 0 0 0 0 0 0 0 0 0 0 0 0 0 0 0 0 0 0 0 0 0 0 0 0 0 0 0 0 0 0 0 0 0 0 0 0 0 0 0 0 0 0 0 0 0 0 0 0 0 0 0 0 0 0 0 0 0 0 0 0 0 0 0 0 0 0 0 0 0 0 0 0 0 0 0 0 0 0 0 0 0 0 0 0 0 0 0 0 0 0 0 0 0 0 0 0 0 0 
8 10 7 2 3 3 11 2 3 4 1 13 15 16 8 19 11 11 7 7 3 10 3 21 12 3 2 11 16 10 4 5 6 5 1 0 2 6 8 4 5 1 3 7 4 5 1 5 3 19 28 17 26 13 5 8 12 31 0 5 5 2 3 8 17 30 16 15 5 12 15 18 7 21 10 11 2 3 40 2 6 1 10 8 5 9 0 19 6 0 0 12 0 1 1 6 3 1 4 0 0 3 
0 0 1 0 0 2 1 3 0 0 1 3 5 0 3 2 2 1 0 0 0 0 0 2 0 0 0 2 0 9 4 3 8 4 2 0 3 2 6 1 0 0 2 3 2 1 2 1 2 11 7 4 12 7 5 2 5 11 0 0 0 7 0 8 10 14 8 6 4 14 5 15 6 11 1 3 0 2 14 4 4 8 4 0 1 2 0 10 2 0 0 1 1 1 0 1 0 0 0 0 0 3 
2 4 1 0 0 4 2 3 4 0 1 2 1 2 0 3 4 1 9 1 2 2 0 2 1 0 0 0 0 14 4 7 12 7 10 2 11 7 10 12 3 2 6 5 14 4 9 5 5 15 2 3 4 5 1 1 0 6 0 9 8 0 3 15 16 26 9 4 3 9 9 12 3 3 2 0 1 1 23 5 3 3 2 3 4 5 3 10 4 0 0 8 1 3 0 1 0 2 2 0 0 4 
0 1 1 0 0 0 0 3 0 0 0 0 4 1 0 0 1 1 1 0 0 0 1 2 0 0 0 0 0 1 3 1 1 2 0 3 6 5 3 1 0 0 1 2 0 1 1 1 3 3 4 2 8 3 0 0 2 7 0 0 2 3 1 1 8 16 3 6 5 5 9 5 1 1 1 1 0 2 28 0 8 0 0 3 2 1 0 1 2 0 0 3 1 0 1 0 0 0 0 0 0 1 
2 3 3 1 0 5 2 8 2 0 2 1 4 1 0 4 2 9 4 0 1 2 1 4 2 0 0 1 3 10 10 6 8 0 12 7 14 12 21 13 8 0 6 13 10 10 1 2 3 20 8 11 25 10 14 2 8 16 0 13 9 15 5 5 12 39 13 7 4 15 22 25 15 8 8 2 2 5 20 3 2 1 1 4 0 5 2 8 3 0 0 11 1 1 0 2 0 0 2 1 0 3 
2 5 1 0 1 2 2 10 3 2 2 1 4 0 1 1 4 1 4 0 0 0 0 0 0 0 0 0 0 33 14 32 18 8 17 14 13 5 35 27 6 2 11 6 12 7 1 3 7 26 14 12 6 13 6 2 7 9 0 16 5 13 7 4 7 23 19 28 13 24 34 34 21 16 5 7 0 6 33 9 8 1 3 4 1 6 5 13 4 0 0 10 1 0 0 0 2 1 3 0 0 5 
4 13 8 1 4 15 14 14 11 8 1 4 5 4 1 2 0 0 0 0 1 0 1 1 0 0 0 0 5 48 24 44 29 36 19 8 25 16 32 14 20 4 15 17 10 15 11 13 9 65 34 17 40 21 9 5 19 18 0 47 13 23 19 53 44 23 8 66 43 61 76 113 52 36 14 8 0 7 65 8 15 5 5 6 4 5 5 23 4 0 0 11 1 4 1 2 0 1 1 0 0 5 
3 4 11 0 0 5 6 1 3 3 0 2 2 3 0 1 0 0 0 0 0 0 0 0 0 0 0 0 3 12 4 15 11 10 5 6 11 5 15 5 4 0 6 2 8 5 5 4 0 13 4 6 4 7 1 0 7 2 0 13 2 1 14 38 33 20 3 17 22 34 35 36 41 18 5 2 0 1 16 2 4 0 1 4 0 2 0 4 0 0 0 1 2 0 0 0 0 0 0 0 0 1 
2 0 1 0 0 1 4 3 2 0 1 0 0 1 0 2 0 0 0 0 0 0 0 1 0 0 0 0 1 18 3 3 7 8 8 4 12 2 18 5 5 1 3 2 6 4 5 4 0 23 20 9 19 5 11 1 8 11 0 5 5 7 5 2 16 29 8 6 11 20 37 37 20 20 4 1 3 1 28 0 2 2 3 3 1 2 0 8 0 0 0 1 0 0 0 0 0 0 0 0 0 1 
0 3 1 1 0 3 0 1 2 1 2 0 2 0 0 1 0 0 0 0 0 0 0 0 1 0 1 0 2 3 4 5 6 6 3 2 2 7 7 4 2 1 1 2 0 3 2 1 0 7 3 3 2 0 1 2 1 2 0 8 2 1 0 7 14 11 7 11 2 13 19 25 9 12 2 0 0 0 8 1 1 1 1 3 0 2 0 1 2 0 0 0 0 0 0 0 0 0 0 0 0 0 
2 2 2 0 0 0 4 7 2 2 2 3 2 1 2 4 2 1 0 0 0 2 0 0 0 0 0 0 2 4 9 5 10 7 8 5 10 2 9 3 5 1 3 5 2 5 0 1 6 15 5 6 7 11 7 0 4 1 0 9 4 8 5 13 30 43 19 21 12 4 19 42 14 25 9 4 1 0 22 7 2 0 1 6 3 2 1 6 2 0 0 0 1 0 0 0 0 0 0 0 0 0 
3 3 2 0 1 3 2 6 0 0 1 3 4 1 0 0 0 0 0 0 0 0 0 0 0 0 0 2 9 1 3 6 10 6 5 1 13 5 19 3 5 0 5 5 2 0 6 5 3 15 5 1 6 3 0 1 7 6 0 9 5 0 3 6 19 35 17 38 13 19 4 41 12 28 2 3 0 2 15 3 7 1 3 8 1 2 1 15 2 0 0 4 0 1 0 0 0 0 0 0 1 1 
3 2 1 1 2 4 2 3 1 2 0 4 2 0 0 3 0 0 1 1 0 0 0 0 0 0 0 0 5 7 0 2 17 13 4 5 10 4 14 5 5 0 1 4 4 7 4 2 1 16 1 1 17 4 0 3 1 13 0 6 3 2 8 16 38 55 28 23 32 33 41 2 24 29 1 2 0 1 17 3 3 1 4 6 2 1 1 2 0 0 0 2 0 2 0 0 0 0 0 0 0 3 
4 9 6 1 0 6 4 2 5 6 0 7 3 1 1 1 2 5 1 0 0 0 0 0 0 0 0 0 3 2 10 10 16 14 16 9 16 11 25 13 10 1 4 12 10 11 11 5 8 42 26 9 18 7 7 5 16 13 0 20 11 5 5 13 24 54 22 22 14 35 18 53 6 17 4 7 0 3 41 2 6 2 3 11 1 5 5 17 2 0 0 1 0 2 0 2 2 2 0 0 0 3 
5 5 2 6 1 2 15 5 8 2 2 4 7 1 1 1 2 2 0 0 1 0 0 1 0 0 0 0 4 2 3 3 9 14 13 2 16 10 17 15 11 2 4 5 10 4 5 2 5 37 16 7 14 3 5 6 8 10 0 19 11 3 8 6 21 31 18 27 10 45 18 58 10 4 14 3 2 6 33 1 4 2 6 7 3 5 1 21 4 0 0 5 2 0 2 0 0 1 3 0 1 2 
1 0 0 0 1 3 0 1 5 3 2 0 6 2 3 3 6 4 0 3 0 1 1 5 2 0 0 3 0 0 2 4 22 1 4 2 4 1 5 3 3 0 10 10 3 4 13 5 5 39 4 6 10 4 2 2 6 10 0 7 5 0 2 1 4 9 0 2 1 4 6 3 3 4 2 5 5 14 102 18 18 10 4 40 10 8 4 58 8 0 0 5 3 4 3 1 1 9 6 1 1 14 
1 0 2 1 0 2 3 6 3 1 1 0 2 6 6 6 3 0 1 3 0 0 1 9 3 0 0 1 1 11 3 5 15 1 3 0 2 1 10 4 4 0 10 22 5 4 8 5 9 52 16 3 3 6 4 3 8 14 0 2 4 0 2 7 9 13 1 2 0 1 4 3 3 2 5 6 5 16 105 21 11 13 9 58 13 14 9 53 14 0 0 6 6 12 2 7 0 5 9 2 4 19 
0 0 2 0 2 0 0 0 0 1 0 1 0 0 0 3 2 2 0 0 1 0 0 2 2 0 0 6 0 1 0 2 1 0 2 0 0 0 0 0 0 0 3 3 0 3 0 0 2 5 5 0 2 0 1 1 3 1 0 3 0 1 0 0 2 3 1 2 2 0 0 1 3 2 2 11 0 3 56 9 4 4 5 21 8 1 2 6 2 0 0 2 0 0 3 1 0 1 1 1 2 3 
2 2 3 0 1 3 4 2 2 1 0 1 1 1 2 1 8 2 1 0 0 0 0 3 2 0 0 5 5 3 1 3 9 2 2 0 1 0 3 3 0 2 6 14 5 5 7 1 1 18 9 4 12 5 3 4 7 14 0 7 8 1 1 6 5 5 0 6 0 3 4 6 3 1 11 18 10 4 74 16 24 9 7 69 13 11 6 26 7 0 0 7 2 1 6 3 1 3 5 1 1 13 
7 23 11 2 3 11 19 14 15 12 6 14 20 28 8 43 22 17 3 3 4 3 2 27 9 0 0 15 16 31 7 22 53 13 18 9 12 4 43 13 7 1 21 36 21 24 19 18 14 86 123 84 147 92 88 45 68 129 0 54 19 10 3 35 31 53 9 24 11 24 22 29 20 24 292 190 72 79 19 79 121 33 74 229 82 37 18 135 36 0 0 31 12 21 13 21 3 17 17 1 3 25 
2 4 2 0 0 1 0 0 1 1 0 1 1 0 1 4 1 3 2 0 0 0 1 1 0 0 0 1 0 3 1 1 4 5 3 2 5 1 11 5 3 0 10 17 6 10 7 3 3 29 3 7 10 10 3 1 7 20 0 7 4 5 4 5 1 8 11 5 1 1 6 3 1 1 15 26 7 15 111 3 10 8 20 145 52 16 14 40 11 0 0 20 5 7 8 3 0 10 8 0 1 14 
2 4 2 0 0 2 0 0 0 2 0 0 1 0 1 2 0 2 0 0 2 1 0 2 1 0 0 1 1 3 4 3 6 0 4 0 1 1 2 2 8 1 14 7 9 11 5 1 3 33 7 8 10 5 5 3 5 12 0 4 2 4 1 4 4 7 1 0 0 1 1 5 2 2 14 12 4 8 77 19 6 6 15 78 34 11 7 39 12 0 0 13 5 10 4 8 1 6 7 0 0 19 
4 1 1 0 1 1 4 0 1 1 2 0 0 0 0 0 0 2 0 1 1 0 0 3 1 0 0 2 0 6 3 2 8 0 1 0 0 0 10 9 2 1 5 16 9 21 10 10 6 70 8 5 3 1 2 0 4 6 0 7 3 0 5 0 3 4 2 2 0 1 4 4 4 5 16 10 1 12 43 10 9 3 4 57 15 23 15 68 9 0 0 12 2 9 6 5 6 21 10 2 2 22 
1 2 2 0 1 0 1 0 3 2 0 0 1 1 0 0 0 0 0 0 0 0 0 3 1 0 0 1 5 4 4 1 5 3 0 0 2 4 3 5 4 2 13 10 4 18 3 1 3 32 6 4 8 3 7 1 3 10 0 3 1 1 0 4 6 8 2 1 0 0 3 2 3 6 15 13 3 17 37 26 27 3 3 108 58 27 4 36 14 0 0 21 5 9 2 9 3 14 6 0 0 20 
3 8 16 2 0 2 2 8 3 5 0 0 1 0 0 1 4 6 1 0 0 0 0 3 2 0 0 5 2 8 3 4 10 2 1 0 8 0 20 18 19 5 57 84 14 56 23 28 20 103 19 11 48 19 14 16 25 50 0 11 1 3 1 4 5 14 2 5 1 2 4 14 6 9 109 87 14 102 229 177 140 37 185 20 169 89 37 177 46 0 0 78 16 41 27 23 6 23 35 1 5 46 
1 0 1 0 2 0 0 1 1 2 0 0 1 0 0 0 0 1 1 0 0 0 0 2 0 0 0 3 5 1 0 1 5 1 1 1 1 1 6 11 8 4 18 38 13 19 7 8 3 32 4 2 6 7 2 4 14 10 0 7 2 0 1 0 5 5 3 0 0 3 0 1 1 5 13 9 1 27 59 63 97 26 93 163 5 46 19 48 20 0 0 36 4 17 9 11 1 10 6 1 1 9 
3 11 5 1 0 4 3 1 3 1 2 2 1 1 0 5 6 5 6 1 5 3 0 6 7 0 0 7 4 21 7 20 29 6 7 2 15 16 25 2 17 13 51 93 30 44 35 23 27 110 14 4 21 12 3 1 15 11 0 8 3 2 0 1 4 11 2 7 1 4 5 4 2 6 20 16 0 20 61 28 27 22 28 93 57 16 27 99 42 0 0 97 30 39 41 40 13 44 23 6 5 55 
7 5 3 0 1 0 4 1 0 1 0 2 0 2 0 0 5 2 5 0 2 1 0 6 5 0 0 2 12 12 2 9 24 3 5 3 19 10 28 14 20 3 29 79 14 28 14 12 6 68 9 9 9 1 0 0 4 4 0 8 2 0 2 5 1 6 1 0 0 3 3 2 1 3 7 5 1 3 25 17 17 6 12 37 25 32 6 44 19 0 0 44 25 21 9 16 2 22 11 4 4 38 
24 26 19 1 7 6 17 6 6 14 2 7 7 9 3 8 16 6 10 4 8 3 8 66 16 1 0 46 5 94 33 60 248 20 31 18 75 77 168 44 37 9 119 143 78 149 137 152 156 1009 29 21 121 24 6 7 27 21 0 18 3 3 6 8 7 17 5 10 4 1 12 6 6 13 71 28 9 31 131 54 52 50 56 177 71 76 58 26 39 0 0 195 35 76 51 87 20 68 73 17 13 353 
2 4 4 0 0 1 4 2 2 0 0 2 2 1 1 3 1 4 2 0 0 0 2 2 5 0 0 4 1 13 1 14 32 8 2 7 23 13 29 22 19 11 44 67 20 46 28 12 7 59 6 1 8 6 1 1 2 5 0 3 1 2 0 2 3 2 2 2 1 1 0 1 1 1 4 13 13 6 14 9 10 12 8 31 20 38 23 50 11 0 0 48 13 31 13 22 7 19 12 0 2 63 
0 0 0 0 0 0 0 0 0 0 0 0 0 0 0 0 0 0 0 0 0 0 0 0 0 0 0 0 0 0 0 0 0 0 0 0 0 0 0 0 0 0 0 0 0 0 0 0 0 0 0 0 0 0 0 0 0 0 0 0 0 0 0 0 0 0 0 0 0 0 0 0 0 0 0 0 0 0 0 0 0 0 0 0 0 0 0 1 0 0 0 0 0 0 0 0 0 0 0 0 0 0 
0 0 0 0 0 0 0 0 0 0 0 0 0 0 0 0 0 0 0 0 0 0 0 0 0 0 0 0 0 0 0 0 0 0 0 0 0 0 0 0 0 0 0 0 0 0 0 0 0 0 0 0 0 0 0 0 0 0 0 0 0 0 0 0 0 0 0 0 0 0 0 0 0 0 0 0 0 0 0 0 0 0 0 0 0 0 0 0 0 0 0 0 0 0 0 0 0 0 0 0 0 0 
2 11 6 2 1 5 7 18 6 8 4 20 6 8 3 13 16 3 3 2 3 6 1 5 0 1 0 13 2 55 21 49 59 19 32 25 79 69 232 43 51 6 80 211 54 134 62 62 75 332 12 12 17 19 1 3 2 9 0 8 6 12 4 6 3 4 3 5 4 2 3 3 3 2 17 7 4 10 63 34 32 18 23 89 56 93 45 203 59 0 0 14 52 72 37 111 16 50 49 15 13 136 
2 3 3 0 0 0 0 0 1 1 3 0 0 0 0 2 3 1 2 0 0 0 0 0 0 0 0 0 0 12 3 8 13 4 6 6 19 14 18 18 9 5 30 67 18 19 22 14 9 57 0 1 3 0 0 0 1 2 0 5 1 1 0 0 1 1 1 1 0 0 0 0 2 0 5 11 0 3 12 7 8 3 5 18 9 22 30 35 22 0 0 58 2 11 12 22 3 18 8 3 1 30 
0 3 4 0 0 2 3 0 0 0 0 3 1 0 3 1 2 0 1 0 1 0 0 0 0 0 0 1 2 2 3 4 13 4 5 4 16 13 26 8 11 3 32 64 23 33 24 12 13 55 3 4 5 4 1 2 4 2 0 2 0 0 0 0 3 2 0 0 0 0 1 1 1 0 5 4 0 7 13 10 9 14 22 33 17 27 15 50 25 0 0 77 19 2 4 14 2 14 7 4 5 50 
1 3 2 0 2 2 2 5 1 1 0 0 3 1 2 0 1 1 1 0 0 0 1 0 0 0 0 2 1 11 1 5 19 5 4 4 10 13 17 4 9 1 22 29 12 26 19 20 18 56 7 5 16 2 0 1 5 1 0 0 0 0 1 0 0 1 0 2 0 0 2 0 0 0 8 4 0 4 12 9 10 9 7 20 14 26 20 64 18 0 0 40 13 10 7 6 1 5 9 0 3 65 
0 2 0 0 1 3 2 1 0 1 0 0 2 1 1 0 0 0 1 0 0 0 0 1 0 0 0 4 1 12 2 3 18 1 5 4 21 10 19 9 10 2 35 60 31 36 13 12 26 55 4 2 5 4 0 1 1 3 0 1 0 1 0 0 1 0 0 0 0 0 0 1 1 1 8 2 0 4 12 4 5 5 3 28 12 18 8 74 12 0 0 82 14 27 11 2 4 4 4 1 1 57 
0 0 0 0 0 0 0 0 0 0 0 0 0 0 0 3 0 0 0 0 0 0 0 0 0 0 0 0 0 2 1 2 5 0 2 1 2 4 2 1 0 0 7 2 3 2 3 0 3 9 0 0 0 0 0 0 1 4 0 0 0 0 0 1 1 0 0 0 0 0 0 0 0 0 0 2 0 1 2 1 2 1 0 3 1 8 3 9 1 0 0 8 0 1 3 1 0 0 0 0 0 8 
0 2 1 1 1 0 0 0 0 1 0 0 1 2 0 0 1 0 0 0 0 0 0 0 0 0 0 1 0 3 2 1 11 2 6 1 8 5 17 3 2 3 15 26 9 29 16 9 10 48 3 2 6 5 1 0 1 3 0 2 0 0 0 0 1 1 0 0 0 0 0 0 0 1 11 6 1 1 19 5 6 5 7 22 13 17 8 59 6 0 0 41 8 8 10 10 2 11 9 1 0 27 
1 2 1 0 0 1 3 0 1 4 0 1 0 1 1 0 0 3 0 0 0 0 1 2 1 0 0 2 0 6 0 7 6 0 2 0 8 4 21 4 3 0 16 26 16 23 14 14 7 62 5 3 12 1 0 0 1 3 0 1 0 0 0 0 2 0 1 0 0 0 0 0 1 0 6 4 0 4 11 11 13 9 12 25 16 16 5 55 11 0 0 48 7 8 6 8 2 6 4 0 0 19 
0 0 0 0 0 0 0 0 0 0 0 0 0 1 0 2 0 0 0 0 0 0 0 0 0 0 0 0 0 0 0 2 2 0 1 0 4 1 9 1 2 0 1 2 8 6 3 1 1 8 0 0 1 0 0 0 0 0 0 0 0 0 0 0 0 0 0 0 0 0 0 0 0 0 1 1 0 0 2 0 5 2 1 0 1 4 1 2 2 0 0 5 0 1 2 4 0 0 3 0 1 9 
1 0 0 0 0 0 0 0 0 0 0 0 0 0 0 0 1 1 3 0 0 0 0 0 0 0 0 0 0 1 0 0 2 0 2 2 3 2 3 1 4 0 2 7 4 6 3 2 2 10 1 1 0 0 1 0 0 1 0 0 0 0 0 0 0 0 0 0 0 0 0 0 0 0 4 0 0 1 2 1 2 1 1 3 1 1 2 12 6 0 0 9 1 4 2 5 1 2 2 4 1 0 
19 17 6 1 2 6 12 4 6 15 5 7 5 1 4 6 9 5 3 1 3 1 0 6 0 0 0 11 3 32 13 29 56 8 23 13 41 41 87 46 45 12 130 126 81 116 99 74 73 373 27 19 54 10 5 1 8 6 0 5 0 0 0 4 2 1 0 2 0 1 2 2 1 2 38 17 0 26 60 30 38 44 25 111 32 66 50 442 87 0 0 135 31 79 67 72 11 44 33 5 3 18 
