5 8 20 5 7 29 30 26 41 32 12 25 42 40 54 59 19 23 20 15 13 17 8 36 17 1 0 25 66 2 2 4 11 1 4 2 6 2 15 18 8 1 9 6 8 11 5 7 10 40 5 1 7 8 2 2 3 7 0 1 2 4 1 3 9 10 1 2 3 1 1 1 2 0 0 3 1 2 17 0 1 1 2 5 3 1 3 23 5 0 0 5 0 0 0 2 1 0 0 1 0 8 
8 9 15 7 10 44 28 25 48 28 14 33 37 56 39 73 34 27 35 14 10 17 6 25 10 2 0 17 56 3 0 2 12 6 2 3 3 5 21 23 8 0 10 7 12 12 13 6 12 57 12 4 10 2 0 3 5 6 0 2 1 1 2 1 2 8 2 2 0 3 0 4 2 1 3 2 0 3 16 2 2 1 2 8 3 4 6 22 3 0 0 3 4 2 1 2 0 0 0 0 0 12 
20 18 11 5 10 20 16 20 49 20 9 50 52 63 33 50 29 17 24 10 11 13 2 31 14 4 0 24 87 4 3 2 12 4 4 1 3 12 18 12 14 0 7 7 14 12 8 5 5 46 5 3 7 7 8 1 1 7 0 4 0 1 1 1 4 11 5 1 1 1 1 0 1 3 2 10 2 2 17 1 1 0 2 5 3 1 6 15 2 0 0 2 4 1 0 2 0 3 1 0 0 9 
5 6 15 1 2 8 2 5 12 7 3 4 8 4 6 13 8 5 2 1 2 4 1 5 3 0 0 1 6 0 1 0 2 0 2 0 1 1 7 0 2 0 0 1 3 0 2 1 1 6 0 0 1 1 0 0 2 1 0 0 0 0 0 0 0 0 1 1 1 0 0 0 0 2 1 0 0 0 1 0 1 0 1 1 0 0 0 3 0 0 0 1 0 0 0 0 0 0 0 0 0 3 
6 14 4 8 2 16 8 4 5 8 12 4 12 13 14 26 13 4 1 3 2 9 1 10 2 0 0 5 19 2 2 0 1 2 2 1 1 3 3 6 4 0 1 2 0 6 3 0 2 14 4 0 5 1 1 0 0 1 0 0 0 0 0 1 1 3 0 0 0 0 1 0 0 0 3 0 0 0 4 0 0 5 1 0 0 0 1 6 0 0 0 0 0 0 0 1 0 0 1 1 0 3 
21 30 19 12 6 9 15 13 19 15 8 34 63 64 41 44 40 23 19 18 9 5 4 22 5 1 1 14 64 0 0 5 13 2 2 1 3 9 21 16 5 1 2 4 10 10 3 3 2 39 7 2 5 3 2 0 3 3 0 2 0 3 0 2 5 3 2 4 0 1 1 0 2 3 0 1 0 2 7 2 1 0 0 2 4 2 0 12 4 0 0 4 0 0 1 1 0 1 1 0 0 2 
21 34 25 8 4 11 9 21 27 19 11 19 53 39 24 37 26 20 16 6 5 11 3 15 7 0 1 6 47 4 1 6 17 1 5 0 1 2 16 10 5 5 6 6 3 6 5 4 5 17 3 1 3 2 0 1 0 16 0 2 0 1 1 2 3 10 1 3 0 4 1 3 1 2 0 1 0 1 6 1 0 3 0 0 0 4 0 9 0 0 0 1 1 1 1 0 0 0 0 0 0 8 
22 10 18 14 5 10 21 8 20 15 16 35 59 60 38 51 38 35 19 5 8 17 3 19 7 1 0 17 52 8 2 4 3 2 0 4 4 11 21 20 5 2 5 5 7 6 4 7 5 22 3 1 3 3 1 1 5 4 0 0 0 1 0 1 5 18 2 3 0 2 3 3 1 2 1 1 1 0 13 2 3 0 1 1 1 1 1 5 1 0 0 2 1 1 3 1 1 1 4 0 0 6 
30 43 37 12 12 20 42 18 14 18 24 34 77 55 26 42 45 28 16 12 10 10 6 27 7 0 0 14 50 5 1 1 6 3 4 2 5 1 24 17 13 0 9 9 5 8 7 4 1 30 3 2 5 3 2 0 1 2 0 0 3 0 2 1 7 6 4 1 1 4 3 2 0 1 6 5 1 0 2 2 0 0 1 0 1 1 0 10 2 0 0 9 0 2 0 2 1 1 1 0 0 5 
20 15 18 6 2 17 26 20 21 5 9 14 38 39 20 32 25 14 7 6 8 5 6 24 9 1 3 18 25 3 1 7 5 0 1 1 0 2 15 11 5 1 4 2 3 6 2 5 1 11 6 5 16 12 3 2 3 5 0 3 0 2 1 1 4 4 1 1 3 1 1 2 1 6 4 4 0 1 19 1 0 0 0 2 4 0 0 3 2 0 0 1 1 0 0 1 0 0 0 0 0 0 
11 12 10 0 5 10 20 10 7 8 0 8 21 29 7 18 16 27 15 9 6 5 2 15 4 1 1 12 12 5 1 0 4 0 1 0 1 2 11 8 4 2 4 0 8 6 5 3 4 27 2 1 5 1 0 2 1 3 0 3 2 1 0 0 0 0 0 0 2 0 1 2 1 2 0 0 0 1 5 0 1 1 0 0 0 0 0 3 2 0 0 6 0 4 0 0 0 2 0 0 0 1 
23 39 30 8 11 34 37 34 22 16 12 2 44 44 28 42 31 23 20 14 13 9 12 37 6 2 3 38 37 7 1 4 3 0 1 2 1 18 22 16 9 0 5 3 11 8 7 3 1 35 1 7 7 5 1 0 5 5 0 2 0 2 2 3 0 8 2 3 1 3 2 7 0 3 5 3 0 0 6 2 2 0 1 1 0 0 0 3 1 0 0 6 1 7 0 2 1 3 2 1 1 3 
42 54 64 8 20 66 130 87 115 67 46 31 10 81 69 80 75 59 65 20 33 18 8 58 33 1 6 62 45 9 3 4 20 1 5 1 4 6 35 14 9 5 15 11 7 13 13 7 2 35 6 7 6 10 5 5 11 12 0 19 4 3 3 1 1 3 3 2 0 1 1 9 6 2 4 0 2 3 13 1 0 0 0 2 0 2 1 11 1 0 0 7 2 2 0 1 0 2 3 1 0 5 
91 108 94 16 17 80 87 93 113 66 27 56 58 13 23 57 86 82 95 33 54 57 32 102 55 4 6 134 59 8 0 2 12 1 0 2 0 6 28 17 10 0 6 12 7 11 4 7 1 43 16 9 32 15 2 0 12 16 0 3 3 0 0 0 1 3 0 2 0 0 0 0 0 2 8 4 0 7 37 2 1 0 0 0 0 0 1 4 0 0 0 14 0 2 0 1 0 1 1 1 0 2 
35 76 67 3 20 46 48 38 50 35 21 27 53 26 9 38 47 31 40 12 32 23 20 83 35 3 7 93 28 7 3 6 8 6 1 3 1 2 16 7 4 0 5 10 8 2 4 2 1 14 7 2 4 2 2 1 5 4 0 2 0 2 3 0 1 0 0 1 0 0 1 1 0 1 8 2 1 6 21 1 0 0 0 1 1 2 1 6 1 0 0 2 0 0 1 2 0 0 2 0 0 2 
38 77 32 10 16 58 73 56 64 56 30 45 89 72 11 17 71 80 69 42 103 55 58 127 55 13 7 141 51 37 9 33 41 8 19 14 33 5 28 37 26 1 22 14 11 15 9 9 7 63 12 13 26 5 3 3 13 10 0 8 3 0 0 1 3 3 0 2 2 2 2 9 2 1 6 3 0 5 32 0 2 0 1 2 0 1 2 12 3 0 0 11 1 1 1 4 0 2 3 1 0 13 
19 60 34 9 6 36 40 39 47 35 13 42 62 103 32 83 5 43 64 30 36 35 36 84 36 9 5 85 16 25 7 38 56 22 21 16 29 21 49 33 33 2 20 15 13 33 29 18 6 68 5 11 11 6 0 3 7 13 0 4 2 4 1 3 2 0 0 0 0 0 0 0 1 2 3 9 2 2 18 3 2 0 0 1 0 5 2 22 8 0 0 11 3 0 2 1 1 0 0 0 0 8 
12 8 15 2 2 5 22 13 23 31 9 25 42 71 32 70 48 9 42 14 35 16 22 62 20 7 7 41 13 30 7 13 26 5 18 12 16 13 59 33 11 4 8 20 17 17 8 7 6 58 8 4 3 8 5 2 2 2 0 4 0 8 0 1 0 0 1 0 0 0 0 0 0 1 2 0 0 1 6 3 0 0 1 1 0 1 0 13 7 0 0 9 2 0 0 1 0 0 0 0 0 0 
13 25 12 0 3 17 16 11 19 16 7 32 40 73 25 70 42 66 5 24 40 20 31 67 30 3 6 45 16 13 13 10 23 7 15 5 14 5 43 7 14 0 9 8 9 21 14 5 7 43 2 2 8 0 1 1 0 4 0 3 0 2 1 0 3 0 0 0 0 0 0 0 2 0 3 1 0 2 11 1 1 0 2 0 0 2 4 9 3 0 0 8 0 0 0 0 0 0 0 0 0 2 
9 15 13 0 2 9 9 12 8 14 3 8 23 27 18 42 27 26 20 5 6 13 19 43 20 9 10 66 17 8 2 5 9 0 4 4 10 5 23 10 12 1 6 3 3 7 4 3 1 12 2 1 5 1 1 0 1 3 0 1 1 0 1 0 0 0 0 0 0 0 0 1 0 1 0 1 1 1 6 2 0 0 0 1 0 0 0 3 2 0 0 2 0 0 0 0 0 1 0 0 0 1 
4 6 4 2 0 17 7 8 12 10 5 15 36 66 25 82 40 35 45 7 6 5 22 35 18 21 29 65 10 11 1 1 9 1 3 5 7 4 36 12 10 4 3 9 7 5 6 1 1 31 1 0 1 1 3 0 2 0 0 0 0 1 0 1 0 0 0 0 0 0 0 0 0 0 0 0 0 0 6 0 1 0 0 1 0 4 0 4 0 0 0 0 0 0 0 1 0 0 0 0 0 0 
10 9 8 1 3 5 14 10 16 11 2 11 26 35 13 51 31 17 31 7 12 3 14 21 3 14 22 74 6 4 5 0 10 1 2 5 14 3 18 4 5 1 2 4 3 2 1 4 4 20 2 0 6 1 0 0 0 0 0 1 0 0 0 0 0 0 0 0 0 0 0 0 0 1 1 1 0 2 5 0 2 1 0 1 1 0 0 3 1 0 0 1 0 1 0 0 0 0 2 0 0 3 
7 7 4 1 1 7 4 6 3 6 5 16 9 13 18 60 19 30 38 12 22 10 1 14 2 10 13 69 1 1 0 3 8 1 8 4 10 7 20 4 9 0 4 2 2 4 1 3 1 17 3 1 2 1 0 0 3 3 0 1 0 0 0 0 0 1 0 0 0 0 0 0 0 0 2 2 1 0 2 1 0 1 1 0 0 0 2 2 0 0 0 2 0 1 0 2 0 0 0 0 0 0 
19 4 8 2 3 12 9 10 19 26 6 33 28 37 36 102 59 27 54 25 39 15 17 10 4 27 46 109 13 10 3 6 24 5 8 2 9 11 43 15 18 0 3 4 17 24 8 11 11 94 8 4 13 3 2 5 2 3 0 4 1 0 3 0 3 0 0 0 0 0 0 0 0 0 4 1 0 1 21 1 1 0 0 0 0 2 0 18 1 0 0 4 0 0 1 0 1 0 0 0 0 4 
24 29 10 0 12 18 20 20 29 53 9 40 55 32 30 96 52 28 27 12 27 21 15 15 8 7 18 46 5 13 12 7 68 8 6 10 16 14 30 32 46 5 16 20 42 30 22 26 23 188 31 16 46 11 9 5 5 8 0 0 1 3 0 3 1 1 1 0 0 0 0 0 1 1 8 7 3 5 36 4 0 4 1 3 2 7 7 48 5 0 0 8 1 0 0 0 0 1 0 0 0 2 
0 0 1 0 0 0 0 0 1 0 1 3 2 3 2 6 5 6 8 4 9 12 6 19 6 1 6 14 4 0 0 1 1 0 2 0 1 0 5 2 6 0 0 0 0 1 0 0 0 3 1 0 0 0 0 0 0 0 0 1 0 0 0 0 0 0 0 0 0 0 0 0 0 0 0 0 0 0 2 0 0 0 0 0 0 0 0 2 0 0 0 0 0 1 0 0 0 0 0 0 0 1 
1 0 0 0 0 0 1 0 1 0 0 0 1 3 1 9 3 3 1 2 14 12 5 23 1 6 0 24 0 1 0 0 0 0 0 0 1 1 2 0 0 0 0 1 0 0 1 1 0 3 0 0 1 0 0 0 0 0 0 0 0 0 0 0 0 0 0 0 0 0 0 0 0 0 0 0 0 0 0 0 0 0 0 0 0 0 0 0 0 0 0 0 1 0 0 0 0 0 0 0 0 0 
26 30 15 3 5 28 18 16 22 49 19 47 43 96 60 110 70 50 76 58 80 81 78 97 85 16 30 7 6 7 6 10 17 1 6 7 13 25 37 40 42 2 15 18 39 26 33 11 14 182 15 16 23 10 11 4 9 12 0 0 0 1 0 1 0 1 0 0 0 0 0 0 0 0 7 10 1 2 36 6 2 2 2 4 0 10 8 48 8 0 0 8 2 0 2 0 0 2 1 0 0 7 
39 123 91 14 15 99 65 46 52 33 18 44 33 56 31 68 34 28 30 14 26 23 12 16 8 2 1 7 12 7 1 3 11 5 3 10 3 20 8 16 12 4 7 13 8 16 11 6 3 46 4 1 13 9 3 1 2 4 0 7 0 3 0 3 4 9 4 7 1 3 4 6 3 2 0 0 0 3 13 5 1 1 2 9 3 8 7 10 6 0 0 8 1 3 5 1 0 0 2 0 0 0 
1 7 4 0 1 1 3 5 6 1 2 8 10 6 3 20 30 26 20 4 6 4 4 6 4 1 2 5 0 26 95 110 318 73 111 125 247 113 177 126 78 10 44 39 53 50 47 23 33 261 8 5 12 8 6 5 2 8 0 15 3 9 2 19 16 32 16 10 12 9 4 11 5 1 6 4 1 2 26 5 6 1 2 10 1 5 9 64 14 0 0 33 8 11 12 9 5 7 8 4 2 28 
1 1 1 0 1 2 2 1 0 0 0 0 3 0 0 4 10 16 11 2 1 1 1 8 2 0 1 2 2 79 2 66 110 31 36 51 114 43 68 33 15 2 15 6 15 20 15 1 4 53 4 0 5 2 3 0 0 3 0 0 0 4 2 6 7 23 3 6 3 2 1 2 0 0 0 0 0 1 7 1 1 0 0 2 0 4 3 20 2 0 0 8 4 3 1 3 0 0 0 0 0 9 
0 7 3 0 0 0 5 1 3 2 0 6 6 6 7 20 19 11 13 1 5 3 5 8 5 0 3 5 3 117 57 17 111 40 74 79 247 105 181 79 52 4 31 36 36 45 18 5 14 118 2 4 13 3 5 0 3 16 0 4 1 2 3 8 8 24 7 7 1 4 3 2 3 0 3 6 1 2 15 5 2 0 2 4 1 14 6 48 11 0 0 30 7 4 2 3 1 2 7 1 1 18 
25 15 15 3 2 10 10 10 10 11 3 18 20 7 6 31 41 29 10 8 9 10 6 64 29 1 1 36 4 312 129 147 25 35 119 106 236 146 225 205 189 25 108 100 132 166 127 87 109 858 42 31 70 27 9 6 23 35 0 15 6 13 5 11 22 45 10 11 12 7 12 16 16 6 17 17 2 19 61 6 8 7 5 16 9 26 24 205 22 0 0 46 14 20 19 26 2 14 9 0 1 67 
3 1 2 1 1 1 3 2 2 1 0 2 6 2 1 4 23 9 8 3 1 2 0 2 1 0 0 2 3 64 28 53 43 2 23 23 83 36 92 54 43 3 38 25 26 22 36 11 12 90 8 7 10 11 2 3 0 6 0 3 0 3 0 1 8 30 6 9 7 9 7 10 8 1 4 2 0 1 25 3 0 2 0 2 3 12 5 21 6 0 0 30 1 4 1 4 0 0 3 1 2 10 
6 3 4 0 4 1 2 5 3 1 4 3 5 6 5 15 21 16 7 9 8 3 5 14 8 0 2 16 11 146 72 98 110 22 9 40 157 69 160 87 57 4 39 52 51 70 36 19 34 128 8 4 11 6 5 2 4 10 0 0 1 9 2 6 5 19 9 10 3 3 6 18 5 4 2 2 1 5 17 7 2 0 2 0 2 16 2 35 17 0 0 26 9 6 8 11 0 3 4 1 0 29 
3 3 5 0 0 4 1 2 1 0 0 1 5 1 2 9 17 3 5 3 3 3 1 18 7 0 0 6 5 186 59 58 136 26 28 6 157 40 98 71 39 8 23 27 19 34 27 16 33 116 2 5 6 7 1 1 0 4 0 1 1 4 2 7 5 20 8 5 2 2 2 5 10 3 3 2 0 1 9 0 1 0 0 0 0 5 4 18 7 0 0 16 7 8 4 2 0 3 2 2 0 18 
5 8 2 2 5 6 7 3 2 1 3 2 2 1 2 32 31 19 15 13 11 17 9 49 19 0 2 34 4 440 182 321 452 114 128 153 24 155 499 359 167 41 120 161 142 180 120 64 59 453 21 13 23 22 6 8 10 14 0 4 4 13 8 25 28 45 11 26 13 9 36 26 12 11 24 7 2 4 43 7 1 1 2 3 4 19 24 90 33 0 0 88 31 27 27 27 11 11 13 11 3 77 
12 13 8 0 1 8 4 6 13 7 4 5 22 7 2 5 12 11 9 12 14 6 7 20 18 1 0 18 16 149 41 126 127 46 50 58 115 15 130 166 111 19 82 87 76 96 59 29 25 233 8 2 9 3 4 1 3 3 0 0 0 2 3 10 12 7 0 5 2 3 5 6 7 1 3 2 1 2 15 1 0 0 4 3 1 11 9 60 19 0 0 60 16 22 7 10 1 6 5 0 1 23 
19 38 18 3 11 26 31 21 22 28 21 31 34 35 11 15 44 53 39 19 35 17 25 96 28 2 4 73 30 259 92 227 326 82 108 82 432 113 29 386 236 21 135 126 144 177 119 72 66 539 19 11 46 13 3 1 11 23 0 4 2 13 4 38 38 30 13 13 9 12 26 38 19 19 26 10 0 5 54 2 6 6 5 17 12 19 25 132 26 0 0 126 22 26 13 36 0 17 22 4 4 86 
18 14 15 1 5 14 11 14 10 9 6 14 26 14 11 16 38 17 12 7 17 3 4 20 10 1 0 16 19 95 34 72 155 54 87 62 265 145 400 17 47 16 58 139 75 133 91 29 37 275 13 4 10 4 2 0 10 5 0 1 3 11 2 13 12 9 4 5 0 5 5 4 3 3 4 12 0 6 8 5 7 1 5 13 7 6 9 24 18 0 0 66 9 15 7 8 0 3 1 1 3 25 
7 16 13 0 0 12 10 7 10 12 2 12 14 5 6 14 24 25 6 6 9 3 4 36 16 2 2 35 6 76 28 45 118 21 43 38 146 79 226 48 10 20 49 94 40 88 66 32 34 250 4 6 9 7 0 0 2 2 0 0 1 1 3 3 4 4 2 2 5 1 5 4 4 4 4 4 0 5 16 3 6 2 2 6 6 15 18 23 13 0 0 45 7 18 9 12 3 6 7 1 2 27 
0 2 0 0 0 1 1 0 2 3 0 3 7 1 0 2 0 1 2 0 5 1 0 1 1 0 0 0 2 9 3 12 10 6 4 5 39 7 34 12 24 2 18 52 16 22 15 7 6 29 0 1 1 3 0 1 1 0 0 0 0 0 1 3 1 3 0 3 1 0 1 2 0 0 1 0 0 0 6 0 0 2 2 3 1 2 0 10 7 0 0 4 0 5 10 10 2 1 1 0 1 2 
7 12 11 3 2 7 8 6 4 9 6 8 7 5 2 13 18 20 6 2 8 5 2 12 6 0 0 14 7 54 22 38 82 20 41 33 130 88 113 76 47 39 12 100 83 99 74 45 58 207 5 9 4 10 5 3 8 7 0 6 1 5 0 8 6 7 4 1 3 3 8 3 6 1 12 6 2 7 32 19 11 6 20 68 39 61 34 119 36 0 0 82 22 38 34 48 6 38 27 4 2 92 
12 11 2 0 2 10 15 5 9 7 5 3 12 5 6 14 21 18 10 4 16 10 6 15 20 0 0 23 11 73 15 50 109 30 39 33 152 113 189 137 85 40 97 33 148 261 131 82 123 387 12 6 23 3 4 4 7 18 0 4 3 4 1 8 15 11 1 3 3 3 2 7 3 2 20 16 3 17 55 19 19 33 20 79 33 114 60 160 58 0 0 218 56 50 49 75 17 49 29 8 8 112 
7 9 10 1 2 3 6 2 11 7 9 4 10 8 2 10 18 18 10 7 8 12 3 27 10 0 3 16 4 49 25 46 118 20 36 24 112 75 188 85 94 14 71 184 9 171 118 74 73 353 13 9 10 7 1 2 3 2 0 1 1 6 0 12 7 19 2 6 2 9 4 4 9 3 8 4 6 3 27 5 14 3 10 30 12 22 25 98 34 0 0 72 14 35 19 22 8 20 19 1 5 70 
12 16 10 1 4 13 16 11 15 9 7 9 17 11 3 10 21 13 17 6 12 7 6 32 23 0 1 24 14 84 21 56 184 21 70 49 179 126 219 159 177 35 104 284 192 32 189 185 164 712 13 7 24 7 1 3 11 12 0 6 1 10 1 14 13 23 5 12 4 0 11 8 3 1 19 9 5 11 44 20 20 21 15 74 23 60 36 198 41 0 0 140 23 29 28 49 12 48 50 2 3 103 
13 14 9 1 0 9 10 8 16 8 4 10 8 4 4 7 28 16 17 14 4 12 2 29 6 0 0 25 17 36 23 42 171 23 37 33 118 64 149 112 80 15 81 153 112 200 20 119 106 454 8 12 17 8 1 0 2 3 0 1 1 3 4 5 8 14 4 5 2 2 4 8 5 2 15 9 1 5 23 5 10 17 11 31 16 45 20 112 24 0 0 91 21 25 14 21 3 27 24 10 3 77 
3 7 2 3 1 5 2 7 4 2 7 3 6 1 0 5 8 2 9 0 5 2 1 11 2 0 1 11 6 20 10 9 80 13 16 9 42 39 66 43 65 0 47 86 80 199 85 14 74 337 5 0 3 2 2 1 0 0 0 2 0 0 0 0 7 1 3 1 0 3 2 3 1 2 5 3 0 3 10 3 0 4 3 11 6 26 7 91 8 0 0 47 20 13 12 13 2 3 9 2 0 43 
4 9 4 0 2 4 6 4 4 8 0 3 3 2 1 4 9 4 5 3 1 0 1 13 13 2 0 10 2 29 4 22 94 6 15 14 40 54 69 30 36 2 43 77 77 144 115 74 8 329 3 1 8 1 1 0 4 2 0 1 0 1 1 8 4 10 3 0 0 0 0 5 2 0 10 5 0 0 11 2 2 1 10 7 9 20 4 105 9 0 0 58 9 21 11 10 4 9 8 0 4 55 
36 59 45 9 7 32 26 27 26 42 23 31 38 22 11 37 61 40 40 23 30 8 25 137 44 5 3 117 28 237 67 146 711 77 93 108 318 211 467 288 257 26 165 385 252 494 305 379 355 46 48 20 83 18 7 8 20 18 0 11 8 15 4 17 22 33 7 23 6 9 27 27 15 9 60 27 5 33 97 28 51 39 37 126 29 88 57 547 50 0 0 231 33 76 52 88 9 75 64 17 2 263 
6 8 6 1 5 8 6 4 6 7 4 4 6 11 7 13 12 3 4 2 0 0 1 14 8 1 0 10 6 16 3 6 45 10 6 3 7 3 17 8 5 1 8 12 12 14 10 7 11 49 4 10 38 16 16 14 14 16 0 25 13 4 4 17 19 16 5 8 5 19 14 8 19 21 9 13 1 12 85 9 15 2 8 22 2 8 10 35 11 0 0 7 5 7 1 4 0 5 10 1 1 19 
2 5 2 0 1 2 3 2 2 2 0 3 6 5 7 14 9 1 1 1 0 0 1 12 1 0 0 6 0 1 3 4 39 2 4 1 9 2 7 3 1 0 2 3 5 3 4 2 6 17 6 6 31 14 12 3 6 16 0 18 1 0 0 6 13 23 4 4 0 4 0 3 5 8 4 4 2 4 61 2 2 1 1 8 4 7 1 17 3 0 0 6 3 2 2 3 1 7 1 0 0 10 
7 16 4 1 1 4 10 4 5 8 0 8 12 17 11 18 11 8 5 2 3 0 1 16 10 0 1 18 9 11 7 15 66 21 10 8 15 5 29 11 5 0 12 15 11 17 15 3 8 57 41 36 10 33 26 4 16 35 0 32 10 1 4 17 27 21 13 15 10 16 14 13 10 16 3 9 1 16 120 14 9 2 11 23 11 12 6 54 11 0 0 14 3 9 7 6 2 11 14 2 0 30 
4 3 2 1 0 4 2 6 3 1 0 3 6 6 5 9 7 6 4 2 0 0 3 1 5 0 0 3 5 18 3 11 26 4 3 9 15 3 7 4 0 2 4 7 2 7 6 6 0 17 16 18 29 0 8 6 8 20 0 18 5 0 9 7 12 22 5 8 1 7 2 2 7 6 5 7 0 5 56 3 3 3 0 20 15 10 1 9 3 0 0 8 2 9 3 4 0 5 4 0 1 9 
4 3 2 0 2 3 3 3 2 0 2 7 6 1 0 7 3 2 0 0 0 0 0 7 2 0 0 3 0 4 0 0 8 2 1 3 1 0 5 2 0 0 3 0 3 3 1 1 2 10 10 6 5 8 3 0 3 9 0 9 7 1 1 3 5 13 2 5 0 4 5 5 4 6 2 5 1 6 46 3 3 0 4 6 2 2 3 11 3 0 0 3 2 2 2 2 0 1 1 0 0 4 
0 1 1 0 0 1 3 3 1 1 0 0 2 4 0 5 2 0 2 0 1 0 2 3 3 0 0 1 0 2 0 1 3 1 1 0 2 0 5 1 0 0 1 1 1 0 2 2 0 6 4 6 6 5 2 3 4 13 0 6 7 1 5 2 2 6 3 5 1 4 1 3 1 4 4 3 0 3 35 1 0 0 0 5 3 2 0 10 4 0 0 4 3 1 0 0 0 0 0 0 0 1 
3 3 2 0 1 8 1 3 3 4 4 2 2 6 13 10 5 6 7 0 0 1 2 0 2 0 0 3 3 11 3 6 21 6 3 3 6 1 6 2 3 0 4 2 2 3 1 4 1 15 23 10 22 9 10 14 5 10 0 14 6 2 0 9 5 10 1 3 3 7 2 2 5 5 7 7 1 7 56 4 3 2 13 18 10 8 1 14 4 0 0 4 1 1 2 2 0 4 2 1 0 7 
5 7 6 0 2 4 8 6 4 4 2 5 10 19 4 5 12 0 3 1 1 0 1 7 2 1 1 4 3 8 4 8 18 9 7 3 8 2 15 7 4 1 3 8 5 2 10 0 5 17 21 19 31 14 9 22 8 9 0 23 6 5 2 9 13 20 9 14 1 3 3 9 4 5 12 13 3 9 117 17 6 6 14 47 15 5 7 16 7 0 0 5 4 4 1 5 0 2 4 0 0 6 
0 0 0 0 0 0 0 0 0 0 0 0 0 0 0 0 0 0 0 0 0 0 0 0 0 0 0 0 0 0 0 0 0 0 0 0 0 0 0 0 0 0 0 0 0 0 0 0 0 0 0 0 0 1 0 0 0 0 0 0 0 0 0 0 0 0 0 0 0 0 0 0 0 0 0 0 0 0 0 0 0 0 0 0 0 0 0 0 0 0 0 0 0 0 0 0 0 0 0 0 0 0 
5 6 12 0 1 6 7 6 2 4 1 2 14 25 10 21 18 12 4 1 7 7 4 24 13 0 0 12 12 13 2 13 19 2 3 2 1 1 9 12 3 0 0 6 3 5 2 2 1 12 20 9 32 27 8 9 11 17 0 3 0 3 4 6 8 25 16 14 6 3 14 10 11 12 5 3 3 4 49 3 4 5 1 14 3 13 3 29 6 0 0 1 3 1 3 2 1 1 1 0 0 14 
1 1 0 0 3 0 2 0 0 0 0 3 0 5 0 0 1 0 2 0 4 0 0 3 1 0 0 1 2 7 8 2 9 6 2 0 2 3 2 4 0 1 2 1 0 3 0 0 2 6 8 2 8 5 1 1 6 4 0 4 1 2 0 5 8 15 6 4 7 5 11 12 11 17 2 2 0 2 16 3 1 0 3 3 1 4 1 4 2 0 0 3 1 1 0 0 1 0 0 1 0 2 
0 1 1 0 1 3 4 1 2 1 1 7 3 0 3 1 8 0 4 0 2 0 0 3 1 0 0 0 0 4 4 5 9 9 11 6 16 9 8 15 5 1 3 8 7 4 7 0 4 22 4 3 7 3 1 0 4 2 0 10 6 2 1 11 17 15 5 8 1 14 5 3 3 2 6 2 0 1 14 2 0 1 3 4 1 4 1 10 3 0 0 12 1 1 1 0 0 1 0 0 0 4 
0 0 0 0 0 0 2 1 0 0 0 3 0 1 1 1 0 5 0 0 0 2 1 0 1 0 0 1 0 3 2 2 3 1 1 6 6 0 2 2 3 0 0 3 0 0 2 0 0 6 2 1 2 4 0 1 2 4 0 6 2 0 3 6 12 20 1 9 2 5 3 11 1 2 1 1 0 1 4 2 2 0 0 3 1 1 1 2 0 0 0 3 0 0 2 0 0 0 0 0 0 0 
1 2 1 0 0 1 3 2 0 3 0 3 0 0 0 1 4 1 1 4 1 0 1 1 1 0 0 1 1 13 3 7 7 2 11 3 31 6 20 8 5 0 14 14 8 7 2 3 2 20 23 2 13 9 9 3 6 11 0 11 6 7 5 5 9 26 11 9 5 11 10 16 11 11 10 8 0 4 29 2 1 0 2 2 2 5 5 7 2 0 0 7 1 2 0 2 0 1 0 0 0 8 
7 2 3 0 0 9 5 6 2 1 1 3 7 0 0 2 3 0 0 0 0 0 1 0 0 0 1 3 4 25 15 12 25 7 10 7 23 5 32 15 6 0 7 5 5 10 9 4 3 30 7 13 28 8 8 8 8 16 0 18 6 9 3 6 3 35 16 23 11 42 34 40 17 12 9 5 0 4 33 3 7 4 2 3 6 4 4 9 3 0 0 9 1 1 0 0 1 1 0 0 0 3 
7 11 5 2 3 8 19 9 8 4 3 7 4 2 0 3 1 2 0 0 0 0 0 0 1 1 1 2 16 56 26 28 35 17 10 14 33 5 32 23 13 5 17 13 26 18 11 12 9 46 14 13 31 18 11 4 10 23 0 36 14 15 5 20 32 14 6 24 39 59 45 69 46 34 11 12 4 10 56 10 9 3 5 8 7 8 5 17 5 0 0 10 1 2 1 2 0 3 0 0 0 5 
1 3 4 0 2 1 3 5 3 0 0 3 0 0 0 1 0 0 0 0 0 0 0 0 0 0 0 0 3 8 4 9 15 2 9 8 16 2 21 11 2 0 5 3 3 5 4 4 0 8 5 8 14 1 0 3 1 3 0 13 7 2 12 12 21 9 3 10 13 17 12 30 13 11 4 0 1 1 9 7 2 0 1 1 1 5 0 3 1 0 0 2 0 0 1 0 0 0 0 0 0 0 
1 4 1 0 1 3 1 1 1 0 1 0 0 0 0 0 1 0 0 1 0 0 0 1 0 0 0 0 1 13 11 4 17 9 10 5 12 5 8 2 3 0 1 2 9 6 7 1 4 10 5 4 8 8 2 3 8 6 0 10 1 12 1 7 20 30 6 1 13 22 37 18 19 16 2 2 1 2 42 4 2 1 2 3 0 2 0 14 0 0 0 2 0 1 0 0 0 0 0 0 0 1 
1 0 2 0 0 1 1 2 0 1 0 1 3 1 0 1 0 0 0 0 0 0 0 0 0 0 0 0 0 8 2 4 5 2 1 2 8 1 9 0 6 0 0 4 0 5 5 2 0 10 4 2 3 1 3 5 3 2 0 7 2 1 3 2 5 31 10 9 2 7 16 20 12 6 4 3 0 0 7 0 2 1 3 2 1 0 0 7 0 0 0 2 0 0 0 0 0 0 0 0 0 0 
0 1 2 0 3 1 5 8 2 0 1 2 0 0 0 2 1 0 0 0 0 0 0 0 0 0 0 0 2 5 5 1 14 5 5 8 13 9 22 4 5 0 4 3 2 5 2 4 1 5 12 5 15 4 4 2 6 3 0 7 6 5 8 16 28 58 17 18 12 3 20 31 19 26 2 3 1 3 27 1 2 1 5 7 1 3 2 4 4 0 0 2 0 0 0 2 0 0 0 0 0 2 
2 6 2 0 2 0 4 2 0 4 1 0 2 0 1 1 1 0 0 0 0 0 0 0 0 0 0 0 3 8 2 3 18 4 2 3 22 16 17 3 4 0 2 5 4 7 2 5 0 17 6 3 6 2 0 4 2 5 0 13 1 3 2 8 13 35 14 30 10 20 1 49 9 14 3 1 0 0 18 2 1 1 1 7 3 9 0 9 3 0 0 4 0 0 0 1 0 1 0 0 0 3 
0 0 3 1 1 3 2 1 1 0 2 3 4 2 0 4 0 0 2 0 2 0 0 0 0 0 0 0 8 4 3 2 26 9 5 6 18 12 17 3 8 0 4 5 4 8 1 2 0 12 6 3 11 5 2 2 2 4 0 8 6 1 2 16 29 50 12 26 21 28 44 4 44 17 3 5 2 1 11 0 5 0 2 8 0 6 2 10 2 0 0 1 0 0 0 2 0 0 0 0 0 0 
1 7 5 1 1 2 7 4 1 3 2 1 3 2 2 2 4 2 0 0 0 0 0 0 0 0 0 0 4 15 2 8 11 13 18 6 24 10 23 8 9 2 13 10 12 13 5 7 5 45 24 12 16 12 12 1 12 8 0 21 11 9 2 10 35 44 29 17 8 35 12 40 3 9 3 6 1 8 28 8 6 0 3 15 2 7 3 25 7 0 0 7 1 2 2 1 2 1 2 0 1 4 
0 3 3 3 2 5 6 2 0 3 1 3 3 1 0 0 1 0 1 0 0 0 0 0 1 0 0 0 7 1 0 3 18 11 4 4 11 10 21 9 8 2 2 7 4 5 5 9 5 32 11 13 28 12 7 3 8 10 0 19 4 2 7 18 30 39 10 30 9 54 25 47 13 2 6 5 1 3 34 7 5 1 8 5 1 3 3 13 4 0 0 5 0 0 2 1 0 0 1 0 0 10 
2 5 1 0 0 1 0 1 3 2 0 2 2 3 1 4 4 1 0 0 0 0 0 1 0 0 0 4 2 1 2 3 24 1 2 0 1 2 3 7 8 3 7 17 3 6 12 3 5 36 2 5 6 2 1 1 8 3 0 8 5 0 5 2 5 22 0 10 0 1 6 1 10 5 2 2 0 19 113 20 16 7 15 43 21 24 12 60 11 0 0 7 5 11 4 3 0 9 2 3 1 11 
2 3 2 1 1 0 0 1 1 4 1 1 2 5 2 5 2 1 1 0 1 0 2 5 1 0 0 2 2 6 0 2 14 2 1 3 5 0 10 1 2 0 9 9 9 8 7 4 7 39 6 3 8 6 7 2 7 11 0 7 6 2 1 2 1 5 2 3 0 0 2 3 2 6 4 1 5 14 105 35 8 3 11 51 22 19 11 58 12 0 0 10 1 4 3 4 1 11 4 0 0 14 
1 1 3 0 0 1 0 2 0 0 0 0 2 0 0 0 0 0 0 2 0 0 0 2 0 1 0 1 1 2 0 1 4 1 0 0 0 0 2 1 1 0 3 6 1 2 0 0 1 7 0 0 3 0 1 0 1 6 0 1 0 0 0 2 0 6 0 0 0 1 0 0 0 4 3 5 2 8 58 9 9 2 0 7 9 3 3 8 0 0 0 0 1 2 0 1 1 1 1 0 0 3 
1 1 3 0 1 3 1 1 2 1 0 2 1 4 2 5 5 3 0 0 0 0 1 4 0 0 0 7 0 4 2 2 7 3 0 0 0 0 3 2 5 0 11 4 8 7 4 1 3 22 6 2 14 4 4 1 1 14 0 3 5 2 0 7 1 4 1 0 2 0 0 1 1 3 17 17 10 1 70 16 11 4 14 49 14 10 6 23 8 0 0 4 1 5 4 1 0 2 3 0 1 6 
8 21 13 5 5 19 16 22 11 18 9 10 20 19 17 43 24 13 12 0 1 2 2 28 5 3 0 18 18 36 8 16 48 10 20 4 23 6 32 16 4 3 32 37 18 28 15 20 13 94 133 72 183 58 50 26 71 79 0 49 11 15 5 22 37 57 15 22 16 21 28 20 17 34 236 137 48 64 19 67 60 36 75 214 66 38 27 104 23 0 0 48 8 34 17 10 2 13 20 5 1 38 
4 2 2 0 0 3 0 0 3 4 0 1 1 1 1 5 4 2 0 0 0 1 1 4 0 0 0 1 2 0 2 3 5 2 1 1 2 2 4 8 6 0 8 21 8 12 11 3 3 37 12 5 10 7 5 3 8 18 0 0 3 3 1 4 5 16 1 10 1 2 10 4 3 8 28 14 5 21 113 11 18 7 20 109 45 13 6 40 9 0 0 25 7 4 6 2 3 2 7 0 1 26 
1 3 0 0 0 0 3 4 1 3 0 0 0 0 0 1 2 2 1 0 0 0 0 1 2 0 0 0 9 1 4 2 6 1 2 1 2 1 3 2 3 0 9 16 4 7 5 1 5 34 6 4 5 7 2 3 6 10 0 3 6 0 0 4 3 4 3 2 0 3 3 7 3 2 21 17 4 20 96 16 6 5 17 77 41 4 6 40 9 0 0 21 4 9 3 6 0 9 8 0 0 13 
1 1 3 0 1 0 0 1 0 4 1 1 1 0 0 0 0 1 1 1 0 0 4 2 0 2 0 2 1 4 1 4 12 1 2 0 1 2 0 5 5 1 19 12 9 10 13 6 5 66 4 2 9 0 5 0 3 1 0 4 1 0 0 4 3 4 3 1 0 1 1 2 2 2 6 7 4 9 45 14 9 3 12 51 17 27 6 68 10 0 0 19 5 5 11 15 1 15 10 4 3 29 
1 2 0 0 0 2 2 0 1 2 0 0 1 0 1 0 0 0 0 0 0 0 0 1 1 0 0 0 3 7 0 3 12 3 0 0 2 1 0 3 0 1 10 14 1 5 4 4 2 41 6 0 8 4 4 2 2 12 0 5 0 0 0 4 3 1 2 0 0 1 3 3 1 9 10 13 1 18 49 12 14 2 2 93 34 19 8 49 7 0 0 25 5 13 4 2 0 14 5 2 1 20 
12 9 2 0 0 6 5 0 4 3 2 2 0 1 1 3 3 1 2 0 0 1 1 3 2 0 0 2 3 12 1 3 12 4 2 4 3 1 22 10 9 3 32 80 19 50 35 22 9 146 34 13 58 20 9 4 16 43 0 7 5 8 0 5 6 11 2 3 3 8 6 7 4 5 70 67 15 65 250 115 96 35 146 10 127 90 45 174 31 0 0 63 18 36 31 12 3 34 22 2 2 74 
1 1 5 0 0 0 1 1 0 3 2 0 1 0 0 0 2 0 1 0 0 0 0 1 0 0 0 0 6 2 1 0 1 0 0 2 2 0 5 10 8 1 18 31 5 16 6 4 4 34 4 7 10 5 4 3 8 13 0 1 0 0 0 1 1 1 2 2 0 0 1 4 0 5 5 14 9 27 69 42 39 10 27 171 7 27 18 68 9 0 0 41 9 9 11 6 2 14 9 0 0 21 
4 13 11 1 1 5 3 4 2 1 2 2 2 1 1 1 1 5 2 0 3 0 1 13 4 0 0 4 5 19 13 17 21 9 8 3 15 16 33 3 23 8 59 109 18 57 36 30 19 103 13 4 25 14 4 3 5 13 0 7 2 1 0 1 2 0 5 2 1 3 4 4 5 4 27 11 4 19 55 24 24 19 25 88 56 3 21 96 47 0 0 78 20 35 27 19 7 30 29 3 6 50 
2 3 3 0 0 2 1 0 0 4 1 0 0 1 2 0 3 1 0 1 0 0 1 10 3 0 0 6 1 5 4 5 15 3 4 2 10 8 22 6 16 10 44 74 16 28 19 11 8 69 5 7 15 1 1 3 5 5 0 7 0 1 0 0 3 3 0 2 0 0 2 3 0 0 15 6 0 10 39 14 17 6 8 41 18 34 10 50 20 0 0 48 23 15 15 17 8 25 12 4 1 33 
21 34 16 0 4 12 16 11 6 9 2 7 11 7 6 6 22 15 11 6 20 5 7 39 14 0 3 34 7 75 31 44 271 16 11 25 70 62 164 39 37 11 98 147 57 164 99 78 102 581 28 22 65 13 3 8 18 26 0 16 5 2 1 5 12 10 6 10 3 7 11 11 8 12 59 29 8 49 95 52 40 42 49 134 75 98 62 14 45 0 0 178 34 65 43 95 15 63 49 19 9 346 
1 6 3 0 0 1 2 4 2 2 2 2 1 1 2 2 6 2 0 1 1 0 1 10 2 0 0 2 3 19 8 9 17 8 13 5 28 22 31 20 17 9 48 59 19 29 11 13 9 51 12 9 12 5 2 1 1 3 0 3 1 2 0 3 4 3 2 1 2 0 0 4 5 0 10 3 0 14 23 17 10 6 12 32 15 55 22 51 10 0 0 56 16 15 11 9 7 12 15 3 1 36 
0 0 0 0 0 0 0 0 0 0 0 0 0 0 0 0 0 0 0 0 0 0 0 0 0 0 0 0 0 0 0 0 0 0 0 0 0 0 0 0 0 0 0 0 0 0 0 0 0 0 0 0 0 0 0 0 0 0 0 0 0 0 0 0 0 0 0 0 0 0 0 0 0 0 0 0 0 0 1 0 0 0 0 0 0 1 0 0 0 0 0 0 0 0 1 0 0 0 0 0 0 0 
0 0 0 0 0 0 0 0 0 0 0 0 0 0 0 0 0 0 0 0 0 0 0 0 0 0 0 0 0 0 0 0 0 0 0 0 0 0 0 0 0 0 0 0 0 0 0 0 0 0 0 0 0 0 0 0 0 0 0 0 0 0 0 0 0 0 0 0 0 0 0 0 0 0 0 0 0 0 0 0 0 0 0 0 0 0 0 0 0 0 0 0 0 0 0 0 0 0 0 0 0 0 
8 6 7 0 2 7 8 9 9 7 6 10 4 8 2 8 20 13 6 1 6 2 3 17 3 0 1 14 5 43 14 34 61 28 45 17 104 72 169 57 52 9 112 201 50 163 68 57 79 315 18 15 29 14 7 4 7 6 0 6 1 6 0 5 5 8 1 2 1 2 0 7 3 1 27 16 1 13 55 24 28 31 23 91 63 96 54 194 56 0 0 18 44 62 34 98 8 68 60 9 5 112 
3 5 3 1 0 2 4 0 1 0 2 3 1 0 4 1 8 1 0 1 1 0 1 0 0 0 0 1 0 9 2 9 11 3 6 5 15 7 10 11 17 2 34 104 21 32 21 11 9 66 3 1 6 3 0 0 1 5 0 1 2 1 1 5 0 2 0 0 0 0 1 1 1 5 4 10 1 7 12 4 11 7 7 27 9 36 9 42 17 0 0 44 6 21 17 27 3 12 7 3 0 29 
0 2 3 1 1 3 9 0 2 1 0 0 4 2 1 0 1 0 2 1 0 0 0 2 1 0 0 1 3 9 4 4 13 3 5 5 12 11 24 6 23 3 26 76 19 40 22 16 18 63 2 1 11 3 3 4 1 6 0 1 0 3 0 0 2 2 0 1 0 0 0 2 0 0 7 2 1 4 16 12 7 5 9 34 12 27 21 46 24 0 0 71 11 1 6 18 4 10 12 3 2 42 
2 1 0 0 0 2 0 5 1 3 0 0 1 0 0 0 1 1 1 0 1 0 1 0 0 0 0 0 3 14 4 4 14 10 6 5 20 4 21 11 10 2 28 39 6 23 14 9 12 64 6 4 8 1 0 0 2 6 0 2 0 1 1 2 2 2 0 0 0 0 0 0 1 0 6 2 4 0 6 6 5 6 10 29 19 24 17 51 13 0 0 23 13 4 6 13 3 9 11 3 6 41 
3 2 1 0 0 3 1 1 1 0 2 0 3 1 2 1 3 1 2 0 1 0 0 1 1 0 0 4 1 5 5 7 22 3 10 3 15 10 32 14 11 7 32 93 29 30 29 16 17 83 4 3 5 2 1 0 1 3 0 1 1 1 1 2 0 0 0 0 0 0 0 1 0 0 7 4 4 4 9 6 10 3 6 34 8 15 8 68 13 0 0 77 17 25 24 4 0 15 11 4 11 43 
0 0 0 0 0 0 0 0 0 0 0 0 0 0 0 0 0 0 0 0 0 0 0 1 0 0 0 0 0 2 0 0 0 0 1 1 7 0 5 0 2 0 2 10 7 5 3 0 4 14 2 2 3 1 0 0 2 1 0 0 0 0 0 0 0 0 0 0 0 0 0 0 0 0 0 1 0 1 0 0 1 1 0 3 0 6 5 12 1 0 0 11 2 0 0 0 0 1 0 0 1 11 
2 2 1 0 1 2 0 0 3 1 0 0 0 1 0 1 1 0 0 0 0 0 1 0 0 0 0 0 0 4 2 0 11 2 4 2 13 3 12 3 5 3 13 35 16 17 19 3 6 59 6 2 9 4 0 0 3 0 0 2 0 0 0 0 0 0 0 0 0 0 0 0 0 0 4 2 2 4 20 4 5 5 3 20 9 21 8 52 12 0 0 47 5 10 4 15 1 8 8 0 0 41 
1 2 2 0 0 1 1 0 0 0 1 0 5 2 0 0 0 1 1 0 0 0 0 2 0 0 0 1 0 10 0 1 5 0 3 1 7 3 23 6 9 1 20 32 10 32 15 13 19 49 9 1 8 2 0 0 2 3 0 3 9 1 0 0 0 2 0 0 0 0 1 0 0 0 3 3 0 1 12 4 5 3 5 17 10 18 6 63 11 0 0 34 6 7 6 2 0 6 4 1 0 24 
1 1 0 0 0 0 0 0 0 0 0 0 0 0 0 0 1 0 0 0 0 0 2 0 0 0 0 0 0 0 0 0 2 2 1 2 3 1 5 0 3 0 3 10 4 2 7 2 2 5 1 0 2 0 0 0 0 0 0 0 0 0 0 0 0 0 0 0 0 0 0 0 0 0 0 0 0 0 3 0 0 2 1 9 3 5 2 14 3 0 0 8 1 1 0 2 0 2 2 0 0 6 
0 1 0 0 0 0 0 0 0 0 0 0 0 2 0 0 0 0 0 0 0 0 0 0 0 0 0 0 0 0 0 0 3 3 1 0 1 3 1 0 2 0 4 5 6 6 2 7 1 15 1 1 0 0 1 0 0 0 0 0 2 0 0 0 0 0 0 0 0 0 0 0 0 0 1 2 0 1 2 1 1 0 1 11 3 1 2 14 9 0 0 7 4 2 1 4 1 0 0 2 0 2 
12 16 8 1 2 5 4 4 3 3 3 1 5 1 4 2 13 4 4 1 0 3 2 8 2 0 0 22 3 33 6 21 68 11 22 27 38 32 86 34 37 8 116 111 78 124 99 44 58 317 26 11 33 14 12 0 9 8 0 6 2 2 3 10 5 2 0 1 1 0 3 3 3 1 24 21 6 9 50 32 21 29 27 64 45 75 35 274 78 0 0 139 37 97 89 120 10 60 32 6 0 17 
