8 8 14 19 11 19 13 8 21 14 8 20 18 20 18 22 17 12 13 2 3 10 8 7 2 0 0 11 9 4 2 1 3 3 2 2 0 2 7 9 7 0 1 3 2 1 6 3 5 21 2 1 2 0 4 0 2 7 0 0 1 0 0 3 4 4 3 4 0 2 2 1 2 2 2 2 0 3 8 1 2 1 2 0 2 0 1 23 0 0 0 3 0 6 0 0 0 0 1 0 0 5 
2 3 11 11 10 33 34 23 22 21 8 22 26 23 18 25 19 17 18 16 5 12 9 18 9 1 2 18 17 4 0 4 7 2 4 3 2 1 6 13 6 0 5 7 11 7 6 6 6 30 6 6 4 2 1 2 1 12 0 3 3 0 0 1 3 7 3 5 1 0 9 3 0 0 3 2 0 1 9 0 3 0 3 2 2 2 0 10 2 0 0 0 0 1 1 2 0 0 3 0 0 2 
7 7 7 8 4 18 16 18 15 18 10 23 30 21 35 27 24 20 13 6 3 16 2 8 3 1 0 10 21 1 0 1 1 0 1 1 1 2 4 10 6 0 0 3 10 8 8 4 8 9 5 1 2 2 0 0 1 0 0 1 2 0 1 3 1 8 2 4 0 1 0 0 1 2 0 1 1 3 4 1 0 0 0 2 0 3 1 11 3 0 0 1 0 1 1 2 0 0 0 0 0 2 
4 8 7 0 0 5 8 3 2 1 2 2 3 8 6 6 2 5 2 3 0 0 1 0 1 0 0 1 8 0 0 0 0 0 0 0 0 0 2 2 1 0 0 0 0 2 0 0 1 5 0 0 1 0 2 0 1 0 0 0 0 0 0 1 2 0 0 1 0 0 0 0 0 0 1 1 1 0 0 0 0 0 0 0 0 0 0 2 0 0 0 0 0 0 0 0 0 0 0 0 0 0 
24 3 17 33 0 7 2 5 3 4 4 7 5 6 9 14 3 5 5 0 1 1 5 2 2 0 1 11 4 1 0 0 1 0 0 0 0 2 2 3 2 0 0 0 3 1 3 4 1 5 2 0 2 0 0 0 1 3 0 0 0 1 0 0 0 1 0 1 0 0 0 0 0 1 1 1 0 1 0 1 1 0 0 1 0 1 0 3 1 0 0 0 0 0 0 0 0 0 0 0 0 1 
21 30 23 7 6 7 11 5 13 17 11 25 29 12 25 29 15 13 17 7 6 6 6 4 8 0 5 9 23 2 0 4 0 2 1 0 1 2 5 3 1 10 1 2 2 2 3 4 5 13 2 2 7 2 2 1 0 6 0 1 0 0 1 0 3 1 1 3 0 2 0 2 0 1 1 2 1 6 2 0 0 2 0 2 1 2 1 8 2 0 0 1 0 0 1 1 0 1 0 0 1 1 
8 19 21 10 2 3 9 3 14 12 8 8 13 12 17 23 17 8 16 7 4 6 5 9 2 0 0 9 7 4 1 0 5 2 0 1 0 1 8 8 0 0 1 1 5 4 4 8 4 17 2 2 3 1 1 1 2 3 0 5 0 1 2 2 1 4 2 1 0 2 0 2 0 2 2 1 0 3 2 0 0 3 0 3 2 2 0 7 2 0 0 0 0 2 0 2 0 0 0 0 1 1 
14 20 36 5 7 12 8 6 7 10 15 23 24 26 27 30 12 9 14 11 7 3 2 15 2 1 0 14 8 4 1 2 3 0 2 0 1 5 5 5 2 0 3 4 1 8 4 8 2 17 4 2 4 0 8 1 2 2 0 1 1 2 0 1 3 2 3 0 1 0 1 3 2 0 2 3 0 0 5 0 0 0 1 0 0 0 1 12 0 0 0 1 1 0 0 1 1 0 0 0 0 1 
17 26 56 8 11 29 29 6 8 10 14 13 25 20 15 37 26 10 12 14 9 16 11 18 3 1 0 11 9 3 0 3 2 0 0 0 3 4 12 11 11 0 2 3 2 2 5 2 4 18 1 2 4 2 4 1 0 1 0 0 0 0 1 0 2 7 1 1 0 1 3 1 0 6 1 4 0 3 3 1 0 0 0 0 1 2 1 2 1 0 0 4 0 2 0 1 1 1 2 1 0 0 
12 10 5 3 2 8 8 2 4 4 4 9 10 24 17 12 18 8 7 5 8 5 6 15 2 2 0 10 0 3 2 3 1 0 0 0 1 3 6 7 3 0 3 1 4 2 2 0 1 16 6 6 8 6 2 1 1 6 0 1 2 0 1 1 5 2 3 1 2 3 0 2 0 1 3 5 0 2 8 0 1 1 1 3 0 1 0 7 1 0 0 1 0 2 0 1 0 3 0 0 0 0 
3 13 5 2 3 10 5 7 9 7 0 4 10 1 3 20 8 8 4 4 3 2 5 2 2 0 0 2 2 3 1 0 0 0 0 0 0 4 1 3 0 0 2 2 2 2 5 3 1 15 1 0 3 0 0 0 1 1 0 2 0 0 0 0 0 0 0 0 0 1 0 0 1 1 0 0 0 0 0 0 0 0 0 0 0 2 0 0 0 0 0 1 0 0 0 1 0 0 0 2 0 1 
16 37 32 11 6 28 42 36 26 17 18 8 17 15 17 38 24 17 10 22 19 12 25 35 6 1 1 25 9 8 0 3 3 2 2 1 3 1 18 21 9 0 0 2 8 4 6 0 6 17 5 1 3 7 3 0 5 10 0 3 3 1 1 1 0 4 2 2 1 2 2 1 0 0 1 3 0 0 8 1 0 0 0 1 0 0 0 3 3 0 0 3 2 3 0 2 1 3 0 0 2 1 
14 25 31 6 7 56 35 54 55 26 19 36 3 28 42 43 30 30 26 15 19 34 26 32 8 0 3 32 2 12 1 3 0 0 1 0 0 2 17 15 4 0 3 2 6 4 6 2 5 24 5 4 1 12 3 2 5 7 0 9 1 0 0 2 3 3 0 1 0 0 1 4 1 2 5 1 6 3 2 0 0 0 0 0 0 1 0 5 5 0 0 2 1 0 0 0 0 0 1 0 0 1 
38 71 45 11 24 82 87 81 57 59 36 70 47 5 13 47 75 63 44 50 56 51 39 65 25 6 14 91 6 3 2 0 2 2 1 0 1 2 17 9 12 9 2 3 3 10 2 3 4 15 4 9 7 10 5 2 11 29 0 3 2 0 0 0 0 1 0 1 0 0 1 2 0 1 8 5 2 8 21 6 2 0 0 0 0 0 0 5 0 0 0 1 3 2 1 5 0 2 0 0 0 0 
15 38 32 3 10 30 29 29 32 25 10 15 24 9 3 15 21 27 26 14 32 16 29 42 20 3 6 69 2 15 1 4 1 1 0 2 0 2 11 4 2 0 1 3 2 9 4 0 4 7 8 0 2 3 1 0 7 5 0 2 1 3 0 0 0 0 0 0 0 0 0 1 0 4 4 3 0 1 11 2 0 2 0 0 0 0 0 5 1 0 0 1 0 0 0 2 0 0 0 0 0 3 
49 69 58 12 33 90 106 81 99 82 44 99 73 50 20 14 73 121 64 81 199 93 96 196 62 15 36 134 7 48 38 40 29 23 18 21 14 5 5 51 25 3 13 17 21 23 15 8 24 56 8 12 24 9 4 0 5 16 0 6 4 2 0 2 3 5 1 1 5 2 10 3 2 2 12 8 2 9 41 4 0 0 0 3 0 1 5 21 11 0 0 3 1 3 2 9 1 9 3 0 0 1 
16 29 25 2 12 28 20 21 33 29 13 31 39 34 18 68 11 44 32 26 35 38 41 73 23 6 8 56 4 37 18 33 4 12 14 16 5 6 31 30 24 3 10 12 13 25 16 8 12 40 14 8 10 8 3 0 2 11 0 5 0 0 0 2 2 0 0 0 0 0 1 5 3 0 5 7 0 3 13 1 1 0 0 2 0 2 3 21 4 0 0 5 2 2 0 4 0 0 0 0 0 0 
10 28 22 5 11 22 26 21 26 16 13 35 61 36 21 70 65 1 24 20 54 21 64 86 32 4 22 71 0 17 11 13 11 12 7 14 8 8 16 23 10 2 12 10 14 17 13 13 17 40 5 2 2 13 2 0 7 8 0 0 0 0 0 1 1 1 0 0 0 0 0 1 0 1 1 2 1 7 14 2 2 0 1 0 0 4 3 15 8 0 0 1 0 0 0 1 0 0 0 0 0 0 
13 22 30 1 1 23 13 23 21 19 19 37 82 37 32 95 126 107 7 42 187 88 82 103 30 10 22 47 0 24 16 11 7 27 12 19 2 3 18 20 15 3 10 12 15 11 19 6 6 42 11 1 6 1 0 0 5 9 0 1 0 0 0 3 1 0 0 2 0 0 0 0 0 0 1 1 0 5 9 4 2 0 1 1 0 0 0 9 4 0 0 1 0 0 0 0 0 0 0 0 1 0 
1 10 3 1 1 8 5 9 9 10 3 12 24 23 14 33 23 20 7 2 5 9 14 21 17 4 20 35 0 8 2 2 1 0 9 2 1 2 8 11 10 1 0 2 12 3 3 1 3 5 0 0 2 0 1 1 2 2 0 0 0 0 0 0 1 0 0 0 0 0 0 0 0 1 2 0 2 0 1 1 0 0 0 1 0 0 0 5 1 0 0 0 0 0 1 0 0 0 0 0 0 0 
2 7 9 1 1 5 12 9 9 6 5 8 27 22 14 73 36 19 9 3 1 6 40 29 19 16 23 55 0 4 0 0 1 3 1 2 1 6 14 16 6 2 0 3 5 2 3 3 6 13 3 4 1 2 1 0 3 3 0 0 0 0 0 0 0 0 0 0 0 0 0 0 0 0 1 1 0 3 5 0 0 0 0 0 0 0 0 7 2 0 0 0 0 0 0 0 0 1 0 0 0 0 
0 8 7 2 1 7 10 11 5 7 2 3 13 14 17 24 14 8 12 2 1 5 8 12 10 5 4 46 0 4 1 0 3 1 2 6 0 2 6 2 1 0 0 1 6 0 2 2 2 2 0 0 0 1 0 0 0 1 0 0 0 0 0 0 0 0 0 0 0 0 0 0 0 0 0 0 0 0 2 0 1 0 0 0 0 0 0 2 3 0 0 1 0 0 0 1 0 0 0 0 0 0 
4 1 5 0 2 8 4 2 3 5 3 6 12 11 10 24 13 8 12 9 3 5 4 16 6 1 15 36 0 3 0 1 3 1 1 1 0 3 16 5 3 0 1 3 2 2 0 2 2 13 0 0 0 0 0 0 0 0 0 0 0 0 0 0 0 0 0 0 0 0 0 0 0 0 0 0 0 0 8 0 0 0 0 0 0 0 1 2 0 0 0 0 0 0 0 0 0 0 0 0 0 0 
4 4 3 1 1 13 18 6 5 11 3 26 10 14 18 50 33 28 23 27 19 13 8 6 3 36 48 81 2 4 0 0 7 7 0 4 5 5 22 7 0 0 0 6 5 1 5 4 6 15 0 2 3 2 0 1 3 3 0 0 0 0 0 1 0 0 0 0 0 0 1 0 0 0 1 0 0 1 8 0 0 0 0 1 1 0 0 10 0 0 0 1 2 0 0 0 0 0 0 0 0 0 
3 5 6 0 3 3 6 3 4 14 2 8 4 8 9 11 10 11 7 5 7 3 3 7 0 6 6 26 0 1 2 2 12 1 1 1 0 2 9 5 4 0 2 4 6 5 2 0 0 20 2 2 1 0 0 1 0 2 0 0 0 0 0 1 0 0 0 0 0 0 0 0 0 0 4 0 0 3 3 5 1 0 0 0 0 2 0 17 0 0 0 0 0 1 0 2 0 0 0 0 0 0 
1 1 1 2 0 0 0 1 0 3 0 1 1 2 3 5 2 5 3 11 1 8 10 16 2 0 2 1 0 0 2 1 0 0 1 2 0 0 1 0 0 0 0 0 0 0 0 1 0 1 0 0 0 0 0 0 0 0 0 0 0 0 0 0 0 0 0 0 0 0 0 0 0 0 1 0 0 0 3 1 0 0 0 0 0 0 0 0 0 0 0 0 0 0 0 0 0 0 0 0 0 0 
0 0 1 0 0 2 0 0 1 0 0 0 1 2 4 3 1 2 2 5 9 5 6 11 8 2 0 12 0 0 0 0 1 0 0 0 0 2 0 1 0 0 0 0 0 0 0 0 0 2 0 0 0 0 1 0 0 0 0 0 0 0 0 0 0 0 0 0 0 0 0 0 0 0 0 0 0 0 0 0 0 0 0 0 0 0 0 1 0 0 0 0 0 0 0 0 1 0 0 0 0 0 
9 16 4 1 2 4 6 13 6 6 2 23 19 30 40 53 28 22 24 26 26 34 40 41 20 4 27 10 2 2 3 5 7 0 10 1 2 5 16 8 7 0 4 2 9 9 6 11 3 21 3 1 4 3 4 2 1 7 0 0 0 1 0 3 0 0 0 1 0 0 0 0 0 0 2 5 1 1 1 1 0 0 0 1 0 1 3 10 4 0 0 1 0 0 0 0 0 0 0 0 0 4 
97 158 165 30 33 97 92 68 44 35 23 48 69 36 39 53 32 18 23 12 18 20 6 18 6 0 1 10 2 7 2 8 6 5 11 8 3 8 5 38 10 2 6 0 18 11 14 5 14 67 4 3 7 3 3 1 5 6 0 5 6 7 2 2 6 10 3 7 0 6 7 5 0 0 3 1 0 3 12 0 6 0 0 9 4 3 3 9 2 0 0 3 1 6 1 1 1 3 1 0 1 0 
2 3 0 0 0 5 1 6 4 1 2 7 3 0 7 18 15 12 7 4 6 4 2 7 3 2 2 2 0 17 115 209 116 70 79 104 156 82 99 99 38 11 39 28 37 31 28 34 27 169 5 9 13 1 0 0 6 5 0 9 3 0 5 13 44 22 7 7 1 10 2 5 0 1 8 3 1 6 24 9 6 1 5 5 4 4 2 75 12 0 0 19 1 3 3 5 1 5 6 3 1 5 
2 3 0 0 0 1 0 2 1 1 2 2 1 0 2 10 6 11 6 3 2 4 1 3 2 1 0 1 0 97 6 57 43 13 29 17 39 23 43 49 18 5 4 8 13 12 8 4 4 37 3 1 5 2 0 0 0 2 0 4 1 2 2 3 10 11 1 3 0 5 7 7 0 1 0 0 0 0 3 4 0 0 1 0 0 0 2 25 2 0 0 4 2 2 0 6 0 1 1 0 0 1 
0 4 6 0 0 2 2 2 2 0 1 6 7 1 2 15 16 11 2 3 6 2 4 3 0 0 1 10 1 85 43 11 29 28 26 37 67 79 87 75 55 5 19 11 24 30 17 19 30 94 5 2 10 2 2 2 4 12 0 9 1 0 2 4 18 10 2 10 0 2 5 1 1 3 1 4 1 1 12 3 5 1 1 0 3 6 9 52 12 0 0 8 7 5 4 5 0 4 3 0 2 4 
17 21 6 3 3 9 12 4 10 5 5 6 17 4 9 31 36 25 13 3 9 5 7 19 25 2 0 22 0 231 99 81 16 37 92 84 127 105 169 202 127 16 71 52 94 138 120 76 92 558 57 36 49 28 8 3 25 31 0 4 6 5 0 8 18 16 13 15 3 21 20 26 7 11 14 15 1 7 43 15 17 6 8 10 7 19 18 156 37 0 0 28 13 22 19 26 1 4 5 3 5 18 
1 2 2 0 2 2 1 2 2 3 0 0 3 1 0 12 8 3 3 3 3 5 4 5 4 0 4 5 0 113 40 37 17 8 18 20 26 46 67 49 28 5 11 10 17 14 12 18 13 63 9 4 6 6 2 1 7 2 0 2 1 0 1 0 11 8 3 8 6 10 8 14 17 6 18 3 0 3 13 7 1 0 0 0 1 3 0 33 6 0 0 5 4 6 3 9 1 3 3 0 2 1 
5 9 1 0 0 1 5 4 2 2 2 4 3 0 2 16 19 15 9 10 14 5 6 15 6 1 4 11 0 211 93 116 42 23 14 11 60 61 100 134 70 8 35 25 39 53 32 24 37 119 4 2 9 12 3 4 11 14 0 4 0 2 5 22 6 14 7 9 5 15 12 14 4 4 5 3 1 4 10 4 3 0 4 0 2 5 7 22 15 0 0 31 9 9 6 16 2 7 9 0 2 2 
0 9 2 0 1 0 3 3 1 0 0 1 0 0 0 5 12 3 6 7 5 6 6 8 1 1 0 3 0 132 44 51 29 13 10 3 55 41 61 76 27 5 10 14 22 28 19 16 18 62 2 0 11 3 0 1 4 1 0 1 1 1 3 5 3 10 5 11 2 2 7 13 4 1 3 0 0 3 1 2 1 0 0 0 0 3 4 27 7 0 0 8 4 3 2 6 0 0 6 1 1 3 
4 3 1 0 1 2 1 4 1 2 3 2 5 2 2 21 27 14 6 6 14 10 6 30 6 2 5 19 0 367 147 262 80 95 130 121 15 111 239 356 158 43 86 85 120 105 100 85 76 350 7 8 16 12 1 3 7 7 0 0 2 0 10 18 26 35 9 24 5 9 22 31 6 11 5 5 1 3 7 4 0 3 3 4 3 19 13 69 44 0 0 39 25 26 11 43 3 18 17 6 0 9 
4 8 9 0 3 4 7 6 4 4 2 5 5 4 4 2 14 8 4 7 15 5 5 15 2 0 1 16 1 174 63 159 39 53 46 55 44 10 55 162 105 11 32 45 49 40 53 38 31 143 3 5 7 2 1 0 3 1 0 0 0 2 3 16 9 6 3 4 0 4 16 15 1 10 2 2 2 1 3 1 1 2 0 1 0 9 3 57 21 0 0 20 7 12 6 23 1 5 6 3 2 8 
14 46 17 2 9 38 32 25 24 19 14 34 35 10 11 8 63 63 26 47 51 41 27 43 35 13 14 88 5 321 139 300 192 165 139 141 256 106 17 607 388 41 136 131 151 148 81 129 129 498 16 12 22 27 7 4 9 21 0 3 6 7 13 20 49 49 24 32 14 15 34 21 16 8 11 6 0 11 45 8 11 8 13 14 8 40 27 170 59 0 0 66 15 39 15 57 2 29 20 20 9 28 
12 18 20 1 6 15 7 8 21 16 5 9 11 15 3 19 22 13 4 8 8 7 5 23 5 0 3 14 0 112 42 60 49 42 56 40 100 105 258 17 22 17 34 55 81 43 68 58 103 224 7 4 16 9 2 2 10 6 0 1 3 2 8 7 10 6 7 2 0 3 7 7 3 1 4 2 0 5 6 7 5 4 5 14 7 4 5 37 31 0 0 11 3 8 1 31 4 4 1 2 3 4 
3 11 8 0 4 4 3 6 4 3 2 11 2 1 5 3 9 8 7 4 10 0 6 6 3 1 2 17 1 51 40 47 25 23 22 16 46 43 122 29 3 10 20 12 12 30 37 38 36 130 6 1 4 1 0 2 0 3 0 2 2 1 1 2 9 6 3 5 3 0 8 2 1 1 6 0 1 2 3 0 7 2 0 4 3 4 7 16 11 0 0 12 5 3 1 15 4 7 4 1 1 12 
1 2 1 0 0 0 3 4 0 2 1 0 1 0 1 0 0 3 5 1 1 1 1 1 1 0 0 1 0 11 4 6 8 2 6 3 15 16 17 12 5 2 11 8 32 20 10 21 24 34 0 0 0 0 0 0 0 0 0 0 1 0 0 0 2 4 0 0 0 1 1 0 0 0 0 0 0 3 4 2 1 2 8 4 3 6 9 10 5 0 0 2 4 4 6 4 1 10 0 0 0 1 
2 4 6 0 5 4 7 3 4 2 1 4 4 2 2 12 18 14 6 1 8 6 3 10 5 1 0 4 1 53 26 47 37 17 17 34 32 56 77 57 27 9 10 36 46 44 37 59 89 125 8 1 9 9 3 3 2 3 0 2 2 0 1 1 6 5 3 2 1 0 6 8 1 0 6 12 0 17 17 25 16 13 24 28 15 42 23 88 47 0 0 26 29 37 15 62 4 62 22 5 6 21 
6 11 8 1 4 3 11 3 3 1 5 3 5 2 1 17 23 10 9 4 8 6 11 10 3 0 2 10 1 59 22 36 18 38 22 25 50 76 116 152 61 46 31 18 133 121 105 131 187 366 11 15 21 20 2 3 5 11 0 4 0 1 0 6 20 7 0 1 3 4 4 9 1 4 23 12 2 19 36 32 27 18 18 65 55 90 75 179 97 0 0 109 59 62 45 153 13 90 40 21 4 29 
4 10 10 0 4 5 7 3 5 5 1 6 3 2 2 7 11 6 0 7 10 4 2 7 5 3 1 12 0 45 17 31 24 15 25 9 31 44 64 51 41 17 25 54 7 72 61 95 133 197 11 0 4 4 1 3 5 4 0 1 0 0 1 3 4 5 2 7 1 1 8 5 3 3 6 1 0 3 9 12 7 4 6 11 8 20 13 48 17 0 0 21 14 14 9 32 10 21 23 8 2 6 
7 13 6 3 4 6 11 12 5 7 8 10 14 7 3 14 26 20 5 8 9 8 12 10 8 2 1 16 1 65 27 83 53 42 36 43 73 91 111 143 117 22 46 141 125 17 140 306 312 557 11 12 10 11 3 2 10 9 0 4 0 2 2 4 14 16 1 8 4 4 11 6 2 3 26 10 2 16 25 17 8 22 19 35 32 49 57 192 50 0 0 78 37 36 28 87 6 28 56 8 8 30 
3 8 4 0 2 6 0 5 8 1 2 8 5 2 0 3 10 5 6 5 5 5 2 6 6 0 1 10 0 34 14 31 25 16 18 10 39 42 66 74 30 12 21 40 64 54 2 120 162 229 6 2 3 2 0 1 0 4 0 0 0 0 1 9 2 6 1 4 0 1 2 4 1 0 10 5 0 10 9 13 5 4 4 15 11 23 10 112 16 0 0 41 9 30 11 25 4 21 19 8 1 14 
1 7 6 1 0 6 2 1 1 1 3 5 6 1 1 9 12 5 2 0 3 6 3 1 1 0 0 6 0 25 1 15 19 16 5 9 18 23 47 34 32 9 30 36 54 107 39 13 130 287 4 3 2 3 0 0 3 1 0 0 0 0 2 2 2 2 1 0 0 3 3 2 1 1 4 1 3 6 11 3 0 5 2 8 3 11 10 87 9 0 0 31 8 10 5 17 3 15 9 3 0 6 
1 16 11 1 1 0 3 5 4 2 1 4 6 1 1 3 8 2 3 3 3 2 1 2 2 1 0 7 1 17 11 7 14 12 10 9 12 21 31 60 56 3 24 27 27 58 36 58 9 184 5 1 2 1 0 0 0 3 0 0 0 2 0 5 3 1 2 5 1 0 0 1 0 1 2 11 0 3 10 4 7 2 1 10 1 7 5 107 9 0 0 13 6 8 6 11 2 7 12 8 0 12 
38 44 32 4 8 36 33 19 27 21 14 45 42 26 16 26 46 55 26 13 22 21 20 45 22 2 6 87 0 216 82 134 175 80 81 93 177 226 301 277 220 43 115 259 255 399 226 548 741 44 33 15 60 22 9 3 10 22 0 5 2 8 4 38 45 38 11 26 4 5 23 12 11 12 46 27 6 33 66 40 48 28 35 71 39 68 51 569 73 0 0 86 35 81 50 87 16 102 104 18 15 70 
2 7 2 2 5 4 3 3 2 5 2 3 9 3 7 6 7 1 6 1 1 1 3 5 1 1 0 10 1 10 3 3 7 0 1 2 0 0 2 8 2 0 1 6 5 4 6 2 9 14 7 6 26 25 8 6 15 21 0 15 10 1 2 3 7 14 6 8 2 8 3 8 4 6 11 5 3 11 41 5 7 4 7 12 6 11 3 30 0 0 0 1 0 1 1 1 3 4 6 0 0 4 
2 0 3 0 2 4 4 4 0 5 2 6 2 1 3 4 5 3 3 1 0 0 3 1 0 0 2 0 0 5 0 1 17 2 3 6 0 2 5 2 1 0 3 3 4 4 8 0 3 17 5 4 23 31 18 1 8 8 0 7 4 4 0 6 7 15 1 8 3 4 3 9 1 2 9 1 2 3 34 5 3 0 2 11 10 7 1 26 2 0 0 3 3 2 2 2 0 3 5 0 0 6 
4 6 3 0 0 14 6 2 3 6 2 13 7 3 10 8 7 4 7 3 0 2 1 1 3 0 2 7 0 10 6 7 8 8 5 2 2 4 9 5 3 1 7 5 6 10 10 6 6 25 58 63 3 32 22 8 18 39 0 23 7 1 2 10 16 21 6 20 3 5 5 7 2 11 7 10 2 16 65 9 10 0 5 28 18 18 5 26 6 0 0 4 2 5 4 4 2 8 7 3 0 4 
2 2 7 0 1 2 3 4 2 1 3 4 3 8 10 5 3 6 2 0 0 1 0 2 4 2 0 0 0 16 3 3 6 12 1 3 1 3 6 2 1 2 5 1 2 2 3 1 1 7 12 14 20 2 9 3 11 11 0 14 6 1 3 9 1 31 4 6 4 6 2 4 0 6 6 6 1 11 25 4 9 0 2 9 4 3 0 11 2 0 0 7 1 4 1 4 0 3 3 0 0 1 
0 0 1 0 0 0 1 2 0 0 0 3 1 1 1 0 0 0 0 0 0 0 1 0 0 0 0 0 0 1 2 2 2 0 2 0 1 0 0 1 0 0 0 3 0 0 0 2 0 3 6 8 9 5 2 0 2 6 0 9 0 0 2 2 4 2 1 1 0 1 1 6 1 2 5 6 0 0 11 4 2 1 4 6 1 3 0 8 0 0 0 0 0 2 0 1 0 1 1 0 0 0 
0 0 0 2 0 1 0 0 0 1 0 2 0 1 1 1 0 2 0 0 0 0 1 0 0 0 0 1 0 0 2 1 4 1 1 0 0 0 7 0 0 0 2 0 0 4 0 1 2 4 2 2 3 4 2 0 1 4 0 5 0 1 2 3 0 3 2 1 0 1 0 0 0 2 0 1 0 1 14 1 1 0 0 1 1 0 3 5 1 0 0 0 0 1 1 0 0 1 0 0 0 1 
3 5 1 0 1 3 2 5 4 0 0 3 2 2 2 3 7 3 0 0 4 1 4 0 0 0 0 0 0 4 1 7 0 7 2 1 0 1 0 1 0 1 3 1 3 1 1 0 5 5 23 11 17 17 6 5 4 2 0 6 3 1 1 8 6 8 0 7 1 5 2 6 1 0 16 5 1 10 33 4 0 0 4 3 9 3 4 6 1 0 0 1 0 5 1 5 0 3 0 0 0 2 
2 0 3 0 1 10 6 2 4 5 0 6 3 6 4 10 5 6 1 1 1 5 4 4 1 0 0 1 1 11 5 8 6 4 4 1 3 3 3 4 5 2 1 3 3 1 7 3 4 9 34 23 26 28 18 9 9 8 0 25 3 1 1 11 13 10 5 8 1 3 9 8 7 3 21 24 5 33 70 10 12 0 0 20 12 4 2 30 4 0 0 5 1 2 2 8 0 2 1 1 0 1 
0 0 0 0 0 0 0 0 0 0 0 0 0 0 0 0 0 0 0 0 0 0 0 0 0 0 0 0 0 0 0 0 0 0 0 0 0 0 0 0 0 0 0 0 0 0 0 0 0 0 0 0 0 0 0 0 0 0 0 0 0 0 0 0 0 0 0 0 0 0 0 0 0 0 0 0 0 0 0 0 0 0 0 0 0 0 0 0 0 0 0 0 0 0 0 0 0 0 0 0 0 0 
2 14 9 1 0 6 7 6 2 6 3 6 9 10 6 17 9 5 4 4 7 3 2 11 3 0 0 13 0 21 1 4 2 5 2 0 0 1 1 1 1 0 1 0 1 2 3 1 5 10 14 11 14 17 16 2 12 26 0 4 0 4 3 4 10 24 11 10 6 6 14 10 4 15 8 10 8 10 27 5 4 1 9 11 3 4 4 13 4 0 0 2 0 1 0 5 0 1 1 0 0 2 
1 2 1 0 0 0 1 0 2 1 0 0 0 0 0 3 0 0 0 0 0 0 0 0 0 0 0 1 0 1 1 2 1 0 0 0 0 0 0 4 0 0 1 0 0 0 1 0 0 3 5 6 11 4 3 1 4 4 0 3 0 1 1 1 5 6 0 3 3 5 5 2 4 4 6 2 0 2 9 3 0 0 2 2 0 3 0 10 1 0 0 0 0 2 0 0 0 0 0 1 0 0 
0 2 2 1 1 2 0 2 2 1 1 5 2 0 2 3 4 1 1 0 0 0 0 2 1 0 0 1 0 10 5 14 8 8 1 7 2 8 4 6 4 0 2 6 12 4 2 9 4 13 1 0 7 4 0 3 8 8 0 7 1 0 1 13 10 14 3 8 4 10 3 7 4 6 1 2 0 2 10 4 1 1 3 8 0 6 1 6 2 0 0 0 2 2 0 0 0 1 0 0 0 1 
0 0 2 0 0 2 4 0 1 1 0 1 4 0 0 0 1 0 0 0 0 0 0 0 0 0 0 0 1 0 2 3 1 1 3 2 0 1 5 1 0 0 0 1 0 0 0 0 0 5 1 0 2 0 0 0 0 2 0 5 1 0 1 3 5 12 5 11 4 7 5 13 2 8 1 0 0 1 5 0 3 1 1 0 0 3 0 2 0 0 0 0 0 0 0 2 0 0 0 0 0 0 
5 11 3 3 0 6 4 4 11 1 2 0 1 2 1 0 0 1 2 0 0 0 1 2 0 0 0 0 1 21 10 3 4 1 2 3 16 12 18 17 5 0 4 6 6 5 5 4 3 26 13 3 13 24 4 2 8 14 0 14 3 3 4 6 12 12 6 14 4 17 20 37 12 16 9 7 2 6 22 7 10 5 2 2 2 5 4 13 0 0 0 8 1 0 0 4 0 0 0 0 0 2 
1 4 5 1 2 4 3 6 9 4 1 3 2 1 0 2 0 0 0 0 0 0 1 0 1 0 1 1 0 15 8 12 5 7 1 7 2 7 16 8 7 3 2 1 6 9 4 4 9 15 5 2 13 12 7 4 3 15 0 9 3 1 7 7 6 16 6 19 11 28 25 29 17 16 12 2 0 7 26 7 6 1 0 2 1 4 0 6 1 0 0 1 0 2 1 0 0 0 0 0 0 0 
5 7 11 0 0 10 11 12 10 10 1 10 1 0 0 0 0 0 0 0 0 0 0 0 0 0 0 0 0 30 16 28 9 8 22 5 9 4 17 20 9 0 5 4 6 5 7 8 8 22 7 8 20 18 4 1 14 21 0 31 7 10 22 15 26 12 13 45 32 52 116 83 21 29 5 9 2 8 46 8 8 0 8 0 5 5 2 12 4 0 0 3 1 0 0 4 1 0 1 1 0 0 
0 1 3 0 2 1 4 4 0 4 1 1 0 0 0 1 1 0 0 0 0 0 0 0 0 0 0 0 0 7 2 4 0 2 1 0 2 0 2 2 0 0 0 0 0 2 7 0 0 4 4 1 1 4 0 2 7 2 0 3 6 0 5 2 6 5 1 0 13 14 20 22 6 4 2 1 0 2 8 3 4 0 0 1 0 4 0 5 1 0 0 0 1 0 0 1 0 0 0 0 0 0 
5 1 2 0 0 4 2 0 1 4 1 2 0 0 0 1 0 0 0 0 0 0 0 0 0 0 0 0 0 8 10 3 1 4 0 1 2 3 11 1 0 0 0 1 3 2 0 5 6 9 6 8 11 6 3 1 9 12 0 7 1 2 6 8 24 17 5 5 10 11 30 45 11 19 2 1 0 5 8 6 1 1 4 0 3 1 1 4 3 0 0 0 0 0 0 0 0 0 0 0 0 0 
3 0 6 0 0 1 2 0 0 2 3 2 1 1 1 0 0 0 0 0 0 0 0 0 0 0 0 0 0 4 6 3 1 1 1 0 5 9 6 0 2 0 0 1 2 1 3 0 0 5 1 4 3 0 3 0 0 2 0 2 0 0 9 11 16 27 19 10 1 5 23 30 4 4 0 1 0 0 11 2 1 0 2 0 0 0 0 2 1 0 0 0 0 0 1 0 0 0 0 0 0 0 
0 4 1 0 0 0 0 2 2 0 0 0 0 1 0 1 0 0 0 0 0 0 0 0 0 0 0 0 0 8 7 3 7 4 1 0 0 2 2 0 0 0 0 1 1 1 0 1 1 3 10 6 15 6 4 0 4 7 0 4 2 3 3 5 12 17 5 9 4 3 27 36 8 27 1 1 0 12 15 1 3 0 2 1 0 0 0 5 0 0 0 0 0 0 0 0 0 0 0 0 0 0 
2 4 0 0 1 2 1 2 1 0 1 1 0 0 0 0 1 1 0 0 0 0 0 1 0 0 0 0 0 9 4 3 6 7 3 8 5 3 9 4 0 2 1 4 2 4 4 4 2 12 0 0 3 5 0 1 6 1 0 6 2 0 0 8 19 20 3 23 5 12 7 41 7 21 6 2 0 2 9 2 2 0 1 6 2 1 4 7 0 0 0 0 0 0 0 1 0 1 0 0 0 0 
1 1 2 0 2 2 1 0 2 4 3 1 0 0 0 1 0 0 0 0 0 0 0 0 0 0 0 0 0 12 4 2 4 15 7 2 6 8 10 5 7 1 2 1 6 8 4 2 10 17 5 1 10 3 3 0 10 5 0 15 4 1 7 12 20 36 27 47 41 62 98 3 47 68 1 5 0 3 18 1 10 0 9 16 2 2 1 7 0 0 0 0 1 1 0 1 0 0 0 0 3 1 
1 1 0 0 3 2 0 1 4 1 0 0 1 0 0 0 1 0 0 1 0 0 0 1 0 0 0 0 0 0 1 6 2 11 1 1 1 1 3 4 5 1 0 1 3 0 1 0 3 5 4 5 4 1 3 4 5 5 0 12 3 1 0 3 11 15 6 4 7 6 13 37 2 11 5 2 0 1 8 2 0 0 0 2 3 0 3 7 3 0 0 0 1 0 0 1 0 0 0 0 0 0 
1 1 1 0 1 6 4 4 0 3 2 3 4 0 0 0 1 0 0 0 0 0 0 0 0 0 0 0 0 0 0 0 5 13 5 1 2 3 16 3 1 1 3 1 2 3 0 3 5 5 15 3 7 10 4 4 4 8 0 11 9 0 3 5 23 27 16 29 15 69 40 42 6 1 10 2 0 4 31 0 2 2 5 5 3 3 0 8 2 0 0 0 0 0 0 0 0 1 0 0 0 0 
0 0 1 1 0 2 2 1 1 0 1 4 2 3 1 0 2 1 1 1 1 0 0 1 0 0 0 3 0 5 0 0 3 0 2 2 0 0 9 3 1 0 6 6 4 4 4 2 1 19 4 3 9 7 2 1 3 8 0 4 6 1 0 2 2 6 0 3 2 3 0 4 0 1 6 2 3 12 38 10 9 2 18 20 16 10 5 30 4 0 0 3 2 4 2 2 1 3 3 2 1 1 
0 0 1 0 2 0 2 1 1 1 0 3 1 1 3 7 3 0 1 1 0 0 0 0 0 0 1 0 0 4 0 2 2 4 0 0 0 1 1 4 0 0 3 3 2 3 7 4 6 12 5 3 6 0 3 3 3 5 0 4 1 1 0 0 5 5 0 0 1 2 3 3 2 5 2 4 12 17 55 9 8 2 11 17 6 10 9 22 4 0 0 1 0 2 3 3 1 1 2 2 0 3 
0 1 0 0 1 0 0 0 0 0 0 0 0 1 1 1 0 0 0 0 0 0 0 0 0 0 0 0 0 0 1 1 0 0 0 0 0 0 0 0 0 0 0 0 1 2 1 1 1 2 0 1 0 1 0 0 0 1 0 1 0 0 0 0 0 0 0 0 0 1 1 0 0 1 2 3 0 6 15 1 3 0 2 13 3 4 0 3 0 0 0 0 1 0 0 0 0 0 1 0 1 0 
6 0 1 0 0 1 0 1 1 1 0 0 1 3 0 3 1 1 2 0 0 0 0 1 0 0 0 1 0 1 0 1 3 3 0 0 1 2 1 3 0 1 7 1 1 8 4 2 12 12 4 2 11 6 3 0 5 2 0 6 0 1 1 5 2 6 1 1 0 0 4 0 0 1 22 12 12 2 42 7 5 3 7 24 8 9 9 38 2 0 0 3 1 5 6 1 0 3 3 1 0 1 
20 18 18 3 7 9 31 23 6 16 16 10 11 12 16 39 16 13 9 3 1 6 11 8 7 0 6 10 1 33 9 26 22 10 17 5 2 8 17 15 8 7 19 39 15 20 17 15 16 77 107 89 153 129 70 36 92 115 0 45 11 4 8 34 36 43 13 24 12 34 38 23 10 26 269 248 96 135 13 90 125 18 79 128 85 38 25 112 21 0 0 10 12 19 11 17 3 12 9 5 0 12 
0 0 1 0 0 0 3 1 2 0 0 0 1 0 0 3 2 0 1 0 0 0 0 5 0 0 0 1 0 4 2 0 4 1 0 0 0 0 3 1 3 3 10 8 6 3 6 5 5 17 4 3 5 7 5 1 4 7 0 2 1 1 0 5 1 6 2 3 0 2 1 2 3 0 28 23 22 27 32 6 20 8 27 39 27 9 10 35 16 0 0 4 3 16 4 9 4 8 9 2 1 5 
0 1 2 0 0 0 0 0 0 1 0 0 0 1 0 2 0 0 0 0 2 1 1 1 0 0 1 0 0 2 4 4 1 1 0 0 0 0 1 4 1 0 1 7 2 7 3 10 7 11 9 3 7 7 1 0 1 3 0 2 3 2 0 5 1 1 1 4 0 2 1 5 0 1 13 11 7 11 30 5 7 5 12 30 21 13 14 30 7 0 0 6 1 6 2 3 4 6 11 0 0 6 
0 0 0 0 0 0 1 1 0 0 1 1 2 0 0 1 0 0 0 0 0 1 0 0 1 0 0 0 0 0 0 1 1 1 0 1 0 0 0 5 1 2 7 9 3 4 5 5 4 32 2 1 2 2 1 0 3 3 0 0 0 0 0 0 3 1 0 0 0 2 1 0 0 0 6 4 4 6 21 11 9 2 2 17 14 13 7 30 16 0 0 7 3 9 5 6 0 4 11 1 0 1 
2 0 0 0 0 2 0 1 0 0 1 0 0 0 1 0 2 0 0 0 0 0 0 0 0 0 0 1 0 0 0 1 0 2 0 0 0 0 1 0 2 0 5 8 2 1 5 3 4 14 6 2 11 5 1 3 3 4 0 3 0 0 1 1 0 0 2 2 4 0 2 0 0 1 12 26 4 11 31 10 11 0 3 36 23 9 12 37 7 0 0 8 13 4 1 2 0 5 9 1 0 0 
1 7 2 1 0 2 2 4 1 4 0 0 1 1 0 0 1 0 2 0 0 1 0 1 2 0 0 5 0 5 3 2 5 3 0 3 1 4 11 8 8 4 30 30 17 20 16 22 16 60 16 8 19 15 11 5 26 42 0 6 1 0 4 0 6 5 4 2 1 1 11 7 0 5 61 80 17 71 118 114 95 53 183 12 175 72 27 158 30 0 0 17 12 26 15 24 5 29 29 1 5 16 
0 1 1 0 0 1 2 1 1 1 3 0 2 0 0 1 0 0 0 0 0 1 0 0 0 0 0 0 0 6 0 0 0 2 0 1 2 1 2 8 4 1 11 22 8 10 7 9 8 25 5 6 11 6 4 2 5 10 0 6 0 2 1 1 2 2 0 1 0 0 4 3 0 3 6 11 2 29 37 40 53 6 50 59 4 28 17 74 12 0 0 13 13 17 11 4 0 11 18 2 2 6 
2 10 3 0 0 8 1 0 1 1 0 0 1 1 1 3 6 4 2 1 5 3 1 1 0 0 0 4 0 16 2 10 6 3 4 1 8 13 16 5 5 11 19 34 11 21 33 26 15 90 5 11 17 8 1 1 5 16 0 2 4 0 2 1 1 4 3 2 0 1 8 1 1 1 19 14 3 15 33 20 28 11 34 47 35 7 9 74 21 0 0 16 11 28 17 24 0 30 19 9 4 10 
2 4 1 0 4 1 3 0 2 1 0 0 0 0 0 0 3 2 2 5 0 0 1 1 0 0 0 2 0 9 0 8 4 1 4 1 2 8 10 4 12 1 15 21 4 19 13 13 12 47 4 2 7 3 3 1 2 10 0 0 0 0 0 0 1 2 1 2 0 0 6 3 0 0 7 4 1 8 22 13 6 13 14 29 28 13 1 31 25 0 0 31 6 22 15 19 2 19 8 2 0 6 
9 8 11 0 5 2 6 4 3 6 1 3 1 3 1 10 8 6 3 3 3 6 3 5 12 0 0 12 0 63 18 23 47 11 19 23 24 35 60 36 23 16 139 147 76 163 133 122 201 685 24 23 55 10 4 4 8 23 0 5 6 1 2 3 3 7 2 1 1 3 4 3 2 4 38 36 9 55 63 45 27 34 50 113 103 101 58 16 51 0 0 119 49 89 47 99 6 63 35 11 9 53 
0 1 3 1 0 0 0 0 2 0 0 0 1 0 0 3 2 1 4 1 4 1 0 4 1 1 0 6 0 15 3 18 8 3 0 3 8 14 12 12 8 2 5 33 13 20 6 18 25 36 7 5 2 4 1 0 2 4 0 3 1 0 0 1 0 2 2 1 0 1 0 1 0 1 4 2 6 8 16 5 13 6 8 15 14 10 16 33 2 0 0 29 5 13 15 18 1 12 6 2 2 14 
0 0 0 0 0 0 0 0 0 0 0 0 0 0 0 0 0 0 0 0 0 0 0 0 0 0 0 0 0 0 0 0 0 0 0 0 0 0 0 0 0 0 0 0 0 0 0 0 0 1 0 0 0 0 0 0 0 0 0 0 0 0 0 0 0 0 0 0 0 0 0 0 0 0 0 0 0 0 0 0 0 0 0 0 0 0 0 0 0 0 0 0 0 0 0 0 0 0 0 0 0 0 
0 0 0 0 0 0 0 0 0 0 0 0 0 0 0 0 0 0 0 0 0 0 0 0 0 0 0 0 0 0 0 0 0 0 0 0 0 0 0 0 0 0 0 0 0 0 0 0 0 0 0 0 0 0 0 0 0 0 0 0 0 0 0 0 0 0 0 0 0 0 0 0 0 0 0 0 0 0 0 0 0 0 0 0 0 0 0 0 0 0 0 0 0 0 0 0 0 0 0 0 0 0 
5 11 17 0 4 11 10 7 7 5 6 14 21 7 11 8 16 7 7 4 7 0 3 4 3 1 2 13 1 68 22 38 29 29 37 35 58 50 136 61 55 14 43 137 77 131 88 111 151 392 16 2 17 11 10 3 15 19 0 5 3 1 3 20 16 4 1 3 1 2 3 5 3 1 25 14 0 24 56 34 43 27 39 97 70 100 76 312 112 0 0 13 61 144 44 303 13 137 87 14 17 57 
0 1 1 0 0 1 2 1 1 0 0 0 0 0 0 0 3 1 0 0 0 0 0 1 0 0 0 1 0 3 0 0 4 1 12 6 3 5 6 5 2 1 5 14 13 6 7 16 18 27 0 0 1 1 1 0 0 0 0 2 0 1 0 0 0 0 0 0 0 0 0 0 0 0 0 6 0 6 8 4 6 10 8 10 9 24 15 32 15 0 0 22 1 3 2 22 2 17 8 2 0 2 
1 1 1 0 0 0 3 2 1 0 1 0 0 2 0 0 3 1 0 0 0 0 0 1 0 0 0 5 0 5 1 7 2 5 2 3 7 4 5 11 3 6 15 29 9 19 11 12 22 45 2 5 5 5 1 7 3 5 0 2 0 0 0 0 3 0 0 0 0 0 1 0 0 0 12 7 2 6 21 5 11 6 17 28 8 19 15 85 11 0 0 50 3 1 1 35 3 17 13 2 2 9 
2 1 0 0 1 0 0 1 1 0 0 0 0 0 1 0 1 1 0 0 0 1 0 3 0 0 0 1 0 9 1 4 2 4 3 6 1 3 9 3 5 4 6 18 13 16 10 10 14 54 2 4 1 1 1 0 1 1 0 1 2 0 0 1 0 0 1 0 0 0 0 0 1 1 6 0 0 3 14 6 8 6 8 14 6 23 11 56 12 0 0 22 3 2 5 14 1 18 4 3 2 14 
0 1 1 0 2 2 2 2 1 0 1 0 0 1 0 1 2 0 0 2 0 0 0 0 2 0 1 1 0 3 4 6 7 1 6 9 5 6 23 5 5 3 24 25 14 11 9 18 11 45 2 1 0 5 0 0 3 2 0 0 1 0 0 0 0 1 1 0 0 0 0 1 1 1 7 6 1 6 10 5 7 5 3 11 7 20 13 72 24 0 0 37 5 10 12 1 0 20 2 2 3 17 
0 0 0 0 0 0 0 0 1 0 0 0 0 1 0 0 0 0 0 0 0 0 0 0 0 0 0 0 0 1 0 0 0 0 0 0 0 0 2 0 0 1 3 2 0 1 1 0 1 1 2 2 0 0 0 0 0 0 0 0 0 0 0 0 0 0 0 0 0 0 1 0 0 0 1 0 0 0 1 0 0 1 0 0 2 2 0 14 2 0 0 5 2 0 1 1 1 1 0 0 0 1 
0 1 1 0 0 0 0 0 0 1 0 1 0 0 0 0 0 0 0 0 0 0 0 0 0 0 0 0 0 5 0 3 5 1 1 2 6 0 6 1 4 2 14 7 6 6 5 10 11 19 2 3 3 0 2 2 0 1 0 0 0 0 1 1 0 0 0 0 0 0 0 0 0 0 13 3 1 1 5 3 7 4 12 12 8 10 5 47 12 0 0 17 7 9 3 17 1 4 3 2 5 11 
0 1 2 0 0 2 5 0 1 1 0 0 3 0 0 2 0 1 0 1 0 0 0 0 0 0 0 4 0 8 0 1 0 1 2 2 3 4 14 2 4 0 13 7 12 10 6 5 14 48 8 1 1 1 2 1 0 1 0 0 0 0 0 0 0 1 0 0 0 0 0 0 0 0 6 3 0 5 10 6 10 2 8 19 11 9 8 40 15 0 0 19 2 2 4 8 1 3 3 1 1 8 
0 2 0 0 0 0 0 0 0 0 0 0 0 0 0 0 1 1 0 0 0 0 0 0 0 0 0 0 0 0 0 0 0 0 0 0 4 1 0 1 0 0 1 2 1 0 4 2 0 0 1 1 0 2 0 0 0 0 0 0 0 0 0 0 0 0 0 0 0 0 0 0 0 0 0 2 1 0 1 1 1 1 1 3 0 0 2 11 2 0 0 2 1 1 0 0 0 1 1 0 0 2 
0 0 0 0 3 0 0 0 0 0 0 0 0 1 0 0 0 0 0 0 0 0 1 0 0 0 0 0 0 2 0 0 2 1 0 0 1 0 0 1 1 1 3 1 2 5 6 2 1 14 2 1 0 2 0 0 1 1 0 0 0 0 0 0 0 0 0 0 0 0 0 0 0 0 0 2 0 0 5 2 1 0 6 1 0 2 2 9 5 0 0 5 0 2 2 4 0 2 0 0 0 5 
7 15 4 2 1 0 6 3 6 1 2 4 3 5 3 2 6 2 1 0 0 1 0 2 2 0 3 1 0 24 11 23 11 12 16 19 18 25 29 18 8 3 34 31 20 48 25 32 18 124 14 7 8 12 2 0 2 6 0 3 2 0 1 3 3 4 0 0 1 1 3 0 0 1 13 4 0 14 7 10 11 10 9 32 22 23 15 161 36 0 0 31 16 35 41 55 4 37 17 8 3 3 
