7 9 27 6 11 35 23 21 23 26 15 38 52 66 39 51 40 8 20 10 11 12 3 37 11 0 0 20 81 1 3 2 14 4 2 2 6 5 14 18 6 2 5 21 10 13 5 3 4 51 4 1 6 4 4 1 2 3 0 1 2 0 1 4 3 12 2 4 0 0 5 2 5 3 3 0 0 1 13 1 1 2 2 2 0 4 1 25 4 0 0 3 1 0 0 2 1 5 0 0 0 8 
9 5 16 7 17 17 37 18 28 25 15 31 46 115 46 50 44 13 20 16 13 20 11 32 7 0 1 28 110 5 3 4 16 3 6 4 5 8 32 22 17 1 10 12 16 13 11 5 6 64 10 5 10 1 1 1 0 5 0 0 2 2 0 5 4 8 7 0 0 1 4 4 2 0 0 0 0 2 23 0 1 1 3 7 0 3 0 23 5 0 0 11 0 1 2 0 2 0 2 0 0 10 
17 28 5 5 6 22 25 17 29 25 12 24 30 84 58 63 22 15 21 5 7 8 4 20 11 0 1 18 135 3 3 7 10 3 5 3 7 4 20 21 7 0 7 7 7 9 6 3 4 28 6 4 5 4 3 0 3 4 0 1 1 1 1 4 0 6 12 2 2 9 1 0 5 0 0 1 0 1 17 1 3 1 2 3 3 1 2 20 2 0 0 9 1 0 0 0 0 0 2 0 0 15 
6 8 11 1 4 3 4 12 10 4 2 3 4 10 6 12 2 2 1 1 3 2 0 5 1 0 0 6 50 0 0 0 1 0 0 0 3 4 3 0 0 0 1 0 1 0 2 1 1 10 0 0 0 1 0 0 0 0 0 0 0 0 0 0 1 0 0 0 0 0 2 0 0 0 0 0 0 1 8 0 0 1 0 1 0 2 1 3 0 0 0 1 0 0 1 0 0 0 0 0 0 0 
12 16 4 0 2 14 3 4 18 13 4 4 16 29 11 25 4 2 7 1 2 0 1 9 6 0 0 4 41 0 1 0 1 2 2 0 1 1 14 4 8 0 1 3 4 2 0 0 1 23 2 1 2 3 1 0 1 1 0 0 0 0 1 2 0 1 3 0 0 2 2 0 2 2 3 0 0 1 10 0 0 0 0 2 0 2 0 6 1 0 0 2 0 0 0 0 0 0 0 0 0 0 
21 55 25 11 5 9 22 18 26 17 10 23 61 115 41 75 48 20 22 6 14 15 7 24 8 2 1 13 115 10 0 1 9 1 2 0 2 6 17 11 8 0 9 8 5 4 3 1 3 28 4 0 9 6 1 1 1 2 0 1 2 2 0 1 1 11 0 1 0 2 2 5 3 4 0 2 0 2 8 1 0 1 2 1 1 10 3 6 0 0 0 11 3 0 0 3 1 1 1 0 0 1 
17 36 26 13 8 19 4 29 28 29 5 22 47 91 25 50 21 20 19 15 9 14 1 16 7 0 0 9 83 8 0 2 12 2 1 0 3 2 32 12 5 1 14 15 8 14 6 1 5 20 2 0 4 9 0 0 0 4 0 2 0 3 0 4 5 12 4 2 0 2 2 3 3 3 0 0 2 6 10 0 2 0 0 8 0 0 2 10 2 0 0 11 0 0 2 1 0 1 0 0 0 2 
8 32 22 4 9 10 12 6 9 17 10 27 67 72 52 78 50 16 11 10 7 21 11 12 11 0 2 16 57 7 0 1 11 2 4 5 3 4 30 9 10 1 18 12 8 7 8 6 4 31 0 2 9 8 2 0 5 4 0 2 0 3 5 6 8 8 2 3 1 1 6 0 2 4 2 4 0 0 7 0 2 1 3 1 0 3 1 8 2 0 0 1 9 0 1 1 1 1 3 0 0 6 
21 51 33 13 5 16 42 13 8 11 11 40 53 82 33 86 71 20 10 16 14 10 11 23 4 3 1 16 51 0 2 4 6 1 2 1 3 3 38 16 8 4 7 9 11 11 5 6 6 27 3 4 8 2 1 3 1 1 0 1 2 0 0 3 6 10 0 4 1 3 3 0 2 3 2 1 0 0 13 2 2 0 0 3 2 2 0 6 2 0 0 4 0 3 1 1 0 1 1 0 0 3 
8 17 17 7 3 12 10 4 18 4 4 12 44 42 12 41 25 12 6 4 5 7 5 30 8 1 2 15 15 1 0 2 2 1 2 0 0 3 21 10 10 0 3 7 2 11 4 7 2 17 2 2 8 4 1 3 4 3 0 6 0 5 4 5 2 2 2 2 0 2 1 4 0 3 1 2 1 2 16 1 0 0 3 3 0 1 1 5 3 0 0 2 1 4 4 1 0 0 0 0 0 5 
29 8 5 3 7 15 17 10 9 7 0 4 29 31 15 33 12 13 16 9 6 9 7 13 4 0 1 18 24 5 0 0 2 0 1 0 0 2 20 6 12 0 5 7 8 12 2 7 1 23 1 0 1 0 0 0 0 0 0 0 0 0 1 0 0 1 0 0 1 1 1 1 0 3 0 1 0 0 10 0 0 1 0 0 0 0 0 3 0 0 0 2 1 0 0 0 0 0 0 0 0 3 
27 37 29 7 13 27 21 19 36 19 13 5 37 69 33 58 46 26 19 6 22 19 10 47 14 2 1 43 51 8 5 1 11 1 2 0 3 4 33 10 15 1 13 8 6 23 10 6 0 33 6 6 2 5 1 0 3 1 0 3 1 3 1 0 2 7 0 0 2 0 1 3 2 2 2 2 0 0 4 1 0 0 0 2 0 2 0 4 4 0 0 3 0 2 3 1 0 2 2 0 0 8 
27 42 30 4 10 35 31 48 54 38 13 26 9 64 28 91 50 26 38 16 33 9 10 42 22 1 4 33 39 13 4 8 12 0 2 1 3 10 50 16 17 1 13 9 11 13 9 3 6 38 4 3 11 8 3 0 8 8 0 5 1 7 0 0 5 3 0 3 1 0 2 1 8 1 3 0 0 0 13 1 0 0 0 0 0 1 2 2 3 0 0 8 0 4 3 1 0 1 2 0 0 2 
38 81 86 9 19 40 67 48 74 32 28 33 45 12 23 51 68 64 57 26 48 29 24 68 41 6 5 120 68 6 4 4 7 2 0 1 1 6 20 11 16 0 8 8 4 11 5 0 3 28 6 9 8 9 3 6 3 13 0 4 3 2 0 0 0 0 0 0 0 0 1 2 0 3 7 3 2 7 29 0 1 1 0 1 1 3 0 3 3 0 0 4 0 1 0 1 0 3 0 0 0 3 
34 55 40 14 22 33 41 36 52 31 15 34 40 14 9 22 40 48 42 15 20 21 22 58 29 0 3 67 31 4 6 4 9 0 1 1 3 1 14 5 9 0 5 4 10 7 5 1 2 28 12 5 14 5 0 0 2 8 0 3 1 2 1 0 1 1 0 0 0 0 1 2 0 0 3 4 1 0 13 2 1 0 0 0 1 0 0 5 0 0 0 7 1 1 1 0 0 2 0 0 1 8 
28 53 30 3 11 48 36 35 46 55 19 41 60 38 9 19 83 64 79 37 73 29 34 103 58 4 16 138 48 22 6 27 32 12 13 6 47 4 20 32 24 2 13 22 21 22 10 3 9 63 15 4 20 5 3 0 6 11 0 3 2 2 1 2 1 0 2 0 0 5 2 2 1 5 4 2 0 4 16 1 2 0 0 1 0 1 4 9 5 0 0 12 4 3 0 0 1 1 1 0 2 11 
19 54 35 13 21 25 36 30 38 39 12 33 53 95 58 92 10 50 84 31 52 25 19 86 33 4 9 78 43 36 8 33 41 21 22 12 46 17 97 35 33 3 17 19 16 26 24 5 10 59 11 2 15 4 3 0 4 7 0 0 6 8 0 3 0 0 0 0 1 0 2 2 3 1 3 1 0 4 32 0 1 2 0 1 0 8 5 19 2 0 0 12 2 2 0 0 0 0 1 0 0 5 
3 25 18 8 1 11 24 24 18 26 8 29 53 79 30 116 31 9 46 16 31 10 15 40 14 15 5 37 17 18 3 17 38 8 19 6 31 11 63 37 17 4 11 21 18 34 17 1 8 38 4 1 7 1 1 14 7 6 0 4 0 2 2 0 1 1 0 0 0 0 0 0 2 2 7 3 0 3 15 3 0 2 0 0 0 6 2 16 2 0 0 4 4 1 0 0 0 0 1 0 0 3 
10 25 11 1 6 12 21 14 14 12 9 15 29 83 32 75 32 34 6 7 33 4 7 35 22 8 3 42 30 14 9 10 22 6 17 7 11 8 46 12 15 0 7 12 10 16 12 2 4 37 2 1 7 5 0 0 3 3 0 1 2 3 0 1 1 0 0 0 0 0 0 0 0 1 1 1 0 1 7 1 2 0 0 1 0 1 0 11 1 0 0 9 1 0 0 1 0 0 0 0 0 3 
8 14 16 2 3 7 9 8 11 13 12 13 18 59 29 55 43 23 18 3 7 6 6 30 19 10 5 74 17 11 1 5 10 0 6 8 14 6 28 12 12 2 3 10 8 11 4 5 5 22 4 2 2 2 1 2 3 6 0 0 0 0 0 2 0 0 1 0 0 0 0 0 0 0 3 1 0 1 6 2 1 0 0 0 0 2 0 2 0 0 0 2 2 0 0 0 1 0 0 0 0 2 
5 12 11 2 3 10 6 5 11 8 7 18 41 74 30 101 46 34 61 3 11 10 18 33 10 15 16 44 14 6 3 1 13 5 6 5 14 3 54 27 12 0 6 9 6 21 4 0 5 22 1 0 1 0 0 0 3 5 0 0 0 0 0 0 0 0 0 0 0 0 0 0 0 0 0 1 0 1 3 1 1 0 0 0 1 1 0 4 1 0 0 2 1 0 0 1 0 0 1 0 0 1 
9 6 7 0 3 10 16 16 17 17 15 13 33 71 28 60 34 30 43 3 2 9 5 30 8 18 8 56 21 4 1 4 8 1 5 3 10 4 54 1 2 0 9 14 6 9 1 3 0 15 2 1 0 0 0 0 1 1 0 2 0 0 0 0 0 0 0 0 0 0 0 0 0 0 3 0 1 1 2 1 0 0 0 1 0 2 0 4 0 0 0 4 0 1 1 1 0 0 0 0 0 0 
6 5 4 0 2 9 3 8 10 9 1 5 12 39 33 75 37 37 31 17 35 7 4 11 5 6 5 54 5 5 1 1 12 2 7 5 7 6 27 1 8 0 1 7 3 11 5 2 1 16 1 0 3 0 1 1 1 1 0 0 0 0 0 0 0 0 0 0 0 0 0 0 0 0 0 3 0 1 4 0 1 0 0 1 1 2 0 8 1 0 0 4 0 0 0 0 0 2 0 0 0 0 
6 17 9 1 7 17 11 11 9 28 10 33 44 139 45 192 83 90 58 24 24 14 8 15 9 24 25 97 14 5 0 5 52 1 13 9 25 8 78 11 11 0 13 19 15 21 12 3 5 68 10 1 7 1 2 1 1 4 0 0 2 0 0 0 0 0 0 1 0 0 0 1 0 0 1 3 0 1 16 2 0 0 0 0 0 4 2 21 4 0 0 5 0 4 0 2 0 1 1 0 0 3 
10 20 10 3 14 11 20 15 14 39 8 27 38 66 33 108 49 26 38 12 23 10 7 9 8 5 1 44 16 7 3 5 95 4 3 4 20 26 51 19 49 5 9 23 17 25 23 14 9 127 17 5 20 4 6 0 5 1 0 0 0 2 2 0 0 0 0 0 0 0 0 0 0 0 5 1 0 3 18 0 1 1 0 1 0 3 1 71 6 0 0 12 0 1 1 4 0 0 1 0 0 3 
0 1 0 0 0 0 0 2 3 1 0 1 3 7 2 17 8 10 15 3 19 14 7 29 2 0 6 19 0 1 0 0 3 0 0 1 2 5 2 1 4 0 0 0 1 0 0 0 1 2 0 0 0 0 0 0 1 0 0 0 0 0 0 0 0 0 0 0 0 0 0 0 0 0 0 0 0 0 1 0 0 0 0 1 0 0 1 0 0 0 0 0 0 0 0 0 0 0 0 0 0 0 
0 1 0 0 1 1 0 0 2 2 0 0 3 9 6 25 12 14 7 3 15 14 5 38 8 1 3 40 0 3 0 0 3 1 2 0 1 1 9 0 0 0 0 1 1 0 0 0 0 4 1 0 1 0 0 0 0 0 0 0 0 0 0 0 1 1 0 0 0 0 0 0 0 0 0 0 0 0 0 0 0 0 0 2 0 0 0 2 0 0 0 0 0 0 0 0 0 0 0 0 0 0 
25 20 8 6 10 12 16 15 17 26 7 30 48 112 65 148 78 40 49 45 60 76 51 81 42 13 43 9 13 2 1 8 26 8 11 12 37 18 64 34 42 5 13 18 23 26 19 4 6 133 16 4 14 3 3 6 4 5 0 2 3 5 0 0 4 1 0 0 0 0 0 0 0 0 2 3 0 7 20 4 5 2 2 3 1 1 2 34 2 0 0 9 1 0 4 4 0 0 0 0 0 9 
45 64 61 16 16 38 34 52 37 28 15 27 45 40 15 50 21 16 16 12 8 9 1 17 0 0 0 14 3 5 0 3 6 2 2 2 10 3 12 20 5 0 2 2 5 9 6 2 2 32 3 4 4 3 4 2 3 6 0 5 2 0 3 7 6 4 1 4 0 0 9 3 1 1 0 3 0 1 28 0 0 1 1 1 1 2 3 6 6 0 0 4 3 2 1 0 0 1 1 1 0 4 
3 3 1 1 0 2 2 9 3 7 1 2 17 12 5 18 42 16 17 4 4 6 8 10 6 0 4 1 9 26 88 102 270 85 125 114 383 130 250 105 71 8 48 64 57 90 50 24 16 195 7 1 8 7 1 3 4 11 0 7 9 17 2 6 17 52 14 6 11 12 6 16 8 1 8 2 0 1 20 3 1 0 2 11 2 6 11 62 8 0 0 30 12 6 5 13 4 3 3 1 0 27 
1 1 6 0 1 1 2 1 1 1 0 3 2 1 0 6 16 12 5 3 0 0 2 11 1 0 0 5 3 114 5 67 102 22 46 62 134 56 84 47 29 3 27 24 14 19 15 6 4 35 2 0 1 3 1 0 2 0 0 3 1 3 2 4 50 67 5 6 0 4 2 3 3 2 3 0 0 1 4 1 4 0 1 4 3 2 1 14 2 0 0 16 3 0 2 2 0 2 1 1 0 13 
1 3 1 1 0 0 4 4 2 1 1 1 2 2 4 17 28 13 10 2 2 3 2 9 3 0 0 5 8 120 85 9 120 28 80 72 292 123 200 63 75 8 47 53 42 46 43 18 12 151 11 6 4 6 1 3 5 10 0 8 6 4 1 7 15 24 5 3 8 4 1 2 7 2 4 3 1 2 20 2 1 2 1 0 5 11 8 32 7 0 0 29 2 3 2 4 2 1 2 0 0 17 
14 19 10 2 6 4 14 9 6 6 5 10 14 3 10 18 35 19 9 8 13 8 8 60 26 1 1 19 11 223 69 88 21 27 82 102 228 133 210 166 139 16 109 88 113 153 115 66 79 696 39 21 54 16 9 8 14 20 0 7 6 12 5 7 24 20 9 10 4 12 12 11 15 8 14 10 1 6 44 3 6 6 3 17 5 14 12 172 30 0 0 53 6 16 12 21 4 13 9 1 3 71 
2 1 3 0 2 3 1 4 0 1 0 0 1 2 1 5 17 6 4 2 3 0 3 6 3 0 2 9 3 59 19 32 41 8 30 16 92 48 98 49 31 1 32 31 27 46 17 12 16 59 5 7 19 3 1 5 4 8 0 7 2 10 2 0 9 14 9 0 6 10 3 11 15 8 3 2 0 2 22 10 2 4 1 0 3 2 1 8 4 0 0 28 4 5 2 6 1 4 0 2 1 4 
0 5 4 1 1 2 2 1 1 3 1 2 3 2 3 15 13 9 14 4 8 3 2 11 5 2 0 16 7 129 38 83 106 21 5 31 158 86 159 110 49 4 52 47 62 56 42 15 20 129 18 9 7 8 1 1 5 10 0 4 0 12 4 9 11 18 1 9 3 9 7 19 30 4 11 1 1 1 19 0 1 2 0 1 0 11 4 23 18 0 0 52 5 3 5 10 1 3 3 3 2 16 
4 6 5 0 0 0 2 0 2 3 0 0 0 0 1 5 18 12 8 2 2 4 0 12 5 0 0 6 5 119 37 59 122 18 25 8 153 44 112 60 37 2 46 38 31 36 41 15 14 113 5 2 4 1 3 1 0 0 0 4 0 4 6 9 2 9 4 5 1 4 9 6 5 4 1 2 0 1 11 1 0 0 1 2 0 2 1 23 5 0 0 35 2 9 6 5 1 0 0 3 0 16 
2 14 1 3 1 3 6 4 2 3 0 2 2 1 1 25 18 15 13 12 8 10 7 20 8 2 4 23 9 276 100 226 273 80 138 98 33 108 450 283 159 32 116 131 114 159 112 64 60 362 13 9 11 10 6 1 5 13 0 2 1 13 7 17 12 33 22 15 10 4 22 21 19 18 13 6 3 2 32 1 0 3 2 5 2 18 17 64 38 0 0 105 24 14 20 20 4 14 5 2 1 55 
8 10 9 0 3 1 8 6 9 6 3 4 5 7 3 6 11 17 5 6 5 9 10 17 11 1 0 16 16 128 27 80 116 24 74 31 185 13 154 171 70 15 106 97 92 116 88 23 47 229 5 0 5 1 0 1 5 2 0 0 0 8 0 9 7 2 2 0 4 3 9 5 8 3 1 0 0 0 13 2 3 0 2 2 0 16 9 44 18 0 0 86 14 9 7 7 0 4 9 0 0 40 
13 27 21 5 7 16 23 18 19 17 10 21 35 27 27 19 54 33 28 21 41 27 17 60 14 3 3 42 45 170 52 135 272 96 115 104 444 103 21 371 203 44 150 147 116 214 123 45 51 415 15 16 31 14 4 1 9 5 0 7 1 15 7 15 33 48 8 11 3 7 28 21 18 11 10 4 1 3 37 7 5 5 1 18 5 20 13 116 16 0 0 128 17 19 12 17 6 16 27 2 2 54 
9 24 16 2 3 13 17 14 18 16 6 18 30 20 9 29 40 32 13 2 9 1 8 28 10 0 0 20 22 88 34 75 199 44 82 63 363 198 515 22 56 14 80 136 86 174 109 28 37 316 5 3 13 2 3 4 3 3 0 1 0 13 3 13 6 16 3 1 1 1 10 1 13 6 6 2 0 1 14 7 2 7 1 13 6 12 3 10 11 0 0 54 8 10 9 7 0 2 4 1 3 27 
6 11 18 1 2 5 5 12 15 17 7 6 11 16 7 10 24 14 11 6 3 2 5 32 11 0 2 31 11 72 24 48 149 30 54 45 177 87 330 51 6 22 47 98 60 129 68 27 28 230 1 3 4 4 1 3 0 6 0 2 1 8 4 5 11 16 1 0 0 2 2 3 9 2 3 2 2 4 17 4 7 7 3 16 3 19 10 15 9 0 0 41 9 7 7 13 1 3 7 0 0 26 
2 4 0 0 0 0 2 1 0 4 1 1 1 2 0 0 2 4 4 0 1 1 0 5 0 0 0 1 1 10 1 4 22 6 7 6 70 12 30 8 15 5 22 53 15 17 16 6 5 31 0 0 0 0 1 0 0 0 0 0 2 0 1 1 0 4 0 2 0 0 3 1 1 0 2 0 0 0 2 1 0 3 1 4 5 12 4 10 5 0 0 11 3 4 1 4 1 0 2 0 0 7 
3 5 9 2 1 6 4 9 13 3 2 6 6 3 5 7 16 10 7 5 2 2 8 9 6 2 0 6 5 38 12 33 112 28 54 17 134 79 142 43 38 19 32 87 42 80 70 34 26 156 9 3 14 8 8 1 7 8 0 2 2 5 0 1 5 7 1 5 1 1 5 5 8 1 19 4 2 1 39 14 20 14 9 49 22 56 27 71 35 0 0 86 19 24 14 40 4 20 17 19 1 103 
10 7 5 0 3 5 3 4 7 5 6 3 9 4 10 24 24 25 25 10 6 3 6 17 8 3 0 20 14 54 23 41 106 40 55 26 161 89 207 99 88 39 162 23 158 278 151 57 61 373 7 8 28 11 5 7 7 15 0 3 2 1 0 7 5 12 0 8 4 3 6 5 9 5 7 13 1 8 60 14 19 17 14 69 27 101 55 128 69 0 0 233 54 69 42 59 5 42 28 7 1 123 
5 16 9 1 2 1 6 4 9 7 3 7 8 9 2 9 25 16 12 5 7 1 5 20 9 1 0 21 11 46 18 35 132 29 41 20 123 84 185 74 48 21 64 140 15 183 107 66 38 246 7 1 8 2 3 4 4 3 0 3 1 5 3 5 11 11 6 4 2 1 0 3 8 7 14 6 1 3 33 5 3 8 1 26 5 30 11 57 25 0 0 81 14 14 7 22 6 12 14 3 4 48 
9 18 11 1 6 4 8 4 13 8 2 12 16 12 5 12 19 23 20 4 11 4 6 33 9 1 2 19 21 41 16 37 220 32 58 50 187 105 206 124 109 30 135 259 183 30 162 169 146 562 9 6 24 9 0 0 2 7 0 3 3 3 3 6 14 16 5 3 2 0 11 5 3 5 6 10 0 10 40 6 16 11 8 48 11 47 25 128 26 0 0 155 26 33 32 23 6 27 21 5 3 138 
7 18 8 1 8 11 8 6 8 12 3 8 14 13 5 12 27 14 11 2 7 4 2 27 8 0 0 20 12 38 14 36 180 34 46 34 135 76 154 87 63 14 106 146 94 200 19 99 89 344 8 10 13 5 1 1 1 7 0 3 3 5 3 2 10 7 4 7 0 1 4 7 7 0 12 2 2 4 20 3 7 11 15 30 11 33 20 108 12 0 0 83 12 14 8 19 4 11 18 2 5 129 
4 5 5 1 2 1 2 2 9 11 1 3 2 2 2 3 9 8 5 3 2 2 2 13 7 0 0 8 6 14 5 24 77 5 12 22 65 43 102 34 42 11 35 101 85 224 143 5 79 372 3 2 8 2 1 2 3 3 0 1 2 1 0 4 6 4 1 3 0 3 0 2 1 2 6 4 0 1 13 2 4 5 7 17 9 20 11 78 7 0 0 49 11 5 17 11 1 5 1 2 1 54 
4 10 4 0 2 7 6 5 2 3 4 4 5 3 2 4 8 8 6 2 3 5 1 15 7 1 0 10 11 19 4 22 132 24 12 27 67 29 68 53 38 10 57 118 73 280 121 99 12 461 6 4 8 1 0 1 1 1 0 2 0 2 0 0 1 12 0 3 0 1 8 0 1 2 5 10 0 3 15 3 7 6 5 28 3 17 11 121 8 0 0 105 10 22 14 11 3 9 12 2 5 80 
44 47 39 4 17 29 24 29 41 51 23 25 30 31 8 20 81 50 41 13 19 17 14 151 47 2 5 106 28 178 48 133 814 81 119 114 404 247 534 307 278 39 174 397 253 639 339 310 236 49 38 16 54 18 5 5 16 16 0 5 6 14 1 24 29 36 13 13 3 12 10 15 17 26 43 28 2 21 101 36 23 24 35 82 23 86 61 687 53 0 0 288 40 68 76 44 12 47 60 7 9 337 
3 14 13 2 4 4 3 6 5 8 0 10 7 29 7 18 14 6 2 2 4 1 2 25 11 0 0 13 2 5 0 5 51 3 8 3 10 1 17 7 5 2 10 15 7 9 13 4 5 53 1 13 52 30 4 6 20 24 0 33 4 3 0 13 12 26 8 11 2 15 7 5 18 14 7 4 0 7 128 12 19 7 13 23 4 11 4 45 12 0 0 7 1 4 1 3 1 1 6 1 0 12 
0 1 5 2 0 2 3 1 1 6 1 0 5 8 2 11 5 3 5 0 0 3 0 8 2 0 0 2 5 3 4 4 33 4 6 1 5 0 10 8 1 0 6 8 2 6 5 2 0 27 7 3 30 15 7 1 11 12 0 23 4 2 3 7 14 20 5 7 3 2 1 1 7 4 3 1 0 1 59 3 4 0 1 18 1 5 5 16 4 0 0 7 2 5 2 2 1 6 4 0 0 17 
6 8 6 1 4 12 6 7 3 5 4 7 3 8 9 26 16 5 6 0 2 0 2 21 10 0 0 21 16 11 0 9 83 11 13 3 19 8 25 17 1 1 16 14 6 27 18 5 7 78 41 29 6 17 11 7 12 19 0 37 11 3 3 29 15 28 13 23 2 20 7 14 10 16 2 1 2 14 124 15 10 3 5 23 10 16 4 47 14 0 0 16 4 6 11 1 0 8 7 0 0 30 
5 8 3 1 0 5 4 4 1 4 1 15 5 20 13 12 11 2 8 0 0 0 2 9 4 0 0 4 4 5 9 10 21 6 3 1 14 3 8 8 2 5 9 15 0 8 1 3 5 25 12 41 25 4 7 8 17 19 0 17 8 2 4 18 25 27 14 10 1 15 5 16 11 4 3 1 3 3 87 13 7 1 12 14 3 11 3 13 3 0 0 9 2 10 8 1 0 13 7 0 0 13 
0 1 6 0 2 0 3 2 1 5 0 0 3 3 4 7 2 0 0 0 1 1 1 6 1 0 0 2 6 9 0 2 18 1 2 4 6 1 6 1 2 0 3 3 1 4 1 1 3 12 11 7 19 7 3 1 10 10 0 11 3 3 2 4 2 18 1 5 2 6 3 3 5 1 0 0 0 3 58 10 6 0 1 15 7 6 0 6 5 0 0 2 1 0 2 1 1 2 3 0 0 4 
0 3 1 2 0 3 3 0 4 0 2 2 2 5 0 1 4 0 0 3 2 2 0 2 1 0 0 2 2 0 1 0 6 3 1 1 1 3 1 0 1 0 1 1 4 2 5 1 1 10 6 8 9 5 1 3 1 20 0 7 3 5 1 6 1 5 2 2 0 1 1 1 4 4 1 1 1 2 48 2 3 0 2 5 2 1 0 6 1 0 0 2 0 0 0 0 0 0 0 1 0 0 
1 2 3 1 0 6 2 2 2 7 1 1 6 12 5 6 6 7 1 0 0 0 0 6 0 0 0 1 0 5 7 3 23 3 5 1 6 1 14 1 3 2 2 4 3 9 4 1 2 20 14 15 20 5 3 8 4 11 0 10 7 5 2 2 12 15 4 9 0 5 5 4 5 2 5 8 1 3 67 6 4 1 1 14 4 9 5 16 2 0 0 9 2 5 1 3 0 4 5 0 0 8 
6 4 7 0 0 11 3 10 3 10 8 2 12 21 5 17 10 5 11 3 2 1 0 10 4 0 0 5 7 4 2 7 19 10 12 3 8 5 12 4 3 0 12 14 2 7 4 3 1 24 17 20 42 26 18 10 18 6 0 19 6 5 5 25 14 34 4 6 1 8 5 5 5 5 10 15 1 6 118 17 5 1 3 55 17 10 10 15 3 0 0 12 2 2 6 0 0 7 4 0 0 12 
0 0 0 0 0 0 0 0 0 0 0 0 0 0 0 0 0 0 0 0 0 0 0 0 0 0 0 0 0 0 0 0 0 0 0 0 0 0 0 0 0 0 0 0 0 0 0 0 0 0 0 0 0 0 0 0 0 0 0 0 0 0 0 0 0 0 0 0 0 0 0 0 0 0 0 0 0 0 0 0 0 0 0 0 0 0 0 0 0 0 0 0 0 0 0 0 0 0 0 0 0 0 
3 11 6 1 1 6 5 4 1 5 0 8 12 16 9 15 26 9 7 5 3 2 2 20 5 1 2 11 12 7 4 5 20 9 2 0 0 6 9 5 4 0 6 5 1 4 1 4 4 28 19 22 31 23 15 8 13 32 0 0 3 6 5 17 7 30 11 11 3 5 14 6 10 11 6 6 1 4 61 2 2 2 0 14 6 10 2 9 3 0 0 12 2 1 2 3 0 2 1 0 0 12 
2 2 2 0 0 1 0 0 1 2 0 1 0 3 1 5 5 3 0 0 0 0 0 3 0 0 0 4 1 2 4 3 7 4 1 0 3 1 8 1 2 0 4 4 2 2 3 1 1 8 3 4 13 4 4 7 0 10 0 1 0 6 3 2 7 17 8 9 2 5 2 12 5 9 3 3 0 0 13 0 1 1 2 3 1 4 0 5 6 0 0 4 1 0 1 0 0 0 0 0 0 5 
0 4 5 0 0 2 1 2 0 3 2 3 5 5 0 0 7 3 1 1 0 0 0 3 1 0 0 1 2 3 2 3 10 6 9 8 21 8 20 5 5 0 12 2 5 6 2 1 4 6 3 4 2 4 1 0 1 4 0 3 3 1 0 6 12 14 4 9 0 5 4 1 6 14 0 0 1 1 11 4 0 0 0 6 1 7 4 7 5 0 0 9 3 1 4 2 0 1 0 0 0 0 
0 1 0 0 0 1 0 0 0 0 0 0 1 0 0 0 3 1 0 0 0 0 0 0 1 1 0 0 0 0 2 3 1 1 7 1 8 4 5 7 3 0 0 1 0 0 5 0 1 7 2 1 4 9 2 2 3 2 0 2 1 3 5 1 9 14 3 5 2 1 1 2 7 2 1 0 0 0 8 0 2 1 2 1 1 1 0 1 0 0 0 2 0 1 0 0 0 0 0 0 0 0 
1 3 2 0 0 0 5 10 2 2 5 0 2 0 0 2 1 2 1 0 0 0 0 4 1 0 0 0 9 4 5 5 12 3 8 3 29 13 22 8 7 0 5 8 12 9 8 4 5 17 17 10 20 21 4 1 6 17 0 10 4 17 4 4 11 22 6 14 9 6 4 10 17 6 8 5 0 1 33 3 3 3 4 5 0 2 1 5 3 0 0 10 3 0 1 2 0 2 0 0 0 5 
2 4 8 0 0 0 3 7 3 3 0 1 3 0 0 0 6 1 2 0 0 0 0 0 2 0 0 0 13 23 13 7 20 5 2 12 24 5 47 7 7 1 14 15 11 20 7 3 5 25 8 10 19 9 5 6 13 8 0 17 10 14 4 6 8 31 13 19 8 24 19 47 38 16 7 3 0 2 37 3 9 3 3 9 1 3 5 10 0 0 0 13 2 1 0 1 0 0 0 0 0 6 
7 15 11 3 7 9 10 9 0 2 0 2 4 1 0 0 1 1 1 0 0 0 0 1 1 0 1 2 6 35 12 21 33 20 17 10 59 8 30 9 8 0 10 19 11 20 14 3 5 36 19 13 22 9 10 7 16 21 0 33 11 20 18 30 28 11 13 29 33 55 32 51 46 36 11 3 1 4 63 5 0 6 3 5 4 6 6 20 6 0 0 8 0 4 1 0 0 0 0 0 0 11 
0 2 0 1 0 0 0 3 1 2 0 0 2 0 0 0 2 0 1 0 0 0 0 0 0 0 0 0 4 5 3 4 9 3 0 0 17 5 10 3 3 0 1 2 4 3 1 1 1 14 3 3 3 3 0 0 1 1 0 10 5 7 0 3 8 18 1 8 6 14 11 26 19 5 1 1 0 1 21 4 0 1 0 1 0 1 1 4 0 0 0 0 1 0 0 0 0 0 0 0 0 3 
6 8 13 0 0 5 7 4 1 0 1 1 0 1 0 0 0 0 0 0 0 0 0 0 0 0 0 0 13 7 4 5 13 8 8 2 21 3 11 3 3 0 6 10 6 10 4 0 1 16 10 7 17 8 1 3 6 12 0 13 3 10 4 8 12 34 8 6 5 23 27 30 17 23 3 3 1 8 20 2 0 2 0 1 1 3 2 6 1 0 0 1 0 0 0 0 0 0 0 0 0 3 
0 1 0 0 0 5 1 1 1 1 0 2 1 1 0 0 0 0 0 0 0 0 0 0 0 0 0 0 0 12 1 2 8 3 1 1 21 4 12 3 0 0 0 3 3 3 2 1 1 4 4 0 1 0 0 0 2 1 0 7 4 2 5 2 18 29 11 17 0 12 14 28 9 15 1 0 0 2 10 0 2 2 0 4 0 0 1 4 0 0 0 0 0 0 1 0 0 0 0 0 0 0 
4 1 3 0 2 1 0 4 2 3 1 3 0 0 0 0 0 2 0 0 0 0 0 0 0 0 0 0 1 14 1 1 18 7 9 2 19 2 9 4 3 0 2 1 4 5 1 1 0 7 11 3 11 3 1 8 8 7 0 5 8 8 4 21 24 35 14 19 10 0 8 28 25 25 0 3 0 3 23 2 1 0 1 3 0 0 0 7 0 0 0 0 0 1 0 0 0 0 1 0 0 0 
1 1 5 0 1 0 2 2 2 1 1 2 0 3 0 3 4 0 1 0 0 0 0 0 0 0 0 0 6 5 2 3 26 5 7 2 34 25 27 6 8 0 5 6 4 6 3 1 3 18 7 3 13 12 3 1 6 3 0 6 11 9 6 7 28 47 17 34 16 21 3 47 20 18 5 1 0 1 25 3 1 0 1 2 1 4 2 9 0 0 0 2 1 0 0 1 1 0 0 0 0 1 
3 6 4 0 0 3 3 0 8 4 1 1 3 0 6 2 1 0 0 0 0 0 0 0 0 0 0 0 4 7 2 5 19 10 15 6 27 15 26 6 2 1 5 2 3 10 8 1 4 22 8 3 9 5 0 1 3 9 0 20 2 17 3 17 22 78 22 33 22 40 41 6 53 32 5 2 1 1 15 2 4 1 2 3 1 2 0 8 0 0 0 3 1 0 0 1 0 0 0 0 0 0 
2 3 5 2 2 2 2 0 1 3 2 5 5 1 1 3 3 0 0 0 0 0 0 0 0 1 0 2 5 5 0 4 10 9 7 4 25 6 13 9 6 1 4 7 7 11 6 0 6 15 21 4 29 4 4 4 11 6 0 12 6 1 6 12 36 38 17 30 7 31 15 33 1 12 5 5 0 0 23 6 7 1 1 6 1 6 2 8 0 0 0 4 0 1 1 0 3 3 1 0 0 1 
2 10 3 1 1 2 1 6 4 3 1 3 1 0 1 2 4 0 0 0 0 0 0 1 0 0 0 0 3 2 3 0 15 16 7 5 10 6 20 5 4 1 0 11 4 4 10 0 1 22 18 6 15 7 3 2 6 8 0 8 6 4 4 15 21 36 12 32 5 49 17 30 19 4 16 6 1 1 35 4 2 3 0 7 7 1 2 11 2 0 0 2 0 0 0 0 0 0 1 0 0 1 
0 3 3 0 0 1 2 4 2 4 2 2 9 6 5 6 4 2 0 1 0 0 2 4 2 0 0 3 0 3 2 4 14 2 3 1 6 7 9 7 3 0 8 22 7 14 19 3 6 37 8 5 10 0 0 2 10 16 0 10 2 1 1 4 4 15 2 6 1 3 2 1 4 4 3 7 2 17 159 29 12 9 11 53 13 27 7 64 14 0 0 17 2 4 4 4 1 23 4 1 1 19 
1 0 2 0 1 1 3 3 5 2 1 2 6 14 2 3 8 2 0 0 2 0 2 15 1 0 0 2 2 6 5 5 10 0 6 2 7 1 10 4 5 0 5 12 16 5 13 2 9 27 7 5 10 2 1 0 4 12 0 12 1 3 1 8 9 8 3 4 2 1 4 3 3 3 7 5 3 16 184 29 16 4 13 75 11 10 3 44 11 0 0 10 2 6 2 4 1 13 5 3 1 19 
0 0 0 0 0 0 1 1 0 1 1 0 1 1 2 1 2 0 1 0 0 0 1 0 0 0 0 0 1 0 0 0 3 0 1 1 0 0 0 0 0 2 2 0 0 4 5 1 0 4 4 1 3 1 1 0 0 7 0 3 0 0 0 0 0 1 0 0 1 1 0 0 1 0 5 6 2 3 78 11 7 4 4 23 2 3 4 8 1 0 0 1 2 1 0 1 0 4 3 0 0 6 
1 3 1 0 2 2 2 2 1 4 0 2 4 1 1 9 2 1 2 0 0 0 0 1 0 0 0 0 9 1 0 3 13 3 5 3 1 2 5 5 1 1 17 12 11 17 8 1 4 25 6 9 13 3 2 2 6 20 0 12 2 0 3 6 4 9 6 3 0 4 4 1 0 1 12 16 6 3 110 27 10 7 7 63 15 17 4 33 9 0 0 10 6 9 5 1 2 3 6 0 0 6 
8 21 12 1 3 17 9 11 17 18 5 6 9 49 29 40 11 6 7 1 4 2 3 23 8 0 0 12 21 23 7 12 42 11 22 4 21 6 34 17 9 3 25 45 21 31 24 15 15 89 98 62 153 73 47 24 55 118 0 36 7 17 13 41 23 55 12 21 10 21 8 31 31 24 116 110 34 61 23 57 49 35 39 202 45 47 20 108 24 0 0 55 10 32 9 8 2 21 13 3 0 43 
2 0 0 0 0 0 0 2 1 1 0 2 0 8 1 2 1 0 3 0 0 0 0 3 1 0 0 4 1 8 6 4 7 6 3 3 2 1 14 3 5 2 18 22 8 14 8 5 6 22 5 5 12 6 3 4 2 14 0 1 0 1 0 3 5 15 6 3 0 4 0 2 1 1 12 12 7 23 95 6 13 6 17 144 36 30 10 37 9 0 0 29 4 9 3 3 1 4 6 0 0 15 
1 6 0 0 0 0 0 0 1 2 0 1 3 1 1 1 3 3 0 0 0 0 0 4 1 0 0 1 1 4 4 2 12 4 1 2 1 2 8 5 4 5 18 19 11 16 11 6 5 38 7 5 7 14 6 1 3 16 0 1 0 1 5 2 7 9 2 4 2 2 1 2 2 1 14 11 5 10 76 27 3 7 14 99 25 44 8 37 12 0 0 44 6 14 8 3 2 7 5 0 0 13 
1 1 0 0 0 1 0 0 3 1 0 0 0 2 0 0 2 0 0 0 0 3 0 2 0 0 0 0 0 3 0 3 14 2 2 1 1 1 8 9 6 1 7 28 8 28 2 5 6 47 6 4 0 1 0 1 3 3 0 5 2 1 0 5 1 1 0 4 1 0 1 6 5 6 10 10 1 5 32 9 10 3 6 50 13 15 17 48 16 0 0 19 0 10 10 7 0 8 11 2 1 20 
1 0 2 0 1 0 0 0 1 1 1 1 0 0 0 2 0 0 0 0 0 1 0 1 0 0 0 2 6 1 4 0 8 0 0 0 1 1 2 6 4 0 13 13 4 17 10 2 4 40 4 4 15 3 3 2 4 1 0 9 1 5 2 1 3 5 3 0 1 0 4 3 5 5 9 10 1 14 71 19 12 2 3 111 55 27 7 58 11 0 0 29 10 8 3 3 1 11 3 4 0 14 
4 11 1 0 0 3 1 1 2 2 0 0 0 0 0 1 1 2 0 1 2 1 0 2 0 0 0 3 8 5 2 2 5 2 6 2 11 3 17 11 10 2 53 92 23 66 34 9 26 135 22 11 29 19 5 6 8 27 0 7 5 4 0 3 4 2 3 1 1 2 6 5 5 10 61 35 17 48 187 80 58 41 90 21 129 75 30 121 24 0 0 87 22 20 20 23 7 28 21 1 1 55 
2 6 2 0 0 0 2 1 3 2 1 0 0 0 0 0 0 0 0 0 0 0 0 0 0 0 0 1 1 3 1 2 7 0 2 1 2 0 4 10 4 1 26 43 18 38 22 5 7 35 1 3 10 4 0 2 5 5 0 5 2 1 0 1 3 2 1 2 0 3 2 1 0 2 19 6 2 11 68 31 42 5 35 122 2 53 17 47 19 0 0 58 5 17 8 14 0 12 7 1 0 32 
3 8 5 1 3 3 8 1 0 3 0 1 1 2 1 3 5 4 5 1 0 0 1 4 5 0 0 5 1 9 2 7 21 5 7 3 34 12 55 6 12 4 45 111 30 69 24 10 9 94 15 8 26 6 0 3 9 7 0 5 2 7 0 0 7 1 4 0 0 1 0 0 5 5 21 14 2 16 42 7 13 12 18 90 37 4 21 57 37 0 0 94 31 23 12 27 4 35 21 2 2 64 
2 4 4 1 1 0 0 4 1 2 1 4 2 3 2 1 2 4 4 1 1 0 0 1 0 0 0 0 1 12 7 7 18 5 11 4 23 12 26 14 17 3 51 58 14 52 18 11 2 54 3 5 4 5 2 1 2 3 0 2 4 0 0 4 3 2 1 2 0 0 0 2 10 6 3 6 1 7 40 10 15 12 20 56 27 18 8 20 33 0 0 79 4 18 14 10 3 11 8 0 0 49 
15 13 7 7 0 3 4 5 3 8 1 1 1 4 5 6 18 6 5 0 6 7 2 30 8 0 0 27 5 40 13 19 163 13 12 13 81 53 136 25 19 10 64 153 44 136 82 56 34 358 21 11 30 11 7 3 10 8 0 9 3 5 1 5 5 7 4 1 3 1 5 6 8 4 40 21 12 18 95 28 30 25 29 104 41 47 22 27 23 0 0 187 26 37 30 47 6 28 28 11 11 251 
3 5 2 1 0 2 4 1 2 0 0 0 0 2 2 4 5 6 4 2 1 2 1 8 1 0 0 7 4 11 6 10 38 8 18 9 38 20 53 19 19 4 67 71 20 39 21 8 9 71 11 1 13 1 0 2 0 3 0 3 2 2 0 0 3 5 3 0 0 1 2 3 2 2 8 6 0 8 16 19 14 14 2 38 11 45 18 33 5 0 0 64 19 15 10 13 5 7 6 2 1 64 
0 0 0 0 0 0 0 0 0 0 0 0 0 0 0 0 0 0 0 0 0 0 0 0 0 0 0 0 0 0 0 0 0 0 0 0 0 0 0 0 0 0 0 0 0 0 0 0 0 0 0 0 0 0 0 0 0 0 0 0 0 0 0 0 0 0 0 0 0 0 0 0 0 0 0 0 0 0 0 0 0 0 0 0 0 0 0 0 0 0 0 1 0 0 0 0 0 0 0 0 0 0 
0 0 0 0 0 0 0 0 0 0 0 0 0 0 0 0 0 0 0 0 0 0 0 0 0 0 0 0 0 0 0 0 0 0 0 0 0 0 0 0 0 0 0 0 0 0 0 0 0 0 0 0 0 0 0 0 0 0 0 0 0 0 0 0 0 0 0 0 0 0 0 0 0 0 0 0 0 0 0 0 0 0 0 0 0 0 0 0 0 0 0 0 0 0 0 0 0 0 0 0 0 0 
8 6 8 1 1 8 6 6 3 2 1 8 5 3 5 2 11 4 6 0 5 1 3 3 4 1 1 10 5 32 6 20 47 33 42 17 88 60 133 46 48 14 136 221 56 134 68 30 31 229 9 9 14 9 2 1 12 6 0 6 4 12 3 5 6 4 0 3 1 2 2 3 2 4 13 7 0 4 31 21 18 15 19 66 47 89 34 131 60 0 0 20 61 50 38 62 5 24 41 4 5 126 
0 3 4 0 0 0 0 1 0 1 1 0 2 4 1 4 2 1 2 0 0 0 0 1 1 0 0 5 0 2 1 2 7 7 8 3 28 12 22 8 16 4 38 56 23 49 27 6 9 37 1 2 4 0 0 0 0 0 0 5 2 2 0 1 0 2 1 0 0 0 0 0 1 0 6 2 0 1 9 8 4 4 3 21 7 38 16 27 14 0 0 50 3 6 9 3 1 8 6 0 1 28 
2 5 1 0 2 1 2 0 2 0 2 2 0 1 1 5 2 0 1 0 1 0 0 3 0 0 0 2 2 10 2 10 14 4 16 2 23 15 34 9 14 5 36 54 28 43 21 19 9 59 5 1 7 3 2 1 1 3 0 1 0 1 1 1 1 2 0 0 0 0 2 0 2 4 4 3 0 2 29 12 10 4 12 36 5 45 33 49 26 0 0 81 15 5 5 22 2 9 6 7 2 64 
0 2 3 0 0 0 1 1 0 0 0 3 1 1 0 1 1 0 0 0 1 0 0 2 1 0 0 4 1 6 3 3 13 1 5 5 11 2 12 2 9 3 26 39 8 30 20 8 5 47 3 1 4 3 3 1 2 2 0 2 0 0 0 1 0 0 0 0 0 0 0 0 0 2 8 0 0 5 14 9 6 11 6 22 12 23 11 42 6 0 0 41 5 5 4 7 0 7 8 0 3 48 
0 0 0 2 0 0 0 3 0 1 0 1 2 5 1 1 2 0 0 0 1 0 1 1 1 0 0 3 3 6 1 5 15 5 6 6 34 7 38 9 10 7 42 79 26 44 21 8 11 74 0 2 4 0 1 0 1 2 0 1 2 2 0 1 2 2 0 0 0 0 0 1 0 0 6 2 2 8 16 7 10 5 2 33 11 28 14 69 17 0 0 118 25 17 18 3 3 19 5 2 5 71 
0 0 0 0 0 0 0 0 0 0 0 0 0 0 0 0 0 0 0 0 0 0 0 0 0 0 0 0 0 0 0 1 1 1 3 0 3 2 7 1 1 2 5 13 3 18 5 0 0 11 1 4 0 0 0 0 0 0 0 0 0 1 0 0 0 0 0 0 0 0 0 1 1 0 3 1 0 0 2 4 0 0 0 3 11 2 1 10 1 0 0 13 0 1 2 1 3 0 0 0 0 5 
0 1 0 0 0 0 2 0 1 0 1 0 4 0 1 0 0 0 0 0 0 0 2 0 0 0 0 0 2 4 1 5 14 2 3 3 23 5 32 6 7 2 32 67 19 54 19 6 12 67 3 3 10 3 0 0 4 3 0 0 0 0 0 1 0 1 0 0 0 0 0 0 0 2 5 2 0 6 17 3 12 3 6 23 6 24 13 51 16 0 0 91 14 3 15 23 0 10 0 2 0 38 
0 4 6 0 0 0 0 0 0 0 0 0 0 0 2 1 4 0 0 0 0 0 0 2 1 0 0 1 0 13 4 3 6 1 3 4 31 7 23 6 6 1 24 40 15 53 26 4 3 63 3 0 3 1 1 0 0 2 0 0 0 0 0 0 1 0 0 0 0 0 0 0 0 0 5 6 1 2 16 5 2 9 8 16 6 16 9 41 7 0 0 69 7 8 9 6 2 3 6 3 3 25 
3 0 0 0 0 0 0 0 0 0 0 0 0 2 0 0 2 0 0 0 0 0 0 0 0 0 0 0 0 1 0 0 2 0 6 2 10 1 7 3 1 1 7 15 6 13 4 2 3 6 0 1 2 0 0 0 0 0 0 0 0 0 0 0 0 0 0 0 0 0 0 0 0 0 1 0 0 0 1 0 0 0 3 5 2 7 1 7 0 0 0 15 0 1 3 8 1 13 5 0 0 1 
0 0 1 0 0 0 1 1 0 0 0 0 1 1 2 0 0 0 0 0 0 0 0 0 0 0 0 0 0 0 1 0 1 0 1 1 3 4 3 2 1 0 5 15 2 6 6 1 0 11 1 0 0 2 1 0 0 0 0 0 0 0 0 0 0 0 0 0 0 0 0 0 0 0 1 1 0 0 7 1 3 0 0 1 2 7 2 13 1 0 0 9 4 1 4 3 0 1 2 3 1 3 
9 15 11 3 6 8 12 7 2 10 2 13 3 6 0 2 9 8 9 1 3 0 1 9 1 0 1 11 1 54 16 27 94 17 22 27 74 43 112 45 58 7 99 142 80 151 102 53 79 385 35 18 39 14 4 4 8 19 0 7 5 2 0 3 6 10 0 4 0 1 1 0 5 3 29 19 6 10 69 25 15 23 22 70 29 64 39 472 76 0 0 165 36 72 98 59 14 51 36 2 3 21 
