9 10 57 23 25 135 79 71 80 77 18 96 80 68 65 126 65 66 20 33 51 54 9 46 10 3 2 55 83 4 1 4 13 5 7 9 1 5 17 31 14 2 21 28 18 21 17 10 27 50 14 9 9 22 16 2 12 19 0 3 1 0 1 6 19 13 12 3 1 4 5 16 0 8 2 2 2 11 55 16 13 8 7 11 6 12 6 35 5 0 0 22 1 2 1 3 1 1 3 1 0 10 
16 11 25 17 15 115 96 52 83 32 38 138 121 83 105 99 79 70 82 36 59 48 17 50 12 0 0 31 94 3 2 5 20 3 6 3 5 23 23 34 18 2 18 4 16 8 10 20 7 72 13 5 11 3 7 3 5 15 0 2 2 1 4 8 20 21 9 20 4 3 15 13 2 5 3 3 1 10 55 7 7 15 7 11 4 5 6 27 15 0 0 7 1 5 3 1 0 0 1 0 0 13 
60 39 6 12 22 112 88 76 131 73 17 69 123 86 108 94 52 31 34 28 22 34 21 24 9 2 1 29 118 9 0 5 8 2 9 4 4 7 26 33 11 1 17 12 11 11 6 10 12 60 13 1 16 10 3 0 8 21 0 14 1 1 1 11 7 17 4 16 1 8 8 4 4 3 9 5 0 22 27 3 0 0 9 18 6 3 2 19 8 0 0 4 4 7 1 3 1 0 4 0 0 11 
12 13 23 2 4 34 7 25 7 15 9 8 6 4 6 23 5 1 1 0 4 0 16 7 1 0 0 4 25 1 0 1 0 0 3 0 0 0 7 2 1 0 2 0 0 2 3 0 1 9 1 0 1 0 2 1 1 3 0 1 0 0 0 0 1 0 0 0 0 0 0 1 1 1 1 0 0 0 5 0 0 0 0 0 0 0 0 3 1 0 0 2 0 1 0 0 0 0 0 0 0 0 
14 33 32 13 2 27 17 10 43 22 52 48 31 25 34 58 28 22 11 10 4 17 7 16 12 1 1 10 23 4 2 2 1 2 0 0 1 9 19 6 3 1 8 12 7 3 3 10 2 17 9 1 2 4 19 8 7 15 0 0 1 0 1 0 0 17 0 5 0 1 5 4 0 4 5 7 0 0 10 12 0 1 5 0 1 1 0 13 0 0 0 3 4 6 1 3 0 0 0 1 0 4 
41 65 42 16 14 5 15 30 72 45 28 103 137 145 56 157 93 69 140 27 36 47 16 88 26 3 3 34 83 13 5 8 11 5 5 2 2 11 31 51 30 1 10 13 24 13 15 28 32 59 15 17 21 13 7 5 15 21 0 8 2 3 2 8 40 16 15 34 7 2 28 12 6 7 15 1 0 15 51 17 15 2 14 17 6 3 3 34 5 0 0 8 0 5 2 4 0 11 1 0 0 3 
27 51 55 24 11 13 10 22 30 29 24 33 60 56 58 83 29 18 36 13 6 3 8 28 7 0 3 15 54 21 3 9 8 1 10 3 1 2 36 16 11 2 6 9 10 9 6 4 8 28 6 5 7 8 4 4 6 15 0 9 2 2 3 4 12 8 5 5 6 4 6 10 1 4 7 2 0 9 11 1 4 1 2 10 1 3 2 14 3 0 0 8 2 8 1 0 0 2 0 0 0 0 
42 103 40 35 6 27 22 10 16 34 21 101 72 72 53 141 53 37 39 26 12 27 15 20 12 1 1 23 50 16 2 8 10 2 6 0 0 5 33 40 7 0 11 5 14 8 7 9 20 44 7 5 15 7 5 4 8 29 0 2 1 1 1 4 13 6 6 16 1 7 16 8 1 1 7 1 0 5 27 5 1 1 4 2 3 1 0 11 4 0 0 4 0 0 2 3 0 1 6 0 0 1 
58 155 132 42 24 64 83 16 12 14 50 83 120 152 95 141 109 63 74 55 32 50 23 57 17 0 13 38 66 19 9 18 8 3 4 2 1 16 52 55 13 2 13 3 6 18 15 6 25 67 7 6 8 22 10 2 12 18 0 3 0 1 3 4 10 8 1 11 10 1 18 6 2 5 9 6 1 6 26 0 2 1 0 2 2 4 1 11 0 0 0 5 0 3 0 4 0 3 1 2 0 15 
18 34 55 4 17 31 26 22 10 5 11 35 41 69 39 95 46 68 25 17 19 21 18 47 16 1 2 28 11 7 3 1 4 0 1 3 0 9 25 25 6 1 6 2 5 7 2 11 4 29 14 3 9 10 12 1 11 9 0 2 1 0 2 1 5 4 5 7 4 10 18 6 2 18 8 7 2 7 22 3 2 2 2 6 3 0 2 10 4 0 0 5 0 1 5 2 0 1 0 0 0 2 
14 29 17 4 3 27 25 23 18 9 4 15 34 38 23 62 44 34 27 25 12 37 29 32 10 2 4 49 11 4 1 6 4 0 0 0 0 7 16 9 8 2 3 2 7 11 9 10 18 31 3 5 0 1 2 0 3 10 0 2 1 0 1 11 0 3 1 3 0 1 5 7 0 2 5 0 0 1 5 0 0 0 0 2 2 1 0 3 2 0 0 4 3 0 0 3 6 3 0 0 0 0 
53 117 67 15 20 86 145 79 89 49 16 8 37 65 41 163 108 84 90 101 74 102 80 138 35 4 0 102 34 25 1 11 20 2 5 1 2 9 45 32 14 14 9 9 21 31 14 38 32 95 9 18 21 13 6 4 16 44 0 18 5 0 2 1 5 15 0 17 10 2 14 11 3 21 14 12 2 4 40 2 1 1 1 0 0 2 1 4 5 0 0 5 1 6 2 5 0 6 16 0 0 8 
54 128 125 11 44 176 238 271 289 154 116 78 15 135 123 154 129 130 130 92 92 80 59 118 66 2 5 69 33 38 14 34 18 2 8 2 1 24 46 61 9 5 19 15 17 29 10 21 12 54 10 18 13 18 6 0 13 34 0 40 11 4 15 2 2 6 1 0 1 1 7 12 1 8 12 20 7 12 39 10 1 0 0 2 0 2 2 10 4 0 0 11 3 3 2 2 0 2 8 0 2 10 
131 215 205 44 46 276 307 208 256 201 82 128 88 16 22 185 228 229 212 208 242 217 188 319 103 21 26 260 70 22 0 4 22 1 2 1 2 16 32 64 56 6 9 12 13 20 10 8 29 64 18 23 49 46 26 12 17 50 0 27 6 1 11 0 1 0 0 0 0 0 4 2 2 1 30 18 1 16 95 20 3 0 1 2 0 0 3 4 2 0 0 6 3 6 3 1 0 5 5 3 1 6 
87 114 125 24 22 160 186 147 163 86 64 86 113 16 7 50 137 92 89 121 175 151 147 202 73 8 34 188 41 18 1 7 11 0 4 2 1 3 15 40 12 30 11 8 7 12 2 4 5 41 21 35 28 31 16 4 33 43 0 23 1 0 3 0 1 1 0 0 0 3 4 4 2 0 13 6 1 18 61 1 1 0 0 0 0 2 0 7 1 0 0 9 1 3 2 1 0 0 1 3 1 2 
87 155 88 42 30 121 147 177 187 145 76 124 169 83 27 32 134 215 181 198 293 195 274 434 93 15 23 259 37 76 27 75 49 36 41 22 37 13 32 102 46 5 29 20 23 44 20 10 34 111 18 25 30 24 18 4 35 40 0 18 5 2 2 8 10 3 5 1 7 2 18 37 3 7 23 15 2 8 65 3 12 0 1 2 0 7 8 26 8 0 0 23 2 5 2 9 1 10 2 0 0 16 
52 117 86 18 32 108 152 139 212 125 61 137 159 156 55 138 13 92 123 150 245 183 163 357 74 15 51 212 38 139 86 197 65 71 48 40 39 23 82 116 98 8 49 31 56 52 25 24 52 138 13 24 35 31 17 8 23 23 0 12 3 3 1 6 5 1 0 0 1 0 3 3 1 3 26 15 4 15 80 17 3 2 0 1 0 13 3 39 21 0 0 12 1 4 3 2 0 2 2 2 1 9 
34 65 82 12 21 99 77 68 85 117 89 162 172 151 73 275 106 11 106 118 273 130 216 266 101 31 24 211 16 120 51 102 72 43 61 35 24 35 94 97 80 7 43 49 66 63 32 48 54 194 27 9 25 18 3 3 23 37 0 15 1 5 4 16 4 1 0 0 1 0 1 2 1 2 14 3 1 23 69 8 8 1 1 4 5 24 14 56 44 0 0 32 8 1 0 3 0 2 0 0 1 6 
41 48 54 7 6 84 87 58 79 84 53 123 193 183 128 372 346 159 10 101 308 144 304 266 92 22 23 121 16 72 38 82 60 42 38 37 35 33 74 63 37 11 8 50 42 52 36 28 59 121 14 11 24 17 10 8 18 18 0 7 1 7 0 13 8 0 1 0 0 0 0 1 0 0 14 5 4 11 58 21 11 1 1 0 6 14 12 28 16 0 0 12 4 0 0 1 0 1 1 0 0 1 
15 19 22 10 6 15 28 18 30 28 15 33 65 50 44 100 82 41 35 8 13 17 102 147 60 34 46 162 12 22 6 17 15 4 14 6 12 13 39 23 14 5 4 3 13 17 4 4 9 24 0 0 7 2 2 2 1 5 0 5 0 2 0 1 0 0 0 0 0 0 0 0 0 1 3 4 0 0 13 4 2 0 0 0 0 0 0 8 2 0 0 3 0 0 0 0 0 1 1 0 0 1 
13 11 29 0 8 24 19 24 32 30 11 36 63 79 43 163 75 91 76 3 6 11 80 105 37 34 42 114 9 15 8 1 2 6 12 21 8 9 65 17 9 7 6 9 11 13 3 2 10 33 3 3 5 1 1 1 4 1 0 1 0 0 0 0 0 0 0 0 0 0 0 0 0 0 1 0 0 0 7 2 4 0 0 0 0 2 3 6 3 0 0 2 0 0 0 2 0 0 0 0 0 3 
16 15 15 6 1 15 8 17 36 25 13 30 35 74 48 125 62 41 32 10 12 5 49 74 25 24 35 120 7 3 3 5 11 2 3 3 12 4 26 7 2 1 3 4 6 4 4 3 4 21 2 1 3 3 0 2 0 0 0 2 0 0 1 0 1 0 0 0 0 0 0 0 0 0 0 0 0 12 8 5 0 0 0 0 1 1 0 4 4 0 0 2 0 0 0 0 0 0 0 0 0 0 
11 8 12 3 2 14 8 13 9 10 7 14 37 40 54 146 39 45 43 29 51 41 2 19 11 6 20 132 0 14 4 0 10 1 11 3 8 10 23 11 9 0 2 8 9 9 3 2 2 22 3 0 2 2 1 0 1 3 0 0 1 0 0 0 0 0 0 0 0 0 0 0 0 0 2 4 1 6 7 2 0 0 0 0 0 1 0 4 0 0 0 2 0 0 0 0 0 0 0 0 0 1 
12 24 18 4 9 26 21 18 13 38 13 47 66 41 46 187 119 80 59 25 55 21 13 10 11 59 151 124 5 5 2 7 20 9 6 16 18 20 41 24 8 1 7 8 15 9 7 11 11 51 9 1 7 4 3 1 14 5 0 0 0 1 0 1 2 0 0 0 0 0 0 0 0 1 10 2 0 2 27 2 1 0 3 1 1 3 1 19 8 0 0 2 2 1 1 1 1 1 0 0 0 0 
24 29 13 3 13 38 24 26 24 47 17 37 86 61 52 150 53 48 83 30 39 31 23 9 5 1 26 140 4 13 7 16 28 5 8 8 10 8 36 28 24 1 12 20 27 23 17 7 26 118 12 8 22 16 1 1 2 5 0 0 0 2 0 0 1 0 0 0 0 0 0 1 0 0 10 6 0 7 31 4 3 1 0 3 2 4 0 46 4 0 0 1 2 0 0 2 0 1 0 0 0 6 
1 3 7 1 2 0 5 2 0 4 2 2 2 4 12 15 9 12 10 9 18 12 17 29 6 0 4 23 0 4 0 2 0 2 0 0 0 4 4 2 0 1 2 1 1 1 1 0 1 2 0 0 0 1 0 0 3 0 0 0 0 1 0 0 0 0 0 0 0 0 0 0 0 0 0 0 0 0 8 0 0 0 0 0 0 0 0 3 0 0 0 3 0 0 0 0 0 0 0 0 0 0 
0 0 0 0 1 2 2 0 1 3 0 3 1 2 5 16 3 1 6 5 16 7 4 22 4 2 2 16 0 0 0 0 0 0 0 1 0 0 1 0 2 0 0 0 3 2 0 1 1 2 0 0 0 0 0 0 0 0 0 1 0 0 0 0 0 0 0 0 0 0 0 0 0 0 0 0 0 0 1 0 0 0 0 0 0 0 0 2 0 0 0 1 0 1 0 1 0 0 0 0 0 0 
21 41 26 6 15 31 15 29 19 43 26 77 108 155 121 287 92 98 75 105 119 102 127 172 82 30 79 14 1 8 3 14 19 7 24 5 11 27 77 59 51 8 17 32 32 27 21 22 10 85 10 4 13 3 7 2 12 13 0 2 0 1 1 5 0 0 0 0 0 0 2 0 0 0 4 8 0 6 27 3 1 1 0 2 0 6 6 35 4 0 0 18 1 0 0 2 2 0 1 0 0 1 
123 129 170 33 30 133 88 82 99 63 41 61 59 70 57 87 44 52 37 26 17 40 17 28 12 0 1 21 3 13 6 7 8 4 17 5 3 12 18 37 28 9 9 6 14 15 9 7 26 57 12 3 17 11 10 5 10 20 0 6 1 2 4 10 16 12 2 5 2 2 8 8 10 4 2 1 1 10 32 8 10 3 0 3 2 9 4 26 5 0 0 19 2 3 2 5 1 1 0 4 1 6 
2 5 2 1 4 0 8 1 8 3 7 16 27 4 4 40 41 38 19 10 8 12 5 18 13 1 2 2 3 40 160 234 338 101 203 179 287 215 330 253 148 29 68 80 129 80 63 49 63 288 12 8 25 14 10 3 15 15 0 8 5 4 6 12 39 74 38 26 17 30 19 9 1 1 9 6 3 7 50 7 7 6 6 9 16 19 9 87 34 0 0 52 10 13 19 11 3 13 16 4 3 23 
0 4 0 3 0 5 4 1 3 4 11 2 5 4 2 9 21 18 9 3 5 5 4 8 6 0 1 1 1 190 8 132 120 50 72 74 137 83 121 91 29 4 23 22 23 36 19 31 16 75 2 2 3 7 5 0 3 14 0 6 0 2 3 4 34 23 14 11 5 5 7 11 2 0 2 2 0 1 21 4 0 4 4 2 3 4 5 24 9 0 0 21 1 7 8 2 0 5 1 2 1 7 
0 9 5 2 1 2 12 12 13 2 8 11 14 1 12 28 74 38 29 19 3 5 6 9 5 1 2 7 5 450 306 15 163 141 176 144 329 310 345 282 170 29 121 97 132 99 74 74 64 299 18 8 46 24 11 3 31 32 0 23 8 4 10 40 59 92 40 39 13 47 29 18 0 0 3 7 1 18 55 20 12 4 6 10 9 25 17 91 46 0 0 53 20 45 33 30 2 19 7 2 2 11 
38 43 24 5 10 18 37 19 24 17 7 17 35 4 22 83 180 90 57 32 37 23 39 84 55 0 1 74 7 979 412 406 29 100 243 253 409 384 586 424 290 47 255 161 278 245 230 166 225 1185 68 57 127 47 28 25 74 70 0 36 13 5 6 22 66 107 42 75 21 50 84 95 15 16 52 25 5 27 179 28 20 13 25 13 13 26 29 297 87 0 0 97 38 58 41 72 4 38 20 7 3 45 
9 20 17 17 21 17 16 7 6 11 7 2 5 3 8 28 52 45 21 6 8 7 17 13 23 1 4 7 8 489 161 202 84 7 68 44 146 179 209 222 114 15 63 92 83 85 60 52 96 171 11 25 34 15 12 1 24 22 0 6 9 2 6 2 22 40 10 56 28 35 61 129 10 15 21 5 0 12 56 13 7 0 8 6 3 10 9 57 26 0 0 40 9 30 7 21 2 21 12 8 3 14 
9 25 30 0 3 8 16 15 13 6 4 7 31 2 10 55 110 75 66 44 54 44 35 118 26 5 4 40 9 942 426 700 267 78 17 47 290 270 430 656 209 44 185 187 179 193 94 153 139 434 33 45 35 51 19 1 56 73 0 19 21 3 15 26 21 96 42 69 42 93 137 143 34 24 34 19 3 19 143 23 8 7 8 5 4 43 16 87 69 0 0 132 47 64 26 94 8 35 39 12 2 22 
4 3 4 0 3 2 0 2 1 2 1 7 1 2 4 36 47 39 33 13 6 22 14 26 12 0 4 18 3 532 348 309 179 63 56 14 161 162 238 183 109 7 57 55 60 82 44 68 45 231 8 9 19 12 4 3 11 11 0 1 2 3 16 12 11 29 23 25 27 17 29 61 28 7 5 0 2 2 13 10 3 1 1 0 0 11 2 43 21 0 0 50 13 16 9 19 0 10 12 6 1 17 
14 8 5 1 1 5 4 5 1 11 2 2 3 0 3 58 41 42 34 23 51 29 17 70 18 3 3 19 6 1125 492 777 420 196 220 330 29 200 641 857 360 63 181 217 288 312 179 167 197 710 18 23 50 23 4 2 15 24 0 2 2 2 30 72 51 71 36 82 28 28 143 126 24 13 18 10 3 3 41 6 13 1 2 8 1 32 33 192 78 0 0 129 69 71 49 81 11 79 46 21 6 61 
14 16 11 1 2 12 17 18 20 12 3 7 16 7 10 9 27 27 34 32 18 20 13 59 13 4 5 57 5 486 155 592 202 144 166 91 115 21 176 498 244 38 206 195 193 157 117 120 105 453 8 4 11 10 4 0 2 12 0 3 2 3 18 30 38 14 17 7 10 21 30 63 10 11 4 3 1 6 20 0 2 1 4 3 4 67 18 95 41 0 0 65 35 29 6 59 2 33 33 8 3 25 
31 68 26 12 20 44 44 48 75 79 47 64 51 24 16 17 92 105 69 65 111 66 86 120 34 5 7 97 24 594 204 624 347 247 233 179 461 165 50 979 493 81 212 305 259 283 191 186 189 790 22 12 69 24 7 1 29 50 0 12 10 5 20 57 69 75 28 60 24 24 75 88 25 23 17 25 2 23 71 19 7 13 8 24 9 57 52 279 91 0 0 205 63 65 33 76 13 56 51 27 8 96 
14 35 37 2 6 29 45 36 47 41 10 51 45 28 10 51 95 84 27 33 37 21 21 54 31 2 5 50 12 233 99 206 184 133 177 124 343 315 707 18 59 37 128 201 260 229 190 181 227 707 31 7 16 17 10 2 6 14 0 9 8 8 9 38 37 13 10 19 4 6 29 24 5 6 8 23 2 20 63 17 24 8 28 20 23 10 18 75 86 0 0 80 16 29 19 91 1 17 8 11 2 62 
11 23 24 3 4 26 23 27 29 32 21 14 21 28 10 30 63 47 29 18 43 19 16 67 21 2 1 51 1 246 65 229 158 119 77 70 199 229 500 111 20 33 77 171 169 227 158 286 190 680 19 8 17 6 8 5 6 15 0 1 1 2 7 25 40 19 7 8 1 3 14 29 7 8 23 11 11 10 21 16 9 22 13 20 20 37 51 44 82 0 0 97 37 48 55 82 13 40 26 42 9 58 
3 6 6 0 1 0 3 0 6 7 12 14 1 2 4 5 9 8 7 1 1 4 3 3 4 0 0 7 3 27 10 21 20 9 10 10 66 30 85 43 25 5 21 63 71 87 50 39 69 118 0 9 1 2 1 0 2 1 0 0 0 2 2 0 5 2 0 1 0 3 5 8 1 0 4 3 0 4 3 5 6 3 6 9 12 34 43 38 26 0 0 15 4 10 5 17 1 6 6 2 0 7 
18 24 49 5 10 17 30 42 42 18 24 15 24 13 25 17 103 56 42 20 41 39 19 64 16 0 4 29 19 224 109 183 209 139 113 59 241 294 368 351 197 62 31 178 244 348 193 525 472 1122 19 38 28 29 12 3 26 58 0 15 7 3 14 24 33 37 9 37 6 4 28 56 6 3 75 33 5 45 100 150 89 98 88 250 154 239 151 390 284 0 0 194 121 216 169 413 41 209 184 49 25 156 
26 28 19 7 3 15 36 23 23 14 13 12 20 7 5 35 72 69 30 17 28 20 44 57 16 1 2 50 4 263 60 193 105 92 96 63 175 294 429 369 186 86 90 25 196 481 228 374 575 1223 25 12 50 23 11 8 43 30 0 15 3 9 0 20 32 30 11 19 4 5 16 29 4 7 29 39 4 24 121 68 109 45 69 150 111 219 160 263 133 0 0 382 184 243 178 399 69 257 155 44 32 226 
11 25 12 3 2 20 21 9 8 13 12 12 23 9 8 14 61 35 48 15 14 13 10 35 10 1 6 40 10 125 48 108 107 55 53 54 139 166 233 202 118 43 94 279 18 240 156 215 294 590 18 6 14 9 1 2 2 9 0 6 4 3 1 5 20 19 9 13 1 2 7 24 5 8 13 20 2 20 41 21 28 23 23 57 49 101 48 104 36 0 0 95 41 88 20 100 19 77 69 28 11 58 
19 35 21 10 16 23 21 25 29 28 34 17 46 19 23 37 63 47 21 29 33 25 19 71 11 7 4 41 6 181 53 181 184 58 124 78 209 190 345 493 286 66 192 428 287 31 195 775 882 1664 28 28 29 16 4 6 23 15 0 13 0 1 8 19 14 29 7 14 2 11 16 41 5 11 38 46 1 38 95 66 43 46 59 103 118 178 135 361 152 0 0 258 57 219 131 171 22 175 106 32 20 154 
13 20 20 2 4 19 20 20 30 13 8 23 24 8 9 30 48 27 24 14 28 22 9 32 9 2 5 29 4 165 45 137 138 48 79 58 165 171 255 362 197 49 146 280 207 304 24 336 532 923 14 8 28 21 8 1 15 15 0 5 4 2 4 9 15 30 6 14 4 1 17 7 10 0 13 28 9 25 51 27 38 28 58 82 70 171 62 198 92 0 0 159 55 121 79 91 13 83 96 20 3 65 
9 4 13 1 0 5 6 6 3 7 4 25 11 4 4 6 16 5 6 5 5 5 4 12 4 4 0 13 2 22 7 41 70 29 13 11 64 41 81 98 127 19 83 155 98 269 91 11 179 570 14 9 10 8 3 1 1 14 0 1 0 0 0 2 14 4 5 3 1 4 5 7 0 0 17 8 2 5 17 2 10 4 3 19 25 81 27 118 30 0 0 55 30 26 24 60 12 16 25 7 10 39 
6 18 8 1 0 2 11 2 8 17 7 12 13 1 5 5 12 10 12 6 17 3 17 17 4 0 1 16 1 76 13 29 81 34 20 14 71 51 107 113 58 15 77 144 95 274 247 247 23 663 12 3 9 5 0 1 3 12 0 2 1 1 3 7 10 16 10 4 2 2 6 6 3 0 13 15 4 6 25 13 15 5 5 32 19 23 17 134 19 0 0 114 22 36 33 25 7 62 41 15 3 47 
51 57 44 14 21 29 52 40 34 56 27 46 39 34 14 34 104 112 59 36 51 42 47 105 38 1 6 126 10 383 115 259 466 124 163 114 310 371 607 553 414 47 261 617 420 707 369 743 909 48 36 27 63 23 5 16 19 43 0 12 13 3 3 48 52 62 15 26 10 14 54 47 17 7 57 44 4 45 122 95 78 87 72 170 75 177 117 690 113 0 0 254 57 137 148 113 30 205 163 37 21 183 
15 19 22 2 5 13 26 17 24 26 3 18 43 31 15 27 23 13 16 27 1 8 8 22 26 0 3 16 6 33 23 46 51 29 20 11 10 5 24 28 7 2 22 22 11 11 11 13 28 74 2 36 148 160 61 46 79 131 0 120 14 6 23 38 44 67 47 63 13 54 38 29 30 38 21 20 7 28 236 33 51 15 39 50 54 29 19 84 24 0 0 17 9 21 4 5 5 14 17 2 2 17 
7 8 7 0 0 7 7 8 2 10 6 9 16 14 5 19 14 6 3 4 0 0 9 9 1 1 0 8 2 20 3 14 29 9 12 11 13 4 16 14 3 0 9 16 6 7 2 7 4 37 14 8 94 127 106 32 39 63 0 33 15 0 5 43 29 39 8 23 1 20 14 8 17 8 18 12 4 19 142 9 30 1 11 29 10 12 9 52 5 0 0 14 1 6 4 5 6 9 9 1 1 19 
6 18 16 1 10 21 23 11 16 7 3 23 20 25 19 29 15 6 6 4 4 1 4 18 14 0 7 25 0 35 12 22 29 11 18 14 10 8 34 23 14 2 12 9 19 13 22 23 16 74 65 46 8 54 35 14 53 66 0 66 15 2 21 57 46 53 28 36 12 49 24 24 18 34 31 17 5 26 228 32 17 3 13 51 36 35 21 89 18 0 0 18 12 13 6 10 4 11 10 4 3 21 
3 14 6 0 0 7 11 6 7 7 6 2 5 9 6 8 14 3 3 6 2 0 7 8 1 0 0 12 0 17 3 10 17 15 17 6 7 2 10 5 1 1 4 14 2 7 12 10 4 22 64 32 35 3 55 14 13 27 0 28 7 1 8 13 20 22 5 13 7 14 25 17 5 13 6 4 14 26 94 14 18 0 9 24 10 9 3 23 9 0 0 12 1 4 2 3 0 7 5 2 0 4 
4 3 5 0 2 3 5 12 7 11 12 3 4 1 6 17 7 6 2 2 0 0 6 3 2 0 1 6 0 11 0 10 24 8 1 2 6 0 4 6 1 0 5 5 1 4 6 5 9 18 30 16 38 27 2 1 16 33 0 51 11 0 3 17 12 15 1 28 1 15 11 20 4 18 10 20 1 23 109 25 9 0 12 13 3 6 2 23 2 0 0 11 1 3 5 2 0 2 10 2 0 6 
3 13 12 3 3 6 9 9 10 19 0 1 5 9 5 4 4 3 1 3 2 9 4 5 0 0 2 4 3 9 4 15 6 9 9 2 7 2 12 9 1 0 4 7 3 13 6 7 2 24 23 11 30 33 6 6 14 52 0 34 12 4 4 14 10 30 8 13 1 11 18 6 6 19 14 25 10 12 108 14 7 0 7 21 9 10 4 19 2 0 0 2 1 7 2 3 1 5 6 2 0 7 
14 12 12 0 3 15 9 12 10 5 24 6 16 10 11 23 9 14 7 1 6 2 5 21 4 0 1 10 2 31 10 28 19 4 6 1 2 1 29 6 5 3 7 17 16 20 0 8 10 23 72 52 52 63 45 15 5 19 0 58 17 2 6 37 25 45 11 39 11 26 16 13 10 15 39 27 3 32 161 25 17 6 29 42 29 40 5 32 19 0 0 3 5 4 5 4 0 1 2 1 2 9 
20 20 6 4 13 15 18 9 10 9 7 23 17 30 16 19 12 11 9 9 2 1 9 15 6 0 2 14 5 27 14 31 26 14 9 9 6 3 14 27 12 2 13 10 7 16 12 8 6 28 87 48 84 69 28 41 19 8 0 54 13 5 17 39 27 26 9 41 11 17 30 23 8 15 80 56 17 63 180 26 17 11 23 47 25 25 16 32 14 0 0 17 5 10 9 3 2 13 7 12 0 11 
0 0 0 0 0 0 0 0 0 0 0 0 0 0 0 0 0 0 0 0 0 0 0 0 0 0 0 0 0 0 0 0 0 0 0 0 0 0 0 0 0 0 0 0 0 0 0 0 0 0 0 0 0 0 0 0 0 0 0 0 0 0 0 0 0 0 0 0 0 0 0 0 0 0 0 0 0 0 0 0 0 0 0 0 0 0 0 0 0 0 0 0 0 0 0 0 0 0 0 0 0 0 
12 14 9 5 2 12 15 4 4 3 7 10 22 28 12 57 33 14 22 7 13 14 12 29 7 0 2 16 9 35 14 36 21 17 8 0 2 5 17 7 5 0 11 8 4 8 5 5 7 14 42 32 43 111 46 21 47 70 0 2 7 4 14 34 63 53 28 41 18 39 34 58 21 38 31 31 3 42 109 12 15 14 32 22 17 33 13 41 7 0 0 13 4 10 1 10 1 3 3 1 0 10 
5 7 2 1 7 4 10 3 3 1 1 4 10 6 11 8 11 4 2 0 0 0 6 3 4 0 0 1 3 16 13 12 7 5 2 6 4 3 11 14 5 8 9 9 3 7 4 16 18 27 23 13 31 34 25 9 26 46 0 26 2 8 13 18 29 40 24 70 4 36 44 62 23 27 19 27 11 9 71 7 6 10 3 13 10 15 10 30 7 0 0 5 6 2 0 9 1 2 15 0 0 8 
13 80 47 6 6 45 80 39 22 28 32 55 84 32 43 30 42 22 13 8 2 1 9 22 8 0 5 11 18 265 136 172 69 88 92 73 115 122 188 138 55 6 41 43 46 67 34 30 49 139 40 35 30 69 23 28 72 121 0 134 47 7 5 168 171 274 57 163 79 239 132 157 58 66 27 34 0 65 273 35 70 48 57 125 43 65 50 120 48 0 0 22 19 23 12 42 1 18 7 7 2 5 
5 10 7 4 0 18 13 12 4 5 4 1 6 0 1 2 3 4 2 0 0 2 0 2 0 0 0 1 0 6 8 3 5 4 4 2 7 5 8 12 6 0 4 1 3 2 2 6 0 11 13 9 16 24 2 2 18 23 0 18 10 2 2 10 41 38 22 40 9 37 70 48 10 7 14 8 2 17 53 9 28 14 15 2 12 3 9 4 4 0 0 2 1 2 0 2 1 0 0 0 0 1 
14 16 13 1 0 18 31 27 7 4 6 4 3 0 1 2 10 7 6 2 0 0 2 10 0 0 2 7 9 55 23 21 8 4 17 14 28 25 53 33 26 8 15 17 28 15 8 10 24 85 29 34 41 93 27 9 59 44 0 55 8 11 9 1 33 93 36 78 25 100 79 140 32 38 35 22 2 41 130 27 36 26 14 12 7 23 5 9 8 0 0 8 4 2 3 6 1 2 2 1 0 2 
18 25 21 2 8 14 34 34 26 14 13 14 14 2 3 1 10 3 4 0 0 1 0 3 1 0 0 0 10 106 95 60 34 21 14 12 53 23 70 65 46 6 27 8 24 26 24 4 20 50 20 27 52 49 23 5 57 75 0 80 23 5 27 25 2 75 69 126 81 171 231 292 77 85 33 17 0 22 99 38 24 7 13 20 9 24 17 17 16 0 0 17 4 2 0 2 0 2 2 0 2 1 
19 36 33 3 10 38 65 25 49 24 14 26 7 4 2 3 0 2 1 0 0 1 0 1 0 0 0 2 6 200 168 214 106 67 86 55 69 30 76 52 29 9 15 29 54 42 25 31 42 140 50 65 83 96 19 19 74 92 0 122 73 20 68 142 90 21 24 190 149 234 376 457 167 158 27 44 2 42 223 48 24 23 28 39 36 31 24 45 37 0 0 22 1 6 0 6 1 3 1 0 0 6 
7 3 4 2 0 5 5 6 3 6 2 1 4 0 0 3 0 0 0 0 0 0 0 1 0 0 0 0 1 30 20 31 6 15 18 10 17 6 23 8 2 1 5 4 16 11 3 8 7 16 4 6 21 23 3 3 21 8 0 38 4 6 12 26 53 12 2 10 22 67 90 140 37 23 2 2 2 6 47 9 11 6 7 6 6 11 5 6 2 0 0 2 0 0 0 0 0 0 0 0 0 1 
17 10 11 0 0 19 12 19 7 5 5 4 17 3 0 3 2 0 0 0 0 0 1 0 0 0 0 0 3 38 30 28 22 22 14 9 20 36 46 7 2 0 2 12 11 25 8 6 14 37 16 9 42 35 16 11 14 30 0 33 40 4 14 31 79 61 12 5 31 55 180 177 41 57 14 12 6 17 101 28 21 10 10 6 15 16 19 22 0 0 0 4 0 0 0 1 0 0 0 0 0 2 
4 1 3 0 0 5 15 1 5 7 1 4 3 0 0 2 2 1 0 0 0 0 0 0 0 0 0 0 3 36 14 28 14 14 22 8 33 8 22 5 14 1 0 6 14 9 5 7 2 19 5 6 10 11 3 3 13 3 0 20 9 2 5 21 42 94 34 30 2 7 65 130 26 27 15 7 0 4 37 3 4 10 6 22 16 6 4 10 1 0 0 2 0 0 0 0 0 0 0 0 0 4 
1 3 2 0 3 2 4 2 6 9 6 3 1 0 0 2 0 0 0 0 0 0 0 0 0 0 0 1 2 15 16 9 8 26 15 6 7 3 10 5 5 0 2 2 1 3 1 2 2 8 10 4 33 22 9 2 25 14 0 12 7 4 10 25 65 43 34 35 10 7 68 103 33 62 5 3 0 12 63 14 7 4 4 1 3 2 1 8 3 0 0 0 0 0 0 0 0 0 2 0 0 0 
7 6 4 0 0 16 6 1 2 4 1 16 0 5 2 1 0 0 0 0 0 0 0 0 0 0 0 0 10 12 15 4 22 13 32 7 27 16 40 9 9 1 4 3 4 7 2 10 7 17 9 3 6 6 5 10 12 8 0 34 10 4 1 26 81 124 24 33 15 24 5 65 28 61 6 7 2 11 42 8 8 3 4 8 7 1 0 10 0 0 0 2 0 0 3 0 0 0 1 0 0 1 
3 4 6 1 5 11 9 7 10 5 6 7 5 2 1 2 1 1 0 0 0 0 0 0 0 0 0 0 2 21 3 14 31 21 20 10 21 16 31 9 7 0 8 4 8 13 2 5 5 22 7 9 22 8 3 1 16 7 0 35 14 11 7 26 45 76 39 81 27 48 75 8 40 46 4 8 0 5 29 4 16 0 6 4 3 9 7 20 7 0 0 6 0 0 0 0 0 0 0 0 0 0 
6 10 3 2 1 14 5 19 22 7 3 7 1 5 3 1 0 1 0 0 1 0 0 0 0 0 0 0 2 6 11 1 13 22 27 14 18 5 40 14 12 11 5 7 7 5 4 8 18 42 22 9 22 22 17 4 28 30 0 39 15 1 15 51 50 93 76 63 21 121 120 135 2 47 2 7 3 20 65 13 17 3 10 22 9 9 5 13 3 0 0 2 0 4 0 1 0 1 1 0 1 4 
9 16 14 6 4 28 11 20 24 16 7 7 10 4 3 7 2 1 0 1 0 0 0 1 1 0 0 0 1 2 2 17 18 40 32 21 29 46 79 34 14 8 12 20 14 26 11 24 17 96 25 9 34 24 13 14 23 22 0 63 50 1 21 61 107 138 20 202 52 413 277 292 56 3 34 31 1 21 132 11 19 4 15 17 12 6 3 37 6 0 0 12 0 1 1 1 1 2 1 0 0 1 
1 4 1 0 3 6 2 1 3 4 2 7 2 4 8 22 8 3 3 4 2 1 2 22 1 0 0 8 2 8 5 9 12 8 2 3 4 2 14 11 8 0 14 15 4 8 11 8 7 62 9 8 17 17 8 1 25 40 0 26 5 0 2 12 16 13 3 17 1 7 8 8 2 5 3 26 3 78 189 46 46 13 34 73 21 30 23 117 16 0 0 9 5 28 11 7 1 15 14 2 1 18 
2 10 1 1 2 3 1 16 1 8 3 3 9 5 10 28 12 3 6 2 4 10 1 15 2 0 1 5 0 7 1 21 8 4 7 1 6 3 5 8 5 1 11 30 13 6 8 3 4 68 46 15 25 29 26 29 46 70 0 26 9 2 0 20 16 18 4 8 4 16 18 7 5 5 33 6 25 84 276 79 79 43 79 115 57 38 16 86 36 0 0 8 7 16 5 13 7 13 19 6 7 5 
0 3 0 3 0 0 2 1 2 0 0 0 0 0 3 3 0 1 0 0 0 0 0 0 0 0 0 0 0 3 2 2 0 0 0 0 0 1 0 1 2 0 1 3 4 3 2 4 3 13 2 7 2 4 1 0 3 9 0 4 2 0 0 0 3 4 0 0 2 1 1 0 0 2 7 13 2 24 57 5 7 5 22 18 20 1 1 15 3 0 0 0 0 3 2 1 1 4 6 0 0 3 
2 1 1 0 4 2 1 0 2 4 0 3 0 1 2 3 7 1 4 2 1 0 1 3 0 0 0 18 0 9 3 0 3 7 2 1 3 0 13 0 3 0 4 5 6 4 6 10 6 19 1 5 11 10 8 8 9 21 0 10 0 0 1 21 7 9 5 1 0 1 8 3 4 8 16 33 18 7 78 16 18 9 28 95 29 12 19 65 8 0 0 11 4 9 7 5 5 9 11 1 0 7 
19 26 19 9 8 17 26 24 23 26 9 11 36 23 29 61 39 14 15 14 4 4 10 22 4 0 3 34 16 69 25 44 45 30 34 8 16 6 32 28 4 2 19 57 37 33 19 22 28 104 112 86 255 156 128 85 122 189 0 89 12 12 12 66 88 98 28 58 16 46 49 72 42 61 366 262 70 119 25 91 161 37 130 288 133 73 61 183 23 0 0 47 17 57 31 15 5 41 25 11 2 29 
1 3 7 0 1 4 3 3 0 4 4 6 5 4 1 5 11 4 2 1 0 2 0 5 2 0 0 6 0 9 4 14 17 1 9 1 2 4 11 4 5 1 25 20 13 30 11 16 17 41 20 15 12 26 13 8 18 32 0 7 2 5 17 12 18 16 4 13 3 6 4 11 9 10 145 89 47 90 153 8 39 16 59 137 89 33 35 77 23 0 0 18 6 17 18 24 8 16 23 2 4 18 
7 2 2 0 1 4 3 1 0 2 1 0 1 4 1 2 5 4 2 1 0 2 0 2 0 0 0 2 3 9 3 13 4 0 2 1 0 0 6 7 14 6 15 32 14 28 11 5 7 46 6 6 13 13 7 3 7 17 0 9 0 1 1 7 15 11 1 9 3 28 7 17 6 7 42 25 4 40 123 9 3 3 28 84 58 23 22 84 25 0 0 32 3 5 17 13 4 12 16 0 0 23 
1 10 5 0 1 1 1 0 4 4 7 0 0 0 1 1 1 0 0 8 0 0 1 1 1 0 0 3 0 5 0 4 6 4 0 1 0 1 9 10 10 7 19 33 16 18 7 14 18 93 8 7 10 14 7 0 4 15 0 6 0 6 2 6 6 9 4 5 0 8 5 7 1 9 38 49 3 24 103 72 25 1 12 92 76 62 22 136 25 0 0 24 17 30 11 19 14 42 42 5 4 28 
3 3 1 4 0 0 0 0 2 1 0 0 1 0 0 2 1 1 1 0 1 0 0 0 1 0 0 2 4 6 8 4 1 0 2 0 1 1 3 7 3 3 13 18 17 9 11 22 17 43 16 2 15 11 9 15 22 19 0 2 0 1 0 6 4 0 4 1 3 1 1 3 2 8 32 37 11 29 79 46 44 5 4 122 60 23 19 65 12 0 0 22 10 16 7 14 2 32 21 3 2 11 
5 11 13 1 2 12 4 13 5 9 4 1 0 1 0 1 7 2 3 3 2 0 0 3 2 0 0 7 7 16 10 17 2 12 3 1 7 4 33 30 24 11 82 107 32 79 48 64 80 217 39 43 71 83 49 31 87 136 0 13 6 4 1 2 7 16 7 21 8 2 17 36 7 17 240 141 36 258 432 428 351 134 421 28 301 126 111 302 90 0 0 90 32 103 56 70 9 77 64 36 6 51 
3 4 2 0 0 6 1 1 2 4 1 0 0 0 0 1 0 0 0 0 2 0 0 1 0 0 0 0 3 4 2 4 4 0 1 0 2 1 3 22 4 4 27 43 13 28 15 22 27 56 8 5 24 13 7 3 16 27 0 6 6 0 1 0 1 1 1 5 1 1 7 5 2 4 26 40 8 61 106 106 86 32 72 196 12 75 36 68 38 0 0 53 13 31 14 12 7 21 10 6 2 20 
9 17 6 3 0 8 3 2 7 4 1 3 0 0 0 4 8 2 9 4 4 0 11 4 6 1 2 11 4 28 12 16 28 12 10 4 28 27 54 9 25 27 90 154 103 87 74 89 82 223 29 17 47 15 19 7 26 39 0 14 5 7 1 3 21 29 3 10 3 5 3 7 5 4 43 42 4 25 86 57 84 47 80 165 138 11 28 121 78 0 0 175 64 104 62 103 39 68 67 27 12 64 
6 6 4 0 0 1 2 4 1 4 2 0 1 0 0 2 11 8 6 0 1 3 1 1 2 0 0 6 2 30 7 18 20 5 8 7 12 29 49 39 23 3 71 115 32 73 39 77 57 129 14 6 15 2 4 2 19 10 0 5 3 0 1 3 11 4 4 1 1 2 5 3 0 1 30 17 3 32 57 21 28 12 25 94 66 34 8 60 57 0 0 103 35 56 58 55 24 79 40 3 4 46 
15 19 18 4 2 11 8 3 9 13 2 5 7 3 6 5 19 31 9 2 14 9 3 21 10 0 2 27 2 71 9 45 117 19 30 17 50 57 140 32 27 14 88 124 47 104 74 99 119 397 18 12 42 23 16 4 24 10 0 11 4 1 3 8 17 4 4 4 0 3 1 11 2 11 51 48 4 51 100 54 48 29 50 128 81 43 39 14 24 0 0 176 45 100 81 98 31 73 83 36 16 157 
6 7 4 0 1 3 11 3 3 0 5 8 6 2 2 7 7 7 6 2 12 8 3 6 1 0 0 3 1 48 20 19 33 38 19 12 27 40 74 59 30 15 52 123 14 67 31 57 72 126 7 0 28 14 3 0 11 11 0 8 2 1 1 5 4 4 7 1 0 2 3 1 1 0 34 35 1 18 51 23 25 33 46 64 67 109 46 75 6 0 0 104 27 83 43 93 20 55 43 12 4 62 
0 0 0 0 0 0 0 0 0 0 0 0 0 0 0 0 0 0 0 0 0 0 0 0 0 0 0 0 0 0 0 0 0 0 0 0 0 0 0 0 0 0 0 0 0 0 0 0 0 0 0 0 0 0 0 0 0 0 0 0 0 0 0 0 0 0 0 0 0 0 0 0 0 0 0 0 0 0 0 0 0 0 0 0 0 0 0 0 0 0 0 0 0 1 0 0 0 0 0 0 0 0 
0 0 0 0 0 0 0 0 0 0 0 0 0 0 0 0 0 0 0 0 0 0 0 0 0 0 0 0 0 0 0 0 0 0 0 0 0 0 0 0 0 0 0 0 0 0 0 0 0 0 0 0 1 0 0 0 0 0 0 0 0 0 0 0 0 0 0 0 0 0 0 0 0 0 0 0 0 0 0 0 0 0 0 0 0 0 0 0 0 0 0 0 0 0 0 0 0 0 0 0 0 0 
13 19 20 2 7 28 21 23 14 23 8 25 34 15 17 31 39 27 8 3 9 6 7 18 7 0 4 15 10 136 64 134 131 83 106 49 178 253 374 165 112 25 99 422 243 395 226 353 476 921 28 30 64 34 8 10 29 75 0 43 4 5 6 21 29 9 2 6 5 3 11 19 4 3 56 45 3 52 171 89 141 101 122 215 199 289 290 760 284 0 0 23 105 321 141 904 89 498 281 64 39 374 
4 1 14 1 0 10 2 16 4 0 1 7 10 4 4 10 17 1 0 0 1 0 0 3 1 0 14 2 0 31 5 21 11 29 26 6 32 57 60 29 38 5 60 145 79 81 51 98 79 227 0 1 9 7 0 0 2 9 0 1 4 0 0 4 7 2 1 0 1 0 1 1 1 0 2 12 0 15 33 17 30 29 24 78 39 64 45 162 79 0 0 132 6 13 19 122 9 108 51 28 13 59 
5 5 1 0 0 2 4 3 1 6 5 1 2 4 0 1 7 0 0 0 0 0 0 2 0 1 0 1 3 19 3 29 29 10 14 8 30 15 61 29 34 7 61 114 38 75 57 85 143 219 4 3 11 14 6 1 5 17 0 16 2 0 0 1 1 1 0 0 0 1 0 2 0 0 16 21 9 13 38 32 36 36 37 64 73 54 66 209 64 0 0 106 15 6 12 96 17 71 50 25 9 73 
2 6 1 0 3 1 6 0 1 10 3 10 1 0 0 4 2 0 2 1 1 0 3 3 0 1 0 2 1 27 8 24 20 13 17 11 41 20 59 30 18 16 51 124 83 109 68 126 128 265 12 9 13 11 1 0 12 21 0 6 0 0 0 5 1 0 0 0 0 0 0 0 0 0 26 17 3 25 56 47 34 31 23 69 73 91 89 247 160 0 0 110 16 10 9 42 16 57 39 30 38 109 
3 5 3 1 0 1 2 5 3 2 2 2 5 1 0 5 3 0 0 0 1 0 0 0 1 0 2 2 0 25 7 12 17 2 6 3 27 19 48 17 16 8 62 117 58 65 23 39 64 122 2 7 7 2 4 0 6 15 0 2 0 0 1 2 0 0 1 1 0 0 2 1 0 1 19 4 1 19 23 31 18 14 11 75 34 42 30 168 61 0 0 153 21 35 18 7 8 56 28 15 11 83 
1 0 0 0 2 1 0 0 0 1 0 3 1 2 1 0 0 1 0 0 0 0 0 1 0 0 0 2 0 2 0 0 3 0 2 1 1 1 10 0 13 0 13 21 7 13 13 7 16 27 3 1 5 0 4 0 0 1 0 0 0 0 1 1 0 0 0 0 0 0 1 0 0 0 0 0 0 9 10 8 17 2 8 8 17 10 11 36 22 0 0 16 2 8 6 8 2 2 4 3 2 12 
2 0 2 0 1 0 2 0 0 1 0 1 0 0 3 1 2 0 0 0 0 0 0 1 0 0 0 0 0 2 1 1 5 1 2 3 13 2 18 3 4 4 27 49 24 39 20 32 27 52 4 2 4 3 0 1 0 6 0 2 0 0 1 1 2 1 0 0 0 0 0 0 0 0 18 3 1 6 12 7 8 13 8 24 20 15 18 59 26 0 0 56 11 16 17 41 2 3 2 3 4 47 
2 11 1 1 0 3 3 4 1 5 3 3 0 0 4 3 1 0 2 0 0 0 0 1 1 0 0 2 1 12 4 9 19 6 4 15 7 13 51 11 24 5 39 56 40 67 16 21 49 154 14 8 6 0 1 2 3 8 0 2 0 0 1 1 0 2 1 0 0 1 0 1 1 2 21 8 0 12 31 18 13 22 15 50 27 31 21 142 57 0 0 74 13 15 13 18 3 11 6 11 2 48 
0 0 0 0 0 0 0 0 0 0 0 0 0 0 0 0 1 0 0 0 0 0 0 0 0 0 0 0 0 0 0 3 1 0 0 0 2 1 3 6 2 1 5 4 4 10 0 7 8 8 2 0 1 1 0 0 0 1 0 0 0 0 0 0 0 0 0 0 0 0 0 0 0 0 1 3 0 0 3 1 1 1 4 5 2 11 1 16 2 0 0 12 1 3 4 8 1 3 5 0 0 3 
2 0 0 0 0 0 1 0 1 2 0 0 0 0 0 1 0 0 0 0 0 0 0 0 1 0 0 0 0 2 4 0 1 0 0 0 1 3 3 4 1 2 25 36 8 18 6 12 6 14 1 1 1 0 0 0 3 4 0 0 0 0 0 0 0 3 0 0 0 0 0 0 0 0 1 3 0 3 4 11 17 2 10 22 39 10 8 61 41 0 0 25 6 45 10 52 11 15 8 1 2 2 
8 9 4 2 2 6 6 2 1 4 2 5 7 2 1 0 4 1 3 0 2 1 1 2 2 0 0 7 1 28 8 21 20 8 11 20 40 20 75 26 27 4 80 100 52 78 62 43 40 211 17 8 24 13 4 2 14 6 0 5 1 2 3 0 3 2 0 0 0 0 1 5 0 3 21 12 5 16 36 21 22 26 19 42 28 51 38 256 58 0 0 93 15 53 44 70 4 54 28 3 5 5 
