3 15 15 15 13 33 17 16 23 25 4 24 19 32 14 31 16 10 11 8 7 19 14 13 8 0 2 19 37 6 3 6 3 1 4 1 0 2 21 21 15 1 2 2 9 6 4 7 13 28 2 3 9 1 2 0 5 2 0 1 0 1 3 2 3 5 0 2 0 1 3 1 0 3 1 2 0 5 10 3 1 4 4 4 2 0 3 15 2 0 0 6 0 0 1 2 0 2 0 0 0 3 
9 6 14 8 12 45 46 29 34 26 10 43 37 30 20 59 21 29 23 15 13 12 9 23 8 3 1 14 48 8 1 8 8 2 2 2 1 7 16 29 7 0 4 11 12 15 8 9 6 38 10 3 14 4 4 0 1 6 0 2 1 0 0 1 3 10 9 4 6 1 4 2 0 0 4 1 1 2 14 1 0 0 3 4 3 3 6 20 5 0 0 2 0 2 2 3 0 2 2 0 0 0 
21 14 10 16 6 28 32 28 31 20 11 28 29 34 58 24 21 19 16 5 8 12 5 10 11 0 1 17 80 3 1 5 1 0 2 1 0 1 13 17 11 4 2 3 8 7 8 3 3 33 5 3 5 10 2 1 2 11 0 4 0 0 1 0 5 11 3 6 0 3 5 0 0 4 1 7 0 2 13 1 1 0 0 4 1 0 2 28 4 0 0 2 0 3 0 1 0 0 3 1 0 0 
9 6 6 1 3 16 17 10 6 3 2 7 2 4 6 2 0 7 3 3 0 0 0 2 0 0 0 4 19 0 0 0 0 0 1 0 0 1 3 0 1 0 1 0 2 0 1 1 0 4 2 1 0 0 0 1 0 2 0 1 0 0 0 0 0 0 0 0 0 0 1 0 0 0 2 1 0 0 0 0 0 0 1 0 0 0 2 3 0 0 0 1 0 0 0 1 0 0 0 0 0 0 
7 10 6 2 4 10 3 4 10 7 5 9 6 15 11 27 8 2 7 1 1 3 2 5 1 0 0 6 13 2 0 0 1 0 3 0 0 3 3 3 0 0 4 1 2 2 3 2 1 6 2 0 7 1 0 1 2 4 0 0 0 1 0 0 0 3 0 1 0 1 2 0 0 0 1 1 0 0 1 2 0 0 0 0 1 1 0 5 0 0 0 0 0 0 0 2 0 0 0 0 0 0 
20 22 30 21 1 2 12 20 18 13 11 38 33 19 32 46 13 17 19 7 7 12 11 11 4 0 0 10 37 2 0 3 3 0 2 1 1 5 10 20 4 0 4 3 14 4 1 2 5 22 5 4 7 8 2 0 3 2 0 2 0 0 1 2 6 6 0 3 1 2 0 0 0 4 5 0 1 0 6 0 1 0 0 1 2 9 0 7 0 0 0 1 1 3 0 1 1 0 1 0 0 1 
15 19 26 6 2 13 5 8 21 11 7 19 29 22 11 26 24 9 12 4 1 12 4 9 5 0 0 2 31 6 0 2 7 5 2 0 0 0 10 8 7 0 3 4 0 4 4 3 3 16 1 1 6 4 2 0 1 8 0 0 0 1 1 1 4 7 0 2 1 0 3 2 5 5 0 6 0 0 7 1 1 0 0 2 0 4 0 8 0 0 0 4 0 1 0 0 0 1 3 0 0 1 
15 29 20 4 4 10 20 8 17 16 8 50 40 42 25 76 42 21 10 14 14 15 5 24 7 0 1 15 21 3 2 1 2 4 0 2 0 4 7 18 3 2 6 2 8 3 7 5 7 21 6 5 6 1 0 1 1 7 0 2 1 0 1 3 4 7 2 5 1 3 6 4 2 1 4 4 0 2 16 0 1 0 1 2 0 1 0 7 2 0 0 0 2 1 1 2 0 2 1 0 2 2 
25 43 44 18 7 17 46 15 8 20 13 45 35 34 22 51 28 24 14 12 8 15 11 10 6 0 1 17 28 0 2 1 0 0 2 1 0 4 23 13 4 1 0 1 7 12 8 4 5 26 1 3 2 3 1 0 3 4 0 0 1 0 0 0 5 5 1 3 0 3 0 1 0 1 6 3 1 2 11 0 2 0 0 0 1 1 1 4 1 0 0 1 0 1 0 2 0 0 1 0 0 1 
9 12 10 2 2 14 9 9 4 5 5 31 13 17 16 34 18 8 6 6 6 16 10 10 4 0 1 8 3 3 0 2 0 0 0 0 0 1 10 3 4 2 2 0 3 1 1 3 2 14 2 14 5 9 0 0 1 0 0 1 1 0 2 1 7 3 0 0 1 2 1 0 0 0 4 4 0 2 7 0 0 0 3 4 0 2 0 3 1 0 0 0 4 0 0 0 0 2 0 0 0 0 
3 3 15 1 6 19 18 6 13 9 2 11 11 15 12 46 9 4 2 7 4 9 8 6 1 0 5 4 6 2 2 0 0 0 0 0 0 0 5 3 0 0 0 1 2 2 3 4 2 17 0 0 0 2 1 0 1 1 0 0 0 0 0 0 4 0 0 0 0 0 5 0 0 0 2 0 2 0 5 0 0 0 0 0 0 0 1 1 0 0 0 0 1 0 0 0 0 0 0 0 0 0 
28 43 32 8 7 28 38 44 36 22 12 10 17 26 23 75 47 27 22 17 18 13 11 27 5 6 13 20 21 8 1 4 0 5 0 0 2 10 20 8 4 4 2 1 8 5 3 5 13 32 0 4 8 11 1 0 1 14 0 4 0 0 2 0 3 3 1 5 0 2 3 1 0 0 7 5 1 2 11 2 0 0 0 0 0 1 1 6 3 0 0 2 0 0 2 1 0 3 0 0 0 1 
16 31 28 13 8 39 53 65 44 26 24 43 13 44 28 91 30 30 28 18 39 30 19 31 18 4 5 29 15 10 4 7 4 2 1 1 0 3 13 19 13 1 5 1 10 6 3 7 5 23 4 5 5 6 1 2 5 9 0 7 0 1 0 1 2 0 0 0 0 0 1 2 0 2 5 3 0 2 13 0 0 1 0 1 0 2 0 11 2 0 0 1 1 1 0 4 1 2 0 0 0 3 
38 69 64 15 17 66 102 71 90 47 20 49 50 6 6 78 84 60 65 52 63 42 47 73 24 3 13 85 16 3 0 2 1 0 0 1 0 5 12 5 2 4 3 2 1 1 3 4 3 24 7 7 14 14 10 3 10 14 0 2 0 2 0 0 0 1 2 0 1 0 1 1 0 0 9 4 1 8 29 5 2 1 0 0 0 3 0 8 1 0 0 1 2 1 2 2 1 1 0 0 0 1 
18 31 37 4 12 39 38 36 37 27 8 27 32 10 10 34 18 23 18 22 26 23 30 48 16 4 9 71 8 5 2 2 5 0 2 0 0 1 11 10 0 0 3 1 5 7 4 2 1 8 6 6 11 9 1 1 5 8 0 12 0 0 0 0 0 1 0 0 0 1 0 3 0 0 6 2 1 4 14 0 0 0 0 0 0 0 0 3 2 0 0 2 0 1 2 0 0 0 1 0 0 0 
46 69 51 12 21 63 71 68 58 61 34 65 71 41 13 15 63 112 68 64 145 83 87 165 67 13 23 155 17 46 17 23 14 16 15 16 17 3 21 30 15 1 13 8 24 16 9 11 8 73 14 8 10 14 6 1 8 15 0 2 3 0 2 5 3 0 0 0 0 1 8 0 1 0 11 11 1 4 17 5 8 0 3 1 1 3 3 18 4 0 0 10 0 1 1 4 0 3 2 0 1 1 
11 29 33 4 14 35 51 35 53 42 22 46 49 54 24 107 11 44 48 54 66 52 67 90 34 7 19 52 6 32 16 46 8 21 14 15 10 9 45 39 31 5 12 8 15 27 12 7 20 54 11 3 10 9 3 0 7 11 0 3 0 0 3 2 2 0 0 1 0 0 1 1 0 0 6 4 1 4 30 4 5 0 0 0 0 8 5 15 2 0 0 5 0 1 0 1 0 1 3 0 0 2 
9 18 22 2 10 17 11 24 25 22 10 22 45 59 28 118 41 6 36 57 98 37 84 132 23 7 12 59 2 27 19 12 12 9 8 9 7 11 37 18 16 2 4 9 17 11 12 12 18 51 4 1 6 8 4 0 6 7 0 6 0 0 0 0 2 0 0 0 0 0 1 0 0 1 4 0 0 5 7 2 0 1 0 0 1 0 2 15 3 0 0 2 0 1 0 1 0 0 1 0 0 3 
7 16 14 2 3 21 12 24 17 20 16 25 25 44 20 77 43 29 8 16 39 14 29 65 19 5 10 52 3 20 5 12 7 4 11 8 11 10 22 9 8 3 6 6 10 8 6 14 11 31 4 1 2 1 0 0 4 2 0 0 0 0 1 4 0 1 0 0 0 0 0 3 0 0 6 1 0 0 8 1 0 1 0 0 0 1 0 6 2 0 0 2 0 1 0 1 0 1 0 0 0 0 
4 10 6 0 4 11 7 9 10 4 4 8 11 22 12 37 23 8 11 3 4 10 16 26 15 5 21 57 1 4 2 3 6 3 4 5 2 8 20 6 8 5 1 0 4 1 1 1 2 7 0 0 4 0 0 1 0 4 0 0 0 0 0 0 0 0 0 1 0 0 0 0 0 0 1 1 1 1 4 0 0 0 0 0 0 1 0 1 1 0 0 0 0 0 0 0 0 0 1 0 0 1 
4 10 6 1 3 6 6 4 7 7 2 17 21 24 23 63 41 25 27 8 7 6 23 41 11 7 23 65 0 4 4 2 1 1 0 3 6 5 23 6 8 1 3 2 6 4 0 1 7 14 2 1 0 0 1 0 1 0 0 1 2 0 0 2 0 0 0 0 0 0 0 0 0 0 2 0 0 2 9 1 2 0 0 0 0 2 2 2 1 0 0 1 0 0 0 1 0 0 0 0 0 0 
3 10 8 1 7 9 6 8 4 17 5 6 14 28 15 45 22 5 10 6 10 6 14 27 10 14 13 54 4 3 0 3 3 1 1 3 4 3 12 2 2 2 1 0 0 2 2 2 1 15 2 0 3 3 0 1 0 1 0 3 0 0 0 0 0 0 0 0 0 0 0 0 0 0 0 0 0 0 7 0 0 0 0 0 0 1 0 4 1 0 0 0 0 0 0 0 0 0 0 0 0 0 
7 3 0 2 4 5 1 6 2 3 4 12 8 15 11 42 21 25 21 6 36 9 1 19 6 6 5 43 0 0 1 1 1 1 1 1 2 3 5 5 9 1 1 0 3 0 2 0 3 17 0 0 0 1 0 0 2 0 0 0 0 0 0 0 0 0 0 0 0 0 0 0 0 0 2 0 0 0 7 0 0 0 0 0 1 1 0 1 0 0 0 0 0 0 0 0 0 0 0 0 0 0 
3 10 4 2 0 7 4 14 11 21 5 18 22 20 23 93 46 23 28 16 18 8 10 7 9 25 48 72 1 3 3 2 1 1 2 1 4 3 17 7 11 1 2 2 9 7 3 5 3 27 6 0 3 1 1 0 0 0 0 1 0 0 0 0 2 1 0 0 0 0 0 0 0 1 4 6 1 3 10 3 0 0 0 0 0 0 1 11 0 0 0 2 0 0 0 0 0 0 0 0 0 0 
5 8 4 1 1 5 6 7 4 11 3 13 15 19 20 33 10 8 13 12 15 6 8 13 5 4 6 27 0 2 6 6 11 2 5 1 4 5 24 8 6 0 6 4 8 5 5 2 5 44 10 1 4 1 2 0 3 2 0 0 0 0 2 4 0 0 1 0 0 0 0 0 0 0 3 5 0 2 9 1 0 0 0 4 0 2 1 32 2 0 0 0 0 0 0 2 1 0 1 0 0 0 
1 2 1 2 1 2 1 1 2 4 0 1 1 8 4 8 4 2 7 10 7 16 5 14 3 1 3 7 0 0 0 0 0 0 0 2 1 5 10 0 0 2 0 0 0 0 0 6 1 4 0 0 0 1 0 0 0 0 0 0 0 0 0 0 0 2 0 0 0 0 0 0 0 0 0 0 0 0 3 0 0 0 0 0 0 0 0 2 0 0 0 1 0 0 0 0 0 0 0 0 0 0 
0 0 0 0 3 0 2 0 0 0 0 0 2 5 4 9 5 2 2 3 13 6 8 24 4 0 2 11 0 0 0 0 0 0 0 0 0 0 0 1 1 0 0 0 0 0 1 0 0 4 0 0 0 0 0 1 0 0 0 0 0 1 0 0 0 0 0 0 0 0 0 0 0 0 0 0 0 0 0 0 0 0 0 0 0 0 0 2 0 0 0 0 0 0 0 0 0 0 0 0 0 0 
15 20 14 5 8 13 6 13 11 33 7 30 29 48 46 83 40 48 31 39 51 65 53 62 28 6 15 7 0 3 0 5 11 2 8 3 7 8 29 22 23 3 6 4 11 4 12 10 9 44 3 2 19 6 1 1 4 7 0 0 4 0 0 0 1 0 0 0 0 0 0 0 0 0 6 5 3 1 15 4 1 0 0 1 3 3 3 28 5 0 0 1 0 0 0 5 0 0 2 0 0 1 
77 126 125 15 18 62 78 43 54 46 17 47 42 23 28 53 23 25 32 12 11 26 11 13 10 0 1 10 0 6 1 7 6 4 4 5 2 8 9 28 17 0 7 3 12 30 17 12 11 53 6 4 13 3 4 0 3 2 0 2 0 1 0 6 11 7 3 5 0 1 3 3 5 2 7 4 0 4 14 1 5 2 2 3 5 7 8 24 6 0 0 3 0 0 3 2 0 0 1 1 1 6 
2 1 2 0 4 7 8 4 3 4 4 6 8 7 10 21 20 15 7 3 4 7 3 4 4 1 0 3 1 12 88 122 120 42 83 90 144 100 104 96 56 4 29 26 38 29 41 29 26 151 4 3 11 6 3 1 7 7 0 12 0 0 4 15 22 28 5 12 7 4 7 4 0 1 3 6 3 2 17 8 1 0 3 6 2 10 10 64 13 0 0 25 4 6 4 11 0 14 6 3 3 8 
3 0 0 1 0 2 4 0 1 2 0 1 3 0 0 9 8 4 5 2 1 5 1 1 1 0 0 2 0 97 9 65 55 10 29 22 67 37 71 24 14 1 8 10 10 9 6 6 9 34 0 1 0 4 0 0 2 3 0 1 1 1 2 3 1 6 4 3 1 2 5 6 0 1 4 4 0 3 9 4 1 0 2 0 1 5 5 25 2 0 0 2 2 1 0 4 0 2 0 0 0 2 
0 6 1 1 0 1 5 2 2 2 2 5 2 0 4 16 18 3 5 3 3 3 1 11 3 1 5 6 0 124 63 18 58 39 49 38 125 108 128 85 69 6 24 14 29 36 33 12 27 120 3 7 13 14 2 7 8 6 0 6 5 0 5 4 21 18 3 11 2 6 4 2 0 3 3 10 2 5 28 7 3 1 1 3 0 7 14 40 26 0 0 19 5 4 5 6 0 2 3 0 0 8 
14 19 13 0 0 12 13 16 7 5 8 5 15 2 8 32 40 41 16 10 18 14 14 27 27 2 4 27 2 382 145 137 20 26 96 108 181 155 248 227 176 18 112 67 144 188 146 129 153 916 47 37 79 34 9 9 24 34 0 13 1 1 4 10 26 32 9 14 15 28 36 41 6 5 24 14 2 6 71 10 15 6 4 9 5 24 21 215 33 0 0 43 12 26 20 30 6 28 15 6 5 27 
0 2 7 0 0 3 2 7 1 2 0 3 1 0 0 12 16 6 4 1 2 5 4 4 2 0 0 9 1 147 49 43 13 6 27 12 55 48 97 73 27 2 16 20 22 21 19 6 24 61 12 4 6 3 5 0 18 17 0 5 1 2 2 0 8 19 6 9 4 10 16 16 7 5 5 2 0 2 21 2 1 0 0 0 1 2 7 7 9 0 0 10 3 3 7 18 1 4 1 1 1 8 
5 6 1 0 0 3 6 0 2 0 1 1 1 0 1 16 28 10 13 1 6 3 6 10 4 0 1 13 2 252 81 123 46 22 13 10 112 79 165 116 58 12 35 33 60 45 27 27 35 102 9 13 3 7 7 3 12 10 0 5 2 7 4 11 7 8 8 9 7 17 23 21 2 3 2 4 1 5 27 2 1 0 3 0 2 10 1 39 19 0 0 17 10 10 5 15 3 6 4 1 0 3 
3 7 0 0 3 2 1 0 0 3 0 0 0 0 2 6 12 6 6 6 4 5 8 4 6 0 1 4 0 129 38 73 34 17 25 7 102 66 95 63 30 1 10 10 21 19 21 15 13 77 1 4 4 2 0 1 2 1 0 0 0 1 3 6 3 8 8 7 1 5 8 7 6 2 3 2 0 5 2 0 1 0 0 1 0 2 1 24 5 0 0 8 5 3 4 6 0 3 3 0 0 3 
4 8 4 0 0 1 3 3 4 2 0 4 0 1 0 28 26 20 21 9 23 18 13 23 11 1 2 31 1 376 162 262 101 98 103 135 17 133 347 331 156 43 80 69 118 95 82 72 97 314 4 8 18 17 3 0 7 7 0 0 2 1 5 34 18 26 11 27 11 10 26 39 13 6 3 4 0 2 16 2 4 1 2 3 6 15 17 73 47 0 0 47 18 25 13 43 4 21 13 5 2 21 
5 10 4 0 3 7 2 7 11 7 0 7 9 7 2 6 9 12 6 5 8 13 12 12 7 0 2 18 1 135 54 134 52 47 54 43 84 11 95 181 82 15 55 52 57 71 33 43 65 191 5 0 6 7 3 2 1 3 0 0 0 4 3 9 8 8 1 2 3 0 13 2 4 4 1 3 0 0 7 4 2 0 0 0 5 5 10 55 15 0 0 26 13 12 2 11 1 6 6 3 0 16 
10 27 15 6 12 31 36 25 38 25 23 41 31 11 4 16 52 50 33 28 80 30 28 83 39 2 6 50 4 312 107 284 146 123 102 104 297 102 19 503 330 27 92 132 122 155 121 141 120 501 10 10 27 4 2 8 20 15 0 1 0 3 6 24 30 44 12 12 3 4 56 33 5 19 20 15 4 6 39 10 3 8 4 22 4 35 27 145 49 0 0 61 30 32 12 49 6 18 32 14 4 41 
4 26 12 2 2 17 13 5 17 7 6 21 20 8 7 25 39 10 7 19 12 10 10 21 4 1 2 17 4 102 33 81 50 22 61 38 164 127 346 14 30 22 38 70 76 82 60 85 105 251 5 5 20 7 1 3 12 5 0 1 0 2 1 11 11 6 4 3 0 1 11 2 3 6 5 8 0 6 10 1 10 3 5 16 13 6 2 41 23 0 0 36 7 13 6 27 0 7 4 1 3 10 
10 18 10 0 3 7 5 3 3 8 4 6 6 4 8 11 25 6 4 6 6 7 9 11 5 2 10 22 0 66 21 63 41 27 16 18 62 58 159 37 11 12 22 36 37 43 44 55 43 200 2 0 1 7 1 0 1 3 0 1 0 1 1 2 4 4 5 0 0 3 5 6 0 3 2 3 0 4 7 2 8 3 1 6 2 8 6 7 5 0 0 25 3 19 2 4 3 3 4 3 1 8 
0 0 2 0 0 1 0 0 4 0 3 1 1 0 0 3 0 1 9 0 3 6 1 2 0 0 3 2 0 8 5 14 15 2 2 6 20 14 29 11 4 2 7 19 17 13 12 11 16 36 1 1 1 2 0 0 0 4 0 0 0 0 0 0 2 0 0 0 0 0 0 3 0 0 0 0 0 2 0 1 1 3 0 0 2 5 6 8 15 0 0 6 2 4 0 11 0 1 2 0 0 2 
8 5 8 1 4 11 6 7 5 5 5 3 9 2 1 8 22 12 6 7 6 3 5 12 5 3 2 16 0 40 21 26 34 18 24 26 54 57 112 76 40 15 8 49 57 83 48 60 82 208 6 5 12 11 3 1 3 2 0 2 1 2 0 5 3 2 0 6 0 1 2 4 3 1 9 8 1 9 27 13 10 15 16 44 30 56 36 92 41 0 0 61 19 35 25 84 8 56 36 8 1 53 
8 3 12 3 3 10 10 9 13 1 11 7 5 4 10 9 32 19 11 7 6 5 4 13 4 3 1 20 1 70 29 65 35 34 27 22 58 90 153 114 70 34 70 32 129 197 114 164 174 364 5 10 14 8 5 1 4 15 0 3 4 0 0 13 8 9 2 6 3 0 3 14 3 0 21 16 5 25 44 24 33 27 28 58 55 105 82 189 84 0 0 137 51 86 47 154 22 86 44 6 16 45 
3 19 8 1 2 3 3 1 3 9 5 6 2 1 1 8 24 7 7 3 10 9 1 8 4 2 1 15 4 67 12 41 36 14 29 31 45 51 93 69 29 29 26 60 12 100 64 120 121 240 5 7 10 7 0 0 0 4 0 1 2 1 1 3 8 10 0 4 1 2 3 4 4 2 8 1 0 8 15 4 10 3 14 12 20 12 12 49 17 0 0 41 6 22 17 52 3 27 25 11 6 10 
4 12 14 1 3 6 10 9 17 14 9 10 17 4 2 16 29 18 9 4 8 14 11 26 12 0 3 24 1 78 33 72 59 31 46 37 84 86 174 164 99 37 66 198 136 20 94 368 346 677 8 4 21 10 5 1 3 5 0 0 1 4 1 2 17 9 6 9 1 2 3 8 2 1 58 10 2 19 23 26 22 15 16 36 35 55 46 187 45 0 0 95 15 40 28 64 7 65 29 9 2 39 
7 5 20 0 6 5 8 3 4 7 6 10 7 4 5 10 15 10 9 2 11 5 2 21 4 0 0 14 0 52 16 24 39 25 12 18 56 68 83 102 59 17 28 65 56 105 17 161 243 278 5 5 18 5 1 3 3 3 0 4 1 0 1 3 8 4 1 0 1 2 2 6 1 1 11 5 1 6 13 15 2 5 3 18 14 24 9 101 20 0 0 48 16 25 10 25 3 25 27 4 2 19 
4 3 3 0 4 8 4 3 1 3 4 3 2 1 0 7 5 3 5 4 4 4 1 5 2 0 1 12 0 33 4 16 17 11 11 7 29 41 52 48 29 7 17 58 46 170 56 19 98 350 4 0 4 3 0 2 6 2 0 1 0 0 1 0 2 6 1 1 0 4 2 5 0 0 4 1 1 5 7 3 6 2 4 11 9 19 6 67 10 0 0 20 5 11 9 24 3 9 16 4 3 15 
2 6 4 0 0 0 2 3 4 1 1 3 7 1 1 5 8 3 1 4 7 0 1 6 5 0 1 13 0 17 3 14 16 16 10 11 18 30 52 27 26 2 10 51 38 116 47 68 5 289 2 0 7 1 1 2 0 2 0 0 2 0 0 3 3 6 0 4 0 1 0 4 2 2 5 3 0 0 5 8 1 2 5 6 10 15 9 71 14 0 0 18 2 10 7 12 1 11 9 1 18 16 
30 65 42 9 16 31 28 39 32 25 14 47 53 20 31 32 65 72 33 26 56 42 35 75 45 2 3 106 8 264 74 202 254 96 116 83 252 249 435 388 306 40 151 279 294 477 258 709 770 36 47 32 79 20 7 6 20 44 0 7 4 2 2 24 42 51 8 24 7 11 27 24 14 18 63 33 4 43 87 49 78 50 45 104 58 104 64 512 74 0 0 163 41 87 66 91 16 148 116 31 17 87 
9 4 5 0 1 5 5 0 2 4 4 3 7 4 5 5 8 4 1 0 0 1 2 5 4 0 1 7 0 5 7 6 19 8 0 4 3 3 8 2 3 0 2 3 6 1 5 2 6 27 6 8 41 16 8 1 14 24 0 11 6 2 0 11 12 16 1 6 0 11 8 9 3 9 2 9 0 11 51 5 2 4 3 15 8 5 2 41 3 0 0 2 2 4 3 5 0 4 3 4 0 3 
3 4 0 0 0 5 7 1 1 5 2 4 3 3 1 3 4 4 2 2 0 0 2 6 1 0 0 4 0 6 1 3 10 5 2 0 1 4 4 2 1 1 1 3 3 4 3 11 3 20 9 6 38 31 14 7 12 19 0 12 4 2 0 5 5 9 3 7 2 6 5 4 1 5 2 6 1 11 48 5 4 5 6 13 7 14 3 25 6 0 0 5 3 7 1 4 0 3 2 1 0 0 
3 11 7 1 5 5 7 6 3 5 10 1 9 6 8 11 4 7 0 2 1 0 3 5 7 0 2 6 1 27 9 9 13 17 2 6 2 3 14 6 3 1 5 6 10 7 9 8 9 35 50 34 3 24 16 7 10 26 0 15 4 1 4 13 13 16 16 23 2 19 8 14 3 11 9 12 1 16 53 12 14 0 8 21 8 17 15 45 9 0 0 12 1 8 4 6 0 2 7 2 0 4 
4 6 5 0 2 1 4 2 3 5 0 5 7 5 5 9 10 3 1 3 0 2 1 2 0 0 1 2 0 14 0 3 9 6 2 8 5 1 2 5 0 2 11 3 4 5 5 3 3 11 16 10 36 10 14 3 7 18 0 21 6 0 1 14 17 18 5 14 2 9 8 7 3 10 6 5 4 8 44 7 2 0 8 19 5 7 1 25 3 0 0 5 0 3 2 5 1 4 2 0 1 2 
3 3 5 1 0 1 0 2 0 2 1 1 3 0 0 7 3 1 2 0 0 3 0 0 1 0 0 3 0 3 1 2 5 1 2 2 0 1 7 2 1 2 0 1 0 0 0 0 7 3 10 13 28 7 3 1 2 4 0 12 1 1 1 7 7 12 1 4 0 6 4 6 3 1 5 3 3 1 42 1 1 0 6 7 0 1 3 10 0 0 0 2 0 1 1 3 0 4 4 0 1 2 
0 3 0 2 1 2 2 0 2 1 0 3 4 1 1 4 6 2 2 0 0 0 0 5 0 0 0 3 0 4 0 5 3 1 1 2 0 1 2 1 1 1 4 1 2 0 9 2 0 9 7 3 5 2 3 0 0 10 0 2 3 2 0 0 2 9 1 4 0 4 2 5 1 1 4 6 1 4 33 2 5 0 7 4 0 2 1 8 2 0 0 1 4 2 0 0 0 5 4 0 0 2 
3 2 2 1 0 1 2 2 0 3 0 0 3 3 12 4 1 1 1 1 0 0 0 2 0 0 0 0 0 6 1 22 1 1 9 3 0 0 10 1 0 0 0 3 1 3 2 0 1 5 27 8 21 19 5 4 0 18 0 11 4 1 2 3 13 18 5 8 4 10 9 6 1 8 3 10 2 12 47 1 2 1 2 11 9 3 3 8 1 0 0 2 1 2 1 2 0 4 3 0 0 0 
6 11 12 0 2 7 6 5 3 11 1 12 2 13 1 15 5 1 2 0 3 2 4 5 2 0 0 9 1 6 6 7 7 5 4 0 6 2 12 5 3 1 3 1 4 3 3 6 7 14 31 15 34 32 19 3 8 5 0 26 4 0 5 10 15 23 2 10 3 4 7 9 2 8 23 24 1 8 126 19 20 0 9 18 12 9 5 20 2 0 0 6 1 6 5 3 1 1 8 2 0 1 
0 0 0 0 0 0 0 0 0 0 0 0 0 0 0 0 0 0 0 0 0 0 0 0 0 0 0 0 0 0 0 0 0 0 0 0 0 0 0 0 0 0 0 0 0 0 0 0 0 0 0 0 0 0 0 0 0 0 0 0 0 0 0 0 0 0 0 0 0 0 0 0 0 0 0 0 0 0 0 0 0 0 0 0 0 0 0 0 0 0 0 0 0 0 0 0 0 0 0 0 0 0 
11 11 10 1 2 8 9 11 1 1 1 6 11 13 16 31 19 7 5 5 2 6 4 11 6 0 2 11 2 14 3 4 10 8 5 2 1 3 4 4 2 2 1 5 4 4 2 3 4 14 16 11 30 27 9 3 15 26 0 6 4 1 4 5 20 22 9 9 4 8 15 15 10 17 20 9 5 11 56 2 1 0 6 6 5 5 3 13 5 0 0 2 1 2 1 3 0 4 3 0 0 3 
0 1 2 2 0 4 1 1 1 3 0 2 2 0 1 1 1 0 0 0 0 0 2 2 2 0 0 0 0 4 3 2 3 2 0 2 0 0 4 5 0 0 1 1 4 1 0 3 3 3 12 8 10 14 7 5 4 10 0 4 1 3 4 4 7 9 3 8 3 6 9 13 3 7 1 10 0 2 9 2 2 1 1 7 3 4 1 6 0 0 0 1 0 0 0 2 0 0 0 0 0 0 
0 4 0 0 3 5 7 11 3 1 5 4 7 1 1 3 7 1 1 0 0 0 0 1 1 0 2 0 0 25 13 19 3 6 8 3 7 14 11 19 6 3 7 4 9 7 5 7 9 12 7 0 2 13 1 2 6 11 0 12 2 2 3 27 29 23 12 16 6 20 6 17 7 8 2 0 0 3 31 4 8 2 5 4 0 4 1 10 3 0 0 6 1 1 5 2 2 4 1 0 0 1 
0 3 0 0 0 4 4 2 2 2 1 2 0 0 0 1 0 0 0 0 0 0 0 0 0 0 0 0 0 6 3 1 2 3 0 1 0 2 3 2 3 0 0 1 3 1 1 1 0 3 1 0 2 6 7 2 2 8 0 6 5 2 3 2 10 7 2 6 3 9 9 4 3 4 6 2 0 2 24 5 3 4 2 0 0 3 0 4 1 0 0 0 0 0 0 0 1 0 0 0 0 0 
0 7 2 4 0 4 6 5 1 1 0 2 0 0 0 5 3 0 2 1 0 0 0 0 0 0 0 2 2 25 5 9 5 0 8 9 22 12 28 14 10 1 6 6 9 9 6 7 8 28 12 11 24 16 9 4 12 12 0 15 4 1 6 2 10 14 7 13 1 17 32 33 4 21 21 6 1 8 35 5 9 4 7 2 4 5 1 5 3 0 0 5 3 4 2 3 2 1 0 0 1 4 
4 1 3 0 0 5 6 12 3 4 0 4 0 0 1 0 0 0 2 0 0 0 0 0 0 0 0 1 0 28 11 7 8 14 3 3 3 2 26 7 6 5 3 2 6 6 5 4 4 29 13 9 11 8 5 2 15 17 0 14 4 1 13 5 7 19 10 22 8 18 45 43 20 23 8 3 2 3 20 6 11 2 3 1 1 1 0 14 5 0 0 2 0 0 0 1 0 0 0 0 0 0 
5 6 9 0 3 15 13 12 3 8 0 8 5 2 0 1 1 0 0 0 0 1 0 0 0 0 0 0 1 45 14 28 8 15 6 9 20 6 10 7 13 4 2 7 14 8 5 8 8 43 8 12 27 21 9 6 20 13 0 29 2 3 12 13 26 15 9 35 25 47 65 70 25 41 9 9 3 15 39 8 7 3 7 5 5 5 3 16 5 0 0 0 1 0 1 2 0 0 1 0 0 0 
0 2 1 0 1 5 8 8 3 2 0 1 1 1 0 0 0 0 0 0 0 0 0 0 0 0 0 0 0 10 1 2 4 2 3 1 3 1 0 3 3 0 0 2 3 3 0 1 1 9 2 2 9 6 4 1 4 4 0 13 1 0 2 2 9 7 6 3 11 14 14 40 10 6 4 1 0 5 9 1 1 2 2 2 0 2 1 0 0 0 0 0 0 0 0 1 0 0 0 0 0 0 
4 0 2 0 1 3 4 0 6 0 0 2 0 0 0 1 0 0 0 1 0 0 0 0 0 0 0 0 0 17 8 13 7 7 3 2 14 2 14 5 1 1 1 2 1 5 5 0 6 12 4 11 9 7 7 1 0 17 0 13 7 0 3 10 20 25 5 4 8 10 35 51 17 26 6 2 2 4 25 5 1 5 1 2 2 4 4 10 4 0 0 0 0 0 0 0 0 0 0 0 0 0 
0 1 0 0 0 1 1 0 1 0 0 1 0 0 0 1 0 0 0 0 0 0 0 0 0 0 0 0 1 8 4 9 5 2 0 4 5 4 1 1 2 1 0 4 3 1 2 2 4 5 2 4 1 2 0 1 0 2 0 3 0 0 6 6 11 21 12 14 1 9 26 34 4 5 3 0 0 0 3 2 5 3 1 1 2 5 0 0 0 0 0 0 0 0 0 0 0 0 0 0 0 0 
0 2 1 0 0 4 2 2 1 0 0 1 1 0 0 1 1 0 0 0 0 0 0 0 0 0 0 0 1 6 9 4 5 9 0 2 2 3 2 3 2 0 0 0 0 0 0 1 0 1 8 3 9 5 1 0 3 11 0 13 9 1 2 6 22 16 6 11 10 4 25 43 10 23 12 2 0 4 22 7 3 0 2 0 1 3 0 5 0 0 0 0 0 0 0 0 0 0 0 0 0 0 
0 1 2 2 2 5 1 1 0 1 0 2 0 0 0 2 0 1 0 0 0 0 0 0 0 0 0 0 0 3 0 4 8 4 5 3 5 6 21 3 1 0 0 2 5 1 5 4 2 9 3 3 5 4 0 2 3 6 0 6 5 0 3 14 25 17 9 28 26 14 3 104 8 27 7 2 0 2 14 5 3 0 2 1 2 2 1 9 0 0 0 1 0 0 0 0 1 0 0 0 0 0 
0 0 0 0 0 4 4 3 5 5 0 1 4 2 1 2 3 1 0 0 0 0 0 1 0 0 0 0 0 12 6 4 8 11 6 7 10 10 10 5 4 0 5 3 4 6 1 3 7 10 3 4 11 2 3 0 7 4 0 8 4 2 0 18 46 39 16 42 24 49 61 6 44 44 2 6 0 4 26 7 5 0 7 0 6 5 2 3 1 0 0 0 0 0 0 0 0 0 2 0 0 0 
2 0 1 0 0 0 1 1 2 1 0 5 0 0 1 4 3 0 0 1 0 0 0 0 0 0 0 0 0 2 2 2 1 8 7 4 3 5 8 3 1 0 1 0 0 1 2 0 7 8 12 5 7 7 4 2 3 6 0 3 4 0 1 12 20 20 5 10 3 18 17 45 2 18 4 2 1 4 11 1 5 0 2 2 0 0 0 2 1 0 0 0 1 0 1 1 1 0 0 0 0 1 
2 4 2 0 0 0 0 4 1 4 2 0 5 0 0 0 0 0 0 0 0 0 0 0 1 0 0 0 0 0 0 0 3 5 6 2 10 3 11 7 2 1 1 5 0 8 3 3 3 4 16 3 12 8 3 2 2 10 0 7 4 1 4 10 11 27 7 31 7 41 35 52 5 0 5 5 2 7 28 2 4 2 0 1 1 0 4 8 3 0 0 1 0 0 0 0 0 0 2 0 0 1 
1 0 2 0 0 0 0 3 2 2 0 0 3 2 2 6 3 1 1 0 0 1 0 3 2 0 0 7 0 4 4 3 8 0 1 2 2 0 2 5 3 0 5 3 11 4 4 3 4 29 8 4 9 7 1 2 6 7 0 2 2 1 1 9 5 5 2 1 0 0 6 1 6 3 7 3 2 12 77 11 5 7 4 36 15 9 3 53 10 0 0 7 2 5 4 5 0 3 5 2 0 6 
3 3 1 0 2 1 1 2 1 0 1 0 5 0 3 4 3 1 0 0 0 0 0 1 1 0 0 3 2 3 0 7 1 1 0 4 2 3 6 3 3 0 4 1 3 9 5 3 8 26 2 4 5 6 1 2 6 16 0 7 1 0 1 1 4 5 0 1 0 2 4 2 2 2 7 3 7 14 130 16 16 8 13 21 11 17 6 25 2 0 0 3 2 2 4 6 0 2 3 0 1 3 
0 2 0 0 0 0 0 0 0 0 0 0 1 0 0 1 0 1 0 1 0 0 0 0 0 0 0 1 0 0 0 0 0 0 0 0 0 2 0 1 1 0 3 1 2 3 0 0 1 3 1 0 4 1 1 1 3 5 0 4 0 0 0 0 1 3 0 0 0 0 9 1 1 0 3 11 0 12 73 19 3 3 4 13 2 4 2 8 0 0 0 2 0 2 0 1 1 0 1 0 0 0 
3 1 2 0 1 1 2 1 1 5 0 1 1 0 1 3 1 1 0 0 1 0 0 2 3 1 0 0 0 3 2 0 6 0 0 1 0 0 3 1 0 1 7 3 2 5 4 1 3 16 4 3 11 8 0 0 3 6 0 4 2 0 0 3 1 4 2 2 0 1 1 0 1 1 18 28 14 1 63 6 5 2 12 23 8 17 7 30 6 0 0 3 2 7 3 1 1 4 3 2 0 1 
9 13 15 6 11 10 17 16 12 9 5 7 15 9 18 43 17 10 6 4 3 2 3 16 4 0 1 11 3 37 10 18 19 18 11 7 7 5 22 11 9 3 23 27 12 15 13 22 25 51 107 82 126 97 61 43 66 96 0 43 15 2 8 27 24 43 12 20 6 22 24 19 7 32 276 196 83 88 22 55 101 39 70 147 89 42 22 99 28 0 0 21 6 24 12 18 5 14 33 3 4 12 
2 1 1 0 0 1 0 0 0 0 0 2 1 3 3 3 0 0 0 1 1 0 0 0 0 0 0 4 0 3 0 3 1 1 1 1 0 0 2 0 3 0 9 11 7 4 4 2 5 18 6 1 5 5 1 1 5 7 0 0 1 0 0 0 5 7 0 4 2 7 12 1 0 3 26 29 13 27 92 6 12 2 10 62 19 11 4 48 5 0 0 6 3 5 3 3 1 8 11 0 0 2 
1 2 4 0 1 0 0 1 0 3 0 0 2 0 0 0 1 0 2 0 2 0 0 4 0 0 0 0 0 2 1 2 1 2 0 0 0 0 5 2 2 1 8 7 3 5 1 10 2 25 11 0 2 5 1 0 0 7 0 1 1 1 1 2 5 8 5 1 0 6 5 3 4 2 14 14 4 22 85 11 2 2 8 49 25 20 9 41 7 0 0 7 5 6 6 6 0 4 8 0 1 5 
0 3 2 0 1 2 2 1 1 1 0 0 0 0 0 0 2 0 0 0 1 0 0 1 1 0 1 1 1 6 2 5 6 0 1 0 0 1 6 7 1 1 8 13 3 11 4 8 11 32 4 0 1 2 1 1 0 4 0 2 1 0 2 1 1 2 0 0 1 3 1 1 2 0 7 11 5 8 26 10 3 1 5 26 8 8 5 58 3 0 0 7 4 10 5 8 0 19 11 2 3 6 
0 2 0 0 0 0 0 0 0 5 0 0 0 0 0 0 0 0 0 0 0 0 0 0 1 0 0 0 0 1 0 1 1 0 0 0 0 0 1 4 0 1 11 9 1 8 11 1 7 18 4 2 7 5 0 0 10 10 0 2 0 0 0 1 1 0 1 1 0 1 0 3 0 2 10 20 4 7 42 14 9 0 3 81 30 22 5 34 10 0 0 11 1 4 3 6 0 6 7 1 1 6 
3 10 5 0 2 1 7 3 2 6 0 1 0 0 0 1 2 0 0 0 1 0 1 3 4 0 1 1 0 9 7 5 4 1 0 0 0 0 12 11 12 2 31 24 24 21 15 20 28 79 31 10 27 11 12 11 25 32 0 14 2 3 0 5 9 9 4 3 3 3 8 2 5 8 77 67 20 65 173 114 120 37 156 9 107 61 33 146 34 0 0 30 16 24 20 26 2 23 20 11 3 20 
1 3 1 0 1 3 2 3 0 1 1 0 1 0 0 0 0 0 0 0 0 0 0 0 0 0 0 0 0 3 0 3 0 1 0 0 1 1 2 7 2 5 22 21 8 15 6 10 15 27 3 4 10 5 0 2 15 16 0 1 0 0 0 0 3 2 0 0 0 0 1 1 5 6 11 12 1 25 45 29 28 7 36 104 11 32 14 59 10 0 0 27 12 12 3 12 2 16 17 0 0 11 
7 4 3 1 1 2 1 0 2 4 0 1 0 1 0 2 2 1 3 0 8 0 1 7 0 0 0 10 0 7 2 9 6 3 8 3 1 10 16 9 6 4 30 52 17 33 31 27 19 75 13 10 10 11 1 1 3 9 0 3 2 0 1 1 2 1 1 1 1 1 2 2 0 1 20 11 2 22 35 15 17 12 21 85 43 5 17 46 29 0 0 50 21 24 12 28 7 30 21 4 6 13 
1 2 0 2 2 0 4 0 3 1 0 0 1 1 0 0 4 3 5 0 5 0 3 1 2 0 0 0 0 7 3 6 7 1 3 2 5 5 23 3 4 6 11 59 12 21 11 15 12 55 2 11 13 4 1 1 3 8 0 1 1 1 0 0 4 0 0 0 1 0 4 1 0 1 7 14 3 7 20 11 25 10 19 38 28 14 5 36 19 0 0 52 8 18 8 17 5 29 14 2 2 16 
12 12 10 2 7 7 5 3 2 2 2 3 2 2 0 6 12 7 2 4 6 5 7 15 7 0 0 15 5 36 13 31 60 17 6 7 21 31 88 15 17 12 49 79 35 72 66 78 74 340 15 11 35 13 3 4 12 14 0 9 6 1 2 1 4 13 2 1 1 4 4 3 2 5 47 23 17 43 54 33 33 24 48 111 44 40 35 15 25 0 0 67 28 44 45 79 8 58 51 12 3 97 
2 5 0 0 0 2 2 1 2 2 0 0 2 0 0 2 8 6 0 0 3 2 0 3 2 0 0 4 0 9 4 10 10 5 6 2 13 16 26 19 13 5 25 43 12 19 7 14 18 46 7 4 12 7 1 0 1 3 0 6 3 1 2 5 0 2 1 1 1 0 1 4 0 0 19 10 3 8 15 15 8 8 13 21 10 38 25 32 4 0 0 58 6 18 14 18 1 13 16 4 3 21 
0 0 0 0 0 0 0 0 0 0 0 0 0 0 0 0 0 0 0 0 0 0 0 0 0 0 0 0 0 0 0 0 0 0 0 0 0 0 0 0 0 0 0 0 0 0 0 0 0 0 0 0 0 0 0 0 0 0 0 0 0 0 0 0 0 0 0 0 0 0 0 0 0 0 0 0 0 0 0 0 0 3 0 0 0 0 0 0 0 0 0 0 0 0 0 0 0 0 0 0 0 0 
0 0 0 0 0 0 0 0 0 0 0 0 0 0 0 0 0 0 0 0 0 0 0 0 0 0 0 0 0 0 0 0 0 0 0 0 0 0 0 0 0 0 0 0 0 0 0 0 0 0 0 0 0 0 0 0 0 0 0 0 0 0 0 0 0 0 0 0 0 0 0 0 0 0 0 0 0 0 0 0 0 0 0 0 0 0 0 0 0 0 0 0 0 0 0 0 0 0 0 0 1 0 
8 5 5 1 2 10 7 7 11 10 3 12 10 8 4 9 9 7 4 0 2 1 7 6 4 2 1 9 1 51 26 32 36 28 28 18 57 61 138 57 54 14 64 173 90 155 86 112 142 395 6 11 32 26 3 1 7 19 0 9 2 0 0 10 8 11 1 4 0 0 6 4 1 2 19 22 1 17 53 29 23 32 36 92 72 103 85 253 108 0 0 13 59 85 63 323 24 170 93 15 20 82 
1 1 1 0 1 2 0 3 0 1 0 1 1 0 0 1 0 0 0 0 0 0 0 0 1 1 0 1 0 3 3 5 0 3 5 2 1 3 10 10 7 6 22 35 9 19 10 14 8 33 0 1 3 2 1 0 4 0 0 3 1 0 0 3 1 0 0 0 0 1 0 1 0 0 11 7 1 4 12 0 6 3 5 15 13 17 15 63 11 0 0 40 3 4 6 24 7 16 7 6 1 13 
0 2 2 2 0 0 0 1 0 0 0 0 2 2 0 0 2 1 1 0 0 0 0 0 0 0 0 2 0 8 2 5 5 2 2 5 12 10 11 4 8 1 21 44 18 21 15 25 22 62 2 2 5 4 2 1 4 4 0 0 0 0 0 0 0 0 0 0 0 0 1 0 0 0 6 6 2 14 12 9 8 8 11 20 28 22 11 57 21 0 0 61 3 1 3 46 0 9 9 7 5 26 
1 1 2 0 0 2 1 3 1 1 0 1 1 0 0 3 0 0 0 0 0 0 0 0 0 0 1 1 0 6 5 3 2 4 2 3 9 3 9 7 9 1 18 33 10 22 5 23 26 90 6 3 1 4 0 1 4 6 0 1 0 0 0 3 0 0 0 0 0 0 0 0 2 0 8 6 1 12 17 7 7 3 12 27 10 25 16 63 11 0 0 34 4 7 1 12 5 25 13 6 4 19 
1 0 2 1 0 0 2 1 2 1 1 0 2 0 2 0 2 0 0 0 1 2 0 0 2 0 0 1 0 6 4 16 2 2 4 5 8 9 20 8 3 3 26 36 19 19 11 19 16 48 2 2 3 0 0 0 2 3 0 2 0 0 0 3 0 0 0 0 0 0 0 0 0 0 7 7 0 4 7 11 7 3 10 12 13 19 10 85 15 0 0 76 7 18 14 1 4 35 7 23 3 30 
0 0 0 0 0 0 1 1 0 0 0 0 2 0 0 1 0 0 0 0 0 0 0 0 1 0 0 0 0 0 1 0 3 1 1 1 0 1 0 0 3 0 7 6 2 4 3 1 3 5 0 1 3 0 0 1 0 0 0 0 0 0 0 0 0 0 0 0 0 0 0 0 0 0 5 0 0 0 0 3 0 2 1 0 0 3 3 9 4 0 0 10 0 1 1 3 0 2 0 0 0 4 
0 1 1 1 1 0 3 1 0 0 0 0 0 1 0 0 0 0 0 0 1 0 1 0 0 0 0 3 0 3 2 3 3 1 4 0 14 3 12 3 4 0 15 23 12 12 10 15 13 46 4 1 3 7 1 2 0 6 0 0 0 0 0 0 0 0 1 0 0 0 0 2 0 1 4 0 1 2 8 3 11 3 5 17 19 11 10 50 7 0 0 48 1 1 7 19 7 2 2 2 1 14 
3 1 2 1 1 2 1 1 2 2 1 1 3 2 0 0 0 0 0 0 1 0 0 1 1 0 0 2 0 4 3 6 3 0 5 0 6 5 18 2 2 0 17 18 16 9 11 8 19 48 3 5 2 3 2 0 5 6 0 1 0 0 0 0 2 0 0 1 0 0 0 0 0 1 4 9 1 6 7 3 13 5 12 19 18 16 5 51 11 0 0 16 3 13 11 0 0 3 2 2 1 16 
1 0 0 0 0 0 0 0 0 0 0 0 0 0 0 0 0 0 3 0 0 0 0 0 0 0 0 0 0 2 0 0 3 0 0 0 1 2 1 1 0 0 2 0 5 3 3 4 3 5 0 2 0 0 0 0 0 0 0 0 0 0 0 0 2 0 0 0 0 0 0 0 0 1 0 2 0 0 1 2 0 0 3 2 4 5 0 8 1 0 0 5 0 10 0 2 0 2 4 0 1 4 
0 0 0 0 1 1 0 0 0 0 0 0 2 0 0 0 0 0 0 0 0 0 0 0 0 0 0 0 0 1 0 1 3 3 1 0 2 2 4 1 0 0 2 4 7 1 2 4 2 8 0 2 1 0 0 0 0 1 0 0 0 0 0 0 0 1 0 0 0 0 0 0 0 0 0 2 0 2 6 4 5 0 5 7 4 1 3 12 2 0 0 7 2 0 4 0 0 1 2 1 0 4 
11 26 12 0 3 11 10 9 8 7 3 8 17 6 3 8 13 9 2 4 8 1 2 9 1 0 0 22 0 56 21 48 42 12 30 30 54 53 78 44 53 8 170 144 117 119 89 77 114 319 38 31 26 12 2 4 13 19 0 10 2 2 1 2 9 14 3 3 1 1 6 1 0 2 29 17 4 11 57 29 18 25 32 79 55 91 54 362 88 0 0 121 31 105 96 150 7 83 30 7 0 14 
