10 10 26 11 15 12 35 18 41 19 12 33 66 127 93 66 49 32 19 10 15 21 2 37 17 1 1 36 106 2 1 8 28 2 4 3 7 5 31 27 16 2 9 9 17 19 12 3 4 57 6 2 10 4 2 0 4 1 0 0 4 3 3 3 5 16 4 5 0 0 2 2 6 5 0 1 0 2 25 4 0 2 0 5 0 6 1 21 2 0 0 18 1 2 0 2 2 1 3 0 0 15 
8 15 23 11 4 28 36 28 41 21 16 47 59 140 81 66 35 27 27 10 8 8 5 26 9 0 1 28 155 5 1 3 21 4 2 2 9 8 41 22 13 2 13 14 12 18 25 8 7 59 10 3 9 2 0 3 3 9 0 3 3 2 1 2 9 20 3 8 1 2 2 0 1 4 1 3 1 0 20 1 1 1 2 10 0 2 1 20 0 0 0 14 0 2 4 4 1 1 7 0 1 15 
19 21 9 21 13 47 32 30 52 26 14 36 80 120 69 76 75 13 29 8 9 10 8 21 11 2 0 31 275 4 1 3 12 3 0 2 10 4 37 15 20 2 8 21 19 21 11 5 8 40 5 3 4 5 3 0 3 9 0 0 1 4 1 6 3 7 3 3 0 4 0 1 0 4 1 0 0 2 21 0 1 0 1 5 1 10 2 16 3 0 0 16 1 4 1 2 0 2 4 0 0 10 
5 9 26 1 3 6 16 7 18 4 0 5 12 31 15 12 10 6 5 4 2 4 1 6 3 0 0 5 61 1 1 1 1 0 0 0 2 0 3 1 4 0 3 2 3 3 5 2 1 6 0 0 0 1 1 0 1 1 0 0 2 2 0 0 0 0 1 0 2 0 0 0 0 1 0 1 0 0 7 0 1 1 0 0 0 0 0 2 0 0 0 1 0 0 0 2 0 0 0 0 1 1 
14 9 6 1 1 7 13 6 7 7 4 14 33 36 19 28 15 11 3 6 4 1 5 18 4 1 0 13 57 3 0 0 3 0 2 1 1 1 7 4 8 0 3 10 2 0 2 2 2 12 2 3 8 1 0 0 1 4 0 0 0 2 0 0 2 4 1 0 0 1 2 1 1 2 1 1 0 0 8 0 0 1 1 2 0 2 0 11 1 0 0 3 0 0 1 0 0 0 0 0 0 4 
29 45 35 7 15 9 20 30 26 21 23 46 79 126 52 78 49 33 29 9 10 11 2 34 10 0 0 33 224 7 5 4 11 2 3 0 2 15 49 31 18 0 8 11 9 11 5 3 2 51 7 4 10 5 0 0 0 15 0 1 2 6 5 4 6 12 0 3 1 2 1 4 5 5 0 0 0 0 23 1 3 0 0 2 4 13 1 5 2 0 0 10 1 2 4 0 0 1 0 0 0 10 
34 62 35 13 12 28 16 33 31 20 17 28 74 105 62 70 47 38 40 18 15 13 2 23 5 0 1 23 86 3 1 5 16 2 6 2 1 3 44 17 11 7 13 9 8 12 14 5 4 30 5 4 16 4 0 1 5 7 0 1 2 3 2 5 14 13 3 3 3 1 1 6 7 5 1 0 2 1 10 4 0 0 0 3 5 1 4 7 1 0 0 16 5 3 0 0 0 2 5 0 0 5 
35 40 35 10 13 18 32 17 14 13 9 35 56 118 57 69 75 30 23 12 15 10 9 22 10 2 0 20 73 6 8 2 10 0 1 1 1 5 21 17 13 4 7 7 2 16 4 0 5 26 2 6 5 7 2 3 4 6 0 2 3 6 1 2 2 13 5 3 1 4 5 2 2 2 0 2 1 1 11 1 0 2 0 5 2 3 3 5 2 0 0 5 2 3 1 2 0 0 0 0 0 2 
35 53 49 9 11 33 51 29 10 9 17 30 63 117 29 70 61 34 37 10 9 9 5 29 4 0 0 29 106 10 2 2 7 0 2 1 5 5 30 25 16 2 6 6 9 9 14 4 4 34 5 3 13 7 1 2 5 8 0 1 0 0 1 4 3 16 1 3 0 2 2 4 3 3 2 5 2 0 15 1 0 0 0 3 2 1 1 1 0 0 0 6 0 1 1 7 0 0 5 0 0 3 
13 36 33 5 11 11 16 7 5 5 6 11 36 57 30 55 43 18 21 7 7 7 5 33 11 0 1 23 36 2 0 0 3 1 0 0 0 1 25 4 5 1 8 3 5 7 3 2 2 23 14 3 13 5 2 2 2 2 0 2 3 1 1 1 1 5 1 0 2 1 2 2 8 1 5 2 0 1 13 1 0 0 0 3 0 0 1 9 1 0 0 5 0 0 0 1 0 0 2 0 0 2 
11 10 7 2 4 15 27 10 7 11 1 12 34 31 17 40 15 10 21 2 6 11 3 11 9 0 1 19 30 4 0 2 5 0 1 0 2 0 13 7 6 4 1 8 1 7 9 2 0 33 1 3 3 2 2 0 1 6 0 3 0 1 0 1 0 7 1 2 0 0 0 1 4 4 1 4 0 0 7 1 0 0 0 0 0 1 0 3 0 0 0 4 0 0 0 1 0 0 0 0 0 3 
43 55 48 6 20 20 38 49 43 32 7 9 31 63 26 67 47 32 43 11 10 14 9 74 24 3 1 47 51 10 4 3 13 1 3 0 2 5 31 13 10 2 9 9 7 17 11 7 7 40 2 6 6 1 2 0 3 3 0 3 1 8 2 0 1 3 1 0 1 2 2 4 3 7 0 1 0 1 17 0 0 0 0 0 0 1 0 3 0 0 0 9 2 3 2 1 0 0 1 1 0 6 
35 54 43 9 19 44 46 63 69 31 24 29 7 67 21 77 73 38 50 22 28 22 10 65 29 3 1 59 66 9 10 7 20 2 6 0 6 14 25 35 13 6 7 7 10 16 13 3 1 34 4 2 11 10 3 2 3 6 0 5 0 6 2 1 2 2 1 1 1 0 3 1 2 6 1 3 0 1 15 0 0 0 0 2 0 0 0 7 2 0 0 6 2 2 0 0 0 0 0 0 0 8 
47 78 52 12 22 35 40 38 44 23 13 17 17 17 4 49 45 42 51 33 44 16 21 71 36 7 3 135 54 3 1 0 6 0 1 1 1 5 22 13 9 1 10 11 4 2 4 3 2 31 7 4 11 5 1 5 2 5 0 4 1 2 0 0 1 1 1 0 0 0 1 1 0 5 1 3 1 1 17 2 0 0 0 1 0 0 0 7 1 0 0 9 1 4 2 1 0 1 2 0 1 2 
61 67 77 8 23 44 45 64 83 49 16 31 50 21 7 35 47 30 45 19 24 29 24 83 38 10 8 159 50 11 0 5 10 0 0 1 0 4 7 21 4 3 9 10 5 6 4 4 1 19 11 6 7 6 2 4 7 6 0 5 0 1 0 0 0 2 0 0 1 0 0 2 2 5 5 0 0 2 20 1 0 0 0 0 0 0 0 2 4 0 0 7 1 0 1 0 0 2 0 0 0 6 
41 46 43 12 12 41 39 50 56 49 23 43 39 48 18 13 44 47 61 22 38 38 31 87 37 12 4 125 40 22 11 13 49 16 25 8 56 6 15 38 17 5 11 14 11 17 15 4 5 48 11 5 12 5 3 1 4 6 0 2 2 6 2 1 1 1 0 2 0 1 0 0 0 2 3 1 1 5 20 0 0 3 0 1 0 7 1 9 3 0 0 19 7 3 0 3 2 0 0 0 0 8 
17 27 30 9 13 27 34 32 41 44 7 30 81 132 47 88 8 37 76 23 52 28 28 93 23 7 1 75 40 42 8 23 57 14 43 19 71 13 62 31 19 3 28 23 24 30 24 13 8 72 9 6 12 1 2 4 9 7 0 5 4 4 1 5 3 1 0 0 0 0 0 2 5 5 8 2 2 2 15 1 0 0 0 1 4 6 8 21 5 0 0 9 0 0 0 2 0 0 3 0 0 7 
20 28 33 3 15 16 17 20 33 29 15 39 39 135 37 123 53 16 30 16 40 17 19 28 25 15 6 61 43 19 3 20 32 11 15 7 49 8 73 24 24 6 16 17 25 16 18 2 5 60 8 1 9 4 3 0 4 4 0 2 1 5 0 1 0 0 0 0 0 0 0 0 2 0 0 1 1 1 16 1 1 0 0 1 0 4 2 10 5 0 0 6 4 2 1 0 0 0 0 0 0 5 
19 32 18 6 3 35 24 25 17 18 7 21 38 108 30 78 26 20 2 11 28 18 16 51 29 6 2 88 38 17 3 5 23 13 19 5 28 6 27 7 6 1 8 15 7 10 19 1 6 34 5 0 11 2 0 0 0 3 0 1 0 4 1 1 1 0 0 0 0 0 1 0 1 1 2 3 0 2 7 0 0 0 0 0 0 2 1 7 3 0 0 5 1 0 0 0 0 0 0 0 0 2 
6 20 14 2 4 5 8 10 20 8 10 15 41 86 21 87 48 30 38 5 8 6 11 31 25 14 9 87 25 3 2 3 12 3 9 5 13 6 46 18 11 1 6 5 3 5 6 3 1 18 1 1 2 2 0 3 1 1 0 0 1 1 0 0 0 0 0 0 0 0 0 1 0 0 1 2 0 3 5 0 0 0 0 0 0 0 1 3 1 0 0 0 0 0 0 0 0 0 1 0 0 2 
14 20 9 2 1 8 16 8 10 27 4 20 47 99 52 129 82 66 53 1 11 5 19 25 12 13 4 72 27 14 0 0 10 12 5 6 20 17 43 11 13 5 3 10 11 16 13 2 7 20 3 1 0 0 0 0 0 1 0 0 1 0 0 1 0 0 0 0 0 0 0 0 0 0 1 1 0 0 4 1 0 0 1 0 0 5 3 8 1 0 0 3 0 2 0 0 0 0 1 0 1 2 
13 23 14 0 12 18 16 23 31 22 16 29 46 120 63 121 78 30 45 2 7 11 15 36 12 15 10 106 51 8 0 5 9 2 9 2 19 11 60 4 10 1 6 14 11 12 12 8 6 20 1 2 2 0 0 0 1 1 0 1 0 0 1 0 0 0 0 0 0 0 0 0 0 1 0 0 1 0 2 0 0 0 0 0 2 0 1 2 1 0 0 2 0 0 0 0 0 0 0 0 0 0 
7 1 6 1 2 5 7 5 9 6 4 7 32 60 39 123 51 44 38 11 36 18 11 19 11 7 7 110 12 4 1 1 18 1 9 3 19 10 42 7 2 0 2 6 3 18 12 4 0 20 1 1 1 0 0 1 1 3 0 1 2 1 0 2 2 1 0 0 0 0 0 0 0 0 2 0 1 0 6 0 1 0 0 0 0 0 0 2 1 0 0 3 1 0 0 1 0 0 0 0 0 0 
19 24 18 1 5 24 27 35 19 36 13 37 53 117 55 183 164 92 120 12 60 27 22 18 8 49 29 154 14 15 6 7 39 9 21 8 30 21 117 18 23 2 15 14 15 19 18 10 8 90 9 8 8 3 5 2 2 0 0 0 0 1 2 3 1 0 0 0 0 0 0 0 0 0 0 1 0 0 24 4 0 1 0 0 1 6 3 14 0 0 0 16 2 1 0 0 0 0 1 0 0 3 
26 18 14 2 2 17 10 7 8 45 13 34 70 98 63 127 65 27 50 25 24 10 9 15 7 8 24 76 12 17 11 6 114 14 11 13 26 11 59 47 48 3 12 25 29 30 33 11 18 186 17 9 26 14 15 7 7 6 0 1 1 6 0 2 4 0 0 3 1 0 0 0 1 0 7 5 0 2 31 6 1 2 1 4 0 6 2 61 5 0 0 11 0 2 4 2 0 0 5 0 0 5 
1 1 0 0 0 0 0 0 0 4 0 2 3 11 7 10 12 2 7 4 9 11 11 51 5 1 0 27 0 1 0 0 0 0 1 4 4 2 4 0 1 0 1 0 2 1 0 0 2 1 0 0 3 0 0 0 0 0 0 0 0 1 0 0 0 0 1 0 0 0 0 0 0 0 1 0 0 0 1 0 0 0 0 0 0 0 0 0 2 0 0 0 0 0 0 0 0 0 0 0 0 0 
1 0 4 0 0 1 0 1 1 3 0 1 3 14 5 20 10 7 6 9 36 14 14 43 15 5 0 64 0 3 1 2 1 2 0 0 4 4 13 0 0 0 1 1 2 1 2 0 1 5 0 0 1 1 0 0 0 0 0 0 0 7 0 0 0 0 0 0 0 0 0 0 0 1 0 1 0 0 3 0 0 0 0 2 0 0 0 0 0 0 0 0 0 0 0 0 0 0 0 0 0 0 
27 30 22 4 11 20 15 28 13 41 11 32 91 206 112 199 125 70 99 52 108 71 62 96 55 19 22 7 20 4 3 7 32 4 18 8 59 34 92 38 44 4 14 45 22 39 24 8 7 105 11 0 16 3 9 1 5 2 0 3 0 1 0 1 2 0 0 0 0 0 0 0 2 2 6 6 1 1 18 0 2 0 0 3 3 6 4 36 2 0 0 17 1 3 2 0 0 0 0 0 0 8 
5 6 13 2 3 1 1 3 11 6 0 3 11 9 6 6 3 3 4 3 1 2 1 4 2 1 0 2 6 0 1 0 4 1 0 0 1 3 2 2 0 1 2 0 2 0 2 0 1 5 0 0 0 0 0 0 0 3 0 0 0 0 0 1 1 2 0 1 0 0 0 0 3 0 0 0 0 0 1 0 0 1 0 0 0 2 0 2 0 0 0 3 0 1 0 0 0 0 1 0 0 2 
2 8 6 0 0 2 6 1 3 2 1 4 15 8 11 30 52 46 24 4 9 3 2 14 9 2 1 4 12 30 95 125 368 97 220 239 634 187 388 162 107 14 66 95 65 104 77 22 35 211 11 6 10 13 4 3 9 8 0 4 9 20 6 18 18 78 12 15 6 12 5 7 6 2 4 2 0 2 47 5 5 5 3 8 3 18 4 63 18 0 0 40 11 8 15 3 0 2 17 0 1 37 
0 3 2 0 0 1 3 3 0 0 0 3 2 2 1 17 26 18 14 2 3 5 0 6 2 2 1 2 3 77 6 82 136 42 92 89 228 61 149 60 35 8 29 32 31 24 12 4 17 69 1 0 7 2 1 0 3 3 0 1 0 3 4 8 8 40 7 4 3 6 2 7 8 0 0 1 0 1 14 2 0 1 2 2 1 2 1 25 1 0 0 29 6 3 1 2 0 0 1 0 3 8 
5 7 4 0 0 3 3 1 2 4 2 4 11 8 6 24 48 19 13 0 4 2 2 6 3 0 0 11 3 149 90 3 149 45 115 100 438 184 353 104 98 12 68 71 67 78 65 20 22 173 9 9 10 6 7 5 5 6 0 10 6 7 6 11 23 38 4 5 7 0 1 3 2 2 2 1 0 2 24 6 0 4 1 4 2 8 7 46 12 0 0 41 4 10 8 7 3 1 6 0 0 14 
10 6 8 0 1 5 12 5 1 5 2 6 16 9 5 19 30 12 9 5 3 4 3 26 15 0 0 27 17 172 67 64 16 20 76 79 266 69 238 98 80 17 72 82 79 79 64 32 31 350 14 7 25 10 6 4 10 12 0 2 3 7 0 12 14 17 3 6 6 15 17 10 4 6 4 3 0 3 42 3 2 10 0 5 0 22 4 87 12 0 0 29 7 6 11 11 1 6 9 1 1 39 
2 11 2 2 1 0 0 1 1 1 0 2 1 1 0 15 15 10 5 1 0 1 1 4 2 0 0 5 9 64 47 33 57 5 37 24 133 64 169 63 42 9 29 41 29 53 27 14 12 83 15 6 13 6 4 5 6 19 0 1 7 11 0 1 9 29 6 10 5 6 5 10 20 20 8 3 1 0 22 4 2 2 3 3 0 5 2 19 6 0 0 34 4 4 8 1 1 0 1 0 0 3 
6 3 4 0 1 4 3 0 0 0 0 1 3 1 1 9 23 15 8 4 5 4 4 17 8 0 0 20 2 127 48 74 94 35 13 27 144 64 118 79 57 6 63 51 51 41 31 14 11 104 8 2 13 5 2 2 0 5 0 7 0 15 3 9 7 15 6 4 4 11 6 10 20 1 2 2 1 5 23 3 4 1 1 4 1 12 1 13 9 0 0 54 15 5 7 2 0 1 8 0 0 6 
6 6 1 1 3 4 0 0 1 0 2 0 1 2 2 9 20 11 5 5 11 6 6 18 5 1 1 5 13 137 38 85 107 16 60 5 243 65 98 58 43 7 41 38 37 33 29 20 20 123 4 4 4 1 2 0 1 4 0 0 0 6 0 7 5 8 2 6 2 5 5 2 8 0 3 0 0 1 14 1 0 1 0 1 0 3 1 15 5 0 0 33 4 6 3 3 0 3 2 3 0 13 
5 4 7 0 0 2 3 2 3 1 1 3 1 0 1 20 18 15 10 1 9 7 4 20 10 0 2 19 2 250 100 155 190 66 91 101 13 90 204 160 118 39 121 109 96 107 80 25 46 264 9 5 15 5 1 0 3 6 0 1 2 10 9 22 10 16 4 9 2 6 22 10 14 9 5 0 1 5 8 0 2 3 2 0 1 8 17 44 14 0 0 82 20 14 14 18 2 8 12 1 2 28 
8 6 4 0 4 7 5 6 5 6 3 7 11 7 3 2 17 5 10 5 10 3 8 24 12 2 1 19 15 133 39 107 145 33 61 65 145 15 132 167 105 13 87 101 85 99 108 26 30 309 6 5 2 2 1 1 0 2 0 1 1 16 4 11 2 6 1 3 1 0 6 5 8 7 4 4 0 1 12 1 0 0 1 2 1 12 8 53 24 0 0 78 11 10 5 4 0 5 10 0 1 26 
10 15 10 4 4 8 9 18 20 11 4 15 14 10 4 5 17 19 17 12 10 5 7 36 12 8 0 34 18 105 36 100 182 52 95 48 243 94 14 211 120 16 86 147 67 144 85 34 27 237 4 0 16 3 1 4 6 8 0 3 4 16 2 17 19 13 4 3 1 3 8 12 15 5 7 2 0 1 21 4 2 3 2 6 0 22 12 70 26 0 0 92 16 10 9 9 5 6 11 3 2 40 
16 25 15 2 5 23 8 14 10 19 5 13 25 16 18 23 47 30 21 14 8 2 9 16 15 1 3 31 26 141 43 83 183 78 143 85 525 199 494 29 53 20 94 166 84 213 135 41 66 333 6 1 7 0 3 2 6 2 0 2 7 16 3 25 25 16 4 2 2 2 7 3 7 13 9 4 4 2 21 3 3 2 5 17 8 11 8 32 14 0 0 51 6 6 13 15 1 7 11 0 2 13 
13 17 10 1 4 9 3 8 10 14 2 9 9 10 6 11 42 25 13 7 7 4 2 28 29 0 3 36 14 64 20 54 153 43 74 53 225 128 294 55 8 22 74 74 55 145 98 39 30 212 3 5 8 2 1 1 2 2 0 2 4 6 2 6 9 11 0 4 4 0 2 1 6 7 9 5 0 4 7 4 3 4 6 10 7 20 8 10 15 0 0 35 14 16 9 8 0 2 10 2 3 20 
0 1 0 0 0 2 2 1 5 0 0 1 5 2 2 0 6 3 0 3 3 2 1 5 4 0 0 2 2 4 4 7 23 9 18 1 55 30 44 21 16 2 44 46 29 38 38 4 4 39 2 0 4 0 0 0 0 2 0 0 0 1 1 1 0 3 0 0 0 1 0 0 1 7 2 2 0 1 2 0 2 0 4 6 3 15 6 21 6 0 0 4 3 3 9 5 2 0 2 0 0 6 
5 11 4 1 2 4 9 10 2 7 5 18 8 6 7 8 17 12 6 3 5 2 1 9 7 0 1 9 9 41 14 34 119 25 36 21 158 77 128 43 43 21 22 52 54 106 57 22 24 148 5 5 16 5 0 2 2 5 0 3 1 9 1 6 4 9 0 2 1 5 5 3 15 2 10 7 4 6 31 13 8 12 11 39 23 50 20 98 28 0 0 84 33 27 21 40 8 24 37 7 3 83 
10 14 18 2 2 6 4 3 5 8 0 10 3 3 8 12 24 14 12 8 8 2 2 15 13 1 0 25 10 45 9 32 110 28 58 32 161 74 176 67 79 22 67 16 104 182 91 43 38 239 12 10 21 6 4 2 8 10 0 6 4 4 0 11 10 12 4 3 1 0 3 3 10 12 14 11 1 4 32 14 11 21 20 63 22 78 34 126 54 0 0 161 34 43 23 66 7 29 27 8 7 66 
17 20 3 2 4 7 10 5 16 8 2 6 7 10 7 8 19 31 13 7 7 3 3 23 15 2 1 37 23 42 11 33 126 42 53 59 187 84 154 99 53 16 67 144 9 126 97 70 68 220 5 4 7 3 0 4 3 1 0 3 8 6 0 8 4 16 7 5 6 1 2 3 7 4 7 2 2 8 7 8 7 18 3 18 3 32 7 57 13 0 0 73 17 25 11 29 4 13 30 3 1 53 
11 21 8 1 6 17 13 6 20 12 2 12 25 12 8 5 27 24 15 7 7 3 5 29 18 0 2 26 24 54 15 46 167 29 64 58 188 116 212 88 101 20 92 169 92 23 137 96 77 396 11 1 14 2 2 2 1 0 0 0 3 4 3 3 8 17 3 3 6 5 8 2 10 13 19 9 0 7 43 14 5 17 7 38 9 38 21 124 19 0 0 108 14 25 28 36 7 27 17 3 11 77 
9 9 10 2 5 4 12 6 9 11 9 7 10 7 3 9 19 14 19 4 1 5 2 30 12 0 0 28 12 52 13 39 183 23 45 32 190 98 235 136 74 18 78 189 134 189 13 73 64 292 12 10 8 3 2 3 1 6 0 3 3 8 4 4 3 13 8 0 3 1 2 2 4 5 13 4 2 1 26 9 6 12 5 38 9 52 11 166 19 0 0 75 23 42 21 20 3 14 30 4 0 80 
2 5 7 0 2 4 5 4 2 3 4 2 1 8 4 6 13 12 8 3 2 1 1 12 3 0 0 15 10 14 11 19 87 14 25 25 104 42 143 54 51 17 48 130 108 266 228 9 47 318 1 4 5 2 1 2 6 1 0 1 0 2 0 0 4 13 4 2 3 0 1 1 3 2 4 5 1 2 14 5 5 5 5 14 8 15 9 90 11 0 0 72 11 20 15 12 4 4 11 1 1 33 
9 5 8 1 0 7 0 3 9 6 3 2 6 8 1 7 12 9 13 2 5 2 0 22 11 0 0 21 8 39 7 8 135 17 24 21 119 51 101 88 79 15 110 207 147 323 285 74 8 521 6 5 10 0 2 2 2 1 0 1 0 7 0 2 2 2 0 3 5 4 0 8 3 7 5 5 1 1 16 2 7 8 5 23 13 18 10 163 17 0 0 114 20 29 60 16 0 9 15 2 2 64 
47 47 38 13 19 30 22 25 30 38 18 26 30 47 23 32 59 68 37 16 19 20 17 127 44 3 2 103 70 206 45 117 961 78 138 106 474 276 491 286 255 53 253 473 335 593 271 154 145 33 37 13 51 8 6 10 12 14 0 8 4 14 3 18 21 39 10 13 9 10 19 12 25 24 24 31 5 7 105 28 18 43 32 109 19 107 39 708 40 0 0 242 42 64 85 33 7 26 64 8 6 225 
8 9 7 2 3 10 3 3 3 10 4 4 15 38 11 19 7 7 8 1 0 2 1 17 3 0 0 16 3 12 2 4 66 9 13 1 25 2 26 4 13 4 7 14 8 15 13 4 5 53 6 8 41 13 16 6 32 41 0 33 12 4 4 15 13 33 3 9 3 12 2 8 28 26 12 10 2 3 96 5 8 2 10 44 2 12 13 45 11 0 0 19 2 6 8 3 0 5 6 1 2 25 
2 3 7 1 2 2 5 3 1 5 1 6 7 17 2 9 5 4 2 0 0 2 0 17 2 0 0 2 11 4 1 1 40 4 4 3 18 0 14 2 2 0 4 19 4 12 12 5 0 43 6 11 23 5 2 12 14 26 0 20 13 6 3 9 11 19 3 11 3 2 3 2 7 7 7 7 1 1 70 8 5 2 2 13 4 10 7 31 8 0 0 6 4 8 6 5 0 10 1 0 1 18 
8 7 5 1 4 4 10 5 2 8 2 6 6 18 16 24 20 14 6 1 1 2 2 26 7 0 1 19 8 6 6 21 67 14 14 4 15 7 37 6 8 1 17 23 11 12 17 7 3 76 19 16 4 12 13 2 14 28 0 38 7 3 2 17 17 30 8 15 7 11 8 8 22 10 9 3 2 13 107 14 6 5 4 33 1 27 8 70 8 0 0 18 2 1 8 1 0 6 2 1 0 23 
5 7 6 0 0 6 4 1 3 6 2 5 8 21 9 17 14 6 4 0 0 5 1 5 2 0 0 5 2 3 5 11 31 6 5 2 10 10 20 9 4 0 8 12 3 9 11 2 2 19 27 14 35 5 13 3 29 55 0 35 6 7 5 18 17 19 4 16 1 10 3 7 5 7 4 7 1 0 86 9 9 3 3 16 7 16 0 10 6 0 0 16 1 3 2 3 0 5 0 0 0 9 
0 4 2 1 0 2 0 1 3 1 1 5 6 5 2 13 3 3 1 0 0 0 0 2 1 0 0 7 5 7 0 6 11 1 2 1 10 0 5 2 1 0 0 1 1 2 1 0 0 15 15 8 20 6 0 1 7 23 0 22 4 3 0 5 4 13 1 9 0 3 0 0 14 11 4 4 2 5 59 4 0 2 0 11 3 5 2 4 3 0 0 2 2 1 4 1 0 2 1 2 0 6 
1 2 0 0 0 1 0 0 0 1 2 1 0 0 2 5 1 6 1 0 0 0 0 4 0 0 0 1 3 1 0 0 13 0 3 2 4 0 1 1 0 0 1 2 1 5 0 0 0 13 5 6 14 5 2 1 14 20 0 9 2 5 5 6 6 5 0 3 2 0 1 0 3 4 2 2 0 1 46 0 0 0 1 12 9 3 0 8 4 0 0 2 0 0 0 2 0 0 1 0 0 1 
3 5 5 0 0 0 1 0 0 1 2 8 12 17 7 12 11 13 3 1 3 2 1 6 1 0 0 4 3 4 2 4 29 8 7 1 13 1 16 4 2 0 10 6 2 6 4 0 6 14 23 14 19 11 18 5 2 23 0 6 10 6 2 17 16 21 7 6 1 4 8 4 4 9 7 13 2 3 68 5 6 5 3 26 11 7 3 16 3 0 0 10 2 1 1 0 0 2 1 0 0 5 
11 10 8 0 1 3 11 6 6 6 3 6 11 36 2 8 4 7 7 3 2 0 2 6 2 0 0 8 6 8 4 14 39 15 16 3 8 3 30 7 6 0 4 6 3 11 5 0 6 25 20 14 45 15 8 17 12 5 0 21 6 14 10 23 10 32 2 17 6 11 7 9 13 16 13 13 3 8 99 27 8 4 3 44 16 10 3 32 9 0 0 21 6 2 12 4 1 3 9 0 2 9 
0 0 0 0 0 0 0 0 0 0 0 0 0 0 0 0 0 0 0 0 0 0 0 1 0 0 0 0 0 0 0 0 0 0 0 0 0 0 0 0 0 0 0 0 0 0 0 0 0 0 0 0 0 0 0 0 0 0 0 0 0 0 0 0 0 0 0 0 0 0 0 0 0 0 0 0 0 0 0 0 0 0 0 0 0 0 0 0 0 0 0 0 0 0 0 0 0 0 0 0 0 0 
6 12 17 1 6 6 10 6 3 3 6 7 8 23 19 27 15 14 12 2 7 4 2 24 9 0 0 22 15 13 4 1 13 1 1 2 1 1 13 4 5 1 7 4 2 10 3 2 3 16 23 12 29 32 10 11 16 33 0 5 8 9 7 18 27 38 11 10 8 10 7 20 22 18 4 11 4 2 59 3 5 3 0 17 5 17 3 13 7 0 0 11 3 1 3 2 0 3 7 0 0 9 
1 0 3 0 2 2 0 1 3 0 0 1 1 4 1 6 2 4 1 0 0 0 0 1 0 0 0 2 1 1 0 4 6 1 1 1 2 4 0 2 3 0 0 4 4 3 3 1 1 11 6 7 11 12 1 4 9 7 0 7 2 9 3 9 10 22 18 11 4 7 10 3 9 11 2 4 0 3 15 1 0 1 2 8 3 7 2 10 1 0 0 6 2 1 1 0 0 0 0 0 0 1 
1 2 3 0 1 5 1 2 1 2 0 5 0 3 2 0 5 1 2 0 1 0 0 2 1 0 0 3 1 0 3 3 10 3 10 4 13 5 15 3 2 1 5 9 1 5 1 1 2 10 5 1 13 2 0 2 4 0 0 4 11 5 1 3 14 19 8 9 1 1 8 6 7 4 1 1 0 4 19 3 7 7 5 3 0 1 1 2 4 0 0 12 1 0 1 4 1 0 0 1 0 2 
3 1 0 4 0 1 1 0 1 1 0 0 0 0 0 1 0 0 3 0 0 0 0 0 0 0 0 1 0 4 2 1 4 2 3 3 14 4 10 2 0 0 1 2 1 2 0 0 0 3 0 1 4 4 1 4 6 5 0 7 3 2 0 0 8 13 5 6 1 5 4 4 5 4 0 1 0 0 3 2 1 1 0 1 0 2 0 1 0 0 0 2 1 0 0 0 0 1 0 0 0 0 
2 5 3 1 1 1 5 4 4 0 2 2 4 2 0 2 0 0 1 1 0 0 0 3 1 0 0 2 3 8 4 8 8 8 10 12 40 5 23 7 9 1 8 5 11 9 4 2 2 16 16 11 23 16 5 6 9 9 0 14 7 24 1 7 13 27 16 12 10 6 11 14 13 13 9 3 0 2 35 3 1 1 1 13 0 7 0 7 2 0 0 12 0 1 0 0 0 0 0 0 0 0 
8 5 8 0 1 2 2 4 1 1 2 6 0 0 3 3 1 3 1 0 0 0 0 3 0 5 0 2 6 31 11 12 25 6 14 5 39 10 36 8 15 4 10 14 13 8 14 4 5 19 17 13 24 17 12 1 10 6 0 23 12 23 19 1 5 36 14 14 16 20 24 26 31 31 4 6 3 3 34 5 10 3 1 6 4 4 0 10 7 0 0 9 3 1 2 3 0 0 0 0 0 3 
7 13 9 4 2 11 19 9 2 3 2 3 5 1 0 2 1 0 2 0 0 2 1 0 0 0 0 0 8 31 18 26 53 11 34 14 47 9 54 24 18 2 13 10 18 16 12 4 9 36 29 11 35 9 9 12 11 11 0 28 14 36 12 37 33 22 12 33 25 51 36 46 45 50 14 7 2 6 62 13 18 1 4 9 3 3 0 8 1 0 0 4 3 1 0 1 2 0 1 0 0 7 
2 5 2 0 1 5 1 3 1 1 1 1 0 1 0 0 0 0 0 0 0 0 0 1 0 1 0 0 8 6 1 14 19 3 5 3 12 8 7 1 1 0 4 1 4 1 5 1 3 13 7 3 9 6 2 4 6 4 0 10 5 14 4 10 13 18 2 5 3 17 8 25 16 14 6 1 0 0 16 2 4 3 1 4 1 2 3 3 0 0 0 1 0 0 0 0 0 0 0 0 0 0 
8 5 3 0 2 4 5 3 5 2 0 1 0 0 0 0 0 0 0 0 0 0 0 0 0 0 0 0 5 9 8 0 18 13 22 5 28 4 10 1 6 2 2 12 12 3 6 1 5 22 16 3 24 11 4 9 15 15 0 18 17 21 9 13 23 58 3 7 9 15 27 50 34 40 3 2 2 3 30 4 0 5 1 6 1 5 1 3 1 0 0 0 0 0 0 0 0 0 0 0 0 2 
0 1 0 0 2 0 3 2 2 0 0 0 0 1 0 0 0 0 0 2 0 1 0 0 0 0 0 0 0 6 2 4 6 3 3 4 13 2 11 1 4 1 1 3 1 1 3 1 0 11 6 1 4 2 0 3 2 1 0 4 1 3 1 4 14 59 14 6 0 12 21 23 6 21 1 2 0 0 13 0 0 0 0 8 0 3 0 0 1 0 0 1 0 0 0 0 0 0 0 0 0 0 
2 3 5 1 1 0 7 2 0 2 0 0 1 2 0 2 3 2 0 0 0 0 0 0 1 0 0 0 6 15 3 5 17 17 16 5 22 5 11 4 5 0 2 2 8 5 2 1 2 9 10 8 22 16 5 9 11 8 0 12 15 32 9 14 30 82 34 32 17 4 33 46 53 67 3 5 0 1 57 9 1 2 7 3 1 4 3 5 1 0 0 3 0 0 0 0 0 0 0 0 0 2 
7 0 1 0 1 5 3 3 4 3 1 0 2 5 1 1 1 0 0 0 0 0 0 0 0 0 0 0 7 9 0 2 29 8 23 7 38 15 37 5 6 1 0 4 7 15 6 0 1 27 10 2 12 6 5 6 6 11 0 15 6 8 6 19 39 74 23 39 18 24 6 63 23 34 5 2 1 1 15 2 5 7 5 5 4 9 0 4 2 0 0 4 0 0 0 0 0 0 0 0 0 2 
4 2 1 0 2 1 6 2 2 1 0 2 1 3 0 1 0 2 0 0 1 0 0 0 0 0 0 1 5 8 1 2 34 7 20 4 36 4 27 9 4 4 7 5 5 7 5 0 2 20 4 3 14 7 5 6 10 11 0 17 9 10 15 20 56 91 30 42 24 28 20 2 26 42 1 3 3 1 26 7 2 3 4 2 4 1 3 6 2 0 0 2 1 0 0 0 0 1 0 0 0 0 
2 6 0 0 1 3 0 3 3 7 6 3 2 1 0 1 3 2 0 0 0 0 0 0 1 0 0 0 1 3 4 8 19 20 16 8 16 12 10 9 3 3 4 11 15 8 2 0 4 21 18 11 21 11 18 2 7 9 0 15 15 10 1 11 33 67 27 26 14 27 34 42 4 18 6 4 0 3 32 0 5 9 1 8 0 4 5 5 0 0 0 5 1 0 1 0 0 0 2 0 0 3 
4 6 5 1 0 2 1 6 5 2 1 3 2 1 1 1 2 0 0 0 0 0 0 0 0 0 0 0 3 0 1 0 14 15 5 6 15 4 10 3 3 0 3 2 6 3 1 1 0 11 15 5 28 5 5 2 13 5 0 10 9 7 2 11 23 75 12 30 11 25 15 26 15 3 8 4 1 0 36 4 4 0 2 10 2 4 0 9 1 0 0 2 1 1 0 0 0 0 0 0 0 3 
1 5 5 0 1 0 3 4 1 7 1 6 5 7 3 11 10 11 4 1 0 0 0 7 1 0 1 3 3 6 2 2 38 2 6 2 11 6 28 11 14 3 17 14 8 21 8 4 2 64 8 4 9 3 4 4 6 18 0 13 5 8 3 8 11 17 1 9 0 4 2 4 4 7 8 6 2 14 154 39 21 15 15 101 9 29 11 60 18 0 0 31 2 20 16 3 0 5 12 1 5 23 
2 1 2 0 4 1 3 3 0 3 0 2 3 11 4 3 16 0 5 2 2 1 1 4 2 0 0 6 3 6 0 11 16 4 2 0 5 1 6 3 6 1 10 24 12 22 15 3 3 41 7 2 7 3 4 6 9 26 0 9 14 0 2 3 8 15 2 4 1 1 1 5 6 19 3 4 10 23 205 42 24 17 23 110 22 26 7 67 16 0 0 19 3 6 8 4 2 5 8 0 0 25 
4 2 2 0 0 1 1 0 1 0 1 2 4 1 1 1 4 0 0 0 0 0 0 1 0 0 0 2 0 7 0 0 6 3 2 0 0 0 1 1 3 0 2 6 2 1 1 2 0 6 5 0 2 1 8 2 2 8 0 1 2 2 1 3 4 0 2 0 0 2 1 0 2 2 3 6 0 5 73 11 10 9 9 32 1 5 4 13 0 0 0 3 3 1 1 0 0 1 0 0 0 4 
1 4 1 0 1 2 0 1 1 5 0 1 6 5 3 11 5 3 1 0 3 1 1 2 0 0 0 4 11 4 2 8 13 6 6 4 5 0 7 5 4 0 10 19 9 8 11 4 4 28 7 8 24 8 4 8 12 18 0 3 1 5 6 5 15 11 1 3 4 12 2 4 3 4 21 10 14 6 98 24 15 6 11 85 20 31 6 38 11 0 0 8 7 9 13 4 0 2 2 1 1 9 
7 10 10 1 3 7 6 3 4 8 1 17 15 38 19 43 20 6 9 3 7 1 3 20 13 3 2 13 14 34 5 23 57 24 15 8 18 7 41 20 15 0 20 45 19 30 17 12 2 91 63 50 56 38 31 22 39 77 0 28 10 19 12 31 32 64 14 22 9 25 14 22 29 38 52 64 42 35 15 52 41 16 23 135 50 34 20 120 15 0 0 55 12 14 10 6 3 8 13 1 2 29 
5 5 1 1 3 2 2 2 2 0 0 0 1 5 3 4 0 7 8 1 1 0 2 5 2 0 0 0 4 4 2 6 13 3 5 2 8 1 8 1 10 1 23 33 12 25 9 1 3 44 10 7 14 5 1 7 8 28 0 7 1 10 1 4 3 13 5 4 7 3 0 7 10 12 17 34 9 35 133 7 25 14 18 114 50 48 11 65 10 0 0 27 7 16 17 1 3 5 9 2 0 19 
4 4 0 0 1 1 0 0 1 0 0 0 1 3 0 0 4 2 0 0 0 0 0 1 2 1 0 2 2 7 1 4 6 3 2 0 1 0 1 9 12 2 26 33 13 18 17 3 3 42 13 7 14 4 3 0 3 34 0 4 3 6 2 4 11 14 6 3 5 7 3 4 5 3 11 13 5 13 111 32 4 10 19 117 34 24 12 49 12 0 0 32 4 11 11 10 3 11 11 0 2 23 
4 5 1 0 0 1 1 1 0 0 1 0 0 0 0 0 3 2 1 0 0 0 0 1 1 0 0 1 2 4 0 2 20 3 1 0 0 2 6 6 9 2 20 25 9 27 12 10 6 34 4 0 9 3 0 0 1 5 0 5 0 5 2 2 3 5 1 5 2 1 4 2 7 4 19 11 3 8 44 12 5 7 5 48 14 29 10 77 11 0 0 33 6 9 12 4 2 6 6 1 1 24 
2 1 3 0 2 2 1 0 1 5 0 0 1 0 0 0 1 0 1 0 0 0 0 3 0 0 0 4 0 2 0 5 3 3 1 0 0 0 7 6 6 6 36 23 10 19 16 6 4 41 9 10 13 13 4 5 4 20 0 5 1 4 1 0 7 7 2 2 0 5 5 3 4 5 14 18 10 13 88 35 18 9 13 107 41 40 6 58 13 0 0 58 3 13 9 11 2 8 8 0 0 21 
10 3 4 0 1 1 2 1 0 1 0 0 0 0 0 0 1 0 0 0 0 0 0 1 0 0 0 5 4 7 1 0 6 2 0 0 6 6 16 20 18 2 52 113 39 49 25 20 10 86 18 8 19 8 8 10 9 32 0 4 6 6 0 5 2 9 2 2 2 2 5 10 5 6 67 59 18 39 180 96 58 27 76 13 60 77 19 157 37 0 0 110 23 40 27 20 5 20 25 5 8 57 
3 5 0 0 1 1 2 3 1 4 0 0 1 0 0 0 0 3 0 0 1 0 1 0 0 0 0 2 8 5 0 2 4 1 0 0 1 1 8 15 9 7 35 72 20 49 40 6 12 46 6 8 12 7 10 13 7 20 0 5 6 1 3 6 8 2 1 5 1 1 1 5 2 6 12 17 7 9 90 42 34 14 26 153 3 81 26 102 17 0 0 95 17 31 17 18 3 10 13 0 1 26 
3 8 5 0 0 4 2 5 1 0 1 0 2 0 0 0 4 1 14 1 2 1 0 5 6 0 0 5 6 20 4 5 20 10 13 4 43 19 34 8 19 6 56 167 28 71 44 15 8 97 17 5 20 7 2 4 9 13 0 6 6 4 0 5 3 8 1 3 3 0 3 3 3 10 20 23 2 17 55 14 23 11 17 80 49 9 21 90 41 0 0 107 48 38 26 30 5 23 16 0 5 27 
2 13 1 0 2 6 2 2 1 3 1 3 3 0 0 4 9 6 3 4 3 1 1 6 0 0 0 5 16 13 3 7 29 1 11 4 23 12 48 20 24 8 40 104 22 58 18 9 6 54 10 2 9 5 4 0 3 9 0 6 2 6 0 6 2 4 1 2 1 0 4 5 4 5 11 6 5 11 56 12 8 12 6 80 25 50 9 62 24 0 0 85 34 20 18 19 7 14 18 1 2 32 
21 20 17 2 10 12 5 7 5 9 4 5 4 5 3 8 37 17 11 6 9 3 5 47 18 1 2 40 14 73 15 39 243 25 34 29 128 67 150 49 27 13 152 166 74 211 121 61 67 489 27 19 48 19 10 5 14 22 0 12 6 15 1 5 10 12 3 12 5 11 11 7 11 20 44 43 9 23 130 37 37 37 47 172 53 73 40 24 32 0 0 261 51 60 90 73 19 30 75 13 8 260 
2 5 5 1 1 4 0 2 9 2 2 2 3 2 1 5 9 7 6 1 0 0 1 6 1 0 0 8 5 15 2 13 35 8 17 9 68 31 50 31 30 12 83 106 26 42 36 10 12 81 7 4 6 3 2 1 11 10 0 6 1 6 1 5 7 9 1 0 1 1 1 2 5 5 8 8 1 6 35 6 14 12 10 34 10 46 33 47 10 0 0 91 36 32 25 16 2 14 27 0 7 56 
0 0 0 0 0 0 0 0 0 0 0 0 0 0 0 0 0 0 0 0 0 0 0 0 0 0 0 0 0 0 0 0 0 0 0 0 1 0 0 0 0 0 0 0 0 0 0 0 0 0 0 0 0 0 0 0 0 0 0 0 0 0 0 0 0 0 0 0 0 0 0 0 0 0 0 0 0 0 0 0 0 0 0 0 0 0 0 0 0 0 0 0 0 0 0 0 0 0 0 0 0 1 
0 0 0 0 0 0 0 0 0 0 0 0 0 0 0 0 0 0 0 0 0 0 0 0 0 0 0 0 0 0 0 0 0 0 0 0 0 0 0 0 0 0 0 0 0 0 0 0 0 0 0 0 0 0 0 0 0 0 0 0 0 0 0 0 0 0 0 0 0 0 0 0 0 0 0 0 0 0 0 0 0 0 0 0 0 0 0 0 0 0 0 0 0 0 0 0 0 0 0 0 0 0 
9 19 6 0 0 3 5 3 4 2 1 4 5 11 1 2 5 16 3 0 1 1 0 2 1 0 1 12 4 16 5 9 42 21 24 8 64 41 72 28 25 4 26 106 36 53 34 20 21 113 5 12 16 2 0 1 4 4 0 4 0 8 1 3 3 5 0 0 1 3 0 0 1 8 11 10 4 3 26 10 14 10 12 39 15 58 22 94 29 0 0 7 37 39 20 38 5 13 20 2 7 48 
0 1 0 0 0 2 0 3 1 3 4 1 3 1 1 1 1 2 0 0 0 0 0 0 0 0 0 0 4 6 1 6 10 1 15 3 34 11 27 11 10 3 42 52 21 35 24 10 7 38 4 1 5 2 0 0 1 2 0 2 1 2 1 3 1 1 0 0 0 0 1 2 1 0 9 0 3 4 8 4 5 4 7 22 8 24 7 48 16 0 0 68 4 10 6 10 3 7 9 1 0 15 
1 5 0 0 0 0 1 0 4 0 0 1 2 1 2 2 1 1 0 0 1 0 0 1 2 0 1 1 5 9 4 8 31 7 8 3 34 16 38 11 13 4 57 68 41 40 40 12 7 69 3 4 17 7 0 0 8 1 0 1 0 1 0 1 0 0 0 0 0 0 0 1 0 1 7 4 1 4 25 10 13 16 15 51 17 35 21 73 22 0 0 83 13 2 3 11 1 6 10 3 4 71 
1 1 0 0 0 1 0 2 0 0 0 1 1 0 1 0 0 0 0 0 0 0 0 0 1 0 0 1 2 4 2 2 8 3 9 2 32 9 10 8 5 1 34 50 25 36 34 10 11 61 3 2 6 0 2 1 0 1 0 3 0 0 2 0 0 1 0 0 0 0 0 1 0 0 7 1 1 2 13 9 8 5 11 18 15 26 11 54 11 0 0 48 12 3 27 7 4 2 6 0 1 47 
1 2 2 0 0 1 1 0 2 2 0 2 2 5 1 1 4 2 2 0 0 0 0 0 0 0 0 1 4 14 5 7 28 7 10 5 31 17 52 14 20 5 68 125 31 48 29 12 10 72 1 0 7 0 1 4 1 1 0 2 0 2 1 1 0 0 0 0 0 0 0 0 1 2 4 1 1 6 13 9 6 14 5 35 12 23 47 93 23 0 0 245 24 21 25 2 3 12 10 1 1 52 
0 0 0 0 0 0 1 0 0 0 0 0 0 0 0 1 0 0 0 0 1 0 0 0 0 0 0 0 0 2 1 0 3 0 1 1 4 3 7 2 3 8 6 25 13 10 8 2 5 20 0 0 2 0 1 0 0 2 0 1 0 0 1 0 0 0 0 0 0 0 0 0 0 0 3 0 0 0 3 2 4 0 5 10 3 1 11 15 4 0 0 12 11 1 3 1 1 1 0 0 0 11 
0 2 0 2 0 0 1 0 1 0 1 0 0 1 0 5 0 0 0 0 0 0 0 1 0 0 0 2 1 9 2 6 5 2 7 1 34 12 30 7 4 4 57 76 36 56 35 4 11 78 6 5 4 3 1 1 5 4 0 7 0 2 0 0 2 2 0 2 0 0 0 0 4 2 14 1 0 3 20 11 19 3 10 38 20 39 12 70 19 0 0 97 21 24 38 14 1 4 5 2 2 36 
2 0 3 0 0 0 2 2 0 1 0 0 0 0 0 2 1 0 0 0 0 0 0 0 0 0 1 1 5 0 3 1 5 4 3 2 29 11 22 6 6 1 29 60 29 44 31 6 13 69 4 0 8 1 0 1 4 3 0 1 0 0 3 4 0 0 0 0 1 0 0 0 0 0 10 7 3 5 16 11 2 10 20 42 4 31 6 59 11 0 0 73 24 13 9 6 1 4 6 0 1 22 
1 1 0 0 0 0 0 0 0 0 0 0 0 0 0 0 0 1 0 0 0 0 0 0 0 0 0 0 0 5 0 1 1 1 1 0 8 4 20 3 3 0 11 13 4 14 0 1 1 9 1 1 0 2 2 0 1 2 0 2 0 1 0 0 0 1 0 0 0 0 0 0 0 0 1 0 0 2 2 0 1 1 0 4 5 5 1 15 5 0 0 17 8 4 6 5 3 0 2 2 1 7 
0 0 0 0 0 0 0 1 1 2 0 0 0 0 2 0 0 1 0 0 0 0 0 0 0 0 0 0 0 1 0 0 0 0 2 1 7 2 8 2 0 0 9 11 6 8 4 2 3 5 1 0 2 0 0 3 0 0 0 0 0 0 0 0 0 0 0 0 0 0 0 0 0 0 2 2 0 0 3 2 0 1 1 10 1 2 4 25 1 0 0 11 5 11 6 6 3 1 2 5 0 3 
2 2 1 1 1 1 1 3 0 2 2 2 2 5 5 0 2 0 3 0 0 1 1 1 0 0 0 4 5 18 1 5 45 6 5 4 28 21 44 5 26 1 61 68 21 61 52 19 8 104 5 1 11 6 2 2 3 1 0 1 0 0 0 1 1 3 0 2 0 1 0 0 1 8 9 14 0 5 16 9 9 16 12 50 9 31 15 143 28 0 0 74 11 28 37 17 4 13 28 4 4 4 
