4 6 17 7 5 19 21 18 20 14 13 22 39 47 25 57 26 16 13 7 11 9 2 16 4 0 0 16 85 0 2 3 14 1 6 4 5 4 16 8 9 0 7 8 5 18 10 6 3 30 0 1 2 1 2 0 3 3 0 1 3 1 2 2 3 5 2 1 0 2 2 4 3 1 0 2 0 1 11 1 3 1 2 4 0 6 0 13 3 0 0 5 0 1 1 5 0 0 0 0 0 15 
11 19 13 9 12 25 25 14 26 15 14 37 35 71 46 60 31 18 26 7 8 9 5 12 7 0 2 20 94 3 0 8 4 0 6 5 7 7 23 8 13 0 11 11 18 15 22 3 5 51 9 2 7 5 3 1 2 9 0 1 0 1 0 1 7 15 0 2 0 1 1 0 3 3 0 0 0 0 10 1 3 1 1 12 1 0 3 9 3 0 0 8 1 1 1 1 0 1 2 0 0 9 
19 15 11 11 10 20 28 18 34 20 13 23 24 65 42 43 17 10 12 5 7 10 6 14 3 1 0 10 198 7 2 5 3 2 0 0 2 4 28 12 8 0 9 5 5 12 10 1 5 33 9 3 6 4 4 1 2 1 0 1 1 0 0 2 7 4 3 3 0 1 5 3 2 1 1 1 0 3 13 0 1 0 0 3 2 3 2 7 1 0 0 7 0 2 1 1 0 1 2 0 1 5 
6 5 29 1 2 6 10 9 8 2 3 4 6 7 6 5 2 0 3 1 1 4 0 2 1 0 0 4 34 1 0 1 0 0 0 0 0 3 3 2 1 0 2 1 1 0 0 0 0 6 0 1 1 2 0 0 0 0 0 0 0 0 0 0 1 1 0 0 0 0 0 1 0 0 0 2 0 0 2 0 0 2 0 0 0 0 0 1 0 0 0 3 0 1 0 0 0 0 0 0 0 2 
5 9 6 0 5 8 12 8 8 9 5 7 24 26 7 27 5 3 9 3 2 1 3 8 2 0 0 3 31 2 1 2 3 1 1 1 2 0 2 6 3 1 4 1 5 0 2 2 4 10 1 2 1 1 2 0 0 0 0 2 0 1 0 1 0 1 1 0 0 1 0 2 2 5 1 3 0 1 9 0 0 1 0 1 0 0 0 2 0 0 0 2 0 1 0 0 0 0 1 0 0 1 
13 19 38 6 4 9 15 22 33 13 14 23 30 81 55 56 37 21 27 12 14 12 5 23 5 0 0 12 123 6 3 0 11 0 4 1 5 7 18 6 8 1 4 8 6 4 5 3 4 30 4 2 3 5 3 1 2 5 0 1 0 0 4 3 3 3 0 3 0 0 1 1 1 3 3 2 0 2 12 1 0 2 0 4 0 1 1 8 0 0 0 10 1 1 0 0 0 2 0 0 0 5 
31 38 30 10 11 25 3 13 45 36 12 23 49 62 41 44 26 26 17 6 12 7 4 7 2 2 0 5 58 1 1 5 14 0 2 1 1 4 14 9 7 2 9 7 6 6 3 3 4 19 1 2 8 6 1 3 1 4 0 3 2 4 0 3 3 7 1 2 0 2 0 2 2 5 2 1 1 4 10 1 0 0 0 2 0 2 1 3 3 0 0 6 0 1 1 0 0 1 0 0 0 3 
15 20 24 6 8 11 21 12 15 19 17 42 73 56 43 70 33 30 10 11 8 7 4 10 3 0 0 8 72 0 4 8 1 1 1 3 3 6 30 13 17 2 2 2 8 17 11 5 4 17 2 3 2 7 1 0 0 2 0 1 0 1 0 1 8 2 1 1 0 1 2 1 2 2 2 0 0 1 9 0 0 0 1 5 2 0 2 4 1 0 0 3 2 2 1 5 0 0 0 0 0 0 
29 25 38 5 13 25 37 16 6 14 17 20 84 78 35 57 38 23 17 10 6 4 6 11 2 2 0 8 78 4 0 2 6 0 1 0 5 5 32 5 7 2 8 5 6 11 9 4 3 20 3 0 1 5 3 0 1 3 0 0 0 0 0 0 4 4 2 1 2 0 5 0 0 3 0 0 0 1 5 1 0 0 0 2 0 0 0 2 3 0 0 7 0 0 1 0 1 0 1 0 0 6 
14 16 15 4 2 11 10 6 11 4 7 8 31 28 11 45 14 12 14 2 8 10 3 20 10 0 0 11 26 4 1 2 2 2 0 1 0 1 17 5 4 0 1 1 2 4 3 0 3 14 4 4 3 3 6 1 2 2 0 3 1 3 1 5 2 0 0 2 2 2 5 2 1 1 3 1 1 0 17 1 0 0 0 1 0 1 1 4 0 0 0 5 0 0 1 0 0 1 0 0 0 2 
5 16 5 4 3 13 9 9 11 9 4 5 15 26 19 33 16 24 7 6 4 9 5 9 3 0 0 11 17 0 2 1 6 0 1 0 2 3 23 9 0 1 8 1 3 8 8 4 2 14 0 1 1 0 0 0 0 3 0 1 0 0 0 3 1 0 0 11 1 0 1 0 0 4 1 0 0 1 9 0 1 0 0 0 0 1 0 0 0 0 0 0 2 2 0 1 0 0 2 0 0 2 
25 32 22 5 10 23 26 30 38 39 14 6 28 75 22 44 33 27 25 10 9 10 5 42 16 3 2 24 53 5 0 4 11 3 0 1 0 3 32 24 13 2 1 3 4 22 7 2 6 37 2 1 4 5 0 1 5 6 0 4 0 0 1 0 1 5 0 0 0 0 1 1 1 1 3 2 0 2 14 0 1 0 0 1 0 0 0 1 1 0 0 6 1 0 0 1 0 1 0 0 0 4 
41 49 44 3 17 36 59 37 65 36 27 24 5 74 34 47 62 44 27 18 24 20 11 51 22 0 1 55 24 5 5 8 5 7 3 1 4 10 30 19 5 2 6 6 4 9 7 5 5 32 6 5 8 9 2 0 3 6 0 7 3 2 1 0 6 0 0 1 2 0 0 1 0 1 5 1 0 3 15 1 2 0 0 1 0 1 1 5 1 0 0 5 2 1 1 0 0 0 2 0 0 8 
45 97 54 10 24 43 45 53 85 45 27 35 34 11 13 64 70 45 65 34 47 38 37 60 24 8 4 89 59 7 6 2 4 0 2 2 3 7 15 17 13 1 4 5 14 14 10 5 4 28 3 3 13 10 1 0 9 12 0 7 3 6 0 0 0 0 1 0 0 0 0 0 2 1 10 4 0 2 33 2 1 1 0 1 0 1 0 7 0 0 0 4 0 0 0 1 2 1 0 0 0 3 
36 57 51 10 16 31 43 32 39 28 19 33 50 27 8 26 50 31 22 21 35 23 22 50 21 2 7 72 48 9 2 3 6 1 3 0 3 7 12 9 4 2 3 8 1 7 5 2 3 11 8 6 4 5 0 0 3 4 0 0 0 2 0 2 1 0 0 0 0 1 1 0 0 0 1 3 3 0 11 1 0 0 0 0 0 0 0 4 2 0 0 3 2 0 0 1 0 0 4 0 0 4 
30 41 41 7 13 28 32 37 42 71 17 31 55 55 28 18 62 79 74 34 60 39 24 92 36 5 10 76 52 17 8 20 29 11 18 12 46 2 30 34 23 2 4 11 12 19 12 11 5 42 5 8 14 5 3 3 2 5 0 4 1 0 1 1 8 0 0 0 1 2 0 5 0 1 8 5 2 5 21 0 0 0 0 2 0 1 2 10 1 0 0 19 3 1 2 0 1 1 1 0 0 15 
21 40 24 8 11 39 33 30 44 37 16 35 56 122 36 122 8 44 75 17 63 21 32 80 21 6 3 65 34 24 18 35 40 11 14 14 29 18 71 39 26 2 24 23 19 19 23 9 6 66 8 1 16 6 7 7 7 7 0 1 1 0 2 3 2 0 1 1 0 0 0 0 0 0 4 0 0 2 23 1 1 1 0 3 0 5 0 12 7 0 0 10 2 1 1 1 1 1 1 0 0 10 
11 14 14 2 7 18 13 9 26 22 7 14 41 86 22 88 44 8 37 14 28 13 12 48 12 5 1 41 33 16 7 9 30 5 25 8 14 9 48 26 26 2 12 25 13 6 12 5 6 43 5 8 3 4 1 2 1 3 0 1 2 2 0 3 0 0 0 0 0 0 1 1 0 0 3 2 0 2 11 0 0 0 1 1 0 4 5 12 1 0 0 10 2 0 1 2 0 0 2 0 0 3 
13 18 17 4 4 14 12 9 13 19 11 26 30 69 29 65 58 34 6 22 44 24 34 49 22 4 3 34 44 7 4 7 11 2 7 7 15 10 27 8 10 3 6 20 5 11 6 4 5 31 2 4 3 0 0 0 2 4 0 2 0 4 0 0 0 0 0 0 0 0 1 0 0 0 1 0 0 1 7 0 2 1 0 1 0 2 1 4 1 0 0 4 0 0 0 0 0 0 0 0 0 4 
11 7 6 3 0 6 8 16 12 12 9 4 14 50 20 74 38 10 18 1 9 8 15 27 15 4 15 69 17 9 3 3 1 4 7 2 11 5 42 12 7 0 3 4 7 6 3 0 1 20 4 0 6 3 1 1 1 3 0 1 1 1 1 2 0 0 0 0 0 0 0 1 0 0 1 0 0 1 9 2 2 0 0 0 1 2 1 7 0 0 0 0 0 0 0 0 0 0 1 0 0 1 
2 8 4 2 2 7 8 9 17 8 4 14 19 60 27 99 64 40 48 2 3 2 17 32 11 6 18 37 27 5 0 0 12 1 6 5 5 15 30 6 9 1 1 3 5 6 2 1 1 21 1 0 3 0 1 0 2 2 0 0 0 0 0 0 0 0 0 0 0 0 0 0 0 0 0 0 0 0 0 0 2 1 0 1 1 3 3 2 1 0 0 1 1 0 0 1 0 0 0 0 0 0 
9 8 7 3 1 14 11 4 13 7 8 19 19 45 13 55 41 30 30 3 15 4 20 18 5 12 5 61 32 3 2 1 5 2 2 1 0 7 35 4 1 1 1 2 3 10 2 1 1 13 0 0 3 0 1 0 1 0 0 1 1 0 0 0 0 0 0 0 0 0 0 0 0 0 0 0 0 1 5 0 0 0 0 0 0 0 0 3 2 0 0 3 0 0 0 1 0 0 0 0 0 0 
6 3 2 0 1 1 4 1 12 7 4 6 14 29 16 47 32 23 22 6 20 9 7 11 6 3 16 49 15 1 2 1 7 4 3 3 9 3 25 10 1 1 5 1 1 4 3 1 3 14 1 1 0 0 0 0 0 0 0 1 0 0 0 0 0 0 0 0 0 0 0 0 0 0 0 2 0 0 6 0 0 0 2 0 0 2 0 4 0 0 0 1 0 0 0 0 0 0 0 0 0 2 
9 13 13 3 7 15 15 5 20 24 6 36 40 70 36 133 54 48 64 10 30 16 15 8 6 26 34 72 12 3 5 1 21 4 6 6 13 7 52 8 7 5 4 10 12 12 8 5 4 54 7 1 9 0 0 4 0 6 0 1 0 0 0 1 1 1 0 0 0 0 0 0 0 0 3 2 0 1 12 0 3 1 0 0 0 2 1 19 5 0 0 4 2 0 0 0 0 0 2 0 0 2 
21 14 7 7 8 19 15 10 10 33 10 33 48 49 33 84 68 16 41 18 14 15 10 19 10 3 7 44 19 12 9 10 84 6 9 12 23 10 59 21 38 3 13 14 15 31 25 9 14 118 12 4 25 5 1 0 5 6 0 3 2 1 0 2 1 1 0 1 0 0 0 0 0 1 5 1 0 6 12 4 0 0 0 0 1 2 3 37 3 0 0 17 1 0 2 3 1 0 2 0 0 2 
1 0 0 0 0 1 2 1 1 2 0 4 2 4 3 8 5 15 5 10 6 14 12 18 2 1 2 9 2 1 1 1 5 0 0 0 5 4 4 0 5 0 0 1 1 0 2 0 0 4 2 1 3 0 1 0 1 0 0 0 0 0 1 0 0 0 0 0 0 0 0 0 0 0 0 1 0 0 2 0 0 0 0 0 0 0 0 0 1 0 0 0 0 0 0 0 0 0 0 0 0 0 
1 0 0 0 0 0 0 0 0 0 1 0 1 2 2 17 4 3 5 6 15 2 2 22 3 1 2 19 1 0 0 1 1 1 0 1 0 0 3 0 0 0 0 1 0 0 2 1 0 3 2 3 1 0 0 0 0 1 0 0 0 0 0 0 0 0 0 0 0 0 0 0 0 0 0 0 0 0 1 0 0 0 0 0 0 0 0 0 0 0 0 0 0 0 0 0 0 0 0 0 0 1 
21 25 8 0 7 14 17 9 5 37 11 31 33 102 66 148 65 30 66 45 44 70 59 97 25 12 27 6 12 3 3 6 13 4 8 11 22 12 63 26 27 4 17 17 15 25 10 7 5 73 6 4 6 1 3 0 1 6 0 2 0 0 0 3 3 2 0 0 0 0 0 0 0 0 3 3 1 0 10 5 6 0 0 2 2 8 2 17 1 0 0 8 1 1 0 0 0 1 1 0 0 11 
15 28 35 9 6 45 22 28 19 6 3 17 16 15 14 27 11 10 4 7 9 6 0 5 1 0 0 4 2 1 0 3 0 2 1 1 0 6 1 4 6 0 0 4 2 1 2 3 3 8 0 2 5 1 0 0 0 4 0 0 2 0 0 1 1 1 1 0 0 0 0 1 0 4 0 0 0 0 7 1 0 2 2 3 0 2 3 2 2 0 0 1 0 0 0 1 0 0 0 0 0 4 
1 6 1 0 3 5 2 4 3 2 1 2 7 13 4 23 36 17 16 7 2 6 2 9 2 0 0 2 10 32 83 130 245 55 112 89 318 140 254 105 44 11 40 27 27 59 59 18 17 155 13 9 11 5 3 0 5 4 0 1 4 6 3 14 25 18 3 7 1 5 3 12 4 1 3 5 0 2 29 4 9 1 0 5 2 8 5 42 9 0 0 30 2 8 8 7 1 5 3 2 0 24 
0 0 1 0 0 0 1 0 6 0 0 1 4 0 4 10 17 4 3 0 1 3 1 2 3 0 0 4 3 93 7 81 120 18 56 38 146 39 79 40 19 4 14 20 8 16 8 4 4 49 0 1 2 0 0 1 0 1 0 6 1 1 1 3 7 16 3 6 1 1 2 2 1 0 2 0 0 2 9 0 4 2 3 3 2 4 4 5 2 0 0 16 3 2 2 1 0 2 1 1 0 6 
3 3 1 0 1 3 1 1 2 0 2 2 9 3 1 7 24 11 4 2 3 1 0 5 1 0 0 3 4 114 86 8 116 36 71 64 248 114 228 64 50 3 28 31 27 49 29 11 13 109 5 1 5 6 1 2 5 4 0 2 3 1 6 28 22 24 2 8 2 1 1 4 3 2 3 1 0 1 15 4 1 1 0 3 2 8 10 25 4 0 0 22 8 8 3 2 0 1 1 1 0 11 
22 23 5 3 1 13 17 4 7 18 7 14 17 9 9 28 50 21 15 7 21 10 17 62 29 0 2 28 15 319 114 157 20 35 139 129 408 178 343 177 178 20 106 99 121 174 135 64 93 921 58 33 86 24 18 12 17 33 0 17 4 8 5 7 16 40 11 24 13 10 23 18 8 9 19 10 4 11 69 8 7 5 5 22 4 14 21 177 26 0 0 56 12 20 23 20 1 13 13 0 3 82 
5 3 2 0 2 0 4 0 2 3 0 2 3 3 2 4 14 3 11 0 4 1 0 6 2 0 0 3 2 62 29 42 46 5 25 20 92 43 103 49 28 5 19 22 25 25 17 11 14 59 6 4 12 10 3 0 4 9 0 16 1 8 5 1 6 12 5 6 3 9 5 15 4 12 0 2 4 3 13 0 0 0 1 1 0 2 4 12 0 0 0 24 0 2 7 7 1 0 0 0 0 9 
5 6 2 0 0 2 9 6 0 1 1 5 3 1 4 19 32 21 15 5 8 5 7 7 4 2 1 6 16 165 31 93 91 22 10 29 173 91 164 85 43 12 43 43 33 44 36 12 8 118 8 1 11 4 2 2 3 15 0 5 0 9 4 10 7 12 9 2 2 12 14 29 10 9 2 0 0 1 23 0 3 4 0 6 1 4 4 24 8 0 0 30 5 10 11 7 0 8 4 1 0 14 
0 1 2 2 0 2 3 2 2 3 0 1 2 1 2 12 16 7 4 2 6 7 3 10 4 0 0 6 4 140 59 71 110 36 42 11 143 57 100 58 31 3 19 31 31 58 31 27 21 107 6 0 4 6 0 2 2 1 0 0 0 2 1 13 5 9 4 2 1 8 3 8 3 4 1 2 0 1 8 0 3 0 1 2 2 1 4 20 10 0 0 30 8 6 6 11 1 2 3 1 0 11 
6 0 4 0 2 2 3 12 4 4 1 1 3 3 4 42 30 26 16 2 13 11 7 37 12 0 0 28 9 321 148 265 288 119 190 315 25 124 345 326 96 47 84 119 112 130 96 35 66 336 13 9 25 10 1 2 4 10 0 0 2 12 10 36 24 15 8 21 6 5 28 21 6 10 9 2 1 4 28 1 0 0 0 0 2 8 14 76 20 0 0 87 29 20 10 17 2 23 12 0 7 49 
8 4 4 0 0 4 5 5 6 13 8 7 10 10 7 5 20 13 7 4 8 9 7 17 21 4 2 15 29 107 46 103 80 33 57 68 124 12 165 150 92 16 63 83 52 85 76 30 23 226 9 6 14 4 0 0 0 3 0 1 1 8 3 8 8 3 1 5 3 3 8 7 1 2 2 2 2 0 9 0 1 0 0 1 3 11 4 48 18 0 0 67 8 17 8 5 0 4 10 1 0 34 
11 16 11 0 3 10 19 11 27 16 8 11 24 17 9 8 27 33 15 8 20 12 10 36 12 1 0 20 20 163 51 107 159 61 94 70 287 103 18 279 144 25 86 84 71 119 87 43 27 264 4 4 20 9 4 1 6 6 0 6 2 8 3 13 15 14 9 3 7 3 15 16 7 6 8 2 0 1 23 2 1 2 4 7 4 9 18 58 19 0 0 89 14 15 6 9 4 11 12 4 5 44 
7 11 10 0 4 9 9 13 9 14 4 19 22 9 9 21 45 27 16 3 4 3 4 14 3 2 1 21 18 79 23 50 115 50 78 56 273 127 445 18 36 29 72 106 43 125 76 20 35 221 6 4 15 0 3 0 1 6 0 3 2 8 0 9 8 7 0 1 2 0 2 4 2 4 6 4 0 3 18 4 3 4 2 5 6 3 8 32 12 0 0 42 3 7 3 7 0 5 4 0 1 25 
8 16 7 9 1 3 3 14 10 6 5 7 6 9 4 17 25 14 7 1 8 6 7 21 14 1 1 19 17 65 8 37 106 36 51 36 161 85 254 69 13 28 81 96 29 104 57 36 26 190 3 3 2 1 2 1 2 2 0 0 0 5 2 6 11 8 1 1 1 1 2 3 3 3 3 0 0 3 6 2 4 4 2 6 3 9 10 15 16 0 0 42 5 12 7 7 0 2 3 1 1 25 
1 0 0 0 0 0 0 0 1 0 0 1 1 3 0 1 1 1 0 0 1 0 0 1 0 0 0 0 2 5 1 4 20 6 14 6 45 8 26 16 11 5 25 46 15 20 20 7 3 28 0 0 0 0 0 0 0 1 0 0 0 0 0 0 0 1 0 1 0 0 2 1 0 0 0 0 0 0 2 1 2 2 0 4 3 12 5 13 11 0 0 15 0 8 1 4 0 1 3 0 0 10 
2 6 4 0 1 5 8 1 13 2 3 5 8 8 4 6 25 15 9 1 3 9 4 8 2 2 0 10 9 36 10 34 77 23 37 26 89 71 140 72 49 26 29 140 77 147 50 39 63 180 8 5 10 7 1 3 2 3 0 1 1 1 1 3 5 2 3 2 1 1 7 1 5 2 7 3 0 6 31 8 14 14 19 77 17 67 46 136 59 0 0 204 29 45 18 40 9 23 26 5 5 67 
9 11 11 3 5 8 5 8 3 3 2 8 9 5 7 20 21 20 26 10 8 5 4 7 5 0 0 5 21 52 9 26 84 30 38 21 148 91 182 129 83 51 111 38 127 229 95 87 83 324 13 5 22 10 1 0 7 7 0 4 2 7 2 10 8 11 4 0 0 3 5 5 11 2 21 11 2 13 52 21 16 26 18 96 40 91 46 136 80 0 0 198 53 56 30 78 14 44 15 2 2 107 
6 13 4 4 5 6 5 7 4 7 3 15 8 2 5 8 22 22 12 2 9 4 5 30 8 0 2 20 10 31 20 40 101 29 36 35 133 66 132 102 53 14 93 185 33 237 124 98 88 363 10 2 10 7 0 5 3 4 0 5 2 3 0 5 7 12 7 9 5 1 2 4 0 10 12 2 2 1 24 6 8 6 12 27 21 20 28 78 21 0 0 79 11 19 18 21 13 27 19 7 2 76 
9 14 5 0 2 8 5 6 7 7 7 4 9 15 11 11 23 17 18 7 6 1 3 21 10 1 1 22 14 47 12 36 117 25 48 39 128 87 173 135 63 35 96 237 123 27 130 179 136 565 12 6 17 9 1 1 4 6 0 0 1 5 1 10 6 9 5 1 2 4 5 5 4 5 8 12 5 15 49 16 10 13 11 38 15 39 30 138 41 0 0 139 24 32 33 44 2 43 33 9 2 146 
7 7 4 1 5 7 2 9 11 5 3 7 13 8 11 4 13 11 13 5 3 3 4 12 4 0 1 16 26 38 16 38 122 23 28 33 123 82 148 76 65 11 46 141 97 308 23 109 89 315 11 5 15 7 1 4 2 4 0 0 1 2 0 5 6 9 5 4 2 1 10 9 2 0 9 7 3 3 37 7 6 3 7 32 13 87 28 132 12 0 0 87 9 15 14 26 1 18 19 3 4 116 
3 7 3 0 1 2 0 2 6 3 0 0 3 5 1 3 11 1 2 1 1 0 3 16 3 1 0 8 0 28 3 19 50 5 17 17 47 28 57 56 38 12 22 67 54 218 104 9 47 349 4 2 3 4 0 1 1 4 0 2 2 2 0 3 3 1 3 0 0 1 0 3 4 4 1 1 1 4 17 0 4 3 4 10 3 17 6 103 7 0 0 53 3 9 9 15 4 3 5 0 0 49 
7 4 3 4 0 4 0 5 3 6 0 5 6 5 3 5 4 1 4 3 3 2 0 13 4 0 0 6 15 27 4 10 75 5 11 16 56 34 77 27 39 4 42 97 61 207 139 69 6 477 3 0 3 1 3 2 1 5 0 0 1 1 0 2 2 1 0 5 0 0 1 0 5 5 2 4 0 2 12 1 7 3 8 24 5 10 11 110 11 0 0 68 16 16 13 9 1 7 16 1 0 46 
40 50 25 6 12 12 17 13 21 30 15 26 37 30 15 20 73 39 23 6 22 6 11 87 32 1 3 81 41 173 34 78 615 48 98 77 339 186 484 221 220 20 153 352 196 493 221 236 221 40 43 20 63 15 5 4 4 11 0 7 1 17 3 18 16 35 10 8 4 5 10 11 24 25 29 15 3 7 83 28 23 45 29 82 19 59 44 488 50 0 0 267 30 51 51 45 7 44 59 9 3 264 
9 8 7 0 1 2 2 2 0 2 2 2 4 12 5 16 6 4 2 3 1 1 2 5 1 0 0 2 2 8 4 5 29 7 10 8 5 5 11 6 7 0 8 6 12 12 8 3 9 52 4 24 55 10 6 8 16 18 0 21 10 1 2 19 9 17 1 10 1 8 3 7 8 6 3 5 0 9 109 6 5 3 6 22 7 13 4 16 14 0 0 8 2 6 5 1 1 1 1 2 0 26 
1 7 3 0 0 3 1 5 3 0 0 1 4 7 7 9 5 3 2 0 2 0 0 5 0 0 0 5 3 3 1 10 18 5 6 7 6 2 11 5 1 0 1 7 2 6 3 1 5 28 7 4 30 24 5 6 9 15 0 10 5 3 1 7 9 8 2 3 0 1 8 3 3 3 3 1 0 6 64 6 4 3 4 14 3 6 6 12 3 0 0 18 2 4 4 2 2 0 2 2 0 8 
4 10 5 0 0 7 2 3 1 12 0 6 5 20 2 24 9 7 8 1 1 2 0 19 7 0 1 8 18 12 4 6 51 9 10 5 7 7 38 9 9 0 12 18 6 15 6 5 9 49 37 11 9 17 13 2 16 29 0 20 6 2 5 10 21 19 8 11 4 9 1 8 16 6 3 4 1 8 104 11 6 4 8 31 6 5 3 29 12 0 0 15 3 5 5 3 1 5 6 1 1 22 
3 7 5 0 0 3 0 5 0 7 4 2 6 7 4 6 10 4 2 0 0 0 1 5 1 0 0 2 1 4 3 6 17 5 4 2 6 1 9 1 4 0 1 7 4 6 9 2 0 11 8 13 29 0 6 1 6 14 0 18 7 2 3 4 9 17 2 7 1 3 3 1 2 5 0 1 0 2 65 3 2 1 5 11 5 5 1 13 5 0 0 6 0 4 2 0 2 3 1 0 0 13 
0 0 2 0 0 0 0 1 0 4 4 1 2 5 4 6 3 1 0 2 0 0 1 1 2 0 0 6 4 10 0 0 8 4 2 1 3 1 3 3 0 0 2 5 5 1 1 2 2 12 11 3 15 10 2 2 8 11 0 18 3 1 2 4 7 5 2 4 3 4 4 0 1 10 1 1 0 0 51 2 1 1 7 1 1 8 1 5 0 0 0 2 3 0 3 2 0 2 0 0 0 4 
0 0 3 0 0 1 0 1 0 0 3 2 4 6 0 6 3 0 0 1 1 0 0 2 1 0 0 1 3 3 0 4 5 2 0 0 4 0 1 3 4 0 2 0 0 5 0 0 1 4 9 3 11 4 1 0 12 8 0 9 3 0 1 3 2 5 1 4 0 3 1 3 1 2 0 1 0 1 34 5 2 2 1 6 2 1 0 6 0 0 0 2 1 1 2 5 0 2 0 0 0 3 
3 5 0 0 0 1 0 1 2 8 2 2 4 6 1 3 2 3 5 1 1 0 0 2 5 0 0 4 4 3 0 4 12 2 2 6 14 1 9 5 3 0 2 6 1 4 2 2 1 10 22 11 9 10 9 5 1 15 0 16 8 6 0 12 4 9 6 12 0 4 4 8 1 1 3 6 4 3 64 3 2 2 6 15 5 4 3 15 7 0 0 8 1 0 1 5 0 2 2 1 0 9 
5 10 5 1 1 2 6 5 3 1 3 4 6 16 4 13 11 5 4 2 0 0 2 4 2 0 0 6 10 5 4 6 15 3 10 3 11 5 19 6 3 0 2 5 3 8 3 0 3 16 22 8 28 19 15 7 5 2 0 19 9 2 5 11 10 8 2 2 1 4 3 3 4 5 5 7 2 17 114 6 5 1 5 25 5 6 1 13 4 0 0 8 1 1 3 3 0 4 3 0 0 9 
0 0 0 0 0 0 0 0 0 0 0 0 0 0 0 0 0 0 0 0 0 0 0 0 0 0 0 0 0 0 0 0 0 0 0 0 0 0 0 0 0 0 0 0 0 0 0 0 0 0 0 0 0 0 0 0 0 0 0 0 0 0 0 0 0 0 0 0 0 0 0 0 0 0 0 0 0 0 0 0 0 0 0 0 0 0 0 0 0 0 0 0 0 0 0 0 0 0 0 0 0 0 
4 14 6 1 1 7 5 4 4 2 1 8 11 15 6 23 15 7 3 3 3 5 2 12 1 0 0 15 36 4 2 5 15 3 5 2 2 4 15 5 5 0 5 8 4 5 6 4 2 20 20 13 22 34 11 3 7 11 0 4 5 5 2 11 14 25 13 12 2 4 2 9 8 13 15 3 2 3 46 4 1 2 2 6 2 2 2 20 1 0 0 9 2 2 0 2 0 1 3 0 2 8 
0 0 2 1 1 1 2 0 0 1 0 2 1 1 1 2 0 1 0 0 0 0 0 3 0 1 0 1 3 4 1 2 8 1 1 0 4 1 6 2 0 0 5 0 3 6 6 0 0 5 14 2 7 13 2 2 3 3 0 3 2 1 7 2 10 6 6 11 1 6 6 3 3 5 3 1 0 1 15 1 1 0 1 5 5 2 2 6 1 0 0 2 1 2 0 1 0 0 0 0 0 0 
0 2 1 0 2 0 1 2 0 2 3 4 12 7 1 6 2 0 1 0 0 1 0 1 0 0 0 4 1 7 3 5 8 22 19 5 21 12 13 16 4 0 3 5 9 14 8 5 5 19 3 3 1 4 5 3 6 3 0 7 3 4 0 15 12 16 5 6 3 11 5 7 0 7 2 2 0 5 21 2 2 0 1 8 0 1 1 5 3 0 0 7 0 1 0 3 1 0 4 0 0 1 
0 0 1 0 0 0 1 0 0 0 0 0 0 0 0 0 0 0 1 0 0 0 0 0 0 0 1 0 0 0 1 1 3 1 4 2 2 1 1 2 1 0 1 1 1 2 1 1 0 3 2 5 3 0 0 0 2 3 0 2 2 1 0 3 7 8 0 1 1 2 6 4 2 1 1 1 0 1 8 1 1 0 0 0 0 2 1 2 0 0 0 0 0 2 0 0 0 0 0 0 0 3 
2 3 4 0 1 1 3 4 2 1 0 1 0 1 0 2 0 3 2 0 0 0 0 0 1 0 0 0 5 11 2 5 9 2 11 6 35 9 8 8 8 0 7 3 7 13 3 1 5 29 11 4 16 9 2 3 9 9 0 7 2 3 3 2 7 19 8 9 6 4 10 17 4 9 10 0 0 1 22 6 1 3 0 0 0 2 0 8 3 0 0 6 0 1 1 1 0 0 1 0 0 0 
5 4 3 0 0 0 5 3 4 3 0 1 6 0 1 3 1 1 0 0 0 1 0 0 1 0 0 0 8 13 15 30 24 7 5 9 20 10 43 14 11 3 8 8 11 5 9 5 3 31 6 4 18 10 4 5 5 7 0 21 4 7 10 6 7 34 21 18 6 24 36 47 16 10 2 2 0 4 30 4 6 4 2 10 5 7 2 7 1 0 0 9 1 0 1 1 0 2 0 0 0 6 
6 10 10 2 0 11 10 6 10 4 1 3 2 4 0 1 2 0 1 0 0 1 0 1 0 0 2 1 5 56 29 33 29 21 25 13 37 5 38 25 14 3 12 14 16 16 4 10 12 48 19 19 35 19 3 3 22 22 0 39 9 18 14 41 45 19 20 46 29 44 61 68 44 47 14 12 0 10 102 23 8 1 3 7 3 9 5 18 2 0 0 12 3 3 0 0 1 5 0 0 0 2 
0 5 0 0 1 2 3 11 6 4 1 0 0 1 0 2 2 0 0 0 0 0 0 2 0 0 0 0 6 8 5 2 7 15 2 5 9 2 16 1 2 0 7 1 0 5 7 3 0 6 3 5 10 4 4 2 1 4 0 6 5 4 3 5 12 10 2 5 13 29 14 31 11 15 1 4 0 3 13 0 1 0 0 7 2 2 2 4 2 0 0 3 0 0 1 0 0 0 0 0 0 2 
3 4 2 1 0 2 1 1 3 2 2 0 3 0 1 0 0 0 0 0 0 1 0 0 0 0 0 0 11 13 6 1 7 10 5 2 16 5 24 2 3 0 5 5 3 6 3 0 2 21 9 4 24 11 4 0 15 2 0 9 3 7 7 6 20 35 8 3 17 20 19 30 8 14 1 1 0 1 14 4 0 1 3 0 2 1 1 1 0 0 0 3 0 0 0 1 0 0 0 0 0 2 
0 4 0 0 0 1 2 2 1 3 2 1 0 0 0 1 2 0 0 0 1 0 0 0 0 0 0 1 3 4 1 1 5 3 6 1 10 2 9 4 1 0 1 3 1 1 1 1 0 7 2 2 3 1 0 0 6 3 0 4 4 2 1 6 16 26 11 18 1 9 39 22 7 2 2 1 0 2 8 0 0 1 0 7 0 0 3 2 0 0 0 0 0 0 0 0 0 0 0 0 0 0 
0 1 5 0 0 0 1 0 0 2 0 0 0 0 1 5 0 0 1 0 0 0 1 0 0 0 0 0 1 10 2 8 9 15 2 6 16 6 18 3 6 0 3 6 2 7 0 1 0 9 7 5 11 2 2 1 5 5 0 3 5 7 1 11 26 55 20 25 15 3 16 38 14 22 2 3 0 0 21 3 4 2 0 9 0 1 0 3 0 0 0 2 1 1 0 0 0 0 0 0 0 0 
4 0 3 0 0 1 2 0 0 1 0 2 3 1 1 0 1 0 0 0 0 0 0 0 0 0 0 0 4 0 1 4 17 1 8 4 15 9 21 5 5 2 1 2 8 5 1 0 2 16 2 0 7 5 2 1 4 1 0 7 8 5 5 8 15 37 5 25 23 22 2 57 12 11 0 3 0 1 21 2 4 0 0 3 1 2 1 4 2 0 0 4 0 0 0 1 0 0 0 0 0 2 
3 0 2 0 1 1 0 2 0 7 1 2 3 0 0 1 1 0 0 0 0 0 0 0 0 0 0 0 4 3 5 1 13 11 4 6 10 8 25 5 4 2 4 10 4 3 0 2 3 11 5 2 5 6 1 1 0 3 0 12 2 5 0 18 29 34 13 28 11 26 22 5 11 26 0 2 0 1 14 1 2 1 3 3 0 1 0 3 0 0 0 2 0 0 0 0 0 0 0 0 0 3 
0 7 1 2 1 0 3 2 2 2 0 3 0 2 0 4 3 2 0 0 0 0 0 0 0 2 0 0 1 5 2 1 14 10 15 19 36 10 24 8 8 0 4 12 5 16 11 1 0 27 13 5 26 8 3 5 8 13 0 22 6 6 5 13 41 51 19 26 10 24 19 94 4 23 5 5 0 2 26 4 4 2 2 6 2 3 1 11 3 0 0 7 0 1 1 5 1 1 0 1 0 1 
4 11 3 1 3 1 6 0 0 5 1 5 1 1 2 2 0 0 1 0 0 0 0 0 0 0 0 0 7 3 2 2 6 9 9 8 9 5 15 7 3 1 6 6 6 4 7 1 2 22 19 5 10 10 2 1 9 6 0 24 5 3 6 12 31 26 12 38 12 41 18 26 13 5 1 2 1 2 53 2 0 1 2 3 0 4 2 8 3 0 0 2 0 1 2 1 0 0 2 0 0 2 
0 4 1 0 2 0 2 1 1 2 0 0 7 5 6 8 6 1 2 1 0 2 1 5 2 0 1 3 1 4 1 1 8 1 4 1 7 1 15 2 8 0 9 16 7 21 9 2 1 28 3 12 7 1 0 2 5 7 0 6 1 1 0 5 7 8 0 3 0 0 1 3 3 2 6 10 3 9 143 14 18 7 11 34 9 21 6 40 5 0 0 11 1 9 3 7 1 2 7 0 0 19 
1 2 1 0 0 1 1 3 2 1 1 3 4 4 2 4 5 1 1 2 0 1 0 5 2 0 0 4 2 2 1 7 9 4 0 1 4 0 14 4 6 2 1 11 6 9 7 11 0 27 2 3 13 9 5 1 5 12 0 6 1 2 0 1 2 10 1 4 0 1 3 3 1 2 7 4 5 12 120 23 14 8 22 59 18 32 3 29 6 0 0 14 3 3 5 5 0 3 6 0 0 16 
0 0 1 0 0 0 0 0 0 0 0 0 0 3 2 1 2 2 1 0 0 0 0 0 1 0 0 0 0 1 1 2 1 0 2 0 2 0 5 0 1 0 2 9 0 1 0 2 0 5 2 2 0 1 3 0 0 7 0 7 1 0 0 0 2 3 2 1 0 0 2 4 0 2 3 7 0 6 48 13 2 1 8 15 6 9 3 8 1 0 0 5 0 2 0 2 1 0 1 0 0 2 
1 1 2 0 0 2 1 0 0 2 2 0 1 3 4 2 4 4 0 1 0 0 3 2 1 0 0 2 3 3 2 1 6 2 1 0 4 1 14 3 2 1 5 11 8 8 1 3 0 20 4 1 9 0 4 0 7 14 0 5 3 0 0 4 2 4 3 0 0 1 2 1 0 1 17 8 4 2 92 27 14 4 7 36 4 17 9 26 9 0 0 11 3 9 3 0 0 1 4 0 0 7 
6 8 6 4 3 4 8 6 13 19 3 6 5 16 21 24 10 10 4 6 3 1 3 14 5 1 0 7 7 12 4 18 51 8 12 6 16 3 49 10 9 1 18 46 18 29 16 9 8 59 67 44 70 41 27 23 49 90 0 33 8 12 7 30 17 25 10 17 4 12 13 25 13 23 99 97 30 71 18 48 52 24 40 126 44 28 12 80 15 0 0 40 9 12 12 9 4 12 8 2 3 42 
2 3 1 0 1 0 0 2 1 0 0 1 1 5 2 5 5 8 0 2 0 0 0 2 2 0 0 1 3 3 2 2 5 8 6 1 6 0 10 10 3 2 18 19 6 10 14 2 3 38 4 6 22 6 5 3 8 27 0 4 4 2 2 7 6 3 0 1 2 1 2 4 3 1 14 39 5 24 112 3 24 6 15 103 56 15 13 43 6 0 0 13 5 9 4 5 3 2 5 0 1 11 
1 5 3 0 1 0 0 0 0 0 0 0 0 1 1 1 0 1 2 0 0 0 1 1 1 0 0 0 4 4 1 1 7 1 1 0 0 2 4 2 1 2 10 14 5 6 3 2 2 27 4 6 13 6 6 3 3 10 0 1 1 4 1 5 3 3 2 0 1 1 1 1 0 0 7 7 10 15 90 15 1 8 16 82 61 14 12 31 7 0 0 15 3 11 2 5 3 3 7 1 1 17 
2 3 2 1 2 1 1 0 0 1 0 0 0 0 0 1 1 0 1 0 1 0 0 3 1 0 0 0 1 5 1 4 10 0 0 1 1 1 17 6 4 5 12 17 7 13 9 4 6 36 4 1 2 0 0 0 3 3 0 4 0 0 1 1 3 6 2 0 5 0 5 2 3 0 10 11 4 7 46 6 10 2 6 41 15 16 2 62 12 0 0 14 5 10 4 5 1 6 9 1 2 34 
0 1 1 0 0 0 2 0 0 0 1 0 0 0 0 0 0 0 0 0 0 0 0 0 1 0 0 2 0 0 3 0 4 0 0 1 2 0 2 3 2 3 6 15 5 5 10 2 6 27 4 3 5 0 0 0 10 14 0 3 2 0 1 0 4 1 1 3 1 4 0 1 0 5 8 12 3 17 61 14 18 4 2 74 56 30 5 26 8 0 0 16 4 12 4 11 0 5 7 2 4 20 
2 3 3 1 2 5 1 2 3 3 2 0 0 2 0 1 0 0 1 0 1 1 0 5 0 0 0 4 3 10 1 4 6 5 0 1 7 0 22 14 9 1 27 73 18 48 16 15 8 90 23 17 32 16 11 8 22 37 0 8 3 6 1 0 0 5 2 4 1 1 5 1 2 4 51 42 13 41 185 85 89 24 138 17 112 74 29 131 18 0 0 88 18 37 23 26 10 19 34 3 1 41 
3 1 0 1 0 0 3 0 2 0 0 0 0 1 0 2 1 2 0 0 1 0 0 0 0 0 0 2 5 6 3 0 6 1 3 0 3 2 8 5 4 0 15 14 8 12 13 6 1 29 2 5 9 2 5 4 3 6 0 2 0 0 0 3 1 1 3 0 2 0 1 1 2 2 8 18 0 13 49 29 40 9 33 152 1 34 13 55 13 0 0 39 8 10 9 8 0 8 4 0 0 20 
4 0 3 0 1 1 8 1 1 3 0 1 1 0 0 2 3 6 1 1 0 0 0 11 1 0 0 12 7 11 4 13 14 5 10 4 26 25 40 7 14 11 68 135 21 55 19 32 7 95 9 12 16 3 2 2 8 12 0 7 2 2 0 5 1 6 0 2 3 0 6 5 1 1 18 18 3 17 38 23 28 17 24 81 55 10 27 88 68 0 0 98 25 37 18 37 7 24 24 4 5 67 
2 4 1 0 0 1 2 1 1 0 0 0 1 0 0 0 7 2 2 4 0 0 0 3 0 0 0 4 6 6 1 3 10 0 4 2 17 14 46 4 12 2 28 63 13 39 23 10 7 50 6 4 10 1 2 1 3 6 0 7 0 1 0 1 5 4 0 1 0 0 0 2 1 2 5 7 0 10 25 5 13 4 6 28 21 30 6 48 10 0 0 88 14 21 19 8 7 8 10 2 1 50 
23 15 21 3 1 7 11 6 6 10 2 5 9 3 5 10 14 9 15 3 3 1 5 24 12 0 0 40 10 49 7 27 148 17 12 15 70 57 151 31 15 12 75 161 51 123 67 79 60 462 16 14 56 9 9 5 9 14 0 25 3 5 3 5 10 10 2 2 0 2 6 11 8 12 54 28 5 23 129 26 20 34 33 138 50 49 29 20 25 0 0 187 30 35 46 51 17 43 36 7 6 297 
9 5 3 0 1 1 0 2 0 1 4 0 2 0 1 0 9 4 1 1 4 1 1 4 2 0 0 4 4 11 2 10 18 8 5 2 31 27 34 15 17 7 38 112 11 48 10 10 9 58 12 2 8 4 2 1 2 8 0 2 1 0 1 0 3 5 1 1 0 0 1 0 1 2 4 5 1 6 28 5 5 6 11 35 21 46 10 56 1 0 0 81 15 22 10 14 3 9 21 1 2 55 
0 0 0 0 0 0 0 0 0 0 0 0 0 0 0 0 0 0 0 0 0 0 0 0 0 0 0 0 0 0 0 0 0 0 0 0 0 0 0 0 0 0 0 0 0 0 0 0 0 0 0 0 0 0 0 0 0 0 0 0 0 0 0 0 0 0 0 0 0 0 0 0 0 0 0 0 0 0 0 0 0 0 0 0 0 0 0 0 1 0 0 0 0 0 0 0 0 0 0 0 0 0 
0 0 0 0 0 0 0 0 0 0 0 0 0 0 0 0 0 0 0 0 0 0 0 0 0 0 0 0 0 0 0 0 0 0 0 0 0 0 0 0 0 0 0 0 0 0 0 0 0 0 0 0 0 0 0 0 0 0 0 0 0 0 0 0 0 0 0 0 0 0 0 0 0 0 0 0 0 0 1 0 0 0 0 0 0 0 0 0 0 0 0 0 0 0 0 0 0 0 0 0 0 0 
3 9 5 0 3 1 2 4 4 4 4 7 1 7 6 3 6 6 7 4 6 0 0 4 4 0 0 4 6 31 8 20 31 10 37 16 70 49 104 43 25 8 61 166 37 114 41 31 31 164 7 0 12 10 2 2 7 7 0 6 3 11 0 7 1 5 0 1 2 0 2 7 6 1 11 7 0 9 38 12 25 12 9 62 19 63 39 173 59 0 0 20 23 49 20 58 6 38 30 9 4 77 
0 2 1 0 0 1 2 0 0 2 0 3 0 3 0 2 2 2 0 0 1 0 1 0 0 0 0 1 0 6 2 5 5 3 13 11 15 15 25 11 20 8 37 64 19 26 11 9 6 53 3 0 3 3 0 0 2 3 0 2 0 0 0 1 1 0 0 0 0 0 0 0 0 0 5 7 0 3 13 4 7 5 7 21 12 21 14 60 21 0 0 71 2 12 11 16 3 19 7 0 3 27 
0 2 1 0 0 2 0 0 4 3 0 1 2 3 1 1 2 0 0 0 0 0 1 2 1 0 0 0 2 8 0 4 16 4 5 1 26 14 27 8 8 4 27 47 9 36 14 12 12 60 7 4 5 3 0 4 2 12 0 1 0 1 1 1 0 0 0 0 0 0 1 0 1 0 2 3 1 3 22 1 10 6 6 25 17 29 16 70 12 0 0 84 8 3 8 15 1 15 8 0 2 47 
0 1 3 0 0 0 1 0 3 0 0 2 3 1 0 1 0 0 0 0 0 0 1 0 0 0 0 0 1 4 2 3 10 2 4 2 12 3 17 3 3 1 15 29 6 38 19 10 7 56 2 2 6 1 1 1 1 1 0 1 1 0 0 1 1 2 1 0 0 0 0 0 0 0 4 4 0 2 9 6 2 3 2 22 7 14 12 34 14 0 0 38 9 9 0 16 0 8 6 2 1 26 
3 0 2 0 1 0 1 2 1 0 1 2 1 2 1 0 0 0 2 0 1 0 0 1 0 0 0 1 5 3 0 4 13 1 5 2 25 5 38 11 9 2 40 68 23 30 11 13 8 67 5 2 8 1 1 1 0 5 0 2 0 1 0 0 0 0 1 0 0 0 0 0 1 0 3 2 0 2 10 0 2 10 8 22 1 17 14 49 15 0 0 122 24 10 10 5 3 16 7 4 0 54 
0 0 0 0 0 0 0 0 1 0 1 0 0 1 0 0 1 0 0 0 0 0 0 0 0 0 0 0 0 1 0 1 3 1 0 2 5 3 3 2 5 2 11 8 2 1 2 0 0 8 0 0 2 1 0 0 0 0 0 0 0 1 0 0 0 0 0 0 0 0 0 0 0 0 0 2 0 1 1 4 0 1 0 4 0 3 3 18 3 0 0 8 1 4 4 0 0 0 0 0 3 7 
0 2 1 0 0 1 0 0 1 5 0 1 0 0 2 1 0 0 0 0 1 0 0 0 1 0 0 2 7 2 1 1 2 0 1 5 16 7 18 1 8 1 23 20 8 13 19 3 7 49 2 1 4 6 2 2 0 2 0 3 0 1 0 1 0 0 0 0 0 0 0 0 1 0 3 6 0 2 9 5 2 5 6 25 13 13 3 28 16 0 0 42 6 10 14 17 1 2 1 0 2 27 
1 0 3 0 0 1 0 0 1 0 0 0 1 1 1 0 2 0 0 0 1 1 0 2 0 0 0 1 0 0 3 2 6 1 1 0 13 1 29 6 4 4 23 27 8 33 15 3 8 38 2 2 5 2 0 1 1 4 0 4 0 0 0 0 0 0 1 0 0 0 0 3 0 0 1 2 0 0 7 4 4 2 2 12 4 11 6 30 5 0 0 46 6 7 5 5 1 3 1 2 0 23 
0 0 0 0 0 0 0 0 0 0 0 1 0 0 0 0 0 0 0 0 0 0 0 0 0 0 0 0 0 1 0 1 2 0 0 0 1 1 7 0 0 1 0 15 0 2 4 1 2 9 3 0 2 1 0 0 0 0 0 0 0 0 0 0 0 0 0 0 0 0 0 0 0 0 0 2 0 0 1 4 0 0 4 2 1 7 1 6 0 0 0 7 0 3 0 2 0 0 2 1 0 6 
0 2 0 0 0 0 0 0 0 0 0 0 1 1 0 0 0 2 0 0 0 0 0 0 0 0 0 0 0 0 0 1 1 0 1 0 1 1 4 1 0 0 5 0 0 4 5 0 2 6 1 1 0 0 0 0 0 0 0 0 0 0 0 0 0 0 0 0 0 0 0 0 0 0 0 0 0 0 2 2 0 0 2 6 2 2 2 4 2 0 0 16 0 2 3 2 0 1 2 3 0 3 
6 5 8 0 1 2 2 5 3 1 4 2 6 1 1 5 7 5 1 1 1 0 1 4 1 0 0 6 6 13 11 14 52 8 6 15 33 30 62 27 17 5 62 83 67 87 59 30 36 173 8 6 18 11 2 1 7 5 0 5 4 0 1 0 1 3 0 1 0 1 0 3 0 1 11 7 3 3 23 10 6 15 15 41 26 34 21 199 48 0 0 86 11 45 41 57 7 37 19 4 1 7 
