10 18 76 13 46 40 73 85 66 54 34 98 99 181 139 140 71 41 51 17 15 3 7 49 25 3 0 36 48 2 0 7 27 10 5 7 10 11 49 25 19 1 18 7 24 23 19 6 6 68 9 5 20 5 4 11 3 14 0 2 7 27 4 6 10 23 4 9 0 2 0 1 5 4 0 8 0 0 24 2 8 2 2 9 12 2 4 28 12 0 0 3 3 3 4 1 3 1 13 1 0 8 
11 13 29 9 12 52 52 83 96 33 18 105 96 204 129 116 65 55 48 16 10 15 20 45 12 0 0 37 80 4 1 3 27 9 9 4 6 9 41 35 23 5 16 21 35 35 18 3 10 68 9 0 12 6 8 13 5 16 0 1 8 53 3 9 9 23 2 7 0 2 3 3 7 7 1 5 1 1 40 2 0 5 1 20 2 7 13 20 12 0 0 14 1 2 6 1 0 1 10 2 0 14 
41 28 7 9 20 76 72 64 103 51 20 91 112 297 133 93 80 61 41 14 13 11 4 28 11 2 0 35 115 3 0 2 12 20 14 4 10 14 49 31 19 1 20 18 8 26 20 9 5 74 6 3 12 5 3 11 10 14 0 1 2 60 6 18 10 19 8 4 2 2 7 1 4 4 0 0 0 1 25 6 1 3 2 13 5 4 3 22 8 0 0 20 3 3 3 1 2 0 1 0 1 5 
14 28 38 2 3 13 17 17 30 7 7 21 16 58 43 29 26 13 19 1 3 2 1 4 3 2 0 8 5 3 0 0 0 1 18 1 1 2 13 1 0 3 2 1 1 4 1 1 0 11 0 0 4 1 0 4 1 2 0 0 3 13 4 8 2 6 0 1 0 1 1 0 0 1 0 1 0 1 15 1 0 0 0 1 0 1 0 4 0 0 0 0 0 0 0 0 0 0 1 0 0 1 
28 27 12 2 4 4 21 26 11 8 8 21 21 60 29 78 19 29 23 6 2 2 1 14 3 0 0 14 17 2 1 1 6 0 0 1 2 2 23 13 4 1 3 9 3 8 5 4 1 28 0 14 3 1 1 0 1 1 0 1 5 2 0 3 5 7 3 0 0 3 2 5 1 7 2 2 2 0 12 2 7 0 4 0 0 1 0 6 0 0 0 9 0 0 0 0 2 1 1 0 0 3 
92 143 115 41 39 12 23 46 39 42 20 124 138 524 255 263 188 99 114 35 21 24 13 38 20 1 0 40 120 3 3 12 10 19 10 3 3 9 140 65 21 8 28 24 26 14 24 6 2 46 18 7 13 6 11 9 19 22 0 6 11 116 17 24 25 61 2 14 6 10 0 8 4 24 3 12 5 2 54 1 4 1 1 14 6 10 0 15 8 0 0 24 7 2 1 2 0 0 3 1 0 11 
38 89 61 20 21 19 10 38 60 76 8 81 120 282 162 82 116 42 96 25 14 12 8 10 15 1 0 18 51 7 2 5 15 16 16 0 4 4 84 42 26 1 24 22 10 19 15 3 4 48 10 2 8 8 3 9 11 13 0 7 3 94 30 37 22 45 6 20 6 4 3 0 13 10 2 5 2 2 22 0 0 5 4 8 2 3 5 10 3 0 0 21 5 3 4 1 0 1 1 0 0 9 
27 61 69 8 15 38 32 10 25 34 27 81 129 337 118 245 136 70 78 15 22 17 20 32 12 2 0 43 34 3 1 18 7 17 45 7 1 8 97 78 33 3 21 19 10 19 27 3 8 35 16 1 7 3 2 12 10 12 0 0 1 33 6 28 40 38 6 17 3 5 3 0 7 3 3 7 1 0 16 1 1 2 1 17 1 3 0 12 5 0 0 18 3 8 2 1 0 0 8 0 1 4 
79 97 144 11 23 76 100 38 13 15 30 80 128 349 115 140 148 45 125 28 39 16 11 20 5 2 1 16 64 2 3 8 17 9 3 1 2 9 136 59 56 7 27 23 11 24 23 0 3 31 7 28 27 3 2 7 3 11 0 5 0 37 2 26 21 41 2 11 4 1 2 9 2 7 1 2 3 1 32 0 1 1 0 8 0 4 4 14 5 0 0 18 2 1 1 1 0 0 0 0 1 6 
28 45 54 6 6 30 34 26 22 1 22 33 65 207 72 82 93 57 44 17 19 9 13 45 13 1 0 23 35 6 1 4 9 2 0 0 0 4 68 31 35 3 4 19 7 16 15 4 5 19 7 9 19 4 5 5 4 2 0 0 1 16 4 10 6 18 2 2 0 3 0 4 12 3 6 0 1 0 17 1 3 0 1 18 0 3 0 8 0 0 0 6 9 0 0 0 1 0 0 0 0 0 
13 21 29 11 34 45 26 30 50 12 3 33 40 80 47 82 64 23 59 10 9 7 10 19 5 0 0 35 22 1 1 4 2 1 0 0 3 1 58 41 12 3 9 35 9 26 5 4 2 12 5 4 7 0 5 1 5 2 0 2 0 47 6 6 7 12 3 14 1 1 2 1 4 3 1 2 0 0 28 1 0 0 0 2 0 0 1 0 6 0 0 11 2 1 2 0 0 0 0 0 0 1 
66 118 83 10 22 82 27 72 51 36 28 20 32 114 56 132 138 96 146 29 28 18 20 53 24 2 1 83 61 14 1 14 17 7 7 1 1 6 67 67 22 8 30 19 11 34 16 2 2 55 10 5 13 4 4 0 22 7 0 5 2 58 3 8 9 28 6 4 1 3 4 1 7 3 5 3 3 2 23 2 0 0 0 1 0 0 0 5 1 0 0 15 3 1 4 1 0 0 0 0 0 8 
40 82 99 13 72 111 79 98 124 88 36 22 10 63 62 128 107 105 128 37 73 38 26 72 25 4 0 85 77 15 3 11 12 11 19 0 5 6 31 81 30 6 36 44 8 17 11 2 8 50 10 5 11 11 2 1 11 14 0 6 6 97 17 2 3 23 3 4 1 1 1 0 5 2 6 2 2 0 41 8 1 0 0 0 0 2 0 9 7 0 0 28 19 2 1 0 0 2 2 0 0 8 
29 55 22 11 20 61 53 55 74 42 21 58 27 9 11 45 63 100 93 42 45 31 39 59 39 5 1 126 35 7 0 3 1 0 0 1 0 0 13 39 14 7 31 15 9 22 12 4 3 28 9 4 23 9 8 3 5 50 0 2 1 22 1 0 0 2 0 0 0 0 2 0 3 1 3 2 0 0 38 0 0 0 0 0 0 1 0 3 0 0 0 31 1 1 0 0 1 0 0 0 0 1 
97 80 123 3 35 122 56 124 77 91 36 72 72 65 6 27 42 103 110 30 53 41 65 128 35 12 10 157 42 5 3 13 24 2 14 0 0 7 19 45 9 0 20 31 6 29 2 2 8 24 4 11 8 3 12 3 17 9 0 2 4 88 7 0 0 2 0 0 0 0 0 0 2 0 4 2 0 0 35 1 0 0 0 0 0 0 0 4 4 0 0 23 7 2 1 2 0 0 1 0 0 9 
44 64 36 8 30 93 24 52 93 54 35 43 64 126 10 20 63 114 96 36 110 35 29 103 38 14 2 109 32 24 6 50 53 39 64 6 67 2 6 44 15 1 29 40 30 20 20 5 4 55 3 1 9 5 10 12 21 9 0 4 0 37 0 11 4 0 1 1 1 1 3 5 6 0 2 9 1 8 59 3 0 0 0 0 0 2 0 7 6 0 0 38 6 5 4 0 0 1 1 0 0 11 
27 52 73 0 21 66 33 51 71 61 38 113 78 327 88 75 5 167 145 63 76 42 49 95 33 6 5 86 29 41 16 68 111 81 102 43 70 23 96 114 61 2 84 82 59 93 57 9 14 103 12 0 9 8 10 11 17 13 0 6 9 78 6 20 6 0 0 0 0 1 0 0 2 5 6 8 0 3 49 9 3 1 0 0 0 4 5 20 22 0 0 73 24 8 4 1 3 0 2 0 0 8 
37 38 29 3 11 49 17 31 61 77 44 67 82 251 133 187 52 12 75 38 46 29 58 82 38 30 2 106 18 62 10 36 50 45 73 38 52 12 108 59 33 4 53 70 50 53 21 8 6 60 6 8 10 9 0 9 11 4 0 8 0 15 6 3 0 0 0 0 0 0 0 0 0 0 2 0 0 0 31 2 1 0 1 3 1 5 2 23 10 0 0 29 8 0 0 0 0 0 1 0 0 4 
21 49 27 2 9 42 22 33 48 37 32 66 50 188 59 118 60 69 1 33 80 29 41 86 31 14 1 69 20 9 6 33 48 10 45 20 28 11 27 12 18 4 34 47 16 11 27 4 6 47 3 2 0 0 0 2 4 4 0 1 1 9 0 7 1 0 0 0 0 0 0 0 1 0 0 0 0 1 9 1 0 1 0 0 0 4 1 8 1 0 0 4 0 0 0 0 0 0 1 0 0 0 
20 32 17 2 5 16 23 21 41 34 17 80 63 228 128 206 139 65 75 5 9 11 22 55 25 10 2 105 16 4 6 5 34 9 50 12 27 9 100 30 16 2 17 6 12 12 11 3 1 38 3 2 10 0 3 3 0 1 0 0 1 2 0 0 0 0 0 0 0 0 0 0 0 1 0 0 1 1 8 2 0 0 2 1 0 5 4 5 2 0 0 6 0 0 0 1 0 0 1 0 0 2 
7 15 22 4 11 27 16 17 12 20 15 92 85 332 179 315 199 196 134 12 11 6 30 23 15 11 19 99 10 4 9 6 12 3 41 31 50 9 103 41 24 3 41 36 19 25 12 3 2 44 1 1 2 0 0 0 1 0 0 0 0 0 0 0 0 0 0 0 0 0 0 0 0 0 0 2 0 0 6 0 0 0 1 0 0 4 6 6 1 0 0 5 0 0 0 0 0 0 0 0 0 1 
25 27 16 3 23 33 13 37 40 14 48 128 86 502 227 340 261 118 133 12 20 12 53 54 10 37 30 204 14 12 6 6 34 19 33 40 59 23 130 35 18 8 21 26 19 23 12 4 3 18 0 0 1 2 0 4 0 2 0 3 3 1 0 0 0 0 0 0 0 0 0 0 0 0 1 2 0 1 9 2 1 1 1 1 0 3 2 9 3 0 0 8 0 0 0 0 0 0 0 0 0 3 
9 6 16 5 6 17 8 21 22 22 12 95 75 256 240 355 226 185 192 70 78 20 6 24 11 27 13 192 2 5 2 7 34 46 57 17 33 6 144 40 11 1 34 36 9 19 19 3 0 38 3 1 4 0 5 2 5 3 0 5 10 3 0 2 0 0 0 0 0 0 0 0 0 0 2 3 1 3 7 1 2 0 1 1 0 3 2 12 2 0 0 10 1 0 0 0 0 0 1 0 0 4 
18 25 34 1 11 26 13 48 36 73 20 109 134 537 264 448 440 270 192 85 134 57 22 18 11 56 30 237 13 11 1 8 52 17 81 26 77 25 198 80 36 4 21 41 33 41 34 14 7 105 10 8 10 7 0 3 9 7 0 2 2 5 1 5 0 0 0 0 0 0 0 0 0 0 5 3 0 0 20 0 5 0 1 2 0 5 2 19 7 0 0 12 0 0 0 0 0 2 1 0 0 1 
30 41 20 1 7 24 12 23 20 60 19 39 101 178 134 241 132 104 126 59 64 16 17 17 9 5 20 120 14 15 7 5 91 20 42 18 48 19 74 51 33 2 30 29 37 48 26 14 15 138 15 6 12 7 1 10 2 6 0 1 3 3 1 4 1 0 0 0 0 0 0 0 0 1 5 8 1 3 25 1 1 4 0 5 0 8 0 43 2 0 0 11 2 1 1 2 0 0 4 0 0 3 
0 5 0 0 0 3 0 0 2 2 1 1 6 16 7 28 34 37 14 22 40 19 14 48 7 0 3 20 0 1 0 1 1 0 2 2 4 0 14 1 2 0 2 3 0 3 1 1 0 3 1 0 0 0 0 0 0 0 0 0 0 1 0 0 0 0 0 0 0 0 0 0 0 0 0 0 0 1 1 1 0 0 0 0 0 0 0 2 0 0 0 1 1 0 0 0 0 0 1 0 0 0 
0 0 3 1 0 6 1 5 3 5 3 4 4 30 38 37 70 21 35 25 76 29 23 64 36 5 3 121 1 4 0 3 3 2 12 1 10 4 19 7 8 0 1 4 3 0 7 3 2 8 0 0 1 1 0 2 0 0 0 0 0 0 0 0 2 4 0 0 0 0 0 0 0 0 0 1 0 0 2 0 0 0 0 0 0 1 0 1 0 0 0 6 0 0 0 0 0 0 0 0 0 0 
25 44 37 6 11 26 15 22 36 55 14 66 103 292 216 317 286 196 171 113 134 104 148 138 64 28 25 10 21 8 4 4 27 22 32 15 66 38 126 62 31 5 30 63 33 53 41 21 5 146 12 7 10 4 3 1 6 9 0 1 3 3 0 2 0 3 0 0 0 0 0 0 0 0 2 2 1 0 15 3 2 1 2 8 2 10 4 51 1 0 0 30 2 2 1 1 0 0 1 0 0 6 
5 9 3 1 0 2 7 3 11 0 2 5 3 31 7 13 8 1 4 1 1 0 1 2 0 0 0 3 1 0 0 0 0 0 1 0 2 0 4 3 1 0 3 1 0 0 1 0 1 4 0 0 1 7 1 0 0 0 0 2 3 7 0 0 1 2 0 0 0 0 0 0 0 1 0 0 0 0 0 9 0 0 0 0 0 2 0 2 0 0 0 1 0 0 0 0 0 0 0 0 0 0 
1 6 1 0 1 11 5 11 17 4 8 24 27 22 9 95 167 115 97 11 18 6 7 20 7 1 2 7 7 32 142 352 908 434 1239 555 1637 442 794 355 247 25 215 266 146 141 113 30 30 345 19 5 37 16 3 14 11 16 0 42 29 339 14 81 73 179 48 49 21 21 9 7 12 0 6 3 3 8 66 7 18 11 2 4 3 21 12 107 28 0 0 132 38 28 38 7 0 1 7 3 1 45 
1 3 3 0 0 0 6 1 2 0 7 14 11 2 4 24 39 62 50 3 6 10 1 6 6 1 0 2 1 75 11 247 355 189 441 225 600 142 241 150 45 7 61 42 54 44 25 7 8 90 6 5 16 5 5 10 0 22 0 14 19 125 14 26 47 168 17 31 10 7 2 1 9 4 2 1 3 2 23 2 3 2 0 1 1 8 4 28 9 0 0 50 1 9 6 3 1 1 2 0 2 11 
8 9 14 1 1 3 7 6 7 1 2 5 24 9 11 87 154 72 55 14 3 0 2 8 3 3 0 12 3 168 168 13 337 159 604 272 1017 491 795 322 210 21 260 245 141 96 113 33 23 232 14 12 21 8 3 6 11 23 0 24 32 259 3 14 63 116 12 22 20 8 3 14 16 1 5 11 5 1 72 11 2 3 0 10 4 21 8 56 38 0 0 173 33 32 29 11 0 0 4 0 0 35 
6 8 2 0 0 2 7 7 2 4 0 5 13 4 2 13 39 18 27 7 4 3 7 13 4 1 0 8 3 156 75 86 14 18 176 101 216 92 224 117 76 14 97 103 64 91 55 27 24 171 16 13 7 9 4 9 5 5 0 10 5 28 1 1 12 28 2 4 4 2 13 9 4 11 5 13 2 0 36 2 1 4 1 2 0 8 5 80 15 0 0 69 21 5 10 6 3 0 4 0 2 39 
2 2 1 0 5 1 2 5 3 2 1 0 1 2 1 23 32 37 28 6 5 8 0 12 6 0 0 7 2 77 38 113 66 7 134 58 258 94 254 166 86 8 133 114 47 62 54 31 12 130 13 5 26 16 2 2 3 9 0 3 3 68 2 1 26 26 13 13 10 21 11 23 28 14 3 3 0 4 32 3 8 1 0 2 2 2 6 26 10 0 0 131 20 28 9 2 1 2 3 1 0 24 
7 6 1 0 0 3 3 1 3 0 6 1 8 2 5 9 15 32 28 6 11 8 15 21 8 0 5 19 0 151 48 195 189 37 10 26 175 71 211 123 70 3 119 91 50 64 56 11 18 86 15 2 12 15 1 7 27 18 0 4 1 114 4 19 5 64 7 4 0 11 6 18 29 15 0 7 1 0 44 2 3 0 0 0 0 7 4 22 7 0 0 87 34 10 16 8 0 2 4 0 0 17 
3 4 1 0 0 3 2 2 1 2 0 3 1 0 6 14 48 29 47 7 20 5 7 12 3 0 0 13 2 176 72 145 205 55 92 3 427 123 109 106 79 10 106 80 61 98 51 19 12 115 1 5 13 7 2 0 1 3 0 6 2 82 5 13 14 29 3 5 2 2 5 5 11 4 2 2 0 1 22 0 2 0 0 0 1 0 3 17 4 0 0 66 11 7 7 8 0 1 1 0 0 26 
2 5 1 0 2 0 0 0 0 2 1 1 1 0 2 10 20 9 3 4 5 2 4 11 3 0 0 9 2 207 62 208 180 85 151 124 30 47 172 208 115 32 158 175 119 237 104 35 19 253 3 3 1 6 0 0 0 0 0 0 2 62 5 15 8 17 4 7 1 2 4 8 9 12 0 1 0 1 6 2 1 1 0 1 0 10 5 30 14 0 0 146 15 28 16 9 1 6 2 0 1 38 
9 6 3 1 5 11 6 7 7 9 1 8 10 15 1 3 24 17 18 4 9 11 2 13 7 1 0 14 4 165 32 240 301 107 234 46 224 11 153 332 203 26 268 418 184 300 141 42 29 322 1 2 7 2 1 0 1 7 0 2 3 154 6 32 10 6 0 36 15 2 5 2 14 16 1 1 1 1 7 1 0 0 2 0 0 18 11 75 63 0 0 454 59 42 30 23 0 3 6 3 0 43 
5 11 14 9 25 14 8 14 29 17 5 8 20 13 3 20 23 22 23 6 30 14 6 24 6 0 0 46 9 104 31 148 234 86 237 73 426 83 22 322 179 39 224 289 192 335 125 71 25 321 3 1 10 13 7 5 2 2 0 1 14 200 5 26 21 23 4 3 4 3 8 8 14 21 2 1 1 2 16 4 7 3 1 2 7 17 10 81 24 0 0 361 38 51 41 34 4 4 23 0 4 31 
16 24 25 0 6 58 24 49 55 16 22 53 56 102 37 94 84 119 127 22 27 17 25 50 17 1 4 41 11 162 52 329 355 345 733 178 1290 472 1052 20 132 64 270 456 235 515 279 84 77 589 10 3 5 9 9 2 8 8 0 0 15 238 12 53 48 71 10 8 3 5 2 6 17 8 3 5 1 1 17 4 6 5 21 20 6 8 5 28 41 0 0 208 23 30 31 15 0 2 3 0 1 58 
27 13 26 2 3 21 5 20 24 15 5 10 16 28 10 35 64 45 32 11 23 2 8 42 12 0 4 35 4 74 35 126 236 154 226 103 573 229 427 47 11 33 163 185 162 323 158 71 106 344 5 3 13 4 9 0 4 2 0 1 2 66 4 23 13 26 9 1 8 3 4 8 13 5 3 3 1 4 14 6 5 9 2 12 8 8 13 16 19 0 0 98 34 23 42 9 7 3 12 1 4 40 
2 1 2 0 1 2 1 0 1 7 1 11 2 25 3 1 15 12 5 0 7 2 1 5 0 0 0 7 7 23 9 16 39 19 32 10 149 61 69 45 20 4 67 88 41 83 40 14 15 74 1 0 2 1 0 0 1 0 0 1 0 10 0 2 1 3 0 2 0 0 1 1 3 2 2 1 0 0 3 4 0 4 0 4 3 18 7 33 18 0 0 31 16 13 5 4 0 0 0 0 0 16 
9 9 5 1 1 7 6 19 21 13 6 3 21 8 2 17 39 31 10 2 4 2 0 4 2 1 0 22 6 39 13 80 140 38 105 28 203 139 230 68 63 14 20 57 85 155 70 39 33 243 16 6 12 6 0 5 6 3 0 7 5 24 0 22 21 12 3 1 1 2 0 2 3 3 14 7 0 8 23 21 10 17 15 43 27 59 22 132 65 0 0 67 19 39 34 24 9 18 44 5 2 133 
4 16 12 1 9 4 2 8 7 3 2 3 15 9 11 25 23 31 27 5 9 5 1 9 6 5 0 16 2 37 20 58 89 90 155 50 216 137 261 197 106 73 70 26 429 261 130 80 63 405 10 14 19 7 1 8 6 5 0 8 0 28 0 23 7 8 5 1 3 0 4 0 7 12 15 20 2 4 36 23 10 17 12 80 18 95 41 87 50 0 0 325 69 99 100 79 19 17 17 5 3 129 
7 12 5 1 6 7 5 16 7 5 6 11 6 6 17 18 33 30 39 5 3 7 7 28 14 0 0 38 3 42 20 73 132 57 148 55 343 195 322 253 153 52 272 156 45 208 129 89 62 502 19 3 7 2 1 1 2 2 0 3 4 25 1 19 8 20 11 4 1 1 9 6 14 5 6 2 2 5 30 2 7 8 6 42 8 39 19 41 22 0 0 222 29 66 61 30 2 14 29 0 2 73 
12 12 7 5 1 13 4 12 12 7 3 7 13 10 18 16 31 58 32 4 5 6 4 14 6 0 5 27 12 41 10 47 158 57 119 35 344 154 258 239 184 37 146 244 123 30 76 118 79 453 7 1 14 4 0 4 1 8 0 1 0 18 0 10 11 27 10 9 2 1 5 5 6 5 4 3 0 1 23 8 5 15 5 37 15 47 21 111 34 0 0 215 58 79 63 25 3 12 25 2 5 104 
7 9 11 2 0 10 7 6 8 9 5 6 8 18 9 25 21 43 31 8 5 3 1 26 8 0 0 21 6 55 12 47 170 54 136 50 304 171 286 259 209 36 152 280 206 182 24 113 141 285 8 11 11 3 3 3 3 5 0 5 1 15 6 5 7 22 5 4 3 0 3 2 10 10 5 6 0 6 23 11 11 20 1 46 9 46 32 127 19 0 0 226 44 66 75 17 5 15 20 4 1 100 
9 13 6 1 2 10 8 8 6 19 9 6 15 13 7 20 30 28 21 7 2 2 2 12 8 0 0 27 3 32 6 35 176 38 89 52 232 131 359 253 172 38 383 637 397 854 421 16 82 1006 3 2 6 2 1 1 4 2 0 1 0 11 1 11 6 8 2 3 3 2 2 3 7 4 5 10 2 8 25 6 1 7 7 82 11 61 57 139 56 0 0 692 102 133 104 22 5 6 19 1 6 54 
9 11 6 1 3 9 9 7 15 15 6 13 15 10 13 28 31 48 31 4 4 4 2 22 7 1 0 17 5 40 11 74 162 48 136 40 211 147 337 402 171 46 524 1209 549 1323 836 252 19 2144 17 9 11 1 7 2 3 1 0 0 3 15 2 14 9 46 7 7 1 3 2 4 11 12 11 6 1 9 16 13 32 17 9 74 19 63 39 201 63 0 0 1172 123 216 173 68 10 21 48 1 3 67 
51 48 24 8 19 37 21 18 46 44 25 41 30 55 17 61 71 102 77 21 13 13 20 130 58 2 1 114 31 143 41 142 836 128 246 133 667 422 675 631 455 77 822 1252 610 1262 476 527 152 27 33 17 49 11 9 13 13 20 0 5 12 64 4 31 19 51 11 20 12 2 16 8 28 31 26 21 9 18 82 30 20 60 29 106 38 179 75 606 161 0 0 1103 98 184 232 59 10 48 102 7 5 292 
17 6 10 0 6 7 9 9 11 17 0 6 11 30 19 30 27 16 9 3 2 2 3 53 10 1 1 17 3 14 0 7 72 12 23 4 37 4 30 5 7 4 10 27 13 38 10 6 7 67 4 6 70 52 30 27 37 85 0 92 11 62 9 43 19 49 16 19 4 9 10 11 24 29 21 29 4 8 160 21 11 8 15 45 7 21 18 62 12 0 0 23 6 9 10 1 2 6 12 1 2 19 
2 5 4 0 1 10 9 5 5 7 1 8 12 21 15 8 5 5 7 4 3 0 0 16 6 0 0 12 2 2 0 8 39 8 18 7 33 6 13 17 10 0 29 16 7 25 13 5 1 26 56 7 53 37 11 18 28 35 0 33 21 38 12 19 17 40 9 16 2 5 1 4 8 10 10 11 0 0 81 16 5 3 5 36 11 11 2 22 6 0 0 21 1 6 2 2 0 2 1 2 1 9 
7 21 7 1 7 5 5 13 6 9 11 13 11 24 15 25 15 17 17 2 1 0 3 17 3 0 0 8 2 4 12 3 56 16 24 9 25 6 23 8 17 0 19 34 15 31 17 5 6 52 48 14 13 27 19 16 33 64 0 36 17 57 22 30 28 71 12 26 5 8 11 16 26 18 11 21 1 10 99 19 19 2 7 65 9 18 6 52 10 0 0 22 8 15 22 2 4 7 11 0 0 24 
5 14 9 1 6 14 8 10 22 9 7 17 15 50 42 32 13 11 13 1 2 1 1 12 6 0 0 9 4 8 13 14 47 28 48 3 21 5 22 13 9 0 28 20 12 9 13 2 1 16 130 60 36 1 35 13 69 95 0 127 19 120 38 43 50 64 19 30 5 10 11 9 18 20 6 6 3 15 158 11 20 1 21 68 26 22 3 18 12 0 0 27 5 12 4 8 0 4 4 2 0 12 
0 5 4 4 4 11 1 14 4 2 5 3 8 22 15 22 1 10 2 0 0 3 0 9 5 0 0 5 3 4 0 14 22 3 41 2 14 0 15 10 2 2 4 7 1 8 5 1 0 16 26 11 38 21 3 1 36 54 0 36 23 54 21 34 21 37 6 19 0 12 2 1 8 12 5 10 3 17 105 6 4 8 3 40 5 5 2 20 7 0 0 5 0 3 9 0 0 0 0 1 0 5 
3 11 2 2 1 1 0 5 2 0 0 5 2 13 4 5 5 6 5 1 4 0 2 2 0 0 0 3 3 3 6 5 30 9 20 2 4 0 5 7 1 1 1 5 5 5 6 1 0 11 16 12 17 7 1 0 12 17 0 42 10 39 11 13 11 18 2 13 0 5 5 2 6 2 1 3 0 4 67 1 1 0 0 17 9 6 2 8 4 0 0 8 2 2 0 3 0 0 1 0 0 1 
5 8 8 0 1 18 3 3 1 0 0 14 21 104 13 33 43 15 25 3 5 5 0 11 15 0 1 8 13 4 3 20 49 22 64 3 28 2 38 16 5 1 17 37 1 12 15 4 2 23 54 14 33 12 20 8 6 27 0 51 27 85 12 54 57 66 19 28 2 8 9 4 16 21 8 17 2 26 74 3 7 8 4 80 14 7 6 27 8 0 0 31 4 9 14 3 0 2 3 0 0 12 
6 7 22 2 19 29 12 20 12 8 11 44 33 146 36 36 65 21 31 5 3 1 0 6 0 0 0 5 9 14 6 49 70 21 97 7 24 2 44 18 8 1 33 58 10 24 8 4 2 54 49 49 106 30 43 24 11 9 0 65 43 219 32 98 85 112 22 30 7 6 5 8 19 15 23 21 2 28 133 15 9 15 14 97 39 10 7 42 24 0 0 52 3 20 11 2 0 2 5 0 1 18 
0 0 0 0 0 0 0 0 0 0 0 0 0 0 0 0 0 0 0 0 0 0 0 0 0 0 0 0 0 0 0 0 0 0 0 0 0 0 0 0 0 0 0 0 0 0 0 0 0 0 0 0 0 0 0 0 0 0 0 0 0 0 0 0 0 0 0 0 0 0 0 0 0 0 0 0 0 0 0 0 0 0 0 0 0 0 0 0 0 0 0 0 0 0 0 0 0 0 0 0 0 0 
3 20 15 7 4 9 14 10 2 2 5 18 21 61 27 38 39 33 16 8 11 2 5 21 8 2 0 13 17 10 6 46 18 22 33 0 5 6 10 11 8 1 8 15 4 18 1 1 2 21 40 24 59 40 20 33 24 20 0 5 17 106 26 84 97 129 34 29 11 13 18 33 36 32 8 11 5 4 79 5 1 5 9 40 4 9 8 32 7 0 0 20 4 2 2 6 0 0 0 0 0 10 
4 1 7 0 0 2 0 1 1 1 0 0 5 1 2 3 1 6 1 1 0 0 0 1 2 0 0 1 2 2 0 7 7 14 9 1 8 3 15 2 1 1 2 14 3 7 3 1 2 17 14 4 26 7 11 14 7 7 0 5 1 53 14 16 39 52 22 41 9 15 12 12 20 13 3 5 2 4 14 4 2 3 1 8 1 4 8 9 3 0 0 3 0 2 0 5 0 0 0 0 0 0 
0 1 0 0 0 2 0 2 0 1 0 1 2 0 1 0 0 0 2 0 0 0 0 0 1 0 0 0 0 1 2 3 0 1 1 0 2 6 3 4 0 0 2 1 0 2 1 1 1 2 3 0 6 1 1 5 1 6 0 0 9 1 0 1 5 10 3 1 1 2 1 3 1 3 0 1 0 0 5 0 0 2 2 2 0 0 2 3 0 0 0 1 0 1 0 1 0 0 0 0 0 1 
1 12 6 0 0 1 6 3 1 3 1 0 0 1 0 0 1 2 0 0 0 0 0 1 0 0 0 0 2 4 7 9 5 1 9 3 18 6 9 10 6 1 4 12 2 3 3 0 0 2 2 0 12 0 9 10 6 6 0 7 6 1 2 21 54 54 10 8 5 17 3 7 8 16 3 2 1 2 24 2 4 0 1 2 1 3 0 2 0 0 0 4 0 0 0 0 0 0 0 0 0 3 
3 7 8 0 1 6 5 10 5 4 2 3 0 1 0 0 6 3 7 3 5 1 0 2 1 0 0 2 4 19 9 29 8 2 32 25 49 15 47 15 14 1 19 57 15 22 19 0 2 30 32 12 19 11 9 21 16 25 0 24 17 177 8 7 16 99 25 16 23 13 19 22 57 40 6 8 0 3 55 8 5 4 1 0 2 1 2 4 4 0 0 14 1 0 4 0 0 0 1 0 0 5 
5 21 8 0 1 12 9 24 7 7 2 1 8 3 1 13 5 2 0 0 0 0 0 0 0 0 0 0 7 38 11 50 48 21 34 22 78 21 103 54 29 0 31 11 19 17 35 4 7 41 20 7 49 10 6 23 19 33 0 38 37 221 40 26 8 90 38 56 21 52 59 39 71 83 10 15 5 6 67 9 13 6 8 13 0 6 7 13 14 0 0 24 3 1 3 1 0 0 0 0 0 5 
4 12 3 2 3 14 7 15 27 19 8 27 14 0 0 0 0 0 0 0 0 0 0 1 0 0 0 8 1 80 18 64 59 60 78 28 135 41 127 46 26 4 18 19 11 22 8 7 4 46 33 16 66 20 19 34 38 46 0 57 87 303 60 86 135 25 43 104 83 70 81 95 111 132 8 6 6 6 127 25 19 5 5 17 1 14 4 13 4 0 0 18 2 1 1 0 0 0 0 0 0 4 
9 5 9 0 1 2 7 14 2 3 0 6 3 2 0 5 0 0 0 0 0 0 0 2 0 0 0 0 7 26 5 28 28 30 24 25 66 10 28 16 6 4 9 18 7 10 21 4 11 12 15 6 19 11 5 5 11 25 0 24 21 80 32 66 99 47 0 27 64 54 78 117 94 77 4 2 2 2 36 6 15 2 3 4 2 6 1 5 0 0 0 5 0 0 0 1 0 0 0 0 0 1 
9 13 8 0 1 13 2 8 16 6 4 2 3 3 1 4 1 0 0 0 0 0 0 0 0 0 0 1 8 12 19 22 33 32 59 12 99 12 48 5 4 2 4 4 8 14 6 0 3 27 34 12 32 15 5 12 22 28 0 28 38 222 27 52 117 175 14 6 30 61 57 58 97 110 7 4 5 3 56 5 7 3 0 8 9 3 2 11 0 0 0 4 2 0 0 0 0 0 0 0 0 4 
1 0 1 0 0 21 2 4 0 1 0 1 0 0 0 0 0 0 0 0 0 0 0 0 0 0 0 2 3 6 3 7 21 9 46 9 29 5 16 1 2 0 3 5 2 3 3 1 2 7 2 3 5 6 3 7 4 1 0 8 6 83 24 29 48 81 39 12 3 12 19 30 31 43 3 1 2 0 28 0 1 4 1 5 0 2 0 4 3 0 0 0 0 1 0 0 0 0 0 0 0 0 
7 2 3 0 0 3 0 19 2 1 1 2 0 0 1 0 0 1 0 0 0 0 0 0 0 0 0 0 4 21 4 16 35 49 68 31 39 4 12 6 6 1 2 10 1 5 1 2 1 12 14 9 34 13 10 11 21 27 0 49 27 353 24 74 151 218 61 41 17 5 51 72 140 263 2 6 1 0 59 2 5 16 3 4 3 5 1 3 1 0 0 1 0 2 0 0 0 0 0 1 0 0 
4 2 7 6 3 4 3 11 5 5 5 13 3 2 4 36 0 1 0 0 0 0 0 0 0 0 0 1 3 10 10 16 101 65 180 20 137 37 74 21 6 3 20 22 9 23 12 5 4 22 13 9 26 10 12 4 18 20 0 47 31 262 70 149 150 316 83 161 79 105 11 38 133 115 6 4 1 2 60 16 4 5 2 17 2 14 5 11 5 0 0 11 2 1 0 0 0 0 1 0 0 4 
2 2 1 0 0 6 9 10 7 1 2 7 1 4 0 5 0 0 0 0 0 0 0 0 0 0 0 0 3 16 3 6 77 81 138 42 121 20 36 23 14 3 19 11 16 20 6 3 4 29 19 11 29 9 8 15 8 8 0 51 41 272 38 116 281 309 81 119 54 76 32 5 171 185 3 7 3 2 48 10 8 2 6 10 11 5 3 9 8 0 0 15 1 1 2 1 0 0 0 0 0 3 
4 3 5 1 4 2 1 5 5 1 2 2 0 2 1 1 2 0 1 0 0 0 0 0 0 0 0 0 7 4 0 3 16 27 36 9 21 9 26 9 7 1 3 8 3 7 6 3 5 32 25 8 14 13 10 6 11 12 0 18 11 146 24 30 100 165 33 29 17 66 55 40 7 36 14 2 1 1 47 5 3 3 11 3 2 2 6 16 0 0 0 4 0 0 0 0 0 0 0 0 1 7 
5 4 2 1 1 2 3 3 2 3 2 5 6 1 1 0 2 1 0 0 0 0 0 0 0 0 0 0 4 1 0 0 9 25 19 5 20 10 12 7 5 0 5 7 4 4 4 0 2 9 15 11 16 12 4 12 8 5 0 32 19 75 9 28 60 126 13 52 20 41 38 48 76 3 9 0 2 1 46 5 5 5 3 13 3 1 1 13 1 0 0 1 2 0 1 0 0 1 0 0 0 2 
3 2 1 2 6 4 4 2 4 6 6 3 10 48 12 26 19 7 4 5 3 1 5 12 2 0 1 13 2 6 3 8 43 13 27 2 21 1 38 15 11 1 34 47 13 30 44 8 9 68 9 3 12 11 10 27 61 75 0 87 26 51 9 20 24 34 2 10 2 4 3 5 10 10 4 21 8 35 572 79 44 30 38 204 28 60 22 110 33 0 0 54 19 35 21 11 2 11 15 0 1 35 
1 2 4 0 0 3 7 1 10 17 2 4 9 30 20 32 23 8 2 0 0 2 0 5 1 0 0 8 4 4 13 9 24 10 26 9 13 1 22 16 17 3 29 61 19 40 35 5 6 46 17 5 37 7 22 58 54 119 0 64 52 62 4 25 21 45 5 1 6 5 4 10 7 10 5 3 14 27 401 80 40 25 60 183 48 63 28 101 29 0 0 30 22 16 20 6 2 8 18 1 2 26 
2 4 2 0 0 11 5 4 0 2 1 12 1 8 0 7 3 0 2 0 0 1 0 0 0 0 0 0 0 2 1 3 6 1 6 0 5 3 5 6 1 2 7 10 5 5 1 0 5 4 4 6 9 11 7 3 12 7 0 24 5 6 2 5 9 18 0 1 1 2 3 0 0 2 7 14 1 22 103 31 23 8 5 97 17 9 3 20 5 0 0 16 2 6 8 0 0 1 0 0 1 5 
4 7 7 3 9 5 5 10 5 2 1 5 5 48 16 16 6 7 12 2 1 0 2 7 2 0 0 6 7 6 1 14 43 6 12 5 21 3 21 12 15 0 38 70 25 23 23 6 7 46 9 17 57 22 6 26 34 40 0 29 8 95 25 38 39 41 10 15 1 8 2 7 14 16 35 62 27 11 155 42 24 20 29 254 74 54 16 95 16 0 0 68 9 26 13 4 0 2 9 2 3 10 
22 17 17 4 18 28 9 7 24 11 2 29 13 121 58 44 77 18 27 9 8 2 5 28 8 3 2 21 9 44 14 26 89 45 64 9 24 11 49 26 16 3 59 124 41 42 27 9 14 76 70 81 79 50 39 48 69 85 0 70 45 153 30 93 99 206 26 63 6 27 19 33 41 42 86 127 24 30 7 32 38 32 33 356 50 75 22 107 40 0 0 83 19 27 31 16 5 7 14 4 0 43 
2 6 2 0 0 3 2 2 8 1 0 1 4 32 19 27 8 16 9 0 0 1 2 6 1 1 0 9 8 5 1 15 26 9 27 3 7 3 17 12 21 3 112 128 23 56 30 7 8 72 25 13 35 12 9 14 22 9 0 12 3 83 21 72 21 49 6 15 1 6 3 9 6 12 40 66 10 36 130 6 30 62 47 279 75 70 33 89 13 0 0 124 23 25 28 13 1 4 8 0 2 18 
8 8 2 0 3 4 2 1 1 2 0 1 6 1 0 8 9 10 4 1 2 3 0 4 0 0 0 5 1 9 4 16 32 9 11 0 3 2 14 13 13 4 110 166 29 36 75 8 6 95 13 3 28 11 11 2 13 37 0 8 6 70 32 36 54 42 13 4 2 7 5 2 7 10 10 25 5 28 143 77 4 15 42 203 43 37 18 74 67 0 0 169 51 36 21 17 6 10 6 0 2 28 
0 2 9 1 4 4 1 1 1 1 0 0 1 2 0 4 2 1 1 0 0 0 0 4 2 0 0 1 0 4 6 4 22 5 1 0 2 0 7 23 17 3 83 100 40 60 42 6 2 52 5 0 4 0 1 0 5 15 0 15 14 70 20 24 11 17 3 10 2 2 3 12 5 9 10 22 11 14 59 26 26 8 6 144 23 54 14 101 37 0 0 209 27 38 40 8 5 3 16 0 1 57 
3 6 4 0 7 4 1 2 0 4 2 0 0 0 0 5 1 1 1 0 0 0 0 3 0 0 0 0 2 7 4 4 25 7 1 1 1 2 19 20 30 7 141 140 27 88 64 10 13 67 30 5 25 7 16 14 7 29 0 14 9 99 10 23 10 34 10 10 7 6 8 6 12 16 21 42 10 30 216 55 34 8 11 238 88 61 21 78 36 0 0 184 40 37 37 13 7 14 8 0 1 36 
3 2 4 0 1 2 2 4 0 2 0 0 2 1 2 0 3 0 0 0 0 0 0 3 0 0 0 9 0 4 0 1 18 11 6 2 1 6 14 16 19 6 143 165 37 132 72 10 16 122 27 15 47 38 28 11 46 35 0 31 8 75 4 5 9 30 1 4 10 2 2 4 8 6 47 54 25 71 267 115 60 36 67 25 71 93 30 157 38 0 0 278 52 79 52 42 3 16 22 0 1 54 
6 7 4 1 7 1 2 8 4 2 0 0 0 0 0 1 0 0 0 0 0 1 0 1 0 0 0 2 1 11 0 9 6 8 1 0 4 4 17 73 47 13 239 325 67 218 108 18 20 100 17 19 14 17 19 7 70 27 0 15 15 81 2 8 6 22 1 5 2 4 1 0 7 2 26 32 11 18 230 75 89 59 81 243 7 111 50 148 73 0 0 503 90 126 84 25 7 18 27 2 4 70 
8 3 2 1 0 5 6 5 7 2 2 0 0 0 13 6 14 4 3 5 2 1 0 11 2 0 1 5 0 15 9 11 18 9 32 5 37 13 86 29 38 9 170 295 56 212 129 44 7 161 14 11 22 12 1 7 32 25 0 20 16 33 7 2 4 15 1 5 1 0 2 6 8 4 30 44 7 26 68 30 39 26 22 178 55 11 33 69 58 0 0 396 86 107 104 45 6 22 31 3 5 67 
7 7 7 2 3 7 3 0 1 10 0 1 2 2 2 12 12 13 3 4 2 0 0 7 4 0 1 6 9 8 8 22 40 16 30 3 63 40 84 61 41 6 149 212 62 162 68 34 10 124 17 5 12 6 6 17 18 15 0 29 5 36 2 9 15 9 9 2 0 0 0 1 1 6 14 19 4 16 56 35 23 37 28 112 52 53 7 44 54 0 0 349 73 112 89 18 4 21 18 3 2 59 
21 35 19 2 5 22 13 10 10 17 3 7 12 11 5 44 53 42 26 12 21 2 10 43 21 2 0 62 4 96 41 92 240 43 133 46 247 156 313 145 60 56 410 629 186 634 302 109 116 725 40 34 47 18 8 8 37 40 0 40 32 82 10 20 25 19 9 7 3 11 17 19 19 28 70 67 10 40 176 82 60 82 72 334 130 153 86 25 100 0 0 1204 192 332 260 107 20 60 116 6 12 386 
2 3 3 1 1 4 1 6 1 2 2 4 5 7 3 31 31 23 18 2 3 0 2 6 2 0 0 11 7 19 6 15 52 31 52 15 153 62 114 118 47 19 258 188 59 136 69 15 15 128 8 2 20 5 5 5 5 9 0 19 6 7 3 12 4 23 0 1 1 2 1 2 5 5 4 7 4 9 48 23 14 26 10 117 18 116 73 36 13 0 0 588 99 105 96 32 5 15 16 0 2 117 
0 0 0 0 0 0 0 0 0 0 0 0 0 0 0 0 0 0 0 0 0 0 0 0 0 0 0 0 0 0 0 0 0 0 0 0 0 0 0 0 0 0 0 0 0 0 0 0 0 0 0 0 0 0 0 0 0 0 0 0 0 0 0 0 0 0 0 0 0 0 0 0 0 0 0 0 0 0 0 0 0 0 0 0 0 0 0 0 0 0 0 1 0 0 0 0 0 0 0 0 0 0 
0 0 0 0 0 0 0 0 0 0 0 0 0 0 0 0 0 0 0 0 0 0 0 0 0 0 0 0 0 0 0 0 0 0 0 0 0 0 0 0 0 0 0 0 0 0 0 0 0 0 0 0 0 0 0 0 0 0 0 0 0 0 0 0 0 0 0 0 0 0 0 0 0 0 0 0 0 0 0 0 0 0 0 0 0 0 0 0 0 0 0 0 0 0 0 0 0 0 0 0 0 0 
1 2 5 0 0 0 0 1 3 3 1 3 0 2 4 2 10 4 0 1 1 1 0 2 0 1 0 2 1 3 9 14 37 19 46 12 56 32 50 38 24 2 45 56 37 61 50 21 15 62 2 0 3 2 0 1 5 2 0 7 0 9 0 1 4 0 1 0 0 0 0 1 2 1 2 5 0 5 24 6 11 13 15 59 21 43 17 80 46 0 0 12 66 68 23 52 4 17 22 3 4 79 
2 2 1 0 0 2 0 2 1 0 0 2 0 1 10 0 6 0 0 3 0 0 0 0 0 0 0 2 2 7 7 7 25 10 44 8 56 22 32 26 24 2 140 148 50 69 43 22 22 108 4 0 7 0 0 1 0 0 0 0 1 7 0 2 1 2 0 0 0 0 0 1 3 0 4 5 2 3 28 6 11 2 6 31 18 36 18 67 37 0 0 181 4 6 10 22 0 5 6 2 3 37 
0 4 0 0 0 1 0 7 0 3 1 3 4 3 2 14 1 0 0 0 2 0 0 4 0 1 0 1 3 6 3 14 30 12 37 20 89 25 82 30 39 18 171 271 78 153 71 29 25 139 9 1 6 1 0 0 5 8 0 4 1 18 0 4 0 1 0 0 0 0 0 0 0 2 9 12 5 4 41 13 14 13 14 75 40 61 46 119 65 0 0 329 55 6 8 37 6 15 13 0 15 104 
0 0 0 0 0 0 0 3 0 1 0 0 2 1 1 8 0 0 0 0 0 1 0 3 0 0 0 0 0 7 2 12 13 14 12 9 88 14 59 30 20 10 139 198 73 149 54 6 17 152 4 0 9 3 0 0 2 2 0 3 0 2 0 2 1 0 0 0 0 0 0 0 0 0 2 10 1 1 18 7 7 13 7 45 21 37 75 58 51 0 0 261 28 5 6 10 8 8 13 0 0 82 
1 5 6 0 1 1 1 0 3 2 2 12 5 6 4 19 2 3 0 1 0 0 0 0 0 0 0 2 1 16 2 21 36 22 53 26 102 47 159 166 91 17 396 885 196 361 94 29 37 171 9 3 5 4 1 2 3 6 0 5 2 14 0 4 1 4 0 0 0 0 0 1 5 2 8 5 6 6 23 12 15 34 15 98 11 95 58 131 105 0 0 1868 150 161 80 10 8 10 20 4 2 125 
2 0 1 0 0 0 0 0 0 0 0 1 0 0 0 1 3 0 0 0 0 0 0 0 0 0 0 1 1 3 0 0 12 5 12 3 12 2 14 16 18 5 67 144 32 37 25 1 4 28 0 2 1 0 0 2 1 0 0 0 1 0 0 0 0 3 0 0 0 0 0 0 4 0 1 2 0 2 8 5 3 1 12 19 0 16 4 19 15 0 0 217 17 18 38 9 0 1 4 6 0 19 
0 2 1 0 0 1 1 0 2 2 0 6 5 7 0 2 5 0 0 0 0 0 0 2 0 0 0 1 2 9 4 7 25 4 18 9 53 22 75 35 25 58 395 703 138 262 140 33 13 201 5 3 13 4 3 7 6 12 0 4 0 7 0 4 1 3 0 0 0 0 0 0 2 2 10 6 1 8 41 14 11 30 20 97 22 68 49 118 56 0 0 1199 232 124 96 80 0 3 16 0 3 108 
2 0 1 1 1 1 1 0 1 1 2 0 3 2 0 3 0 0 0 0 0 0 1 0 0 0 0 1 2 11 1 5 6 7 8 15 23 15 72 28 32 6 190 304 106 192 77 25 38 159 9 4 12 5 2 5 7 3 0 1 1 4 0 0 0 0 0 0 0 0 0 0 0 2 6 10 4 3 15 6 6 11 9 50 10 40 30 80 40 0 0 582 46 78 51 50 3 2 2 2 0 30 
0 0 1 0 0 1 0 0 0 0 0 0 1 0 1 0 3 0 1 0 0 0 0 0 0 0 0 1 0 2 0 2 7 2 6 3 27 9 26 21 26 2 68 137 53 43 36 4 9 40 2 2 1 2 2 4 1 2 0 0 3 0 0 0 0 1 0 0 0 0 0 0 0 0 7 5 0 0 8 3 2 0 1 13 3 17 7 18 12 0 0 196 33 51 80 4 0 5 4 2 0 7 
0 0 0 0 0 0 0 1 0 0 0 2 2 0 0 0 0 0 0 0 0 0 0 0 0 0 0 0 1 2 1 1 5 1 3 1 6 4 12 11 6 1 40 73 6 19 9 5 3 21 0 1 2 0 0 0 0 2 0 0 1 0 0 0 0 0 0 0 0 0 0 0 0 0 3 2 2 1 3 3 1 2 1 6 1 10 1 12 11 0 0 125 58 53 46 10 5 1 3 3 0 4 
5 1 1 1 1 2 2 2 3 1 0 4 5 6 4 0 0 1 1 0 0 0 0 1 2 1 0 3 3 18 4 15 49 3 18 13 39 38 69 41 49 9 118 164 64 93 58 23 9 93 9 7 7 7 4 0 5 7 0 4 0 4 0 1 0 4 2 0 0 0 1 0 0 2 8 9 3 12 20 11 16 11 14 67 13 43 22 181 32 0 0 320 68 97 173 55 5 22 13 3 2 11 
