8 18 41 18 33 61 61 54 64 66 37 138 120 224 187 111 113 79 48 26 15 15 10 65 11 4 3 53 12 0 5 8 16 19 22 4 8 2 33 48 14 4 22 28 32 16 14 6 3 60 13 2 17 13 2 5 8 19 0 11 7 37 5 6 7 26 15 20 4 2 5 0 3 6 6 2 0 1 20 2 0 8 2 11 0 8 0 30 2 0 0 19 4 0 10 2 0 3 2 0 1 16 
17 25 27 11 10 88 72 48 87 49 51 171 145 287 143 121 105 112 79 32 25 5 7 29 27 1 0 34 23 0 0 4 16 12 40 2 4 16 42 35 47 2 57 43 37 24 26 10 5 62 18 11 10 6 10 16 6 17 0 4 13 52 6 17 25 46 7 9 3 4 3 1 6 7 8 3 0 3 20 1 5 5 1 14 5 2 0 28 11 0 0 54 3 3 9 9 0 4 5 0 0 9 
51 53 34 17 17 90 59 36 156 74 60 139 160 289 208 97 69 68 90 16 18 11 15 43 10 2 0 24 98 3 0 7 11 13 15 8 8 5 40 48 23 1 61 44 24 29 18 3 2 42 22 2 17 10 7 0 10 37 0 1 9 60 1 17 32 31 12 21 2 8 5 3 4 20 2 0 0 1 21 2 20 1 3 12 2 5 2 21 5 0 0 40 10 4 8 0 0 0 1 0 1 12 
42 26 46 2 1 34 15 15 36 4 5 17 11 69 32 14 15 10 1 10 2 1 5 13 3 1 0 13 11 3 1 4 3 4 7 0 0 2 19 1 3 0 3 2 1 8 8 0 1 11 1 0 2 1 1 4 0 2 0 2 0 4 4 2 1 3 0 1 0 0 3 1 4 5 4 0 0 1 3 2 1 0 0 0 2 1 0 2 0 0 0 2 0 3 0 0 0 1 4 0 0 1 
74 38 42 1 1 9 7 18 27 37 11 18 75 88 59 54 29 16 16 6 2 3 3 17 3 1 1 23 7 1 1 0 2 14 2 9 0 1 32 22 5 1 9 16 9 12 3 1 0 20 10 1 6 2 2 0 7 5 0 0 0 8 0 3 12 18 9 1 3 0 2 1 2 3 0 5 0 0 5 0 1 0 0 2 2 0 2 17 1 0 0 17 1 0 1 0 0 0 0 0 0 0 
167 247 140 35 18 56 42 37 120 186 65 131 229 465 254 151 132 124 74 47 33 6 33 81 19 2 0 46 47 6 1 3 15 11 33 0 1 11 58 43 17 6 59 38 51 32 22 7 2 73 43 6 38 9 3 3 0 28 0 3 15 52 12 56 15 78 37 25 8 7 3 5 20 20 1 2 2 12 20 6 2 6 2 19 3 10 1 29 12 0 0 57 30 3 2 1 0 1 2 0 0 5 
71 116 58 16 17 38 36 18 129 122 27 128 122 292 170 149 100 70 89 38 25 39 7 34 3 2 0 25 21 5 8 24 22 17 25 2 3 6 20 44 33 6 44 39 19 41 22 24 4 46 27 17 16 11 8 3 10 3 0 3 4 31 13 38 49 55 20 23 12 4 5 1 3 12 0 20 0 2 15 1 2 4 1 8 2 5 2 10 11 0 0 16 13 1 0 1 0 2 2 0 0 7 
37 152 68 13 16 42 45 53 114 64 59 119 185 282 254 137 124 103 86 43 13 25 14 45 17 0 0 33 17 11 5 30 32 12 12 5 1 7 21 62 17 4 56 25 19 36 17 4 6 54 21 7 14 18 5 10 9 27 0 1 3 24 14 10 60 54 4 22 7 5 5 4 11 13 0 28 1 1 9 1 8 0 0 23 4 5 5 9 1 0 0 21 5 2 6 7 0 2 0 0 0 9 
92 155 142 9 50 73 100 43 149 53 77 137 222 253 162 129 124 94 65 49 14 25 16 21 9 2 2 34 26 20 9 1 17 12 24 0 2 4 39 69 31 3 63 51 20 36 35 1 3 50 15 3 35 5 5 6 1 21 0 4 0 11 5 19 59 70 14 19 8 0 1 1 8 6 1 4 1 0 15 7 3 5 0 3 1 5 1 6 1 0 0 46 5 6 1 2 0 1 0 0 0 5 
104 58 40 21 20 55 52 8 35 25 13 42 88 164 66 102 53 111 66 53 16 16 17 62 11 5 0 61 8 6 1 0 8 0 3 2 2 3 14 24 35 5 26 20 30 19 5 2 0 39 23 4 9 6 8 1 6 6 0 4 4 1 14 6 16 21 6 6 7 3 0 1 13 6 4 6 4 0 11 1 2 0 1 0 0 1 0 6 0 0 0 23 14 1 0 0 0 0 0 0 0 6 
24 85 28 19 32 59 42 17 49 26 2 14 78 93 55 32 62 93 32 41 8 23 21 24 8 6 0 30 17 22 3 6 8 3 0 0 0 3 21 12 16 2 16 11 19 39 24 10 16 30 4 2 11 3 8 3 5 5 0 1 0 7 3 1 14 32 18 1 8 9 3 5 4 9 9 15 2 0 15 2 1 1 0 0 0 1 0 0 1 0 0 34 5 3 0 3 0 0 0 0 0 7 
91 125 109 16 39 139 74 86 89 28 78 22 130 109 66 71 67 147 105 72 45 46 51 75 50 0 2 99 17 23 1 5 15 13 1 2 1 5 15 54 17 7 43 19 17 23 17 17 2 59 36 14 15 12 1 1 34 10 0 2 0 37 1 13 12 46 9 2 2 1 6 3 3 16 0 7 0 1 3 0 2 0 0 0 0 1 1 2 1 0 0 38 3 1 2 0 1 0 0 0 0 11 
71 169 151 47 54 192 135 92 196 126 79 24 27 75 102 131 78 176 97 101 66 22 51 105 28 6 0 102 25 12 2 19 40 14 22 0 3 17 18 34 23 3 55 22 12 26 12 6 11 52 56 16 34 4 14 2 14 13 0 5 6 26 7 10 9 20 3 12 2 0 2 1 13 8 10 6 2 0 14 4 0 0 0 2 0 0 3 5 3 0 0 44 4 2 0 1 2 2 0 0 1 15 
48 51 65 3 25 108 36 50 104 64 52 18 39 26 13 28 46 124 88 139 66 32 79 109 25 10 8 182 18 2 2 0 0 2 2 1 7 3 2 22 9 7 22 3 7 24 12 0 3 16 13 7 15 4 0 1 9 10 0 4 8 5 0 0 0 1 0 1 0 0 1 0 1 1 17 2 0 0 7 0 1 0 0 0 0 0 0 2 2 0 0 13 2 1 2 0 2 0 0 0 0 4 
78 118 166 14 49 154 63 63 56 88 70 45 133 34 18 42 39 67 95 96 59 27 90 94 34 8 4 145 16 6 4 7 9 2 5 6 4 5 8 21 4 1 19 12 11 13 6 2 1 43 25 4 27 6 7 1 25 30 0 3 2 31 0 2 0 1 0 0 2 2 1 1 3 2 1 2 0 2 24 1 0 0 0 0 0 0 0 2 0 0 0 40 3 1 1 0 0 0 0 0 0 6 
60 125 44 10 29 135 33 91 68 66 80 39 55 70 26 29 31 96 129 66 77 28 64 185 43 22 11 101 22 36 14 47 76 17 55 18 88 20 5 26 16 1 55 42 18 31 31 5 3 83 17 7 21 2 6 1 31 10 0 1 13 19 0 5 0 0 1 0 4 1 0 3 4 1 9 20 9 2 20 2 1 0 0 0 0 6 6 17 18 0 0 43 14 4 7 2 0 6 1 2 0 11 
35 76 44 3 65 137 38 58 68 81 112 58 116 215 53 57 10 113 187 82 81 44 84 147 51 6 0 81 5 45 11 161 126 43 146 20 47 10 24 62 51 8 124 45 62 52 60 33 10 107 13 15 11 6 1 3 23 29 0 1 17 35 2 11 2 2 0 0 0 1 0 0 3 27 8 18 2 1 58 22 1 0 0 2 0 6 11 18 11 0 0 65 7 5 6 0 0 1 0 0 0 10 
40 61 62 11 30 88 17 57 39 63 38 64 78 158 78 107 41 6 68 16 62 20 40 129 39 15 4 107 12 38 20 98 110 51 100 12 42 11 33 86 47 5 72 56 76 53 44 2 7 93 19 9 6 5 4 4 23 27 0 1 1 34 3 1 4 0 0 0 0 0 0 0 0 0 1 5 4 1 31 9 3 0 0 0 0 4 3 11 9 0 0 37 2 0 1 0 0 0 2 0 0 7 
36 73 24 2 17 102 15 35 46 42 69 50 116 123 93 119 46 52 4 12 60 23 50 62 31 20 2 88 25 11 4 27 68 40 69 2 18 4 18 5 17 1 17 35 14 35 19 5 1 42 5 4 17 4 1 2 6 24 0 4 1 23 0 4 0 0 0 0 0 0 0 0 0 0 2 3 0 4 10 4 0 0 0 0 0 0 3 10 14 0 0 13 0 0 0 0 0 0 0 0 0 3 
24 25 16 3 8 51 41 21 61 41 91 84 95 187 129 153 91 112 94 9 12 31 29 43 25 13 2 148 12 10 7 19 26 34 53 33 23 13 36 29 30 2 21 23 30 26 14 5 5 20 1 1 2 0 1 6 0 2 0 1 8 4 0 3 0 0 0 0 0 0 0 0 0 1 3 0 0 1 4 0 3 0 0 1 1 2 0 5 3 0 0 9 0 0 0 0 0 0 0 0 0 2 
12 15 27 2 17 24 15 31 20 29 44 125 100 372 156 225 143 291 377 4 18 6 30 39 18 15 8 109 8 5 0 5 16 8 62 13 32 10 65 21 26 2 36 18 25 32 10 16 6 38 1 0 0 1 0 2 0 4 0 1 0 1 0 0 0 0 0 0 0 0 0 0 0 0 1 3 0 0 2 0 0 0 0 0 1 1 12 11 2 0 0 6 0 0 3 0 0 0 1 0 0 1 
38 62 29 3 27 67 33 52 52 30 168 173 106 442 261 277 190 185 262 44 8 16 31 51 17 19 25 159 9 20 4 18 38 27 123 9 38 15 86 16 18 2 32 31 23 26 30 5 8 35 7 0 3 3 5 1 2 0 0 2 0 5 0 0 0 0 0 0 0 0 0 0 0 0 1 6 1 1 12 4 2 1 0 0 0 3 0 11 2 0 0 12 1 0 0 1 0 0 0 0 0 0 
4 20 16 3 13 45 30 8 37 37 62 152 87 216 211 318 224 301 334 108 131 38 9 42 35 23 12 197 3 16 4 14 52 34 164 15 17 14 85 35 21 1 52 12 24 32 19 4 4 44 6 2 6 6 4 0 7 5 0 4 5 11 0 4 0 0 0 0 0 0 0 0 0 0 1 2 0 7 16 7 7 9 3 3 0 1 0 17 2 0 0 22 0 5 5 0 0 0 0 0 0 5 
30 34 62 6 18 72 43 26 42 78 67 198 156 546 322 418 357 406 397 227 215 116 22 57 11 26 30 251 14 12 4 9 77 29 147 24 66 32 137 48 49 0 44 61 66 60 35 24 9 113 15 6 14 15 3 13 8 12 0 0 6 12 1 4 0 1 0 0 0 0 0 0 0 0 2 10 1 3 22 1 4 1 5 3 0 8 3 23 11 0 0 31 0 2 1 1 0 0 1 0 0 3 
24 32 21 6 11 40 11 31 14 56 23 104 129 262 146 167 147 177 142 109 108 33 25 7 1 5 12 113 13 24 3 12 92 20 71 34 22 19 51 32 47 7 38 47 39 49 20 16 10 108 18 4 12 8 2 6 8 7 0 4 4 18 1 7 0 2 0 0 0 0 0 1 0 0 5 5 5 4 34 5 1 1 2 7 2 11 2 45 3 0 0 15 3 0 1 1 0 0 0 0 0 0 
0 1 0 0 0 1 0 1 9 7 2 11 3 33 23 31 19 21 23 10 38 74 18 71 25 1 2 31 0 4 0 7 7 1 8 2 8 0 7 2 3 0 6 4 4 11 0 1 0 4 1 0 0 0 0 0 0 0 0 0 0 1 0 0 0 0 0 0 0 0 0 0 0 0 0 0 0 0 1 0 0 0 0 0 0 0 0 0 6 0 0 0 0 0 0 0 0 0 0 0 0 0 
3 1 1 1 8 0 4 2 9 7 3 9 6 57 54 62 32 34 19 50 63 88 62 76 67 4 12 130 1 6 0 8 3 10 11 4 12 7 14 13 8 0 8 1 7 13 8 1 0 7 1 0 0 0 0 0 0 0 0 7 0 5 0 0 0 0 0 0 0 0 0 0 0 0 0 0 0 0 14 4 0 0 0 0 0 0 1 3 0 0 0 9 1 0 0 1 0 0 0 0 0 3 
23 41 72 6 15 59 12 29 30 52 61 125 118 424 298 305 204 235 202 230 180 129 181 217 104 27 19 7 20 5 4 16 38 15 82 17 81 38 144 72 68 8 45 66 47 80 76 6 14 124 12 3 9 1 8 4 5 12 0 10 1 10 0 5 0 3 0 0 0 0 0 0 0 0 2 2 2 2 16 4 1 0 1 3 5 4 5 49 18 0 0 43 7 2 6 1 4 4 2 0 0 8 
15 10 3 1 2 2 4 4 5 5 1 6 3 21 6 7 10 8 5 3 0 2 1 2 0 0 0 7 1 0 0 0 3 0 0 0 0 1 2 2 0 0 1 0 4 1 0 1 0 9 1 0 1 0 0 0 0 2 0 0 2 0 0 0 1 2 4 0 0 0 1 0 0 0 1 1 0 0 0 0 0 0 0 1 0 1 0 2 0 0 0 9 0 0 0 0 0 0 0 0 0 2 
4 13 7 1 1 5 5 16 28 5 11 35 13 19 19 71 126 235 87 33 12 3 11 17 12 6 0 3 3 33 76 386 864 315 1193 773 1352 465 806 375 232 24 362 287 224 205 141 33 54 405 35 14 38 16 7 11 22 31 0 66 39 200 5 49 172 259 54 50 59 21 10 12 7 5 9 8 2 5 50 10 10 6 6 6 0 22 15 91 32 0 0 220 40 26 65 21 0 4 13 1 0 48 
0 8 1 0 0 5 1 5 13 3 10 15 16 6 7 14 36 89 52 27 11 12 0 5 2 0 0 5 0 88 60 207 349 80 490 277 417 116 227 118 98 11 109 93 45 71 54 16 8 107 13 2 15 7 2 1 6 9 0 18 20 67 2 9 174 205 40 23 28 17 27 1 27 1 2 1 0 2 28 9 3 3 1 8 0 4 7 32 11 0 0 77 20 11 11 10 0 1 9 0 2 14 
5 10 0 0 0 1 0 23 12 7 3 18 26 10 20 51 89 170 72 42 6 2 2 10 8 4 1 8 4 174 132 28 295 136 698 348 844 372 543 279 202 15 348 264 132 150 103 43 29 295 18 20 26 20 10 8 18 26 0 24 8 74 2 5 99 182 78 12 21 9 9 0 16 3 3 8 0 5 72 16 4 5 3 5 2 29 12 71 44 0 0 152 18 43 11 15 4 17 6 0 2 27 
7 5 2 0 1 2 13 2 0 3 1 0 5 1 6 28 21 39 6 10 5 4 1 10 3 0 0 9 0 177 52 53 15 29 145 71 130 61 112 118 93 16 148 91 87 74 66 35 19 270 20 11 10 6 8 2 5 10 0 3 5 11 0 3 18 43 12 2 0 4 6 3 6 30 6 5 0 3 21 8 1 1 0 7 0 10 2 51 14 0 0 79 10 8 9 3 2 1 3 0 0 15 
6 5 5 0 0 11 2 2 1 5 1 0 4 1 1 18 31 56 20 8 3 1 15 9 16 4 0 5 1 87 28 81 47 20 54 56 218 86 120 86 78 18 154 143 75 66 66 23 15 139 8 10 18 25 5 3 3 27 0 6 2 15 1 5 15 76 40 13 13 24 4 15 21 6 4 2 1 5 28 0 4 11 1 1 0 3 5 20 10 0 0 123 20 23 14 3 0 1 4 0 1 21 
4 5 1 2 1 3 4 2 0 0 8 0 15 1 2 14 24 45 20 6 22 0 12 12 9 0 0 12 2 148 75 211 169 27 26 41 197 71 91 104 30 14 144 103 72 54 38 10 17 167 7 14 13 13 3 1 4 24 0 5 0 9 7 6 11 56 8 5 20 11 5 6 39 23 5 7 4 1 14 1 1 0 0 0 0 3 1 17 4 0 0 107 11 15 28 4 0 4 2 0 3 25 
5 3 2 0 2 4 1 1 1 0 1 0 4 3 5 23 27 39 29 17 17 19 37 12 4 0 0 7 0 211 55 181 201 31 46 12 1411 100 204 178 57 10 107 61 74 88 49 34 15 144 6 3 18 0 4 2 9 10 0 1 3 17 3 4 10 60 14 6 8 4 5 13 21 31 0 2 0 3 16 1 0 0 0 0 0 2 1 26 7 0 0 89 14 27 14 22 7 1 2 0 1 29 
1 1 3 0 1 2 1 0 0 2 0 2 1 0 1 5 4 5 5 0 5 2 0 7 0 0 0 3 0 168 54 210 159 51 103 61 81 61 57 105 96 56 129 94 98 128 76 14 36 282 5 3 3 1 4 0 0 3 0 0 0 18 3 3 15 6 0 3 8 3 7 29 14 11 1 0 0 0 2 0 0 0 0 0 0 4 2 30 22 0 0 155 24 20 17 5 1 3 12 0 0 38 
11 11 8 1 2 29 4 4 12 4 14 5 5 7 6 6 8 10 5 16 12 7 13 29 3 0 0 25 0 142 45 325 286 81 146 39 93 24 100 136 178 31 180 241 196 207 163 31 40 396 7 6 4 0 1 0 0 2 0 0 2 65 2 3 3 5 1 4 15 1 5 9 26 24 2 0 0 0 4 5 0 0 2 2 0 23 22 68 27 0 0 204 22 19 9 10 1 2 7 0 2 65 
16 34 9 1 11 20 15 41 14 14 45 7 13 9 5 6 5 14 7 19 38 7 21 21 9 0 0 47 4 115 40 190 239 91 186 63 213 47 66 166 156 38 161 130 116 126 122 54 41 422 4 3 17 9 1 5 9 2 0 0 14 57 3 4 46 23 8 12 1 4 6 3 9 14 5 1 0 1 28 1 6 0 0 23 2 21 27 52 20 0 0 125 27 28 35 12 3 8 13 0 1 38 
24 55 44 7 10 79 35 54 56 51 75 93 88 71 38 38 87 111 73 73 26 4 28 48 23 0 0 67 5 198 90 423 534 282 944 198 843 478 606 39 68 59 236 307 248 335 314 92 80 638 9 3 19 6 1 3 6 15 0 2 22 110 0 47 51 48 11 5 5 6 8 2 22 20 8 9 0 3 36 9 2 17 1 45 13 16 30 33 46 0 0 139 25 28 21 17 5 0 2 0 0 53 
24 28 13 1 4 31 7 9 41 8 35 17 33 50 14 25 70 127 27 61 27 0 24 26 14 4 0 56 7 97 39 201 270 122 363 84 439 268 343 38 18 37 123 150 144 192 149 63 60 487 1 7 4 3 0 1 1 2 0 9 8 50 3 38 37 23 8 3 12 7 3 5 17 12 1 4 0 6 11 4 18 7 3 6 2 32 16 8 31 0 0 64 18 17 15 13 13 1 14 0 0 43 
1 2 2 0 13 2 1 0 1 1 6 12 2 6 0 2 18 5 12 0 3 0 1 5 2 0 0 6 1 18 3 40 59 33 153 9 99 46 57 48 30 3 54 89 47 38 40 15 9 123 2 2 1 0 0 0 1 2 0 0 2 4 1 2 17 4 5 0 8 0 1 1 1 0 0 1 1 0 2 6 5 4 0 14 4 13 8 22 21 0 0 71 7 22 18 9 0 4 0 0 3 17 
13 5 23 2 4 16 2 10 8 6 7 11 5 8 10 23 36 46 31 13 3 0 0 6 1 1 2 24 4 33 21 112 237 104 305 33 189 185 192 60 56 19 31 30 66 78 83 49 53 243 11 4 8 4 0 3 22 5 0 1 5 35 1 8 10 23 0 1 2 1 2 3 3 4 7 16 3 2 27 41 16 21 13 77 11 97 43 101 25 0 0 38 25 35 24 27 7 11 51 0 7 146 
4 14 9 0 2 14 5 6 12 6 7 7 4 5 7 39 25 57 25 5 15 2 0 19 6 2 0 15 0 62 46 92 180 90 203 31 167 196 229 124 56 25 67 41 217 160 146 41 89 481 18 9 13 1 2 2 14 8 0 4 0 60 2 13 21 16 4 6 0 2 1 3 12 3 25 3 3 16 48 37 20 41 11 83 34 136 57 109 37 0 0 158 52 48 61 53 3 9 20 2 11 161 
10 12 7 0 4 17 7 11 12 7 25 47 9 18 13 12 32 85 39 17 9 2 6 23 11 2 1 26 3 80 20 104 208 86 270 39 300 186 229 201 140 32 146 151 195 123 166 103 98 464 11 7 8 14 0 1 4 3 0 2 5 73 0 14 27 43 8 5 3 3 4 8 17 7 5 4 0 2 14 14 7 5 10 40 7 27 22 59 19 0 0 102 40 43 44 33 10 10 28 5 2 84 
9 11 12 3 1 7 9 9 9 12 8 22 6 16 4 12 69 78 41 13 8 2 19 21 6 0 0 18 5 44 20 102 218 65 215 53 266 213 281 167 143 22 122 164 106 25 83 67 33 366 15 4 13 2 1 0 2 15 0 1 4 62 1 6 26 29 9 15 10 0 2 11 7 9 11 2 2 7 27 20 15 13 10 52 18 53 50 132 18 0 0 157 55 54 54 14 5 12 22 9 1 109 
8 14 21 0 8 18 12 10 29 14 18 17 8 12 28 12 52 54 37 5 9 6 2 20 8 0 0 31 7 62 11 76 187 49 249 51 300 153 262 222 114 40 90 177 179 110 51 88 60 264 9 4 12 4 1 8 2 6 0 1 13 66 1 12 14 31 3 2 5 4 2 2 11 12 12 8 2 13 26 21 10 31 11 30 20 90 42 157 25 0 0 140 51 59 26 19 3 8 25 0 0 144 
13 13 9 0 0 12 12 8 10 8 15 12 19 13 14 9 36 69 45 5 10 2 17 23 9 0 0 16 1 54 5 63 168 86 235 48 223 100 227 194 145 35 246 459 248 496 424 10 47 955 7 5 15 2 0 2 16 5 0 3 7 65 2 15 22 36 6 6 7 4 1 2 2 18 3 2 0 4 27 12 16 14 5 53 6 121 66 148 41 0 0 411 100 128 119 36 3 14 14 2 4 61 
7 13 9 0 1 24 6 9 19 29 22 26 13 29 21 20 49 53 44 13 21 4 12 27 3 1 0 35 3 50 15 85 189 108 218 46 373 190 210 294 178 31 395 588 518 692 619 254 32 1240 15 4 19 6 13 2 8 29 0 2 22 78 1 18 19 47 12 14 4 4 1 4 11 14 6 3 1 2 35 25 8 30 15 92 25 123 94 193 60 0 0 633 118 229 204 60 13 34 33 0 4 85 
42 45 30 3 21 75 37 47 43 72 48 70 26 51 34 46 109 183 115 22 15 10 20 137 35 9 3 117 11 128 44 238 861 192 420 161 755 463 730 673 404 90 769 741 489 781 279 421 134 33 39 16 41 14 4 6 27 24 0 21 10 152 4 40 52 85 35 24 9 11 15 9 50 33 22 25 3 10 95 29 28 44 31 143 32 193 92 652 135 0 0 638 153 223 193 60 3 53 62 5 8 355 
5 20 12 0 6 14 10 10 15 13 4 11 23 49 34 39 25 23 13 8 3 1 2 46 8 1 0 25 3 6 4 29 68 18 43 9 23 8 18 17 6 2 27 44 28 39 21 4 5 53 7 5 84 60 34 15 138 72 0 75 48 47 1 25 39 81 16 35 3 18 6 12 34 32 20 8 4 13 133 53 6 11 13 44 10 28 16 59 21 0 0 62 5 18 15 3 9 5 2 0 0 19 
2 1 7 0 0 9 18 16 4 15 1 21 12 35 22 18 18 4 6 3 0 0 0 11 2 0 2 10 1 5 1 15 50 15 59 6 48 2 8 13 9 2 22 22 9 14 15 1 1 15 42 4 22 45 15 2 73 44 0 62 33 22 9 45 38 30 17 11 4 4 0 5 15 11 18 32 1 3 55 13 4 3 6 68 13 17 4 27 13 0 0 46 3 6 5 2 0 2 2 0 0 19 
4 11 8 5 6 21 19 9 12 9 4 7 20 61 27 36 12 26 16 3 7 0 7 28 8 2 1 12 10 12 2 15 69 16 46 13 20 4 29 41 3 2 19 34 20 41 18 18 2 55 55 10 3 9 11 5 44 45 0 67 30 69 13 52 46 48 21 44 11 15 5 3 17 16 19 50 1 13 86 21 11 2 8 90 23 19 8 68 4 0 0 81 8 9 14 0 0 5 8 0 0 50 
19 25 10 6 0 41 7 5 25 14 5 38 6 69 51 29 22 31 21 5 3 1 7 8 2 0 0 4 2 11 9 31 47 18 78 22 23 13 33 33 7 3 42 30 15 27 14 8 1 46 176 82 49 8 11 3 44 51 0 141 53 40 34 133 58 77 21 18 10 19 7 7 15 18 27 29 15 24 110 13 21 5 5 87 8 30 6 17 17 0 0 54 5 22 18 3 1 2 5 0 0 22 
1 10 3 1 1 20 3 20 11 10 3 14 8 36 8 11 18 9 13 2 4 0 0 15 2 0 0 8 5 6 0 17 41 8 54 6 14 3 7 11 0 1 11 29 5 27 14 1 0 19 76 50 32 30 2 1 6 49 0 40 12 20 22 60 38 39 5 26 3 13 7 4 17 14 5 13 3 8 64 3 8 2 1 27 12 6 1 28 0 0 0 21 5 7 9 2 0 3 2 0 0 6 
1 1 3 0 0 4 0 4 2 2 4 7 2 6 13 9 5 12 5 1 2 1 0 2 0 0 0 3 2 3 0 10 16 2 25 1 9 0 7 1 2 1 19 6 2 15 1 6 1 16 45 16 18 10 3 2 3 15 0 21 12 6 2 36 31 20 3 4 7 4 6 1 15 13 9 33 0 6 47 2 8 1 3 11 1 5 1 7 7 0 0 12 1 3 5 1 0 0 1 0 0 2 
10 10 5 1 14 25 2 14 7 4 2 29 46 78 43 39 38 63 29 34 4 1 1 10 9 0 0 6 1 11 20 41 65 20 82 4 34 7 32 27 6 0 41 73 3 16 5 0 13 20 152 28 42 15 7 3 5 10 0 106 61 41 9 67 104 97 34 27 5 20 10 5 35 25 32 38 5 10 51 8 15 6 10 100 15 23 7 22 6 0 0 36 7 12 4 5 2 0 4 0 0 10 
33 40 33 0 16 28 10 34 26 16 3 81 28 168 69 79 35 63 25 10 5 0 3 14 6 0 0 12 7 22 19 47 95 66 131 10 13 27 38 35 17 0 50 58 15 10 27 3 2 38 131 67 94 27 35 6 17 8 0 88 45 38 37 121 96 98 28 55 19 37 12 25 49 13 39 74 5 15 139 15 20 15 2 121 30 35 15 40 28 0 0 83 18 21 19 3 2 0 4 0 1 17 
0 0 0 0 0 0 0 0 0 0 0 0 1 0 0 0 0 0 0 0 0 0 0 0 0 0 0 0 0 0 0 0 0 0 0 0 0 0 0 0 0 0 0 0 0 0 0 0 0 0 0 0 0 1 0 0 0 0 0 0 0 0 0 0 0 0 0 0 0 0 0 0 1 0 0 0 0 0 0 0 0 0 0 0 0 0 0 0 0 0 0 0 0 0 0 0 0 0 0 0 0 0 
30 30 20 0 3 5 21 1 9 4 4 16 31 45 43 42 21 34 24 12 4 3 6 40 12 1 1 36 3 11 6 37 46 22 16 0 3 4 12 14 4 2 23 24 8 9 5 4 4 24 115 36 71 68 22 4 46 60 0 7 8 28 9 80 111 161 61 48 31 27 31 17 47 39 29 30 5 7 51 10 13 12 2 42 7 26 9 28 5 0 0 42 5 2 3 2 0 1 2 1 0 11 
0 3 0 3 0 3 0 1 3 2 3 1 0 5 0 2 1 0 0 2 0 0 0 2 1 1 0 2 0 12 0 0 7 5 8 5 6 9 13 0 2 1 3 4 6 4 2 2 0 8 55 21 40 13 8 10 26 22 0 7 0 22 8 15 31 126 28 24 6 18 8 7 36 21 1 11 0 1 9 8 0 4 1 14 3 8 4 14 3 0 0 4 1 2 2 1 0 1 2 0 0 0 
1 2 0 0 0 0 1 0 0 1 0 1 1 0 1 0 0 0 0 0 0 0 0 0 0 0 0 2 0 4 1 0 2 5 2 1 3 0 0 1 1 0 3 1 6 1 1 0 0 4 1 7 1 2 2 1 1 1 0 2 5 0 1 1 6 16 6 5 3 3 0 4 3 0 0 3 0 1 5 1 3 5 0 0 2 0 0 4 0 0 0 0 1 0 0 0 0 0 0 0 0 0 
0 5 1 0 0 2 5 4 1 1 0 1 0 0 0 3 0 2 1 0 0 0 8 0 0 0 0 0 0 9 5 10 4 7 13 6 11 6 7 6 1 3 8 3 0 20 4 1 0 5 28 2 18 7 4 1 7 8 0 13 7 3 1 3 49 77 70 17 3 10 6 3 24 15 5 6 0 0 19 14 2 3 0 3 1 2 1 3 1 0 0 13 0 1 8 1 0 0 0 0 0 1 
14 6 8 0 1 35 0 22 3 2 13 2 5 2 0 8 9 5 4 0 0 0 0 2 1 3 0 2 11 9 12 28 10 2 24 22 80 7 24 25 12 0 15 13 24 14 14 4 3 32 40 31 37 18 8 7 32 33 0 62 14 35 4 2 76 264 106 20 20 19 19 11 44 91 8 11 1 21 47 15 9 2 0 30 5 5 6 7 9 0 0 38 0 0 0 0 0 0 0 0 0 9 
15 23 2 0 14 43 15 12 8 2 0 9 4 2 0 1 1 0 1 0 0 0 0 2 0 0 0 3 5 25 17 67 41 21 14 24 55 31 69 32 35 26 72 28 19 35 10 10 12 77 43 26 70 50 11 15 32 22 0 56 20 71 18 33 9 127 108 92 30 86 19 24 72 61 6 17 4 8 37 30 15 2 5 6 5 9 6 9 7 0 0 47 5 1 3 1 0 1 0 0 0 6 
6 19 14 1 1 43 13 22 10 2 2 37 6 5 2 2 1 0 0 0 0 0 0 0 0 0 0 0 2 31 20 110 66 27 57 19 97 8 59 27 13 1 49 36 13 19 12 8 10 45 87 15 102 46 5 21 35 34 0 79 19 84 19 60 53 19 42 53 69 78 57 43 106 141 5 18 5 19 83 54 10 24 2 19 9 6 10 14 1 0 0 40 1 3 0 0 0 0 0 0 0 2 
5 3 9 0 5 10 9 0 1 2 1 4 1 0 0 0 0 0 0 0 1 0 0 0 2 0 0 1 1 15 6 57 27 16 37 15 70 28 15 13 4 1 10 13 20 7 14 8 4 29 15 9 30 10 3 4 29 8 0 30 25 27 17 33 33 44 1 38 28 39 19 27 72 57 13 4 3 6 31 4 9 13 1 3 4 5 7 3 3 0 0 2 0 0 1 0 0 0 0 0 0 3 
5 5 12 0 2 23 7 14 11 1 9 8 2 1 1 0 1 0 1 0 0 0 0 0 0 0 0 0 2 25 26 69 80 37 117 27 71 13 38 2 4 8 24 14 7 22 10 1 5 25 34 32 41 25 16 11 25 44 0 51 81 78 68 60 92 308 35 3 25 39 34 39 91 146 2 13 0 16 53 6 22 9 3 12 19 1 7 6 2 0 0 1 0 1 0 0 0 0 0 0 0 2 
2 2 4 0 0 1 4 7 5 0 0 6 7 0 0 3 2 0 0 0 0 0 0 1 0 0 0 0 0 6 0 22 26 8 50 13 43 9 5 17 0 0 21 27 5 13 3 0 2 7 9 2 10 3 0 2 3 5 0 8 8 24 13 14 99 138 104 27 4 11 17 16 10 33 2 6 0 0 10 5 7 2 3 0 1 3 0 3 0 0 0 4 0 0 0 0 0 0 0 0 0 1 
7 6 6 0 5 13 6 4 2 3 2 2 1 1 1 0 0 1 0 0 0 0 0 0 0 0 0 0 1 14 10 40 71 72 124 12 47 16 5 1 5 0 15 5 5 15 4 5 0 16 43 6 24 28 23 34 11 15 0 31 77 174 38 92 135 329 170 38 15 12 48 64 112 294 5 16 4 6 63 5 7 8 4 14 2 3 2 4 2 0 0 4 1 0 0 0 0 0 0 0 0 1 
7 7 6 2 4 21 9 7 16 2 7 15 14 1 0 3 1 6 0 0 0 0 0 0 0 0 0 1 1 12 26 41 136 112 234 60 155 68 105 40 22 7 35 43 13 33 21 5 6 62 51 7 31 12 10 18 23 16 0 66 72 89 76 93 322 664 421 288 114 126 11 21 116 202 8 12 1 11 37 10 8 20 3 29 3 1 7 13 0 0 0 31 1 0 1 0 0 0 0 0 0 2 
7 4 6 5 2 20 6 17 16 2 1 16 4 9 1 21 11 2 0 0 0 0 0 0 0 0 0 0 2 12 8 26 109 138 292 56 110 57 77 38 14 7 37 29 17 38 10 2 3 40 31 8 22 8 11 5 27 32 0 89 55 127 47 156 378 672 372 273 137 88 8 9 105 220 0 15 7 2 67 22 6 6 3 28 5 1 6 12 17 0 0 30 6 0 0 0 0 1 0 0 0 5 
6 2 3 0 2 0 11 5 1 4 1 1 4 2 0 1 1 0 0 0 0 0 0 0 0 0 0 0 6 1 0 10 18 39 36 26 39 16 20 11 13 2 8 7 5 7 9 5 7 26 9 12 18 8 10 13 14 21 0 44 24 113 7 34 148 293 190 70 36 40 40 27 2 29 7 4 1 4 45 7 0 5 4 17 5 7 1 10 2 0 0 7 0 1 0 0 0 0 0 0 0 1 
1 10 7 1 2 9 14 5 2 2 7 7 1 3 1 1 0 1 0 0 0 0 0 1 0 0 0 0 0 0 0 0 15 45 29 3 24 8 12 14 2 0 4 7 2 9 4 1 2 10 19 12 26 6 9 10 5 10 0 39 38 74 11 32 89 205 31 84 45 85 74 43 36 6 5 5 0 5 49 2 8 4 5 12 7 5 0 9 0 0 0 3 0 0 0 0 0 0 1 0 0 2 
3 4 4 2 4 9 5 27 17 11 11 14 20 68 13 18 37 12 17 3 2 2 2 17 2 1 0 9 1 8 6 13 44 7 57 7 17 7 27 31 20 1 81 68 25 63 13 8 16 62 20 7 41 8 10 3 37 83 0 44 24 49 8 31 57 34 3 21 2 12 17 3 13 30 4 49 16 56 265 110 71 65 38 248 40 68 19 101 32 0 0 76 25 25 37 9 1 7 7 3 0 29 
3 2 6 0 5 1 7 46 18 13 11 11 16 40 14 27 38 4 11 7 3 10 0 9 1 0 0 13 2 14 0 21 28 13 31 8 11 7 35 16 22 0 85 68 31 68 35 10 16 73 40 11 30 9 24 25 76 107 0 55 58 39 7 27 33 60 4 25 5 13 10 7 20 19 22 4 47 54 254 138 71 80 48 263 39 57 9 122 28 0 0 84 24 59 36 16 0 7 6 1 2 25 
3 3 12 0 0 1 3 2 0 2 0 6 0 18 5 5 2 6 2 2 0 5 1 0 0 1 0 1 0 5 1 15 9 2 1 0 5 0 18 0 1 0 19 8 8 1 10 2 1 22 11 9 6 9 3 2 4 28 0 33 17 0 2 15 5 12 7 2 2 0 4 0 2 2 10 30 0 45 72 22 17 16 10 104 6 14 6 30 20 0 0 18 4 12 7 1 0 6 1 0 0 4 
1 10 6 2 2 24 16 4 8 12 1 22 7 48 18 47 31 25 7 5 0 1 4 4 1 1 1 14 12 2 6 29 24 34 31 6 2 3 14 16 13 0 71 130 52 54 32 11 4 82 63 21 60 15 16 16 33 53 0 24 29 53 38 45 48 23 14 42 3 10 6 5 9 25 45 125 12 10 85 71 27 30 45 335 49 39 21 101 58 0 0 133 37 41 49 20 5 3 13 1 1 22 
37 48 26 0 3 43 4 15 9 7 5 37 11 107 64 70 75 55 32 24 2 3 12 31 9 4 1 29 5 50 17 89 160 30 140 8 24 3 32 27 24 2 70 149 21 100 33 20 23 99 162 79 115 80 28 20 57 66 0 47 43 73 40 228 156 142 26 96 44 57 27 18 96 78 75 173 18 38 13 29 39 26 43 263 62 58 41 131 58 0 0 216 36 57 57 15 11 6 14 1 0 46 
3 11 8 0 3 9 0 6 4 1 1 3 0 43 8 13 14 8 17 2 0 1 1 8 0 0 0 7 2 2 9 24 55 30 30 11 11 1 22 29 50 8 115 124 32 60 45 10 7 140 56 14 67 9 37 3 25 18 0 11 24 41 14 55 92 68 35 42 3 12 20 14 18 17 68 73 34 53 43 10 14 61 35 381 120 66 45 89 39 0 0 200 27 40 44 28 6 7 16 1 5 36 
13 5 2 1 1 19 1 2 2 3 1 3 0 8 0 26 5 16 2 1 6 3 4 2 3 5 0 7 6 4 5 38 48 15 26 8 4 8 10 30 35 31 115 74 66 52 44 11 24 112 55 28 27 12 4 3 21 15 0 13 14 31 19 64 36 56 27 20 16 30 6 8 24 16 32 74 26 37 74 65 6 9 25 331 248 77 33 108 31 0 0 189 52 79 47 19 4 11 14 0 2 36 
0 11 3 0 1 15 1 2 2 2 0 0 1 1 1 1 1 2 1 1 1 0 2 8 2 0 0 0 1 1 12 12 11 15 5 0 2 6 4 25 13 3 100 67 50 63 18 12 15 88 10 7 5 5 3 10 10 4 0 10 7 45 13 27 16 30 5 11 0 2 1 3 7 10 26 39 10 34 44 26 9 3 13 183 55 59 19 83 37 0 0 150 34 54 40 14 4 17 31 1 0 41 
13 6 12 2 1 10 0 2 9 0 1 0 0 1 1 2 7 2 1 0 0 0 7 0 0 0 0 2 0 12 1 19 26 7 21 0 4 3 8 23 27 14 101 105 49 91 51 6 12 146 73 22 36 11 4 8 26 16 0 22 19 55 17 27 17 32 12 48 16 11 6 2 28 20 37 92 14 70 77 129 37 19 15 189 276 77 21 105 66 0 0 158 51 72 50 13 4 10 19 1 3 42 
3 8 8 1 1 1 2 25 1 4 0 0 0 0 0 0 1 0 0 0 0 0 1 9 0 0 0 0 0 3 2 1 10 4 2 0 1 0 3 11 14 6 133 101 45 73 51 42 17 121 46 11 65 28 7 19 19 69 0 31 8 89 1 4 8 8 4 6 11 0 0 5 21 16 47 106 27 109 154 200 116 71 108 32 82 107 35 155 40 0 0 200 69 81 64 32 1 13 27 1 0 80 
8 7 13 0 0 7 1 15 1 13 5 0 1 0 0 3 0 0 0 0 0 0 1 0 3 1 0 2 2 13 3 13 11 2 2 2 2 6 4 43 29 19 190 194 95 168 62 35 24 150 70 31 49 20 9 5 93 33 0 39 32 42 20 17 13 26 5 3 2 4 5 1 16 19 49 107 32 46 193 199 146 76 78 204 7 241 101 204 98 0 0 313 84 150 106 28 11 29 25 3 1 74 
6 10 19 0 1 11 4 4 7 0 3 3 2 0 4 13 23 16 20 0 0 1 2 6 3 0 0 5 1 15 6 14 49 14 45 13 25 46 67 23 30 6 172 202 84 125 128 47 43 174 25 8 38 10 7 3 42 30 0 23 15 47 9 15 9 25 3 1 3 0 2 2 5 11 50 51 4 18 57 23 22 54 33 137 64 10 18 102 75 0 0 292 77 89 93 32 7 21 28 2 3 78 
6 10 12 0 1 9 3 1 7 3 1 2 6 0 2 5 18 26 28 8 9 0 1 3 1 2 0 9 2 21 7 55 41 23 45 8 56 46 74 27 53 33 172 173 70 84 55 29 34 172 10 1 28 2 4 10 16 20 0 22 11 57 23 10 12 17 3 8 3 5 0 6 2 11 15 44 6 16 66 29 37 40 21 115 39 64 4 84 43 0 0 224 41 123 119 26 6 10 20 4 0 64 
34 35 24 2 8 14 7 25 8 9 10 4 7 6 14 15 51 40 33 15 14 5 6 42 14 3 1 37 5 118 20 130 253 93 186 69 296 165 261 123 42 35 454 290 128 300 214 118 101 770 35 27 51 12 8 11 38 43 0 34 40 124 12 22 28 39 12 12 4 5 10 21 19 17 73 51 21 45 155 75 65 112 57 252 98 124 86 18 63 0 0 755 187 294 241 161 32 84 158 16 12 465 
6 7 4 0 0 1 2 1 9 1 7 4 17 5 13 11 24 36 28 6 11 0 3 11 4 0 1 13 0 19 7 58 108 71 177 23 185 140 137 129 61 20 312 189 45 109 61 25 30 204 9 9 17 2 0 1 20 6 0 6 20 46 2 14 17 34 2 1 7 6 1 1 8 6 25 22 1 6 67 56 41 41 24 125 18 150 91 70 16 0 0 366 89 108 100 40 23 33 36 0 13 124 
0 0 0 0 0 0 0 0 0 0 0 0 0 0 0 0 0 0 0 0 0 0 0 0 0 0 0 0 0 0 0 0 0 0 0 0 0 0 0 0 0 0 0 0 0 0 0 0 0 0 0 0 0 0 0 0 0 0 0 0 0 0 0 0 0 0 0 0 0 0 0 0 0 0 0 0 0 0 0 0 0 0 0 0 0 0 0 0 0 0 0 0 0 0 0 0 0 0 0 0 0 1 
0 0 0 0 0 0 0 0 0 0 0 0 0 0 0 0 0 0 0 0 0 0 0 0 0 0 0 0 0 0 0 0 0 0 0 0 0 0 0 0 0 0 0 0 0 0 0 0 0 0 0 0 0 0 0 0 0 0 0 0 0 0 0 0 0 0 0 0 0 0 0 0 0 0 0 0 0 0 0 0 0 0 0 0 0 0 0 0 0 0 0 0 1 0 0 0 0 0 0 0 0 0 
2 1 2 0 0 6 0 4 1 2 5 3 1 4 0 1 2 0 0 0 1 0 0 0 0 0 0 3 2 9 4 15 44 24 62 12 49 34 87 10 15 1 51 113 36 44 32 32 31 82 10 3 11 2 3 7 4 1 0 0 0 14 1 2 1 3 0 1 1 0 1 1 0 1 6 4 0 1 26 12 6 16 13 24 34 74 49 56 15 0 0 8 50 50 37 33 5 17 28 5 2 99 
2 2 5 0 6 0 3 1 9 0 3 2 1 5 2 9 4 13 0 0 0 0 0 0 0 0 0 1 1 11 1 25 29 21 90 7 78 54 65 28 28 5 171 230 82 68 60 27 19 140 14 5 6 0 0 3 2 3 0 6 3 17 1 0 2 1 0 0 1 0 0 0 0 0 2 10 3 2 23 11 10 11 8 48 11 81 66 70 35 0 0 178 7 10 6 33 6 1 7 2 2 44 
0 4 1 0 0 1 3 0 6 2 5 7 7 6 8 12 9 0 0 1 0 0 0 0 0 0 0 1 0 10 6 27 58 17 91 27 98 36 73 36 48 14 175 319 139 159 173 19 48 251 7 2 8 4 7 12 5 12 0 11 3 28 0 3 3 3 1 0 0 0 0 0 0 5 18 14 4 8 34 29 21 29 16 101 40 122 128 106 77 0 0 327 38 30 6 27 4 7 14 5 6 128 
0 1 0 0 0 4 1 0 2 0 0 1 9 5 0 0 0 0 0 0 0 0 0 0 1 0 0 5 1 11 0 30 30 13 63 21 60 11 34 41 54 14 129 214 68 118 65 33 28 163 10 4 12 1 0 0 8 9 0 3 1 16 2 2 0 1 0 0 0 0 0 0 0 1 6 11 4 2 26 18 5 38 0 74 16 83 68 102 33 0 0 153 28 21 4 5 1 3 11 0 5 75 
1 4 5 0 0 6 0 0 2 2 4 10 4 5 4 9 2 1 1 0 0 0 1 0 0 1 0 6 2 17 16 60 47 40 113 19 126 36 110 66 54 27 314 652 148 176 102 48 54 230 12 12 5 4 1 3 7 18 0 10 7 36 0 6 2 2 0 0 0 0 1 1 5 5 0 5 1 3 25 34 13 27 12 95 18 161 93 170 160 0 0 823 125 94 39 9 2 16 11 0 6 122 
1 0 0 0 0 0 2 0 2 0 2 0 0 0 0 4 1 0 0 0 0 0 0 0 0 0 0 0 0 3 0 0 14 4 10 2 20 7 21 5 17 3 78 102 46 27 16 21 2 40 1 1 2 2 0 0 1 0 0 1 0 17 0 1 4 0 0 0 0 0 0 0 0 0 3 0 1 5 1 6 2 7 10 18 6 42 7 50 7 0 0 69 20 6 24 35 0 2 0 1 3 16 
2 5 2 0 0 1 1 1 4 1 1 18 2 3 3 4 3 2 0 0 0 1 0 0 0 1 0 4 0 10 2 18 23 38 72 8 124 34 71 23 33 8 206 529 140 176 89 39 34 258 8 3 20 2 6 7 11 28 0 4 0 18 0 1 5 6 0 0 0 0 0 0 0 3 13 18 5 13 54 19 16 51 18 107 30 109 57 144 76 0 0 438 58 54 47 72 3 4 18 11 8 114 
1 2 5 0 0 2 0 1 0 5 3 6 2 0 0 2 0 2 4 0 0 0 0 2 0 0 1 0 0 9 4 11 7 13 35 4 84 17 66 14 35 13 236 265 96 139 84 31 36 218 13 6 5 4 3 8 5 11 0 0 13 16 0 5 2 0 0 0 0 0 0 0 2 0 9 6 1 9 49 34 13 36 13 75 20 110 22 130 47 0 0 379 66 24 42 37 2 6 0 1 0 47 
0 0 0 0 0 0 0 0 2 1 0 0 1 0 0 4 1 1 0 0 0 0 0 0 0 0 0 1 0 2 2 1 6 13 12 2 29 13 30 35 26 1 70 120 40 38 19 13 12 42 1 2 1 1 1 4 2 10 0 0 0 1 0 1 0 0 0 0 0 0 0 0 0 0 1 2 0 5 22 9 4 2 1 24 9 21 13 43 28 0 0 132 43 19 44 7 0 2 5 1 0 17 
0 1 0 0 0 0 0 0 1 0 0 0 0 0 1 0 0 0 0 0 0 0 0 0 0 0 0 1 1 2 1 2 5 1 9 2 8 5 9 3 7 0 35 47 14 14 11 5 7 41 0 0 5 1 1 1 2 3 0 1 0 0 0 2 0 0 0 0 0 0 0 0 0 0 1 6 0 1 6 3 1 4 3 12 7 10 5 27 11 0 0 95 10 19 14 11 0 4 0 1 0 1 
3 2 6 0 3 2 3 3 1 3 2 6 0 3 1 3 2 2 0 0 0 0 0 2 0 0 0 0 0 15 6 4 34 17 23 15 47 34 54 30 22 1 153 167 79 89 53 17 21 94 2 5 7 0 1 1 6 2 0 1 0 2 0 0 4 0 0 0 1 0 2 0 2 1 12 15 0 3 27 7 13 14 8 35 19 58 79 182 45 0 0 217 59 32 72 43 12 23 19 5 0 10 
