6 9 18 9 15 44 28 20 21 50 12 35 40 36 44 55 29 23 29 7 13 12 7 30 12 0 1 23 42 1 0 5 17 3 7 3 1 6 20 25 19 1 9 16 9 17 10 6 8 74 10 3 9 6 2 3 2 4 0 1 1 1 1 1 4 3 2 8 0 4 3 2 2 4 4 2 1 1 18 5 5 3 2 6 3 3 2 21 0 0 0 4 1 0 1 3 0 2 1 0 0 14 
11 13 27 14 8 39 22 24 34 36 15 40 50 47 46 78 41 14 43 12 13 10 4 40 17 0 0 22 66 9 1 5 13 1 7 2 3 6 16 23 14 0 5 12 17 18 17 11 9 64 9 5 17 3 2 2 2 9 0 4 0 2 1 5 7 9 2 8 2 0 6 1 1 6 0 4 0 5 11 1 1 1 1 8 4 8 4 23 9 0 0 8 1 2 1 2 0 2 1 1 1 9 
22 15 7 14 10 33 19 39 62 21 25 36 51 49 26 54 41 31 28 14 23 10 7 21 8 4 0 38 61 6 0 3 3 1 4 4 3 4 18 18 11 0 7 13 7 4 7 5 15 43 11 1 10 6 7 2 4 12 0 1 0 2 2 2 4 4 2 3 0 1 6 1 1 6 1 2 0 4 10 3 4 2 5 9 2 5 1 18 2 0 0 4 1 0 1 5 3 1 1 0 0 10 
4 10 20 1 2 16 7 4 7 9 3 4 6 4 11 8 3 2 2 4 5 5 1 6 4 0 0 1 14 1 0 0 1 0 0 1 0 0 4 4 0 0 0 0 0 3 2 0 0 10 0 0 3 1 2 0 0 2 0 0 0 0 0 0 0 0 0 0 0 0 0 0 0 0 4 1 0 0 1 0 2 0 0 0 0 0 0 3 1 0 0 0 0 0 0 0 0 0 0 0 0 0 
8 11 9 0 3 9 7 4 17 8 5 8 10 16 8 14 7 6 5 9 6 10 7 7 7 1 0 7 13 1 1 0 1 0 2 1 0 4 9 4 1 0 4 4 3 4 2 2 2 20 0 1 1 5 0 1 0 2 0 1 1 0 0 3 3 4 1 0 0 1 1 3 0 2 3 1 0 0 4 1 0 0 0 0 1 0 1 5 1 0 0 0 0 1 3 0 0 0 0 0 0 2 
19 29 17 24 4 9 25 22 37 8 20 18 67 39 29 40 31 28 23 8 8 16 8 28 10 0 2 17 56 3 1 1 6 3 4 1 1 2 16 39 6 1 11 9 10 9 8 5 3 39 6 2 9 9 2 1 1 4 0 2 0 1 3 4 3 3 0 2 0 0 2 2 2 3 5 3 0 1 10 1 0 1 0 5 1 1 2 7 3 0 0 2 2 2 0 1 1 4 4 0 0 3 
25 49 35 13 9 16 5 32 28 23 15 28 95 37 31 33 22 17 16 9 4 4 10 23 6 0 1 11 47 5 2 2 16 1 2 3 3 3 17 19 6 0 6 6 4 3 4 10 7 26 5 3 12 2 2 0 0 9 0 4 0 1 0 5 0 6 2 9 1 1 1 2 2 3 4 8 1 2 13 3 1 0 1 0 0 2 0 6 2 0 0 4 0 2 0 1 0 2 1 0 0 6 
22 25 29 16 8 15 28 7 12 15 13 31 95 54 51 54 22 17 11 14 22 20 6 21 13 1 3 19 33 4 2 4 8 4 5 3 0 6 14 11 6 2 4 2 6 5 9 3 4 25 5 3 5 7 1 3 3 10 0 1 1 0 7 0 3 3 1 2 2 1 3 8 1 4 1 3 0 3 14 2 3 0 0 4 1 2 1 5 1 0 0 5 0 0 0 2 0 3 0 0 0 6 
27 42 65 10 13 47 61 27 14 13 13 22 81 48 26 49 24 31 21 19 10 11 6 23 12 0 1 13 39 8 2 4 2 0 1 1 1 5 38 19 5 0 9 8 9 7 10 4 3 25 3 0 6 7 0 0 2 5 0 0 1 1 5 6 1 5 2 0 0 1 5 2 1 0 1 1 0 5 12 2 2 0 1 0 2 3 0 6 3 0 0 12 0 0 0 2 1 0 2 0 0 6 
27 20 21 12 10 34 33 22 10 3 6 20 51 36 32 32 26 17 12 10 8 10 7 14 6 0 2 22 33 2 0 5 5 1 0 1 1 0 14 7 10 0 1 6 0 4 2 3 2 14 4 7 15 6 0 1 3 6 0 2 0 2 3 2 3 6 4 4 5 1 0 1 4 2 2 2 3 6 23 1 1 0 2 3 0 1 0 5 0 0 0 4 1 0 1 2 0 0 0 0 0 2 
16 11 16 0 5 23 42 25 43 20 0 9 23 23 10 29 22 24 12 14 3 4 8 21 10 1 1 21 12 1 0 5 2 0 2 0 0 2 9 8 8 3 2 1 5 8 8 6 3 30 3 0 3 5 2 1 6 0 0 2 3 0 1 4 0 0 1 1 0 0 1 3 2 1 3 0 1 0 8 2 0 0 1 0 0 0 0 2 3 0 0 5 1 0 0 1 2 0 0 1 0 3 
28 51 31 8 6 32 54 38 34 16 6 7 42 31 27 55 43 26 27 9 22 19 6 45 20 1 6 45 20 11 4 5 12 0 1 3 3 11 23 14 6 1 7 1 5 9 9 7 3 22 7 4 9 4 1 0 6 7 0 3 1 4 1 3 1 7 1 1 2 0 1 2 1 2 8 1 0 1 7 2 1 4 0 0 0 2 0 5 1 0 0 9 0 1 1 4 9 0 2 2 0 2 
56 65 46 11 21 49 94 75 76 47 23 31 8 60 52 75 56 50 48 20 51 22 16 48 37 2 8 82 30 27 15 5 18 2 0 2 5 5 37 29 11 2 13 16 7 10 9 7 2 31 3 5 10 11 1 3 10 6 0 10 10 2 6 0 0 4 1 0 1 0 2 2 1 0 9 4 0 3 16 0 1 0 1 0 1 0 0 8 1 0 0 7 3 3 1 4 0 2 6 2 0 2 
91 135 136 5 38 149 166 142 150 82 48 79 96 19 55 101 139 104 91 66 149 82 70 174 73 5 14 175 54 12 2 5 14 3 1 1 0 11 26 17 8 1 9 11 9 19 5 4 14 47 13 17 25 22 8 7 11 35 0 8 1 4 2 1 1 0 0 1 0 0 2 4 2 1 17 12 0 10 51 17 4 0 0 0 0 2 2 5 3 0 0 5 4 1 1 1 0 1 0 0 0 6 
49 64 63 10 28 86 88 55 92 64 28 37 87 14 8 35 58 34 38 31 45 43 26 85 66 8 20 110 31 10 2 5 12 0 4 6 0 11 10 16 5 1 4 10 5 11 3 1 5 19 13 5 14 7 1 1 4 4 0 7 0 2 0 1 0 1 0 0 0 0 1 2 1 1 13 1 1 8 14 0 1 0 0 0 0 2 4 2 0 0 0 2 1 0 0 0 1 1 0 0 0 10 
46 63 58 10 17 70 67 80 96 57 37 44 93 33 25 27 77 106 74 63 118 85 60 153 68 4 12 161 44 64 19 20 30 11 21 18 23 6 15 50 31 5 17 21 19 22 18 11 5 70 16 10 20 12 2 1 9 10 0 4 4 3 0 1 9 3 2 0 2 3 6 5 0 1 6 3 0 3 45 4 2 0 0 2 0 3 3 9 5 0 0 17 1 3 1 0 1 2 3 0 0 10 
44 49 35 10 13 51 51 39 50 52 22 48 106 85 33 73 11 48 100 48 79 68 55 133 40 3 10 97 14 49 46 44 40 20 27 17 19 20 53 65 46 6 24 19 32 22 33 14 17 95 6 7 17 7 4 5 5 17 0 3 2 3 3 5 6 1 1 0 0 0 1 0 3 2 2 6 2 4 31 2 1 1 1 1 0 10 3 34 5 0 0 10 1 3 1 2 2 3 2 1 0 6 
17 28 19 0 2 31 25 29 28 25 13 36 36 60 48 104 32 8 32 37 53 26 32 72 12 5 3 60 12 34 20 16 35 4 22 12 15 22 47 24 25 4 12 11 21 15 15 6 11 54 7 2 5 6 1 2 2 3 0 6 0 2 3 3 2 2 0 0 0 0 3 1 0 0 8 1 2 3 9 1 2 0 2 1 0 1 10 12 5 0 0 8 0 3 0 1 1 0 0 2 1 4 
8 22 19 1 2 17 20 21 19 18 10 34 50 62 19 104 53 23 12 19 64 18 24 64 28 12 5 54 16 23 12 12 23 11 9 6 21 13 54 9 16 2 11 24 7 25 15 3 8 53 3 2 7 9 0 0 2 4 0 4 1 0 0 0 1 1 0 0 0 0 0 0 0 0 3 3 0 2 8 6 0 0 0 2 0 4 2 6 2 0 0 6 0 1 1 1 0 1 0 0 0 2 
11 22 12 2 5 16 15 15 13 12 20 15 16 31 19 56 26 21 37 7 11 10 24 50 19 10 22 67 11 15 6 7 2 1 6 5 9 5 24 21 12 2 4 3 6 7 5 7 2 27 0 3 2 0 3 1 0 2 0 3 0 0 0 1 1 0 0 1 0 0 0 0 0 0 2 1 0 0 8 1 1 0 0 0 0 2 1 2 1 0 0 0 0 0 0 0 0 0 1 0 0 0 
11 12 10 1 2 10 11 10 17 25 5 18 44 46 27 111 63 46 105 3 4 7 31 51 35 20 32 104 8 7 5 2 5 2 4 9 13 7 28 14 9 2 6 10 8 14 5 6 0 18 2 2 1 0 0 0 0 3 0 3 0 0 0 0 0 0 0 0 0 0 0 0 0 0 5 2 1 2 11 1 1 0 1 0 0 7 11 13 0 0 0 0 0 0 0 2 0 0 0 0 0 1 
5 6 16 2 4 11 13 12 16 8 3 13 22 29 30 59 21 8 61 3 6 7 8 32 6 12 15 57 8 8 5 2 5 1 2 6 2 2 33 2 2 1 5 9 4 4 4 7 4 20 0 0 1 1 0 0 1 1 0 0 0 0 0 0 2 0 0 0 0 0 0 0 0 0 0 0 1 0 3 3 4 0 1 0 0 0 1 9 1 0 0 1 0 0 0 0 0 0 0 1 0 0 
5 7 5 2 9 14 12 10 21 19 14 26 17 43 37 72 30 32 57 7 15 13 5 21 5 8 9 85 1 5 4 2 13 3 10 32 3 14 22 6 10 1 3 3 5 5 2 5 4 15 0 1 4 3 0 0 6 3 0 0 1 2 0 0 0 1 0 0 0 0 0 0 0 0 5 1 0 1 5 1 4 0 1 0 0 0 0 3 3 0 0 0 0 0 0 0 0 1 0 0 0 4 
21 17 12 2 5 16 12 11 17 29 7 40 42 49 40 78 87 31 73 12 32 16 18 13 11 27 42 75 1 8 10 1 28 3 13 4 11 8 67 12 18 2 4 6 24 10 7 14 4 87 14 4 5 9 8 1 2 8 0 0 3 3 0 0 0 0 0 0 0 0 0 0 1 0 3 5 1 1 16 1 2 0 0 0 0 3 1 13 1 0 0 6 0 1 1 1 0 1 2 0 0 0 
32 33 22 8 7 17 23 22 11 46 8 56 36 39 45 92 51 33 57 29 29 22 18 11 3 6 7 56 4 19 3 10 72 4 6 12 12 14 22 24 38 4 2 17 18 26 19 19 30 136 24 10 29 15 6 6 6 14 0 2 1 1 0 2 0 0 0 0 0 0 1 0 0 1 7 8 0 6 22 8 2 3 0 2 1 5 1 48 5 0 0 5 3 1 0 2 0 0 1 0 0 3 
0 1 1 0 0 0 1 0 1 3 3 2 1 5 2 7 3 7 8 3 21 20 17 51 4 1 1 21 0 2 0 1 1 0 1 1 1 2 5 0 0 0 0 0 1 0 0 0 0 3 0 0 0 3 0 0 0 1 0 0 0 0 0 0 0 0 0 0 0 0 0 0 1 0 1 0 0 1 1 0 0 0 0 0 0 0 0 1 1 0 0 0 0 0 0 0 0 0 0 0 0 0 
0 0 0 0 0 0 0 2 1 0 0 2 0 1 1 10 3 2 0 3 24 21 15 20 7 2 0 17 0 2 0 1 4 0 0 0 2 1 2 1 3 0 0 2 0 1 0 0 0 9 0 0 0 0 0 0 0 0 0 0 0 0 0 0 0 0 0 0 0 0 0 0 0 0 0 0 0 0 1 1 0 0 0 0 0 0 0 4 0 0 0 0 0 0 0 0 0 0 0 0 0 0 
28 40 21 9 8 23 12 17 30 35 20 48 89 78 83 150 75 48 61 61 118 154 145 131 65 32 46 8 6 6 6 7 33 1 4 10 16 31 47 27 46 4 14 11 26 23 18 12 12 109 15 9 18 10 4 4 4 13 0 0 2 2 2 2 0 1 0 0 0 0 0 0 0 0 9 3 0 3 40 4 8 3 3 1 1 6 3 39 11 0 0 4 4 0 2 2 2 1 0 1 0 7 
82 108 91 28 29 102 87 63 79 30 26 43 59 59 27 56 32 26 35 10 25 31 11 33 8 1 1 11 6 9 3 2 17 3 4 9 4 12 22 34 20 3 8 13 13 16 13 14 8 53 4 4 6 11 4 5 6 5 0 4 3 1 3 5 5 7 6 4 0 6 9 8 0 3 0 0 0 3 25 2 5 2 1 9 3 8 3 17 8 0 0 3 3 6 1 2 0 1 5 0 0 5 
2 5 0 2 2 5 7 3 0 2 3 6 17 1 10 28 27 19 17 7 10 7 2 17 7 0 1 1 5 19 110 148 250 59 99 125 206 139 196 108 84 9 49 49 54 52 47 26 38 237 6 5 13 18 3 3 1 9 0 3 6 8 6 15 22 40 15 19 16 14 11 4 4 0 7 3 2 4 32 5 3 3 4 3 1 17 7 48 19 0 0 36 7 12 2 7 0 10 7 3 1 31 
0 0 2 0 0 0 0 1 1 0 2 0 5 3 0 5 18 6 10 3 2 4 1 12 5 1 0 2 2 111 12 55 80 21 37 40 92 50 112 35 17 1 13 21 15 9 15 4 3 51 2 2 5 3 0 0 2 3 0 5 0 2 4 4 4 16 5 9 1 6 4 3 1 0 2 0 1 2 12 1 3 0 1 2 0 1 0 12 4 0 0 15 1 0 2 2 0 4 2 1 0 8 
6 4 5 0 2 1 8 3 3 3 3 2 5 4 4 13 42 17 11 7 6 3 4 14 1 0 1 4 3 166 121 23 137 53 102 80 198 127 229 89 73 9 53 41 36 46 34 18 27 134 13 7 14 10 2 4 3 7 0 10 1 5 4 27 12 23 8 3 4 5 3 8 5 4 0 3 1 2 19 3 6 2 2 1 2 7 8 45 17 0 0 18 4 8 2 7 2 4 2 0 0 14 
12 30 13 0 3 18 24 2 14 17 4 13 21 8 13 33 59 44 22 9 7 11 8 74 47 0 2 29 8 412 136 168 22 64 140 145 273 164 284 219 211 32 175 148 200 204 191 119 147 945 71 84 134 48 13 13 41 53 0 23 10 4 7 11 33 43 6 19 11 8 50 29 6 13 27 15 1 15 83 9 10 12 8 21 8 40 24 225 37 0 0 75 17 10 17 30 2 12 8 1 1 56 
0 6 4 0 1 2 3 1 5 1 1 2 2 2 2 3 22 5 4 2 2 1 0 4 3 0 1 2 3 84 47 57 50 7 25 20 73 47 112 59 50 8 29 25 37 23 29 19 23 81 8 5 13 6 6 3 1 11 0 8 3 5 6 3 8 24 15 7 9 9 9 14 13 8 3 1 0 0 12 3 2 0 0 11 0 8 1 12 9 0 0 18 3 7 3 3 1 4 1 0 1 4 
4 11 2 0 1 2 5 2 3 0 1 6 8 3 5 18 19 18 20 5 9 7 2 15 6 1 3 14 5 232 67 124 119 25 10 32 124 69 167 146 60 14 42 57 56 67 39 33 38 176 7 7 16 4 4 2 19 10 0 1 1 14 4 13 5 19 10 8 3 14 17 21 13 1 4 4 0 2 29 3 1 0 1 2 3 7 7 35 8 0 0 43 2 20 9 8 2 3 7 2 0 13 
5 7 1 1 0 0 1 4 4 0 0 1 0 0 0 10 13 15 7 4 3 8 5 22 6 0 0 5 1 194 65 77 113 29 37 6 145 71 108 68 49 4 25 22 49 48 23 18 27 151 7 4 4 2 2 0 1 3 0 1 2 8 8 11 10 14 2 4 3 2 9 17 2 7 1 1 0 2 9 2 0 0 1 0 0 9 1 28 5 0 0 13 4 5 5 13 2 8 4 1 0 21 
8 7 6 0 0 8 1 2 7 7 0 1 3 1 0 46 49 20 34 6 19 13 15 46 17 0 7 42 13 641 221 483 384 212 204 267 33 211 593 495 201 55 157 187 204 241 117 69 91 502 21 26 54 14 1 2 11 25 0 4 4 23 12 44 23 41 21 31 10 4 52 39 32 12 10 9 2 2 39 5 1 2 0 10 6 36 19 140 55 0 0 100 32 46 19 32 6 30 21 4 7 85 
12 12 9 0 5 4 10 7 3 9 3 10 15 7 6 5 19 16 9 12 20 14 10 22 10 0 0 21 7 196 54 165 108 40 61 64 83 19 172 165 130 16 106 90 89 77 72 37 36 245 6 6 14 5 4 0 2 2 0 0 0 6 6 10 10 10 2 1 2 0 21 7 6 4 5 0 0 1 15 3 3 0 2 2 0 16 13 77 26 0 0 44 14 11 6 24 1 6 8 2 3 30 
29 41 13 5 12 23 32 35 42 51 15 45 65 13 5 9 67 64 48 40 105 30 31 108 30 8 10 131 24 322 114 333 286 101 142 109 387 133 26 464 294 40 107 141 164 156 127 87 73 579 19 21 43 16 5 1 12 12 0 6 5 14 15 25 58 51 15 16 5 6 32 38 15 8 15 8 2 8 65 8 14 1 5 19 8 32 23 160 45 0 0 116 13 27 32 36 10 18 25 5 3 57 
10 21 17 0 5 8 16 13 13 12 6 18 18 8 6 27 30 15 23 7 17 1 2 29 7 2 0 28 3 107 53 65 134 34 74 45 212 164 343 23 35 14 55 105 65 106 70 39 45 249 9 4 14 8 5 4 6 7 0 1 1 7 4 9 14 13 3 6 1 1 9 9 3 4 7 3 0 5 12 10 7 1 5 12 11 10 13 36 33 0 0 45 6 7 8 7 0 5 5 0 1 43 
8 22 17 3 2 4 12 9 17 9 8 8 8 9 4 12 28 7 10 8 13 4 9 34 17 2 3 23 7 76 29 80 121 29 42 42 127 77 245 67 13 13 68 95 53 110 64 42 25 229 2 8 12 5 1 0 0 2 0 1 1 1 2 7 6 8 5 5 3 5 4 7 2 3 7 2 0 3 9 6 5 4 6 20 8 24 10 32 19 0 0 37 17 10 4 16 4 5 6 3 1 23 
2 4 0 0 0 1 3 0 2 1 1 2 4 3 0 0 7 3 0 1 0 0 0 5 1 0 0 4 2 10 4 7 21 6 8 7 34 20 30 22 14 2 11 35 29 18 33 11 13 58 2 1 1 3 0 0 0 0 0 1 0 0 1 1 1 4 0 1 0 0 5 3 1 0 3 0 0 0 1 3 6 0 3 7 2 6 4 12 12 0 0 5 9 6 5 2 0 1 3 0 0 13 
5 17 10 3 3 8 13 6 12 9 4 4 7 4 8 7 19 14 10 5 6 8 3 18 6 2 1 15 4 63 32 40 119 30 43 31 122 72 141 81 62 21 17 104 64 106 78 52 58 252 5 7 10 12 3 0 5 3 0 1 1 6 1 5 12 6 5 1 5 3 4 2 2 1 12 8 12 7 35 11 29 24 27 59 32 59 37 166 39 0 0 81 25 43 26 80 13 35 33 5 6 112 
10 11 7 2 1 14 10 14 14 7 3 6 11 4 7 16 37 25 15 3 10 14 4 27 13 1 2 29 9 79 23 51 117 43 47 33 131 98 239 234 118 78 101 29 201 277 151 132 151 458 14 13 26 8 3 6 10 12 0 3 3 9 5 16 5 11 5 11 4 5 8 10 2 2 18 16 5 18 65 34 41 26 38 99 86 139 92 248 111 0 0 221 93 98 59 162 23 99 49 17 7 117 
18 14 15 0 6 6 14 11 8 11 6 3 16 6 5 27 32 22 12 7 13 6 7 19 16 0 5 29 9 64 27 60 104 19 42 42 99 74 159 104 55 15 85 153 25 208 131 106 118 434 6 10 18 2 0 1 2 9 0 1 0 2 0 12 13 12 4 6 3 2 6 9 2 1 14 8 0 9 22 5 13 13 11 36 17 47 17 78 25 0 0 82 17 33 22 44 5 35 28 5 5 51 
14 9 11 2 3 10 8 4 16 11 8 14 15 7 5 18 39 23 21 17 17 9 13 51 20 0 1 35 8 70 29 65 193 37 37 54 159 106 225 208 176 32 116 269 200 35 206 253 231 811 31 13 32 15 4 2 7 11 0 7 1 7 3 11 21 19 7 3 4 1 12 12 5 6 23 9 0 16 55 20 30 23 22 52 38 95 57 180 60 0 0 185 44 77 29 40 10 59 37 11 7 133 
11 22 12 1 1 7 12 6 17 16 6 4 13 9 7 7 25 19 16 7 13 12 13 24 11 0 2 15 7 66 20 45 148 22 28 28 95 87 141 126 78 24 72 123 133 219 21 162 160 437 8 5 24 9 5 2 2 5 0 0 0 6 1 9 5 16 5 7 5 3 8 10 5 5 20 9 0 5 41 11 19 7 7 42 14 40 27 171 19 0 0 77 13 24 33 27 6 28 25 8 1 100 
7 9 7 0 1 1 4 1 2 1 1 1 1 6 1 5 10 7 2 7 3 2 2 14 5 1 0 7 1 19 12 17 73 15 12 15 40 29 68 43 34 8 35 83 81 159 112 4 64 388 8 5 8 4 3 0 1 0 0 0 0 0 1 1 8 7 4 5 0 1 3 0 1 1 4 4 0 3 14 8 6 11 4 16 4 13 16 110 11 0 0 33 13 11 10 15 1 19 13 1 2 28 
6 3 6 1 0 0 4 3 4 7 3 6 5 4 0 7 10 11 2 2 6 0 3 9 5 0 1 13 2 26 8 19 98 17 13 8 53 28 83 49 32 7 57 82 67 148 159 81 17 353 4 1 6 0 1 2 2 3 0 3 0 4 0 3 4 6 3 1 0 2 5 4 1 1 5 7 0 1 18 1 2 2 4 12 6 13 2 89 6 0 0 52 7 9 10 13 2 19 13 0 3 32 
45 73 44 5 8 36 40 20 26 39 17 33 39 19 10 32 65 65 33 20 29 23 15 140 49 2 2 112 11 264 69 155 721 74 104 113 318 254 426 359 291 35 174 307 238 531 326 425 387 44 52 28 105 23 13 8 18 25 0 10 2 12 8 19 37 36 18 24 6 9 28 12 16 13 65 27 8 30 106 51 33 40 34 120 51 74 49 505 63 0 0 215 39 72 69 64 11 78 70 17 11 212 
10 10 4 1 3 5 4 9 7 9 3 5 8 11 11 16 17 9 4 3 0 4 1 12 7 0 3 11 2 20 4 10 55 4 9 6 6 2 23 6 6 0 9 11 10 10 6 5 9 56 2 16 49 18 18 11 18 49 0 35 8 2 4 16 15 31 8 12 3 18 12 9 12 23 10 7 3 7 85 13 14 5 14 30 2 16 3 46 10 0 0 2 4 6 4 2 2 2 4 2 3 17 
1 10 3 0 0 1 2 4 1 3 2 2 6 5 3 7 2 3 0 1 1 0 2 9 3 0 1 5 2 7 4 9 31 4 4 6 7 4 9 1 3 0 7 1 2 5 3 2 6 30 3 4 35 25 8 6 10 14 0 25 9 3 4 3 4 24 2 7 4 4 2 2 5 8 9 4 1 6 56 3 7 2 2 9 5 5 4 12 4 0 0 8 0 5 6 5 0 1 2 0 0 7 
10 9 10 1 0 7 12 7 2 5 2 6 5 18 9 20 11 13 5 5 2 3 0 25 10 0 0 22 6 18 10 15 69 10 8 7 7 4 21 9 7 2 18 24 11 14 16 15 6 56 54 34 4 26 25 4 11 44 0 26 11 4 9 29 23 34 15 22 9 34 13 15 15 14 9 6 0 29 82 13 5 2 8 34 15 14 9 58 9 0 0 12 4 13 7 17 0 11 6 3 1 26 
1 3 5 1 0 5 7 2 0 2 1 3 6 12 5 13 3 3 0 0 1 0 0 8 3 0 0 4 0 7 5 9 18 6 3 7 4 2 2 2 3 3 5 4 7 5 4 0 5 13 17 34 44 2 11 3 5 27 0 12 4 0 5 9 11 19 6 5 4 6 3 2 4 5 2 3 0 6 55 8 6 0 3 9 5 8 0 18 4 0 0 11 1 6 4 8 1 0 0 0 0 6 
6 8 3 1 2 1 0 1 3 2 2 1 2 0 4 7 2 5 2 2 0 0 0 1 0 0 0 6 2 4 2 4 15 1 4 2 1 1 0 2 0 2 0 2 1 3 0 1 4 14 7 7 19 5 3 1 2 18 0 13 4 1 1 10 12 12 1 2 1 4 3 5 3 3 3 1 0 2 31 4 5 0 1 12 4 5 0 11 4 0 0 4 1 1 1 1 0 3 2 0 1 4 
1 0 0 0 0 1 2 5 2 2 0 0 3 5 2 4 4 0 2 1 1 0 0 2 0 0 0 5 2 2 1 1 8 2 3 3 2 2 4 1 2 0 0 0 5 3 0 1 1 9 9 1 13 6 2 1 5 12 0 15 2 0 1 3 9 8 3 4 1 3 1 2 3 6 0 5 1 5 24 3 3 0 3 9 3 3 4 6 0 0 0 2 1 8 0 2 1 3 0 0 0 3 
2 3 2 0 1 0 1 3 4 6 2 3 4 3 7 8 4 1 1 2 0 1 1 7 1 0 0 2 4 5 5 4 18 10 5 1 2 3 6 1 4 2 6 9 1 5 2 3 4 12 16 13 24 6 6 11 3 18 0 16 5 3 1 4 8 10 4 7 1 5 8 3 4 3 3 6 1 9 56 2 2 0 6 25 17 14 3 19 4 0 0 4 3 1 4 2 0 5 1 3 2 7 
1 6 10 1 4 4 6 6 7 9 8 8 3 10 5 10 5 10 7 1 1 2 1 11 1 0 1 2 4 9 9 2 21 11 8 2 7 5 20 5 5 1 6 5 3 7 3 1 4 21 25 16 39 29 9 10 11 10 0 18 2 1 4 18 11 20 13 12 5 8 11 3 5 5 27 8 1 21 155 15 15 2 8 40 16 8 9 22 6 0 0 11 2 4 2 1 0 5 2 3 0 4 
0 0 0 0 0 0 0 0 0 0 0 0 0 0 0 0 1 0 0 0 0 0 0 0 0 0 0 0 0 0 0 0 0 0 0 0 0 0 0 0 0 0 0 0 0 0 0 0 0 0 0 0 0 0 0 0 0 0 0 0 0 0 0 0 0 0 0 0 0 0 0 0 0 0 0 0 0 0 0 0 0 0 0 0 0 0 0 0 0 0 0 0 0 0 0 0 0 0 0 0 0 0 
7 13 11 4 1 8 1 5 5 7 5 7 32 18 18 14 15 9 8 5 4 7 6 20 6 1 3 14 10 3 5 12 12 4 4 1 2 2 10 7 6 2 2 5 2 4 3 3 5 28 34 22 42 32 9 11 14 31 0 1 4 6 3 14 24 32 11 13 7 10 22 13 18 16 17 9 0 11 44 1 8 2 9 16 1 10 5 17 6 0 0 4 6 2 3 1 0 3 4 1 0 3 
0 5 1 0 1 2 2 2 0 3 0 2 1 2 0 1 2 1 3 0 0 0 0 1 2 0 1 3 0 13 6 4 18 2 5 1 1 0 6 2 4 1 2 2 4 2 6 2 4 10 7 8 16 10 4 3 6 14 0 0 1 3 0 9 12 13 6 10 5 4 17 12 7 3 2 3 0 6 14 2 2 6 6 5 5 6 2 10 4 0 0 3 1 4 1 1 0 2 0 0 0 3 
4 5 2 1 0 6 5 3 7 1 0 3 3 3 1 4 13 6 4 2 2 0 0 1 2 0 0 2 1 23 8 17 11 11 7 8 16 10 15 20 5 2 12 8 16 7 5 1 4 23 3 3 4 3 1 0 7 6 0 1 5 2 3 26 12 30 6 17 5 23 7 12 2 8 14 1 1 4 22 4 2 0 4 0 3 3 7 16 7 0 0 9 2 1 1 4 1 3 4 1 0 4 
1 0 0 0 0 2 2 0 4 0 0 0 0 2 0 2 0 0 1 0 0 0 0 0 0 0 0 0 3 5 1 4 4 10 1 1 6 9 2 0 2 0 1 3 4 4 2 0 0 2 2 2 3 1 1 1 3 1 0 0 8 1 0 5 5 12 5 7 4 2 3 5 2 0 4 0 1 0 9 0 2 0 1 0 0 2 2 7 3 0 0 2 0 0 0 0 0 0 0 0 0 1 
0 6 6 0 0 4 8 1 5 0 1 0 1 1 0 1 6 1 0 1 0 1 1 1 0 0 0 1 3 10 2 7 12 2 11 4 16 8 29 12 7 1 1 10 7 10 4 6 8 26 10 6 30 15 3 4 7 16 0 12 1 16 3 1 8 79 37 12 7 14 18 30 10 8 10 4 1 3 33 3 5 2 1 1 4 1 3 6 7 0 0 11 1 0 2 3 1 0 3 0 0 0 
4 2 6 0 2 4 10 4 6 1 0 3 3 2 1 6 1 0 0 1 1 0 0 2 0 0 0 1 10 26 48 22 18 11 5 13 21 6 28 12 11 1 6 4 8 10 6 6 5 27 13 15 13 15 6 4 3 14 0 26 13 6 15 16 1 56 49 25 16 29 51 63 33 17 7 5 0 7 35 7 5 4 3 8 7 5 5 7 3 0 0 10 1 1 1 0 0 1 0 0 0 6 
11 11 13 1 3 6 14 7 10 7 0 7 3 4 2 1 0 0 3 0 1 1 1 2 5 1 0 3 9 73 61 48 34 22 14 18 37 15 35 12 14 3 7 13 20 18 11 11 7 40 28 9 43 19 9 6 13 17 0 36 11 16 27 25 28 21 23 38 47 66 72 90 59 45 22 9 1 11 87 9 11 4 8 16 11 15 1 17 3 0 0 13 1 1 3 5 0 3 1 0 0 4 
3 6 4 0 0 3 6 4 0 5 2 3 0 0 0 1 0 0 0 0 0 0 0 0 0 0 0 0 8 4 10 5 14 7 5 4 17 6 14 6 1 0 1 3 6 3 8 4 3 11 5 2 5 11 1 0 1 1 0 18 8 3 6 25 25 16 1 12 17 19 34 35 11 8 2 3 0 3 20 5 5 1 0 7 0 2 2 4 2 0 0 1 0 1 0 0 0 2 0 0 0 1 
1 7 9 1 1 3 13 10 3 3 0 0 0 3 0 4 0 0 0 0 0 0 2 2 0 0 0 0 3 11 2 3 20 9 11 8 22 4 11 5 3 0 1 8 5 5 6 2 3 23 10 4 15 7 6 4 7 10 0 12 5 7 9 13 20 17 16 8 13 32 38 44 21 19 3 1 3 3 21 2 4 0 4 3 1 0 5 8 2 0 0 3 0 1 0 1 0 0 0 0 0 2 
2 2 2 0 0 2 0 11 2 0 0 0 2 0 0 2 0 1 0 0 0 0 0 1 2 0 0 0 3 5 4 3 6 0 5 1 6 3 12 0 0 0 1 4 4 3 5 3 3 4 1 0 10 6 2 2 1 0 0 6 1 3 3 2 9 26 21 11 1 3 24 21 8 13 3 1 1 1 14 1 3 0 3 3 2 3 1 3 3 0 0 2 0 0 0 1 1 0 0 0 0 1 
0 2 2 2 1 1 9 8 6 6 2 1 3 0 1 3 2 0 0 0 0 0 0 0 0 0 0 0 0 12 6 5 18 4 5 7 12 3 7 5 3 0 3 7 4 7 4 1 1 7 7 6 11 7 0 3 2 3 0 7 3 9 3 12 22 52 27 23 12 3 15 41 20 23 3 3 1 3 25 2 9 1 2 8 6 3 2 8 0 0 0 0 1 1 0 3 2 1 0 0 0 0 
6 4 1 1 1 2 5 1 2 2 1 1 0 3 1 2 2 0 0 0 0 0 0 0 0 0 0 0 1 5 2 2 16 5 4 5 14 13 13 3 4 0 7 2 5 4 5 1 6 13 6 4 7 10 5 4 5 6 0 18 8 1 5 8 11 58 36 40 39 10 2 54 12 14 1 3 1 1 16 3 7 0 0 10 0 4 2 3 2 0 0 1 1 0 0 0 0 0 0 0 0 2 
1 2 0 0 2 4 2 3 3 2 0 2 3 0 1 3 2 0 0 0 0 0 0 0 0 0 1 0 2 3 4 4 18 12 11 9 8 16 22 5 6 0 3 5 6 10 2 5 2 18 9 1 11 4 2 2 4 4 0 9 5 3 8 11 33 97 64 43 22 59 56 8 54 25 7 8 0 4 31 7 3 2 2 5 2 4 0 8 1 0 0 4 1 0 1 1 0 1 1 0 1 2 
1 10 2 0 0 2 11 1 3 9 2 2 1 1 0 3 1 1 1 0 0 0 0 0 0 0 0 0 2 11 8 12 14 25 17 14 17 11 17 13 12 3 2 7 7 9 15 1 8 41 29 3 29 12 12 7 11 12 0 18 12 3 7 21 34 48 43 34 13 37 41 59 5 26 6 9 1 4 42 2 5 4 7 9 4 6 1 15 3 0 0 7 3 1 2 4 2 0 1 0 0 0 
1 7 4 0 0 6 10 4 1 3 1 2 5 0 2 5 2 2 0 0 1 0 0 2 0 0 1 0 4 0 0 2 14 15 7 5 27 12 31 9 8 2 2 7 3 11 7 3 9 31 19 5 20 18 4 0 10 8 0 27 9 7 7 11 32 47 21 26 10 64 29 33 20 2 9 2 2 4 39 4 5 2 14 10 8 5 1 29 4 0 0 5 0 2 1 0 0 1 1 0 0 1 
1 0 0 0 1 0 3 2 2 1 0 4 2 3 2 6 6 3 0 0 0 1 0 9 0 0 1 4 6 6 0 8 16 3 4 1 8 0 5 1 1 0 7 13 11 7 2 5 10 35 11 2 15 9 1 1 4 12 0 6 1 0 1 9 9 6 1 10 0 3 4 1 1 3 5 11 6 13 118 31 13 6 19 34 12 12 2 42 9 0 0 11 1 4 4 4 0 5 4 0 5 14 
2 3 5 0 1 3 2 1 6 6 0 1 1 0 2 6 3 1 1 2 2 0 0 5 0 0 0 4 0 5 3 7 15 1 1 1 4 0 6 6 4 0 8 12 8 6 12 7 7 39 5 2 8 6 5 2 2 14 0 9 6 1 0 9 3 10 0 2 2 3 1 4 3 4 1 0 17 22 131 35 7 11 13 43 13 12 4 47 13 0 0 9 4 3 3 5 2 7 4 3 1 8 
0 0 0 0 0 0 0 1 0 1 0 0 1 0 4 0 0 0 0 0 0 0 0 0 2 0 0 4 0 1 2 1 1 1 2 0 1 0 1 1 0 0 1 1 7 1 0 0 1 4 2 4 4 2 0 1 2 5 0 1 0 0 0 2 0 2 6 1 0 0 1 0 1 0 2 10 0 18 43 9 11 5 8 19 8 3 2 12 0 0 0 3 1 2 1 1 0 4 0 0 0 1 
2 0 1 1 0 5 0 2 1 0 0 0 3 3 2 3 3 4 0 0 0 0 1 3 0 0 0 1 3 4 0 1 6 4 2 1 4 0 2 4 0 1 15 14 4 3 4 5 5 24 3 9 9 4 0 5 11 15 0 2 3 0 0 1 10 13 1 2 2 3 2 1 1 7 15 21 7 5 96 34 11 3 14 57 18 11 9 31 5 0 0 10 2 4 6 4 3 5 1 1 0 9 
14 13 12 4 5 24 14 14 12 26 14 13 34 24 15 47 20 28 6 1 3 2 8 17 6 3 0 13 6 32 12 35 46 14 18 2 19 4 36 17 10 5 19 58 19 23 20 14 15 99 162 73 173 94 86 50 45 105 0 62 17 12 7 32 30 58 8 37 9 30 29 31 22 47 329 227 73 101 17 90 99 49 78 217 96 43 24 127 19 0 0 30 10 43 15 15 2 16 19 2 2 34 
3 1 2 1 0 0 2 1 2 0 0 0 0 1 0 4 11 4 1 1 0 0 1 4 3 0 1 2 1 7 4 5 11 3 1 1 2 4 10 15 7 3 14 24 7 6 10 5 2 16 8 6 13 3 5 4 6 24 0 3 0 1 1 4 6 18 3 4 2 2 9 3 4 4 24 28 10 20 93 3 20 2 21 131 63 16 10 75 11 0 0 20 5 10 7 9 0 8 12 4 2 17 
3 4 0 0 0 0 0 0 3 2 1 0 0 0 0 0 3 2 2 0 0 0 2 3 0 0 1 4 0 9 1 7 7 2 0 0 2 0 1 3 6 2 13 21 5 11 17 7 3 41 6 6 9 4 1 1 0 6 0 5 1 4 0 1 4 7 7 2 4 4 4 7 1 6 22 13 8 19 73 9 3 4 24 117 100 28 11 39 10 0 0 18 5 14 11 5 3 22 13 0 2 11 
6 10 2 1 1 0 4 4 1 0 0 0 0 2 0 1 3 1 4 0 0 0 0 2 1 0 0 5 1 4 3 7 13 1 1 3 0 2 6 8 10 1 20 25 5 10 13 10 7 76 2 2 3 3 0 0 3 5 0 3 2 0 0 0 5 3 3 1 1 2 4 6 1 6 16 20 6 19 35 20 12 4 13 67 39 25 6 75 11 0 0 17 2 11 24 19 3 23 22 3 0 31 
0 4 1 1 2 1 1 1 0 1 0 0 0 0 0 1 1 0 0 0 0 0 0 2 2 0 0 1 4 2 0 2 6 3 2 0 0 2 3 3 3 0 14 10 4 13 12 4 7 30 19 4 7 12 0 0 4 6 0 7 0 2 2 2 0 6 1 4 0 0 1 7 4 1 13 15 3 7 32 21 12 6 5 80 76 18 6 58 12 0 0 22 5 11 4 2 4 12 12 3 0 9 
3 8 9 0 0 1 6 4 3 0 2 1 3 0 0 1 0 4 0 0 1 0 0 5 0 0 0 4 2 12 2 10 14 2 6 1 2 5 20 15 6 1 47 72 23 39 31 22 21 114 18 24 38 29 10 8 46 53 0 10 2 4 4 6 8 10 4 3 1 5 4 9 6 6 95 80 24 100 241 150 128 30 183 13 206 81 42 169 32 0 0 53 18 34 30 31 7 31 36 3 8 43 
0 1 1 0 0 2 1 1 1 1 0 0 0 0 0 1 0 0 1 0 1 1 1 0 1 0 0 1 0 2 0 1 4 0 0 0 2 1 4 8 2 0 21 23 21 8 8 6 3 36 5 1 4 4 1 1 8 11 0 3 0 0 0 1 5 4 1 1 1 3 4 4 1 1 14 20 6 14 57 39 33 18 50 137 4 55 19 56 18 0 0 37 8 20 12 18 2 19 6 5 4 25 
8 1 6 2 1 5 7 1 1 4 2 0 1 1 0 2 5 6 2 1 1 2 1 2 3 0 0 5 1 19 3 6 30 3 7 4 26 7 38 9 16 8 65 86 28 53 33 29 30 123 23 15 19 13 10 3 7 12 0 9 0 1 2 4 3 6 2 3 0 2 4 5 4 3 36 19 9 22 38 30 34 21 33 75 58 12 25 105 51 0 0 100 24 44 32 31 11 36 37 10 10 53 
4 2 2 0 2 3 1 1 0 1 0 0 1 0 1 1 4 4 2 1 4 0 2 5 1 0 1 3 2 15 2 9 21 8 6 2 18 5 29 14 13 2 32 61 18 27 18 18 21 79 7 1 27 2 4 1 3 4 0 8 3 1 2 2 0 1 1 2 1 1 2 1 0 0 8 8 3 4 38 14 24 11 21 56 36 18 4 53 50 0 0 51 16 23 23 29 3 29 16 2 5 42 
16 24 12 2 9 6 7 9 9 7 4 8 4 0 3 19 16 16 6 6 9 3 4 43 24 0 0 47 3 86 30 35 200 11 28 17 57 36 130 41 34 14 140 167 93 191 163 134 180 872 45 20 62 18 16 5 15 16 0 13 8 2 1 11 9 5 5 5 2 1 13 9 7 9 70 54 6 38 146 38 60 51 47 164 61 116 53 23 47 0 0 209 47 72 46 110 41 54 51 2 19 289 
1 9 1 0 3 5 3 4 4 2 2 3 2 1 0 0 8 4 3 1 2 2 3 6 4 0 0 6 3 28 8 7 40 10 10 11 30 21 41 16 12 13 36 70 12 30 15 31 22 69 7 6 13 4 0 0 2 4 0 3 1 1 3 3 2 2 0 1 0 1 5 4 1 0 8 10 2 5 32 15 13 10 9 30 18 43 27 64 10 0 0 43 15 20 6 28 4 22 13 4 2 51 
0 0 0 0 0 0 0 0 0 0 0 0 0 0 0 0 0 0 0 0 0 0 0 0 0 0 0 0 0 0 0 0 0 0 0 0 0 0 0 0 0 0 0 0 0 0 0 0 0 0 0 0 0 0 0 0 0 0 0 0 0 0 0 0 0 1 0 0 0 0 0 0 0 0 0 0 0 0 0 0 0 0 0 2 0 0 0 0 0 0 0 0 0 0 0 0 0 0 0 0 0 0 
0 0 0 0 0 0 0 0 0 0 0 0 0 0 0 0 0 0 0 0 0 0 0 0 0 0 0 0 0 0 0 0 0 0 0 0 0 0 0 0 0 0 0 0 0 0 0 0 0 0 0 0 0 0 0 0 0 0 0 0 0 0 0 0 0 0 0 0 0 0 0 0 0 0 0 0 0 0 0 0 0 0 0 0 0 0 0 0 0 0 0 0 0 0 0 0 0 0 0 0 0 0 
7 10 7 2 1 14 11 12 11 9 14 6 9 8 4 12 20 10 8 2 2 0 3 7 3 0 0 23 3 59 19 50 79 30 39 21 101 93 202 70 49 22 61 207 89 205 77 83 91 360 17 10 37 15 9 4 9 11 0 11 2 4 1 13 6 10 3 1 1 0 4 8 2 3 23 9 8 10 75 43 33 26 31 125 79 92 94 300 87 0 0 20 48 63 31 148 25 116 93 7 14 195 
1 1 4 0 0 4 2 1 4 2 0 2 0 1 3 3 3 4 0 0 0 0 0 2 1 0 0 2 4 14 3 9 34 9 13 3 11 14 17 19 15 4 36 59 22 33 10 13 5 60 7 3 1 2 1 0 1 4 0 4 0 2 2 2 1 0 0 0 0 0 0 0 1 0 2 5 0 4 11 8 6 6 7 17 15 24 17 60 34 0 0 58 5 10 10 12 4 27 7 2 6 28 
1 2 2 0 1 1 3 2 2 0 1 1 0 1 0 2 5 3 0 1 0 0 0 2 0 0 0 1 1 7 6 14 26 4 6 7 11 10 39 10 9 1 35 55 20 29 22 21 32 77 6 1 5 4 1 1 3 4 0 1 0 0 1 2 2 0 0 0 1 0 0 0 0 2 13 6 1 2 24 13 15 8 10 37 19 28 8 88 31 0 0 85 9 12 3 26 2 12 8 4 4 63 
1 1 1 0 1 1 1 1 3 2 0 1 6 3 0 0 1 1 0 0 1 0 0 1 0 0 0 0 4 14 7 4 13 2 8 0 10 5 17 6 8 4 25 34 22 20 19 12 9 62 5 1 7 2 2 0 1 3 0 4 1 2 5 0 1 1 0 0 0 0 0 1 0 3 8 5 1 4 18 7 6 12 5 24 10 29 20 67 18 0 0 38 14 17 4 10 2 14 8 2 1 54 
2 3 0 0 0 1 2 0 1 0 4 1 1 3 0 2 3 0 0 0 2 0 0 1 0 0 0 1 0 8 5 6 15 2 7 5 19 13 15 11 13 5 47 55 20 23 14 22 15 77 4 0 7 1 3 1 1 3 0 1 0 1 0 4 1 3 1 0 0 0 0 1 0 2 3 1 0 3 12 11 4 9 5 31 9 30 10 102 21 0 0 77 24 20 9 8 2 24 2 3 4 56 
0 1 0 0 0 1 0 0 0 0 0 0 0 0 0 0 0 0 1 0 0 0 0 0 1 0 0 0 0 8 0 0 0 0 1 0 2 0 6 0 2 0 10 10 4 2 2 1 2 14 1 3 2 1 0 0 2 0 0 0 0 0 0 0 0 1 0 0 0 0 0 0 0 0 2 0 0 0 6 2 1 0 2 8 0 2 0 8 5 0 0 7 4 0 3 1 0 3 2 0 11 11 
0 4 3 0 0 0 0 1 2 2 0 2 1 0 0 0 0 0 0 0 0 0 0 0 1 1 0 2 0 9 1 2 8 1 3 3 7 4 14 2 4 3 26 33 15 25 8 7 10 64 7 0 8 2 0 0 2 1 0 1 1 1 0 1 1 0 0 1 0 0 0 1 0 0 8 3 0 5 16 5 4 7 8 26 12 16 6 48 7 0 0 40 5 13 4 21 0 5 10 2 4 28 
0 2 5 0 1 1 0 0 0 1 0 0 1 1 0 5 1 2 0 0 1 0 0 1 0 0 0 1 2 5 2 3 11 4 0 1 6 5 28 9 5 3 15 33 22 15 11 13 13 68 3 2 10 4 1 0 4 10 0 2 0 0 0 0 0 4 0 0 0 0 0 0 0 1 19 5 0 5 12 5 6 9 15 25 12 20 9 53 14 0 0 26 10 3 3 3 2 5 1 6 3 30 
0 0 1 0 0 0 2 0 0 1 1 0 0 0 0 0 0 0 0 0 0 0 0 0 0 0 0 1 0 0 2 1 2 0 0 0 4 2 4 2 3 0 4 0 3 6 1 1 4 11 1 0 1 0 1 1 0 1 0 1 0 0 0 1 0 0 0 0 0 0 0 0 0 0 3 1 0 1 1 0 2 0 0 7 3 1 4 13 0 0 0 5 1 1 3 3 1 1 2 2 0 6 
0 0 1 0 0 2 0 0 0 0 0 0 2 0 1 0 1 0 0 0 0 0 0 0 0 0 0 0 0 0 0 0 0 0 1 0 2 2 2 0 2 0 5 7 8 4 3 5 5 9 1 0 2 3 0 1 0 1 0 0 0 0 0 0 0 0 0 0 0 0 0 0 0 0 2 4 1 1 7 0 4 2 3 6 2 5 1 12 0 0 0 4 2 3 2 2 1 1 2 2 0 1 
13 10 9 2 2 15 13 11 9 5 6 6 11 1 6 6 4 7 1 1 0 3 2 4 3 1 1 5 2 48 10 26 67 13 19 15 47 48 71 54 49 12 169 129 87 125 95 78 76 475 34 20 47 16 4 3 4 22 0 20 2 0 0 0 6 5 1 2 1 1 3 3 3 9 35 12 1 17 60 30 34 31 26 75 34 92 39 376 110 0 0 147 30 61 78 105 16 63 58 11 5 21 
