5 9 18 4 9 22 36 21 45 22 21 31 56 99 24 53 30 25 27 5 10 10 5 51 7 1 1 33 111 3 6 1 27 6 3 2 12 8 31 24 19 0 9 12 14 25 18 5 7 63 6 3 6 8 2 1 5 4 0 3 1 2 6 2 7 8 2 2 0 3 3 3 3 4 0 0 0 0 19 1 1 0 2 9 3 3 1 35 10 0 0 8 0 2 1 2 1 0 1 0 0 16 
7 7 12 5 8 39 31 10 29 20 6 38 38 89 43 71 40 20 24 9 9 8 4 23 11 2 0 16 106 5 2 4 16 5 7 1 2 2 28 22 19 1 6 12 15 14 17 6 1 55 7 4 12 7 0 0 1 3 0 4 0 3 0 7 5 6 5 4 2 0 0 1 7 2 1 1 0 2 19 2 1 0 2 4 1 7 1 21 2 0 0 10 3 0 5 0 0 2 0 0 0 4 
16 9 9 8 8 17 17 12 27 16 6 29 37 75 40 37 28 13 15 7 11 18 1 22 4 0 0 19 180 8 1 2 9 6 2 0 5 3 14 13 16 0 8 8 11 10 6 1 10 22 2 2 3 5 3 2 0 6 0 3 3 3 2 5 4 6 8 5 1 4 2 0 3 2 0 2 1 0 10 1 0 0 0 5 2 6 4 15 2 0 0 2 0 1 4 3 0 0 0 0 0 12 
6 8 9 1 3 13 11 4 18 5 2 5 3 6 5 15 9 0 8 2 1 1 0 5 2 0 1 4 18 0 0 1 0 0 1 1 0 1 2 4 2 0 0 1 4 0 2 0 0 5 3 1 1 0 0 0 0 0 0 0 0 0 0 1 2 1 2 0 1 0 0 0 0 3 0 0 0 0 0 0 1 1 0 1 0 0 0 2 1 0 0 2 0 0 0 0 0 0 0 0 0 1 
15 9 9 2 0 7 5 7 5 1 7 12 11 17 19 22 11 4 6 2 2 4 0 16 2 1 0 5 23 1 1 2 2 1 0 3 1 0 11 4 2 0 3 2 2 3 4 2 2 29 0 1 2 1 0 1 0 1 0 0 1 1 0 2 0 2 1 0 0 2 0 0 1 1 0 0 0 0 3 0 0 0 0 1 0 1 1 3 2 0 0 1 0 0 0 1 0 0 0 0 0 2 
23 28 24 7 7 8 7 8 19 9 8 28 59 66 32 66 53 17 13 14 7 11 6 35 11 1 0 19 111 3 1 2 4 1 3 1 1 6 33 17 4 2 8 7 10 13 4 2 5 34 6 3 6 4 2 0 0 7 0 3 0 5 1 0 4 6 2 2 1 1 0 4 0 3 1 1 0 12 17 1 3 2 0 0 1 4 4 6 4 0 0 13 0 4 4 0 0 0 0 0 0 7 
31 31 17 11 7 15 4 21 29 15 9 37 55 68 34 65 35 27 13 11 8 13 10 10 7 1 0 12 37 8 3 1 8 9 1 3 1 2 20 5 9 2 9 7 9 6 11 5 5 19 3 2 6 2 0 1 2 6 0 1 0 2 2 8 2 3 2 0 0 2 6 0 9 1 2 1 0 2 20 0 2 0 2 0 0 0 0 2 4 0 0 9 1 4 0 2 0 0 2 0 0 4 
14 22 20 7 5 15 14 13 10 15 9 28 63 63 30 48 34 15 17 8 8 11 12 16 14 0 0 24 71 3 2 6 8 4 2 4 1 6 26 16 8 1 16 7 8 12 14 0 0 30 2 1 10 3 1 0 4 2 0 1 0 4 4 5 3 6 1 0 2 2 3 2 4 3 0 3 1 1 2 1 0 0 1 3 0 3 0 7 0 0 0 6 4 1 0 0 1 0 1 0 0 4 
18 30 35 12 7 24 18 17 7 21 19 22 65 68 30 65 29 14 30 14 11 6 6 11 9 0 0 8 65 5 1 2 8 0 3 0 3 5 29 21 4 0 3 13 8 12 10 3 6 42 5 0 6 1 0 1 3 9 0 0 2 2 1 7 6 3 3 0 0 0 0 0 0 2 3 3 2 1 18 1 0 0 0 0 1 3 4 1 1 0 0 7 2 2 3 0 0 0 1 0 0 9 
14 13 10 1 3 12 13 5 5 1 3 10 25 34 33 25 21 16 12 6 11 4 2 19 4 0 1 10 23 1 1 0 6 1 0 1 1 0 13 8 7 0 6 3 7 3 10 1 0 15 3 5 7 10 1 0 3 2 0 1 0 1 2 4 0 3 3 2 2 1 1 1 7 1 3 2 0 5 16 1 1 1 1 1 2 0 1 7 0 0 0 2 1 0 2 0 0 1 0 0 0 1 
18 13 13 5 5 6 8 7 9 9 3 4 31 25 9 20 15 19 8 16 8 10 3 16 2 0 2 17 23 3 1 4 6 0 0 2 3 2 21 8 7 1 3 10 4 10 12 5 1 20 3 1 2 1 1 0 2 1 0 1 1 2 1 1 0 1 1 0 0 0 1 1 1 0 0 0 1 1 1 3 0 0 0 0 0 0 0 3 3 0 0 4 2 1 0 3 0 0 1 0 0 2 
26 36 28 11 12 14 23 22 24 9 11 5 28 56 19 35 50 24 31 16 20 11 17 57 6 2 1 41 50 7 2 6 10 3 2 0 2 7 32 15 7 3 8 4 11 9 7 4 6 35 3 4 19 3 3 3 6 4 0 3 1 7 0 1 3 3 7 0 0 2 4 1 2 2 2 2 1 0 5 3 1 0 0 3 1 0 0 1 1 0 0 10 1 8 1 0 0 0 0 1 0 4 
28 51 29 3 8 24 37 48 51 25 24 20 7 70 32 52 50 45 41 19 26 13 11 40 19 2 2 50 51 3 5 3 13 1 2 3 4 6 28 13 11 0 7 12 9 16 9 4 6 44 6 5 12 1 5 1 5 3 0 6 0 3 0 0 1 1 0 0 0 2 2 0 1 8 5 0 0 5 9 0 0 0 0 2 1 2 1 6 5 0 0 8 2 2 0 1 0 0 1 0 0 10 
43 94 59 14 22 38 55 40 68 40 32 45 52 11 13 51 64 64 74 24 46 28 11 93 35 6 9 136 48 8 2 1 9 2 5 0 1 8 27 16 15 1 1 12 6 10 6 4 2 53 9 11 14 8 4 3 4 8 0 4 4 0 0 0 1 1 0 0 0 0 1 0 0 2 6 3 0 1 32 2 1 0 0 0 0 1 1 2 2 0 0 9 1 1 0 0 0 1 1 0 0 5 
33 49 39 12 12 33 34 34 28 28 17 23 29 12 6 21 51 31 37 8 31 9 13 53 17 0 5 103 39 5 1 1 10 4 5 0 1 1 13 12 5 1 15 10 7 15 5 2 3 30 5 2 7 4 2 3 3 4 0 5 2 0 1 0 0 1 0 0 3 2 0 0 0 0 4 3 2 0 11 2 1 1 0 2 0 1 1 1 0 0 0 3 1 0 0 2 0 2 1 1 1 8 
30 46 34 3 17 36 33 38 55 65 16 42 54 57 13 14 51 58 59 30 61 29 35 91 34 5 7 119 51 25 4 16 26 3 13 14 35 4 20 28 14 4 8 20 12 20 16 2 8 56 7 3 15 10 3 6 6 5 0 3 2 0 2 2 1 1 0 0 1 1 1 3 0 2 5 2 0 8 29 2 1 1 1 2 0 2 0 9 2 0 0 10 2 4 2 2 0 4 0 0 0 6 
30 35 26 3 8 28 23 30 32 29 21 20 46 84 46 97 8 28 49 26 59 34 30 65 18 4 10 58 32 33 15 45 27 17 29 14 42 12 67 32 29 2 17 21 16 40 17 4 10 79 12 10 22 4 6 2 5 11 0 3 1 10 1 0 3 0 0 2 0 0 2 2 2 2 14 0 1 3 25 1 0 0 0 3 0 6 5 11 8 0 0 22 9 2 1 1 1 0 0 0 1 6 
11 17 15 3 6 32 18 20 13 24 8 20 38 78 24 93 38 11 28 7 27 15 16 31 15 4 0 50 32 16 11 7 25 3 13 10 9 9 45 12 14 1 10 21 21 24 13 4 6 61 3 2 5 4 5 0 1 7 0 1 0 5 0 4 0 0 0 0 0 0 0 0 1 1 0 1 1 1 16 2 1 0 0 0 0 5 3 10 3 0 0 11 0 0 1 2 0 0 0 0 0 6 
17 21 11 0 3 13 11 20 16 12 12 13 38 78 18 73 47 45 6 10 39 13 14 66 20 5 2 49 30 7 6 6 24 2 9 7 19 10 35 17 11 2 4 19 9 15 17 4 4 43 3 2 7 4 0 2 0 1 0 0 1 0 2 2 0 3 0 0 0 0 0 0 0 0 3 0 0 0 7 0 1 0 1 0 2 3 2 2 1 0 0 5 0 0 0 2 0 0 0 0 0 2 
6 19 9 4 5 10 14 13 13 9 9 13 19 42 20 55 22 33 29 7 7 5 6 24 20 9 8 73 20 7 2 6 13 3 6 2 10 9 33 8 13 1 1 5 3 18 8 5 3 24 3 0 1 1 0 2 0 3 0 1 0 2 0 1 2 0 0 0 0 0 0 0 0 0 0 1 1 1 6 2 1 0 0 0 0 0 0 3 1 0 0 4 0 1 0 1 0 0 1 0 0 2 
3 8 7 0 4 11 3 7 2 14 11 7 33 65 38 79 39 48 62 0 4 4 13 46 15 6 6 71 14 4 2 0 9 0 4 4 12 6 37 10 17 1 2 6 9 11 8 2 4 17 0 2 3 2 1 0 0 4 0 0 0 1 0 1 0 1 0 0 0 0 0 0 0 0 1 1 0 0 3 1 2 0 0 0 1 1 1 8 1 0 0 2 0 0 0 0 0 0 0 0 0 1 
8 15 6 3 4 10 8 11 12 21 6 16 21 82 22 65 40 16 32 2 9 1 5 26 4 12 8 53 19 2 1 3 13 0 6 3 16 5 40 6 4 1 4 9 5 8 9 0 3 18 0 0 1 1 0 1 1 1 0 1 0 2 0 0 0 0 0 0 0 0 0 0 0 0 1 0 0 0 5 0 0 0 0 1 0 1 0 6 0 0 0 1 0 0 0 0 0 0 0 0 0 1 
3 7 4 0 3 8 6 2 3 10 3 13 22 26 36 67 42 32 37 15 23 14 2 27 7 11 3 69 5 3 4 1 6 1 3 5 10 2 27 4 7 0 6 6 11 11 5 4 4 17 0 1 3 2 0 0 2 1 0 1 0 0 0 0 0 3 0 0 0 0 0 0 0 0 1 0 0 1 5 0 0 0 0 1 0 0 1 10 0 0 0 1 0 0 0 0 0 0 0 0 0 1 
4 16 12 3 7 14 11 6 12 26 10 21 27 80 37 113 64 47 57 19 51 15 15 12 8 13 19 97 17 4 0 7 25 2 9 7 25 12 49 6 12 5 4 16 16 19 12 4 3 57 8 4 10 5 1 0 1 3 0 2 0 2 1 0 1 1 0 0 0 0 0 0 0 0 0 1 1 1 17 0 0 0 0 1 0 1 3 18 1 0 0 6 2 1 0 0 0 0 0 0 0 5 
14 21 3 0 7 9 11 17 11 31 7 27 36 53 29 82 44 26 43 14 26 17 8 15 3 3 10 47 9 7 4 3 91 5 7 1 19 13 47 22 31 1 7 11 20 21 15 14 10 100 12 10 15 3 3 2 2 0 0 3 1 1 0 0 2 0 0 0 0 0 1 0 0 0 6 3 3 1 13 1 2 2 0 1 1 4 2 52 5 0 0 6 0 0 1 0 0 1 0 0 0 5 
0 1 0 1 1 2 1 0 2 1 0 1 4 6 3 6 12 10 7 5 27 11 6 26 2 0 4 16 0 2 1 1 0 0 2 0 2 0 4 1 0 0 0 5 1 0 0 3 0 0 0 1 0 0 0 0 0 0 0 0 0 1 0 0 0 0 0 0 0 0 0 0 0 0 0 0 0 0 1 0 0 0 0 1 0 0 0 1 0 0 0 1 0 0 0 0 0 0 1 0 0 0 
1 2 2 0 0 0 0 1 2 1 0 0 7 11 7 24 8 8 0 3 26 23 9 51 9 0 0 49 4 3 0 1 6 4 1 0 6 1 3 2 1 0 0 2 3 5 1 0 0 4 0 0 0 0 0 0 0 0 0 0 0 0 0 2 0 0 0 0 0 0 0 0 0 0 0 0 0 1 3 0 0 0 0 0 0 0 0 2 0 0 0 1 0 0 0 0 0 0 1 0 0 0 
16 23 22 5 10 13 8 19 11 24 11 33 59 102 63 145 82 45 57 49 54 59 37 84 27 12 29 7 12 6 0 6 31 3 11 5 28 15 62 27 42 1 23 28 19 26 14 3 2 89 11 6 12 4 7 5 4 5 0 2 3 0 0 2 3 1 1 0 0 0 0 0 0 0 4 3 3 2 17 3 1 0 2 5 1 14 3 46 6 0 0 17 1 3 1 3 0 0 2 0 0 9 
37 49 48 11 13 44 48 34 39 18 9 30 24 44 18 36 31 16 28 8 15 9 1 4 4 0 0 6 2 1 4 7 2 0 1 3 4 12 7 12 8 1 2 4 7 4 2 2 0 13 0 1 3 6 0 0 0 2 0 1 0 0 1 0 5 4 1 1 0 2 1 8 1 2 2 0 0 1 11 2 0 0 2 4 0 5 5 0 1 0 0 5 2 0 0 1 0 0 0 0 0 0 
2 4 2 1 0 1 4 8 5 0 6 10 18 5 9 24 37 25 11 9 6 13 2 11 6 0 1 3 1 36 102 102 211 39 118 135 319 118 223 115 86 8 52 55 46 82 52 19 14 187 6 4 15 4 1 2 7 10 0 7 4 9 0 13 13 37 10 1 2 11 4 8 3 1 5 5 0 1 22 6 3 2 1 3 2 10 12 66 15 0 0 34 5 7 4 7 1 2 0 0 2 23 
0 1 0 0 0 6 0 5 3 0 0 2 4 2 2 3 19 8 7 1 5 4 0 7 5 0 0 0 2 73 5 47 95 21 45 41 111 40 70 42 23 3 25 18 15 16 20 2 3 57 0 2 2 5 1 0 0 2 0 2 0 4 1 3 14 10 4 6 3 2 2 6 1 2 2 1 0 0 12 0 0 2 0 3 0 5 0 13 4 0 0 15 0 2 6 2 0 1 0 0 0 7 
2 5 2 0 0 3 2 0 3 3 0 5 8 1 1 17 27 15 13 2 2 1 2 3 2 0 0 5 9 92 106 8 75 37 66 69 226 92 182 79 55 10 40 31 44 58 43 17 20 129 9 7 10 7 7 2 4 3 0 7 3 5 1 5 13 18 1 3 1 2 0 3 4 1 3 4 2 0 17 3 3 1 2 1 1 13 10 30 10 0 0 34 7 5 4 0 1 4 2 0 0 22 
11 13 10 3 1 9 10 2 10 5 0 9 12 4 10 18 37 15 11 8 18 5 8 26 11 0 1 17 9 232 81 67 12 29 84 85 218 126 256 96 117 12 96 60 88 113 83 47 60 567 45 28 44 18 14 7 9 21 0 10 6 13 4 7 16 28 9 13 4 8 6 19 5 9 12 11 2 3 36 4 10 2 6 11 6 12 4 139 24 0 0 52 8 16 3 12 3 5 4 2 0 65 
3 3 1 1 0 2 0 1 1 2 0 0 5 0 0 4 21 5 9 0 0 4 0 3 3 0 0 5 4 68 17 26 43 7 11 15 79 37 103 43 34 3 19 32 26 30 19 12 6 70 6 3 12 8 3 3 2 3 0 6 1 8 4 0 5 21 7 7 5 5 4 11 8 7 9 3 1 0 17 1 1 1 2 1 1 2 0 14 5 0 0 34 2 7 1 4 1 3 4 0 0 9 
2 6 4 0 5 1 1 0 5 3 1 6 3 7 1 10 14 15 9 2 5 2 2 9 4 0 2 19 6 130 41 70 95 23 4 16 142 83 149 79 35 9 43 35 28 43 34 12 14 142 8 5 9 4 5 3 7 11 0 3 3 9 0 6 4 20 5 8 2 6 4 7 7 4 3 1 0 3 24 0 1 1 0 3 0 6 3 16 6 0 0 56 11 6 5 8 0 0 9 3 0 28 
2 7 2 0 1 0 0 3 0 0 0 1 0 1 2 11 11 12 10 14 1 3 4 10 2 0 0 7 11 134 41 56 85 21 24 8 137 44 88 46 40 3 30 36 36 47 27 11 10 119 2 4 12 7 0 2 0 3 0 1 2 4 1 5 4 8 4 5 0 5 6 3 7 3 1 0 0 0 8 1 0 2 0 1 0 5 1 13 4 0 0 25 2 1 7 7 0 2 5 0 0 16 
6 7 2 0 1 4 9 0 1 8 3 1 5 1 1 32 27 20 11 8 7 7 8 22 10 1 0 23 7 297 130 188 252 74 115 127 23 147 358 266 135 31 104 163 138 162 105 54 55 377 15 6 12 11 2 1 7 4 0 2 2 17 10 17 25 17 11 11 7 5 20 25 15 5 9 2 0 0 13 0 1 0 0 3 2 24 6 72 29 0 0 100 32 17 13 14 3 15 13 4 1 52 
6 13 2 2 1 9 4 3 9 6 8 9 9 12 1 2 22 19 24 12 14 7 2 14 5 0 3 14 12 102 44 86 91 36 55 33 109 7 127 127 78 20 83 95 74 90 94 25 28 248 9 4 12 3 1 0 4 4 0 2 0 7 3 6 8 4 2 3 6 1 8 7 7 5 2 1 0 1 10 0 3 0 0 7 2 21 7 36 16 0 0 66 16 15 5 8 7 4 8 0 3 22 
23 18 19 4 3 8 14 17 23 22 5 29 29 23 8 9 39 46 24 11 33 19 11 67 15 1 0 56 32 197 64 141 223 95 117 66 346 92 27 346 203 25 113 124 96 148 101 50 60 385 13 8 28 11 3 4 10 20 0 0 3 11 3 16 27 24 4 13 1 4 18 14 12 8 9 3 2 0 37 7 3 3 3 14 8 18 23 66 27 0 0 98 12 23 15 8 1 13 14 2 5 71 
10 15 10 2 3 13 12 20 12 19 6 18 20 14 13 19 38 17 14 6 11 4 4 27 3 0 0 23 22 90 20 77 164 57 88 51 258 148 359 19 48 13 51 91 89 120 72 34 29 256 7 1 11 5 2 0 4 1 0 3 6 12 2 9 8 8 2 4 0 3 4 7 12 6 6 3 0 2 12 6 4 4 2 13 11 5 7 20 14 0 0 50 11 10 10 5 1 2 5 0 0 32 
8 16 5 0 1 3 6 8 8 8 4 5 8 9 1 22 18 12 17 8 11 5 5 25 7 0 2 26 14 59 24 61 125 35 42 44 141 108 248 39 9 9 55 70 45 90 55 27 29 209 4 5 7 5 0 1 4 1 0 1 2 3 3 8 5 22 2 4 1 3 3 4 9 0 3 3 1 2 14 1 0 3 4 9 5 10 5 15 8 0 0 48 7 10 4 14 0 4 5 2 0 24 
0 4 0 0 0 1 0 1 2 2 0 3 2 0 0 4 0 2 2 3 1 2 1 2 1 0 0 3 0 3 4 7 14 2 1 2 49 8 23 11 8 0 14 29 17 17 9 4 23 44 0 1 2 0 1 0 0 2 0 0 4 1 0 0 0 1 1 0 0 0 0 0 0 0 0 0 0 0 6 0 2 1 1 2 0 4 4 7 6 0 0 3 2 3 2 1 1 4 2 1 0 10 
9 3 6 0 3 5 3 3 9 2 1 1 4 7 3 6 23 4 6 0 5 6 1 6 3 0 0 16 6 30 9 27 89 18 35 22 118 56 144 56 47 4 9 89 44 59 55 33 23 151 0 4 7 7 4 2 5 5 0 1 0 13 0 7 8 11 2 3 2 1 3 3 7 4 20 4 0 7 29 12 9 16 12 44 17 34 23 57 31 0 0 60 19 27 18 41 5 22 27 4 6 94 
12 14 6 0 5 9 7 2 5 11 1 4 7 8 5 11 18 16 16 1 10 7 3 16 12 0 0 18 7 47 13 49 114 27 63 24 181 92 190 108 69 44 109 29 156 206 110 76 51 345 14 1 21 8 0 3 6 6 0 2 3 10 0 4 8 11 2 1 1 7 5 3 13 7 12 9 1 18 55 15 20 14 13 68 23 75 53 95 80 0 0 231 35 40 30 55 9 47 48 8 6 125 
14 12 7 2 2 6 9 4 4 8 3 8 8 5 2 16 25 17 13 5 8 5 3 32 15 2 2 15 4 42 15 44 140 28 38 32 118 80 137 65 45 17 55 128 13 145 94 81 49 293 1 4 14 3 2 2 3 1 0 3 3 9 1 2 11 18 4 1 5 0 5 4 7 2 8 5 2 6 18 4 5 5 8 27 5 23 11 33 20 0 0 74 14 19 12 22 8 9 15 3 4 49 
8 17 9 0 3 5 5 6 7 19 5 9 13 11 3 20 24 27 12 2 13 2 3 45 11 0 0 16 28 67 28 40 200 27 68 52 213 105 196 124 88 17 84 221 164 20 149 151 117 564 14 7 26 8 0 0 8 9 0 0 1 5 2 6 10 14 3 8 1 2 6 4 13 7 13 3 0 5 39 8 8 9 10 55 17 40 48 88 34 0 0 136 26 25 28 29 3 33 31 8 8 131 
8 17 9 0 9 8 10 5 6 15 7 6 21 10 4 8 23 17 11 10 8 9 1 16 10 0 1 22 9 54 27 44 165 34 29 31 142 80 126 91 62 18 61 124 92 184 22 74 80 266 10 9 13 2 6 1 3 6 0 1 4 5 1 9 6 9 2 6 1 2 4 4 12 6 10 11 2 4 20 6 8 7 11 31 21 23 18 46 10 0 0 90 4 29 26 17 6 22 18 4 2 97 
6 5 1 1 0 3 5 3 1 5 1 2 1 6 1 4 9 5 2 2 2 2 2 22 6 0 0 17 8 28 5 12 74 13 27 15 61 51 84 48 29 4 45 80 75 165 91 8 37 368 8 3 6 5 2 1 3 5 0 0 2 3 0 4 2 5 0 0 2 2 4 5 0 3 3 1 0 1 18 4 2 7 3 18 6 16 15 61 5 0 0 48 8 12 17 8 0 6 12 1 0 50 
3 6 2 0 3 1 2 1 7 5 5 5 5 11 5 7 8 11 3 2 3 3 1 16 2 0 1 9 5 24 1 28 111 11 19 24 73 36 83 56 38 5 52 94 85 155 94 49 15 467 7 2 6 2 0 0 3 3 0 4 0 2 0 3 2 5 2 1 0 1 2 2 4 3 6 6 0 3 21 8 7 4 4 19 8 14 13 76 10 0 0 88 6 20 20 11 2 11 7 2 0 56 
40 69 32 6 20 34 29 30 39 41 14 23 40 49 24 30 62 49 49 11 20 23 13 173 52 1 4 91 49 180 49 143 883 90 151 125 408 290 527 307 247 23 173 390 257 578 270 284 239 47 38 18 75 14 1 6 19 28 0 12 3 19 2 23 29 39 8 13 7 9 21 26 22 25 40 21 6 12 98 37 45 52 25 118 35 89 47 496 46 0 0 309 40 69 68 39 26 50 57 10 7 318 
4 5 4 0 7 4 6 6 2 7 8 6 8 14 8 15 6 3 6 4 3 1 0 23 5 0 0 12 4 8 6 12 46 6 5 9 13 8 16 8 6 1 7 11 11 13 5 3 4 54 6 11 35 12 13 5 13 23 0 25 13 5 4 7 21 29 7 10 3 10 10 4 12 13 5 2 0 3 112 3 3 5 9 22 6 9 5 42 6 0 0 10 1 7 9 4 0 7 2 1 0 17 
4 3 0 1 0 1 2 0 4 2 2 4 7 10 7 5 3 1 2 3 0 1 0 5 2 0 0 3 4 8 1 4 40 3 2 0 10 1 8 5 4 1 8 8 1 20 11 4 0 24 7 4 26 24 9 3 7 23 0 20 2 1 4 10 8 33 3 5 2 7 1 5 10 2 3 3 0 1 66 4 4 2 2 23 4 12 3 20 7 0 0 7 3 2 4 0 1 1 3 0 0 9 
6 5 9 1 4 5 7 6 4 1 1 3 4 18 7 29 11 2 3 2 0 1 1 20 4 0 0 14 13 18 4 9 57 9 6 6 30 4 45 9 6 2 8 23 10 29 19 5 10 63 21 18 6 22 9 5 16 36 0 18 12 1 1 18 16 32 6 32 7 16 4 4 14 11 4 6 0 8 94 10 3 1 6 20 10 14 15 39 8 0 0 20 2 7 5 4 0 3 6 1 0 34 
1 2 5 0 2 0 5 6 0 2 1 2 10 11 7 9 6 5 4 1 0 0 0 3 3 0 0 1 3 12 3 5 19 7 5 3 20 1 12 5 2 1 9 8 0 7 9 2 1 18 13 20 28 2 6 5 15 16 0 22 5 1 4 9 11 20 5 8 2 5 2 4 4 4 4 6 4 3 75 3 2 1 2 15 8 6 3 16 3 0 0 23 0 1 2 1 1 0 0 0 0 10 
7 2 2 0 0 3 2 0 1 3 1 0 1 4 4 5 6 1 0 1 0 0 0 4 1 1 2 3 0 2 0 2 16 1 3 1 2 0 6 4 0 0 4 2 2 3 3 3 1 9 8 11 18 8 2 1 5 12 0 13 5 1 0 5 3 7 3 1 0 2 1 5 4 6 0 2 0 1 67 1 3 1 4 7 4 0 0 8 4 0 0 3 0 4 0 0 0 0 0 1 0 5 
1 2 0 0 0 1 4 0 4 1 3 1 5 3 0 6 7 0 1 0 0 0 2 8 1 0 0 1 2 1 3 1 9 0 2 0 5 3 5 4 3 0 2 2 1 1 3 0 0 11 4 2 14 3 0 0 7 15 0 6 0 1 1 2 7 7 3 2 1 1 3 4 0 4 1 1 2 2 34 3 1 0 0 3 0 1 1 8 1 0 0 1 1 3 1 1 0 3 0 0 0 2 
2 2 2 0 0 3 2 5 1 3 2 1 5 12 3 9 4 2 2 4 3 0 1 5 2 1 0 4 14 5 4 7 14 6 1 0 5 1 18 8 0 0 7 7 5 2 2 0 2 14 17 7 14 12 9 4 4 25 0 8 6 4 2 5 9 20 3 5 2 6 8 5 2 4 5 3 2 1 57 4 7 0 4 18 7 11 8 19 8 0 0 8 0 4 1 2 1 3 0 3 0 10 
5 5 2 0 1 3 0 5 7 3 6 2 9 11 8 16 13 8 5 1 1 2 1 7 2 0 0 2 5 3 3 6 24 8 6 5 10 4 13 13 2 3 6 19 2 11 4 1 1 25 25 13 27 28 16 15 15 5 0 13 9 2 3 11 9 13 1 2 4 3 1 8 5 13 9 15 1 10 110 7 1 2 4 37 14 13 2 16 9 0 0 17 4 3 11 5 2 1 3 0 0 8 
0 0 0 0 0 0 0 0 0 0 0 0 0 0 0 0 0 0 0 0 0 0 0 0 0 0 0 0 0 0 0 0 0 0 0 0 0 0 0 0 0 0 0 0 0 0 0 0 0 0 0 0 0 0 0 0 0 0 0 0 0 0 0 0 0 0 0 0 0 0 0 0 0 0 0 0 0 0 0 0 0 0 0 0 0 0 0 0 0 0 0 0 0 0 0 0 0 0 0 0 0 0 
8 9 7 2 2 5 3 2 0 1 3 4 6 18 7 33 25 18 8 7 2 4 4 15 5 0 0 15 24 16 1 4 12 6 4 0 8 4 11 4 2 3 1 7 5 1 3 4 3 26 27 16 20 18 10 7 8 13 0 4 2 8 1 11 8 26 5 17 5 6 10 10 13 16 7 3 0 10 36 1 2 4 5 17 7 7 7 24 2 0 0 11 5 0 4 2 0 2 2 0 0 8 
3 2 1 0 1 3 0 0 2 2 0 3 0 0 0 2 3 0 0 0 0 0 0 2 2 0 0 2 1 11 0 2 10 0 4 0 2 0 3 2 1 0 4 2 2 1 0 1 4 7 8 4 10 5 1 2 5 11 0 8 0 2 1 4 6 13 1 14 3 6 3 4 12 8 2 1 0 1 19 0 0 1 1 2 1 1 0 4 4 0 0 4 1 0 2 1 0 0 0 0 0 0 
2 2 1 0 1 6 2 0 0 1 0 0 3 0 1 0 2 3 2 0 0 2 0 3 0 0 0 0 5 7 3 6 9 4 7 3 10 10 16 12 6 1 7 9 3 9 3 2 4 15 1 0 1 4 1 1 4 1 0 4 3 2 2 15 7 14 2 11 0 7 6 5 3 6 1 0 0 1 12 2 2 1 1 6 1 5 3 11 1 0 0 12 2 2 1 0 0 0 1 0 0 2 
0 0 0 0 0 0 1 2 0 1 0 0 2 0 0 1 0 0 0 0 0 0 0 0 3 0 0 1 3 3 1 0 1 0 3 1 4 8 6 6 4 0 1 2 2 4 2 0 0 1 0 2 3 6 0 1 1 1 0 2 2 0 0 4 8 9 4 1 0 1 10 6 7 3 2 1 0 1 6 1 1 0 0 3 0 0 0 1 0 0 0 1 0 0 0 0 0 1 0 0 0 1 
2 3 7 1 2 1 0 0 4 2 0 1 0 1 0 0 5 0 2 0 1 0 0 1 0 0 0 1 1 12 1 5 8 1 6 7 22 10 21 11 13 1 9 6 5 16 5 0 1 19 16 4 19 6 5 0 5 13 0 7 7 8 0 2 11 20 3 14 9 5 13 10 19 8 7 2 0 4 24 2 0 2 1 5 3 3 4 4 2 0 0 7 0 2 0 0 1 1 0 0 0 3 
5 5 4 2 0 1 1 4 3 4 1 3 0 1 0 5 1 0 0 0 0 0 0 2 0 0 1 1 6 17 7 10 5 5 3 12 30 13 43 14 9 4 6 16 14 10 8 3 7 24 17 5 18 12 8 4 8 5 0 13 4 10 10 7 5 29 10 13 3 32 21 33 13 13 4 2 0 2 28 3 6 2 0 9 0 7 6 4 3 0 0 6 1 0 0 0 0 0 0 0 0 2 
6 13 3 2 3 7 20 12 1 5 1 3 6 0 0 0 2 0 1 0 0 1 0 1 2 0 0 0 10 34 24 18 39 11 15 9 35 6 47 9 8 1 15 17 11 14 10 10 8 47 20 14 33 13 10 5 15 18 0 36 9 13 20 15 25 12 1 15 23 30 35 48 50 45 8 7 1 4 82 4 10 4 5 10 4 6 2 14 5 0 0 9 1 2 2 1 0 0 0 0 1 2 
0 1 4 1 1 0 0 1 0 1 0 4 1 1 0 0 0 0 0 0 0 0 0 0 0 0 0 0 6 5 2 10 8 3 7 0 14 9 13 1 3 0 5 1 5 7 5 1 1 20 5 0 6 12 0 0 6 4 0 12 8 1 2 6 9 12 0 9 6 9 10 21 17 14 0 2 0 2 8 3 1 0 0 3 0 3 0 4 2 0 0 3 0 0 0 0 0 0 0 0 0 1 
1 1 2 1 1 2 7 2 1 1 0 1 1 0 0 0 1 0 0 0 0 0 0 1 0 0 0 0 1 4 2 7 6 8 3 4 19 10 24 5 1 6 0 9 12 3 7 1 2 11 12 6 15 4 5 2 5 8 0 13 9 9 3 10 18 16 5 4 6 9 22 29 17 21 1 3 0 2 30 3 1 2 2 1 0 1 3 4 2 0 0 2 1 0 0 0 0 1 2 0 0 4 
0 0 0 0 1 0 2 2 1 5 0 0 0 0 3 0 0 0 0 0 0 0 0 0 0 0 0 0 5 5 4 5 9 4 2 0 11 10 12 4 2 2 2 1 0 5 4 2 0 5 3 2 5 3 0 0 1 1 0 1 3 3 1 3 12 29 7 8 2 7 23 13 5 16 0 2 1 0 7 0 0 1 0 0 0 3 0 4 1 0 0 0 0 3 0 0 0 0 0 0 0 0 
4 3 3 0 0 2 0 3 0 2 0 2 0 1 0 0 0 0 0 0 0 0 0 0 0 0 0 0 1 8 6 3 6 8 6 6 9 6 14 1 5 0 1 1 1 2 1 2 2 7 7 6 16 8 1 2 0 4 0 11 9 10 6 10 16 26 11 14 4 3 11 26 22 19 2 2 4 2 12 0 3 2 1 3 0 1 0 9 2 0 0 3 0 1 0 0 0 0 0 0 0 1 
1 1 1 0 0 1 8 0 3 1 0 8 1 0 2 6 0 1 0 0 0 0 0 0 0 1 0 0 4 2 4 3 12 12 12 4 21 14 38 5 7 1 5 13 3 9 6 0 2 11 4 0 7 6 3 6 6 8 0 11 1 6 3 17 15 40 17 30 22 10 1 36 17 16 7 0 0 1 24 2 1 2 2 6 0 1 3 5 3 0 0 4 0 0 0 1 0 0 0 0 0 1 
1 1 1 0 0 4 2 1 3 2 0 4 2 2 0 5 2 0 0 0 0 0 0 0 0 0 0 0 4 9 2 3 14 8 10 4 11 7 15 19 6 1 8 7 3 6 12 4 1 21 9 8 10 4 0 2 5 3 0 6 8 12 3 14 23 52 24 18 9 26 52 5 49 22 3 2 0 2 13 1 5 2 2 7 0 1 0 9 1 0 0 1 0 0 0 1 0 0 0 0 0 2 
1 3 2 1 0 1 0 0 2 4 1 0 1 4 0 0 1 2 0 0 0 0 0 1 0 0 0 0 2 1 1 1 3 8 11 1 13 8 9 2 4 4 3 6 2 1 3 3 2 21 4 6 16 3 3 3 4 9 0 9 4 3 0 12 17 31 8 14 6 25 14 29 0 12 0 5 0 3 25 1 0 1 0 5 1 3 0 9 2 0 0 5 1 0 0 0 0 0 0 0 0 2 
4 5 5 2 2 2 5 2 0 5 2 1 2 7 0 1 4 1 0 0 0 0 0 1 0 0 0 1 7 3 0 5 11 12 5 2 10 14 16 18 7 0 3 3 4 6 2 4 2 10 9 4 14 5 7 4 4 6 0 15 7 3 1 19 18 31 3 33 9 32 28 36 15 0 3 3 0 1 16 1 3 5 7 2 1 4 1 10 0 0 0 2 0 0 1 1 1 0 0 0 0 1 
3 3 5 0 0 2 1 1 4 7 1 2 9 10 2 2 7 3 1 0 0 1 1 5 4 0 0 4 1 9 3 6 25 2 2 1 7 1 16 8 4 0 10 24 6 17 14 8 5 51 6 7 3 1 1 0 3 20 0 10 5 3 2 9 3 9 5 4 0 5 2 4 5 6 9 9 0 10 197 17 23 8 17 67 10 14 3 56 11 0 0 14 6 10 4 3 2 4 8 0 0 25 
2 2 2 2 1 0 2 6 1 7 6 1 2 8 0 4 6 2 0 3 1 0 0 4 0 0 0 9 2 7 0 6 13 4 6 1 3 1 14 5 7 1 7 21 8 13 17 12 5 53 11 6 15 3 0 2 5 13 0 14 3 1 0 3 11 10 4 1 2 5 2 6 1 4 8 2 2 8 120 23 8 10 18 75 8 27 6 48 12 0 0 9 5 14 6 2 2 7 5 0 2 20 
0 0 0 0 0 1 1 1 2 0 1 1 0 2 1 1 2 0 0 0 0 0 0 0 0 0 0 1 0 4 0 1 0 0 0 0 1 0 2 0 1 0 2 5 3 0 0 0 4 7 2 2 1 6 3 1 0 6 0 2 1 1 6 7 5 6 0 1 1 0 0 1 2 3 1 9 3 16 66 11 6 3 0 26 1 12 2 7 0 0 0 3 1 2 1 0 0 2 0 0 0 2 
4 0 5 0 1 1 2 1 3 4 0 1 9 5 1 7 3 7 2 0 3 0 2 4 2 0 0 1 5 1 1 1 5 2 2 0 0 2 10 3 6 1 5 19 3 19 11 3 2 19 4 6 18 3 0 2 5 25 0 5 1 2 1 8 6 6 3 8 0 3 1 4 2 2 15 7 16 1 92 22 8 6 7 76 11 19 4 29 8 0 0 17 1 5 3 4 1 4 5 1 0 10 
8 13 7 0 2 5 6 8 3 10 2 8 11 43 14 24 16 5 13 3 6 0 1 16 6 3 0 15 18 21 2 20 56 11 19 5 21 8 50 11 11 1 26 46 30 32 23 10 1 60 68 64 109 57 24 26 51 85 0 26 17 11 6 19 29 73 10 17 9 12 15 16 18 24 110 81 29 53 21 47 53 27 37 178 54 42 28 83 25 0 0 48 21 27 16 10 4 10 11 1 4 36 
3 0 1 0 2 4 0 1 0 2 0 1 5 8 1 3 3 0 0 2 3 0 0 3 0 0 0 1 9 4 3 5 4 6 2 0 2 1 8 4 2 4 15 12 5 22 10 2 7 37 6 9 13 3 2 1 10 10 0 2 1 4 7 8 4 14 1 5 0 2 0 5 3 1 13 27 3 15 108 6 4 11 24 93 24 28 7 43 8 0 0 16 13 7 7 3 3 3 9 6 0 25 
0 0 0 2 1 0 0 0 0 2 0 1 0 3 0 2 2 4 0 1 0 0 2 1 0 0 0 2 3 2 1 1 6 3 0 1 2 0 2 5 3 3 11 31 8 20 5 5 3 40 8 8 6 5 2 0 2 16 0 3 0 1 0 1 1 9 8 2 2 4 5 1 5 2 10 5 12 9 121 11 3 1 8 87 25 23 11 27 6 0 0 36 7 11 5 7 2 4 2 1 3 25 
1 1 3 1 0 1 0 0 0 2 0 0 0 0 0 2 2 0 2 0 0 0 0 5 0 0 0 0 3 2 0 6 7 2 2 0 4 2 9 3 6 3 12 14 6 29 13 4 6 34 3 0 3 2 0 0 0 1 0 2 1 0 0 3 9 6 0 4 0 1 3 1 3 3 9 3 2 4 34 14 14 1 6 39 26 24 8 39 6 0 0 31 7 8 10 7 2 8 9 3 1 33 
0 0 2 0 2 2 0 4 0 0 0 0 0 0 0 0 0 1 1 0 0 0 0 1 0 0 0 0 5 1 0 0 7 3 1 0 3 0 4 8 8 2 12 12 4 19 11 3 4 26 3 4 13 9 1 3 2 14 0 4 0 1 1 3 1 3 1 3 0 0 1 0 6 2 8 7 2 5 66 14 12 0 7 97 24 24 8 30 10 0 0 32 5 10 11 8 1 10 4 2 1 20 
4 7 1 0 1 2 3 3 1 3 0 0 1 2 0 0 0 0 1 0 0 0 0 6 0 0 0 2 5 9 4 5 6 5 0 1 7 3 27 15 18 1 50 90 14 56 33 21 16 101 14 10 37 23 7 6 25 30 0 10 2 6 4 2 5 8 1 8 5 2 4 5 6 3 58 46 8 48 191 70 76 32 102 22 107 79 30 116 37 0 0 67 22 29 24 22 6 20 20 12 1 60 
2 0 0 0 0 1 0 3 1 1 0 1 0 0 1 1 0 1 0 0 0 0 0 0 0 0 0 1 3 1 1 1 8 1 0 0 5 0 5 7 3 2 28 29 20 22 13 7 10 41 3 9 14 3 8 3 1 6 0 7 0 6 0 3 2 3 0 0 3 0 5 1 1 1 9 11 0 14 62 31 20 8 26 170 8 51 13 31 9 0 0 48 3 14 14 15 2 13 12 3 1 33 
7 5 4 2 0 4 7 0 0 2 3 2 1 4 0 1 1 1 2 0 2 0 1 5 0 0 0 3 4 18 2 12 33 6 12 7 26 15 64 9 11 4 66 98 25 42 36 17 21 102 5 1 20 10 3 2 5 15 0 5 2 6 0 2 3 13 1 0 0 0 4 2 6 1 16 14 5 9 42 18 24 14 16 71 48 14 18 45 20 0 0 98 22 22 20 23 8 31 15 7 3 65 
1 6 4 1 1 1 4 1 1 0 2 2 0 0 0 5 3 1 2 0 4 1 1 2 0 0 0 3 5 10 3 10 25 7 4 1 26 14 24 20 10 2 27 67 17 28 18 8 7 55 11 1 8 8 2 0 6 8 0 3 0 1 2 1 2 3 0 3 2 0 1 3 2 1 12 12 0 3 29 9 10 12 8 41 26 16 2 32 11 0 0 75 13 14 13 16 4 13 9 2 0 43 
22 17 18 2 5 15 10 2 3 9 1 6 4 8 5 5 22 14 11 4 13 2 5 52 22 2 2 31 15 53 22 31 267 22 22 18 83 61 171 45 34 21 90 191 77 201 106 91 126 844 30 17 49 15 4 5 14 19 0 15 10 14 4 5 11 15 0 2 6 7 5 6 6 9 63 35 5 22 112 50 26 47 61 152 52 85 41 18 40 0 0 249 45 82 60 57 18 68 44 10 16 466 
6 1 8 0 0 5 4 1 3 1 3 1 0 2 1 4 9 8 3 4 2 0 0 8 3 0 0 4 6 13 3 9 34 8 9 9 48 30 44 20 23 10 34 77 8 39 14 7 14 69 9 2 12 4 1 0 2 4 0 1 1 5 1 3 2 4 4 4 0 0 2 3 0 0 10 2 1 4 43 10 1 13 6 32 8 42 28 42 4 0 0 68 15 28 15 20 3 5 9 0 3 59 
0 0 0 0 0 0 0 0 0 0 0 0 0 0 0 0 0 0 0 0 0 0 0 0 0 0 0 0 0 0 0 0 0 0 0 0 0 0 0 0 0 0 0 0 0 0 0 0 0 0 0 0 0 0 0 0 0 0 0 0 0 0 0 0 0 0 0 0 0 0 0 0 0 0 0 0 0 0 0 0 0 0 0 0 0 0 0 0 0 0 0 0 0 1 0 0 0 0 0 0 0 0 
0 0 0 0 0 0 0 0 0 0 0 0 0 0 0 0 0 0 0 0 0 0 0 0 0 0 0 0 0 0 0 0 0 0 0 0 0 0 0 0 0 0 0 0 1 0 0 0 0 0 0 0 0 0 0 0 0 0 0 0 0 0 0 0 0 0 0 0 0 0 0 0 0 0 0 0 0 0 0 0 0 0 0 0 0 0 0 0 0 0 0 0 0 0 0 0 0 0 0 0 0 0 
5 4 7 2 2 5 5 2 5 5 0 5 7 4 5 7 10 14 7 1 2 3 1 10 1 0 0 11 3 37 12 17 48 27 34 17 79 50 117 50 41 9 87 145 58 106 82 36 39 184 6 9 13 9 2 1 5 12 0 4 3 5 6 4 4 3 1 1 0 0 5 4 5 5 7 10 2 3 61 8 31 20 10 62 43 66 31 120 38 0 0 18 62 52 32 45 10 29 28 1 8 121 
0 1 2 1 1 4 2 2 2 0 0 2 3 0 0 3 0 0 1 0 0 0 0 0 0 0 0 1 2 8 3 8 10 2 7 0 19 27 18 5 9 4 33 60 21 16 16 8 9 48 2 0 3 2 1 0 2 1 0 1 0 0 0 1 0 0 0 0 0 0 0 0 2 1 5 1 1 6 15 6 4 4 4 11 9 18 14 39 13 0 0 52 2 4 10 10 1 13 3 2 2 31 
3 5 0 1 0 4 2 2 8 1 0 2 2 2 0 1 3 0 1 0 0 0 2 1 1 0 0 3 0 8 7 4 16 6 6 1 18 5 37 18 8 3 27 52 18 33 20 7 5 65 1 2 10 8 1 3 4 4 0 1 1 3 1 2 1 3 0 0 0 0 2 0 0 0 9 4 0 3 25 9 5 10 7 37 6 29 10 36 12 0 0 74 5 9 5 20 1 14 6 4 0 51 
3 1 1 0 1 1 2 0 0 2 0 1 0 0 0 1 2 0 0 0 1 0 0 0 0 0 0 0 1 5 0 4 14 4 2 0 24 8 17 7 8 7 30 41 19 21 15 5 13 71 2 4 5 3 0 3 2 1 0 1 2 1 0 0 0 1 0 0 0 0 1 0 0 1 4 5 0 0 13 1 5 4 3 25 5 16 19 31 8 0 0 26 13 10 4 9 0 8 6 1 0 47 
4 1 0 0 2 0 1 1 5 1 1 1 0 0 0 0 1 0 0 0 0 0 1 3 0 0 0 2 1 3 7 5 16 6 10 6 29 8 25 11 21 4 44 71 23 40 18 6 11 89 3 0 2 2 1 0 2 3 0 1 1 1 1 0 1 0 0 1 0 0 0 0 1 2 2 4 1 6 17 5 7 10 7 21 12 20 18 53 21 0 0 123 19 12 16 10 3 16 6 4 0 60 
0 0 0 0 0 0 1 0 0 2 0 0 1 1 0 0 1 0 0 0 0 0 0 0 0 0 0 0 0 2 4 0 6 1 2 0 4 3 4 2 4 0 2 10 10 9 3 3 1 3 0 2 0 2 1 0 0 0 0 0 0 0 0 0 0 3 0 0 0 0 0 0 0 0 1 0 0 0 2 2 2 2 1 8 2 5 6 8 3 0 0 9 2 1 3 0 2 1 0 0 0 5 
2 0 0 0 0 0 1 0 0 0 0 2 0 0 1 1 2 0 1 0 0 0 0 0 0 0 0 2 4 5 2 0 4 1 3 6 23 8 8 3 5 2 24 49 13 59 19 11 14 71 2 9 3 4 1 1 3 1 0 1 1 1 0 1 1 0 0 0 0 0 0 0 0 1 7 2 0 1 11 5 7 8 5 20 13 27 12 46 8 0 0 72 15 9 8 13 0 0 4 0 1 40 
0 4 4 0 0 0 1 0 1 3 0 0 1 1 1 0 1 0 0 0 1 0 0 0 0 0 0 0 2 6 2 4 9 0 5 0 14 4 30 7 6 0 15 38 16 30 27 6 6 53 6 3 4 2 0 1 3 1 0 0 4 2 1 0 1 0 0 1 0 0 0 0 1 0 3 3 1 3 15 4 3 7 9 17 8 20 7 26 12 0 0 61 9 9 5 6 2 2 6 1 2 17 
0 2 0 0 0 0 0 0 0 0 0 0 0 0 0 0 0 1 0 0 0 0 0 0 0 0 0 0 0 0 0 0 2 0 0 3 8 3 6 8 0 0 8 16 4 16 3 2 0 9 1 0 2 0 0 0 0 0 0 1 0 3 1 0 0 0 0 0 0 0 0 0 0 0 5 0 0 3 4 1 0 1 0 3 1 6 3 7 1 0 0 20 2 1 1 8 1 1 2 2 0 7 
0 1 1 0 0 0 0 0 0 1 1 0 0 1 1 0 0 0 0 0 0 0 0 0 0 0 0 0 0 1 1 0 1 2 0 0 3 7 4 5 0 1 4 5 8 10 3 1 0 11 0 1 0 0 1 1 0 0 0 0 0 2 0 0 0 0 0 0 0 0 0 0 0 0 1 1 0 0 0 2 0 1 1 3 2 3 0 22 5 0 0 9 1 2 2 3 0 5 2 3 1 1 
8 11 1 0 0 4 4 4 2 8 2 6 8 8 2 1 3 2 2 5 3 2 2 5 3 0 0 9 1 28 10 7 82 5 10 14 56 34 79 19 36 3 111 111 57 113 79 40 29 349 15 5 26 8 6 1 5 2 0 6 1 2 5 5 9 2 0 1 0 0 3 2 2 1 25 12 0 7 37 5 13 26 19 75 11 63 34 307 53 0 0 136 23 46 66 52 16 41 12 5 4 14 
