3 5 6 3 12 17 4 12 9 7 3 10 10 7 6 12 14 9 2 1 3 2 2 2 0 1 1 4 2 2 0 0 4 2 2 2 0 1 4 8 2 0 0 4 0 1 0 2 1 4 1 0 0 0 0 0 0 0 0 1 1 0 2 1 0 1 0 2 0 1 0 1 0 0 0 3 0 0 3 0 0 0 2 3 1 0 0 4 1 0 0 0 0 0 0 0 0 0 0 0 0 0 
15 4 8 20 9 55 17 36 18 15 11 36 28 23 24 27 21 9 9 3 3 2 5 4 2 0 1 4 2 3 1 2 7 1 1 1 1 4 11 15 4 0 1 3 6 4 2 15 2 10 1 0 5 0 1 1 0 6 0 3 1 2 1 0 1 9 5 2 0 1 1 2 0 3 1 0 1 1 6 4 1 0 3 9 0 1 0 7 5 0 0 2 0 2 0 1 0 0 0 1 0 1 
4 10 1 13 4 19 9 12 22 12 7 15 23 21 11 18 7 7 13 0 8 9 0 3 2 1 0 3 17 2 0 0 1 2 3 1 0 1 3 4 2 1 1 0 4 2 1 1 2 5 1 0 2 0 0 0 0 2 0 1 2 0 1 1 4 0 0 1 0 2 4 0 0 3 1 0 0 3 10 1 0 1 5 1 1 1 1 6 0 0 0 0 0 0 0 1 0 0 0 0 0 0 
0 2 7 0 0 7 2 1 1 2 2 1 1 4 3 3 1 2 0 1 0 0 0 1 0 0 0 0 0 0 0 0 2 1 0 0 0 0 0 3 0 0 0 0 0 0 0 0 0 6 1 0 0 0 1 0 0 0 0 0 0 0 0 0 0 0 0 0 0 0 0 1 0 0 0 0 0 0 0 0 1 0 1 0 0 0 0 1 0 0 0 0 0 0 0 0 0 0 0 0 0 0 
4 8 3 1 0 3 2 4 2 3 1 2 3 8 11 2 3 1 1 0 0 4 0 1 0 0 0 4 0 0 1 0 0 1 1 0 1 0 2 0 1 0 3 0 0 0 0 0 0 3 0 0 1 1 0 1 0 4 0 0 0 0 0 2 0 1 0 0 0 0 0 0 0 0 1 1 1 0 2 1 0 0 0 0 2 1 0 0 1 0 0 1 0 0 1 1 0 0 0 0 0 0 
30 19 20 11 4 1 3 12 10 19 11 11 31 9 21 19 18 7 10 2 4 0 10 2 3 0 0 3 2 3 0 0 4 0 2 1 0 2 5 3 6 0 3 7 5 3 1 2 0 8 2 0 0 1 1 2 1 10 0 0 0 1 0 12 2 3 1 3 1 0 1 1 0 0 3 3 0 3 3 2 1 0 7 2 2 5 2 6 0 0 0 2 0 0 2 4 0 1 0 0 0 0 
5 28 12 14 4 1 2 10 22 9 1 10 16 12 20 15 9 13 10 3 4 3 1 1 1 1 1 3 2 2 0 9 0 2 1 5 0 2 8 10 4 0 2 1 3 2 2 4 2 6 1 0 1 2 3 0 0 5 0 2 0 0 2 0 5 4 0 1 0 1 1 2 0 15 1 3 0 1 11 1 2 1 1 0 1 0 0 11 2 0 0 0 0 3 0 2 0 0 0 0 0 0 
13 15 21 14 4 11 16 2 10 10 5 16 44 16 33 12 11 11 4 4 7 18 10 9 1 0 0 4 2 2 0 1 8 4 1 0 1 1 9 27 2 0 1 5 5 3 6 7 4 2 0 4 0 3 1 0 1 2 0 3 0 0 0 10 7 5 0 1 0 1 0 2 0 1 3 3 0 3 0 0 0 0 2 0 4 2 0 4 2 0 0 0 0 4 0 0 0 0 0 0 0 1 
11 28 83 5 20 34 38 10 3 5 11 76 83 40 37 38 26 8 3 2 3 12 7 17 2 0 0 3 0 9 1 4 2 1 0 0 0 1 6 13 3 3 1 1 4 0 0 2 3 9 2 0 0 3 0 1 1 2 0 0 0 0 0 2 1 4 0 1 1 1 2 1 0 1 2 0 0 1 1 0 2 0 0 0 0 0 1 2 3 0 0 12 0 0 0 2 0 0 0 0 0 0 
8 14 8 1 1 24 10 1 1 1 4 4 25 10 11 11 9 15 5 12 5 8 2 3 2 0 0 3 0 0 1 3 0 1 0 0 0 2 5 3 2 1 1 2 1 0 3 4 4 4 4 0 7 4 5 0 2 12 0 3 0 0 0 1 0 1 1 0 1 0 6 0 0 4 3 4 2 1 4 1 0 0 1 1 0 1 0 2 1 0 0 0 0 0 0 1 0 0 0 0 0 0 
2 7 8 6 3 4 4 1 5 1 1 5 8 3 5 9 3 6 2 4 2 2 2 2 1 0 2 5 1 1 1 0 0 0 0 0 0 0 1 1 3 0 3 1 0 1 0 2 4 7 3 0 4 0 0 0 2 2 0 0 0 0 0 8 1 0 0 0 0 0 0 0 0 1 0 1 0 0 2 0 0 1 0 1 0 1 1 1 0 0 0 1 0 0 0 1 0 0 0 0 0 0 
13 26 26 1 14 23 45 45 27 7 8 2 27 13 25 13 21 13 11 7 6 20 35 21 7 1 2 15 1 4 0 8 3 0 1 1 0 2 11 22 4 0 5 3 9 13 10 9 2 17 2 3 3 2 2 1 2 12 0 3 0 0 0 0 4 5 0 3 0 1 1 5 3 0 3 6 2 0 2 1 0 0 0 0 2 0 0 4 2 0 0 1 0 3 0 3 0 2 3 0 0 0 
8 23 27 5 10 24 29 47 22 15 17 7 3 14 17 34 35 15 17 23 19 23 24 40 6 3 1 14 3 7 10 11 5 0 3 0 0 7 8 20 4 0 5 2 2 5 7 3 3 9 4 1 7 2 1 0 2 6 0 4 0 1 0 4 0 1 0 1 0 0 0 3 0 0 2 1 0 1 4 1 1 0 0 0 0 0 0 3 0 0 0 0 2 3 1 5 0 1 0 0 0 2 
42 108 101 6 24 140 80 93 107 73 39 72 62 7 13 36 95 78 75 43 49 59 74 95 41 13 19 104 2 4 1 1 0 1 0 0 0 1 10 10 15 2 0 1 1 2 0 1 2 11 12 12 9 9 6 4 14 22 0 9 2 1 0 1 1 2 0 0 0 0 2 1 0 0 3 4 5 8 21 7 1 1 0 0 0 0 0 1 1 0 0 1 0 1 1 2 0 1 2 1 0 0 
24 30 18 7 10 44 37 28 19 24 12 33 26 6 3 14 22 25 17 11 15 39 29 39 15 4 35 59 2 2 1 2 4 1 0 3 0 2 7 12 3 2 3 2 2 7 3 3 5 1 1 3 1 4 1 0 2 3 0 4 0 0 0 0 2 0 0 0 0 0 0 0 0 0 2 3 0 2 10 0 0 0 0 0 0 2 0 3 0 0 0 1 0 1 0 2 0 0 0 0 0 1 
54 72 80 18 35 115 88 106 77 77 42 127 111 46 22 20 119 130 70 84 106 84 107 146 76 14 32 176 4 72 25 45 29 21 12 23 11 2 7 58 21 4 13 8 24 24 21 15 21 63 11 19 18 19 8 2 7 29 0 6 1 0 0 9 4 5 1 6 1 2 6 9 3 8 13 3 2 15 35 8 0 0 0 0 2 6 3 15 11 0 0 13 3 3 2 6 0 3 7 1 2 3 
11 34 24 2 3 45 19 22 46 18 17 21 33 27 19 32 2 15 25 27 33 22 40 66 16 0 8 32 3 20 11 15 10 11 4 7 1 6 22 22 10 3 9 9 13 15 3 8 7 25 6 2 5 2 2 1 2 4 0 3 2 0 1 1 1 0 0 0 0 0 1 1 3 0 2 0 0 1 15 0 0 0 0 0 2 4 1 11 4 0 0 0 0 0 0 0 0 0 0 0 0 1 
8 25 16 1 3 24 16 18 11 15 7 14 36 7 30 30 33 7 12 17 30 14 26 40 17 1 15 39 0 38 14 22 9 9 13 14 3 8 12 20 12 2 12 6 3 23 16 12 6 37 2 2 5 1 0 1 1 7 0 1 0 0 0 1 0 0 0 0 0 0 0 0 0 0 4 9 0 2 6 1 0 0 0 1 0 1 1 7 4 0 0 1 2 1 1 1 0 3 0 0 0 1 
16 17 11 2 17 13 15 15 17 12 5 38 31 14 20 54 57 33 2 12 40 31 52 78 24 8 14 53 1 12 9 14 5 6 7 6 3 6 24 13 4 3 4 4 3 17 6 4 8 33 12 1 3 3 15 0 4 6 0 1 0 0 0 3 3 0 0 0 0 0 0 0 0 0 0 1 0 2 6 0 1 0 3 0 1 3 1 10 4 0 0 2 0 0 1 0 0 1 0 0 0 0 
5 5 8 1 3 15 4 5 2 4 0 11 10 11 11 8 21 7 4 0 6 4 7 12 12 4 17 48 0 1 1 0 7 0 1 0 0 6 16 9 9 1 0 0 1 2 5 1 4 3 2 1 1 1 0 1 0 6 0 0 1 0 0 0 0 0 0 0 0 0 0 1 0 0 1 0 0 0 1 0 0 0 0 0 0 0 0 5 0 0 0 0 1 0 0 1 1 0 0 0 0 0 
3 7 8 0 2 9 11 8 8 17 2 14 29 11 24 33 39 16 16 11 2 9 89 46 37 11 42 72 0 4 1 7 1 4 7 6 0 5 8 8 3 2 4 2 6 2 2 1 2 8 1 0 0 1 0 0 1 1 0 2 0 0 0 0 0 0 0 0 0 0 0 0 0 0 0 0 0 4 4 1 1 0 0 0 0 0 0 4 2 0 0 0 0 0 0 0 0 0 0 0 0 0 
12 12 4 2 1 5 2 9 8 6 1 10 19 17 13 18 12 6 2 2 3 1 8 23 12 9 14 44 1 3 4 3 0 1 1 3 1 4 6 3 1 0 3 0 0 1 0 0 2 2 0 1 1 0 0 0 1 1 0 2 0 0 0 0 0 0 0 0 0 0 1 0 0 0 0 2 0 0 0 0 0 0 0 0 0 0 0 6 2 0 0 0 0 0 0 0 0 0 0 0 0 1 
2 3 5 1 2 2 2 3 3 1 2 4 1 4 10 9 17 8 8 5 7 4 2 3 3 3 4 22 0 3 0 0 2 1 3 1 0 2 6 2 0 0 0 0 0 2 3 0 1 3 0 0 0 0 1 0 0 1 0 0 0 0 0 0 1 0 0 0 0 0 0 0 0 0 0 0 0 0 0 0 2 0 0 0 0 0 2 2 1 0 0 0 0 2 0 0 0 0 0 0 0 0 
1 2 3 5 1 3 1 4 4 5 1 3 7 9 17 12 16 10 6 7 11 10 10 1 11 13 27 52 0 1 0 1 3 2 1 0 3 6 6 6 1 0 0 2 0 1 2 1 1 5 2 0 0 1 1 0 0 0 0 0 2 0 0 1 0 0 0 0 0 0 0 0 0 0 1 2 3 1 6 0 2 0 0 0 0 0 1 2 1 0 0 0 0 1 1 0 0 1 0 0 0 0 
2 2 4 1 1 1 0 0 3 0 1 4 2 7 6 10 8 4 3 8 2 2 4 3 0 5 8 24 0 1 0 0 2 0 2 1 0 0 2 3 1 0 1 2 4 1 1 0 1 5 0 0 0 0 3 0 0 2 0 0 0 0 0 0 0 0 0 0 0 0 0 0 0 0 0 0 1 0 3 0 0 0 1 0 0 0 0 3 0 0 0 0 0 1 0 0 0 0 0 0 0 0 
0 0 0 0 0 0 0 0 0 0 0 0 0 1 4 1 1 3 1 0 3 0 2 10 0 0 1 0 0 1 0 0 0 0 0 0 0 1 0 0 0 0 0 0 0 0 0 0 0 0 0 0 0 0 0 0 0 0 0 0 0 0 0 0 0 0 0 0 0 0 0 0 0 0 0 0 0 0 0 0 0 0 0 0 0 0 0 0 0 0 0 0 0 0 0 0 0 0 0 0 0 0 
0 1 0 0 0 0 0 0 0 0 0 1 1 0 1 1 3 0 0 0 0 0 1 3 4 1 2 3 0 0 0 0 0 0 0 0 0 0 0 0 0 0 0 0 0 0 0 0 0 0 0 0 0 0 0 0 0 0 0 0 0 0 0 0 0 0 0 0 0 0 0 0 0 0 0 0 0 0 0 0 0 0 0 0 0 0 0 1 0 0 0 0 0 0 0 0 0 0 0 0 0 0 
7 10 6 2 2 4 0 5 1 4 9 4 9 14 16 25 13 10 9 16 14 20 18 19 10 6 14 0 0 0 2 1 5 1 5 2 1 4 11 8 1 2 6 2 4 2 3 2 2 16 0 2 1 0 0 0 0 1 0 0 1 0 0 2 2 0 0 0 0 0 0 0 0 0 0 0 0 1 5 0 0 1 0 0 0 1 0 6 2 0 0 1 0 1 0 1 0 0 1 0 1 0 
78 173 400 49 53 152 107 104 75 49 57 39 40 47 67 31 31 33 14 12 10 14 2 15 2 0 0 9 2 9 2 5 5 4 4 5 0 11 1 23 6 3 9 6 7 16 7 2 1 9 3 0 11 1 2 1 7 3 0 2 4 0 1 10 7 1 4 4 3 0 1 4 0 0 2 1 0 6 12 4 7 1 24 5 15 2 2 3 2 0 0 1 0 1 0 2 0 1 0 0 0 0 
1 5 1 0 2 5 4 1 1 0 0 6 9 0 0 9 17 27 6 1 1 0 3 4 1 0 0 5 1 12 92 114 105 34 60 69 57 64 59 50 37 5 11 27 17 29 21 21 7 68 0 3 4 0 1 1 1 10 0 5 1 0 4 14 14 24 5 10 4 1 12 5 1 0 3 2 0 5 15 4 7 1 2 4 2 8 5 21 12 0 0 4 3 2 1 2 0 3 7 3 0 2 
1 2 0 0 0 1 0 3 0 0 0 1 3 2 0 6 4 9 1 3 0 3 0 3 0 0 0 1 0 80 6 60 39 19 19 20 35 16 33 29 13 2 5 4 6 8 6 5 7 26 2 0 0 1 1 0 0 1 0 3 2 0 1 4 9 4 2 9 1 9 3 0 2 0 0 0 1 7 7 1 0 1 2 0 0 9 1 23 4 0 0 0 2 1 0 1 0 1 0 0 0 0 
4 4 1 0 2 1 1 2 0 5 4 12 4 1 0 7 16 9 7 5 1 4 1 6 3 0 1 8 0 80 41 2 40 23 35 33 29 58 48 31 13 8 15 7 24 20 14 12 18 42 6 2 1 2 2 0 10 4 0 6 1 0 6 8 15 5 6 5 0 6 2 3 1 4 1 1 1 1 9 5 3 10 2 0 1 3 3 24 9 0 0 3 2 8 5 3 2 3 4 0 0 2 
17 22 8 3 11 13 11 13 10 5 1 24 9 0 9 18 21 24 12 8 3 7 7 10 11 1 0 26 2 172 45 60 7 30 78 72 78 68 102 115 59 20 59 57 62 100 77 73 82 293 31 29 38 16 8 8 11 15 0 9 1 1 4 14 21 28 4 9 7 12 27 20 5 4 10 12 1 6 24 9 3 4 5 6 2 17 15 95 35 0 0 23 13 18 11 21 4 3 7 1 5 8 
2 0 4 2 3 3 4 4 0 2 0 3 0 1 3 10 13 21 3 3 2 0 2 0 0 0 0 7 1 77 16 49 13 2 12 8 16 34 40 47 16 0 11 16 15 17 25 18 15 43 7 3 6 6 0 1 3 11 0 6 4 2 6 3 8 21 1 4 8 15 9 7 1 2 1 1 0 2 10 3 3 1 1 0 0 4 2 9 4 0 0 2 0 2 3 6 2 1 2 1 0 1 
5 8 3 1 2 3 2 1 0 0 3 5 0 0 4 4 23 3 11 3 7 3 5 8 2 4 2 6 0 127 51 100 25 15 3 20 28 26 25 97 33 11 24 23 22 35 24 23 23 101 2 17 2 9 4 0 4 5 0 2 1 0 1 10 6 17 4 4 5 2 15 18 4 4 1 3 0 1 29 4 2 0 2 2 0 6 3 30 18 0 0 8 7 8 3 13 1 9 0 1 0 7 
0 0 3 0 0 2 1 1 1 0 0 1 1 0 3 3 9 2 2 3 4 8 6 3 5 1 0 2 0 112 27 43 26 18 5 1 10 24 52 71 28 6 12 3 11 26 19 11 14 39 4 6 6 3 2 0 1 4 0 0 0 0 1 5 3 3 1 7 0 3 14 8 1 2 1 2 1 0 1 0 0 0 1 0 0 3 1 21 3 0 0 4 2 5 2 12 0 5 1 1 0 2 
3 0 7 0 1 8 2 4 5 0 0 1 2 0 0 50 44 30 6 7 15 24 14 15 4 2 8 10 0 522 119 358 98 119 132 157 13 155 276 365 178 36 72 82 123 95 81 70 73 204 5 9 12 15 5 1 10 10 0 2 2 1 9 35 43 34 26 54 24 12 53 37 15 13 12 3 1 0 15 4 1 0 1 2 3 17 20 64 51 0 0 22 21 30 18 41 4 28 22 2 7 15 
4 7 5 1 1 9 2 8 12 2 3 10 5 3 1 3 7 6 4 5 6 3 8 6 2 1 1 7 0 174 46 165 44 41 62 57 34 5 35 151 67 11 40 31 40 51 57 31 53 114 1 1 2 5 1 2 2 4 0 0 1 0 9 20 21 9 5 5 4 2 16 12 8 11 0 4 0 2 3 3 3 1 2 1 7 6 9 46 16 0 0 12 7 16 7 11 1 4 12 1 3 6 
30 45 37 7 8 68 37 46 48 29 47 52 59 24 3 11 85 68 37 44 74 42 31 67 29 2 10 112 3 390 156 333 150 147 129 199 234 131 17 621 325 46 112 134 150 177 134 128 152 428 30 18 37 9 6 5 25 24 0 13 6 3 8 53 43 41 14 22 12 16 38 32 18 24 18 7 2 17 43 16 7 3 17 14 9 42 56 195 55 0 0 61 21 51 34 84 9 28 33 13 7 27 
6 18 6 3 6 9 7 14 7 14 7 18 16 3 5 19 15 11 7 7 6 11 2 10 8 0 0 17 2 72 24 68 41 40 40 25 52 83 136 15 15 7 24 45 46 48 43 40 61 160 2 3 2 6 2 0 7 7 0 1 0 1 2 10 7 8 4 4 0 3 8 2 1 5 1 1 0 2 16 3 6 5 6 7 9 3 3 22 25 0 0 13 3 4 7 17 3 4 7 2 4 2 
1 12 5 1 0 1 4 4 5 3 2 5 6 1 5 6 8 7 1 7 5 2 5 3 2 1 3 9 0 49 9 39 15 13 13 16 33 55 75 16 5 5 7 23 13 43 30 34 34 84 3 1 0 1 3 1 0 1 0 0 0 0 0 2 3 6 2 0 0 5 3 1 2 5 0 1 0 0 4 3 3 2 0 1 4 7 9 22 9 0 0 8 2 8 1 17 1 5 5 0 0 7 
1 1 0 0 2 1 0 0 2 0 1 1 1 2 0 0 6 4 3 0 1 3 0 0 2 0 0 1 0 7 4 7 2 2 3 2 9 1 16 8 6 1 1 1 10 3 4 5 13 18 2 0 0 0 4 0 0 0 0 0 0 1 0 0 0 2 0 0 0 0 0 2 0 0 2 0 0 0 1 0 1 3 1 2 1 5 1 8 9 0 0 2 1 1 4 6 0 2 4 0 2 1 
2 10 10 1 0 9 8 4 3 2 1 7 6 2 4 8 18 9 5 4 3 5 2 2 1 0 0 2 0 27 20 40 32 19 24 22 37 57 57 63 37 13 11 28 31 69 40 57 59 109 10 2 4 6 4 0 8 5 0 2 3 1 0 6 2 2 3 2 1 0 5 11 0 1 5 4 1 11 15 24 29 9 22 23 31 41 41 114 46 0 0 8 27 28 19 70 7 40 27 8 10 15 
3 24 5 1 4 9 11 9 2 9 10 13 12 1 7 13 21 12 10 4 4 7 26 9 4 0 0 7 0 56 29 81 20 34 29 19 39 145 162 194 115 37 46 14 92 187 110 137 235 273 5 5 15 5 3 0 11 16 0 4 2 0 8 7 12 6 6 6 2 2 1 1 0 2 26 13 1 17 40 33 54 11 41 76 97 166 101 169 84 0 0 58 89 120 35 189 27 116 61 25 8 36 
3 10 3 1 1 9 4 7 4 6 4 8 7 3 1 13 8 9 10 3 3 6 2 6 4 0 1 11 1 30 8 31 22 19 20 21 16 48 48 53 38 15 22 40 2 58 40 65 87 139 1 5 5 6 0 0 4 4 0 1 2 0 0 3 1 8 0 5 1 1 7 5 2 1 2 1 3 7 9 2 13 4 13 9 20 26 25 35 19 0 0 21 8 11 1 41 4 18 11 3 0 9 
13 14 9 1 5 16 11 17 10 4 4 10 14 4 4 3 30 21 19 14 18 10 23 16 6 8 1 15 0 55 32 125 52 30 34 38 81 140 98 214 133 31 107 149 115 11 121 396 463 613 10 4 13 4 7 1 9 17 0 1 0 1 3 14 17 14 1 5 1 7 10 14 5 4 11 10 0 20 38 43 19 18 30 42 40 89 77 181 70 0 0 37 43 58 37 84 9 56 42 9 5 16 
2 7 1 0 1 16 4 3 10 3 1 9 3 7 1 0 14 10 6 4 2 10 3 4 3 0 0 1 1 23 10 28 22 14 11 12 20 30 37 44 40 15 14 45 53 29 8 92 119 107 1 2 4 2 0 0 1 2 0 1 1 0 0 2 7 4 0 2 1 0 2 2 1 1 1 3 1 7 7 7 8 3 3 15 4 27 4 91 12 0 0 9 11 15 11 27 4 16 14 9 4 9 
0 5 9 0 0 3 2 2 0 3 4 6 4 1 2 2 6 5 2 2 1 3 2 2 3 1 0 4 0 18 4 6 12 13 6 4 18 21 39 27 21 2 20 41 45 78 33 8 71 158 5 2 7 2 0 0 1 3 0 0 1 0 0 3 3 3 2 3 1 3 3 1 3 0 0 2 0 2 18 9 5 1 8 20 5 21 8 57 12 0 0 9 9 13 11 19 4 17 12 2 0 8 
0 4 3 0 1 2 0 2 2 0 1 0 2 0 0 5 25 7 0 3 1 0 2 3 0 0 0 2 0 17 2 12 15 9 5 10 4 12 19 52 20 5 7 19 26 57 36 44 3 72 1 2 3 0 0 0 1 0 0 1 0 0 0 0 3 4 1 3 0 0 5 0 0 0 6 4 0 1 4 4 2 1 4 6 4 8 8 55 4 0 0 9 8 9 5 7 3 6 7 2 1 3 
9 35 19 1 13 23 24 35 22 19 15 28 33 12 15 15 53 46 19 11 10 16 19 27 17 3 7 41 2 141 36 130 135 60 60 63 114 195 235 243 159 32 114 163 230 394 267 553 787 29 24 10 23 17 4 5 11 20 0 7 0 0 2 21 33 17 10 14 5 4 26 13 7 6 19 12 2 25 39 40 31 19 43 44 31 89 69 468 90 0 0 57 37 89 57 116 6 68 82 13 9 42 
0 1 0 1 2 3 2 3 1 2 0 0 2 0 6 4 3 1 0 0 0 4 0 2 0 1 0 2 0 8 1 2 3 5 1 5 1 3 7 6 2 1 0 2 1 5 1 3 1 6 3 13 7 25 14 5 5 20 0 5 2 1 1 2 1 6 1 9 2 2 3 2 4 2 4 6 0 2 24 0 8 1 4 6 17 4 2 23 6 0 0 1 0 0 0 1 0 3 0 0 0 2 
0 2 1 0 5 9 1 1 4 1 0 1 3 3 5 1 8 0 2 1 0 0 0 2 2 0 0 0 0 1 1 5 7 3 0 0 0 0 2 0 1 0 0 6 0 2 4 1 0 2 5 6 14 33 16 4 8 12 0 3 2 2 1 5 4 4 1 3 5 0 0 3 0 0 3 2 0 7 21 3 3 0 4 9 4 5 1 23 4 0 0 4 3 2 2 0 0 0 4 0 0 0 
0 3 2 1 3 6 2 3 9 4 3 1 2 1 3 8 2 1 3 1 0 5 3 2 3 0 0 3 0 8 1 11 7 4 6 2 0 0 6 3 1 1 3 6 3 3 6 6 6 13 79 28 2 51 28 6 18 32 0 13 2 2 4 9 8 12 12 6 4 4 5 4 2 1 18 5 1 11 55 16 2 1 8 13 3 11 1 34 2 0 0 3 0 3 1 5 0 2 2 3 1 0 
3 3 4 0 1 1 1 0 0 3 1 1 2 5 2 3 1 1 3 0 0 0 1 2 0 0 0 0 0 4 0 7 6 0 3 0 1 0 1 1 0 1 1 2 1 4 0 0 4 9 15 15 9 3 7 2 7 28 0 11 0 0 0 7 1 9 0 0 1 1 4 0 1 1 1 2 0 4 17 7 3 1 2 7 0 6 0 14 4 0 0 3 0 0 0 1 0 2 1 0 0 1 
0 3 0 0 3 1 0 2 1 0 1 3 0 0 0 0 0 0 2 0 0 0 1 0 0 0 0 0 0 3 2 2 0 4 0 3 0 1 0 0 0 0 1 2 0 0 1 0 2 1 7 3 1 5 1 1 4 7 0 3 1 2 0 0 2 0 0 0 0 0 0 3 0 1 0 1 0 0 0 0 1 0 5 0 1 2 0 7 3 0 0 1 0 1 0 0 0 1 0 0 0 0 
0 1 1 0 0 0 2 0 1 0 1 1 0 1 1 2 1 0 0 1 0 0 0 0 0 0 0 2 0 2 0 1 0 0 0 0 0 2 0 0 0 0 0 0 0 0 0 0 2 0 8 2 2 1 0 0 1 5 0 1 0 3 0 4 0 0 0 1 2 2 1 0 0 1 2 0 0 1 4 2 1 1 0 1 0 3 0 2 1 0 0 0 0 0 1 0 0 1 1 0 1 0 
1 1 0 0 0 4 9 2 1 2 2 0 2 2 4 2 2 1 0 0 0 0 1 0 0 0 0 0 0 0 3 5 2 1 1 3 0 0 3 2 0 0 4 3 2 4 1 4 0 4 9 6 4 11 1 1 1 0 0 3 0 0 0 3 3 4 1 4 1 5 2 1 0 2 7 1 3 5 7 1 4 0 4 12 7 2 1 5 2 0 0 0 0 1 0 1 0 2 0 0 0 0 
4 3 2 0 1 9 4 7 5 2 3 9 5 5 2 2 9 1 0 1 0 0 1 2 0 0 0 0 0 4 4 11 1 5 3 1 1 0 3 3 1 2 16 2 2 8 1 3 6 6 46 12 21 25 12 28 4 1 0 8 1 1 2 9 6 26 0 9 1 2 6 5 0 1 22 25 3 22 43 4 11 3 11 11 29 12 3 31 1 0 0 1 1 2 1 3 1 2 3 0 0 1 
0 0 0 0 0 0 0 0 0 0 0 0 0 0 0 0 0 0 0 0 0 0 0 0 0 0 0 0 0 0 0 0 0 0 0 0 0 0 0 0 0 0 0 0 0 0 0 0 0 0 0 0 0 0 0 0 0 0 0 0 0 0 0 0 0 0 0 0 0 0 0 0 0 0 0 0 0 0 0 0 0 0 0 0 0 0 0 0 0 0 0 0 0 0 0 0 0 0 0 0 0 0 
4 7 18 0 0 3 11 2 1 1 1 5 7 7 10 11 9 5 2 3 2 3 2 2 0 0 0 8 1 7 1 9 1 2 6 3 0 2 6 1 3 2 3 1 1 4 0 0 1 5 13 8 12 4 7 6 15 25 0 1 1 2 9 3 13 11 4 6 1 6 15 8 7 9 9 5 2 13 24 4 7 0 4 6 5 3 10 9 6 0 0 0 0 3 0 6 0 2 0 0 0 0 
0 3 0 0 0 0 1 0 2 0 0 0 0 0 1 0 1 0 3 0 0 1 0 0 0 0 0 0 0 1 2 1 1 0 0 0 0 1 1 7 3 0 1 1 0 1 0 1 2 1 1 1 3 2 1 0 2 8 0 0 0 0 1 1 2 3 0 1 0 3 5 1 0 2 4 0 0 0 2 1 5 0 0 4 1 0 0 3 2 0 0 0 0 0 0 0 0 0 2 0 0 0 
0 0 1 1 0 7 2 0 0 0 2 0 1 0 1 1 0 0 0 0 0 0 0 0 0 0 0 0 0 5 2 1 0 3 5 1 1 6 0 12 0 0 0 1 2 0 1 4 2 7 1 1 4 0 0 0 1 6 0 6 2 2 0 4 3 8 5 1 3 6 1 6 0 0 0 5 0 5 13 4 2 1 4 0 2 4 0 4 3 0 0 0 1 2 0 1 0 0 2 0 0 0 
1 1 1 0 0 1 0 3 2 0 0 2 0 0 1 0 2 0 1 0 0 0 0 0 0 0 0 0 0 5 1 5 1 3 2 2 1 1 3 2 1 0 2 4 0 1 1 0 0 3 2 2 1 2 6 0 8 4 0 2 1 0 0 1 4 12 10 6 3 8 8 11 2 4 2 6 1 0 15 3 0 0 2 0 0 0 1 1 1 0 0 0 0 0 0 0 0 0 0 0 0 0 
3 6 5 1 1 6 8 1 1 1 2 1 0 1 0 1 2 3 1 0 0 0 1 1 2 0 0 0 0 27 5 6 4 2 5 7 12 7 9 12 3 1 2 1 1 10 5 3 8 17 8 8 20 10 5 1 10 24 0 10 7 8 0 2 15 11 14 8 4 30 34 22 12 12 7 8 1 12 15 7 5 6 2 3 0 5 0 3 3 0 0 4 1 0 1 2 0 1 0 0 0 0 
2 5 4 0 0 5 0 2 1 0 0 1 0 0 0 2 3 0 0 0 0 0 0 0 0 0 0 0 1 16 10 3 5 0 2 7 5 4 6 7 9 1 1 3 1 6 4 1 4 3 7 5 5 6 2 0 6 9 0 16 9 2 2 4 2 17 10 13 8 9 16 19 8 16 0 1 0 4 12 1 4 5 2 5 0 1 0 9 1 0 0 0 1 2 2 3 1 0 0 0 0 0 
2 10 4 0 4 2 4 4 3 2 3 0 0 0 0 1 0 0 0 0 0 0 0 0 1 0 0 2 0 14 14 29 6 5 5 1 4 5 5 4 2 0 4 4 5 4 3 8 5 15 9 3 12 12 2 0 7 19 0 13 9 1 0 10 11 3 8 32 9 31 31 37 7 22 2 6 0 18 32 8 7 1 4 3 1 3 2 7 1 0 0 2 1 1 2 5 0 0 0 0 0 0 
0 5 1 0 0 1 0 1 0 2 1 2 0 0 0 0 0 0 0 0 0 0 0 0 0 0 0 0 0 2 1 2 0 2 0 1 0 1 1 1 1 0 1 0 0 4 1 1 0 4 6 3 13 5 1 0 7 10 0 2 3 0 5 1 9 2 1 0 4 8 5 9 9 7 0 1 0 1 2 1 1 0 0 1 1 0 0 0 0 0 0 1 0 0 0 0 0 0 0 0 0 0 
1 7 1 0 0 2 0 11 3 2 1 0 0 0 0 1 0 0 0 0 0 0 1 0 0 0 0 0 0 13 7 4 3 1 1 1 1 2 3 3 0 0 3 2 3 2 5 2 4 13 3 2 8 6 2 4 3 6 0 5 2 0 1 2 18 8 2 0 1 8 31 43 14 19 7 0 1 2 16 1 0 1 0 2 4 1 0 6 1 0 0 0 0 1 0 0 0 0 0 0 0 0 
1 0 2 0 0 2 0 0 1 1 2 0 1 0 0 1 0 0 0 0 0 0 0 0 0 0 0 0 0 0 2 0 1 2 2 0 0 0 0 0 1 0 1 0 2 2 0 0 0 1 0 2 1 2 0 1 0 7 0 1 1 0 5 2 11 12 1 4 1 2 26 8 3 4 0 0 0 0 2 1 1 0 1 0 0 0 0 1 1 0 0 0 0 4 1 0 0 0 0 0 0 0 
0 0 1 0 0 0 0 1 1 0 0 0 0 0 0 0 0 0 0 0 0 0 0 0 0 0 0 0 0 4 0 3 1 0 2 0 1 3 1 0 0 0 0 0 0 1 1 0 1 2 4 1 2 1 0 0 10 7 0 6 1 0 0 2 11 8 6 7 0 2 17 19 5 10 1 0 0 1 11 0 4 1 0 0 0 0 1 4 2 0 0 0 0 0 0 0 0 0 0 0 0 0 
0 1 4 1 3 1 0 4 1 5 1 1 0 0 0 0 0 0 0 0 0 0 0 0 0 0 0 0 0 2 2 5 5 6 1 3 2 4 6 2 1 0 1 1 5 0 2 0 1 5 4 3 2 8 2 0 7 0 0 2 1 1 1 2 10 6 9 12 9 10 0 12 10 12 2 0 2 2 14 2 1 0 2 0 1 0 0 1 2 0 0 0 2 0 0 0 0 0 0 0 0 0 
1 1 1 2 0 6 2 0 0 2 1 11 0 0 2 1 0 0 0 0 0 0 0 0 0 0 0 0 0 24 3 8 14 11 13 16 6 2 18 5 2 2 2 2 1 6 1 0 4 5 1 0 3 2 1 4 7 2 0 7 4 1 1 15 23 41 24 28 22 42 136 2 33 74 0 0 1 3 22 7 2 2 3 4 0 2 1 6 1 0 0 0 0 0 0 3 0 0 1 0 0 1 
2 1 0 0 0 0 2 0 0 2 0 0 1 0 0 0 0 0 0 0 0 0 0 0 0 0 0 2 0 2 1 1 1 2 2 3 0 2 1 4 3 0 0 2 0 2 0 0 1 4 4 0 1 2 0 0 5 1 0 0 2 0 3 3 3 10 5 6 2 4 2 12 0 5 0 1 0 4 6 0 0 0 0 0 1 2 0 2 0 0 0 1 0 0 0 0 0 0 0 0 0 1 
0 1 2 0 1 1 3 1 0 0 1 1 1 1 0 0 0 0 0 0 0 0 0 0 0 0 0 0 0 1 0 1 2 1 3 1 3 4 4 2 7 0 1 0 1 0 2 2 0 6 8 2 9 1 1 2 1 1 0 13 1 1 5 7 7 21 3 12 1 23 22 28 3 1 1 2 1 4 22 7 8 2 5 1 5 0 1 4 2 0 0 1 0 0 0 3 0 0 0 0 0 0 
0 0 0 0 0 1 0 0 0 2 3 2 0 3 1 1 2 1 0 0 0 1 0 0 2 0 0 2 0 0 0 2 1 0 0 0 1 0 3 1 3 0 0 0 0 1 3 4 3 2 3 0 3 3 0 1 3 5 0 1 2 0 0 2 2 1 0 1 0 1 0 1 0 1 2 2 4 5 14 5 6 2 4 11 3 1 1 21 1 0 0 2 1 3 0 0 0 2 3 0 1 0 
0 1 1 0 0 2 0 2 1 1 0 0 3 1 6 1 2 1 0 0 0 0 1 0 0 0 0 0 0 0 0 2 1 2 0 1 0 0 0 1 3 0 1 4 1 1 4 6 0 2 7 1 1 1 0 3 2 6 0 1 0 0 0 1 0 3 0 0 0 0 1 1 2 1 3 2 7 7 8 3 4 5 8 13 4 6 2 20 0 0 0 0 2 3 1 1 0 1 8 0 0 0 
1 1 0 0 0 0 0 0 0 0 0 0 1 0 1 0 1 0 0 0 0 1 0 0 0 0 0 2 0 0 0 0 0 0 0 0 0 0 2 0 0 0 2 0 1 0 0 0 0 0 1 0 0 2 0 0 1 4 0 1 0 0 0 0 2 0 0 0 0 0 0 0 0 0 2 3 0 0 5 1 1 2 2 3 4 0 0 5 1 0 0 0 1 0 0 0 0 0 0 0 0 0 
0 0 0 0 0 3 3 0 0 0 0 2 1 0 2 0 6 0 0 0 0 0 0 0 0 0 0 0 0 1 1 3 0 0 1 0 0 0 0 5 1 0 2 1 2 3 1 0 1 0 2 2 4 1 1 0 11 3 0 2 1 0 2 2 4 3 2 3 0 0 1 2 1 5 7 7 5 0 6 13 6 1 6 15 11 15 1 7 3 0 0 2 2 0 1 5 0 0 3 1 0 1 
8 27 30 14 25 31 37 24 24 25 18 18 25 35 19 34 23 20 4 5 0 8 6 21 8 3 3 9 2 34 13 25 6 17 53 9 4 8 26 18 13 7 21 23 11 10 14 23 20 48 201 80 137 150 169 83 137 126 0 120 32 6 25 32 35 45 18 38 25 22 21 22 16 13 546 538 140 201 13 97 243 51 266 290 153 85 27 103 18 0 0 13 4 34 11 44 1 36 32 0 4 4 
0 1 1 0 0 1 0 0 0 0 0 0 1 1 0 1 1 0 1 1 0 0 0 2 1 0 1 1 0 3 0 1 2 2 0 0 0 0 1 3 2 1 4 8 0 6 10 6 3 4 3 1 3 3 3 0 1 5 0 2 1 0 0 0 2 1 0 1 0 1 7 1 1 2 10 12 19 8 8 1 1 8 13 24 16 6 3 25 5 0 0 5 0 7 3 7 0 1 2 0 0 0 
0 2 0 0 0 1 1 0 0 1 0 1 0 0 0 0 0 0 0 0 0 0 0 0 0 0 0 0 0 0 0 1 1 1 0 1 0 0 2 5 3 1 5 6 0 2 8 5 2 5 1 1 1 3 2 0 0 1 0 1 2 0 0 3 0 2 1 2 0 0 1 0 1 0 12 10 2 8 18 2 0 2 12 8 21 8 6 22 5 0 0 3 2 1 1 4 0 8 2 0 2 1 
0 0 1 0 0 0 1 2 0 1 0 0 0 0 0 1 0 1 0 0 0 0 0 0 0 0 0 0 0 4 0 0 0 0 1 0 0 0 0 6 0 1 5 3 2 1 5 1 2 6 2 0 1 2 0 0 2 0 0 1 0 0 0 0 0 1 0 2 0 1 2 0 2 0 3 3 0 5 5 3 5 1 5 17 6 6 1 21 5 0 0 3 2 1 4 4 0 4 5 0 0 1 
0 2 1 1 0 1 0 2 0 0 0 0 0 0 0 2 0 0 0 0 0 0 3 0 0 0 0 0 0 0 0 4 2 0 0 0 0 0 2 5 0 1 2 4 3 2 4 3 3 10 4 1 2 2 0 0 0 3 0 0 3 1 0 0 0 1 0 0 0 0 0 0 0 2 9 14 7 16 17 15 4 1 7 9 12 9 9 21 5 0 0 0 2 4 4 6 0 3 1 0 0 1 
6 5 6 1 0 2 2 10 1 4 1 0 2 0 0 1 1 0 0 0 0 0 0 2 0 0 0 2 0 4 0 4 1 1 0 0 1 1 1 20 9 5 15 25 17 24 18 12 17 43 21 15 16 15 11 5 23 43 0 18 1 0 1 1 8 5 0 3 7 3 3 3 2 2 74 88 15 113 174 122 104 34 273 3 97 67 40 120 17 0 0 20 7 27 4 16 2 20 14 8 3 9 
0 0 1 1 0 1 3 3 2 0 0 0 0 0 0 0 0 0 1 0 1 0 1 0 1 0 2 0 0 1 1 5 0 1 1 1 0 1 5 8 6 1 14 11 6 7 3 5 5 22 6 6 3 5 7 0 7 2 0 4 0 2 0 1 1 1 0 0 0 2 4 3 0 2 11 14 5 14 34 32 39 2 30 32 3 29 9 38 13 0 0 11 1 5 6 5 0 9 15 4 0 4 
3 4 1 2 0 4 1 2 4 2 0 1 0 0 4 2 8 7 1 1 5 5 1 2 2 0 0 1 0 17 4 8 4 4 6 4 3 17 15 2 5 3 34 24 24 22 34 22 22 55 5 9 12 3 4 4 7 4 0 6 2 1 1 3 5 6 3 3 0 1 3 3 0 2 7 9 2 10 33 30 24 12 29 51 45 4 7 42 22 0 0 25 12 23 15 30 2 9 11 8 0 8 
1 1 0 0 1 3 3 1 0 2 0 1 0 0 1 1 3 1 2 3 2 0 0 0 0 1 0 1 0 4 2 9 3 2 1 3 2 11 9 6 10 3 5 22 6 10 31 12 6 46 3 6 3 0 0 3 0 1 0 1 0 1 0 0 2 1 0 0 1 0 3 1 0 0 4 3 1 5 8 11 13 4 17 18 11 7 5 30 37 0 0 3 12 23 4 10 5 11 4 2 1 5 
11 8 6 3 2 7 5 3 3 6 0 3 9 3 3 8 19 5 2 3 7 11 9 9 10 0 1 11 0 43 21 27 49 11 17 20 26 34 49 18 27 7 47 48 55 114 128 72 116 473 29 15 40 13 9 4 12 24 0 8 1 4 5 6 10 6 7 6 2 2 9 10 18 2 21 20 10 35 36 29 17 28 32 55 33 48 34 10 17 0 0 54 21 55 23 72 10 38 28 9 9 49 
0 0 0 0 0 3 1 1 0 1 0 0 0 0 0 3 1 5 0 2 0 0 1 3 3 0 0 2 1 11 5 6 2 0 4 1 4 14 11 18 8 1 3 9 8 8 11 10 9 20 3 6 3 4 1 1 1 0 0 2 0 0 0 2 1 1 0 1 1 1 1 0 0 0 2 2 0 1 18 7 4 4 4 10 15 9 12 23 6 0 0 8 5 7 6 22 3 5 12 2 2 4 
0 0 0 0 0 0 0 0 0 0 0 0 0 0 0 0 0 0 0 0 0 0 0 0 0 0 0 0 0 0 0 0 0 0 0 0 0 0 0 0 0 0 0 0 0 0 0 0 0 0 0 0 0 0 0 0 0 0 0 0 0 0 0 0 0 0 0 0 0 0 0 0 0 0 0 0 0 0 0 0 0 0 0 0 0 0 0 0 1 0 0 0 0 0 0 0 0 0 0 0 0 0 
0 0 0 0 0 0 0 0 0 0 0 0 0 0 0 0 0 0 0 0 0 0 0 0 0 0 0 0 0 0 0 0 0 0 0 0 0 0 0 0 0 0 0 0 0 0 0 0 0 0 0 0 0 0 0 0 0 0 0 0 0 0 0 0 0 0 0 0 0 0 0 0 0 0 0 0 0 0 0 0 0 0 0 0 0 0 0 0 0 0 0 0 0 0 0 0 0 0 0 0 0 0 
11 5 8 1 4 8 11 11 26 9 8 12 11 2 12 7 15 12 9 5 6 4 2 4 2 3 1 7 0 42 16 44 27 38 40 32 41 85 108 87 56 17 79 101 75 151 99 127 148 295 8 18 15 17 3 3 15 34 0 7 4 1 2 4 19 6 11 2 1 0 7 1 0 1 13 12 1 33 42 35 63 30 49 94 100 113 109 279 115 0 0 8 55 119 56 332 33 187 87 22 18 58 
0 1 1 0 0 0 0 0 0 0 0 0 0 2 0 0 0 0 0 0 0 0 0 2 0 0 0 0 0 2 3 4 6 0 4 3 5 1 0 3 16 2 25 17 6 2 9 8 8 8 0 0 1 0 0 0 1 0 0 0 1 0 0 1 0 0 0 0 0 0 0 0 0 0 2 0 5 1 0 14 4 1 1 4 7 15 5 21 7 0 0 15 1 2 3 23 1 12 3 2 1 2 
0 1 1 1 0 1 0 1 1 0 0 0 1 0 0 4 2 0 1 0 0 0 0 0 0 0 0 2 3 6 3 1 4 1 8 1 4 2 8 12 7 3 25 9 12 12 10 17 13 28 3 2 2 2 2 0 5 5 0 1 0 0 0 1 2 0 0 0 0 0 0 1 0 0 5 5 3 8 14 5 9 6 8 13 12 10 8 39 20 0 0 17 4 7 1 58 1 19 25 5 4 11 
0 1 0 0 0 1 0 0 0 0 0 0 0 0 0 0 0 0 0 0 0 0 0 2 0 0 0 0 0 10 2 4 1 0 1 1 1 5 5 6 8 0 4 8 6 6 12 14 14 21 0 1 3 3 0 4 4 0 0 1 0 0 0 0 1 0 0 0 0 0 1 1 0 0 14 1 0 6 5 6 5 2 6 20 11 12 9 29 21 0 0 4 1 2 2 22 3 12 6 16 7 11 
1 1 1 0 1 3 0 0 0 1 1 1 0 2 1 1 3 0 1 3 0 0 0 0 0 0 0 1 0 3 1 1 3 3 2 3 7 8 8 6 3 3 20 18 6 8 8 6 17 25 1 0 2 0 0 0 1 1 0 1 0 0 0 1 0 4 0 0 0 0 1 0 0 0 1 3 2 1 7 5 1 3 5 6 10 10 12 44 13 0 0 21 18 13 5 3 0 41 5 8 2 12 
0 1 0 0 0 0 0 0 0 0 0 0 0 0 0 0 0 0 0 0 0 0 0 0 0 0 0 0 0 1 0 0 0 1 0 0 0 0 0 0 0 0 2 2 0 0 0 4 1 2 0 0 0 0 0 0 0 0 0 0 0 0 0 0 0 0 0 0 0 0 0 0 0 0 0 0 0 1 5 1 0 0 0 1 2 1 0 4 2 0 0 0 0 1 1 0 0 0 0 0 2 6 
0 0 0 0 0 1 2 0 0 0 0 0 0 1 0 0 0 3 1 0 0 0 0 0 0 0 0 0 0 3 0 0 1 0 0 0 2 6 1 1 0 0 5 7 3 5 2 5 8 15 3 2 0 2 0 0 0 0 0 2 0 0 0 0 1 0 0 0 0 0 0 0 0 0 0 2 2 1 4 4 3 3 4 10 4 6 6 25 5 0 0 10 1 4 1 10 0 3 3 0 0 4 
0 2 0 0 1 0 5 0 0 2 1 0 1 0 0 1 3 0 0 0 0 0 0 0 0 0 0 0 1 3 0 1 1 3 2 2 2 7 11 6 5 1 1 5 10 9 9 9 14 21 3 3 3 1 0 1 4 1 0 2 1 0 0 1 1 0 0 0 0 0 0 0 0 0 4 0 0 3 8 1 1 2 6 6 7 10 3 34 5 0 0 8 1 9 2 5 0 8 2 3 0 2 
0 0 0 0 0 0 0 0 0 0 0 0 0 0 0 0 0 0 0 0 0 0 0 0 0 0 0 0 0 0 0 0 1 0 1 0 0 1 0 1 0 0 0 2 1 1 1 0 1 3 0 0 0 0 0 0 0 0 0 0 0 0 0 0 0 0 0 0 0 0 0 0 0 0 0 2 0 0 1 0 2 0 1 2 3 0 1 4 2 0 0 0 1 0 2 1 0 0 0 1 0 2 
0 2 1 0 0 0 0 1 0 0 0 0 1 0 0 0 0 0 0 0 0 0 0 0 1 0 0 0 0 2 0 0 1 0 1 1 1 1 2 3 1 0 1 0 2 1 1 2 0 1 0 0 0 0 0 0 0 0 0 0 0 0 0 0 0 0 0 0 0 0 0 0 0 0 2 1 2 0 2 1 0 2 0 3 1 2 0 3 3 0 0 0 0 3 0 4 0 1 0 0 0 1 
3 4 1 0 0 1 4 2 2 0 0 0 0 2 0 1 2 3 2 1 0 0 0 0 2 0 0 3 0 8 3 6 10 3 2 5 6 3 5 3 3 3 10 17 3 13 11 8 10 29 3 2 2 2 0 0 2 5 0 1 2 0 0 2 0 0 0 0 0 1 0 0 0 0 5 0 0 4 11 2 5 3 7 9 19 15 6 39 13 0 0 14 7 17 7 21 3 12 4 1 1 2 
