5 9 33 8 15 22 52 23 18 23 8 47 62 153 66 69 59 28 27 23 13 12 3 36 13 1 0 33 84 3 1 1 24 1 1 6 14 3 26 28 21 4 10 10 15 13 12 7 7 63 8 2 9 1 0 1 2 3 0 6 2 6 2 2 1 17 2 4 2 0 2 1 8 5 2 0 1 2 9 3 0 2 0 17 3 8 2 23 1 0 0 13 0 3 3 0 0 1 1 0 1 10 
7 14 22 7 8 25 34 27 26 29 12 49 67 142 56 69 52 23 32 7 12 12 6 28 14 2 0 33 160 7 2 3 18 3 6 6 12 8 30 29 16 0 10 25 18 26 15 11 5 57 6 3 10 8 0 4 5 8 0 2 2 5 1 9 5 18 4 4 2 1 5 0 4 2 2 0 0 2 15 1 0 2 1 10 2 11 1 21 2 0 0 10 3 2 3 3 0 0 1 0 1 6 
18 21 14 16 9 30 45 38 53 26 8 47 37 117 54 85 50 25 26 14 10 15 1 23 9 1 1 26 322 2 0 4 12 4 7 0 6 2 28 28 11 3 12 10 12 18 12 6 4 45 5 6 8 6 1 1 6 7 0 2 3 4 0 4 5 16 5 6 0 1 2 3 4 0 4 2 0 2 15 1 1 2 5 7 2 3 2 14 2 0 0 12 7 2 2 1 0 1 0 0 0 4 
8 10 22 2 1 9 11 17 6 3 4 10 10 13 6 16 10 6 5 2 2 3 0 6 2 1 1 5 61 0 0 2 0 0 0 0 1 3 4 3 4 0 1 3 1 3 3 1 0 8 0 0 0 0 1 0 0 1 0 0 0 1 0 0 0 0 0 0 0 0 0 1 1 1 3 0 0 0 3 0 0 2 1 1 0 2 0 1 0 0 0 0 1 0 0 0 0 0 0 0 0 0 
6 8 11 1 1 10 9 9 8 9 7 10 15 15 14 25 13 3 8 3 3 2 3 13 3 0 0 16 47 1 1 0 3 0 1 0 0 0 3 4 1 0 6 1 4 5 2 4 1 19 3 2 1 1 0 0 2 2 0 0 0 0 0 0 0 6 0 3 0 0 0 1 1 1 1 0 0 2 4 0 0 0 0 3 0 3 1 2 2 0 0 3 1 1 1 1 0 0 1 0 0 2 
30 53 33 12 18 11 21 17 12 14 12 37 74 111 53 66 55 25 21 13 7 4 2 30 15 0 0 25 229 3 0 2 7 2 3 2 6 14 29 13 9 2 10 10 8 13 5 2 4 31 3 0 10 4 2 5 3 3 0 2 1 3 1 4 5 8 2 3 5 2 1 5 2 4 1 1 0 2 22 0 3 1 2 4 3 3 2 12 1 0 0 8 0 2 1 1 0 1 0 0 0 5 
35 46 46 15 13 21 11 33 39 28 18 45 69 100 50 50 58 33 32 7 19 8 0 15 10 2 0 24 99 3 3 1 18 0 4 4 7 8 26 18 10 1 21 9 9 10 18 7 7 28 4 3 5 4 0 6 2 8 0 4 1 2 2 3 7 9 0 4 0 1 1 1 3 7 3 1 0 1 16 1 0 1 1 6 4 6 1 8 1 0 0 8 1 1 0 2 0 0 5 0 0 2 
25 27 30 11 10 17 32 9 20 19 13 37 77 121 57 62 68 29 26 10 12 13 6 26 8 0 0 25 68 2 2 2 11 2 1 2 3 4 52 17 11 0 11 10 9 15 12 1 1 22 1 2 6 3 0 1 0 1 0 1 1 4 2 4 9 4 4 1 0 3 0 4 2 2 0 3 0 0 24 0 0 3 0 7 1 3 0 5 0 0 0 8 2 2 2 2 0 0 0 0 0 7 
32 62 34 19 9 19 60 28 10 10 17 34 83 109 50 64 65 30 26 7 17 9 8 28 8 0 0 24 95 3 2 3 3 2 3 0 3 4 34 22 10 2 9 9 7 11 15 0 2 25 3 2 8 0 3 5 3 2 0 2 1 4 1 2 4 12 3 2 1 1 3 2 4 10 2 1 0 0 8 2 0 1 2 4 0 2 1 5 1 0 0 11 1 2 1 1 0 0 2 0 0 5 
24 24 28 3 3 12 11 9 6 4 3 23 37 57 27 52 37 18 23 3 13 5 4 34 9 0 0 25 32 4 0 2 3 0 2 0 1 2 13 4 13 0 4 4 2 6 1 6 3 17 9 3 14 3 2 1 3 6 0 2 1 3 3 2 2 7 1 0 2 6 3 0 7 1 4 3 1 0 16 2 0 1 1 3 2 2 2 5 1 0 0 3 2 0 2 0 1 0 3 1 0 3 
13 12 16 5 5 14 20 17 9 11 1 10 20 37 28 46 17 24 12 2 14 4 10 9 9 0 1 16 35 7 0 5 3 0 3 0 1 2 9 9 9 2 5 2 5 9 1 2 2 23 10 1 3 1 1 2 1 2 0 1 0 1 0 0 0 6 1 1 1 1 0 2 2 3 2 0 1 0 5 0 0 0 0 1 0 0 0 2 2 0 0 5 2 0 0 1 0 0 0 0 0 1 
31 47 36 9 20 24 39 40 46 31 12 6 24 75 36 69 42 35 31 13 11 25 14 46 25 2 1 54 62 10 6 8 10 1 2 1 2 6 48 18 3 2 7 5 11 12 15 7 3 26 2 3 9 5 3 1 3 9 0 6 0 7 1 1 0 7 2 1 1 2 0 1 7 5 3 3 0 0 7 0 0 0 0 0 0 0 0 2 1 0 0 13 2 2 1 1 0 2 1 0 0 5 
26 58 44 12 16 34 76 42 53 46 25 26 10 69 41 86 70 35 64 19 21 8 19 50 40 8 4 67 79 5 1 2 20 2 3 3 7 14 36 22 14 3 8 14 13 15 16 1 5 40 7 5 7 4 2 2 2 8 0 8 3 5 0 2 0 6 0 0 2 1 2 2 6 5 9 1 2 3 9 1 0 0 0 2 0 1 0 7 2 0 0 5 0 3 0 1 0 1 4 2 0 5 
54 68 63 11 18 41 33 42 53 31 14 27 23 23 15 65 51 56 57 17 37 32 16 72 40 3 7 140 46 13 1 1 13 2 3 0 3 4 33 24 16 5 15 5 4 9 7 0 2 26 8 5 10 4 6 3 1 6 0 6 2 0 0 0 0 0 0 0 1 2 0 1 2 1 6 2 2 1 16 0 2 0 0 0 0 4 0 3 0 0 0 13 3 4 3 2 0 2 0 0 0 3 
55 58 56 10 33 40 36 40 51 38 21 29 46 18 9 34 70 42 29 16 21 27 25 70 30 9 5 129 57 1 2 5 10 4 5 2 1 8 14 15 5 0 4 4 3 11 5 1 2 21 13 4 17 10 4 4 15 2 0 1 0 0 0 0 0 0 0 0 0 2 0 0 5 1 4 1 0 0 14 0 0 0 0 0 0 2 0 2 2 0 0 2 4 2 0 3 0 2 0 0 0 3 
45 47 36 6 12 41 47 47 51 37 16 37 31 48 20 22 82 59 60 23 38 27 30 100 29 12 10 101 56 21 12 19 40 15 23 6 51 5 12 25 12 1 10 16 15 29 8 2 2 42 6 3 19 3 2 1 2 6 0 0 1 3 0 2 2 1 3 0 1 2 1 0 9 3 3 1 1 0 14 1 0 0 1 2 0 6 2 9 4 0 0 14 3 0 0 0 0 1 2 0 0 22 
30 46 17 3 11 35 25 47 44 40 19 60 55 135 54 118 9 53 92 21 53 30 45 96 35 13 9 76 50 31 6 22 53 21 33 9 56 8 74 54 21 2 28 37 22 36 26 16 8 66 15 10 13 6 1 0 4 2 0 6 1 9 2 3 3 1 1 0 0 1 0 1 3 4 9 0 0 1 17 2 1 1 1 0 2 7 2 22 0 0 0 13 5 0 1 2 0 2 0 1 1 0 
13 31 36 3 10 23 21 26 35 30 12 36 41 108 40 127 43 12 30 10 34 18 18 42 23 12 2 53 46 25 6 16 36 16 28 10 23 5 101 15 22 4 22 23 25 22 18 3 8 67 11 8 10 4 8 3 4 5 0 2 1 2 1 4 1 0 0 0 0 1 1 0 3 1 2 0 0 0 24 5 0 2 0 1 0 6 2 13 1 0 0 9 6 2 0 0 0 0 1 0 0 6 
17 40 14 4 9 17 22 19 20 27 12 27 55 104 46 68 44 14 6 3 27 17 11 43 19 13 2 92 37 5 2 14 13 9 12 8 19 6 39 8 8 0 8 6 16 9 3 1 6 27 1 2 15 2 0 0 1 3 0 2 1 2 0 0 0 0 0 0 0 0 0 0 0 0 0 1 0 1 10 0 2 0 0 0 0 0 1 2 3 0 0 3 0 0 0 0 0 0 0 0 0 4 
15 28 20 3 5 7 10 4 14 18 8 8 35 65 32 79 56 19 27 4 8 3 10 28 23 16 8 76 13 6 4 6 10 4 10 4 13 5 50 17 8 1 3 4 7 10 6 3 3 13 2 2 3 4 2 3 1 2 0 0 0 1 0 0 0 0 0 0 0 0 0 0 0 1 0 2 0 0 2 1 1 0 0 0 0 1 4 4 0 0 0 0 2 0 0 0 0 0 0 0 0 3 
9 21 11 1 3 8 13 9 23 13 5 28 47 118 67 128 81 56 53 5 6 7 17 37 7 17 13 80 23 8 2 2 8 4 5 6 26 9 53 17 16 2 7 12 15 27 13 4 2 23 1 0 2 0 0 0 0 2 0 3 0 0 0 0 0 1 0 0 0 1 0 0 0 1 0 0 0 0 5 0 3 0 0 0 0 5 0 11 1 0 0 3 0 0 0 0 0 0 0 0 0 0 
23 19 13 5 7 22 17 14 17 26 5 19 45 110 41 113 69 29 42 5 12 11 13 34 8 28 11 86 40 12 0 3 16 4 4 4 19 7 61 3 3 2 9 7 3 11 10 5 0 25 1 0 0 3 0 0 5 1 0 1 1 0 0 0 0 0 0 0 0 0 0 0 0 0 1 0 1 0 2 2 0 1 1 1 0 1 0 6 0 0 0 3 1 1 0 0 0 0 0 0 0 1 
8 11 5 0 2 16 5 13 9 12 0 14 21 62 46 101 79 46 36 11 66 11 5 28 31 8 10 100 19 5 0 0 13 0 8 4 13 3 49 9 6 5 4 8 7 11 4 9 2 20 0 0 0 0 1 0 2 4 0 1 0 1 1 6 1 1 0 0 0 0 0 0 1 1 1 0 0 1 6 1 0 0 0 1 2 4 0 6 2 0 0 3 0 0 0 0 0 0 0 0 0 1 
25 23 18 3 8 18 12 18 30 40 10 34 46 121 88 144 170 74 101 14 43 26 17 11 11 53 44 148 18 6 4 4 42 16 16 14 33 14 108 28 22 0 7 11 14 23 12 10 7 110 5 1 5 10 1 1 3 5 0 4 2 2 1 2 0 1 0 0 0 0 0 0 0 1 7 1 1 3 26 4 1 0 0 4 1 3 4 9 1 0 0 5 0 0 0 1 1 2 0 0 0 3 
18 23 17 8 7 20 10 17 20 56 20 33 54 94 52 130 54 38 55 31 23 16 9 13 9 12 29 76 22 16 5 6 105 7 17 5 31 19 41 36 58 6 14 20 31 28 21 9 20 126 11 16 21 7 9 6 7 6 0 4 3 1 1 1 2 1 4 0 0 0 0 0 0 0 5 5 1 4 23 3 1 1 2 0 1 3 3 52 3 0 0 17 0 3 0 0 1 1 3 0 0 9 
0 2 0 1 0 2 0 0 3 4 1 3 1 8 4 8 12 7 7 3 20 16 7 28 4 1 6 21 1 0 0 0 0 0 3 0 2 1 2 0 2 0 0 0 1 1 0 0 0 1 0 0 2 1 0 0 0 0 0 0 0 0 0 0 0 0 0 0 0 0 0 0 0 0 0 0 0 1 2 0 0 0 0 0 0 0 0 1 0 0 0 2 0 0 0 0 0 0 0 0 0 0 
1 1 5 0 0 0 1 2 1 1 0 2 2 14 7 23 22 9 2 6 21 10 14 48 11 5 1 90 1 1 1 2 5 0 1 0 3 4 13 1 2 0 0 1 1 1 0 0 0 2 4 0 1 0 0 1 0 0 0 1 0 3 0 0 1 0 0 0 0 0 0 0 0 0 0 1 0 0 2 0 0 0 1 0 0 1 0 0 0 0 0 2 0 0 0 0 0 0 0 0 0 0 
19 19 28 7 12 25 12 22 22 36 18 46 73 195 88 195 112 76 71 52 73 69 53 109 58 7 36 5 34 6 3 7 37 4 8 11 59 41 79 43 38 4 19 28 21 32 30 7 9 113 15 6 13 1 1 2 4 5 0 1 1 1 1 0 0 5 1 0 0 0 0 0 0 0 6 2 0 1 11 2 1 1 1 2 3 10 1 47 12 0 0 18 1 1 0 0 0 3 0 0 1 8 
2 8 11 1 1 2 3 1 5 3 4 3 8 5 10 13 4 4 1 6 1 3 0 3 1 0 0 5 1 0 1 1 0 0 0 0 0 2 1 1 0 0 2 3 0 2 2 0 0 3 0 0 0 1 0 0 1 0 0 1 0 0 0 0 0 4 0 0 0 0 0 0 1 2 0 0 0 0 3 0 0 0 0 0 1 0 0 2 0 0 0 0 1 0 0 0 0 0 2 0 0 0 
1 2 4 0 2 4 6 5 2 0 2 8 9 7 8 29 72 40 19 7 10 3 0 7 8 2 0 2 8 20 95 111 328 75 235 192 539 181 328 116 96 13 73 67 67 93 59 36 18 237 17 8 28 5 3 2 4 8 0 13 7 21 3 13 18 83 7 14 9 16 5 10 6 1 9 3 4 1 31 3 7 5 5 12 0 10 3 72 18 0 0 33 12 11 7 5 2 4 12 2 0 31 
2 1 1 0 0 1 2 0 3 0 0 1 5 2 2 4 26 18 4 0 1 1 2 4 9 1 0 2 2 61 12 68 121 37 78 76 203 62 116 47 40 9 19 19 18 33 17 5 11 71 3 2 5 4 1 2 1 3 0 3 1 1 3 0 18 41 9 3 3 3 8 5 6 1 3 2 0 0 14 1 1 2 3 4 0 1 2 25 6 0 0 19 1 5 6 3 0 2 1 2 0 23 
4 1 1 0 1 2 0 7 1 7 1 5 7 3 4 19 37 13 19 2 2 1 2 7 5 0 1 10 10 143 87 10 130 44 112 94 406 149 308 110 66 10 56 63 59 93 59 20 15 168 3 8 18 7 2 3 6 7 0 4 3 14 8 8 11 45 9 5 2 3 1 4 9 5 6 1 7 2 29 5 1 1 1 3 2 17 14 33 12 0 0 39 9 4 9 13 2 2 7 1 0 19 
3 5 1 1 3 6 4 3 7 0 0 5 9 10 3 17 24 19 15 4 6 6 5 23 16 0 0 16 1 197 68 85 22 29 59 64 223 114 195 91 100 13 60 44 62 86 67 24 31 293 14 8 30 13 3 2 8 8 0 6 0 3 2 4 14 29 6 6 0 7 5 7 9 4 15 7 1 3 26 1 5 2 0 5 7 10 8 63 11 0 0 43 13 4 2 3 3 6 9 0 0 31 
1 11 5 0 1 3 1 2 1 1 0 3 0 3 0 9 20 17 8 0 2 1 1 11 2 0 0 4 3 73 28 34 41 5 23 23 156 52 163 53 31 1 42 45 45 43 30 7 13 85 15 6 5 12 1 3 6 12 0 5 6 15 3 1 9 28 4 7 0 5 6 18 11 7 5 1 0 2 12 3 0 3 0 0 2 8 1 15 6 0 0 27 4 2 2 1 0 0 3 0 1 16 
4 2 5 0 0 2 2 1 2 1 1 1 2 1 3 9 18 13 12 5 10 8 12 15 6 0 0 15 10 124 37 79 133 37 14 22 145 113 130 72 54 10 53 49 44 46 34 6 9 107 2 3 12 4 3 1 3 7 0 3 0 20 1 2 14 15 2 13 5 15 11 15 16 4 1 2 1 3 12 7 3 1 2 2 0 10 2 26 6 0 0 69 12 16 2 6 5 0 3 0 0 14 
3 3 1 0 0 1 2 1 1 3 2 2 0 3 1 13 14 19 13 4 5 2 7 11 6 0 0 11 5 138 62 79 124 26 47 5 222 97 154 53 36 9 33 22 40 55 23 13 17 92 2 3 8 5 3 3 1 4 0 2 0 5 0 13 7 10 6 1 1 9 6 7 11 7 1 2 0 1 10 0 0 0 0 5 0 2 1 11 5 0 0 31 6 6 5 9 0 3 1 4 0 12 
1 4 5 1 0 4 2 1 4 0 2 6 1 5 2 25 21 12 8 2 2 5 5 31 4 0 0 20 8 223 91 172 216 50 110 129 19 83 185 200 129 40 100 98 98 103 86 32 17 267 14 7 14 3 2 1 3 5 0 2 1 12 4 25 12 21 6 8 1 3 18 15 11 3 6 3 1 2 19 0 0 3 0 2 0 13 13 49 9 0 0 70 31 12 16 18 5 14 12 6 5 29 
7 9 5 3 4 7 7 12 6 7 1 5 5 16 2 4 18 6 16 2 4 2 2 16 9 1 0 24 31 156 48 85 131 32 70 43 138 11 164 169 99 15 120 107 97 105 99 19 33 262 5 5 8 1 2 1 2 5 0 2 0 11 1 11 3 2 1 3 1 0 5 2 8 10 0 6 0 0 14 2 0 1 6 4 2 30 9 56 12 0 0 71 17 21 8 8 2 3 7 6 0 22 
9 13 8 5 4 7 7 9 16 13 9 12 21 11 4 10 23 17 16 16 10 5 3 23 20 5 3 34 18 81 39 82 157 69 105 48 255 73 17 194 104 7 95 112 94 129 66 39 26 220 4 2 10 8 0 2 8 6 0 2 3 19 6 16 11 18 1 7 2 4 6 11 11 7 0 1 2 2 27 1 3 3 1 4 5 14 6 81 20 0 0 109 8 17 9 12 2 11 13 3 0 34 
15 21 17 4 3 17 10 18 18 13 9 20 25 18 11 31 38 33 31 5 7 2 8 38 13 4 0 24 34 130 33 84 183 62 154 95 552 250 529 16 60 15 111 183 132 175 122 43 47 250 4 7 11 4 2 6 1 5 0 2 2 14 5 19 11 19 3 3 0 1 5 7 13 11 4 8 2 1 14 6 2 6 3 19 12 10 5 30 19 0 0 77 16 9 20 7 1 3 4 0 5 23 
18 13 10 2 2 4 2 5 15 13 2 15 12 11 10 8 37 34 12 8 11 3 3 29 16 2 2 32 16 74 22 58 160 36 65 32 252 130 310 72 12 21 81 76 44 159 79 27 22 216 0 4 9 4 3 2 2 5 0 1 1 8 4 8 8 13 5 0 0 6 5 4 5 5 4 3 1 5 13 4 1 6 2 12 3 22 6 10 16 0 0 42 23 9 7 7 0 3 7 0 2 11 
0 3 1 0 0 4 2 4 2 1 0 1 2 7 5 3 9 3 3 2 1 0 1 3 4 0 0 5 0 13 2 11 20 3 15 8 52 36 42 16 22 4 27 54 30 30 29 5 8 38 0 0 0 1 0 0 0 0 0 1 0 2 0 0 2 0 0 1 0 1 0 1 2 0 0 1 2 1 2 2 2 2 1 5 4 9 1 14 4 0 0 12 6 7 2 2 0 0 0 0 0 4 
3 6 2 2 2 7 3 11 7 6 3 5 7 17 7 3 11 13 8 3 4 4 3 10 6 0 0 20 5 39 17 45 118 27 55 20 128 67 145 65 54 19 17 51 74 115 70 17 13 144 5 8 6 4 2 1 3 5 0 1 2 8 0 3 9 5 2 0 6 2 5 4 10 2 16 5 0 4 18 13 12 5 16 53 22 47 20 110 36 0 0 82 28 19 26 23 6 31 24 3 3 70 
15 18 14 2 2 6 9 6 5 6 1 1 7 4 4 15 19 12 18 8 3 2 1 17 11 1 1 25 22 51 13 42 120 40 68 25 178 91 191 68 59 21 67 26 107 176 91 36 47 252 5 4 22 8 2 4 3 7 0 4 1 10 1 15 6 26 2 0 2 3 1 1 8 1 10 7 2 6 53 17 12 21 16 63 23 76 33 88 39 0 0 131 31 32 31 53 7 35 27 8 11 93 
9 11 6 0 2 10 8 8 8 7 4 10 10 4 6 13 17 34 19 10 4 4 5 31 5 0 0 15 22 51 16 45 131 43 45 23 181 113 153 92 60 24 78 132 8 147 125 66 74 267 14 4 2 2 3 3 4 3 0 1 5 5 1 7 6 24 3 7 1 2 4 4 4 7 9 4 2 8 19 5 6 18 5 25 9 40 9 102 10 0 0 64 21 25 19 21 4 16 23 3 5 53 
13 11 12 1 3 10 16 10 11 18 8 10 3 7 3 12 33 28 13 6 3 2 2 26 20 0 0 31 13 57 17 32 161 28 56 47 169 73 180 99 88 11 60 188 105 20 126 107 44 445 10 10 7 8 1 0 3 5 0 2 2 7 1 9 10 14 1 4 3 2 2 3 12 4 18 6 3 5 24 11 8 10 8 38 7 56 15 132 20 0 0 95 30 29 27 14 5 34 36 2 10 79 
16 9 6 0 4 4 14 12 3 8 15 7 6 5 7 11 34 17 12 7 1 3 8 23 4 0 0 28 24 50 13 44 154 27 46 33 201 78 169 141 79 26 83 153 119 219 13 67 58 208 9 3 6 5 4 0 3 9 0 2 3 4 1 4 8 7 1 2 1 0 5 9 11 11 13 6 2 5 31 10 10 10 6 37 18 47 17 146 9 0 0 91 26 24 23 13 5 8 24 2 4 75 
3 3 2 0 2 3 1 4 9 7 0 2 3 5 3 3 14 11 10 3 5 0 3 24 4 1 0 9 4 22 5 6 111 13 17 16 103 42 83 50 36 7 86 129 117 297 228 6 49 387 1 3 8 2 4 0 4 1 0 1 1 3 0 9 7 8 3 2 0 0 3 1 5 2 3 3 2 5 9 7 2 6 8 20 6 27 10 120 6 0 0 89 13 17 18 8 1 7 11 0 0 36 
11 5 6 1 2 3 2 2 3 6 8 8 2 8 3 9 12 7 11 2 2 1 4 21 4 0 0 15 6 25 9 15 146 19 27 21 84 49 122 68 49 19 97 196 137 365 222 101 14 451 7 1 11 3 1 2 3 0 0 3 5 4 0 8 6 12 0 8 0 0 3 3 8 6 7 5 1 3 12 5 8 5 10 19 5 33 7 172 23 0 0 104 14 22 33 13 11 2 16 0 1 43 
38 48 41 7 17 26 12 26 24 44 18 29 24 46 10 29 60 52 53 8 18 13 10 151 41 0 2 104 61 181 35 111 967 78 141 107 482 230 468 264 285 38 180 410 311 530 285 218 140 41 35 11 44 15 2 2 7 22 0 4 1 15 3 17 19 36 3 11 10 5 16 13 43 28 48 38 2 6 105 23 21 40 28 87 31 95 36 629 38 0 0 261 28 58 84 24 9 25 55 6 4 251 
6 8 10 3 6 10 4 2 2 5 8 5 8 33 20 33 15 7 7 1 3 3 2 32 15 2 1 27 10 11 2 5 69 6 13 8 11 1 22 14 7 2 13 20 11 17 8 9 5 73 12 18 65 17 12 6 21 36 0 46 6 3 1 21 15 37 5 7 1 11 6 7 23 30 7 7 1 7 119 8 8 2 11 31 12 26 12 60 14 0 0 11 5 14 6 4 4 8 5 1 0 28 
2 4 2 1 4 3 5 3 1 4 2 4 2 19 9 17 10 2 1 2 2 0 0 10 3 0 0 9 1 5 3 2 29 5 6 8 15 2 11 6 6 0 5 22 4 5 10 1 3 14 14 5 30 22 7 9 7 10 0 15 13 2 2 16 8 15 4 7 0 4 2 5 3 13 1 2 0 2 63 7 4 0 2 17 5 15 2 26 7 0 0 18 1 2 4 0 1 2 4 2 1 17 
3 5 6 1 3 3 4 4 2 5 2 5 3 18 13 22 13 13 4 0 0 0 2 23 8 0 0 14 4 17 0 12 57 13 14 2 13 7 26 6 12 0 10 16 15 27 11 2 6 75 28 17 8 15 8 5 10 21 0 27 13 9 2 18 25 31 7 6 1 11 10 5 14 27 5 4 1 8 90 10 4 2 6 31 7 17 9 52 15 0 0 28 6 15 6 1 2 6 7 0 0 21 
6 9 5 1 2 5 1 5 5 8 1 8 5 15 12 15 12 8 7 1 2 0 2 3 1 0 0 4 5 13 1 8 31 5 7 3 19 3 11 6 2 2 4 11 6 9 6 6 5 25 14 20 39 5 13 12 15 43 0 26 4 5 3 18 14 16 11 10 6 5 2 7 8 8 4 8 0 3 100 3 7 6 1 20 2 7 5 11 6 0 0 9 1 3 1 2 0 3 1 0 0 9 
1 3 2 2 0 0 1 3 3 4 2 10 4 6 5 8 5 3 0 0 0 0 0 4 1 1 0 8 6 2 1 5 15 4 2 1 9 0 8 2 0 0 1 2 1 4 4 0 3 15 10 8 22 7 3 4 6 24 0 13 5 2 1 8 4 14 2 4 2 4 2 2 6 7 2 1 0 1 45 2 2 1 3 7 1 3 4 20 4 0 0 6 1 0 2 2 0 2 3 0 0 1 
0 4 2 0 1 0 0 1 1 1 0 1 0 3 1 4 4 3 0 0 1 2 1 4 0 1 0 2 0 1 3 0 14 1 7 0 1 1 0 2 0 0 1 4 1 7 2 0 3 5 4 2 7 3 2 3 9 14 0 5 5 1 3 1 3 2 4 6 1 0 0 3 7 4 3 1 1 6 41 4 2 1 2 8 1 2 0 2 2 0 0 5 0 1 3 0 0 1 1 1 0 0 
6 5 2 0 1 7 4 4 1 0 1 4 10 14 2 24 14 4 5 4 1 0 1 3 0 0 0 6 4 1 0 6 29 5 5 1 13 5 16 4 2 1 4 8 2 5 0 0 1 7 29 7 21 9 13 11 1 16 0 17 5 10 5 10 12 18 5 3 1 2 7 6 4 8 7 6 3 6 75 10 2 0 7 29 12 6 4 11 2 0 0 6 2 6 2 1 0 0 1 0 2 6 
4 3 5 1 2 3 3 4 11 5 1 5 12 28 7 21 16 6 4 2 2 5 0 7 4 0 0 6 6 9 3 9 29 14 15 7 7 7 17 5 5 0 4 6 5 13 7 0 2 11 24 16 49 18 14 5 7 6 0 35 7 13 8 16 18 21 9 11 6 12 7 3 11 14 11 12 4 6 87 14 6 2 7 57 15 13 5 19 6 0 0 16 0 11 6 4 2 1 5 1 1 13 
0 0 0 0 0 0 0 0 0 0 0 0 0 0 0 0 0 0 0 0 0 0 0 0 0 0 0 0 0 0 0 0 0 0 0 0 0 0 0 0 0 0 0 0 0 0 0 0 0 0 0 0 0 0 0 0 0 0 0 0 0 0 0 0 0 0 0 0 0 0 0 0 0 0 0 0 0 0 0 0 0 0 0 0 0 0 0 0 0 0 0 0 0 0 0 0 0 0 0 0 0 0 
8 3 9 2 3 4 8 7 2 3 4 13 22 40 18 30 19 17 10 4 7 8 0 22 8 3 1 22 22 11 3 10 10 9 2 1 1 0 15 2 6 0 8 7 7 5 2 1 2 18 22 16 21 19 11 8 11 38 0 7 4 17 4 4 24 36 9 12 2 10 12 20 21 23 7 6 3 6 43 6 1 3 4 11 3 8 4 16 5 0 0 7 2 1 3 1 1 3 2 2 0 7 
0 0 0 1 2 3 0 2 2 0 0 2 2 7 4 1 3 1 0 0 2 0 0 1 3 0 0 0 1 6 0 1 7 0 3 5 2 0 3 3 1 0 2 2 2 2 0 3 1 6 10 8 10 6 3 5 11 6 0 3 0 6 11 8 8 18 8 10 4 11 6 4 15 10 2 4 2 0 20 0 4 0 0 3 0 0 3 8 5 0 0 8 1 1 2 1 0 0 0 0 0 4 
0 1 1 0 0 5 0 2 3 3 0 5 0 7 4 5 2 1 2 0 1 1 0 2 0 0 0 1 2 2 3 4 9 9 15 9 11 23 18 4 5 2 2 4 3 2 2 0 1 13 7 2 3 3 0 5 3 10 0 13 8 4 0 10 19 16 1 4 3 11 0 5 2 5 3 4 0 1 18 1 3 14 7 9 0 2 0 5 1 0 0 12 2 0 1 0 0 0 1 0 0 0 
1 1 0 0 0 0 0 1 0 0 0 2 4 4 1 2 2 1 4 0 0 0 0 0 0 0 0 0 2 5 1 2 3 2 0 2 9 5 10 0 3 1 1 0 1 1 0 0 0 2 1 3 3 4 1 4 3 3 0 5 2 3 0 3 12 15 0 4 3 4 4 2 8 4 0 2 1 1 7 2 0 0 0 1 0 0 0 1 0 0 0 1 0 1 1 0 0 0 1 0 0 0 
4 4 3 0 1 0 9 2 1 0 6 2 0 0 0 1 1 1 1 1 0 0 0 3 0 0 0 0 3 17 2 4 5 1 9 13 36 8 25 9 8 1 6 5 9 4 5 2 3 17 16 9 20 13 4 6 19 13 0 9 3 43 1 7 7 29 10 12 2 9 9 16 21 11 10 9 2 2 30 1 2 2 0 6 2 1 5 1 1 0 0 11 1 3 1 0 1 0 0 0 0 7 
7 5 8 0 0 5 5 5 4 1 1 2 2 2 0 1 2 4 1 0 0 1 0 2 2 0 0 4 11 26 17 10 26 5 6 13 43 10 30 17 9 2 13 14 22 8 11 0 2 31 17 17 27 13 4 2 8 8 0 18 11 32 12 14 3 43 20 23 14 28 28 32 48 31 15 7 3 9 51 5 3 1 11 7 1 2 2 7 5 0 0 12 2 1 1 0 0 0 1 0 0 1 
10 19 10 2 8 6 15 7 8 4 0 1 5 4 0 0 5 0 1 1 0 0 0 3 1 0 0 0 5 39 16 32 29 26 19 7 30 13 33 11 12 1 13 7 16 17 14 4 6 49 22 14 36 17 9 5 19 11 0 42 21 19 14 24 36 14 14 29 21 56 39 46 46 60 8 5 4 8 59 9 17 4 4 11 3 10 0 14 3 0 0 3 0 3 0 3 0 0 0 0 0 3 
4 6 4 0 2 5 3 5 1 2 1 1 1 0 0 1 0 0 0 0 0 0 0 2 1 0 0 0 3 19 0 13 14 6 7 1 9 5 5 7 3 0 1 3 4 14 3 0 1 19 1 1 7 7 3 4 4 2 0 13 8 13 7 8 22 16 2 3 8 17 16 27 25 19 1 0 0 3 21 2 4 1 0 6 0 1 0 2 1 0 0 3 0 0 0 0 0 0 1 0 0 6 
3 4 5 2 0 6 3 5 3 1 0 0 0 3 0 0 1 0 0 0 0 0 0 0 0 0 0 0 5 14 5 3 21 17 21 2 9 7 27 8 2 2 1 5 7 10 4 2 3 22 13 4 17 11 3 8 8 8 0 14 8 18 9 9 31 30 10 1 14 16 19 42 27 39 2 2 1 2 32 4 4 1 5 9 2 1 0 6 2 0 0 4 1 0 0 0 0 0 1 0 0 3 
0 0 2 0 1 0 2 3 1 1 1 0 0 0 0 2 0 0 0 0 0 0 0 0 0 0 0 0 0 8 3 4 6 2 8 3 15 1 12 3 5 1 2 1 1 0 1 0 2 12 5 0 6 2 0 0 1 2 0 4 3 2 1 4 9 28 16 16 6 6 21 21 11 16 3 1 0 3 15 0 2 1 0 2 0 0 0 1 0 0 0 0 0 0 0 0 0 0 0 0 0 1 
5 3 1 0 1 4 1 2 0 1 2 1 0 0 1 3 0 1 0 0 0 0 0 0 0 0 0 1 2 17 9 3 15 15 10 1 13 6 13 4 4 0 0 3 6 5 3 3 2 15 15 9 14 12 5 1 8 8 0 11 11 16 11 15 36 78 26 23 15 9 31 44 59 54 8 7 1 3 29 2 4 3 0 6 2 4 1 4 1 0 0 1 0 3 0 0 0 0 0 0 0 0 
1 10 6 1 0 0 1 3 2 5 0 5 4 3 0 3 2 0 0 0 0 0 0 0 0 0 0 0 13 12 2 5 26 7 18 8 31 9 22 11 3 1 4 6 6 6 4 8 2 29 10 5 10 7 2 5 3 11 0 19 14 15 5 33 38 70 15 37 23 15 5 77 21 28 2 0 1 1 27 4 2 4 4 12 1 4 2 6 2 0 0 4 1 0 0 0 0 0 0 0 0 0 
3 4 2 0 3 3 4 6 1 3 0 1 1 1 0 1 1 1 0 0 0 0 0 0 0 0 0 0 6 11 2 3 19 19 23 11 29 7 22 4 11 1 4 7 5 12 3 1 8 26 8 2 11 5 3 1 10 6 0 15 9 14 6 23 49 92 43 33 14 32 14 3 37 51 1 1 1 1 30 1 1 0 3 5 0 4 2 8 2 0 0 5 0 1 0 3 0 0 0 0 0 2 
3 3 3 0 0 4 1 2 2 8 2 2 2 2 1 1 2 3 1 0 0 0 0 0 0 0 0 0 4 5 2 1 12 24 10 5 24 6 20 6 7 0 5 15 6 11 14 0 3 29 18 6 28 19 4 6 7 14 0 9 10 11 6 13 27 72 29 21 7 41 28 39 8 14 3 8 2 1 40 1 10 3 3 11 1 3 0 4 0 0 0 6 0 1 1 2 0 0 1 0 0 1 
4 5 8 0 3 3 1 3 5 3 1 3 2 2 0 2 1 0 1 1 0 0 0 0 1 0 0 0 0 0 0 0 13 8 1 5 23 9 14 7 5 0 1 4 4 4 0 3 1 12 13 0 12 3 6 2 4 12 0 16 6 10 1 15 33 54 12 16 9 34 21 26 15 3 5 3 1 3 29 7 2 4 5 8 3 9 3 9 1 0 0 10 1 0 1 0 0 0 0 0 0 5 
3 2 2 1 2 4 6 4 3 7 1 8 4 13 4 14 4 9 2 3 3 4 0 9 0 0 0 18 3 7 2 2 26 2 9 1 13 4 19 5 3 1 13 15 10 21 10 3 6 65 6 1 9 4 2 3 10 20 0 11 9 2 3 9 7 17 0 11 3 3 7 4 6 12 7 11 2 27 185 43 29 18 16 89 20 40 8 65 15 0 0 17 5 9 5 5 1 8 13 1 0 26 
2 3 1 0 5 10 5 2 2 1 3 8 6 13 6 9 8 3 3 2 1 0 0 4 4 0 0 4 5 3 1 8 13 4 5 3 9 1 7 4 8 0 17 26 8 10 13 1 8 40 6 2 4 2 2 7 9 33 0 11 25 3 4 4 9 22 0 5 2 0 6 3 6 12 5 4 6 16 236 40 23 19 14 81 14 23 7 58 11 0 0 28 2 9 4 4 4 4 9 0 2 27 
4 0 2 0 0 1 2 0 2 1 0 0 2 2 1 0 0 1 3 0 0 0 0 1 0 0 0 1 0 0 2 1 1 0 2 1 0 0 2 1 2 0 2 4 1 2 0 0 1 6 3 3 3 2 3 6 2 15 0 6 3 1 1 0 3 6 1 0 0 0 1 0 3 0 10 5 2 8 64 20 7 3 11 37 2 7 1 12 3 0 0 4 0 9 5 4 1 0 1 0 1 6 
0 4 4 0 0 3 2 4 2 1 0 5 2 12 2 14 6 5 3 0 0 0 0 8 0 0 0 2 2 5 0 3 16 1 4 0 4 2 9 4 7 0 13 15 8 23 14 3 2 24 6 3 16 6 5 6 9 29 0 11 3 3 4 6 5 6 4 6 0 8 1 1 3 5 17 25 8 8 105 26 23 7 11 95 18 22 7 39 10 0 0 22 3 16 8 6 0 1 6 0 0 13 
3 13 12 2 6 11 8 9 7 12 4 4 12 30 12 37 25 11 10 5 3 2 1 16 14 0 0 19 16 12 10 16 58 17 6 5 17 1 36 13 9 1 32 46 27 29 27 8 12 71 64 20 62 43 27 17 27 66 0 28 8 25 14 34 39 44 14 17 7 22 12 19 19 40 70 78 34 38 14 49 48 17 26 149 51 43 10 112 15 0 0 40 6 23 8 14 5 12 15 3 0 44 
1 1 0 2 0 1 2 1 0 0 2 3 0 4 1 3 4 3 4 0 0 0 0 0 5 0 0 1 8 5 3 5 11 6 2 0 4 2 7 0 11 4 22 17 12 32 16 6 7 41 10 4 16 6 4 6 10 30 0 8 1 14 5 5 5 14 7 3 0 2 2 5 4 7 27 26 13 27 116 5 25 18 22 132 57 33 9 60 13 0 0 38 14 19 12 2 1 7 15 1 3 17 
2 3 2 0 0 0 2 2 0 0 0 0 1 1 1 3 5 1 3 1 1 0 0 3 1 0 0 2 8 6 0 5 11 1 0 0 5 0 4 6 2 0 21 24 10 12 13 2 2 49 13 4 9 10 5 3 3 18 0 3 1 3 2 2 5 14 1 1 2 2 7 7 6 9 11 13 4 18 127 34 2 5 10 122 48 34 9 55 15 0 0 43 10 2 19 3 3 16 15 3 2 29 
2 2 1 0 0 1 1 2 1 0 0 0 0 1 0 1 2 0 0 0 0 0 0 2 2 0 0 0 1 2 4 0 13 0 1 1 4 2 5 5 4 1 18 24 11 23 14 5 5 35 4 0 4 0 0 0 4 4 0 3 0 3 1 1 1 8 0 0 2 3 0 1 7 3 9 19 7 10 34 16 10 3 9 62 19 24 6 62 7 0 0 50 9 20 5 9 2 6 4 2 1 18 
2 4 3 0 3 1 2 1 1 0 0 0 0 0 0 1 0 1 2 0 1 0 0 2 0 0 0 0 3 2 2 2 6 1 1 1 3 2 8 7 2 3 27 24 9 24 12 3 1 49 13 2 8 6 3 3 5 4 0 6 1 4 2 1 0 7 2 2 0 4 3 1 3 4 12 13 3 5 75 41 10 4 7 111 28 32 10 54 13 0 0 31 7 9 15 6 1 7 13 3 2 26 
2 6 4 1 1 2 3 4 1 5 0 0 0 0 1 1 0 1 2 0 0 1 0 1 0 0 1 5 4 4 3 2 10 6 3 0 6 3 12 17 13 8 45 91 25 66 23 16 11 100 8 7 31 12 7 11 11 24 0 12 5 7 1 0 4 11 1 3 2 2 5 6 10 3 61 49 12 36 163 75 59 26 73 15 63 74 25 124 28 0 0 98 21 37 36 18 6 33 23 1 1 54 
2 2 3 1 0 0 0 0 1 1 0 0 0 0 0 1 0 0 0 0 0 0 0 2 0 0 0 1 2 5 0 4 5 0 2 1 0 2 6 14 13 5 50 71 16 47 30 8 5 44 1 2 6 11 3 5 12 15 0 5 0 3 0 2 7 2 0 1 0 3 1 1 4 0 18 20 4 15 78 37 20 13 25 162 5 65 17 82 22 0 0 80 15 21 19 14 0 8 14 3 1 30 
3 8 3 1 2 4 4 6 0 4 1 1 1 1 0 0 4 6 3 5 1 2 0 12 4 0 0 8 7 10 5 10 23 3 20 2 28 10 23 10 26 9 76 139 35 47 33 15 11 81 15 7 17 7 2 4 6 12 0 1 3 6 1 2 3 7 3 2 2 1 1 1 4 2 15 15 5 15 46 21 29 22 18 74 68 10 18 84 39 0 0 127 26 38 21 17 4 9 22 5 3 49 
2 2 2 2 3 1 3 2 3 1 0 0 0 0 1 5 4 3 5 0 1 0 0 3 2 0 0 4 4 8 3 5 19 4 5 1 26 17 42 2 13 9 39 102 33 56 22 8 3 51 6 2 5 6 3 3 5 3 0 5 2 4 0 1 5 2 0 3 0 4 4 3 0 5 19 6 2 5 43 10 10 9 24 56 21 35 6 59 20 0 0 80 24 29 30 13 3 4 12 5 3 38 
13 17 15 6 7 10 11 5 8 10 2 10 7 2 2 9 31 11 7 5 7 4 4 31 12 1 0 61 8 77 13 50 242 30 35 31 130 74 149 41 24 7 130 212 71 181 80 51 46 433 33 15 34 9 7 5 13 20 0 22 8 23 1 9 10 12 4 3 2 3 9 8 7 12 46 31 10 24 114 39 30 48 51 148 55 75 33 18 35 0 0 272 61 78 81 71 16 41 84 6 16 246 
3 17 17 1 0 4 1 3 6 6 5 6 1 2 3 4 10 9 3 1 3 1 1 5 3 0 0 10 5 12 4 19 42 8 13 15 66 27 62 40 27 14 83 127 19 56 27 9 13 63 8 4 3 5 4 3 8 3 0 4 0 3 0 7 2 4 0 0 1 2 12 3 3 3 6 8 0 11 28 15 18 14 22 43 16 55 32 62 7 0 0 103 28 26 29 18 2 8 13 1 2 55 
0 0 0 0 0 0 0 0 0 0 0 0 0 0 0 0 0 0 0 0 0 0 0 0 0 0 0 0 0 0 0 0 0 0 0 0 0 0 0 0 0 0 0 0 0 0 0 0 0 0 0 0 0 0 0 0 0 0 0 0 0 0 0 0 0 0 0 0 0 0 0 0 0 0 0 0 0 0 0 0 0 1 0 0 0 0 0 0 0 0 0 0 0 0 0 0 0 0 0 0 0 0 
0 0 0 0 0 0 0 0 0 0 0 0 0 0 0 0 0 0 0 0 0 0 0 0 0 0 0 0 0 0 0 0 0 0 0 0 0 0 0 0 0 0 0 0 0 0 0 0 0 0 0 0 0 0 0 0 0 0 0 0 0 0 0 0 0 0 0 0 0 0 0 0 0 0 0 0 0 0 0 0 0 0 0 0 0 0 0 0 0 0 0 0 0 0 0 0 0 0 0 0 0 0 
1 3 7 0 3 3 0 2 5 1 2 4 5 11 2 4 7 6 3 7 1 0 0 5 1 0 1 5 4 11 5 21 49 22 27 11 79 46 77 39 26 2 38 110 30 50 35 32 20 107 7 11 14 6 2 2 2 3 0 8 0 14 0 5 7 6 0 0 0 0 2 0 1 1 10 4 1 7 32 16 15 14 15 93 24 43 35 89 29 0 0 14 31 34 16 42 6 22 27 2 8 41 
1 3 3 1 0 1 2 3 0 1 0 1 8 3 2 2 2 1 0 0 0 0 0 0 1 0 0 2 0 4 1 2 10 8 6 3 37 8 36 8 18 2 55 73 42 43 17 14 6 42 1 4 9 3 0 0 2 2 0 2 4 1 0 0 0 4 0 0 0 0 1 0 0 0 3 3 0 2 14 7 2 9 4 20 6 24 11 44 14 0 0 72 3 7 8 11 2 6 7 1 1 18 
1 5 1 0 1 0 2 0 1 2 3 2 4 3 0 0 3 2 0 0 0 1 0 3 0 0 0 0 7 7 0 3 22 6 13 8 43 16 29 10 11 10 52 75 34 59 30 19 8 69 6 1 5 4 0 1 12 5 0 0 1 1 1 0 0 0 0 0 0 0 0 1 1 3 18 4 0 2 20 10 9 11 4 36 15 30 24 77 16 0 0 130 18 5 2 10 4 5 9 3 3 49 
2 1 1 0 1 0 1 0 1 2 1 1 1 1 0 0 0 0 0 0 0 0 1 0 0 0 0 0 5 5 1 7 8 5 7 5 27 4 17 7 7 5 25 52 21 19 23 7 6 48 2 1 4 3 1 1 8 0 0 1 1 3 0 2 1 0 1 0 0 0 0 0 0 0 1 5 0 6 17 6 4 9 11 23 8 28 6 48 15 0 0 57 17 9 15 9 1 6 12 1 4 34 
2 3 1 0 1 2 0 2 1 1 1 5 1 6 1 3 1 1 2 0 0 0 0 6 0 0 0 5 4 14 2 6 38 7 14 9 37 12 41 18 16 5 71 146 38 62 37 11 7 87 0 2 5 5 0 2 3 1 0 0 1 0 0 1 3 0 0 0 0 1 0 1 1 0 4 2 1 4 11 5 2 9 8 42 11 47 19 99 10 0 0 198 36 21 27 9 0 5 5 2 2 55 
0 1 0 1 0 0 0 0 1 0 1 1 0 0 0 2 0 0 0 0 0 0 1 0 0 0 0 2 0 2 2 2 3 5 2 6 0 3 6 1 2 5 5 16 6 9 4 2 2 11 0 0 0 1 0 0 0 1 0 0 0 0 0 0 0 0 0 0 0 0 0 0 3 0 2 0 1 1 3 5 1 2 2 8 2 17 12 18 3 0 0 17 0 2 1 2 0 1 1 0 0 11 
3 0 1 0 1 0 0 1 0 1 0 2 1 0 0 1 1 0 0 0 0 0 0 1 1 0 0 0 1 16 2 8 12 3 5 4 21 5 39 9 12 1 55 69 43 47 41 8 12 95 1 1 11 2 1 5 3 2 0 1 1 0 0 0 0 0 0 0 0 0 0 1 6 1 15 6 3 3 18 9 4 4 19 43 8 46 11 64 12 0 0 96 21 18 21 21 3 5 3 4 2 42 
0 4 1 2 0 1 1 1 0 0 1 0 1 1 0 2 0 1 0 0 0 0 0 1 2 0 0 4 0 5 0 1 7 0 6 3 26 4 29 10 12 4 16 61 24 57 28 11 11 99 4 3 4 3 2 1 5 1 0 0 1 1 0 1 0 2 0 0 0 0 0 0 2 2 5 8 1 5 16 4 5 11 7 26 13 27 8 47 6 0 0 72 14 16 13 17 0 5 3 0 1 21 
0 0 1 0 0 0 0 0 0 0 0 1 2 0 0 1 0 0 0 0 0 0 0 1 0 0 0 0 0 6 0 1 6 0 3 0 7 2 15 4 0 1 7 10 8 17 4 0 4 13 0 3 0 1 0 0 0 1 0 0 0 0 0 0 0 1 0 0 0 0 0 0 0 0 1 1 0 1 13 0 0 5 2 9 1 11 2 12 2 0 0 16 4 4 6 6 2 2 3 1 1 5 
1 0 1 0 0 0 0 0 0 0 0 0 0 0 0 0 0 1 0 0 0 0 0 0 0 0 0 0 0 0 0 0 0 0 2 0 5 0 3 1 1 0 8 11 5 8 6 0 3 7 1 0 0 0 1 0 2 1 0 0 0 0 0 0 0 0 0 0 0 0 0 0 0 0 5 2 0 0 3 2 1 1 1 4 3 2 1 12 3 0 0 11 4 2 6 10 4 0 2 0 3 4 
4 3 4 0 0 1 2 0 2 3 1 2 4 3 3 0 0 2 1 0 0 0 1 1 0 0 0 3 4 9 2 3 47 1 3 9 29 12 57 16 24 1 64 62 31 63 40 13 14 95 8 5 8 2 4 0 0 1 0 7 0 0 0 2 1 0 0 0 0 0 1 0 0 4 13 6 3 7 19 9 14 9 16 38 12 24 16 168 28 0 0 60 9 38 29 38 5 13 12 3 5 18 
