0 0 0 3 3 6 19 24 7 4 1 20 10 38 24 4 3 0 5 0 1 5 0 18 4 0 1 3 0 0 0 0 5 0 0 1 0 1 3 1 0 0 1 4 2 2 2 2 3 33 1 3 2 0 16 0 13 0 0 1 0 0 3 1 0 0 0 1 1 0 0 0 1 0 1 0 0 0 3 1 0 0 0 0 0 3 0 6 0 0 0 0 0 0 0 0 0 0 1 0 0 7 
1 0 1 0 2 7 3 11 4 3 0 5 31 34 24 11 3 8 8 10 3 2 2 17 6 0 0 13 0 0 1 0 6 1 1 0 9 2 6 1 3 2 3 1 4 7 2 0 5 28 4 0 2 6 1 1 0 1 0 0 0 0 0 2 0 3 3 0 0 0 0 2 2 2 0 0 0 0 1 0 0 0 0 1 0 3 0 15 5 0 0 1 1 5 6 0 0 0 0 0 0 8 
8 2 3 2 2 6 3 9 9 20 0 8 34 11 30 11 5 9 13 0 2 5 3 7 6 0 0 23 3 2 0 1 6 0 2 0 3 2 3 7 1 0 1 2 3 4 3 3 5 32 7 1 9 0 0 0 0 0 0 1 0 0 0 0 0 1 1 1 0 0 1 0 0 0 0 1 0 0 1 0 1 1 1 1 0 4 1 17 1 0 0 2 1 0 1 0 0 0 0 0 0 5 
9 5 0 0 1 0 3 6 1 3 0 0 1 4 3 0 9 3 0 1 0 1 0 0 1 0 0 1 0 0 0 0 1 0 0 0 0 0 0 0 0 0 0 0 0 3 0 1 0 4 2 0 0 0 0 0 1 0 0 0 2 0 0 0 2 0 0 0 0 0 3 0 0 4 1 0 0 0 0 0 0 0 0 2 0 0 0 2 0 0 0 0 0 1 0 0 0 0 0 0 0 2 
14 9 0 0 0 1 4 0 3 1 2 5 7 3 6 0 3 4 1 2 0 1 0 9 2 0 0 6 1 0 0 0 0 0 0 0 0 0 2 2 2 0 0 0 1 1 1 0 0 16 5 0 1 0 0 1 1 0 0 0 0 0 0 0 1 2 0 1 0 0 1 1 1 1 0 0 0 0 1 0 0 0 0 0 0 0 0 6 1 0 0 2 0 0 0 1 0 0 0 0 1 3 
22 7 9 3 1 0 0 0 3 0 3 9 11 5 11 3 3 5 6 2 2 4 0 29 4 2 0 12 0 0 0 0 5 1 0 0 0 2 0 1 4 1 6 3 7 0 1 0 1 18 5 0 0 0 2 0 0 2 0 0 0 0 0 0 0 0 0 0 0 0 0 0 0 6 0 0 0 0 1 0 0 2 1 0 0 4 1 3 0 0 0 0 0 0 0 0 0 0 1 0 0 2 
16 9 7 7 4 6 1 1 4 1 0 1 5 3 5 2 6 2 9 5 3 3 1 13 5 0 0 7 0 0 0 0 5 0 2 0 0 2 0 0 3 2 14 3 2 3 2 0 0 10 2 1 5 11 0 0 0 0 0 0 0 0 0 0 0 5 1 2 0 0 0 0 0 3 0 2 0 1 0 0 0 0 0 1 0 0 2 4 0 0 0 1 0 0 0 0 0 0 3 0 0 4 
13 11 1 0 8 3 3 0 0 1 0 3 18 9 7 4 3 7 5 1 2 7 1 18 7 0 0 11 11 0 0 1 3 1 0 0 0 0 4 3 5 0 7 0 1 0 3 1 1 31 6 1 2 0 0 1 0 0 0 0 0 0 0 0 0 1 0 1 20 0 0 1 0 5 3 1 0 0 0 0 0 0 0 0 0 0 0 3 0 0 0 0 0 0 0 0 0 0 0 0 0 7 
6 5 29 5 0 2 4 0 2 4 0 3 16 3 3 2 5 16 10 10 4 5 12 14 1 1 0 4 0 2 0 0 1 0 1 0 0 0 0 5 1 0 0 0 4 0 7 0 0 14 0 0 0 1 0 2 0 0 0 0 0 0 0 1 0 0 0 0 0 0 0 1 1 0 0 0 0 0 0 0 0 0 0 0 0 0 0 2 1 0 0 0 0 0 0 0 0 1 1 0 0 15 
9 5 5 0 10 3 3 1 1 0 1 2 0 3 4 1 5 2 4 1 1 0 2 29 4 0 0 7 1 1 0 0 1 0 0 0 0 0 0 1 0 0 28 0 0 0 1 0 0 15 2 1 0 0 0 0 0 0 0 0 0 0 0 0 0 0 0 0 0 0 0 0 0 4 0 1 0 0 0 0 0 0 0 0 0 0 0 0 0 0 0 2 0 0 0 0 0 0 0 0 1 0 
2 3 0 0 1 7 6 1 1 0 1 5 1 2 0 0 1 5 1 2 1 2 1 4 1 1 0 5 0 0 1 0 0 0 0 0 0 0 2 0 0 0 9 1 0 7 0 1 1 5 2 0 1 1 0 0 0 0 0 0 0 0 0 0 0 0 0 0 0 0 0 0 0 0 0 1 0 0 2 0 0 0 0 0 0 0 0 1 0 0 0 0 0 0 0 0 0 0 0 0 0 2 
5 19 8 1 6 13 2 12 1 3 0 0 0 0 2 7 5 0 12 1 0 7 1 10 11 2 0 6 2 1 0 0 0 0 0 1 0 0 1 1 1 0 1 0 3 4 0 0 0 11 2 1 3 2 0 0 0 1 0 0 2 0 0 0 0 2 0 0 0 0 1 0 0 0 1 0 0 0 2 0 0 0 0 0 0 0 0 1 0 0 0 3 0 0 0 0 0 0 0 0 0 5 
9 12 6 1 13 6 5 6 14 3 3 0 3 0 1 7 5 10 7 9 17 4 1 17 5 0 0 6 0 11 0 0 6 0 0 0 4 0 1 1 0 0 0 0 1 1 0 0 6 38 2 1 0 0 0 0 0 0 0 0 0 0 0 0 0 0 0 0 5 0 1 0 0 0 2 0 0 0 0 0 0 0 0 0 0 0 0 2 1 0 0 1 1 0 0 0 0 1 1 0 0 2 
2 10 6 0 3 1 3 9 3 8 0 1 0 2 0 0 1 1 8 9 6 3 2 16 8 0 1 29 2 1 0 0 0 0 0 0 0 0 0 1 1 0 1 0 1 0 0 1 0 6 3 0 2 1 0 0 1 0 0 0 0 0 0 0 0 0 0 0 0 0 0 0 0 0 0 0 0 0 1 0 0 0 0 0 0 0 0 1 0 0 0 1 0 5 0 0 0 0 0 0 0 0 
5 12 22 1 3 7 4 16 4 9 3 2 7 0 0 0 4 0 2 0 3 5 5 20 14 2 0 31 1 1 0 0 3 0 0 0 0 0 0 2 0 0 0 0 1 1 0 0 1 6 0 0 0 4 2 0 11 0 0 0 0 1 0 0 0 0 0 0 0 0 0 0 0 0 1 0 0 0 1 0 0 0 0 0 0 1 0 0 0 0 0 0 0 0 0 0 0 0 0 0 0 0 
7 6 5 4 2 6 7 32 5 3 1 5 1 0 0 1 2 1 0 2 2 3 1 17 9 5 1 19 1 6 0 1 6 0 0 0 4 1 0 0 2 0 2 0 2 0 2 1 0 12 8 2 3 1 0 0 0 0 0 1 0 0 0 0 0 0 0 0 0 0 0 0 0 0 1 2 0 0 1 0 0 0 0 0 0 0 0 6 1 0 0 0 1 0 0 0 0 0 0 0 0 4 
19 5 2 0 1 1 4 29 3 12 1 3 14 13 3 0 1 0 3 2 7 3 14 42 1 1 0 13 2 13 1 8 21 0 2 0 1 1 0 1 3 0 4 3 16 2 14 1 3 23 6 2 1 0 0 0 0 0 0 1 0 0 0 0 0 0 0 0 0 0 0 0 0 1 0 1 0 0 0 0 0 0 0 0 2 0 0 5 1 0 0 1 0 0 0 0 0 0 0 0 0 4 
3 5 6 2 3 2 2 16 2 3 4 2 6 2 7 6 0 0 0 0 4 0 1 16 1 0 0 14 1 2 5 1 7 0 0 0 1 0 1 2 6 0 0 1 1 2 6 1 1 34 4 1 2 0 0 0 0 1 0 2 1 0 0 0 0 0 0 0 0 0 1 0 0 0 3 1 0 1 1 0 0 0 0 0 0 0 0 8 0 0 0 1 0 0 0 0 0 0 0 0 0 3 
7 8 8 0 4 2 2 4 0 4 1 6 0 5 3 3 2 0 0 1 5 3 0 21 5 6 0 16 0 0 1 0 2 0 0 0 1 0 1 0 0 0 0 1 2 1 5 0 0 12 1 2 0 0 3 0 1 1 0 1 0 0 0 1 0 0 0 0 0 0 0 0 0 0 0 0 0 1 0 0 0 0 0 0 0 0 0 0 0 0 0 0 0 0 0 0 0 0 0 0 0 1 
14 14 7 0 0 3 4 0 1 5 7 9 3 9 3 9 1 1 0 0 1 0 4 12 4 3 0 28 0 18 0 1 6 0 4 0 2 1 2 6 2 0 0 1 0 1 0 0 5 8 4 2 3 3 0 0 1 0 0 0 0 0 0 1 1 0 0 0 0 0 0 0 0 0 1 0 0 0 0 1 0 0 0 1 0 0 0 6 2 0 0 1 0 0 0 0 0 0 0 0 0 1 
5 4 2 0 2 1 1 7 0 1 0 3 1 8 2 4 2 3 0 1 0 0 0 9 3 7 1 9 0 1 1 0 1 0 0 0 1 0 0 5 5 0 2 0 0 0 0 0 0 4 0 0 1 0 0 0 0 0 0 0 0 0 0 0 0 0 0 0 0 0 0 0 0 0 0 0 0 0 0 0 0 0 0 0 0 0 0 1 0 0 0 0 0 0 0 0 0 0 0 0 0 1 
6 12 2 0 3 5 0 2 2 0 1 1 5 14 3 17 6 3 5 1 0 0 0 6 7 5 3 19 0 0 0 0 3 2 2 0 0 0 1 2 1 0 1 0 14 2 3 1 0 16 3 0 1 1 1 0 1 1 0 1 0 0 0 0 0 0 0 0 0 0 0 0 0 0 0 0 0 0 0 0 0 0 0 0 0 0 0 3 1 0 0 0 0 0 0 0 0 0 0 0 0 0 
6 3 3 4 4 9 4 2 1 10 2 2 7 13 19 10 9 18 9 3 14 1 0 6 3 6 1 29 0 2 0 1 5 0 0 0 5 1 5 1 2 0 0 0 3 7 0 1 3 19 4 18 3 3 3 0 0 0 0 1 0 0 0 0 0 0 0 0 0 0 0 0 0 0 0 0 0 0 5 0 0 0 0 0 0 1 0 4 0 0 0 0 0 0 0 0 0 0 0 0 0 1 
17 13 14 2 1 11 7 10 5 26 20 7 36 20 26 18 46 6 31 3 9 1 0 2 1 5 1 57 2 2 0 0 10 1 0 3 8 0 8 19 15 0 4 1 9 5 14 6 15 66 9 2 5 0 2 0 1 3 0 0 0 5 0 0 0 0 0 0 0 0 0 0 0 1 1 7 0 0 9 0 0 0 1 1 0 12 0 23 1 0 0 0 0 0 0 0 0 0 0 0 0 0 
14 11 14 0 4 5 7 9 4 17 8 7 35 12 35 16 11 13 5 5 1 1 2 0 1 0 1 27 0 3 1 0 18 4 3 2 10 5 4 5 3 7 6 0 9 16 6 2 1 21 12 3 4 5 2 1 2 0 0 0 0 0 0 0 1 0 0 0 0 0 0 0 0 0 1 1 1 0 3 3 0 1 0 0 0 0 0 8 0 0 0 0 0 0 0 0 0 0 0 0 0 1 
2 0 1 0 0 0 0 0 0 0 1 1 2 3 2 2 7 4 3 0 4 5 4 23 3 0 1 5 0 0 0 0 0 0 0 0 2 0 3 0 0 0 0 0 1 0 0 5 0 1 0 0 0 0 0 6 0 0 0 0 0 0 0 0 0 0 0 0 0 0 0 0 0 0 0 0 0 0 0 0 0 0 0 0 0 0 0 0 0 0 0 0 0 0 0 0 0 0 0 0 0 0 
2 3 1 0 0 1 1 0 2 3 12 4 5 2 30 10 2 6 1 11 3 11 3 35 8 0 0 25 0 0 0 0 7 1 0 0 1 2 0 0 1 0 0 5 2 0 3 0 1 10 0 0 1 1 0 0 0 4 0 0 0 2 0 0 0 0 0 0 0 0 0 0 0 0 0 0 0 0 0 0 1 3 0 0 0 0 0 1 0 0 0 0 0 0 0 0 0 0 0 0 0 0 
10 25 9 8 4 12 4 8 3 23 19 13 31 63 41 20 38 24 32 12 21 35 33 33 26 5 2 1 0 2 0 0 19 2 3 1 14 5 8 14 21 1 3 3 15 3 12 3 6 40 15 1 5 2 0 4 1 3 0 0 0 0 1 0 1 0 0 0 0 0 0 0 0 0 5 3 0 0 9 0 0 1 0 0 1 1 0 32 1 0 0 2 0 0 1 0 0 1 2 0 0 5 
2 2 0 0 0 0 1 0 1 0 0 0 0 2 1 0 2 0 3 3 0 0 0 2 0 0 0 2 0 0 0 0 0 0 0 0 0 0 0 0 0 0 0 0 1 0 1 0 0 3 0 0 0 0 0 0 0 0 0 0 0 0 0 0 0 0 0 0 0 0 0 0 0 0 0 0 0 0 0 0 0 0 0 0 0 0 0 0 0 0 0 0 0 0 0 0 0 0 0 0 0 1 
0 4 0 0 0 0 0 3 0 0 0 2 0 0 2 2 3 1 2 1 0 2 0 7 7 0 0 2 0 3 3 4 77 3 24 50 64 36 26 13 20 0 16 14 29 16 26 1 4 119 3 2 1 3 1 1 1 2 0 1 0 1 0 1 0 4 2 0 1 1 0 0 0 0 1 1 0 0 3 0 4 0 0 0 0 1 0 24 4 0 0 10 0 5 5 2 0 2 0 0 0 19 
0 0 0 0 0 0 0 0 0 0 1 0 0 0 0 1 0 2 0 2 2 0 0 3 1 0 0 1 0 2 1 2 24 3 6 6 15 2 2 2 3 0 10 3 4 8 2 0 1 39 1 1 1 0 0 0 1 0 0 0 0 2 0 0 2 4 0 0 0 1 0 0 0 0 0 0 0 1 0 0 0 0 1 0 0 1 0 7 3 0 0 1 0 2 3 0 1 1 2 0 0 4 
1 0 0 0 1 0 0 0 0 0 0 1 1 1 3 0 2 0 3 0 1 0 0 0 1 0 0 2 0 13 3 0 19 2 7 10 26 36 15 16 14 3 8 8 17 20 21 13 13 82 7 0 5 1 1 0 4 3 0 4 0 0 0 0 1 1 1 0 0 0 0 0 0 0 2 3 0 0 4 2 0 2 0 0 1 0 0 13 4 0 0 2 2 0 0 0 0 1 0 0 0 17 
4 4 0 0 0 5 0 0 1 1 1 1 1 0 0 2 8 5 0 0 0 0 1 16 6 0 1 6 0 39 13 6 2 3 13 13 24 12 19 24 19 3 14 8 14 16 22 5 13 161 14 5 12 3 2 0 2 2 0 2 1 0 0 0 0 2 2 2 0 4 2 1 1 1 4 1 0 0 9 2 1 0 0 1 0 2 1 27 2 0 0 1 5 5 2 5 2 6 6 0 0 20 
2 0 0 0 0 0 1 0 1 0 0 0 0 0 0 1 2 0 1 0 0 0 0 2 0 0 0 2 0 11 0 6 5 0 1 0 6 0 3 4 12 1 1 0 9 3 4 5 2 32 1 1 6 6 0 0 0 0 0 1 0 0 0 0 0 0 0 0 0 0 0 0 0 0 0 0 0 1 1 0 0 0 0 0 0 1 0 5 2 0 0 0 0 1 0 0 0 0 0 0 0 8 
4 0 0 0 0 4 0 0 0 0 0 0 0 0 0 0 0 0 2 0 0 0 0 3 0 0 0 2 0 13 0 1 17 0 0 5 8 1 6 7 4 1 0 1 6 3 5 0 0 40 1 0 0 0 0 0 2 0 0 0 0 0 0 0 0 0 0 0 0 0 2 5 0 1 1 0 0 0 0 0 0 0 0 0 0 0 0 11 2 0 0 1 5 1 0 3 0 0 0 0 0 9 
1 0 0 0 0 1 0 0 0 0 0 0 0 0 0 1 1 0 0 1 0 1 0 5 2 0 0 3 0 16 0 4 15 3 0 0 19 2 2 1 5 1 8 2 3 3 1 0 6 30 2 2 1 0 0 0 0 0 0 0 0 0 0 0 0 0 0 0 0 0 2 1 0 0 0 0 0 0 1 0 0 0 0 0 0 0 0 5 1 0 0 4 0 0 0 4 0 1 1 0 0 6 
0 0 0 0 0 0 0 0 0 0 0 0 0 0 0 0 4 0 0 0 0 0 0 0 0 0 0 2 0 24 3 3 29 8 1 0 0 3 4 13 10 5 5 2 7 5 15 0 1 69 0 0 1 0 0 0 0 0 0 0 0 0 0 0 0 0 0 0 5 0 0 0 2 0 0 0 0 0 0 0 0 0 0 0 0 0 0 8 2 0 0 3 2 0 1 0 0 0 3 0 0 13 
0 1 0 0 0 4 0 0 0 0 0 0 0 0 0 0 0 1 0 1 0 0 2 0 0 0 1 2 0 29 1 11 28 3 5 1 2 0 2 17 14 0 6 15 13 12 20 3 10 153 7 0 0 0 0 0 0 0 0 0 0 1 0 1 1 1 0 0 0 1 0 0 0 1 0 0 0 0 0 0 0 0 0 0 0 0 1 26 3 0 0 0 5 0 1 0 0 0 2 0 0 9 
3 3 7 0 0 1 0 1 1 3 0 0 0 0 3 1 1 6 1 0 2 1 3 9 10 0 0 6 0 55 38 11 49 9 4 23 6 2 0 13 10 1 9 12 12 5 20 3 5 100 2 0 4 1 0 0 0 0 0 1 0 0 0 0 1 2 0 0 0 0 0 0 0 7 2 1 0 0 1 0 0 0 0 0 0 2 0 47 1 0 0 7 1 2 4 1 0 4 5 1 1 14 
7 9 7 0 4 1 0 23 0 1 2 4 6 7 2 3 1 1 2 5 9 1 2 5 10 0 0 17 9 24 2 12 79 11 19 7 18 9 4 1 0 1 5 3 9 4 9 5 4 94 5 0 3 2 0 0 1 1 0 0 0 5 0 2 1 6 0 0 0 0 0 0 1 0 0 6 0 1 1 0 4 0 0 2 2 0 0 6 3 0 0 1 6 1 0 15 0 0 0 0 3 16 
4 1 7 2 1 0 0 4 0 0 1 3 1 0 4 2 4 1 0 3 2 0 0 8 1 1 0 2 0 23 1 3 46 3 4 6 14 9 4 1 1 1 4 12 2 2 14 2 4 51 0 0 2 0 0 0 0 0 0 0 1 7 0 0 0 0 0 1 2 1 0 0 0 0 1 0 0 0 2 0 0 4 0 0 0 0 1 2 3 0 0 0 1 0 0 1 0 0 0 0 1 5 
2 1 0 0 0 12 0 2 0 3 0 0 0 4 0 1 0 1 0 0 0 0 0 5 2 0 0 2 0 5 0 2 17 0 2 0 14 2 4 8 0 0 1 1 3 0 1 0 0 28 2 0 0 0 1 0 0 0 0 0 0 0 0 0 0 0 0 0 0 0 0 1 1 0 1 0 0 0 1 0 0 3 1 1 4 0 0 13 1 0 0 0 0 2 0 0 0 1 0 0 1 6 
0 7 0 0 0 0 0 10 0 0 1 0 7 0 0 0 1 0 0 1 0 0 0 2 0 0 0 1 0 6 12 5 33 0 10 6 29 9 11 7 0 1 1 0 2 2 0 2 1 8 2 0 0 3 1 0 0 1 0 0 0 0 0 0 1 0 0 0 0 0 0 1 0 1 3 1 0 1 1 3 6 1 2 6 0 1 0 15 0 0 0 0 7 0 0 11 0 4 0 0 0 41 
3 2 0 0 0 19 3 0 0 1 0 0 0 1 0 1 3 0 0 0 0 0 0 3 1 0 0 4 0 7 0 2 37 0 2 0 8 15 20 5 1 1 1 0 2 4 0 1 6 20 4 0 3 2 0 0 0 0 0 2 0 0 0 0 8 0 0 0 0 0 0 0 0 1 0 3 0 1 3 1 1 3 0 12 10 6 0 14 0 0 0 4 3 1 1 1 2 0 0 6 0 35 
7 2 0 0 1 4 0 0 0 0 0 0 0 1 0 0 6 2 0 0 0 0 1 12 6 0 0 6 3 15 0 5 39 0 1 5 20 11 6 8 2 0 1 2 4 3 4 0 1 14 1 0 5 1 0 0 0 0 0 0 0 0 0 4 1 1 0 0 0 1 1 0 0 0 2 2 0 0 2 0 0 0 0 1 2 2 0 11 0 0 0 1 0 0 2 3 0 1 4 1 0 7 
1 2 0 0 0 4 0 1 0 2 0 0 0 0 0 0 4 1 7 0 0 1 1 7 3 1 0 9 0 10 4 6 47 0 0 3 10 14 3 5 3 1 0 3 2 1 6 3 6 17 3 0 2 0 0 0 0 0 0 1 0 1 1 1 0 0 0 0 0 0 0 0 0 3 4 2 0 2 2 5 2 1 2 4 1 2 0 17 1 0 0 1 1 0 0 4 0 0 1 0 0 13 
3 1 3 0 0 0 5 1 0 2 1 3 1 0 0 0 1 0 0 5 1 0 0 4 2 0 0 9 0 19 0 3 40 0 1 3 13 9 6 3 5 1 3 2 6 1 1 1 1 2 7 0 2 1 1 0 0 0 0 0 0 2 0 1 0 0 0 0 0 1 0 0 0 1 1 8 0 0 0 0 1 1 0 1 2 0 0 29 2 0 0 0 0 3 2 1 0 1 0 0 0 13 
1 4 0 0 0 3 3 10 0 0 3 1 0 0 0 0 0 0 1 0 0 0 3 5 11 5 0 11 0 9 1 4 47 3 4 3 22 6 9 16 4 3 9 0 20 9 7 2 0 22 1 0 3 1 0 0 0 1 0 1 1 0 0 0 0 0 0 1 0 0 1 0 0 1 1 3 0 1 0 1 0 1 1 4 4 5 11 34 0 0 0 4 14 7 2 3 0 1 1 10 0 19 
4 8 0 0 3 2 0 0 2 1 1 0 0 0 0 0 4 12 1 0 0 0 2 13 3 0 0 10 0 12 1 11 48 0 2 2 15 19 10 3 5 1 11 11 8 17 23 5 1 12 2 4 1 0 0 0 0 1 0 0 0 0 0 1 0 2 0 0 0 0 5 0 0 0 3 2 0 0 3 3 0 2 2 1 2 0 0 32 3 0 0 5 0 4 4 0 0 3 7 2 1 17 
11 12 12 2 4 6 5 1 2 2 1 4 7 6 7 0 10 8 3 1 1 2 5 30 7 0 0 30 0 54 2 18 201 9 22 22 63 24 15 19 9 2 2 13 12 13 12 14 4 3 15 1 17 7 0 0 1 2 0 1 1 0 0 0 1 5 0 2 4 2 1 0 3 7 9 7 1 1 10 6 0 9 2 11 6 11 0 86 4 0 0 8 1 6 1 3 0 15 5 0 0 51 
3 4 3 0 0 0 0 0 2 10 0 0 3 16 2 4 2 2 1 0 0 3 0 30 6 3 0 13 1 1 0 4 33 7 8 0 8 1 0 0 1 0 3 2 1 13 1 1 1 15 1 0 2 3 4 0 5 4 0 16 14 3 0 5 5 5 5 16 0 3 0 4 7 13 4 5 5 1 8 2 2 3 8 9 5 5 1 30 5 0 0 7 0 5 2 1 1 1 3 0 0 14 
1 1 0 0 0 1 1 0 0 1 0 0 3 1 0 0 0 0 2 0 1 0 0 8 2 1 0 3 0 3 2 3 17 2 0 2 8 0 2 2 0 0 0 1 1 7 3 0 6 4 0 0 0 1 0 0 1 1 0 5 1 0 0 2 3 4 1 2 0 2 1 0 0 5 0 2 0 8 8 0 1 0 0 2 8 0 0 8 3 0 0 6 1 4 0 3 0 1 1 0 0 5 
2 2 2 0 0 0 8 1 0 0 0 1 0 0 1 1 1 2 0 2 0 1 1 4 2 0 0 6 0 2 1 1 20 2 9 1 2 1 0 2 0 0 0 2 0 2 1 0 2 17 3 0 0 0 1 0 0 0 0 2 0 1 0 1 0 1 1 6 0 4 1 0 1 1 0 0 0 1 0 0 0 0 0 1 6 5 0 15 2 0 0 2 0 0 1 0 0 7 1 0 0 10 
7 0 0 0 1 0 0 0 0 1 0 1 0 4 0 3 1 0 1 0 1 0 0 2 2 0 0 0 0 2 0 0 11 2 0 5 0 0 1 1 1 0 7 0 0 5 0 0 1 7 22 10 0 0 0 0 1 1 0 20 1 0 0 7 2 1 4 4 0 0 0 1 1 1 0 0 0 0 2 5 2 0 3 3 13 2 1 8 2 0 0 1 5 2 0 0 0 3 11 0 0 7 
2 1 3 1 0 0 2 0 0 0 0 0 0 0 1 0 0 1 0 1 0 1 4 10 3 0 0 2 0 2 0 1 4 1 0 0 1 0 1 0 0 0 0 2 0 1 1 2 0 8 11 21 9 1 2 0 0 0 0 14 0 0 0 1 1 1 3 3 0 9 0 2 6 6 8 1 0 0 8 3 0 0 0 2 0 0 0 7 1 0 0 0 0 0 0 0 0 2 1 0 1 6 
1 0 2 0 6 0 0 0 1 0 0 0 0 0 0 0 0 0 1 0 0 0 0 2 2 0 0 8 0 0 0 0 5 4 0 0 0 0 5 0 1 0 0 0 1 1 1 0 0 4 1 47 0 2 0 0 0 0 0 7 0 3 0 2 0 2 0 0 0 0 0 3 2 8 3 0 0 0 5 0 1 0 1 1 2 0 0 1 3 0 0 0 0 0 0 0 0 0 0 0 1 2 
1 0 0 0 0 0 0 0 0 0 0 0 0 0 0 2 0 2 0 0 0 0 0 6 1 0 0 1 0 0 0 1 22 1 1 2 0 0 4 1 0 0 2 0 0 0 0 1 0 1 6 0 3 0 1 0 0 0 0 2 4 0 0 0 1 4 17 3 0 6 0 18 2 3 2 9 0 0 1 0 0 0 0 1 0 1 0 9 0 0 0 0 1 0 1 0 0 0 1 0 1 7 
0 3 2 0 0 0 0 1 0 2 0 4 6 1 3 1 0 5 1 0 0 1 0 5 3 0 1 5 0 5 0 0 11 5 3 0 3 0 1 0 3 0 1 0 1 1 0 0 1 16 4 6 9 0 2 0 0 0 0 4 0 0 1 1 1 9 0 3 0 2 0 1 4 2 3 1 0 0 3 1 1 0 2 4 4 0 0 7 1 0 0 4 1 0 0 0 0 1 1 0 0 3 
0 0 0 0 0 0 0 0 0 0 0 0 0 0 0 0 0 0 0 0 0 0 0 0 0 0 0 0 0 0 0 0 0 0 0 0 0 0 0 0 0 0 0 0 0 0 0 0 0 0 0 0 0 0 0 0 0 0 0 0 0 0 0 0 0 0 0 0 0 0 0 0 0 0 0 0 0 0 0 0 0 0 0 0 0 0 0 0 0 0 0 0 0 0 0 0 0 0 0 0 0 0 
10 1 1 0 0 2 1 0 0 0 2 1 0 0 1 0 0 2 0 0 0 0 0 14 6 0 0 6 0 1 0 1 6 2 0 0 1 2 0 0 0 0 2 0 0 1 0 0 0 2 10 0 9 1 4 1 0 3 0 1 0 1 0 0 3 9 2 1 1 1 0 3 2 9 3 2 0 1 2 0 1 8 0 0 0 0 1 4 0 0 0 3 0 0 0 0 0 1 0 0 0 3 
0 0 0 0 0 0 0 0 0 0 0 0 0 0 0 0 0 0 0 0 0 0 0 1 0 0 0 1 0 0 0 0 3 0 0 0 0 0 0 0 0 1 0 0 0 1 0 0 1 10 1 0 2 5 3 0 0 0 0 0 0 0 0 0 2 1 0 2 0 0 1 0 1 2 0 0 0 0 4 0 0 0 0 0 0 1 0 5 0 0 0 0 0 0 0 1 0 0 0 0 0 3 
0 0 0 0 0 0 0 0 1 0 0 0 0 0 0 0 0 0 0 0 0 0 0 0 0 0 0 0 0 0 0 0 2 0 0 0 1 0 0 3 0 0 0 0 1 0 0 0 0 2 2 0 1 0 1 0 0 0 0 0 0 0 0 0 0 0 0 0 0 0 0 0 0 0 0 0 0 0 2 0 0 0 0 0 0 0 0 0 0 0 0 0 0 0 0 0 0 0 0 0 0 0 
0 0 0 0 0 0 0 0 0 0 0 1 0 0 0 0 0 0 0 0 0 0 0 1 0 0 0 0 0 0 0 0 0 0 0 0 1 0 0 0 0 0 2 0 0 0 0 0 0 0 1 0 2 0 0 0 0 5 0 1 0 0 0 0 1 0 0 0 1 0 0 0 0 1 0 0 0 0 0 1 2 0 0 0 0 1 0 0 0 0 0 0 0 0 0 0 0 0 0 0 0 2 
1 1 0 0 0 0 0 0 0 0 0 2 3 0 0 0 0 0 0 0 0 0 0 1 0 0 0 0 0 0 0 0 2 0 0 1 2 1 0 3 3 0 0 1 1 0 11 0 1 13 1 4 6 2 2 0 0 1 0 2 0 0 0 0 0 1 0 0 0 2 1 2 0 1 0 0 0 1 15 1 0 0 0 0 0 0 0 1 0 0 0 0 0 0 0 0 0 1 0 0 0 4 
1 9 2 0 1 0 1 2 0 0 0 0 0 0 0 0 0 0 0 0 1 0 0 0 0 0 0 1 0 2 0 1 9 0 0 2 0 0 0 1 2 0 2 0 15 1 0 1 3 7 7 3 8 2 1 0 1 0 0 3 10 0 0 0 0 1 0 5 0 4 1 3 4 7 1 1 2 0 8 5 0 0 0 0 0 0 1 3 0 0 0 0 0 0 0 0 0 0 0 0 0 1 
7 2 1 0 1 0 0 1 0 0 0 0 0 1 0 0 0 0 0 0 0 0 0 0 0 0 0 0 0 5 0 4 11 0 2 0 1 0 1 0 0 0 0 0 2 2 2 0 0 14 21 5 4 3 1 5 15 2 0 17 0 3 0 8 0 2 0 0 1 4 16 15 1 3 4 4 2 1 12 5 0 1 1 0 0 1 0 2 1 0 0 1 0 0 0 0 0 0 0 0 0 0 
2 0 0 0 0 2 0 0 0 0 0 2 0 0 0 0 0 0 0 0 0 0 0 0 0 0 0 0 0 0 0 0 5 0 0 0 0 0 0 0 0 0 0 1 1 0 0 0 0 4 1 0 3 1 1 1 0 0 0 0 0 5 0 0 0 0 1 0 1 0 0 0 1 2 0 0 2 0 2 0 1 0 0 0 0 0 0 3 1 0 0 0 0 0 0 0 0 0 0 0 0 0 
1 1 2 0 0 0 0 4 0 0 1 0 0 0 0 0 0 0 0 0 0 0 0 0 0 0 0 0 0 2 0 0 8 0 0 0 0 1 2 0 0 0 0 0 1 0 0 0 0 4 0 0 15 1 1 1 0 1 0 0 0 3 0 0 4 0 0 0 0 2 0 1 2 7 4 0 0 0 7 0 1 0 1 0 0 3 0 0 0 0 0 0 0 0 0 0 0 0 0 0 0 1 
1 0 0 0 1 0 0 0 0 0 0 0 0 0 0 0 0 0 0 0 0 0 0 0 0 0 0 0 0 0 0 9 7 0 0 0 5 0 0 0 1 0 0 0 0 1 0 0 0 3 1 1 5 1 0 0 0 2 0 0 0 0 0 0 1 0 6 0 0 1 3 0 0 3 1 4 0 0 2 0 11 0 0 0 0 0 0 3 0 0 0 0 0 0 0 0 0 0 0 0 0 0 
0 7 0 0 0 2 3 0 0 6 4 0 0 0 0 0 0 0 0 0 0 0 0 0 0 0 0 0 0 0 1 0 6 0 0 0 1 0 2 0 0 0 1 1 0 2 0 2 1 2 7 1 6 5 3 10 1 0 0 1 8 1 1 5 0 1 0 2 1 0 0 0 3 9 1 0 0 0 20 3 1 1 1 0 0 0 1 2 0 0 0 0 0 0 0 0 0 0 0 0 0 0 
2 3 0 1 1 2 1 0 1 1 0 0 2 0 0 0 0 0 0 0 0 0 0 0 0 0 0 0 1 0 2 0 7 2 6 0 9 4 4 1 2 1 3 0 0 2 3 0 2 27 5 0 13 0 1 5 0 5 0 13 1 7 1 0 12 29 2 21 10 7 1 1 8 6 4 3 1 0 7 1 0 2 0 0 6 0 0 6 0 0 0 1 0 0 0 0 0 0 0 0 0 2 
1 1 0 0 0 1 0 0 6 3 0 0 0 0 0 0 0 0 0 0 0 0 0 0 0 0 0 0 0 0 0 0 13 10 0 0 4 1 4 0 2 0 1 0 1 5 12 1 0 31 24 2 8 0 3 1 0 1 0 5 0 0 1 3 1 6 1 7 6 6 0 0 1 2 0 0 0 0 3 0 0 0 0 2 0 0 0 3 0 0 0 0 1 0 0 0 0 0 0 0 0 2 
2 1 2 0 0 0 0 0 0 0 0 0 0 1 0 0 0 0 0 0 0 0 0 0 0 0 0 0 0 0 0 0 1 0 0 2 1 0 1 0 1 1 0 0 1 1 1 0 1 5 11 3 0 3 7 19 1 2 0 0 4 0 0 1 3 3 1 7 2 5 0 5 1 1 0 0 1 3 7 0 4 0 0 2 2 0 0 0 0 0 0 1 0 0 0 0 0 0 0 0 0 0 
0 2 3 1 1 1 0 0 0 0 0 0 2 1 0 0 0 0 0 0 0 0 0 1 0 0 0 0 0 0 0 0 0 1 2 0 0 0 2 0 0 0 0 0 0 2 0 6 0 5 10 0 12 7 1 4 2 1 0 19 0 1 0 5 1 15 1 1 6 18 0 6 1 1 1 0 0 0 5 0 0 1 0 0 0 1 0 7 0 0 0 0 0 0 0 0 0 1 1 0 0 1 
2 0 1 0 0 1 14 8 2 0 0 2 11 2 8 4 1 2 0 14 0 0 1 7 6 0 1 6 0 4 0 3 27 22 0 0 14 1 3 18 0 0 20 8 22 12 12 1 8 38 1 0 9 8 0 0 7 13 0 12 1 5 1 11 3 1 7 2 1 2 2 0 1 8 0 0 8 14 47 10 10 15 29 118 25 27 6 47 5 0 0 9 3 5 8 1 3 17 8 0 0 23 
2 2 1 0 0 2 0 6 7 1 2 0 6 0 2 0 0 0 0 0 1 0 0 2 0 0 0 8 0 2 1 3 9 2 1 0 1 2 0 0 0 0 2 9 4 4 2 1 2 26 12 16 2 0 2 1 3 0 0 4 3 0 0 8 2 0 1 0 3 1 0 1 3 1 0 4 5 13 43 16 10 1 21 40 11 3 1 33 3 0 0 4 4 1 0 0 0 1 5 0 0 12 
0 0 0 0 0 0 0 0 0 0 0 0 6 0 1 0 0 0 0 0 0 0 0 2 2 0 0 1 0 5 0 0 0 0 0 0 1 0 0 0 0 0 1 12 0 0 1 1 0 12 0 0 0 1 0 0 0 0 0 5 0 0 0 0 0 0 0 1 0 0 0 0 0 2 0 3 0 4 13 7 1 5 1 23 0 12 0 19 1 0 0 1 0 0 1 3 0 1 0 1 0 4 
0 0 1 0 0 0 0 0 0 1 1 0 0 0 0 0 1 0 0 0 0 0 0 6 2 0 0 1 0 1 1 1 5 0 0 0 3 0 0 1 2 2 3 3 6 4 4 0 2 47 5 2 6 4 1 2 0 3 0 0 12 0 0 8 0 1 0 1 0 2 2 1 3 8 7 3 1 5 5 2 2 1 2 26 13 4 8 52 5 0 0 1 5 2 11 2 1 2 9 0 4 17 
7 12 0 0 0 2 1 3 1 0 0 0 0 3 5 1 2 1 0 1 0 0 4 11 1 2 1 7 0 4 0 4 14 4 0 0 0 0 0 1 1 0 12 10 4 4 1 4 7 36 33 18 9 17 6 4 0 1 0 18 0 1 1 9 5 15 11 4 0 14 11 1 12 23 6 5 4 0 4 1 2 4 6 35 24 7 2 35 8 0 0 12 4 2 7 6 1 1 0 0 0 15 
0 0 0 0 0 0 0 0 0 0 0 0 0 1 0 0 0 1 0 0 2 1 0 1 2 0 0 2 0 3 0 0 1 0 0 1 0 0 1 1 2 1 2 4 7 11 5 0 1 14 8 2 1 6 4 0 0 0 0 0 0 0 10 0 0 2 1 0 0 1 4 0 1 1 8 0 6 0 1 0 0 1 5 31 30 3 5 18 11 0 0 8 4 9 6 4 1 0 10 0 0 25 
1 0 0 0 0 0 0 0 0 0 1 0 0 0 0 0 0 1 0 0 0 0 0 1 0 0 0 0 0 0 0 0 7 2 0 0 0 0 0 1 0 0 10 15 8 2 3 1 2 33 2 5 4 4 0 0 0 0 0 0 0 10 0 1 0 0 0 0 0 1 1 0 8 2 4 1 0 4 2 8 0 1 3 44 14 13 6 21 2 0 0 10 8 0 2 3 0 7 2 0 1 10 
0 0 0 0 0 0 0 0 0 0 0 0 0 0 0 0 0 0 0 0 0 0 0 3 0 0 0 1 0 0 0 0 1 0 0 0 0 0 0 0 0 0 2 0 0 1 1 0 1 6 1 0 1 0 0 0 0 1 0 0 1 0 0 0 0 0 0 0 0 0 1 0 0 2 1 1 0 0 3 1 0 0 0 7 8 3 0 19 3 0 0 0 0 1 5 0 0 4 4 1 3 9 
1 0 0 0 0 1 0 0 1 0 0 0 0 0 0 0 0 0 0 0 0 0 0 1 0 0 0 0 0 3 0 1 3 0 0 0 0 0 1 3 0 0 5 3 10 4 1 0 4 11 4 1 3 2 0 0 0 3 0 1 0 1 0 0 0 0 0 1 0 0 0 0 1 11 6 3 0 0 5 2 2 0 0 12 5 7 2 42 4 0 0 18 1 3 0 5 0 2 5 0 1 13 
0 1 1 0 1 1 0 0 0 0 0 0 0 0 0 0 0 0 0 0 0 0 0 0 0 0 0 1 0 0 0 0 3 0 0 0 0 0 0 2 0 0 12 2 1 0 2 0 3 24 3 2 4 2 5 4 3 0 0 4 2 1 0 0 0 1 0 0 0 3 0 0 0 2 6 1 0 1 34 26 3 1 2 3 4 11 7 29 4 0 0 3 2 3 11 0 1 4 2 3 0 19 
0 1 1 5 0 0 2 1 0 0 0 0 0 0 0 0 0 0 0 0 0 0 0 0 0 0 0 1 0 0 0 0 1 0 0 0 0 0 1 1 4 0 44 12 11 20 10 1 2 20 8 1 8 0 0 0 0 5 0 2 0 0 0 0 0 1 0 0 0 0 0 0 2 1 0 6 1 9 11 4 37 8 1 4 2 12 4 46 3 0 0 18 7 3 12 1 1 4 9 0 4 37 
2 1 2 0 0 0 3 1 0 0 0 0 0 0 0 1 0 0 1 0 1 0 0 4 1 0 0 2 0 1 1 1 14 4 0 0 5 1 8 0 1 0 9 0 2 13 3 0 13 19 3 0 5 5 0 0 6 0 0 1 0 0 0 0 1 1 1 0 0 0 0 1 0 8 2 3 0 1 4 2 6 1 1 0 3 2 0 27 0 0 0 26 24 8 3 4 0 4 0 0 2 13 
4 4 5 1 0 1 0 0 0 4 0 0 0 0 0 1 0 0 3 0 0 0 0 2 3 0 0 9 0 4 0 1 9 1 0 0 4 12 1 0 1 0 10 5 0 6 3 0 2 9 3 0 3 0 1 0 0 1 0 0 4 0 0 0 0 0 0 0 0 0 0 2 0 5 5 4 0 1 10 7 3 8 2 7 2 3 1 4 2 0 0 14 1 8 4 2 1 11 3 0 1 24 
15 13 3 0 2 3 2 1 1 2 1 0 0 0 1 2 6 5 1 1 1 0 1 13 8 0 0 14 0 22 1 25 58 3 2 8 14 8 17 0 5 0 15 14 7 21 24 23 7 152 11 2 31 8 1 1 2 2 0 5 1 0 0 0 1 0 0 0 0 4 1 2 4 10 16 18 9 8 33 8 10 17 23 17 7 9 6 7 3 0 0 14 7 6 1 17 3 15 10 4 4 98 
0 0 0 0 0 0 0 0 0 0 0 1 0 0 0 0 0 1 2 0 0 0 0 4 0 0 0 3 0 5 0 1 9 0 2 2 4 1 0 1 2 2 6 2 4 2 1 2 0 7 0 1 1 3 1 0 0 0 0 3 0 0 0 0 2 0 0 1 0 0 0 0 0 1 5 0 0 1 3 2 2 0 2 1 3 3 7 23 0 0 0 7 1 3 4 7 1 0 0 1 0 18 
0 0 0 0 0 0 0 0 0 0 0 0 0 0 0 0 0 0 0 0 0 0 0 0 0 0 0 0 0 0 0 0 0 0 0 0 0 0 0 0 0 0 0 0 0 0 0 0 0 0 0 0 0 0 0 0 0 0 0 0 0 0 0 0 0 0 0 0 0 0 0 0 0 0 0 0 0 0 0 0 0 0 0 0 0 0 0 0 0 0 0 0 0 0 0 0 0 0 0 0 0 0 
0 0 0 0 0 0 0 0 0 0 0 0 0 0 0 0 0 0 0 0 0 0 0 0 0 0 0 0 0 0 0 0 0 0 0 0 0 0 0 0 0 0 0 0 0 0 0 0 0 0 0 0 0 0 0 0 0 0 0 0 0 0 0 0 0 0 0 0 0 0 0 0 0 0 0 0 0 0 0 0 0 0 0 0 0 0 0 0 0 0 0 0 0 0 0 0 0 0 0 0 0 0 
1 0 0 0 0 0 1 0 9 2 0 0 0 0 0 0 0 0 0 0 0 0 0 3 1 0 0 0 0 3 0 0 6 0 3 2 1 2 0 2 4 0 2 0 2 1 1 1 0 2 5 0 1 0 0 0 0 0 0 0 0 0 0 1 0 0 0 0 0 0 0 0 1 0 0 0 0 0 15 1 1 1 13 0 4 4 2 32 1 0 0 3 8 0 0 8 0 0 0 0 2 20 
0 3 0 0 0 0 0 0 0 0 0 0 0 0 0 0 0 0 0 0 0 0 0 0 0 0 0 1 0 4 1 0 10 0 0 1 5 2 0 1 0 0 3 0 5 0 3 1 1 6 3 1 7 0 0 0 0 0 0 0 0 0 0 0 0 0 0 0 0 0 0 0 0 0 4 1 0 0 1 2 1 2 0 8 1 2 0 19 0 0 0 1 0 0 0 0 0 1 1 0 0 11 
0 2 1 0 0 1 0 0 0 1 0 0 0 0 1 1 1 0 0 0 0 0 0 0 0 0 0 1 0 5 0 0 10 3 0 2 2 1 1 0 1 1 2 5 3 8 4 1 0 27 15 1 5 0 0 0 1 1 0 0 0 0 0 0 1 0 0 0 0 0 0 0 0 0 4 2 1 1 3 5 0 2 1 13 1 1 2 17 10 0 0 3 1 0 0 2 0 0 2 1 1 35 
0 0 0 0 0 0 0 0 0 0 0 0 0 0 0 0 0 0 0 0 0 0 0 0 0 0 0 0 0 4 0 0 6 0 0 0 1 0 0 0 1 0 1 2 2 1 2 0 1 8 6 2 0 1 0 0 0 1 0 0 0 0 0 0 0 0 0 0 0 0 0 0 0 0 0 3 0 9 9 4 0 3 2 3 2 4 3 17 2 0 0 0 3 0 0 0 0 2 0 0 0 24 
0 3 0 0 0 0 0 0 1 3 0 0 0 1 0 0 0 0 0 0 0 0 0 0 0 0 0 2 0 1 2 0 14 0 2 1 8 1 4 2 9 0 9 23 8 3 3 1 1 14 6 5 3 0 1 0 0 3 0 0 0 0 0 0 0 0 0 0 0 0 0 0 0 0 1 3 0 1 4 13 1 2 1 3 0 3 1 34 1 0 0 4 3 0 0 0 0 4 0 0 0 36 
0 1 0 0 0 0 0 0 0 0 0 0 0 0 0 0 0 0 0 0 0 0 0 0 0 0 0 0 0 0 0 0 1 0 1 0 3 0 2 2 1 0 2 12 0 1 5 2 0 10 8 1 0 0 0 0 0 0 0 0 0 0 0 0 0 0 0 0 0 0 0 2 0 0 0 1 0 0 1 1 1 0 0 0 0 2 0 14 0 0 0 0 0 1 0 0 0 0 0 0 0 5 
1 3 0 0 0 1 1 0 1 0 1 0 1 0 0 0 0 0 0 0 0 0 0 0 0 0 0 2 3 1 0 0 3 0 1 2 17 2 0 1 1 0 2 2 4 2 8 1 1 21 1 1 4 6 1 1 0 1 0 1 0 0 0 0 0 0 1 0 0 0 0 0 0 1 1 6 0 0 26 2 5 1 1 16 6 5 0 35 1 0 0 2 0 3 3 0 0 1 3 0 0 25 
1 1 0 0 0 1 0 1 0 0 0 0 0 0 0 0 0 0 0 0 0 0 0 0 0 0 0 1 0 2 3 0 3 0 0 3 6 3 3 0 3 1 1 9 2 4 2 1 1 47 3 1 1 2 1 1 11 1 0 0 0 0 0 0 0 0 0 0 0 0 0 0 0 0 3 3 1 1 14 8 6 22 7 21 11 5 8 37 0 0 0 5 4 1 9 0 0 0 1 0 2 11 
1 0 0 0 0 0 0 0 0 0 0 0 3 0 0 0 0 0 0 0 0 0 0 0 0 0 0 0 0 5 0 0 1 2 0 2 6 0 0 1 5 0 1 7 2 3 1 1 2 16 1 0 6 1 0 0 0 0 0 0 0 0 0 0 0 0 0 0 0 0 0 0 0 0 3 1 0 0 2 2 0 2 2 4 2 1 0 19 0 0 0 28 2 0 0 1 0 0 0 0 0 3 
0 0 2 0 0 0 0 0 0 0 1 0 0 0 0 0 0 0 0 0 0 0 0 0 0 0 0 0 0 0 0 0 0 1 0 5 3 0 0 0 0 0 1 1 0 3 1 0 8 1 1 0 0 0 0 0 0 0 0 0 0 0 0 0 0 0 0 0 0 0 0 0 0 0 2 1 0 0 0 2 2 1 4 0 1 0 0 9 0 0 0 0 1 0 0 0 0 0 0 0 0 0 
6 1 1 0 0 9 0 0 0 2 0 0 2 2 0 0 0 0 0 0 0 0 0 0 0 0 0 0 0 22 2 8 3 4 11 1 3 13 3 1 9 0 15 44 12 44 16 1 4 7 22 15 6 3 0 2 10 4 0 0 1 8 1 4 0 0 0 0 0 0 0 0 0 5 3 16 3 3 14 15 31 42 1 17 4 12 5 68 6 0 0 28 13 10 40 1 0 4 2 1 0 3 
