10 8 25 9 4 17 24 25 22 17 4 31 34 49 36 40 23 21 21 7 14 17 4 28 6 2 0 18 78 5 0 5 22 0 5 3 4 4 27 20 7 2 15 19 12 10 8 3 5 56 5 0 5 5 2 0 5 3 0 1 1 1 2 2 7 8 4 4 0 2 1 1 3 2 1 1 0 1 17 9 0 0 0 2 2 2 2 16 3 0 0 7 3 2 0 2 0 1 0 1 2 10 
11 5 23 4 16 33 20 20 41 20 12 42 60 76 62 51 53 22 27 12 8 8 5 24 8 0 1 23 92 6 0 4 19 2 4 3 11 3 33 19 21 4 5 17 9 17 11 5 8 46 10 8 7 4 1 2 3 3 0 4 4 3 4 2 5 6 0 2 2 1 4 0 10 4 1 0 0 3 29 2 1 1 2 10 3 3 4 13 4 0 0 8 0 3 2 0 0 1 2 0 0 11 
22 10 7 5 5 22 14 21 49 20 6 36 42 62 44 44 23 19 19 12 6 7 5 18 4 0 2 32 172 2 3 2 12 1 1 0 3 2 18 8 11 2 11 12 8 6 10 2 9 36 4 3 9 9 4 1 3 5 0 0 0 4 0 2 3 4 2 2 0 5 0 0 0 3 2 0 0 1 16 1 1 1 0 4 3 2 1 7 4 0 0 6 3 3 2 2 0 1 2 0 0 11 
5 5 12 2 1 9 14 1 9 2 0 6 3 15 4 13 8 2 2 3 1 3 0 2 3 0 0 3 31 3 0 0 4 1 1 0 0 0 1 1 1 2 2 0 0 3 2 0 0 7 0 0 0 0 0 0 0 1 0 0 0 0 0 0 0 0 0 0 0 0 2 0 0 0 1 0 0 0 3 0 0 0 0 0 1 1 0 4 0 0 0 0 0 0 0 0 0 0 0 0 0 2 
7 7 12 0 2 5 9 4 8 2 2 21 9 17 9 26 12 4 6 0 8 3 1 12 3 0 0 6 15 3 0 0 3 0 2 1 1 0 10 4 3 1 3 3 4 3 3 1 1 25 2 0 1 1 0 0 0 3 0 0 0 1 0 2 1 1 0 1 0 0 0 1 0 1 2 0 0 1 4 0 0 0 0 1 1 1 2 4 0 0 0 1 0 1 0 0 1 1 0 0 0 1 
10 27 29 10 6 7 6 18 13 17 6 40 49 71 28 52 51 14 23 2 12 25 0 33 7 5 0 16 102 3 2 3 3 1 0 1 3 12 22 12 5 3 5 13 13 8 13 9 6 24 1 2 5 7 0 3 1 3 0 0 0 0 0 2 4 10 1 1 1 1 0 3 2 1 1 0 0 3 5 0 0 2 1 4 0 3 3 3 4 0 0 6 3 0 1 5 1 0 0 0 0 7 
30 39 29 10 7 11 7 31 30 14 12 17 38 52 18 48 37 16 24 4 6 8 1 24 10 0 0 9 71 6 2 1 14 7 3 5 4 4 28 11 10 1 9 9 9 15 6 6 2 36 4 3 5 3 2 3 1 5 0 3 1 0 0 0 3 17 0 3 1 4 2 2 2 3 0 2 0 0 11 0 0 1 1 2 2 1 2 11 2 0 0 9 1 2 1 1 0 2 0 0 0 10 
14 17 16 8 8 9 13 6 11 13 7 31 72 68 23 64 35 17 8 8 13 7 4 20 16 0 1 12 36 1 2 1 2 2 5 3 1 2 19 12 8 0 7 2 7 11 14 3 3 27 4 1 7 4 2 0 1 6 0 3 1 0 1 0 12 8 2 7 1 0 1 5 4 1 1 1 0 0 12 0 2 0 1 3 1 2 0 7 5 0 0 7 3 2 1 1 0 1 1 0 0 3 
13 37 42 18 5 15 46 16 6 11 18 25 59 63 33 65 39 24 19 10 11 8 8 20 10 1 0 10 66 2 1 1 8 1 2 0 1 4 27 20 5 2 4 6 11 12 15 1 2 19 0 2 5 6 0 1 1 3 0 0 2 0 1 2 1 2 2 0 1 3 1 0 1 5 1 6 0 1 10 0 0 0 1 3 0 2 0 2 4 0 0 13 1 0 0 1 0 0 3 0 0 1 
13 22 13 3 3 11 7 3 7 6 2 15 34 34 18 29 17 16 7 5 2 5 6 21 4 0 0 15 26 1 2 0 3 0 0 0 2 0 15 8 2 3 2 6 6 2 2 1 1 19 19 4 11 7 1 5 5 3 0 1 1 2 1 1 1 5 0 0 1 1 1 4 1 3 1 3 0 0 10 3 0 1 0 1 1 2 1 3 0 0 0 4 0 0 0 1 0 2 0 0 0 2 
17 11 13 1 2 9 11 14 2 7 1 23 20 32 18 47 23 9 17 7 1 8 4 18 7 0 0 30 14 7 1 1 2 2 2 1 7 2 36 8 15 0 3 5 4 15 6 7 2 25 1 1 3 4 0 2 1 4 0 0 0 2 0 1 1 2 0 1 0 3 2 0 1 3 3 0 0 0 11 1 0 0 0 0 0 5 0 5 0 0 0 3 2 2 0 0 0 0 0 0 0 5 
20 31 28 5 9 22 30 30 31 23 11 2 38 60 17 46 38 17 26 11 14 7 20 43 13 0 2 27 52 6 0 1 9 1 4 1 2 3 42 11 5 0 3 4 4 16 7 2 3 31 2 5 14 3 3 0 2 3 0 1 0 0 0 0 3 5 1 3 0 1 0 5 1 6 4 3 0 0 10 1 2 0 0 0 0 0 1 3 0 0 0 8 0 0 4 1 0 1 1 0 0 3 
31 41 39 4 8 29 39 61 51 22 32 23 3 51 40 67 45 37 52 19 29 22 9 64 19 2 0 52 32 7 3 8 1 1 3 2 2 7 34 14 11 2 7 4 4 13 12 2 2 37 10 7 6 4 6 2 3 9 0 5 2 0 1 0 2 2 0 0 0 2 0 2 1 5 5 2 1 0 13 0 0 0 1 1 0 1 1 1 2 0 0 4 0 0 1 1 1 1 1 0 1 5 
64 81 71 7 24 57 65 80 99 51 29 75 79 13 12 55 65 74 58 33 45 37 21 68 46 3 8 118 48 4 3 6 4 5 4 2 2 10 28 10 29 2 3 7 6 17 14 4 2 44 13 2 9 14 5 3 5 9 0 4 5 5 4 0 0 0 0 1 0 0 1 0 0 1 11 1 1 0 28 7 1 1 1 1 0 2 0 3 0 0 0 9 2 2 1 0 0 1 0 0 0 7 
45 47 31 2 17 27 36 42 40 28 20 28 39 17 4 21 48 21 26 13 20 16 17 40 32 7 3 80 40 6 1 2 5 0 3 1 2 1 9 17 5 0 4 4 3 6 9 0 4 21 9 3 15 6 3 1 4 4 0 2 1 3 0 0 0 0 0 0 0 1 1 1 0 0 0 2 0 6 13 1 0 0 0 0 0 0 0 5 0 0 0 5 1 2 2 1 0 0 0 0 0 4 
29 43 38 9 15 35 38 44 45 40 15 31 42 56 14 12 73 38 40 40 55 28 36 124 34 4 3 92 46 17 7 22 39 3 15 13 37 9 18 30 17 7 2 16 13 20 13 14 10 52 16 3 12 9 3 0 6 8 0 4 4 2 1 11 1 2 3 1 1 1 0 5 2 1 5 4 0 2 26 3 1 1 2 1 0 3 2 11 6 0 0 12 1 2 1 1 0 0 1 0 0 8 
22 35 30 5 20 33 23 34 34 27 16 35 57 83 48 70 7 40 51 27 59 23 23 73 26 1 8 80 37 39 15 36 32 11 23 11 45 12 50 27 27 4 17 18 12 22 17 5 11 64 4 4 17 16 4 0 4 4 0 4 1 5 0 2 2 0 1 0 0 0 1 0 2 3 5 2 0 2 27 2 5 0 0 2 0 2 4 16 4 0 0 15 1 2 1 0 0 2 0 0 3 12 
16 21 10 1 1 17 26 32 27 27 13 42 58 120 43 99 55 9 57 21 66 23 24 54 21 4 5 55 14 22 18 19 22 15 10 15 31 14 58 19 20 4 9 30 27 32 16 6 7 39 4 5 11 7 1 0 3 4 0 4 0 2 0 3 2 0 1 0 0 0 0 1 0 0 1 1 1 0 17 1 0 0 0 2 0 1 0 13 10 0 0 7 0 0 0 1 0 0 0 0 0 6 
8 21 20 3 0 16 8 17 18 7 10 33 56 93 26 70 72 40 12 27 49 19 26 53 25 3 5 50 18 15 3 13 15 4 11 3 28 14 30 9 10 2 8 8 18 19 19 5 11 40 1 1 3 12 0 0 2 2 0 2 0 2 1 0 0 2 0 0 0 0 1 0 0 0 4 0 0 1 11 2 0 0 3 0 0 5 1 7 2 0 0 5 0 1 0 1 0 0 1 0 0 1 
7 10 11 2 4 11 7 11 8 11 13 7 21 42 28 48 32 17 15 7 7 6 14 50 24 3 9 58 8 6 3 3 6 0 7 4 9 14 35 13 10 0 5 5 5 6 5 7 3 21 0 1 4 4 0 1 2 2 0 2 1 1 0 2 1 1 0 0 0 0 0 0 1 0 0 0 0 1 10 1 0 0 0 0 0 2 1 3 1 0 0 3 0 0 0 0 0 0 1 0 0 0 
2 11 4 0 2 7 6 7 7 11 4 16 33 46 24 71 76 38 44 3 6 7 15 27 10 8 12 65 22 7 3 1 10 5 6 4 12 7 60 9 13 1 10 9 6 12 3 3 4 15 3 2 1 1 0 0 1 1 0 0 0 0 0 0 1 0 0 0 0 0 0 1 0 0 0 0 0 0 4 0 0 1 0 0 0 1 2 8 2 0 0 4 0 0 0 0 0 0 1 0 0 1 
9 10 9 4 1 6 7 5 18 7 3 11 20 62 27 49 31 20 15 3 6 5 6 26 6 10 8 51 24 5 2 0 5 3 9 2 11 7 27 4 2 2 6 7 6 12 3 2 3 20 0 0 1 2 0 0 0 0 0 0 0 0 0 0 0 0 0 0 0 0 0 0 0 0 1 0 0 0 7 0 0 0 0 0 0 2 0 4 2 0 0 1 0 1 1 0 0 0 0 0 0 0 
3 5 2 0 3 2 4 6 3 16 6 12 13 28 25 64 37 17 19 8 36 13 4 16 7 10 6 82 10 4 2 5 9 6 4 7 6 7 23 6 8 0 2 7 6 10 2 2 0 15 2 3 3 1 0 0 0 0 0 2 0 1 0 2 0 0 0 0 0 0 0 0 0 0 1 3 0 0 1 1 1 0 0 0 0 1 0 1 0 0 0 2 0 0 0 1 0 0 0 0 0 1 
10 14 7 4 3 18 9 8 15 22 6 30 35 73 38 99 74 46 42 13 27 10 8 9 11 20 17 67 7 3 4 1 27 2 13 10 20 12 48 16 9 0 8 7 21 24 10 7 12 61 13 1 5 6 1 2 3 6 0 2 2 4 1 3 0 1 0 0 0 0 0 0 0 0 4 3 1 1 12 0 0 1 0 0 0 1 0 11 1 0 0 8 0 0 0 1 0 0 3 0 0 2 
9 37 6 1 11 12 12 5 7 28 14 15 31 44 27 101 44 21 31 11 21 14 4 11 7 4 5 32 7 6 2 2 89 0 3 7 17 9 38 11 28 2 14 15 18 20 15 8 6 93 13 6 13 8 1 1 3 5 0 0 1 0 0 2 0 0 0 0 0 0 0 0 0 0 4 3 0 1 19 0 1 2 1 1 0 1 2 33 4 0 0 12 0 0 0 2 0 1 0 0 0 5 
1 1 0 1 0 0 1 0 1 3 0 3 3 1 4 17 7 9 9 3 8 23 12 31 6 2 2 11 3 0 0 0 0 1 1 0 3 3 4 1 1 0 0 2 1 0 0 0 0 0 0 0 0 0 0 0 0 0 0 0 1 0 0 0 0 0 0 0 0 0 0 0 0 0 0 3 0 2 0 1 0 0 0 0 0 1 0 0 0 0 0 0 0 0 0 0 0 0 0 0 0 0 
0 0 0 0 0 3 0 1 1 1 1 0 3 4 12 14 2 12 3 3 12 5 8 24 16 0 2 18 1 2 1 0 0 2 0 0 4 0 6 0 1 0 0 1 0 0 1 0 1 6 0 0 2 0 0 0 0 0 0 0 0 0 0 0 0 0 0 0 0 0 0 0 0 0 0 0 0 0 3 0 0 0 0 1 1 0 0 1 0 0 0 2 0 0 0 0 0 0 0 0 0 0 
15 21 14 2 9 10 15 10 23 22 13 23 50 85 76 126 87 46 61 38 64 73 40 68 32 8 33 8 13 3 1 4 34 4 5 9 21 22 45 28 27 1 10 13 16 31 21 14 6 100 5 11 3 10 2 0 4 2 0 2 2 0 0 2 2 3 0 0 3 0 0 0 1 0 2 5 0 3 12 0 7 2 2 3 1 2 4 33 6 0 0 11 1 1 0 4 0 0 1 0 0 14 
22 50 56 15 12 33 37 29 29 17 17 22 18 23 17 35 12 10 22 9 12 10 3 7 1 0 0 6 3 4 0 3 2 3 0 1 0 6 8 6 7 1 4 6 3 3 4 2 0 13 1 0 0 2 0 2 0 3 0 1 0 0 0 1 4 7 2 1 0 0 1 2 0 1 1 0 0 2 13 1 0 0 2 3 1 4 2 3 0 0 0 0 0 0 0 1 0 0 0 0 0 0 
6 4 4 1 1 1 3 4 1 5 3 2 15 2 3 20 33 16 17 10 11 5 3 12 4 0 0 7 4 23 91 103 212 65 123 124 337 108 237 99 59 9 43 58 53 63 40 11 20 173 5 2 15 8 1 2 3 9 0 16 3 7 3 8 22 20 4 7 2 6 2 4 5 1 3 3 1 6 27 1 3 2 4 3 0 13 2 48 12 0 0 47 5 5 9 8 0 7 5 1 0 30 
0 0 0 0 1 0 0 1 2 6 3 2 4 1 3 3 10 15 5 2 0 3 1 9 6 2 0 1 1 102 8 94 86 21 22 29 85 38 71 27 15 1 15 15 21 15 14 5 6 54 0 2 6 4 1 0 0 4 0 3 0 3 1 0 10 13 3 9 1 6 1 6 1 1 1 2 0 2 5 1 1 1 0 5 0 4 4 5 4 0 0 6 0 3 1 2 0 1 0 1 0 6 
4 3 1 0 1 1 7 4 3 3 2 4 6 8 3 10 31 16 7 5 5 1 0 4 1 0 0 6 7 110 76 6 100 40 71 54 198 97 173 60 57 6 44 31 33 49 38 15 16 141 6 7 15 6 3 4 4 9 0 8 1 3 0 6 9 16 6 6 0 4 0 2 4 1 1 7 1 1 20 4 1 2 1 3 2 4 5 23 15 0 0 36 7 9 5 3 0 1 1 0 0 12 
13 14 13 2 5 14 23 6 10 8 3 20 20 19 12 31 48 26 18 9 14 8 15 65 37 1 0 25 9 259 98 114 18 44 107 115 285 157 269 183 147 21 93 75 112 167 113 54 95 743 51 16 57 28 11 2 20 26 0 10 4 14 4 13 14 29 4 10 8 11 13 27 10 8 18 14 1 10 66 9 20 6 11 10 10 21 18 122 17 0 0 46 6 11 8 8 2 6 9 1 1 58 
0 3 2 1 0 2 3 2 4 2 0 2 3 1 2 13 11 11 3 1 2 0 3 8 3 3 0 2 3 39 19 24 30 11 21 17 83 39 71 35 30 1 14 25 14 36 10 11 7 74 3 3 15 10 5 3 4 7 0 4 2 5 1 0 8 15 10 9 3 6 7 12 7 4 6 2 0 2 22 2 2 1 0 0 0 4 3 11 3 0 0 20 6 0 7 2 0 0 0 0 0 17 
5 6 3 1 2 2 6 0 1 2 7 3 2 0 2 11 23 10 10 7 8 6 2 6 3 0 3 14 6 115 48 101 82 24 6 25 138 58 148 91 47 7 44 36 29 42 46 21 11 120 14 1 16 2 6 0 4 6 0 1 1 14 5 6 4 10 6 5 3 7 11 15 12 6 5 2 0 1 27 3 0 0 1 0 1 9 7 20 10 0 0 46 6 6 7 4 1 7 2 2 2 13 
5 3 0 1 0 4 0 0 0 2 0 1 1 4 0 3 16 12 13 7 4 4 3 16 4 0 0 6 2 124 48 46 88 25 32 4 148 56 119 58 33 4 17 18 31 42 29 11 20 105 5 4 7 6 0 1 2 8 0 0 1 0 0 8 9 8 2 5 0 2 5 18 8 3 1 0 0 2 9 0 0 2 0 4 0 6 1 15 7 0 0 20 5 3 4 9 0 8 3 1 0 20 
11 7 5 0 2 4 4 5 3 3 0 1 2 0 2 33 24 22 21 5 9 6 3 17 7 1 4 32 11 308 155 189 235 86 127 177 14 117 380 267 134 27 131 125 131 177 109 48 65 374 12 4 8 11 7 0 5 8 0 3 2 12 5 28 21 17 8 15 7 5 26 15 10 7 8 3 0 1 18 3 6 4 0 3 0 22 12 59 26 0 0 104 29 15 15 20 7 22 14 3 0 54 
6 13 7 0 1 5 4 6 5 4 5 6 8 4 2 2 15 14 13 4 7 3 4 23 9 0 3 20 13 111 39 104 117 26 58 56 92 12 189 137 77 12 73 87 82 71 60 27 38 238 6 1 7 5 1 0 5 4 0 1 0 6 1 10 8 7 1 2 1 0 5 8 3 5 2 1 1 1 12 4 1 2 0 4 1 10 10 46 22 0 0 76 12 15 7 11 0 6 6 0 0 43 
11 21 12 3 0 8 14 17 13 26 7 11 36 14 9 10 40 23 38 12 11 14 11 40 19 2 1 43 16 135 42 105 195 90 87 54 355 85 22 287 153 26 84 107 91 127 78 58 31 336 11 5 34 14 4 3 10 11 0 3 0 16 2 11 22 43 8 8 5 7 15 16 14 8 7 5 2 5 39 9 4 5 4 17 7 16 18 68 15 0 0 75 11 9 10 22 3 2 18 1 3 45 
8 13 8 3 5 12 12 14 16 22 3 13 20 10 8 20 33 17 17 16 9 4 10 25 11 0 0 20 18 78 39 60 139 34 60 52 247 113 383 16 42 19 68 121 58 110 81 31 34 283 7 2 12 9 3 2 6 5 0 1 3 9 0 17 8 9 5 3 1 2 5 4 5 8 12 1 0 3 10 4 3 2 5 13 9 4 6 15 11 0 0 63 6 5 4 8 0 5 1 2 0 27 
7 21 6 1 3 4 8 7 7 8 4 1 6 7 8 16 20 16 15 8 4 5 4 37 11 0 3 31 17 54 20 64 136 26 31 36 134 102 292 59 10 10 36 81 45 113 62 27 22 239 3 1 9 1 1 3 1 2 0 1 3 6 0 5 6 14 2 1 0 2 2 1 6 7 3 2 0 3 3 4 1 3 2 11 3 14 17 5 12 0 0 44 4 7 7 17 3 5 5 3 1 37 
0 1 1 0 0 1 2 2 1 2 0 2 4 2 0 0 3 5 2 1 3 0 0 1 0 0 0 2 1 4 1 3 13 3 2 6 35 12 23 13 6 2 21 40 11 18 14 2 11 27 1 0 1 0 0 0 0 0 0 0 0 0 1 0 0 3 0 0 0 0 2 2 0 0 0 0 0 0 1 0 3 1 1 6 2 3 3 6 2 0 0 11 3 4 1 5 0 2 1 2 0 10 
5 7 5 0 4 7 4 0 10 6 3 6 5 3 5 3 20 13 10 1 5 1 1 8 1 0 0 15 4 30 11 38 109 15 34 15 78 50 118 61 54 23 19 99 54 85 66 32 31 152 4 2 9 4 0 1 2 3 0 0 2 4 1 2 5 12 2 2 0 0 7 13 5 0 6 4 1 6 19 14 18 9 13 39 21 38 29 76 51 0 0 95 22 35 25 25 5 21 24 8 3 88 
6 12 8 0 1 16 9 8 10 7 3 9 9 2 4 11 29 22 10 5 5 4 7 24 10 0 0 21 10 42 19 43 133 40 55 26 164 90 186 142 81 44 109 19 133 257 108 79 65 340 9 6 26 9 0 1 5 12 0 2 3 11 1 8 18 12 3 6 1 1 8 4 7 4 14 8 1 8 71 17 13 17 17 76 32 97 66 85 89 0 0 231 41 61 26 67 18 34 29 6 5 135 
13 21 7 1 0 6 5 3 4 7 2 7 6 4 5 8 14 26 15 6 15 5 4 25 7 0 1 19 18 43 17 34 130 33 50 45 128 78 156 107 46 31 99 187 23 176 120 98 69 333 6 3 14 8 0 0 0 3 0 3 0 5 0 6 8 5 2 5 1 1 5 5 6 4 9 2 2 4 19 6 14 4 6 31 17 51 32 51 29 0 0 71 18 33 26 26 3 25 22 6 3 49 
10 28 13 0 2 13 13 7 20 12 4 6 6 12 4 10 34 13 17 12 11 6 8 34 9 1 2 26 20 41 22 43 182 40 44 49 161 87 216 131 103 26 82 241 152 14 164 151 122 567 16 6 22 6 0 2 7 7 0 2 2 10 2 9 12 6 6 8 6 1 5 5 10 5 15 10 2 3 30 7 15 20 13 47 21 48 34 70 21 0 0 162 21 26 23 23 9 23 24 8 4 123 
10 15 6 2 3 6 9 6 9 6 2 1 13 2 7 3 9 15 17 6 9 5 4 16 12 0 0 27 25 56 11 35 151 31 35 33 104 82 121 85 45 19 58 120 98 194 18 83 99 299 8 5 11 3 0 0 2 5 0 0 2 11 0 11 4 17 3 3 1 3 6 9 2 4 7 4 1 8 22 18 7 8 5 24 14 32 22 54 18 0 0 72 9 26 16 19 4 20 20 2 1 93 
6 7 6 0 3 3 4 4 2 2 1 3 4 2 2 4 7 8 6 0 2 2 2 12 6 0 0 14 6 21 5 5 88 14 21 15 63 26 70 41 34 5 39 86 59 174 90 14 60 354 6 2 3 2 2 0 4 6 0 1 1 1 1 2 0 3 1 4 0 1 5 0 3 2 10 5 0 6 11 3 4 10 6 29 5 12 9 48 6 0 0 44 10 4 14 8 1 5 5 0 2 49 
6 4 2 0 1 8 1 1 3 4 3 2 5 7 2 3 8 11 4 0 2 1 5 14 4 0 0 12 4 26 5 19 137 20 11 12 70 32 66 45 32 5 41 103 51 157 96 78 10 437 9 4 6 0 1 0 1 4 0 3 1 1 0 2 3 3 1 2 1 0 1 2 3 5 5 0 0 1 3 5 5 6 6 22 5 17 9 72 5 0 0 84 10 16 14 16 1 7 16 0 0 53 
41 46 27 9 15 30 17 17 27 37 10 20 40 33 11 58 67 57 41 18 26 17 12 143 26 5 3 101 44 163 44 119 827 70 123 120 390 236 498 266 230 28 152 372 241 469 262 301 254 51 38 14 53 20 6 2 14 26 0 9 2 17 5 19 27 42 14 12 6 11 15 18 23 12 31 22 2 16 87 34 22 40 27 123 35 80 50 359 55 0 0 254 42 50 52 46 5 64 66 9 2 341 
6 13 10 0 1 9 8 2 2 10 1 4 10 17 13 12 10 4 6 1 6 0 0 23 9 0 0 9 3 3 3 9 58 4 13 3 18 7 16 14 8 0 7 21 12 21 8 6 1 58 1 9 50 8 10 9 18 29 0 34 7 4 4 16 9 25 2 7 6 15 4 7 12 4 3 9 2 4 66 10 5 0 4 29 2 12 8 32 8 0 0 13 3 5 7 6 3 4 2 3 0 22 
1 3 3 3 0 4 1 4 0 3 3 1 6 14 3 7 12 6 7 0 2 0 0 7 1 0 1 3 1 3 3 4 28 5 5 4 10 2 6 10 1 2 4 8 4 4 6 2 3 24 2 2 39 21 7 3 6 8 0 19 2 0 1 2 11 20 3 8 1 6 4 1 3 3 2 3 0 2 55 2 7 2 3 18 3 11 6 16 4 0 0 11 0 2 1 2 0 3 1 1 0 15 
9 12 5 0 0 5 2 10 5 6 1 5 10 14 5 11 12 5 11 1 1 1 1 26 9 0 0 14 30 12 7 7 49 11 11 6 13 8 29 13 7 2 18 17 6 15 22 9 2 67 36 21 10 12 19 4 13 21 0 26 8 5 3 10 19 21 10 13 10 13 3 14 13 13 8 5 2 6 113 3 3 2 2 33 5 16 7 40 12 0 0 25 1 11 4 6 0 12 7 1 0 27 
1 2 1 0 0 3 0 3 2 6 2 10 12 9 10 7 7 4 6 0 0 0 0 6 0 0 0 3 3 7 3 8 32 5 6 0 15 2 8 8 3 0 5 14 0 6 4 2 4 16 14 10 39 2 3 2 8 24 0 12 4 2 2 10 13 20 2 11 2 10 3 3 4 8 7 6 2 0 47 5 3 0 1 13 3 8 3 10 0 0 0 18 0 0 2 6 0 2 0 1 0 11 
0 6 1 1 0 2 1 3 4 4 1 1 3 2 4 1 4 1 0 1 0 0 0 7 0 0 0 3 5 1 2 1 15 0 3 1 6 1 8 2 2 0 2 5 0 3 2 0 3 15 6 8 19 9 3 4 3 15 0 8 4 5 1 5 6 4 4 2 3 3 1 3 2 7 2 1 5 5 45 5 4 0 2 16 4 4 2 8 1 0 0 0 0 2 2 0 0 1 4 0 0 3 
0 4 3 0 0 0 1 0 1 0 0 3 2 2 3 7 1 0 0 0 0 2 0 8 1 0 0 4 6 0 1 1 5 2 1 0 2 0 4 0 2 1 0 3 0 2 1 0 1 4 3 3 6 3 2 0 10 11 0 8 0 2 1 6 5 4 2 2 2 1 1 4 5 5 4 0 0 6 35 4 0 0 1 8 0 1 5 4 1 0 0 2 0 0 1 1 0 1 0 0 1 4 
0 3 2 1 0 2 2 1 2 3 0 3 4 11 0 6 5 5 2 1 3 0 1 0 0 0 0 4 2 1 0 6 12 5 3 0 1 1 10 5 1 0 2 8 4 8 3 2 2 18 15 9 25 5 11 4 4 19 0 13 4 3 1 11 12 9 2 5 3 9 3 6 8 0 0 7 3 4 54 6 3 1 1 9 7 8 1 10 0 0 0 9 3 1 5 1 0 1 5 0 0 3 
10 7 1 3 0 2 5 5 4 4 5 7 7 10 3 16 5 1 2 3 1 0 1 9 1 0 0 5 9 6 2 6 20 5 7 11 11 2 20 6 2 0 10 13 10 3 3 2 8 34 17 11 20 23 12 15 12 4 0 23 2 4 3 9 10 9 5 5 6 8 2 6 6 5 11 7 0 16 118 12 10 3 6 17 10 8 5 17 1 0 0 12 0 3 2 1 0 2 2 1 0 13 
0 0 0 0 0 0 0 0 0 0 0 0 0 0 0 0 0 0 0 0 0 0 0 0 0 0 0 0 0 0 0 0 0 0 0 0 0 0 0 0 0 0 0 0 0 0 0 0 0 0 0 0 0 0 0 0 0 0 0 0 0 0 0 0 0 0 0 0 0 0 0 0 0 0 0 0 0 0 0 0 0 0 0 0 0 0 0 0 0 0 0 0 0 0 0 0 0 0 0 0 0 0 
11 4 5 3 2 5 12 7 1 5 1 6 14 12 5 19 17 12 8 3 8 3 1 24 7 2 0 14 16 6 3 4 12 3 3 0 2 0 13 9 6 1 2 6 4 4 4 3 2 24 18 8 27 25 9 9 4 22 0 7 1 7 4 10 16 16 9 13 2 5 5 18 14 10 6 3 1 4 30 1 2 3 2 11 1 9 2 16 1 0 0 14 5 1 1 0 0 4 2 0 0 8 
3 1 2 0 0 1 1 1 2 2 1 0 1 3 3 4 0 3 0 0 0 0 0 2 0 0 0 0 0 3 2 2 3 4 3 0 5 1 2 5 3 0 1 1 3 3 2 1 1 7 8 3 8 8 2 1 2 4 0 1 2 8 2 6 6 7 3 7 6 9 8 3 9 9 4 4 1 3 23 0 0 2 3 7 1 4 2 4 0 0 0 0 1 1 1 0 0 0 1 0 0 4 
0 1 6 0 0 2 0 1 3 2 0 2 3 4 2 0 5 3 2 0 0 1 2 3 0 0 0 0 1 8 4 2 7 7 17 5 18 8 17 9 8 1 5 5 4 8 4 0 3 7 2 5 4 3 1 1 3 11 0 9 1 2 1 16 9 15 3 12 2 7 2 9 4 7 2 0 1 2 10 0 0 0 1 9 1 0 1 7 1 0 0 9 1 0 2 1 0 0 0 0 0 0 
0 1 0 1 0 0 2 3 0 0 0 0 2 0 0 1 0 1 0 0 0 0 0 2 1 0 0 1 4 1 0 1 1 0 3 1 12 3 4 4 1 1 0 2 5 5 2 0 0 4 1 2 0 2 2 0 2 0 0 2 3 1 1 1 6 11 6 5 1 1 7 3 1 1 0 1 0 1 8 1 0 0 0 2 0 0 0 1 0 0 0 2 1 1 1 0 1 0 0 0 0 0 
0 1 3 0 1 4 0 3 1 1 1 0 2 0 0 1 3 3 2 0 0 0 0 2 1 0 0 1 7 7 3 10 6 0 2 5 17 9 31 12 9 1 4 6 4 9 5 3 5 20 7 14 15 13 4 1 5 15 0 15 1 8 3 0 12 13 7 5 3 8 7 14 9 8 4 5 2 0 28 1 2 1 1 2 3 0 3 6 1 0 0 13 1 1 0 0 0 0 0 0 0 2 
6 2 1 0 0 2 8 4 4 4 2 3 3 0 1 0 6 1 1 0 1 0 0 0 1 0 0 3 10 22 12 11 15 6 8 9 25 8 34 14 19 3 4 12 2 18 7 6 6 21 10 7 17 18 2 1 10 8 0 12 8 9 4 6 6 21 18 16 3 18 25 35 17 13 7 5 0 3 32 4 6 5 2 4 0 5 2 2 1 0 0 5 0 3 0 0 1 0 1 0 0 11 
10 25 13 1 4 7 11 11 6 3 0 7 2 1 2 1 1 0 2 0 2 1 0 0 1 0 0 0 11 43 19 25 24 16 12 17 39 9 35 7 13 0 10 14 11 17 12 4 7 40 27 15 33 13 4 3 16 11 0 33 8 9 15 18 24 19 12 38 24 41 38 57 26 48 14 2 3 8 55 11 8 2 6 12 8 13 2 12 5 0 0 9 1 1 2 0 0 0 2 0 0 10 
0 6 5 0 1 0 0 4 0 3 2 3 1 1 0 0 0 0 0 0 0 0 0 0 0 0 0 0 8 11 2 2 5 9 6 3 16 5 11 5 1 0 2 5 0 5 1 2 1 17 5 5 7 6 3 0 8 8 0 9 9 1 3 5 17 9 3 1 6 15 19 26 24 12 5 0 0 0 10 1 1 0 0 1 0 3 2 6 2 0 0 1 0 0 1 0 0 0 0 0 0 0 
2 2 0 0 1 3 4 3 1 0 1 1 1 5 1 0 0 0 0 0 0 0 0 0 1 0 0 0 15 6 1 5 7 10 4 2 10 5 19 2 1 0 2 2 5 7 4 3 5 17 5 5 21 3 1 1 4 9 0 6 4 6 4 5 25 21 6 4 8 12 19 16 14 17 3 1 0 0 27 1 0 2 3 6 1 1 2 7 3 0 0 0 0 0 2 0 0 0 0 0 0 2 
0 0 1 0 0 1 1 0 0 0 2 0 0 3 2 1 0 0 0 0 0 0 0 0 0 0 0 0 3 5 1 4 7 3 2 2 8 6 3 1 2 1 1 0 8 3 4 2 1 5 2 1 3 7 0 0 0 2 0 1 3 2 0 3 17 16 8 12 0 4 19 34 4 9 0 0 0 3 11 0 2 2 2 0 0 1 1 1 0 0 0 1 0 0 0 0 0 0 0 0 0 0 
0 0 0 0 0 1 1 0 2 3 2 1 2 0 1 0 0 0 0 0 0 0 0 1 0 0 0 1 4 10 2 5 9 5 4 1 9 3 7 2 2 0 0 4 4 7 3 1 2 10 6 1 16 6 2 1 5 2 0 3 3 8 1 8 25 22 11 19 8 3 13 34 17 29 3 4 0 0 22 2 3 0 0 3 0 1 0 5 0 0 0 0 0 4 0 0 0 0 0 0 0 1 
3 0 2 0 1 2 2 7 2 0 1 0 0 2 0 5 1 1 0 0 0 0 0 0 0 0 0 0 5 3 3 5 10 9 2 7 26 8 17 1 4 4 4 5 6 13 5 2 3 17 2 6 5 4 4 3 1 11 0 3 6 2 5 15 16 40 11 16 20 13 5 44 20 11 1 2 0 2 23 3 2 3 0 5 1 7 0 7 3 0 0 5 1 1 1 1 1 0 0 0 0 2 
0 3 1 0 4 0 2 2 1 3 2 3 3 3 0 3 1 1 0 0 0 0 0 0 0 0 0 0 6 7 1 4 10 9 6 5 20 4 15 5 5 1 2 5 3 4 5 3 3 37 2 2 13 12 4 1 6 5 0 10 2 7 3 11 33 40 22 25 9 28 37 2 32 26 4 2 0 4 22 2 3 5 1 3 0 4 0 6 1 0 0 2 2 1 1 0 0 0 0 0 0 7 
0 2 2 1 1 0 1 3 1 4 3 3 5 1 0 3 1 0 0 0 0 0 0 0 0 0 0 0 0 0 0 3 7 11 6 3 18 3 14 3 4 1 1 6 10 4 9 3 0 14 9 3 10 4 1 6 5 2 0 10 3 2 0 9 16 33 14 18 4 21 18 46 3 13 7 3 1 4 24 3 0 0 3 5 0 4 4 3 0 0 0 3 0 0 0 0 0 0 0 0 0 1 
6 10 4 0 1 5 6 2 4 4 3 5 1 4 0 1 3 0 0 0 0 0 0 1 0 0 0 2 3 1 0 3 8 9 2 1 13 5 21 5 1 2 4 5 6 4 10 2 0 18 9 4 13 8 5 3 2 4 0 17 7 2 4 5 21 31 9 22 4 48 27 40 4 2 9 2 3 2 36 4 4 5 3 6 0 3 4 12 4 0 0 2 4 0 2 4 0 0 0 0 0 2 
1 4 2 1 1 2 0 2 2 6 0 3 2 15 4 11 1 4 3 1 0 1 0 7 1 0 0 9 1 5 0 2 21 2 6 1 18 1 19 1 3 0 14 15 13 19 10 5 4 37 5 8 11 7 2 1 4 11 0 14 3 0 1 2 10 14 3 2 3 1 1 3 5 6 6 2 3 8 173 23 17 3 15 60 8 20 8 47 9 0 0 13 3 5 4 7 1 4 8 0 4 25 
0 1 3 0 0 0 1 1 2 5 0 3 4 7 0 6 2 1 1 1 2 1 2 12 3 0 0 3 5 7 0 3 13 0 1 0 2 0 11 6 4 0 9 10 7 16 6 6 17 33 4 5 6 3 3 0 5 11 0 4 2 2 1 5 9 14 4 2 3 1 2 4 8 7 8 3 3 13 134 9 15 6 8 56 10 20 5 45 2 0 0 11 5 5 10 3 0 4 3 2 0 23 
0 0 0 1 0 0 1 0 0 0 0 1 0 1 2 1 3 1 0 0 0 0 0 2 0 0 0 0 0 1 0 0 0 0 0 1 2 1 0 0 1 0 1 5 1 0 3 0 2 5 3 0 2 1 0 0 2 4 0 4 0 0 0 1 0 2 1 1 0 1 0 3 0 1 3 7 1 6 53 9 1 5 1 16 3 6 3 15 1 0 0 3 2 0 1 0 0 1 1 0 0 0 
3 7 1 1 0 3 2 12 2 1 1 0 2 7 0 9 1 4 0 0 1 0 0 3 1 0 0 5 6 1 3 7 8 3 3 3 2 0 4 5 2 0 1 11 7 10 4 2 2 30 12 1 7 9 2 4 4 7 0 10 1 3 2 5 7 9 0 4 2 0 1 3 2 1 13 12 8 6 89 14 18 10 8 79 18 14 4 19 3 0 0 22 3 4 4 7 0 5 1 0 0 11 
6 9 8 3 8 10 13 7 12 8 2 6 6 14 16 44 29 3 12 5 2 0 4 18 6 0 0 15 13 34 6 15 46 16 16 9 17 10 41 16 3 2 20 33 21 23 17 5 10 71 67 56 124 64 49 23 49 109 0 39 12 9 16 23 24 58 15 18 7 16 14 21 25 19 119 97 44 43 24 77 99 26 29 183 43 45 16 80 18 0 0 34 10 18 16 15 1 10 8 4 1 37 
0 0 4 1 0 0 1 1 1 2 0 1 2 0 2 7 4 1 0 1 1 0 0 2 2 0 0 0 3 3 0 9 9 3 3 1 1 2 6 7 4 4 14 20 7 16 10 3 6 37 8 1 13 5 2 1 3 6 0 4 2 2 2 4 5 6 2 4 1 1 3 2 7 2 19 19 1 13 97 4 17 3 4 83 35 16 11 38 4 0 0 21 7 5 7 4 2 6 5 0 1 30 
0 0 0 0 0 1 1 0 0 0 0 0 2 1 0 1 1 0 0 0 0 2 0 0 0 0 0 0 5 3 1 4 7 5 1 0 3 1 1 5 8 8 11 18 5 14 4 5 4 24 2 7 7 8 3 2 1 13 0 4 0 4 0 5 6 7 1 1 4 3 5 2 0 4 5 8 2 6 83 13 7 7 11 97 33 20 6 35 11 0 0 24 4 12 3 3 0 10 8 2 2 17 
2 3 0 0 2 1 0 0 1 1 0 0 0 1 1 0 1 0 0 0 1 0 0 4 2 0 0 1 1 3 2 5 12 2 0 1 1 0 7 3 8 0 6 22 10 20 11 6 3 38 1 0 2 1 1 0 5 2 0 2 3 0 0 3 1 4 0 0 0 2 1 4 0 1 8 14 1 5 45 6 7 2 10 48 26 13 7 55 4 0 0 15 6 3 1 7 3 9 7 1 0 20 
1 1 0 0 0 2 0 4 2 1 0 0 0 1 0 0 0 0 1 0 0 0 0 2 0 0 0 0 0 2 1 1 4 1 1 0 2 0 4 5 2 1 12 22 6 14 7 6 12 30 6 1 5 2 0 1 4 3 0 6 4 1 1 1 0 4 1 1 2 2 1 2 3 3 4 8 5 9 65 8 7 3 4 104 30 12 11 31 6 0 0 37 3 12 5 4 1 7 9 5 1 31 
5 9 3 0 1 4 4 0 1 0 0 1 1 2 0 1 3 1 2 1 0 0 0 0 1 1 0 2 7 9 0 4 9 1 0 1 5 3 19 12 15 1 51 72 26 32 26 13 13 123 22 12 42 19 7 4 27 31 0 14 5 3 1 2 3 8 1 4 5 2 6 4 3 5 49 32 14 43 201 129 103 31 127 22 188 67 34 105 24 0 0 106 12 28 13 15 4 22 18 0 2 65 
1 2 3 0 1 0 1 4 0 2 0 1 0 0 0 0 0 0 0 0 2 0 1 0 1 0 0 1 2 1 0 5 2 1 0 0 0 2 3 2 2 4 27 44 6 22 17 5 9 37 2 6 10 8 6 0 5 6 0 7 0 4 0 1 1 2 0 0 2 0 1 0 2 2 6 9 7 15 35 51 33 14 25 136 2 39 16 40 10 0 0 52 4 15 9 16 3 7 8 1 0 27 
5 3 5 0 0 1 7 1 2 3 3 2 1 1 1 1 1 2 3 0 2 0 1 10 3 0 0 4 2 12 3 10 28 6 12 14 20 18 28 6 16 6 44 116 32 58 38 18 8 100 12 8 22 4 5 2 9 9 0 5 4 2 2 3 9 4 0 3 2 2 5 3 5 6 28 15 2 13 50 7 19 23 19 83 34 7 18 55 19 0 0 77 15 31 24 27 7 30 24 5 5 53 
0 6 3 1 0 1 2 1 3 2 0 1 0 0 1 2 4 4 1 2 0 0 0 7 1 0 0 3 2 6 5 6 21 4 3 4 29 7 28 10 7 10 24 67 11 30 20 9 5 53 9 4 13 2 1 0 3 5 0 4 0 1 2 4 3 5 1 2 1 1 1 2 3 2 5 5 6 8 33 11 9 8 5 56 20 21 3 27 24 0 0 68 18 14 9 18 0 8 7 5 3 51 
12 18 15 1 3 8 4 8 8 7 3 7 4 5 4 10 11 13 6 6 13 7 2 51 21 0 1 27 12 51 11 21 241 18 24 19 67 53 173 39 24 21 119 202 69 178 94 80 110 837 37 16 42 10 7 6 7 11 0 11 7 5 2 9 12 11 2 9 2 4 8 10 6 7 50 22 6 23 132 24 39 40 30 126 38 88 32 19 34 0 0 277 28 63 56 77 12 46 48 10 9 402 
4 4 0 0 0 3 2 0 2 1 0 0 2 0 1 1 4 9 3 1 1 1 1 3 3 0 0 12 0 11 1 8 33 6 10 4 36 17 29 16 10 8 32 67 16 19 14 8 7 78 8 1 13 8 0 0 9 3 0 2 6 0 0 0 3 8 0 1 1 1 2 0 2 1 12 2 0 11 23 12 7 12 8 28 14 43 21 34 6 0 0 49 18 9 12 12 2 15 20 4 2 52 
0 0 0 0 0 0 0 0 0 0 0 0 0 0 0 0 0 0 0 0 0 0 0 0 0 0 0 0 0 0 0 0 0 0 0 0 0 0 0 0 0 0 0 0 0 0 0 0 0 0 0 0 0 0 0 0 0 0 0 0 0 0 0 0 0 0 0 0 0 0 0 0 0 0 0 0 0 0 0 0 0 0 0 0 0 0 0 1 0 0 0 0 0 0 0 0 0 0 0 0 0 0 
0 0 0 0 0 0 0 0 0 0 0 0 0 0 0 0 0 0 0 0 0 0 0 0 0 0 0 0 0 0 0 0 0 0 0 0 0 0 0 0 0 0 0 0 0 0 0 0 0 0 0 0 0 0 0 0 0 0 0 0 0 0 0 0 0 0 0 0 0 0 0 0 0 0 0 0 0 0 0 0 0 0 0 0 1 0 0 0 0 0 0 0 0 0 0 0 0 0 0 0 0 0 
2 6 10 0 2 2 4 1 4 5 1 6 9 5 6 1 6 7 4 0 2 0 3 5 0 0 0 2 10 24 10 18 44 25 29 13 58 49 111 33 34 8 82 143 36 89 52 26 14 181 12 5 7 6 4 1 7 8 0 5 1 15 0 2 9 7 1 8 2 0 3 2 2 8 12 5 2 1 31 5 17 19 14 51 21 71 41 94 42 0 0 12 52 55 17 85 9 38 34 8 7 88 
4 2 2 0 1 0 3 0 2 0 2 3 2 2 2 1 2 3 0 1 1 0 0 1 1 0 0 1 1 2 2 3 12 2 2 1 18 10 28 8 3 5 28 38 18 19 8 11 6 40 1 1 2 2 1 0 2 1 0 3 3 0 0 1 1 0 0 0 0 0 0 0 0 0 7 2 1 2 11 9 3 2 7 23 9 24 13 21 12 0 0 72 4 6 2 12 2 11 16 1 0 20 
3 1 2 0 1 0 0 2 0 2 1 0 2 0 2 2 1 1 0 2 0 0 0 0 0 0 0 3 1 7 2 5 22 4 10 5 14 5 26 9 11 4 18 60 13 28 22 9 12 74 0 3 5 4 2 2 4 5 0 4 1 7 0 3 0 2 1 0 0 0 0 0 1 0 9 6 0 13 20 4 3 10 3 47 8 18 16 46 18 0 0 50 9 3 0 16 3 5 14 0 1 71 
0 3 1 0 0 2 0 2 1 0 0 0 1 0 0 0 0 0 0 0 0 0 0 1 0 0 0 1 4 6 1 2 21 6 4 5 10 6 12 6 10 2 20 33 17 17 16 8 8 57 0 0 5 2 2 0 4 2 0 2 0 1 0 4 1 1 0 1 0 0 0 2 0 0 3 2 4 7 13 5 5 6 12 23 9 30 12 22 13 0 0 36 15 2 2 9 2 7 8 1 2 53 
1 2 1 0 0 1 0 2 3 0 0 0 3 2 0 0 1 0 0 0 0 0 0 3 2 0 0 2 1 7 1 2 26 4 10 2 25 6 40 13 6 3 22 63 25 38 16 10 8 79 2 0 4 3 0 1 1 3 0 0 0 2 0 0 2 0 0 0 0 0 0 0 0 0 4 2 0 1 16 2 2 5 4 20 6 24 17 55 17 0 0 92 13 8 25 3 2 7 2 1 2 69 
0 0 0 0 0 0 0 0 0 0 0 0 0 1 0 0 0 0 0 0 0 0 0 0 0 0 0 0 0 1 0 3 1 0 0 0 7 1 5 2 1 0 3 8 7 9 1 1 2 16 1 0 1 1 1 0 0 2 0 0 0 0 0 0 0 2 0 0 0 0 0 0 0 0 0 2 0 1 6 0 1 2 1 5 1 2 0 7 7 0 0 10 3 1 2 3 0 1 0 0 0 9 
0 1 1 0 0 0 2 2 0 0 0 3 1 2 0 1 3 0 0 0 0 0 0 0 0 0 0 0 1 6 1 1 10 3 2 0 12 9 12 4 0 0 18 41 10 29 11 8 4 59 10 1 3 8 2 0 5 4 0 1 0 2 0 1 0 0 0 0 0 0 0 0 0 1 5 7 0 1 9 8 9 7 8 20 10 19 9 23 11 0 0 62 17 11 3 23 1 3 5 0 1 22 
2 1 1 0 0 1 3 0 1 4 0 1 2 0 1 2 0 1 0 1 0 1 0 2 1 0 0 2 1 5 0 5 6 3 4 2 16 8 21 7 7 1 23 37 13 31 24 6 5 62 2 3 2 6 0 0 5 1 0 4 0 0 0 0 0 0 0 0 0 0 0 0 1 0 7 8 0 6 9 4 4 4 7 29 5 13 11 22 10 0 0 42 9 7 9 9 4 1 3 0 2 21 
0 0 0 0 0 0 0 0 0 0 0 0 0 0 0 0 1 0 0 0 0 0 0 0 0 0 0 0 0 0 0 0 1 0 0 3 5 6 8 0 1 1 9 5 7 9 2 2 3 9 0 0 1 0 0 0 0 2 0 0 0 0 0 0 0 0 0 0 0 0 1 0 0 0 3 0 0 2 1 2 2 0 0 8 0 3 1 6 3 0 0 16 0 2 1 0 0 1 2 0 0 5 
0 0 0 0 0 0 0 0 0 0 0 0 0 0 0 0 0 0 0 0 0 0 0 0 0 0 0 0 0 1 0 8 1 0 0 0 2 1 5 1 1 0 6 14 2 3 2 0 0 11 1 0 1 0 0 0 0 0 0 0 0 0 0 0 0 0 0 0 0 0 0 0 0 0 0 0 0 1 6 0 1 0 0 4 1 6 1 10 0 0 0 6 1 5 2 2 0 0 3 1 0 3 
3 9 3 0 1 9 4 3 2 2 2 1 2 2 4 6 5 5 1 0 4 1 0 5 1 0 1 9 6 14 6 12 59 9 12 20 35 25 64 28 19 3 59 72 35 82 56 20 25 181 12 8 15 3 2 1 4 3 0 5 2 0 1 4 5 1 0 1 0 0 1 2 2 2 16 6 0 2 29 13 10 11 18 48 19 29 14 197 41 0 0 113 9 29 37 35 8 35 14 8 3 6 
