7 12 22 5 8 21 23 32 38 27 5 24 64 75 41 76 37 21 26 12 9 13 3 33 18 0 0 20 87 2 1 6 14 11 5 3 9 11 19 11 16 0 3 12 8 13 11 8 6 70 9 2 5 3 2 0 4 6 0 1 0 0 0 1 3 11 3 4 0 0 1 2 6 5 0 3 0 1 11 1 3 4 2 1 2 4 3 27 1 0 0 3 3 3 1 1 0 1 0 1 0 6 
4 11 7 3 9 30 20 29 23 28 4 41 49 98 38 67 31 22 30 13 10 9 5 21 10 0 0 20 94 2 4 2 13 0 8 5 8 5 41 12 17 1 8 18 11 11 5 6 2 66 9 3 7 6 0 2 2 8 0 0 0 2 0 4 7 10 2 4 1 1 3 2 1 0 1 1 0 6 24 1 2 4 0 14 1 3 2 25 3 0 0 11 1 1 0 1 1 0 2 0 0 9 
17 17 9 10 6 26 35 18 41 23 7 32 29 83 49 74 39 11 23 5 10 12 5 9 5 6 1 19 109 2 1 2 9 4 3 0 6 15 19 13 11 0 2 3 7 5 8 9 6 40 8 4 8 5 2 0 0 6 0 0 2 2 0 2 9 6 4 1 1 0 2 1 0 2 2 0 1 0 20 0 6 0 1 4 1 9 0 22 0 0 0 10 3 0 0 0 2 0 0 0 0 13 
7 9 18 4 2 3 7 6 12 5 6 3 7 16 7 6 2 2 1 3 1 2 2 8 2 0 0 2 32 1 0 0 1 0 0 1 0 0 4 1 4 0 1 2 0 1 1 0 1 8 0 0 3 0 0 1 1 0 0 0 0 0 0 0 0 2 0 0 0 1 0 0 1 2 0 0 0 0 3 0 0 0 0 1 1 1 0 1 0 0 0 1 0 0 0 0 0 0 0 1 0 4 
7 10 6 0 1 7 3 6 10 8 6 9 17 32 16 26 10 4 12 3 1 6 3 6 5 0 0 4 28 1 0 1 3 0 0 0 0 1 12 5 4 0 1 5 5 3 3 0 2 20 2 0 1 3 0 0 2 0 0 0 0 0 0 0 0 3 0 0 1 0 2 1 0 0 3 0 0 0 12 0 1 0 0 0 1 1 0 6 0 0 0 1 2 1 0 0 0 0 0 0 0 2 
15 62 16 8 18 11 14 15 23 23 9 16 27 97 45 61 46 29 28 8 9 12 6 19 8 1 1 14 104 3 3 2 6 0 7 2 1 5 29 16 3 2 9 10 6 7 7 7 6 26 5 5 10 1 4 0 1 2 0 2 0 4 0 4 1 3 2 1 0 2 2 2 5 2 1 1 1 2 20 0 1 1 0 6 0 2 1 7 2 0 0 6 1 4 0 3 1 1 2 0 0 4 
24 26 19 10 10 5 11 25 24 18 17 18 38 86 32 42 22 23 14 8 5 15 1 5 3 0 1 10 50 8 0 3 20 3 5 3 9 4 27 8 5 4 2 8 5 9 5 1 1 14 7 1 2 3 0 2 0 3 0 1 1 0 1 8 9 4 3 4 0 3 0 0 4 1 0 0 1 1 17 0 0 0 0 11 0 4 1 2 1 0 0 7 1 0 1 0 0 0 0 0 0 6 
12 26 10 8 10 9 27 7 14 16 5 29 55 85 38 61 36 11 18 7 10 19 7 16 7 0 0 8 56 0 0 4 6 0 6 0 4 6 32 16 10 0 6 6 8 9 2 1 7 25 5 3 6 5 1 0 7 7 0 0 1 0 3 3 7 8 3 1 1 2 2 3 6 6 0 0 0 0 11 0 1 0 0 3 1 3 2 7 1 0 0 4 2 1 0 0 0 2 3 0 0 6 
22 34 32 7 4 18 49 13 8 18 10 27 50 65 29 87 53 22 20 13 14 9 4 11 3 3 1 19 67 0 1 8 9 2 3 0 2 2 31 11 9 1 6 11 10 11 3 1 4 28 4 0 5 2 1 6 2 6 0 1 0 3 0 3 1 11 4 0 3 0 10 6 2 3 0 3 0 1 11 0 0 0 0 2 0 3 0 10 1 0 0 9 1 2 1 2 0 5 1 0 0 5 
11 26 14 3 4 5 6 12 6 1 10 10 24 52 22 36 36 11 10 4 7 5 1 20 9 1 1 17 38 4 0 1 5 1 1 0 2 3 21 6 6 0 3 4 6 8 6 0 0 16 7 3 7 6 1 2 7 1 0 0 1 2 2 0 7 10 0 1 1 4 0 4 5 3 6 2 0 2 14 1 1 1 0 3 1 2 0 2 1 0 0 6 0 0 0 2 0 0 0 0 0 2 
18 13 9 7 4 15 25 7 21 6 5 3 33 21 15 40 16 11 18 9 9 7 4 6 4 1 2 17 22 4 0 1 1 2 0 1 2 3 24 12 3 1 6 2 6 13 8 3 5 32 3 2 2 0 3 1 1 5 0 0 1 1 0 1 1 1 2 2 0 0 1 0 0 1 0 0 0 3 5 0 1 0 0 1 0 4 1 2 0 0 0 5 2 2 0 0 0 1 1 2 0 1 
22 29 34 8 11 22 23 29 30 25 6 7 40 51 21 56 33 30 28 13 28 12 9 49 20 1 2 38 37 15 4 1 15 0 5 0 0 7 25 8 10 0 12 7 6 16 6 4 1 32 5 7 4 4 3 2 4 4 0 3 1 3 0 1 0 4 1 4 1 0 3 3 5 3 4 4 0 1 8 2 1 0 0 0 0 4 0 6 2 0 0 8 3 1 1 1 0 0 2 0 0 0 
28 39 29 9 15 31 44 61 56 36 19 22 9 61 34 61 32 18 33 10 22 13 15 51 23 1 3 47 28 21 6 5 14 3 2 0 7 3 30 25 19 3 10 10 7 6 13 3 2 46 8 7 6 3 5 0 3 7 0 7 2 8 2 1 2 6 1 1 1 6 3 3 2 3 4 0 0 3 10 0 0 0 0 0 0 0 0 7 0 0 0 7 4 1 1 0 0 0 1 0 0 5 
53 95 58 8 20 41 64 37 65 52 22 48 37 17 25 71 81 53 65 28 41 37 21 78 61 5 7 103 66 5 3 1 9 1 8 4 0 3 26 21 15 1 4 8 5 10 3 5 5 36 12 4 17 7 8 2 2 11 0 4 1 2 4 0 2 0 0 0 0 0 2 1 5 1 9 1 0 3 27 1 2 0 0 0 0 2 0 10 3 0 0 10 0 0 0 1 0 0 0 0 0 8 
37 66 35 2 21 24 33 35 44 40 10 23 39 27 9 23 38 34 34 17 26 21 23 58 24 3 6 79 43 6 3 6 6 0 8 0 0 3 15 12 4 2 5 18 7 11 2 4 4 19 5 4 10 9 6 3 3 5 0 3 1 2 0 0 1 2 1 0 1 0 2 0 2 0 4 0 1 0 26 2 1 1 0 0 0 1 1 2 0 0 0 3 0 0 1 0 1 0 0 0 0 3 
45 57 45 8 11 35 42 49 53 54 21 43 62 58 17 21 79 45 49 31 91 33 35 128 41 7 12 91 61 23 6 13 43 7 18 11 46 5 24 19 18 2 12 28 10 15 17 5 4 42 7 13 14 10 3 9 5 7 0 2 2 1 0 6 2 2 0 0 0 3 2 2 4 1 0 3 2 4 26 1 1 0 2 1 0 1 1 26 4 0 0 21 3 1 1 6 1 2 1 1 0 9 
12 38 27 8 9 31 28 30 25 40 23 28 48 80 39 80 12 54 61 15 54 36 23 56 31 8 7 80 39 27 19 24 43 17 27 14 41 11 93 33 19 1 17 28 17 44 14 6 13 64 6 4 10 4 3 6 6 6 0 2 3 3 2 2 1 0 0 0 0 2 0 1 4 4 5 6 0 1 13 4 0 2 0 2 1 9 5 21 4 0 0 16 1 1 1 0 0 0 0 1 0 10 
8 24 15 3 2 24 12 21 16 42 14 22 41 92 28 119 33 9 46 17 32 9 16 38 20 4 4 47 28 17 5 21 33 5 20 4 30 10 57 18 19 4 13 21 17 21 15 5 4 52 2 1 4 5 0 2 2 2 0 5 1 1 0 4 2 0 0 0 0 1 0 1 0 0 11 2 0 0 10 6 2 0 0 2 0 1 2 14 1 0 0 10 1 0 0 2 0 1 1 0 0 3 
25 29 12 1 2 13 20 8 19 19 8 18 31 102 31 73 39 39 4 14 31 11 19 39 21 7 4 37 18 16 3 7 17 4 16 4 14 10 49 12 12 3 6 20 9 23 14 5 2 36 1 0 7 2 2 2 4 7 0 2 0 0 0 0 0 0 0 0 0 0 0 2 1 0 3 1 0 0 9 1 1 1 0 0 1 4 2 2 1 0 0 7 0 0 0 0 0 0 0 0 0 0 
7 17 13 2 2 13 13 8 16 15 4 4 35 55 27 62 32 21 22 5 10 3 11 33 18 6 10 58 9 7 5 4 13 4 6 4 17 14 40 16 4 3 2 5 9 6 5 0 1 13 2 0 3 1 2 2 0 1 0 2 1 1 0 1 3 0 0 0 0 0 0 0 0 0 1 0 0 1 4 2 0 0 0 3 0 2 0 6 4 0 0 10 2 1 0 0 0 0 1 0 0 3 
8 11 8 1 4 9 6 10 8 5 7 18 32 79 28 111 45 38 61 5 4 10 21 35 21 4 13 33 19 3 2 3 11 0 9 7 21 4 51 14 9 3 3 4 4 5 2 5 3 13 1 0 2 1 1 1 1 1 0 0 0 1 0 0 0 0 0 0 0 0 0 0 0 0 0 0 0 0 2 0 0 0 1 1 0 2 2 3 1 0 0 4 0 0 0 0 0 0 0 0 0 2 
4 19 7 1 4 7 10 7 15 15 3 18 25 63 30 77 42 18 30 3 6 5 13 22 6 7 8 49 27 6 3 1 4 0 7 9 4 7 34 4 5 0 3 1 10 6 6 1 3 17 2 0 3 0 0 0 2 2 0 0 0 1 0 0 0 0 0 0 0 0 1 0 0 0 1 0 0 0 5 0 0 0 0 0 1 0 0 8 1 0 0 2 0 0 0 0 0 0 0 0 0 1 
3 3 5 3 0 4 3 3 3 14 4 10 11 29 24 64 42 32 30 11 47 12 5 14 10 15 4 48 2 4 1 0 18 2 5 5 13 7 40 9 4 2 7 9 2 7 6 0 4 20 2 1 4 2 0 0 2 1 0 0 0 0 0 1 0 0 0 0 0 0 0 0 0 1 0 0 0 0 5 0 0 0 1 0 1 0 0 4 0 0 0 3 0 0 1 0 0 0 0 0 0 3 
16 12 6 1 8 16 5 19 10 19 5 23 47 116 47 153 102 78 66 8 29 13 9 11 6 17 25 89 5 8 3 2 40 3 17 8 27 9 68 9 9 2 6 8 8 16 4 8 7 51 8 1 2 7 0 2 2 5 0 1 1 2 0 0 1 3 0 0 0 0 0 0 0 0 2 2 2 0 7 0 1 0 1 2 0 4 4 19 1 0 0 3 0 1 2 4 0 0 0 0 0 5 
10 25 10 2 4 9 8 5 12 49 7 24 40 65 31 96 53 32 41 15 23 12 11 6 10 2 10 49 1 11 4 2 76 15 16 14 15 21 38 29 31 5 12 23 23 20 22 9 13 120 17 4 34 4 3 0 2 4 0 3 0 0 0 3 2 1 0 0 0 0 0 0 0 2 4 5 1 2 18 0 3 0 0 0 2 7 5 66 3 0 0 3 0 1 0 0 0 1 1 0 0 2 
0 1 1 0 0 0 1 3 3 3 0 2 1 8 2 16 6 7 4 4 17 14 12 19 3 0 2 17 0 0 0 0 2 0 1 1 2 4 5 1 0 0 0 1 3 1 0 0 0 4 0 0 0 0 0 1 0 1 0 0 1 0 0 0 0 0 0 0 0 0 0 0 0 0 0 0 0 0 3 0 0 0 0 0 0 0 0 0 0 0 0 0 0 0 0 0 0 0 0 0 0 0 
0 0 0 0 0 0 1 1 1 0 0 1 3 8 4 13 9 6 1 4 19 34 8 46 12 2 1 43 0 7 0 0 3 0 1 0 3 1 5 0 1 0 1 0 0 0 0 0 1 5 1 1 1 1 0 0 0 0 0 0 0 1 0 0 0 0 0 0 0 0 0 0 0 0 1 0 1 0 0 0 0 0 0 0 0 0 0 0 0 0 0 0 0 0 0 1 0 0 0 0 0 0 
22 17 16 1 12 21 16 11 23 40 12 37 35 113 54 170 80 44 56 40 55 76 41 107 39 16 17 7 15 5 3 7 33 6 15 5 32 22 60 31 23 1 26 20 27 33 18 11 9 118 14 8 8 7 3 4 2 4 0 3 1 1 0 3 2 0 0 0 0 0 0 0 0 0 5 5 2 6 15 2 1 0 3 4 2 3 5 51 5 0 0 9 4 1 1 0 0 1 1 0 0 12 
34 85 74 9 17 66 60 38 38 20 22 31 40 59 27 41 32 16 18 14 9 13 1 9 1 0 0 22 1 4 2 4 7 0 3 5 8 8 16 17 9 2 13 7 3 22 14 0 8 31 7 3 6 4 2 4 1 7 0 1 1 1 5 5 6 5 2 2 0 4 4 8 4 6 3 1 3 3 23 1 4 0 0 4 1 3 1 3 1 0 0 1 4 4 0 0 0 0 0 0 0 2 
0 3 2 1 2 1 5 7 8 5 1 4 18 10 9 34 32 18 15 2 9 6 3 15 5 1 0 2 7 15 81 127 296 49 158 157 437 124 238 110 68 9 36 45 50 58 35 26 18 185 7 3 21 5 3 1 4 7 0 8 2 14 2 12 25 37 10 10 9 8 5 12 11 1 4 4 1 4 24 3 3 1 2 14 4 5 4 59 16 0 0 44 6 12 9 11 1 10 6 1 0 29 
2 2 1 0 1 1 1 2 2 3 2 2 6 3 1 8 16 8 5 1 0 0 0 4 5 2 1 3 3 84 4 70 86 22 54 52 126 48 101 35 24 0 23 19 12 19 13 4 7 52 3 3 5 3 1 1 3 2 0 3 1 1 2 2 83 77 9 5 4 1 0 0 4 0 0 1 0 1 5 1 2 0 0 1 1 2 4 14 2 0 0 7 1 6 6 2 0 4 1 2 0 8 
2 3 0 1 0 2 5 3 0 1 0 5 5 2 7 15 40 14 10 2 0 0 0 4 2 1 0 6 5 124 52 3 126 33 83 64 250 136 175 83 63 4 32 47 44 52 35 24 14 113 6 2 8 4 2 6 6 6 0 3 1 9 0 4 13 25 2 3 0 1 2 5 8 0 2 3 0 1 21 0 0 1 0 1 1 7 6 35 15 0 0 39 3 6 6 5 1 3 3 2 1 16 
11 12 6 0 2 6 7 7 5 3 2 6 13 6 11 18 27 15 14 2 7 2 5 43 13 1 2 17 5 191 84 95 15 33 63 77 219 84 215 101 97 11 105 76 73 85 77 42 50 386 30 21 44 14 5 5 10 21 0 5 2 11 5 16 14 20 4 6 9 8 12 7 9 6 12 11 0 5 44 2 7 2 8 7 4 12 9 101 19 0 0 31 10 13 9 9 3 4 2 0 0 38 
2 4 2 1 3 0 0 4 1 1 2 0 0 3 4 21 12 7 9 0 3 0 4 1 8 0 0 3 4 59 28 47 44 5 22 20 108 47 111 54 24 8 30 28 22 39 26 12 8 83 5 1 12 6 1 0 1 7 0 6 2 16 3 0 11 15 4 6 6 5 6 9 16 5 3 0 1 1 25 3 1 0 2 3 1 7 1 19 4 0 0 21 3 11 4 4 0 0 2 0 0 8 
3 9 7 1 0 1 3 8 1 1 1 1 1 1 6 7 15 9 15 7 6 5 3 9 9 0 0 8 7 103 42 75 129 16 9 15 149 71 138 88 46 3 53 45 40 49 48 26 16 103 8 0 7 12 3 2 2 9 0 4 1 12 5 3 8 20 6 11 3 8 15 15 9 7 6 3 0 0 12 3 1 0 0 1 1 9 3 23 23 0 0 55 6 8 12 3 2 3 3 0 2 12 
1 2 1 0 0 2 1 1 0 0 0 3 1 1 4 9 15 11 6 2 1 3 0 12 2 0 3 7 7 112 35 56 104 33 33 2 160 60 139 56 31 6 24 23 32 47 32 10 18 114 6 1 7 6 2 0 4 5 0 2 1 2 4 4 8 10 0 1 2 1 8 8 4 7 1 0 0 1 14 0 1 0 1 0 0 1 2 33 10 0 0 19 3 7 2 4 0 3 5 0 0 26 
3 3 5 2 1 5 2 6 1 2 0 7 2 0 2 30 27 13 9 5 14 10 8 28 7 0 0 16 17 298 96 222 318 68 131 149 22 138 411 259 140 48 118 145 120 178 110 51 63 339 18 12 15 16 3 3 9 8 0 1 2 16 3 26 21 35 16 14 9 14 23 14 13 12 7 1 2 3 11 2 7 1 1 10 1 19 5 68 20 0 0 89 24 20 19 24 5 13 9 0 0 74 
10 13 8 1 4 11 5 9 8 9 3 10 9 11 4 6 16 12 8 5 6 5 6 22 7 2 0 24 17 132 39 84 129 39 63 54 123 7 156 139 102 21 87 103 99 127 77 32 29 239 7 2 6 7 0 0 1 6 0 1 1 7 0 9 10 9 2 0 2 4 8 9 12 0 2 2 0 0 8 0 3 0 0 4 1 11 7 52 12 0 0 68 6 11 6 15 2 7 7 3 1 35 
16 49 12 0 7 27 16 18 18 21 17 18 26 20 7 16 37 46 28 17 32 22 17 41 24 4 1 48 32 161 60 173 264 75 136 88 547 117 18 365 189 34 143 161 111 203 107 55 53 423 11 6 17 11 0 2 6 11 0 9 2 14 2 23 24 24 8 7 10 15 13 19 9 12 6 3 5 2 40 3 6 3 4 14 3 28 18 111 22 0 0 130 12 22 15 28 4 17 13 2 0 75 
4 12 15 3 5 8 18 15 17 13 6 13 23 15 18 16 23 22 19 7 10 3 2 42 8 1 0 26 17 89 43 60 165 55 79 66 424 150 440 26 48 10 81 141 80 240 103 35 47 248 4 4 8 7 0 4 7 4 0 2 3 10 4 14 7 18 6 3 4 7 1 6 7 5 7 5 1 1 15 3 0 6 5 20 9 10 13 31 16 0 0 71 10 8 5 2 1 4 5 2 3 45 
9 16 9 0 6 8 6 6 11 9 6 10 9 6 4 16 29 20 16 6 11 6 2 46 13 2 0 15 25 64 17 49 153 33 44 57 198 123 260 47 5 22 56 84 50 131 67 33 30 282 5 1 9 5 2 4 2 0 0 2 3 11 0 11 10 19 2 3 4 2 3 9 4 3 4 5 0 5 12 4 4 6 2 6 5 9 13 20 10 0 0 23 4 6 9 7 0 1 7 3 1 24 
1 0 0 0 0 0 2 0 3 2 0 2 3 1 0 3 2 1 2 0 6 1 0 4 0 0 0 1 0 5 2 2 23 4 5 3 58 23 27 5 9 2 38 28 13 18 20 1 4 25 0 0 0 0 1 0 0 0 0 0 0 1 2 0 2 3 1 1 0 0 0 0 3 0 0 0 0 0 8 2 2 2 0 3 2 10 0 18 6 0 0 5 4 6 1 3 1 1 0 0 0 12 
8 10 6 1 2 2 3 4 5 5 1 0 4 4 3 13 14 15 10 0 8 7 9 12 2 1 0 19 6 44 8 39 115 27 41 19 139 89 116 63 54 10 15 72 50 97 52 44 27 166 7 9 6 4 0 2 8 10 0 2 0 7 2 8 4 10 3 4 1 4 4 8 8 2 12 6 0 6 28 9 13 8 10 44 17 49 25 68 38 0 0 64 30 23 14 39 11 22 19 5 6 112 
16 10 4 3 0 10 11 7 10 4 3 5 13 5 4 17 29 20 15 5 10 7 6 24 9 0 0 23 17 58 20 45 112 25 58 22 168 84 206 126 79 51 90 20 192 249 123 58 56 390 13 11 17 6 5 0 11 6 0 8 1 6 2 6 9 15 4 0 0 1 7 1 7 5 22 11 1 14 61 18 20 12 18 71 35 93 65 100 57 0 0 221 53 53 37 42 7 44 38 3 3 122 
5 10 5 1 2 6 5 6 6 8 4 8 10 7 6 8 17 18 5 4 9 2 3 21 15 0 1 22 6 54 17 46 114 22 51 30 155 75 165 75 49 15 72 149 9 151 108 47 43 243 2 1 12 4 1 4 4 3 0 0 1 4 1 4 6 23 4 2 2 1 4 6 9 1 6 5 2 6 17 3 7 10 1 13 9 24 17 57 6 0 0 79 12 20 12 10 3 12 21 4 0 61 
17 12 10 0 6 5 7 3 10 14 7 18 6 8 5 17 19 20 23 6 20 8 6 23 12 1 0 23 14 52 18 40 177 38 66 48 221 99 225 130 103 37 133 241 173 21 204 177 125 583 13 12 10 10 2 2 4 7 0 2 2 7 1 5 9 15 4 7 11 2 7 7 17 10 16 11 1 5 26 11 11 14 13 49 16 58 27 128 43 0 0 156 24 42 23 22 5 27 18 4 3 129 
7 9 5 0 1 7 9 4 6 8 5 10 10 11 6 17 30 11 13 8 12 7 1 32 10 0 0 22 10 43 11 44 169 23 38 20 148 115 164 82 82 18 50 123 98 207 28 94 82 355 12 6 8 5 6 0 3 6 0 4 2 7 5 6 7 24 5 2 1 1 3 10 5 4 9 2 2 6 24 5 8 12 16 24 18 30 20 99 11 0 0 87 11 25 14 19 4 19 11 7 2 100 
5 9 2 0 2 4 3 2 1 3 1 3 2 10 2 4 4 13 8 1 4 1 0 21 1 0 0 7 7 19 6 17 72 9 20 14 66 42 67 50 40 14 46 83 83 251 156 10 67 424 2 5 15 2 0 0 1 4 0 1 2 2 0 3 5 4 1 5 3 0 1 1 6 2 5 2 0 1 13 4 3 7 6 20 5 19 8 89 15 0 0 70 7 23 14 8 6 6 12 2 1 66 
7 3 4 1 1 4 7 3 5 8 0 7 4 11 3 4 5 9 9 2 2 2 0 16 3 0 0 16 9 21 6 26 134 10 22 22 80 36 99 51 49 11 54 136 81 257 121 73 7 369 1 2 6 0 2 0 5 1 0 0 0 4 0 4 9 5 0 2 1 1 3 2 4 4 5 2 0 2 16 5 0 5 3 21 5 19 9 125 10 0 0 78 12 15 10 10 2 7 10 0 0 74 
48 56 25 5 18 21 19 22 28 46 23 26 52 38 18 25 74 50 38 18 27 15 18 158 50 1 1 112 38 182 48 106 822 81 93 121 450 267 541 249 286 30 205 413 257 648 305 336 242 53 41 15 71 15 10 5 9 29 0 4 7 20 1 31 23 38 12 19 5 10 23 20 20 13 39 18 3 23 111 33 36 37 46 109 30 93 38 727 37 0 0 316 41 56 66 62 14 67 53 10 8 343 
4 12 7 0 6 3 3 6 3 7 3 3 16 20 8 15 11 6 4 5 2 1 0 23 4 1 0 9 4 8 4 11 51 7 3 5 18 10 17 10 7 2 2 13 6 11 7 4 10 55 6 11 42 20 12 8 12 30 0 29 4 6 1 11 28 37 5 11 3 14 3 7 13 19 4 3 4 3 136 2 6 2 5 17 10 8 6 46 15 0 0 7 4 1 6 4 1 5 8 0 1 16 
1 3 4 1 0 3 3 1 1 6 4 3 6 12 3 13 11 1 2 0 0 0 0 6 1 0 0 4 2 4 2 5 26 10 2 3 10 5 15 3 4 2 7 17 6 13 10 1 3 16 12 3 23 19 11 2 8 18 0 13 1 1 2 7 9 20 11 3 2 7 1 5 5 6 1 2 1 0 70 4 6 2 2 12 3 14 0 19 3 0 0 5 3 5 0 1 0 0 5 1 1 9 
5 11 9 7 2 6 4 7 3 11 2 7 4 17 9 34 10 10 5 1 1 2 0 29 7 0 0 17 16 11 5 16 78 11 7 1 24 13 31 9 6 0 10 14 9 16 14 6 9 69 32 30 7 26 11 7 18 34 0 30 12 3 4 16 25 28 22 21 4 21 11 17 19 13 17 4 1 8 130 5 3 1 7 26 7 21 5 57 14 0 0 15 4 8 3 8 2 9 9 0 0 23 
1 3 5 1 0 6 6 4 0 1 2 15 7 13 17 10 14 17 8 4 0 0 4 6 5 0 0 7 11 15 13 4 27 9 10 3 13 7 24 15 1 4 10 15 6 9 10 1 3 18 15 19 53 6 15 6 19 24 0 26 3 3 9 22 36 33 7 16 6 12 25 5 12 5 4 2 2 1 79 10 0 1 11 16 3 6 5 15 3 0 0 12 13 11 10 8 0 17 2 2 0 11 
2 1 3 0 0 3 3 3 2 5 2 0 4 5 3 4 5 3 2 0 1 3 2 6 0 0 1 4 5 4 1 1 15 3 8 1 7 3 3 4 0 0 5 0 1 2 3 2 2 8 16 8 15 10 0 3 6 14 0 7 6 2 2 5 5 10 0 4 0 2 0 4 0 4 1 1 1 7 61 12 1 0 5 19 4 0 3 14 5 0 0 13 0 1 2 2 0 0 2 0 0 6 
2 2 0 0 0 0 1 0 2 2 1 0 2 5 1 4 6 1 1 1 0 0 0 4 1 2 0 2 1 0 0 1 13 1 0 6 2 2 2 2 3 0 3 0 1 0 1 0 5 8 5 6 15 1 1 4 5 6 0 9 2 1 2 6 5 8 1 1 1 7 1 0 2 0 0 2 1 2 42 4 1 1 3 7 3 2 1 9 0 0 0 4 0 1 1 0 0 0 0 0 0 3 
1 5 0 0 3 2 3 4 3 0 0 3 3 10 3 7 8 2 4 0 0 2 0 5 2 0 0 3 0 5 0 1 26 5 6 2 6 3 10 5 2 1 2 6 3 10 1 2 2 13 13 15 18 15 3 5 1 9 0 11 0 4 3 17 11 18 4 6 1 5 3 6 10 0 5 9 0 2 58 7 4 0 0 22 4 9 5 13 2 0 0 9 2 2 0 1 0 0 3 0 0 11 
1 5 5 1 3 7 8 2 4 4 8 2 5 33 4 3 9 3 7 1 0 0 2 4 2 0 0 8 8 9 3 6 28 11 11 3 15 4 16 6 3 2 11 15 6 6 4 1 2 28 20 20 45 20 13 17 9 5 0 17 10 4 3 16 6 23 6 4 3 8 2 6 5 3 10 11 1 12 147 12 4 2 2 39 13 10 2 26 6 0 0 12 3 3 5 2 0 0 1 0 1 10 
0 0 0 0 0 0 0 0 0 0 0 0 0 0 0 0 0 0 0 0 0 0 0 0 0 0 0 0 0 0 0 0 0 0 0 0 0 0 0 0 0 0 0 0 0 0 0 0 0 0 0 0 0 0 0 0 0 0 0 0 0 0 0 0 0 0 0 0 0 0 0 0 0 0 0 0 0 0 0 0 0 0 0 0 0 0 0 0 0 0 0 0 0 0 0 0 0 0 0 0 0 0 
7 10 4 5 5 1 5 10 0 2 5 12 10 24 9 28 20 6 7 9 3 4 4 20 13 0 0 14 14 8 2 4 21 10 6 1 4 3 12 9 1 3 7 8 7 5 4 9 0 26 24 14 26 33 4 6 6 26 0 6 3 6 2 13 11 24 7 13 6 6 5 6 23 7 8 9 4 6 61 2 1 4 7 13 1 5 5 18 3 0 0 7 0 0 6 2 0 0 0 0 1 3 
2 1 1 0 1 2 3 0 0 0 0 1 0 1 0 3 3 0 0 1 0 0 0 1 0 0 0 2 4 8 1 2 11 6 1 0 1 1 2 4 1 0 0 3 4 2 2 0 1 1 6 5 8 13 3 3 1 6 0 6 2 1 4 3 6 19 7 8 4 5 7 8 4 9 3 0 0 1 18 0 3 1 3 4 0 1 0 12 2 0 0 1 1 0 0 1 0 0 2 0 0 1 
0 4 4 0 0 1 0 1 0 2 0 1 4 2 1 5 5 2 0 0 0 1 0 2 0 0 0 0 1 6 6 2 10 9 15 3 25 13 17 13 7 1 4 6 8 8 9 0 1 15 5 6 8 2 3 2 2 4 0 3 4 1 2 12 14 20 4 8 7 6 1 4 5 4 1 0 0 1 17 2 2 2 1 7 0 3 1 3 0 0 0 9 1 0 4 1 0 0 0 0 0 1 
1 0 2 0 0 1 1 1 1 0 0 0 1 0 2 1 1 0 0 0 0 0 0 2 0 0 0 0 0 2 0 5 3 2 5 1 9 4 4 1 3 0 4 1 2 4 1 1 1 4 1 2 1 4 1 1 2 4 0 1 4 0 0 4 9 16 4 2 1 4 1 4 2 3 0 0 0 2 6 0 2 0 0 0 1 1 1 1 1 0 0 4 0 0 0 0 0 0 1 0 0 2 
3 3 1 0 2 11 3 7 4 1 2 3 1 3 0 0 7 2 0 1 0 0 1 4 0 0 0 2 3 10 3 10 2 1 17 10 30 10 18 14 10 0 8 3 2 17 2 2 4 22 12 9 19 10 3 2 8 12 0 10 4 20 3 1 9 23 11 9 0 20 15 24 6 13 8 5 0 2 47 2 4 2 2 0 3 4 0 5 0 0 0 7 1 2 0 1 0 0 0 0 0 2 
5 7 10 0 1 1 2 5 6 2 4 2 4 0 0 1 5 0 0 0 0 1 0 0 1 0 0 3 4 26 17 5 17 9 10 12 23 13 30 10 6 2 8 11 5 11 5 2 0 21 9 3 34 4 5 5 6 5 0 12 8 9 12 3 1 29 16 23 6 28 16 28 23 26 4 4 1 3 30 7 5 7 4 9 1 0 1 10 1 0 0 17 4 2 0 0 2 0 0 0 0 4 
2 16 7 1 1 7 6 6 1 5 0 3 2 0 0 1 2 1 1 2 0 0 1 0 1 0 0 2 4 25 11 28 37 23 10 8 38 8 43 13 15 0 16 6 4 19 14 5 6 44 20 14 29 16 8 7 19 20 0 28 10 13 10 20 36 23 4 23 25 39 35 57 48 47 10 9 2 5 65 7 5 4 7 6 6 9 5 15 2 0 0 10 0 2 0 1 0 2 0 0 0 9 
1 3 1 1 1 1 3 2 2 1 0 1 1 0 0 0 0 0 0 0 0 0 0 0 0 0 0 0 3 10 1 4 6 4 7 2 15 8 22 4 1 0 4 2 2 6 5 0 1 13 3 0 9 3 2 2 1 2 0 4 4 2 3 5 20 10 1 9 10 18 12 18 13 9 3 0 0 4 14 3 3 0 2 1 1 3 0 4 0 0 0 2 0 1 0 0 0 0 0 0 0 3 
3 3 4 0 0 0 5 7 0 0 1 3 2 0 0 0 0 0 0 0 0 0 0 1 0 0 0 1 2 13 2 3 20 10 12 4 25 5 21 6 4 2 1 7 3 6 9 6 1 21 8 5 10 11 1 4 2 11 0 12 8 8 2 9 12 27 4 2 2 21 19 27 15 22 0 1 1 1 21 11 0 1 2 1 1 0 4 3 1 0 0 5 0 0 0 0 0 0 0 0 0 0 
0 0 3 0 0 5 1 3 1 3 0 0 0 0 2 0 0 0 0 0 0 0 0 0 0 0 0 0 0 3 2 2 7 8 7 0 8 0 8 1 1 0 2 0 0 1 1 1 1 8 4 0 4 1 0 2 1 5 0 6 5 2 3 6 20 20 6 14 1 10 18 17 8 10 0 1 0 1 10 1 0 0 0 5 0 0 2 4 2 0 0 0 0 2 0 1 0 0 0 0 0 0 
1 0 2 0 1 5 2 0 1 3 0 0 3 0 0 3 0 0 0 0 0 0 0 0 0 0 0 1 2 10 2 4 14 7 6 3 16 2 10 1 2 2 1 2 1 3 2 1 1 12 6 6 26 12 4 9 10 7 0 13 6 9 3 14 14 35 10 15 10 1 18 28 19 29 0 3 1 2 30 2 3 3 0 5 1 1 0 7 0 0 0 0 0 0 0 0 0 0 0 0 0 2 
0 1 2 1 0 2 4 0 0 2 0 4 0 1 0 2 2 0 0 0 0 0 0 0 0 0 0 0 5 6 4 4 17 15 11 9 49 11 17 8 4 0 2 3 3 8 5 3 1 16 7 3 8 7 4 3 4 6 0 7 4 11 6 14 25 51 17 25 20 29 5 57 13 24 2 4 0 3 17 5 4 1 0 5 1 2 1 9 1 0 0 9 1 1 0 0 0 1 0 0 0 3 
0 2 1 0 2 1 4 2 3 0 0 0 3 2 2 3 0 0 0 0 0 0 0 0 0 0 0 2 2 15 2 2 22 19 29 12 49 9 25 7 3 2 5 4 5 9 11 1 3 15 6 2 10 7 7 4 2 0 0 17 11 6 7 12 32 73 28 34 20 51 26 3 39 16 2 0 0 1 26 2 1 4 0 4 2 0 2 9 1 0 0 7 0 3 0 1 1 0 0 0 0 1 
0 4 1 0 0 4 2 2 3 5 0 2 3 2 3 2 4 1 4 0 0 0 0 0 0 0 0 0 8 2 2 2 13 9 12 4 29 7 17 4 2 0 8 8 13 11 5 3 1 24 12 6 27 7 8 0 5 5 0 15 4 5 4 8 39 35 10 17 4 30 18 41 3 14 3 7 2 1 31 5 1 2 3 5 6 0 1 11 2 0 0 4 0 0 0 0 0 0 0 0 0 1 
1 8 5 2 1 2 7 4 2 2 2 2 1 3 1 2 3 1 0 0 0 0 0 1 3 0 0 0 1 0 1 3 8 12 6 3 14 5 22 10 8 0 5 0 7 8 4 7 8 27 12 4 22 5 1 2 7 9 0 16 10 2 4 9 21 34 14 33 11 19 15 35 17 5 3 4 0 3 37 3 4 1 4 5 2 5 1 21 5 0 0 4 0 1 1 0 0 2 4 0 0 4 
0 2 2 1 1 2 0 1 1 7 0 0 2 17 4 9 4 3 4 3 0 0 0 9 1 2 0 3 4 6 0 3 7 4 1 3 5 4 10 10 5 2 14 14 4 21 17 5 4 55 7 5 16 6 0 2 4 16 0 9 3 1 4 4 9 8 2 4 1 3 4 7 1 6 4 5 2 11 184 15 19 11 15 57 11 24 7 54 15 0 0 18 1 11 1 2 4 9 8 2 0 22 
2 1 0 1 1 2 3 3 1 2 2 2 0 9 4 6 4 4 2 1 1 0 0 4 1 0 0 2 0 1 1 9 10 3 1 4 6 2 7 4 4 0 8 18 12 15 6 6 4 33 11 4 14 3 8 8 6 14 0 18 3 2 0 0 3 10 0 0 1 2 2 2 2 5 3 2 2 16 183 31 12 11 15 72 15 17 3 62 11 0 0 13 6 2 6 4 2 4 4 0 0 13 
0 0 0 0 0 0 0 0 1 0 0 2 1 1 1 1 4 0 1 0 1 0 0 0 0 0 0 2 3 0 1 0 3 0 1 0 2 0 4 0 0 0 2 1 2 0 1 1 1 6 2 0 2 3 1 0 3 14 0 12 1 1 1 1 0 1 0 1 2 0 1 1 0 0 2 2 0 3 91 22 5 2 7 16 4 7 3 9 4 0 0 2 1 7 1 2 0 0 1 0 0 1 
2 2 3 0 3 2 0 2 4 3 2 4 2 8 5 11 2 6 0 0 0 1 0 1 5 0 0 7 3 5 1 2 11 0 0 1 5 0 14 8 2 2 7 10 7 7 6 5 4 25 8 5 12 5 4 1 4 19 0 3 4 2 1 2 1 8 5 2 1 4 0 8 3 2 16 15 6 5 77 32 14 5 7 72 14 14 2 32 7 0 0 17 3 3 5 3 0 4 5 1 0 17 
4 8 11 2 4 10 12 12 10 15 7 3 19 44 14 39 18 7 9 4 4 5 2 20 9 1 0 12 29 18 5 12 52 16 17 5 26 11 52 21 7 1 22 58 16 28 24 11 7 91 94 63 153 63 53 32 56 95 0 36 16 10 6 36 25 55 24 21 6 21 20 17 19 16 109 106 30 54 15 85 70 19 52 169 48 49 14 113 19 0 0 36 12 27 5 6 1 18 12 7 1 48 
3 2 3 1 0 1 2 1 4 3 0 1 2 11 1 7 2 1 0 1 0 0 0 3 3 1 1 2 3 2 1 2 18 2 1 2 1 3 4 6 5 2 22 25 7 15 8 2 4 25 10 1 21 9 1 0 2 10 0 2 2 1 5 1 5 10 3 4 3 1 0 1 3 0 24 11 5 18 92 6 8 12 17 95 43 27 12 50 4 0 0 32 7 16 7 9 0 10 3 1 1 21 
3 1 1 0 0 3 0 1 0 1 1 1 1 0 0 0 0 3 2 0 0 0 1 2 0 0 0 2 0 4 1 1 2 1 6 0 4 1 6 6 4 0 8 20 11 3 4 2 9 40 6 2 6 7 2 4 1 6 0 2 1 3 4 1 4 12 3 1 1 0 0 5 4 3 10 20 8 12 88 16 1 8 12 90 49 23 3 50 7 0 0 25 4 6 8 4 0 2 8 0 1 23 
1 0 2 0 0 2 3 0 1 1 1 0 0 0 0 1 0 0 0 0 0 0 0 1 0 0 0 0 1 6 2 1 4 2 0 3 0 2 8 3 3 2 10 19 3 9 12 2 2 26 2 2 5 0 3 1 3 6 0 2 1 1 1 2 3 3 0 3 0 1 3 1 0 3 3 12 2 5 41 7 6 2 4 43 10 13 10 46 12 0 0 19 5 9 9 5 4 4 4 0 0 32 
2 0 1 0 0 1 1 0 0 2 0 0 0 1 0 0 1 0 0 0 0 0 0 2 1 2 0 1 4 0 0 0 3 4 1 0 0 0 7 5 4 5 14 20 3 24 10 2 5 34 4 0 8 6 2 2 3 10 0 2 1 4 0 0 2 2 4 3 2 3 2 3 3 2 9 15 3 10 85 6 6 2 2 80 44 26 8 39 6 0 0 30 5 9 7 11 0 20 7 0 0 24 
1 4 3 0 3 3 6 1 0 1 0 0 0 2 1 2 0 1 1 1 0 1 0 3 1 0 0 2 7 8 3 3 8 0 4 3 4 3 30 14 9 8 56 85 32 54 35 18 21 136 14 10 32 19 6 7 16 18 0 10 2 7 2 1 6 3 3 6 2 4 10 6 6 6 61 47 16 37 230 99 49 25 119 20 140 101 34 144 33 0 0 99 22 40 14 34 7 21 22 2 6 56 
1 4 0 0 1 0 0 2 3 0 0 1 0 1 0 1 2 0 1 0 0 0 0 0 2 0 0 2 5 1 0 0 4 0 1 1 2 2 4 11 5 0 33 37 18 45 17 1 5 45 6 5 13 1 5 5 7 9 0 10 1 3 2 5 1 5 2 0 0 3 3 2 2 6 5 9 1 16 73 37 23 11 14 106 4 54 12 51 13 0 0 57 13 17 11 10 4 12 9 3 2 29 
3 9 4 0 1 10 5 2 1 3 0 3 3 1 2 3 9 6 3 3 1 0 1 9 0 0 0 6 5 13 3 7 35 9 11 4 28 13 35 9 17 8 48 103 29 79 56 9 23 86 20 8 24 6 6 0 9 8 0 9 2 1 3 5 5 7 1 0 4 0 3 6 2 3 10 12 2 9 73 11 15 15 22 75 54 7 32 69 22 0 0 96 26 26 12 22 6 27 14 2 5 40 
1 2 2 0 0 3 1 3 2 5 1 0 0 4 0 0 7 2 1 2 3 2 0 6 3 0 0 5 8 6 4 7 20 4 5 2 27 13 42 12 11 5 34 84 18 53 18 6 6 44 1 5 4 2 1 0 2 5 0 2 2 2 2 0 1 2 1 3 1 1 4 1 7 2 14 6 5 6 42 17 9 5 10 52 16 31 5 40 24 0 0 80 9 21 15 22 3 9 6 3 1 54 
16 9 9 2 2 2 3 3 5 8 1 3 7 5 3 6 8 7 8 3 8 1 4 21 9 0 0 32 13 59 11 27 165 9 16 11 68 60 145 24 12 8 77 114 46 143 55 62 44 347 28 9 38 11 2 10 6 12 0 12 5 3 2 1 5 9 2 6 2 1 6 3 8 7 33 27 4 14 107 29 28 26 28 106 28 52 20 22 26 0 0 182 23 36 40 50 13 21 42 5 6 237 
1 6 2 0 1 3 3 0 2 1 1 0 1 2 0 2 4 5 1 2 2 1 1 10 3 1 0 4 2 10 7 6 27 3 11 3 31 19 52 17 24 8 51 72 14 65 27 6 9 84 11 1 15 4 2 0 2 4 0 3 4 5 0 1 2 3 0 1 0 1 3 2 4 0 5 7 2 4 17 6 6 11 6 28 18 51 31 26 5 0 0 72 9 25 12 18 8 12 9 1 0 51 
0 0 0 0 0 0 0 0 0 0 0 0 0 0 0 0 0 0 0 0 0 0 0 0 0 0 0 0 0 0 0 0 0 0 0 0 0 0 0 0 0 0 0 0 0 0 0 0 0 0 0 0 0 0 0 0 0 0 0 0 0 0 0 0 0 0 0 0 0 0 0 0 0 0 0 0 0 0 0 0 0 0 0 0 0 0 0 0 0 0 0 0 0 0 0 0 0 0 0 0 0 0 
0 0 0 0 0 0 0 0 0 0 0 0 0 0 0 0 0 0 0 0 0 0 0 0 0 0 0 0 0 0 0 0 0 0 0 0 0 0 0 0 0 0 0 0 0 0 0 0 0 0 0 0 0 0 0 0 0 0 0 0 0 0 0 0 0 0 0 0 0 0 0 0 0 0 0 0 0 0 0 0 0 0 0 0 0 0 0 0 0 0 0 0 0 0 0 0 0 0 0 0 0 0 
6 4 3 1 0 9 6 7 2 7 2 1 11 12 10 8 9 3 4 1 2 1 2 2 4 0 0 9 8 29 9 23 46 21 42 19 111 56 139 43 56 22 109 187 56 135 68 28 37 238 11 3 25 4 3 2 3 6 0 4 0 8 0 8 9 6 5 0 0 1 1 5 4 3 10 5 0 4 42 19 17 25 21 87 44 80 49 122 46 0 0 17 68 56 36 79 8 43 49 4 13 134 
3 2 0 0 0 2 2 2 1 1 0 0 3 0 2 2 3 2 1 0 0 0 0 0 0 0 0 1 2 7 1 5 10 3 10 5 17 7 12 6 12 2 47 51 13 35 25 9 6 41 2 2 0 8 0 1 1 1 0 1 1 3 0 3 2 0 0 0 0 0 0 0 2 1 1 0 1 0 14 3 6 3 6 19 8 25 24 40 12 0 0 52 3 11 13 9 6 14 2 2 0 23 
2 3 3 0 0 1 2 0 1 1 1 6 2 1 0 0 2 1 2 0 0 0 2 1 0 0 0 0 0 4 7 3 18 5 15 4 18 13 32 13 14 4 29 60 19 60 28 7 18 51 9 2 15 5 0 1 2 1 0 0 1 5 0 2 0 1 0 0 0 0 0 0 2 0 9 2 0 4 27 15 6 8 10 24 17 40 18 52 21 0 0 66 16 2 11 13 3 10 10 2 3 65 
0 3 0 0 0 1 1 0 1 1 0 0 1 0 0 2 0 1 0 0 0 0 0 1 1 0 0 0 3 3 0 5 9 6 6 2 16 4 21 6 11 2 31 35 22 27 28 16 16 55 3 0 5 1 0 1 0 3 0 3 1 4 0 0 0 0 1 0 0 0 0 0 1 0 2 6 0 4 16 4 6 2 3 21 10 15 11 34 12 0 0 55 13 8 2 10 0 4 6 1 3 61 
1 0 2 0 1 0 0 3 1 0 1 1 1 1 0 1 3 3 0 0 0 0 0 0 0 0 0 3 3 6 3 3 21 4 10 5 17 8 26 12 13 6 48 100 23 47 29 12 7 78 1 2 7 3 1 2 0 1 0 0 1 3 1 1 1 1 0 0 0 0 0 1 1 0 8 5 2 5 11 5 7 10 6 23 6 22 13 85 18 0 0 152 21 21 17 5 2 8 12 3 1 63 
0 1 0 0 0 0 0 1 0 1 1 0 0 0 1 1 0 1 0 0 0 0 0 0 1 0 0 0 0 3 0 1 5 0 6 0 8 4 11 2 2 1 4 14 6 10 3 0 2 19 0 0 1 1 0 0 0 0 0 0 0 0 0 0 0 0 0 0 0 0 0 0 0 1 0 2 0 0 4 0 0 1 0 1 1 6 5 9 4 0 0 12 0 0 1 3 1 0 2 0 2 1 
0 4 1 0 1 1 1 0 1 1 1 0 1 0 0 1 4 0 0 0 0 0 0 0 0 0 0 2 1 5 0 3 10 1 1 5 21 9 20 7 8 2 25 65 19 40 20 6 11 72 3 5 6 2 0 4 0 2 0 0 0 0 0 0 0 1 0 1 0 0 0 1 0 1 4 2 0 2 13 12 15 13 9 22 13 22 18 43 4 0 0 66 11 12 10 13 0 6 2 1 0 37 
4 2 1 0 0 0 2 1 1 1 0 1 5 0 0 1 1 1 0 0 0 0 0 1 0 0 0 0 0 10 0 2 3 1 5 5 10 8 22 5 4 1 28 28 18 44 24 10 6 57 3 2 6 1 0 1 2 1 0 0 0 1 0 1 0 2 0 0 0 0 0 0 1 0 6 3 0 1 11 8 1 4 12 24 15 17 15 37 17 0 0 61 8 3 6 5 0 2 2 1 0 22 
0 0 0 0 0 0 0 0 0 0 0 0 0 0 0 0 0 0 0 0 0 0 0 0 0 0 0 0 0 0 0 0 1 0 1 0 15 1 6 0 3 0 3 9 6 5 3 0 2 9 0 0 3 0 1 0 2 1 0 1 0 0 0 1 0 0 0 0 0 0 0 0 0 0 2 0 0 1 6 1 2 3 3 8 0 5 2 12 3 0 0 21 0 5 0 2 0 0 1 1 2 0 
3 1 1 0 0 0 0 0 1 0 0 0 0 2 0 0 0 0 0 1 0 0 0 0 0 0 0 0 0 3 0 0 5 1 0 0 3 2 4 0 2 0 11 10 6 5 6 2 1 20 0 1 0 0 0 0 0 0 0 0 0 0 0 0 0 0 0 2 0 0 0 0 0 0 2 1 0 0 2 1 0 3 0 1 4 5 1 19 4 0 0 10 2 1 4 4 0 5 1 1 0 0 
5 12 10 0 0 4 3 4 1 6 2 10 8 3 1 1 9 1 2 0 0 0 1 3 2 0 0 7 3 26 6 27 51 11 13 19 48 31 73 33 26 6 86 71 59 90 65 20 29 177 14 12 39 7 1 0 6 4 0 3 2 1 2 2 2 6 0 0 0 0 1 0 1 2 21 8 2 10 31 14 14 25 16 44 23 45 30 268 65 0 0 131 27 40 47 43 3 39 21 3 3 14 
