9 6 30 7 11 36 31 21 24 23 17 37 42 34 22 51 28 17 23 12 20 23 6 20 16 1 0 24 69 0 0 3 20 0 8 3 1 5 19 18 21 1 8 7 13 16 12 5 22 53 11 2 10 7 3 3 2 6 0 0 2 1 0 6 7 3 1 3 1 0 5 1 1 4 2 4 3 1 18 1 2 2 0 1 4 11 1 42 8 0 0 5 3 0 0 2 0 0 3 0 1 6 
11 13 12 13 20 60 22 26 35 28 22 57 38 73 42 71 31 30 39 16 16 16 12 16 9 0 1 28 49 8 3 7 13 3 12 4 2 9 17 16 27 1 6 9 17 10 10 6 5 43 11 8 10 6 2 3 0 8 0 3 1 2 0 5 5 16 1 4 1 3 3 4 3 5 5 3 0 5 19 3 3 3 2 4 1 12 0 20 6 0 0 8 0 2 1 1 2 1 2 1 0 4 
26 19 8 12 12 35 31 35 51 42 13 46 37 51 42 37 26 26 32 21 18 23 7 31 16 1 1 36 73 7 4 6 8 3 5 3 1 6 17 19 14 3 12 10 13 14 11 4 10 40 6 6 4 2 1 3 2 6 0 0 0 2 1 4 1 5 2 8 3 7 2 11 0 2 2 2 0 3 18 0 1 1 7 4 5 6 1 19 4 0 0 7 0 2 3 1 1 2 4 0 0 4 
10 5 19 1 2 26 6 6 13 4 10 15 10 5 15 9 7 2 7 0 3 1 2 9 1 0 0 5 25 0 0 0 1 1 1 0 1 2 9 3 7 0 0 1 2 3 0 1 2 12 0 0 2 0 0 0 0 0 0 0 0 0 0 0 4 3 0 2 0 0 0 0 0 2 0 0 0 1 2 1 0 0 0 2 1 0 0 4 0 0 0 3 0 1 0 1 0 0 0 1 0 0 
18 9 6 3 2 11 8 4 9 8 8 5 10 19 14 23 13 11 6 3 2 7 6 7 3 0 0 9 15 2 0 0 1 2 3 0 1 1 5 4 2 0 2 3 3 2 0 2 3 20 7 0 3 2 0 1 0 0 0 1 0 0 0 1 3 1 3 0 0 0 0 0 0 1 3 0 0 0 2 0 1 1 3 0 0 1 0 1 2 0 0 4 0 2 0 0 0 0 1 1 0 1 
32 20 30 20 11 5 15 19 44 40 33 36 61 44 39 54 46 28 22 7 20 20 11 23 11 0 1 26 64 2 5 3 4 0 3 0 2 5 15 12 7 4 8 3 4 7 6 12 5 34 11 1 13 1 1 1 1 8 0 2 1 2 0 7 2 6 0 3 1 2 2 3 0 2 1 1 0 1 12 0 2 0 0 5 0 0 1 7 2 0 0 9 2 1 0 4 1 2 0 0 0 5 
21 53 18 7 6 16 8 26 32 29 17 19 36 53 28 48 21 13 22 6 3 5 4 9 8 0 1 9 44 6 0 2 10 0 1 0 7 7 16 13 7 1 7 2 16 4 3 9 4 20 4 1 8 7 3 2 5 4 0 1 0 0 3 4 1 5 2 0 3 2 0 8 1 2 2 2 0 2 13 1 1 0 0 1 0 1 2 6 0 0 0 4 2 1 1 1 3 1 0 1 0 0 
20 34 23 6 7 37 24 4 14 21 25 20 60 44 34 62 23 22 23 12 11 7 7 11 9 0 0 9 33 4 5 8 14 3 0 2 2 7 24 14 9 0 6 6 10 6 7 8 2 23 2 9 4 4 0 2 1 7 0 2 2 1 1 4 3 8 3 7 2 3 0 6 1 5 3 1 2 5 12 2 2 0 0 1 1 3 1 4 2 0 0 7 0 0 1 1 0 2 0 0 0 7 
35 41 51 13 13 39 48 18 7 39 13 33 48 50 26 45 27 24 18 20 17 18 9 22 6 2 3 17 34 3 4 9 7 4 1 3 6 4 27 13 11 0 1 6 5 6 7 4 6 33 3 5 2 4 7 2 2 10 0 3 3 1 1 1 5 8 3 4 3 4 2 0 2 3 7 2 2 1 12 2 0 0 1 2 0 1 2 7 2 0 0 4 4 2 2 0 0 1 3 0 0 2 
18 13 27 6 11 15 31 14 13 4 6 20 35 29 28 34 23 16 18 8 9 10 1 23 17 4 0 15 11 5 3 2 2 1 0 0 0 2 13 17 4 0 5 5 3 3 4 3 2 12 11 3 5 10 5 1 1 6 0 4 0 2 1 0 6 5 2 3 0 0 3 3 2 3 3 5 2 1 9 1 0 0 1 2 1 0 2 4 1 0 0 7 1 0 1 0 0 0 0 0 0 6 
8 18 21 2 9 9 18 12 16 8 1 8 15 23 21 48 36 15 9 16 12 12 6 21 12 1 1 27 8 13 1 5 7 0 1 2 1 4 15 23 9 0 4 6 8 10 6 7 7 35 3 0 1 4 2 0 1 3 0 1 0 1 1 3 1 1 0 4 0 1 2 7 1 2 2 1 1 2 8 0 0 1 0 1 1 3 0 6 3 0 0 7 3 4 2 3 2 1 1 0 0 5 
29 52 41 8 6 31 42 28 34 30 9 2 30 44 16 53 43 32 25 25 19 20 18 47 21 1 4 43 30 11 1 2 10 1 2 2 1 4 16 7 5 2 3 4 11 12 3 4 9 42 7 3 5 9 3 1 2 5 0 5 1 1 2 3 3 5 4 1 0 1 7 6 3 0 6 2 0 3 15 1 2 0 0 0 3 0 0 3 0 0 0 6 3 5 0 1 1 1 1 0 2 5 
38 71 44 5 12 45 86 97 97 46 20 36 9 54 42 74 59 62 42 35 44 33 16 89 24 2 1 63 32 14 5 14 10 1 6 2 4 15 36 25 15 2 3 7 12 14 6 9 2 44 5 10 12 3 2 4 22 4 0 9 11 5 4 2 4 1 3 2 0 0 4 2 0 2 8 3 1 2 12 1 3 1 0 0 0 1 1 5 1 0 0 12 1 1 2 2 1 2 1 0 0 8 
95 143 116 14 25 106 166 98 128 77 40 55 85 14 26 77 99 80 82 57 123 106 65 154 67 7 9 154 44 16 4 3 10 1 1 4 0 8 22 23 18 2 7 5 8 4 3 4 9 49 11 8 27 23 12 3 10 25 0 13 3 3 0 2 0 1 0 0 0 0 3 4 1 3 9 4 0 12 41 7 2 0 0 1 0 1 0 5 1 0 0 10 2 4 1 3 0 2 1 3 1 10 
70 63 73 14 12 62 76 37 52 46 27 42 68 21 9 24 61 28 25 35 39 40 59 92 24 4 24 110 23 9 7 8 8 1 0 1 1 3 7 12 11 0 3 5 5 11 3 3 0 31 9 9 16 19 3 2 5 6 0 2 0 6 0 1 2 0 1 0 0 0 0 1 0 0 4 1 1 3 25 1 0 0 0 0 1 1 1 6 3 0 0 0 1 0 2 0 0 0 0 1 0 5 
42 73 43 10 17 54 74 72 95 74 37 54 72 67 9 15 104 118 96 62 140 85 61 195 66 8 14 137 30 55 13 39 42 15 18 17 41 6 21 45 39 3 10 12 17 13 16 7 9 46 16 10 27 18 2 2 6 19 0 8 2 3 1 2 3 2 2 1 1 1 4 3 1 1 13 10 2 7 45 3 0 1 3 0 0 4 2 19 4 0 0 21 1 2 3 5 2 2 2 0 0 8 
36 53 27 1 11 48 49 53 55 70 25 70 94 92 34 81 5 44 64 34 55 47 30 117 26 7 10 108 22 45 22 40 30 14 19 18 22 13 36 52 36 7 26 22 31 32 32 14 21 68 9 9 10 12 7 5 7 6 0 6 1 3 1 4 5 1 0 0 0 1 3 5 0 3 13 6 2 1 27 2 4 0 5 0 0 7 1 15 11 0 0 17 2 2 3 1 0 0 1 2 3 9 
13 17 21 1 6 21 27 19 16 32 18 27 53 63 44 95 37 12 49 26 43 16 42 73 30 3 5 60 10 31 14 16 37 11 10 22 13 11 45 26 35 5 17 7 22 19 16 9 10 60 7 4 9 7 2 1 2 2 0 3 0 1 2 1 1 0 0 0 0 0 0 0 0 0 2 0 0 3 10 1 3 0 0 0 0 5 2 6 7 0 0 6 1 0 1 0 0 0 0 0 0 2 
15 28 23 7 4 19 23 13 17 17 7 28 43 73 31 88 71 36 3 24 53 34 50 76 20 5 9 49 15 19 8 24 12 10 14 10 19 13 47 18 10 3 8 17 8 27 16 6 10 42 7 6 6 1 1 1 2 3 0 1 3 0 2 3 2 0 0 0 0 0 0 0 0 0 2 1 0 4 13 4 0 0 1 1 2 3 0 13 6 0 0 4 2 1 0 0 0 1 1 1 1 1 
6 11 14 2 3 13 19 11 9 10 11 17 17 34 13 49 26 16 18 2 4 3 13 39 28 2 15 78 9 14 4 3 10 0 2 4 1 4 20 9 11 1 4 6 5 6 6 5 3 19 3 0 4 1 0 2 2 6 0 0 0 1 1 1 0 2 0 0 0 0 0 0 0 0 2 2 2 1 15 2 1 0 0 0 0 2 2 10 3 0 0 4 0 0 0 0 0 0 0 0 0 3 
5 12 9 3 4 12 12 6 8 12 10 16 36 54 33 72 65 33 106 4 8 5 24 51 48 10 20 95 9 12 3 5 15 3 6 10 7 8 31 14 12 2 1 9 6 12 5 6 7 25 1 0 3 1 0 0 2 1 0 3 0 0 0 0 1 0 1 0 0 0 0 0 0 0 0 0 0 0 7 1 1 0 0 0 2 1 0 3 2 0 0 0 0 0 0 0 0 2 0 0 0 1 
7 24 12 3 2 13 13 9 18 15 5 22 32 30 30 54 21 14 33 3 8 9 7 38 20 6 7 54 6 6 1 3 7 2 3 4 3 5 19 2 0 1 4 3 6 4 4 5 3 13 5 0 1 0 2 0 1 2 0 0 1 1 0 0 0 0 0 0 0 0 0 0 0 0 1 1 0 1 6 0 1 0 0 0 0 5 2 2 0 0 0 2 1 0 0 0 0 0 0 0 0 0 
5 3 3 0 3 5 7 7 7 10 7 14 22 14 37 52 34 20 42 20 23 12 0 8 7 5 10 61 4 3 1 6 1 2 1 8 7 4 15 4 6 2 2 1 1 6 3 3 3 14 4 1 2 2 0 0 3 4 0 2 0 0 0 1 0 0 0 0 0 0 0 0 0 1 2 1 0 0 4 0 2 0 1 1 0 0 0 5 1 0 0 0 0 1 0 0 0 0 0 0 0 1 
17 26 13 1 5 18 12 14 14 36 17 37 45 65 37 112 83 29 56 13 29 15 19 6 10 18 71 82 7 5 6 4 26 9 17 8 25 8 45 21 22 5 4 3 5 15 14 9 12 69 9 2 11 2 3 0 6 5 0 3 2 0 0 0 0 0 0 0 0 0 0 0 0 0 2 3 0 1 19 1 4 1 0 0 0 2 3 19 7 0 0 3 0 0 0 2 0 2 0 0 1 1 
33 34 12 3 11 27 16 16 10 62 10 32 55 41 43 64 53 25 27 24 29 12 17 21 6 4 20 66 2 11 8 10 56 11 11 8 6 6 19 16 41 3 7 11 31 21 18 24 17 104 25 7 26 9 9 3 1 13 0 2 1 1 2 0 2 1 0 1 0 0 0 0 0 1 10 5 1 4 19 6 0 1 0 3 1 4 3 40 5 0 0 1 0 1 4 0 0 0 2 0 0 1 
0 0 0 0 0 0 0 0 1 2 0 0 1 3 3 24 4 4 6 3 25 10 13 19 6 0 1 15 3 1 0 0 1 0 4 0 0 0 3 1 0 2 0 3 0 0 1 0 1 2 0 0 0 0 0 0 0 0 0 0 0 0 0 0 0 0 0 0 0 0 0 0 0 0 1 0 0 0 0 1 0 0 0 1 0 0 0 1 0 0 0 1 0 0 0 0 0 0 0 0 0 0 
2 0 3 0 1 0 1 1 1 0 0 0 1 0 0 12 3 5 0 7 13 13 5 23 6 0 1 23 0 0 0 0 3 0 0 0 0 2 1 2 3 0 0 1 1 0 1 0 0 3 3 0 0 0 0 0 0 0 0 0 0 0 0 0 0 0 0 0 0 0 0 0 0 1 0 0 0 0 4 0 0 0 0 0 0 0 0 0 0 0 0 0 0 0 0 0 0 0 0 0 0 0 
19 41 26 5 24 27 13 22 21 36 34 53 63 86 87 114 65 63 78 57 78 115 102 136 61 13 72 7 3 8 4 9 19 6 15 9 17 19 44 42 44 4 16 19 22 27 17 20 13 118 18 5 24 2 8 3 3 5 0 4 1 0 0 2 3 1 0 0 0 0 0 0 0 0 15 6 1 6 31 0 2 2 0 0 1 7 4 30 5 0 0 12 1 1 0 3 0 1 0 1 0 7 
81 149 106 22 22 145 66 68 78 31 25 46 44 76 29 72 48 22 33 21 21 38 8 29 6 1 0 9 1 4 1 6 7 1 13 2 4 13 27 27 17 3 15 6 23 28 8 6 12 64 3 5 10 6 4 6 7 9 0 2 0 4 2 10 9 9 4 7 2 3 2 9 0 2 1 1 1 6 44 3 3 2 5 8 3 3 4 12 5 0 0 10 2 8 1 2 0 2 3 0 0 4 
2 1 0 0 0 6 4 8 4 5 2 6 18 4 5 15 39 24 12 9 5 8 7 9 4 0 0 1 2 37 92 119 244 45 95 107 240 140 234 129 74 7 34 39 43 61 43 24 52 253 16 2 11 5 5 0 4 11 0 13 8 6 3 18 17 25 16 9 4 5 8 4 3 0 4 3 1 2 18 5 4 2 1 4 0 8 7 62 24 0 0 27 0 10 7 14 0 11 6 1 1 24 
0 1 0 0 3 0 2 4 1 3 0 1 5 0 2 4 14 8 5 2 1 0 1 4 3 0 1 2 0 120 7 108 105 28 40 35 86 29 82 36 24 3 18 10 13 18 14 9 4 48 2 1 2 3 0 0 0 1 0 1 1 0 0 6 7 24 4 8 4 0 4 9 0 1 0 1 0 1 9 2 1 2 0 1 2 3 3 15 2 0 0 5 2 3 2 3 0 2 2 1 0 3 
4 6 9 0 1 0 3 4 4 6 0 3 7 0 1 21 38 16 5 5 3 4 3 11 3 2 3 7 3 185 105 8 116 31 75 55 186 148 209 87 51 21 46 46 53 33 40 21 25 148 6 6 27 13 1 1 4 9 0 7 1 4 4 21 22 24 27 5 9 3 2 4 0 0 6 4 1 5 22 2 3 2 2 4 2 6 7 34 15 0 0 37 7 11 12 4 2 3 7 1 1 15 
20 16 14 1 3 8 17 3 9 4 5 15 20 6 7 34 62 30 20 9 12 11 11 40 36 3 0 25 10 329 163 115 28 33 107 104 198 138 226 198 183 16 110 91 117 165 112 65 125 772 55 49 86 39 19 18 8 19 0 14 5 2 1 9 16 28 12 13 10 22 21 23 8 8 27 4 3 10 63 9 5 6 9 5 7 14 3 177 38 0 0 39 7 14 14 21 5 14 8 0 2 63 
5 2 3 2 0 1 4 1 2 4 0 1 2 2 1 8 16 14 5 4 4 10 4 7 6 1 1 5 3 103 44 65 32 1 22 23 96 52 85 90 39 6 37 36 26 41 29 16 21 99 15 5 18 7 7 1 4 7 0 4 3 8 4 2 9 31 13 5 11 5 11 27 6 8 6 5 0 4 32 3 3 1 2 3 0 2 7 24 5 0 0 19 5 7 6 6 1 5 3 1 0 9 
4 10 7 0 0 4 3 5 4 1 3 1 5 0 4 14 30 18 15 8 12 6 8 16 9 1 0 15 4 193 79 120 114 31 9 30 136 57 122 158 44 12 52 51 42 55 31 19 25 133 10 8 21 4 6 1 6 12 0 8 2 21 1 11 14 17 7 11 7 8 16 27 8 2 6 0 0 1 25 4 3 0 4 4 0 9 3 29 13 0 0 34 14 12 8 20 3 8 4 3 1 15 
9 5 3 0 0 0 2 3 0 1 0 3 5 1 3 8 18 15 13 9 5 4 7 18 8 1 5 6 2 217 96 104 117 19 37 12 132 73 126 84 55 13 24 27 38 56 34 26 29 149 4 5 6 7 4 0 1 7 0 4 1 4 1 12 8 17 5 8 2 3 10 4 7 3 5 0 0 7 12 1 0 0 0 1 2 1 2 31 7 0 0 25 4 4 4 15 1 5 13 2 0 22 
12 8 5 1 1 9 2 5 3 6 0 3 6 1 1 34 30 21 22 14 18 16 13 45 21 4 8 53 8 576 232 421 404 153 183 223 21 189 566 470 182 58 152 193 188 196 148 81 93 528 14 20 40 31 3 1 8 21 0 6 2 20 21 48 21 43 25 35 18 15 60 44 26 17 7 9 3 3 35 1 4 4 1 1 7 21 21 74 52 0 0 114 35 32 21 40 8 32 30 15 5 64 
11 16 9 0 4 8 3 8 27 12 4 8 8 8 5 9 21 14 5 11 15 23 1 19 10 0 1 44 11 224 71 142 119 53 82 59 97 14 125 209 111 33 84 88 102 89 62 47 62 263 5 4 10 9 2 0 3 3 0 3 1 8 5 16 17 13 5 1 5 0 17 13 6 10 6 8 1 2 13 3 0 0 1 3 0 23 6 65 27 0 0 69 9 18 10 15 4 5 5 1 2 23 
24 44 29 5 8 34 34 37 57 32 21 46 37 23 15 11 65 60 55 41 66 41 37 103 50 5 3 100 14 362 107 292 333 132 159 142 401 157 28 511 312 44 130 192 178 161 154 100 90 591 20 13 39 19 4 3 12 28 0 4 4 21 7 35 36 61 15 17 11 12 24 27 17 16 27 9 2 20 61 6 11 3 7 21 12 33 34 137 50 0 0 130 28 29 18 43 5 33 35 7 7 85 
11 18 16 1 3 14 22 10 18 15 9 16 26 15 6 14 34 20 15 9 15 12 3 41 16 0 2 18 10 112 55 75 138 36 106 56 208 145 384 14 37 32 60 98 71 105 77 50 70 322 10 3 12 8 1 3 7 6 0 5 1 13 1 10 16 8 1 7 5 0 7 4 2 10 7 4 0 3 19 5 6 4 4 17 8 3 7 41 31 0 0 61 8 11 9 13 2 9 7 2 1 31 
17 19 16 2 1 4 18 11 5 15 2 6 11 15 5 14 30 12 10 11 15 5 8 29 12 0 1 29 6 78 39 84 126 42 51 48 126 102 233 48 6 12 60 94 64 122 83 50 33 270 3 5 6 4 1 0 7 4 0 2 1 2 1 11 6 12 1 2 3 2 4 3 3 4 8 6 0 8 12 5 7 1 2 10 3 13 11 32 16 0 0 46 7 11 13 18 2 8 9 0 3 31 
3 1 0 0 0 2 2 0 4 1 1 4 1 2 0 6 4 4 1 0 3 1 0 3 1 1 0 2 2 16 2 12 23 2 7 5 40 16 29 15 15 2 12 45 19 19 10 13 12 33 0 2 3 0 0 0 0 3 0 2 0 1 1 1 1 0 0 1 0 0 3 0 0 0 0 0 0 0 3 3 11 2 2 10 2 5 6 8 5 0 0 10 7 4 3 6 2 0 4 1 1 11 
10 13 10 3 1 8 12 6 9 5 6 10 10 8 6 10 26 11 5 2 15 7 3 17 4 0 1 12 3 79 34 57 135 31 64 29 115 79 142 93 47 14 13 63 78 124 82 65 72 264 4 9 8 6 5 3 6 7 0 3 2 3 2 13 9 10 2 2 3 2 6 6 3 1 12 9 2 12 38 20 24 13 22 47 30 57 37 178 58 0 0 88 27 51 24 66 3 43 26 2 8 109 
11 18 10 2 2 11 15 8 9 6 6 9 13 3 6 13 38 24 6 8 11 6 6 32 14 1 0 26 4 83 28 62 125 49 50 28 133 135 216 150 115 39 90 28 165 264 159 136 122 471 18 9 23 11 6 5 9 15 0 5 2 3 3 8 14 9 4 7 4 1 10 9 3 2 31 22 4 26 55 19 39 17 34 96 79 100 82 210 113 0 0 234 64 82 54 120 30 74 50 19 13 144 
13 19 9 2 0 10 5 7 14 13 4 9 7 4 5 10 19 22 17 6 13 8 7 31 12 0 2 30 3 97 27 50 128 32 48 31 112 89 142 111 61 24 70 148 12 198 147 108 132 442 6 9 12 3 1 2 4 9 0 2 1 2 3 6 12 12 3 7 2 6 7 5 0 2 21 7 1 20 26 13 10 9 16 22 30 53 19 101 18 0 0 63 15 30 19 71 12 30 31 10 4 62 
21 20 19 3 5 11 8 12 12 13 8 15 22 13 9 18 29 27 12 17 20 21 12 41 22 1 0 36 8 92 44 76 185 45 86 53 203 132 289 227 145 28 92 315 211 25 208 314 224 865 22 14 41 5 7 6 6 14 0 3 0 0 1 11 15 14 2 10 3 9 13 14 4 7 32 11 2 14 44 26 23 25 18 67 36 61 48 189 53 0 0 160 35 65 37 56 10 53 58 12 4 103 
17 10 16 1 4 7 15 20 15 8 1 4 17 2 6 12 33 21 11 11 7 5 6 19 19 0 0 31 4 53 22 64 189 36 44 28 96 92 148 107 83 29 59 147 126 215 26 129 132 470 6 9 14 8 6 3 5 6 0 0 2 4 0 4 8 9 8 8 2 3 13 5 2 4 34 8 0 6 25 13 7 7 7 33 21 44 32 136 22 0 0 78 26 40 20 27 2 36 47 8 5 76 
9 8 5 0 1 2 8 3 5 4 3 2 3 5 6 2 11 5 6 3 4 0 3 12 7 1 0 17 3 34 13 20 84 18 23 9 48 32 64 43 27 9 32 66 87 174 113 11 69 342 5 4 8 5 2 0 0 2 0 0 1 3 0 3 6 5 2 10 0 2 5 10 2 0 8 2 0 1 11 5 2 8 3 18 8 31 18 78 14 0 0 36 6 13 11 7 3 11 9 4 2 41 
7 7 6 0 0 3 3 6 5 3 6 3 7 3 4 4 9 10 6 3 8 0 2 21 1 1 1 10 4 26 4 16 86 15 15 7 47 28 71 41 42 10 46 68 49 161 100 92 14 373 4 2 6 1 1 0 2 2 0 0 0 2 1 2 7 4 3 2 1 3 3 3 5 2 10 5 1 5 13 2 7 4 4 18 6 14 6 65 7 0 0 50 14 20 11 17 3 14 25 5 3 48 
54 92 49 8 16 27 30 32 36 50 19 29 38 19 14 19 53 51 44 17 30 31 26 163 64 4 10 112 7 269 59 167 702 93 127 115 307 268 507 326 316 43 181 371 260 507 312 440 428 54 58 23 82 13 11 9 29 23 0 8 3 18 3 21 30 48 6 23 3 9 26 26 13 9 73 33 7 30 115 45 48 37 48 116 45 110 49 463 55 0 0 264 26 80 64 78 11 102 87 17 15 270 
5 7 4 7 3 1 6 3 9 7 5 4 6 10 6 12 11 4 4 3 1 1 2 15 10 0 1 9 2 20 3 11 49 6 9 4 7 5 22 11 4 0 6 12 8 8 6 10 10 39 4 12 44 19 18 6 10 43 0 31 17 2 1 27 18 35 8 9 1 24 12 6 11 20 3 9 2 13 90 6 11 3 12 23 10 19 8 38 10 0 0 7 4 5 3 3 1 11 8 2 2 18 
5 8 3 0 3 6 3 2 5 9 2 3 8 6 3 3 7 3 0 1 3 0 1 5 6 0 0 6 4 2 1 6 39 4 5 2 2 1 8 3 1 0 3 14 7 4 5 2 8 20 9 3 31 30 8 7 17 24 0 29 6 0 3 6 11 13 4 8 1 3 3 1 3 6 3 3 2 5 59 6 3 3 2 13 2 16 5 19 5 0 0 8 2 4 0 5 0 6 4 1 0 8 
8 24 11 0 2 12 13 6 9 9 4 18 8 7 13 13 23 8 5 4 4 2 3 24 7 0 1 15 8 24 5 7 61 17 12 8 11 6 30 13 8 1 23 16 12 18 10 4 14 64 46 27 9 34 11 7 10 38 0 32 2 3 4 21 31 36 5 15 10 27 20 18 18 18 12 10 0 14 109 10 10 1 4 27 13 22 6 49 14 0 0 16 3 8 6 7 3 7 6 1 0 21 
0 4 3 2 0 2 4 3 3 7 2 0 1 14 7 14 8 11 11 1 3 1 0 3 2 0 1 4 0 11 7 8 34 9 4 5 3 1 8 5 7 1 11 9 5 9 8 2 3 22 14 25 36 8 9 4 20 13 0 31 7 3 8 14 8 9 7 11 4 10 8 6 4 4 1 3 1 5 64 4 3 4 5 10 7 12 3 13 6 0 0 9 1 3 2 3 0 9 4 0 0 7 
4 4 0 1 0 3 1 1 2 2 0 2 3 2 3 9 1 1 2 1 0 1 2 2 1 0 0 3 1 4 3 4 13 3 5 0 2 3 2 2 2 2 0 3 2 6 1 0 4 13 10 9 11 7 1 1 2 16 0 12 5 1 4 9 7 7 3 3 0 5 5 2 4 3 3 6 1 4 47 4 1 1 0 3 0 2 1 7 2 0 0 0 0 1 1 1 0 2 0 0 0 6 
0 1 2 0 1 0 4 3 5 3 2 1 3 1 2 4 1 4 0 2 4 0 1 4 3 1 0 1 4 1 1 3 4 3 4 2 1 1 7 5 0 0 3 2 0 3 2 0 3 12 5 9 6 2 0 4 8 14 0 10 2 0 2 3 11 8 1 4 0 5 5 0 2 5 1 8 0 4 25 1 1 0 2 7 5 6 3 8 1 0 0 1 0 0 0 2 0 2 0 0 0 0 
5 2 1 0 0 0 5 2 2 1 1 5 5 5 6 7 5 5 3 1 0 0 0 8 0 0 0 4 5 7 1 12 16 4 9 4 2 3 5 7 4 2 7 5 2 5 3 1 2 19 15 14 11 12 6 10 0 12 0 9 0 1 4 11 2 20 2 13 3 13 6 10 3 6 5 11 1 4 65 7 0 1 2 17 13 10 2 11 6 0 0 7 3 3 5 0 1 2 4 0 0 6 
2 8 1 0 0 13 10 10 5 7 1 20 7 10 6 20 7 9 10 1 0 2 0 2 1 0 1 0 1 16 5 11 42 12 11 3 7 2 5 13 6 2 3 14 2 8 2 3 2 24 23 22 49 32 11 8 13 5 0 31 4 7 4 17 13 27 4 10 4 11 8 7 5 6 27 14 5 17 130 14 10 2 10 42 10 7 8 22 4 0 0 11 3 4 2 0 2 3 3 1 0 1 
0 0 0 0 0 0 0 0 0 0 0 0 0 0 0 0 0 0 0 0 0 0 0 0 0 0 0 0 0 0 0 0 0 0 0 0 0 0 0 0 0 0 0 0 0 0 0 0 0 0 0 0 0 0 0 0 0 0 0 0 0 0 0 0 0 0 0 0 0 0 0 0 0 0 0 0 0 0 0 0 0 0 0 0 0 0 0 0 0 0 0 0 0 0 0 0 0 0 0 0 0 0 
10 10 9 6 2 9 5 3 1 6 1 6 7 14 19 20 15 6 6 4 2 8 2 21 9 0 2 9 5 12 2 13 17 6 2 0 0 1 9 5 5 1 6 5 4 4 3 4 5 32 42 22 49 38 23 11 12 22 0 3 2 5 4 13 24 27 13 13 8 17 25 30 8 37 26 17 3 5 52 1 10 3 3 10 7 4 3 8 5 0 0 10 1 2 3 0 2 3 2 0 2 4 
1 2 0 3 0 2 4 1 2 1 0 0 5 0 0 3 2 1 2 0 0 0 0 2 0 0 0 2 1 6 1 2 8 2 1 3 5 1 6 2 2 1 3 6 1 3 1 0 6 12 11 11 15 8 4 2 0 17 0 5 8 12 2 6 10 16 16 7 7 14 11 9 4 9 8 2 2 4 19 2 3 1 7 2 4 5 0 17 1 0 0 3 1 0 3 0 0 0 1 0 0 5 
2 3 6 0 1 4 8 5 6 3 0 2 10 5 2 8 7 4 3 2 0 0 2 5 1 1 0 0 1 21 9 11 18 5 9 4 11 11 20 21 7 2 6 10 12 13 3 1 8 26 5 1 10 7 1 0 3 7 0 6 8 2 1 14 25 25 6 11 6 26 10 17 3 9 5 1 0 2 11 3 5 3 3 2 3 4 2 17 11 0 0 4 3 3 6 3 0 0 0 1 1 2 
2 3 1 0 0 0 1 2 0 2 0 0 2 1 1 2 0 1 2 0 0 0 0 0 0 0 0 0 3 1 3 2 1 0 2 4 2 3 7 2 1 1 2 2 0 3 0 0 0 5 0 3 2 1 3 0 5 4 0 3 1 3 0 2 16 29 9 7 1 4 12 4 1 3 4 0 0 3 13 0 3 0 2 0 0 3 2 3 0 0 0 1 0 0 2 0 0 0 1 0 0 1 
3 5 5 1 1 5 5 1 5 4 1 1 3 0 0 4 5 3 3 2 0 0 0 4 1 0 0 1 5 13 5 8 5 3 7 16 20 15 15 13 4 4 7 4 5 5 5 4 9 17 17 10 22 16 7 3 11 11 0 8 5 19 2 1 15 56 11 11 7 11 16 22 7 15 9 3 1 12 38 7 3 4 3 3 3 4 4 4 3 0 0 9 1 1 1 3 0 1 0 1 0 0 
5 4 7 1 0 10 10 29 4 2 4 6 4 0 0 2 2 0 0 0 0 1 0 2 0 0 0 1 1 44 19 27 23 14 8 10 15 11 26 16 5 0 6 9 4 10 10 5 8 21 22 11 26 12 5 6 10 13 0 26 8 7 3 13 6 42 49 44 16 24 42 46 23 19 18 5 3 5 40 3 14 3 7 3 5 1 2 11 11 0 0 8 1 1 1 3 0 0 0 0 0 1 
6 14 11 1 3 5 23 5 9 5 3 6 2 5 2 1 1 0 1 0 0 0 2 5 0 0 0 2 3 69 49 30 25 26 24 17 34 15 41 23 17 5 10 12 20 29 11 7 7 59 22 14 37 26 11 6 12 19 0 40 14 18 26 30 27 17 17 38 46 68 89 106 37 42 23 10 4 9 80 15 12 9 6 11 8 4 1 13 10 0 0 8 2 2 1 6 0 1 1 0 0 8 
4 7 1 0 0 2 6 0 1 1 2 2 1 0 0 3 0 1 0 0 0 0 0 2 0 0 0 0 1 8 7 14 9 4 7 2 4 2 9 4 3 0 4 0 5 2 2 4 6 12 6 3 8 10 3 1 8 4 0 21 0 2 3 6 15 11 2 3 19 22 23 29 8 5 3 2 0 1 16 4 2 1 1 2 1 1 0 4 1 0 0 0 0 1 0 0 0 0 1 0 0 1 
5 9 5 0 0 4 3 9 2 0 0 4 2 0 0 3 0 0 0 0 0 1 0 1 1 0 0 0 0 8 7 5 16 17 3 2 20 5 12 7 4 0 3 11 5 5 3 2 2 13 11 8 17 13 3 6 12 17 0 15 7 3 4 18 21 23 4 4 11 27 20 33 14 15 6 0 1 2 21 4 5 0 3 5 0 3 4 10 1 0 0 1 0 0 0 0 0 0 0 0 0 2 
2 1 3 2 0 0 0 0 1 0 0 1 1 0 0 1 3 0 0 0 0 0 0 1 0 0 0 0 1 14 3 5 15 8 3 3 6 4 11 1 2 0 0 2 1 3 3 1 5 16 4 4 6 0 0 0 1 5 0 8 1 1 3 8 14 29 6 12 3 3 15 36 9 16 2 3 1 2 21 2 2 1 0 3 0 2 0 3 0 0 0 0 0 0 0 0 0 0 0 0 0 0 
3 4 4 0 0 2 8 2 6 4 2 3 1 2 0 0 2 0 0 0 2 0 0 1 0 0 0 0 0 5 6 3 8 4 12 2 9 2 7 1 2 0 2 0 4 1 1 1 0 6 8 4 12 7 0 1 7 11 0 6 6 10 6 15 18 49 24 24 19 7 21 43 12 39 5 3 0 2 38 3 7 2 4 5 3 3 2 12 2 0 0 2 0 0 0 3 0 0 0 0 0 1 
3 3 0 1 0 1 1 1 0 3 1 3 1 4 0 2 1 0 0 0 0 0 0 0 0 0 0 0 0 12 0 1 18 6 7 9 18 9 15 7 2 0 4 8 7 9 3 1 3 26 2 2 6 4 3 3 10 6 0 7 3 2 1 5 19 53 15 37 12 22 4 51 9 21 4 4 0 3 19 0 5 1 1 1 7 3 6 9 1 0 0 2 0 0 0 1 0 0 0 0 1 2 
4 5 0 0 1 3 2 3 1 7 0 1 0 0 2 1 2 1 1 0 0 0 0 0 0 0 0 0 4 9 2 4 20 17 11 6 18 3 27 7 12 0 4 4 4 1 2 3 4 12 3 3 11 5 0 2 5 10 0 9 3 6 3 11 33 52 31 35 34 37 44 5 29 28 5 2 0 3 27 3 1 6 2 5 0 5 1 9 1 0 0 5 0 0 0 2 0 0 1 0 0 1 
4 6 5 1 1 7 6 4 4 3 1 7 1 1 3 2 4 3 0 0 0 0 1 1 0 0 0 0 0 13 6 7 18 12 22 4 21 11 29 11 11 2 4 4 11 12 5 7 7 45 22 8 32 11 18 9 13 15 0 18 14 3 8 9 29 64 28 22 13 30 36 51 1 20 12 10 1 5 45 4 7 5 3 10 3 8 1 15 3 0 0 5 2 3 0 0 0 0 0 1 0 3 
1 12 2 0 1 5 13 5 2 6 2 0 2 2 1 3 2 0 0 1 1 0 0 3 1 0 0 1 1 3 0 3 19 10 5 4 21 16 26 12 10 0 2 8 9 12 3 2 7 27 18 7 25 12 7 5 12 8 0 21 10 3 4 14 23 50 28 42 12 68 52 61 13 3 7 3 1 10 58 9 3 3 4 9 3 5 7 28 2 0 0 9 0 2 0 1 0 0 0 0 0 8 
2 2 0 1 0 0 4 0 1 2 3 2 6 2 4 5 3 6 2 1 2 2 0 4 1 0 0 3 0 7 1 6 16 6 4 4 4 1 6 2 4 0 8 10 6 5 12 4 10 59 7 2 8 7 1 1 8 11 0 15 2 2 2 3 3 8 0 5 0 6 4 5 0 3 7 6 1 23 87 23 11 8 7 36 5 13 6 56 13 0 0 5 4 6 6 5 2 7 6 3 0 15 
1 2 1 2 0 0 3 0 2 7 2 0 2 3 4 3 5 3 2 2 1 0 2 1 2 0 0 4 0 1 7 3 10 2 0 1 1 2 8 2 1 1 11 17 8 3 9 6 4 34 3 2 9 4 4 2 4 12 0 6 3 2 3 6 5 11 1 3 1 5 1 5 1 3 3 5 18 15 74 23 14 10 20 49 24 8 9 39 5 0 0 4 6 6 1 9 3 14 11 1 0 11 
0 1 0 0 0 1 0 3 0 1 1 2 1 0 0 2 2 0 0 0 0 0 0 0 0 0 0 0 0 0 0 1 3 0 1 2 0 0 1 1 1 0 4 0 2 4 1 0 1 14 1 0 3 2 1 3 2 3 0 1 0 5 0 3 5 5 0 0 0 0 2 0 1 0 3 14 0 7 63 10 6 0 2 7 10 4 1 19 1 0 0 3 1 2 1 1 0 0 0 0 1 1 
7 6 4 1 2 18 10 17 12 5 4 1 5 3 1 6 6 6 6 0 2 10 13 5 7 0 0 8 2 6 10 5 8 1 3 2 3 0 8 8 8 5 11 25 9 29 9 10 4 60 25 26 75 41 55 12 19 45 0 5 6 2 6 10 19 26 11 13 1 4 12 22 4 3 52 47 16 7 118 62 98 60 67 136 64 55 14 47 32 0 0 9 1 25 12 10 3 20 25 4 2 17 
14 15 15 2 4 14 12 8 16 11 11 5 4 42 19 40 22 14 6 5 1 5 4 25 11 0 1 11 14 32 11 22 73 14 13 3 24 5 29 16 7 3 21 41 19 30 17 17 17 78 115 97 174 83 61 34 68 104 0 69 15 16 9 33 39 44 12 27 17 19 27 35 13 35 262 165 74 91 27 97 87 40 78 223 68 46 29 103 30 0 0 46 6 31 19 10 3 14 29 1 2 32 
1 4 3 0 0 0 4 1 2 2 0 0 3 0 4 3 2 4 5 3 0 0 0 3 1 0 0 2 1 4 1 4 18 2 2 3 4 0 1 4 3 2 10 20 5 11 4 4 6 23 8 5 6 4 2 0 4 14 0 4 3 3 0 9 4 16 4 2 1 5 5 5 5 2 27 36 11 23 58 9 22 8 22 136 41 26 18 57 5 0 0 18 2 17 6 5 3 6 11 3 1 7 
2 4 1 0 0 4 1 0 1 2 0 0 2 1 0 1 5 0 1 0 3 0 0 2 1 0 0 1 1 2 3 1 9 2 0 0 2 1 5 1 3 1 17 16 5 13 7 3 6 25 6 5 9 5 3 1 6 13 0 4 1 1 1 4 7 8 3 2 2 4 6 5 1 3 29 26 9 7 76 15 5 11 18 76 45 17 16 44 10 0 0 25 1 7 24 5 1 18 6 0 3 11 
0 0 3 0 1 3 2 3 0 1 0 0 0 2 0 1 1 0 3 0 0 0 0 1 0 0 0 4 0 2 0 7 8 0 0 0 0 1 9 10 2 2 14 22 5 18 8 10 6 53 13 8 3 5 4 3 1 5 0 2 0 15 1 3 0 6 0 1 0 1 7 1 3 3 9 13 1 9 44 15 8 1 14 43 19 39 8 46 8 0 0 15 4 13 8 11 5 22 10 2 1 19 
4 3 0 0 1 0 1 1 1 0 1 0 1 0 0 2 2 0 0 0 0 1 0 0 1 0 0 5 2 3 0 0 7 0 0 0 0 1 7 6 2 2 13 6 4 9 5 5 2 34 10 6 7 2 0 0 4 3 0 0 0 0 0 5 2 4 1 0 2 1 1 10 1 1 10 24 8 17 33 19 16 5 3 87 31 17 11 48 7 0 0 19 3 9 8 7 1 8 5 4 2 16 
7 14 6 0 0 1 2 3 3 4 1 2 0 0 2 3 2 2 2 0 0 1 1 3 1 0 2 5 2 8 12 6 13 2 2 1 2 4 29 18 12 5 37 70 18 48 36 21 18 137 19 22 51 22 12 7 31 54 0 6 3 5 0 2 6 10 4 7 7 6 8 8 7 9 90 55 25 62 222 128 93 45 132 22 139 104 31 163 34 0 0 68 24 33 21 30 14 43 32 8 5 49 
0 3 0 0 0 3 1 0 1 1 0 0 0 0 0 1 2 1 0 0 1 1 1 1 0 0 1 0 0 4 0 6 4 1 1 0 2 1 0 7 6 1 19 33 9 12 15 7 6 34 3 3 11 5 5 1 9 2 0 2 2 1 2 1 0 0 1 1 0 2 2 3 3 2 11 13 3 18 45 28 25 18 24 114 2 41 38 76 15 0 0 34 6 13 9 17 3 16 13 7 1 15 
5 8 5 0 0 6 4 4 6 3 3 0 4 0 1 3 1 4 1 0 5 3 2 3 0 0 1 9 2 19 8 20 27 7 6 5 23 10 38 7 24 5 60 85 28 33 50 45 22 138 20 13 31 9 4 2 10 17 0 13 3 4 1 5 2 3 1 3 1 1 3 5 2 5 39 23 1 18 70 35 47 24 28 90 56 15 19 99 67 0 0 102 36 40 26 38 21 46 22 10 10 63 
1 2 2 1 0 0 3 1 3 3 0 1 3 0 2 1 5 5 0 1 3 0 2 5 0 0 0 5 0 14 0 6 29 5 7 4 8 12 40 4 12 3 33 52 14 33 12 28 15 67 7 2 9 2 3 1 2 6 0 7 0 2 1 3 4 3 3 1 0 1 6 4 3 2 14 7 3 9 29 6 16 13 20 62 31 31 7 53 27 0 0 68 10 26 7 32 8 17 14 2 4 32 
25 24 10 7 9 5 7 8 6 11 0 6 4 3 6 12 16 8 9 8 11 8 7 44 16 0 4 30 3 57 25 43 194 11 16 24 48 56 106 30 33 11 79 135 65 109 86 103 111 689 27 8 69 14 5 3 12 22 0 15 3 4 2 8 10 5 3 7 5 3 5 16 4 9 70 34 2 31 115 34 51 32 39 129 59 67 35 22 27 0 0 165 33 65 51 80 28 63 57 9 5 268 
3 9 5 0 0 4 3 0 1 2 0 2 2 3 2 3 6 5 1 1 4 1 0 6 3 0 0 8 1 19 5 15 17 8 14 3 13 23 28 18 10 12 42 72 26 36 6 15 19 62 4 3 14 5 1 1 6 7 0 3 1 4 0 5 2 2 0 1 0 1 1 6 0 1 7 9 1 9 43 12 7 12 20 31 22 37 24 49 4 0 0 67 16 23 31 25 8 16 13 3 1 43 
0 0 0 0 0 0 0 0 0 0 0 0 0 0 0 0 0 0 0 0 0 0 0 0 0 0 0 0 0 0 0 0 0 0 0 0 0 0 0 0 0 0 0 0 0 0 0 0 0 0 0 0 0 0 0 0 0 0 0 0 0 0 0 0 0 0 0 0 0 0 0 0 0 0 0 0 0 0 0 0 0 0 0 0 1 0 0 0 0 0 0 1 0 0 0 0 0 1 0 0 0 0 
0 0 0 0 0 0 0 0 0 0 0 0 0 0 0 0 0 0 0 0 0 0 0 0 0 0 0 0 0 0 0 0 0 0 0 0 0 0 0 0 0 0 0 0 0 0 0 0 0 0 0 0 0 0 0 0 0 0 0 0 0 0 0 0 0 0 0 0 0 0 0 0 0 0 0 0 0 0 0 0 0 0 0 0 0 0 0 0 0 0 0 0 0 1 0 0 0 0 0 0 0 0 
19 15 10 1 5 5 14 6 11 9 3 8 13 9 6 12 22 13 13 5 5 1 4 11 2 0 0 10 4 57 27 43 55 30 44 27 91 68 197 56 52 18 78 243 73 188 104 97 100 323 21 16 41 17 5 2 12 22 0 12 2 11 3 13 10 3 4 3 2 3 2 6 5 3 20 14 6 14 75 33 26 28 53 104 75 93 61 277 102 0 0 20 41 64 40 159 18 79 62 13 7 162 
0 1 1 0 0 2 1 2 1 2 1 1 1 1 4 1 2 6 0 1 0 0 0 0 1 0 0 2 0 12 3 7 15 8 8 6 17 11 31 14 9 7 30 71 15 26 14 12 18 36 1 0 6 2 1 1 0 2 0 5 1 2 0 2 3 0 3 1 0 0 3 0 0 1 6 1 0 8 10 19 20 4 8 14 15 31 16 50 15 0 0 70 1 12 8 36 2 14 7 2 3 19 
0 2 1 0 0 0 2 1 3 0 0 1 5 3 1 2 3 0 0 0 0 0 1 0 2 0 0 0 2 12 2 11 17 6 13 6 27 13 25 9 5 7 23 56 22 30 23 19 21 80 1 6 14 8 2 2 4 6 0 2 1 2 0 2 1 0 0 0 0 0 0 1 0 1 7 5 6 10 32 10 17 7 11 26 15 24 13 75 36 0 0 79 18 9 3 21 3 11 7 3 0 42 
0 7 4 0 0 1 0 1 0 2 0 1 1 0 1 1 2 3 0 0 0 0 0 2 1 0 0 0 0 13 1 9 15 3 6 1 10 7 13 13 6 2 34 21 21 27 18 17 12 86 5 5 2 1 2 0 3 4 0 3 0 1 1 1 1 0 0 0 0 1 0 0 0 0 10 4 1 4 15 13 8 8 7 29 14 17 16 64 18 0 0 39 6 1 11 12 6 15 10 2 3 60 
0 2 3 0 1 1 4 0 3 0 0 1 0 2 1 1 3 1 0 0 1 1 1 3 0 0 0 4 1 15 4 6 18 2 8 2 16 8 31 12 10 2 41 58 26 30 22 9 20 71 12 2 10 5 1 1 0 8 0 5 0 1 0 1 5 0 0 0 0 0 3 0 0 0 3 1 2 6 23 8 15 7 7 30 9 20 19 87 24 0 0 87 11 18 13 13 1 18 5 5 1 55 
0 0 0 0 0 0 0 0 0 0 1 0 0 0 1 0 1 0 0 0 0 0 0 0 0 0 0 0 0 2 0 1 4 0 1 1 2 1 9 3 1 1 1 10 0 2 1 6 3 12 4 1 1 0 0 0 1 0 0 0 0 0 0 0 0 0 0 0 0 0 0 0 0 1 2 0 0 2 4 3 0 0 2 8 1 3 0 14 4 0 0 9 4 3 5 3 3 1 1 0 1 14 
0 2 2 0 0 0 0 2 1 1 0 0 0 3 1 0 0 0 0 0 0 0 0 0 0 0 0 2 1 8 2 1 5 2 4 5 8 7 9 1 3 2 18 23 24 10 14 11 16 38 5 1 3 1 0 0 1 3 0 2 0 1 0 0 1 0 0 0 0 0 0 0 0 0 11 4 0 3 14 5 5 6 9 26 19 13 8 36 13 0 0 38 4 7 11 21 1 7 1 1 3 34 
2 3 3 2 1 1 0 0 0 1 0 5 4 2 0 1 0 1 0 0 0 0 0 0 0 0 0 1 0 14 1 7 12 1 3 6 12 15 15 9 3 2 29 43 17 14 15 11 16 59 5 3 13 2 3 0 1 2 0 0 0 0 0 0 0 1 0 0 0 0 1 0 0 0 7 1 0 6 15 9 11 13 15 35 13 20 8 52 15 0 0 28 5 5 6 8 1 22 4 1 0 26 
0 0 0 0 0 0 0 0 0 0 0 0 0 0 0 0 0 0 0 0 0 0 0 0 0 0 0 0 0 0 0 0 0 1 3 1 2 4 2 2 0 0 4 3 2 5 3 1 2 8 0 1 2 1 0 0 0 0 0 0 0 1 1 0 0 0 0 0 0 0 1 0 0 0 5 0 0 1 2 2 2 0 4 4 6 14 5 8 6 0 0 10 3 3 7 7 1 0 2 1 1 6 
0 1 0 0 0 0 0 0 0 0 0 0 0 0 0 0 0 0 0 0 0 0 0 0 0 0 0 0 0 1 0 0 4 1 2 0 1 2 2 1 1 0 3 7 3 3 3 2 2 5 1 0 0 1 0 1 0 1 0 0 0 0 0 0 0 0 0 0 0 0 0 0 0 0 1 2 0 1 3 0 8 2 1 3 1 2 7 12 7 0 0 6 2 3 0 3 2 5 0 2 0 2 
3 9 12 0 3 7 6 12 5 2 4 2 10 6 2 5 9 6 3 0 2 1 1 12 1 1 0 18 1 36 8 23 43 12 19 17 31 29 86 28 25 13 108 100 49 102 72 37 44 245 20 16 32 10 8 2 1 12 0 7 1 1 0 0 6 6 1 2 0 1 0 1 0 4 23 13 3 9 29 20 26 17 27 48 33 50 28 279 43 0 0 119 20 49 51 68 15 44 34 12 2 19 
