5 9 67 11 39 83 78 34 68 79 79 96 118 253 199 73 83 119 80 41 6 11 12 46 20 9 0 41 25 1 1 1 22 21 20 6 11 7 37 62 14 10 26 32 33 24 20 6 8 57 15 2 7 7 4 2 7 11 0 3 3 27 6 10 16 29 18 9 7 5 2 2 7 3 0 6 0 3 20 0 3 1 1 10 1 11 5 40 8 0 0 22 11 2 4 3 0 0 1 0 0 21 
16 18 15 2 24 74 66 35 114 35 58 145 162 243 160 130 89 110 106 43 23 11 8 46 16 1 2 25 32 1 1 6 11 9 23 9 1 7 43 46 38 1 37 29 29 35 20 6 4 83 11 19 13 7 9 4 17 15 0 6 11 51 7 26 23 35 5 9 2 2 2 1 15 18 0 16 0 0 19 1 4 11 1 19 6 8 2 28 5 0 0 56 1 2 3 0 0 2 4 0 0 21 
43 40 19 15 32 85 59 42 165 109 34 136 126 294 241 94 77 94 92 36 35 21 4 22 8 4 0 36 57 3 2 3 15 16 39 4 3 6 35 44 31 1 44 29 33 12 13 8 7 52 15 8 7 9 5 0 5 31 0 1 4 25 1 21 37 60 9 30 4 5 5 2 6 15 0 3 5 1 25 0 13 1 1 9 5 2 4 22 10 0 0 29 11 8 11 2 0 1 3 0 0 14 
12 23 38 5 3 59 26 13 49 37 9 27 19 48 40 36 10 6 1 5 2 12 3 8 4 2 0 13 14 0 1 1 1 2 2 0 2 4 28 1 5 0 6 11 3 11 2 1 4 6 3 0 0 1 0 9 0 4 0 2 1 2 0 7 3 10 7 1 0 1 0 0 5 12 4 0 0 0 0 0 0 1 3 0 0 3 1 6 1 0 0 8 0 2 0 0 0 1 2 0 0 2 
22 45 17 2 4 9 7 16 45 27 13 13 24 75 32 40 9 18 19 5 5 2 18 16 6 1 0 22 7 3 0 0 1 6 5 0 1 3 6 23 2 0 15 7 3 9 3 0 1 23 1 1 8 1 1 2 23 4 0 1 0 1 6 3 2 16 13 7 0 19 9 2 9 3 0 5 0 0 5 0 1 1 0 7 0 3 0 8 2 0 0 6 0 1 1 1 0 1 1 0 0 0 
166 125 119 23 14 86 55 12 139 203 108 121 228 313 208 146 94 129 112 84 56 23 26 76 18 9 1 66 41 4 6 5 23 6 15 2 1 14 38 33 30 5 42 40 44 19 31 15 2 51 35 8 21 10 6 4 13 7 0 13 7 9 5 20 14 60 17 16 1 20 16 4 22 14 5 4 1 2 17 2 2 5 0 25 13 19 6 9 9 0 0 38 8 7 7 2 0 0 1 0 0 15 
74 87 71 9 6 23 49 18 121 223 76 129 216 189 153 76 94 95 85 66 28 20 9 33 13 1 0 38 19 3 1 9 24 21 19 0 2 4 18 45 25 5 58 12 27 34 21 11 5 64 37 15 18 11 1 2 10 23 0 3 10 7 10 25 26 70 20 40 6 7 27 1 4 12 5 9 0 1 12 1 2 4 0 5 1 10 6 14 7 0 0 49 1 9 0 1 0 0 0 0 0 7 
58 110 55 21 22 42 37 32 51 142 100 67 214 225 196 135 84 92 54 53 16 11 11 41 19 1 2 31 17 2 3 18 27 4 8 0 0 1 21 37 13 0 62 31 15 22 29 9 3 54 12 5 7 9 4 3 4 32 0 4 3 4 13 28 40 36 13 21 10 7 11 2 10 4 1 2 1 2 10 0 1 3 1 13 2 0 8 5 1 0 0 41 20 3 0 0 1 0 0 0 0 10 
76 140 115 10 35 79 95 10 99 36 42 101 293 241 279 113 108 85 69 45 28 13 79 40 6 3 9 21 15 5 0 16 17 6 4 0 2 2 55 54 30 4 35 25 25 18 31 6 6 57 19 4 12 5 1 1 7 14 0 1 0 10 0 10 40 44 10 12 3 9 1 3 22 26 4 3 0 1 2 2 0 3 0 12 0 4 0 7 5 0 0 33 2 2 3 0 0 0 2 0 1 7 
61 79 59 15 49 45 37 5 26 5 14 43 113 121 76 82 54 80 64 31 20 22 46 59 20 6 2 43 10 4 3 3 6 5 4 1 4 0 22 17 10 4 17 10 24 26 17 0 0 49 17 6 15 10 3 1 7 12 0 1 0 1 1 14 12 22 3 11 1 4 0 1 4 5 7 6 3 0 10 0 2 1 3 2 2 1 7 10 5 0 0 11 1 4 2 0 0 0 3 0 0 5 
15 63 44 10 22 58 40 12 65 17 3 14 89 74 62 53 25 71 50 35 9 10 48 23 5 0 1 23 5 26 5 6 3 0 0 0 2 2 11 24 13 1 13 7 8 22 10 8 28 41 4 2 11 0 1 3 5 10 0 0 0 7 0 1 6 23 2 4 5 2 3 3 6 6 2 2 0 0 16 0 0 0 0 0 0 2 0 2 13 0 0 21 2 11 4 1 0 0 1 1 0 0 
89 162 114 9 27 117 78 64 124 40 49 39 144 83 38 67 79 110 98 77 37 36 65 73 53 2 3 77 30 7 2 18 14 6 22 0 2 13 12 37 12 3 27 21 20 33 32 15 4 69 24 8 13 8 1 13 18 14 0 0 1 24 0 3 25 18 4 0 2 0 2 6 10 6 5 13 1 0 8 5 2 0 0 1 0 2 1 0 5 0 0 29 1 8 14 11 0 0 6 0 0 5 
74 180 108 22 62 157 179 124 167 78 50 32 86 83 73 98 83 89 73 92 46 30 58 92 46 4 1 69 21 21 6 20 30 2 17 0 2 28 18 51 19 3 42 28 15 28 31 4 7 63 38 16 29 4 7 4 14 40 0 8 7 20 3 7 2 9 3 11 0 1 1 2 11 4 3 19 0 5 17 11 0 0 0 0 0 3 0 5 6 0 0 47 4 1 0 0 0 3 2 0 0 5 
39 75 58 3 16 88 43 39 141 43 27 21 48 57 22 19 25 83 48 96 68 47 66 91 46 9 5 220 8 2 0 2 4 0 1 0 15 2 8 16 2 2 10 5 15 11 2 1 3 43 18 1 14 0 0 1 7 3 0 2 1 3 0 0 0 1 0 0 0 0 0 2 2 1 1 1 0 0 10 0 3 0 0 0 0 0 0 1 0 0 0 28 0 0 0 0 5 0 1 0 0 3 
95 133 94 14 27 150 75 45 70 43 43 60 145 19 21 10 22 34 62 70 77 28 59 67 41 4 14 139 21 3 2 11 9 0 5 1 25 6 13 20 14 0 22 11 5 21 9 2 0 44 22 8 18 6 9 2 20 24 0 3 2 3 0 0 0 0 1 0 0 0 0 0 3 0 1 5 2 2 18 2 1 0 0 1 0 1 1 4 3 0 0 30 6 1 0 0 0 0 0 0 1 6 
47 101 37 13 25 119 38 102 74 51 61 90 69 59 13 38 31 57 82 42 96 50 56 104 25 12 0 116 11 33 18 26 71 30 45 22 64 21 20 16 13 3 33 16 23 16 28 8 9 60 18 2 13 3 13 1 13 20 0 2 19 6 0 1 0 0 0 0 3 0 0 2 4 8 9 18 1 2 18 1 0 0 0 0 0 5 2 11 0 0 0 12 14 1 2 1 0 1 2 0 0 4 
80 98 81 6 52 83 36 22 83 89 73 71 114 160 90 44 57 52 101 71 103 27 46 151 45 1 0 111 16 74 10 123 110 27 62 23 43 9 10 35 34 5 88 47 45 56 50 14 7 103 17 12 29 10 5 5 10 32 0 12 2 12 1 7 3 1 0 1 0 0 0 0 1 2 6 12 5 8 28 2 6 0 1 0 0 4 3 9 15 0 0 39 11 3 2 0 1 0 0 0 0 11 
56 72 48 0 12 95 20 37 44 62 49 66 79 168 81 99 28 28 42 22 26 30 53 101 22 13 6 97 4 23 13 66 76 22 77 16 50 18 21 33 30 2 46 43 74 52 56 5 10 114 20 8 11 2 10 3 7 12 0 0 1 12 0 3 0 0 0 0 0 1 1 1 0 0 2 3 1 2 12 11 0 0 1 0 0 3 3 16 5 0 0 27 2 0 0 0 0 0 0 0 0 9 
48 92 35 4 21 127 23 48 27 36 63 44 110 97 92 68 33 32 30 9 41 21 25 75 26 6 4 109 8 15 3 40 46 18 35 2 15 1 15 8 14 8 17 39 19 17 25 8 1 39 11 0 2 5 2 2 1 11 0 5 0 26 0 3 0 0 0 0 0 0 0 0 0 0 1 4 0 2 18 1 0 1 0 1 1 1 2 3 16 0 0 9 0 0 0 0 0 0 0 0 0 6 
30 58 28 2 7 57 30 30 47 32 143 72 106 184 94 136 83 101 127 5 10 25 36 76 24 19 2 140 21 7 7 17 28 24 47 15 31 8 27 39 32 6 31 16 20 24 23 5 2 19 4 1 1 2 10 1 0 2 0 2 6 8 0 0 0 0 0 0 0 1 0 0 0 0 2 0 0 0 1 2 9 0 0 0 2 1 3 5 8 0 0 3 0 0 0 0 0 0 1 0 0 3 
38 26 29 1 5 52 8 48 42 24 46 75 117 224 168 240 168 147 249 9 21 11 19 31 23 3 9 80 1 7 2 6 16 3 60 17 20 3 37 34 19 2 36 25 45 20 17 14 6 30 0 0 1 2 0 0 11 0 0 5 1 0 0 0 0 0 0 0 0 0 0 0 0 0 0 0 0 0 2 0 0 0 1 0 0 1 1 15 2 0 0 6 0 0 0 0 0 0 0 0 0 1 
25 57 64 5 38 117 38 17 47 34 193 106 110 291 160 170 145 112 263 30 20 25 14 48 13 32 14 152 8 5 15 6 36 27 80 41 36 16 66 17 23 2 37 34 35 42 35 6 5 49 1 1 5 5 3 6 6 1 0 11 0 2 0 4 0 0 0 0 0 0 0 0 0 0 1 2 0 0 13 3 3 3 0 0 0 1 2 12 5 0 0 4 1 1 1 0 0 0 0 0 0 4 
3 22 30 6 9 79 13 10 21 27 50 102 76 162 173 204 249 239 257 102 91 51 12 50 39 19 14 166 6 13 10 15 57 52 122 9 21 13 73 27 15 3 74 45 23 9 27 2 14 47 1 3 7 7 6 2 4 7 0 3 3 1 0 4 0 0 0 1 0 0 0 0 0 0 2 6 1 5 5 1 0 1 1 3 0 7 17 12 10 0 0 19 1 1 3 0 0 0 0 0 0 5 
38 54 44 6 22 85 18 66 54 84 131 190 189 393 298 326 416 414 399 237 281 102 26 61 4 32 12 182 8 9 3 25 61 44 198 26 47 16 102 54 39 4 58 77 60 45 42 22 7 160 7 6 12 7 5 6 10 33 0 1 9 26 0 0 0 0 0 1 0 0 0 0 0 2 5 2 3 2 15 2 1 0 0 2 0 7 6 17 16 0 0 21 0 1 1 1 0 2 0 0 0 4 
34 38 24 5 9 43 17 23 70 50 48 82 117 195 120 163 116 107 138 115 85 36 13 11 11 2 10 85 8 17 5 13 99 25 83 22 42 17 59 41 24 5 24 43 42 43 28 9 10 123 14 14 13 3 6 2 8 19 0 5 6 9 0 3 3 1 2 0 0 0 0 0 0 2 7 7 3 2 34 6 1 3 1 0 1 6 5 43 5 0 0 9 2 2 2 0 0 1 0 0 0 6 
7 0 5 0 0 0 0 0 4 2 3 21 2 22 38 21 10 19 28 20 65 40 11 91 23 3 1 17 0 6 0 19 4 3 6 0 0 13 18 3 2 0 0 2 5 1 1 0 0 4 3 0 0 0 1 0 0 1 0 0 0 0 0 0 0 0 0 0 0 0 0 0 0 0 0 0 0 0 1 0 0 0 0 0 1 0 0 0 2 0 0 0 0 0 0 0 0 0 0 0 0 0 
3 3 2 1 10 3 0 0 12 9 7 10 4 37 37 43 31 49 15 68 103 141 86 124 64 16 7 141 0 2 0 4 10 3 20 5 7 0 15 7 8 0 6 2 12 3 2 5 0 7 1 0 1 1 0 0 1 0 0 0 0 3 0 0 1 0 0 0 0 0 0 0 0 0 3 1 0 0 10 1 0 0 2 0 0 0 0 0 1 0 0 9 2 0 0 0 0 0 0 0 0 3 
38 25 33 5 13 23 9 33 51 44 64 141 168 415 246 285 179 279 172 282 150 138 153 148 122 47 13 15 6 7 8 13 39 12 107 20 83 34 92 44 44 7 49 70 52 90 39 4 6 135 21 4 12 2 9 1 3 6 0 6 4 8 0 4 0 9 1 0 1 0 0 1 0 0 5 4 1 0 10 2 5 0 4 8 0 9 12 45 4 0 0 51 4 6 8 5 0 0 4 0 0 16 
12 13 2 2 1 1 4 0 8 6 0 3 14 12 12 7 0 7 3 4 2 3 0 3 3 0 0 0 1 0 0 0 4 1 1 0 0 0 2 1 2 0 1 1 2 4 1 1 0 6 3 1 0 0 0 0 0 7 0 0 0 0 0 1 2 4 0 0 0 2 1 0 0 0 0 2 0 0 2 0 0 0 0 1 1 2 0 0 0 0 0 1 0 0 0 0 0 1 0 0 0 0 
1 7 5 5 4 10 7 13 18 2 13 13 41 12 17 43 117 183 101 55 29 4 28 28 14 0 2 2 7 60 79 435 779 264 1155 794 1335 370 598 327 221 26 396 294 227 213 165 45 55 448 58 23 33 20 10 17 29 38 0 62 42 89 8 31 152 257 67 66 40 26 8 6 20 1 9 10 1 10 74 9 15 11 3 12 0 22 38 118 84 0 0 256 65 43 50 21 1 5 5 0 1 51 
3 0 1 0 0 5 1 6 3 3 2 4 22 0 9 33 39 85 34 38 8 2 16 5 2 3 0 2 1 78 164 156 271 51 431 233 418 148 201 83 49 10 143 91 33 55 47 26 4 132 9 10 19 9 2 6 7 7 0 15 8 74 5 15 173 210 30 24 12 23 7 3 7 5 0 0 1 4 16 2 3 6 2 4 2 7 14 31 16 0 0 69 14 14 15 7 0 1 4 0 1 26 
6 10 6 0 0 2 0 4 14 6 4 4 10 7 12 35 96 144 49 60 2 1 2 9 6 2 0 14 1 165 98 46 253 70 453 377 841 370 499 185 202 27 225 231 181 200 128 42 55 301 46 15 26 17 11 13 37 39 0 13 7 19 11 17 77 200 60 7 15 5 6 0 10 0 11 15 2 15 78 13 4 13 2 4 6 28 16 72 29 0 0 241 25 37 36 15 0 3 9 2 0 26 
4 4 0 0 2 7 3 2 5 2 2 0 1 1 0 14 17 15 7 9 2 2 9 14 5 0 1 12 2 147 32 58 14 31 77 73 151 45 96 81 59 17 139 87 109 53 66 41 27 204 13 4 7 7 4 2 3 15 0 11 1 2 4 13 8 27 11 4 0 1 5 6 8 15 2 6 0 0 16 8 0 5 0 2 1 11 6 59 10 0 0 90 10 22 4 4 1 3 5 1 3 44 
0 10 6 0 0 12 2 0 1 3 0 0 4 0 3 17 24 58 23 9 2 0 6 23 7 1 0 9 0 58 41 88 83 12 34 51 264 60 142 58 50 12 131 71 70 56 55 27 20 166 29 6 21 14 4 7 3 15 0 4 2 7 3 3 11 55 30 13 27 30 12 3 16 16 2 5 0 4 34 3 3 2 0 2 0 11 3 25 11 0 0 133 8 14 12 4 0 6 2 0 0 23 
2 4 1 13 0 0 7 2 1 0 2 1 2 0 5 4 12 30 13 15 23 5 27 19 7 0 0 11 0 96 50 154 161 12 43 43 171 66 87 105 38 1 73 59 59 47 77 8 11 167 12 10 22 6 0 2 19 14 0 2 0 6 1 13 6 56 10 10 3 18 7 10 21 5 0 3 0 0 9 1 0 1 0 0 0 8 1 12 22 0 0 73 11 11 11 10 1 0 3 0 0 22 
0 9 15 0 2 3 1 0 0 1 1 0 2 2 1 17 32 19 25 25 6 7 28 11 3 0 0 12 0 211 19 121 202 20 47 25 774 74 180 102 55 8 87 54 67 51 60 10 17 154 6 2 11 2 1 2 3 4 0 0 0 16 2 16 7 28 4 14 17 12 11 13 17 28 1 3 0 3 10 0 0 2 0 0 0 0 2 16 7 0 0 69 19 5 10 3 10 10 9 1 0 28 
0 0 0 0 0 0 2 0 1 0 0 0 1 12 1 13 7 14 5 1 6 1 1 12 1 0 2 3 0 205 43 212 155 35 83 67 137 32 111 128 70 55 113 52 110 79 126 21 29 267 9 1 1 4 0 0 1 0 0 0 1 14 3 8 10 11 2 2 13 2 2 6 11 19 2 0 0 0 4 1 0 0 0 0 0 8 2 27 18 0 0 79 20 21 12 14 0 6 14 0 1 37 
6 9 3 0 10 15 3 5 4 5 12 1 7 8 14 13 9 9 3 14 2 3 27 14 2 0 0 19 0 176 49 170 240 39 128 48 88 46 61 148 159 10 221 137 181 100 136 35 38 499 3 0 10 0 1 0 2 1 0 16 2 24 3 6 3 0 1 3 4 3 0 9 21 28 1 1 1 0 20 1 0 0 0 2 0 39 19 54 24 0 0 126 17 11 6 10 12 3 15 0 2 43 
9 15 5 3 11 24 11 44 8 6 12 16 16 6 12 7 2 13 10 19 16 3 9 20 9 0 1 55 15 183 43 221 266 26 146 70 196 63 98 128 184 36 123 123 126 135 123 43 39 401 8 16 13 4 0 3 11 3 0 1 7 8 2 5 35 26 5 2 0 3 5 8 31 28 0 0 0 0 36 1 1 0 0 6 0 14 12 74 20 0 0 122 18 18 27 10 1 7 24 0 2 60 
58 65 33 10 19 63 29 30 34 22 127 74 42 49 40 22 103 94 92 82 41 5 23 62 29 0 0 70 9 209 117 418 431 224 861 243 835 479 569 56 49 41 206 222 194 264 275 78 102 657 30 1 17 12 11 2 8 12 0 1 8 99 3 28 53 48 9 26 2 11 10 3 33 14 5 3 2 6 10 30 5 9 5 28 9 12 34 48 50 0 0 63 24 11 18 34 1 0 6 1 1 38 
15 52 12 3 9 46 12 31 42 8 17 28 33 35 15 12 83 117 41 61 54 1 4 35 13 2 0 40 12 117 47 220 294 111 286 95 450 334 432 38 18 20 77 90 165 151 159 93 61 359 10 16 8 2 0 2 1 2 0 2 11 68 4 18 37 34 10 3 10 6 3 9 33 9 1 14 0 2 14 8 20 7 2 19 11 23 19 22 10 0 0 27 17 14 23 30 0 1 17 0 1 39 
4 2 3 1 1 2 2 1 1 10 10 15 10 4 1 14 5 7 8 16 3 0 1 9 2 0 1 8 1 23 6 61 62 18 58 6 93 66 36 35 17 5 38 39 55 30 33 17 28 71 1 2 0 0 0 0 3 1 0 0 2 3 0 1 6 8 1 0 0 0 2 4 0 4 2 5 0 1 2 2 16 6 2 3 8 14 4 17 17 0 0 29 26 13 3 20 0 2 5 0 2 8 
4 7 15 0 3 16 5 2 25 8 25 2 3 8 4 14 36 61 11 9 3 1 2 4 4 0 0 13 0 33 20 139 196 41 251 26 160 180 162 46 59 23 27 16 30 43 76 42 48 170 11 9 14 4 0 2 1 10 0 1 2 44 4 19 9 29 3 5 13 0 1 1 4 10 24 21 1 6 28 44 6 16 11 55 12 96 23 110 15 0 0 18 15 32 21 52 1 10 39 1 3 134 
7 14 11 0 1 10 1 14 4 4 25 13 8 1 2 10 25 49 21 8 11 1 0 19 6 1 0 16 1 50 14 92 172 87 223 19 183 186 182 83 39 27 76 48 163 129 170 53 63 466 20 3 21 8 4 5 12 6 0 7 0 28 0 10 18 26 6 8 1 7 4 4 6 5 19 18 3 8 47 55 22 27 18 63 21 160 53 63 38 0 0 90 19 60 18 35 4 22 25 7 7 144 
4 14 6 0 10 40 5 11 8 4 18 14 10 4 10 23 60 60 37 45 18 3 3 20 9 2 1 27 2 47 30 115 212 75 259 39 248 215 176 148 100 15 138 100 240 110 122 70 72 421 8 2 6 2 2 0 1 3 0 12 8 44 0 10 15 44 8 6 17 0 7 7 13 12 9 11 4 2 18 5 18 42 4 21 8 46 18 52 6 0 0 95 36 42 35 17 7 17 31 4 1 86 
7 17 8 2 3 14 4 4 11 3 23 27 19 16 5 3 50 88 25 8 10 6 14 40 5 0 0 20 4 42 17 113 236 87 204 53 253 153 213 87 130 24 99 142 74 13 46 45 87 288 14 3 13 2 6 3 2 6 0 1 4 66 1 12 17 44 8 6 2 1 3 10 7 7 11 7 2 1 9 75 15 6 10 22 9 75 25 105 28 0 0 80 45 55 28 29 10 18 27 3 3 115 
11 15 11 2 9 23 5 10 19 13 19 19 8 8 6 22 51 71 44 11 24 3 2 25 12 1 0 25 12 63 12 112 223 74 215 42 313 190 202 172 105 40 93 171 161 107 38 50 41 255 10 4 15 4 4 6 11 10 0 1 4 55 4 4 27 41 11 2 0 1 2 5 6 7 7 5 1 4 25 56 13 32 11 46 15 98 44 141 35 0 0 95 29 69 38 12 0 23 30 1 1 141 
11 8 14 2 5 27 8 16 4 8 23 19 10 13 0 10 44 53 49 13 7 9 23 28 12 2 0 31 6 51 8 99 184 71 257 38 196 165 260 113 162 15 201 288 221 360 243 12 40 617 14 6 9 3 1 11 10 8 0 4 3 39 0 16 25 32 11 8 2 3 2 1 12 6 6 6 0 9 24 24 10 14 4 63 14 93 94 169 49 0 0 215 67 84 52 24 4 27 10 1 7 100 
3 9 5 2 5 31 10 15 17 20 23 65 19 24 12 15 49 60 41 16 46 7 6 38 8 0 0 16 6 43 18 113 212 109 208 44 328 232 208 227 176 39 340 448 386 456 366 167 18 1029 29 5 22 6 13 2 8 10 0 8 4 100 4 11 23 41 12 25 0 5 2 9 14 15 14 5 0 15 29 18 8 23 8 111 15 102 66 224 60 0 0 370 90 125 150 29 16 29 46 0 2 99 
39 49 28 4 23 70 37 50 41 54 76 82 41 62 28 64 128 187 114 24 23 10 20 163 40 2 5 104 16 223 47 258 826 141 623 165 764 528 678 538 347 70 615 635 451 668 237 226 125 45 37 14 46 14 5 13 17 21 0 11 22 165 9 48 61 133 28 24 11 6 10 26 33 28 37 23 9 16 90 28 37 47 45 158 51 208 62 677 82 0 0 491 183 184 187 39 7 30 77 12 14 327 
14 7 20 1 16 28 9 7 19 16 5 22 20 39 36 27 18 14 17 5 0 0 3 36 8 0 0 26 7 8 2 27 78 18 61 5 31 10 19 15 8 1 29 47 15 35 12 4 4 55 1 12 33 59 19 10 104 73 0 85 38 16 18 47 44 75 10 25 7 10 3 12 18 25 19 29 6 14 91 18 12 15 12 67 20 31 8 66 11 0 0 48 3 11 6 5 3 8 7 0 1 40 
5 6 19 0 1 21 0 5 5 6 0 14 18 18 25 27 14 17 16 1 0 0 0 13 6 0 1 6 1 7 4 23 42 32 63 9 23 1 8 10 8 0 14 15 7 27 13 0 3 13 55 4 17 33 32 4 24 37 0 43 21 27 13 80 64 32 13 14 3 4 2 5 9 10 18 7 0 6 72 8 3 9 2 73 2 23 5 32 13 0 0 35 7 6 1 1 0 5 5 0 0 17 
14 23 4 2 8 56 19 3 12 11 1 17 15 47 19 30 14 19 21 6 5 3 4 33 4 1 0 6 7 4 8 25 52 27 39 4 16 8 38 26 9 3 29 38 12 24 12 4 11 48 46 9 3 4 9 0 34 41 0 35 19 11 4 44 63 75 25 33 2 15 2 4 13 22 11 13 1 24 56 15 7 15 2 54 15 16 3 47 12 0 0 53 2 15 4 7 1 3 4 2 0 37 
10 17 16 3 3 44 14 9 10 96 6 24 20 61 49 46 38 27 16 3 3 0 1 7 4 0 0 4 0 22 4 36 58 31 108 22 29 9 22 33 25 3 44 34 12 28 10 4 1 44 153 53 31 12 6 6 37 67 0 99 62 24 42 75 76 94 36 43 6 17 18 14 10 17 44 26 6 42 102 10 5 4 16 103 6 33 4 22 14 0 0 45 0 7 17 6 1 3 4 0 0 11 
6 17 9 0 0 24 6 19 15 7 1 23 11 33 37 23 14 18 13 2 1 0 0 7 2 0 0 30 1 7 1 31 39 15 65 11 4 9 3 10 4 0 3 17 4 15 5 1 2 20 81 40 29 28 2 0 13 40 0 70 18 26 6 50 43 58 6 35 8 4 6 6 20 12 7 33 1 10 39 11 9 0 0 36 3 3 5 25 0 0 0 22 1 3 8 1 0 0 4 0 0 5 
0 8 0 0 2 8 0 3 3 3 0 10 2 12 11 4 5 6 5 5 2 0 0 4 2 0 0 14 0 3 4 10 14 2 21 0 6 0 5 3 6 0 3 8 3 1 5 13 0 20 37 6 11 8 3 0 1 6 0 20 7 0 3 43 17 30 3 2 3 2 5 0 5 14 0 30 0 14 17 7 0 0 1 15 0 2 12 4 8 0 0 19 0 11 1 3 2 0 2 0 0 1 
5 11 5 1 5 9 5 18 3 0 9 14 39 40 52 36 35 38 16 10 5 5 10 8 9 0 0 9 0 7 3 68 61 19 85 3 20 8 43 11 7 0 41 52 7 19 15 5 7 48 105 45 20 27 3 5 4 3 0 80 49 28 21 57 104 99 38 39 6 34 11 9 33 40 21 28 4 10 30 11 9 4 2 87 21 18 3 12 16 0 0 31 5 2 14 3 0 0 3 0 0 18 
12 35 10 2 5 53 15 24 46 4 13 45 22 100 57 65 57 59 27 38 7 1 4 16 4 0 0 20 3 29 13 56 70 23 106 16 9 13 31 33 5 9 82 58 10 16 16 2 1 39 98 56 51 25 10 4 9 4 0 110 38 4 28 73 72 131 26 85 3 22 17 14 59 34 40 56 5 25 50 34 17 3 8 79 42 24 2 22 13 0 0 65 17 21 18 3 0 1 3 0 0 16 
0 0 0 0 0 0 0 0 0 0 0 0 0 0 0 0 0 0 0 0 0 0 0 0 0 0 0 0 0 0 0 0 0 0 0 0 0 0 0 0 0 0 0 0 0 0 0 0 0 0 0 0 0 0 0 0 0 0 0 0 0 0 0 0 0 0 0 0 0 0 0 0 0 0 0 0 0 0 0 0 0 0 0 0 0 0 0 0 0 0 0 0 0 0 0 0 0 0 0 0 0 0 
14 26 10 1 14 6 14 1 5 6 3 18 82 53 23 29 12 27 16 43 6 7 13 33 12 7 0 12 3 21 3 37 34 15 30 0 1 12 21 18 4 2 22 11 10 8 3 7 4 26 104 53 76 68 19 7 18 75 0 14 11 20 14 53 77 132 42 31 21 14 29 33 24 67 12 13 0 10 42 2 12 12 3 32 5 10 18 23 6 0 0 56 11 3 4 11 1 1 3 0 0 11 
6 3 5 4 0 0 0 1 0 1 1 2 3 1 0 0 2 0 2 3 2 1 0 0 1 0 0 2 0 11 4 3 3 9 1 11 2 0 1 7 0 0 1 10 3 2 6 0 0 4 48 14 33 22 9 2 24 20 0 1 0 11 1 2 34 79 17 40 4 13 11 5 29 38 2 13 1 6 9 4 0 3 0 13 2 7 20 14 2 0 0 10 1 0 3 0 0 1 1 0 0 6 
0 0 0 0 0 0 0 0 0 0 0 1 0 2 0 0 0 0 0 0 0 0 0 2 0 0 0 0 0 0 0 0 2 4 1 0 0 2 6 1 0 2 0 3 1 0 0 0 0 8 5 2 15 2 0 0 6 0 0 0 3 0 2 1 3 11 3 3 11 0 0 0 4 0 2 2 0 2 13 0 5 2 0 1 2 0 1 0 0 0 0 4 0 1 0 0 0 0 0 0 0 1 
2 2 23 0 2 2 0 0 1 1 0 1 2 1 0 0 2 4 0 0 0 0 0 1 0 0 0 0 0 6 2 5 1 13 9 5 19 5 20 14 30 1 26 0 0 5 3 0 3 12 13 2 22 42 1 1 4 11 0 15 5 0 2 1 28 98 26 23 8 9 5 12 20 7 15 0 0 5 10 2 3 1 0 0 0 0 0 3 0 0 0 7 0 0 1 0 0 0 0 0 0 0 
9 27 9 0 0 23 5 20 3 4 3 1 2 1 0 3 2 17 8 0 0 0 0 2 1 0 0 0 2 6 3 22 9 1 16 53 84 7 15 28 8 4 16 12 11 8 19 7 3 41 42 25 48 40 12 8 13 16 0 36 16 30 9 3 39 242 72 10 11 31 9 8 42 49 18 16 1 11 61 9 15 1 2 11 3 1 2 9 5 0 0 13 2 3 1 0 0 1 0 0 0 5 
31 35 2 0 14 46 5 12 8 2 1 2 3 1 2 0 2 1 0 0 0 0 0 0 1 0 0 1 0 24 25 56 27 12 13 19 46 7 61 19 14 10 65 34 27 24 13 13 8 45 81 22 58 33 20 11 24 26 0 70 24 30 24 11 11 124 67 57 40 51 22 28 60 91 6 31 8 13 47 35 7 8 2 33 3 6 5 8 3 0 0 39 1 1 1 1 0 0 2 0 0 4 
14 22 12 2 7 29 9 7 33 1 1 10 1 10 1 0 0 0 0 0 0 0 1 2 1 0 0 0 5 34 21 91 60 18 28 20 74 21 18 24 19 2 31 19 8 12 12 6 9 52 68 37 90 40 0 16 31 24 0 99 35 49 34 44 27 14 30 56 47 64 61 45 107 122 14 25 3 9 65 28 16 10 2 16 4 5 11 12 0 0 0 23 0 0 3 0 0 0 0 0 0 2 
2 17 7 0 2 7 2 7 1 8 0 5 4 0 0 1 0 0 0 0 0 0 0 0 0 0 0 0 8 23 14 78 17 4 27 9 40 14 12 10 1 0 17 6 10 3 15 6 1 26 21 10 36 17 1 10 10 19 0 45 13 12 15 39 46 24 10 7 6 38 25 36 70 33 8 1 5 2 20 3 3 4 1 5 10 1 3 5 2 0 0 3 0 0 0 0 0 0 1 0 0 1 
2 5 10 1 0 32 8 62 7 2 5 12 3 1 1 1 0 0 0 0 0 0 0 1 0 0 0 0 1 10 14 80 40 27 70 11 60 6 18 2 15 1 24 7 6 40 5 2 3 31 48 40 73 28 10 25 12 40 0 66 73 63 41 43 99 167 16 4 12 27 25 37 46 113 14 3 1 11 51 22 14 5 2 17 5 1 5 8 6 0 0 2 0 0 0 0 0 0 0 0 0 2 
1 28 1 0 0 2 3 12 8 5 0 7 5 0 0 0 0 0 0 0 0 0 0 0 0 0 0 0 0 8 3 33 16 9 10 6 19 4 13 3 2 0 2 3 8 5 3 0 2 19 35 0 15 1 0 0 6 5 0 15 9 6 10 13 95 150 49 12 8 8 19 11 12 39 2 10 0 1 27 2 7 3 2 7 0 2 2 4 2 0 0 1 0 0 0 0 0 0 0 0 0 1 
3 11 9 1 11 16 3 4 3 4 7 17 0 2 0 0 0 0 0 0 0 0 0 0 0 0 0 0 1 16 3 63 37 54 116 23 31 12 8 5 2 0 9 9 3 2 0 4 0 23 47 25 34 22 13 19 18 32 0 47 52 79 14 116 131 221 109 43 14 5 35 24 74 272 9 20 5 8 53 16 21 2 2 22 22 3 1 6 0 0 0 2 6 0 1 0 0 0 0 0 0 1 
12 22 14 1 7 24 22 18 15 12 14 34 15 2 19 2 1 12 0 0 0 0 0 0 0 0 0 0 0 12 6 34 150 63 180 55 137 59 70 40 20 3 49 34 15 42 18 4 6 57 40 30 27 20 8 25 30 29 0 110 48 59 65 98 291 595 263 289 94 87 12 12 99 214 16 14 2 4 64 10 10 10 4 26 1 4 7 14 7 0 0 23 2 0 0 0 0 0 1 0 0 1 
8 3 5 0 1 18 1 9 12 3 5 37 14 6 4 21 1 0 0 0 0 0 0 0 0 0 0 0 4 10 8 22 68 117 156 49 143 45 63 18 7 1 39 11 13 31 17 0 5 47 18 9 41 8 5 7 14 23 0 100 58 68 33 82 302 708 285 272 156 101 10 22 140 251 4 20 4 2 46 4 15 4 4 35 5 17 1 8 0 0 0 15 2 0 0 0 0 0 0 0 0 3 
2 8 4 2 1 7 1 0 2 4 2 12 6 0 0 4 1 1 0 0 0 0 0 0 0 0 0 0 2 1 1 5 45 33 48 34 31 18 45 12 11 0 14 2 6 6 8 0 2 16 27 16 25 15 10 7 23 17 0 33 25 68 22 29 158 372 153 75 37 50 49 12 8 33 4 16 1 2 32 8 10 5 4 10 2 2 2 7 3 0 0 7 0 0 0 0 0 1 0 0 0 0 
2 9 7 1 3 15 6 17 2 3 3 6 3 3 1 0 1 2 0 0 0 0 0 1 0 0 0 0 1 0 0 3 17 36 21 7 22 15 15 3 22 0 2 16 5 5 1 2 1 10 26 23 16 12 7 10 23 17 0 66 35 56 11 46 90 214 55 109 34 54 53 34 41 1 4 15 0 6 53 3 9 9 2 9 9 2 1 11 1 0 0 11 1 0 1 2 0 1 0 0 0 0 
1 9 1 1 4 20 8 25 14 11 15 29 18 50 16 18 33 15 14 8 2 1 0 12 5 0 0 11 0 1 4 17 39 11 57 2 15 2 29 29 20 4 97 85 33 37 27 4 25 79 18 7 22 4 8 2 35 82 0 53 14 21 5 44 27 56 6 20 2 12 9 4 19 19 5 47 42 113 279 104 80 52 44 258 44 69 17 92 29 0 0 62 11 21 24 6 4 6 10 4 1 54 
2 5 3 0 4 9 2 24 15 7 6 17 9 33 13 19 48 7 14 20 0 2 2 16 2 1 3 20 2 9 0 19 46 6 39 8 7 19 27 35 32 2 58 84 32 72 22 10 4 88 33 9 17 10 16 14 52 101 0 58 53 14 9 28 35 41 6 23 3 12 20 5 19 22 28 7 44 53 214 119 82 67 63 233 28 74 16 123 25 0 0 98 15 43 28 9 5 7 17 0 4 34 
3 0 6 0 0 1 2 1 1 2 0 4 1 10 2 2 30 3 0 4 1 0 1 0 1 0 0 2 0 5 8 16 8 1 3 1 6 0 1 1 5 1 6 15 8 2 7 2 0 10 10 5 4 8 1 2 2 16 0 16 15 1 2 3 26 9 3 2 1 1 1 1 3 5 10 66 2 20 56 30 15 18 18 94 9 5 6 33 7 0 0 15 4 18 2 2 1 5 1 0 1 5 
13 13 11 4 6 8 16 1 4 8 4 23 11 47 18 22 19 30 28 23 1 2 0 12 2 1 0 7 2 2 5 29 33 19 56 2 5 1 10 14 20 0 66 96 36 48 28 11 7 94 32 31 62 16 21 12 35 45 0 18 14 25 34 43 35 50 7 43 4 10 13 16 44 38 52 91 6 10 55 59 39 30 39 232 83 59 27 81 25 0 0 80 43 36 47 12 2 6 8 5 2 27 
22 58 23 7 10 33 15 9 6 8 0 18 19 75 39 62 59 46 33 30 4 1 3 27 16 12 0 38 2 50 24 56 116 42 85 2 17 2 29 46 31 2 107 106 33 81 19 13 21 97 153 53 85 67 42 25 26 55 0 53 29 50 35 117 162 142 38 64 38 64 19 24 101 80 139 136 40 31 21 25 28 52 32 218 59 69 40 152 34 0 0 148 34 36 29 19 2 8 26 1 0 52 
2 10 3 0 8 8 3 1 4 4 5 1 4 31 7 7 8 24 28 5 1 5 0 8 3 0 0 10 1 4 10 19 28 33 21 0 2 4 24 26 16 24 93 82 41 69 66 27 18 160 43 12 27 14 13 5 14 17 0 11 17 24 19 35 60 71 30 53 10 17 5 9 45 12 110 139 14 73 37 9 25 36 27 526 224 57 24 95 47 0 0 148 38 27 61 23 6 7 31 1 0 41 
13 6 0 2 0 22 1 6 5 4 1 0 0 6 0 15 1 21 5 7 1 0 5 4 2 2 0 4 0 12 3 28 16 3 8 3 0 1 20 28 29 8 85 58 43 43 34 14 17 84 67 18 34 9 5 3 14 10 0 10 23 18 18 57 65 69 36 18 3 16 8 6 33 28 42 105 18 67 52 67 7 8 26 416 444 78 30 111 19 0 0 121 29 75 32 21 19 14 17 1 1 39 
8 9 4 1 0 13 5 3 2 3 0 0 1 1 0 0 0 3 2 1 1 0 0 4 1 0 0 2 0 5 3 17 20 6 4 0 2 2 9 23 21 6 58 57 36 36 37 7 6 106 17 3 9 4 3 8 14 7 0 7 4 39 8 10 25 34 9 20 2 2 1 2 6 8 14 48 10 77 44 22 13 0 9 179 122 77 11 78 34 0 0 123 24 60 34 21 2 27 9 1 0 33 
20 2 13 9 2 20 1 5 3 0 0 0 0 0 1 1 0 3 0 1 0 0 0 2 2 0 0 1 1 9 1 24 33 9 11 0 1 0 7 13 18 6 124 72 32 38 44 4 21 133 48 30 23 12 14 8 24 28 0 18 10 19 4 16 15 32 25 30 0 9 1 4 17 18 46 64 27 95 96 84 37 15 19 357 277 101 38 117 12 0 0 128 33 82 26 13 13 10 26 2 4 44 
7 6 4 0 2 13 9 7 1 3 0 0 0 1 0 0 0 0 0 0 0 0 0 3 0 0 0 1 0 3 0 3 13 1 2 0 2 0 3 6 12 12 95 99 22 69 50 30 11 156 52 29 54 15 12 12 26 58 0 17 12 45 11 1 18 16 6 8 6 3 0 5 11 7 48 89 25 104 139 203 52 75 50 17 50 94 41 237 40 0 0 112 54 80 52 38 15 20 27 2 0 93 
5 11 12 7 8 6 2 7 2 2 5 0 0 0 0 0 1 0 0 1 1 0 6 1 0 1 0 1 1 5 0 15 10 2 2 2 4 12 6 14 32 12 164 170 74 103 64 18 43 146 55 12 39 26 6 4 51 39 0 25 23 12 12 11 21 42 18 25 2 6 10 0 18 9 33 81 28 81 131 206 153 97 83 212 10 227 69 215 57 0 0 217 27 116 79 29 14 18 24 0 3 117 
1 11 10 0 2 9 3 1 6 3 3 1 8 1 2 2 10 23 2 1 4 1 3 5 3 1 0 0 2 13 9 20 37 22 47 5 26 42 55 9 21 3 158 157 61 106 81 54 21 169 25 18 44 4 3 1 33 10 0 31 10 35 7 12 9 20 8 14 10 2 3 2 2 9 30 40 3 17 59 36 29 79 25 115 83 11 3 55 37 0 0 278 63 74 50 22 27 12 44 1 5 82 
7 8 1 0 1 14 1 7 2 6 1 2 1 1 5 8 3 17 12 1 5 0 1 1 3 0 0 4 3 10 4 56 44 21 47 5 50 42 85 29 34 15 136 139 42 64 44 18 15 137 25 9 32 9 0 0 19 14 0 24 2 38 11 12 17 8 7 4 2 9 2 2 6 2 18 29 11 17 49 29 27 35 19 92 67 43 16 54 37 0 0 153 52 125 77 47 2 13 27 4 3 69 
27 38 24 5 14 20 16 12 13 17 10 6 10 3 14 5 32 58 44 27 14 2 5 43 25 2 2 48 11 113 39 152 273 57 186 47 275 155 180 95 19 32 405 191 140 262 239 126 99 710 39 24 53 25 5 13 38 56 0 27 42 89 10 25 18 46 7 12 6 4 15 4 18 23 66 60 22 47 165 81 57 74 88 226 90 141 60 28 55 0 0 520 161 270 130 168 23 56 112 8 9 427 
4 13 3 3 3 6 7 6 4 3 8 3 5 9 1 2 54 45 32 8 12 1 3 8 4 0 0 10 1 18 3 55 128 53 172 19 150 137 134 93 83 28 271 142 48 125 64 12 23 161 27 11 16 3 0 1 8 43 0 17 17 32 11 7 19 33 4 1 4 2 3 6 5 6 15 44 1 6 72 34 31 13 20 79 31 129 53 63 4 0 0 221 39 135 67 31 23 20 62 4 14 132 
0 0 0 0 0 0 0 0 0 0 0 0 0 0 0 0 0 0 0 0 0 0 0 0 0 0 0 0 0 0 0 0 0 0 0 0 0 0 0 0 0 0 0 0 0 0 0 0 0 0 0 0 0 0 0 0 0 0 0 0 0 0 0 0 0 0 0 0 0 0 0 0 0 0 0 0 0 0 0 0 0 0 0 0 0 0 0 0 0 0 0 0 0 0 0 0 0 0 0 0 0 0 
0 0 0 0 0 0 0 0 0 0 0 0 0 0 0 0 0 0 0 0 0 0 0 0 0 0 0 0 0 0 0 0 0 0 0 0 0 0 0 0 0 0 0 0 0 0 0 0 0 0 0 0 0 0 0 0 0 0 0 0 0 0 0 0 0 0 0 0 0 0 0 0 0 0 0 0 0 0 0 0 0 0 0 0 0 0 0 0 0 0 0 0 0 0 0 0 0 0 0 0 0 0 
7 2 1 0 1 4 1 1 2 1 9 1 2 14 1 2 0 3 4 0 0 0 0 1 0 0 0 2 1 11 4 17 25 16 60 8 42 31 70 16 27 0 33 59 41 37 27 17 26 90 6 2 2 0 0 8 0 1 0 2 0 15 0 0 1 8 1 0 0 0 0 0 1 1 3 4 1 2 26 8 8 15 20 17 18 89 23 81 13 0 0 22 21 22 21 31 4 12 15 6 2 82 
1 4 4 0 2 3 0 1 3 3 7 6 1 4 6 1 3 2 0 1 0 0 0 0 0 0 0 2 0 14 4 48 47 20 67 29 116 30 40 16 36 3 123 121 90 42 49 15 24 112 6 1 9 3 0 6 0 3 0 14 6 10 0 0 5 0 0 0 0 0 0 0 0 0 9 6 1 7 30 5 6 29 12 46 19 87 50 85 35 0 0 111 3 6 10 62 1 21 7 1 5 47 
2 2 10 0 7 1 1 2 5 0 1 8 6 14 8 3 2 2 1 0 0 0 0 2 0 0 0 1 1 7 5 42 45 13 60 25 90 18 66 18 39 15 121 212 98 152 104 24 61 211 13 4 12 3 4 13 5 29 0 6 1 25 0 5 1 0 0 0 0 1 0 0 0 8 11 10 6 5 50 30 11 25 32 84 17 151 80 134 51 0 0 219 30 35 6 57 8 7 10 2 8 123 
1 6 0 0 0 11 0 0 1 2 0 0 2 6 0 0 10 1 0 0 0 0 1 0 0 0 0 0 0 6 23 37 37 42 54 7 37 10 39 8 21 10 101 129 53 75 48 35 27 202 10 4 10 2 3 0 18 11 0 8 4 7 0 1 1 1 0 0 0 0 0 0 0 1 3 9 5 4 41 23 13 39 1 52 17 84 80 105 26 0 0 73 13 7 3 9 2 5 1 1 3 72 
0 9 3 0 0 16 2 0 7 12 11 5 7 21 1 6 1 0 5 0 1 0 0 0 0 0 0 10 3 22 10 25 75 56 126 24 125 69 84 62 86 18 381 385 147 146 127 46 61 254 9 2 21 4 3 3 2 5 0 13 8 27 1 8 4 6 0 1 0 0 0 1 1 4 9 9 1 16 20 26 22 54 9 54 16 130 73 196 88 0 0 548 48 70 12 4 4 23 20 17 11 118 
0 0 0 0 0 4 6 0 0 0 0 4 0 0 0 3 0 0 0 0 0 0 0 0 1 0 0 0 0 3 0 1 3 13 18 1 30 8 16 16 27 7 50 56 42 30 20 9 4 40 1 0 5 0 0 0 0 1 0 8 0 0 0 0 0 0 0 0 0 0 0 0 1 0 0 13 6 3 2 4 3 20 1 18 3 31 25 23 13 0 0 28 29 10 9 19 0 1 6 0 6 24 
1 1 0 1 1 1 0 0 6 2 6 11 2 6 7 5 3 1 0 0 0 0 0 1 0 0 0 0 1 18 4 11 38 26 59 5 88 41 37 13 15 6 146 285 98 167 72 24 35 248 5 1 15 5 6 5 13 14 0 5 0 39 0 2 0 2 0 0 0 0 0 0 2 0 24 8 5 15 35 27 19 47 19 72 27 107 50 125 49 0 0 249 53 33 58 41 0 5 14 2 11 118 
0 3 1 0 0 2 0 0 0 2 0 1 8 3 0 1 1 3 0 0 0 0 0 0 1 0 0 5 1 8 6 12 17 14 45 2 74 21 71 11 25 5 149 257 116 154 98 15 48 189 10 4 9 6 3 7 1 14 0 1 3 19 1 0 0 0 0 0 0 0 0 0 0 1 7 5 4 19 35 22 10 32 22 56 32 76 34 106 46 0 0 265 49 26 19 26 4 1 5 0 14 66 
0 3 0 0 0 0 0 0 2 1 0 2 0 0 0 1 0 1 0 0 1 0 0 0 0 0 0 0 0 4 0 4 11 17 22 6 46 5 27 8 11 2 51 66 41 32 7 17 11 27 5 1 4 1 0 1 5 8 0 1 1 11 0 1 0 0 0 0 0 0 0 0 0 1 0 2 1 4 5 5 0 15 2 19 4 49 7 41 15 0 0 61 10 22 16 14 1 8 2 0 1 18 
2 0 0 0 0 0 0 1 6 1 1 0 0 0 0 0 0 0 0 1 0 0 0 0 0 0 0 0 0 3 0 5 0 0 1 3 23 3 15 2 11 2 24 33 17 39 16 1 1 41 3 0 4 3 0 0 0 0 0 0 0 9 0 1 0 1 0 0 0 0 0 0 0 0 2 2 0 0 3 4 1 2 3 9 5 15 4 30 10 0 0 63 3 15 10 21 1 4 2 1 0 1 
4 3 7 0 0 2 4 2 0 2 3 1 1 0 1 2 6 4 0 0 1 0 1 4 1 0 0 1 1 12 3 2 28 8 18 12 41 19 30 22 15 1 106 141 61 85 54 30 19 40 3 1 8 0 0 0 4 14 0 9 0 7 0 0 1 0 0 0 0 0 0 0 0 1 23 11 4 13 37 7 9 11 8 15 16 55 14 123 39 0 0 125 34 24 43 48 3 21 10 3 3 10 
