5 10 13 6 6 40 26 22 29 18 13 31 34 33 43 69 32 23 23 9 18 21 2 41 11 0 0 34 51 2 3 7 19 1 1 1 4 4 22 19 16 0 5 9 11 7 13 1 3 47 3 0 10 5 4 2 0 11 0 3 1 0 0 1 6 3 6 4 2 2 2 2 0 0 3 4 2 2 17 2 0 0 0 3 0 5 1 23 5 0 0 2 2 1 2 0 0 3 0 0 0 14 
9 5 12 1 10 62 37 22 35 28 8 43 39 45 37 52 29 28 25 21 15 22 4 32 16 0 2 19 77 4 1 9 18 2 8 2 6 8 33 20 21 1 7 14 14 10 6 8 4 47 9 4 7 4 2 2 3 3 0 2 0 1 2 7 6 10 3 3 0 1 2 2 6 5 3 2 0 4 14 2 2 2 2 5 1 3 0 28 3 0 0 5 0 0 1 1 0 2 0 0 0 15 
21 19 4 6 9 21 18 19 32 27 18 23 30 56 44 41 26 20 22 14 20 18 5 18 5 1 0 24 126 7 0 9 15 3 7 2 5 3 21 14 15 2 9 13 9 13 9 5 8 31 6 1 11 4 0 2 2 7 0 1 2 1 0 2 3 4 0 3 2 2 3 2 1 3 1 3 1 3 14 2 5 2 2 8 0 8 0 24 3 0 0 6 0 1 2 1 0 2 3 0 0 8 
3 10 11 2 0 11 4 7 7 7 2 7 2 10 8 8 4 4 2 0 5 1 2 1 4 0 0 6 17 1 0 2 3 0 0 0 0 0 8 8 3 0 0 2 2 1 1 0 0 6 1 0 0 0 0 0 0 0 0 1 1 0 0 0 1 0 0 3 3 0 0 0 1 1 0 0 0 0 0 0 0 0 1 2 0 0 0 6 0 0 0 0 0 0 0 0 0 1 0 2 0 0 
7 19 14 2 4 9 5 9 14 9 6 10 16 24 11 14 15 6 6 4 1 4 3 16 10 0 0 8 22 0 0 0 2 1 2 0 1 2 7 5 2 0 1 0 0 1 1 2 2 31 2 2 4 0 2 0 2 0 0 2 1 0 0 0 1 2 1 1 0 2 0 0 2 1 3 0 0 3 6 0 0 1 1 0 0 0 0 12 0 0 0 3 0 0 0 0 0 0 2 1 0 0 
22 28 18 11 5 6 8 21 17 16 19 29 44 57 34 55 29 25 19 7 9 17 4 30 8 1 1 20 76 3 3 1 5 0 2 1 6 4 15 13 9 0 6 16 4 9 1 3 0 35 5 1 6 2 2 0 1 9 0 0 0 0 3 0 0 9 4 2 2 1 2 2 1 3 3 2 0 0 12 1 1 1 1 3 0 4 0 4 1 0 0 4 3 0 1 1 0 1 2 0 0 4 
23 41 28 11 10 10 7 20 33 25 9 10 43 47 21 47 22 22 14 5 5 5 1 9 3 0 1 7 57 4 2 5 11 1 0 1 7 4 24 16 10 0 5 1 8 5 5 3 0 16 1 0 6 1 2 1 2 7 0 2 0 1 1 4 3 2 0 6 3 1 1 4 2 0 1 0 0 3 16 2 0 0 0 6 0 2 2 5 0 0 0 3 1 1 0 0 0 0 0 0 0 2 
17 31 17 5 5 16 24 5 14 29 8 25 52 58 41 54 34 19 25 7 11 19 11 33 5 0 3 12 39 5 1 6 5 4 6 2 0 5 20 13 8 0 6 7 5 11 5 0 4 33 2 4 4 4 1 0 2 4 0 0 0 1 0 1 1 9 1 1 1 3 3 1 4 6 3 2 0 1 10 2 0 0 1 2 0 6 2 3 2 0 0 3 0 0 1 1 0 0 1 1 1 7 
23 40 27 11 11 13 31 16 9 6 6 33 64 68 25 42 24 32 11 13 13 9 5 15 4 3 2 15 58 6 5 3 10 1 2 0 3 6 25 7 7 1 2 5 6 5 7 4 6 26 4 3 5 3 1 0 1 0 0 0 1 2 0 2 2 5 4 0 0 1 3 0 1 1 1 1 0 0 5 2 0 1 0 1 0 2 0 1 0 0 0 14 3 0 1 1 0 0 0 0 0 10 
7 21 19 5 3 7 9 9 34 4 10 15 13 43 7 26 18 12 10 4 11 5 6 27 8 1 0 18 17 3 3 2 11 0 1 0 1 2 14 4 8 0 2 3 3 4 3 2 2 17 6 3 10 2 0 1 3 3 0 1 0 1 2 1 3 4 1 3 0 0 2 4 1 0 5 3 0 2 22 0 3 0 1 5 1 2 0 2 0 0 0 0 3 0 0 1 0 0 1 0 0 0 
9 12 8 2 3 11 9 6 7 8 4 10 14 17 9 19 14 18 8 10 10 6 5 9 6 0 0 11 13 2 1 3 1 0 1 0 0 3 14 10 3 1 1 6 3 3 4 4 4 11 1 1 0 3 0 1 2 4 0 0 0 0 0 0 2 0 2 1 4 0 0 0 1 1 1 2 1 2 6 0 0 0 1 1 0 0 0 4 0 0 0 3 0 2 0 0 0 1 0 0 0 1 
20 48 21 1 13 23 25 22 28 22 17 5 36 73 19 45 22 24 24 9 18 17 11 40 17 0 1 26 28 6 1 5 11 1 1 0 2 4 28 20 6 0 3 5 3 9 9 5 2 25 6 5 7 1 3 2 2 4 0 2 1 1 1 0 3 0 2 1 2 2 7 5 4 3 1 0 0 1 9 0 1 0 0 0 0 1 1 2 2 0 0 6 2 1 0 1 0 1 1 0 0 6 
37 50 34 4 17 24 55 58 87 49 28 40 8 69 35 83 50 33 39 20 27 19 12 67 26 2 4 47 46 5 7 7 14 1 2 2 2 9 25 11 11 2 7 5 7 3 6 4 1 28 6 4 8 4 1 1 4 3 0 4 5 2 2 3 4 3 1 3 0 0 1 1 2 2 2 1 3 0 5 1 0 0 0 0 2 2 0 3 4 0 0 1 1 4 5 1 0 0 3 0 0 5 
76 95 85 11 31 69 75 60 87 76 38 50 63 13 9 49 77 63 82 25 42 45 17 96 51 7 4 162 59 10 3 3 11 0 5 0 0 7 19 9 11 4 9 6 7 18 5 12 5 45 24 12 16 13 6 2 5 15 0 14 2 2 0 5 0 1 0 2 1 1 4 0 0 0 7 6 0 2 35 5 0 0 0 0 0 0 0 7 10 0 0 15 1 4 3 3 0 0 1 1 0 6 
48 68 65 6 14 46 45 46 59 41 22 37 38 21 8 21 45 39 45 12 55 24 20 67 32 8 1 99 27 2 6 6 14 3 3 6 3 5 16 11 13 1 7 3 6 8 6 5 2 27 4 3 14 15 2 1 4 6 0 10 1 1 0 0 1 0 0 0 0 0 1 0 1 1 5 6 0 3 16 0 0 0 0 0 0 1 1 8 1 0 0 5 0 1 0 1 0 0 3 0 0 2 
54 53 43 17 11 41 49 57 44 36 23 48 68 53 16 20 61 77 82 45 76 27 44 157 65 2 16 131 20 33 3 18 41 11 22 10 46 3 22 38 20 2 19 16 14 9 10 6 12 49 20 5 20 14 1 2 5 6 0 2 1 1 1 2 1 1 1 2 11 1 3 2 1 1 4 4 0 2 31 6 2 0 0 1 1 3 0 17 1 0 0 11 2 1 1 4 0 0 0 0 1 15 
22 40 26 6 2 27 20 28 57 41 15 41 57 91 44 88 13 40 62 32 63 35 37 86 40 0 6 74 16 28 12 30 54 14 23 13 24 8 42 46 25 0 16 24 19 32 22 8 5 56 17 4 18 3 1 3 3 13 0 3 0 2 0 3 5 1 0 0 0 0 1 2 3 4 8 2 2 3 21 6 0 0 0 0 2 8 2 14 5 0 0 9 2 1 1 1 0 0 2 0 2 6 
17 16 20 0 4 15 21 22 10 23 11 27 40 68 35 92 41 11 38 20 60 40 39 54 20 6 7 49 14 22 9 8 49 9 10 19 19 13 67 36 26 4 19 23 21 15 7 11 4 52 5 2 7 8 0 0 6 4 0 5 0 1 0 2 1 0 0 0 0 1 0 0 3 0 3 3 0 4 13 2 3 2 0 1 0 5 0 12 5 0 0 7 3 1 0 2 0 0 0 0 0 7 
13 17 19 5 4 29 19 14 13 14 14 22 38 85 34 71 60 46 5 18 51 31 29 48 24 14 2 45 24 13 7 10 20 7 10 14 22 13 34 15 8 2 6 21 13 16 17 5 4 36 3 2 5 5 0 0 2 9 0 0 0 1 1 1 3 0 0 0 0 0 0 1 0 0 1 0 0 1 12 1 1 0 1 2 1 2 1 5 2 0 0 5 3 0 0 0 0 0 0 0 0 6 
12 17 12 0 5 8 7 13 12 9 2 12 23 33 17 50 26 20 25 4 6 8 17 34 15 4 10 59 18 13 1 4 5 1 5 1 6 10 30 10 8 3 3 4 13 6 5 5 1 21 2 0 1 0 0 5 3 3 0 1 0 0 0 0 0 0 0 0 0 0 0 1 0 0 0 2 1 2 13 0 1 0 1 0 0 2 1 4 0 0 0 1 0 0 0 0 0 0 0 0 0 2 
8 16 9 1 6 12 8 2 8 11 2 12 27 54 27 65 45 34 53 3 4 10 33 49 24 22 23 56 6 3 4 4 8 1 4 4 9 7 28 4 7 2 2 5 7 7 4 6 4 20 2 0 1 2 0 0 0 3 0 0 0 0 0 1 0 0 0 0 0 0 0 0 0 0 0 1 0 0 3 1 0 0 0 1 0 1 0 2 0 0 0 1 0 0 0 1 0 0 0 0 0 2 
11 6 13 2 1 15 14 14 10 15 0 17 20 41 25 49 32 12 37 18 25 2 13 45 8 19 62 63 13 5 5 2 2 1 5 8 15 0 25 2 2 0 8 0 2 2 4 1 0 10 3 0 0 1 0 0 0 0 0 1 0 0 0 0 0 0 0 0 0 0 0 0 0 0 2 0 0 0 1 0 0 0 0 0 0 0 1 2 2 0 0 2 0 0 0 0 0 1 0 0 0 0 
6 4 3 0 4 4 3 1 3 9 1 13 9 27 15 39 23 17 38 13 20 7 1 7 8 9 8 58 3 2 1 1 5 1 1 6 8 4 17 1 0 1 0 0 2 3 6 1 4 17 1 0 0 1 1 2 0 0 0 0 0 0 0 2 1 1 0 0 0 0 0 0 0 0 3 1 0 0 6 0 0 0 0 1 0 2 0 1 0 0 0 0 0 0 0 0 0 0 0 0 0 1 
14 23 6 2 6 6 14 5 16 31 5 20 49 59 27 95 62 58 53 15 30 17 11 17 9 26 88 90 9 11 3 9 35 4 10 3 12 12 59 13 20 1 1 8 14 17 11 14 9 95 6 2 5 9 4 4 1 6 0 5 0 0 0 2 0 1 0 0 0 0 0 0 0 0 2 4 0 2 11 2 4 1 1 0 0 4 0 13 0 0 0 5 0 0 0 0 0 1 1 0 0 1 
39 32 19 12 11 30 17 16 17 48 13 35 35 38 41 83 38 39 40 28 22 15 16 11 6 11 30 59 7 20 12 7 78 9 7 13 6 23 34 20 51 3 8 14 33 21 33 17 17 172 23 11 43 13 4 3 7 6 0 2 1 1 0 1 2 0 1 0 0 0 0 0 2 2 13 4 0 4 30 7 1 7 0 2 0 2 2 64 4 0 0 6 0 0 0 3 0 3 0 0 1 5 
0 1 0 0 1 0 1 2 3 4 0 3 2 3 4 8 5 8 17 6 11 7 4 17 5 1 3 20 1 0 1 1 4 0 0 2 1 2 9 2 2 0 1 0 0 1 0 0 0 1 0 2 1 0 0 0 0 0 0 0 0 0 0 0 0 0 0 0 0 0 0 0 0 0 1 0 0 0 0 0 0 0 0 0 0 0 0 5 0 0 0 0 0 0 0 0 0 0 0 0 0 0 
0 0 0 2 0 0 0 0 1 0 0 0 3 1 5 17 5 0 3 7 15 7 6 20 6 0 0 39 1 0 1 1 1 0 0 1 2 0 1 1 2 0 0 1 0 0 0 0 0 0 0 0 0 0 0 0 0 1 0 0 0 1 0 0 0 0 0 0 0 0 0 0 0 0 0 0 0 0 2 0 0 0 0 1 0 0 0 0 0 0 0 0 0 0 0 0 0 0 0 0 0 0 
21 32 15 2 5 26 16 15 15 30 12 34 55 90 73 134 56 28 46 41 53 84 93 94 48 10 32 14 4 5 5 7 30 3 13 8 19 21 55 40 28 3 14 23 25 30 14 7 18 114 15 5 17 7 3 1 8 2 0 0 1 1 0 2 6 0 0 1 0 0 1 0 0 0 7 4 0 3 10 5 1 0 0 3 2 6 4 40 7 0 0 11 0 1 2 1 0 0 1 0 0 4 
42 76 87 15 9 61 69 35 61 31 19 37 20 47 31 45 29 27 24 19 22 37 4 23 2 0 0 11 3 10 3 5 6 11 13 4 0 10 12 23 5 2 14 6 15 12 9 4 4 41 1 1 13 3 1 3 0 6 0 3 1 1 4 8 5 6 7 1 1 2 6 10 0 3 2 0 0 0 15 1 1 0 2 7 0 2 1 6 2 0 0 4 0 1 1 3 0 7 1 0 0 8 
1 6 1 0 0 4 11 4 4 3 4 8 11 1 5 29 36 28 17 4 11 3 4 13 5 0 0 1 7 26 113 130 266 49 117 150 223 106 217 107 67 2 47 52 51 47 34 46 21 262 9 5 14 5 3 5 1 9 0 11 1 26 4 12 19 45 7 18 5 9 2 4 1 0 4 3 0 3 20 2 2 1 3 5 13 19 7 81 13 0 0 37 4 8 2 8 1 4 4 4 3 28 
0 2 0 0 0 0 1 0 1 0 0 2 5 0 0 6 14 6 3 1 2 3 0 6 1 0 0 1 2 90 7 74 93 19 58 43 129 30 80 22 10 1 8 17 21 10 10 5 6 37 2 3 11 3 2 0 0 1 0 1 0 3 5 11 4 15 2 2 8 2 1 3 2 0 0 1 2 0 9 1 1 0 2 1 0 3 0 24 5 0 0 9 1 3 2 1 0 1 4 0 0 6 
1 6 1 0 0 0 2 2 3 0 0 4 10 2 2 10 19 16 10 3 1 0 3 2 4 0 2 1 10 103 66 11 98 34 61 61 210 102 173 78 47 5 39 35 35 42 41 10 15 128 7 5 13 7 3 2 8 7 0 7 2 4 0 15 10 27 5 4 5 9 5 4 10 0 2 2 1 2 24 1 2 0 0 5 0 12 6 27 3 0 0 22 5 6 2 3 1 4 2 0 0 10 
26 26 10 1 5 9 16 7 4 11 3 9 13 13 8 25 40 30 30 8 13 11 12 81 38 1 4 20 10 268 108 110 14 42 91 107 250 168 262 184 155 20 110 103 131 147 131 79 133 931 61 31 83 29 10 11 22 25 0 11 11 18 7 19 16 36 12 21 5 24 24 29 7 5 21 22 2 12 65 3 9 9 8 15 5 22 14 177 32 0 0 46 8 20 13 16 6 13 19 3 3 53 
0 4 2 0 2 2 2 1 0 1 0 1 1 1 0 15 11 6 2 4 1 3 0 3 2 1 0 4 5 65 26 28 33 2 31 31 86 35 119 51 30 2 21 26 33 30 35 18 8 68 14 9 11 10 4 1 4 4 0 7 1 6 1 2 8 20 7 5 5 6 7 17 4 2 3 4 2 4 13 2 3 3 0 1 0 4 6 16 7 0 0 26 2 4 1 7 0 1 1 1 1 15 
3 9 6 1 4 2 3 1 0 0 1 4 5 2 2 11 18 16 10 10 8 4 5 9 5 1 0 9 3 120 53 83 99 16 17 21 130 80 147 93 52 7 56 57 39 61 39 16 16 121 7 8 14 5 2 1 4 7 0 1 3 7 6 7 9 26 4 4 10 8 10 12 10 5 6 3 1 1 20 1 1 1 2 5 1 8 11 19 8 0 0 37 5 10 4 11 2 4 3 1 0 17 
4 1 3 2 0 0 2 0 1 0 0 1 0 3 1 10 16 8 12 0 8 3 3 2 6 0 0 6 7 109 28 45 121 19 30 6 223 51 102 65 33 4 29 22 30 37 22 15 13 116 3 2 10 3 0 2 4 1 0 1 1 6 2 4 7 9 4 5 1 7 4 10 5 2 5 0 0 0 2 1 0 0 1 4 1 6 0 19 7 0 0 29 6 12 4 15 0 2 2 2 0 17 
5 17 3 1 2 7 5 4 2 5 0 5 6 1 0 32 31 21 13 10 12 12 7 46 11 1 4 46 5 353 176 248 368 94 184 154 24 154 484 388 162 39 127 153 148 178 125 63 61 436 11 13 30 10 4 2 12 7 0 0 3 12 10 32 27 40 15 25 8 11 17 17 18 11 11 7 2 3 28 11 2 2 4 2 3 30 22 73 29 0 0 96 23 45 18 39 1 26 26 6 4 49 
7 7 8 0 4 12 5 8 8 9 4 5 8 9 1 5 22 18 12 5 11 4 7 27 9 0 0 23 9 150 43 115 155 34 56 59 103 15 173 178 101 17 73 80 78 79 58 34 31 250 4 6 11 1 0 1 3 1 0 2 1 11 5 9 8 8 2 3 1 3 6 13 6 6 0 2 0 1 7 0 3 0 0 2 1 26 9 54 20 0 0 37 9 11 2 10 1 15 10 2 2 34 
17 34 22 0 7 17 43 24 29 27 19 25 28 23 10 12 71 41 26 20 61 40 15 63 37 0 5 94 26 219 74 216 327 96 130 103 456 120 28 375 262 22 121 167 137 142 112 75 76 466 19 15 35 17 4 9 8 17 0 5 1 8 7 24 26 30 20 14 9 9 20 24 8 6 12 7 1 3 53 6 2 5 9 30 4 28 26 127 40 0 0 108 16 12 16 22 3 20 23 6 4 69 
12 24 15 0 1 11 16 23 8 7 3 13 18 9 5 19 38 27 17 11 6 3 3 20 10 1 1 15 9 81 28 62 126 30 66 67 279 135 456 21 42 18 76 150 71 111 94 35 39 283 4 2 5 2 4 2 2 10 0 2 0 5 3 11 9 9 2 8 2 0 6 7 4 4 3 5 0 2 14 5 3 4 9 23 4 6 16 31 14 0 0 51 8 5 13 12 1 5 2 1 0 21 
8 23 6 0 0 6 4 4 7 6 5 11 15 7 5 11 32 10 13 8 12 4 2 29 16 0 0 38 12 61 24 57 138 32 36 38 151 100 214 47 14 7 56 86 50 95 59 38 36 231 5 3 9 1 0 2 1 2 0 0 0 2 1 8 13 6 0 5 2 5 2 2 3 5 2 1 0 4 9 2 3 3 3 11 6 17 11 19 17 0 0 42 11 7 5 8 7 6 5 2 1 15 
0 0 0 0 0 1 2 1 0 1 0 4 4 5 1 5 2 4 1 0 3 1 2 4 0 0 0 2 0 14 5 12 17 2 3 5 22 19 27 24 15 4 25 49 14 29 16 8 9 30 0 1 1 0 0 1 2 0 0 0 1 0 0 0 2 0 0 0 0 0 5 1 0 0 0 0 0 0 3 1 1 6 0 7 1 5 1 7 6 0 0 6 0 7 2 0 1 0 2 0 0 8 
7 5 6 1 2 6 8 9 3 8 3 8 9 8 4 11 21 17 5 2 9 9 2 16 4 1 0 6 6 51 19 40 98 27 54 32 145 72 121 66 75 23 17 78 55 87 58 37 47 219 7 6 14 14 2 0 5 6 0 3 0 10 1 8 10 11 5 2 3 1 6 4 3 2 20 8 0 9 23 11 15 10 15 58 32 50 36 142 42 0 0 69 21 31 29 43 7 49 31 4 1 78 
4 12 5 0 1 13 4 8 6 7 3 6 10 5 5 9 21 21 12 4 7 5 5 24 4 2 1 14 9 61 18 34 113 22 63 31 156 82 184 133 100 42 120 26 168 257 143 71 83 381 16 8 26 9 2 3 4 8 0 2 3 1 1 3 6 25 5 1 5 3 1 13 7 1 21 10 1 11 60 22 29 27 16 70 32 118 63 179 78 0 0 230 65 57 47 66 20 63 32 10 4 115 
6 22 9 0 4 14 4 11 6 6 4 7 9 3 1 11 20 18 12 13 9 2 1 23 18 1 1 26 10 67 30 45 115 24 37 32 112 86 139 97 62 16 78 170 10 152 91 75 73 307 12 9 12 2 0 2 4 4 0 3 1 2 1 13 7 15 9 3 3 0 4 6 4 6 11 5 0 6 25 4 16 9 12 36 13 33 16 71 18 0 0 57 25 29 17 35 9 18 17 6 2 47 
13 20 14 1 7 7 12 7 11 14 7 14 16 12 4 13 31 32 11 3 13 9 5 27 13 0 0 27 20 79 28 49 212 38 46 45 128 104 246 171 120 18 100 281 168 24 179 192 160 686 14 5 29 7 5 1 6 12 0 4 5 7 2 11 3 9 4 8 3 3 12 9 9 5 14 3 2 13 43 12 14 10 15 70 40 67 32 162 43 0 0 169 33 29 25 36 15 43 33 8 6 105 
12 15 5 0 0 3 8 10 5 8 5 8 11 8 5 15 29 19 8 13 10 9 4 32 12 0 0 21 8 45 23 44 160 18 34 30 96 73 148 89 69 24 62 158 119 242 24 150 95 398 11 7 24 4 2 0 6 2 0 3 0 4 1 8 7 8 2 8 2 2 5 3 7 2 10 6 0 5 22 13 7 16 7 33 7 45 17 138 21 0 0 74 12 21 20 24 3 19 16 6 5 61 
2 9 4 1 5 6 3 2 4 3 4 1 4 2 1 2 7 7 1 3 2 3 2 14 4 1 0 8 12 18 8 16 74 9 9 16 49 35 87 49 37 4 40 81 80 186 104 14 92 371 10 2 10 1 1 0 1 1 0 2 0 3 0 4 1 4 2 2 0 5 1 2 1 0 2 1 1 6 12 3 1 6 7 12 8 18 9 107 10 0 0 37 13 4 9 16 1 10 11 5 1 38 
1 4 5 0 1 4 5 2 1 5 6 3 5 3 1 4 9 3 5 4 5 0 0 14 6 1 0 10 8 38 6 14 103 6 20 15 43 32 76 46 28 9 44 82 60 162 102 68 19 388 1 7 3 2 0 2 1 1 0 0 1 1 0 3 3 5 2 2 2 4 0 3 2 0 4 2 1 2 17 4 9 4 6 17 5 20 7 119 18 0 0 49 17 10 14 24 2 18 3 5 10 39 
40 63 28 14 8 27 31 18 25 40 18 18 36 24 13 34 57 38 35 12 24 14 10 153 59 2 2 127 24 231 57 129 726 64 107 121 314 229 492 279 255 32 178 360 240 542 300 357 281 61 39 13 69 11 12 8 8 14 0 6 7 16 2 33 18 30 7 11 7 8 20 12 16 14 51 30 2 13 95 41 21 37 27 127 20 98 38 552 65 0 0 276 31 63 48 74 22 62 84 9 12 263 
7 5 5 2 1 8 6 8 5 7 2 1 7 11 7 27 9 4 3 0 0 1 2 26 11 0 4 17 0 11 2 9 42 4 7 3 9 5 13 5 4 0 4 14 6 18 10 4 5 68 4 3 49 10 14 2 19 22 0 31 8 4 3 12 17 26 6 8 5 23 8 8 13 16 5 10 2 9 98 11 10 12 9 14 3 11 8 43 5 0 0 10 2 8 5 5 0 11 6 2 1 21 
4 6 2 2 1 4 0 7 1 8 0 2 6 9 5 15 5 7 5 2 1 1 1 12 6 0 1 3 6 6 0 5 42 2 6 6 8 1 10 8 3 0 2 4 3 3 6 4 1 29 9 4 26 13 5 2 14 18 0 19 3 0 2 11 13 13 5 7 1 3 4 5 11 12 5 4 2 1 77 4 7 2 4 9 5 4 2 23 7 0 0 6 1 4 3 2 0 1 3 1 0 6 
5 13 10 0 4 12 9 5 2 4 0 6 4 18 15 19 16 5 5 1 3 4 0 20 6 0 0 14 10 17 7 10 54 19 13 6 19 9 17 7 4 1 14 8 6 26 15 7 13 72 45 18 10 31 9 7 26 33 0 14 4 8 2 21 19 18 12 24 9 22 9 17 20 9 4 7 1 11 110 9 11 2 9 30 1 14 6 59 6 0 0 14 4 11 5 9 1 3 7 6 1 22 
4 11 4 1 2 6 4 4 6 2 3 4 4 7 9 12 12 5 7 0 0 0 0 9 2 0 1 1 5 8 5 5 18 14 8 8 12 3 5 6 1 1 5 5 1 11 6 4 4 15 11 19 41 10 19 7 17 21 0 11 5 2 5 8 21 16 10 8 1 7 7 5 5 3 4 3 1 6 69 9 11 2 1 16 6 7 3 9 2 0 0 7 1 4 1 4 0 11 3 0 1 7 
3 3 2 0 0 3 3 2 2 3 1 0 2 2 1 4 2 0 0 1 0 1 0 8 0 0 0 0 1 1 1 2 19 3 1 1 2 0 2 4 0 0 1 0 1 5 1 1 0 13 9 8 17 4 2 1 2 13 0 16 2 1 1 3 1 4 2 6 1 3 2 2 5 5 1 4 0 5 42 3 5 0 2 10 1 5 2 3 3 0 0 1 0 0 0 0 0 0 4 0 0 4 
0 6 1 0 1 0 3 5 4 2 3 3 0 2 5 2 3 0 0 1 0 0 0 4 2 0 0 1 3 3 3 4 11 1 3 0 4 0 2 3 0 0 2 2 3 1 1 0 2 7 11 3 8 6 3 2 8 9 0 8 4 1 0 4 3 6 0 1 0 1 2 1 1 2 4 1 0 5 35 1 1 2 2 9 3 3 0 8 0 0 0 3 1 1 2 1 3 1 1 0 0 2 
4 0 7 0 1 5 5 0 0 2 0 2 2 8 10 11 7 3 2 0 2 1 1 1 0 0 0 2 0 2 4 3 21 5 2 2 4 3 12 4 3 1 2 9 5 3 1 1 3 8 21 10 30 13 7 19 3 9 0 17 4 5 0 5 6 9 2 10 0 10 4 3 5 5 7 4 1 7 57 10 4 1 2 16 3 7 4 18 6 0 0 6 2 3 3 0 1 8 2 0 0 8 
3 7 10 1 2 5 15 4 6 5 3 6 6 7 1 11 8 7 3 7 1 0 1 7 3 0 0 5 4 6 9 6 32 6 3 2 10 1 13 5 4 1 6 4 4 8 10 2 1 14 23 12 41 22 20 7 12 6 0 31 5 3 5 7 17 15 1 7 3 19 8 6 15 3 13 17 5 10 145 10 12 0 4 38 16 8 7 28 5 0 0 10 3 4 1 2 0 7 0 1 0 7 
0 0 0 0 0 0 0 0 0 0 0 0 0 0 0 0 0 0 0 0 0 0 0 0 0 0 0 0 0 0 0 0 0 0 0 0 0 0 0 0 0 0 0 0 0 0 0 0 0 0 0 0 0 0 0 0 0 0 0 0 0 0 0 0 0 0 0 0 0 0 0 0 0 0 0 0 0 0 0 0 0 0 0 0 0 0 0 0 0 0 0 0 0 0 0 0 0 0 0 0 0 0 
5 12 11 3 1 7 7 9 1 5 1 7 12 12 6 17 14 10 8 4 2 2 5 19 14 0 0 9 13 7 7 15 17 3 3 0 0 2 6 12 3 1 10 5 5 3 4 0 2 24 25 22 37 21 9 9 12 15 0 1 4 5 3 10 18 29 2 20 4 11 15 19 17 12 11 8 0 6 63 5 4 5 3 12 3 10 2 18 0 0 0 6 3 2 0 1 0 3 1 1 0 5 
1 0 4 1 1 0 3 2 1 1 0 5 2 1 2 0 4 3 0 3 1 0 0 4 1 0 0 3 0 7 2 2 9 4 0 0 0 1 4 3 1 0 4 1 3 4 0 1 4 11 7 6 15 3 7 2 3 5 0 4 1 4 3 3 12 16 9 13 1 4 5 6 3 5 3 3 1 1 11 2 1 3 1 4 3 3 2 1 1 0 0 5 1 0 0 0 0 1 0 0 0 5 
1 4 1 0 1 2 4 2 2 1 3 3 3 1 2 9 7 1 6 0 5 0 3 2 1 1 0 1 1 8 6 15 20 10 10 2 24 11 14 9 10 1 6 8 9 8 7 2 2 17 3 3 2 3 3 6 3 2 0 9 9 3 5 8 15 27 10 9 2 18 6 7 11 6 3 0 0 0 17 0 1 3 1 4 1 7 1 5 6 0 0 8 7 1 0 1 0 1 3 0 0 2 
0 2 0 0 0 0 0 2 0 1 1 0 0 0 0 0 2 2 0 0 0 0 0 0 2 0 0 0 0 3 0 1 2 2 2 3 12 2 1 7 1 0 1 2 0 0 0 2 0 2 3 1 4 1 0 1 1 3 0 9 1 0 1 4 5 15 6 5 2 3 4 8 2 3 2 1 0 0 3 1 0 0 0 1 2 2 0 2 0 0 0 4 0 1 0 0 0 0 0 0 0 0 
1 1 4 0 0 3 4 3 3 1 0 4 0 2 0 3 0 3 1 0 0 0 0 1 0 0 0 3 4 14 4 13 10 2 9 4 26 15 35 13 9 3 11 5 15 7 5 4 4 16 17 7 16 11 6 4 5 10 0 7 2 23 3 2 13 31 12 10 2 10 10 20 9 12 4 5 0 2 25 2 2 0 0 8 1 2 5 7 4 0 0 3 2 1 0 0 0 0 1 0 1 1 
4 3 2 1 0 4 7 3 3 3 3 3 5 2 0 1 3 1 1 0 0 1 0 0 2 0 0 1 7 22 16 7 26 3 7 12 20 14 29 21 7 0 3 16 9 5 7 4 8 27 9 5 18 7 5 2 7 10 0 19 8 13 11 10 9 38 36 29 9 27 31 43 37 12 10 3 0 6 34 3 8 1 1 4 2 1 2 17 5 0 0 5 1 1 0 0 1 1 0 0 0 3 
7 11 15 0 4 7 10 10 9 5 2 5 3 2 2 0 1 0 1 0 0 2 2 2 0 0 0 3 4 45 24 35 51 19 14 7 25 6 37 18 12 3 17 12 9 13 10 9 14 54 33 13 26 14 11 4 15 33 0 28 20 18 10 35 38 18 10 51 40 52 43 65 54 35 6 11 2 6 56 12 5 3 6 9 5 11 1 15 1 0 0 12 2 1 1 3 0 3 2 0 0 10 
3 4 6 1 0 3 3 5 0 0 0 3 0 0 0 1 1 0 0 0 0 0 0 0 0 0 0 1 1 17 4 7 13 8 3 3 11 4 7 4 0 1 3 1 2 7 6 4 0 17 2 3 20 5 0 0 7 8 0 12 12 3 3 14 25 10 2 13 26 19 35 40 27 6 5 0 0 2 19 6 4 0 0 3 1 2 5 8 0 0 0 2 0 0 0 1 0 0 0 0 0 1 
4 6 0 0 1 6 9 2 2 1 0 1 0 0 0 0 1 0 0 0 0 0 1 0 0 0 0 1 2 8 3 9 14 8 9 2 16 1 13 5 6 1 1 4 4 12 4 2 0 20 4 5 12 7 6 0 4 9 0 13 10 6 3 11 18 24 15 8 10 30 26 30 22 8 1 4 1 1 18 1 4 0 2 1 0 1 0 10 0 0 0 1 0 0 0 0 0 0 0 0 1 1 
0 1 1 0 0 0 0 2 1 1 1 3 1 1 0 0 0 0 0 0 0 1 0 0 2 0 0 0 2 5 0 5 5 7 2 6 3 1 9 3 3 0 4 5 1 0 0 0 1 9 4 2 5 2 4 0 1 1 0 5 2 0 1 1 7 23 11 9 1 5 26 12 6 6 3 1 0 1 4 1 1 0 0 1 0 2 3 3 0 0 0 4 0 0 0 1 0 0 0 0 0 3 
0 4 2 0 1 1 4 5 2 3 0 2 3 0 2 3 1 1 0 0 0 0 0 0 0 0 0 0 0 22 7 6 15 8 4 9 15 7 7 2 7 0 7 5 5 0 4 0 0 9 5 6 11 14 4 4 4 9 0 11 6 8 3 4 23 48 23 19 7 5 25 32 25 33 4 0 0 1 21 0 5 0 0 3 1 2 2 6 3 0 0 2 0 0 0 0 0 0 0 0 0 0 
2 7 0 0 0 0 7 2 1 1 0 2 1 0 0 1 0 0 0 0 0 0 0 0 0 0 0 1 1 4 1 4 23 12 6 4 19 6 17 5 4 1 4 8 3 4 2 9 5 27 8 5 8 3 1 2 2 4 0 12 7 3 4 12 12 41 16 27 12 14 3 43 12 17 2 1 0 4 11 2 0 1 0 6 2 5 2 9 2 0 0 1 0 1 0 0 0 0 0 0 0 4 
3 1 1 0 0 1 2 4 1 3 0 1 0 3 0 2 2 0 0 0 0 0 0 0 0 0 0 0 9 15 5 0 24 8 13 13 23 3 19 2 4 1 2 3 5 5 1 5 3 25 3 2 12 2 1 3 9 9 0 8 4 3 3 15 26 53 28 28 20 45 40 2 37 25 7 0 1 2 21 3 4 0 1 2 1 1 0 8 1 0 0 7 0 0 0 0 0 0 0 0 0 1 
1 3 5 2 0 7 2 2 5 4 0 2 2 1 6 1 2 1 1 0 0 0 0 0 0 0 0 0 2 6 3 6 10 16 11 6 28 16 22 4 8 2 8 11 5 6 6 2 4 46 23 15 19 11 4 5 8 9 0 14 6 5 3 12 38 48 26 21 13 34 24 58 1 20 2 6 2 2 36 2 4 2 3 4 3 5 0 14 5 0 0 4 5 1 0 4 0 0 2 0 1 3 
3 3 6 0 1 7 8 2 4 0 0 2 11 0 1 2 1 3 0 0 0 0 0 0 0 0 0 3 0 0 2 3 17 8 6 8 8 7 21 6 5 0 8 3 4 12 6 4 4 38 15 5 24 3 2 1 5 8 0 28 6 4 7 12 17 36 13 31 6 41 22 33 9 3 7 5 2 5 42 3 4 4 16 5 8 5 1 23 2 0 0 1 2 2 1 1 0 2 3 0 0 5 
0 1 2 0 2 1 1 0 2 4 1 3 4 4 1 12 3 3 4 0 0 0 1 10 7 0 0 4 1 6 1 4 15 2 1 0 1 1 5 6 2 0 14 13 5 5 7 3 6 51 2 3 5 9 0 0 1 6 0 5 1 2 0 3 4 5 1 4 2 1 0 4 2 11 1 3 3 8 116 24 6 8 10 51 9 17 4 56 8 0 0 7 3 6 1 2 2 2 14 0 3 29 
1 1 1 0 0 0 1 3 2 1 11 2 3 8 2 6 2 2 3 0 1 0 0 3 1 0 0 4 1 3 0 6 11 0 6 2 2 0 6 1 3 0 8 12 6 11 9 5 6 31 10 3 12 3 5 2 11 8 0 9 5 2 0 6 8 6 1 5 0 3 2 0 4 4 6 3 8 11 135 24 10 6 12 61 16 24 2 49 4 0 0 9 5 5 3 5 2 4 9 1 2 17 
0 0 1 0 1 0 0 0 0 0 0 4 1 3 0 0 2 0 0 0 0 0 0 1 1 1 0 1 0 1 0 0 3 1 0 0 0 0 1 2 0 0 1 2 2 1 1 0 1 2 2 4 0 4 0 0 3 6 0 0 1 1 0 1 2 6 0 0 0 1 0 2 1 2 4 40 1 5 46 6 10 4 2 22 5 4 2 11 2 0 0 3 2 0 1 1 0 1 1 1 0 4 
2 0 0 1 0 3 0 0 1 3 1 0 2 5 5 1 3 2 3 1 1 2 0 2 1 0 0 4 6 4 2 1 8 2 3 0 1 2 8 1 6 0 7 19 7 5 6 4 1 15 4 2 5 2 6 5 4 14 0 3 2 0 2 7 1 0 1 0 0 0 1 6 4 3 16 24 5 0 68 17 4 1 14 51 17 8 6 25 5 0 0 8 3 2 2 4 1 5 3 0 1 15 
9 17 8 5 7 10 13 12 12 10 5 9 20 26 19 25 29 13 14 6 6 1 1 28 7 1 2 14 19 20 9 18 57 11 20 8 16 6 36 12 18 4 21 41 13 22 21 9 13 120 83 82 165 72 73 25 53 101 0 38 13 10 13 36 30 32 22 27 13 32 14 27 23 20 211 144 52 75 27 68 76 31 85 236 76 45 20 131 32 0 0 44 12 23 10 16 4 19 9 0 2 42 
1 3 1 0 0 1 0 0 0 0 0 0 1 2 0 0 4 7 2 1 0 0 0 4 0 0 0 2 1 7 0 8 13 2 2 2 2 2 4 6 7 0 6 17 9 9 10 4 6 36 2 6 16 8 9 3 8 19 0 4 1 3 2 2 2 10 2 5 2 4 6 1 1 0 20 16 13 18 100 7 21 20 21 102 36 23 9 46 11 0 0 26 7 6 4 6 1 6 6 0 1 24 
3 2 3 0 1 1 2 0 1 0 0 1 1 0 1 5 0 1 0 0 0 0 0 4 0 0 0 4 0 2 1 1 8 3 0 0 3 1 4 3 3 1 8 14 8 7 6 4 2 21 8 3 10 6 2 4 7 6 0 1 2 2 0 1 6 2 1 2 0 2 3 6 3 2 27 13 9 22 110 26 4 7 11 122 62 36 7 42 8 0 0 14 6 7 10 5 2 17 5 1 0 23 
0 2 0 0 1 1 0 2 1 0 0 0 1 1 0 0 1 1 0 0 0 1 0 2 1 0 0 1 2 2 3 1 12 1 0 0 1 2 5 4 2 2 13 14 5 8 13 5 4 60 8 4 4 3 1 1 2 2 0 10 1 0 0 4 3 2 0 2 1 4 2 4 0 1 11 13 0 11 36 6 5 3 6 50 22 24 9 50 14 0 0 15 1 21 10 4 1 10 14 2 1 26 
2 3 0 0 0 1 0 0 0 4 0 0 0 1 0 0 0 0 0 0 0 0 0 1 0 0 0 1 8 3 1 2 3 3 0 0 1 2 2 4 2 0 8 23 3 11 4 4 5 30 5 2 7 6 1 1 5 10 0 3 2 1 0 1 4 3 2 1 5 0 3 6 1 1 14 10 1 5 43 11 3 1 5 122 63 16 7 50 9 0 0 13 5 7 12 3 4 10 9 0 0 15 
7 3 3 0 0 10 3 6 3 1 0 0 2 2 1 0 3 0 0 0 0 1 0 4 2 0 0 1 5 10 2 3 16 10 1 0 7 2 20 11 16 4 65 76 19 46 19 19 14 105 24 16 42 16 15 6 33 35 0 8 5 2 0 6 5 10 5 3 5 3 2 5 6 8 58 64 10 76 214 136 87 36 157 23 139 93 33 147 38 0 0 72 19 30 27 16 8 35 28 1 5 44 
1 3 1 0 0 3 0 1 1 0 0 0 0 0 0 3 0 0 0 1 0 0 0 0 0 0 0 2 3 3 1 0 6 2 0 0 3 2 5 6 5 1 9 34 5 17 11 4 9 31 3 4 12 7 0 3 14 12 0 5 1 1 0 1 3 1 1 1 2 1 1 3 4 2 4 6 5 14 35 19 44 12 22 140 1 51 10 64 14 0 0 34 4 12 10 11 5 13 13 3 0 30 
9 3 1 0 1 4 8 2 2 1 0 1 1 0 1 2 3 4 3 1 2 2 3 3 2 0 2 7 2 21 7 10 25 4 13 1 26 12 32 3 16 5 65 123 27 49 43 22 9 120 12 10 16 8 3 3 13 15 0 3 0 6 3 6 5 9 1 5 2 2 9 3 1 3 28 17 3 12 28 18 24 20 16 80 41 10 28 120 47 0 0 89 22 38 24 30 4 38 21 6 5 50 
1 5 2 0 0 0 2 2 1 1 0 0 1 1 1 3 6 4 1 1 0 1 0 1 4 1 1 3 4 11 4 13 16 4 7 3 8 13 39 15 11 4 31 70 19 45 24 9 8 77 5 0 7 3 0 1 4 6 0 4 2 0 1 5 3 4 5 5 2 0 1 1 2 0 7 7 3 12 24 6 12 5 10 62 21 33 5 46 16 0 0 60 6 22 13 9 2 18 11 2 3 30 
29 22 11 2 7 10 8 9 4 2 2 5 4 4 1 5 14 11 11 2 8 7 3 37 22 2 0 28 6 50 18 24 161 13 25 14 51 61 115 22 18 4 69 151 49 119 86 55 74 502 34 17 57 10 9 4 10 18 0 9 5 4 2 5 3 4 1 6 7 6 5 8 6 10 48 24 1 25 95 30 42 35 38 115 47 74 41 25 31 0 0 208 26 35 30 62 10 46 38 6 10 209 
4 5 4 0 0 4 5 0 1 5 2 2 1 2 1 6 1 5 2 1 2 1 1 8 3 0 0 5 3 20 10 6 35 6 8 5 30 25 31 12 9 11 64 105 20 24 9 13 17 65 5 3 16 6 1 0 3 5 0 4 3 0 0 0 2 2 0 1 0 2 2 5 4 2 14 8 0 15 15 20 10 12 12 35 18 42 26 41 8 0 0 63 15 19 16 24 2 15 7 3 3 41 
0 0 0 0 0 0 0 0 0 0 0 0 0 0 0 0 0 0 0 0 0 0 0 0 0 0 0 0 0 0 0 0 0 0 0 0 0 0 0 0 0 0 0 0 0 0 0 0 0 0 0 0 0 0 0 0 0 0 0 0 0 0 0 0 0 0 0 0 0 0 0 0 0 0 0 0 0 0 0 0 0 0 0 0 0 0 0 0 0 0 0 0 0 0 0 0 0 0 0 0 0 0 
0 0 0 0 0 0 0 0 0 0 0 0 0 0 0 0 0 0 0 0 0 0 0 0 0 0 0 0 0 0 0 0 0 0 0 0 0 0 0 0 0 0 0 0 0 0 0 0 0 0 0 0 0 0 0 0 0 0 0 0 0 0 0 0 0 0 0 0 0 0 0 0 0 0 0 0 0 0 0 0 0 0 0 0 0 0 0 0 0 0 0 0 0 0 0 0 0 0 0 0 0 0 
5 12 7 0 2 6 7 12 3 6 9 13 7 4 8 3 11 10 11 2 4 1 2 8 7 0 2 15 6 39 27 22 84 32 42 25 89 68 156 54 41 12 74 204 73 157 84 40 56 286 9 6 27 7 2 5 9 8 0 6 1 8 0 9 8 14 2 1 0 1 9 8 4 5 15 16 0 11 52 20 20 25 24 71 44 116 82 191 53 0 0 20 52 70 36 94 18 61 46 8 11 110 
2 3 1 0 1 6 2 2 2 3 1 2 3 0 0 0 9 2 1 0 0 0 0 0 1 0 0 1 4 5 1 6 11 0 5 1 21 15 26 14 15 7 36 74 14 34 23 5 8 52 2 0 3 1 0 1 1 3 0 1 2 1 2 0 2 0 0 0 0 0 3 1 0 0 1 2 0 2 4 10 9 5 11 15 9 41 14 32 12 0 0 57 4 10 6 15 4 11 12 2 2 38 
3 2 2 0 1 1 4 1 1 1 1 1 1 3 3 3 3 0 1 0 0 0 0 5 0 0 0 0 0 6 8 3 17 2 11 4 15 11 34 10 15 3 25 70 24 25 20 20 15 60 5 3 10 3 2 2 1 1 0 0 4 1 0 0 1 2 0 1 0 0 1 0 0 1 9 4 0 5 22 10 17 10 6 24 6 38 18 71 20 0 0 62 15 6 5 17 0 14 8 5 2 42 
0 1 0 0 0 1 0 1 3 4 1 1 3 0 0 7 1 1 0 0 0 0 0 0 0 0 0 2 0 4 0 4 15 3 10 5 13 4 23 6 13 0 21 45 11 26 15 9 11 43 6 2 6 2 2 1 4 2 0 3 0 0 1 0 0 2 2 0 0 0 1 0 2 1 5 1 1 3 12 10 7 9 11 21 10 22 7 51 13 0 0 46 11 7 4 11 4 10 10 12 3 55 
1 2 1 0 0 3 2 1 0 1 0 0 0 1 0 1 4 0 0 0 0 0 0 2 1 0 0 2 1 5 4 4 18 6 4 1 10 5 27 10 9 1 39 106 22 25 11 9 15 48 3 0 6 1 0 1 4 3 0 1 0 4 0 0 1 0 1 0 0 0 0 0 0 0 10 1 0 6 17 10 8 5 8 24 11 26 8 56 14 0 0 103 15 12 10 6 6 25 3 2 4 59 
0 0 1 0 0 0 0 1 0 0 1 0 0 2 0 0 0 0 0 0 0 0 0 0 0 0 0 0 0 1 0 2 1 1 1 1 1 1 4 2 0 1 2 8 6 3 7 2 1 8 2 1 2 0 0 0 1 1 0 0 0 0 0 1 0 0 0 0 0 0 0 0 1 2 1 0 0 0 0 4 1 1 4 3 3 2 3 11 4 0 0 5 2 1 2 2 0 0 3 0 2 13 
0 1 0 0 0 0 1 2 0 0 2 0 2 0 0 0 0 2 1 0 0 0 0 0 1 0 0 1 0 9 4 3 8 1 7 1 11 8 20 3 4 0 23 40 11 38 16 10 4 72 6 12 14 1 0 2 1 5 0 2 0 1 0 1 0 0 0 0 0 0 0 0 0 0 5 6 1 3 18 2 7 5 7 29 15 22 6 35 6 0 0 43 3 3 13 9 1 6 3 1 2 41 
2 1 1 0 0 2 1 0 0 0 0 0 0 0 1 0 2 1 0 0 0 0 0 0 0 0 0 0 0 1 1 3 14 2 7 5 8 4 21 2 9 2 9 35 21 23 18 3 9 52 3 4 10 2 4 0 0 4 0 0 0 0 0 0 0 0 0 0 0 0 0 1 0 0 8 2 0 2 10 2 6 14 6 22 11 11 10 48 21 0 0 48 4 7 6 5 2 3 1 1 0 32 
0 0 1 0 1 0 0 0 0 0 0 0 0 0 0 0 0 0 0 0 0 0 0 0 0 0 0 0 0 2 0 0 4 0 0 0 0 1 3 0 1 0 3 4 2 7 5 1 4 6 2 0 1 2 0 0 0 0 0 1 0 1 0 0 0 0 1 0 0 0 0 0 0 0 0 0 0 0 2 2 0 0 1 0 2 5 2 5 0 0 0 10 2 3 2 6 2 1 0 2 0 4 
2 0 0 0 0 0 1 0 1 0 1 0 0 0 0 0 0 0 0 0 0 0 0 1 0 0 0 0 0 2 0 0 1 0 4 1 6 1 5 2 4 0 9 6 6 4 4 1 5 9 0 0 1 1 0 0 0 0 0 0 0 1 0 0 0 0 0 0 0 0 0 0 0 0 1 1 0 0 7 0 1 1 3 7 3 1 1 15 5 0 0 13 1 5 0 1 2 0 3 2 1 3 
21 18 15 0 3 4 8 5 7 11 5 9 10 12 7 2 11 6 3 1 3 1 1 8 4 0 0 15 1 49 14 20 90 10 15 20 37 47 90 40 34 12 118 110 59 120 109 79 86 424 26 22 65 21 3 6 10 12 0 9 0 1 2 3 12 9 0 0 0 0 3 1 6 4 31 16 1 15 47 36 32 43 22 69 32 62 37 333 74 0 0 107 26 84 64 88 17 36 31 7 4 15 
