69 99 205 44 88 223 225 147 249 203 103 287 366 858 450 655 337 184 178 67 82 81 37 180 91 8 10 230 795 39 5 25 186 23 29 24 63 60 319 147 128 12 72 94 85 130 105 45 47 508 52 22 51 42 15 15 24 37 0 10 9 10 5 25 38 69 21 21 7 15 18 12 21 24 5 13 7 20 122 9 16 16 26 33 12 46 16 197 18 0 0 42 11 21 6 18 1 3 17 5 2 108 
81 100 187 61 77 213 239 197 265 226 95 341 467 890 470 694 409 197 215 100 78 51 48 207 104 10 5 214 983 25 15 30 140 24 61 27 65 59 341 160 138 20 74 117 107 124 100 55 45 466 48 37 64 42 24 17 50 45 0 10 10 29 15 53 42 76 18 31 13 16 24 28 42 32 9 20 6 11 148 12 23 26 10 67 11 38 17 177 29 0 0 90 14 8 14 22 1 14 23 4 0 90 
216 149 96 102 86 251 256 220 354 201 113 326 360 769 486 556 337 220 207 77 98 131 49 168 81 3 12 203 1813 25 11 24 121 18 27 16 54 38 232 160 110 12 83 86 80 100 96 26 46 351 51 30 66 39 21 14 15 49 0 19 13 15 5 28 44 55 11 22 5 9 18 26 26 29 17 10 3 9 151 14 17 10 19 42 11 32 15 128 24 0 0 96 22 14 12 15 2 10 7 2 0 76 
47 76 210 15 22 64 69 81 62 36 31 57 63 161 90 92 53 35 29 12 14 17 5 55 22 4 2 36 234 3 4 3 26 4 9 9 3 4 56 32 15 2 6 16 10 23 12 10 6 73 9 3 12 4 3 2 2 6 0 1 4 11 2 6 5 4 1 1 3 0 1 2 5 6 2 1 1 0 19 1 2 1 2 7 1 7 5 24 2 0 0 10 1 3 0 5 0 2 6 3 1 12 
76 97 59 25 24 100 78 62 94 54 62 99 118 288 127 208 118 53 35 29 39 33 27 85 19 1 2 70 215 6 4 14 18 6 13 9 16 20 64 55 27 3 20 25 20 19 19 12 9 118 22 11 21 13 6 5 11 14 0 6 6 6 1 3 9 16 6 7 2 8 6 11 6 15 13 11 1 6 47 4 4 5 3 15 7 10 3 36 7 0 0 16 7 3 5 6 2 4 6 2 0 11 
218 288 261 131 97 75 164 162 162 164 100 252 411 872 341 511 321 212 197 92 77 121 38 212 84 9 6 174 906 30 11 14 53 24 19 13 20 53 311 135 79 8 89 58 56 67 82 28 37 268 33 42 45 26 12 13 13 41 0 29 14 24 14 25 39 64 11 26 14 17 21 34 21 41 11 11 2 9 123 8 3 4 8 34 9 38 6 59 14 0 0 74 13 18 10 4 1 6 7 2 1 36 
354 453 415 136 90 232 83 305 360 212 137 201 438 758 291 483 316 191 186 58 72 78 26 112 39 4 8 100 771 42 18 17 135 25 15 16 30 43 245 107 73 12 82 63 70 77 79 21 23 211 37 8 52 36 21 8 20 61 0 15 7 25 10 30 36 81 19 28 6 15 21 20 19 29 21 13 3 23 167 5 3 8 8 32 8 43 9 72 12 0 0 59 9 10 7 11 0 5 19 1 3 46 
172 239 276 52 44 129 267 73 127 137 91 243 511 869 384 534 420 181 165 69 110 94 44 150 60 5 7 132 666 30 28 33 57 15 16 11 8 43 247 153 76 9 66 65 70 79 44 30 52 204 22 26 46 43 25 13 20 52 0 6 12 17 6 28 39 72 16 21 20 12 21 29 24 29 6 12 3 29 91 2 10 6 13 27 16 23 13 44 18 0 0 71 15 15 22 12 0 2 7 0 2 30 
221 319 330 73 72 186 377 224 81 90 132 228 408 758 334 569 411 206 156 57 83 90 49 156 54 8 4 155 695 39 26 19 82 16 17 9 30 39 319 121 112 14 71 54 56 84 72 43 28 211 22 27 46 40 13 22 19 65 0 9 17 12 11 29 46 79 20 18 7 10 17 18 30 19 11 14 2 14 89 6 8 4 11 22 8 25 12 57 23 0 0 67 11 8 6 1 0 4 13 0 1 28 
132 167 158 35 39 83 118 67 67 28 39 107 241 418 146 369 219 129 117 37 51 62 36 166 96 15 9 145 275 19 9 14 47 13 10 9 14 12 165 87 54 12 31 22 36 47 56 13 18 157 69 45 68 32 16 21 29 45 0 19 9 11 9 10 20 29 13 17 10 11 13 30 20 33 25 23 4 6 134 10 6 12 3 30 6 10 7 44 7 0 0 29 9 6 8 4 0 1 4 2 1 18 
91 126 97 19 48 85 101 70 170 95 23 127 175 267 113 316 176 92 92 75 53 59 25 93 68 7 7 134 261 45 7 8 38 6 22 3 8 29 159 77 40 23 45 38 34 64 41 28 11 162 25 12 26 16 11 10 12 20 0 14 4 3 0 10 4 10 4 4 1 4 6 4 5 21 15 9 2 5 46 2 5 1 3 5 1 6 5 16 3 0 0 33 4 6 2 7 3 3 9 2 0 20 
281 402 269 54 87 210 234 251 249 201 107 68 197 521 228 505 338 190 181 110 119 106 96 439 134 39 12 363 561 54 41 42 77 10 14 7 21 40 275 133 60 11 52 49 77 115 47 35 41 332 49 24 70 20 5 14 17 35 0 34 8 32 9 11 17 29 6 11 3 2 25 35 24 18 29 16 4 10 77 9 4 0 1 6 2 11 4 28 4 0 0 76 12 12 12 13 2 8 18 1 0 38 
399 662 449 56 142 415 504 467 594 315 258 256 67 680 296 680 497 290 334 171 236 180 118 509 302 20 14 575 496 122 48 63 131 24 32 14 38 58 280 149 127 15 68 101 63 165 92 24 40 343 78 38 74 48 30 11 24 54 0 31 13 29 7 7 26 19 6 11 6 7 19 22 24 23 57 23 12 9 129 9 1 2 11 7 0 6 8 39 16 0 0 72 10 15 21 10 4 3 18 1 1 53 
486 799 547 61 141 405 438 403 524 360 154 337 322 93 134 493 536 456 471 228 399 339 188 619 360 38 49 1188 520 58 15 31 91 6 23 7 38 44 169 123 109 12 49 59 60 100 66 24 40 266 84 40 116 87 22 18 47 52 0 48 14 28 6 5 4 9 3 3 2 4 8 11 7 15 45 16 2 13 213 10 8 3 0 3 2 4 4 41 9 0 0 82 6 14 21 8 4 13 12 2 1 43 
439 556 493 65 130 315 378 330 363 289 136 231 295 189 80 222 465 272 279 157 215 210 178 607 343 48 50 943 425 65 30 27 98 19 35 10 22 19 89 119 65 15 47 70 47 55 36 20 21 210 76 47 98 78 20 17 37 36 0 26 8 16 5 3 0 2 4 2 20 2 4 8 6 7 49 23 3 10 134 5 3 0 1 7 3 13 2 31 16 0 0 51 7 12 9 8 2 6 11 1 2 32 
274 503 341 55 122 315 399 382 445 372 180 366 438 381 158 195 553 582 439 254 492 318 304 910 309 80 66 842 480 170 87 161 302 86 116 70 367 37 160 229 193 16 121 151 139 182 112 44 34 372 65 51 97 66 22 29 40 55 0 24 10 18 6 23 15 24 4 3 4 3 7 10 6 24 41 26 5 23 217 24 0 6 3 10 4 34 17 90 29 0 0 118 18 26 14 9 3 7 19 0 3 72 
230 417 243 61 96 283 308 363 379 326 139 309 421 924 371 727 92 386 529 217 470 286 295 774 244 58 72 800 419 349 140 263 409 116 189 116 368 110 575 338 239 46 175 196 231 311 205 74 56 593 86 74 104 71 33 24 31 65 0 27 19 26 16 41 16 5 5 3 0 4 4 10 10 21 36 24 4 21 225 10 12 3 4 14 3 48 28 131 56 0 0 117 22 13 13 15 4 15 13 1 7 96 
148 273 177 30 58 176 174 166 259 195 89 279 499 994 330 861 378 95 400 150 311 145 190 507 178 92 38 564 330 179 79 142 242 86 169 91 228 89 469 191 191 32 141 170 176 208 133 70 59 498 42 24 57 38 18 11 20 57 0 12 8 21 4 26 4 1 6 2 1 1 3 2 8 4 24 11 1 20 108 24 5 6 4 14 2 33 19 96 43 0 0 67 12 12 1 5 0 5 2 0 0 51 
139 219 165 17 49 166 157 156 194 169 76 182 305 894 299 650 453 323 54 165 291 158 179 468 196 63 31 539 409 118 59 69 112 62 84 61 161 83 281 105 55 23 63 107 74 127 89 32 59 314 32 22 50 32 14 1 25 22 0 17 6 11 4 8 4 2 1 2 1 1 1 2 2 5 19 7 4 8 65 12 9 2 0 7 4 15 4 47 19 0 0 43 0 2 2 0 3 3 3 0 2 16 
85 130 110 22 41 82 88 93 102 106 57 122 187 555 204 521 273 151 163 47 70 58 83 298 145 90 48 616 170 42 21 26 55 16 39 22 118 46 291 118 58 8 35 44 36 75 57 33 20 164 27 6 23 11 8 6 8 21 0 8 10 8 0 1 0 3 0 0 1 0 0 1 1 1 13 5 1 8 52 10 3 3 3 4 1 11 13 37 10 0 0 20 0 0 0 2 0 1 0 0 0 13 
84 84 67 18 32 80 108 100 104 108 46 145 340 860 396 1031 677 411 433 30 63 79 175 334 131 116 121 654 222 42 20 16 67 11 44 37 144 59 413 118 89 17 73 52 60 63 61 22 28 171 8 5 9 8 6 5 6 11 0 0 0 1 0 5 0 1 2 0 1 1 1 0 1 0 12 4 3 4 38 10 6 3 0 4 0 31 7 44 16 0 0 40 2 1 2 1 0 0 2 0 1 3 
81 138 100 20 29 109 113 131 127 122 53 136 231 857 326 685 353 226 248 40 102 61 116 271 71 128 96 785 350 51 24 15 85 11 40 37 104 62 352 31 66 10 34 51 72 81 54 19 20 187 6 3 14 11 6 5 7 8 0 8 2 2 0 5 0 0 1 0 0 0 0 0 1 1 8 5 1 3 29 5 2 0 1 11 0 13 4 28 16 0 0 18 0 0 1 0 0 1 2 0 0 8 
40 71 41 13 19 66 57 92 108 108 53 192 191 435 277 658 324 192 273 73 274 122 41 188 98 85 90 584 103 42 15 23 96 29 40 40 107 41 288 83 43 4 28 46 57 75 57 14 17 184 23 10 20 13 11 4 11 12 0 0 3 5 0 3 4 0 0 3 0 0 0 0 3 3 7 8 1 5 38 4 2 2 3 7 4 15 9 39 5 0 0 27 3 5 3 3 0 1 0 1 0 9 
154 158 130 23 51 127 105 123 150 271 103 286 406 1011 481 1279 849 443 481 148 287 158 150 113 94 352 362 953 200 93 51 32 294 40 84 77 330 136 664 171 145 23 56 88 140 185 125 50 68 804 73 21 75 32 26 14 16 41 0 13 12 9 0 11 4 6 1 0 1 0 2 0 3 4 28 33 5 24 119 11 9 5 5 7 1 25 16 140 16 0 0 56 3 4 2 11 1 1 3 0 0 30 
191 232 130 40 78 194 124 130 119 459 86 315 411 773 478 1245 528 293 445 210 231 136 120 152 87 79 179 692 129 113 64 64 1099 71 117 86 237 156 557 235 341 30 118 194 215 286 171 116 121 1277 177 65 207 83 66 42 23 68 0 17 12 14 1 24 9 9 2 0 1 0 0 5 1 29 56 55 3 23 199 36 15 24 10 24 9 44 25 433 36 0 0 101 8 6 7 18 2 6 6 0 0 65 
7 5 8 0 2 5 2 4 16 17 5 20 24 61 33 98 78 74 70 48 109 148 93 280 52 6 22 117 17 5 1 10 12 1 10 3 18 14 49 4 12 0 2 3 5 7 7 2 3 27 3 0 0 1 0 0 0 3 0 0 0 1 0 0 0 0 0 0 0 0 0 0 0 0 2 0 0 0 7 2 0 0 0 0 0 1 2 6 2 0 0 2 0 0 2 1 0 0 1 0 0 2 
5 7 4 0 5 8 4 5 9 15 7 15 31 84 52 175 89 53 68 68 146 71 74 277 74 12 18 320 17 14 1 6 20 6 9 1 39 7 85 4 14 2 3 3 8 6 7 2 3 35 3 1 5 0 0 1 0 1 0 5 0 1 0 0 0 0 0 0 0 0 0 0 0 0 0 0 0 2 18 0 0 2 0 1 2 2 0 11 0 0 0 1 0 1 0 2 0 0 2 0 0 3 
160 195 165 51 103 178 120 122 151 252 111 360 445 1227 780 1571 780 436 570 417 576 498 387 800 320 129 366 108 149 42 19 45 273 40 113 75 322 220 746 254 296 19 120 206 203 209 213 75 91 876 69 41 119 41 27 20 21 44 0 26 8 8 1 17 16 7 2 0 0 0 1 1 0 1 37 31 4 17 151 18 10 9 15 25 10 36 28 235 39 0 0 125 17 13 9 17 1 11 15 1 0 79 
54 123 232 40 48 178 137 86 91 53 45 57 97 136 107 89 56 31 41 12 16 10 11 22 13 1 3 32 23 9 1 7 17 10 2 6 9 11 30 18 15 1 14 6 11 16 7 5 6 29 3 5 13 16 5 6 5 9 0 4 4 1 2 7 10 16 5 13 0 1 4 0 6 3 0 6 0 2 29 6 9 1 1 5 3 6 2 13 0 0 0 13 9 7 4 3 0 0 2 0 0 6 
20 39 21 5 13 17 37 29 32 40 29 61 95 68 47 231 377 197 124 69 45 36 17 118 41 6 3 41 81 263 730 876 2799 602 1243 1295 4065 1385 2784 1097 668 48 510 488 468 629 458 196 205 1860 71 49 115 54 32 24 29 71 0 60 44 80 18 137 174 360 60 71 38 53 44 85 37 4 37 18 13 31 268 26 21 31 17 67 23 115 61 463 89 0 0 422 55 66 76 64 8 34 83 8 11 266 
6 18 12 5 3 8 21 14 14 8 5 19 25 19 17 73 209 67 66 24 18 12 11 45 29 1 1 17 27 729 64 703 1116 225 463 451 1478 533 871 353 213 26 175 105 183 176 125 64 64 433 23 24 43 28 2 9 10 27 0 18 6 18 20 36 93 158 29 33 22 38 13 20 16 3 11 1 7 8 87 7 16 8 10 24 7 21 9 127 35 0 0 137 19 33 18 25 6 9 20 5 1 85 
29 41 32 4 7 24 18 26 21 20 10 32 52 19 40 145 318 123 120 26 17 19 14 35 31 4 3 63 72 1113 574 110 1025 322 772 633 2746 1083 2316 725 548 80 411 471 412 619 336 142 146 1290 57 38 88 50 19 25 39 63 0 44 58 45 15 64 111 235 39 25 24 37 17 24 45 24 42 22 10 16 207 21 10 19 18 29 18 115 48 307 82 0 0 353 59 69 39 37 7 20 42 10 7 146 
90 102 79 13 20 59 80 67 49 68 19 72 81 101 54 181 289 203 125 53 95 40 50 349 175 11 7 201 102 2077 712 858 193 310 753 855 2944 1024 2182 1146 923 127 832 583 755 953 768 380 494 4237 185 126 328 157 94 59 99 138 0 103 43 78 26 80 115 234 72 82 42 95 115 138 73 89 118 74 19 61 394 46 40 54 35 52 33 100 83 754 125 0 0 373 79 108 107 82 17 53 64 14 9 465 
20 40 15 8 10 19 20 15 8 12 4 8 25 17 27 83 148 67 51 12 14 8 14 51 20 3 5 51 46 524 244 294 382 51 257 145 961 368 1032 419 274 38 258 267 261 352 198 83 90 698 82 43 111 69 51 27 30 75 0 39 24 102 25 26 73 182 38 64 35 67 57 113 97 94 30 17 11 15 178 20 16 11 4 14 13 38 20 130 38 0 0 219 52 41 38 36 6 14 19 2 3 91 
33 56 34 9 11 27 26 22 12 22 11 25 26 20 33 101 225 128 119 47 44 38 42 105 48 4 11 101 87 1116 455 666 975 249 95 261 1446 648 1282 757 401 61 444 459 404 489 305 122 164 1070 61 36 100 38 27 20 41 82 0 26 17 112 20 70 69 151 30 38 39 70 67 120 91 53 23 19 12 21 163 15 9 5 5 31 11 81 36 152 94 0 0 375 68 64 63 90 7 34 35 11 7 146 
36 27 21 5 5 17 14 16 11 12 3 12 5 15 17 93 114 96 77 30 55 24 32 121 53 1 2 74 32 1214 536 645 1122 162 399 83 1602 544 929 567 352 61 261 260 298 380 258 117 121 937 39 22 50 31 16 10 20 14 0 7 1 40 16 61 67 96 18 25 20 31 63 53 55 35 13 5 0 5 66 4 3 2 4 9 5 57 20 175 56 0 0 263 35 48 45 56 1 38 42 10 4 163 
31 63 48 5 15 35 34 15 21 38 13 25 37 10 17 210 249 186 170 43 77 70 50 198 67 9 7 303 48 2640 1152 1676 2193 716 1154 1757 196 881 2636 2173 1067 298 1027 1040 1066 1303 921 398 402 2946 107 103 179 80 26 21 53 75 0 16 14 114 61 170 131 182 71 111 67 83 157 133 105 85 67 40 11 22 159 23 20 24 9 31 18 128 83 452 240 0 0 662 169 183 137 171 29 151 125 41 19 348 
63 89 73 16 18 76 71 50 70 77 29 65 78 90 26 38 168 117 110 47 46 43 57 169 66 14 13 184 162 1218 405 902 1056 322 533 422 1281 117 1419 1478 927 159 700 859 839 934 713 237 289 2286 49 29 84 38 12 10 16 33 0 12 5 70 24 93 67 41 19 18 16 25 40 43 71 57 17 20 0 2 117 9 21 1 7 24 16 143 82 393 145 0 0 679 137 122 76 95 13 59 75 15 12 258 
98 174 97 16 29 86 99 105 126 126 71 110 143 97 60 84 218 175 140 70 183 98 108 288 119 22 14 248 138 1095 421 966 1564 531 739 477 2346 792 171 1954 962 175 771 942 731 1139 659 353 274 2414 57 54 114 54 22 20 44 50 0 16 31 93 30 157 153 165 32 46 31 38 84 69 63 65 46 28 3 27 205 27 20 15 24 66 28 145 112 496 180 0 0 813 104 135 117 106 25 68 98 18 13 327 
107 166 146 27 44 107 123 107 119 122 63 147 189 139 103 190 325 232 139 75 86 35 34 191 99 6 17 239 338 1000 348 673 1472 522 882 551 3737 1537 4230 183 477 174 575 1160 796 1461 882 269 380 2449 56 34 100 37 18 10 47 52 0 16 20 119 25 97 94 95 25 25 16 24 48 60 56 61 51 45 4 32 149 30 24 59 30 131 78 63 44 166 147 0 0 505 81 59 53 87 11 24 28 15 11 261 
104 141 100 19 17 44 69 67 76 86 32 73 102 95 39 137 235 169 113 52 94 38 41 241 99 6 7 251 206 702 211 501 1193 295 475 336 1808 993 2279 641 86 183 585 874 483 999 592 258 226 2090 35 25 66 30 17 9 14 42 0 9 14 51 18 55 62 112 14 20 13 29 34 46 50 74 49 17 7 29 103 56 58 37 52 92 49 165 102 161 146 0 0 409 123 106 84 106 19 53 55 17 27 210 
8 14 5 0 2 17 9 16 11 11 5 12 12 16 11 15 34 17 21 13 13 11 9 20 14 0 0 16 29 69 25 52 148 42 87 47 471 125 293 188 167 23 197 295 206 230 137 52 64 306 8 2 11 5 3 1 3 4 0 1 0 3 2 21 8 10 5 3 4 3 9 12 7 2 7 4 3 8 25 16 16 15 16 42 14 52 39 89 52 0 0 80 37 32 22 22 5 14 6 5 5 61 
39 61 69 6 11 63 76 53 56 47 26 54 55 68 56 71 195 117 63 46 39 35 26 70 46 5 2 92 98 354 125 327 924 242 454 212 1145 698 1154 591 551 231 173 692 544 800 649 282 301 1523 55 58 98 42 13 10 31 43 0 17 20 50 6 54 66 67 24 12 13 15 24 33 48 33 79 53 23 68 229 118 139 130 139 428 167 484 281 778 416 0 0 756 234 281 245 335 41 243 212 46 44 753 
71 106 86 8 21 68 66 66 58 67 26 51 62 66 58 90 197 170 101 37 49 32 35 161 76 1 6 185 139 494 192 357 870 280 499 230 1378 881 1637 965 624 237 673 208 1062 1895 993 512 573 2796 104 69 174 70 21 28 41 85 0 38 20 81 12 59 54 90 25 32 18 21 42 35 56 46 154 100 16 92 443 161 200 167 152 697 292 862 517 861 535 0 0 1635 378 453 393 730 106 423 318 60 49 911 
90 98 67 17 37 50 51 77 75 61 38 60 65 66 59 83 174 189 102 46 67 47 33 231 110 3 14 183 138 448 161 329 1073 245 422 296 1473 799 1350 826 532 199 664 1314 117 1532 1032 677 718 2855 68 39 83 32 24 9 28 40 0 11 16 38 7 71 56 117 20 38 20 24 38 29 55 54 51 51 15 43 197 68 75 56 50 215 97 266 162 542 215 0 0 573 143 191 155 199 36 157 160 39 20 543 
101 103 76 12 24 64 52 64 75 81 51 84 83 101 52 79 251 178 130 41 49 41 43 232 108 1 4 200 217 497 152 368 1277 234 390 443 1497 801 1566 1077 727 186 674 1764 1127 219 1439 1152 963 4208 96 65 141 67 23 17 44 35 0 13 20 35 7 59 62 127 23 29 27 19 35 36 61 67 127 66 11 70 286 104 79 129 117 338 116 436 240 946 247 0 0 975 198 324 216 214 56 277 295 49 44 854 
75 109 71 8 33 64 64 77 100 69 49 71 96 71 55 83 208 146 140 47 47 43 34 196 79 2 3 176 220 467 138 363 1364 203 378 297 1333 860 1436 870 706 167 611 1173 1050 1998 167 752 596 2790 88 34 117 37 21 16 27 42 0 13 10 38 6 53 73 101 32 27 19 13 45 35 48 42 85 60 20 44 231 87 80 94 71 302 138 339 168 952 153 0 0 744 148 217 176 159 38 184 188 28 21 754 
43 32 36 5 12 25 20 29 27 40 20 40 50 34 20 31 69 55 43 23 19 10 16 130 35 3 3 95 53 189 48 151 753 107 164 136 639 293 746 398 361 87 295 761 660 2040 1096 81 383 2620 24 19 56 26 9 10 15 15 0 10 7 13 7 28 26 37 11 18 2 7 17 19 34 29 52 34 1 14 94 30 32 49 24 139 50 147 88 620 73 0 0 418 79 110 121 76 18 67 88 11 15 429 
57 70 31 6 19 38 23 25 43 54 28 41 60 56 22 42 91 97 68 18 30 15 15 101 35 4 4 110 108 244 52 200 1036 135 191 170 722 362 800 489 371 99 525 981 760 1755 1235 592 114 3594 42 19 71 20 8 16 21 26 0 15 9 28 7 44 27 69 5 20 7 6 15 25 20 21 46 29 6 21 150 69 42 67 54 176 57 178 95 932 109 0 0 771 141 132 167 116 25 96 114 21 12 570 
371 446 311 46 134 236 181 187 224 376 133 244 285 318 126 223 453 395 362 157 156 105 110 1064 377 16 22 819 567 1613 371 927 7081 591 961 988 3605 2064 4628 2040 1939 338 1357 3002 2231 4420 2269 1809 1335 370 306 157 494 129 49 67 103 132 0 45 56 159 23 184 170 298 91 91 67 54 138 126 164 256 329 219 33 124 811 218 215 345 300 931 218 694 344 4610 316 0 0 2278 264 438 528 327 64 381 574 58 51 2546 
50 86 71 11 22 49 45 36 30 62 23 45 68 181 87 191 125 56 73 17 11 11 15 180 59 0 5 111 59 92 28 72 457 97 77 61 158 43 265 71 54 8 82 116 101 180 84 43 41 516 53 74 441 135 97 50 133 202 0 271 106 29 21 126 146 230 47 92 19 104 56 68 104 163 76 62 13 44 1198 86 70 38 58 278 56 166 52 401 60 0 0 141 21 56 50 17 5 50 75 15 3 207 
12 38 22 4 6 23 27 26 15 27 13 53 36 99 48 93 44 34 47 5 4 4 4 71 13 0 2 64 62 47 18 27 268 60 39 29 106 20 108 40 34 7 52 86 38 100 48 18 21 253 55 28 297 164 63 38 96 131 0 147 57 17 21 68 85 146 29 58 15 47 25 39 56 58 23 27 5 29 625 44 39 10 37 120 37 79 41 222 32 0 0 99 18 21 30 9 8 19 16 5 4 101 
42 87 65 16 23 60 52 37 24 44 15 50 64 162 107 173 112 91 58 26 8 18 12 189 61 1 7 121 120 93 53 77 553 76 92 51 178 39 419 93 85 8 93 165 102 187 119 53 59 586 235 126 58 145 97 52 103 244 0 266 85 37 38 188 156 278 62 123 46 129 56 98 99 144 56 46 10 58 990 76 61 30 49 262 54 137 83 502 105 0 0 175 24 52 68 37 5 45 61 9 2 228 
25 51 43 6 8 45 38 39 28 48 17 27 58 143 57 94 62 43 33 4 7 9 8 32 21 1 2 32 69 57 12 40 190 64 52 42 134 19 123 49 27 3 49 69 37 76 59 21 19 159 143 150 292 40 56 37 90 215 0 216 61 21 37 109 110 155 45 74 35 34 37 57 40 68 26 27 10 46 754 50 41 15 45 190 46 80 43 112 29 0 0 94 9 32 37 24 3 20 12 1 1 77 
19 27 24 3 12 13 14 24 15 25 4 33 20 40 30 45 25 18 19 9 3 12 5 34 5 1 2 30 25 25 11 30 105 25 29 4 40 9 42 14 7 3 38 29 14 33 20 6 11 65 86 57 141 68 18 12 42 114 0 95 36 10 13 49 47 60 21 31 10 27 14 16 31 76 26 26 2 19 387 29 25 5 27 65 24 29 12 75 5 0 0 53 4 14 19 6 4 6 14 3 3 43 
13 10 11 2 7 11 6 17 8 8 13 5 21 38 21 25 21 12 9 7 4 2 3 18 3 4 0 15 25 26 4 9 64 12 27 2 17 4 37 11 18 0 10 27 8 18 9 4 12 52 48 22 46 34 17 12 44 87 0 79 20 19 13 48 32 34 10 30 9 19 17 9 21 37 11 13 7 20 253 31 20 5 8 66 25 27 5 51 14 0 0 16 4 13 12 11 0 6 6 0 2 26 
21 31 21 1 8 17 24 19 24 22 12 22 42 105 32 82 66 33 21 8 4 9 7 36 12 5 0 23 60 31 17 48 169 44 54 23 77 20 96 33 28 2 33 58 29 59 26 18 11 140 176 104 195 119 73 110 36 142 0 116 62 38 19 103 92 141 48 90 14 51 45 49 50 45 41 59 16 25 470 74 23 19 29 153 61 65 20 117 33 0 0 72 11 41 17 13 3 22 22 6 3 55 
28 41 42 5 8 37 43 45 42 45 24 38 73 216 52 104 81 71 25 7 17 11 7 53 20 2 1 47 68 72 37 62 260 83 80 21 95 17 154 54 47 4 49 80 36 71 44 13 27 172 164 89 240 123 94 82 63 39 0 171 80 68 36 131 98 170 40 74 21 64 56 40 58 70 75 85 22 77 895 150 43 19 59 300 76 99 35 153 47 0 0 151 26 33 61 20 10 12 18 4 5 78 
0 0 0 0 0 0 0 0 0 1 0 0 0 0 0 1 1 0 0 0 0 0 0 0 0 0 0 0 0 0 0 1 1 0 0 0 0 0 0 0 0 0 0 0 0 0 0 0 0 0 0 0 0 0 0 0 0 0 0 0 0 0 0 0 1 0 0 0 0 0 0 0 0 0 0 0 0 0 0 0 0 0 0 0 0 0 0 0 0 0 0 0 0 0 0 0 0 0 0 0 0 0 
87 94 76 13 21 56 65 51 35 31 32 87 137 226 101 202 175 87 70 41 43 42 23 192 66 7 11 153 216 80 34 49 107 42 35 8 24 22 127 66 33 7 62 63 37 45 35 31 10 194 214 116 283 162 84 41 78 196 0 47 20 62 25 85 124 225 75 97 43 74 90 91 130 145 74 43 29 57 354 22 36 22 38 75 56 70 32 134 34 0 0 69 19 10 11 14 4 11 15 3 2 70 
17 18 21 4 2 6 4 7 6 4 3 5 25 33 5 18 22 8 13 0 7 0 6 21 2 2 0 15 25 41 8 21 59 26 15 5 20 14 52 30 15 5 17 22 14 24 13 8 5 50 73 39 77 64 31 29 54 88 0 41 21 59 26 45 64 123 45 63 27 65 54 61 85 66 25 19 3 20 129 15 11 7 10 32 15 28 13 50 10 0 0 32 17 6 7 5 1 0 3 0 1 16 
35 40 31 9 14 34 23 24 21 37 17 44 44 55 26 36 55 31 20 4 11 2 7 22 13 2 4 17 25 86 28 60 94 124 163 59 233 97 224 132 79 15 60 96 68 83 62 50 29 248 37 26 64 42 18 20 42 62 0 94 51 31 15 187 187 237 59 126 17 105 42 84 55 44 21 12 4 41 235 34 33 19 17 61 12 33 33 87 21 0 0 141 21 15 12 15 3 10 7 3 0 26 
5 8 5 0 3 10 10 6 5 5 1 9 12 5 2 14 6 4 1 1 0 0 0 6 4 0 1 2 18 22 9 5 31 21 27 11 98 33 53 22 23 3 11 9 13 7 14 6 5 23 18 11 30 32 12 7 17 38 0 39 19 10 9 20 66 68 19 25 20 27 26 27 21 26 10 10 1 6 74 6 9 2 2 4 8 6 2 17 7 0 0 12 5 2 5 3 1 1 1 3 0 7 
20 28 30 4 4 43 50 21 24 14 5 7 10 5 4 10 13 13 11 3 10 1 0 21 11 1 1 17 31 75 29 57 62 13 92 45 230 59 211 89 62 5 40 65 63 81 30 21 23 193 88 69 130 76 41 31 65 91 0 73 28 142 16 17 61 172 61 63 42 81 89 121 91 79 39 23 6 16 221 29 20 12 9 26 7 14 16 32 8 0 0 73 9 7 8 9 1 5 6 1 2 24 
49 51 36 8 16 25 30 43 30 27 5 32 13 6 3 19 20 10 3 3 3 3 3 13 10 0 1 7 86 218 100 119 195 77 98 69 305 126 310 121 125 18 75 104 83 124 65 49 45 280 177 109 179 104 60 34 89 100 0 157 75 119 113 78 60 260 135 174 79 254 217 300 267 201 53 46 16 32 335 52 48 24 39 61 30 66 23 76 30 0 0 101 11 13 9 10 0 3 10 0 1 47 
108 137 100 6 23 73 102 102 53 39 28 33 47 14 3 29 12 9 4 3 5 0 8 15 8 0 0 20 124 438 280 275 324 215 156 103 415 71 335 156 100 18 125 152 157 177 117 61 47 397 236 156 366 229 100 50 142 191 0 324 182 185 154 231 321 187 137 327 281 464 467 599 489 452 136 69 20 76 593 109 84 31 52 78 49 70 40 131 47 0 0 89 18 28 10 10 1 5 18 2 1 37 
28 26 33 4 11 16 28 16 20 18 5 21 8 6 4 2 2 1 2 0 2 0 1 0 7 1 0 7 47 92 34 69 91 59 44 26 145 41 119 23 26 6 27 38 33 44 28 22 18 133 49 32 92 69 13 17 42 55 0 107 65 50 35 79 144 127 32 61 92 197 163 165 181 97 16 10 8 15 160 24 17 8 14 23 4 28 21 47 7 0 0 13 7 1 2 1 0 1 5 5 0 8 
23 51 23 10 11 20 43 21 14 12 10 19 8 4 7 8 2 1 0 0 0 0 0 0 2 0 0 0 63 89 60 35 109 93 98 41 202 23 135 85 30 9 29 44 49 63 43 18 22 164 78 54 163 69 19 20 55 79 0 113 66 108 42 108 168 271 56 33 88 198 220 267 208 278 34 20 2 37 225 36 34 16 17 34 5 25 8 38 14 0 0 33 1 4 2 2 0 4 3 1 2 16 
7 17 10 5 2 14 4 15 4 10 4 5 4 2 2 1 6 1 0 0 2 0 0 0 1 0 0 2 22 49 34 24 63 42 30 21 102 32 111 21 18 2 14 18 21 25 14 8 3 62 15 24 43 21 13 8 22 32 0 36 26 14 20 43 95 228 58 73 9 65 191 165 78 90 4 13 3 20 73 7 22 4 10 26 5 15 5 26 2 0 0 10 0 5 2 1 0 1 1 0 1 1 
11 30 23 0 9 18 19 17 14 22 6 14 18 12 5 20 12 10 2 0 0 0 0 0 1 0 1 1 44 109 48 40 119 91 108 57 152 56 177 35 33 3 17 28 22 46 30 5 22 110 87 42 169 81 41 34 49 64 0 86 83 109 51 113 263 555 175 211 104 50 289 328 332 383 33 20 3 28 209 22 26 10 13 57 16 9 9 32 5 0 0 19 1 2 0 2 0 1 0 0 1 6 
20 34 19 2 6 19 16 18 22 21 7 12 21 17 9 10 20 3 5 0 0 0 0 0 0 0 0 0 66 59 29 20 174 63 75 59 327 84 252 41 41 11 29 58 34 68 40 21 16 187 60 28 89 57 9 25 33 46 0 124 71 50 41 114 180 361 118 229 150 144 47 484 169 168 23 17 3 16 244 14 31 14 18 44 10 37 14 51 5 0 0 55 6 2 4 2 2 0 1 0 1 17 
13 15 20 4 10 23 19 25 20 23 8 15 6 10 4 8 14 1 4 0 0 4 0 2 0 0 0 3 91 58 25 11 173 115 124 66 221 74 226 60 41 5 30 37 48 69 34 9 23 182 53 34 90 37 38 29 50 80 0 102 61 55 53 138 270 457 125 234 114 200 207 39 248 240 24 23 4 19 212 17 23 17 26 45 13 22 15 52 13 0 0 40 3 4 0 2 0 3 1 0 1 20 
19 34 18 1 13 36 44 32 24 29 15 32 43 12 15 35 34 10 2 0 1 1 0 6 1 1 0 2 36 72 31 67 133 134 155 92 222 144 226 92 67 8 59 107 74 104 48 26 37 226 120 67 152 75 42 36 52 81 0 148 78 82 50 169 334 585 204 271 83 358 231 408 49 206 40 50 5 37 321 38 45 25 52 98 22 31 25 76 26 0 0 54 6 8 9 8 4 7 1 2 4 23 
37 29 26 8 20 10 9 21 17 27 17 21 15 24 7 10 10 2 4 1 0 0 0 5 2 0 0 3 33 23 13 20 71 98 40 39 121 88 161 44 41 5 23 37 47 22 31 8 18 148 152 45 137 43 30 31 39 56 0 180 63 41 15 120 188 396 59 200 84 317 158 278 129 32 49 31 11 27 278 18 32 31 35 51 15 30 17 70 9 0 0 30 9 9 9 4 3 5 2 0 0 27 
7 19 11 2 8 21 9 11 29 29 13 22 54 112 43 63 55 21 8 13 4 11 6 33 28 0 0 46 23 40 11 45 163 30 41 18 78 29 179 30 57 6 91 138 76 132 106 31 42 362 63 30 51 36 27 20 60 118 0 91 28 8 10 67 42 94 8 31 12 21 21 27 28 57 36 61 31 126 1473 230 133 85 110 592 90 202 90 458 86 0 0 219 26 91 43 32 14 35 77 13 7 181 
17 16 30 5 14 17 17 14 7 51 9 17 25 89 34 59 56 23 14 6 4 4 10 36 14 1 1 36 15 38 9 35 104 22 19 9 50 20 83 48 48 6 91 118 75 112 98 38 41 329 61 29 88 39 59 25 55 153 0 70 29 9 8 60 49 91 25 26 14 20 17 28 31 57 56 30 37 138 1372 270 148 97 145 598 119 177 81 381 66 0 0 147 26 84 52 44 19 61 49 15 12 158 
7 6 11 2 2 8 13 9 18 9 8 10 13 28 7 15 12 11 14 4 0 0 4 15 7 0 0 8 12 11 11 31 25 10 23 3 20 4 20 10 12 1 13 31 33 26 36 11 9 58 14 5 36 31 4 14 22 59 0 42 17 3 7 16 68 44 6 8 7 14 6 16 3 21 32 48 10 89 538 104 44 56 47 216 55 66 16 102 10 0 0 39 7 27 12 8 3 21 10 4 4 18 
15 19 28 0 7 16 38 17 22 13 11 7 21 57 18 48 31 18 12 7 3 0 3 19 18 1 0 26 37 33 11 26 78 26 38 11 19 10 57 39 47 3 77 112 44 86 98 26 17 216 50 30 109 21 33 35 59 161 0 52 20 8 20 44 52 56 12 12 5 23 18 30 20 24 115 152 67 41 745 184 95 56 102 443 84 137 55 264 57 0 0 108 17 50 42 30 6 26 39 4 6 83 
78 106 79 15 34 72 39 51 56 86 28 44 95 289 115 274 170 74 62 30 21 15 14 186 62 7 5 127 160 188 75 107 410 144 107 37 153 52 278 126 122 19 196 415 156 252 156 64 87 683 545 342 670 441 296 223 336 766 0 236 95 84 75 213 207 383 96 128 63 142 128 160 190 279 784 782 363 437 168 511 508 159 262 1384 328 295 152 789 169 0 0 423 51 177 131 73 24 105 122 21 11 267 
17 20 41 3 10 9 13 14 13 18 4 14 13 55 12 45 22 22 12 7 4 6 2 20 5 0 1 23 38 44 10 26 92 30 42 8 36 14 50 42 57 19 144 260 58 174 104 16 33 322 84 56 163 64 45 24 85 156 0 28 18 46 17 58 43 107 33 31 9 24 46 22 32 36 224 259 79 279 1109 47 204 125 141 993 311 237 68 380 111 0 0 254 60 94 76 60 16 45 76 11 9 171 
13 23 11 2 3 10 6 7 7 11 5 5 6 16 4 20 29 10 11 8 3 4 2 16 8 0 0 28 47 40 8 32 73 18 16 6 22 8 39 58 42 9 125 237 63 149 79 27 45 303 85 48 116 52 33 18 40 101 0 45 7 34 11 36 33 64 21 18 13 27 20 37 38 46 151 176 44 135 883 255 57 73 142 766 260 236 97 325 87 0 0 329 58 77 62 62 16 66 76 7 15 160 
12 22 19 3 3 6 13 4 8 13 2 3 4 2 7 5 3 2 0 2 4 6 3 25 13 0 0 17 31 27 11 21 105 14 6 4 25 14 62 46 58 8 134 186 84 178 96 40 50 396 47 21 27 21 8 7 8 24 0 23 17 9 9 13 16 39 12 12 6 14 7 19 15 17 106 89 33 72 280 114 84 23 65 439 112 175 119 448 77 0 0 208 58 92 61 56 4 62 75 18 13 239 
9 13 23 0 1 8 11 4 6 8 4 4 1 0 2 5 3 6 5 2 1 3 0 6 2 0 0 11 22 19 10 15 36 15 6 2 12 6 33 47 49 30 158 186 73 151 66 35 41 319 40 37 60 43 22 23 25 49 0 39 13 15 12 31 39 42 10 10 12 21 16 33 17 43 115 110 32 105 518 181 135 38 41 943 266 218 68 337 75 0 0 337 76 93 95 57 12 73 64 15 6 167 
29 42 41 0 16 21 29 25 19 30 5 6 7 7 1 12 7 11 8 6 5 2 6 29 10 0 0 27 59 70 24 23 101 23 25 4 39 33 135 130 125 25 410 715 194 421 254 134 135 903 196 124 245 165 54 71 137 294 0 81 37 61 9 16 37 64 16 17 15 30 39 52 38 62 462 450 126 507 1803 1028 761 261 1113 140 950 651 271 1102 317 0 0 785 184 240 232 176 50 220 248 34 19 473 
23 14 29 3 3 11 23 12 4 18 0 3 1 2 3 0 0 1 3 1 3 3 1 8 6 0 0 7 52 37 6 12 35 10 5 6 20 19 77 72 49 24 222 404 118 245 147 32 52 312 53 51 82 72 34 19 49 99 0 28 10 10 5 10 21 41 6 6 2 8 11 22 21 28 86 95 35 121 634 292 315 121 272 1244 53 467 136 521 151 0 0 576 105 146 106 73 11 81 93 21 22 233 
37 53 41 7 6 38 24 28 21 33 8 14 12 8 15 16 38 46 29 13 17 12 9 53 16 0 5 56 71 132 44 94 230 61 107 37 264 161 356 75 142 66 644 1125 276 705 381 183 151 859 91 62 146 62 32 15 90 89 0 66 13 33 17 33 44 45 10 26 10 11 32 38 23 54 251 169 31 150 459 204 234 203 222 773 401 78 279 616 477 0 0 907 258 368 249 224 69 276 202 57 43 547 
31 32 24 6 11 27 15 27 17 12 5 6 9 5 4 14 37 33 25 9 19 3 6 36 10 3 0 67 47 82 38 55 199 31 53 33 210 120 444 161 104 51 314 679 148 399 129 139 49 494 61 35 116 32 15 18 26 57 0 43 24 18 5 32 22 52 7 5 8 5 28 23 15 35 92 81 12 79 341 116 111 96 116 447 186 313 58 337 214 0 0 715 147 196 167 184 23 99 86 11 21 348 
198 234 148 22 43 60 73 76 62 97 33 41 44 89 52 92 189 121 92 50 71 24 36 356 143 10 4 397 222 644 180 344 2674 204 274 242 1079 594 1846 330 355 120 1110 1895 737 1972 1288 696 703 5988 255 113 443 121 60 49 120 188 0 115 51 83 11 73 91 130 26 53 41 44 63 88 98 178 425 297 92 285 1073 348 369 457 388 1358 507 969 509 285 374 0 0 2595 326 659 712 697 147 409 561 83 102 3501 
23 42 28 3 7 29 27 15 23 26 8 13 16 16 10 25 55 37 28 6 13 6 8 54 30 0 1 53 68 145 36 83 319 62 144 93 499 233 491 211 167 86 480 766 187 375 175 99 90 655 65 46 96 40 23 16 29 23 0 29 9 34 3 20 21 41 8 4 13 9 18 20 20 26 102 68 11 60 270 81 104 72 88 313 139 412 217 362 65 0 0 771 117 204 166 152 24 110 154 14 22 516 
0 0 0 0 0 0 0 0 0 0 0 0 0 0 0 0 0 0 0 0 0 0 0 0 0 0 0 0 0 0 0 0 0 0 0 0 0 0 0 0 0 0 0 0 0 1 0 0 0 0 0 0 0 0 0 0 0 0 0 0 0 0 0 0 0 0 0 0 0 0 0 0 0 0 0 0 0 0 0 0 0 0 0 0 0 1 1 0 0 0 0 0 0 0 0 0 0 0 0 0 0 1 
0 0 0 0 0 0 0 0 0 0 0 0 0 0 0 0 0 0 0 0 0 0 0 0 0 0 0 0 0 0 0 0 0 0 0 0 0 0 0 0 0 0 0 0 0 0 0 0 0 0 0 0 0 0 0 0 0 0 0 0 0 0 0 0 0 0 0 0 0 0 0 0 0 0 0 1 0 0 0 0 0 0 0 1 0 0 0 0 0 0 0 1 0 0 0 0 0 1 0 0 0 1 
53 54 55 6 13 39 28 40 40 23 26 39 48 64 24 44 82 52 31 9 7 10 10 32 21 0 2 78 56 149 63 149 340 155 296 141 697 403 823 295 267 41 430 1147 358 637 377 282 271 1268 63 47 99 48 18 13 61 66 0 32 19 84 4 52 34 49 5 4 2 6 14 12 18 18 84 50 18 58 279 93 139 119 138 440 202 463 296 748 375 0 0 114 289 339 174 427 49 244 230 39 37 587 
9 15 14 1 3 10 13 11 15 14 7 9 25 17 18 9 22 20 6 6 0 1 0 8 3 4 1 17 30 65 21 47 104 44 79 49 250 116 249 113 140 39 403 487 192 259 161 91 76 433 17 16 34 15 3 10 18 18 0 17 23 9 4 8 9 9 3 5 0 4 11 3 7 5 26 32 4 43 126 71 66 49 76 238 89 241 140 307 150 0 0 633 42 83 80 128 21 117 111 20 15 215 
20 14 19 3 6 6 11 2 16 12 7 11 14 18 6 9 17 10 1 1 0 0 1 4 2 2 2 20 22 72 25 48 163 37 128 61 278 130 341 94 113 29 259 522 218 338 221 97 89 523 43 25 63 29 5 19 32 32 0 12 9 11 4 7 9 7 0 0 0 1 2 7 2 6 66 62 9 29 201 103 77 84 83 324 113 296 161 480 166 0 0 645 103 55 61 187 18 63 90 11 23 420 
10 17 15 2 2 9 4 2 6 7 4 9 12 17 5 7 15 2 3 0 1 0 0 10 2 0 0 14 10 67 20 40 120 23 41 37 145 78 182 88 68 25 232 300 155 254 146 80 72 501 32 12 42 10 6 11 21 34 0 12 4 13 5 11 8 6 2 1 0 0 2 3 4 10 28 29 3 26 151 49 61 64 58 193 73 202 120 331 115 0 0 311 119 63 36 69 14 38 48 7 17 339 
12 20 18 1 8 4 11 13 12 6 3 11 20 15 8 18 11 11 5 3 2 0 2 15 7 0 2 20 52 81 19 59 164 42 85 57 314 93 349 105 107 28 397 799 227 379 185 75 80 648 28 11 48 25 4 6 13 26 0 9 7 8 3 8 4 7 1 2 1 1 2 2 4 11 34 27 4 23 138 55 34 57 51 231 83 230 154 588 174 0 0 1115 169 143 138 51 30 111 59 18 19 535 
2 1 0 0 0 1 3 0 2 1 0 13 0 4 0 9 4 0 1 0 0 0 0 2 1 0 0 0 3 8 3 5 30 6 11 6 51 15 47 9 11 5 30 123 37 84 37 17 5 106 4 2 9 7 2 0 3 0 0 0 2 0 0 1 3 0 0 0 0 0 2 1 3 3 5 5 1 6 24 10 9 7 18 58 11 59 31 84 30 0 0 98 9 18 28 22 6 12 8 5 3 55 
6 17 1 2 2 27 5 6 7 6 2 7 13 11 2 11 9 2 1 0 0 0 1 6 2 0 2 7 19 47 12 32 101 12 39 23 178 52 261 37 40 15 239 439 189 314 189 65 89 583 21 21 68 25 11 9 19 27 0 12 3 7 0 6 2 5 3 0 0 0 3 5 6 2 51 32 8 34 151 67 96 102 104 252 118 224 87 352 95 0 0 543 106 84 112 218 13 43 37 6 6 322 
12 14 7 4 4 5 11 10 5 8 2 6 4 6 0 7 8 1 1 0 7 1 1 6 0 0 0 7 23 63 11 29 55 15 27 22 154 78 262 43 69 18 177 334 226 395 220 68 105 576 40 16 49 23 13 5 20 25 0 6 3 6 0 4 7 4 0 0 1 0 0 2 5 3 39 44 12 28 132 58 47 76 72 205 92 145 66 346 75 0 0 529 63 62 69 58 7 35 33 14 10 171 
3 2 2 1 1 2 4 2 1 1 0 0 2 4 0 2 4 0 0 0 0 0 0 1 1 2 0 0 7 15 4 10 11 3 6 4 84 10 68 11 13 2 81 98 58 72 44 9 16 116 7 4 8 7 2 0 2 4 0 2 1 0 0 0 2 0 0 1 0 1 0 0 0 1 9 11 1 11 54 8 7 19 10 57 12 58 18 85 23 0 0 113 23 27 18 21 4 35 27 8 4 47 
4 1 3 0 0 2 1 0 0 0 0 0 1 3 0 2 1 0 1 1 0 0 2 1 0 0 0 3 1 18 2 3 16 5 17 14 35 20 46 8 5 1 64 92 28 67 41 23 19 88 6 2 6 1 4 1 0 4 0 0 1 1 2 0 1 2 0 1 0 0 0 0 1 1 13 15 0 8 19 7 11 8 9 30 11 42 12 81 26 0 0 131 24 42 23 51 6 20 20 16 9 15 
39 50 40 11 13 39 34 19 13 19 11 10 28 33 18 14 35 29 13 8 4 4 9 23 11 1 2 46 33 149 48 73 379 49 86 93 305 193 548 133 191 33 594 601 356 647 423 216 199 1382 72 30 114 40 23 12 26 42 0 25 8 9 0 15 12 15 3 9 0 5 10 13 10 17 129 67 13 49 221 66 77 124 83 354 130 335 195 1419 249 0 0 923 122 278 293 280 51 213 181 45 9 93 
