15 75
8 9 48
0 13 42
1 3 16
2 7 20
6 9 17
2 8 28
1 8 12
8 13 26
2 10 11
6 14 39
7 8 35
3 4 24
10 12 23
3 5 36
0 3 43
3 7 49
3 12 20
1 6 14
1 7 16
3 13 29
4 6 38
2 3 25
2 4 36
4 10 49
3 9 39
3 10 11
4 12 48
6 10 26
4 13 39
2 12 24
2 13 13
4 14 46
5 8 18
5 9 24
5 10 38
5 11 24
8 14 49
4 7 39
0 11 43
0 12 41
5 14 30
6 7 29
6 8 36
0 9 15
0 10 30
6 11 13
1 10 39
6 12 29
3 14 20
4 5 25
6 13 33
7 9 10
1 12 38
7 12 28
7 13 20
0 5 43
0 6 12
3 8 48
9 13 45
1 13 13
3 11 20
0 7 22
7 14 39
9 10 18
1 14 33
10 13 46
0 4 18
3 6 43
10 14 13
0 8 39
11 12 28
12 14 16
1 11 40
9 14 33
4 9 16
