6 7 20 2 5 28 28 19 31 30 5 26 33 50 28 32 23 17 31 11 4 11 5 17 10 0 0 13 76 2 2 4 15 2 4 0 6 7 9 14 12 1 4 8 8 13 12 0 11 43 7 3 4 1 2 5 2 4 0 2 1 5 0 1 1 12 2 0 2 2 6 3 2 0 0 1 0 2 17 1 0 3 0 0 0 4 3 18 4 0 0 4 0 0 0 0 0 0 2 0 1 15 
4 9 15 4 10 29 24 15 31 21 7 35 16 81 45 49 34 16 31 6 6 9 3 21 8 1 1 23 90 7 1 5 12 0 7 0 6 7 22 17 12 2 6 15 4 11 9 1 6 65 4 4 6 5 0 0 0 6 0 3 0 0 1 4 6 5 6 3 1 2 2 0 3 2 1 3 0 0 17 5 0 2 2 5 1 2 1 8 0 0 0 10 2 1 2 5 0 0 0 0 0 10 
14 12 10 9 7 20 26 8 31 21 8 17 33 63 46 47 24 12 23 18 12 9 5 23 3 0 0 19 133 4 1 2 7 1 1 1 3 4 25 12 6 1 6 5 11 12 9 3 8 29 6 1 7 9 1 3 5 7 0 0 1 1 0 7 6 6 5 1 0 0 2 3 1 3 4 0 0 2 12 1 3 1 1 7 4 2 1 19 0 0 0 5 0 3 1 2 0 0 0 0 0 5 
2 12 8 1 3 7 15 5 4 2 1 3 4 5 9 15 5 2 2 1 4 2 0 3 1 0 0 2 21 1 0 0 2 0 0 0 0 1 2 1 2 0 2 2 0 1 1 0 0 7 0 0 2 2 0 0 1 1 0 0 0 0 0 0 0 1 0 0 2 0 0 0 1 0 0 0 0 0 2 0 0 0 0 0 0 0 0 3 1 0 0 1 0 1 1 0 0 1 0 0 0 0 
7 7 11 1 2 6 13 4 3 5 8 11 11 24 10 15 5 2 2 5 3 1 4 9 5 0 0 9 32 1 1 2 1 1 1 0 1 1 1 3 1 0 2 1 2 2 1 2 0 10 7 1 1 0 0 0 0 0 0 0 0 0 0 0 0 1 0 2 0 0 1 0 1 1 1 1 0 2 1 0 0 0 1 0 1 2 0 5 0 0 0 2 0 0 2 0 0 0 2 0 0 2 
16 27 35 10 4 9 7 16 13 6 22 24 37 57 25 49 41 9 15 6 9 4 8 17 7 0 1 21 78 2 1 6 8 2 2 1 3 6 27 14 6 0 2 6 4 9 8 3 2 25 6 1 12 8 2 2 1 3 0 3 1 2 1 0 7 7 1 2 1 0 1 0 0 0 1 0 0 2 12 0 0 3 0 3 0 7 4 5 2 0 0 6 1 1 0 1 0 0 1 0 1 5 
37 43 42 8 8 18 8 27 32 24 8 19 40 71 26 37 25 19 15 6 9 4 8 11 6 0 2 9 66 0 0 2 7 4 1 1 3 5 22 7 13 0 6 2 11 4 5 0 5 28 2 3 4 3 0 0 0 7 0 2 2 0 1 4 4 9 3 3 2 1 0 2 2 3 1 2 0 1 8 1 3 1 0 2 0 1 5 8 1 0 0 2 2 0 1 0 1 0 0 0 1 11 
16 20 19 8 5 13 19 7 14 15 14 28 63 41 27 59 39 16 11 17 12 10 3 17 6 0 1 12 49 2 2 5 3 0 1 0 3 3 35 9 12 0 4 6 8 9 8 1 7 23 2 4 2 4 1 0 3 1 0 3 1 1 2 9 4 4 2 1 2 0 2 3 4 2 0 1 0 1 20 0 0 0 0 5 2 1 1 0 1 0 0 8 3 0 1 0 0 1 0 0 0 4 
16 41 37 5 23 27 66 16 6 18 25 46 84 67 27 60 46 18 18 6 10 8 3 13 5 2 0 13 45 3 1 1 6 1 1 0 0 5 18 17 17 1 10 6 3 4 6 1 4 31 4 1 9 8 4 1 2 2 0 2 1 0 0 0 4 3 0 4 0 4 0 1 1 2 0 0 0 1 7 0 1 0 2 2 1 1 2 8 0 0 0 10 3 1 1 0 0 1 2 0 0 3 
13 23 35 3 7 12 10 9 17 3 8 27 29 27 18 39 19 11 12 4 2 4 3 21 7 0 0 16 36 0 1 3 2 1 0 1 0 1 10 5 5 0 7 2 6 4 3 2 2 12 4 4 9 6 0 0 1 6 0 2 2 1 1 4 1 7 2 1 0 0 0 7 0 2 5 3 2 2 12 2 0 0 1 2 0 1 0 1 1 0 0 1 0 1 1 1 0 0 1 0 0 2 
6 7 16 2 7 8 6 7 8 9 3 13 19 34 14 37 19 10 7 13 7 10 3 9 7 0 0 19 13 1 1 1 2 0 3 0 0 2 16 4 6 0 3 4 4 12 5 0 2 14 0 2 3 2 0 0 0 2 0 1 0 0 1 2 0 1 0 2 0 0 0 0 1 1 1 1 0 0 7 0 0 1 0 0 0 1 4 0 1 0 0 4 1 0 0 1 0 1 0 0 0 5 
31 29 39 10 2 19 30 12 19 13 6 4 25 62 24 45 51 26 25 9 8 12 9 35 19 0 2 16 58 5 2 2 9 3 0 0 9 7 34 20 9 1 5 2 7 8 7 6 4 28 3 3 9 1 1 0 1 5 0 4 0 1 1 2 0 0 2 3 1 1 1 3 4 2 1 1 0 1 12 0 1 0 0 0 0 0 0 5 0 0 0 6 2 0 1 3 0 0 1 0 0 5 
36 61 39 5 12 36 57 69 82 67 32 42 8 87 44 81 53 31 20 19 32 19 13 46 28 3 3 59 26 7 7 13 7 2 10 0 2 12 38 12 8 3 6 9 6 14 8 4 3 31 7 3 16 7 1 0 4 7 0 11 0 3 1 1 4 1 4 0 0 0 6 1 1 2 5 0 1 3 10 1 0 0 0 0 1 1 3 4 2 0 0 8 2 0 1 1 0 1 0 0 0 4 
52 69 71 5 20 29 46 42 53 51 21 47 40 13 29 57 75 59 70 27 47 42 22 82 36 2 2 112 73 10 3 2 3 1 2 3 0 4 29 21 14 3 3 4 2 10 4 2 4 41 17 4 16 8 4 1 9 18 0 4 1 4 0 0 2 0 0 1 0 0 0 2 1 2 4 5 0 1 23 0 0 0 0 0 0 1 1 6 0 0 0 11 3 0 0 3 0 2 0 2 0 7 
44 54 41 6 8 45 39 24 36 31 10 23 44 26 5 24 57 17 30 22 34 43 23 49 29 5 5 71 39 2 1 5 11 0 5 0 4 3 13 12 6 2 3 4 0 6 9 5 4 26 7 3 9 2 0 2 3 5 0 4 0 1 0 0 0 0 0 1 0 0 0 1 0 1 2 4 0 3 20 0 0 0 0 0 0 1 0 4 1 0 0 12 2 2 1 1 0 2 2 0 0 1 
19 51 37 4 14 37 37 57 42 43 21 43 59 52 11 16 65 63 43 42 53 44 33 97 31 9 8 90 62 24 7 12 26 8 13 12 39 8 34 21 16 4 9 19 13 15 19 2 6 48 9 6 25 6 1 0 6 5 0 5 0 2 1 3 0 3 0 0 0 1 2 4 1 2 6 1 0 4 23 2 1 0 0 2 1 1 0 9 1 0 0 15 0 3 0 1 0 1 1 0 0 6 
19 41 36 9 8 27 27 31 38 38 25 30 48 75 50 82 9 44 62 21 50 31 35 71 20 6 12 62 31 33 24 18 37 28 20 27 24 19 67 43 35 1 14 20 24 25 31 10 4 54 10 4 8 6 4 1 6 7 0 3 0 1 2 0 1 0 0 0 1 1 0 0 1 3 3 2 1 1 18 1 0 2 1 1 0 3 4 10 9 0 0 19 2 1 2 0 0 0 1 0 0 7 
12 15 11 3 0 10 17 20 14 30 10 34 32 88 40 95 47 11 57 28 39 14 25 45 16 7 3 37 34 18 7 8 19 11 23 12 9 13 43 15 22 5 12 21 10 17 14 4 2 56 8 2 4 5 1 1 3 2 0 2 2 4 0 2 3 1 0 0 0 0 0 1 2 1 3 1 0 1 21 2 6 0 1 0 1 5 3 16 3 0 0 8 1 1 0 0 0 0 2 0 0 1 
12 17 18 0 3 16 17 20 11 12 12 18 48 72 33 61 66 36 7 16 31 12 13 41 6 5 1 28 20 9 7 6 5 2 18 7 18 8 42 15 6 2 8 15 7 15 13 5 1 43 0 4 6 3 1 0 2 1 0 2 0 0 0 0 0 2 0 0 0 0 0 0 0 0 0 0 0 1 12 2 0 1 1 1 0 4 3 4 2 0 0 4 1 0 0 0 0 0 0 0 0 2 
10 12 10 0 8 9 9 12 7 16 15 13 17 38 18 74 39 18 14 5 11 4 13 42 16 7 7 44 20 1 3 6 7 5 5 8 13 12 44 13 8 4 3 2 3 6 3 4 3 12 1 2 4 3 0 1 2 2 0 1 0 1 0 3 0 0 0 0 0 0 0 0 0 0 4 1 0 1 6 1 0 0 0 0 0 1 1 5 1 0 0 2 1 0 0 0 0 0 2 0 0 1 
10 14 3 3 2 7 14 9 10 16 12 8 23 38 33 77 45 41 26 2 2 5 26 23 15 9 21 38 8 8 4 1 2 1 5 6 9 4 33 12 11 0 4 7 5 13 5 3 5 24 0 0 2 2 0 1 1 0 0 0 0 0 0 0 0 0 1 0 0 0 0 0 0 0 1 0 0 1 1 1 2 0 0 0 0 3 1 3 1 0 0 2 0 0 0 0 0 0 0 0 0 3 
11 5 9 2 1 8 6 5 15 19 5 13 14 49 20 67 35 19 33 6 11 7 14 18 5 7 9 46 31 5 1 1 7 1 2 3 6 1 37 1 3 1 4 3 9 8 6 2 3 16 2 0 1 3 0 0 3 0 0 0 0 1 0 1 0 0 0 0 0 0 1 0 0 0 0 0 0 1 3 0 0 0 0 1 0 1 0 1 0 0 0 2 1 0 0 0 0 0 0 0 0 0 
4 3 5 0 4 1 2 2 1 9 5 16 11 19 19 72 36 23 18 6 33 5 4 19 2 4 4 62 10 0 1 2 7 1 5 4 15 10 25 4 4 0 1 5 6 9 3 2 0 13 2 1 3 3 0 0 2 2 0 0 1 0 0 0 0 0 0 0 0 0 0 0 0 2 2 1 0 2 5 1 0 0 2 0 0 2 0 3 0 0 0 3 0 0 0 0 0 0 0 0 0 1 
16 14 15 1 8 10 18 8 17 34 11 20 36 50 49 109 57 34 65 10 32 15 13 13 8 31 38 86 16 3 1 4 22 4 6 7 26 14 45 17 9 0 6 11 11 21 9 0 8 49 8 2 8 1 1 2 1 2 0 3 1 0 0 0 1 0 0 0 0 0 0 0 0 0 0 5 0 2 17 2 0 1 5 0 1 1 2 10 1 0 0 4 0 1 0 0 1 0 3 1 0 3 
13 22 5 6 7 14 11 10 8 24 5 22 37 58 27 95 32 31 47 11 16 14 7 26 6 1 5 37 7 14 3 13 88 9 6 15 15 10 48 28 30 3 13 13 16 22 13 11 13 99 10 10 19 5 1 3 1 2 0 1 2 0 0 2 2 0 0 0 0 0 1 0 0 3 2 3 1 0 4 1 2 1 0 1 0 3 2 29 1 0 0 4 0 1 2 2 0 0 0 0 0 1 
2 2 2 0 0 0 0 3 2 3 1 1 2 7 2 5 6 5 8 5 8 7 10 21 3 0 4 14 1 0 0 0 2 0 0 0 1 2 5 0 0 0 1 0 0 0 0 0 0 2 0 0 0 0 0 1 0 2 0 0 0 0 0 0 0 0 0 0 0 0 0 0 0 0 0 0 0 0 0 0 0 0 0 0 0 0 0 0 0 0 0 0 0 0 0 0 0 0 0 0 0 0 
0 0 1 0 1 1 0 0 0 2 1 0 4 4 3 15 11 3 2 5 10 3 6 27 8 0 2 15 0 0 0 0 2 1 0 0 2 2 7 2 0 0 0 1 1 0 3 0 0 2 0 0 0 0 0 0 0 0 0 0 0 0 0 0 0 0 0 0 0 0 0 0 0 0 0 0 0 0 1 0 0 0 0 0 0 0 0 2 1 0 0 0 0 0 0 0 0 0 0 0 0 0 
8 23 13 2 8 13 7 11 11 24 11 27 35 76 55 125 59 49 64 35 93 123 95 96 71 14 39 10 12 5 1 8 24 4 10 8 27 29 55 18 27 3 11 20 17 32 12 8 6 86 6 4 3 5 1 1 3 2 0 1 0 0 1 1 1 0 0 0 0 0 0 0 0 0 3 3 0 2 17 3 0 0 0 3 0 10 2 24 4 0 0 16 0 2 0 0 0 1 0 0 0 6 
19 32 37 9 5 27 25 14 21 21 7 13 23 15 15 22 5 9 10 5 2 8 2 6 5 2 1 3 2 3 0 2 2 1 2 2 5 2 16 4 4 0 2 1 3 3 2 0 6 13 0 3 7 0 0 2 2 1 0 0 0 1 0 0 3 2 0 4 0 0 2 3 1 1 0 0 0 0 8 1 0 1 0 3 0 1 4 1 1 0 0 1 1 1 1 0 0 0 0 0 0 2 
4 1 1 1 0 1 6 3 4 4 4 11 11 8 10 20 39 25 20 6 5 2 0 7 4 0 1 4 7 20 81 78 207 55 127 114 267 111 235 104 44 16 44 44 42 47 24 25 15 165 9 5 14 10 4 1 4 4 0 11 3 4 3 9 24 21 12 5 1 7 4 7 4 0 3 2 0 2 16 2 5 3 0 7 4 9 7 35 8 0 0 45 11 4 5 2 0 3 7 3 0 22 
3 1 0 0 1 0 0 0 2 1 0 2 3 2 1 6 11 8 11 3 1 3 0 5 5 4 0 5 4 108 3 59 84 17 57 39 115 45 88 35 16 3 19 16 16 18 17 8 3 44 1 1 6 4 1 0 1 3 0 2 0 2 1 5 5 12 1 5 0 5 0 2 0 0 1 0 0 0 9 0 2 0 1 3 0 3 2 10 6 0 0 9 3 2 2 2 0 1 1 0 0 10 
0 4 1 2 1 0 2 13 3 3 0 4 11 3 7 15 35 15 5 2 1 4 5 9 3 0 1 3 7 164 102 9 100 24 66 77 240 106 217 65 47 9 35 50 27 54 33 24 13 126 6 2 12 3 2 1 9 1 0 2 0 8 7 7 15 19 5 4 3 3 2 0 0 0 3 4 1 5 23 2 2 1 1 0 2 8 1 20 10 0 0 26 1 5 5 4 0 1 3 2 0 19 
10 10 7 0 3 3 14 5 11 8 8 7 11 8 6 26 31 13 20 12 8 6 6 63 27 0 1 10 18 249 91 96 20 44 94 89 230 110 294 123 118 14 71 86 82 135 86 55 55 617 17 13 57 29 8 6 10 14 0 19 4 7 4 15 13 25 6 8 7 9 10 15 6 2 14 6 1 3 65 7 6 5 5 7 3 17 10 111 21 0 0 48 14 22 6 8 4 4 5 4 5 81 
2 9 4 0 0 1 1 3 2 0 1 0 0 2 2 4 15 3 6 4 2 0 2 8 5 0 0 4 6 51 21 32 31 8 21 22 69 60 85 40 23 7 33 27 19 31 13 8 6 91 7 4 16 0 3 5 9 3 0 8 3 7 5 0 17 19 3 5 4 7 7 8 6 6 1 0 0 3 19 2 4 5 2 3 1 7 1 14 3 0 0 34 5 1 7 3 1 1 2 1 0 11 
2 6 7 0 1 2 4 1 2 4 4 1 2 3 4 9 15 17 18 6 7 4 2 14 2 0 3 10 0 122 55 89 82 41 12 13 141 73 159 78 53 10 41 62 30 47 32 11 19 103 11 3 11 7 2 2 7 8 0 6 1 7 6 12 8 17 9 10 3 7 13 18 9 5 6 0 0 2 21 1 1 0 1 1 0 9 12 20 13 0 0 46 5 9 4 3 0 6 5 1 0 10 
5 3 2 0 0 1 3 0 0 0 0 1 0 0 0 13 8 7 10 1 4 3 3 7 6 0 2 8 11 134 63 84 102 30 29 9 136 48 120 65 37 7 20 28 40 63 25 12 18 122 6 3 3 4 0 0 3 2 0 0 0 15 4 12 5 11 1 3 2 3 6 7 5 5 0 4 0 1 8 1 0 0 0 5 0 1 1 22 1 0 0 19 6 9 2 5 0 3 4 2 1 18 
4 16 6 0 3 0 1 2 3 4 0 2 5 1 3 35 36 18 12 3 18 13 11 24 12 1 0 38 7 329 112 227 246 93 163 322 32 162 385 285 124 32 100 145 113 164 113 58 32 325 18 15 31 17 3 4 7 11 0 1 4 10 14 48 11 33 9 9 5 8 17 29 9 11 9 5 0 1 32 2 1 1 0 5 3 10 12 47 19 0 0 85 13 22 15 18 4 9 9 4 1 46 
8 11 7 0 1 5 5 3 12 4 2 12 6 8 2 5 13 13 8 6 3 4 4 20 10 2 1 21 13 126 48 77 93 34 63 42 106 16 133 150 81 9 63 92 70 115 64 27 30 249 5 7 9 5 1 0 1 3 0 2 1 7 2 9 4 4 1 1 3 1 7 10 3 6 1 7 0 0 12 0 0 4 5 1 2 7 9 39 14 0 0 62 9 9 7 6 1 11 4 1 1 35 
9 21 13 3 5 16 16 17 18 19 4 16 30 17 1 5 39 28 15 20 28 13 11 25 12 0 2 25 16 150 64 94 181 71 104 72 338 77 21 274 134 11 81 104 80 125 73 37 31 297 11 6 12 6 0 3 7 7 0 1 0 12 5 18 23 19 7 6 4 2 14 15 8 12 9 4 0 4 23 1 0 3 2 8 0 24 11 61 15 0 0 88 11 15 20 13 0 4 13 0 2 44 
15 10 5 1 2 12 10 18 17 18 8 13 15 14 9 20 31 21 21 3 12 0 2 16 17 0 1 26 17 77 32 58 113 42 72 51 247 140 425 19 36 19 67 109 55 89 71 28 25 234 5 2 5 13 0 0 1 3 0 1 3 8 4 7 11 11 3 1 5 0 1 8 5 5 2 2 1 0 18 5 3 5 4 13 4 3 13 19 19 0 0 52 4 8 5 7 0 2 4 2 1 25 
7 16 9 1 3 2 8 4 10 13 1 3 7 1 3 11 21 10 17 6 14 1 0 26 11 0 0 22 14 74 23 51 87 33 47 23 139 87 267 77 14 17 65 94 34 125 68 29 13 240 9 1 5 0 0 1 2 3 0 4 2 2 0 4 6 10 1 4 2 1 6 1 0 2 5 0 0 2 11 6 9 0 3 8 0 16 8 12 4 0 0 47 6 8 7 6 0 4 13 2 2 33 
2 2 0 0 0 1 0 0 0 1 1 0 0 2 2 2 1 2 1 0 2 0 2 2 0 0 0 2 0 8 2 3 10 3 3 3 34 14 29 21 20 4 18 44 12 29 10 5 7 35 1 0 3 1 1 0 0 1 0 0 0 1 0 0 0 1 0 0 0 0 1 0 0 0 2 0 0 1 3 2 4 3 1 4 2 4 0 4 6 0 0 12 0 5 1 4 0 1 0 1 0 6 
2 6 1 0 1 7 0 2 4 5 4 4 5 4 4 8 17 13 3 6 6 5 1 7 1 1 1 11 9 24 14 19 84 15 38 24 95 68 175 55 41 31 21 133 52 117 57 31 47 162 8 8 7 6 0 2 2 6 0 0 1 3 2 6 4 11 4 1 1 3 3 4 4 2 15 1 0 2 24 11 7 9 17 48 18 62 31 94 40 0 0 203 31 39 18 62 9 34 24 3 3 97 
7 10 5 0 1 2 7 11 4 3 3 2 4 8 1 20 22 21 8 5 7 4 2 21 6 0 2 17 15 47 11 47 81 32 38 24 156 86 179 135 66 55 86 20 175 238 102 83 63 332 17 5 16 15 2 4 4 6 0 3 2 7 2 5 4 9 1 3 0 2 3 8 8 6 19 11 1 18 63 19 18 19 18 76 33 95 41 145 69 0 0 243 59 45 48 72 20 45 34 3 11 125 
2 15 1 0 1 10 7 6 6 12 1 5 6 6 3 8 26 17 6 8 10 4 2 15 4 1 0 21 6 51 20 33 82 25 57 32 133 79 140 92 55 22 46 157 34 212 110 80 100 385 4 4 7 3 5 1 4 0 0 1 1 9 4 3 6 9 0 3 3 3 1 2 2 3 6 7 2 11 13 4 8 7 3 16 6 22 18 48 13 0 0 52 12 19 25 13 3 18 18 0 1 43 
7 16 5 3 3 16 5 4 8 6 6 7 6 9 5 6 20 9 19 10 10 3 4 29 7 4 1 26 12 46 15 35 148 21 48 22 123 95 170 150 83 16 69 250 172 36 189 167 153 614 8 7 20 5 1 2 8 8 0 1 3 8 0 6 9 15 2 2 4 2 1 15 8 5 13 5 3 14 34 15 7 10 12 38 23 50 29 111 38 0 0 138 16 40 29 25 5 33 48 4 6 141 
4 14 5 0 4 7 7 8 6 5 4 10 10 11 3 5 28 15 16 3 3 3 2 18 2 0 1 16 10 39 15 42 106 20 26 38 105 70 135 96 70 14 50 110 92 229 72 101 104 306 9 11 16 6 1 3 1 8 0 1 0 4 1 8 8 12 6 3 2 0 0 8 3 2 15 8 0 7 21 4 11 6 7 37 17 29 18 77 19 0 0 76 30 26 38 11 4 16 24 2 0 89 
1 3 4 0 2 1 1 1 3 6 2 6 1 5 1 2 6 10 5 1 1 0 2 5 4 0 0 7 5 20 3 5 75 8 12 11 63 37 79 28 35 9 39 59 54 173 116 36 45 323 4 2 3 2 1 0 3 2 0 3 2 6 0 2 4 5 1 1 1 0 5 6 0 0 0 3 4 0 6 2 4 0 1 14 10 5 17 67 8 0 0 43 8 11 11 6 3 10 8 0 0 44 
4 7 7 2 2 3 1 3 2 6 1 5 5 5 1 6 5 5 8 2 2 1 3 19 12 0 0 12 15 26 6 12 126 12 27 11 79 43 101 34 48 11 29 101 72 216 97 117 15 361 6 0 7 1 0 1 3 4 0 2 1 1 1 5 5 0 2 2 0 0 7 2 3 3 5 2 0 0 11 5 2 2 2 19 6 15 13 83 6 0 0 96 8 17 17 10 15 19 11 2 4 67 
26 50 16 5 15 14 19 21 25 31 14 35 20 26 16 24 54 34 45 13 25 10 12 104 26 1 6 80 56 172 26 89 656 52 93 123 314 221 461 190 210 26 131 294 161 456 227 279 208 67 28 11 46 11 12 5 5 13 0 3 5 15 1 17 22 24 11 14 3 3 19 14 20 30 34 28 1 14 77 21 25 31 20 86 36 62 41 334 40 0 0 267 23 52 69 41 15 44 42 7 7 283 
8 1 4 1 4 7 4 5 1 4 3 8 6 8 6 13 11 1 1 1 0 2 1 18 3 0 0 4 3 5 4 14 36 3 4 1 15 4 16 6 2 4 7 10 9 15 6 3 4 42 5 27 42 25 10 8 12 18 0 28 5 1 2 4 19 17 7 5 1 7 4 3 10 8 1 12 1 4 106 10 6 2 5 27 3 10 3 23 4 0 0 8 2 10 4 2 0 2 2 0 0 20 
2 3 1 0 0 2 6 2 3 4 2 1 3 6 6 13 10 2 3 2 0 1 0 8 0 0 0 8 7 4 3 3 12 5 3 6 15 2 18 4 3 1 2 11 1 10 3 4 3 13 6 4 42 31 6 3 4 12 0 13 4 0 1 7 7 14 1 8 0 1 1 3 3 1 6 0 0 3 55 2 3 1 1 17 5 4 2 13 6 0 0 3 1 4 3 0 2 3 1 1 0 6 
4 14 3 0 2 3 8 5 4 4 0 7 7 13 13 14 5 4 6 3 0 4 0 16 3 0 0 8 10 10 4 8 47 11 6 2 24 1 25 6 5 1 10 14 8 17 11 8 3 65 23 16 6 20 10 9 19 31 0 27 2 12 2 15 13 26 8 22 6 13 13 8 7 5 4 9 0 3 97 7 11 2 2 27 6 12 1 36 10 0 0 17 1 7 4 2 1 5 8 1 2 24 
1 6 2 0 1 4 10 3 2 6 0 4 3 12 9 13 3 10 13 0 3 1 1 7 5 0 0 3 5 5 0 2 7 4 4 9 5 0 2 8 0 0 0 11 2 1 4 0 2 19 12 13 18 3 13 3 10 22 0 19 7 3 5 11 7 17 6 5 3 8 2 6 4 9 5 4 0 2 57 7 3 1 2 17 3 10 1 7 5 0 0 7 1 5 3 3 0 2 0 0 1 9 
1 1 0 0 0 2 2 4 0 1 0 0 1 1 2 2 5 1 0 2 0 0 1 7 1 0 0 2 6 3 2 1 5 2 3 1 3 3 7 0 0 3 5 2 2 3 2 1 3 9 9 7 30 6 2 2 7 13 0 7 4 1 6 4 8 9 3 4 3 1 1 5 4 3 1 2 2 4 51 4 2 1 7 8 2 4 2 8 0 0 0 2 0 1 2 0 1 1 1 0 1 5 
3 3 2 0 0 1 0 1 1 2 0 1 5 7 1 2 1 2 0 2 1 0 0 4 0 0 2 4 6 1 1 0 6 0 0 0 1 0 4 2 2 0 2 1 1 1 1 1 0 9 6 2 10 4 4 0 6 27 0 5 7 1 1 4 10 4 3 4 0 7 1 4 1 2 1 2 0 0 38 1 0 0 2 8 0 0 1 3 0 0 0 5 2 3 3 1 0 0 2 0 0 4 
4 2 1 0 0 0 5 6 1 4 1 2 7 8 0 4 2 0 5 1 1 0 1 2 1 0 0 0 4 2 2 2 17 5 6 7 9 0 21 3 0 2 2 5 1 4 3 1 2 20 14 14 17 11 5 14 3 29 0 11 3 3 9 5 4 13 2 10 2 3 4 8 4 1 6 2 2 2 48 3 1 0 5 16 6 7 4 6 1 0 0 5 0 6 2 0 0 0 1 0 1 5 
6 2 9 0 0 2 4 4 4 2 1 4 3 13 4 20 9 0 4 1 0 0 0 7 4 0 1 3 8 8 5 3 20 6 7 6 6 3 6 6 4 2 5 8 3 10 4 1 2 24 13 12 31 33 18 5 3 9 0 19 4 2 1 12 7 12 1 9 0 11 8 9 2 4 11 3 4 20 125 19 5 4 7 24 6 10 1 10 6 0 0 12 1 5 2 4 2 2 4 0 0 11 
0 0 0 0 0 0 0 0 0 0 0 0 0 0 0 0 0 0 0 0 0 0 0 0 0 0 0 0 0 0 0 0 0 0 0 0 0 0 0 0 0 0 0 0 0 0 0 0 0 0 0 0 0 0 0 0 0 0 0 0 0 0 0 0 0 0 0 0 0 0 0 0 0 0 0 0 0 0 0 0 0 0 0 0 0 0 0 0 0 0 0 0 0 0 0 0 0 0 0 0 0 0 
9 7 7 4 1 7 8 1 2 4 3 14 11 16 6 18 18 6 7 3 3 1 3 12 3 1 0 10 17 8 18 7 9 1 3 2 1 2 11 5 2 1 0 7 3 4 6 2 0 30 32 11 19 15 7 1 4 7 0 1 1 3 3 8 10 30 11 11 7 7 13 8 8 7 7 8 1 5 63 0 4 3 1 10 2 10 3 11 4 0 0 13 1 3 2 1 0 2 0 1 0 12 
0 1 2 1 0 2 0 0 0 2 0 2 0 4 0 1 1 2 0 0 1 0 0 0 0 0 0 2 6 5 1 5 7 6 0 0 7 1 5 6 3 0 0 2 1 7 2 0 3 4 7 3 4 8 5 3 5 7 0 11 2 5 3 2 8 7 8 9 3 6 8 10 3 5 4 3 0 3 33 3 1 1 0 7 4 4 0 3 1 0 0 1 2 0 1 2 0 1 2 0 0 1 
2 3 1 0 2 1 1 0 2 1 1 1 1 6 2 1 2 2 2 0 1 1 0 3 0 0 0 2 2 18 12 9 12 9 32 7 11 8 28 9 5 3 12 9 12 3 8 5 5 19 4 2 3 7 1 1 3 6 0 14 5 5 2 12 17 11 6 8 3 10 6 7 2 9 0 0 0 0 22 6 6 1 1 7 6 3 3 9 6 0 0 4 2 2 2 4 0 2 0 0 0 2 
0 1 0 0 0 1 0 1 1 0 0 0 1 0 0 2 3 2 1 0 1 0 0 0 0 0 0 0 1 2 3 0 0 1 2 1 7 5 7 3 0 0 1 0 4 1 1 2 1 3 1 1 4 0 0 0 2 1 0 3 4 1 1 2 10 9 4 3 3 5 5 4 3 4 1 1 0 4 8 0 2 0 0 0 0 1 1 0 0 0 0 3 0 2 2 1 0 0 0 0 0 0 
0 2 5 1 0 4 4 1 3 0 1 0 0 0 0 5 3 1 0 0 0 0 0 0 0 0 0 0 3 7 2 2 10 2 11 10 21 13 21 13 3 1 5 5 9 6 5 3 1 22 9 1 18 7 4 3 7 8 0 9 2 5 1 1 5 18 12 9 3 8 11 11 5 4 3 3 0 1 22 3 0 1 10 3 2 1 1 2 1 0 0 5 1 2 2 0 1 0 0 0 0 3 
2 4 5 1 1 7 8 7 4 4 2 2 1 0 1 3 6 1 0 0 1 0 0 3 0 0 0 1 7 26 12 11 15 12 13 10 23 11 35 13 12 1 9 10 7 14 6 1 0 35 7 9 22 10 5 1 5 10 0 13 7 9 23 11 1 33 17 20 14 25 40 42 25 34 9 5 2 3 41 1 7 3 1 1 3 5 1 5 3 0 0 6 0 2 1 0 1 0 1 0 0 2 
5 23 14 2 1 9 14 8 7 7 6 6 6 1 1 1 4 2 0 0 4 1 2 5 0 0 0 1 6 65 20 16 26 15 20 13 36 9 58 18 8 4 15 14 15 21 11 4 4 36 34 14 32 17 4 7 21 24 0 19 19 12 11 33 33 12 17 46 41 39 52 93 25 30 18 9 3 16 73 13 10 0 2 6 4 4 0 10 7 0 0 6 0 2 0 1 0 1 1 2 0 5 
6 3 3 0 4 2 4 0 0 2 0 1 1 1 0 4 0 0 0 1 0 0 0 0 0 0 0 0 4 9 4 5 8 10 4 5 11 4 19 1 2 0 0 2 2 4 2 0 2 12 6 3 11 5 1 4 1 2 0 10 4 2 2 5 31 7 5 6 13 15 16 32 12 5 0 0 0 0 14 2 3 1 1 1 0 1 2 11 0 0 0 4 0 0 0 1 1 0 0 0 0 2 
4 4 4 0 0 1 0 1 0 0 0 1 1 1 0 0 3 0 0 0 0 0 0 1 0 0 0 0 4 10 1 2 12 6 8 6 28 5 12 2 4 0 1 6 5 5 4 0 0 17 10 4 20 8 2 0 6 12 0 12 2 5 3 7 36 20 7 2 9 17 29 36 11 16 3 2 0 2 24 3 2 1 3 4 0 2 3 5 2 0 0 1 0 0 0 0 0 0 2 0 0 3 
1 2 1 0 1 2 3 3 0 2 0 0 0 0 0 0 0 1 0 0 0 0 0 0 0 0 0 0 0 2 2 6 5 0 4 2 8 4 12 5 2 0 2 4 0 3 11 2 0 7 2 2 3 2 1 0 2 0 0 4 4 2 1 15 11 34 12 3 3 6 24 30 10 4 0 3 0 2 4 0 1 0 6 4 0 0 1 1 3 0 0 3 0 0 1 0 0 0 0 0 0 1 
0 2 0 1 0 3 4 1 0 2 0 1 3 1 0 0 2 2 0 0 0 0 0 0 0 0 0 0 3 2 2 0 6 3 10 6 15 8 16 5 1 0 3 2 3 4 4 2 0 9 4 3 9 7 3 1 3 7 0 7 4 4 5 12 22 52 17 28 7 7 31 65 13 20 3 3 0 0 23 1 2 1 3 3 1 3 1 1 1 0 0 9 0 1 0 0 0 0 0 0 0 1 
2 3 2 0 1 2 3 2 3 2 0 1 2 0 3 2 1 0 0 0 0 0 0 0 0 0 0 0 0 2 4 4 12 5 10 2 22 11 20 3 3 0 1 2 3 6 3 1 1 8 4 4 7 4 1 4 8 4 0 19 4 4 3 8 19 34 12 18 26 20 3 35 12 18 9 0 1 1 22 0 0 1 4 4 0 2 0 6 1 0 0 1 0 0 0 0 0 0 0 0 0 6 
0 0 0 0 1 3 0 2 2 3 2 1 4 0 0 2 0 0 0 0 0 0 0 0 0 0 0 0 11 6 3 1 15 10 7 6 25 7 16 3 2 1 6 3 4 5 3 0 0 15 9 6 19 4 0 1 4 3 0 18 4 5 3 11 23 41 8 29 23 25 39 7 22 28 3 1 0 1 8 1 1 3 4 5 1 3 0 2 1 0 0 5 0 2 0 0 0 0 0 0 0 3 
0 2 2 0 0 3 5 0 3 4 1 1 4 1 0 3 5 2 0 0 1 0 0 1 0 0 0 1 2 8 5 9 7 18 13 10 43 14 33 11 10 0 2 14 6 17 3 4 0 42 13 5 14 8 2 1 7 6 0 16 4 9 4 12 24 50 18 24 11 21 31 74 4 31 4 9 0 4 28 3 1 2 5 7 6 2 0 10 0 0 0 5 0 1 0 0 0 0 0 0 0 5 
5 2 2 2 1 6 4 0 2 1 0 0 0 0 3 0 0 0 1 0 0 0 0 0 0 0 0 0 1 6 0 3 12 13 11 4 16 7 16 8 9 0 4 9 2 6 2 6 3 32 7 3 13 1 3 3 2 4 0 26 3 7 2 13 17 39 10 28 5 35 23 48 10 2 1 1 0 2 29 4 3 1 6 7 2 3 1 12 4 0 0 1 0 1 0 0 0 1 0 1 0 1 
0 2 1 0 0 1 1 0 3 1 3 4 0 8 1 7 8 1 1 0 1 0 1 4 0 0 0 0 2 2 1 1 9 6 3 2 9 1 8 6 11 0 13 8 4 13 9 1 9 43 9 2 4 3 1 0 1 6 0 10 2 2 0 2 3 8 2 2 0 1 4 0 3 6 4 6 0 9 146 19 13 10 9 35 5 17 5 38 4 0 0 18 1 4 5 4 1 2 8 0 0 20 
1 3 2 1 0 2 6 3 0 7 1 3 4 10 0 10 6 2 1 0 0 2 0 1 1 0 0 2 1 3 0 2 9 1 1 0 2 1 14 2 3 0 4 10 7 13 10 6 2 28 3 1 6 1 6 2 7 10 0 4 2 0 3 3 9 6 1 1 1 1 0 2 4 1 11 1 2 13 110 15 6 11 11 43 7 13 3 29 9 0 0 8 5 6 1 6 2 2 7 1 0 17 
1 0 0 0 0 0 0 2 0 0 1 0 2 2 1 4 1 1 1 0 0 0 0 2 0 0 0 1 0 1 0 2 1 1 1 0 0 0 1 1 0 0 2 1 1 3 1 0 0 6 0 0 1 0 1 1 0 2 0 3 0 3 1 3 0 1 0 1 1 0 2 0 0 0 5 8 4 15 38 10 2 0 8 11 3 7 1 4 1 0 0 2 1 0 0 1 0 1 3 0 0 10 
2 0 2 0 0 4 2 3 1 4 0 1 1 1 0 8 2 2 1 0 0 1 0 1 0 0 1 0 1 3 0 1 9 2 1 1 1 2 10 4 4 5 1 9 5 5 9 2 0 19 2 4 13 16 1 2 10 13 0 9 1 0 3 3 2 10 2 1 0 2 3 1 1 2 7 18 17 3 79 24 13 10 5 53 11 18 7 19 2 0 0 7 1 5 1 1 0 3 1 0 0 9 
5 9 6 1 5 11 7 6 12 6 4 5 14 24 9 19 20 7 4 1 5 3 6 16 8 0 2 22 13 15 5 11 41 16 14 11 15 5 37 13 6 0 24 26 11 23 17 14 9 84 73 42 92 54 24 22 59 70 0 28 12 12 4 22 26 43 6 17 12 9 17 12 16 18 91 112 43 47 21 58 57 22 33 158 36 30 14 74 16 0 0 36 11 13 14 13 3 8 11 1 1 42 
0 2 1 0 1 0 0 1 1 0 0 2 5 9 1 2 3 4 1 1 2 0 1 3 0 1 0 1 1 1 1 1 6 1 3 1 4 3 8 8 6 2 13 25 7 21 7 4 4 33 6 4 15 5 2 3 4 25 0 0 1 0 1 3 4 16 0 3 2 1 1 5 1 3 15 24 7 19 120 3 21 5 30 114 29 17 2 41 5 0 0 23 3 12 9 7 0 4 2 0 0 25 
1 1 3 0 1 2 0 0 1 0 0 0 2 1 0 1 0 2 0 0 0 1 1 0 1 0 0 2 5 2 0 2 4 2 3 0 1 2 7 4 3 0 9 14 4 15 4 1 3 35 5 7 13 7 6 2 2 11 0 5 1 0 2 4 6 6 2 1 3 1 1 3 1 6 18 11 3 15 93 22 3 5 16 81 24 14 6 19 7 0 0 27 4 7 5 2 1 7 5 1 2 10 
1 5 0 0 1 0 2 0 1 1 0 0 1 0 0 2 0 1 0 0 0 1 0 2 0 0 0 2 2 1 2 2 10 2 1 0 1 1 2 5 4 0 9 23 9 20 9 7 2 32 3 4 7 4 1 0 0 2 0 6 2 0 1 3 1 0 2 3 2 3 2 3 3 2 3 8 1 5 24 17 10 3 10 51 25 19 7 39 10 0 0 18 9 8 16 2 0 7 8 0 0 25 
1 1 0 0 1 0 0 0 1 1 1 0 0 0 0 0 0 0 0 0 0 0 0 1 0 0 0 5 1 1 0 1 4 0 0 0 3 0 3 0 5 1 13 12 4 14 8 5 4 20 7 9 8 3 4 0 4 9 0 2 5 1 0 6 3 6 1 2 1 3 1 1 0 5 13 9 2 6 42 14 6 4 3 84 17 17 7 28 10 0 0 33 0 13 10 4 0 3 3 3 2 14 
4 9 4 3 2 3 4 0 1 5 0 0 1 1 0 1 5 2 2 1 0 0 1 4 1 0 0 3 2 4 2 0 8 4 3 2 7 3 17 13 12 5 46 74 19 49 26 20 17 122 19 12 35 18 12 5 17 29 0 11 8 2 0 0 5 4 6 11 1 6 5 3 2 1 57 51 10 48 178 105 88 26 129 6 163 80 36 103 29 0 0 95 21 22 20 10 7 21 20 4 5 52 
1 1 3 1 0 1 0 2 0 1 0 0 0 1 0 0 1 0 1 0 0 0 0 2 0 0 0 2 8 2 0 2 4 1 0 0 0 1 7 5 3 2 13 24 7 12 12 5 3 28 3 5 8 7 4 0 4 6 0 5 0 1 0 2 1 1 1 1 0 0 1 3 2 1 13 9 1 26 65 42 37 15 45 169 8 26 24 41 11 0 0 61 7 8 9 7 1 5 7 3 3 22 
5 6 1 1 0 5 6 2 1 7 1 0 1 0 0 2 6 3 4 0 2 1 2 1 0 0 0 1 1 20 4 16 15 4 10 9 22 19 25 8 17 21 47 123 19 63 35 18 16 109 9 7 18 6 2 2 13 11 0 6 1 4 1 3 4 3 2 5 2 2 1 1 2 7 26 9 3 12 56 32 19 17 57 90 50 6 28 92 52 0 0 104 26 35 45 21 9 31 26 8 6 58 
1 2 1 0 1 2 3 4 2 3 0 0 0 0 0 2 4 0 1 1 0 1 0 3 0 0 0 4 0 6 1 12 10 9 8 6 20 8 34 12 16 5 26 74 12 40 30 8 12 56 5 8 14 3 6 1 6 6 0 9 1 3 0 10 2 4 3 0 1 1 3 0 4 6 3 6 3 1 39 17 5 7 18 51 22 35 11 45 23 0 0 68 10 19 16 9 1 10 3 3 3 56 
15 18 17 5 4 3 7 5 3 9 2 3 5 1 5 8 17 10 9 2 8 4 2 34 16 0 0 37 12 80 22 26 150 11 27 9 58 39 154 23 37 11 58 140 60 142 84 66 88 523 33 15 58 7 6 3 16 25 0 18 4 8 2 4 3 4 5 7 1 5 8 9 7 14 46 45 4 23 116 35 27 35 38 144 47 62 31 31 30 0 0 195 21 44 59 45 12 44 44 5 8 324 
5 3 3 0 2 5 1 2 3 0 2 1 1 0 2 4 4 4 1 0 0 3 0 4 1 0 0 6 1 8 1 13 38 5 10 7 23 16 34 23 14 8 26 118 13 38 12 15 10 66 5 3 9 1 1 0 2 3 0 3 1 4 1 2 2 3 0 3 0 2 2 3 1 1 6 9 0 7 22 9 6 8 19 31 25 34 41 50 3 0 0 89 4 17 16 26 3 15 13 1 2 58 
0 0 0 0 0 0 0 0 0 0 0 0 0 0 0 0 0 0 0 0 0 0 0 0 0 0 0 0 0 0 0 0 0 0 0 0 0 0 0 0 0 0 0 0 0 0 0 0 0 0 0 0 0 0 0 0 0 0 0 0 0 0 0 0 0 0 0 0 0 0 0 0 0 0 0 0 0 0 0 0 0 0 0 0 0 0 0 0 0 0 0 0 0 0 0 0 0 0 0 0 0 0 
0 0 0 0 0 0 0 0 0 0 0 0 0 0 0 0 0 0 0 0 0 0 0 0 0 0 0 0 0 0 0 0 0 0 0 0 0 0 0 0 0 0 0 0 0 0 0 0 0 0 0 0 0 0 0 0 0 0 0 0 0 0 0 0 0 0 0 0 0 0 0 0 0 0 0 0 0 0 0 0 0 0 0 0 0 0 0 0 0 0 0 0 0 0 0 0 0 0 0 0 0 0 
3 2 5 0 1 1 1 6 8 5 0 2 5 6 2 5 13 6 3 0 3 2 0 8 2 0 0 7 8 23 10 24 29 20 31 9 74 51 135 47 27 5 67 173 38 104 55 39 37 167 3 7 9 5 2 2 2 6 0 2 4 10 1 6 3 7 3 4 0 3 2 2 3 1 16 8 0 7 38 11 15 14 14 63 41 66 32 108 79 0 0 21 46 66 26 108 10 28 36 6 3 91 
1 0 1 0 0 4 0 1 0 0 0 3 3 0 2 4 2 1 0 0 0 0 0 1 0 0 0 1 2 9 4 9 11 5 10 1 31 13 25 12 13 26 42 46 21 25 30 8 16 66 1 0 3 0 1 6 1 0 0 2 1 0 0 0 1 0 0 0 0 0 2 1 0 0 2 4 0 3 14 5 7 2 8 21 8 47 22 27 16 0 0 99 0 5 7 9 9 15 19 1 2 30 
1 3 2 0 2 1 7 0 0 0 0 0 1 0 0 0 2 1 0 0 0 0 0 0 0 0 0 2 1 9 5 5 4 4 5 5 26 13 24 17 9 3 30 45 9 37 29 10 10 66 3 4 9 8 2 0 0 3 0 0 0 3 0 1 1 0 0 0 0 0 1 1 0 1 3 4 1 2 28 6 6 3 6 27 11 34 18 32 12 0 0 103 3 5 3 17 0 6 9 3 4 52 
0 0 5 0 0 0 1 0 1 3 1 2 0 2 0 2 1 0 0 1 0 0 0 0 0 0 0 1 2 11 0 6 16 2 3 1 12 7 21 4 6 1 25 26 13 22 18 9 7 62 4 1 2 3 4 1 2 3 0 2 0 1 5 1 0 0 0 0 0 0 0 0 1 0 4 1 0 1 14 5 1 1 4 13 7 28 9 33 12 0 0 43 10 4 8 28 2 6 4 2 1 51 
1 2 1 0 0 2 0 2 1 2 0 4 1 6 1 1 2 0 1 0 0 0 0 0 0 0 0 0 1 3 1 4 7 1 1 5 20 9 35 9 4 3 27 60 15 31 19 14 11 68 1 3 4 2 1 0 4 4 0 0 0 2 0 0 0 3 1 0 0 0 0 0 0 3 1 2 0 4 10 5 3 2 5 26 12 14 5 49 17 0 0 101 8 13 12 11 3 21 6 1 3 49 
0 0 0 0 0 0 0 0 0 0 0 0 0 0 0 3 0 0 0 0 0 0 0 0 0 0 0 0 0 2 0 1 6 0 0 0 2 3 5 5 0 1 4 7 3 8 2 1 1 13 0 0 0 1 0 0 0 0 0 0 0 1 1 0 0 0 0 0 0 0 0 0 0 0 0 1 0 0 0 1 1 0 1 3 0 1 5 5 7 0 0 4 0 2 1 2 0 0 0 0 0 4 
0 2 0 0 0 0 0 0 0 0 0 1 1 0 0 0 1 0 0 0 0 0 0 1 0 1 0 0 0 7 4 2 2 5 3 3 12 10 17 5 4 0 19 45 8 32 7 4 5 54 3 3 7 1 5 1 2 0 0 0 0 0 1 1 0 0 0 0 0 0 0 0 0 0 2 2 4 4 6 1 5 4 1 34 5 17 10 28 5 0 0 53 10 7 7 10 6 4 5 13 4 43 
0 0 0 0 0 0 0 1 1 0 0 0 1 1 1 0 0 0 0 0 1 0 0 1 0 0 0 1 3 1 0 1 11 1 5 2 10 11 22 4 6 1 22 42 20 38 14 6 7 50 0 1 2 0 1 1 1 3 0 1 0 0 0 0 0 0 0 0 1 0 0 0 2 0 3 3 3 2 19 9 6 8 6 17 3 17 8 39 14 0 0 50 4 9 6 6 2 2 3 2 0 23 
0 0 0 0 0 0 0 0 0 1 0 0 1 0 0 0 0 0 0 0 0 0 0 0 0 0 0 0 0 0 1 0 0 0 0 0 3 2 1 5 0 0 1 6 2 8 2 2 0 16 1 0 1 0 1 0 0 1 0 0 0 0 0 1 0 0 0 0 0 0 0 0 0 0 1 0 0 0 1 1 0 0 0 6 2 4 0 11 0 0 0 10 2 1 0 1 0 0 0 2 0 6 
0 0 0 0 0 0 0 0 0 1 0 0 0 0 1 0 0 0 0 0 0 0 0 0 1 0 0 0 0 0 0 0 1 0 0 0 2 1 6 1 1 0 6 11 2 4 1 0 0 8 0 0 0 0 0 0 0 0 0 0 0 0 0 0 0 0 0 0 0 0 0 0 0 0 0 1 0 2 1 0 0 0 1 2 2 3 2 10 2 0 0 8 2 2 5 0 0 2 0 5 0 5 
4 4 10 0 1 0 7 2 3 4 2 2 6 10 1 1 4 6 1 0 1 0 1 7 1 0 0 6 0 21 6 14 37 9 17 9 40 20 64 25 15 9 67 67 37 61 45 29 34 193 13 3 13 8 2 0 3 5 0 3 1 3 1 2 0 1 1 0 1 0 1 0 1 0 18 5 2 6 23 15 8 16 16 31 16 31 26 157 26 0 0 126 20 35 37 42 6 23 21 7 1 10 
