6 7 13 5 9 36 22 18 25 25 13 21 57 60 57 71 31 22 24 9 11 21 4 28 10 0 1 25 63 4 1 6 19 2 3 5 5 8 16 11 10 1 5 11 12 5 12 7 9 52 8 2 10 2 1 1 2 6 0 1 0 3 0 1 3 6 2 5 1 0 2 4 0 1 1 1 0 1 15 1 2 0 2 2 5 3 2 34 5 0 0 1 1 0 0 1 0 1 3 0 0 7 
10 6 20 13 7 32 24 24 47 29 13 36 39 77 35 76 29 22 20 14 12 15 5 31 20 2 0 31 121 6 2 5 15 2 4 0 9 4 28 8 16 2 8 9 8 13 10 8 8 53 10 2 13 0 0 0 1 8 0 2 0 2 2 4 11 8 5 1 1 2 0 1 3 2 0 1 0 1 21 0 4 0 1 2 1 2 3 23 5 0 0 5 1 2 0 0 0 2 3 0 0 8 
22 20 7 11 17 21 17 27 35 24 8 32 39 70 39 46 41 16 20 4 7 11 8 18 6 4 1 24 133 4 1 2 11 2 4 0 5 5 20 10 12 1 4 14 12 11 7 2 6 42 8 1 3 6 4 0 0 6 0 1 3 2 0 3 5 4 3 2 0 4 2 0 3 3 1 1 1 1 12 1 0 0 2 9 2 1 2 18 1 0 0 2 1 1 1 1 0 0 1 2 0 5 
8 7 25 3 4 4 7 12 15 5 3 5 11 13 7 7 1 3 0 2 2 1 1 4 3 0 0 3 42 0 0 0 0 1 0 0 0 0 7 1 3 0 2 0 2 1 3 1 0 4 1 0 0 0 0 0 0 0 0 0 1 0 0 2 0 3 0 0 2 1 0 0 0 0 0 0 0 0 1 0 0 0 0 0 3 0 0 0 0 0 0 0 0 0 0 0 0 0 0 0 0 0 
4 5 10 3 6 10 7 4 7 6 4 7 16 18 8 24 8 6 6 2 2 13 0 15 6 0 1 5 33 3 0 0 1 0 0 0 2 3 4 2 4 0 0 1 1 4 4 2 0 9 3 0 1 0 1 2 0 3 0 1 0 1 0 0 0 1 2 0 0 0 0 2 1 1 1 1 0 2 2 0 0 0 1 0 1 0 3 7 1 0 0 2 0 0 0 0 0 0 0 0 0 0 
10 35 27 9 9 13 11 14 30 26 16 24 64 100 26 60 29 20 15 4 8 7 4 21 8 1 0 15 74 2 1 1 3 2 4 1 2 6 32 8 7 3 5 8 8 8 5 1 3 30 2 2 10 4 3 1 2 2 0 2 0 3 1 3 4 6 3 3 0 1 1 1 2 4 1 1 0 3 22 0 1 0 2 2 0 4 2 7 3 0 0 1 0 3 0 2 0 0 0 0 0 3 
21 34 22 12 13 17 19 18 28 23 10 21 71 74 23 54 15 18 21 13 6 5 4 10 4 1 1 6 51 2 1 4 7 1 1 1 2 1 18 15 7 1 4 8 8 5 15 3 2 33 6 2 4 3 2 3 2 6 0 5 2 0 0 4 1 8 1 1 1 3 1 4 0 1 3 5 0 1 7 1 1 1 2 2 1 1 0 5 1 0 0 4 2 2 0 2 0 1 0 0 0 11 
8 19 17 2 5 9 29 8 11 21 6 35 66 75 21 61 29 27 15 4 14 15 7 13 9 1 1 13 46 6 4 3 6 1 3 0 0 0 20 14 5 2 4 12 11 10 5 3 6 19 7 2 7 1 0 0 3 5 0 4 1 5 0 3 2 6 1 3 2 0 1 2 1 1 2 0 2 1 10 2 1 0 0 3 2 2 2 4 3 0 0 5 0 3 2 2 0 0 2 0 0 5 
21 36 32 3 13 19 34 24 13 9 6 16 105 114 27 53 47 17 21 10 9 4 3 19 11 1 1 15 41 1 1 4 7 1 0 0 3 7 42 5 5 1 4 8 9 8 4 4 2 28 3 3 4 5 0 0 6 4 0 1 1 0 0 1 7 2 2 0 2 1 0 1 4 2 1 1 1 1 11 1 0 1 2 0 1 2 0 5 2 0 0 1 1 0 0 2 0 0 0 0 0 7 
20 12 12 6 5 18 12 10 11 2 8 6 39 71 14 37 12 16 12 1 5 6 1 20 5 1 0 5 21 3 0 4 5 0 1 1 0 1 11 11 3 1 5 7 2 8 5 1 2 14 10 7 6 1 3 2 2 4 0 3 2 0 1 1 3 11 2 1 0 1 2 0 3 5 3 1 0 1 13 2 1 0 2 3 0 4 1 5 1 0 0 3 0 0 2 1 1 0 0 0 0 0 
7 5 10 2 10 17 12 4 7 6 2 10 42 51 10 32 14 7 11 4 5 6 3 20 4 1 2 20 16 4 0 0 8 0 2 0 5 5 36 6 4 1 4 2 9 6 6 3 2 23 2 0 3 0 2 2 0 1 0 0 0 0 0 4 0 0 0 0 0 0 0 1 0 2 2 0 0 0 7 0 0 0 0 0 0 0 0 2 0 0 0 3 0 0 0 0 0 0 0 0 1 3 
15 25 27 2 9 27 25 19 37 24 15 10 32 63 39 58 33 19 28 5 13 15 16 47 16 1 2 29 27 9 2 3 8 2 4 0 3 11 41 17 9 1 6 4 7 3 4 5 5 31 5 1 9 6 2 1 5 12 0 6 0 1 1 1 2 3 1 1 0 1 3 2 0 2 3 2 0 0 8 0 0 0 0 0 0 0 1 6 2 0 0 11 3 2 0 1 0 2 0 0 0 5 
27 21 31 4 12 29 39 36 65 35 17 20 7 114 34 78 31 28 42 17 16 20 12 48 21 2 2 47 36 11 3 2 11 5 6 1 3 6 34 22 11 0 9 3 5 6 4 4 3 35 4 3 8 4 1 1 8 4 0 7 0 4 0 0 5 4 1 0 0 1 2 1 0 0 4 1 0 0 8 0 0 0 0 0 0 1 1 8 0 0 0 6 0 1 4 1 0 1 0 0 0 9 
59 91 93 14 17 51 86 56 90 61 24 32 62 9 16 53 73 70 68 37 48 31 37 82 26 1 8 140 42 10 1 1 5 1 4 0 2 4 14 15 10 0 6 7 8 4 6 4 2 52 18 7 15 9 5 1 3 18 0 5 3 3 0 0 1 1 0 0 0 0 1 3 4 3 8 1 0 1 29 3 0 0 0 2 0 3 1 5 1 0 0 6 1 2 2 2 1 2 2 0 0 9 
37 58 61 6 12 29 26 42 27 36 11 22 72 21 5 18 42 26 23 20 19 22 28 52 32 3 1 70 38 7 1 6 11 1 7 2 1 1 11 7 9 4 3 10 5 3 3 2 1 35 7 4 16 6 1 0 7 8 0 4 0 1 0 0 0 0 0 0 1 0 1 2 0 0 5 0 0 1 12 0 4 0 0 1 0 1 1 7 2 0 0 6 1 4 2 3 0 0 2 0 0 3 
27 69 32 8 17 43 54 50 50 55 23 54 76 56 35 15 77 53 64 25 100 36 36 146 55 8 7 134 62 32 7 20 39 9 11 9 65 3 24 37 21 5 15 12 18 24 7 4 12 69 17 16 18 11 3 2 3 6 0 3 1 1 0 2 3 2 2 0 0 4 4 4 1 1 7 4 0 0 32 3 1 0 1 1 0 3 0 21 2 0 0 23 1 2 0 4 0 3 1 0 0 6 
30 53 26 7 9 26 30 21 40 38 18 43 37 165 65 61 10 36 54 23 48 39 34 90 21 6 9 88 22 33 14 21 39 20 35 19 49 12 79 31 20 7 18 14 30 34 15 7 9 68 9 5 7 12 3 3 1 2 0 4 1 2 0 3 3 1 1 1 0 1 1 2 1 3 2 1 2 5 19 0 1 1 0 1 2 1 1 14 6 0 0 2 5 4 0 2 1 2 1 0 0 12 
21 24 13 4 1 22 23 20 19 34 8 26 51 106 34 100 39 5 29 18 34 13 21 58 21 11 12 41 17 18 8 26 31 7 16 15 22 12 72 24 23 1 20 30 17 13 13 7 12 54 4 6 7 1 2 10 4 7 0 2 2 1 0 2 0 0 0 0 0 1 1 1 0 0 1 4 0 0 12 2 2 0 1 1 0 5 1 16 1 0 0 4 0 1 0 1 0 0 1 0 0 2 
8 21 10 6 5 15 13 11 15 17 5 17 30 82 22 67 33 27 1 10 19 9 11 47 14 11 4 51 42 13 12 6 13 5 9 3 32 7 31 14 13 2 12 10 7 11 12 8 6 45 2 4 29 3 0 0 2 2 0 1 1 2 3 1 0 0 0 0 0 0 0 1 0 0 0 0 0 3 12 1 0 0 0 0 0 3 0 10 2 0 0 4 1 0 1 0 0 0 2 0 0 5 
4 11 9 2 4 7 13 5 5 9 2 11 20 49 10 55 27 15 16 11 8 5 9 17 17 10 9 57 2 2 1 9 6 2 4 6 6 6 41 10 7 3 7 4 11 4 6 0 6 20 1 2 1 2 1 0 2 1 0 0 0 0 0 1 0 0 0 0 0 0 0 1 0 0 2 0 0 2 4 0 0 0 0 1 0 2 0 6 2 0 0 7 0 0 0 1 0 0 0 0 0 2 
2 6 7 2 2 3 5 9 11 15 3 13 30 66 24 78 30 30 64 2 7 12 16 32 18 11 7 88 7 3 2 4 11 1 10 3 20 4 45 11 6 1 5 9 4 20 6 6 3 32 0 0 2 2 0 0 0 2 0 2 0 1 0 0 0 0 0 0 0 0 0 0 0 0 0 0 0 0 4 1 0 0 0 0 0 3 0 9 4 0 0 4 0 0 0 0 0 0 0 0 0 0 
10 13 13 1 3 13 12 10 16 13 4 12 24 75 20 73 28 25 29 9 6 1 11 15 11 8 9 50 21 2 0 3 6 3 0 1 14 6 42 7 4 1 3 4 7 8 3 4 1 12 1 0 2 1 0 0 1 2 0 2 0 0 0 1 0 1 0 0 0 0 0 1 0 0 1 0 1 0 2 1 0 0 0 0 1 0 2 3 1 0 0 1 0 0 0 0 0 0 0 0 0 1 
4 5 4 3 1 3 1 6 9 6 4 9 13 43 24 62 30 29 28 10 41 14 8 23 3 7 5 71 5 5 0 0 12 2 3 1 6 1 43 3 2 0 0 0 1 5 1 3 3 15 0 0 3 0 0 1 1 4 0 1 0 0 0 0 0 0 0 0 0 0 0 0 0 0 1 3 0 0 6 0 1 0 1 1 0 1 0 7 1 0 0 0 0 0 0 0 0 0 1 0 0 1 
5 10 11 3 5 16 14 6 10 30 10 29 42 89 36 123 53 28 51 20 46 21 20 12 11 24 11 57 8 10 2 3 28 2 7 6 19 9 91 15 12 1 10 10 11 8 14 11 20 72 7 8 9 2 1 3 1 3 0 0 1 1 0 1 0 0 0 0 0 0 0 0 0 0 3 0 0 0 17 0 1 0 0 1 1 2 1 13 2 0 0 3 0 0 0 0 0 1 3 0 0 3 
24 30 12 5 14 5 12 14 19 64 10 36 31 39 36 117 50 23 34 23 23 24 15 15 4 4 13 62 6 14 5 6 109 3 7 6 11 18 40 33 50 2 12 23 28 29 19 26 22 187 37 7 48 15 7 3 1 4 0 2 1 2 2 1 1 0 0 0 0 0 0 0 0 2 2 13 1 1 26 5 2 1 0 3 1 6 1 57 5 0 0 10 2 3 0 2 0 1 1 0 1 3 
2 0 1 0 1 2 0 4 1 2 0 1 5 3 3 10 7 11 11 5 11 20 6 22 6 0 0 20 0 0 1 0 0 1 1 0 2 2 6 0 0 0 0 1 1 0 2 0 0 2 0 0 2 0 0 0 2 1 0 0 0 0 0 0 0 0 0 0 0 0 0 0 0 0 0 0 0 0 0 0 0 0 0 2 0 0 0 0 0 0 0 0 0 0 0 0 0 0 0 0 0 0 
1 2 0 0 0 0 1 3 1 0 0 1 0 5 1 10 5 4 1 3 15 5 6 20 7 5 3 23 0 0 0 0 1 0 2 0 2 1 4 1 0 0 0 1 0 1 0 1 0 1 0 0 0 0 0 0 0 0 0 0 0 0 0 0 1 0 0 0 0 0 0 0 0 0 0 0 0 0 0 0 0 0 0 0 0 0 0 0 0 0 0 1 1 0 0 0 0 0 0 0 0 0 
29 26 28 7 6 19 7 16 24 31 10 22 36 67 71 157 67 57 61 40 77 75 68 94 37 6 15 5 15 5 2 4 27 2 11 4 23 22 56 29 39 0 16 22 27 25 25 16 15 151 20 3 16 3 3 2 4 4 0 1 2 1 2 1 2 0 0 0 1 0 0 0 1 0 3 5 0 1 16 1 1 3 1 2 1 6 3 53 8 0 0 4 0 3 1 2 0 0 0 0 3 6 
62 84 79 27 16 54 69 56 63 29 9 42 37 54 19 45 16 22 35 6 23 20 0 22 6 0 0 13 4 12 1 5 2 3 4 6 11 10 26 26 11 0 12 13 28 11 12 6 5 43 1 2 8 4 1 2 2 9 0 1 2 1 2 3 3 9 4 4 1 2 12 7 1 0 0 0 0 3 20 0 0 2 1 12 4 1 4 7 3 0 0 7 4 1 0 0 0 3 0 0 0 5 
3 2 1 2 1 0 2 6 4 6 3 9 13 1 2 30 33 22 12 5 4 6 3 11 6 1 0 4 4 11 87 109 263 75 102 113 334 159 239 95 62 4 47 62 62 48 40 22 25 218 10 6 6 2 4 3 2 4 0 7 0 8 2 7 25 39 8 3 7 3 12 6 14 0 3 2 1 0 18 2 4 4 3 13 1 11 5 67 19 0 0 38 6 10 5 6 2 3 7 0 2 29 
0 0 0 0 0 2 3 4 0 0 1 1 0 4 2 4 14 8 2 1 6 4 1 6 2 1 0 3 2 86 9 56 102 21 43 33 128 51 74 31 14 1 14 15 9 24 20 1 6 58 4 1 0 1 0 0 1 4 0 1 0 4 0 1 8 10 3 3 5 3 2 7 3 0 2 0 1 0 9 0 1 0 0 0 0 6 1 15 2 0 0 7 0 3 2 3 1 1 0 0 0 8 
0 3 6 0 0 1 4 5 6 0 2 4 4 1 13 14 30 18 10 7 3 2 1 10 3 0 0 4 2 111 55 10 114 40 67 64 298 103 211 55 58 5 40 39 30 39 31 16 16 131 6 6 6 7 0 0 5 9 0 7 3 5 1 4 13 28 3 4 4 4 5 1 6 0 6 0 0 1 17 1 2 0 0 1 1 13 4 21 12 0 0 24 9 7 4 4 0 1 2 0 0 12 
24 12 6 2 5 5 9 7 10 1 2 6 16 10 8 30 23 24 13 6 11 3 7 63 22 0 1 26 3 204 90 103 17 32 107 91 251 137 243 146 111 14 93 85 90 127 108 65 82 614 29 21 48 14 13 9 12 20 0 15 3 12 2 4 13 40 8 12 4 15 9 24 13 5 24 11 1 7 52 7 6 9 2 14 4 21 10 139 35 0 0 63 5 10 10 11 4 11 4 0 1 45 
1 6 1 0 0 1 0 2 4 1 0 1 3 0 0 6 14 6 6 3 1 3 3 13 0 0 0 6 3 70 36 26 34 1 23 31 124 39 113 39 30 1 37 31 33 28 27 8 22 70 11 10 13 11 5 2 11 7 0 3 0 9 1 1 13 11 7 6 7 7 10 10 9 4 8 3 1 2 21 1 3 1 0 0 0 9 1 19 3 0 0 34 2 4 5 3 1 3 3 0 0 7 
7 8 1 1 0 2 1 6 2 3 1 2 3 1 3 3 20 19 8 9 11 4 3 13 2 0 0 17 7 128 44 92 125 24 17 27 192 78 136 98 55 8 51 52 44 51 46 16 23 119 7 3 10 5 0 2 5 8 0 1 5 15 5 8 8 16 7 8 5 6 12 25 20 5 3 1 0 0 14 2 0 0 1 2 2 9 8 29 16 0 0 56 8 9 8 7 2 5 3 5 0 10 
1 3 1 1 0 2 4 1 0 1 0 0 2 1 1 5 12 13 13 1 3 3 2 14 6 0 0 2 2 108 26 74 74 15 21 9 259 56 110 53 34 6 27 28 33 39 43 15 11 93 3 4 8 3 3 1 0 2 0 0 0 1 0 7 7 15 2 4 0 2 2 9 7 0 4 0 0 0 11 0 0 0 0 7 0 8 5 26 4 0 0 20 6 4 2 6 1 5 1 2 0 9 
1 15 4 1 0 4 4 3 7 2 0 4 2 3 2 19 25 13 16 6 10 8 9 26 7 0 7 40 9 330 159 239 365 92 130 130 19 143 417 314 155 44 122 151 165 164 117 45 48 365 12 9 30 13 1 0 7 11 0 2 3 15 12 23 22 28 17 16 8 14 27 20 21 9 11 8 0 3 32 0 1 2 2 10 3 23 13 79 25 0 0 84 21 22 14 29 3 7 8 0 0 54 
10 7 5 0 4 6 6 10 9 9 8 10 7 5 2 3 21 10 9 5 7 5 6 26 16 2 0 25 16 139 43 105 108 38 58 40 205 16 179 149 91 11 75 91 70 72 69 36 29 227 2 4 13 1 0 0 2 9 0 0 1 10 1 6 8 11 1 3 3 3 12 7 7 4 2 2 1 2 15 1 2 1 0 2 5 10 12 53 25 0 0 64 12 6 11 14 1 14 7 2 1 37 
22 16 27 5 8 13 31 26 20 18 16 37 40 23 11 18 41 52 28 19 45 18 20 62 21 2 10 74 22 223 72 183 263 83 97 87 540 121 17 365 205 33 130 171 95 146 114 59 69 433 19 11 33 5 3 7 10 13 0 2 1 16 5 19 18 21 14 8 4 4 25 23 14 6 14 5 0 3 45 14 3 11 5 14 3 25 34 149 29 0 0 105 18 20 14 25 3 21 20 3 2 53 
10 19 16 2 4 12 14 14 29 14 0 16 16 21 10 24 37 18 18 12 15 3 1 15 8 1 0 39 20 97 30 79 125 45 67 48 367 176 502 20 72 26 71 189 81 121 83 38 40 265 9 6 12 15 2 3 4 7 0 3 2 9 4 20 11 12 4 4 2 2 3 8 6 4 2 1 1 3 13 3 3 5 5 11 11 12 6 37 14 0 0 54 11 5 3 5 0 1 3 2 1 21 
7 21 8 0 1 5 7 11 6 10 4 5 9 9 6 20 25 18 5 9 10 3 4 26 19 2 2 23 15 72 16 79 128 39 42 35 185 121 245 62 12 20 57 100 67 82 70 28 41 235 2 3 10 2 0 2 2 3 0 1 2 4 3 6 7 10 0 5 1 4 5 4 6 2 6 0 4 6 15 7 6 8 4 11 11 18 9 25 12 0 0 42 13 5 6 9 2 0 5 0 0 37 
1 0 0 0 0 1 2 0 0 0 0 2 4 0 2 0 5 5 3 2 1 1 0 2 0 0 0 2 0 2 6 9 24 3 8 4 64 15 33 19 22 1 26 39 22 12 22 4 6 22 0 0 0 0 0 0 0 0 0 0 0 2 0 0 1 5 0 2 0 0 0 0 1 0 0 0 0 0 0 0 3 0 0 11 1 10 9 14 8 0 0 9 9 5 3 3 0 1 0 0 0 3 
4 12 4 0 2 3 10 9 8 5 4 4 14 7 3 8 21 9 13 2 7 10 3 19 4 0 2 14 10 47 17 37 77 19 38 19 132 95 159 57 69 25 23 102 69 95 84 38 49 179 3 5 3 11 2 0 5 6 0 1 4 5 1 2 9 11 0 1 0 5 2 3 5 3 13 6 0 6 27 14 15 12 9 44 37 54 47 121 40 0 0 84 26 27 21 48 6 42 21 1 6 102 
7 14 4 1 0 6 15 4 7 9 2 5 10 9 3 13 29 37 18 3 2 5 4 22 6 0 0 12 10 72 18 45 89 16 48 24 190 104 222 101 94 45 105 21 139 246 116 87 82 421 6 10 16 3 1 3 4 7 0 6 1 8 1 6 10 9 4 6 0 0 3 4 4 3 17 11 7 8 47 25 22 14 24 97 39 127 57 169 60 0 0 206 45 57 39 52 10 41 30 10 3 123 
13 19 8 1 4 3 13 8 2 7 6 7 7 2 4 11 16 19 15 4 11 7 6 24 7 0 0 25 7 52 23 27 104 35 40 24 131 83 146 78 67 18 64 165 15 181 101 59 70 306 12 1 17 3 1 2 3 10 0 0 2 4 0 4 9 12 1 7 0 4 3 8 1 2 12 5 0 3 29 15 10 4 4 12 10 41 13 61 21 0 0 68 14 19 21 30 7 29 18 6 3 48 
14 24 12 1 1 8 5 1 4 9 4 17 12 7 7 5 29 25 26 6 6 4 10 28 15 1 0 20 19 62 16 36 176 25 54 49 185 97 196 127 118 23 77 261 206 18 207 178 126 740 8 8 17 9 3 5 5 8 0 0 2 8 1 8 19 19 1 9 1 3 9 6 9 6 12 4 2 9 36 11 11 18 17 46 23 66 32 176 46 0 0 200 29 36 35 38 15 31 43 5 4 95 
7 9 7 2 3 9 1 7 7 7 6 7 12 9 2 9 22 15 21 3 11 7 3 32 14 1 2 22 9 51 20 40 152 23 44 34 120 71 146 86 72 19 76 164 119 247 18 79 87 373 3 3 13 5 0 3 2 7 0 0 3 6 1 6 5 15 4 5 0 0 9 1 5 1 11 2 1 5 27 16 5 12 4 45 16 41 16 146 21 0 0 75 9 34 24 19 4 23 20 4 2 77 
4 10 6 0 1 1 5 1 1 2 5 5 3 2 1 1 9 7 8 2 2 1 3 20 6 0 0 8 3 30 0 12 77 9 10 18 51 29 80 39 34 6 45 126 66 231 113 18 62 379 4 4 8 1 1 0 1 0 0 1 0 3 1 2 1 4 2 1 2 0 3 1 2 3 5 5 1 4 6 2 2 1 2 15 4 8 4 103 10 0 0 56 6 9 14 10 3 6 12 0 0 46 
6 7 5 0 1 4 2 1 2 6 1 6 5 6 1 1 9 8 8 4 6 1 5 15 5 0 2 15 5 14 9 14 118 13 11 7 49 33 59 55 25 7 48 100 75 193 111 86 13 394 5 3 5 4 4 3 2 2 0 4 3 4 0 2 2 6 2 4 1 0 3 1 0 0 2 2 0 1 12 2 10 2 0 14 5 20 4 103 8 0 0 58 12 14 21 10 1 5 5 1 2 48 
37 64 34 6 13 14 29 15 22 39 15 29 37 24 21 19 71 28 60 14 22 12 17 163 32 3 2 120 29 218 42 152 764 76 101 88 343 229 469 256 260 38 194 373 282 508 304 303 297 48 48 18 65 25 7 3 16 26 0 8 4 22 1 27 26 27 9 15 10 5 24 16 23 4 57 27 5 12 106 30 37 29 23 83 33 78 72 640 44 0 0 266 25 57 63 55 15 75 59 15 16 239 
7 6 9 1 1 4 6 2 1 8 1 5 11 11 8 18 10 5 4 1 2 1 1 27 5 0 0 17 4 18 2 8 53 6 8 8 4 2 12 4 3 3 7 11 4 8 15 8 4 52 7 5 46 13 14 3 14 31 0 25 5 6 1 9 17 28 3 13 1 16 8 10 5 16 18 5 2 2 85 6 13 2 9 13 6 15 4 43 13 0 0 8 1 8 9 4 1 5 6 0 0 28 
2 7 4 0 0 2 1 1 1 1 1 9 5 9 5 5 11 5 6 1 0 1 0 9 6 0 2 2 5 7 3 10 41 5 5 3 10 3 7 2 1 1 1 7 5 10 3 3 1 21 8 3 48 24 6 3 6 14 0 17 11 7 0 6 5 20 4 6 6 6 2 4 10 6 3 1 0 1 40 7 3 1 2 12 3 6 5 16 4 0 0 6 1 3 2 1 0 3 1 0 0 12 
4 8 9 1 1 2 6 3 2 8 1 7 7 22 8 16 13 12 11 6 4 0 0 17 6 0 1 11 6 19 4 14 74 12 16 3 14 8 41 12 5 4 13 18 13 17 11 8 5 74 44 26 10 40 17 4 12 22 0 37 10 3 2 9 27 18 4 14 10 22 10 12 16 18 10 7 5 5 111 12 10 4 4 29 12 22 8 64 8 0 0 20 3 12 5 2 5 9 4 1 0 21 
8 4 5 1 2 1 2 2 4 11 0 8 8 9 3 3 8 10 4 0 0 2 2 2 2 0 1 5 3 11 8 7 32 8 0 4 18 4 16 5 3 2 6 11 1 7 8 1 4 12 18 15 59 2 5 3 14 40 0 17 8 2 11 9 6 22 5 8 1 11 5 5 11 5 3 1 0 4 55 5 6 2 8 9 6 7 1 12 5 0 0 11 3 9 2 4 1 3 2 0 0 15 
2 5 0 0 1 1 3 1 0 5 1 0 7 3 2 7 2 0 1 0 0 1 0 5 2 0 0 2 1 3 1 1 8 2 3 4 6 0 2 3 2 0 0 0 1 0 1 3 0 6 9 8 10 7 3 2 4 9 0 10 0 3 0 2 12 11 3 1 1 4 3 5 9 1 1 4 1 12 58 4 1 1 3 10 0 4 1 9 2 0 0 1 0 3 2 0 1 1 0 1 0 2 
2 2 0 0 0 0 3 3 4 4 1 0 2 6 0 6 2 1 2 0 0 0 1 1 1 0 0 1 5 5 0 0 7 3 3 1 0 0 4 0 2 0 2 2 1 2 1 1 1 8 6 3 7 3 0 0 5 7 0 3 3 0 2 4 3 5 3 5 0 2 1 0 7 2 2 0 1 1 29 3 1 1 0 5 3 4 2 3 1 0 0 3 0 3 0 1 0 0 0 0 0 2 
2 2 1 0 0 0 1 3 2 3 1 1 7 14 2 7 7 4 3 0 0 2 0 4 1 0 0 4 3 6 1 16 16 3 3 1 5 2 4 9 0 0 7 6 3 4 2 0 3 9 18 5 21 13 8 12 1 12 0 16 7 5 7 11 9 10 5 8 2 7 6 4 3 6 3 4 0 5 53 9 3 1 4 14 11 7 2 15 3 0 0 5 4 3 4 2 1 6 5 0 0 2 
5 4 2 2 3 1 5 2 9 6 0 6 4 13 2 8 9 4 5 0 1 0 2 6 0 0 1 1 5 12 3 2 19 4 5 4 12 2 11 7 6 0 3 20 4 8 1 0 0 15 20 7 32 19 5 6 7 7 0 21 7 9 7 8 7 17 5 13 6 6 8 4 6 8 8 16 2 10 164 19 9 7 9 30 6 14 3 23 5 0 0 13 3 5 2 5 1 4 2 0 1 6 
0 0 0 0 0 0 0 0 0 0 0 0 0 0 0 0 0 0 0 0 0 0 0 0 0 0 0 0 0 0 0 0 0 0 0 0 0 0 0 0 0 0 0 0 0 0 0 0 0 0 0 0 0 0 0 0 0 0 0 0 0 0 0 0 0 0 0 0 0 0 0 0 0 0 0 0 0 0 0 0 0 0 0 0 0 0 0 0 0 0 0 0 0 0 0 0 0 0 0 0 0 0 
6 9 9 5 4 4 5 4 4 5 3 10 13 29 6 32 24 13 13 2 8 6 1 26 8 0 5 13 28 7 1 7 18 3 9 1 1 4 24 5 6 0 2 6 1 7 3 3 2 25 25 16 46 20 6 2 7 35 0 5 2 6 3 9 23 31 9 9 4 9 12 17 19 8 8 7 1 8 43 7 8 1 4 12 4 6 1 20 4 0 0 9 2 2 3 3 0 1 8 1 0 14 
0 2 1 0 1 2 1 3 0 1 0 1 5 1 0 2 1 1 0 0 0 0 0 3 1 0 0 1 4 8 3 1 5 2 3 0 1 1 7 1 4 0 1 3 2 7 3 0 0 11 7 1 6 7 3 3 3 5 0 5 2 4 1 2 4 19 4 8 1 6 16 7 9 5 2 6 0 1 17 2 1 1 0 7 1 4 1 9 3 0 0 2 1 0 1 0 1 1 1 0 1 3 
2 1 1 0 0 4 4 2 7 3 4 5 3 2 3 2 2 3 2 0 0 1 1 1 2 0 0 0 2 3 2 3 5 11 17 5 19 5 14 9 6 0 7 6 9 3 2 5 4 26 3 0 5 2 1 2 1 9 0 9 2 0 5 11 13 19 6 8 0 11 7 2 6 1 0 2 0 3 12 3 2 1 1 6 2 4 2 8 1 0 0 5 4 0 2 0 1 0 1 0 0 0 
0 0 3 0 1 0 1 0 0 5 3 0 3 1 0 0 1 0 0 0 0 0 0 0 0 0 0 0 0 3 2 4 4 0 7 6 10 0 9 2 0 0 0 0 0 2 3 0 0 6 7 1 5 4 0 1 2 9 0 4 2 2 4 1 6 12 6 2 0 5 2 5 0 3 0 1 0 4 8 3 1 1 0 2 0 0 0 1 2 0 0 1 1 0 0 0 0 0 0 0 0 0 
0 6 2 2 0 2 3 2 6 1 0 3 2 1 2 2 2 2 3 0 0 0 2 0 1 2 0 1 6 9 4 2 11 1 17 4 50 14 18 9 6 2 6 5 2 4 7 3 1 33 17 3 20 14 2 3 5 15 0 7 3 10 0 2 9 50 18 13 2 6 15 25 17 10 6 0 0 1 33 3 3 2 2 2 2 4 2 8 0 0 0 5 0 1 0 3 0 0 1 0 0 2 
3 7 4 0 1 4 1 3 5 4 3 2 1 2 1 2 4 1 1 0 0 0 0 1 1 0 0 1 11 14 9 15 16 8 2 8 34 11 26 11 6 5 4 13 7 11 5 1 5 40 8 3 14 10 5 5 5 8 0 36 7 12 6 7 5 39 17 18 16 24 17 29 33 13 4 4 0 2 28 3 2 0 3 6 0 4 2 12 2 0 0 12 0 1 0 1 0 0 0 0 0 1 
7 12 7 1 1 7 10 9 4 3 0 5 5 1 2 1 1 1 0 0 1 0 0 0 3 0 0 2 9 29 14 22 25 19 9 7 27 7 57 17 15 0 9 21 19 18 10 8 9 43 19 25 32 15 5 3 14 16 0 24 10 16 9 15 28 21 22 20 20 55 42 45 44 41 13 9 2 8 70 9 2 8 2 9 6 4 5 11 8 0 0 12 2 1 0 4 0 0 0 0 0 5 
2 1 4 0 3 1 0 3 2 0 0 0 0 0 0 0 0 0 0 0 0 0 0 0 0 0 0 1 0 13 5 3 8 7 2 4 22 5 8 9 3 0 2 1 2 2 1 0 2 9 5 4 5 4 1 1 1 4 0 10 3 3 7 8 11 21 4 7 12 29 20 27 22 8 1 0 1 0 11 4 8 2 1 1 1 2 0 3 2 0 0 1 0 0 0 0 0 0 0 0 0 0 
6 6 2 0 1 0 1 4 2 0 0 1 2 0 0 0 0 1 0 0 0 0 0 1 0 0 0 0 5 10 12 5 11 9 4 3 20 4 12 5 5 0 5 4 4 5 5 2 1 19 12 5 10 6 4 2 5 10 0 12 8 13 3 6 18 35 14 4 8 26 41 41 17 15 2 1 0 2 29 1 3 0 1 4 1 2 0 10 0 0 0 3 0 0 0 0 0 2 0 0 0 0 
2 7 0 0 0 2 0 0 2 1 0 1 0 0 1 3 0 0 0 0 0 0 0 0 1 0 0 0 1 5 5 1 15 6 2 1 7 5 11 5 4 1 0 1 2 4 2 0 2 11 2 4 3 1 1 1 0 1 0 3 2 3 0 5 7 24 16 8 3 9 19 12 5 5 0 1 0 2 8 1 0 1 1 2 0 0 2 1 4 0 0 2 0 0 0 0 0 0 0 0 0 0 
2 3 1 0 0 0 3 3 2 4 0 0 0 0 1 3 0 0 0 0 0 0 0 1 0 0 0 0 0 12 1 2 9 3 15 3 18 6 16 3 1 2 3 5 4 1 2 0 3 10 8 4 12 5 2 1 4 7 0 10 4 6 6 6 14 51 21 17 10 5 14 31 28 22 5 3 0 0 22 0 3 3 0 3 1 6 1 4 3 0 0 1 3 0 0 0 0 0 1 0 0 0 
1 1 5 0 1 0 2 1 1 1 2 0 0 1 0 0 2 1 0 0 0 0 0 0 0 0 0 0 5 8 3 1 12 6 7 3 18 8 22 5 8 2 4 5 3 0 3 2 0 17 0 2 7 0 1 0 4 6 0 7 3 1 2 11 22 38 12 19 19 32 6 69 17 21 0 1 0 1 21 3 6 1 0 4 2 5 0 7 0 0 0 7 0 0 0 0 0 0 0 0 0 3 
0 1 2 0 0 3 3 2 6 0 0 1 2 1 1 1 6 0 0 0 0 0 0 1 0 0 0 2 6 7 1 2 17 12 8 2 18 7 31 4 11 0 3 6 3 6 3 1 5 24 3 2 6 3 3 0 4 6 0 11 4 4 4 12 39 38 19 22 14 35 34 2 37 29 9 0 0 3 32 7 1 0 1 3 4 6 1 7 1 0 0 0 3 1 1 2 0 0 0 0 0 1 
3 5 2 0 1 2 3 4 4 0 2 5 1 1 5 1 1 1 0 0 0 0 0 0 0 0 0 2 4 8 4 7 11 15 17 9 27 6 21 11 9 0 8 7 7 20 11 3 4 34 31 10 31 3 19 5 12 13 0 14 5 6 2 11 28 64 24 25 11 37 25 41 4 17 2 2 0 2 37 4 3 2 7 5 1 3 2 11 0 0 0 3 0 1 2 0 0 0 0 0 0 3 
2 5 3 1 1 5 7 3 7 6 1 4 2 4 1 2 2 1 1 0 0 0 1 2 4 0 0 0 0 0 3 1 7 11 11 3 15 7 14 6 8 0 7 4 8 7 4 1 1 18 5 5 16 16 6 1 3 9 0 12 9 4 0 16 16 31 8 20 7 31 16 39 18 2 2 5 1 1 39 3 2 2 3 12 3 8 3 16 4 0 0 4 0 0 0 0 0 0 3 0 0 4 
1 2 2 0 1 0 2 0 5 7 0 3 6 6 1 9 3 7 0 0 2 3 2 4 1 0 0 5 2 7 1 11 25 6 5 2 1 2 9 5 13 3 11 13 5 11 12 2 8 67 2 5 3 3 1 1 7 8 0 12 2 3 2 5 5 8 1 3 0 4 1 5 4 6 7 4 6 4 182 20 30 10 11 60 14 18 9 68 18 0 0 13 3 5 2 3 2 15 8 1 0 25 
5 0 1 0 1 3 2 1 2 4 2 3 8 3 4 5 5 4 0 1 3 0 3 4 1 0 0 3 1 4 1 5 20 5 0 1 0 3 8 3 7 2 5 13 13 13 12 2 4 36 6 4 8 3 8 2 4 12 0 7 8 1 2 5 6 6 1 2 2 7 7 2 4 1 6 6 4 7 147 23 10 14 7 65 13 15 7 49 13 0 0 8 0 2 3 4 0 6 18 1 1 9 
0 0 0 0 0 2 0 1 0 2 0 0 1 1 1 1 1 1 0 0 2 0 0 0 0 0 0 0 0 1 0 0 4 1 4 0 3 0 5 2 0 0 2 3 1 1 2 1 0 3 0 0 1 0 1 0 0 2 0 2 1 0 0 0 0 3 0 0 0 0 0 3 2 2 0 6 1 6 63 13 8 0 5 17 7 3 1 10 2 0 0 2 0 2 2 0 1 1 1 0 0 1 
2 2 0 0 1 0 3 3 6 3 0 1 2 7 2 7 1 2 0 0 0 1 0 2 0 0 0 0 1 1 1 1 12 0 1 0 1 1 4 5 4 0 9 11 2 6 3 4 2 22 2 6 5 5 5 5 6 12 0 7 1 4 0 3 2 6 0 4 0 1 3 5 1 3 13 19 4 3 95 26 16 4 8 49 13 12 8 32 4 0 0 10 2 5 0 2 0 4 4 2 0 9 
10 16 8 1 2 10 22 12 11 24 10 13 21 30 15 30 19 10 3 1 2 7 3 23 5 0 1 10 14 22 8 24 45 25 13 2 24 13 54 22 13 3 26 56 23 27 16 13 10 97 103 54 113 65 33 25 42 124 0 27 5 5 6 20 28 39 12 32 4 19 14 20 11 21 152 126 46 68 18 69 60 28 52 211 38 49 28 119 15 0 0 49 11 16 15 11 9 17 19 3 4 29 
1 2 0 0 1 0 0 1 1 0 0 0 2 3 2 4 4 1 2 0 0 0 0 0 0 0 0 0 2 4 0 5 10 2 0 0 8 1 10 3 3 2 12 18 5 10 6 1 6 39 10 2 22 4 5 3 4 15 0 6 5 1 2 4 12 5 3 1 2 5 7 4 6 3 18 18 13 22 105 2 16 12 13 133 35 21 3 37 9 0 0 22 5 8 6 5 2 5 7 2 1 20 
1 6 2 0 1 0 2 1 0 1 0 0 3 3 0 0 0 1 1 0 0 0 2 3 2 0 0 3 11 5 1 2 15 1 0 0 0 1 2 3 2 3 12 23 6 10 10 3 6 21 6 4 16 7 3 3 1 10 0 2 2 2 0 0 6 4 4 2 2 3 6 1 2 1 15 21 3 13 153 22 4 7 16 108 32 30 6 48 5 0 0 21 12 3 4 6 0 6 4 2 0 10 
2 2 1 1 3 1 1 1 1 0 0 1 3 0 1 1 1 2 1 0 0 0 1 3 0 0 0 2 1 4 1 4 11 1 1 2 3 0 7 4 10 0 14 28 6 20 11 6 4 46 3 4 3 2 2 0 2 2 0 2 1 0 0 0 4 5 2 1 1 1 2 1 2 2 9 14 6 10 42 7 6 6 9 42 15 18 9 57 7 0 0 7 5 10 7 7 0 17 4 1 2 33 
3 3 1 1 0 1 0 0 0 1 2 0 0 3 0 5 2 0 0 0 0 0 1 1 0 0 0 0 3 3 2 0 7 1 0 0 1 7 8 8 3 1 20 21 4 6 10 4 5 28 6 3 4 4 1 2 4 11 0 4 2 0 2 1 1 3 3 3 3 1 3 4 1 1 11 21 3 15 104 8 13 0 6 111 32 15 8 51 12 0 0 15 7 8 5 6 1 6 8 0 1 19 
4 7 3 3 0 0 4 2 5 2 0 3 1 1 2 0 2 0 1 1 2 0 0 2 2 0 1 3 6 13 6 7 17 2 2 0 3 8 11 17 19 3 46 81 21 53 21 24 18 83 29 7 46 14 10 4 14 33 0 3 3 5 1 6 3 7 4 1 1 6 2 6 11 7 59 39 17 50 216 96 83 31 88 13 107 73 28 143 30 0 0 54 12 20 23 22 8 31 22 5 5 55 
1 2 1 0 0 1 1 5 5 1 0 0 0 0 0 0 0 0 0 0 0 0 0 3 0 0 0 0 4 9 0 3 3 0 0 1 2 2 8 8 1 1 28 59 15 14 8 5 8 33 8 0 8 1 1 3 9 10 0 3 2 1 0 1 3 1 2 1 4 2 2 1 6 1 9 7 0 10 48 34 25 14 17 118 3 44 11 54 11 0 0 43 10 12 7 4 2 12 8 6 0 26 
9 4 0 1 0 2 3 2 2 3 0 0 4 0 0 2 4 6 1 1 2 0 0 5 2 0 0 10 5 10 9 8 28 1 5 3 23 17 31 8 11 4 65 133 26 54 37 11 21 107 16 8 26 9 1 2 4 8 0 14 4 3 1 3 2 9 3 0 0 2 1 2 2 4 25 7 2 15 48 11 11 9 17 64 32 9 23 81 32 0 0 73 14 28 22 29 8 32 18 6 4 50 
2 2 2 1 1 4 3 2 1 0 0 0 3 3 1 2 3 4 2 1 1 1 2 2 3 1 0 7 1 12 4 9 17 9 8 1 23 11 30 13 9 3 40 108 17 37 17 4 7 58 9 4 13 5 3 0 4 3 0 2 1 0 1 3 1 3 0 1 1 1 2 0 2 2 9 7 1 8 24 10 15 14 17 56 20 43 4 48 13 0 0 69 15 14 10 21 1 17 16 3 2 42 
22 23 7 3 7 3 9 2 5 12 3 5 1 1 3 10 17 10 6 2 7 4 5 33 9 1 1 35 6 47 10 34 154 9 10 13 45 34 108 29 27 4 75 174 59 121 82 50 71 517 33 12 50 6 1 4 9 12 0 5 8 1 5 8 4 9 4 5 1 2 4 11 5 8 33 27 1 29 105 27 42 30 36 118 53 53 40 19 32 0 0 152 26 35 22 53 10 30 27 18 12 212 
9 1 1 0 1 3 2 1 1 0 0 0 3 0 0 3 8 5 2 3 3 0 2 6 0 0 0 5 0 13 11 7 23 3 11 4 29 20 37 23 17 12 44 75 23 32 19 9 14 67 10 9 10 5 5 2 0 3 0 3 2 0 0 1 5 4 1 0 0 0 3 2 1 0 4 5 1 3 22 11 7 5 9 21 12 39 25 35 7 0 0 71 12 20 23 13 5 8 11 3 3 49 
0 0 0 0 0 0 0 0 0 0 0 0 0 0 0 0 0 0 0 0 0 0 0 0 0 0 0 0 0 0 0 0 0 0 0 0 0 0 0 0 0 0 0 0 0 0 0 0 0 0 0 0 0 0 0 0 0 0 0 0 0 0 0 0 0 0 0 0 0 0 0 0 0 0 0 0 0 0 0 0 0 0 0 0 0 0 0 0 0 0 0 0 0 0 0 0 0 0 0 0 0 0 
0 0 0 0 0 0 0 0 0 0 0 0 0 0 0 0 0 0 0 0 0 0 0 0 0 0 0 0 0 0 0 0 0 0 0 0 0 0 0 0 0 0 0 0 0 0 0 0 0 0 0 0 0 0 0 0 0 0 0 0 0 0 0 0 0 0 0 0 0 0 0 0 0 0 0 0 0 0 0 0 0 0 0 1 0 0 0 0 0 0 0 0 0 0 0 0 0 0 1 0 0 0 
3 12 3 0 2 4 6 6 7 3 6 9 17 16 10 12 15 4 5 6 2 2 1 6 9 0 0 12 17 31 16 18 66 24 34 23 115 66 139 51 53 5 67 227 68 129 82 55 43 261 20 9 30 9 8 4 2 14 0 9 1 4 1 8 11 3 3 1 0 2 2 5 3 3 28 8 1 6 44 19 24 20 12 66 41 74 52 180 50 0 0 12 48 65 33 94 12 52 34 8 9 126 
0 1 3 0 0 4 5 1 1 0 0 1 1 3 2 0 2 3 1 0 0 0 0 0 0 0 0 3 1 10 0 6 18 4 1 6 15 15 23 7 9 3 51 77 20 21 9 8 11 46 3 1 3 3 1 1 1 0 0 0 0 1 0 1 0 2 0 0 0 0 0 0 0 0 2 3 0 1 3 5 8 2 6 18 7 24 17 55 14 0 0 62 3 5 14 9 1 6 4 2 0 26 
3 2 1 0 0 0 0 3 3 0 2 1 1 1 0 4 4 0 0 0 0 1 0 3 0 0 0 1 1 8 1 11 25 2 6 8 33 10 37 6 16 7 30 84 22 28 21 11 13 53 5 5 6 1 3 2 4 5 0 0 0 0 0 1 3 0 0 0 0 0 0 3 0 0 8 6 1 5 14 6 20 5 12 38 13 34 8 77 10 0 0 82 19 5 4 17 6 13 12 0 2 56 
1 1 2 0 0 2 1 1 0 2 0 0 1 1 0 1 1 0 4 0 3 0 0 0 1 0 0 0 1 4 1 7 15 5 4 3 9 4 16 8 12 2 16 58 28 25 12 6 10 58 2 3 4 3 4 2 3 3 0 1 0 0 0 2 0 1 0 0 0 0 0 0 0 2 3 1 0 2 18 7 1 4 7 14 13 11 7 44 10 0 0 31 10 6 2 12 2 5 3 1 2 56 
1 2 4 1 2 0 0 1 0 3 2 3 2 0 2 3 3 4 0 0 0 0 0 2 0 0 0 2 0 7 4 6 15 0 2 5 14 15 30 3 12 2 35 101 23 36 14 10 11 58 1 2 4 1 1 0 2 3 0 3 0 0 0 0 0 1 0 0 0 0 1 0 5 0 2 3 1 2 21 5 3 6 5 12 12 15 18 77 22 0 0 116 19 23 13 13 1 16 5 1 0 78 
2 0 0 0 0 0 1 0 1 0 0 0 0 0 0 2 0 0 0 0 0 0 0 0 0 0 0 0 0 1 0 3 4 0 0 0 4 3 4 4 1 0 3 24 7 9 2 0 2 15 1 2 0 2 1 0 1 0 0 0 0 0 0 1 0 0 0 0 0 0 0 0 1 0 0 2 0 0 1 0 2 0 1 2 0 5 2 19 4 0 0 11 1 2 1 0 0 1 1 0 0 5 
0 0 2 0 0 1 0 0 0 0 0 1 0 0 0 1 2 0 0 0 0 0 0 2 1 0 0 0 0 4 0 3 7 1 1 2 12 1 23 5 2 0 19 50 15 29 29 2 5 69 2 4 7 4 0 1 2 0 0 4 1 2 0 0 0 0 0 2 0 0 0 0 0 0 3 5 1 4 10 6 10 5 10 37 7 16 7 38 9 0 0 48 7 2 16 30 3 3 3 2 0 55 
1 1 1 0 0 2 0 0 0 2 0 2 0 0 0 1 0 0 0 0 1 0 0 0 0 0 0 3 1 6 2 1 9 0 2 4 18 4 20 2 11 0 23 46 25 24 11 6 9 49 10 1 7 2 3 0 0 5 0 0 0 0 0 0 0 0 0 0 0 0 0 0 1 0 6 8 2 6 11 8 9 10 5 28 12 26 3 54 15 0 0 44 6 6 6 7 0 0 12 1 1 31 
1 0 0 0 0 1 0 0 0 0 0 0 0 0 0 0 3 0 0 0 0 0 0 0 0 0 0 0 0 3 1 0 1 0 1 5 1 1 3 1 0 1 3 13 5 6 3 2 0 7 2 0 0 0 0 0 0 0 0 0 0 0 0 0 0 0 0 0 0 0 0 0 0 0 1 0 0 0 0 3 1 0 0 5 0 1 2 8 2 0 0 17 2 2 3 1 0 0 1 2 0 2 
0 0 0 0 0 0 0 0 1 0 0 0 0 0 0 1 0 0 0 0 0 0 0 1 0 0 0 0 0 0 1 2 0 0 0 1 5 1 3 0 0 0 2 5 6 4 3 2 2 4 2 0 1 0 0 0 0 0 0 0 0 0 1 0 1 1 0 0 0 0 0 0 0 0 1 0 0 2 3 0 1 2 1 6 2 6 1 11 1 0 0 16 0 0 2 1 2 0 3 0 1 3 
11 22 13 3 3 4 6 4 7 5 3 2 7 3 2 5 12 3 5 2 4 1 5 9 1 0 0 9 1 37 10 12 57 10 16 18 43 31 76 30 32 5 83 108 52 101 100 64 75 291 26 13 35 5 0 1 7 11 0 14 3 2 1 2 5 2 2 1 1 0 2 6 1 1 28 9 0 15 37 14 32 24 27 83 26 57 36 293 45 0 0 122 18 41 52 69 7 44 28 5 2 10 
