10 11 75 10 12 39 55 40 78 40 23 45 107 188 105 101 54 39 43 7 7 10 8 50 22 4 2 44 67 0 0 3 20 1 4 4 9 1 39 17 25 1 22 13 13 18 10 5 3 68 11 2 17 2 2 1 6 4 0 3 5 6 2 2 9 22 3 1 0 2 2 6 4 9 2 6 1 2 16 1 1 6 0 2 2 6 5 29 8 0 0 9 1 3 2 1 1 1 4 0 0 8 
5 12 49 9 15 37 60 37 80 32 15 64 98 176 110 119 77 49 35 14 12 13 7 29 12 0 2 25 107 0 4 5 18 5 12 3 11 6 40 31 17 0 18 19 19 24 17 6 8 60 8 3 11 5 5 0 2 13 0 0 4 6 1 4 5 26 3 5 1 0 2 6 6 3 1 1 1 2 23 4 2 5 1 11 2 11 2 38 3 0 0 16 3 0 0 0 0 0 4 0 0 15 
26 24 11 10 13 44 48 59 69 41 17 47 55 167 117 65 56 24 32 15 8 10 3 29 8 0 3 30 543 3 2 1 14 0 4 7 4 1 36 41 19 2 10 15 15 30 12 3 3 43 10 1 11 5 4 1 3 5 0 0 1 13 1 10 5 22 17 6 2 3 4 4 6 3 0 0 0 3 24 0 1 2 0 10 2 10 0 19 3 0 0 10 5 2 4 1 0 1 1 1 0 12 
17 4 36 2 2 8 11 31 19 8 0 6 8 36 25 10 5 5 4 1 2 4 3 6 5 1 0 16 19 1 0 0 4 0 2 0 0 1 11 3 4 2 1 4 3 3 3 0 0 15 2 0 4 0 0 3 2 0 0 0 2 6 0 0 0 1 0 0 0 0 0 1 1 1 1 1 1 1 8 0 0 0 0 3 0 2 0 1 0 0 0 0 0 0 0 0 0 0 0 2 0 1 
13 31 4 1 4 16 10 5 14 6 10 13 10 50 18 27 27 8 4 3 10 1 2 5 7 0 0 16 25 0 1 0 6 1 0 1 1 2 14 2 3 1 4 4 4 2 6 0 1 18 1 1 3 2 2 3 1 2 0 0 2 2 1 2 0 9 3 1 0 1 0 0 0 3 0 1 0 4 11 0 2 0 1 3 1 1 6 3 1 0 0 3 0 0 0 0 0 0 1 0 2 1 
30 81 63 15 36 11 24 22 52 37 24 74 81 181 81 138 95 51 54 22 25 14 4 36 19 1 1 24 88 8 4 4 13 2 5 0 4 10 49 23 11 1 18 20 14 14 9 3 1 33 4 4 5 7 2 4 6 9 0 0 1 19 4 2 9 20 6 1 1 3 3 6 4 6 1 2 2 6 9 0 1 2 4 7 0 1 0 14 4 0 0 21 9 3 5 2 0 0 3 0 0 0 
50 44 43 21 15 17 10 45 42 32 25 47 81 147 94 86 68 35 48 9 25 17 17 33 5 2 0 23 52 11 0 2 24 1 4 1 3 8 38 32 27 8 12 25 15 21 18 3 3 49 4 3 7 7 3 5 6 15 0 7 2 20 7 4 8 22 8 1 3 2 2 1 4 8 1 3 1 5 18 1 0 0 0 5 0 4 2 8 6 0 0 14 4 3 1 0 1 0 9 0 0 11 
39 52 63 9 13 14 40 13 21 31 42 58 106 148 93 166 81 38 43 21 16 15 5 24 22 2 0 24 42 1 4 6 12 12 4 1 3 7 56 29 24 4 17 10 13 27 12 0 3 31 4 0 10 6 0 2 1 6 0 2 2 26 1 11 18 18 3 6 3 0 3 4 6 3 0 2 0 0 17 2 0 0 1 5 2 1 2 15 1 0 0 10 15 5 1 0 0 1 1 0 0 3 
34 64 85 7 41 43 65 43 9 9 20 75 98 123 77 133 79 36 42 3 19 25 18 32 16 0 0 27 31 5 4 3 17 4 2 2 2 8 89 21 21 2 17 7 9 29 25 3 5 40 4 1 8 1 2 2 4 9 0 1 1 11 5 1 17 23 1 4 1 1 5 3 4 4 3 0 1 1 16 0 1 1 0 0 1 2 1 11 1 0 0 10 7 6 5 0 0 0 3 0 1 2 
38 36 46 6 8 16 32 18 7 7 10 43 35 73 45 91 58 47 19 7 22 6 9 31 19 1 1 34 38 10 1 3 6 0 0 1 1 2 61 16 10 0 12 25 7 18 8 2 4 24 9 4 4 3 1 7 0 9 0 1 1 35 0 1 4 6 4 1 0 1 1 2 4 1 3 2 2 2 28 4 1 1 1 3 0 0 3 10 1 0 0 13 4 0 3 0 0 0 2 0 0 4 
12 19 29 4 16 9 23 13 50 26 2 22 45 87 29 49 72 32 34 5 4 4 9 19 9 1 0 21 28 5 4 4 3 0 1 0 0 2 37 25 14 1 5 5 3 11 2 3 2 16 4 1 2 8 2 1 0 5 0 1 1 14 2 1 2 1 6 0 0 1 0 1 1 2 3 0 0 0 10 1 0 0 0 0 0 0 0 1 0 0 0 16 4 1 2 0 0 0 0 0 0 0 
45 54 45 8 15 39 41 59 51 30 19 6 76 100 54 111 89 79 60 11 17 11 10 52 30 3 0 62 51 11 1 3 14 4 3 3 1 10 86 24 15 2 12 2 8 17 16 8 6 29 5 3 10 4 1 0 4 10 0 13 3 28 2 4 1 14 0 2 0 4 0 10 4 5 4 0 0 1 13 0 0 2 0 0 1 0 0 3 1 0 0 13 2 2 5 1 0 0 1 0 0 7 
35 61 42 11 30 52 55 75 85 58 20 33 8 98 42 103 117 81 63 24 29 25 16 64 32 5 0 73 53 19 3 4 20 3 2 1 3 9 67 33 31 2 13 14 11 27 2 2 2 32 4 4 5 6 3 4 9 7 0 3 1 13 4 1 2 8 0 0 1 1 1 0 3 8 3 1 0 0 9 2 1 0 0 0 0 3 0 2 2 0 0 9 2 3 0 4 0 1 3 0 1 9 
32 70 47 4 18 31 22 47 39 33 14 22 27 3 15 67 70 59 53 20 34 20 19 60 39 4 6 150 31 2 0 1 4 0 2 2 2 2 12 22 12 2 9 2 14 10 9 4 3 25 5 4 6 4 5 0 2 6 0 1 0 5 0 0 1 0 0 0 0 0 1 1 1 1 5 4 0 0 12 5 0 0 0 0 0 0 0 4 1 0 0 21 0 0 1 0 3 1 2 0 0 2 
52 77 66 8 28 41 45 47 64 70 28 56 64 42 8 51 87 60 54 24 57 28 29 74 34 8 3 149 38 4 0 2 25 1 6 0 1 2 15 16 9 1 14 13 5 18 4 2 2 18 8 4 16 11 5 1 3 5 0 3 3 12 0 1 0 0 0 0 0 0 1 0 1 2 4 3 0 1 15 1 0 0 0 1 0 0 0 8 0 0 0 8 3 2 0 0 0 0 2 0 0 4 
26 60 40 6 11 35 51 60 61 65 20 49 48 98 21 14 122 87 125 28 90 32 26 97 62 23 0 115 22 29 8 17 56 21 44 14 91 2 12 55 23 6 19 31 17 15 14 6 1 39 8 5 10 9 2 5 4 7 0 6 1 6 0 1 2 1 0 0 1 1 4 0 1 1 6 0 0 1 26 3 2 0 0 0 0 1 1 7 6 0 0 13 1 0 1 3 0 0 2 0 0 9 
17 43 30 8 22 35 27 35 42 69 28 68 100 195 116 161 9 71 204 23 81 38 52 93 41 8 2 79 22 24 13 22 60 20 51 24 69 23 153 86 34 12 42 45 43 40 37 5 10 79 8 2 15 4 2 1 10 7 0 1 10 26 5 3 2 0 0 0 0 1 0 1 7 1 5 4 2 3 24 3 3 0 0 0 0 3 0 21 4 0 0 15 6 2 2 2 0 0 0 1 0 6 
15 47 25 8 5 21 19 23 26 55 18 61 98 185 96 175 94 14 65 19 50 18 19 51 21 19 1 93 37 17 7 20 36 17 45 9 50 14 118 23 18 5 30 49 22 35 36 8 6 58 5 5 21 11 3 5 6 0 0 8 1 7 1 2 1 0 1 0 0 0 1 0 3 1 3 2 0 2 24 2 1 1 0 1 0 5 3 13 6 0 0 12 2 4 0 1 0 0 1 0 0 3 
31 30 22 1 8 32 15 25 28 17 9 29 58 141 74 102 95 32 2 13 38 14 41 50 23 8 7 85 27 9 8 14 23 10 26 2 26 11 29 11 8 3 4 14 8 19 15 1 0 28 4 0 5 0 4 2 4 1 0 1 1 2 0 2 0 1 0 0 0 0 0 0 0 1 0 0 0 1 2 0 0 0 0 0 0 6 0 6 1 0 0 6 1 0 0 1 0 0 0 0 0 0 
15 27 14 6 4 7 12 27 24 37 18 43 50 104 67 124 95 58 48 7 12 8 10 40 20 9 6 121 27 6 2 2 15 3 23 19 21 23 44 20 13 1 11 11 10 9 9 1 5 21 1 0 3 0 1 2 0 3 0 2 0 4 1 1 0 0 0 0 0 0 0 0 1 0 7 0 0 0 8 1 0 0 0 2 0 5 3 4 0 0 0 2 0 0 0 1 0 0 0 0 0 2 
12 22 12 3 8 8 16 13 28 15 10 29 34 154 74 220 155 110 126 6 3 2 30 23 19 16 8 92 24 9 1 5 11 4 15 6 23 6 102 13 20 2 11 12 6 12 12 3 2 27 1 1 1 1 0 1 1 1 0 0 1 1 0 0 0 0 0 0 0 0 0 0 0 0 1 1 0 0 2 0 0 0 0 0 0 1 0 11 0 0 0 3 0 0 0 0 0 0 0 0 0 3 
31 33 21 5 13 34 17 43 40 38 16 66 85 273 111 276 186 107 129 22 13 11 38 39 14 23 10 156 15 4 2 6 25 19 27 16 40 25 93 11 12 0 10 27 5 16 11 5 7 39 0 2 2 1 1 0 1 3 0 1 1 0 0 2 1 0 0 0 0 0 0 0 0 0 0 3 2 0 3 3 1 0 0 0 0 1 2 10 1 0 0 4 0 0 1 0 0 0 0 0 0 1 
13 14 7 4 7 25 0 8 18 25 8 29 30 104 72 189 159 98 80 43 113 10 4 40 5 20 5 171 11 5 2 3 23 11 19 3 31 4 114 7 11 4 15 10 14 11 14 2 4 24 2 4 5 2 1 3 2 2 0 2 1 0 0 0 0 0 0 0 0 0 0 0 0 0 1 0 0 1 8 1 4 0 1 0 0 1 0 8 4 0 0 4 0 0 0 0 0 0 1 0 0 4 
13 23 18 4 18 20 21 28 64 52 26 65 94 190 149 292 232 178 179 40 100 47 23 16 11 44 40 158 12 5 1 6 30 12 34 16 48 15 136 35 32 3 8 15 28 40 18 6 6 77 13 4 21 2 1 4 4 4 0 3 0 5 0 3 0 0 0 0 0 0 0 0 0 0 1 3 0 2 12 0 1 1 0 2 1 2 2 14 6 0 0 6 0 0 0 0 0 0 1 0 0 3 
50 30 17 7 13 25 12 20 30 62 17 54 96 172 105 152 119 71 77 41 57 25 19 22 5 13 26 96 13 15 8 11 157 12 29 10 47 20 42 35 41 4 21 22 36 48 30 15 24 155 32 8 24 7 3 4 3 17 0 0 2 0 0 4 2 2 0 1 0 0 0 0 1 2 7 7 2 3 32 5 3 3 4 5 3 12 6 54 3 0 0 13 0 1 0 1 1 0 7 0 0 7 
0 0 0 0 1 0 0 4 5 3 0 0 0 11 6 18 12 14 9 1 20 18 4 46 26 0 2 17 0 3 6 1 4 0 2 0 2 0 9 0 2 1 1 1 1 1 0 2 1 1 0 0 0 0 0 0 0 0 0 0 0 0 0 0 0 0 0 0 0 0 0 0 0 0 0 0 0 0 3 0 0 0 0 0 0 0 0 0 0 0 0 0 0 0 0 0 0 0 0 0 0 0 
4 5 2 0 0 3 0 1 4 4 0 3 10 20 14 30 26 8 11 10 25 16 10 56 18 2 2 105 0 2 0 0 9 1 4 2 12 2 18 0 3 1 1 2 7 0 5 0 1 14 0 1 1 0 0 0 0 0 0 0 0 0 1 1 1 1 0 0 0 0 0 0 1 0 2 0 0 0 3 0 0 0 0 0 0 0 0 3 0 0 0 0 0 0 0 0 0 0 0 0 0 0 
35 23 41 4 14 20 21 9 29 48 25 64 82 211 163 213 161 88 91 67 103 77 71 135 51 25 25 16 15 4 6 6 41 5 16 11 72 32 97 41 55 1 20 29 39 30 33 9 7 126 14 5 16 7 4 9 5 11 0 3 2 1 0 1 0 0 0 0 0 0 0 0 0 0 3 6 3 2 25 2 1 7 0 3 1 13 4 40 6 0 0 17 4 5 2 1 0 0 6 0 0 10 
3 7 3 3 0 6 3 12 14 2 1 6 3 5 7 9 6 2 5 1 2 0 0 4 4 1 0 5 0 0 0 1 1 0 1 0 0 0 1 1 1 0 0 0 1 3 0 0 0 5 1 0 0 0 1 0 0 0 0 0 0 0 0 1 0 3 0 0 0 0 0 0 0 0 0 0 0 0 1 1 0 0 0 0 0 0 0 0 0 0 0 1 0 0 0 0 0 0 0 1 0 1 
1 6 6 1 2 5 8 9 2 7 4 13 17 13 10 60 89 49 54 9 7 4 3 26 7 1 2 8 8 22 115 210 648 310 617 416 851 370 420 237 141 15 120 154 134 149 97 31 32 301 11 6 18 19 11 13 15 10 0 14 22 60 4 52 48 92 12 25 12 12 2 5 9 2 6 9 3 3 33 11 10 5 4 7 3 27 7 91 25 0 0 106 22 8 14 12 1 6 13 2 0 33 
0 0 1 0 1 4 2 1 2 0 2 4 8 5 2 10 33 23 21 1 0 2 0 9 3 0 0 5 1 60 7 110 225 118 215 111 281 103 143 53 33 7 35 44 37 42 31 2 10 65 4 6 12 10 1 6 6 4 0 10 5 25 2 7 28 48 19 8 6 7 3 1 8 1 4 0 0 1 12 1 1 1 0 9 1 18 2 23 6 0 0 24 8 5 13 5 0 1 1 0 1 13 
0 11 6 0 1 8 3 12 3 2 0 4 16 8 15 43 81 35 31 2 7 0 0 3 8 0 0 1 3 186 80 20 228 115 377 209 527 262 405 169 116 23 94 98 79 92 86 15 21 197 9 7 21 8 7 10 12 6 0 12 26 43 7 10 35 81 17 11 24 1 6 6 8 8 4 5 0 2 27 5 6 4 4 2 0 12 3 51 24 0 0 69 20 10 17 5 0 1 6 0 0 27 
9 12 7 1 2 1 8 4 9 11 3 6 8 24 16 18 36 26 19 5 3 3 6 37 16 0 0 28 4 222 57 139 23 53 127 195 701 126 241 157 121 23 104 108 94 114 118 41 37 325 21 9 18 12 10 10 17 12 0 13 4 16 5 14 14 29 13 6 8 11 23 20 7 6 12 2 1 2 38 5 4 5 6 4 1 25 3 119 18 0 0 49 9 20 9 10 2 4 9 1 2 24 
3 4 0 0 1 1 0 1 0 2 1 0 1 5 1 19 23 20 13 0 2 4 2 10 4 0 1 13 2 97 18 49 43 3 52 37 194 109 207 74 48 6 57 77 32 66 29 12 15 101 10 0 11 8 3 4 7 9 0 5 2 67 4 1 18 37 9 12 4 8 11 8 15 14 0 2 0 1 25 0 2 0 0 1 1 4 2 31 5 0 0 87 9 4 10 3 1 0 1 0 0 11 
1 6 2 0 2 3 1 1 3 0 2 0 1 2 7 22 33 23 6 1 8 4 0 14 8 0 1 12 4 127 58 105 158 104 13 18 210 71 191 141 45 6 58 38 54 35 34 11 14 93 7 3 11 9 1 2 5 0 0 4 2 40 4 16 7 23 4 2 2 11 4 18 16 11 3 4 0 1 21 1 0 1 0 0 0 5 1 13 3 0 0 61 17 7 6 9 1 0 6 0 0 17 
4 1 2 0 1 1 1 1 1 1 1 0 1 0 4 24 27 21 20 4 7 3 6 9 5 1 1 10 2 159 57 106 176 58 70 8 287 108 118 84 67 13 34 46 52 36 28 14 11 115 4 8 12 3 3 2 2 5 0 1 0 17 2 12 21 18 3 5 4 7 1 4 3 1 3 3 1 1 7 1 0 0 1 1 0 1 3 10 3 0 0 37 5 9 14 6 1 3 4 1 1 11 
4 1 2 0 1 1 0 1 0 1 1 0 1 3 3 18 17 7 11 4 2 5 2 10 6 1 0 12 3 204 85 159 160 82 162 102 21 70 254 196 110 37 81 76 73 125 89 31 37 250 11 4 7 3 1 3 4 0 0 1 1 15 7 12 5 8 3 6 4 1 9 7 11 6 2 0 0 2 4 2 2 0 0 0 0 5 1 25 13 0 0 86 13 10 14 11 4 9 5 2 2 26 
9 3 5 1 3 4 2 4 19 7 3 6 36 22 7 5 28 25 15 2 3 2 2 12 6 0 0 25 22 103 37 129 197 111 146 68 214 25 204 332 133 19 190 193 127 139 107 33 25 266 8 5 9 0 2 0 3 1 0 2 0 24 2 26 19 19 5 5 2 2 6 7 8 6 3 2 0 2 9 1 1 0 0 3 2 29 8 60 24 0 0 121 9 19 12 8 2 2 9 2 1 32 
13 20 21 2 5 10 3 11 4 15 1 8 15 22 5 6 20 46 3 7 17 8 3 26 13 3 0 44 8 75 26 78 160 87 129 73 363 90 16 294 227 21 190 236 107 136 123 28 29 278 7 1 14 7 3 3 4 9 0 2 0 47 0 10 24 14 4 3 0 6 7 2 7 10 6 4 1 2 18 2 3 2 0 1 1 16 6 77 23 0 0 163 22 16 19 10 2 4 11 0 3 48 
19 28 25 5 11 22 18 35 35 46 16 40 36 47 49 101 55 52 45 8 10 4 12 42 16 8 5 68 13 124 56 177 308 136 411 144 1003 428 1146 27 94 74 245 486 172 332 266 58 61 406 9 2 21 8 3 1 9 5 0 2 12 42 3 23 17 31 2 5 6 3 5 13 14 5 3 0 2 3 23 8 5 7 10 10 7 6 17 28 46 0 0 90 17 18 20 8 1 3 3 1 1 46 
15 20 8 0 5 10 7 6 24 5 6 10 12 14 11 30 45 35 30 10 20 0 7 25 14 4 1 36 11 76 15 77 162 88 140 63 348 232 475 75 14 31 166 278 94 231 148 46 39 266 4 8 5 2 0 4 2 3 0 1 3 22 10 14 12 14 2 1 0 3 3 8 8 6 3 1 0 0 11 1 3 7 1 17 2 11 19 14 10 0 0 100 9 13 18 8 0 2 6 0 2 33 
1 0 5 0 0 4 1 2 2 2 1 4 0 5 1 1 3 5 3 0 5 0 3 2 1 0 0 5 3 14 6 13 44 13 22 4 102 28 57 58 21 3 59 104 37 76 27 8 14 58 2 7 5 2 0 1 3 0 0 0 1 14 0 1 0 3 3 0 0 1 1 0 0 4 1 0 0 0 2 0 0 1 4 3 2 8 0 15 7 0 0 34 6 9 4 7 0 0 6 0 1 10 
7 10 5 3 0 6 7 13 9 5 1 1 17 6 11 25 29 20 5 1 7 7 1 7 6 1 0 16 7 33 11 39 91 31 54 30 171 85 191 76 44 16 12 86 76 200 41 21 19 130 8 7 14 6 1 1 2 5 0 3 3 16 1 5 5 11 3 2 2 1 7 2 11 2 9 6 1 2 15 18 17 16 7 39 24 52 33 100 27 0 0 59 45 44 26 25 8 21 20 3 4 107 
15 11 18 1 4 8 2 10 1 4 4 4 12 10 10 16 23 17 13 3 8 1 1 20 10 0 2 20 10 37 9 51 95 43 104 26 156 121 160 139 86 36 120 18 146 325 133 58 28 317 12 2 26 7 3 5 12 14 0 2 2 10 0 8 5 11 5 3 0 4 6 2 4 5 29 8 4 2 43 13 25 14 7 50 20 91 39 82 47 0 0 237 60 82 68 50 12 14 38 5 2 91 
9 16 9 0 3 4 8 13 10 3 2 9 10 9 8 19 50 23 18 14 5 5 1 21 9 3 0 22 7 46 19 43 122 50 112 41 232 112 163 155 77 57 176 228 14 278 141 86 55 340 12 3 10 3 2 3 2 4 0 2 6 16 2 13 13 17 10 8 4 3 2 3 14 7 10 4 0 5 18 3 4 7 6 25 10 31 14 56 29 0 0 146 33 31 41 27 5 14 26 3 0 52 
3 12 9 5 5 12 8 8 8 8 5 13 11 16 2 17 34 49 20 8 8 3 4 24 7 0 1 18 7 45 11 37 178 25 69 49 202 130 195 125 128 24 114 287 112 10 151 171 72 331 14 4 6 5 4 2 5 11 0 3 1 13 0 6 4 13 4 5 2 1 5 6 9 8 9 1 0 5 12 4 4 6 8 30 8 56 14 105 37 0 0 173 32 58 28 15 7 13 19 5 4 92 
13 17 15 8 2 9 5 17 6 5 9 22 13 13 10 11 26 34 18 3 4 3 2 32 10 0 0 22 13 55 15 47 192 30 64 38 195 124 166 150 93 35 120 289 210 220 13 86 84 228 7 4 17 2 1 6 9 2 0 3 1 9 0 10 5 12 6 3 1 1 4 4 6 7 5 6 1 3 20 6 6 12 2 32 21 41 19 127 19 0 0 130 23 47 47 14 4 11 17 4 3 91 
6 10 1 3 2 4 5 8 3 9 3 2 11 6 1 5 20 28 9 5 1 3 5 16 5 1 0 17 5 31 12 25 107 23 51 20 111 65 133 93 122 20 179 476 177 879 451 14 51 747 5 4 7 5 0 2 2 5 0 3 0 13 0 4 7 12 0 4 1 1 1 3 6 12 5 1 1 0 12 6 8 11 2 21 8 40 19 92 47 0 0 137 36 37 62 14 0 4 17 2 0 55 
9 6 3 0 4 15 7 5 6 6 3 18 9 7 10 16 28 32 19 4 5 6 5 22 11 2 0 14 5 32 13 41 157 40 93 39 179 78 133 122 110 31 226 681 348 915 780 179 23 1272 9 3 14 1 1 0 5 4 0 0 1 21 0 8 10 22 0 12 6 5 1 5 7 9 5 4 0 1 22 8 22 9 2 41 10 39 30 126 35 0 0 305 32 54 85 26 7 12 25 2 0 59 
41 53 24 6 13 23 25 27 43 35 22 34 26 45 16 35 71 99 65 22 18 14 14 140 41 3 5 115 41 171 31 139 932 117 177 162 593 310 521 372 333 52 460 849 422 975 450 349 150 29 50 21 40 13 6 12 12 13 0 10 13 37 8 23 26 46 21 19 5 6 13 3 19 29 32 19 4 12 81 19 25 52 30 90 29 122 54 643 77 0 0 462 78 85 148 57 21 26 86 1 3 257 
8 7 15 1 3 5 4 9 2 9 6 2 21 45 16 20 9 11 4 5 0 0 2 37 8 0 1 14 8 21 2 12 77 8 12 8 34 3 22 11 12 1 10 24 22 24 9 10 2 50 4 9 75 36 16 13 43 35 0 53 11 7 5 26 6 52 14 11 2 19 5 22 18 20 10 7 3 8 152 7 10 5 10 30 13 22 5 56 16 0 0 20 10 11 4 4 2 0 7 0 4 20 
0 8 5 3 0 0 8 3 1 1 1 6 4 12 7 10 11 1 15 1 5 0 3 17 2 0 2 9 2 3 1 1 36 6 10 4 15 3 11 3 4 0 13 11 2 11 4 0 2 26 14 4 43 12 11 14 13 13 0 29 8 9 4 13 12 39 3 10 1 5 5 5 6 9 6 2 5 3 51 5 10 2 2 33 1 15 3 24 10 0 0 15 3 4 4 2 2 3 1 0 1 8 
5 8 22 4 1 4 22 15 4 15 1 13 9 23 37 23 20 12 13 4 2 3 4 35 9 0 0 23 15 10 1 9 80 25 23 13 33 7 33 24 9 1 28 29 20 25 27 6 5 82 31 13 9 20 4 17 30 37 0 40 22 16 3 35 17 35 10 18 3 14 9 16 10 18 5 5 0 7 117 11 6 3 9 46 2 19 11 82 8 0 0 36 6 13 8 4 4 4 5 2 0 23 
4 5 2 0 2 7 7 3 6 8 0 12 20 26 16 25 17 7 14 1 0 1 1 4 7 1 0 11 4 10 3 10 30 4 11 3 26 2 16 11 3 2 18 17 6 8 11 5 1 15 30 34 69 10 26 46 51 89 0 66 13 13 4 23 14 51 14 19 4 8 5 6 13 11 6 4 1 7 108 16 15 3 3 44 8 7 3 17 4 0 0 12 2 12 11 3 0 6 6 0 0 13 
3 5 8 1 0 1 2 5 2 4 1 3 5 6 6 12 8 11 12 0 2 1 0 2 4 1 0 3 1 4 0 2 19 10 6 3 3 1 7 3 3 0 7 5 3 4 5 1 0 12 15 14 36 7 4 7 26 21 0 25 18 11 8 12 10 15 4 12 0 3 1 5 9 10 2 15 0 0 68 5 8 3 1 10 1 3 2 11 0 0 0 6 1 0 1 0 2 1 2 0 0 6 
1 3 2 0 2 0 0 0 2 0 1 1 2 7 14 2 6 0 2 1 0 0 0 5 1 0 0 4 1 1 1 5 9 3 3 0 7 1 5 3 4 2 3 2 3 6 2 0 1 7 3 9 14 37 7 3 7 12 0 17 3 8 2 11 4 5 0 4 0 4 1 4 4 5 1 0 0 1 42 3 0 1 2 1 1 0 0 6 2 0 0 1 2 0 1 1 0 1 0 0 0 2 
2 7 7 0 1 9 0 3 3 2 3 8 10 20 7 13 12 5 15 1 1 0 0 7 4 2 0 3 0 3 3 8 26 15 30 4 19 2 36 9 6 0 8 14 5 7 8 3 1 18 31 21 37 9 6 31 7 32 0 23 12 31 5 16 33 33 9 9 5 1 5 14 17 10 0 15 6 5 67 9 5 3 6 49 11 3 7 25 5 0 0 12 1 5 13 4 2 4 0 0 0 15 
6 13 15 2 8 13 4 7 11 24 12 18 9 50 12 34 24 11 12 4 0 5 1 18 2 2 0 3 13 3 6 17 34 22 20 7 23 1 27 10 4 1 5 31 11 5 5 2 0 22 31 15 66 29 39 68 25 3 0 76 23 87 20 40 37 37 3 27 3 11 6 6 9 7 17 20 9 9 248 16 10 1 12 79 11 11 2 30 12 0 0 17 4 9 7 3 0 3 4 0 1 13 
0 0 0 0 0 0 0 0 0 0 0 0 0 0 0 0 0 0 0 0 0 0 0 0 0 0 0 0 0 0 0 0 0 0 0 0 0 0 0 0 0 0 0 0 0 0 0 0 0 0 0 0 1 0 0 0 0 0 0 0 0 0 0 0 0 0 0 0 0 0 0 0 0 0 0 0 0 0 0 0 0 0 0 0 0 0 0 0 0 0 0 0 0 0 0 0 0 0 0 0 0 0 
10 29 10 3 2 12 14 3 9 7 2 12 18 37 28 32 25 35 15 2 5 7 7 32 10 1 0 27 12 17 6 11 17 10 6 2 2 3 12 11 11 3 4 6 6 12 5 1 5 20 49 11 39 20 16 39 39 31 0 2 14 83 15 33 32 52 21 20 4 8 4 8 18 31 9 16 3 5 67 3 1 1 1 23 1 6 4 24 3 0 0 7 7 3 5 1 0 0 3 0 0 11 
0 3 2 3 1 1 0 0 2 0 0 1 2 1 1 0 0 2 1 0 0 0 1 1 0 1 0 0 1 4 2 1 2 2 1 0 3 4 3 2 3 0 3 2 1 2 1 0 2 8 5 5 16 7 9 15 1 7 0 4 4 83 8 27 23 41 17 10 7 5 8 9 15 12 6 1 0 2 35 4 2 5 1 5 0 2 3 4 0 0 0 4 0 1 4 1 0 1 1 0 0 4 
1 3 0 0 1 2 1 2 0 1 1 3 0 0 0 0 0 0 0 0 0 0 0 0 0 0 0 1 1 2 1 0 4 1 5 3 2 3 7 3 1 0 2 1 1 2 2 0 1 4 7 3 1 3 1 5 2 1 0 3 5 1 1 2 5 9 0 2 2 2 0 3 5 1 0 1 0 1 7 1 0 0 1 0 0 2 0 4 1 0 0 2 1 0 0 1 0 0 0 0 1 1 
0 4 1 0 0 3 0 1 0 0 0 1 3 1 0 1 0 5 0 0 0 0 0 0 0 0 0 2 2 9 0 3 2 6 7 5 16 9 8 2 0 0 8 2 1 1 1 0 0 4 1 3 5 4 2 4 5 10 0 10 6 2 0 4 10 43 10 11 3 4 2 3 5 5 0 3 2 0 9 4 3 1 0 1 0 1 3 3 1 0 0 4 0 0 0 0 0 0 0 0 0 0 
10 9 6 1 1 4 2 3 4 4 1 1 1 0 0 3 7 4 1 0 0 0 1 3 1 0 0 2 1 5 8 2 12 2 49 18 44 8 34 20 7 3 5 7 10 18 11 6 2 23 15 23 14 10 8 9 8 10 0 15 6 222 13 2 22 56 15 5 9 24 8 17 23 19 3 7 1 1 47 18 1 0 0 2 0 3 4 5 6 0 0 7 1 1 1 0 0 0 2 0 1 2 
9 7 5 1 2 4 2 1 10 1 0 1 4 7 1 4 2 2 0 0 0 0 0 0 0 0 1 1 1 39 9 25 38 18 14 32 35 11 64 28 11 1 9 23 14 31 9 9 3 32 16 8 28 14 10 7 6 9 0 33 21 176 18 17 5 75 32 43 15 23 27 44 45 33 11 6 7 2 52 6 6 2 8 10 2 7 2 8 2 0 0 20 0 0 1 0 0 0 0 0 0 10 
11 11 3 0 1 9 4 13 7 7 2 14 1 0 1 0 1 0 1 0 0 0 0 0 0 0 0 8 0 26 6 22 56 53 38 20 38 7 28 15 8 1 15 14 13 24 27 0 16 50 58 9 34 33 13 22 21 38 0 34 26 112 21 60 44 30 15 46 39 39 36 54 81 84 18 8 7 5 86 9 8 1 8 12 4 5 3 12 0 0 0 9 3 0 2 0 0 1 0 1 0 2 
7 1 5 0 1 2 0 3 0 5 0 3 1 0 0 0 0 0 0 0 0 0 0 0 0 0 0 0 10 11 4 7 16 16 13 6 13 3 11 2 2 0 3 5 3 7 4 3 2 9 8 5 17 6 1 7 4 6 0 20 12 59 5 19 62 38 2 14 16 21 23 34 38 33 1 0 3 0 23 4 2 3 2 5 0 2 3 2 1 0 0 3 1 0 0 2 0 0 0 0 0 6 
5 12 3 2 4 5 4 4 4 0 1 1 0 0 1 2 1 1 0 0 0 0 0 1 0 0 0 0 9 8 1 13 13 30 36 9 54 19 16 15 8 0 4 12 10 12 7 2 0 36 19 18 36 10 6 10 13 21 0 27 17 67 29 38 59 85 13 4 9 31 25 40 50 90 7 5 1 3 39 11 6 2 2 17 2 7 1 11 3 0 0 2 1 0 1 0 0 0 0 1 0 1 
0 1 2 0 1 0 2 1 1 0 1 1 0 0 0 0 1 0 0 0 0 0 0 0 0 0 0 0 0 5 1 5 10 4 15 4 6 3 18 3 1 0 3 2 3 7 9 2 0 5 5 2 6 6 0 1 3 3 0 3 2 15 6 13 38 43 22 13 4 9 39 23 14 20 1 4 0 2 14 0 4 0 0 1 0 4 0 1 0 0 0 0 0 0 0 0 0 0 0 0 0 1 
2 7 4 0 0 1 5 2 1 4 0 2 0 2 0 0 1 1 0 0 0 0 0 0 0 0 0 0 1 7 11 8 21 64 32 8 19 6 19 4 2 0 7 3 2 3 4 2 1 10 16 7 21 22 4 5 14 24 0 25 14 73 20 62 86 169 37 33 12 6 45 128 67 126 6 7 3 1 42 2 2 1 2 3 4 1 1 4 0 0 0 0 0 0 0 0 0 0 0 0 0 1 
10 5 6 1 3 5 3 5 2 4 6 8 0 1 0 1 0 0 0 0 0 0 0 0 0 0 0 3 5 9 3 8 34 47 47 8 67 13 57 10 14 3 15 11 5 14 8 4 5 22 15 6 24 6 6 8 14 12 0 28 10 48 7 46 102 181 49 83 34 64 5 133 82 44 3 5 0 5 24 2 6 4 1 11 0 6 4 13 1 0 0 4 0 0 0 1 0 0 0 0 0 2 
1 3 1 1 2 2 15 5 1 3 0 3 5 4 0 3 1 0 1 0 0 0 0 0 0 0 0 0 4 5 2 2 42 32 49 26 79 14 32 11 1 2 10 10 4 17 9 2 4 23 17 7 18 5 5 8 8 9 0 25 27 53 9 47 103 141 49 79 27 72 15 4 88 88 3 3 1 0 37 4 2 4 1 12 6 9 3 13 2 0 0 3 2 0 0 0 0 0 1 0 0 1 
3 3 1 0 0 4 2 2 3 7 0 3 1 0 0 1 2 0 0 0 0 0 0 1 0 0 0 0 0 1 1 4 16 19 14 3 30 10 14 13 5 0 3 1 5 4 3 1 0 19 14 15 14 6 2 6 18 7 0 24 10 35 11 24 54 90 32 24 12 27 28 65 1 29 5 3 3 2 39 2 2 1 3 10 3 5 2 5 1 0 0 4 0 0 0 1 0 0 0 0 0 5 
5 10 4 1 1 1 5 8 0 9 0 3 4 1 0 0 1 0 1 0 0 0 0 0 0 0 0 0 7 1 0 0 10 18 5 9 17 5 17 3 5 0 1 8 6 3 8 1 5 16 23 5 16 3 9 2 10 7 0 23 19 12 1 28 30 103 11 37 12 64 57 49 34 7 5 0 2 2 31 4 8 4 9 11 2 3 1 15 1 0 0 3 0 0 1 0 0 0 3 0 1 1 
0 1 6 0 0 3 1 1 3 8 0 12 11 24 17 17 6 7 3 1 3 1 1 2 6 0 0 6 2 9 3 8 35 8 10 3 12 9 21 11 11 3 35 34 15 32 21 6 14 64 4 2 9 7 4 10 35 30 0 41 14 6 7 26 9 33 8 15 1 4 13 8 5 14 2 15 7 22 226 38 39 27 20 152 18 54 15 86 21 0 0 24 9 14 23 8 1 8 12 2 2 26 
2 2 3 1 1 3 3 7 3 6 4 4 5 23 8 18 25 4 4 0 0 0 0 6 0 0 0 6 8 6 5 3 33 6 12 2 6 1 20 14 9 2 20 25 18 30 13 1 2 65 5 6 14 5 2 17 25 40 0 31 11 9 2 3 18 22 1 2 1 3 1 3 7 8 5 5 16 21 230 54 49 18 34 136 18 27 7 74 18 0 0 27 12 13 11 3 2 11 11 0 3 27 
1 0 0 0 0 1 2 2 0 2 0 0 7 3 1 4 0 2 3 0 1 0 0 6 0 0 1 2 0 3 1 5 4 4 4 0 3 0 8 2 1 0 0 3 2 5 1 2 4 6 6 1 4 9 0 7 5 13 0 11 5 3 2 7 6 7 6 1 0 1 1 0 1 0 6 28 1 16 92 27 17 5 9 30 2 9 3 21 0 0 0 7 5 10 7 2 0 3 1 0 0 6 
2 11 4 0 1 5 2 2 3 2 0 7 20 11 9 8 13 1 2 1 1 0 0 7 4 0 0 3 8 7 0 4 16 5 7 1 0 0 8 6 8 2 13 27 22 28 14 7 3 32 16 6 36 10 4 12 20 31 0 17 2 17 5 21 9 21 13 7 1 5 4 7 10 7 15 30 17 1 169 37 27 18 19 144 24 20 11 73 7 0 0 32 10 11 11 7 0 0 14 0 1 10 
10 14 13 4 4 10 6 6 5 14 3 7 14 28 28 52 42 14 18 14 5 2 1 22 2 0 2 21 21 19 9 23 82 41 24 9 10 2 46 21 10 9 30 74 27 39 41 7 6 96 68 26 84 47 45 74 99 102 0 35 25 72 25 51 72 90 20 59 14 23 18 10 36 35 50 80 19 29 12 26 44 18 21 185 36 47 24 116 23 0 0 98 14 28 23 19 6 12 35 1 2 44 
0 7 3 0 0 3 0 0 1 3 0 0 10 22 2 3 7 12 1 5 0 1 0 5 2 0 0 7 5 2 1 2 19 5 7 1 3 1 5 10 6 3 36 49 25 27 28 6 5 63 15 9 22 7 6 11 10 33 0 7 5 14 9 11 10 18 5 6 1 3 3 3 8 5 17 55 14 28 131 1 36 26 25 196 47 48 18 70 10 0 0 44 22 22 34 8 1 15 12 2 0 21 
2 3 4 1 2 2 0 1 1 1 0 0 1 1 6 4 1 1 1 0 10 0 1 1 0 0 0 4 15 7 0 3 12 2 1 1 0 2 7 11 16 6 39 51 23 30 22 5 3 53 16 3 15 9 8 4 4 18 0 17 2 31 5 19 17 19 7 7 2 5 2 11 8 5 11 17 7 21 150 41 8 20 18 190 58 60 17 62 11 0 0 82 13 24 36 3 2 6 10 2 3 29 
2 2 2 1 0 2 2 1 0 4 0 0 1 1 2 2 2 0 2 0 0 0 0 4 0 0 0 0 0 3 0 4 19 6 3 0 4 2 6 15 14 0 37 61 20 36 15 2 14 56 7 0 5 3 1 1 4 0 0 8 1 12 0 14 5 7 6 5 1 2 5 2 7 1 12 21 4 10 47 18 20 4 6 114 26 29 15 69 21 0 0 85 13 8 18 12 1 7 19 3 2 21 
4 5 4 0 5 0 1 3 4 4 0 1 0 1 0 1 0 0 2 0 0 0 0 2 0 0 0 1 1 3 2 5 6 9 1 0 2 1 4 12 3 2 36 77 19 38 25 5 10 60 11 9 7 3 9 9 5 8 0 27 6 8 0 3 8 7 1 1 2 4 1 4 9 11 17 31 12 5 102 30 40 13 4 298 48 54 11 70 33 0 0 81 20 35 37 6 0 14 6 0 1 17 
1 6 6 0 1 0 3 1 1 4 0 0 0 0 0 1 1 0 0 0 0 1 0 1 1 0 0 1 1 9 0 2 13 1 2 0 2 1 11 19 10 7 74 143 20 66 31 17 14 119 26 5 42 10 4 16 14 17 0 24 20 18 0 1 2 8 3 3 3 6 3 3 7 9 59 47 36 30 189 121 61 35 77 11 70 108 35 142 30 0 0 120 37 45 66 18 3 21 18 1 3 68 
9 10 2 9 2 6 0 1 1 2 0 0 0 0 0 0 1 0 0 0 0 1 1 0 0 1 0 4 3 6 2 3 11 2 0 1 3 0 14 33 9 11 112 224 27 71 41 14 34 76 12 9 15 5 5 4 20 14 0 14 7 22 4 3 3 3 1 3 3 0 2 1 9 14 20 29 8 20 117 45 49 23 50 202 5 92 38 104 36 0 0 189 32 36 42 27 1 14 18 2 3 40 
8 4 7 1 2 4 2 1 3 1 0 1 1 1 1 1 7 5 2 3 2 2 0 5 3 0 0 3 4 17 2 5 22 4 15 4 16 20 33 13 17 3 128 279 54 104 54 10 17 88 15 6 17 5 4 7 10 10 0 18 9 9 1 3 5 12 5 2 1 0 0 2 2 4 22 27 10 21 44 22 25 21 25 132 79 13 14 65 53 0 0 164 55 53 41 22 10 14 20 6 1 56 
6 3 4 0 0 2 0 0 1 6 2 2 0 0 0 3 12 5 3 2 2 0 1 5 1 1 0 2 10 9 8 16 41 10 18 6 42 15 59 17 21 19 154 272 36 87 32 18 4 65 8 1 10 7 4 3 14 5 0 13 7 13 1 4 0 10 2 7 4 1 0 5 4 4 7 6 2 4 54 10 13 14 17 81 27 41 3 41 51 0 0 166 43 50 56 24 3 15 24 2 0 53 
40 35 20 2 10 20 8 9 3 10 7 4 9 11 4 21 47 44 14 15 6 3 7 62 17 2 3 60 8 120 19 49 217 23 79 38 216 105 221 74 59 36 322 677 102 334 200 74 53 597 30 18 49 17 5 18 34 16 0 18 22 49 4 14 15 23 2 3 2 7 10 7 11 16 70 37 16 33 138 61 63 51 70 262 86 118 50 21 89 0 0 689 138 167 160 93 24 46 84 10 31 379 
7 9 2 1 2 3 2 2 2 6 1 5 3 8 2 4 8 8 5 2 6 2 1 4 1 0 0 12 4 16 5 22 49 17 43 13 71 37 77 52 52 22 204 277 47 87 46 21 11 57 10 3 16 2 2 4 9 5 0 4 1 15 0 5 5 11 2 1 0 2 1 1 3 4 10 7 4 9 32 22 10 11 7 48 15 91 60 44 8 0 0 306 53 81 61 21 3 14 33 2 2 94 
0 0 0 0 0 0 0 0 0 0 0 0 0 0 0 0 0 0 0 0 0 0 0 0 0 0 0 0 0 0 0 0 0 0 0 0 0 0 0 0 0 0 0 0 0 0 0 0 0 0 0 0 0 0 0 0 0 0 0 0 0 0 0 0 0 0 0 0 0 0 0 0 0 0 0 0 0 0 0 0 0 0 0 2 0 0 0 0 0 0 0 0 0 0 1 0 0 0 0 0 0 0 
0 0 0 0 0 0 0 0 0 0 0 0 0 0 0 0 0 0 0 0 0 0 0 0 0 0 0 0 0 0 0 0 0 0 0 0 0 0 0 0 0 0 0 0 0 0 0 0 0 0 0 0 0 0 0 0 0 0 0 0 0 0 0 0 0 0 0 0 0 0 0 0 0 0 0 0 0 0 0 0 0 0 0 0 0 0 0 0 0 0 0 0 0 0 0 0 0 0 0 0 0 1 
1 7 2 0 3 3 2 2 2 1 0 7 1 0 1 3 5 2 5 0 1 0 0 2 1 1 0 4 1 13 0 10 25 7 31 8 36 36 51 23 20 4 44 94 27 38 21 15 30 68 3 5 5 2 1 0 2 2 0 1 0 6 0 6 0 6 1 0 1 1 0 2 2 2 4 6 1 3 23 2 7 15 12 37 18 41 26 90 41 0 0 11 30 29 23 26 1 14 14 3 6 97 
2 8 2 2 1 0 0 1 0 0 0 0 0 3 2 2 1 2 2 0 0 0 0 0 0 0 0 0 5 11 1 7 11 4 25 14 42 23 29 17 15 4 100 175 27 57 29 8 10 73 1 0 2 0 0 2 0 0 0 0 3 1 0 3 0 1 0 0 0 0 1 0 1 2 3 6 2 5 16 6 10 15 11 22 11 25 12 50 19 0 0 165 5 13 10 8 1 12 9 2 0 31 
0 1 1 0 1 0 0 4 1 0 1 0 5 3 0 5 3 1 1 0 0 0 0 1 0 0 0 2 1 15 1 7 20 9 21 7 37 25 49 29 29 2 102 211 55 100 60 17 22 91 7 4 12 3 2 1 8 5 0 2 0 2 0 2 2 3 0 0 0 0 0 0 1 2 7 13 6 5 33 12 10 14 14 45 16 56 34 86 32 0 0 280 33 1 15 37 2 5 13 2 5 100 
0 1 0 1 0 1 1 1 0 0 0 0 0 2 0 1 0 1 0 0 0 0 0 0 0 0 0 1 4 8 2 8 24 7 14 5 29 12 39 7 15 2 103 165 39 58 28 11 17 90 7 3 7 4 1 5 3 2 0 0 0 3 1 0 0 0 0 0 0 0 0 0 0 0 1 5 1 5 13 8 18 7 5 31 9 33 13 79 23 0 0 190 42 12 2 12 2 6 10 4 2 52 
2 3 3 1 1 7 2 3 0 1 0 1 1 3 0 2 1 2 0 0 0 0 1 4 0 0 0 0 4 11 4 6 37 9 19 13 91 23 51 47 41 23 202 308 64 132 56 19 29 129 5 5 17 3 4 6 3 0 0 0 3 8 1 1 2 0 2 0 0 0 1 0 6 1 4 4 3 4 28 6 2 19 11 52 12 43 21 132 39 0 0 901 140 287 69 3 4 16 26 2 1 108 
0 0 0 1 1 0 1 0 1 1 1 1 1 3 1 1 1 0 0 0 0 0 0 0 0 0 0 0 0 1 0 1 1 0 1 0 12 3 16 2 3 4 19 49 20 21 9 2 13 32 0 1 0 2 0 1 0 2 0 0 1 2 0 0 0 0 0 0 0 0 0 0 1 1 4 0 1 1 5 3 2 1 3 10 0 9 4 18 17 0 0 69 10 6 19 9 0 0 1 1 0 11 
0 2 1 0 0 1 1 7 2 1 2 1 0 6 1 2 0 1 0 0 1 0 0 1 0 1 0 1 2 15 2 4 6 0 15 6 32 16 28 14 31 6 121 204 32 116 60 9 21 91 9 5 13 5 2 5 8 4 0 5 0 3 1 0 0 1 0 0 0 0 0 1 4 0 6 8 0 5 29 12 10 18 37 51 8 55 15 75 22 0 0 327 82 92 47 44 1 3 9 0 2 76 
0 3 0 1 1 2 1 0 0 0 1 1 1 1 1 0 0 0 0 0 0 0 0 0 1 0 0 0 2 4 4 5 8 4 9 2 24 10 25 10 3 4 74 117 54 101 61 18 24 123 5 2 13 5 0 1 10 4 0 2 0 1 0 0 0 1 0 0 0 0 1 0 0 0 9 9 0 7 10 7 8 10 18 52 18 31 23 84 31 0 0 214 32 26 26 14 0 4 5 1 4 36 
0 4 0 0 0 0 1 2 1 0 0 0 0 0 0 1 1 1 0 0 0 0 0 0 0 0 0 0 0 2 0 1 5 1 5 2 17 6 20 4 6 1 20 39 16 24 29 3 5 16 1 0 0 0 1 4 1 5 0 1 0 1 0 0 0 0 0 0 0 0 0 0 0 1 3 0 2 4 3 1 1 4 1 23 5 13 8 18 15 0 0 83 25 8 25 18 0 16 1 1 3 26 
0 1 1 0 0 1 0 1 0 0 0 0 0 0 0 1 1 1 0 0 0 0 0 0 0 0 0 0 2 4 0 2 0 0 3 2 3 3 6 3 3 0 11 19 10 11 6 1 5 13 0 0 7 0 0 1 1 1 0 1 0 0 0 0 0 0 0 0 0 0 0 0 0 0 4 2 0 1 4 0 1 0 2 13 1 6 5 22 3 0 0 39 3 9 12 7 0 1 1 0 0 1 
6 6 4 0 1 1 1 2 8 0 2 2 5 2 1 1 5 1 1 1 2 0 0 0 0 0 0 2 0 12 5 3 24 10 7 9 35 11 51 14 21 3 90 70 41 77 77 24 16 103 5 6 4 6 0 1 1 6 0 5 1 2 0 0 0 5 1 0 0 0 2 3 3 2 28 10 0 9 27 10 10 17 14 35 13 43 13 163 37 0 0 130 46 51 52 41 3 30 28 2 0 5 
