4 6 20 12 16 38 34 12 28 54 13 58 111 107 102 28 43 49 29 28 11 11 8 68 17 1 3 32 3 3 3 2 44 0 6 5 9 11 19 8 30 1 16 20 20 18 10 6 8 43 5 6 0 7 4 1 2 8 0 1 0 2 1 1 12 16 8 3 3 0 6 0 2 6 0 2 0 0 7 9 1 2 2 4 0 21 3 26 2 0 0 8 4 1 8 0 2 0 6 0 0 12 
18 6 7 3 13 24 48 12 64 53 17 76 190 121 72 37 31 20 48 56 4 15 11 52 28 5 2 40 8 0 0 6 38 4 8 1 5 5 12 28 21 0 9 13 37 20 23 4 7 83 18 7 9 3 3 0 1 6 0 0 0 0 1 5 13 4 11 5 10 3 4 1 6 8 0 2 1 2 15 1 2 4 7 6 0 9 5 36 15 0 0 13 4 4 3 0 0 0 1 0 0 11 
19 13 7 8 13 92 38 21 154 83 52 50 149 119 79 34 25 49 33 25 21 15 11 35 14 6 0 31 10 1 0 3 10 1 3 3 5 5 25 27 24 0 29 19 19 16 23 8 5 90 18 4 6 2 4 1 1 8 0 1 0 0 1 5 6 17 9 2 7 2 6 1 1 9 1 13 0 3 7 0 1 3 2 15 4 5 3 20 6 0 0 18 6 7 2 5 0 0 4 0 0 21 
6 14 10 0 16 24 20 2 62 18 7 7 12 19 17 4 6 3 10 21 0 1 0 6 2 3 0 8 0 0 1 0 6 0 0 0 0 1 1 1 5 7 1 0 16 5 0 0 1 13 5 0 3 0 0 0 0 1 0 0 0 0 0 0 2 1 0 0 1 0 1 1 3 4 0 0 0 0 5 0 0 0 1 0 1 1 0 12 0 0 0 8 0 2 0 0 0 0 2 0 0 2 
13 9 3 2 2 19 13 2 22 51 5 32 48 53 6 13 16 12 17 20 0 2 0 14 3 7 3 22 1 1 1 1 3 0 0 0 1 1 3 2 2 2 13 2 7 10 10 0 2 14 5 1 1 2 0 2 1 1 0 0 0 1 0 2 0 12 4 1 0 0 1 1 1 7 6 1 0 0 0 0 0 0 0 0 0 0 2 3 2 0 0 2 4 0 4 1 0 0 5 0 0 1 
43 102 34 3 7 16 43 15 137 200 19 107 257 152 60 59 37 37 59 35 8 14 17 41 26 4 0 49 15 12 0 4 15 2 3 1 1 4 19 16 8 5 22 36 14 6 8 10 2 75 19 7 14 5 5 0 1 27 0 1 2 10 1 7 6 22 7 4 13 8 1 6 4 9 0 0 2 0 5 1 0 0 0 1 0 11 0 7 7 0 0 16 3 7 2 0 0 6 0 0 0 7 
22 22 26 15 3 14 2 8 120 120 21 21 254 91 67 35 20 22 18 18 4 5 7 16 24 0 1 27 2 4 2 8 15 4 4 5 1 0 6 3 14 2 18 9 14 5 19 2 4 63 9 4 16 2 0 0 7 2 0 0 0 0 0 8 5 7 11 8 1 3 1 0 2 50 2 0 0 0 7 0 0 0 0 1 2 3 1 13 2 0 0 7 4 5 2 8 0 1 1 0 0 10 
28 56 26 2 2 36 18 5 5 109 6 45 323 130 39 67 22 22 39 24 16 11 8 24 7 2 0 52 4 1 1 1 6 3 1 2 1 2 13 8 3 0 13 4 20 17 13 2 12 49 3 11 13 1 2 1 1 5 0 0 0 1 2 3 1 11 2 5 2 0 1 4 4 50 6 10 0 0 0 0 0 4 1 1 2 1 1 9 5 0 0 4 2 2 1 0 1 0 0 0 0 4 
22 68 50 6 8 29 22 4 8 33 15 31 180 70 27 63 19 18 27 8 10 26 5 34 21 2 2 19 3 2 1 2 3 1 0 2 0 3 12 21 9 0 20 1 5 17 10 4 25 61 11 2 1 4 0 1 0 1 0 0 0 0 0 4 9 6 0 2 1 0 1 0 2 9 1 0 0 0 5 0 0 1 0 0 0 3 0 6 1 0 0 21 2 2 0 0 0 0 1 0 0 7 
37 37 10 2 9 37 8 4 54 2 2 8 58 47 23 27 5 14 34 18 9 28 1 50 23 2 1 36 6 2 0 0 2 3 0 0 0 2 1 5 3 1 5 1 3 12 10 0 4 13 3 0 20 0 1 1 0 1 0 1 0 0 5 1 0 1 0 1 0 1 5 1 1 4 1 4 0 3 2 0 0 2 2 0 0 0 2 6 0 0 0 0 1 0 0 0 0 0 2 0 0 3 
46 35 13 3 13 66 11 4 51 32 1 11 61 24 9 19 12 15 26 16 1 1 0 15 6 0 2 12 1 6 0 0 6 0 0 0 2 0 8 2 9 3 2 4 7 10 11 6 3 33 5 5 7 0 3 0 0 1 0 0 0 0 5 0 0 0 0 0 0 1 0 2 1 16 1 3 0 0 1 1 0 0 0 1 0 0 0 0 0 0 0 8 0 2 0 1 0 0 0 0 1 2 
41 87 36 13 20 66 18 36 103 30 5 0 13 13 32 21 18 20 45 30 31 6 7 42 17 5 2 76 9 14 3 0 9 2 1 0 0 2 5 6 9 1 4 7 6 10 6 1 4 28 17 3 5 7 1 2 0 2 0 1 0 1 0 9 3 2 0 0 0 1 1 0 1 3 7 3 0 1 3 0 0 0 0 0 0 0 0 1 0 0 0 2 2 0 0 2 0 0 4 0 0 7 
77 58 23 5 16 146 25 29 151 141 30 10 4 6 6 45 18 12 45 44 19 32 5 62 44 1 0 78 9 6 4 5 24 0 3 0 0 1 4 11 21 9 6 2 11 3 23 7 6 84 10 8 13 1 1 3 1 0 0 1 1 0 0 0 0 1 0 0 1 0 1 7 4 9 4 1 1 0 0 0 0 0 0 0 0 0 0 2 2 0 0 2 0 0 0 1 0 1 0 1 0 13 
45 56 31 26 10 153 9 7 88 190 5 13 35 0 2 12 11 10 32 26 35 3 3 61 42 4 1 133 2 7 0 0 7 0 0 0 0 0 1 8 21 1 0 3 2 0 2 2 1 31 7 3 8 2 2 0 1 1 0 0 1 0 0 2 0 1 0 0 0 0 0 0 1 6 1 0 1 0 1 0 0 1 0 0 0 0 0 2 0 0 0 0 0 0 0 0 0 0 0 0 0 6 
54 72 38 6 19 30 48 38 88 102 10 8 88 2 7 4 10 14 50 24 26 13 6 94 38 11 1 129 4 3 1 2 19 2 0 4 0 2 1 5 4 0 4 2 4 1 5 0 1 23 8 13 9 0 2 1 2 5 0 5 0 1 0 1 0 0 0 0 0 0 0 0 0 0 4 6 0 1 4 0 0 0 0 1 0 1 0 2 2 0 0 0 0 0 0 0 0 0 0 0 0 9 
48 41 48 0 16 21 25 31 21 56 8 37 13 27 13 2 3 23 73 20 25 19 15 56 29 6 5 49 6 22 5 33 38 0 4 4 11 0 2 17 7 0 12 5 9 17 10 1 1 37 18 3 3 6 2 0 2 9 0 3 0 0 0 0 0 0 0 0 0 0 0 2 0 17 8 7 0 2 5 0 0 0 0 0 0 0 0 11 2 0 0 0 1 1 1 2 0 1 0 0 0 10 
43 43 24 9 9 31 20 25 14 37 3 51 35 39 30 30 8 24 75 27 32 27 9 101 23 11 0 48 5 36 14 37 66 16 10 5 14 13 5 32 20 1 21 8 26 27 27 6 9 83 24 3 21 7 0 4 2 3 0 5 0 0 0 0 0 0 0 0 0 0 0 0 0 3 2 0 0 3 12 2 0 0 0 0 0 3 7 19 6 0 0 10 3 2 0 1 0 1 2 0 0 10 
50 40 31 3 13 36 11 18 26 7 7 20 46 28 18 19 11 9 71 19 38 4 8 43 26 2 2 66 3 17 7 10 46 5 23 6 10 2 20 17 27 3 14 21 21 23 22 22 6 53 13 6 8 15 0 1 0 2 0 23 1 1 0 0 0 0 0 0 0 0 1 0 1 0 1 9 0 0 10 1 1 0 0 0 0 4 2 24 1 0 0 2 1 1 0 1 0 0 2 0 0 10 
39 39 45 1 14 19 14 12 30 24 11 27 10 38 6 30 9 7 2 5 5 8 4 29 18 3 1 79 1 7 0 4 15 3 4 1 10 3 6 0 5 0 6 3 22 5 1 7 2 48 4 1 2 1 1 0 0 3 0 4 0 1 0 0 0 0 0 0 0 0 0 0 0 0 2 1 1 1 4 0 1 0 0 0 0 0 0 2 0 0 0 0 0 0 0 1 0 0 0 0 0 4 
28 46 31 2 8 29 16 12 14 11 15 41 37 93 42 88 31 77 91 2 1 13 9 38 10 12 3 80 8 7 1 11 16 1 6 3 7 9 4 25 19 5 7 12 7 13 8 7 3 35 2 3 11 3 1 0 0 5 0 1 1 0 0 0 0 0 0 0 0 0 0 0 0 0 3 0 0 1 12 0 0 0 0 0 0 13 2 8 5 0 0 2 0 0 0 0 0 0 0 0 0 3 
22 48 18 8 8 18 8 13 11 13 10 47 46 85 39 96 123 104 139 2 1 0 1 12 5 7 3 70 16 3 0 3 8 0 8 3 16 3 17 22 23 2 4 3 10 12 4 6 4 31 0 1 1 1 0 0 0 0 0 5 0 0 0 0 0 0 0 0 0 0 0 0 0 0 0 0 0 0 3 0 0 0 0 0 0 3 0 7 2 0 0 0 0 0 0 0 0 1 0 0 0 0 
31 34 40 8 22 24 19 17 17 19 14 48 58 114 41 77 54 101 90 5 2 2 6 30 7 8 1 79 2 12 8 3 26 3 21 16 23 4 6 3 7 8 10 1 11 10 6 4 6 50 6 1 3 2 5 1 0 7 0 3 0 1 0 0 0 0 0 0 0 0 0 0 0 0 0 0 0 2 8 1 1 1 0 0 0 0 1 5 2 0 0 0 0 0 0 0 0 0 0 0 0 0 
27 23 17 7 16 7 13 14 20 37 23 62 57 81 65 149 127 220 166 134 36 41 4 24 4 4 4 130 2 8 1 5 11 2 7 8 16 14 8 14 11 2 9 2 21 8 11 5 21 74 18 3 5 2 4 3 5 8 0 0 3 0 0 0 0 0 0 0 0 0 0 0 0 0 4 8 0 4 8 0 0 0 0 0 0 1 10 8 1 0 0 0 0 1 0 0 0 0 0 0 0 4 
40 47 26 5 25 21 18 26 29 56 33 57 85 130 108 195 200 227 278 96 24 55 7 6 3 15 3 115 3 6 9 5 57 1 14 9 51 4 36 35 17 0 23 25 23 41 26 6 2 100 17 14 26 4 0 3 4 1 0 1 3 0 2 0 1 0 0 0 0 0 0 0 0 0 8 7 0 8 22 2 2 0 0 1 2 7 4 12 0 0 0 1 0 1 0 0 2 0 0 0 1 1 
47 33 22 6 16 66 24 21 19 48 27 44 92 105 75 90 52 77 62 96 37 15 12 6 5 6 4 59 4 16 4 12 55 8 15 16 24 10 24 28 16 0 13 26 29 20 17 8 8 89 37 9 11 9 8 5 15 15 0 1 4 2 0 0 1 0 0 0 0 0 0 0 0 0 3 8 1 2 19 1 1 3 1 5 2 6 1 26 10 0 0 2 0 0 0 0 0 0 0 0 0 2 
5 5 1 0 1 0 2 0 2 2 0 2 3 16 2 6 3 3 21 84 7 21 5 62 9 1 3 19 0 0 0 0 5 0 0 7 2 2 3 0 2 0 0 0 1 4 0 0 0 3 0 0 0 0 0 0 0 0 0 0 1 4 0 0 0 0 0 0 0 0 0 0 1 0 0 0 0 0 0 0 0 0 0 0 0 0 0 0 0 0 0 0 0 0 0 0 0 0 0 0 0 0 
5 6 2 1 4 2 1 5 31 14 1 16 7 29 12 15 27 21 43 72 12 80 30 192 49 1 3 138 0 3 0 1 10 1 3 2 5 1 4 6 4 0 9 0 13 1 2 7 1 18 1 1 3 3 0 1 5 3 0 0 14 0 1 0 1 0 0 0 0 0 0 0 0 1 0 0 0 0 3 3 0 0 0 0 0 0 0 5 3 0 0 1 11 0 1 0 0 0 0 0 0 0 
50 53 47 7 18 34 13 29 22 47 48 82 124 203 209 117 81 141 104 113 68 94 121 148 86 8 13 3 6 0 2 22 46 3 31 15 72 25 28 34 53 2 31 31 41 34 34 13 14 128 13 3 14 9 10 16 1 10 0 1 0 1 0 1 0 0 0 0 0 0 0 0 0 0 8 3 2 7 26 7 1 5 1 9 9 30 12 41 15 0 0 8 7 2 3 4 0 0 1 0 0 11 
3 8 1 0 4 1 3 0 5 3 2 0 2 3 4 2 0 1 1 2 0 0 0 3 0 0 0 0 0 0 0 0 1 0 0 0 0 0 0 0 0 0 0 1 0 0 1 0 0 0 1 0 0 0 0 0 0 0 0 0 0 1 0 0 0 0 0 0 0 0 0 0 0 0 0 0 0 0 0 0 0 0 0 1 0 0 0 1 1 0 0 0 0 0 0 1 0 0 1 0 0 0 
1 21 2 1 1 5 11 4 1 4 11 17 35 3 10 16 49 38 11 29 5 19 6 25 19 0 0 5 3 7 83 176 411 124 464 469 708 189 200 173 146 16 126 88 174 112 113 33 49 528 65 14 39 15 6 6 9 22 0 11 9 5 18 8 31 53 23 23 7 5 5 4 2 0 10 7 1 10 20 6 2 12 7 3 5 29 16 94 53 0 0 55 16 13 15 20 1 17 10 1 1 55 
0 1 0 0 3 1 8 1 0 1 0 0 1 1 0 5 8 34 21 14 1 1 3 14 7 0 0 4 0 15 2 81 121 11 141 139 227 60 45 28 29 5 70 13 36 45 11 6 25 121 16 5 7 3 0 1 0 1 0 6 3 0 1 1 19 18 2 7 4 11 0 1 0 0 1 1 0 1 3 1 2 1 2 0 0 9 1 18 3 0 0 10 10 15 1 2 1 1 0 0 1 30 
4 5 2 0 0 1 5 0 2 8 0 7 15 0 2 13 30 12 12 17 1 1 3 5 3 1 3 9 1 118 66 4 73 48 207 119 403 264 106 50 68 12 78 50 83 65 55 13 33 284 17 5 18 12 1 8 2 6 0 25 0 2 1 0 9 22 6 5 2 9 1 0 0 1 10 3 0 4 20 6 3 10 0 2 0 17 11 57 18 0 0 16 11 9 13 15 0 0 16 9 1 27 
5 4 1 0 1 2 1 1 1 0 0 0 1 1 1 5 8 3 1 5 2 2 2 18 7 0 0 7 1 116 55 19 6 6 20 23 75 65 35 55 34 7 44 38 58 40 39 21 30 246 18 4 11 2 2 1 3 1 0 3 2 2 0 0 8 3 0 2 0 1 3 4 2 2 9 4 2 5 11 9 0 4 0 2 0 6 1 42 4 0 0 27 3 6 2 7 0 4 2 0 0 31 
2 4 0 0 0 0 0 0 1 0 0 0 0 1 0 0 7 12 9 1 0 0 0 5 6 1 2 12 0 61 13 50 32 3 11 6 56 44 39 16 31 6 40 9 46 50 45 14 17 146 28 6 15 11 0 3 0 2 0 1 0 3 0 0 3 12 0 5 2 4 11 8 3 14 1 1 0 0 5 1 1 1 0 0 0 2 14 23 11 0 0 18 11 2 4 1 4 3 0 0 0 16 
5 3 0 0 0 0 0 0 1 2 0 0 1 0 4 2 3 1 5 0 0 5 6 8 3 2 1 6 0 81 6 45 88 6 4 15 85 49 10 14 20 5 28 17 27 13 17 10 37 147 9 15 1 0 0 1 0 1 0 0 1 0 0 0 0 2 0 0 0 1 0 1 2 4 0 5 4 0 4 1 0 1 0 0 0 1 0 10 1 0 0 8 1 1 4 6 4 2 9 0 4 18 
3 0 2 0 0 0 2 0 0 1 0 0 2 0 0 6 0 3 12 12 0 3 4 10 3 3 0 2 0 91 17 39 96 14 11 2 133 37 33 35 24 7 27 17 29 36 46 7 24 78 3 5 3 9 0 0 0 4 0 0 1 7 0 1 0 5 2 4 1 0 2 2 3 5 0 2 0 1 4 0 0 0 0 2 2 2 3 22 2 0 0 8 9 10 2 11 0 0 1 2 0 17 
0 0 0 0 3 0 0 0 0 0 0 0 0 0 0 0 2 1 0 3 2 0 0 2 0 0 0 2 0 151 19 57 102 8 9 15 3 12 27 35 45 4 31 12 52 46 32 23 27 252 0 8 2 3 0 0 0 0 0 0 0 0 0 2 0 1 2 1 1 7 4 0 2 3 2 2 1 0 2 0 0 0 0 0 0 3 4 19 4 0 0 4 5 4 1 1 0 5 2 0 0 35 
3 3 1 0 1 0 0 0 0 1 0 1 5 2 1 0 0 1 0 1 1 0 3 9 6 0 0 12 1 87 25 139 119 15 20 76 50 7 35 38 59 5 67 85 54 57 71 16 28 343 0 0 3 0 1 0 0 1 0 0 0 3 0 0 0 1 1 0 0 0 5 3 1 7 0 1 0 1 8 1 0 0 0 1 0 11 5 37 12 0 0 16 5 14 9 0 2 0 5 0 0 57 
15 6 9 3 7 10 14 5 11 6 1 22 0 3 0 3 2 3 11 18 28 3 17 12 4 0 0 26 2 88 18 74 134 21 34 111 83 28 4 45 83 6 65 26 68 41 60 6 36 305 11 3 19 3 0 5 6 4 0 3 0 3 1 2 2 4 2 1 0 3 0 1 4 4 5 1 0 5 4 1 0 0 1 1 1 17 4 62 11 0 0 51 15 12 4 8 0 3 5 0 1 75 
28 51 21 10 10 23 20 12 31 15 6 23 18 14 5 9 8 11 51 29 14 12 11 25 8 0 0 53 4 217 47 173 258 39 88 66 221 129 100 6 25 12 60 177 103 92 177 27 88 448 25 2 11 19 1 0 3 8 0 1 4 6 0 8 16 15 8 9 2 2 0 0 9 32 11 8 0 10 9 4 0 8 0 11 3 3 24 24 14 0 0 32 4 1 0 1 0 0 7 0 6 56 
44 13 18 0 4 15 6 4 12 7 7 24 4 14 4 20 6 17 13 13 4 2 11 31 14 14 0 34 3 147 15 166 193 26 47 50 112 135 67 14 3 9 41 27 19 36 61 27 39 280 4 4 7 1 0 0 0 1 0 4 2 7 2 8 26 15 0 0 1 0 3 0 7 11 1 1 0 15 0 0 2 1 4 0 2 3 26 8 5 0 0 12 2 0 1 3 0 1 14 1 1 44 
1 1 3 0 0 2 2 2 0 3 0 1 1 0 16 2 1 0 1 2 0 0 0 12 1 1 0 3 1 26 1 31 45 7 9 8 45 36 27 12 33 4 15 20 11 9 20 1 14 43 1 0 1 0 0 0 2 3 0 0 0 4 2 0 6 6 1 2 2 1 0 0 1 8 2 0 0 2 0 2 2 8 11 3 5 9 10 18 13 0 0 0 2 2 0 4 0 1 5 0 17 13 
3 7 3 1 2 8 0 3 1 4 3 4 4 2 0 3 2 1 8 0 1 1 1 14 3 3 0 14 15 43 8 33 125 22 22 18 61 75 28 13 7 3 3 2 13 28 10 3 9 95 4 2 0 2 1 1 1 12 0 0 0 0 1 0 2 0 2 0 1 1 0 0 3 19 9 4 0 4 10 5 4 4 7 34 2 42 9 59 7 0 0 2 8 2 8 5 1 6 15 0 12 110 
15 9 11 1 1 2 4 5 2 8 4 3 3 1 1 0 4 8 5 6 0 3 0 10 6 1 0 31 0 45 17 43 135 30 20 13 39 81 46 13 26 11 16 5 24 22 39 2 22 111 11 2 6 5 0 3 2 5 0 0 4 4 0 1 3 23 1 0 8 2 4 0 6 5 12 5 3 13 18 4 12 12 4 21 10 40 14 91 13 0 0 30 14 11 12 6 0 13 7 1 15 140 
11 13 8 0 4 17 8 7 3 5 5 2 4 0 2 1 18 7 13 5 3 2 1 38 6 3 0 25 9 152 7 73 179 25 55 35 133 76 74 28 12 16 18 28 6 46 26 27 35 181 3 2 6 2 0 6 3 0 0 0 0 4 1 2 3 22 6 2 4 2 4 0 10 31 2 2 2 3 3 8 2 6 0 16 14 10 9 37 2 0 0 36 7 9 3 11 0 6 17 2 3 63 
13 17 3 0 1 10 5 8 6 4 7 8 3 7 2 1 9 16 11 15 6 0 6 16 7 1 1 23 1 27 6 57 190 11 28 40 96 61 64 51 25 9 23 28 15 7 12 31 53 109 10 2 9 3 0 3 3 2 0 1 6 3 0 3 16 19 5 6 5 2 2 2 7 10 9 7 1 12 10 1 3 12 2 8 10 11 5 88 1 0 0 13 4 14 1 8 0 6 18 0 7 96 
20 19 7 0 2 13 8 14 2 3 7 14 5 1 0 2 9 15 18 13 2 13 12 20 9 1 0 33 1 36 8 102 178 20 45 32 118 67 65 48 25 4 25 18 32 51 4 13 32 77 16 6 9 10 0 0 3 1 0 0 2 7 0 2 17 16 3 2 0 0 2 5 8 9 12 5 1 4 6 5 2 11 7 9 5 47 17 130 1 0 0 20 2 13 3 6 1 2 9 1 4 107 
6 24 11 3 12 14 8 5 5 4 8 19 4 4 4 1 13 13 7 27 2 5 1 20 9 6 0 51 2 45 4 55 182 23 37 62 77 87 63 35 26 6 47 45 39 121 32 3 70 301 15 10 9 11 2 2 4 23 0 1 6 6 1 4 9 2 2 7 16 6 5 6 10 6 9 15 0 9 16 4 6 9 5 8 12 39 11 107 7 0 0 43 8 5 19 3 0 13 22 2 5 86 
10 16 5 1 3 41 0 6 6 22 15 10 6 16 2 2 11 15 8 13 5 0 3 17 11 3 0 20 1 57 13 43 173 26 57 27 87 53 46 64 25 5 76 72 51 102 125 35 3 196 4 3 19 8 3 0 0 12 0 3 9 7 2 4 3 36 11 9 4 0 6 4 12 7 5 4 2 4 13 4 8 19 5 15 5 55 11 107 4 0 0 41 8 38 9 12 1 7 6 2 1 80 
53 80 33 8 27 38 22 21 44 49 71 30 32 31 15 10 38 82 40 35 15 9 18 135 30 12 1 94 6 235 72 228 926 89 185 121 432 272 267 148 119 34 139 183 144 141 81 54 47 16 38 19 45 15 5 8 4 18 0 2 18 22 6 13 40 53 11 29 3 8 12 9 36 40 39 38 7 30 52 39 23 41 39 65 24 89 27 452 16 0 0 40 25 65 44 21 4 23 71 3 13 302 
24 14 8 1 0 9 4 3 5 15 3 6 24 29 13 9 19 15 25 11 0 0 3 38 10 0 1 16 4 6 0 29 83 14 13 7 23 8 1 14 9 0 27 26 27 30 23 9 7 56 5 2 16 13 15 10 12 14 0 52 14 4 2 50 18 40 7 19 3 11 5 6 40 42 9 18 3 21 49 12 4 15 3 31 5 54 2 54 18 0 0 23 10 11 7 6 5 6 9 0 1 38 
5 3 10 0 0 3 0 10 0 16 0 6 24 14 22 14 10 3 3 7 0 5 2 19 4 0 0 4 0 1 4 7 61 8 23 2 22 1 4 4 11 0 12 11 2 20 2 4 2 20 0 1 10 4 5 0 2 4 0 21 4 1 1 12 12 29 5 22 12 6 3 0 18 8 5 2 0 1 22 2 1 13 1 4 3 10 1 21 6 0 0 4 3 22 5 2 0 0 0 0 0 19 
2 3 3 0 6 1 3 0 1 7 0 2 7 15 32 10 7 7 7 14 1 1 1 22 5 0 3 7 0 9 1 7 67 9 15 1 28 3 6 9 2 2 23 8 13 30 18 12 8 74 6 2 3 5 6 1 5 4 0 27 10 0 3 25 25 48 11 19 9 10 3 4 11 18 6 4 5 9 20 4 2 0 4 15 9 28 3 57 9 0 0 14 4 12 6 9 0 5 8 0 1 24 
4 9 20 1 2 16 3 3 3 10 0 4 16 37 10 14 8 18 14 7 0 0 2 15 2 0 0 2 5 4 2 21 60 9 12 4 40 1 7 28 7 1 27 16 16 15 20 1 0 23 15 37 2 5 2 1 3 7 0 33 24 4 4 30 26 43 12 26 1 22 9 7 20 66 4 6 5 19 32 16 14 5 3 63 7 31 1 19 6 0 0 29 6 19 16 0 0 3 3 0 0 12 
4 14 5 0 1 4 2 0 7 4 3 5 5 6 3 8 6 2 1 1 0 0 0 11 2 0 0 8 0 4 0 9 26 8 6 1 11 4 0 3 1 0 10 3 2 6 2 2 1 14 15 62 9 8 2 0 0 7 0 14 6 1 1 19 12 27 1 9 1 6 9 3 15 7 4 16 0 7 22 3 4 0 1 14 0 1 2 13 7 0 0 2 1 10 2 3 4 0 1 0 0 8 
1 2 1 0 2 0 2 1 0 1 2 0 2 1 0 2 4 3 1 1 0 2 0 10 0 0 0 3 0 1 0 4 8 0 0 0 1 0 0 0 6 0 8 2 0 3 3 1 0 3 3 6 17 2 1 2 3 8 0 8 9 0 0 5 10 6 2 1 1 0 1 2 2 8 0 0 1 4 20 0 0 0 0 5 1 3 0 9 4 0 0 0 0 4 1 1 0 0 1 0 0 4 
2 5 7 0 5 6 0 3 1 4 1 1 9 8 16 3 6 5 5 2 2 2 1 8 7 3 0 5 0 4 0 3 40 1 2 0 9 1 10 5 9 3 6 7 0 3 2 2 12 20 27 8 16 5 2 0 1 1 0 18 2 1 5 29 14 21 11 21 2 14 6 8 9 17 13 1 5 3 5 1 4 0 4 18 2 10 11 15 8 0 0 7 2 17 6 4 4 1 3 0 1 11 
8 20 9 0 10 24 14 8 16 4 3 11 38 36 15 13 5 9 5 13 2 0 3 15 5 8 0 13 0 23 2 22 47 14 13 2 16 0 17 11 3 0 11 0 6 7 7 5 1 27 39 10 44 16 4 2 5 4 0 27 5 0 6 8 24 23 8 20 1 12 11 1 12 39 8 16 1 10 28 5 1 4 5 29 15 12 3 29 1 0 0 1 0 5 2 1 0 2 5 0 0 7 
0 0 0 0 0 0 0 0 0 0 0 0 0 0 0 0 0 0 0 0 0 0 0 0 0 0 0 0 0 0 0 0 0 0 0 0 0 0 0 0 0 0 0 0 0 0 0 0 0 0 0 0 0 0 0 0 0 0 0 0 0 0 0 0 0 0 0 0 0 0 0 0 0 0 0 0 0 0 0 0 0 0 0 0 0 0 0 0 0 0 0 0 0 0 0 0 0 0 0 0 0 0 
14 15 5 0 4 6 4 0 0 1 2 0 23 2 7 15 8 19 12 6 5 3 4 16 6 0 0 13 0 8 1 3 20 0 1 0 0 0 4 1 0 0 10 5 3 5 1 3 1 14 49 16 24 22 9 1 6 10 0 3 1 14 1 6 10 25 15 13 5 10 7 9 4 79 9 15 1 0 12 0 2 1 3 5 0 29 15 10 3 0 0 13 1 1 0 3 0 0 0 0 2 10 
0 0 0 0 1 0 0 0 2 3 0 2 9 3 0 0 15 0 1 0 0 0 6 1 0 0 0 1 0 0 0 0 1 1 0 1 1 1 0 1 0 5 8 1 2 1 0 1 0 7 9 6 8 5 0 1 4 6 0 7 0 2 2 3 7 17 7 17 0 18 20 7 4 50 3 4 0 0 8 0 0 4 1 6 0 5 1 7 0 0 0 0 0 1 1 0 0 0 1 0 0 2 
1 0 0 1 0 0 0 0 0 0 0 0 0 0 0 0 0 0 0 0 0 0 0 2 0 0 0 1 0 0 0 0 2 0 0 0 2 0 0 4 0 0 1 0 0 0 0 0 0 3 2 0 1 0 3 0 1 0 0 0 0 0 0 0 0 3 0 0 0 1 0 0 0 2 0 0 0 1 2 1 0 0 0 0 1 0 0 2 0 0 0 0 0 1 1 0 0 0 0 0 0 1 
0 1 1 0 0 0 5 0 0 2 1 0 1 0 0 0 1 0 1 0 0 0 0 1 0 3 0 12 0 0 1 2 4 1 0 0 4 4 9 3 6 0 0 8 0 0 2 1 0 3 8 13 8 5 3 4 1 8 0 5 0 1 0 0 10 20 1 7 4 11 0 0 1 5 4 0 0 0 9 2 0 0 0 0 0 1 0 8 0 0 0 0 0 0 0 0 1 0 0 0 0 3 
6 1 3 0 0 8 2 4 4 0 0 2 0 2 0 0 0 0 1 0 0 0 0 0 1 0 0 0 0 24 1 4 3 0 20 4 37 28 4 5 2 0 6 8 2 4 5 0 1 38 29 21 22 27 21 5 2 20 0 11 6 7 2 0 5 21 1 8 6 2 8 8 7 38 30 7 0 7 20 2 5 1 1 3 0 0 0 4 0 0 0 3 0 0 0 0 0 0 0 0 0 3 
2 25 8 0 1 8 0 6 3 2 0 2 0 0 0 0 0 0 3 0 0 0 0 1 0 0 0 3 0 23 2 31 20 5 4 3 19 5 9 9 7 5 8 1 14 8 4 0 13 56 40 3 40 12 14 5 0 22 0 15 3 19 6 31 1 9 7 12 26 25 7 12 13 28 11 6 1 1 41 5 3 7 1 2 1 5 0 8 10 0 0 5 2 1 0 0 0 0 0 0 0 6 
14 17 8 0 4 2 9 1 2 1 0 8 1 0 0 0 0 0 0 0 0 0 0 0 0 0 0 0 0 26 5 10 19 9 3 10 12 2 1 2 4 2 25 2 19 16 18 5 4 59 68 29 57 34 11 8 20 17 0 68 5 7 7 8 6 4 1 6 34 31 8 11 21 76 12 25 2 4 45 9 11 2 3 3 0 5 1 10 0 0 0 2 0 1 0 0 0 0 0 0 0 2 
1 5 4 0 2 5 5 0 0 0 0 0 2 0 0 0 0 0 0 0 0 0 0 0 0 0 0 0 0 13 1 3 10 0 1 0 9 0 0 0 1 0 12 3 0 2 4 1 6 11 12 4 27 4 1 4 1 0 0 19 0 3 2 15 4 9 0 0 3 16 2 6 7 16 2 0 2 10 22 0 10 0 1 0 0 6 10 5 0 0 0 0 0 0 0 0 0 0 0 0 0 2 
3 32 3 0 1 11 1 0 0 9 2 1 0 0 0 0 0 0 0 0 0 0 0 0 0 0 0 0 0 12 7 3 26 2 6 5 13 0 0 2 3 0 8 6 6 2 6 3 7 57 60 31 57 24 5 5 3 15 0 13 12 7 7 4 13 16 1 0 3 13 9 9 7 46 10 1 1 5 17 7 6 1 2 2 1 14 0 11 0 0 0 0 0 0 0 0 0 0 0 0 0 3 
0 5 0 0 0 1 0 1 0 0 1 0 1 2 0 1 1 0 0 0 0 0 0 0 0 0 0 0 1 13 3 4 8 4 6 0 3 1 8 1 1 0 2 6 4 1 1 0 0 20 7 6 13 17 5 1 1 6 0 5 1 1 0 12 8 15 4 10 0 3 6 1 10 21 1 5 0 1 12 1 0 0 0 0 0 1 0 0 0 0 0 1 0 0 0 0 0 0 0 0 1 0 
5 1 6 0 1 8 3 3 0 2 0 0 0 0 0 0 0 0 0 0 0 0 0 0 0 0 0 0 1 13 1 6 17 15 1 6 11 1 1 3 1 0 1 0 9 6 6 0 1 5 50 18 52 20 15 20 9 28 0 9 11 5 3 20 13 31 12 18 5 1 10 5 24 142 7 4 2 9 39 1 4 3 2 13 0 6 0 5 0 0 0 1 0 2 0 0 0 0 0 0 0 2 
9 19 8 2 0 9 5 1 2 3 2 7 2 0 1 1 1 0 0 0 0 0 0 1 0 0 0 0 7 19 4 26 40 55 25 17 30 7 17 15 9 3 12 17 16 4 30 1 2 50 54 12 24 14 6 6 3 14 0 21 6 6 8 14 37 101 21 70 34 28 1 7 26 106 3 15 3 4 40 4 5 8 1 5 4 22 2 8 1 0 0 5 0 0 0 0 0 0 1 0 0 3 
3 6 1 0 1 2 5 10 1 6 0 8 3 3 1 1 0 0 0 0 0 0 0 0 0 0 0 0 0 2 0 1 50 18 26 13 51 19 54 4 6 10 21 27 10 5 10 2 5 37 36 22 43 16 19 3 18 19 0 16 20 0 9 30 62 50 31 64 38 64 0 3 29 25 15 1 1 8 12 3 10 8 18 26 3 7 1 12 11 0 0 3 0 0 0 0 0 0 0 0 0 2 
1 13 14 1 1 6 0 3 0 4 2 0 0 0 0 4 0 0 0 0 0 0 0 0 0 0 0 0 0 1 0 2 3 9 10 8 12 5 6 1 6 1 1 1 8 4 3 6 0 25 23 16 17 16 12 8 10 14 0 32 15 1 2 6 42 63 34 13 20 13 19 0 2 6 1 12 1 11 28 24 13 6 2 4 8 11 0 6 0 0 0 2 0 0 1 0 0 1 1 0 0 2 
4 7 2 0 2 13 3 10 10 3 1 4 1 1 0 0 2 0 0 0 0 0 0 2 0 0 0 0 0 0 0 2 13 12 4 5 13 8 4 3 1 1 1 0 6 5 3 0 0 9 52 13 25 13 3 9 4 31 0 35 14 7 4 16 44 58 11 35 6 23 51 15 9 2 13 3 3 8 71 12 3 11 8 7 6 3 0 16 3 0 0 4 1 1 0 0 0 1 2 0 0 7 
0 2 0 0 3 0 4 2 4 6 1 9 14 16 7 2 12 7 12 8 1 0 2 6 2 0 0 8 0 4 2 11 29 9 15 4 10 2 4 10 8 4 31 23 12 43 18 8 9 74 12 2 3 3 8 0 7 24 0 20 5 0 7 18 5 17 13 19 5 3 7 0 4 36 1 2 10 24 76 84 24 14 17 124 13 49 15 98 16 0 0 24 15 22 15 4 1 6 9 1 1 30 
3 23 2 0 1 0 1 5 8 7 1 15 9 7 10 6 9 11 7 6 1 3 0 10 3 0 1 13 0 16 0 18 27 6 12 2 3 0 6 8 2 2 31 33 9 26 20 7 15 71 30 21 18 2 5 2 15 25 0 19 13 3 0 16 15 35 0 5 0 2 5 6 4 18 5 6 42 39 89 68 18 44 30 140 35 53 8 103 13 0 0 21 6 18 10 11 5 7 20 0 2 30 
0 5 1 0 0 1 1 0 7 1 0 2 0 0 2 3 0 0 4 1 0 0 1 3 0 0 0 6 0 4 1 4 10 2 1 4 5 0 1 1 10 1 2 1 5 3 2 7 3 17 9 2 1 12 4 1 4 5 0 7 3 1 0 9 2 13 1 5 2 0 4 2 2 5 4 1 1 30 62 65 6 15 6 41 8 8 0 31 8 0 0 2 8 11 3 3 0 0 2 0 0 9 
7 16 8 0 1 0 4 3 3 3 0 1 18 18 8 9 2 4 3 3 0 1 0 15 7 0 0 21 0 1 4 5 20 7 0 0 0 0 6 1 6 1 35 18 16 14 16 6 13 71 15 7 19 11 4 3 2 11 0 28 9 2 2 19 17 27 3 2 6 8 3 5 8 54 21 6 0 5 23 65 2 18 30 163 38 31 20 106 38 0 0 36 21 13 26 11 1 7 3 0 1 24 
12 10 6 1 2 4 4 5 18 2 2 0 13 4 31 12 13 19 5 4 1 1 1 29 10 3 0 26 4 17 27 11 52 16 21 6 4 1 9 10 14 1 24 18 17 20 17 14 16 70 50 65 40 35 21 2 10 10 0 27 4 1 0 27 53 44 24 36 9 54 14 11 29 162 18 13 7 8 2 54 20 21 51 90 22 23 6 104 10 0 0 16 12 21 11 40 1 6 4 1 29 39 
1 7 3 0 2 0 0 0 0 2 0 0 7 3 0 2 1 9 2 6 1 2 0 3 2 0 0 3 0 4 6 8 17 3 6 0 8 3 5 8 2 3 29 6 9 13 20 9 11 69 8 4 13 3 8 1 2 1 0 4 9 5 3 11 3 21 0 4 0 3 17 8 11 42 24 15 5 9 9 0 6 41 34 145 60 30 9 74 15 0 0 15 8 11 21 24 3 16 10 1 4 42 
1 6 1 1 0 2 1 2 0 11 0 0 4 0 0 2 0 2 1 6 0 0 0 3 0 0 0 1 2 11 3 12 8 1 11 0 0 0 0 0 3 1 24 17 12 13 18 1 3 97 18 14 16 6 0 1 2 0 0 0 6 3 1 6 4 18 8 2 4 5 8 2 3 63 12 7 2 15 22 21 3 23 30 103 30 50 6 76 7 0 0 20 11 19 4 9 2 3 19 1 0 40 
13 3 20 0 3 6 0 0 3 2 0 0 0 0 0 0 1 1 1 3 2 0 0 11 0 0 0 3 0 9 4 7 22 0 3 1 3 2 5 9 16 1 32 28 20 23 29 3 10 162 0 0 2 2 4 0 2 2 0 5 3 1 0 2 11 10 0 0 1 2 0 1 8 33 10 10 3 23 22 19 3 1 2 33 16 22 14 92 31 0 0 17 26 10 17 24 2 16 18 1 0 64 
4 1 0 2 0 1 0 0 0 4 0 0 0 0 0 1 0 2 0 0 0 1 0 0 1 3 0 1 0 3 3 1 6 3 1 0 0 1 0 3 2 0 24 6 14 3 23 4 14 61 37 3 7 0 3 4 9 3 0 3 0 3 0 0 2 2 1 4 1 5 2 1 21 163 17 14 1 30 41 52 12 2 2 75 26 22 5 108 8 0 0 25 7 13 10 4 0 15 7 4 1 44 
3 8 10 0 2 0 0 0 0 10 0 0 0 0 0 0 0 0 0 0 0 0 0 2 0 0 0 3 1 4 0 0 6 0 2 0 0 1 4 4 2 10 45 21 7 13 18 2 8 122 20 7 20 12 3 4 8 3 0 1 0 1 0 0 0 1 3 2 0 1 1 5 4 12 25 14 6 78 41 59 18 11 27 7 17 49 8 153 11 0 0 25 24 21 3 19 2 6 25 1 7 74 
9 3 14 0 1 1 0 6 1 14 1 0 0 0 1 0 2 0 0 9 0 0 0 1 0 0 0 14 0 1 0 0 9 0 0 0 0 2 0 9 1 1 56 41 34 31 23 7 13 82 45 8 22 13 1 11 10 6 0 4 0 2 0 1 1 5 0 1 1 3 0 2 4 22 33 23 4 40 34 73 35 45 63 47 3 43 24 145 11 0 0 50 5 19 5 16 10 10 13 3 4 70 
12 4 5 1 3 4 2 0 0 0 0 0 0 2 1 0 0 1 10 9 0 0 2 4 3 0 0 4 2 15 3 22 20 2 17 3 8 19 9 0 14 5 64 34 10 26 73 3 11 110 39 7 27 5 2 3 6 5 0 2 9 4 0 3 0 13 2 4 0 9 6 8 6 9 16 31 14 18 37 24 15 22 27 55 23 2 9 70 34 0 0 55 9 14 16 6 2 5 10 0 3 77 
27 5 3 5 2 6 1 1 0 2 0 0 1 0 0 0 3 5 0 2 0 0 1 4 0 1 0 2 2 10 1 33 24 2 8 4 20 14 5 2 13 4 40 55 9 26 19 12 13 83 41 8 14 2 3 2 2 5 0 5 0 3 2 2 4 5 0 0 2 0 0 10 2 17 10 19 1 14 46 8 11 25 7 52 20 7 1 25 20 0 0 26 13 19 13 13 22 12 18 1 12 56 
27 27 6 3 11 11 3 5 5 4 13 6 8 6 0 5 19 18 8 19 13 4 3 28 10 3 1 25 2 76 19 80 186 28 55 26 83 90 55 12 12 5 92 55 20 69 75 27 53 385 46 11 61 9 9 1 13 33 0 17 23 10 2 3 11 32 4 12 4 5 4 18 12 19 72 54 13 67 84 73 29 56 47 110 56 42 24 11 14 0 0 72 27 32 47 62 19 56 63 9 8 419 
7 38 2 0 2 8 1 2 18 3 3 0 1 4 0 0 12 10 5 21 3 4 0 11 0 0 0 8 0 37 0 30 66 9 43 8 39 18 21 11 20 7 65 9 8 25 29 3 6 89 20 6 22 7 5 3 1 8 0 3 1 5 9 5 3 19 3 0 0 2 0 0 3 2 20 4 0 46 26 10 14 23 10 20 5 32 49 34 3 0 0 50 14 19 24 22 3 4 10 0 5 89 
0 0 0 0 0 0 0 0 0 0 0 0 0 0 0 0 0 0 0 0 0 0 0 0 0 0 0 0 0 0 0 0 0 0 0 0 0 0 0 0 0 0 0 0 0 0 0 0 0 0 0 0 0 0 0 0 0 0 0 0 0 0 0 0 0 0 0 0 0 0 0 0 0 0 0 0 0 0 0 0 0 0 0 0 0 0 0 0 0 0 0 0 0 0 0 0 0 0 0 0 0 0 
0 0 0 0 0 0 0 0 0 0 0 0 0 0 0 0 0 0 0 0 0 0 0 0 0 0 0 0 0 0 0 0 0 0 0 0 0 0 0 0 0 0 0 0 0 0 0 0 0 0 0 0 0 0 0 0 0 0 0 0 0 0 0 0 0 0 0 0 0 0 0 0 0 0 0 0 0 0 0 0 0 0 0 0 0 0 0 0 0 0 0 0 0 0 0 0 0 0 0 0 0 0 
2 3 0 0 4 2 0 3 3 1 0 3 1 0 0 1 0 2 0 0 0 0 0 2 0 0 0 0 1 6 1 9 40 1 12 11 20 17 23 2 14 0 4 10 9 7 5 2 11 48 5 1 6 3 0 0 0 1 0 0 1 0 0 3 0 2 0 0 0 0 0 0 0 1 3 4 0 5 5 4 4 11 1 9 10 20 18 62 3 0 0 0 7 7 0 9 0 3 8 0 10 50 
0 4 1 2 0 2 1 2 1 0 2 0 2 3 0 0 0 0 0 0 0 0 0 0 0 0 0 3 1 26 1 18 32 0 16 7 30 24 8 2 1 0 26 8 4 8 37 1 8 50 4 1 3 3 0 1 0 1 0 0 0 0 0 0 1 3 0 0 0 1 0 0 0 18 6 2 0 4 1 9 2 3 12 21 6 21 29 42 8 0 0 6 1 0 5 22 2 3 4 0 1 41 
4 6 1 0 0 0 0 1 3 0 0 3 2 1 0 0 0 0 0 0 0 0 0 1 1 0 0 3 0 10 0 21 34 2 17 5 32 5 10 7 13 2 49 38 23 27 29 2 11 120 7 11 9 4 0 4 4 1 0 2 0 1 0 1 2 0 0 0 0 0 0 0 0 1 25 14 11 14 19 20 6 12 10 13 6 62 28 59 20 0 0 18 3 6 1 4 1 9 24 0 25 102 
1 0 0 0 0 0 0 0 0 1 0 0 0 3 0 0 0 0 0 0 0 0 0 2 0 0 0 0 0 4 2 12 19 0 10 3 21 0 3 1 4 0 25 16 21 13 13 2 12 78 8 2 2 3 0 1 0 0 0 0 1 1 0 0 0 0 0 0 0 0 0 0 0 0 2 7 0 2 9 16 5 22 19 21 2 19 30 58 18 0 0 15 11 0 1 5 0 16 23 6 10 60 
3 2 2 0 0 3 1 0 0 5 1 2 1 1 0 1 1 0 0 0 0 1 0 1 0 0 0 2 1 10 6 7 35 9 9 16 46 12 7 8 14 5 146 107 43 28 24 9 17 63 15 10 12 7 1 1 2 7 0 2 3 2 1 1 4 1 0 0 0 0 0 1 0 0 10 12 1 4 9 20 0 12 17 26 7 34 34 106 26 0 0 162 18 34 2 5 2 2 6 3 55 101 
1 5 0 0 0 0 0 0 0 0 0 0 0 0 0 0 0 0 0 0 0 0 0 0 0 0 0 0 0 4 3 0 4 0 0 3 4 2 2 0 4 0 6 15 9 1 2 5 1 26 1 3 5 0 0 0 0 1 0 0 0 0 0 0 0 0 0 0 0 0 0 0 0 12 1 22 0 16 8 5 2 9 1 3 7 18 16 40 11 0 0 9 3 7 5 5 0 0 1 1 0 7 
5 2 0 0 7 6 4 2 2 1 4 3 1 0 0 0 0 1 0 1 0 0 0 2 0 0 0 1 0 9 2 8 12 8 18 17 23 20 24 8 3 1 35 40 28 59 37 8 28 142 21 6 18 5 2 4 6 8 0 5 2 2 0 0 1 0 0 0 0 0 0 0 2 0 48 5 1 23 48 20 19 47 23 33 16 43 35 112 12 0 0 39 13 20 37 18 1 2 3 2 3 99 
2 3 2 0 0 6 1 0 0 0 3 1 1 3 3 1 0 0 0 1 0 0 1 1 0 0 0 1 0 19 1 6 6 0 15 10 24 5 8 5 3 3 33 30 87 43 46 21 30 180 15 5 28 12 3 0 11 16 0 0 1 0 0 0 1 1 0 0 0 0 0 0 0 0 16 18 2 31 28 32 11 66 18 46 21 50 25 86 15 0 0 40 14 14 8 3 1 0 0 1 4 44 
0 3 1 0 1 0 0 0 0 0 0 2 0 1 0 0 2 0 0 0 0 0 0 0 0 0 0 0 0 1 6 4 5 7 11 3 10 5 3 2 1 0 25 7 23 19 13 2 16 37 0 1 15 1 1 2 0 3 0 3 0 0 0 0 0 0 0 0 0 0 0 0 0 0 14 3 0 2 10 11 4 4 1 24 3 32 3 50 4 0 0 14 25 13 12 6 2 2 8 2 0 13 
0 0 0 0 0 1 0 0 0 0 1 0 0 1 0 0 0 0 0 0 0 0 0 0 0 0 0 2 0 1 0 1 13 0 4 2 5 4 5 0 2 0 4 6 3 4 1 1 0 12 1 0 2 0 0 0 0 1 0 0 1 2 0 1 0 0 0 0 0 0 0 0 0 0 8 5 1 0 2 2 5 3 4 10 1 19 2 22 0 0 0 8 0 2 19 3 0 0 0 0 0 1 
2 7 0 0 0 4 0 0 0 0 0 0 0 2 0 0 1 0 0 0 0 0 0 4 0 0 0 2 0 11 2 12 10 4 7 7 27 15 4 3 3 0 44 36 24 23 15 9 13 27 17 2 4 2 2 0 1 1 0 2 1 0 0 1 0 0 0 0 0 0 0 0 0 2 7 6 7 7 5 12 7 7 9 11 10 27 3 86 22 0 0 31 13 9 9 12 1 5 13 3 3 2 
