12 17 22 6 8 26 27 29 34 29 19 43 49 113 50 76 54 17 20 7 10 8 4 31 16 0 0 26 101 4 1 2 24 8 9 2 4 10 35 17 10 1 11 6 20 13 11 6 3 64 4 2 7 6 1 0 1 2 0 2 1 1 0 3 3 6 6 2 1 2 2 3 7 2 3 1 0 1 19 3 0 1 1 4 1 6 2 24 2 0 0 14 2 3 0 1 1 2 1 0 0 17 
13 11 16 5 4 28 33 18 34 24 10 36 58 117 70 80 43 18 32 12 7 10 5 33 15 0 0 33 128 4 2 3 17 3 6 3 7 8 37 22 15 1 11 19 8 11 18 4 8 51 5 4 6 6 3 4 0 7 0 0 3 2 0 4 8 15 7 2 1 1 0 4 6 6 3 3 0 2 20 7 0 4 4 8 0 7 3 13 4 0 0 12 1 2 1 2 0 0 1 1 0 11 
25 17 10 13 7 37 44 25 50 17 8 39 40 119 49 69 36 32 24 10 7 17 5 25 7 4 2 16 263 1 5 0 11 2 3 4 7 5 31 20 14 5 13 10 9 11 6 2 7 45 6 3 7 5 3 2 0 5 0 1 3 1 1 2 12 8 1 3 2 1 2 0 2 3 1 0 0 1 16 1 2 3 5 7 0 5 2 17 3 0 0 13 3 0 0 0 3 0 2 0 1 7 
14 10 21 3 6 5 17 9 5 4 0 5 14 24 7 18 8 8 1 2 2 2 0 3 0 0 0 4 24 0 0 0 5 0 1 1 0 2 4 0 0 0 0 0 2 3 4 3 0 10 2 0 0 0 2 1 1 0 0 1 1 1 1 1 0 0 0 0 0 0 1 2 0 1 0 0 1 0 1 0 0 0 1 0 1 0 0 6 0 0 0 0 0 0 0 0 0 0 0 0 0 1 
16 11 14 0 3 11 11 10 20 3 11 14 13 30 14 17 12 12 8 4 1 7 3 11 4 0 2 8 23 3 0 3 4 0 3 2 0 2 8 2 1 0 2 2 5 5 1 3 1 12 5 0 4 2 2 1 0 0 0 1 0 0 0 0 1 5 0 0 1 2 3 3 1 1 0 2 0 1 7 0 0 0 1 2 0 1 1 5 0 0 0 5 0 0 0 0 0 2 0 0 0 1 
24 48 32 8 7 10 17 24 25 13 11 45 56 88 36 40 55 23 24 4 16 12 13 29 10 0 2 17 120 1 7 2 8 0 2 0 3 3 55 10 12 2 11 10 10 13 4 5 1 30 1 4 2 5 1 3 2 4 0 11 3 4 1 3 6 7 2 5 1 5 1 2 4 2 4 0 0 2 16 0 2 0 0 1 3 4 0 8 1 0 0 5 1 1 2 1 0 0 1 0 0 1 
32 60 36 19 6 26 11 24 32 15 7 24 44 101 38 64 27 21 18 6 4 9 3 11 4 3 0 15 81 9 0 5 19 0 2 1 2 5 33 14 5 3 13 2 9 12 7 2 1 22 2 1 13 9 1 0 4 5 0 2 1 4 1 5 10 4 1 1 1 0 1 2 4 5 4 0 0 1 18 0 2 0 0 6 5 6 1 6 1 0 0 5 2 3 0 0 0 0 0 0 0 4 
26 23 49 5 4 20 33 9 26 24 18 27 55 125 38 50 65 28 16 6 17 9 5 18 5 1 1 6 72 5 8 0 16 3 4 0 1 6 32 14 2 1 5 4 5 6 3 3 1 12 6 0 5 10 1 0 3 2 0 2 0 1 2 4 6 7 2 3 1 0 3 1 3 8 1 0 0 1 6 1 1 0 2 2 6 1 0 5 2 0 0 10 1 0 0 0 0 1 1 0 0 3 
32 27 50 19 13 21 41 32 9 8 14 31 66 131 29 57 55 21 19 9 3 14 7 20 13 4 3 25 84 8 3 2 5 2 1 1 0 2 40 13 9 4 6 9 12 13 17 1 2 36 5 0 1 5 2 1 1 3 0 1 2 3 1 1 2 4 0 4 1 1 0 1 4 1 2 0 0 3 9 5 1 3 3 2 0 7 1 7 0 0 0 9 4 2 1 2 0 0 1 0 0 4 
20 15 29 1 13 16 16 8 13 3 9 9 27 48 14 41 26 15 9 5 8 13 11 21 11 3 1 23 37 0 1 3 8 4 1 0 2 0 14 4 4 0 3 1 6 1 6 1 0 18 1 5 5 3 2 6 1 5 0 1 0 0 1 1 2 4 2 6 1 1 1 4 4 1 3 2 0 2 8 2 0 1 0 3 3 0 0 6 0 0 0 4 1 0 2 0 1 0 2 1 0 0 
13 12 8 2 5 6 14 9 19 15 4 24 37 39 18 30 12 9 13 7 4 12 1 9 7 2 0 20 21 3 1 0 2 3 4 0 0 0 16 6 4 3 7 7 4 5 4 5 1 25 0 0 4 0 1 1 2 2 0 2 0 3 1 1 0 2 0 0 0 0 0 2 2 1 1 1 0 0 6 0 0 0 0 1 2 2 0 1 0 0 0 9 4 0 0 0 1 0 0 0 0 0 
38 45 34 6 10 19 23 27 23 21 14 11 32 59 29 45 40 33 30 10 13 14 11 39 16 4 1 37 54 9 0 7 16 1 2 1 3 3 21 18 10 1 7 11 8 16 5 6 8 26 6 0 6 2 2 0 7 5 0 1 1 2 2 0 0 1 1 2 1 0 5 3 4 4 0 7 0 1 5 0 0 0 0 0 0 0 0 3 0 0 0 13 4 1 0 3 0 0 3 1 0 6 
39 84 33 12 18 49 58 61 82 40 34 26 9 68 32 99 59 48 51 19 31 17 10 55 34 5 2 53 64 13 6 5 19 1 2 1 4 8 30 22 17 5 7 13 10 20 13 3 2 27 13 3 11 5 1 0 7 8 0 10 0 1 0 1 2 4 0 0 1 0 3 1 1 2 3 3 0 2 7 0 0 0 0 1 0 1 0 8 2 0 0 18 0 1 6 0 0 0 2 0 0 4 
75 101 60 18 16 41 60 64 68 46 36 59 53 10 12 53 75 41 36 27 38 34 24 63 33 8 5 152 45 9 1 6 12 3 1 1 1 8 23 28 3 0 7 6 6 9 5 1 3 29 9 6 10 8 7 0 1 12 0 2 3 1 1 0 1 0 0 1 0 3 1 0 0 0 3 1 0 1 22 4 1 0 2 0 0 0 1 3 1 0 0 6 2 1 1 3 1 0 1 2 0 2 
59 63 73 3 16 40 44 44 39 26 24 36 32 18 6 20 40 38 26 10 23 22 17 52 29 4 4 106 74 2 6 4 13 2 2 1 3 3 11 20 5 3 4 9 9 5 4 6 4 21 11 2 11 6 3 0 13 3 0 5 0 2 0 1 0 1 2 0 2 1 1 0 1 0 6 1 3 2 15 1 0 1 0 2 2 1 1 2 0 0 0 5 2 1 6 2 0 0 0 0 0 3 
27 47 32 7 14 39 34 44 50 48 21 45 67 39 27 15 63 51 65 28 58 27 25 99 30 10 9 109 45 18 8 16 34 8 18 8 38 3 9 21 30 4 10 12 16 14 11 14 0 44 13 1 17 13 1 2 3 5 0 2 2 4 0 4 3 4 0 0 1 0 0 0 0 4 4 5 0 1 13 1 1 0 1 3 1 2 1 11 1 0 0 18 1 2 6 3 1 1 2 0 0 7 
29 47 25 3 20 36 26 50 48 47 13 35 49 119 43 75 18 46 64 22 57 46 28 88 29 10 2 85 42 42 10 25 54 12 27 18 47 11 55 36 25 3 20 20 25 57 23 2 10 75 11 7 21 4 2 5 2 6 0 2 0 2 1 8 1 1 0 0 0 1 2 0 3 8 3 1 0 1 18 1 0 0 0 1 1 5 0 12 3 0 0 17 3 1 1 0 1 0 0 0 1 6 
7 28 26 1 4 29 37 16 38 31 15 39 59 111 49 115 74 11 40 23 44 26 36 55 33 11 4 55 41 26 9 25 44 12 26 12 33 13 62 15 22 5 14 16 24 27 20 12 8 50 6 5 7 7 5 2 5 9 0 5 0 4 1 2 0 0 0 0 0 0 0 0 4 0 5 0 4 1 20 1 1 0 0 1 0 5 1 13 9 0 0 11 0 0 3 0 2 0 1 0 0 9 
14 36 18 3 5 13 24 10 23 21 13 29 36 94 38 78 57 37 1 10 25 29 13 47 20 5 3 80 44 9 3 6 18 2 15 14 22 11 38 11 5 1 11 15 16 29 6 3 6 30 6 9 5 9 0 0 6 2 0 3 2 2 2 0 0 0 0 0 0 0 0 0 1 1 4 4 0 5 23 0 2 0 1 1 0 0 2 5 0 0 0 2 1 1 0 1 0 0 0 0 0 1 
11 12 12 0 6 5 11 12 15 12 5 9 30 60 23 49 34 31 16 8 7 4 13 39 15 13 9 75 25 3 4 3 8 4 2 4 15 9 46 4 7 1 5 6 4 9 8 1 3 16 1 1 2 1 1 1 0 2 0 1 1 0 1 0 0 0 0 0 0 0 0 0 0 0 1 0 0 2 6 2 0 0 0 0 0 1 1 4 0 0 0 1 0 0 0 1 0 0 0 1 0 2 
12 20 10 2 8 10 10 9 19 8 4 19 31 93 40 88 69 56 60 5 3 5 12 27 10 13 8 61 36 4 2 0 7 1 5 3 15 5 48 18 15 3 4 5 7 11 5 5 2 20 1 1 0 2 0 0 1 0 0 2 0 0 0 0 0 0 0 0 0 0 0 1 0 0 1 0 1 0 6 0 0 0 0 0 0 1 0 6 1 0 0 3 1 0 0 0 1 0 1 0 0 2 
24 18 12 1 4 15 20 14 10 17 5 41 41 98 49 87 47 41 25 9 10 5 14 27 6 26 19 102 61 6 2 1 8 0 9 5 22 13 41 5 6 5 4 4 7 10 11 2 5 22 1 0 1 0 2 0 1 1 0 2 1 0 0 2 0 0 0 0 0 0 0 0 0 0 2 0 0 0 2 1 1 0 0 0 0 1 2 3 1 0 0 3 0 0 0 0 0 0 0 0 0 1 
4 4 10 0 3 13 6 15 6 10 4 11 19 41 35 66 39 33 36 7 33 19 7 20 10 8 6 90 15 5 1 4 15 4 5 5 11 3 50 8 4 1 2 5 10 15 8 2 2 15 3 1 1 0 1 0 0 2 0 0 0 0 0 0 0 0 0 0 0 0 0 0 0 0 0 2 0 0 7 0 2 0 0 2 0 2 0 5 1 0 0 2 0 0 0 0 0 0 0 0 0 1 
20 19 17 2 5 16 14 11 27 40 8 40 57 111 53 147 103 65 86 27 26 18 17 10 24 30 30 111 36 8 2 2 30 4 8 6 26 11 70 20 23 2 10 11 16 35 19 7 6 105 12 7 4 3 0 1 5 2 0 1 1 0 0 0 0 1 0 0 0 0 0 0 0 2 1 4 2 2 18 2 1 1 1 3 0 2 4 13 2 0 0 11 0 0 0 0 0 3 1 0 0 4 
26 24 17 6 9 20 7 16 10 32 12 35 41 68 64 122 62 25 44 24 44 13 20 23 8 8 14 81 14 11 5 5 138 3 6 11 23 7 57 25 52 3 15 18 34 37 24 17 12 144 7 6 44 10 13 2 9 9 0 4 1 2 0 2 1 1 0 0 0 0 0 0 0 2 1 3 1 1 21 1 1 6 1 1 1 7 0 51 6 0 0 10 1 4 1 3 0 2 0 0 2 8 
1 0 1 0 0 0 0 0 1 0 1 1 1 2 7 9 5 8 6 8 14 13 5 25 1 1 2 14 0 0 0 0 0 1 1 0 1 0 6 0 0 0 1 1 0 0 0 0 0 2 0 0 1 0 0 0 0 0 0 0 0 0 0 0 0 0 0 0 0 0 0 0 0 0 0 0 0 0 0 0 0 0 0 0 0 0 0 1 0 0 0 0 2 0 0 0 0 0 0 0 0 0 
0 1 0 0 0 0 1 4 1 2 0 0 5 12 10 29 14 4 16 4 23 10 5 35 6 3 1 57 2 1 1 2 5 1 1 0 5 2 8 3 1 0 3 0 0 2 0 1 1 5 0 0 0 0 0 0 0 0 0 0 0 0 0 0 2 0 0 0 0 0 0 0 0 0 0 0 0 0 0 0 0 0 0 0 0 0 0 0 0 0 0 0 0 1 0 0 0 0 0 0 1 2 
19 30 23 8 7 14 11 17 21 42 18 51 47 169 99 180 93 47 64 50 103 157 91 135 52 16 37 12 14 5 4 10 25 4 11 7 43 17 75 34 29 1 10 23 18 35 29 7 13 108 10 6 13 6 2 1 5 5 0 1 4 0 0 0 3 3 0 1 0 0 0 0 0 0 7 0 0 2 25 3 1 3 1 2 5 6 4 46 6 0 0 7 2 1 1 0 0 0 0 1 0 4 
5 9 27 22 2 15 11 9 13 8 4 12 12 10 4 10 4 6 1 1 0 0 0 2 6 0 0 5 2 1 0 0 1 0 3 0 0 2 6 3 0 0 5 3 1 4 3 0 1 6 0 0 1 2 0 0 0 2 0 0 0 0 0 4 0 1 0 0 0 0 0 0 0 0 0 0 0 0 0 0 0 1 0 1 0 0 0 3 0 0 0 2 0 0 1 0 0 0 1 0 0 2 
0 1 2 0 2 4 4 3 7 2 0 6 6 6 1 37 34 27 14 9 7 4 2 9 12 1 0 2 12 31 118 92 300 56 132 159 519 159 327 117 106 13 64 70 64 68 66 18 21 219 8 3 22 8 1 3 6 12 0 10 10 10 4 20 23 56 12 10 5 9 3 6 10 1 0 0 0 3 21 4 2 3 1 13 0 9 11 57 10 0 0 50 10 12 7 3 2 3 16 0 1 28 
2 3 4 2 1 1 0 1 1 1 0 2 3 0 5 7 20 8 10 2 1 2 0 6 3 0 0 14 5 70 7 74 110 38 55 79 181 51 90 34 25 6 23 19 26 28 16 2 4 54 3 2 13 3 2 1 3 7 0 6 3 3 3 0 14 26 1 1 1 2 3 2 4 0 1 2 0 0 7 2 0 0 4 2 0 3 4 17 1 0 0 18 2 2 5 2 0 2 0 0 0 8 
4 2 3 0 0 2 3 6 4 3 0 5 8 1 7 15 37 14 13 1 1 2 0 6 6 0 1 2 4 137 86 16 107 39 89 64 301 112 299 93 64 11 51 59 67 61 47 12 25 146 3 5 8 4 4 4 3 9 0 4 7 5 4 3 15 33 9 6 1 3 4 6 7 2 5 3 0 6 18 2 0 2 1 3 1 9 3 37 10 0 0 40 3 3 5 2 3 2 1 0 0 21 
8 7 5 1 2 7 10 10 9 9 1 9 12 17 4 24 33 16 22 3 8 2 10 45 12 1 0 24 10 196 82 93 14 40 77 118 324 119 235 138 91 6 87 55 72 92 96 35 39 411 23 12 29 14 6 9 8 24 0 13 5 7 2 6 13 46 11 7 6 8 13 14 6 12 18 6 1 5 39 3 10 5 4 5 4 13 4 67 8 0 0 47 7 22 12 3 2 11 9 0 0 50 
1 8 1 1 0 5 0 0 3 1 0 2 3 1 4 6 16 6 9 1 1 2 0 7 3 0 0 12 4 54 30 23 53 5 27 31 90 49 102 49 33 6 43 40 24 29 16 15 13 74 6 2 13 5 2 8 1 7 0 2 1 10 1 2 12 22 3 12 6 6 5 4 12 5 4 0 0 3 16 0 2 0 0 2 0 1 0 7 6 0 0 24 4 10 2 1 1 2 4 0 0 11 
4 7 0 0 0 6 6 0 4 0 0 3 6 1 5 17 27 11 13 4 4 5 3 6 6 0 0 10 8 99 34 78 116 17 16 27 152 68 109 92 39 11 50 36 49 56 30 18 23 109 10 0 8 4 0 4 2 8 0 2 0 8 6 6 10 9 2 3 5 7 10 15 14 9 1 3 0 0 16 0 4 1 0 0 1 10 3 25 3 0 0 46 7 6 5 6 0 3 7 0 0 21 
9 4 4 1 0 3 0 1 0 0 0 2 1 1 2 9 10 10 9 5 2 3 5 5 4 0 0 13 7 146 51 72 101 17 52 9 200 84 102 57 50 3 37 27 31 46 30 11 13 101 2 4 2 7 0 0 5 2 0 1 0 4 6 5 1 16 3 2 1 5 4 4 3 7 3 0 0 2 6 0 0 0 0 5 0 1 5 19 2 0 0 18 1 1 10 3 0 5 5 1 0 16 
2 8 6 0 2 3 2 4 5 2 2 3 3 1 0 25 23 22 28 6 11 8 6 31 11 0 1 29 12 257 94 155 259 82 132 157 22 95 263 202 107 29 105 91 125 137 78 33 52 284 14 13 10 2 3 3 4 9 0 4 0 12 5 14 7 7 7 8 4 9 15 16 11 22 8 4 3 5 15 0 2 0 0 3 2 22 7 41 27 0 0 69 25 10 13 16 3 21 7 4 3 35 
6 10 4 0 8 11 6 5 6 12 3 9 4 8 7 4 10 10 12 2 2 15 4 14 7 1 2 24 20 147 41 100 136 37 55 48 167 16 152 163 91 15 91 97 83 107 77 30 26 240 14 2 3 3 1 2 3 2 0 1 1 8 1 14 8 9 3 2 1 2 10 2 12 7 4 1 0 2 19 1 0 2 1 1 1 13 6 43 21 0 0 72 9 9 9 6 1 11 3 1 4 34 
7 13 19 0 5 9 8 5 11 10 13 12 8 19 6 5 26 13 13 12 24 7 25 39 9 3 1 40 8 119 27 94 200 62 75 44 241 93 25 229 96 17 89 97 88 117 65 28 32 252 6 7 9 10 1 0 2 3 0 0 3 12 5 11 15 10 0 6 6 3 7 8 10 3 3 5 0 4 17 4 9 4 3 8 3 14 12 48 17 0 0 91 6 16 21 11 2 6 4 6 3 48 
9 20 13 5 3 13 9 19 12 21 12 12 21 11 16 28 39 36 12 5 13 7 1 35 7 2 1 23 36 119 33 65 190 56 112 64 472 176 507 19 53 11 73 143 113 124 121 41 42 305 7 5 8 11 1 3 3 9 0 2 4 23 5 9 15 9 1 1 0 6 8 9 11 8 14 7 0 0 9 7 7 8 3 16 2 9 8 26 14 0 0 57 7 7 5 5 0 2 6 5 0 19 
12 8 10 1 3 6 8 9 8 12 4 9 9 6 7 15 38 21 15 12 13 5 6 24 13 1 3 32 21 81 29 63 144 25 54 36 195 107 287 105 19 20 96 110 77 141 82 32 32 226 6 3 6 3 0 1 0 3 0 3 3 6 2 10 6 7 2 1 0 3 5 1 7 6 6 3 0 1 12 9 4 2 1 16 9 24 18 23 15 0 0 47 13 11 7 15 1 4 9 1 1 27 
6 2 1 0 0 2 0 0 0 1 0 1 0 0 2 5 4 7 2 0 1 1 1 0 2 0 0 2 0 10 0 4 18 8 8 4 40 22 35 26 9 1 16 23 20 15 12 7 8 27 1 0 3 1 0 0 2 3 0 0 0 5 0 1 1 0 0 1 0 1 0 0 1 0 1 2 0 1 2 2 2 1 1 2 1 11 3 7 0 0 0 9 5 6 2 5 0 1 5 0 0 8 
11 8 10 0 1 4 7 7 2 6 14 4 5 3 4 8 25 17 6 5 4 3 0 6 4 0 0 28 18 41 23 40 103 23 43 19 138 83 123 67 52 15 17 78 43 105 64 24 37 169 2 6 9 7 4 0 3 4 0 5 2 3 0 6 9 7 1 3 2 1 0 0 1 10 14 8 0 3 24 11 12 12 3 35 19 44 29 81 31 0 0 84 25 28 24 36 7 22 25 7 2 78 
10 16 10 1 2 9 3 6 7 8 2 6 4 2 4 12 26 19 11 4 3 3 6 16 6 1 1 20 22 48 14 37 99 34 50 36 161 87 179 127 76 21 62 15 147 186 98 42 56 270 13 6 18 6 0 2 1 8 0 1 5 5 1 10 6 16 3 7 2 2 5 3 9 3 12 15 2 7 54 16 17 14 21 63 24 89 45 94 77 0 0 150 42 32 43 82 9 42 45 5 2 92 
16 13 10 0 3 5 12 5 6 9 5 10 10 0 8 9 11 22 7 5 5 6 1 22 6 1 0 21 11 62 17 34 133 26 42 32 166 86 133 90 43 16 64 142 11 158 147 71 69 321 11 3 9 3 2 0 1 3 0 4 3 7 0 6 4 9 1 3 3 5 5 12 7 8 3 5 0 3 15 8 6 4 3 35 15 36 21 59 18 0 0 70 11 21 17 26 13 20 23 3 5 43 
4 8 9 1 0 7 5 9 6 6 7 11 8 16 5 9 27 24 9 9 4 2 7 24 9 1 0 39 29 53 9 39 145 42 44 44 181 81 179 95 70 16 83 174 121 18 152 123 110 424 13 2 12 7 2 2 5 2 0 1 2 2 2 9 6 8 1 3 4 1 9 8 7 3 15 9 0 7 27 11 11 9 7 31 18 41 31 100 25 0 0 85 25 30 26 16 9 30 48 4 7 78 
9 10 5 3 2 7 8 9 8 7 10 8 6 10 9 8 14 22 7 5 5 6 5 17 6 0 1 26 13 59 18 48 153 20 56 20 152 107 180 94 89 28 68 130 162 212 21 81 65 254 10 5 24 3 2 3 3 0 0 3 2 4 0 9 5 10 1 7 0 4 7 5 5 10 19 4 1 2 19 10 10 9 7 23 14 35 22 109 10 0 0 70 18 17 23 31 2 21 33 3 0 88 
4 10 2 4 6 4 2 5 0 10 4 0 5 8 0 4 14 8 3 2 2 0 2 12 3 0 0 9 7 22 3 12 76 7 13 16 60 24 81 48 47 7 39 94 91 206 149 9 37 286 4 4 0 4 3 1 0 1 0 3 1 1 5 2 3 4 3 2 0 0 2 3 2 3 4 2 0 1 16 3 4 9 8 14 7 20 8 95 13 0 0 45 11 14 22 11 1 8 12 1 2 45 
5 11 7 0 3 2 6 0 3 5 5 4 4 10 3 3 10 13 15 3 2 2 3 10 9 1 3 14 15 27 6 23 116 10 21 26 92 46 99 57 37 10 60 143 114 198 135 56 8 343 7 7 8 1 1 2 3 4 0 1 1 1 0 3 2 10 3 5 0 4 0 1 3 2 6 9 0 4 20 4 3 0 5 27 8 24 5 103 3 0 0 76 17 25 21 13 2 13 13 4 5 53 
37 55 22 4 11 21 27 19 24 52 13 30 25 23 13 25 52 47 29 17 23 15 16 115 45 1 0 95 56 187 38 108 895 63 99 114 396 208 505 256 252 31 166 345 272 454 306 190 131 45 34 23 58 22 7 7 6 19 0 9 7 13 1 8 21 35 8 11 7 6 11 15 26 24 37 22 3 10 95 20 28 46 30 92 27 98 40 562 39 0 0 289 39 60 55 42 7 39 51 6 4 270 
3 10 5 1 0 8 5 6 3 3 1 6 9 22 19 23 15 5 7 2 2 0 3 22 2 0 1 9 10 15 2 8 61 2 15 9 16 8 19 4 8 4 5 16 8 14 9 3 5 59 12 27 50 17 7 9 19 25 0 50 4 4 1 24 16 28 5 15 2 10 3 5 21 18 10 9 2 6 127 14 10 6 5 26 7 14 7 30 7 0 0 22 4 5 8 5 0 3 5 0 0 23 
2 5 5 0 0 1 5 1 2 6 2 7 7 16 10 11 3 8 4 1 0 1 0 6 1 0 0 7 14 5 0 4 30 5 1 1 14 1 8 8 2 0 7 15 6 5 4 2 6 27 10 3 39 18 6 5 6 10 0 12 6 2 0 9 5 12 4 8 4 8 3 3 4 12 2 2 0 3 73 6 6 1 9 22 10 1 6 22 1 0 0 11 3 4 6 0 0 5 10 0 0 9 
5 7 6 0 1 5 4 7 1 6 1 7 6 22 6 27 15 4 5 0 1 2 4 21 5 2 2 8 16 12 5 7 68 12 10 2 11 7 29 11 4 1 7 17 12 25 14 3 6 61 17 14 6 14 7 4 12 22 0 23 9 4 0 14 22 33 7 19 9 17 8 9 21 14 8 5 11 3 98 12 6 4 5 40 7 20 11 48 5 0 0 27 5 5 6 3 1 3 7 1 0 27 
3 8 8 0 0 4 6 7 5 14 1 3 12 15 7 14 9 9 5 0 1 1 1 3 2 0 1 7 7 6 7 2 27 7 7 6 14 6 17 5 6 1 6 18 7 12 6 3 0 21 11 30 31 5 3 7 20 32 0 28 5 6 1 19 15 13 8 11 4 14 7 2 5 6 3 6 2 3 95 7 11 1 6 12 9 23 4 7 3 0 0 10 2 3 4 2 0 3 1 0 0 11 
0 2 5 0 0 1 2 2 3 4 0 3 0 18 4 1 3 1 0 0 1 0 0 2 1 0 0 4 6 3 1 0 15 1 4 0 0 1 0 0 0 0 4 6 3 6 4 2 3 9 11 12 17 3 3 0 5 8 0 25 4 1 0 9 4 10 1 3 0 4 2 5 7 3 0 4 1 0 34 1 1 3 3 4 0 3 0 1 4 0 0 2 0 1 2 1 2 0 0 1 0 1 
0 0 0 0 1 1 1 3 1 0 1 2 0 5 3 4 1 0 1 0 0 0 0 2 0 0 2 1 9 2 0 4 7 2 3 0 3 0 2 1 0 0 2 4 0 3 1 1 0 1 7 2 6 5 3 1 6 18 0 15 2 2 0 1 3 1 0 4 2 3 0 1 7 1 2 0 0 1 32 4 2 1 0 5 1 4 0 6 3 0 0 8 0 2 3 0 0 0 2 0 0 2 
4 0 4 0 2 0 2 1 2 1 3 8 3 16 4 8 3 4 4 2 0 0 0 5 3 0 0 2 4 5 3 6 18 5 8 3 7 4 14 6 2 0 4 9 0 7 3 2 0 16 20 11 15 12 5 25 2 14 0 9 5 4 3 11 9 19 4 4 0 4 4 1 6 3 8 4 2 2 56 4 6 2 2 20 3 10 4 9 0 0 0 2 3 1 5 3 0 3 4 0 0 6 
5 1 6 1 2 7 5 2 2 1 7 8 14 19 7 19 7 6 3 2 3 1 0 2 1 0 1 4 8 6 4 11 36 5 10 3 12 1 9 5 2 0 5 13 6 8 4 2 2 13 16 11 34 11 11 9 6 2 0 16 3 7 9 14 18 21 2 9 3 7 4 8 6 6 10 7 2 2 91 12 3 0 8 35 5 12 1 23 5 0 0 15 0 11 5 1 0 3 6 1 0 20 
0 0 0 0 0 0 0 0 0 0 0 0 0 0 0 0 0 0 0 0 0 0 0 0 0 0 0 0 0 0 0 0 0 0 0 0 0 0 0 0 0 0 0 0 0 0 0 0 0 0 0 0 0 0 0 0 0 0 0 0 0 0 0 0 0 0 0 0 0 0 0 0 0 0 0 0 0 0 0 0 0 0 0 0 0 0 0 0 0 0 0 0 0 0 0 0 0 0 0 0 0 0 
10 12 12 3 2 3 6 14 4 5 1 6 8 14 19 25 22 13 11 7 5 5 2 31 10 0 1 17 20 12 3 1 15 1 3 0 0 5 13 4 7 0 5 9 2 4 10 1 2 16 21 7 21 19 9 11 18 16 0 8 3 11 7 11 10 32 8 19 4 11 9 8 17 16 4 11 1 3 41 3 0 7 3 15 4 16 5 15 4 0 0 7 2 1 0 7 0 2 2 3 0 4 
4 1 0 0 1 0 2 0 2 0 2 1 3 2 0 0 0 1 1 1 1 0 1 0 0 1 0 0 5 8 2 2 3 0 0 0 4 3 10 2 1 0 1 2 1 2 1 1 2 9 9 3 11 12 4 2 3 8 0 2 3 7 1 3 7 20 4 9 2 10 5 4 8 5 1 1 0 2 9 1 1 0 3 5 3 3 0 3 1 0 0 2 0 1 0 0 0 0 4 0 0 2 
10 5 0 0 0 4 2 1 2 2 3 1 3 5 4 3 4 3 1 0 0 0 0 4 0 1 0 0 5 10 2 6 15 11 16 3 20 10 17 14 7 1 7 5 5 6 2 3 2 15 7 1 4 5 1 8 2 8 0 9 12 7 3 10 9 27 5 8 1 7 3 11 10 5 4 2 0 2 20 1 3 1 2 3 2 1 3 7 2 0 0 5 1 0 3 0 0 0 1 0 0 0 
1 2 0 0 0 1 1 1 0 2 1 0 3 1 0 1 1 0 1 1 0 0 0 0 0 0 0 0 1 8 1 2 4 2 7 2 4 4 4 3 1 0 1 2 1 0 3 0 0 3 0 2 2 3 1 1 7 1 0 9 5 6 2 1 6 13 1 3 1 3 1 3 4 1 0 1 0 0 14 1 0 0 1 5 0 0 1 0 0 0 0 2 0 1 1 0 0 0 0 0 4 2 
0 5 1 0 0 1 5 2 3 3 1 2 1 1 0 3 3 0 2 0 0 0 0 3 0 0 0 2 3 7 1 9 8 1 9 8 38 7 27 13 7 0 8 6 6 14 7 0 1 18 12 9 20 13 4 2 4 7 0 5 4 13 2 3 11 37 10 9 2 21 17 15 13 11 4 0 1 0 26 5 2 1 0 3 1 3 4 3 0 0 0 7 1 0 0 0 0 0 0 0 0 3 
5 6 2 1 2 4 6 4 1 2 2 8 5 2 1 3 3 0 0 0 0 0 0 0 0 0 0 2 13 27 6 14 27 11 9 7 30 10 23 18 5 2 13 19 8 12 12 5 9 34 17 15 12 9 4 1 14 12 0 26 8 9 16 9 8 33 20 16 12 18 26 29 28 23 5 6 0 6 37 5 7 2 5 4 1 6 4 15 1 0 0 14 0 1 0 1 0 0 2 0 0 2 
12 19 8 0 2 10 18 12 7 7 0 4 4 4 0 1 2 0 2 0 0 0 0 0 2 0 0 0 8 46 32 25 47 22 22 17 47 8 39 14 14 0 7 18 10 12 13 6 2 46 23 18 31 16 8 7 18 25 0 32 30 27 19 23 41 17 12 23 23 51 42 60 53 62 17 8 4 6 80 8 9 8 8 9 0 9 2 12 5 0 0 13 2 3 0 1 0 2 2 0 0 5 
4 4 0 0 0 2 5 3 5 1 2 4 0 2 0 1 0 0 0 0 0 0 0 0 0 0 0 0 7 12 3 5 9 9 6 4 14 5 10 1 1 2 4 4 5 3 8 0 0 13 11 3 12 4 0 3 3 1 0 13 2 4 0 5 18 13 4 5 11 24 17 20 17 9 3 2 0 3 13 5 3 1 3 1 0 3 2 5 0 0 0 0 0 0 0 0 0 0 0 0 0 0 
1 1 4 2 1 3 6 2 2 4 0 4 1 0 1 0 1 0 0 0 0 0 0 1 2 0 0 2 13 11 10 5 16 8 13 2 17 2 20 9 3 1 6 6 6 5 3 0 4 15 14 8 15 10 3 9 8 13 0 16 17 9 7 18 17 44 6 6 3 23 24 40 33 36 2 3 1 11 42 1 0 2 3 5 0 2 3 8 4 0 0 1 0 0 1 1 0 0 0 0 0 5 
1 2 0 0 0 0 0 3 3 1 0 0 1 0 0 1 0 0 0 0 0 0 0 0 0 0 1 0 1 4 3 3 5 5 2 2 7 4 5 0 5 0 0 3 2 4 0 0 1 9 1 2 7 2 1 0 1 4 0 6 5 3 3 3 14 31 7 12 1 11 9 11 2 11 1 0 2 0 15 0 2 0 2 2 0 0 1 2 1 0 0 3 0 0 0 0 0 0 0 0 0 1 
4 4 5 0 1 1 2 3 7 5 0 2 2 0 0 0 2 0 0 0 0 0 0 0 0 0 0 0 2 19 6 4 15 8 14 3 24 9 16 2 3 5 3 1 3 4 0 0 2 15 10 7 20 14 7 3 10 12 0 9 5 14 13 6 33 60 19 22 13 3 25 32 38 63 2 4 0 4 13 3 1 4 5 8 4 2 3 5 1 0 0 0 0 1 0 0 0 0 0 0 0 0 
0 10 2 0 0 2 0 3 3 0 1 3 3 1 1 2 1 0 1 0 0 0 0 0 0 0 0 2 5 2 3 2 24 8 9 5 41 11 27 3 5 2 6 8 7 7 5 0 9 24 6 1 3 5 1 6 2 3 0 12 16 4 8 15 27 50 20 43 9 25 4 59 13 27 0 3 1 1 22 1 2 0 1 6 1 3 0 5 2 0 0 3 1 1 0 0 0 0 2 0 0 3 
1 6 0 1 0 1 3 5 2 6 0 1 2 1 1 3 0 0 0 0 0 0 0 0 0 0 0 0 11 5 3 2 22 10 14 6 36 14 16 2 2 0 4 3 5 12 5 2 1 23 8 5 9 6 1 1 10 3 0 17 8 10 5 19 43 56 21 32 10 34 28 4 35 29 0 4 2 0 30 2 2 0 4 3 3 3 1 6 0 0 0 5 1 0 1 0 0 0 0 0 0 4 
4 6 6 0 3 3 4 2 2 8 3 3 2 2 1 1 2 3 0 0 0 0 0 0 0 0 0 0 2 7 8 7 21 13 14 15 25 8 12 11 6 0 3 13 13 10 13 1 7 32 10 5 11 5 7 9 8 12 0 8 11 7 1 10 28 71 25 30 12 25 22 47 4 21 4 2 1 6 42 5 6 2 0 9 3 9 0 11 4 0 0 6 1 0 0 7 0 0 1 0 0 4 
2 5 3 0 0 4 2 1 1 1 2 2 3 1 1 1 0 1 0 0 0 0 0 0 0 0 0 1 2 0 1 1 9 10 4 1 5 7 12 4 5 0 3 3 5 4 3 3 2 13 19 8 18 13 4 0 4 11 0 18 11 4 2 13 22 54 10 21 10 32 24 30 20 4 4 3 5 5 37 3 1 1 3 8 2 1 0 4 1 0 0 3 0 0 1 0 1 0 0 0 0 3 
2 2 2 2 2 2 6 6 7 3 0 4 4 11 3 7 7 2 6 2 1 1 2 8 1 0 0 2 4 10 0 5 32 2 5 2 3 4 18 4 5 1 11 18 9 19 12 4 5 47 11 4 8 2 4 2 10 21 0 9 1 0 0 5 7 12 0 4 3 3 3 2 2 13 8 3 6 6 185 23 13 14 12 77 8 18 10 62 12 0 0 28 2 12 8 11 0 14 5 0 1 14 
0 0 1 0 1 3 3 2 5 3 0 6 2 14 7 8 4 2 0 0 4 0 1 2 2 1 1 2 3 4 1 9 29 3 6 0 5 2 9 3 6 0 11 25 13 13 12 3 9 43 4 3 13 4 5 3 13 12 0 12 4 4 0 9 9 20 0 1 3 4 1 5 5 3 9 5 1 16 172 33 14 16 15 68 15 21 8 45 10 0 0 21 0 3 3 1 2 4 8 2 0 12 
0 4 0 0 0 1 0 1 0 6 0 1 0 4 3 4 3 1 0 1 0 0 0 1 0 0 0 0 0 1 3 2 2 4 0 1 1 1 3 6 3 0 1 2 1 10 3 0 0 8 3 1 3 0 0 1 4 11 0 3 0 1 0 4 0 2 0 3 0 1 3 1 0 4 4 1 1 12 70 11 5 5 4 31 4 9 4 13 0 0 0 3 1 6 2 0 0 0 0 0 0 3 
2 1 3 0 2 5 1 1 1 2 1 1 2 9 2 5 5 2 1 0 0 1 0 2 1 0 0 3 9 4 5 4 6 4 5 1 3 1 10 6 5 1 4 14 7 12 6 6 0 17 11 1 14 8 7 3 10 32 0 10 1 2 1 9 12 14 2 6 1 6 2 3 5 0 12 17 10 6 92 32 15 5 8 72 9 16 10 37 3 0 0 16 3 8 9 4 0 3 3 0 1 14 
14 13 7 3 0 8 6 4 12 4 0 7 6 27 21 42 25 8 8 1 3 0 1 15 8 0 1 15 29 18 5 20 49 24 9 6 23 3 25 12 20 3 24 51 19 25 19 6 9 84 61 32 74 41 28 35 43 74 0 23 18 11 9 22 31 46 12 15 4 6 9 37 27 30 86 69 25 44 21 57 65 19 24 144 36 37 12 89 24 0 0 63 8 22 13 21 2 15 19 3 3 37 
1 1 1 1 0 0 0 0 1 0 0 1 0 6 2 1 2 2 1 1 1 0 1 5 2 0 2 1 6 6 3 5 9 4 6 0 2 2 11 4 4 2 20 20 9 17 12 6 5 40 12 2 12 5 7 9 9 23 0 8 3 2 0 4 6 12 2 6 0 5 4 1 9 12 28 33 11 22 118 5 23 9 14 131 38 26 4 39 3 0 0 28 6 18 10 7 1 7 5 0 0 27 
1 4 4 0 0 2 0 3 0 1 1 0 0 6 0 1 2 0 0 1 0 0 1 3 0 0 0 6 4 4 1 1 9 5 1 0 1 3 8 2 5 2 19 19 10 21 11 3 8 29 9 7 8 7 2 1 2 14 0 7 1 2 3 4 2 8 1 1 4 2 0 5 10 2 22 12 0 11 109 26 3 16 15 109 34 23 7 51 8 0 0 43 6 18 9 8 1 7 10 0 1 18 
2 2 1 0 0 0 0 0 0 1 2 0 0 2 1 1 0 1 1 0 0 1 0 1 0 0 0 0 6 4 0 2 9 0 2 0 3 0 4 6 5 1 17 11 9 17 7 8 4 49 13 1 8 4 3 0 0 5 0 2 1 1 0 6 0 2 1 3 0 1 0 2 2 0 7 7 2 10 38 14 9 4 4 54 15 17 8 30 8 0 0 16 5 17 5 5 2 10 12 3 0 33 
1 5 1 0 1 1 0 4 1 2 0 0 1 1 0 1 0 1 0 0 0 0 1 0 0 0 0 1 3 1 0 0 4 0 1 0 0 1 8 5 7 5 22 26 11 21 12 4 6 39 6 5 5 1 3 0 6 6 0 0 3 2 0 1 1 3 1 3 1 3 1 1 0 12 13 12 4 12 60 21 13 8 4 138 31 21 15 34 14 0 0 45 3 4 11 11 0 12 9 5 0 14 
1 7 8 0 1 5 1 1 4 0 1 1 0 0 1 0 1 1 0 0 0 1 0 0 2 0 0 2 9 9 2 5 13 4 3 0 8 4 9 17 7 6 52 73 23 45 34 11 12 107 24 14 25 21 7 8 14 27 0 11 4 2 2 5 8 6 0 0 1 6 2 7 5 9 57 49 29 41 191 125 71 34 138 8 118 84 26 125 34 0 0 82 21 37 35 23 1 27 32 2 2 60 
0 8 2 0 0 0 1 0 1 0 1 0 0 0 0 0 0 1 0 0 0 0 0 0 0 0 0 2 7 6 0 3 6 0 3 1 4 1 6 15 3 3 28 51 15 31 29 3 8 40 7 4 11 9 5 2 5 17 0 8 1 4 0 3 0 4 0 0 0 1 2 0 1 8 8 15 10 11 50 30 27 11 26 187 7 48 10 51 19 0 0 63 8 10 9 13 1 18 9 7 4 8 
2 11 7 0 1 0 6 2 2 5 2 0 2 1 1 4 2 3 3 1 2 0 0 6 4 0 0 7 6 17 6 5 26 6 14 6 27 13 35 9 14 10 68 125 17 56 54 22 12 104 15 9 14 10 3 2 11 12 0 6 3 2 10 8 4 5 1 7 0 0 4 7 6 4 23 14 6 11 61 20 27 15 25 113 44 13 28 83 52 0 0 88 29 30 19 22 7 25 28 7 0 61 
2 5 6 1 0 3 4 3 2 1 2 0 3 0 2 2 4 4 3 1 0 1 3 8 1 0 0 8 9 15 4 11 25 8 8 4 30 17 61 13 15 3 41 82 16 60 26 11 5 47 10 1 13 3 0 0 6 7 0 14 9 2 1 0 2 5 0 0 1 1 3 0 5 1 14 6 4 6 37 18 16 17 17 49 25 34 6 58 33 0 0 82 23 30 20 15 3 15 32 0 5 41 
25 21 20 1 5 12 6 7 9 11 3 3 6 7 7 17 20 18 13 1 9 2 4 49 15 2 1 43 24 64 17 38 320 23 28 30 129 79 203 42 54 17 192 259 108 270 165 106 85 715 38 11 72 8 5 7 17 13 0 19 5 10 3 13 8 26 2 4 0 2 14 9 12 25 55 47 9 15 117 47 44 47 53 160 81 160 56 28 61 0 0 393 65 98 89 101 7 49 68 9 5 396 
0 4 0 0 0 2 7 2 5 0 1 3 3 3 2 3 11 4 5 1 1 0 0 2 2 0 0 7 10 22 6 7 31 10 24 13 57 23 60 25 24 16 62 93 27 39 22 8 2 76 5 4 15 5 3 4 5 9 0 7 3 6 4 4 6 7 0 1 1 1 2 0 6 4 10 3 1 6 53 8 11 15 14 29 14 56 28 39 3 0 0 74 20 27 17 17 5 10 16 4 1 40 
0 0 0 0 0 0 0 0 0 0 0 0 0 0 0 0 0 0 0 0 0 0 0 0 0 0 0 0 0 0 0 0 0 0 0 0 0 0 0 0 0 0 0 0 0 0 0 0 0 0 0 0 0 0 0 0 0 0 0 0 0 0 0 0 0 0 0 0 0 0 0 0 0 0 0 0 0 0 0 0 0 0 0 0 0 0 0 0 0 0 0 0 0 0 0 0 0 0 0 0 0 1 
0 0 0 0 0 0 0 0 0 0 0 0 0 0 0 0 0 0 0 0 0 0 0 0 0 0 0 0 0 0 0 0 0 0 0 0 0 0 0 0 0 0 0 0 0 0 0 0 0 0 0 0 0 0 0 0 0 0 0 0 0 0 0 0 0 0 0 0 0 0 0 0 0 0 0 0 0 0 0 0 0 0 0 0 0 0 0 0 0 0 0 0 0 0 0 0 0 0 0 0 0 0 
3 5 9 0 3 6 3 1 8 3 3 7 7 5 1 1 2 3 2 1 2 1 4 3 4 0 0 11 5 26 6 13 37 10 38 8 67 53 87 34 28 2 45 106 33 64 37 23 28 144 2 4 8 4 1 3 8 10 0 9 1 12 1 4 6 8 3 0 0 2 3 0 1 1 8 4 2 6 31 20 9 12 20 62 24 62 34 86 43 0 0 13 29 41 18 42 12 29 23 4 2 45 
2 2 2 0 1 0 1 2 2 3 0 0 0 1 2 2 1 1 1 1 1 1 0 1 0 0 0 3 1 5 1 4 11 4 7 3 33 9 28 14 12 7 44 73 26 45 20 8 14 54 3 0 2 4 0 1 3 11 0 2 3 2 0 2 0 2 1 0 0 0 1 0 1 0 3 3 0 3 11 5 8 7 5 16 5 25 15 41 17 0 0 70 5 11 14 14 5 18 6 1 1 32 
0 5 1 0 0 5 6 2 5 1 0 2 4 1 1 0 6 2 1 0 0 0 0 2 3 0 0 3 0 10 3 2 20 11 11 4 32 9 42 9 11 2 38 62 29 43 33 7 11 70 2 1 10 1 0 2 2 6 0 2 0 2 0 0 3 0 0 0 0 0 0 0 1 0 6 6 3 4 25 14 8 6 2 35 12 25 28 55 19 0 0 91 14 2 5 17 3 8 11 3 5 36 
0 2 1 0 0 1 0 2 0 0 0 2 3 1 3 0 1 0 0 0 0 0 0 1 0 0 0 5 6 2 2 5 13 2 11 4 23 11 17 10 6 2 22 35 14 37 21 4 8 57 2 2 0 3 0 4 1 4 0 0 1 1 0 1 0 0 0 1 0 0 0 0 0 2 1 0 1 6 18 7 4 5 9 15 8 15 15 28 8 0 0 34 17 8 7 12 2 2 6 3 0 34 
2 2 3 0 0 1 0 3 0 1 0 0 4 1 1 1 1 1 0 1 0 0 0 0 2 0 0 3 9 9 4 4 30 3 15 4 41 10 61 11 16 0 63 96 32 37 14 8 21 65 0 6 3 1 0 2 1 6 0 0 0 0 0 0 0 0 0 0 1 0 0 0 2 0 3 6 0 2 14 5 3 6 4 23 7 21 22 90 22 0 0 149 8 18 10 8 3 3 10 1 5 63 
0 0 0 0 0 0 0 0 0 0 0 0 0 0 0 0 1 0 0 0 0 0 0 0 0 0 0 0 0 1 0 1 6 0 1 0 9 3 6 0 0 0 7 10 9 9 4 0 1 8 1 0 0 0 0 2 0 1 0 1 0 0 0 0 0 0 0 0 0 0 0 0 0 1 2 1 0 0 2 2 2 2 1 4 1 9 5 17 3 0 0 10 2 3 1 2 1 0 1 0 0 11 
0 0 2 0 1 0 0 1 1 0 0 0 0 2 1 1 3 1 0 0 1 0 0 4 0 2 0 0 2 6 0 5 7 2 1 2 30 5 35 4 6 1 34 51 26 48 29 6 10 71 2 0 10 6 0 0 3 6 0 0 1 1 0 1 0 0 0 0 0 0 0 0 0 1 5 4 1 2 25 9 11 15 7 33 10 31 8 56 16 0 0 73 18 27 15 23 1 6 2 0 3 42 
1 1 3 0 2 0 0 1 0 1 1 0 0 2 1 0 0 0 0 0 1 0 0 1 1 0 0 1 2 10 1 6 5 0 4 1 17 5 28 1 13 1 24 32 33 49 28 9 11 87 4 1 4 4 0 0 1 0 0 1 2 0 0 1 1 0 0 0 0 0 1 1 1 0 9 6 0 4 19 7 2 11 8 27 6 14 8 41 22 0 0 49 15 13 3 9 0 2 4 2 0 26 
0 0 0 0 0 0 0 0 0 0 0 0 1 1 0 0 0 0 0 0 0 1 0 0 0 0 0 0 0 2 0 1 0 1 2 0 12 1 15 1 4 0 8 16 2 12 11 0 1 17 1 0 1 1 0 0 0 1 0 0 0 0 0 1 2 0 0 0 0 0 0 1 1 0 2 0 0 1 3 1 1 3 3 5 0 8 1 8 1 0 0 14 2 0 1 2 0 1 3 0 1 3 
0 0 0 0 0 0 0 0 0 1 0 0 0 0 0 0 0 0 0 0 0 0 0 0 0 0 0 0 1 1 0 0 4 0 4 0 2 1 0 0 4 0 6 6 3 5 3 3 6 9 0 0 0 0 0 0 1 0 0 1 0 0 0 1 0 1 0 0 0 0 0 0 0 0 3 3 2 1 1 1 1 0 0 12 0 3 1 14 1 0 0 12 1 4 3 3 1 0 3 1 0 1 
5 5 9 2 3 5 2 2 1 1 2 1 3 3 2 3 5 3 0 0 0 0 0 1 1 0 0 4 7 25 8 13 47 9 11 10 61 31 77 8 27 3 67 78 47 55 42 23 28 163 12 6 10 7 3 1 4 2 0 4 2 1 0 5 2 0 0 1 0 0 1 1 0 2 6 14 5 6 21 13 6 14 9 46 18 48 25 196 45 0 0 127 17 25 42 29 10 17 30 2 4 7 
