4 13 23 9 12 42 24 25 29 32 10 24 38 27 40 71 29 31 26 13 9 18 12 21 11 3 0 23 73 7 1 1 7 0 6 0 1 6 16 25 6 1 9 3 5 7 17 6 8 42 8 5 13 7 6 0 3 10 0 0 0 0 1 4 7 14 1 5 1 1 3 4 1 2 2 1 0 5 13 2 3 2 6 6 4 5 3 35 2 0 0 2 0 0 0 1 0 3 1 1 2 5 
10 9 12 9 14 47 33 28 46 26 15 42 38 28 26 50 17 20 20 14 11 15 4 25 10 3 2 22 60 8 3 2 3 2 4 2 0 3 9 20 11 1 5 4 6 6 15 6 11 39 10 4 11 13 0 4 4 5 0 6 2 0 3 7 6 2 0 2 0 2 3 4 2 2 0 1 0 7 20 1 2 0 0 7 1 3 0 22 2 0 0 4 1 3 1 3 0 1 0 0 1 3 
32 20 8 12 17 38 33 44 63 31 21 34 39 39 71 50 27 27 15 7 19 13 6 13 5 0 3 17 78 5 2 1 3 0 2 3 1 0 28 25 17 0 7 5 9 5 5 4 8 44 7 2 8 9 5 2 5 15 0 2 5 1 0 3 6 7 1 0 1 0 6 4 1 3 1 2 0 1 8 4 1 0 4 1 3 5 4 15 2 0 0 3 2 2 0 0 1 1 1 1 0 5 
4 4 5 0 3 10 9 6 3 2 1 6 6 5 3 6 3 0 1 5 1 2 0 0 1 0 0 8 26 1 0 0 2 0 0 1 1 0 2 3 1 0 0 0 3 0 0 2 0 5 0 1 2 2 0 0 0 1 0 0 1 0 0 0 0 0 0 0 0 0 4 1 0 0 0 1 0 0 2 0 0 0 0 0 0 1 8 3 0 0 0 0 0 0 1 0 0 0 0 0 0 0 
9 11 7 1 3 10 13 6 5 18 5 13 9 17 24 25 15 4 1 1 2 5 1 5 5 0 0 15 13 3 0 2 1 0 0 0 1 1 6 6 9 1 2 0 3 4 0 2 4 16 3 0 4 0 2 1 0 2 0 0 0 0 0 2 4 2 0 1 1 1 1 1 1 2 0 1 0 1 6 2 1 0 0 2 0 0 1 7 3 0 0 1 0 0 0 1 0 0 1 0 0 0 
40 58 75 49 31 7 7 53 106 109 93 90 250 214 59 47 38 23 25 7 21 9 6 18 5 1 2 16 65 3 1 3 0 12 1 2 0 2 10 17 14 6 8 6 9 5 4 5 15 16 19 2 7 7 10 2 16 24 0 1 3 0 10 0 1 6 0 8 1 2 3 2 0 2 1 13 0 6 23 2 12 0 3 2 2 2 3 18 6 0 0 1 4 1 1 2 1 1 0 0 0 2 
31 31 17 10 2 1 6 15 18 15 9 23 30 34 23 32 14 9 20 13 12 9 2 11 4 0 3 7 57 3 3 4 2 1 0 0 1 1 22 10 5 1 8 4 3 2 3 5 3 25 5 4 11 5 5 1 1 4 0 1 0 1 1 3 3 6 2 2 0 1 2 2 0 0 2 2 1 1 6 1 2 0 2 0 0 2 0 7 2 0 0 1 2 0 1 2 0 1 1 0 0 1 
30 40 34 7 10 15 17 9 17 19 19 42 51 50 34 70 19 23 21 17 26 13 14 17 5 2 0 25 44 10 0 6 3 0 2 0 2 5 18 23 1 0 2 5 8 9 4 8 3 21 2 4 4 2 0 3 3 10 0 4 1 1 2 3 8 10 2 10 1 1 5 6 2 4 6 3 1 3 12 2 0 1 1 1 0 3 2 12 2 0 0 3 1 2 0 3 0 0 1 0 0 1 
23 47 51 7 9 28 54 6 2 4 7 34 32 47 45 66 32 16 19 14 6 21 4 14 4 1 4 16 15 2 2 1 4 2 0 1 0 1 20 16 6 1 5 2 7 6 5 5 8 31 2 2 6 4 2 3 1 4 0 0 0 1 1 3 5 3 3 0 0 2 1 3 0 2 3 10 0 2 18 1 0 1 0 0 1 3 0 10 6 0 0 3 1 3 1 0 2 1 0 2 0 2 
11 18 20 3 8 14 26 9 7 2 4 13 16 22 31 33 22 15 11 7 14 8 9 14 6 1 2 20 10 1 2 1 1 1 2 0 2 4 12 10 2 1 2 1 2 5 2 3 5 15 9 5 6 15 2 2 4 13 0 3 0 0 0 0 2 5 3 0 4 1 2 3 1 4 4 12 1 4 18 0 0 2 1 1 1 0 3 8 2 0 0 0 1 1 1 1 0 0 0 0 0 5 
6 17 11 2 5 6 18 8 15 12 1 9 11 17 18 47 17 7 11 7 6 11 7 9 4 0 0 10 13 6 2 0 0 0 1 0 0 0 24 9 2 1 0 5 4 5 0 5 11 21 4 0 0 0 4 3 2 4 0 0 0 1 1 0 0 1 0 0 0 0 4 1 0 3 1 3 0 0 4 0 0 0 0 1 0 0 0 0 0 0 0 3 0 1 1 4 1 3 0 0 1 2 
21 55 40 9 9 44 37 38 34 35 12 8 18 49 33 83 41 31 20 19 17 17 16 40 11 1 4 31 19 7 2 6 10 1 1 1 0 16 27 18 4 7 3 1 8 8 7 5 10 26 1 5 12 6 3 1 8 14 0 4 1 0 0 0 2 3 3 7 0 2 2 2 1 4 7 2 0 3 18 2 1 0 0 0 0 0 0 7 2 0 0 9 1 2 0 2 0 1 1 0 0 2 
28 51 61 11 23 84 108 90 104 60 26 36 5 65 46 102 59 43 34 22 31 31 17 50 15 0 2 42 15 12 0 8 3 0 1 0 6 6 40 24 7 1 7 7 8 7 6 6 3 25 6 4 2 5 3 0 4 17 0 9 3 1 4 1 3 0 0 0 0 0 2 4 1 0 9 6 0 1 14 3 0 0 0 0 0 1 0 3 0 0 0 4 1 3 1 8 0 0 1 0 0 4 
72 105 65 11 18 109 106 105 105 57 36 92 46 1 12 90 89 73 73 78 126 73 56 106 61 5 15 116 27 6 0 4 6 0 1 0 1 7 18 17 14 3 2 6 2 4 3 3 5 22 11 11 12 20 10 6 22 28 0 5 3 0 0 0 2 0 1 0 0 1 4 2 1 2 22 6 3 7 42 4 1 0 0 0 0 1 0 6 2 0 0 1 0 1 0 0 1 4 1 0 3 1 
37 60 59 1 15 42 63 55 62 35 21 37 43 23 4 32 47 34 33 45 41 60 71 78 25 1 27 96 13 7 2 5 2 1 0 2 1 1 15 15 2 1 1 5 1 5 3 5 4 11 6 2 21 17 3 1 7 17 0 3 1 0 0 0 0 0 0 0 0 0 0 2 0 2 9 3 0 6 14 2 0 0 0 1 0 1 1 3 2 0 0 0 1 5 0 0 0 1 2 1 1 5 
47 67 60 11 20 92 94 100 74 61 29 69 68 40 8 15 85 80 72 82 171 88 136 222 64 5 33 141 26 37 14 29 26 23 17 10 42 2 20 47 34 7 14 12 17 28 10 9 16 58 10 12 24 17 1 3 13 12 0 6 2 0 4 1 1 3 0 2 1 1 11 5 3 3 9 6 0 8 27 4 4 1 0 1 0 1 3 20 9 0 0 8 0 6 2 7 0 2 5 0 1 5 
21 43 39 13 14 59 58 47 55 45 15 76 81 91 39 119 10 41 42 64 130 82 88 215 49 9 31 98 14 48 20 51 27 16 21 12 15 11 85 43 41 4 18 21 18 21 10 18 18 48 8 6 17 7 1 1 17 21 0 1 1 2 0 0 5 1 1 1 0 0 2 0 1 1 11 6 2 12 25 4 4 0 0 0 0 4 7 26 11 0 0 7 0 4 0 1 1 2 1 0 0 7 
14 21 16 0 4 17 38 18 31 52 24 38 39 83 24 127 38 6 31 40 54 43 79 115 27 2 11 64 7 44 16 24 12 15 9 9 14 10 55 23 15 3 15 23 28 37 14 12 19 72 4 3 13 4 7 3 11 10 0 1 0 2 4 1 3 1 0 0 0 0 0 0 0 2 9 5 2 4 26 9 0 0 0 0 0 4 4 15 10 0 0 3 0 1 1 2 2 0 0 0 0 1 
13 27 22 3 5 31 32 32 26 29 11 55 45 77 36 115 56 41 5 29 42 36 59 86 36 7 9 65 9 25 17 17 12 11 9 8 6 6 36 21 12 7 6 13 19 20 12 15 16 57 4 8 6 7 1 1 4 12 0 2 1 0 0 1 0 1 0 0 1 0 0 0 0 0 2 3 2 2 16 4 2 0 1 2 0 4 5 6 4 0 0 9 0 0 1 0 0 0 0 1 1 0 
8 10 13 1 5 4 13 3 8 10 8 22 18 24 14 53 30 9 12 5 7 6 13 31 23 11 32 88 6 11 2 1 7 6 1 3 4 3 18 6 7 1 3 8 4 8 3 2 6 14 0 1 5 1 0 3 0 3 0 1 0 0 0 0 0 1 0 0 0 0 0 0 0 0 4 0 0 1 9 2 1 0 0 0 0 1 2 5 2 0 0 1 0 0 0 0 0 0 0 0 0 0 
4 7 10 2 2 8 6 9 11 13 3 13 21 37 22 85 32 24 34 9 5 2 30 32 15 12 29 97 3 1 2 1 2 1 10 5 6 8 22 7 10 3 4 5 4 7 1 4 5 12 1 0 0 1 1 0 0 5 0 3 0 0 0 0 0 0 0 0 0 0 0 0 0 0 1 1 0 0 4 1 2 0 0 0 0 0 1 4 2 0 0 3 0 0 0 0 0 0 0 0 0 0 
13 9 16 4 2 10 8 11 13 14 12 11 16 29 31 69 29 16 19 0 8 7 12 31 13 8 23 78 9 6 3 4 4 0 2 1 2 9 10 1 4 0 1 5 3 3 2 3 0 8 1 0 0 3 1 0 0 1 0 2 0 0 0 0 0 0 0 0 0 0 0 0 0 0 2 4 0 1 4 0 0 0 0 3 0 1 0 5 0 0 0 0 0 0 0 0 0 1 0 0 0 0 
5 3 4 0 1 8 0 6 10 8 6 12 15 17 9 53 16 18 15 9 17 9 6 10 7 5 6 66 0 8 0 1 5 1 1 1 0 5 11 8 5 0 0 1 1 6 1 3 5 11 1 2 5 1 0 0 1 1 0 0 1 0 1 0 0 0 0 0 0 0 0 0 0 0 0 1 0 1 3 0 0 0 0 0 0 0 0 5 1 0 0 1 0 0 0 0 0 0 0 0 0 0 
7 3 5 1 3 18 6 11 11 22 5 26 33 37 31 82 69 32 35 15 22 9 10 12 10 28 65 116 5 3 2 3 9 2 3 2 6 3 21 12 5 2 3 3 6 8 12 6 5 44 0 2 8 0 0 0 5 10 0 1 2 0 0 0 3 0 0 0 0 0 0 0 0 3 3 1 1 0 10 1 0 1 0 0 1 0 2 12 5 0 0 0 0 0 0 0 0 0 0 0 0 3 
14 20 10 0 3 20 10 6 14 35 5 27 20 22 28 70 38 25 24 22 14 9 16 5 5 5 13 42 1 11 8 8 11 8 4 5 4 8 23 10 21 0 11 10 17 17 11 10 14 73 19 5 12 1 2 2 3 10 0 0 0 0 1 2 1 0 0 0 2 0 0 0 0 0 1 6 0 3 14 3 1 2 2 2 1 5 3 33 3 0 0 1 0 0 0 1 1 0 0 0 0 1 
0 2 1 2 1 3 2 3 2 4 2 5 4 4 5 12 8 12 14 10 12 17 19 28 2 0 11 8 1 0 0 2 1 0 0 1 0 5 2 1 3 0 1 0 2 1 1 2 1 0 0 0 0 0 0 1 0 0 0 0 0 0 0 0 0 0 0 0 0 0 0 0 0 0 1 0 0 0 0 0 1 0 0 0 0 0 0 5 1 0 0 0 2 0 0 0 0 0 0 0 0 0 
1 1 1 0 4 0 1 1 0 1 0 0 5 1 2 14 3 5 5 3 11 5 8 18 8 0 2 14 0 0 0 0 2 0 0 0 1 2 0 0 1 0 0 1 0 1 0 0 0 3 0 1 0 0 0 0 0 0 0 0 0 0 0 0 0 0 0 0 0 0 0 0 0 0 0 0 0 0 1 0 0 0 0 0 0 1 0 1 0 0 0 0 0 0 0 0 0 0 0 0 0 0 
17 15 16 5 15 20 14 11 20 37 15 34 57 61 73 142 54 39 50 66 68 73 82 98 43 6 65 11 2 5 5 12 19 5 8 6 5 13 43 21 40 1 13 18 25 23 12 15 9 73 12 4 11 1 6 5 3 6 0 1 0 2 2 0 0 0 0 0 0 0 0 0 1 0 10 2 1 4 30 3 1 3 0 1 1 2 4 35 9 0 0 3 0 2 2 11 0 1 0 0 0 1 
93 100 123 13 15 116 60 38 57 45 13 49 45 51 33 80 24 19 25 27 33 24 5 31 9 0 0 16 8 8 0 5 4 6 3 2 3 13 17 22 14 1 4 3 23 15 9 8 7 50 2 1 12 9 1 2 8 4 0 5 1 0 1 0 5 12 9 3 0 1 3 3 1 5 4 0 0 4 28 3 3 0 1 4 4 10 4 17 6 0 0 9 2 2 0 6 2 4 5 0 0 6 
1 2 1 2 1 3 3 2 4 3 4 3 14 5 2 15 31 14 8 5 5 2 2 5 6 1 9 2 2 26 123 114 165 45 85 75 162 115 215 120 74 8 25 37 53 39 28 24 27 181 6 4 15 15 6 2 8 2 0 4 1 0 6 15 22 20 11 7 2 4 7 7 1 1 4 8 4 4 19 5 6 1 2 4 2 3 7 89 10 0 0 12 1 8 5 7 1 8 10 1 1 23 
0 3 0 1 0 0 2 2 2 3 3 5 7 0 6 13 11 3 9 3 1 0 3 1 3 0 1 3 0 148 7 78 61 13 33 48 68 52 96 33 21 5 10 15 15 10 10 13 5 53 3 2 10 3 0 1 1 6 0 3 1 1 0 5 8 6 3 6 1 6 3 9 0 1 0 3 0 0 10 1 3 0 0 0 0 2 3 20 3 0 0 2 2 0 1 1 0 1 1 1 0 3 
2 0 2 2 0 3 3 5 0 3 1 6 7 1 2 28 27 14 9 1 2 3 3 3 1 0 1 12 1 234 133 7 74 75 100 83 153 138 198 122 93 11 36 40 46 53 32 31 42 166 4 7 8 13 8 4 10 10 0 8 1 1 4 5 30 35 6 9 10 7 6 14 1 0 13 15 3 4 25 2 2 3 1 3 3 12 12 55 16 0 0 13 4 11 4 11 0 4 4 1 4 7 
13 25 7 2 4 9 15 13 13 14 2 21 21 8 8 46 54 25 17 10 16 22 16 43 33 0 2 34 4 389 124 177 15 47 120 117 176 168 290 238 190 26 92 70 149 160 112 114 165 752 46 28 49 29 20 11 25 43 0 14 5 3 0 12 54 33 10 16 3 17 31 47 3 4 21 15 6 9 69 17 10 4 9 13 7 30 18 210 55 0 0 48 7 16 16 30 2 19 8 2 5 30 
1 3 4 0 0 1 3 5 3 4 0 3 4 0 1 22 26 13 9 7 5 4 13 7 5 4 5 6 0 209 81 76 20 6 30 17 93 65 126 89 45 4 22 21 36 27 17 21 29 100 6 6 13 9 5 2 13 26 0 6 1 1 2 2 17 17 7 12 7 22 27 29 5 12 9 6 0 9 40 1 1 2 1 5 2 7 4 31 9 0 0 25 9 4 6 9 0 7 8 0 1 6 
7 6 0 0 2 4 5 4 2 1 0 2 4 0 4 21 55 37 18 10 19 10 5 31 17 0 1 12 3 360 147 191 93 35 13 14 129 129 202 219 80 11 69 64 87 86 43 57 46 172 6 13 14 31 12 4 13 22 0 8 3 0 6 18 5 17 9 16 22 14 32 37 11 2 16 9 0 7 45 10 8 2 3 1 0 13 7 40 38 0 0 37 23 16 14 33 1 14 13 3 3 14 
1 3 0 1 2 3 2 1 1 1 0 0 1 3 2 12 15 20 16 6 8 8 9 17 1 3 2 11 0 207 72 93 57 24 44 8 92 70 154 99 34 12 23 14 33 46 24 16 25 78 6 0 3 4 2 0 1 6 0 0 1 2 3 10 7 17 4 5 6 3 10 23 5 1 2 2 0 3 8 0 0 0 0 1 0 2 4 28 8 0 0 13 7 3 3 8 0 2 6 0 1 2 
4 2 1 3 1 1 5 2 5 2 2 3 4 0 2 47 35 23 15 10 17 21 13 23 14 1 3 19 1 520 215 344 155 140 137 132 18 187 460 429 191 46 95 120 151 162 88 96 122 413 9 15 18 15 3 2 12 13 0 4 3 0 15 44 35 38 11 52 11 2 50 35 11 12 8 4 5 5 9 1 0 0 1 3 3 28 17 83 53 0 0 78 30 36 23 67 7 41 23 7 8 15 
4 8 11 0 2 7 10 4 10 6 3 15 6 6 6 8 18 8 8 3 11 9 8 13 15 1 0 14 6 189 67 237 63 79 63 73 77 19 104 193 110 21 70 77 79 81 68 72 73 267 3 2 6 6 1 1 3 2 0 0 3 2 3 23 18 10 7 8 3 7 21 18 2 5 3 4 0 0 9 1 2 0 0 2 1 17 13 72 36 0 0 20 10 14 4 15 0 5 7 2 4 13 
17 29 29 0 11 34 27 32 34 37 18 45 36 15 6 12 61 53 39 25 91 49 44 100 43 5 11 99 15 327 115 298 208 121 126 116 289 99 37 575 294 41 118 146 172 151 111 161 144 578 31 11 36 13 6 2 23 18 0 9 3 4 8 19 41 38 6 11 3 11 59 20 9 3 16 8 0 13 47 11 4 5 11 15 14 34 28 158 34 0 0 93 26 36 17 38 4 34 53 10 2 46 
10 13 18 0 7 14 15 17 27 17 14 15 33 11 15 22 39 25 17 14 15 7 13 23 10 0 1 31 5 138 43 128 76 65 81 54 223 156 444 18 31 31 47 94 84 122 76 112 113 360 7 5 20 15 4 0 2 12 0 2 0 0 1 11 15 16 2 4 0 1 11 8 3 10 12 3 2 6 27 4 5 5 7 11 14 1 10 49 34 0 0 44 6 24 7 24 2 12 7 4 2 18 
8 13 10 6 1 18 8 10 12 18 10 7 14 12 3 20 19 11 4 11 13 10 11 16 6 1 3 27 5 106 19 68 50 45 38 36 114 118 251 46 19 19 24 77 46 96 39 83 79 224 1 0 14 3 1 0 2 6 0 0 1 0 3 1 7 4 1 3 3 1 10 6 3 0 5 4 0 3 12 7 6 5 7 11 5 19 16 14 21 0 0 33 19 29 5 24 2 6 7 2 3 9 
0 7 1 0 0 1 2 2 3 4 2 0 3 1 0 1 2 0 4 2 2 1 3 1 0 0 0 10 1 6 1 8 8 5 8 10 25 10 50 21 13 2 8 42 26 19 15 12 14 53 0 0 0 1 1 0 1 0 0 0 0 3 1 0 4 0 0 0 0 0 3 2 0 0 0 1 0 2 0 1 0 1 0 2 2 7 3 11 20 0 0 8 3 3 4 7 0 4 3 1 1 4 
6 15 7 2 3 12 8 8 6 4 3 13 8 6 7 8 33 28 10 14 9 10 12 19 3 0 0 14 5 88 29 82 53 43 48 34 90 117 186 142 59 16 20 84 96 108 75 134 162 320 7 7 12 10 1 2 9 14 0 5 0 3 0 10 12 12 5 6 4 0 10 24 0 5 15 15 6 18 46 24 34 17 31 76 58 109 51 184 85 0 0 89 37 61 56 138 12 99 45 16 17 57 
6 17 14 2 3 13 14 4 12 7 6 4 14 3 14 20 35 26 12 4 11 6 6 25 12 3 0 29 2 111 29 89 49 36 40 26 83 130 228 214 107 55 76 26 135 265 186 296 334 638 14 8 17 13 6 4 9 18 0 8 0 2 0 15 7 29 4 4 2 2 14 5 4 7 22 18 3 51 77 39 33 27 34 91 66 140 101 236 98 0 0 180 81 154 71 231 42 168 68 21 10 132 
17 24 8 1 6 7 5 11 3 8 5 14 4 2 5 9 23 13 7 9 23 13 10 15 7 3 0 27 1 70 20 60 37 26 29 28 57 83 124 90 46 30 45 115 6 158 82 160 178 366 9 6 11 1 2 0 0 5 0 0 1 0 0 16 9 9 5 4 6 2 10 10 4 1 4 12 2 11 23 8 13 6 15 23 30 30 31 68 30 0 0 56 14 54 26 55 10 31 45 13 3 30 
6 21 16 1 1 5 10 18 14 12 13 9 19 10 10 15 46 29 12 10 16 8 6 29 16 1 2 41 3 85 35 94 89 44 57 46 128 130 232 196 145 42 95 263 147 23 120 443 497 883 15 12 21 5 5 2 4 9 0 4 1 2 7 10 9 19 3 12 3 4 13 13 3 2 29 13 1 12 40 27 21 21 27 69 50 92 70 217 47 0 0 149 23 77 38 65 25 67 64 12 6 67 
14 11 14 0 3 12 12 16 8 3 4 8 5 8 7 9 21 15 6 5 21 7 2 23 8 0 8 17 0 67 19 69 70 38 20 25 93 93 177 162 99 16 45 117 105 149 17 285 301 442 2 7 16 11 1 1 3 6 0 0 0 2 6 10 5 8 2 1 1 2 9 8 1 4 11 12 5 24 21 17 15 13 14 25 33 61 48 145 19 0 0 66 17 52 30 50 9 37 44 5 8 49 
2 1 2 0 1 4 2 1 1 5 1 3 2 0 2 4 9 2 1 3 8 3 0 7 5 0 1 17 0 30 5 14 24 8 12 3 29 30 73 73 48 10 28 69 82 178 69 18 122 472 9 0 3 3 2 4 1 1 0 0 0 0 0 1 9 3 2 0 0 0 1 2 1 2 6 1 0 2 11 7 2 3 4 15 10 22 9 92 15 0 0 49 8 28 14 21 6 21 19 4 1 30 
1 4 6 5 3 1 4 2 2 5 3 1 4 2 3 4 8 11 6 3 5 4 2 10 2 1 0 13 1 35 5 18 26 13 16 12 37 30 81 41 31 10 40 62 56 139 72 115 10 393 5 1 5 0 0 2 2 7 0 1 1 0 1 4 4 5 2 1 0 2 0 7 0 2 1 3 0 2 9 4 3 5 3 10 13 18 5 80 4 0 0 37 4 16 13 19 1 16 21 1 1 23 
43 59 55 10 16 41 57 41 31 45 24 45 66 19 16 35 84 73 28 33 37 28 38 96 45 6 11 107 3 357 104 200 268 111 123 99 285 321 522 501 352 49 173 400 334 621 278 802 936 49 40 28 82 22 9 9 25 31 0 7 7 2 1 35 29 39 11 15 2 7 42 25 17 11 54 44 9 50 95 69 71 51 55 118 74 157 85 683 99 0 0 207 54 125 94 124 34 143 138 25 12 122 
9 8 4 1 6 7 5 6 2 10 7 9 6 11 7 14 13 11 5 6 0 2 1 5 4 0 1 11 1 17 6 12 25 17 2 4 3 3 11 5 0 1 6 5 9 6 8 9 18 30 3 10 47 26 10 8 18 39 0 29 14 4 3 25 15 25 5 18 5 24 15 11 13 15 16 13 6 12 86 10 11 4 9 17 10 10 18 43 4 0 0 5 0 11 4 3 2 7 4 1 1 7 
3 2 1 0 2 3 3 2 2 6 1 3 7 10 1 2 1 3 2 3 0 0 2 5 0 0 0 2 0 8 2 3 14 5 4 5 3 1 7 4 1 0 3 5 2 3 1 5 3 12 4 2 50 24 10 8 15 25 0 14 4 1 2 9 8 8 1 18 1 9 6 2 3 8 3 5 0 13 60 5 9 2 11 7 8 16 5 22 8 0 0 2 3 1 4 0 2 2 0 0 0 2 
8 12 6 1 3 5 10 4 3 8 4 20 5 9 4 16 12 6 3 9 3 4 7 8 7 1 0 7 2 23 8 19 28 27 8 1 5 4 24 27 8 2 13 13 11 10 12 15 10 53 42 35 5 32 19 16 16 35 0 21 11 3 9 17 23 35 11 33 8 23 17 7 8 13 6 8 3 32 129 14 10 2 6 24 15 24 17 58 3 0 0 10 2 5 6 9 4 6 1 1 1 7 
2 1 0 0 0 1 3 3 2 6 3 0 6 1 3 7 6 4 0 4 1 2 0 4 2 0 0 5 3 18 0 13 6 3 8 4 2 0 8 1 1 2 1 2 5 4 3 0 1 14 28 18 44 4 8 6 10 27 0 22 3 3 7 12 9 14 2 5 5 14 8 9 7 7 11 11 6 20 61 3 1 3 6 9 3 16 3 24 3 0 0 5 2 3 3 1 0 2 2 0 0 0 
2 2 7 0 2 0 1 2 2 2 0 0 4 5 1 2 2 2 0 0 1 0 1 3 2 0 0 2 0 13 2 4 3 7 1 2 0 0 1 6 2 1 1 0 4 1 2 0 5 7 13 7 25 16 2 2 10 14 0 11 2 0 4 13 10 9 0 1 4 1 5 3 5 3 2 2 1 9 55 2 0 1 3 7 1 3 0 11 2 0 0 2 2 3 1 2 0 5 1 1 0 1 
1 5 2 0 4 2 6 2 3 3 3 0 4 3 1 4 3 3 0 1 2 0 1 1 0 0 1 1 0 5 3 4 12 1 3 3 0 2 8 2 4 0 8 5 0 3 3 4 2 5 15 5 12 15 5 3 9 20 0 21 3 5 0 10 13 13 3 6 1 1 4 4 1 6 2 11 1 13 74 10 2 0 3 10 3 5 0 8 3 0 0 1 1 0 4 1 1 4 0 0 0 2 
1 1 0 0 2 4 7 5 3 7 5 5 5 5 11 23 6 6 1 1 2 3 2 6 0 0 1 4 2 8 3 11 8 5 11 4 4 4 11 9 1 0 2 2 2 4 4 3 6 18 25 13 37 20 13 10 7 14 0 15 3 1 3 10 9 21 2 7 1 11 11 16 5 12 9 15 3 13 72 4 4 3 4 11 9 20 5 16 7 0 0 3 1 2 0 1 2 4 6 2 1 2 
6 4 7 1 2 3 12 6 3 7 3 4 8 4 7 16 6 3 4 2 5 2 0 4 5 0 0 16 6 12 2 6 15 9 5 3 8 4 17 10 2 0 1 2 5 6 1 2 5 16 40 15 37 47 24 8 4 9 0 25 5 6 5 19 26 21 14 23 9 4 9 9 12 2 35 17 15 28 117 14 14 1 14 29 13 16 6 40 3 0 0 11 2 5 4 5 0 3 8 2 0 6 
0 0 0 0 0 0 0 0 0 0 0 0 0 0 0 0 0 0 0 0 0 0 0 0 0 0 0 0 0 0 0 0 0 0 0 0 0 0 0 0 0 0 0 0 0 0 0 0 0 0 0 0 0 0 0 0 0 0 0 0 0 0 0 0 0 0 0 0 0 0 0 0 0 0 0 0 0 0 0 0 0 0 0 0 0 0 0 0 0 0 0 0 0 0 0 0 0 0 0 0 0 0 
7 8 11 2 0 6 9 3 5 2 2 10 14 10 18 26 14 7 4 11 6 5 5 13 1 0 3 16 10 17 2 6 9 8 6 0 0 1 7 6 1 0 1 3 5 3 3 2 2 20 36 16 36 24 20 18 20 29 0 3 1 0 3 4 22 21 9 14 3 12 18 18 17 19 28 17 4 17 44 7 8 4 10 11 7 8 5 19 5 0 0 3 2 2 3 4 0 7 3 1 0 5 
1 1 0 1 0 0 1 4 1 0 0 1 3 2 3 2 2 1 0 0 2 0 0 0 1 0 0 0 0 8 4 3 0 3 1 1 1 4 10 5 4 0 0 5 1 3 1 6 6 4 9 6 11 16 6 4 13 23 0 10 4 1 2 8 19 11 7 17 5 25 19 18 9 15 11 9 0 8 27 1 1 2 5 9 4 3 2 18 0 0 0 0 0 1 3 0 0 0 1 0 0 0 
1 3 10 1 4 7 5 7 0 3 12 17 13 5 5 6 8 2 3 1 0 0 1 1 1 0 3 2 0 44 21 19 12 10 25 15 28 25 49 30 19 3 7 2 11 14 4 12 12 37 2 6 11 10 6 4 19 21 0 31 9 4 2 33 35 52 17 34 7 42 18 26 13 10 6 8 3 10 53 14 16 5 13 11 8 7 7 28 6 0 0 3 1 0 10 8 0 5 0 0 0 1 
2 1 1 0 0 2 3 2 1 2 0 0 2 2 0 0 0 1 0 0 0 0 0 0 0 0 0 0 0 4 5 5 4 4 3 2 9 3 8 1 4 0 0 2 1 0 1 1 0 5 7 2 9 7 7 0 4 4 0 7 3 0 2 1 9 17 9 3 4 3 18 5 3 7 1 6 0 4 27 2 8 1 0 1 0 3 0 4 0 0 0 0 0 0 1 1 1 1 0 0 0 0 
2 11 6 0 2 1 9 3 4 1 0 1 1 0 0 7 5 1 0 3 2 1 1 0 1 0 0 6 0 26 13 6 5 0 15 9 14 18 36 36 18 1 7 10 10 3 10 13 9 37 15 12 29 28 16 3 15 39 0 20 11 0 3 6 15 34 12 17 8 33 33 67 14 16 14 11 5 13 59 16 6 1 8 3 3 1 2 6 4 0 0 3 1 4 2 2 0 1 0 0 1 1 
3 4 4 1 0 5 8 6 8 2 0 3 0 0 1 1 4 0 0 1 0 0 2 1 1 0 0 0 3 49 20 20 6 10 9 5 24 10 26 12 12 1 4 7 7 11 5 5 7 27 12 10 22 15 6 2 16 19 0 24 10 3 6 8 8 29 13 20 15 39 52 65 20 34 11 3 4 4 33 6 15 2 4 2 1 4 3 13 5 0 0 4 1 0 0 0 0 0 1 0 0 2 
4 12 18 2 1 5 11 13 10 9 3 6 6 0 0 1 1 0 0 0 0 0 0 0 0 0 0 0 1 58 38 43 22 38 18 6 31 9 49 24 8 1 6 5 8 10 13 22 14 28 21 14 31 15 10 3 16 19 0 41 17 5 21 30 57 9 11 54 26 66 135 116 45 44 15 21 2 18 47 14 17 8 13 9 10 7 2 8 5 0 0 5 4 1 0 1 0 2 3 1 0 1 
0 1 3 0 1 3 6 0 1 3 1 1 2 0 1 0 0 0 0 0 0 0 0 0 0 0 0 0 1 13 10 6 2 5 3 3 4 3 6 3 3 0 0 0 5 6 2 6 3 7 1 2 5 7 0 1 1 15 0 12 6 3 5 6 12 10 1 8 22 13 13 38 23 8 3 1 0 0 12 2 2 0 1 6 0 2 0 6 1 0 0 4 0 0 0 1 0 0 0 2 0 0 
7 1 1 1 0 4 9 4 3 1 0 2 2 1 0 3 0 0 0 0 0 0 1 1 0 0 0 1 0 8 7 7 5 7 9 3 9 2 10 5 0 0 1 3 7 9 2 2 1 15 12 13 7 16 6 5 5 17 0 14 11 3 3 11 28 32 2 3 8 14 69 74 14 35 0 4 0 8 39 10 1 2 3 3 1 1 3 9 4 0 0 0 0 0 1 0 0 1 0 0 1 1 
0 1 1 0 0 0 0 19 0 2 0 1 4 0 0 0 3 0 0 0 0 0 0 0 0 0 0 0 0 7 2 6 3 0 10 4 4 11 7 3 3 0 1 1 0 2 3 0 2 8 4 5 6 2 1 0 3 2 0 10 3 0 4 6 13 19 8 8 0 4 34 49 4 10 2 2 0 1 13 1 7 1 2 1 0 0 0 1 1 0 0 0 1 0 0 0 0 0 0 0 0 0 
0 1 2 0 0 0 3 7 0 2 0 0 1 1 0 1 0 0 0 0 0 0 0 0 0 0 0 0 0 5 4 6 1 8 4 3 0 2 8 0 2 0 0 0 0 1 0 1 1 4 4 6 15 12 3 1 6 3 0 16 2 3 6 8 28 12 12 23 1 2 34 38 17 45 1 1 0 2 22 2 4 3 0 4 0 1 1 2 1 0 0 0 0 1 0 0 0 0 0 0 0 0 
0 2 4 0 2 0 3 1 0 2 2 5 0 1 0 2 0 1 0 0 0 0 0 0 0 0 0 0 1 5 2 3 8 5 3 7 13 10 14 3 3 0 0 0 9 4 2 3 6 18 7 4 8 4 2 0 3 3 0 8 4 1 3 10 19 15 11 19 22 33 3 92 15 34 8 3 1 4 22 5 5 3 0 4 2 3 2 8 1 0 0 2 0 0 0 1 0 0 0 0 0 1 
0 2 9 1 2 0 1 4 1 1 0 1 4 3 1 2 0 1 0 0 0 0 0 0 0 0 0 1 0 5 2 4 9 18 13 1 16 10 11 8 7 0 4 5 6 3 4 2 6 23 7 1 6 2 4 4 1 5 0 6 9 2 2 11 33 35 12 36 24 40 59 1 31 42 2 6 0 4 17 8 3 0 2 4 2 1 0 15 1 0 0 1 0 0 2 0 0 0 0 0 0 1 
0 2 0 0 1 3 2 1 5 3 0 0 0 0 0 12 0 3 1 0 0 0 0 1 0 0 0 0 0 6 5 2 4 12 4 5 13 8 13 9 0 0 3 0 6 7 3 3 2 9 13 7 12 8 6 4 7 17 0 8 5 3 0 7 22 22 8 21 9 33 42 74 3 18 5 8 3 3 26 0 3 2 1 6 1 3 4 5 1 0 0 1 0 0 0 0 0 0 0 0 1 0 
3 5 2 0 5 4 3 10 1 15 2 5 4 1 0 4 0 0 0 0 0 0 0 0 0 0 0 0 0 0 0 2 7 8 8 3 9 7 11 7 9 0 0 4 7 1 2 2 5 15 11 5 21 10 7 3 6 10 0 19 6 0 3 21 22 43 14 30 10 70 48 66 8 4 19 7 2 12 43 5 10 2 5 4 0 3 0 16 1 0 0 1 1 0 0 3 0 1 5 0 0 3 
0 2 1 0 0 0 1 4 0 3 5 4 11 3 5 3 2 2 1 0 0 0 1 0 3 1 0 3 2 8 1 7 11 4 3 1 4 6 1 5 1 0 2 4 6 11 8 3 9 31 11 5 10 11 3 1 7 11 0 2 5 1 3 3 6 10 1 0 1 4 5 5 4 3 7 5 2 11 133 15 15 10 10 40 8 9 7 41 2 0 0 7 4 9 7 4 0 4 3 0 1 8 
4 1 2 0 0 3 2 2 0 4 1 3 2 1 3 7 4 1 0 1 0 0 0 1 2 0 0 1 1 5 1 1 2 0 1 0 2 4 5 2 3 1 5 6 4 4 7 3 5 28 7 4 11 6 4 2 6 16 0 4 2 0 0 5 16 8 0 2 5 1 4 3 5 2 11 1 6 24 145 18 15 5 19 50 12 22 6 41 3 0 0 4 4 4 4 6 0 6 10 0 1 8 
0 0 4 0 0 0 0 0 0 1 0 0 1 1 0 2 1 0 0 0 0 0 0 2 0 0 0 0 0 1 0 2 0 0 0 0 0 0 2 1 3 2 1 4 1 1 3 1 0 9 2 0 3 2 0 1 1 4 0 1 0 0 0 2 1 1 1 3 0 0 1 3 0 1 3 7 0 2 52 4 4 0 1 10 3 1 0 5 1 0 0 1 0 3 3 1 0 0 3 0 1 1 
4 3 2 0 0 1 0 1 2 4 1 2 6 3 0 6 4 1 0 0 0 0 2 1 1 1 0 3 0 5 0 1 2 1 0 0 0 1 2 3 2 3 5 6 5 3 3 3 5 15 5 1 16 6 1 0 15 9 0 2 2 0 0 2 6 5 3 2 1 3 1 1 3 0 9 39 18 6 62 16 13 6 12 37 11 13 8 26 3 0 0 3 0 5 8 8 1 5 2 2 0 9 
11 18 17 9 4 18 12 13 13 1 6 7 13 18 18 36 29 17 9 4 3 7 11 8 11 0 1 15 8 37 14 28 22 22 14 13 9 5 31 13 5 3 18 33 20 20 8 12 26 70 108 85 163 91 61 23 61 133 0 41 16 3 17 35 34 57 17 26 5 36 33 18 19 31 265 196 55 111 11 77 121 42 82 141 57 51 29 125 31 0 0 22 5 32 17 17 4 33 20 7 1 14 
3 1 0 1 1 0 1 1 0 1 0 0 1 0 2 1 0 2 1 0 0 0 1 1 1 0 0 4 2 3 2 0 7 1 1 1 2 1 3 5 1 2 16 12 4 6 5 6 5 22 5 2 16 0 3 0 1 15 0 2 2 0 1 3 7 4 0 4 2 5 0 5 1 2 30 47 13 17 75 1 18 7 31 65 28 27 6 54 8 0 0 11 11 9 2 13 2 7 17 1 0 6 
2 3 1 1 1 3 1 1 0 1 0 1 1 1 0 0 1 1 1 1 0 0 0 3 0 0 0 1 1 5 2 1 1 0 1 0 1 0 7 3 1 0 6 6 8 9 2 4 8 21 6 8 13 7 2 0 1 8 0 5 3 0 2 0 7 5 3 3 2 3 6 3 1 3 18 26 9 13 97 10 3 4 19 71 27 19 13 29 6 0 0 7 5 6 2 2 1 5 5 0 0 5 
0 3 1 1 1 1 1 1 2 3 0 1 0 0 0 4 0 0 0 0 0 1 0 1 0 0 0 4 0 9 0 3 6 0 0 0 0 1 4 6 3 4 10 12 12 5 7 4 19 52 4 3 8 2 1 0 3 16 0 4 0 1 0 2 0 5 1 1 0 2 3 1 0 3 22 21 6 14 37 8 16 0 4 27 11 15 13 74 11 0 0 16 2 11 15 9 3 19 21 4 1 13 
2 1 3 0 0 3 2 0 0 1 1 0 0 0 0 5 0 0 0 0 1 0 0 0 0 0 0 0 0 1 0 1 4 0 0 0 1 1 1 6 2 0 11 10 7 5 5 8 10 19 6 3 8 2 5 1 6 8 0 1 0 0 0 1 2 3 0 0 1 0 2 2 1 6 24 35 8 15 72 16 21 1 4 98 24 19 5 33 8 0 0 15 3 10 7 4 1 7 8 1 0 8 
7 7 6 2 0 4 5 5 5 6 1 0 0 0 0 1 2 0 2 0 2 0 1 1 0 0 0 3 1 4 4 2 4 2 2 0 1 0 13 18 4 3 35 53 21 27 15 23 30 86 16 13 43 36 30 12 38 58 0 7 1 2 0 2 6 4 3 5 3 1 10 5 5 3 123 58 68 115 180 167 117 44 161 11 112 64 59 176 36 0 0 57 20 27 22 38 5 32 29 10 10 28 
0 0 3 0 0 0 1 2 3 1 0 1 0 0 0 0 0 0 0 1 0 0 0 1 0 0 0 2 2 4 0 0 4 3 1 3 0 0 4 2 2 3 24 22 7 10 18 16 7 35 2 3 12 4 4 3 2 15 0 3 3 1 1 3 4 5 2 4 0 2 6 3 0 2 13 14 2 29 45 30 40 11 26 108 9 36 30 89 23 0 0 28 5 17 7 9 2 13 19 3 2 12 
2 10 3 0 0 4 1 1 8 1 2 2 0 0 0 2 2 1 2 2 3 1 1 5 2 0 0 5 1 10 9 11 4 3 7 3 10 18 18 2 6 5 42 67 23 25 29 21 28 112 8 13 21 4 1 5 4 12 0 7 1 0 0 4 4 3 1 0 1 0 4 3 4 4 21 20 2 17 35 21 31 8 21 81 47 5 19 72 36 0 0 77 7 25 25 26 3 36 16 4 2 23 
1 2 0 2 0 1 2 1 2 2 0 0 7 0 0 2 4 2 1 2 2 1 0 7 1 0 0 3 1 14 6 12 6 3 1 1 13 16 28 11 3 1 29 57 18 27 6 25 20 59 6 12 8 3 0 1 6 4 0 5 2 1 1 2 0 4 1 1 0 0 3 2 1 3 20 5 6 17 29 24 27 17 13 73 39 16 9 33 30 0 0 63 19 29 18 20 1 18 15 4 2 21 
13 12 12 1 1 6 10 4 9 6 4 6 5 2 4 4 10 12 3 3 15 2 4 18 13 1 1 28 1 60 11 32 56 19 14 13 24 50 131 35 19 12 78 96 41 105 74 111 111 522 34 35 51 7 7 2 15 31 0 11 2 0 3 4 8 6 0 3 0 6 11 4 4 7 53 38 10 42 82 33 63 37 57 119 62 47 38 18 38 0 0 132 23 49 48 78 19 57 75 28 8 146 
1 4 5 0 1 7 4 0 2 3 3 1 1 1 1 0 8 1 1 2 2 2 1 10 1 0 3 6 1 30 10 19 14 6 15 3 18 30 37 28 9 4 35 66 19 37 19 33 28 75 10 10 8 4 2 1 7 8 0 4 0 0 0 2 5 1 2 0 0 0 2 3 0 2 15 11 2 19 22 10 15 7 20 42 28 35 43 48 11 0 0 52 11 17 30 44 5 31 16 5 4 35 
0 0 0 0 0 0 0 0 0 0 0 0 0 0 0 0 0 0 0 0 0 0 0 0 0 0 0 0 0 0 0 0 0 0 0 0 0 0 1 0 0 0 0 0 0 0 0 0 0 0 0 0 0 0 0 0 0 0 0 0 0 0 0 0 0 0 0 0 0 0 0 0 0 0 0 0 0 0 0 0 0 0 0 0 1 0 0 1 0 0 0 1 0 0 0 0 0 0 0 0 0 0 
0 0 0 0 0 0 0 0 0 0 0 0 0 0 0 0 0 0 0 0 0 0 0 0 0 0 0 0 0 0 0 0 0 0 0 0 0 0 0 0 0 0 0 0 0 0 0 0 0 0 0 0 0 0 0 0 0 0 0 0 0 0 0 0 0 0 0 0 0 0 0 0 0 0 0 0 0 0 0 0 0 0 0 0 0 0 0 0 0 0 0 0 0 0 0 0 0 0 0 0 0 0 
2 15 3 1 1 17 13 10 17 8 7 11 17 2 9 13 23 12 2 5 8 1 4 6 7 1 0 13 2 66 37 58 51 36 52 28 93 98 241 97 57 17 59 238 156 186 100 184 240 516 12 13 26 24 3 3 11 25 0 9 1 4 1 10 13 3 3 2 1 1 9 4 0 3 28 25 0 36 92 39 49 46 45 125 90 117 108 412 169 0 0 12 53 132 90 462 42 239 114 31 19 139 
1 4 2 0 0 1 1 2 1 8 0 2 3 0 0 1 1 0 0 2 0 0 0 2 1 0 0 0 0 16 2 8 5 8 6 1 17 8 33 11 12 4 29 37 19 40 14 26 22 64 0 1 6 3 1 0 2 0 0 5 3 0 1 3 1 0 0 0 0 0 2 0 0 0 4 7 0 12 18 1 8 6 8 23 16 40 26 82 29 0 0 62 2 9 11 32 5 34 13 6 2 23 
1 2 2 1 0 1 0 0 0 1 1 2 1 2 0 0 1 0 0 0 0 0 0 1 0 0 0 1 0 16 4 4 4 8 8 6 7 15 32 10 11 5 25 34 26 41 23 35 65 93 6 0 5 4 3 0 5 4 0 2 0 0 0 0 1 0 0 0 0 0 0 1 0 0 8 7 2 22 24 18 11 13 14 33 17 28 28 78 24 0 0 79 7 6 4 40 0 25 13 7 6 49 
1 0 2 0 0 1 1 2 2 1 0 3 1 2 0 0 0 0 0 0 1 0 2 0 0 0 0 2 0 14 4 13 6 5 3 12 9 5 27 11 7 4 28 34 24 31 12 32 45 91 1 3 3 1 3 0 3 6 0 1 1 1 2 2 1 3 0 0 0 0 0 0 1 0 8 4 0 15 18 10 7 8 7 32 22 25 21 93 21 0 0 34 10 5 6 33 6 29 13 10 8 72 
1 2 0 0 0 1 2 0 1 3 2 0 4 1 0 1 0 0 0 0 0 0 1 0 1 0 0 2 0 10 2 2 10 3 4 4 12 9 25 12 24 15 51 50 29 27 16 23 31 75 1 2 10 3 0 0 7 5 0 3 2 0 0 0 0 3 0 0 0 0 0 0 0 0 7 6 1 5 11 15 8 10 6 22 13 27 26 104 31 0 0 116 13 34 14 5 3 40 23 5 3 42 
0 0 0 0 0 1 0 0 0 1 0 1 3 1 0 0 0 0 0 0 0 0 0 0 0 0 0 0 0 1 2 2 1 0 2 1 2 4 4 0 5 0 4 15 4 0 1 4 6 14 1 0 1 0 0 0 0 2 0 0 0 0 0 0 0 0 0 0 0 0 0 1 0 0 0 0 0 3 2 2 1 2 0 6 5 6 4 15 6 0 0 8 0 2 5 5 2 3 2 1 2 4 
2 2 5 0 0 0 0 2 0 0 1 0 0 0 0 2 1 0 0 0 0 0 0 0 0 0 0 0 0 3 0 5 5 3 0 3 4 3 12 0 1 3 19 26 6 26 9 13 12 55 1 0 6 7 1 0 2 0 0 0 1 0 0 0 0 0 0 0 0 0 1 0 0 0 10 8 1 3 10 4 4 9 9 18 20 20 12 64 10 0 0 43 9 12 10 19 1 5 4 4 2 46 
0 2 1 1 1 1 0 5 0 0 0 1 2 1 0 0 1 0 0 0 0 0 0 1 0 0 0 1 0 5 8 3 3 1 8 0 8 5 39 5 16 3 24 26 15 30 15 25 33 88 9 3 10 3 1 0 0 4 0 1 0 0 0 3 1 2 0 0 0 0 1 0 2 0 13 11 1 12 28 10 11 4 15 37 16 29 14 62 20 0 0 47 7 7 14 6 0 5 6 3 3 22 
0 0 0 0 0 0 0 0 1 0 0 0 0 0 0 0 1 0 0 0 0 0 0 0 0 0 0 0 1 0 0 2 0 0 1 2 3 0 1 1 0 2 6 4 2 3 3 4 0 10 1 0 0 0 0 0 0 0 0 0 0 0 0 1 0 0 0 0 0 0 0 0 0 0 1 0 0 0 2 1 0 1 3 6 5 5 5 18 3 0 0 7 0 5 1 4 0 2 0 2 0 2 
0 1 0 0 0 0 0 1 0 0 0 0 0 0 0 0 0 0 0 0 0 0 0 0 0 0 0 0 0 0 0 0 1 1 0 0 2 1 6 2 0 0 13 8 3 3 5 4 3 12 3 0 0 0 0 2 0 0 0 0 0 0 0 0 0 0 0 0 0 0 0 0 0 0 0 1 0 5 1 4 11 1 3 20 2 4 1 14 3 0 0 9 1 4 0 4 0 10 3 3 1 0 
10 20 8 1 5 6 9 3 7 3 0 8 10 5 8 5 8 5 2 4 3 7 3 2 1 1 2 14 2 67 15 29 43 14 32 29 44 50 87 20 38 4 130 124 84 81 87 66 69 324 28 26 27 18 7 5 9 16 0 8 8 1 1 3 4 2 1 0 1 2 2 2 0 6 24 14 2 9 49 21 24 27 32 82 54 53 39 368 77 0 0 105 31 85 67 123 12 81 33 12 1 9 
