3 5 29 13 17 27 27 27 29 41 14 24 49 88 66 89 34 18 26 9 12 8 6 34 14 0 0 33 97 6 3 5 16 4 9 3 6 2 29 23 24 1 8 10 10 16 8 6 11 52 3 8 7 7 2 1 2 0 0 4 1 4 0 3 4 7 4 3 2 10 3 1 0 2 3 2 0 1 15 1 0 4 1 11 0 3 1 31 3 0 0 2 1 1 1 3 0 1 2 0 0 12 
10 7 11 8 10 23 30 19 37 21 11 33 56 99 34 71 46 27 30 11 10 19 4 39 9 1 0 29 110 5 1 12 23 4 5 6 2 5 28 28 17 2 10 19 15 15 12 2 5 59 5 5 8 6 2 2 5 3 0 0 1 1 0 5 3 9 4 0 0 4 1 3 2 2 2 2 1 0 6 1 3 1 1 4 0 5 3 17 3 0 0 12 2 2 1 2 2 0 3 0 0 13 
15 23 4 15 13 20 28 32 37 24 4 25 44 65 52 71 39 20 19 5 7 11 3 26 5 2 0 21 140 6 1 3 11 2 3 5 5 2 23 17 8 1 4 9 11 13 10 3 6 46 8 3 16 3 3 1 1 3 0 0 0 4 3 7 4 9 2 1 3 7 1 1 2 7 3 2 0 2 14 5 2 2 5 5 4 4 2 24 5 0 0 7 0 0 0 2 1 0 2 0 0 14 
9 21 15 1 3 13 10 4 7 4 2 2 6 6 3 9 6 0 4 0 0 3 0 3 1 0 0 4 28 3 0 0 0 0 0 0 0 0 4 2 0 0 2 0 2 5 1 2 0 1 2 0 0 0 0 0 0 1 0 1 0 0 0 0 1 0 0 1 0 0 0 1 1 0 1 0 0 0 2 0 1 0 0 2 0 0 0 6 0 0 0 0 1 0 0 1 0 0 0 0 0 1 
3 14 5 2 2 5 9 8 6 5 4 8 17 17 5 18 3 2 7 3 1 1 3 11 3 0 0 13 39 4 0 0 3 1 1 1 2 1 18 5 2 0 3 2 5 1 2 3 1 19 1 0 3 5 1 0 0 1 0 0 0 1 0 4 1 0 0 3 1 5 0 1 0 0 0 0 0 0 10 1 0 1 1 0 1 2 0 7 0 0 0 1 0 0 0 0 0 1 4 0 0 2 
21 50 26 6 10 2 13 16 16 26 3 35 56 99 40 77 39 29 19 13 9 11 1 16 10 1 1 18 88 1 1 4 13 1 1 1 7 12 39 20 4 1 10 11 13 14 10 0 1 41 3 3 4 5 1 1 2 8 0 1 3 0 0 1 5 5 3 3 0 2 1 7 4 0 0 0 0 0 15 0 0 0 0 2 5 5 1 6 0 0 0 7 2 1 1 0 0 0 0 0 0 4 
18 33 27 13 4 14 3 19 32 21 13 21 61 75 17 41 25 18 25 7 8 5 3 9 2 0 0 16 76 2 3 1 18 2 6 0 3 6 28 18 12 0 8 5 4 13 4 4 5 22 2 5 0 5 2 2 0 8 0 2 0 2 1 5 5 7 2 0 0 1 2 3 4 5 2 0 0 4 12 2 0 0 0 2 0 3 0 6 3 0 0 7 0 0 0 2 0 1 2 0 0 7 
15 40 27 12 3 6 22 3 11 20 10 30 40 112 41 64 34 19 24 6 12 9 0 22 7 0 0 15 56 2 1 3 7 5 2 2 5 7 36 19 6 2 4 3 8 1 11 4 3 29 3 0 10 4 0 0 2 6 0 1 0 2 5 5 3 5 1 0 0 2 5 1 5 1 2 0 1 0 11 1 1 4 0 3 3 2 1 4 1 0 0 7 0 0 1 2 1 0 0 0 0 5 
26 44 35 12 4 26 39 12 4 12 7 33 52 93 33 73 31 18 27 12 5 12 4 23 5 0 2 21 74 4 1 1 2 1 2 0 2 5 47 14 11 2 8 3 7 13 2 4 6 31 7 1 9 5 4 2 3 0 0 0 0 0 0 2 2 8 2 4 2 2 3 4 4 0 1 2 1 3 18 3 0 0 0 1 0 1 1 8 2 0 0 5 3 0 3 2 0 2 0 0 0 1 
18 23 13 8 6 10 26 9 10 4 7 8 17 40 18 47 41 12 8 5 7 3 5 24 8 0 2 16 31 1 1 0 5 3 1 0 1 3 22 6 6 0 1 8 3 0 3 1 1 18 6 6 10 4 3 3 2 5 0 1 0 3 2 1 4 2 2 1 1 1 0 3 4 3 1 4 0 0 19 1 2 1 1 1 0 2 0 5 1 0 0 1 0 1 1 0 0 0 0 0 0 5 
19 14 10 6 3 14 14 10 14 7 3 5 18 22 13 42 12 16 14 15 3 11 1 12 8 1 1 26 14 6 0 4 7 0 0 0 2 4 18 10 7 0 3 4 6 5 12 2 0 22 0 2 3 1 0 0 3 4 0 0 2 2 0 1 0 5 0 0 0 0 0 0 2 1 1 0 3 0 11 1 0 0 0 1 0 0 0 1 0 0 0 2 3 0 1 0 0 0 2 0 0 1 
29 55 36 6 6 17 36 18 28 12 7 6 40 85 35 54 45 33 28 15 17 13 5 33 14 2 0 37 40 10 1 4 9 0 2 5 2 5 35 9 15 0 8 11 1 14 4 4 8 38 5 2 6 8 1 4 6 6 0 0 0 4 0 2 1 3 3 0 0 1 3 2 1 2 0 2 0 4 15 0 0 0 0 0 0 0 0 3 3 0 0 7 0 1 0 2 1 0 0 0 0 6 
23 45 24 3 7 27 37 47 54 32 22 20 4 66 30 72 42 41 31 13 36 7 13 54 28 1 3 60 48 8 9 9 13 4 3 1 1 7 44 15 12 2 5 10 12 15 7 5 4 48 5 6 4 4 2 3 5 4 0 4 0 2 1 0 1 1 0 1 0 0 1 3 1 0 10 4 0 2 20 0 0 0 0 1 0 0 1 9 1 0 0 7 1 2 2 3 0 2 1 0 0 4 
48 85 63 12 11 44 61 52 66 56 27 57 54 8 12 77 60 64 73 26 58 43 16 62 45 5 4 134 68 6 0 2 15 0 1 2 0 7 17 6 14 0 10 5 4 24 3 5 7 44 13 4 13 16 4 4 11 9 0 0 2 4 2 0 0 0 1 0 0 1 3 0 2 2 4 7 2 2 26 0 1 0 0 2 1 0 2 8 1 0 0 11 2 0 1 1 1 0 3 0 0 6 
45 47 54 6 21 24 28 46 28 26 14 30 32 22 8 23 36 37 32 16 24 20 16 62 29 2 10 73 29 1 1 6 8 1 5 2 1 1 8 17 9 1 11 5 2 17 9 0 0 19 4 2 7 8 6 2 3 4 0 2 0 1 0 1 1 1 0 0 2 2 1 0 0 2 2 3 0 2 14 0 0 0 0 0 0 1 3 5 2 0 0 3 0 3 0 0 0 1 2 0 0 2 
36 57 33 8 6 29 41 45 46 50 26 29 67 68 17 11 60 73 73 56 96 34 30 106 51 7 5 103 43 31 4 20 33 8 12 7 42 3 12 23 26 2 14 17 9 21 14 6 2 58 5 9 21 5 2 4 6 11 0 3 1 3 0 2 3 2 1 0 1 1 3 2 5 4 2 2 1 3 44 0 1 0 0 0 0 6 2 23 2 0 0 14 1 2 1 1 0 1 0 0 0 14 
22 36 28 4 6 34 28 27 33 35 6 28 63 118 57 69 11 48 92 34 64 32 32 97 31 5 2 81 38 30 14 29 39 11 20 18 50 6 75 34 19 1 21 27 17 48 24 4 3 58 10 7 14 12 1 0 6 12 0 3 5 2 3 1 1 0 0 1 0 1 2 2 4 5 7 3 0 5 33 2 4 0 0 1 0 3 2 16 4 0 0 15 2 0 1 2 0 0 0 0 0 5 
14 24 5 8 1 27 14 21 15 22 9 17 56 91 35 105 35 9 29 14 42 7 12 34 22 18 4 53 27 26 2 7 28 7 17 6 23 9 58 24 28 3 14 25 24 28 21 4 5 38 3 0 8 5 3 1 2 7 0 5 1 3 0 4 1 0 0 0 0 0 1 1 0 1 5 2 0 0 12 2 1 0 0 0 0 5 1 12 2 0 0 6 1 0 0 0 0 3 0 0 0 8 
14 17 16 1 5 24 11 14 25 25 10 19 51 93 23 78 51 25 3 13 25 14 11 48 19 6 2 53 26 19 4 6 18 4 6 7 23 14 37 19 4 2 8 12 13 13 6 5 3 39 2 7 4 3 0 0 1 3 0 1 1 1 0 0 0 2 0 0 0 0 0 0 1 1 2 0 0 1 6 0 1 0 0 0 0 2 1 10 1 0 0 7 0 0 0 1 0 1 0 0 0 4 
9 8 14 1 6 14 10 8 11 13 14 10 23 54 29 68 35 21 31 8 4 6 15 36 20 11 9 60 6 9 1 1 7 4 7 5 8 9 32 14 11 0 2 7 6 8 13 2 1 24 1 1 6 2 0 0 4 2 0 0 1 0 0 0 0 1 1 0 0 0 0 1 0 0 1 0 0 1 6 1 0 0 0 0 0 4 1 3 0 0 0 4 2 0 0 0 0 0 0 0 0 2 
10 11 15 2 3 6 10 7 13 9 6 13 39 76 26 97 59 34 66 5 2 3 17 26 8 13 13 73 10 4 3 2 11 1 4 3 10 4 42 17 17 1 4 6 4 9 7 1 2 22 2 0 2 0 0 0 0 1 0 1 0 1 0 0 2 0 0 0 0 0 0 0 0 0 1 0 0 0 6 0 1 1 0 0 0 1 3 7 1 0 0 0 0 1 1 0 0 0 0 1 0 1 
11 12 17 1 3 5 9 13 14 14 11 19 21 70 35 81 31 32 24 12 11 1 4 30 4 18 6 76 25 5 1 3 7 1 7 2 6 7 53 6 3 1 4 5 5 10 7 0 5 15 1 2 0 1 0 1 0 0 0 1 1 0 0 0 0 0 1 0 0 0 0 0 1 0 0 0 0 0 6 0 0 1 0 0 0 0 0 1 0 0 0 2 0 0 0 0 0 0 0 0 0 0 
12 3 4 0 4 4 7 2 6 11 1 15 16 39 29 81 40 34 38 13 41 11 7 3 6 8 2 55 9 3 0 3 5 2 7 7 9 7 29 7 8 0 6 2 6 7 4 5 4 14 3 0 2 3 3 3 2 1 0 0 0 1 0 0 0 0 0 0 0 0 0 0 0 0 2 2 1 0 2 0 0 0 0 0 0 1 0 1 0 0 0 0 0 0 0 0 0 0 0 0 0 2 
7 18 9 2 2 7 11 10 28 29 10 19 34 111 35 146 84 70 73 16 56 19 11 7 18 12 22 84 13 7 0 1 23 4 8 9 32 16 72 12 23 0 7 7 11 16 9 2 3 46 7 3 5 5 3 2 1 6 0 3 0 0 2 2 2 0 0 0 0 0 0 0 0 1 4 3 0 1 6 3 0 1 1 2 0 0 1 19 1 0 0 5 0 0 0 0 0 0 0 0 0 0 
17 13 17 0 4 14 4 3 11 41 7 24 50 62 36 89 44 34 38 23 23 16 9 14 6 4 7 54 5 9 8 10 75 8 8 7 20 10 42 14 32 1 8 20 18 16 9 7 20 95 21 1 20 12 4 6 3 3 0 3 0 0 3 1 1 0 0 1 0 0 0 0 0 1 6 2 0 4 20 0 0 3 0 1 1 9 5 46 2 0 0 10 2 3 0 1 0 0 0 0 0 2 
0 0 1 0 0 1 1 1 1 1 1 1 4 8 6 15 7 7 15 12 20 14 7 21 2 1 1 8 3 1 0 0 3 0 0 0 2 1 5 2 2 1 0 0 1 0 0 0 1 7 0 0 0 0 0 0 0 0 0 0 0 0 0 0 0 0 0 0 0 0 0 0 0 0 0 0 0 0 0 0 0 0 0 0 0 0 0 0 0 0 0 0 0 0 0 0 0 0 0 0 0 0 
1 0 0 0 0 2 2 1 0 0 0 0 2 7 10 22 3 13 6 7 23 7 9 32 10 1 1 42 0 1 0 1 3 0 3 0 1 3 11 0 1 0 0 3 2 0 1 0 0 8 0 0 2 0 0 0 0 0 0 0 0 0 0 0 0 0 0 0 0 0 0 0 0 0 0 0 0 3 0 0 0 0 0 0 0 1 0 1 0 0 0 2 2 0 0 0 0 0 0 0 0 0 
20 19 23 6 15 15 12 12 27 40 8 29 71 121 68 149 92 60 58 44 70 60 66 87 39 9 35 9 13 6 1 6 39 1 12 3 33 22 80 33 31 8 16 24 37 28 16 10 8 129 4 5 8 2 2 4 4 5 0 1 0 4 1 5 0 3 0 0 1 0 0 0 0 0 2 2 1 6 19 5 2 1 0 2 3 3 7 37 8 0 0 10 1 0 0 2 0 1 0 0 0 4 
37 79 59 16 9 59 55 42 44 19 12 25 35 40 17 43 19 22 9 10 12 18 9 15 3 1 0 10 3 11 2 2 8 5 4 5 3 11 19 15 9 0 10 3 9 7 1 1 7 19 1 2 6 1 0 1 1 6 0 0 1 0 1 2 0 3 4 7 0 1 2 0 2 3 0 0 0 1 11 5 0 1 0 4 1 2 4 7 1 0 0 1 0 1 3 0 0 0 2 0 0 1 
2 1 3 0 1 4 3 6 5 1 2 6 9 3 7 31 41 33 36 4 6 6 3 18 8 1 0 8 14 27 96 133 301 75 134 130 395 142 260 98 97 10 52 56 65 62 72 31 20 210 12 5 13 9 3 6 1 5 0 7 2 8 6 8 14 44 12 18 4 4 7 6 6 2 2 9 1 2 25 1 4 5 2 10 3 11 2 91 14 0 0 35 8 4 7 6 0 7 2 0 0 41 
1 2 1 0 0 0 1 0 1 0 0 6 8 0 5 11 13 7 8 3 4 1 1 8 4 1 1 1 3 98 10 60 80 33 55 40 155 45 110 33 22 3 23 20 13 25 22 9 6 54 1 2 0 2 1 0 1 0 0 1 0 8 6 5 50 24 6 2 3 6 4 2 6 1 1 0 1 1 7 1 1 2 4 7 0 2 1 24 2 0 0 13 2 2 2 2 1 3 1 0 0 8 
2 5 0 0 2 2 1 1 3 0 0 5 6 1 5 18 32 20 8 4 2 1 0 3 4 0 3 10 6 117 78 15 95 29 95 73 271 140 228 82 49 5 67 49 48 53 30 13 18 126 7 6 13 6 1 3 3 6 0 6 1 8 0 6 9 32 2 5 1 7 3 2 7 3 2 3 0 0 27 1 3 1 1 2 0 10 3 38 8 0 0 25 0 9 12 5 0 2 6 0 0 22 
8 18 10 2 6 9 10 8 12 12 4 9 20 11 6 39 43 16 21 7 9 8 6 64 40 1 1 26 9 292 97 124 29 68 100 108 283 136 296 179 166 13 144 128 122 159 141 89 124 790 43 34 72 16 13 11 20 24 0 17 5 10 4 12 10 42 6 19 6 5 24 23 14 11 21 11 0 13 69 12 7 9 5 18 4 18 12 189 30 0 0 76 12 27 16 19 0 10 3 3 1 82 
0 3 3 0 0 3 2 3 0 1 1 0 1 0 2 2 20 8 8 0 1 1 1 4 1 1 0 8 2 53 29 29 46 6 22 15 119 51 99 42 32 1 39 42 29 42 26 16 5 75 7 3 10 8 1 1 4 9 0 5 2 12 4 2 3 17 3 11 1 6 4 7 13 7 2 4 0 4 26 1 1 1 0 0 0 5 8 20 7 0 0 27 7 7 7 1 3 3 1 1 0 10 
6 1 2 1 1 0 0 4 1 3 0 5 3 2 2 12 28 11 15 7 4 4 3 12 2 0 0 12 4 117 39 63 78 25 9 22 151 110 146 85 46 12 56 47 47 69 38 20 16 124 16 2 3 8 4 0 5 4 0 1 3 14 3 9 18 9 6 5 0 9 4 11 19 11 4 1 1 0 18 0 0 1 1 4 0 7 2 12 16 0 0 66 25 8 8 9 2 1 3 0 0 14 
2 4 1 0 0 2 1 0 2 2 0 0 3 2 1 7 12 8 6 1 6 4 0 13 5 0 1 3 5 121 57 51 102 15 40 1 118 46 109 74 34 9 38 29 33 39 36 9 13 102 4 0 1 3 0 0 3 6 0 0 0 4 8 3 11 12 2 4 2 3 6 8 4 3 3 1 0 0 9 1 1 3 0 2 0 8 5 16 8 0 0 31 4 3 6 5 0 1 3 1 0 11 
7 5 4 1 1 1 3 4 2 1 1 2 2 1 1 26 30 11 15 4 12 14 8 17 10 0 2 15 11 289 107 206 313 88 144 143 25 111 410 293 145 36 110 138 111 158 118 39 45 373 10 8 19 7 5 0 3 9 0 1 2 18 8 11 17 23 6 11 7 10 25 26 15 12 7 5 4 3 23 1 3 2 2 5 3 16 12 69 26 0 0 110 27 19 15 14 2 4 16 9 5 42 
7 12 7 0 4 4 6 7 4 8 5 6 11 12 2 3 19 16 8 4 10 5 7 12 9 2 0 24 10 117 32 114 136 36 61 35 149 8 141 163 90 18 76 111 66 115 70 27 42 240 4 3 8 0 4 1 6 4 0 2 2 12 6 7 9 5 2 7 3 0 8 6 7 4 5 1 0 1 10 1 0 1 0 4 0 21 11 56 15 0 0 54 6 16 3 6 1 6 12 0 0 29 
17 35 19 3 7 9 24 19 23 11 4 34 21 21 17 14 41 41 32 10 37 20 12 46 16 1 4 54 31 214 84 177 230 74 130 78 470 116 18 311 198 25 126 163 118 191 125 45 72 408 20 7 26 8 3 4 8 9 0 4 5 17 8 22 21 23 14 10 8 5 21 15 21 8 8 5 0 2 33 1 6 2 4 16 3 19 15 112 25 0 0 133 13 26 15 21 3 12 12 1 1 84 
21 15 23 4 5 12 7 13 11 21 7 13 16 19 14 29 36 20 12 10 11 1 9 22 17 2 1 28 22 98 38 71 176 51 119 57 382 224 496 25 67 18 74 143 76 195 126 40 45 298 5 3 10 5 2 1 1 0 0 2 3 15 1 8 11 21 5 3 1 1 6 4 19 1 5 2 1 6 17 5 2 3 2 21 6 2 7 21 10 0 0 65 6 13 6 10 3 4 7 0 2 36 
14 18 7 1 3 2 8 9 9 4 4 2 10 13 3 13 16 17 9 11 8 15 2 36 13 2 3 23 12 50 34 49 176 56 50 24 198 100 307 54 7 9 52 77 48 109 79 19 24 217 4 7 7 3 2 2 1 5 0 0 0 16 0 10 11 12 4 2 9 1 1 3 7 3 8 0 1 3 18 3 3 3 6 19 4 8 7 11 6 0 0 32 7 9 7 6 1 5 5 0 1 37 
3 1 0 0 0 2 0 1 1 0 0 0 2 1 0 3 5 2 0 0 0 1 1 2 3 0 0 3 2 6 0 5 22 2 5 8 42 8 26 10 13 1 11 35 17 34 9 2 2 29 0 0 1 1 0 1 0 0 0 0 0 0 1 0 0 0 0 0 0 0 2 1 2 0 1 2 1 0 2 1 1 0 1 2 0 9 5 6 9 0 0 3 2 2 1 6 1 0 1 0 1 18 
3 12 10 5 4 8 6 8 7 4 4 4 4 6 5 3 15 17 4 0 6 1 4 4 1 0 0 3 1 42 10 47 107 22 41 17 112 60 104 49 40 20 19 74 41 115 54 31 25 178 7 2 9 9 1 0 5 5 0 3 1 0 1 3 6 13 2 0 2 3 2 9 6 5 11 9 2 6 31 11 16 12 10 37 14 47 23 77 25 0 0 68 32 25 21 35 3 23 16 14 6 101 
8 7 11 2 2 10 10 12 8 8 5 10 11 7 7 11 24 21 23 1 12 3 5 21 8 0 1 27 13 68 20 40 120 37 52 34 136 111 220 150 100 41 140 19 138 246 155 64 74 374 11 5 30 5 3 2 8 13 0 1 2 12 1 9 8 19 1 4 1 4 2 6 9 0 19 11 2 11 55 16 17 10 11 75 36 85 59 110 62 0 0 246 52 41 45 80 7 37 37 9 10 126 
8 12 8 2 2 6 3 5 4 4 4 6 5 14 0 10 19 13 14 3 11 4 3 22 21 2 1 17 9 36 22 29 125 12 26 22 149 74 155 73 52 17 54 126 18 171 107 75 48 280 8 12 13 5 2 1 2 2 0 0 0 7 1 4 6 14 5 2 2 2 4 6 2 6 2 3 4 2 16 8 3 7 4 20 10 31 14 51 19 0 0 72 10 14 15 26 7 13 24 1 1 61 
3 14 10 2 4 6 4 8 8 6 4 10 10 16 4 8 24 12 22 6 16 9 8 26 12 3 0 24 28 43 21 46 212 40 56 43 184 86 201 144 102 32 124 267 166 22 193 158 155 615 11 7 22 7 3 1 3 11 0 2 4 13 1 7 16 20 5 5 5 3 9 9 10 4 13 14 0 6 36 17 12 11 14 53 11 50 38 133 25 0 0 187 28 44 26 33 8 34 26 6 6 138 
8 13 11 1 3 8 8 4 9 6 6 5 7 12 9 11 31 17 12 5 7 7 5 25 12 2 0 19 10 34 19 48 161 23 36 34 147 89 173 114 89 19 75 153 87 220 20 116 102 336 9 2 8 3 3 1 2 7 0 2 3 6 1 8 5 20 9 8 7 4 2 4 6 3 6 7 2 5 28 8 4 7 6 26 15 46 15 74 17 0 0 90 19 31 15 8 3 17 13 2 4 104 
9 6 2 1 4 5 2 1 1 5 4 4 6 5 1 3 10 7 5 4 7 7 1 19 7 0 0 13 8 13 4 18 75 18 20 14 65 56 81 49 35 16 49 104 82 268 111 10 77 400 3 2 5 0 0 0 3 0 0 2 0 1 0 3 1 5 0 4 0 1 3 6 4 1 4 3 0 1 6 2 2 7 8 13 1 18 7 91 6 0 0 73 16 16 22 4 2 6 4 4 0 60 
8 3 5 0 2 6 5 10 5 5 6 2 0 6 2 12 6 4 4 1 2 2 2 14 3 0 0 17 9 24 7 27 147 15 20 25 67 42 94 64 36 7 47 128 94 212 142 76 13 483 4 4 7 1 0 2 3 1 0 1 0 3 3 1 1 8 2 2 1 4 4 1 5 2 5 4 0 5 11 5 10 1 0 16 6 16 12 113 9 0 0 84 9 18 12 8 2 12 16 0 1 70 
41 58 35 10 12 25 26 28 39 49 19 18 42 36 24 34 61 59 38 20 20 30 18 144 47 3 1 111 57 161 42 134 855 84 115 118 387 244 573 302 299 38 202 431 305 609 331 364 269 30 49 20 56 15 9 1 11 7 0 8 9 9 0 19 20 56 18 11 13 9 15 22 18 13 44 27 3 14 117 30 25 52 34 98 32 91 57 681 36 0 0 298 39 70 64 46 10 51 58 14 14 364 
5 5 6 0 0 1 3 4 5 10 2 7 7 15 6 26 8 5 5 0 4 2 1 19 5 0 1 8 4 8 4 8 51 5 11 1 17 1 16 6 5 0 7 6 14 9 4 8 6 60 9 8 42 15 9 3 16 40 0 29 6 4 6 15 18 26 9 12 1 15 5 3 7 14 12 8 2 3 109 7 7 1 3 22 4 13 10 47 5 0 0 14 2 7 6 0 0 1 1 0 0 19 
4 1 1 1 1 4 1 0 1 3 1 7 6 10 1 12 7 2 6 0 2 1 0 13 2 0 1 4 4 6 0 2 34 5 1 4 21 1 23 6 0 1 8 14 5 10 6 3 5 22 8 7 28 21 10 5 10 19 0 15 7 2 2 7 18 11 3 3 0 9 0 1 2 5 5 5 0 1 55 3 9 1 4 20 6 17 1 20 6 0 0 15 0 3 3 4 1 1 4 0 0 12 
5 10 7 2 2 6 2 6 3 9 1 8 9 12 11 37 14 4 6 3 4 3 0 23 7 0 0 16 7 10 3 14 69 11 12 6 13 7 24 14 7 1 6 19 16 14 20 3 8 68 36 19 4 26 15 10 16 42 0 38 8 7 7 16 14 33 12 19 6 20 7 8 12 9 7 4 2 7 110 19 9 5 9 28 9 20 6 67 5 0 0 16 3 7 3 4 0 3 4 1 1 39 
2 7 5 0 0 2 5 5 1 3 3 3 6 17 5 10 13 2 3 1 2 2 0 3 2 0 1 1 6 7 2 5 28 5 7 5 5 3 10 4 2 0 6 3 3 6 3 1 4 19 23 24 37 2 5 3 19 28 0 23 10 6 5 12 21 31 4 11 0 12 5 9 3 4 7 1 1 3 84 3 5 2 12 15 7 4 4 14 2 0 0 13 2 2 3 4 1 3 1 0 1 10 
2 3 1 3 0 2 2 2 2 3 0 1 1 1 1 7 4 5 0 1 1 0 1 6 2 0 0 6 0 4 5 6 14 4 1 2 6 0 7 3 1 0 2 5 1 4 4 0 1 10 4 18 29 6 3 1 6 12 0 10 7 5 3 4 2 9 0 0 1 2 0 1 5 7 4 9 5 2 49 4 4 1 1 9 5 2 3 13 1 0 0 5 2 3 2 0 0 1 0 0 1 3 
0 1 0 0 0 0 1 1 2 1 0 2 4 3 1 6 0 0 0 0 3 0 0 5 3 0 0 3 4 3 0 0 9 0 1 0 2 2 6 0 3 0 2 2 4 2 6 1 1 7 6 4 12 6 3 0 5 26 0 4 0 1 0 2 4 3 1 1 0 2 2 2 3 4 1 4 0 4 43 1 2 0 2 6 4 4 1 5 4 0 0 1 3 1 1 3 0 2 0 0 0 10 
1 2 1 0 0 2 2 1 1 1 3 1 5 11 5 15 7 6 4 2 1 0 0 6 4 0 0 0 3 8 0 2 17 10 4 3 5 0 13 1 2 2 2 5 5 3 6 2 3 12 22 16 13 11 2 7 2 10 0 12 5 5 2 18 17 21 6 5 1 5 5 7 6 4 6 5 0 7 63 10 0 3 2 21 3 13 4 13 3 0 0 6 3 2 1 1 2 2 1 2 1 5 
5 4 3 3 2 2 6 5 7 5 9 6 7 16 3 12 9 3 3 2 1 1 0 7 0 0 0 4 17 4 5 6 23 7 11 2 8 1 14 9 5 0 9 12 2 9 7 5 3 21 24 12 49 33 8 14 12 5 0 12 8 10 3 15 12 18 3 5 5 5 4 2 9 2 5 12 4 9 139 11 3 4 3 27 13 12 3 30 5 0 0 20 1 8 1 3 0 1 5 2 0 11 
0 0 0 0 0 0 0 0 0 0 0 0 0 0 0 0 0 0 0 0 0 0 0 0 0 0 0 0 0 0 0 0 0 0 0 0 0 0 0 0 0 0 0 0 0 0 0 0 0 0 0 0 0 0 0 0 0 0 0 0 0 0 0 0 0 0 0 0 0 0 0 0 0 0 0 0 0 0 0 0 0 0 0 0 0 0 0 0 0 0 0 0 0 0 0 0 0 0 0 0 0 0 
7 10 7 3 5 7 14 0 2 6 6 5 19 25 11 26 12 7 9 2 10 2 3 25 8 1 0 16 24 15 1 3 13 11 3 1 7 4 15 8 0 0 3 3 4 5 4 4 3 20 25 18 29 27 10 3 6 17 0 4 2 7 7 19 16 36 25 13 4 9 9 14 13 11 16 6 1 2 42 5 0 3 7 6 5 4 2 16 5 0 0 6 2 2 2 1 0 0 0 0 1 8 
1 0 1 0 1 0 0 1 0 0 1 1 0 5 0 4 3 0 0 0 0 0 0 2 0 0 0 5 4 3 1 1 3 1 2 0 3 0 3 5 2 0 4 1 1 2 0 1 2 9 4 6 7 5 4 2 6 7 0 6 3 3 3 6 9 16 4 5 5 10 6 5 7 2 1 2 0 1 17 0 0 2 1 2 0 1 1 5 1 0 0 2 3 0 0 0 0 0 1 0 0 3 
3 2 5 0 1 6 4 2 0 1 1 2 4 7 1 6 2 3 3 1 0 0 0 3 1 0 0 1 1 2 3 8 5 4 16 3 30 7 19 15 8 2 8 6 7 8 1 4 3 17 5 3 3 2 0 2 2 4 0 4 8 1 0 8 8 14 6 9 1 4 2 3 9 1 1 0 0 0 18 2 0 1 2 2 4 3 6 7 3 0 0 11 2 1 0 0 0 3 1 0 0 1 
1 3 0 2 0 0 1 1 2 0 0 0 0 2 0 2 1 2 1 0 0 0 0 0 2 1 0 0 1 4 6 4 3 0 5 2 7 5 12 0 4 1 2 2 0 0 3 0 0 8 1 1 2 1 2 0 1 4 0 7 2 0 1 1 12 10 2 7 1 15 4 1 3 0 0 0 0 0 6 1 0 0 1 0 1 1 0 2 0 0 0 1 0 0 0 0 0 0 0 0 0 0 
0 3 1 1 0 3 3 5 1 3 0 1 1 0 0 0 3 1 1 1 0 0 0 1 0 0 0 5 13 7 2 3 3 1 10 4 23 7 32 11 7 0 5 6 16 10 6 2 6 18 19 7 16 18 4 7 7 17 0 12 6 13 11 4 9 22 12 9 6 5 9 15 10 6 4 2 0 8 29 6 4 4 1 3 2 4 2 1 5 0 0 5 0 5 0 1 0 0 2 0 0 4 
2 6 3 0 0 4 5 9 2 4 0 3 1 0 2 1 1 1 0 0 0 0 0 0 1 0 0 1 10 26 15 10 11 2 10 7 25 14 28 14 14 1 7 7 13 16 14 2 2 28 13 6 15 15 7 2 5 16 0 12 5 8 8 5 11 36 11 22 9 25 32 29 22 16 3 4 0 1 30 4 11 3 1 5 0 3 3 10 3 0 0 13 1 0 0 1 0 0 1 0 0 6 
6 12 10 2 5 6 9 6 2 4 1 5 0 0 1 1 1 0 2 0 0 0 0 2 2 1 0 2 7 32 13 23 35 6 10 10 40 5 43 4 17 2 9 16 11 13 14 10 8 38 18 17 36 16 5 3 13 14 0 27 13 14 22 31 22 15 11 26 18 46 40 44 41 39 16 8 1 7 67 12 1 3 2 2 4 4 2 10 3 0 0 7 1 2 0 0 1 0 1 1 0 7 
1 0 2 0 2 1 0 1 1 1 1 1 1 1 0 0 0 0 0 0 0 0 0 0 0 0 0 1 1 8 2 7 14 6 3 4 20 2 12 2 0 0 0 2 1 3 3 1 1 8 5 1 8 8 0 0 3 5 0 9 6 9 2 7 10 11 1 7 6 14 12 23 11 12 4 2 1 1 16 3 1 2 0 2 0 2 1 4 1 0 0 1 0 0 0 0 0 0 0 0 1 0 
2 2 6 0 1 1 3 1 0 0 0 2 0 4 0 0 1 0 0 0 0 0 0 0 0 0 0 0 8 12 4 4 6 10 9 3 17 7 19 6 3 0 3 9 8 8 5 0 3 14 13 9 13 14 6 3 6 9 0 14 3 9 11 5 20 50 7 4 9 23 24 28 11 8 3 2 0 1 22 2 2 1 2 1 1 2 0 5 1 0 0 5 0 0 0 0 0 0 0 0 0 4 
2 0 0 0 0 1 9 0 2 0 0 1 0 0 2 1 0 0 0 1 0 0 0 0 1 1 0 1 0 7 3 3 7 1 4 4 13 2 5 1 1 3 2 0 5 0 3 2 2 5 1 5 4 3 0 4 2 0 0 3 0 3 3 2 18 25 6 16 0 6 12 18 3 8 2 0 0 0 9 2 2 0 0 3 0 3 2 3 1 0 0 0 0 0 0 0 0 0 0 0 0 0 
2 2 1 0 0 0 3 0 0 2 0 0 0 0 0 1 0 0 0 0 0 0 0 0 0 0 0 0 2 4 1 4 13 7 2 3 17 4 8 3 2 0 2 2 0 4 3 0 5 7 7 6 14 10 1 0 8 3 0 2 6 8 4 8 22 37 15 18 7 3 15 35 27 16 3 1 0 0 18 1 6 0 4 2 2 1 1 7 1 0 0 0 0 0 0 0 0 0 0 0 0 1 
0 3 1 1 1 1 1 1 1 1 5 0 1 0 3 0 3 0 0 0 0 0 0 1 0 0 0 1 8 6 0 1 25 10 11 9 35 8 21 9 3 3 4 3 8 8 6 1 1 21 9 0 7 5 2 3 0 7 0 11 12 4 12 18 10 53 9 27 10 17 5 54 16 18 0 1 0 2 17 0 2 2 0 2 2 6 2 4 2 0 0 2 0 0 0 0 2 2 0 0 0 1 
0 4 1 0 0 3 2 2 1 1 1 1 0 3 1 3 1 1 2 0 0 0 0 0 0 0 0 0 9 6 4 3 21 15 15 4 33 13 30 11 7 3 7 11 3 6 5 1 1 17 3 2 9 7 5 0 5 4 0 14 4 4 4 15 31 70 19 45 36 49 34 9 59 34 2 0 0 2 23 3 3 0 0 5 1 3 1 5 0 0 0 7 2 0 0 1 0 1 0 0 0 0 
1 1 4 2 2 0 1 1 1 0 2 3 0 1 1 4 1 0 0 0 0 0 0 0 0 0 0 0 2 5 2 3 14 13 9 8 18 4 16 7 7 4 4 4 8 8 3 2 2 24 12 5 23 3 2 3 4 11 0 15 9 3 5 14 28 32 24 27 9 26 17 42 3 13 1 7 1 3 21 4 7 3 3 5 3 3 4 6 0 0 0 7 0 1 0 1 1 2 1 0 0 3 
3 6 2 1 1 2 1 1 2 4 2 1 2 2 0 1 2 1 0 1 0 0 0 1 4 0 0 1 6 2 2 5 6 11 8 4 8 2 24 4 7 1 1 3 2 2 3 0 1 16 11 4 18 7 3 1 4 11 0 18 8 7 2 15 26 40 13 35 11 33 24 39 19 1 7 3 1 4 35 4 12 2 5 6 3 9 3 12 2 0 0 8 1 0 0 0 1 0 0 0 0 4 
0 3 0 0 0 3 2 1 2 6 2 0 6 15 3 9 5 4 1 0 1 2 0 4 4 0 0 2 5 5 0 2 23 2 2 2 12 2 15 7 2 1 15 18 10 13 13 1 3 44 9 5 17 4 0 2 4 14 0 10 5 3 3 5 5 8 5 2 1 4 3 1 2 2 4 5 3 15 208 28 19 16 8 58 13 19 4 51 10 0 0 6 3 6 4 5 0 23 5 3 0 22 
3 2 3 0 1 1 1 0 2 2 0 4 2 5 1 3 2 1 0 3 0 0 2 8 1 0 0 5 4 1 0 2 15 3 5 0 0 1 16 6 5 1 13 16 7 11 10 4 4 48 5 4 8 5 5 6 7 10 0 10 1 0 1 4 4 12 2 1 0 3 3 0 2 1 6 1 2 4 183 17 18 4 17 77 13 14 12 38 6 0 0 19 5 5 5 5 2 7 10 1 1 29 
1 0 0 0 0 0 0 0 1 2 1 0 0 2 0 1 1 1 0 0 0 0 0 1 0 0 0 1 0 0 0 4 3 1 0 0 1 1 1 0 0 0 1 1 0 2 4 3 1 10 0 1 2 1 0 0 0 7 0 3 0 0 2 4 0 1 1 0 0 0 1 0 0 0 0 5 0 7 77 8 2 0 7 10 5 3 3 7 1 0 0 7 1 1 0 0 0 2 3 0 0 3 
1 6 3 1 2 1 1 3 3 1 0 1 7 12 5 10 3 1 5 0 0 0 1 3 1 0 0 2 0 5 1 0 8 2 3 1 5 0 4 6 1 0 15 10 9 15 10 2 1 29 4 6 14 2 3 3 2 23 0 4 1 3 1 8 3 20 0 3 2 4 4 0 1 3 6 22 28 5 103 22 8 6 11 66 6 18 6 26 8 0 0 17 4 4 4 1 1 3 8 1 3 12 
8 14 16 5 4 7 13 4 6 11 9 5 7 37 14 48 31 7 11 3 3 2 2 25 11 0 4 18 7 17 5 12 64 13 15 9 20 8 40 15 24 4 24 45 26 37 24 7 8 87 68 54 137 63 39 32 51 111 0 38 10 18 7 24 31 62 12 13 7 12 15 28 15 14 155 105 30 57 20 68 72 21 40 195 42 33 16 100 26 0 0 43 8 16 5 18 0 15 14 5 1 56 
1 8 1 0 0 1 1 2 1 1 0 0 0 10 0 5 3 6 0 0 0 0 0 1 1 0 0 3 7 3 0 1 15 5 2 5 6 0 8 6 4 2 14 27 12 14 11 0 4 24 9 3 15 9 0 1 2 14 0 1 2 2 1 3 7 13 0 2 0 4 1 3 3 5 12 15 4 16 85 5 17 6 13 133 20 19 4 40 9 0 0 18 11 12 5 6 0 7 9 1 0 12 
1 3 3 0 0 3 1 0 0 0 0 1 3 5 0 0 0 1 1 0 0 0 0 1 0 0 0 2 0 5 4 0 4 1 1 0 1 1 4 2 3 3 15 25 9 15 9 6 4 26 5 9 8 8 1 2 2 13 0 9 0 2 10 2 7 7 1 1 1 2 2 3 9 5 14 10 4 5 86 18 3 14 8 98 47 27 17 40 19 0 0 36 6 10 10 6 4 13 3 1 0 17 
0 1 1 0 1 0 0 0 2 1 0 0 0 3 0 0 1 0 0 0 0 1 0 5 2 0 0 2 0 1 0 2 6 0 0 0 0 3 6 1 2 0 14 21 3 12 8 6 2 32 4 2 1 3 1 0 0 3 0 3 0 2 0 1 4 0 3 1 0 8 4 1 2 0 16 8 1 7 40 11 9 0 3 62 13 18 13 45 12 0 0 20 6 5 6 9 1 11 14 1 0 18 
1 2 1 0 0 1 1 2 0 3 0 0 0 1 0 0 2 1 0 0 1 0 0 1 0 0 0 1 4 6 1 2 4 1 0 0 2 4 0 3 4 0 20 20 5 14 4 8 4 27 8 7 12 2 0 0 2 9 0 21 0 3 1 2 2 3 0 2 1 1 1 5 4 0 12 7 2 9 70 16 16 4 3 122 45 31 10 57 11 0 0 46 3 20 4 4 2 9 5 2 0 13 
5 7 1 0 1 2 1 2 1 2 0 2 2 0 0 0 3 0 0 0 1 1 1 4 1 0 0 2 9 6 1 4 9 1 6 2 10 4 24 16 20 4 59 79 30 59 33 15 21 100 21 18 36 17 11 9 11 36 0 9 1 12 3 2 3 5 3 2 2 2 3 6 5 5 54 42 7 36 218 78 69 38 101 22 128 126 26 140 28 0 0 107 9 57 19 24 5 29 25 2 3 76 
2 1 1 1 1 4 1 0 0 0 0 0 0 0 0 0 2 1 1 1 0 0 0 1 0 0 0 1 4 4 0 2 6 2 1 1 4 9 12 13 5 0 30 34 8 55 15 7 6 36 3 6 7 6 2 1 12 7 0 9 2 0 1 1 3 6 1 0 2 1 0 1 0 2 7 8 4 10 46 19 31 7 36 114 7 41 19 54 15 0 0 70 9 17 13 3 2 7 12 5 1 36 
1 6 3 1 0 7 4 0 4 1 1 1 0 3 1 7 7 0 2 0 2 2 1 7 0 0 0 2 5 15 0 10 24 2 14 4 30 16 40 3 8 5 61 98 21 72 39 19 11 116 11 8 10 14 1 4 10 4 0 5 2 7 3 3 5 11 2 1 2 3 3 2 5 7 21 8 1 13 43 9 21 18 23 81 41 10 18 56 29 0 0 95 28 19 20 14 7 19 19 3 2 57 
1 8 6 0 1 0 0 3 3 1 0 1 0 2 0 3 2 3 0 0 2 1 1 1 5 0 0 3 5 13 3 6 27 3 5 2 30 15 27 16 7 4 34 70 11 41 19 12 10 51 2 3 13 5 1 2 4 3 0 2 3 5 1 3 5 5 5 0 0 1 1 0 2 1 7 7 1 9 32 18 9 14 9 38 29 20 3 39 42 0 0 72 14 24 11 13 3 24 6 3 5 29 
7 17 8 1 2 5 6 7 0 9 1 3 3 4 3 7 15 7 8 6 3 0 2 31 14 0 0 24 3 39 13 31 159 12 23 26 64 48 160 24 22 11 83 153 51 147 64 48 51 437 20 10 33 9 2 3 12 15 0 18 4 6 1 6 4 16 1 6 2 2 0 5 7 5 33 28 6 19 115 31 23 18 19 112 19 38 35 21 34 0 0 204 31 43 52 37 9 34 36 9 10 280 
3 4 5 0 0 1 0 3 0 2 1 2 5 1 1 1 3 5 3 2 1 0 0 4 1 0 0 6 1 8 5 17 35 8 8 7 35 23 39 22 23 6 64 82 19 45 16 13 12 76 6 1 12 4 2 2 4 2 0 2 4 3 1 0 4 1 2 1 0 1 1 0 5 5 13 4 1 10 16 14 2 10 8 30 14 39 29 30 9 0 0 68 16 22 17 16 3 6 12 0 1 62 
0 0 0 0 0 0 0 0 0 0 0 0 0 0 0 0 0 0 0 0 0 0 0 0 0 0 0 0 0 0 0 0 0 0 0 0 0 0 0 0 0 0 0 0 0 0 0 0 0 0 1 0 0 0 0 0 0 0 0 0 0 0 0 0 0 0 0 0 0 0 0 0 0 0 0 0 0 0 0 0 0 0 0 0 0 0 0 0 0 0 0 0 0 0 0 0 0 0 0 0 0 0 
0 0 0 0 0 0 0 0 0 0 0 0 0 0 0 0 0 0 0 0 0 0 0 0 0 0 0 0 0 0 0 0 0 0 0 0 0 0 0 0 0 0 0 0 0 0 0 0 0 0 0 0 0 0 0 0 0 0 0 0 0 0 0 0 0 0 0 0 0 0 0 0 0 0 0 0 0 0 0 0 0 0 0 0 0 0 0 0 0 0 0 1 0 0 0 0 0 0 0 0 0 0 
6 8 10 1 1 3 5 2 5 7 4 1 7 5 3 8 14 11 6 2 0 0 1 5 1 0 0 6 7 33 10 22 60 21 47 20 81 61 148 53 48 11 142 217 55 150 65 38 19 208 8 6 17 15 2 3 9 8 0 7 0 7 1 11 7 5 2 2 1 0 1 1 9 3 10 5 1 8 37 14 18 20 27 80 51 91 58 148 60 0 0 21 45 49 49 75 6 34 42 5 8 122 
1 3 2 0 0 0 0 1 2 0 0 2 2 1 3 1 2 0 0 0 0 0 0 1 0 0 0 0 2 4 1 1 12 5 8 5 30 12 17 13 8 3 31 41 17 37 16 9 5 33 2 5 4 2 0 0 0 5 0 2 2 0 0 0 0 3 0 0 0 0 1 0 2 1 6 1 1 2 6 1 5 2 5 24 4 28 14 24 20 0 0 51 3 9 6 7 0 4 9 1 5 24 
2 1 2 0 1 1 0 0 0 0 0 2 1 4 1 1 0 1 0 0 0 1 0 2 0 0 0 1 4 11 1 11 12 7 9 8 26 14 23 11 9 4 25 60 18 41 14 9 10 61 6 4 2 5 1 2 4 7 0 1 0 2 0 2 1 5 1 0 0 0 0 0 0 0 6 6 2 5 30 11 13 6 9 46 26 29 24 55 27 0 0 99 7 3 3 22 0 7 17 0 2 58 
0 2 0 0 2 3 1 1 0 1 0 1 0 1 0 1 2 0 0 0 0 0 0 1 1 0 0 2 2 6 1 6 10 8 5 0 13 6 27 2 8 3 26 30 12 35 17 12 11 46 2 0 8 2 2 1 2 6 0 3 0 2 0 0 1 0 0 0 0 0 0 0 0 0 2 1 0 0 23 6 8 5 4 21 9 21 19 41 12 0 0 58 8 7 0 9 4 11 6 3 2 46 
0 1 4 0 0 0 0 3 0 1 0 4 1 3 1 1 1 0 0 0 0 0 0 1 1 0 0 2 5 4 1 9 20 3 5 7 29 6 20 12 11 3 69 85 36 46 23 10 9 70 4 5 5 0 0 2 1 5 0 1 0 1 0 1 1 1 0 0 0 0 0 0 2 2 5 1 2 2 12 3 9 10 0 23 8 24 4 61 16 0 0 129 18 16 12 5 1 13 4 1 2 54 
2 0 0 0 0 0 0 0 0 0 0 0 1 1 1 0 0 0 0 0 0 0 0 0 0 0 0 0 0 1 2 0 4 1 3 0 1 4 5 6 3 1 0 21 9 6 3 0 0 5 1 0 1 0 1 0 0 0 0 0 0 0 0 0 0 0 0 0 0 0 0 0 0 0 1 0 0 0 2 0 1 1 2 7 3 9 1 15 4 0 0 17 4 0 1 3 1 1 5 0 0 10 
0 3 0 0 0 1 0 0 1 0 0 2 0 1 0 0 0 0 0 0 0 1 0 2 1 0 0 0 0 4 4 2 7 3 3 4 11 4 24 4 7 3 22 42 20 34 18 6 4 58 3 1 1 4 0 0 1 1 0 1 0 0 0 1 3 0 0 0 0 0 0 0 1 1 6 6 3 4 25 4 9 5 13 20 13 22 5 41 5 0 0 66 14 16 15 13 0 5 4 0 3 55 
4 1 2 0 0 0 1 0 0 0 0 0 0 0 0 2 0 0 1 0 0 0 0 0 1 0 0 0 0 11 4 1 13 0 2 4 31 9 28 6 4 0 27 40 28 39 22 14 17 61 3 1 8 0 1 0 3 0 0 2 1 0 0 0 0 1 0 0 1 1 0 1 0 0 0 2 0 8 19 6 5 5 6 18 2 22 15 48 12 0 0 60 13 6 20 11 1 4 7 1 1 27 
0 1 0 0 0 0 0 0 0 0 0 0 0 0 0 0 0 0 0 0 0 0 0 1 0 0 0 1 0 1 0 2 2 0 0 1 7 4 7 1 4 0 4 16 15 16 3 1 1 9 2 0 1 0 0 0 0 2 0 0 0 0 0 1 0 0 0 0 0 0 0 0 0 0 0 2 0 0 4 0 0 1 3 3 1 9 4 13 0 0 0 19 0 2 1 5 0 5 2 0 0 12 
1 0 0 0 0 0 0 0 0 0 0 0 0 0 2 0 0 0 0 0 0 0 0 0 0 0 0 0 0 0 0 1 3 0 1 3 2 1 4 0 1 0 5 7 4 5 7 3 1 14 0 0 1 0 0 0 1 0 0 1 0 0 0 0 0 0 0 0 0 0 0 1 1 0 0 1 1 0 2 2 0 0 1 4 1 6 1 13 7 0 0 10 1 0 9 2 1 1 1 0 0 0 
13 18 8 2 1 5 6 10 6 2 3 5 9 7 8 10 22 4 2 0 4 1 1 11 5 0 0 14 4 27 13 34 77 12 17 17 70 49 95 47 52 14 147 127 76 125 110 45 67 316 23 16 28 11 3 2 5 9 0 6 1 1 0 1 3 10 2 0 0 0 6 3 3 5 30 6 1 8 35 27 21 22 20 77 20 59 42 370 85 0 0 171 27 67 72 81 11 59 28 3 4 18 
