3 8 5 1 5 13 5 12 8 9 3 11 13 17 14 16 13 8 5 4 1 3 2 6 2 0 0 4 0 3 1 3 3 1 2 0 0 2 4 11 3 1 1 1 1 1 2 2 6 10 0 1 1 3 0 0 2 4 0 0 0 1 2 1 2 2 3 1 0 0 0 0 0 3 0 0 0 0 2 1 0 0 2 1 3 1 0 16 0 0 0 2 0 0 0 1 0 0 0 0 0 0 
5 3 8 17 17 44 13 28 30 19 5 24 34 23 24 22 12 10 12 17 15 6 3 11 4 0 0 4 6 7 1 4 8 5 6 1 0 9 7 12 3 0 3 4 4 2 5 7 1 19 0 2 4 6 0 0 2 5 0 7 2 0 1 5 5 4 0 0 0 1 2 2 0 7 1 1 0 2 12 2 0 0 3 1 2 3 2 22 5 0 0 0 0 2 1 0 0 0 0 0 0 0 
9 6 1 10 6 26 10 12 18 19 2 15 13 14 16 9 14 6 12 4 3 6 3 3 3 0 1 3 4 0 2 4 5 1 1 2 0 0 6 4 3 0 1 1 4 6 0 2 6 10 2 2 4 1 0 1 0 4 0 3 1 0 0 3 4 2 1 1 0 0 1 0 0 2 0 0 0 2 8 3 2 2 1 0 0 2 2 12 2 0 0 1 0 0 0 3 0 0 0 0 0 1 
0 3 6 0 2 2 5 0 2 3 5 0 0 4 6 2 3 1 1 4 0 0 0 2 0 0 0 1 1 1 0 0 2 0 0 0 0 1 0 1 0 0 0 0 0 1 1 0 1 4 0 0 0 0 0 0 1 0 0 1 0 0 0 0 2 0 0 0 0 0 0 0 0 0 0 1 0 0 0 0 0 0 0 0 0 1 1 1 0 0 0 0 0 0 0 0 0 0 0 0 0 0 
2 7 2 1 0 0 0 0 1 2 0 6 6 4 3 10 5 3 2 0 0 1 0 1 0 0 0 1 1 0 2 0 0 1 0 0 0 1 3 1 1 0 1 0 1 0 0 1 0 2 0 2 0 0 2 1 0 0 0 1 0 0 0 0 0 1 0 1 0 1 1 0 0 1 0 2 0 0 1 0 1 0 0 0 0 0 0 2 1 0 0 0 0 0 0 0 0 0 0 0 0 0 
17 14 30 16 3 1 7 13 10 6 3 19 25 15 24 13 12 4 11 4 5 6 13 8 4 0 1 5 2 0 2 3 4 1 1 1 0 5 4 4 2 0 1 0 6 2 1 2 1 12 2 3 3 1 3 0 3 0 0 4 0 0 0 0 4 8 0 1 2 3 1 2 0 2 1 2 0 0 3 0 3 0 0 2 0 4 1 5 0 0 0 0 2 0 0 0 0 2 1 0 2 2 
15 17 17 15 8 8 4 7 13 10 9 8 26 12 23 24 15 5 9 4 4 1 8 6 3 0 0 6 15 4 1 1 1 1 2 1 0 1 6 13 5 0 1 2 5 3 4 0 2 5 4 0 2 0 5 1 1 9 0 0 0 0 0 1 4 1 2 4 0 0 1 0 0 0 4 3 0 3 5 0 1 1 0 0 1 0 2 7 4 0 0 0 0 0 0 1 0 0 0 1 0 0 
11 19 21 12 5 27 15 0 8 11 3 16 17 22 19 23 13 7 5 12 11 10 6 10 3 0 1 11 3 0 0 3 0 1 0 1 0 1 7 7 3 3 3 0 4 4 5 2 15 11 5 0 9 4 2 1 1 2 0 0 0 0 0 1 5 2 1 0 0 1 0 2 2 0 1 1 0 0 2 2 1 2 0 2 3 2 1 8 1 0 0 2 0 0 0 0 0 0 0 0 0 1 
26 36 24 10 6 11 19 9 7 0 6 31 22 23 32 42 15 15 6 8 5 11 5 11 7 1 0 12 6 2 0 2 2 1 1 0 1 5 8 11 6 1 1 0 6 8 0 7 2 10 1 1 0 5 2 0 0 2 0 2 0 0 0 2 5 2 1 0 0 1 1 1 1 1 4 1 0 2 4 0 2 0 0 0 2 0 2 7 3 0 0 1 0 0 0 2 0 1 1 0 0 0 
10 14 14 4 3 13 7 4 3 2 5 13 19 10 11 20 10 14 8 4 4 6 7 13 5 0 1 5 2 6 2 4 0 0 0 0 0 1 4 12 3 2 0 2 2 6 1 5 0 8 4 1 9 5 1 1 5 12 0 2 0 0 0 0 2 6 0 3 2 4 2 1 1 2 5 6 0 7 7 0 1 0 2 1 0 4 2 3 2 0 0 0 0 0 1 0 0 1 0 1 0 0 
4 5 9 0 1 0 2 10 0 2 1 4 10 3 6 10 7 4 9 3 4 9 2 3 1 0 0 2 3 3 0 0 0 0 0 0 0 0 3 5 3 0 0 0 1 5 2 1 1 6 2 1 0 0 0 1 0 2 0 0 0 0 1 1 0 2 0 0 0 0 1 0 0 0 0 3 0 1 3 1 2 0 0 0 0 0 0 0 1 0 0 1 0 0 0 0 0 0 0 0 0 0 
21 43 39 7 7 30 26 31 24 13 8 3 24 15 22 50 20 19 16 5 13 15 14 33 6 0 3 13 4 8 2 12 1 0 1 0 0 0 11 18 6 1 1 0 8 6 5 3 11 13 3 4 3 6 1 1 1 16 0 3 0 1 2 0 3 2 1 3 1 0 2 2 2 1 1 6 0 1 1 1 1 0 0 0 3 0 3 5 4 0 0 12 0 0 2 3 0 0 1 0 0 0 
13 27 24 6 18 31 24 35 36 14 18 11 10 15 20 40 40 30 18 31 28 16 20 38 12 3 1 40 0 10 6 3 7 0 1 2 1 5 4 22 7 0 4 4 10 2 4 1 4 14 3 4 2 4 0 0 4 8 0 3 1 0 1 1 1 3 0 1 0 0 2 2 0 2 0 0 0 2 4 1 0 0 0 1 0 0 1 4 2 0 0 1 1 5 0 1 0 1 5 0 0 0 
38 64 70 13 29 70 80 81 69 50 39 85 48 3 10 32 98 56 53 52 77 41 40 73 22 10 5 69 10 3 2 3 1 1 0 0 1 3 6 15 6 3 0 1 4 7 3 1 1 11 10 7 11 10 7 3 6 23 0 10 1 0 0 0 0 0 0 1 0 0 0 0 0 0 10 6 2 4 21 17 4 0 0 0 0 0 1 2 1 0 0 0 1 4 0 2 0 0 0 0 0 0 
21 45 45 15 9 61 34 26 20 29 18 16 15 6 1 9 12 11 10 12 23 28 32 47 14 6 7 62 1 5 0 3 0 0 0 0 0 1 3 10 3 0 5 1 3 3 0 2 4 3 8 3 3 3 1 0 2 5 0 5 2 0 0 0 0 0 1 0 0 1 1 2 0 0 2 6 0 2 8 3 0 1 0 1 0 0 0 7 2 0 0 3 0 0 0 1 0 0 1 0 0 1 
48 99 86 11 47 122 55 84 90 103 56 108 103 52 33 18 146 118 89 84 139 106 125 186 54 13 38 201 3 53 21 49 37 14 26 25 21 5 10 46 34 3 16 7 22 33 14 17 20 58 19 10 20 18 17 3 16 28 0 5 7 1 5 6 9 11 2 4 3 0 6 2 2 5 8 15 4 15 21 2 2 0 4 0 1 6 2 26 17 0 0 8 0 11 4 8 0 3 2 1 1 3 
16 36 22 0 4 36 29 26 37 24 10 28 27 30 18 42 3 23 27 21 42 33 41 61 14 7 4 58 1 20 6 39 9 9 7 8 5 14 15 21 17 1 6 9 13 6 16 10 13 29 6 1 5 3 0 0 1 8 0 10 0 0 1 4 0 0 0 0 1 0 3 0 2 0 7 5 1 5 15 6 2 0 0 1 0 1 1 11 3 0 0 0 0 1 1 1 0 1 0 0 0 1 
13 21 17 3 4 19 15 14 13 13 7 29 28 9 27 47 25 8 16 25 22 21 46 78 26 11 15 44 0 27 11 6 9 3 10 10 2 5 13 21 14 1 5 5 14 20 8 3 16 32 2 3 2 9 0 2 7 5 0 3 3 0 0 4 0 0 0 0 0 0 0 0 0 0 4 0 0 6 13 2 0 0 1 0 0 2 3 11 4 0 0 1 2 1 0 0 0 1 0 0 0 1 
5 25 14 1 1 27 14 28 23 20 7 18 30 31 18 55 67 32 0 17 31 28 53 39 15 3 10 59 0 20 7 14 3 7 13 7 4 5 17 16 11 2 10 6 10 11 16 6 13 37 2 4 9 3 1 0 6 3 0 2 0 0 2 2 0 0 0 0 0 0 0 0 0 0 2 0 0 3 10 1 0 0 2 0 0 3 3 6 9 0 0 0 1 2 0 0 0 0 0 1 0 0 
8 9 3 4 2 8 12 9 5 4 2 6 10 7 15 16 19 9 10 0 4 3 16 24 12 8 14 60 0 2 0 0 1 0 2 2 1 1 7 6 6 1 1 3 3 1 3 3 0 8 1 0 0 1 0 0 0 5 0 0 0 0 0 0 1 0 0 0 0 0 0 0 0 0 1 1 1 1 1 0 0 0 0 0 0 1 0 1 1 0 0 0 0 0 0 0 0 0 0 0 0 0 
8 8 6 1 7 9 13 14 6 19 3 8 14 10 20 43 26 13 22 3 2 3 62 39 18 13 41 69 1 4 3 4 3 1 5 1 3 1 14 7 6 1 4 0 0 3 5 3 4 7 0 2 1 0 0 0 0 3 0 3 0 0 0 1 0 0 0 0 0 0 0 0 0 0 0 0 0 0 2 0 1 0 2 0 0 1 3 3 2 0 0 0 0 0 0 0 0 0 1 0 0 0 
3 1 1 1 5 12 2 4 8 15 4 5 15 18 9 18 13 21 13 3 3 3 5 13 5 10 16 39 0 8 3 1 0 5 6 1 1 2 6 0 2 0 1 1 0 1 2 0 1 6 0 1 0 1 0 0 0 1 0 0 0 0 0 0 1 0 0 0 0 0 0 0 0 0 0 0 0 1 1 0 0 0 0 0 0 4 0 1 1 0 0 0 0 0 0 0 0 0 0 0 0 0 
3 3 0 1 0 2 0 0 0 1 0 2 5 2 8 9 10 10 7 9 9 3 1 6 3 4 10 25 0 1 0 1 2 1 0 0 2 1 7 3 1 0 1 1 1 1 4 1 1 4 1 2 0 0 0 0 0 0 0 0 0 0 0 0 0 0 0 0 0 0 0 0 0 0 0 0 2 0 0 0 0 0 0 0 1 0 0 2 0 0 0 0 0 0 0 2 0 1 0 0 0 0 
1 1 5 1 0 7 1 2 4 8 4 9 12 5 12 44 21 22 22 11 2 18 12 6 11 16 38 78 0 4 1 3 5 2 3 5 1 3 8 6 4 1 1 4 4 1 4 2 2 5 0 0 0 0 0 1 0 2 0 2 0 0 1 0 0 0 0 3 0 0 0 0 0 0 0 0 0 0 7 0 1 1 0 0 0 0 0 3 1 0 0 0 0 0 0 0 0 0 1 0 0 1 
2 2 1 0 2 1 1 2 1 5 1 7 10 6 6 12 15 9 2 5 9 4 2 2 2 3 9 18 0 2 0 2 4 1 2 0 0 1 3 2 2 0 1 0 2 1 0 4 5 18 0 0 0 0 0 0 1 1 0 0 1 0 1 1 0 0 0 0 0 0 1 0 0 0 0 0 0 1 0 0 0 0 0 0 0 2 1 3 1 0 0 0 0 0 1 0 0 0 0 0 0 1 
1 0 0 1 0 0 0 0 0 0 0 0 4 1 0 0 1 0 1 0 0 0 4 3 2 0 2 3 0 0 0 0 1 0 0 0 0 0 0 0 0 0 0 0 0 0 0 0 0 1 0 0 0 0 0 0 0 0 0 0 0 0 0 0 0 0 0 0 0 0 0 0 0 0 0 0 0 0 0 0 0 0 0 0 1 0 0 0 0 0 0 0 0 0 0 0 0 0 0 0 0 0 
1 1 0 0 0 1 0 2 0 0 0 2 3 2 2 3 0 1 2 2 2 0 1 13 1 0 0 1 0 0 0 1 0 0 0 0 0 0 1 1 0 0 0 0 0 0 0 0 0 0 0 0 0 0 0 0 0 0 0 0 0 0 0 0 0 0 0 0 0 0 0 0 0 0 0 0 0 0 0 0 0 0 0 0 0 0 0 0 0 0 0 0 0 0 0 0 0 0 0 0 0 0 
4 12 3 3 4 5 4 4 0 4 4 7 7 16 26 40 7 12 17 19 20 14 20 30 9 0 16 4 1 3 1 6 5 2 1 1 0 5 8 6 15 2 2 1 4 3 4 2 4 13 2 0 2 0 1 0 0 1 0 0 0 1 0 1 2 1 0 0 0 0 0 0 0 0 1 1 0 2 1 1 1 0 0 0 0 0 2 15 0 0 0 1 0 0 0 2 0 0 0 0 0 0 
90 165 285 29 46 149 97 90 71 41 26 66 60 29 45 39 23 19 15 11 8 15 4 15 2 0 0 5 4 6 4 8 4 3 2 8 3 3 11 28 15 1 1 0 4 16 13 2 7 12 4 4 9 4 2 1 1 8 0 6 2 0 4 10 15 9 6 8 3 0 4 4 0 1 3 2 0 3 13 7 5 2 9 4 3 5 2 9 5 0 0 3 1 2 0 4 1 0 2 0 0 0 
5 7 0 0 3 3 7 1 2 3 12 8 4 1 3 7 14 11 4 2 8 4 2 2 1 0 0 5 2 9 99 138 108 41 52 53 68 78 64 77 44 11 20 18 22 30 19 16 28 60 2 2 3 2 4 0 3 9 0 13 4 3 2 13 14 31 4 12 7 8 10 9 0 0 4 8 0 9 16 5 5 2 2 5 1 5 2 43 13 0 0 5 1 1 2 8 0 6 4 1 0 2 
2 4 2 0 0 2 0 0 2 1 0 2 7 2 1 4 8 18 3 1 2 0 3 3 0 0 0 1 0 76 7 84 66 16 16 39 28 31 27 34 14 6 2 9 6 14 7 0 7 16 0 1 4 2 2 1 1 5 0 4 1 0 1 2 16 12 0 2 0 2 4 7 3 0 0 1 0 1 2 0 1 0 0 2 2 3 3 13 4 0 0 1 2 0 0 3 0 0 0 0 0 0 
5 4 3 0 4 2 1 5 3 1 0 4 8 0 3 13 14 4 2 3 1 2 5 1 3 0 1 7 0 83 45 1 28 15 39 38 45 65 59 69 33 2 23 23 18 23 18 17 24 40 1 2 3 3 2 3 5 13 0 3 3 1 0 10 7 16 6 8 3 5 5 13 1 1 4 3 0 1 7 4 0 0 2 0 1 10 3 27 10 0 0 4 6 5 6 4 0 5 4 1 1 5 
18 13 8 1 3 9 13 3 4 3 6 2 12 4 6 12 37 27 7 4 13 11 5 19 14 3 0 27 2 211 76 68 13 25 57 74 88 95 123 143 91 12 84 59 87 117 87 71 108 485 47 54 35 30 6 2 12 34 0 11 10 2 1 7 17 23 8 12 6 17 16 19 7 14 21 8 1 6 45 9 10 6 8 9 6 20 17 130 53 0 0 32 9 31 19 30 8 21 10 2 4 14 
0 3 2 2 0 4 1 4 0 0 0 1 2 0 1 6 8 5 5 3 1 2 1 4 3 0 0 5 0 98 47 39 17 2 16 19 25 43 70 65 26 4 10 19 17 18 16 17 19 54 0 4 6 4 2 0 5 5 0 6 2 2 0 0 10 18 6 9 4 3 10 10 3 7 3 5 0 6 11 1 3 0 1 0 0 6 2 19 8 0 0 13 5 5 6 8 1 5 3 0 1 0 
4 6 5 1 1 6 9 4 6 0 3 7 1 1 0 4 21 7 7 3 9 1 16 13 3 0 0 12 0 175 56 86 23 11 10 18 35 49 45 110 45 12 37 26 37 53 25 25 32 94 10 5 9 8 5 1 5 21 0 4 2 4 4 8 8 17 6 7 0 17 13 13 3 6 3 3 0 7 13 2 2 0 2 2 0 6 6 20 12 0 0 13 8 15 11 22 2 6 3 0 1 3 
0 3 3 0 1 0 0 2 0 0 0 1 0 1 0 7 8 9 4 1 0 7 8 1 3 0 0 7 0 147 46 69 19 18 12 7 12 37 57 57 27 6 12 12 17 25 19 9 11 37 4 3 1 3 0 1 0 2 0 0 0 0 0 2 22 16 2 6 3 6 6 3 3 3 1 0 0 0 4 1 0 0 1 0 0 1 0 26 6 0 0 8 2 6 1 8 0 4 2 1 0 3 
4 7 11 0 2 8 1 3 3 0 0 4 1 3 0 43 51 29 12 12 25 18 6 20 5 2 2 22 0 364 141 254 99 90 111 123 5 107 190 377 142 42 80 96 121 123 78 63 90 234 13 4 20 15 2 1 7 17 0 1 1 5 13 28 26 36 14 38 9 16 61 43 13 20 3 5 0 4 19 0 2 1 0 2 6 21 24 81 41 0 0 23 10 28 17 38 9 23 21 6 3 4 
2 7 5 1 1 8 6 3 8 2 2 6 8 3 1 3 5 12 14 8 2 10 12 13 2 0 2 9 0 179 49 130 63 42 50 68 19 2 47 155 78 16 47 47 38 73 65 32 35 139 4 8 6 6 0 1 3 2 0 3 0 0 8 8 19 17 6 4 3 4 19 11 4 8 4 3 0 3 7 0 1 0 0 1 2 8 9 36 28 0 0 14 10 8 5 20 4 13 9 5 3 5 
25 50 37 5 17 72 40 50 68 42 22 40 62 19 14 11 100 72 48 57 72 54 46 84 31 7 13 102 4 383 167 383 168 158 167 174 197 104 22 728 357 52 119 128 176 254 119 119 181 475 17 16 42 14 7 16 17 32 0 7 10 5 13 40 68 68 17 42 7 14 32 33 15 22 18 11 0 17 51 16 6 4 10 8 19 39 44 184 49 0 0 70 25 56 28 82 11 39 26 18 5 37 
11 12 7 1 8 20 8 14 12 6 4 16 20 8 2 13 23 8 4 18 7 6 4 16 7 0 2 18 1 81 38 80 42 37 35 34 55 77 180 5 14 17 30 65 51 66 83 44 81 199 2 5 9 8 3 0 6 4 0 0 2 0 2 11 12 19 6 3 1 3 2 5 0 1 3 0 0 6 14 7 14 6 7 13 8 10 9 22 28 0 0 10 4 7 5 30 2 5 3 3 0 4 
6 7 7 0 5 6 5 4 6 5 2 8 2 10 4 2 12 8 5 5 5 2 6 6 3 0 1 8 0 38 14 42 33 17 18 16 30 59 66 20 6 6 15 20 21 39 35 33 37 110 6 4 3 3 2 1 2 2 0 2 0 0 1 14 8 9 2 1 0 1 1 2 2 3 2 1 1 3 9 2 3 1 1 3 5 5 2 27 3 0 0 9 3 9 2 15 3 2 4 1 1 3 
1 3 0 0 0 1 1 1 0 0 1 0 0 0 0 0 1 2 0 1 8 0 1 1 1 0 0 1 0 5 1 13 2 3 4 4 10 10 16 9 7 1 5 6 10 6 16 10 20 19 0 0 0 2 0 0 0 1 0 0 0 0 0 3 1 1 1 1 0 0 0 1 0 0 0 0 0 0 1 1 0 0 1 0 1 6 0 4 6 0 0 0 1 2 1 7 0 6 4 2 0 1 
4 9 6 2 0 6 10 6 3 1 2 7 8 1 3 8 14 9 1 3 2 6 1 9 7 0 0 9 0 45 19 38 26 33 29 18 31 65 76 56 38 7 13 26 38 63 31 88 80 115 0 5 3 11 1 1 3 5 0 4 2 3 5 13 5 5 3 5 0 2 5 3 1 0 7 6 0 20 10 18 18 5 12 37 43 51 32 86 45 0 0 20 36 32 29 69 7 45 28 5 5 18 
1 11 9 3 2 7 3 10 7 5 3 4 0 2 4 8 29 9 8 7 3 8 9 9 9 1 3 18 1 64 23 72 28 30 23 24 34 82 93 157 72 55 29 7 66 157 121 163 214 338 10 6 14 10 4 1 9 8 0 3 0 0 2 1 7 6 3 3 1 1 2 4 1 1 11 9 1 27 41 37 19 7 16 42 63 114 89 120 95 0 0 91 70 98 56 160 11 90 52 13 7 25 
2 10 7 1 2 5 3 1 5 5 2 6 8 3 3 5 12 11 2 6 3 4 4 10 2 0 4 6 0 36 13 47 28 15 11 8 24 63 56 70 18 14 21 55 7 53 56 94 100 157 2 4 4 2 0 2 2 3 0 2 0 0 2 3 3 2 4 6 1 4 6 3 1 6 6 4 2 5 5 12 9 5 8 9 16 23 17 39 14 0 0 19 14 36 9 36 3 27 11 7 3 15 
3 21 7 5 5 14 12 10 9 2 9 12 21 5 10 9 38 23 12 14 5 12 7 17 4 0 1 21 0 61 24 83 56 44 28 38 80 106 116 174 140 32 76 116 106 11 124 366 477 650 12 13 21 6 7 2 4 10 0 3 2 4 1 10 16 6 4 9 5 2 13 2 1 1 12 7 6 6 36 25 15 7 19 52 30 73 56 148 58 0 0 55 39 66 31 101 6 60 50 9 13 22 
2 6 5 0 2 4 2 9 9 2 2 6 8 4 4 4 9 8 10 3 2 8 2 4 6 0 0 4 0 21 12 19 36 7 12 10 24 29 40 54 27 10 11 46 44 35 7 109 83 150 0 1 8 3 0 1 2 9 0 5 0 0 0 5 7 4 3 2 0 0 4 4 2 2 0 10 3 12 7 12 9 4 0 14 7 18 7 81 13 0 0 9 13 17 10 23 4 15 13 1 1 10 
1 2 2 2 4 0 1 5 2 2 1 1 2 1 5 1 20 4 2 1 6 2 0 6 0 0 0 5 0 21 9 15 13 5 11 5 13 28 31 27 20 8 14 37 57 71 48 7 114 182 4 3 0 7 0 0 0 5 0 0 1 1 0 2 6 3 0 0 0 1 4 2 1 3 1 2 1 2 9 5 11 1 7 11 3 9 14 70 13 0 0 20 5 9 8 22 5 18 8 1 4 1 
1 4 3 0 0 3 1 3 1 2 0 1 3 3 0 2 1 6 3 4 4 1 3 4 5 0 0 2 0 13 8 12 21 10 7 9 11 19 27 28 8 7 18 23 18 49 32 55 7 95 1 2 0 2 0 1 0 7 0 0 0 0 1 3 4 1 0 1 0 0 1 1 0 3 3 2 4 3 9 3 2 2 2 3 2 12 6 54 10 0 0 13 2 3 3 7 4 4 6 2 0 9 
21 34 23 5 14 25 20 29 25 25 13 25 37 11 18 17 54 58 24 12 24 21 26 37 28 2 11 45 1 138 58 130 160 87 66 87 133 203 245 282 264 33 122 216 269 417 287 710 1083 29 20 15 33 16 10 6 15 20 0 3 3 11 3 19 33 27 15 15 9 3 17 16 7 10 22 18 4 47 52 39 31 16 43 61 49 112 66 488 84 0 0 66 44 64 67 98 5 94 105 27 17 45 
3 0 0 0 1 2 0 7 0 1 3 2 3 4 5 1 6 2 1 0 0 0 0 3 1 0 0 2 0 15 1 2 2 3 0 0 1 0 2 5 2 0 3 1 3 1 2 3 0 13 1 8 7 17 6 3 5 10 0 9 2 2 4 4 3 2 2 5 1 2 3 2 1 1 5 6 4 4 18 8 4 1 4 8 5 2 2 36 2 0 0 0 1 0 2 4 0 1 1 0 0 2 
1 2 1 0 5 14 0 1 1 1 1 0 5 1 0 2 1 0 2 0 0 0 0 1 0 0 0 0 1 3 2 8 4 4 0 3 0 0 2 3 1 0 4 3 1 6 5 2 3 5 9 5 14 43 9 9 13 21 0 6 4 2 1 6 2 3 2 6 0 2 5 1 2 0 7 3 0 6 48 4 2 0 8 7 1 2 1 39 3 0 0 2 1 3 4 1 0 5 0 0 0 0 
4 5 10 0 3 3 0 2 4 0 2 1 6 2 3 9 3 1 1 2 2 0 2 2 3 2 0 1 0 7 3 3 4 6 3 3 3 1 5 9 5 0 3 3 3 11 6 4 4 14 93 34 2 34 33 10 23 51 0 12 2 0 2 5 3 13 1 7 3 7 2 12 4 1 11 4 2 23 48 7 9 2 8 17 4 11 5 37 12 0 0 4 3 2 4 1 0 5 4 3 0 1 
2 2 3 0 5 3 2 2 3 1 0 3 1 3 0 13 4 6 0 1 1 2 2 3 0 0 0 0 1 4 3 4 1 2 1 2 3 0 4 0 1 2 3 2 1 5 1 1 3 9 18 10 9 2 7 7 10 14 0 15 1 0 0 6 7 7 1 1 1 4 0 4 0 1 3 1 1 6 19 4 11 1 3 6 6 10 1 15 3 0 0 1 0 3 2 1 1 0 5 0 0 0 
0 1 0 0 1 0 0 2 0 0 0 2 2 0 2 2 0 0 0 0 0 0 0 0 0 0 0 1 0 5 3 3 1 7 0 0 0 4 1 1 0 0 0 1 1 0 0 0 0 4 2 2 2 1 4 0 1 3 0 0 2 0 0 2 0 2 0 0 0 0 0 1 0 0 2 2 0 2 8 2 3 0 2 2 3 3 0 3 0 0 0 0 0 0 3 1 0 0 1 0 0 1 
0 0 2 1 1 1 1 0 0 1 0 0 0 0 0 1 1 2 0 1 0 0 0 0 2 0 0 0 0 0 0 0 1 0 0 0 0 0 0 0 3 0 1 0 2 1 0 0 0 0 9 2 2 1 2 0 4 3 0 1 0 0 1 4 2 1 1 0 1 0 1 0 1 0 5 1 0 1 5 0 1 0 2 0 0 0 0 4 0 0 0 0 1 1 0 0 0 0 1 0 0 0 
0 4 1 0 0 2 1 2 0 1 0 3 0 0 1 2 3 0 2 0 1 1 0 1 2 1 1 0 0 6 0 4 0 0 3 3 1 0 2 0 0 0 1 1 2 4 1 2 1 3 17 5 7 12 7 0 2 0 0 8 2 0 1 5 4 15 0 8 0 5 4 7 0 1 5 5 1 7 14 5 0 0 4 8 7 5 0 10 1 0 0 0 0 1 4 1 0 2 0 0 0 1 
3 3 3 1 2 11 3 6 2 3 3 1 10 0 7 6 5 4 3 3 1 0 1 4 2 0 0 1 0 4 6 10 5 7 5 6 2 3 1 4 2 0 4 4 1 1 4 10 0 10 40 20 25 32 12 17 6 1 0 14 6 0 5 12 8 20 7 7 4 6 8 7 12 2 34 40 1 26 54 20 12 19 11 25 25 15 3 20 1 0 0 2 1 2 2 3 1 2 3 1 0 3 
0 0 0 0 0 0 0 0 0 0 0 0 0 0 0 0 0 0 0 0 0 0 0 0 0 0 0 0 0 0 0 0 0 0 0 0 0 0 0 0 0 0 0 0 0 0 0 0 0 0 0 0 0 0 0 0 0 0 0 0 0 0 0 0 0 1 0 0 0 0 0 0 0 0 0 0 0 0 0 0 0 0 0 0 0 0 0 0 0 0 0 0 0 0 0 0 0 0 0 0 0 0 
9 4 8 0 3 8 4 8 1 3 7 1 9 4 7 11 7 2 1 0 9 5 2 6 1 0 1 5 1 11 1 9 1 6 4 1 0 0 2 3 0 0 0 2 1 4 0 1 2 5 13 13 18 15 9 1 17 28 0 7 1 2 1 9 13 16 4 7 4 11 10 17 3 7 10 7 4 31 29 8 4 5 3 3 11 7 5 7 4 0 0 0 0 1 1 1 0 2 2 0 0 1 
1 0 0 1 0 1 0 0 0 0 0 1 1 0 0 2 0 0 0 0 0 0 0 1 1 0 0 1 0 6 0 3 0 2 0 0 0 0 1 1 0 1 1 0 0 0 0 0 0 1 3 2 6 4 5 1 5 5 0 4 1 0 1 1 1 8 0 7 1 4 5 6 2 1 3 2 0 1 6 2 0 0 0 2 0 0 1 2 1 0 0 0 0 0 1 0 0 0 1 0 0 0 
3 1 1 0 0 4 2 0 1 1 3 1 0 0 0 1 2 1 0 2 0 0 0 0 0 0 0 0 0 3 2 11 1 0 5 5 1 1 6 10 2 0 0 4 3 1 1 6 4 4 0 1 3 2 2 0 4 5 0 5 1 0 0 8 5 7 1 6 4 6 9 6 0 2 5 0 0 1 10 1 2 2 3 3 0 0 0 5 0 0 0 2 2 2 0 1 0 0 0 0 0 0 
1 2 2 0 0 2 0 3 0 2 1 0 2 0 0 4 0 0 0 0 0 0 0 0 0 0 0 0 0 2 2 6 0 1 0 2 2 0 3 3 1 0 0 2 1 1 0 2 1 3 1 2 3 4 1 3 1 3 0 1 2 0 0 0 3 4 4 1 2 2 1 2 0 1 2 4 3 1 5 1 9 0 2 4 0 2 1 2 0 0 0 0 0 0 0 0 0 1 0 0 0 0 
2 7 3 0 0 5 8 2 5 2 1 4 1 1 1 2 4 0 0 0 0 1 1 0 1 0 2 2 0 20 8 3 0 1 4 9 10 8 12 10 7 1 2 7 4 6 7 8 3 7 9 13 12 14 2 1 13 23 0 11 6 0 2 3 7 28 18 13 5 21 23 25 3 19 15 22 0 9 24 9 11 1 5 5 0 2 2 7 1 0 0 0 1 0 0 2 0 0 1 2 0 0 
6 6 0 5 1 5 2 6 7 1 1 0 0 0 1 1 1 0 0 0 0 0 1 0 0 0 1 2 0 16 6 7 1 2 2 6 2 2 4 8 3 1 0 2 4 5 1 3 2 5 0 3 8 3 3 2 8 15 0 11 1 5 5 13 2 17 7 12 7 27 35 29 13 14 3 4 3 8 17 2 4 2 1 1 2 1 0 3 3 0 0 2 1 0 0 0 0 0 1 0 0 0 
2 3 4 0 0 10 9 8 3 1 1 4 3 0 0 0 0 0 0 0 0 0 0 0 1 0 1 0 1 25 16 8 5 8 6 5 2 3 4 10 3 0 2 1 7 6 5 5 7 21 11 14 6 8 9 1 9 15 0 22 5 0 10 12 18 2 7 15 11 27 40 38 9 33 2 3 0 5 28 7 12 5 7 4 7 5 3 4 2 0 0 1 1 1 2 1 4 0 0 1 0 1 
4 3 0 0 0 2 1 4 0 0 0 0 0 0 1 0 0 0 0 0 0 0 0 0 0 0 0 0 0 6 5 5 2 4 2 2 0 0 6 1 0 1 2 0 0 2 4 2 2 5 2 1 16 17 1 0 5 7 0 11 4 0 4 1 13 5 0 2 5 3 22 24 8 4 0 0 0 2 17 1 0 1 1 0 0 2 0 1 1 0 0 1 0 0 0 0 0 0 0 0 0 0 
2 0 3 0 0 3 3 1 4 2 1 1 1 0 0 0 0 0 1 0 0 0 0 0 0 0 0 0 0 12 2 5 3 2 4 2 1 0 2 1 1 0 0 0 1 3 4 2 5 8 5 4 11 9 7 0 3 7 0 8 2 1 4 1 14 8 5 0 2 13 31 36 12 15 4 2 0 4 12 2 4 0 0 0 3 2 2 2 1 0 0 0 0 0 0 0 0 0 0 0 0 0 
2 0 2 0 0 1 0 0 0 0 0 0 1 0 1 2 0 0 0 0 0 0 0 0 0 0 0 0 0 4 0 1 8 0 2 2 1 1 0 2 0 0 2 1 4 1 6 0 1 2 0 1 1 1 0 0 2 12 0 0 2 0 9 2 5 8 8 4 0 2 20 23 1 10 0 1 0 1 0 1 0 0 1 1 0 0 2 0 4 0 0 0 2 0 1 0 0 0 0 0 0 0 
0 1 0 0 0 0 1 1 0 1 0 1 0 1 0 0 0 0 0 0 0 0 0 0 0 0 0 1 0 5 1 2 2 1 1 3 1 0 2 0 0 0 1 2 1 1 1 0 2 2 6 7 8 2 3 0 1 3 0 6 5 2 4 3 9 12 7 4 1 1 29 30 9 21 0 1 1 4 8 1 3 1 3 4 2 0 0 0 1 0 0 0 0 0 0 0 0 0 0 0 0 0 
0 0 2 0 2 3 3 0 0 2 1 3 1 0 2 1 0 1 0 0 0 0 0 0 0 0 0 0 0 5 2 2 1 6 2 1 1 1 10 4 1 1 1 2 1 2 4 0 1 7 4 0 0 8 0 0 1 3 0 3 3 0 0 1 21 27 12 15 3 8 5 14 8 24 4 1 0 1 10 2 2 1 2 0 1 1 2 7 3 0 0 1 0 0 0 0 0 0 0 0 0 0 
2 5 0 2 3 2 0 1 2 3 1 5 2 1 1 0 0 0 0 0 0 0 0 0 0 0 0 0 0 15 2 1 7 11 5 3 12 4 8 7 6 1 1 1 2 0 2 1 3 10 1 1 2 3 3 0 3 2 0 12 3 1 6 23 13 14 10 31 16 22 116 3 47 30 3 2 0 1 20 3 0 2 3 3 1 3 0 3 0 0 0 1 0 1 0 4 0 1 0 0 0 1 
1 0 1 0 0 1 0 1 2 2 0 0 0 0 0 0 1 1 0 0 0 1 0 0 0 0 0 1 0 0 3 2 1 3 3 2 0 1 2 1 0 0 0 3 1 1 1 0 2 2 2 3 3 0 0 1 2 3 0 3 3 0 2 17 5 12 4 3 9 9 3 11 1 3 0 2 0 0 4 1 3 0 0 3 0 0 1 1 0 0 0 0 0 0 0 0 0 0 0 0 0 1 
3 2 3 0 1 1 3 2 0 0 2 3 0 0 0 0 2 0 0 0 0 0 0 0 0 0 0 0 0 1 0 2 1 4 3 1 8 3 3 0 4 0 1 0 2 1 0 0 2 5 4 5 5 3 2 0 3 5 0 8 4 2 3 1 7 17 3 11 3 13 12 20 2 0 5 0 0 5 13 3 7 0 1 0 0 0 0 4 0 0 0 0 0 1 0 0 0 0 1 0 0 0 
0 0 0 0 1 3 0 0 0 0 1 1 4 2 1 3 0 1 0 0 0 0 0 0 0 0 0 3 0 3 0 2 2 0 0 0 0 0 1 2 1 0 7 0 1 6 2 4 4 6 4 2 5 1 0 0 0 9 0 3 1 0 0 2 1 3 1 1 1 0 0 0 3 3 1 9 1 7 11 5 7 4 5 18 2 7 4 21 2 0 0 0 2 4 1 5 0 3 0 0 0 1 
1 0 0 0 0 0 0 1 0 0 0 0 1 0 2 1 0 0 1 2 0 0 0 0 0 0 0 0 0 2 0 3 1 0 0 1 0 0 1 2 0 0 0 2 2 1 3 4 2 5 1 1 2 2 2 0 2 11 0 0 0 0 0 3 0 6 0 0 0 1 0 3 1 1 6 1 1 3 23 0 4 4 8 17 3 6 2 18 0 0 0 1 2 3 1 0 0 1 3 1 0 1 
0 0 0 0 0 0 0 1 0 1 0 0 0 0 2 0 0 0 0 0 0 1 1 0 0 0 0 0 0 1 1 2 0 0 0 0 0 0 0 1 0 0 0 3 0 0 0 0 0 1 1 0 1 1 1 1 0 4 0 0 0 0 2 1 1 0 1 0 0 1 0 0 0 0 4 3 1 2 8 4 4 0 1 5 6 3 4 1 0 0 0 0 0 0 0 0 0 0 0 0 0 0 
0 1 3 0 0 1 3 1 2 0 1 0 0 5 0 1 0 2 1 0 0 0 1 0 0 0 0 1 0 3 1 1 4 0 1 3 1 0 1 5 2 0 1 2 2 0 6 5 1 3 3 3 4 4 1 0 3 9 0 3 2 0 0 0 2 2 2 2 0 0 0 1 0 0 9 10 8 0 14 4 4 3 11 26 9 13 6 14 3 0 0 3 3 3 0 3 2 6 5 2 0 0 
11 31 10 3 12 30 20 9 17 22 8 10 11 11 21 25 10 5 4 5 3 10 6 16 6 1 4 12 3 24 10 17 13 19 8 3 6 2 14 18 7 3 12 34 20 15 17 23 14 57 131 85 143 116 83 42 99 106 0 52 11 4 13 19 25 51 10 20 20 24 27 27 8 14 333 287 123 136 12 85 160 47 123 139 77 38 31 108 27 0 0 20 3 18 14 23 1 13 16 2 3 10 
1 4 1 0 1 4 1 2 0 4 0 1 1 0 0 0 0 1 1 0 0 0 0 1 0 0 1 1 0 4 0 2 2 1 1 1 0 0 1 1 0 0 5 5 2 6 6 3 1 3 2 3 1 6 2 4 0 3 0 4 1 0 1 5 3 3 0 2 0 0 3 4 0 3 21 15 13 7 17 1 11 7 16 21 13 12 4 24 3 0 0 6 0 4 5 1 1 1 8 0 1 0 
1 2 1 1 0 0 0 0 0 0 0 0 0 0 0 0 0 0 0 0 0 0 0 1 0 0 0 2 1 0 1 2 1 0 0 0 0 1 0 0 3 0 2 2 3 0 0 4 2 8 4 0 2 8 2 0 1 4 0 1 0 1 0 0 0 3 1 0 1 0 1 1 1 0 12 14 2 9 24 9 7 0 3 18 17 7 6 23 3 0 0 1 2 4 3 10 1 7 2 0 2 1 
0 0 0 0 0 1 2 3 0 0 0 0 1 0 0 0 1 0 0 0 0 0 0 0 0 0 0 1 0 1 0 0 0 1 0 0 0 0 1 9 3 1 5 5 5 6 2 2 3 12 3 1 2 3 0 1 0 3 0 2 0 0 0 0 2 4 1 0 0 0 1 0 0 1 11 4 2 8 10 8 4 0 3 9 7 5 2 17 5 0 0 7 1 6 8 3 0 3 6 0 0 0 
0 1 0 1 0 0 1 1 0 2 0 0 0 0 0 0 1 0 0 0 0 0 0 0 0 0 0 0 0 0 2 2 3 0 0 0 0 2 1 2 1 2 2 4 2 3 3 8 6 23 2 2 1 4 0 0 4 3 0 3 1 1 0 1 0 1 0 0 0 1 2 1 0 2 9 11 3 8 14 15 1 0 1 18 8 6 7 22 1 0 0 5 1 4 0 3 1 5 3 1 0 0 
6 10 3 1 2 5 4 6 3 6 1 3 1 0 1 3 1 0 0 0 0 0 1 1 1 0 0 3 1 5 0 0 1 2 0 0 1 1 5 14 13 4 19 20 13 24 21 14 15 43 10 16 33 22 5 6 19 23 0 6 3 6 2 1 6 8 1 0 1 0 9 2 2 5 77 46 25 79 131 81 118 38 170 5 100 53 28 93 26 0 0 11 14 36 27 18 3 18 18 8 6 9 
0 1 2 0 0 3 4 0 0 0 1 0 0 0 0 0 1 0 0 0 1 0 0 0 0 0 0 0 0 2 0 1 0 1 0 0 0 3 5 9 4 0 10 8 4 5 7 8 8 17 4 3 6 6 2 3 8 6 0 1 0 0 3 2 0 1 0 0 0 1 5 1 0 2 12 10 1 21 28 33 23 11 27 24 1 36 11 45 15 0 0 7 8 10 7 12 3 11 7 3 2 4 
3 0 4 0 1 2 2 5 2 2 0 1 4 0 2 0 2 2 1 0 0 3 0 1 3 0 0 2 0 13 8 6 9 1 2 2 2 17 17 7 13 12 19 36 18 18 33 26 12 81 16 10 12 7 2 3 9 7 0 9 1 0 1 6 5 2 3 1 0 3 1 3 5 3 12 16 1 12 29 27 27 12 25 48 50 6 7 41 31 0 0 9 19 23 10 38 2 22 23 5 9 5 
0 0 0 0 1 1 0 1 0 1 0 1 1 0 1 0 3 5 2 1 1 2 0 0 1 0 0 1 0 5 4 5 3 1 2 0 2 5 12 10 3 1 10 9 5 16 11 14 18 37 2 0 4 1 3 3 4 4 0 2 0 0 0 1 12 3 2 1 0 1 1 0 0 1 5 10 1 7 16 9 21 7 12 20 17 7 6 27 21 0 0 8 11 23 7 12 7 14 5 6 0 3 
18 14 9 0 3 11 9 10 8 1 2 7 2 5 7 6 16 14 5 0 4 2 6 8 10 2 2 15 1 46 14 40 38 15 19 10 23 48 56 25 13 11 112 90 64 156 169 144 158 532 38 23 41 17 5 4 22 21 0 14 5 0 0 8 5 9 1 4 1 6 3 4 3 5 36 16 8 31 68 28 56 21 62 87 83 84 51 11 62 0 0 87 33 81 43 104 13 57 55 11 6 54 
0 1 2 0 1 1 0 2 0 2 1 0 1 0 0 2 1 4 0 1 0 4 2 1 1 0 0 4 0 6 0 8 5 2 1 2 6 10 6 12 7 2 20 13 5 13 12 12 11 30 2 0 3 6 3 2 2 1 0 2 0 1 0 1 1 2 1 0 0 0 2 2 0 0 4 5 1 10 9 9 9 7 7 14 14 21 9 20 1 0 0 15 3 24 5 15 3 14 11 0 6 4 
0 0 0 0 0 0 0 0 0 0 0 0 0 0 0 0 0 0 0 0 0 0 0 0 0 0 0 0 0 0 0 0 0 0 0 0 0 0 0 0 0 0 0 0 0 0 0 0 0 0 0 0 0 0 0 0 0 0 0 0 0 0 0 0 0 0 0 0 0 0 0 0 0 0 0 0 0 0 0 0 0 0 1 0 0 0 0 0 0 0 0 1 1 0 0 0 0 0 0 0 0 0 
0 0 0 0 0 0 0 0 0 0 0 0 0 0 0 0 0 0 0 0 0 0 0 0 0 0 0 0 0 0 0 0 0 0 0 0 0 0 0 0 0 0 0 0 0 0 0 0 0 0 0 0 0 0 0 0 0 0 0 0 0 0 0 0 0 0 0 0 0 0 0 0 0 0 0 0 0 0 0 0 0 0 0 0 0 0 0 0 0 0 0 0 0 0 0 0 0 0 0 0 0 0 
4 9 5 1 3 13 7 13 16 9 3 9 10 9 7 15 19 10 4 9 3 1 5 10 3 0 1 5 1 55 20 48 39 26 20 39 49 83 115 85 53 17 68 140 58 147 99 128 208 308 4 14 18 15 2 0 14 23 0 11 1 1 4 15 14 11 0 13 0 2 7 15 4 6 8 8 2 27 65 34 39 20 38 96 75 123 98 312 156 0 0 9 80 133 48 388 27 207 90 22 21 68 
0 1 0 0 0 1 0 0 0 1 0 0 1 0 0 0 0 0 1 0 0 1 0 1 0 0 0 4 0 1 2 0 3 0 4 1 1 6 6 15 1 0 10 9 7 12 12 7 20 7 1 0 2 3 0 0 0 2 0 0 0 0 0 0 1 0 0 0 1 0 0 1 0 0 5 4 0 9 1 3 3 3 4 12 7 12 8 31 14 0 0 10 2 3 4 28 3 17 8 0 0 4 
1 0 4 0 0 0 0 1 1 2 1 1 0 1 1 1 1 0 0 0 1 0 2 0 0 0 0 0 0 3 0 6 3 5 1 2 3 9 11 11 8 1 19 12 11 12 17 21 17 29 5 6 5 0 1 2 4 3 0 1 0 0 0 0 2 1 0 0 0 0 0 0 0 1 5 2 1 10 22 10 14 7 17 16 25 17 14 42 21 0 0 19 5 4 3 53 1 36 23 6 3 11 
0 2 0 0 1 3 0 0 0 0 1 1 1 0 1 0 0 1 0 0 0 0 0 0 0 0 0 0 0 3 0 4 2 1 4 7 2 6 14 7 7 2 5 9 4 11 21 11 12 55 1 1 1 4 1 5 1 0 0 5 0 0 1 0 0 0 0 0 0 1 0 0 0 0 3 3 3 1 11 11 10 5 2 9 5 14 8 28 10 0 0 8 7 9 3 27 2 13 9 12 3 14 
0 1 2 0 0 3 1 5 1 0 0 2 0 1 2 0 2 0 0 2 1 0 0 1 1 0 0 0 0 3 0 3 6 3 3 4 4 3 7 11 11 1 19 13 15 11 10 15 12 34 3 1 3 1 2 0 1 3 0 2 0 0 1 0 1 0 0 0 0 0 0 2 0 0 6 2 0 8 11 8 1 0 4 13 9 12 8 65 16 0 0 24 14 16 7 6 5 23 12 4 2 12 
0 0 0 0 0 0 0 0 0 0 0 0 0 0 0 0 0 0 0 0 0 0 0 0 0 0 0 1 0 1 0 1 0 1 0 0 1 0 0 2 0 0 0 1 3 1 2 2 1 3 0 0 0 0 1 1 1 0 0 0 0 0 0 0 0 0 0 0 0 0 0 1 0 0 0 0 0 0 4 0 1 0 1 0 2 3 1 9 3 0 0 2 0 0 1 2 0 0 2 0 1 2 
0 0 0 0 0 0 0 0 0 0 0 2 1 0 1 0 0 0 0 1 0 0 0 0 0 0 0 0 0 1 0 2 1 1 2 3 0 2 6 2 1 0 4 10 9 6 9 10 4 23 3 4 1 2 0 0 0 2 0 2 0 0 0 0 0 1 0 0 0 0 0 1 0 0 4 1 1 4 5 6 8 4 6 5 4 10 8 23 8 0 0 4 4 2 0 6 0 3 0 1 4 7 
0 1 1 0 0 0 1 1 2 0 0 0 0 0 0 2 0 2 0 2 0 1 0 0 0 0 0 0 0 4 4 3 3 0 2 3 3 17 11 7 4 2 12 14 6 10 10 11 12 41 1 1 7 0 0 0 1 3 0 0 0 0 0 1 0 0 0 0 0 0 0 0 0 0 4 6 0 3 5 5 4 4 7 9 12 12 5 30 13 0 0 12 4 11 6 5 2 4 4 5 4 2 
0 0 0 0 0 0 0 0 0 0 0 0 0 0 0 0 0 0 0 0 0 0 0 0 0 0 0 0 0 0 0 0 0 0 0 0 0 3 0 1 0 0 1 5 3 2 0 5 1 3 0 0 0 0 0 0 0 0 0 0 1 0 0 0 0 0 0 0 0 0 0 0 0 0 1 0 0 0 1 0 2 0 1 0 6 1 0 7 2 0 0 4 0 0 0 2 1 1 1 0 0 0 
2 0 0 0 0 0 0 0 0 0 0 0 1 0 1 0 1 0 1 0 0 0 0 0 0 0 0 0 0 3 0 0 3 0 0 0 0 1 0 1 1 0 5 4 1 0 1 3 1 5 0 0 0 1 0 0 0 1 0 0 0 0 0 0 0 0 0 0 0 0 0 0 0 0 1 3 0 2 1 1 0 1 1 1 2 0 1 8 3 0 0 2 0 0 0 2 0 3 2 0 0 0 
5 6 3 0 2 2 3 2 2 4 0 1 2 2 4 1 3 2 1 1 1 0 2 1 0 0 0 5 0 14 3 17 14 10 10 9 25 21 16 21 11 2 29 19 13 22 15 20 16 53 6 3 6 10 1 0 2 5 0 1 0 1 0 1 1 1 0 4 0 2 4 0 0 1 7 2 1 5 14 17 4 8 5 19 24 20 12 58 36 0 0 21 5 31 25 25 2 21 5 4 0 7 
