7 9 34 16 16 44 37 20 48 43 28 37 120 120 92 52 63 41 32 31 8 8 19 68 43 4 1 43 13 0 2 2 20 2 7 9 7 9 14 25 33 2 19 21 15 28 9 8 7 56 11 7 8 5 17 7 4 5 0 1 1 8 2 3 37 17 10 2 1 1 1 2 7 19 0 2 0 9 13 2 2 3 3 2 0 7 3 40 7 0 0 9 4 5 11 1 0 2 8 0 0 7 
27 5 8 6 11 30 42 13 45 43 12 75 134 141 86 63 47 41 44 60 12 18 6 68 32 1 1 33 7 3 3 4 18 2 10 4 3 8 18 17 25 0 10 11 33 20 23 5 4 62 27 10 14 17 1 1 3 6 0 0 1 0 2 3 18 11 9 9 12 6 2 2 7 7 1 3 0 1 7 2 4 3 3 15 0 10 7 27 6 0 0 20 6 1 3 1 1 1 0 0 0 9 
51 17 13 4 9 63 46 34 148 92 44 62 162 115 97 29 30 45 46 25 15 14 19 33 11 9 0 38 11 0 0 5 15 1 3 2 4 0 33 29 27 1 26 12 21 19 16 4 7 77 42 18 11 4 10 2 8 10 0 1 0 2 3 2 5 22 7 2 6 3 7 0 4 6 0 10 0 7 9 1 3 4 6 11 1 5 6 28 9 0 0 20 14 12 1 0 0 1 1 0 0 13 
9 37 31 1 11 63 33 6 39 35 21 8 21 24 29 9 9 4 14 4 2 3 0 9 1 1 1 8 0 0 0 0 4 0 1 1 0 0 4 1 7 1 1 0 9 2 0 1 0 14 3 0 2 1 0 1 0 0 0 0 0 0 0 4 0 1 1 0 0 0 0 15 0 7 0 0 3 0 5 1 1 1 1 0 0 2 0 3 0 0 0 3 1 0 0 0 0 0 1 0 0 3 
14 20 6 1 2 13 31 3 37 72 10 12 68 70 7 21 19 17 23 6 2 0 5 18 6 3 1 25 0 2 0 1 4 0 0 0 1 0 2 11 1 2 7 2 9 7 8 1 1 30 0 0 4 4 1 3 0 0 0 1 0 0 0 2 4 5 1 0 0 1 1 5 0 2 4 4 0 0 4 1 1 0 0 2 0 2 0 7 0 0 0 0 1 1 7 2 0 0 2 0 0 2 
70 98 37 20 7 5 31 9 152 293 9 70 295 164 99 48 34 59 60 61 12 18 14 62 30 1 0 38 19 12 0 2 13 2 15 0 4 6 30 9 11 8 26 41 20 10 17 12 4 55 24 12 20 15 5 0 0 9 0 0 1 6 0 5 5 24 0 6 5 4 2 4 3 27 1 0 3 0 11 0 0 0 0 0 2 4 0 16 0 0 0 25 1 4 1 4 0 9 0 1 0 7 
16 28 36 9 2 6 4 2 111 127 24 73 364 108 98 50 21 18 24 24 4 8 24 14 7 0 1 14 4 3 0 9 24 2 2 1 6 4 4 4 4 8 13 10 6 4 19 4 18 39 12 7 15 2 1 1 0 1 0 2 1 0 2 3 4 16 4 3 5 0 0 0 4 25 4 1 0 2 3 0 1 1 0 2 0 3 4 7 5 0 0 10 0 4 2 1 0 0 1 0 0 9 
22 59 34 3 4 18 12 2 12 107 15 45 403 134 41 58 22 19 48 25 11 12 11 33 10 2 0 40 1 3 0 2 11 1 0 1 0 4 19 11 5 0 13 7 14 16 16 3 13 45 18 25 4 1 2 0 1 2 0 1 0 1 2 2 6 9 1 8 1 2 4 5 2 80 1 14 0 1 2 0 0 5 0 0 2 0 0 7 6 0 0 18 7 9 6 2 0 0 0 0 0 8 
36 74 56 9 3 67 21 6 4 26 19 39 308 91 63 67 15 27 40 15 12 17 4 31 10 8 1 38 5 3 4 0 6 2 0 0 0 8 21 24 7 0 22 7 10 17 18 3 27 53 6 2 10 8 0 1 0 1 0 0 0 0 0 7 3 11 0 3 2 1 0 3 2 2 17 0 0 0 10 0 0 0 0 0 0 1 4 6 0 0 0 19 22 1 2 3 1 0 1 0 0 4 
44 39 11 5 11 68 11 6 76 0 2 12 107 35 32 21 6 28 25 13 18 26 3 48 38 1 1 43 6 2 0 1 4 1 0 0 1 0 7 9 11 2 5 0 3 3 9 2 5 23 7 2 4 0 3 2 0 2 0 2 0 0 11 0 2 2 0 3 0 1 0 1 1 11 1 13 0 1 1 0 0 0 0 0 0 0 7 6 1 0 0 4 5 0 0 0 0 0 11 0 0 5 
62 37 27 4 10 59 10 7 28 33 0 18 72 23 3 16 22 10 22 17 3 8 2 9 8 1 3 23 1 5 4 0 8 0 0 0 1 0 8 2 8 5 12 2 11 3 5 5 7 22 3 4 3 0 14 0 0 1 0 0 0 0 6 0 0 6 0 0 1 0 1 1 1 20 0 1 0 0 0 0 0 0 0 0 0 0 0 3 0 0 0 3 0 4 1 0 0 0 0 0 0 5 
55 81 61 10 22 100 14 42 157 59 1 2 44 21 44 14 33 28 44 17 37 6 7 53 9 5 1 76 17 13 4 1 10 1 0 4 0 3 11 5 4 1 4 14 11 8 7 7 5 35 8 0 7 2 0 1 2 0 0 0 1 0 0 1 2 8 0 0 0 1 2 0 0 3 6 6 0 0 2 0 0 0 0 1 0 0 0 4 0 0 0 2 1 3 0 2 0 0 5 0 0 12 
57 80 41 7 24 169 32 37 252 143 11 15 5 13 15 35 19 17 33 34 23 19 7 64 45 5 0 81 6 11 2 0 28 1 13 1 0 0 5 8 29 2 12 6 4 9 14 7 11 61 6 4 12 0 3 0 3 1 0 6 2 2 0 1 2 1 3 0 1 0 2 3 4 9 12 2 5 0 1 0 0 0 0 0 1 3 0 4 1 0 0 2 0 1 0 2 0 0 0 0 0 8 
39 68 33 17 8 119 17 21 101 167 3 10 68 3 4 14 6 16 38 28 20 11 9 49 35 6 2 98 2 6 0 0 6 0 0 0 0 0 0 5 10 0 1 0 2 1 1 1 0 22 10 1 10 2 2 0 1 4 0 0 0 0 0 0 0 0 0 0 0 0 0 0 5 1 2 0 1 0 2 0 0 0 0 0 0 1 0 0 0 0 0 2 1 0 1 0 0 0 0 0 0 5 
46 65 49 17 22 37 60 43 109 77 19 8 71 4 4 4 12 17 53 28 32 18 8 64 40 3 1 120 6 6 1 3 13 0 1 0 0 0 2 8 6 1 14 5 1 2 11 0 3 27 5 6 7 4 1 1 2 7 0 4 0 1 0 0 0 0 0 0 0 0 0 1 1 1 5 3 0 3 16 0 0 0 0 0 0 0 1 7 0 0 0 0 1 0 0 0 0 0 0 0 0 6 
33 49 29 3 32 27 26 22 29 64 5 50 34 15 14 6 9 35 98 29 34 19 22 56 29 7 0 63 3 34 14 37 31 2 11 4 12 4 0 21 8 0 7 5 15 15 25 1 19 42 14 1 7 3 1 0 3 14 0 2 0 0 0 0 2 0 0 0 1 0 1 0 2 4 6 7 2 2 5 1 0 0 0 0 0 2 0 8 2 0 0 2 2 1 0 5 0 2 0 0 0 12 
39 78 26 12 12 51 19 23 11 32 3 18 57 33 45 20 3 37 106 44 35 25 18 98 14 9 0 80 1 42 11 52 54 10 6 23 8 5 7 34 19 0 25 5 24 33 19 6 16 72 24 9 18 16 0 1 1 3 0 3 0 0 0 0 0 0 0 0 0 0 0 0 0 1 4 6 1 1 19 3 2 0 0 0 0 21 13 37 3 0 0 6 9 4 0 0 0 6 1 0 0 12 
75 43 23 1 7 37 8 17 13 43 5 22 62 44 21 42 3 10 124 10 27 27 12 64 30 1 2 70 3 15 12 16 48 6 20 6 18 5 10 12 23 1 13 17 21 19 21 9 13 93 7 6 11 11 2 3 2 4 0 9 0 1 0 1 0 0 0 0 0 0 0 0 0 0 0 12 0 2 24 2 2 0 0 0 0 2 2 7 1 0 0 2 0 0 0 0 0 0 1 0 0 6 
64 63 58 1 20 28 24 8 16 16 6 56 15 35 13 33 21 8 4 8 8 3 7 38 27 2 6 51 4 10 2 9 16 6 1 2 8 2 11 0 4 0 4 1 6 6 11 3 1 43 4 5 4 0 1 0 0 3 0 2 0 1 0 0 0 1 0 0 0 0 0 1 0 0 1 4 0 0 1 0 0 0 0 0 0 0 1 9 0 0 0 0 0 0 0 0 0 0 0 0 0 0 
23 53 23 4 13 31 19 19 10 13 12 54 44 99 42 94 59 79 138 3 7 11 9 34 15 16 4 89 13 6 5 18 14 5 12 1 14 4 11 29 17 16 4 10 12 9 9 4 5 28 2 1 11 1 0 1 2 1 0 0 1 1 0 0 1 0 1 0 0 0 0 0 0 0 3 1 0 0 17 1 0 0 0 1 1 7 4 6 3 0 0 1 0 0 0 0 0 0 0 0 0 5 
16 40 13 7 7 23 10 10 12 17 5 37 53 91 63 114 88 127 249 6 1 3 3 17 2 6 3 79 3 0 2 3 2 0 11 3 16 8 19 25 17 3 11 5 3 12 4 5 5 27 2 1 2 0 1 0 0 2 0 0 1 0 0 0 0 0 0 0 0 0 0 0 0 0 0 0 0 0 9 0 0 0 0 0 0 2 0 19 3 0 0 2 0 1 0 0 0 0 0 0 0 0 
50 37 42 3 28 43 22 18 25 23 28 46 85 147 78 86 62 133 215 5 1 3 1 26 11 15 1 78 7 31 10 3 12 1 12 24 43 9 13 2 12 3 12 4 5 12 7 4 8 36 3 0 6 2 2 0 0 11 0 0 2 0 0 0 0 0 0 0 0 0 0 0 0 0 1 2 0 2 5 1 0 1 0 0 0 1 0 6 3 0 0 0 0 0 0 0 0 0 0 0 0 0 
11 45 10 2 24 18 16 26 15 33 22 82 45 90 86 150 96 222 327 121 20 46 2 9 6 10 2 118 4 7 1 12 19 8 17 4 5 20 28 16 20 5 14 7 15 18 22 7 15 70 7 5 3 4 7 3 6 9 0 0 3 1 1 1 0 0 0 0 0 0 0 0 0 0 5 2 0 7 13 2 0 3 0 0 0 7 3 15 2 0 0 1 1 0 1 0 0 0 0 0 0 7 
44 47 23 7 15 28 22 22 29 77 17 87 107 160 103 224 169 234 278 161 30 70 6 8 5 15 5 101 12 4 5 6 60 4 27 8 38 10 48 21 26 2 19 23 31 36 22 10 10 101 20 3 13 2 2 1 6 3 0 2 1 2 2 1 0 0 0 0 0 0 0 0 0 0 7 2 0 4 21 5 0 1 1 0 10 2 8 12 11 0 0 1 0 0 0 0 1 0 0 0 0 1 
27 48 21 6 15 47 22 16 18 35 21 53 97 118 86 73 41 56 60 77 36 8 12 9 9 5 6 66 1 8 7 10 61 6 26 12 18 9 21 22 28 1 18 6 36 20 14 15 4 96 33 8 13 5 7 2 4 10 0 1 0 2 0 3 0 0 1 0 0 0 0 0 1 0 3 2 2 8 17 1 3 1 0 4 0 10 8 32 7 0 0 3 1 0 0 0 0 0 0 0 0 1 
3 8 2 4 0 0 2 1 21 3 2 4 5 23 5 15 3 10 16 51 9 18 3 72 20 0 0 14 0 1 0 0 2 0 0 0 2 1 1 0 2 0 1 1 0 3 2 0 0 6 0 0 0 0 0 0 0 0 0 0 1 3 0 0 0 0 0 0 0 0 0 0 0 0 0 0 0 0 1 0 0 0 0 0 0 0 0 0 1 0 0 2 0 0 0 0 0 0 0 0 0 0 
5 3 0 0 1 4 3 4 18 14 7 17 5 16 3 12 22 26 41 73 23 72 27 153 43 2 3 108 1 2 0 4 3 1 4 5 0 0 4 3 1 0 3 1 6 12 6 0 0 14 0 0 6 0 0 0 4 0 0 0 1 0 0 0 0 0 0 0 0 0 0 0 0 0 0 0 0 0 0 12 1 0 0 0 0 0 0 4 0 0 0 0 15 0 1 0 0 0 1 0 0 0 
46 67 56 6 15 40 14 39 38 49 49 109 129 232 214 138 115 140 99 127 58 91 94 133 80 29 6 5 2 1 2 17 41 9 50 10 58 18 25 51 55 3 75 34 62 49 25 10 4 129 14 5 10 4 7 12 9 12 0 0 6 3 0 1 0 0 0 0 0 0 0 0 0 0 16 2 0 10 25 6 5 3 2 4 3 6 7 52 7 0 0 23 7 0 1 1 0 0 2 0 0 13 
2 9 0 0 8 0 3 0 3 2 2 0 2 7 3 0 0 1 1 0 0 1 0 6 1 0 0 1 0 1 0 0 2 0 0 0 2 0 0 3 0 0 1 0 2 4 0 0 0 3 0 0 1 0 0 0 0 0 0 0 0 0 0 0 0 1 0 0 0 0 0 1 0 2 0 0 0 0 1 0 0 0 0 1 0 3 0 2 0 0 0 0 0 0 0 0 0 1 0 0 0 0 
4 17 1 1 1 11 7 3 4 6 10 30 19 7 1 7 42 58 11 22 9 7 8 17 17 1 0 3 0 9 95 220 460 113 297 405 758 200 268 189 165 15 132 71 210 111 119 46 65 521 70 8 41 28 12 5 15 16 0 15 7 9 12 13 33 65 17 20 4 11 1 5 2 2 11 5 0 6 37 5 4 15 9 1 5 24 16 113 48 0 0 85 24 16 30 18 1 9 10 2 1 68 
0 1 0 0 0 2 4 3 0 1 0 7 3 2 2 5 16 42 20 14 6 1 3 10 5 0 0 1 1 34 5 97 114 24 106 135 233 37 82 36 19 18 84 30 50 52 20 2 17 86 8 5 19 3 0 1 0 9 0 11 11 2 0 5 30 12 2 5 2 9 7 1 4 0 2 0 0 1 3 1 0 0 4 2 1 12 0 26 5 0 0 24 7 23 2 0 0 0 0 0 0 10 
9 4 2 0 0 2 7 6 3 14 2 17 22 0 5 16 32 30 8 14 1 0 1 7 8 1 2 10 1 168 97 2 107 53 154 159 472 255 153 80 75 11 95 52 99 85 58 22 80 359 12 6 26 19 4 1 3 6 0 14 1 3 0 0 14 52 3 4 4 3 1 0 1 1 10 11 4 6 31 1 7 2 3 1 4 18 5 61 16 0 0 26 18 11 7 20 0 1 9 2 1 39 
2 4 3 1 1 0 2 1 3 0 0 1 1 2 1 4 1 4 3 6 2 1 1 19 5 0 0 6 0 169 65 29 6 2 28 20 82 31 43 47 43 11 34 20 56 63 39 24 31 228 11 5 7 6 1 2 1 1 0 4 1 1 0 2 2 5 1 10 4 1 5 0 3 0 3 5 0 10 4 2 2 4 0 0 0 3 10 46 4 0 0 22 4 6 0 4 0 0 2 0 1 24 
0 3 2 0 0 0 0 0 0 1 0 0 1 0 0 1 4 8 6 1 1 0 0 5 0 0 0 10 0 93 27 51 29 2 7 13 78 28 46 29 48 2 44 11 34 42 42 15 30 163 25 3 13 10 6 3 1 2 0 3 1 2 1 1 2 13 2 8 2 5 6 12 3 14 4 4 0 1 13 1 0 1 0 0 0 7 2 29 23 0 0 20 7 6 2 4 0 0 3 1 0 15 
8 2 0 2 0 0 1 0 0 0 0 0 0 0 4 4 7 2 7 4 1 8 9 5 1 0 0 5 0 96 17 61 72 3 3 16 68 39 17 39 14 2 45 23 41 10 16 18 39 112 9 3 8 3 0 0 2 0 0 1 0 0 0 1 1 1 0 3 0 3 0 2 2 3 0 3 0 0 4 0 0 0 0 0 0 1 0 10 2 0 0 7 0 1 2 0 1 3 2 0 3 17 
2 3 4 0 0 0 0 1 0 0 0 0 0 0 0 12 3 3 8 11 5 1 2 16 8 1 0 1 0 128 24 74 73 12 16 0 170 33 37 64 42 2 18 11 25 18 23 5 21 86 3 8 2 2 0 2 1 3 0 0 0 0 0 2 3 4 4 5 2 2 6 2 6 1 0 2 1 0 4 1 0 0 0 0 1 3 0 16 2 0 0 5 3 3 2 3 0 3 2 3 17 19 
1 2 0 0 0 0 0 0 2 0 0 0 0 0 1 0 1 3 1 8 1 0 0 5 2 0 0 5 0 170 35 94 121 13 23 16 5 9 25 31 45 8 33 20 68 42 48 21 27 244 3 5 0 1 0 0 1 3 0 0 0 1 0 3 0 8 1 0 1 2 8 4 1 1 1 0 0 1 4 0 0 0 0 2 0 1 7 26 3 0 0 13 6 6 1 1 1 1 3 0 1 24 
9 5 0 0 2 1 2 0 1 0 0 2 4 2 0 0 0 4 2 0 0 0 0 16 4 0 0 6 2 101 23 180 115 11 32 95 42 4 40 41 44 8 77 91 67 79 88 21 48 381 12 2 1 0 0 0 0 1 0 0 0 2 0 1 0 0 0 0 0 1 1 0 1 19 1 3 0 0 4 0 1 0 0 1 1 5 4 59 19 0 0 38 15 10 2 0 0 3 7 0 0 51 
8 8 6 1 5 12 13 5 10 6 0 27 3 1 0 1 2 5 5 5 14 5 11 21 4 0 1 24 2 135 8 145 174 23 22 52 134 56 3 56 79 9 57 39 68 35 85 25 23 366 4 3 14 3 1 0 1 12 0 1 0 3 0 2 5 9 4 0 1 16 1 1 1 3 5 4 0 8 2 6 0 0 0 0 2 3 1 81 11 0 0 73 13 11 4 6 0 3 3 0 3 55 
32 39 27 6 12 14 15 14 34 17 16 24 19 31 5 3 26 16 45 30 12 7 6 40 12 1 3 53 7 201 73 223 317 55 114 85 246 130 111 7 37 7 104 244 85 124 134 30 63 534 29 0 25 19 1 0 1 8 0 0 2 5 0 11 17 30 6 2 3 1 6 0 6 25 10 3 0 13 13 6 2 8 0 14 2 5 32 20 26 0 0 22 5 3 1 7 1 1 3 1 5 43 
21 15 20 4 4 22 18 8 9 7 22 16 4 14 3 12 5 15 13 12 9 5 1 26 30 6 0 35 1 133 19 225 215 28 62 64 153 140 99 23 1 4 13 43 30 43 72 40 45 355 3 11 4 1 0 0 3 2 0 1 1 13 3 11 31 15 1 2 9 2 3 1 19 10 6 2 0 6 8 4 9 5 5 0 1 6 22 4 1 0 0 11 4 2 5 3 0 0 12 1 2 39 
2 5 1 0 1 7 0 0 2 4 0 0 7 0 7 0 1 5 1 5 1 0 0 6 1 2 0 2 0 18 3 15 44 3 4 7 51 25 29 13 12 2 26 56 20 15 18 3 17 50 1 0 0 1 3 0 1 3 0 1 0 2 2 1 11 6 0 0 0 0 8 1 4 0 1 2 0 3 1 4 2 3 11 6 7 12 18 21 26 0 0 4 0 3 3 2 0 1 4 0 7 8 
9 11 2 0 5 2 4 2 6 3 3 2 3 1 0 1 5 5 3 6 3 1 0 17 3 0 2 14 7 36 11 43 112 13 15 25 63 78 34 34 5 2 1 6 27 16 17 3 8 71 4 2 13 11 0 2 5 8 0 3 0 0 0 1 1 4 0 1 0 2 0 2 2 4 16 10 3 15 6 8 5 13 8 44 10 38 5 61 5 0 0 8 3 5 5 4 0 4 13 8 3 117 
22 6 6 0 1 18 2 12 8 4 1 3 1 1 0 1 11 6 13 11 0 1 0 10 5 0 0 28 0 50 15 44 97 28 40 23 73 82 65 16 12 10 13 6 33 31 42 2 25 163 18 8 4 6 1 1 1 0 0 3 0 4 0 4 13 12 2 2 2 2 1 0 7 4 18 23 2 20 13 5 10 15 12 36 7 47 10 76 7 0 0 56 14 8 12 21 0 7 15 2 5 136 
4 9 7 0 5 14 6 15 5 4 10 1 4 1 1 5 22 20 14 5 5 3 6 49 10 1 0 16 0 99 9 78 194 56 64 44 155 86 85 47 16 14 29 22 10 25 28 14 52 219 18 0 11 2 0 2 3 1 0 0 1 5 5 5 3 39 6 3 5 1 4 2 17 14 1 0 0 6 6 2 7 6 1 14 10 18 16 61 3 0 0 31 8 9 4 8 3 13 14 0 8 81 
26 24 6 1 4 6 4 14 10 4 5 19 6 9 3 6 15 10 21 10 14 4 2 16 7 1 0 20 3 14 33 77 211 31 49 51 169 68 83 50 22 9 44 30 11 6 19 62 73 89 8 4 8 6 1 4 13 7 0 1 2 10 1 2 18 45 12 13 2 3 4 0 7 7 13 17 0 10 9 5 10 13 4 8 4 29 18 96 1 0 0 13 11 20 5 10 2 1 11 1 16 65 
28 23 18 3 4 6 9 15 7 4 10 13 4 3 1 5 6 24 8 11 4 10 4 14 9 5 2 15 2 65 11 108 179 26 46 48 143 83 63 55 35 4 29 29 33 34 3 6 147 68 14 7 14 9 0 1 0 0 0 1 4 7 1 1 24 16 5 1 1 0 6 1 11 18 22 12 2 9 22 1 2 8 10 9 3 47 15 103 1 0 0 18 5 11 5 3 1 10 24 1 4 93 
6 24 15 0 11 20 5 5 2 9 11 18 5 4 5 2 29 16 8 10 6 1 4 23 3 1 0 24 2 39 14 53 152 17 55 38 113 61 92 35 28 17 52 43 61 114 70 5 61 305 22 5 24 7 1 3 2 12 0 0 3 8 1 1 8 8 1 5 5 14 5 10 13 7 4 15 2 13 10 3 3 14 16 12 16 52 15 119 5 0 0 45 13 15 13 15 1 13 39 2 2 90 
17 11 13 2 5 26 1 11 7 10 11 25 11 15 3 2 14 36 14 29 17 7 3 27 4 0 0 16 0 56 16 81 165 42 72 26 130 73 85 68 52 10 93 115 81 98 182 34 7 193 10 1 7 5 4 1 7 21 0 7 3 12 1 2 21 32 8 13 6 1 4 6 26 11 10 5 0 8 33 6 11 10 3 22 9 59 11 115 8 0 0 51 14 29 21 20 2 14 15 3 2 87 
49 85 34 3 18 64 16 34 36 50 63 37 30 32 8 15 48 77 52 47 22 8 19 159 34 3 1 115 8 217 46 292 866 112 276 142 517 285 279 145 133 35 105 178 148 176 92 47 81 19 46 21 49 8 10 4 7 21 0 4 7 24 1 18 32 64 18 36 6 6 9 6 32 27 36 20 5 33 50 36 30 77 28 70 41 113 39 528 21 0 0 47 19 47 40 28 3 29 65 4 5 312 
16 17 11 3 2 9 21 2 1 15 1 6 15 29 23 15 16 9 4 11 4 2 5 63 15 0 1 38 2 17 0 14 73 13 20 5 27 5 7 12 13 3 24 31 29 27 13 9 5 73 6 3 14 6 20 9 17 10 0 60 12 3 3 41 30 45 5 26 4 7 11 4 40 38 9 9 10 23 50 8 10 24 10 32 4 28 6 59 17 0 0 19 11 18 4 6 5 10 10 0 0 37 
13 8 13 0 0 17 0 6 0 16 0 3 15 13 23 16 11 4 11 2 1 2 3 11 3 0 0 5 1 2 1 4 45 11 33 3 18 5 3 4 7 1 16 2 3 23 6 8 7 31 8 6 13 5 4 2 4 6 0 26 5 2 1 25 15 45 4 21 8 4 1 2 6 8 1 3 1 2 26 0 0 23 0 13 5 14 2 28 4 0 0 33 1 13 6 2 0 1 1 0 0 19 
3 9 5 0 7 4 2 6 0 7 13 1 9 13 35 7 9 16 10 8 2 2 1 45 8 0 1 13 0 14 9 8 88 12 17 2 21 0 5 22 4 0 41 23 9 23 21 7 17 76 10 3 6 2 2 1 1 2 0 51 19 1 1 20 33 35 10 36 6 15 6 7 16 17 5 8 0 19 16 1 4 4 0 19 13 34 4 61 6 0 0 13 4 8 11 5 0 3 5 1 2 25 
4 2 8 0 1 11 17 5 1 6 1 1 12 17 13 7 7 3 10 7 0 0 7 20 1 0 0 3 0 2 3 18 62 4 13 8 13 4 6 10 7 0 21 11 8 13 8 7 1 20 10 13 2 1 9 0 7 7 0 35 43 18 5 44 25 32 9 24 1 9 7 6 12 28 13 11 5 4 22 6 5 3 4 38 5 11 2 17 2 0 0 19 7 11 0 1 0 4 4 0 2 25 
8 12 2 0 0 2 4 0 1 11 1 3 11 10 7 2 6 5 14 1 1 0 0 15 1 0 0 9 0 18 3 16 41 6 11 1 6 3 9 3 3 0 4 4 2 5 4 2 1 20 19 29 12 13 4 1 6 5 0 32 5 1 7 21 13 18 3 17 8 9 5 0 8 28 0 13 0 2 46 2 2 0 0 28 4 6 2 3 1 0 0 16 0 6 3 1 12 0 2 0 1 6 
4 1 2 0 6 1 6 0 0 1 4 0 1 0 2 0 4 3 0 2 1 1 1 9 0 0 0 4 1 1 0 7 15 1 1 0 0 0 0 1 3 0 9 4 2 1 5 0 0 9 8 7 6 3 1 1 3 23 0 13 9 0 1 3 12 8 2 3 4 2 2 0 1 12 1 1 0 13 10 0 0 0 1 5 1 9 1 8 1 0 0 7 0 1 3 1 1 0 0 0 0 1 
3 2 1 0 2 9 4 1 6 3 0 6 6 8 58 11 8 6 3 4 2 2 1 4 6 5 0 19 1 16 1 5 45 3 7 2 11 0 7 2 7 0 6 10 1 5 12 0 3 25 25 8 15 4 4 0 4 3 0 26 7 5 17 18 32 33 21 26 4 16 1 15 15 23 10 4 4 5 10 0 0 3 4 34 10 9 11 13 3 0 0 30 5 4 2 7 1 2 1 0 3 15 
25 27 11 0 10 12 7 3 14 5 3 6 26 39 23 8 5 10 2 20 1 0 4 15 2 2 0 22 2 13 1 20 39 12 5 4 9 3 27 16 3 0 8 7 16 10 9 0 5 29 46 18 30 12 2 1 4 2 0 53 5 4 9 21 32 47 3 17 3 17 5 0 19 26 19 17 3 11 40 13 2 10 8 51 9 18 3 24 12 0 0 6 1 4 3 0 0 5 2 0 0 10 
0 0 0 0 0 0 0 0 0 0 0 0 0 0 0 0 0 0 0 0 0 0 0 0 0 0 0 0 0 0 0 0 0 0 0 0 0 0 0 0 0 0 0 0 0 0 0 0 0 0 0 0 0 0 0 0 0 0 0 0 0 0 0 0 0 0 0 0 0 0 0 0 0 0 0 0 0 0 0 0 0 0 0 0 0 0 0 0 0 0 0 0 0 0 0 0 0 0 0 0 0 0 
18 10 6 1 5 26 17 6 4 8 4 1 38 5 11 14 9 18 10 5 13 3 2 22 3 1 0 15 0 10 4 3 22 0 0 0 0 1 7 2 1 0 8 3 6 5 2 2 1 9 37 17 36 15 10 4 4 11 0 2 0 7 3 12 17 37 18 16 4 11 13 16 11 77 7 12 1 2 31 0 1 2 1 19 0 19 5 17 2 0 0 18 0 1 0 3 0 0 1 0 1 7 
0 1 8 0 2 1 0 3 2 2 1 0 4 3 0 0 5 0 0 0 0 0 7 1 0 0 0 2 0 1 0 12 5 2 1 0 1 0 0 0 3 4 2 1 4 2 2 2 1 12 17 7 14 5 1 3 3 3 0 4 1 1 2 4 6 16 16 21 3 10 24 5 10 33 0 6 0 0 2 0 0 2 0 6 1 2 2 6 1 0 0 2 0 0 2 0 0 0 1 0 0 6 
0 0 0 0 0 0 1 1 0 0 0 0 0 0 0 0 0 0 0 0 0 0 0 2 0 0 0 0 0 0 0 0 0 0 0 0 0 0 0 7 1 0 2 1 0 0 0 0 0 0 3 0 1 2 0 0 2 0 0 0 0 0 1 1 1 0 1 2 0 0 0 0 2 0 0 0 0 2 1 0 0 0 0 0 1 0 0 2 0 0 0 1 0 0 0 0 0 0 0 0 0 1 
2 1 0 0 3 0 6 1 0 1 1 0 1 0 0 0 1 0 1 0 0 0 0 0 0 5 0 1 0 0 0 8 2 0 0 0 8 0 4 1 8 0 2 3 1 0 0 1 0 6 14 9 11 12 2 2 2 11 0 1 0 0 0 0 3 10 14 2 1 7 5 4 7 9 4 1 0 2 2 1 1 0 0 0 0 1 0 4 0 0 0 3 0 1 0 0 5 0 0 0 0 2 
11 8 2 0 0 9 0 1 0 0 0 3 0 1 0 5 0 0 0 0 0 0 0 2 1 0 0 2 1 17 2 5 7 2 9 2 55 16 7 3 3 0 9 13 1 10 2 0 2 17 20 27 30 37 7 6 13 21 0 24 1 6 5 2 6 46 11 10 1 6 4 5 6 73 33 5 0 9 23 1 3 2 0 1 0 3 0 1 0 0 0 0 0 0 3 0 0 0 0 0 0 2 
13 5 3 0 0 20 0 1 0 9 0 3 1 1 1 0 0 0 1 0 0 0 0 2 0 0 0 2 0 50 3 25 16 4 6 4 16 6 11 4 17 6 10 5 24 19 15 5 18 49 48 4 27 9 9 14 8 29 0 21 9 86 13 16 5 18 7 27 11 49 8 14 16 35 14 3 0 13 34 3 5 3 1 11 3 3 5 9 1 0 0 9 3 2 0 4 0 0 0 2 0 6 
16 16 7 3 3 7 9 2 15 0 0 9 3 0 0 0 0 0 0 0 0 0 0 1 0 0 0 0 0 19 4 14 11 16 14 4 13 0 9 4 8 5 7 9 25 25 24 7 5 62 79 34 66 33 17 12 38 43 0 34 11 13 3 13 8 17 5 28 32 23 17 29 41 88 25 25 3 11 40 4 7 4 3 4 3 4 1 15 0 0 0 4 0 0 0 0 0 0 2 0 0 9 
7 5 2 0 2 1 0 0 1 2 1 3 1 1 0 0 0 0 0 0 0 0 0 0 0 0 0 0 0 12 0 5 10 2 2 2 4 3 14 0 4 0 6 3 4 1 2 2 5 11 15 8 26 5 1 4 3 1 0 24 4 3 0 12 3 17 2 1 7 27 2 4 7 6 1 2 4 4 13 1 4 0 0 0 0 1 7 4 0 0 0 3 0 0 0 0 0 0 3 0 0 3 
13 17 3 1 0 9 4 1 0 5 2 1 1 0 0 0 0 0 0 0 0 0 0 0 0 0 0 1 0 2 4 8 27 17 3 5 13 0 0 5 8 0 2 13 11 4 5 1 4 33 63 39 51 31 4 6 5 12 0 27 11 4 7 10 16 17 2 2 3 9 4 19 7 89 5 5 0 14 39 19 18 2 2 5 2 12 0 6 0 0 0 3 0 0 0 0 1 0 0 0 0 2 
1 5 0 0 0 1 0 1 1 0 0 0 0 2 0 0 0 0 0 0 0 0 0 0 0 0 0 0 0 8 0 1 7 5 5 2 8 0 12 0 1 0 4 1 2 0 2 0 1 14 6 11 13 8 3 1 2 6 0 1 3 1 1 6 12 17 5 18 1 8 6 4 8 35 0 12 0 0 17 2 0 0 0 1 0 3 0 0 0 0 0 0 0 0 0 0 0 0 0 0 0 1 
6 2 4 1 1 16 0 1 0 1 0 1 0 0 0 0 0 0 0 0 0 0 0 0 0 0 0 0 4 17 3 2 21 16 11 3 12 0 1 4 4 1 2 1 7 9 6 1 4 15 63 16 43 11 32 27 11 13 0 14 13 10 6 29 15 60 12 32 11 5 10 7 19 164 11 9 0 7 44 2 21 1 2 4 3 3 0 6 0 0 0 2 0 0 0 0 0 0 0 0 0 2 
7 15 26 1 1 6 3 5 2 2 4 8 4 1 0 0 0 0 0 0 0 0 0 0 0 0 0 1 4 7 6 7 29 21 14 13 52 11 26 8 5 1 15 19 18 14 17 4 3 47 49 16 34 18 8 6 1 11 0 25 10 11 5 31 78 112 12 55 31 25 1 8 43 147 11 13 1 10 39 3 14 7 0 22 1 17 1 5 3 0 0 12 2 0 0 0 0 0 0 0 0 3 
3 19 1 0 2 5 5 7 0 6 1 8 5 0 0 4 2 0 0 0 0 0 0 0 0 0 0 0 3 4 5 0 36 40 30 34 57 6 29 10 7 3 45 29 11 4 16 1 10 36 22 21 39 16 9 1 17 19 0 21 25 1 10 60 83 114 38 73 36 70 1 3 17 42 9 17 0 7 29 5 12 14 10 24 5 17 17 10 0 0 0 5 0 0 0 0 0 0 0 0 0 3 
3 2 2 0 0 9 1 10 1 1 0 1 0 0 0 1 2 0 0 0 0 0 0 0 0 0 0 0 0 0 0 2 10 3 10 12 12 9 8 2 5 0 3 0 12 5 6 9 1 19 33 20 21 14 8 9 15 22 0 24 14 3 9 5 17 57 33 18 10 25 21 4 0 8 7 19 0 6 33 18 4 2 1 7 16 2 1 6 2 0 0 2 0 2 0 0 0 0 0 0 0 0 
6 6 2 2 5 14 2 5 7 0 3 5 1 3 0 1 0 0 0 0 0 0 0 1 0 0 0 0 0 0 0 0 11 8 7 0 14 6 2 0 4 0 3 1 6 3 1 1 0 15 52 9 18 21 7 16 4 29 0 47 8 7 1 17 31 56 12 36 14 41 47 6 14 2 3 7 3 16 53 4 2 8 10 6 7 5 2 20 0 0 0 1 2 3 0 0 0 0 0 0 0 1 
2 1 3 2 1 3 7 3 2 4 0 7 10 24 15 7 6 2 7 12 1 1 3 6 3 0 0 8 0 4 2 16 14 13 11 3 19 0 7 14 18 9 28 28 21 37 37 12 24 102 15 18 7 4 3 0 12 18 0 20 9 6 6 29 14 20 10 17 12 6 7 1 10 38 2 4 14 38 79 65 22 21 24 167 20 87 24 98 19 0 0 26 8 21 15 6 1 11 11 2 1 37 
7 5 0 0 1 2 2 7 9 19 0 11 8 7 7 10 6 11 10 5 1 0 0 9 17 11 1 11 0 10 1 14 26 7 23 2 4 2 3 11 5 2 46 43 17 53 54 10 9 100 48 18 12 6 8 7 18 25 0 24 12 0 1 27 7 36 1 16 2 2 10 3 9 14 6 2 47 28 101 69 21 42 19 153 26 50 11 114 25 0 0 34 8 17 18 3 1 8 17 0 1 37 
3 18 0 0 0 1 1 0 0 2 0 1 1 0 0 2 0 7 2 5 0 0 0 5 0 0 0 4 1 2 4 2 11 6 0 0 2 0 2 2 6 1 4 5 3 2 1 9 8 18 13 6 2 2 2 1 0 0 0 3 3 0 0 1 2 15 3 2 3 2 2 6 4 6 2 3 2 27 50 45 8 7 5 44 9 13 0 38 1 0 0 6 5 8 5 2 0 3 2 0 1 10 
5 6 3 0 4 6 4 4 2 8 0 1 6 14 4 9 6 7 5 20 2 2 0 6 3 0 0 19 0 4 4 18 21 6 2 5 1 0 3 4 7 4 47 12 19 32 15 4 11 83 19 8 31 10 11 1 2 13 0 17 10 10 2 28 12 28 9 8 4 9 10 3 10 29 11 21 2 4 16 60 15 21 26 184 45 47 19 103 28 0 0 29 39 6 26 17 0 6 7 1 3 17 
8 13 7 1 2 7 5 3 14 11 2 3 14 8 20 11 10 25 8 13 1 2 2 37 5 2 1 22 2 20 21 22 66 11 17 7 15 2 7 2 21 1 43 22 14 24 25 10 32 85 74 47 49 30 20 11 9 14 0 29 7 4 7 60 34 49 14 40 8 63 15 27 27 175 21 22 11 18 6 26 29 33 33 82 50 28 9 92 18 0 0 42 20 33 9 15 2 5 9 0 4 32 
4 3 6 1 3 0 0 1 0 1 0 2 7 2 0 4 2 9 5 6 1 0 0 12 2 0 0 6 1 6 16 5 25 7 5 0 0 6 2 16 3 5 68 15 18 21 13 6 12 104 13 5 11 3 13 0 1 1 0 0 1 4 0 20 2 12 2 8 1 2 10 3 9 58 36 25 9 29 21 1 11 86 23 185 57 39 34 89 31 0 0 26 16 22 21 44 2 20 8 0 1 38 
4 7 2 0 0 0 0 1 0 6 0 0 1 2 0 1 0 10 2 1 0 0 1 1 4 0 0 0 0 7 0 12 15 4 6 0 2 0 2 3 3 3 27 12 13 8 11 0 7 108 14 7 11 11 5 0 1 3 0 1 4 3 2 11 7 21 8 2 0 5 4 4 9 80 9 13 5 22 44 30 1 25 15 87 35 75 6 75 12 0 0 30 19 21 3 13 2 6 27 0 3 42 
5 0 13 0 0 3 1 1 0 0 0 0 0 0 0 0 1 0 0 0 0 0 1 5 0 0 0 3 0 1 0 5 14 0 1 1 3 0 1 8 1 5 19 28 22 8 32 3 15 108 1 0 1 1 1 0 0 1 0 5 2 0 1 0 3 9 1 1 5 1 0 4 5 39 16 5 2 9 21 16 5 4 1 48 13 32 16 91 17 0 0 27 21 11 20 17 2 10 16 1 5 63 
5 2 3 0 0 0 0 0 0 4 0 0 0 0 0 1 0 0 0 0 0 0 0 1 1 0 0 3 2 3 2 2 7 1 1 0 0 0 3 2 2 0 24 13 14 13 12 2 38 63 40 4 10 1 10 3 8 11 0 4 0 6 0 1 0 1 10 2 1 5 0 0 24 226 22 19 6 38 19 57 11 1 0 70 20 43 20 94 6 0 0 47 11 10 24 15 5 17 12 1 8 39 
2 17 7 1 0 0 1 0 0 2 0 0 0 0 0 0 0 0 0 0 0 0 0 0 0 0 0 1 2 2 0 0 7 0 1 0 1 3 0 4 1 7 36 35 11 20 22 5 9 95 22 8 22 14 1 3 15 11 0 1 3 2 1 1 1 2 2 2 2 4 0 14 5 7 22 17 6 74 64 35 27 17 44 2 17 71 12 128 12 0 0 35 28 21 8 33 0 8 21 1 5 77 
2 7 6 0 1 0 3 3 2 1 0 0 0 0 0 0 1 0 4 5 0 1 0 4 0 0 0 4 0 2 2 2 6 0 0 1 0 1 2 9 1 1 110 44 27 14 27 5 24 107 26 6 31 17 1 3 7 29 0 6 0 4 0 0 1 4 3 2 9 4 0 4 6 15 22 53 8 51 52 86 29 43 60 53 6 69 20 177 17 0 0 29 7 25 19 21 9 8 27 6 16 98 
8 4 4 0 1 1 7 1 1 1 7 0 1 0 0 1 0 3 3 5 0 0 3 5 3 1 0 7 1 15 2 16 16 1 6 7 10 33 18 0 16 3 53 55 12 40 45 13 12 115 26 10 24 8 1 2 8 4 0 9 1 3 3 3 7 11 1 11 3 3 4 6 4 3 21 23 1 37 37 31 17 28 29 52 26 6 6 60 26 0 0 60 14 26 12 10 0 2 17 0 1 69 
6 15 2 2 2 10 2 1 0 1 0 4 0 0 0 0 1 3 2 5 3 0 0 0 2 0 0 8 0 17 4 16 23 8 6 5 16 17 1 4 13 5 39 47 12 34 17 25 13 91 44 11 7 0 3 1 3 10 0 4 3 4 7 2 15 5 3 2 4 0 1 13 10 13 13 36 7 8 42 19 22 19 9 51 29 19 2 63 37 0 0 39 10 34 15 11 3 13 5 1 6 61 
10 28 14 7 2 25 12 10 13 7 7 6 1 3 3 7 14 13 11 17 14 3 5 38 10 0 0 36 3 56 16 68 186 15 63 29 80 86 73 14 5 6 107 56 27 94 72 35 30 361 30 13 61 15 6 4 15 27 0 18 22 12 4 4 22 21 6 11 0 5 4 11 16 38 65 52 11 68 83 61 30 74 43 109 59 60 37 15 16 0 0 70 21 39 34 78 17 65 68 8 9 391 
20 21 1 0 1 7 1 1 7 2 3 0 0 3 2 5 5 18 6 4 5 2 2 13 5 0 0 12 0 44 2 57 67 4 54 26 53 24 27 14 11 9 70 26 7 18 27 2 12 81 32 0 15 4 2 1 3 10 0 6 7 15 8 5 12 23 0 0 1 2 1 1 3 3 17 4 0 20 19 24 12 21 11 32 8 45 35 48 3 0 0 108 24 44 34 24 9 6 16 6 22 119 
0 0 0 0 0 0 0 0 0 0 0 0 0 0 0 0 0 0 0 0 0 0 0 0 0 0 0 0 0 0 0 0 0 0 0 0 0 0 0 0 0 0 0 0 0 0 0 0 0 0 0 0 0 0 0 0 0 0 0 0 0 0 0 0 0 0 0 0 0 0 0 0 0 0 0 0 0 0 0 0 0 0 0 0 0 0 0 0 0 0 0 0 0 0 0 0 0 0 0 0 0 0 
0 0 0 0 0 0 0 0 0 0 0 0 0 0 0 0 0 0 0 0 0 0 0 0 0 0 0 0 0 0 0 0 0 0 0 0 0 0 0 0 0 0 0 0 0 0 0 0 0 0 0 0 0 0 0 0 0 0 0 0 0 0 0 0 0 0 0 0 0 0 0 0 0 0 0 0 0 0 0 0 0 0 0 0 0 0 0 0 0 0 0 0 0 0 0 0 0 0 0 0 0 0 
1 18 1 0 2 3 0 1 0 0 1 1 1 3 1 0 0 3 1 0 0 0 0 2 0 0 0 1 4 13 2 16 47 6 42 5 16 14 26 3 8 0 8 15 5 15 15 5 14 50 8 7 6 6 1 0 1 0 0 4 0 0 0 1 2 1 0 0 0 1 0 0 2 0 11 3 0 10 5 2 4 6 5 16 20 23 42 43 2 0 0 0 12 8 2 19 1 5 6 2 26 77 
1 6 3 1 3 32 1 2 0 0 4 0 0 5 0 0 2 1 1 0 0 0 1 0 0 0 0 4 0 11 0 12 52 1 19 8 48 28 8 2 6 6 29 30 14 14 20 3 8 34 3 1 3 5 1 0 3 8 0 2 1 2 0 0 2 2 0 0 0 0 1 0 0 1 5 5 2 8 3 3 4 5 2 4 4 21 37 49 7 0 0 18 0 9 4 10 2 4 9 0 12 42 
0 20 4 0 0 0 0 5 6 0 1 1 7 0 0 1 0 0 0 0 0 0 0 0 0 0 0 0 0 6 3 56 29 3 26 5 26 10 9 5 11 4 55 57 50 62 49 4 20 137 20 7 6 8 1 2 4 2 0 1 0 1 0 2 0 1 1 0 0 0 0 0 1 0 7 4 11 30 22 17 9 13 15 26 9 56 64 67 19 0 0 29 5 6 0 5 0 5 11 2 21 104 
0 5 2 0 0 2 0 0 0 1 1 0 1 1 0 1 0 0 0 0 0 0 0 0 0 0 0 1 0 6 0 11 19 2 5 4 17 7 4 1 3 0 39 21 29 17 24 3 8 86 12 4 3 22 3 11 0 6 0 1 1 2 0 0 0 0 0 0 0 0 0 0 0 1 6 7 0 6 12 24 3 10 13 23 11 32 76 60 25 0 0 22 7 0 1 0 0 3 6 0 3 72 
3 5 8 0 1 0 5 3 0 0 3 5 0 4 0 1 7 0 0 0 0 0 0 2 1 0 0 3 0 13 3 9 42 5 13 17 40 23 22 12 18 5 166 152 75 27 39 27 16 114 13 2 4 9 1 1 2 6 0 3 1 1 0 1 1 0 0 0 0 0 0 1 0 0 4 7 0 14 17 24 8 19 10 23 5 76 79 147 50 0 0 180 13 42 4 7 1 12 5 6 32 113 
0 3 0 0 0 1 0 0 0 0 0 0 0 0 0 3 0 0 0 0 0 0 0 0 0 0 0 0 0 2 2 2 8 0 0 0 4 3 1 2 3 0 26 11 12 4 5 2 8 32 10 1 3 1 0 0 1 1 0 0 0 0 0 0 0 0 1 0 0 0 0 0 1 1 0 11 0 3 7 5 1 7 0 0 5 40 21 26 9 0 0 22 3 5 13 0 1 0 0 0 0 30 
3 0 4 0 6 5 1 1 8 1 21 1 0 1 2 0 1 0 0 0 0 0 0 3 0 0 0 1 0 7 2 13 18 10 20 13 34 40 24 6 2 1 62 55 38 50 28 20 24 182 13 2 16 31 6 9 8 15 0 11 1 0 0 0 1 5 0 0 0 0 1 0 0 0 46 10 4 18 32 19 35 80 18 32 20 66 33 105 28 0 0 45 10 32 11 28 2 3 5 1 18 77 
1 3 0 1 1 13 2 1 0 1 4 0 2 1 0 1 0 2 1 0 0 0 0 1 0 1 0 1 0 19 0 5 9 7 17 4 31 9 18 5 5 4 47 28 73 46 40 20 18 152 16 4 27 17 5 6 14 18 0 3 5 2 0 0 3 3 1 0 0 0 0 0 0 0 11 18 5 44 31 31 12 45 33 41 22 59 11 100 17 0 0 59 29 15 3 2 0 1 1 2 5 73 
0 3 1 1 0 0 0 0 0 0 0 3 0 0 1 0 2 0 0 0 0 0 0 0 0 0 0 0 0 1 1 0 8 8 13 2 17 7 4 3 2 0 23 11 20 20 14 3 12 35 2 0 12 4 4 1 4 4 0 1 0 0 0 0 0 0 0 0 0 0 0 0 0 0 11 5 0 3 8 13 1 10 8 17 6 25 22 41 9 0 0 17 24 8 13 10 4 3 6 1 0 19 
0 0 0 0 0 1 0 0 0 0 5 0 0 0 0 0 3 0 0 0 0 0 0 0 0 0 0 0 0 3 1 1 5 2 4 2 2 3 4 0 0 0 9 5 7 5 5 1 0 9 1 0 3 0 0 3 0 1 0 0 0 5 0 2 0 0 0 0 0 0 0 0 0 0 7 0 0 0 0 3 5 1 14 7 2 22 1 25 0 0 0 11 3 4 13 0 0 0 0 0 0 1 
3 6 3 0 0 2 0 0 4 2 2 1 1 5 0 1 0 0 0 0 0 0 0 1 0 0 0 4 6 4 2 17 26 2 20 12 26 15 24 8 7 2 36 27 38 35 29 19 9 27 11 3 12 4 4 4 12 1 0 4 4 0 1 0 0 1 0 0 0 0 0 0 2 0 11 7 3 7 18 17 17 19 16 29 7 36 17 103 14 0 0 70 13 9 6 6 0 4 9 2 5 3 
