11 11 13 7 10 19 29 12 29 20 19 33 49 34 33 48 33 27 29 12 16 12 12 40 15 1 1 30 57 5 0 5 11 2 4 3 3 7 13 25 26 2 4 5 21 14 9 6 12 75 8 2 7 4 3 0 5 8 0 1 1 2 1 2 9 16 1 2 2 1 3 0 2 2 3 1 0 3 9 0 0 2 0 1 2 5 4 23 1 0 0 7 1 1 0 1 1 1 1 0 1 7 
6 10 8 8 13 47 20 19 39 20 13 31 49 64 48 53 19 29 16 9 16 20 6 53 21 0 0 18 76 4 2 8 16 0 2 2 6 7 14 25 17 0 7 14 15 20 17 4 3 72 9 0 10 6 1 2 0 5 0 1 2 0 3 6 9 12 2 4 4 2 1 2 1 6 4 5 1 2 14 5 1 0 2 6 3 4 9 31 5 0 0 4 1 1 0 0 1 0 1 0 0 6 
20 23 12 10 7 35 14 17 39 23 10 36 51 52 47 50 28 17 26 11 11 13 5 28 11 0 0 28 76 1 2 3 8 1 1 0 6 4 25 20 13 1 3 9 12 8 13 9 11 33 2 2 6 8 1 0 2 7 0 1 1 1 1 2 4 10 2 2 2 2 2 5 2 1 2 2 0 3 15 0 1 3 2 3 2 2 5 18 0 0 0 4 0 1 0 0 0 0 3 0 0 12 
10 7 16 1 2 3 9 6 9 4 0 11 5 7 8 9 5 4 6 0 1 3 0 5 2 1 0 8 12 0 1 0 2 0 1 0 2 0 3 1 1 0 0 0 0 0 1 1 0 8 0 0 1 0 0 0 0 1 0 1 0 0 0 1 3 2 0 2 0 1 0 0 0 1 1 1 0 1 1 0 0 0 0 0 0 0 0 4 0 0 0 1 0 0 0 0 0 1 0 0 1 1 
6 6 18 2 4 8 8 6 13 6 5 14 23 15 9 16 9 4 6 3 3 4 0 9 3 0 2 6 15 1 0 1 1 0 1 0 1 5 6 5 8 0 1 0 3 0 3 1 0 23 2 1 2 0 0 0 0 5 0 0 1 0 0 1 2 0 0 0 1 0 0 0 0 0 1 1 0 0 4 1 0 0 0 1 1 1 2 4 2 0 0 5 0 0 0 0 0 1 0 0 0 0 
16 26 17 8 7 5 14 9 13 17 21 35 72 50 20 49 42 23 19 5 12 16 7 25 8 0 1 9 55 2 3 1 5 1 3 1 0 4 12 23 8 1 2 7 3 11 5 6 10 27 1 2 3 3 1 1 5 8 0 2 0 0 0 3 2 3 0 9 1 0 0 3 2 2 1 1 0 0 9 0 1 1 2 4 0 1 2 16 1 0 0 10 1 1 3 0 0 3 1 2 0 12 
20 27 13 6 6 21 8 18 33 29 9 15 80 64 20 41 21 15 25 9 8 8 0 9 8 3 1 5 56 6 0 6 8 4 2 0 0 3 18 14 3 0 5 1 7 13 6 5 1 17 1 1 3 2 1 0 1 7 0 2 0 0 1 4 2 4 2 0 4 1 2 0 1 2 1 1 0 0 12 0 0 0 0 4 4 4 3 5 2 0 0 1 0 3 2 0 0 1 0 0 0 6 
7 25 30 7 5 9 17 15 16 10 10 24 79 62 47 51 37 26 14 2 13 9 1 15 10 1 4 18 41 1 1 1 6 2 1 1 1 6 22 12 1 0 4 4 5 4 7 5 11 25 2 1 8 8 1 0 2 3 0 0 0 0 0 0 3 3 3 2 1 4 3 3 0 3 0 0 1 2 12 2 2 0 0 3 1 6 5 7 1 0 0 2 3 1 1 2 0 1 0 1 0 1 
28 32 45 6 5 24 47 15 13 16 12 58 74 56 25 46 27 21 23 8 15 7 4 20 5 0 1 18 40 5 3 3 3 0 2 0 5 4 14 19 16 1 9 8 5 16 6 2 5 26 3 6 1 2 0 0 0 0 0 0 1 0 2 5 2 5 5 2 0 0 1 0 0 2 3 3 0 1 12 0 1 0 1 1 0 1 0 6 3 0 0 9 1 1 0 1 1 1 0 1 0 4 
4 16 20 7 6 26 20 19 25 3 5 15 41 30 16 31 22 28 9 3 6 10 0 21 6 1 0 18 27 2 0 5 3 0 0 0 0 2 7 14 5 1 4 1 3 6 8 2 3 23 13 1 12 2 4 1 1 6 0 2 2 3 1 1 4 5 1 2 0 3 2 5 1 3 6 2 2 0 15 0 2 0 0 1 5 3 3 2 3 0 0 5 0 0 0 1 3 1 0 0 0 1 
17 11 15 2 3 13 11 7 12 7 2 10 20 15 12 24 22 9 12 13 5 11 4 17 7 1 2 28 10 9 0 1 5 0 0 0 1 1 12 8 4 0 3 3 2 6 3 4 3 26 2 3 0 3 2 1 0 3 0 0 0 2 0 2 0 1 0 0 2 0 4 0 0 1 1 0 0 0 5 0 0 0 2 0 0 0 0 5 2 0 0 6 3 0 0 0 0 1 0 0 0 0 
41 59 30 2 25 38 61 35 35 24 13 10 34 64 25 53 43 31 26 13 27 11 9 50 16 1 1 43 36 7 8 2 3 2 1 0 4 7 22 17 12 3 8 3 8 5 3 4 4 32 9 2 10 6 3 2 2 5 0 1 0 5 1 1 1 3 0 5 3 1 4 2 1 1 3 0 0 1 5 0 0 0 0 1 0 1 1 7 1 0 0 5 2 1 0 2 1 2 1 0 0 5 
33 55 48 3 17 58 86 95 83 43 24 46 8 82 52 81 61 75 81 18 25 24 12 64 35 2 6 55 18 15 8 3 10 0 3 3 4 5 22 19 14 0 4 9 4 7 8 4 6 39 3 2 13 5 2 3 7 1 0 3 4 4 1 2 3 4 0 1 2 0 1 3 2 2 5 9 0 2 18 1 1 0 0 2 0 1 1 8 3 0 0 7 4 1 1 3 0 2 0 0 0 2 
55 102 102 12 25 83 115 85 135 86 42 87 107 14 20 60 101 76 80 52 70 58 26 111 36 4 6 121 53 4 0 16 14 5 3 1 2 4 45 18 12 2 4 5 9 12 5 2 6 47 14 11 19 30 3 2 3 19 0 5 11 3 2 0 1 1 0 2 0 0 3 1 0 5 17 2 0 4 27 1 1 0 1 0 0 1 1 6 1 0 0 7 1 5 0 0 0 0 1 0 0 10 
45 66 68 10 13 46 66 39 52 38 16 24 31 37 10 29 48 32 29 23 41 14 30 72 37 3 4 85 30 11 5 3 14 4 7 0 2 5 15 15 7 0 3 1 7 11 5 3 2 16 8 6 10 9 1 1 5 4 0 7 1 1 1 0 0 1 0 0 0 0 0 1 6 1 3 1 0 1 23 0 0 3 0 1 0 0 2 6 3 0 0 1 0 0 1 0 0 1 0 0 0 8 
35 64 50 11 21 36 65 65 58 47 21 49 71 50 22 22 82 89 81 60 95 58 48 162 73 9 14 145 33 36 10 17 28 11 9 8 36 2 32 34 22 0 7 20 10 13 16 9 10 54 7 12 14 7 4 4 10 6 0 3 3 4 1 4 1 3 2 0 3 1 2 1 2 1 6 2 0 2 18 3 2 3 1 2 0 2 1 14 5 0 0 12 3 1 2 3 1 3 0 0 0 6 
27 40 43 6 10 31 38 33 50 46 16 46 56 97 35 70 12 41 55 37 76 45 41 101 25 1 3 70 28 39 15 42 30 4 29 13 28 15 61 45 30 0 18 16 15 19 14 15 14 66 10 6 12 3 3 2 5 12 0 5 1 5 1 3 2 2 0 1 1 0 1 0 3 0 4 8 1 4 22 6 2 2 0 0 0 7 4 23 7 0 0 14 2 1 1 1 0 0 0 0 1 9 
20 21 17 1 5 19 21 23 28 28 25 27 61 108 53 109 47 10 43 28 54 18 20 60 18 4 5 46 7 29 14 19 25 12 15 13 29 8 53 30 11 4 16 13 15 22 25 7 11 48 3 4 14 13 1 0 5 4 0 5 0 0 4 0 3 0 0 0 0 0 4 0 0 0 3 3 0 0 24 2 0 0 0 0 0 3 4 14 4 0 0 8 2 3 1 1 0 0 1 0 0 5 
15 32 16 0 3 21 30 16 32 29 9 23 46 66 31 96 77 37 5 21 58 27 21 81 29 6 0 40 18 25 13 8 21 4 13 5 23 12 52 9 11 1 9 14 10 13 12 6 7 31 0 7 8 2 1 0 2 3 0 3 1 7 1 1 0 0 0 0 0 0 0 1 1 0 1 1 0 2 5 1 2 0 0 2 1 3 4 11 0 0 0 14 0 0 0 1 0 0 0 0 0 6 
6 22 7 1 0 5 9 3 14 12 8 16 25 28 18 50 21 33 21 1 10 11 13 44 17 8 9 75 5 10 6 3 9 0 4 6 5 5 22 12 13 1 4 0 1 3 3 5 2 25 3 1 3 0 0 0 1 4 0 0 0 2 0 0 0 0 0 0 1 0 1 0 0 0 3 0 2 0 7 3 0 0 1 0 0 3 0 8 2 0 0 2 0 0 0 0 0 1 0 0 0 1 
6 8 2 0 3 11 8 12 8 17 5 19 21 43 21 106 43 36 48 4 6 3 14 25 21 20 32 54 11 5 4 1 5 6 7 6 18 3 42 11 7 1 5 6 9 9 6 4 1 13 0 1 3 4 0 1 0 2 0 0 0 0 0 1 0 0 0 0 0 0 0 1 0 0 1 1 0 1 3 1 1 0 0 0 0 1 2 8 3 0 0 2 0 0 0 1 0 1 0 0 0 0 
19 15 15 1 1 5 12 12 13 18 2 6 22 28 21 51 23 16 30 3 4 1 12 33 11 7 10 64 7 0 2 2 3 3 4 1 2 6 19 5 4 0 0 3 3 5 3 3 1 18 1 0 2 1 0 1 0 2 0 0 1 1 0 0 0 0 0 0 0 0 0 0 0 1 0 0 0 0 5 0 0 0 0 0 0 0 0 2 1 0 0 2 1 1 0 1 0 0 0 0 0 1 
2 6 4 1 0 1 2 3 7 12 4 9 14 22 11 42 30 22 28 6 20 10 7 12 6 7 8 61 5 1 5 3 5 0 2 2 2 6 7 2 4 0 3 6 2 4 5 0 1 18 5 1 4 3 0 1 0 0 0 1 0 2 0 0 1 0 0 0 0 0 0 0 0 0 0 1 1 0 4 0 0 0 0 0 0 0 0 9 1 0 0 1 0 0 0 0 0 0 1 0 0 2 
16 21 13 2 3 12 10 12 11 29 6 31 42 51 42 136 76 40 33 21 34 16 12 11 11 28 32 84 6 7 4 4 27 7 12 9 11 22 40 13 15 2 7 7 9 11 11 3 15 98 14 6 10 6 0 6 2 6 0 3 1 2 0 3 0 0 0 0 0 0 0 0 0 0 2 0 0 3 18 3 1 2 2 2 0 3 1 12 3 0 0 2 0 1 1 2 0 1 1 0 0 2 
21 27 14 3 14 13 11 12 6 51 8 38 30 42 27 89 38 17 40 18 23 8 18 13 2 3 9 51 7 11 6 12 65 4 7 8 10 10 31 20 40 6 12 11 36 31 14 14 15 135 29 6 36 7 9 5 5 7 0 4 1 0 0 2 2 0 0 0 1 0 0 1 2 2 10 5 1 1 29 2 3 2 1 2 0 4 1 39 1 0 0 8 0 1 0 0 3 1 7 0 0 5 
0 0 1 0 0 2 0 1 2 1 0 2 0 3 2 11 9 8 8 11 21 13 11 19 6 0 1 12 0 2 1 2 1 0 0 0 2 0 7 1 0 0 0 0 4 1 0 0 0 3 0 0 0 0 0 0 1 0 0 0 1 1 0 0 0 0 0 0 0 0 0 0 0 2 0 0 0 0 0 0 0 0 0 0 0 0 0 1 0 0 0 0 0 0 0 0 0 0 0 0 0 0 
1 0 0 0 1 0 1 0 1 0 2 1 2 1 1 9 1 2 4 3 7 18 8 19 5 2 1 26 0 0 0 1 1 0 1 0 2 1 1 0 2 0 0 0 1 2 0 0 0 5 0 0 0 0 0 0 0 1 0 0 0 0 0 0 0 0 0 0 0 0 0 0 0 0 0 3 0 0 0 0 0 0 0 1 0 0 0 1 0 0 0 0 0 0 0 0 0 0 0 0 0 1 
27 39 21 2 6 21 12 27 20 44 13 41 68 88 87 148 66 39 79 44 72 103 96 109 70 14 43 11 10 2 5 17 26 5 4 19 13 17 39 29 37 5 8 21 38 32 11 10 11 130 12 7 17 4 3 1 5 10 0 2 0 3 1 0 3 0 1 0 1 0 0 0 0 0 7 4 1 7 25 4 1 2 4 11 1 11 3 54 4 0 0 13 1 2 2 6 0 1 0 0 1 11 
54 87 79 16 24 95 60 50 35 40 11 59 44 53 36 62 27 23 19 9 23 30 10 14 5 0 0 17 3 9 3 1 12 4 9 1 8 10 24 31 21 1 12 12 8 14 17 1 4 37 0 3 7 7 1 3 1 5 0 4 3 1 1 4 4 11 8 12 4 4 5 6 3 1 3 3 0 6 17 4 2 1 4 10 4 3 3 6 6 0 0 8 0 3 2 1 0 2 2 0 0 5 
2 1 4 0 0 1 4 10 3 5 4 6 9 3 6 21 34 23 20 8 10 6 8 9 11 0 1 5 3 17 133 129 304 68 123 100 244 114 179 133 90 6 47 47 44 48 44 33 19 252 5 4 13 5 2 1 4 5 0 8 1 6 1 10 21 28 6 18 6 11 5 20 4 0 7 7 2 2 20 0 3 4 6 3 3 8 5 65 17 0 0 32 5 8 9 10 4 3 3 6 1 37 
0 0 1 0 0 1 2 0 0 0 0 1 2 2 1 6 24 8 11 1 1 1 2 4 2 0 0 2 3 96 7 71 90 19 38 40 115 33 78 26 22 2 13 10 15 11 15 4 4 57 2 5 3 5 1 0 1 4 0 5 1 2 1 9 6 5 0 7 1 6 3 2 0 0 2 0 0 1 8 2 0 0 4 1 0 6 2 21 5 0 0 9 1 2 0 3 0 2 3 0 0 6 
1 5 1 1 0 2 3 2 2 3 2 3 14 3 5 6 21 16 17 3 3 1 0 8 10 0 0 2 0 119 66 6 141 22 61 64 182 106 169 76 58 11 51 30 35 62 28 14 20 104 7 3 11 4 3 3 2 8 0 5 2 7 5 18 10 24 5 5 6 5 5 5 2 0 6 5 0 3 29 0 5 3 0 0 1 6 2 44 16 0 0 30 3 10 13 9 1 4 1 0 0 15 
14 13 11 8 4 5 17 6 7 9 4 14 27 7 8 25 34 32 22 9 14 11 11 67 36 2 2 25 10 291 114 139 19 49 106 129 229 160 248 198 194 19 103 112 161 138 168 80 129 887 47 26 71 35 13 5 17 30 0 17 5 5 1 10 29 30 17 21 6 23 17 20 15 14 14 13 3 12 74 13 7 6 12 10 9 28 21 181 39 0 0 55 16 20 14 32 5 11 10 6 4 61 
4 5 3 0 0 2 3 2 1 3 0 0 6 0 0 9 14 9 8 2 8 0 7 5 4 0 0 6 3 61 30 35 51 9 36 20 103 56 93 60 34 7 31 30 22 31 16 20 14 91 6 6 16 10 4 2 3 5 0 2 2 11 1 2 8 20 4 11 2 4 8 16 10 11 9 6 0 1 20 1 4 3 0 2 1 3 2 21 7 0 0 17 5 4 6 7 1 2 1 0 0 9 
13 5 3 1 2 3 3 4 3 1 1 1 5 2 3 25 24 15 13 17 5 6 5 11 7 1 1 15 7 151 69 104 111 28 15 17 142 65 137 98 54 14 54 56 48 60 40 9 20 123 5 8 15 6 2 1 4 7 0 4 3 8 5 2 5 24 4 8 11 9 4 21 7 7 4 3 3 4 24 1 3 1 0 2 0 9 9 19 10 0 0 34 5 5 7 10 0 4 5 1 0 16 
5 2 3 0 0 0 3 2 2 0 1 1 4 0 6 10 12 8 10 2 5 4 3 11 2 0 0 9 5 153 81 85 150 17 32 8 214 47 112 66 48 1 30 21 31 40 19 10 16 129 2 3 3 4 3 0 1 1 0 2 1 4 2 2 4 14 5 4 4 3 9 6 8 3 0 0 0 0 6 0 3 0 0 2 0 3 1 26 8 0 0 20 3 8 4 6 0 4 8 3 0 20 
6 13 10 1 2 3 5 5 8 7 3 7 1 2 1 29 21 29 20 10 15 11 7 46 12 2 5 30 3 449 208 244 446 106 177 133 16 156 450 343 195 50 116 165 175 162 125 71 71 452 19 13 23 18 5 2 6 13 0 1 6 18 10 22 22 41 10 24 6 3 23 29 24 8 18 5 1 0 44 3 4 3 0 6 5 27 22 101 53 0 0 94 19 25 16 29 3 20 12 2 7 71 
10 8 13 2 5 13 12 6 7 7 5 9 10 5 1 6 19 18 9 10 7 10 12 32 8 1 5 17 14 147 48 109 134 40 51 49 102 10 166 160 127 11 95 106 89 81 61 36 41 272 11 5 10 7 0 1 2 6 0 2 2 8 4 15 12 6 3 2 4 4 8 12 7 6 8 1 0 1 13 2 1 1 1 5 1 16 9 56 19 0 0 50 7 13 4 17 1 9 5 5 3 27 
22 26 23 2 6 17 33 30 36 26 21 31 30 15 10 11 44 56 41 35 33 27 23 66 21 5 10 84 28 252 104 220 280 102 123 81 419 113 20 357 222 15 118 147 131 179 131 68 77 527 17 23 36 20 2 5 18 14 0 3 6 8 10 28 28 40 14 19 3 12 27 33 20 9 24 6 0 10 42 1 10 3 7 19 7 29 30 115 34 0 0 106 14 20 18 27 11 27 14 7 0 79 
13 19 20 3 4 10 19 6 16 7 4 20 31 17 18 16 27 17 17 14 20 5 6 29 15 0 2 22 9 112 27 78 158 45 80 61 242 154 322 19 53 11 65 163 58 112 72 66 52 269 6 7 24 6 1 1 4 5 0 1 2 16 2 8 8 15 2 2 2 0 4 0 6 4 5 4 0 4 12 8 4 7 7 19 8 9 4 32 20 0 0 43 10 10 4 11 2 4 10 2 1 16 
17 12 12 0 2 7 7 3 7 6 2 9 17 7 4 19 20 25 4 10 7 7 4 36 17 0 0 42 12 72 18 85 137 21 47 31 124 82 222 67 11 16 64 111 43 107 76 33 27 266 10 5 6 2 0 0 3 3 0 2 1 3 2 9 18 15 5 5 2 1 2 4 2 2 4 5 0 1 14 8 5 6 4 13 8 15 5 19 15 0 0 59 14 7 13 15 1 8 3 3 2 29 
0 2 5 0 0 1 2 0 1 1 1 0 8 0 1 5 6 0 1 1 1 0 0 3 0 1 0 1 4 10 3 6 16 5 5 4 35 11 34 12 18 5 20 46 15 15 10 13 9 36 1 2 1 0 2 0 0 0 0 0 0 0 0 1 0 2 2 1 0 0 2 1 1 0 0 0 0 0 3 1 2 1 1 3 1 4 2 11 4 0 0 12 3 2 2 0 0 1 1 2 0 11 
7 15 7 2 2 5 15 10 9 2 5 5 14 3 6 2 17 16 6 2 7 3 3 16 3 0 2 12 6 53 29 39 90 29 42 35 114 57 118 76 82 33 18 98 45 103 66 37 63 237 3 6 9 10 1 3 2 11 0 5 4 6 4 4 11 6 2 4 1 0 4 1 9 1 7 7 1 5 32 15 18 9 16 39 23 71 36 137 44 0 0 69 20 50 29 52 7 37 30 9 4 89 
18 11 9 4 1 5 6 3 10 6 5 9 8 7 6 7 15 17 17 5 13 5 6 22 10 1 1 13 9 70 18 49 98 35 35 28 148 109 191 187 107 29 97 29 183 270 129 92 96 428 20 1 28 12 2 2 6 9 0 2 1 5 0 14 14 16 3 1 1 3 7 5 6 3 22 13 5 16 61 18 26 24 27 82 31 143 81 163 83 0 0 224 47 74 35 83 15 45 22 12 10 105 
6 15 9 2 7 18 10 8 13 8 2 5 10 12 5 11 24 24 13 7 13 4 3 39 8 0 2 26 6 67 30 40 132 33 42 42 124 102 184 123 72 20 81 187 19 169 126 87 95 380 12 4 9 3 2 1 4 2 0 1 0 5 3 9 8 13 2 3 1 1 5 9 4 5 14 8 2 11 35 5 7 9 6 35 10 33 20 109 28 0 0 66 16 39 32 37 6 37 35 10 1 57 
9 9 13 1 1 11 10 5 7 9 6 15 14 12 11 10 36 18 15 5 13 10 10 24 13 2 1 29 15 75 21 61 179 32 56 51 180 124 228 176 139 27 100 295 183 20 215 190 181 770 16 14 32 5 8 4 3 6 0 4 0 5 2 7 9 9 3 8 6 3 7 8 6 3 15 6 2 10 38 16 16 17 24 50 34 79 29 194 37 0 0 166 25 42 31 37 6 41 41 4 11 128 
9 22 9 0 0 8 14 7 13 5 5 11 13 7 4 11 16 18 13 1 11 8 6 25 7 0 0 17 2 46 28 54 133 29 38 23 93 77 154 113 89 16 74 168 127 226 28 96 91 458 9 4 28 8 1 0 5 14 0 3 3 2 1 9 5 12 6 7 0 4 6 4 2 0 10 6 2 5 23 9 16 8 6 28 28 53 20 142 21 0 0 75 13 30 30 19 6 18 19 3 1 76 
1 12 2 0 2 2 3 9 2 7 2 3 3 5 4 6 9 1 3 2 2 6 1 10 6 0 0 9 2 16 5 23 78 9 7 5 36 29 76 43 41 8 30 100 66 168 113 14 57 350 1 2 8 1 1 0 2 0 0 1 1 2 2 5 2 6 5 1 0 2 0 3 0 1 6 1 0 0 11 1 7 0 4 18 3 10 9 91 9 0 0 48 11 7 7 15 0 8 20 3 2 41 
7 8 4 0 0 3 7 2 2 6 1 2 4 1 0 2 6 5 3 3 2 2 2 20 4 0 0 11 4 32 9 15 95 8 7 16 45 31 70 47 42 4 35 84 65 154 106 73 17 348 4 0 12 5 2 0 0 3 0 0 0 0 0 1 2 5 0 3 0 2 1 5 4 0 2 3 3 0 15 2 6 8 3 14 5 12 10 97 13 0 0 62 4 16 10 17 2 8 8 0 1 53 
40 55 30 3 8 32 30 20 35 20 22 30 30 22 13 34 40 37 35 16 23 24 17 150 51 1 1 106 19 204 67 122 726 67 94 96 313 203 466 248 265 43 157 381 265 477 334 383 324 55 37 12 76 25 4 5 14 26 0 5 4 5 1 20 33 41 6 17 7 7 24 24 16 12 37 31 1 21 103 48 30 26 30 96 43 78 57 519 52 0 0 210 40 73 59 61 7 69 67 11 6 253 
2 8 4 0 1 5 6 3 5 6 3 10 12 13 14 13 15 2 4 3 2 2 5 23 5 0 2 13 4 13 1 7 45 7 7 6 7 2 12 7 4 3 8 13 8 9 14 9 8 44 10 6 18 19 4 4 9 32 0 29 5 4 3 8 23 20 7 15 2 15 11 6 16 11 12 10 4 6 81 7 9 0 6 29 6 13 10 31 10 0 0 7 3 4 3 2 2 6 4 3 1 28 
1 9 2 2 0 6 3 5 2 3 1 5 7 6 3 4 5 3 1 0 0 0 1 18 4 0 0 7 7 5 4 2 31 2 6 5 3 2 9 5 2 1 4 4 2 5 4 0 5 13 9 5 35 29 14 6 8 13 0 18 4 1 4 9 4 4 5 5 1 5 2 9 5 4 6 2 1 2 53 5 8 2 3 16 4 5 6 24 5 0 0 7 1 3 4 9 1 1 2 1 1 8 
6 12 5 2 0 6 11 2 3 6 6 7 10 18 13 15 13 10 1 3 0 3 3 14 6 1 1 15 6 18 1 15 65 9 12 2 10 5 31 9 6 3 7 18 4 13 8 10 9 69 38 28 13 35 11 3 18 25 0 15 10 2 5 31 16 34 11 26 5 29 10 16 12 6 4 6 2 13 96 19 6 4 6 24 16 19 6 46 5 0 0 5 4 4 4 6 2 6 6 0 1 25 
1 7 4 0 0 3 1 1 2 5 0 7 11 10 7 9 2 4 12 1 0 0 1 6 0 0 0 3 6 14 1 5 19 8 4 5 9 2 11 4 1 0 5 8 2 4 8 3 4 23 9 15 37 2 13 6 9 21 0 12 4 2 5 13 12 13 5 18 6 9 2 9 6 1 8 5 1 6 48 4 6 0 4 14 5 6 6 14 3 0 0 9 1 6 4 3 3 6 7 0 0 11 
3 2 2 1 0 2 4 5 1 1 0 4 1 4 2 8 3 1 1 0 0 2 0 6 1 0 0 4 0 4 0 0 7 3 5 0 2 0 0 0 2 0 2 1 0 3 1 3 1 7 24 4 12 9 1 3 8 13 0 8 9 2 6 6 8 5 1 2 0 3 5 3 6 0 3 8 3 0 40 6 3 0 1 11 1 2 2 5 2 0 0 1 1 2 2 5 0 2 0 0 0 3 
0 1 0 0 2 1 8 0 1 2 1 1 1 5 0 3 2 3 0 0 0 1 2 1 2 0 0 6 0 1 0 2 1 3 2 0 5 0 1 0 0 0 1 6 2 0 1 1 2 4 4 5 13 5 3 1 4 11 0 6 4 1 0 2 4 8 0 7 1 4 9 2 3 5 4 0 1 4 25 1 2 4 1 10 2 8 4 6 0 0 0 0 0 3 2 0 0 1 0 0 0 1 
2 3 5 0 2 4 3 2 4 2 0 2 2 4 6 4 4 4 1 0 0 3 0 3 1 0 0 2 0 4 3 11 17 4 2 2 6 3 8 6 1 0 7 7 8 6 3 3 3 18 20 26 37 31 7 11 5 14 0 17 6 3 6 12 9 8 4 12 1 7 2 5 2 7 13 0 1 5 51 8 2 6 5 14 9 5 3 15 3 0 0 3 2 3 5 1 0 2 1 1 1 5 
4 5 7 0 1 4 8 5 3 5 4 6 11 13 9 15 8 6 2 2 0 1 0 3 5 1 0 3 5 6 9 4 20 9 16 5 5 4 16 3 7 0 5 6 4 5 9 2 3 20 20 17 45 19 11 13 7 4 0 42 7 4 2 11 10 24 5 13 4 7 5 6 7 3 16 15 2 14 111 21 9 3 10 27 19 12 4 23 0 0 0 5 5 2 3 4 0 0 6 1 0 4 
0 0 0 0 0 0 0 0 0 0 0 0 0 0 0 0 0 0 0 0 0 0 0 0 0 0 0 0 0 0 0 0 0 0 0 0 0 0 0 0 0 0 0 0 0 0 0 0 0 0 0 0 0 0 1 0 0 0 0 0 0 0 0 0 0 0 0 0 0 0 0 0 0 0 0 0 0 0 0 0 0 0 0 0 0 0 0 0 0 0 0 0 0 0 0 0 0 0 0 0 0 0 
7 14 11 2 5 2 10 6 3 5 4 6 8 14 14 26 18 2 10 6 10 7 3 30 9 2 1 13 17 6 6 6 14 1 2 0 6 2 11 8 3 0 7 5 5 8 2 0 3 27 36 15 30 20 17 3 12 8 0 4 3 9 0 8 11 25 12 10 2 5 14 14 9 17 6 9 0 6 41 6 6 1 6 19 4 6 4 20 3 0 0 11 2 1 1 0 0 1 1 0 2 10 
1 2 2 0 0 1 0 0 6 0 0 1 2 1 2 1 2 0 0 1 0 5 0 5 0 0 0 2 1 7 2 10 4 2 0 2 2 0 2 3 0 2 1 1 1 4 3 0 2 10 3 9 12 8 3 1 3 13 0 2 5 7 1 6 7 11 11 17 5 5 13 10 6 5 3 3 0 2 9 3 1 0 0 3 1 5 1 6 3 0 0 3 0 1 0 1 0 0 1 0 0 6 
1 4 2 1 0 4 0 0 4 1 5 2 3 2 1 2 3 1 2 3 0 0 1 2 2 0 0 1 4 12 4 8 10 10 22 1 17 8 14 9 5 0 3 12 10 7 4 1 4 20 3 3 5 5 1 0 6 5 0 13 9 2 2 14 16 21 2 5 1 23 8 8 6 3 6 1 0 0 22 3 2 1 7 5 3 5 6 10 3 0 0 9 0 4 0 4 1 1 4 0 0 5 
0 1 2 1 0 1 0 1 0 0 0 3 3 2 1 2 0 5 0 0 0 1 0 1 0 0 0 1 3 0 0 2 4 3 6 3 6 2 6 4 5 0 1 0 2 2 2 1 1 3 0 2 2 1 0 4 2 3 0 11 0 0 0 5 10 13 1 6 3 5 12 5 1 3 2 1 1 5 7 1 2 0 3 2 2 0 0 2 0 0 0 4 0 2 1 2 0 1 0 0 0 1 
4 4 7 0 1 3 4 4 1 0 2 1 3 0 0 3 3 0 5 0 1 0 0 2 1 0 0 2 8 11 11 7 17 1 9 6 17 10 26 10 8 2 2 3 6 14 6 3 3 29 10 8 16 10 4 3 7 9 0 9 5 21 5 3 17 30 9 11 13 14 18 24 17 9 8 2 1 4 35 4 6 2 1 1 2 3 3 3 1 0 0 4 0 0 1 2 0 0 0 0 0 4 
3 4 2 1 1 6 10 9 1 2 1 2 1 3 0 2 2 0 0 1 0 0 0 1 0 0 0 1 4 17 33 15 20 8 10 3 22 12 39 22 10 1 3 2 9 10 7 2 5 26 8 5 30 11 4 3 6 11 0 17 9 14 11 3 6 37 17 26 14 30 32 41 19 15 8 9 2 5 35 6 8 2 2 6 1 6 0 10 11 0 0 10 2 1 1 0 1 0 0 0 0 1 
10 5 9 0 2 3 10 16 11 14 5 4 1 0 1 0 4 0 2 0 0 0 0 2 1 0 1 1 6 37 23 39 35 22 12 15 31 6 39 33 9 3 13 23 18 16 15 10 6 43 31 16 46 21 14 6 12 15 0 35 13 12 10 21 28 19 17 25 39 53 42 63 44 38 10 10 6 9 53 11 11 3 5 3 4 8 1 13 5 0 0 11 4 0 0 0 0 0 0 0 0 5 
12 3 3 0 2 2 3 6 5 5 0 1 1 2 0 0 0 0 0 0 0 0 0 0 1 0 0 0 0 10 12 4 9 5 4 5 14 9 6 3 6 2 3 4 5 3 3 1 0 12 5 1 8 4 2 1 3 2 0 14 7 3 6 19 22 17 5 10 12 22 29 25 12 11 1 3 0 0 13 3 4 1 6 3 0 1 6 4 0 0 0 3 1 1 0 2 1 0 0 0 1 0 
0 3 2 0 0 3 1 3 0 6 1 0 0 0 0 1 0 0 0 0 0 0 0 1 0 0 0 0 2 14 2 8 12 10 9 2 15 2 11 5 2 1 6 4 2 5 3 2 3 20 7 11 15 7 5 1 7 10 0 8 9 6 9 10 11 20 8 7 9 11 26 20 10 22 3 2 1 2 25 6 0 1 2 5 1 3 0 6 1 0 0 2 0 0 0 0 0 0 0 0 0 1 
3 3 0 3 0 2 0 9 1 1 0 0 0 0 2 0 0 0 0 0 0 0 0 0 1 0 0 0 0 10 2 7 8 2 0 2 7 5 10 4 7 0 1 4 0 3 7 2 1 9 4 1 3 0 0 0 1 7 0 8 4 3 1 4 6 20 8 6 0 13 21 25 6 6 0 0 0 1 10 1 2 1 10 0 0 0 2 4 0 0 0 1 0 0 0 1 0 0 0 0 0 0 
0 2 3 1 1 4 2 7 0 0 2 1 0 0 3 5 4 0 0 0 1 0 0 0 0 0 0 0 3 12 5 2 15 4 12 7 6 6 10 7 1 0 3 2 2 4 3 0 1 10 6 6 26 12 4 3 6 6 0 9 11 4 2 6 27 47 24 26 16 5 27 35 10 27 6 2 1 3 27 3 3 1 2 4 6 3 1 12 0 0 0 0 0 0 1 0 1 0 0 0 0 0 
1 2 2 1 3 1 0 3 1 3 2 0 1 0 0 6 5 0 0 0 0 0 0 0 1 0 0 0 0 4 5 3 13 4 4 0 12 7 17 3 2 0 4 2 8 3 2 2 3 20 1 5 3 3 3 3 4 2 0 7 6 6 6 8 16 33 5 23 12 21 3 43 6 13 5 3 0 2 18 2 1 0 0 1 0 3 2 8 1 0 0 2 0 0 0 0 0 0 0 0 0 2 
0 0 2 0 0 3 3 1 1 1 0 0 9 2 2 1 0 0 0 0 0 0 0 1 0 0 0 0 1 6 2 2 15 9 4 5 16 12 24 12 6 2 4 2 2 2 3 1 1 19 8 4 9 6 2 2 1 4 0 14 0 5 6 13 20 52 14 30 25 36 47 6 40 12 3 2 2 1 21 2 3 2 0 8 2 0 1 5 0 0 0 0 0 0 0 0 0 0 0 0 0 3 
4 12 1 0 0 6 7 0 9 0 1 2 6 3 2 1 6 13 0 0 0 0 1 1 0 0 0 0 5 10 3 7 7 11 26 6 14 14 19 14 13 0 7 6 6 2 11 4 8 51 26 13 31 5 8 7 9 9 0 14 11 11 5 8 28 40 16 30 17 44 24 58 4 25 4 4 2 4 32 8 12 0 9 7 5 1 3 21 3 0 0 4 0 1 0 2 0 3 0 1 0 4 
0 8 4 0 2 2 4 1 2 3 1 2 2 1 4 1 2 0 0 0 0 0 0 2 0 0 0 0 3 1 0 3 14 8 6 10 8 14 29 17 4 0 5 7 2 1 2 3 4 34 15 8 19 14 5 0 10 13 0 28 7 4 3 18 18 53 7 31 16 31 21 49 17 1 5 6 2 5 49 2 8 2 11 10 1 6 7 28 2 0 0 5 0 1 0 0 0 0 0 1 0 6 
0 2 1 1 0 4 6 1 1 4 0 0 2 2 5 10 8 3 4 2 4 0 0 8 3 0 0 4 0 3 2 2 14 1 3 1 1 4 7 4 5 0 9 7 5 11 6 4 5 38 3 4 9 8 3 0 8 8 0 8 2 3 1 1 7 3 2 10 1 5 5 5 2 2 3 8 2 12 99 19 6 12 12 49 9 18 13 56 15 0 0 15 3 8 2 6 1 8 5 1 2 27 
3 0 0 1 1 0 2 3 5 5 1 2 1 6 1 3 8 0 0 1 0 2 1 4 1 0 3 2 1 8 0 9 7 3 3 3 2 1 5 7 5 0 12 13 13 10 16 7 7 64 15 3 11 8 2 1 12 15 0 9 0 1 2 1 5 11 9 2 1 1 2 1 9 3 6 1 7 21 111 26 13 5 21 47 14 17 20 77 10 0 0 13 0 11 7 4 6 18 4 1 0 19 
0 2 0 0 0 0 3 0 0 0 0 1 1 3 0 1 0 0 1 0 0 0 1 1 1 0 0 3 0 2 0 0 2 0 0 0 2 0 1 0 1 0 1 3 1 0 3 2 0 2 0 0 0 3 0 0 3 0 0 1 0 0 1 1 2 3 0 4 0 0 1 0 0 2 3 10 2 11 41 7 5 5 6 17 7 1 2 8 2 0 0 1 0 3 0 3 0 2 1 1 0 0 
0 3 2 0 0 2 2 1 1 0 1 0 1 2 2 1 2 0 4 1 0 0 2 0 1 0 0 2 3 1 1 2 2 1 2 0 2 0 4 5 4 0 12 17 6 3 2 2 4 27 5 3 11 6 11 3 4 22 0 6 0 0 2 11 5 9 3 1 1 2 1 0 2 1 12 10 3 1 54 23 15 6 16 55 12 8 3 20 6 0 0 8 6 2 6 5 2 1 4 0 0 12 
7 17 10 0 4 14 15 11 9 9 4 4 30 31 16 18 17 12 2 3 7 4 5 25 3 1 0 15 12 23 14 22 54 27 11 5 18 6 38 7 9 1 27 52 19 32 20 17 16 88 114 62 168 77 57 39 52 110 0 44 25 15 6 24 32 55 14 29 9 21 25 29 21 23 204 172 63 76 16 73 101 36 71 223 58 38 16 137 18 0 0 42 10 22 5 8 3 18 12 5 3 46 
1 3 1 0 0 0 0 1 0 1 1 0 2 4 0 4 6 3 0 0 0 0 1 1 4 0 0 2 0 4 4 3 9 4 3 2 5 1 1 8 2 3 10 19 3 4 7 2 4 38 5 4 13 8 3 4 3 21 0 1 1 3 0 5 8 4 3 6 1 0 4 2 10 3 14 40 12 22 93 4 18 21 33 109 56 17 12 48 20 0 0 5 7 12 7 2 1 7 6 0 2 12 
1 1 1 0 0 0 2 0 0 0 1 0 1 3 2 2 0 0 0 0 0 0 0 4 1 0 0 0 4 3 1 3 8 0 1 0 1 1 8 2 6 1 11 9 1 10 5 3 3 30 9 8 8 4 2 1 4 4 0 4 0 1 2 4 2 2 6 4 1 2 1 5 5 1 22 14 2 11 89 24 4 1 8 67 34 11 8 36 10 0 0 21 7 5 7 4 0 6 4 2 1 20 
1 1 3 0 1 0 0 0 1 3 1 0 0 3 3 1 0 2 0 0 0 0 0 4 1 0 0 4 3 6 1 4 3 2 2 1 3 1 3 7 4 0 8 13 5 16 8 6 6 53 5 0 7 4 3 0 2 5 0 4 0 1 0 2 2 2 1 3 0 4 6 8 2 3 9 10 0 4 32 11 12 5 4 41 22 18 12 66 11 0 0 23 7 7 10 12 0 12 5 0 2 17 
2 2 2 0 0 1 0 1 0 0 0 0 0 0 0 0 0 0 0 0 0 0 0 0 3 0 0 0 1 5 7 1 8 0 2 0 0 1 2 4 2 2 11 21 5 9 4 1 8 41 4 9 10 3 1 3 5 7 0 2 1 2 0 0 3 5 0 1 4 1 2 6 3 5 10 11 6 16 55 12 17 6 3 72 49 19 6 52 7 0 0 14 5 1 4 6 0 18 14 1 1 16 
3 13 4 3 1 1 3 2 4 2 0 0 0 0 0 2 2 2 1 0 0 0 0 3 2 0 0 6 2 14 0 4 13 1 2 0 6 6 23 15 12 2 37 70 27 44 23 19 8 98 21 11 43 29 6 5 30 38 0 11 2 7 1 10 4 6 1 1 1 4 5 5 7 3 82 53 26 83 247 139 107 38 174 17 142 111 31 174 39 0 0 71 13 37 23 29 7 28 21 3 7 54 
1 2 0 1 0 0 4 2 0 2 0 0 0 0 0 0 1 0 0 0 0 0 0 0 0 0 0 1 0 4 2 1 3 2 0 2 5 1 6 7 8 1 16 32 5 11 11 5 3 26 6 3 8 5 1 5 7 12 0 6 2 2 1 0 2 1 0 0 1 1 1 1 3 0 10 12 1 22 57 28 40 14 46 128 10 36 17 74 10 0 0 28 11 10 7 8 2 17 7 0 1 25 
2 2 1 0 1 4 2 4 2 0 1 2 1 0 0 4 5 4 6 4 4 0 0 7 1 1 0 4 3 19 6 6 22 5 8 3 16 13 29 4 13 8 52 130 33 38 43 22 22 107 10 8 25 8 4 1 6 10 0 11 2 1 0 4 6 4 4 2 2 2 4 5 0 3 16 5 1 15 48 27 28 15 24 95 37 4 16 92 56 0 0 74 18 29 23 29 4 39 24 8 6 48 
1 6 4 0 0 2 2 0 1 0 1 1 2 0 0 1 7 2 0 0 4 0 0 11 0 0 0 8 0 11 9 8 14 2 4 4 17 7 24 6 16 0 20 73 19 32 25 15 7 68 7 2 16 4 1 1 3 6 0 7 2 1 1 1 4 2 0 1 2 2 1 0 2 2 17 4 4 11 25 14 15 10 9 48 28 28 5 45 31 0 0 44 15 17 17 23 1 16 15 2 2 25 
34 35 32 5 11 17 22 12 9 17 5 6 11 2 8 8 18 16 8 5 10 4 9 46 29 0 1 59 14 97 40 51 232 21 28 19 98 71 147 45 46 22 119 163 85 210 192 138 164 1046 50 27 76 9 10 5 17 31 0 18 6 5 2 5 9 17 9 11 5 5 13 7 10 6 76 44 7 42 145 50 55 93 75 188 82 124 64 20 69 0 0 191 62 65 54 107 24 66 61 16 1 360 
2 4 1 0 2 2 2 0 0 2 0 2 1 2 1 1 4 11 4 2 1 2 1 6 2 2 0 4 1 17 4 8 29 12 6 6 23 22 32 25 17 10 35 83 22 29 20 16 13 65 9 7 11 2 1 2 3 6 0 3 0 2 0 1 5 1 1 2 0 0 2 8 3 1 12 9 4 8 31 9 12 6 13 44 13 49 23 48 3 0 0 64 14 22 10 19 8 11 8 8 1 42 
0 0 0 0 0 0 0 0 0 0 0 0 0 0 0 0 0 0 0 0 0 0 0 0 0 0 0 0 0 0 0 0 0 0 0 0 0 0 0 0 0 0 0 0 0 0 0 0 0 0 0 0 0 0 0 0 0 0 0 0 0 0 0 0 0 0 0 0 0 0 0 0 0 0 0 0 0 0 0 0 0 0 0 0 0 0 0 0 0 0 0 0 0 0 1 0 0 0 0 0 0 0 
0 0 0 0 0 0 0 0 0 0 0 0 0 0 0 0 0 0 0 0 0 0 0 0 0 0 0 0 0 0 0 0 0 0 0 0 0 0 0 0 0 0 0 0 0 0 0 0 0 0 0 0 0 0 0 0 0 0 0 0 0 0 0 0 0 0 0 0 0 0 0 0 0 0 0 0 0 0 0 0 0 0 0 0 0 0 0 0 0 0 0 0 0 1 0 0 0 0 0 0 0 0 
3 7 13 1 4 6 9 3 12 5 3 8 5 12 3 5 16 5 6 5 5 2 1 14 4 0 0 15 3 35 12 34 51 22 37 32 112 64 140 52 46 24 86 189 56 141 85 52 67 300 22 5 26 13 3 2 11 19 0 2 3 5 4 6 7 12 3 0 1 0 2 4 4 3 27 12 5 9 52 21 32 18 25 116 47 102 63 205 53 0 0 21 45 66 44 99 14 41 63 12 4 137 
0 0 1 1 0 0 2 1 5 1 2 2 2 0 4 1 4 0 1 0 0 0 0 0 1 0 0 1 0 8 2 8 7 4 6 1 16 5 25 14 19 5 33 70 24 19 18 5 9 41 2 2 0 1 0 0 2 2 0 0 1 0 2 1 1 1 1 0 0 0 0 1 2 0 2 13 3 4 14 9 9 7 7 25 10 23 15 46 20 0 0 41 2 6 12 22 1 23 7 1 4 28 
1 1 1 0 1 0 0 0 1 3 0 3 1 2 0 1 4 0 3 0 0 0 3 3 0 0 0 5 0 9 5 8 14 3 8 3 15 7 15 7 5 4 25 66 16 34 16 20 20 62 4 2 12 1 3 3 2 2 0 1 1 0 0 4 0 0 0 0 0 0 1 1 0 0 11 4 1 5 22 10 12 11 9 13 14 28 15 67 14 0 0 99 6 5 4 17 3 7 2 4 3 45 
1 3 1 0 0 0 1 2 3 2 2 2 0 1 1 0 0 1 0 0 0 0 0 3 0 0 0 1 2 7 1 9 4 9 4 5 10 2 25 7 10 6 21 49 9 17 18 6 18 35 4 5 5 3 0 0 0 4 0 5 1 0 0 1 0 0 0 0 0 0 0 0 1 1 2 4 2 7 15 12 11 7 11 18 15 14 16 55 16 0 0 29 19 10 9 11 0 12 10 4 5 59 
0 2 4 2 0 2 0 0 1 0 0 1 2 1 0 0 3 0 0 0 1 1 0 0 0 0 0 1 1 5 3 6 20 3 5 7 13 8 23 5 15 5 34 88 20 34 25 12 15 61 2 0 9 1 5 0 0 3 0 2 1 1 0 0 0 1 0 2 0 0 1 0 0 0 1 3 1 6 12 5 7 0 5 30 5 7 19 65 16 0 0 89 18 13 8 6 3 21 7 4 0 57 
0 0 0 0 0 0 0 0 0 1 0 0 0 0 0 0 0 0 0 0 0 0 0 0 0 0 0 0 0 1 1 2 3 0 0 0 1 0 3 3 1 0 9 9 2 4 1 0 2 9 1 0 1 1 0 0 0 0 0 0 0 0 0 0 0 0 0 0 0 0 0 0 0 0 2 0 0 1 2 2 0 1 0 10 0 5 0 7 2 0 0 13 1 0 0 1 0 0 2 1 0 6 
3 0 1 0 0 1 0 0 0 1 0 1 2 0 0 0 2 1 0 0 0 1 0 0 0 0 0 0 2 7 0 1 8 1 3 6 15 5 10 4 6 0 18 46 17 22 16 8 4 64 1 3 9 2 0 0 6 0 0 1 0 1 0 2 1 2 1 0 0 0 0 0 0 0 5 1 0 3 17 6 4 8 3 26 9 17 18 45 12 0 0 53 9 6 5 22 0 4 6 0 1 35 
1 1 0 0 1 1 0 0 0 1 1 0 2 0 0 2 1 1 0 0 0 0 1 0 0 0 0 0 0 7 0 2 7 2 6 2 14 7 24 4 7 0 16 29 17 28 13 7 12 76 3 2 4 0 0 0 2 4 0 0 0 1 0 0 1 0 0 0 0 0 2 1 0 0 5 1 0 2 16 5 4 8 8 21 7 17 7 49 15 0 0 58 6 5 4 5 2 5 1 2 3 32 
1 0 0 0 0 1 0 0 0 0 0 0 0 0 0 0 0 0 0 0 0 0 0 0 0 0 0 0 0 0 2 0 2 1 0 0 5 3 3 2 0 0 3 4 3 4 6 1 0 11 0 0 1 4 0 0 1 0 0 0 0 0 0 0 0 0 0 0 0 0 0 0 0 0 0 0 0 1 3 1 3 3 5 7 3 3 4 16 4 0 0 8 0 0 2 2 0 1 2 1 1 7 
0 0 0 0 0 0 0 0 0 0 0 0 0 0 0 0 0 0 0 0 0 0 0 0 0 0 0 1 0 2 1 0 0 0 1 0 0 2 1 1 2 0 5 8 3 3 5 0 1 12 0 1 0 0 0 0 1 1 0 1 0 0 0 0 0 0 0 0 0 0 0 1 0 0 3 6 0 0 1 2 1 1 3 7 3 9 0 18 2 0 0 7 1 5 2 8 0 1 1 1 0 0 
18 30 13 5 4 11 15 3 6 9 3 10 10 7 5 10 13 8 1 1 2 0 1 8 7 0 0 22 3 71 9 29 87 21 30 26 62 45 91 49 61 14 154 149 73 133 95 76 75 446 26 29 54 23 7 3 10 17 0 14 7 4 1 4 7 7 1 2 1 3 10 1 4 3 49 20 2 28 61 32 36 43 36 110 52 64 49 465 96 0 0 125 41 84 77 114 10 64 37 10 4 19 
