7 12 22 6 15 38 26 19 38 37 9 31 27 54 44 57 23 23 28 17 5 23 4 34 14 0 3 28 58 4 1 5 14 2 3 7 5 10 14 11 4 1 8 10 10 14 11 13 18 66 10 1 8 7 1 1 2 15 0 0 3 0 1 2 11 5 1 2 3 10 3 3 0 4 4 1 1 0 25 4 1 1 3 3 5 8 0 42 3 0 0 7 2 4 4 3 1 1 0 0 1 14 
7 13 13 17 12 49 24 28 71 30 15 65 63 61 26 58 33 23 27 26 21 16 9 27 12 0 2 40 57 6 3 5 13 6 5 3 5 8 13 24 17 0 2 9 12 14 8 4 5 62 4 2 15 6 4 1 3 3 0 0 1 3 1 1 11 8 3 1 2 0 4 7 2 6 3 1 0 3 30 1 1 5 7 9 2 9 2 20 4 0 0 4 2 3 4 3 1 3 3 1 2 7 
26 24 9 10 11 49 30 30 79 32 15 55 39 45 36 46 34 30 32 16 14 17 11 27 14 3 0 24 74 6 1 6 13 4 13 1 0 3 18 21 19 1 3 7 8 9 7 4 8 44 8 4 10 1 1 0 1 9 0 5 4 3 2 4 4 5 4 8 1 1 4 4 0 5 3 4 1 4 19 2 3 2 1 0 4 4 3 18 4 0 0 1 1 3 0 3 1 3 4 0 0 5 
9 17 36 1 3 17 15 7 13 5 7 6 16 5 5 6 6 3 6 1 5 4 1 3 1 0 0 4 16 1 0 0 1 0 0 0 0 0 4 0 1 0 1 0 0 0 1 2 0 4 0 0 2 0 1 0 1 0 0 0 1 0 0 0 2 1 0 0 0 0 0 0 0 0 0 0 0 1 5 0 1 0 0 1 0 0 0 0 0 0 0 1 0 0 0 0 0 0 0 1 0 0 
7 7 7 2 4 18 3 5 11 11 6 4 16 16 13 30 12 5 10 2 1 7 4 14 4 0 0 9 10 2 1 0 2 1 4 0 0 4 6 13 2 1 4 1 3 3 0 2 3 19 3 1 2 0 0 0 1 1 0 1 0 1 1 0 3 2 2 0 0 0 1 0 2 4 1 0 0 2 5 1 0 0 1 0 0 2 2 8 2 0 0 0 2 1 0 0 0 0 0 0 0 2 
26 23 25 28 14 4 16 14 24 23 22 30 58 46 35 56 34 19 22 9 19 16 9 25 15 1 0 16 38 4 1 4 2 2 3 1 0 6 11 11 5 0 8 5 6 7 2 7 4 34 6 0 3 3 2 1 2 4 0 1 1 1 0 0 5 9 2 3 2 0 9 0 0 2 3 0 0 3 8 0 0 1 0 7 1 1 4 13 1 0 0 9 2 0 2 2 0 0 3 1 0 6 
16 40 24 11 8 16 8 23 40 26 20 29 47 38 26 49 18 15 29 12 8 8 6 15 8 0 1 14 51 4 4 9 9 0 3 1 1 3 12 15 5 0 10 3 2 7 7 5 5 15 2 3 8 1 1 0 1 3 0 3 1 0 0 7 6 8 0 2 3 3 3 4 2 4 1 5 1 2 2 0 2 1 3 2 1 5 2 6 1 0 0 3 0 0 2 0 0 0 1 0 0 3 
21 30 14 15 8 29 24 7 18 25 8 24 48 45 41 45 31 23 19 13 13 15 8 29 8 0 1 14 46 3 5 4 4 1 5 0 1 2 31 23 9 1 7 7 15 12 5 0 12 48 2 4 7 10 4 3 3 6 0 1 0 2 1 4 2 8 0 2 2 1 2 5 2 4 10 3 1 1 7 1 2 0 0 1 2 3 3 4 1 0 0 1 1 0 0 0 0 0 0 0 1 3 
36 40 45 14 11 20 50 26 8 22 20 27 56 58 27 68 37 28 19 25 7 17 8 21 4 0 3 19 40 3 2 1 6 0 2 1 1 2 24 15 8 5 8 7 8 10 5 5 7 39 1 1 6 2 0 0 1 6 0 0 1 0 0 2 5 6 4 2 0 0 4 5 0 0 1 3 0 1 5 2 0 0 4 1 0 3 1 6 2 0 0 3 1 5 2 0 0 3 2 0 0 8 
25 13 12 8 7 19 26 16 40 4 11 14 29 36 34 29 29 14 11 8 2 13 5 28 3 0 2 17 16 3 0 3 6 1 1 0 1 2 23 10 7 0 3 4 6 2 3 3 2 10 6 7 5 7 1 0 4 5 0 1 0 3 0 4 0 4 0 3 3 0 3 1 3 3 10 2 0 2 12 1 0 0 1 0 1 0 0 5 1 0 0 2 0 0 0 0 0 0 0 1 0 2 
14 14 22 5 6 14 22 11 14 11 1 6 15 23 19 44 18 11 14 20 14 14 5 19 4 1 2 25 13 10 2 1 2 1 3 0 2 2 11 18 12 0 1 2 7 11 5 8 11 43 3 0 6 5 1 0 1 3 0 0 0 0 1 1 0 2 1 0 3 0 2 1 1 0 1 0 0 1 5 0 0 1 2 1 0 0 1 2 0 0 0 4 0 2 0 2 0 1 0 0 2 3 
28 39 36 3 8 30 35 36 31 22 7 7 26 34 22 63 34 17 16 19 16 9 12 34 16 0 7 39 30 8 2 6 19 0 0 1 1 12 18 15 11 0 7 10 6 9 3 5 4 42 5 3 2 4 8 0 0 5 0 2 0 2 0 1 2 4 2 2 0 1 5 2 3 2 1 3 0 2 4 1 0 0 0 2 0 0 0 3 1 0 0 4 0 1 2 0 0 1 0 0 0 10 
53 80 43 12 16 51 112 81 109 57 38 43 2 73 44 74 42 52 38 24 43 34 23 98 32 0 3 61 30 16 9 8 13 5 3 2 2 9 21 30 10 2 19 3 8 13 11 15 8 31 8 0 6 4 3 4 8 8 0 10 3 10 7 2 0 2 1 3 0 2 3 1 0 1 4 3 0 4 17 1 1 1 0 1 0 3 2 4 0 0 0 12 1 1 1 3 0 0 0 0 0 4 
89 146 119 12 37 138 147 105 122 99 41 69 72 11 24 93 127 84 98 57 114 95 55 155 55 9 9 145 52 10 1 1 9 2 4 1 2 7 24 17 15 2 8 10 5 8 8 7 6 60 23 9 23 18 2 5 12 22 0 3 2 2 2 1 6 2 0 0 1 0 3 3 0 5 18 5 0 18 75 10 1 1 0 0 0 0 1 8 0 0 0 6 1 2 1 4 3 2 3 0 0 2 
58 62 65 7 23 53 77 41 47 46 25 24 68 21 7 31 61 46 30 34 53 34 35 92 38 3 28 117 23 12 4 15 14 0 6 0 2 6 13 8 4 0 11 5 7 3 3 3 4 29 10 6 12 8 3 7 4 5 0 7 0 1 1 1 2 0 1 0 0 0 3 2 0 0 5 2 1 4 26 3 4 0 0 0 1 1 1 3 3 0 0 9 5 3 1 0 1 1 1 0 0 3 
48 98 58 10 19 61 72 81 63 60 34 60 102 56 15 13 97 88 85 55 102 83 64 207 69 10 17 171 38 33 27 26 46 13 11 14 34 6 12 49 32 2 10 17 19 12 9 9 1 51 13 8 11 12 10 6 10 9 0 5 1 0 1 3 4 4 0 1 0 1 6 4 0 2 7 7 2 11 43 3 1 0 2 2 0 1 1 16 5 0 0 3 1 4 2 3 1 4 2 0 0 9 
23 42 22 3 10 36 49 44 65 67 18 44 85 87 42 87 15 63 60 47 76 43 57 113 38 4 11 93 33 52 16 38 41 18 26 9 20 11 75 32 30 5 29 17 29 33 25 11 11 81 15 19 13 9 4 4 9 8 0 8 3 2 2 6 1 0 0 1 0 0 3 2 3 0 7 11 2 5 32 4 0 2 0 1 2 6 5 17 6 0 0 23 3 1 1 4 1 1 1 0 1 5 
10 15 13 5 2 17 27 19 18 13 11 26 59 58 35 85 25 14 47 17 49 20 27 66 28 3 5 52 15 15 26 13 48 8 18 12 19 19 25 30 24 0 18 21 16 30 14 6 11 66 2 8 7 10 1 0 3 14 0 4 0 2 1 0 0 1 0 0 1 0 0 0 0 1 7 1 0 2 12 2 2 0 0 1 1 3 2 16 9 0 0 6 0 1 0 0 0 0 0 0 0 4 
22 22 10 3 3 19 16 20 31 24 14 23 42 82 27 85 65 33 5 25 44 29 19 66 19 10 10 70 13 27 12 8 17 5 21 11 11 11 30 29 12 3 2 9 15 23 12 8 8 50 1 1 4 6 1 0 2 6 0 5 0 5 2 1 3 0 0 0 0 0 0 0 0 1 9 4 0 1 16 0 0 0 1 1 0 1 3 10 2 0 0 2 2 0 1 0 0 0 0 0 0 2 
11 18 10 1 3 8 11 12 6 13 6 18 20 31 17 33 23 12 17 10 4 4 18 44 20 13 12 68 6 10 5 4 2 3 4 1 2 2 21 6 9 2 4 5 6 7 8 5 5 19 2 3 6 2 1 1 2 4 0 2 0 1 0 1 0 0 0 0 0 0 0 0 1 0 1 2 0 1 14 2 0 0 1 0 0 2 1 3 2 0 0 5 0 0 0 0 0 0 0 0 0 1 
6 6 4 1 1 9 6 9 8 17 1 22 28 47 29 96 54 31 89 7 3 6 38 49 37 15 26 69 10 6 0 3 10 4 3 8 4 5 31 12 18 2 5 2 6 7 3 4 1 21 0 0 3 0 0 1 1 0 0 0 0 0 0 0 0 0 0 0 0 0 0 0 0 0 0 0 0 0 5 1 2 1 1 1 0 2 1 6 4 0 0 2 0 0 0 0 2 1 3 0 0 3 
9 11 13 3 4 8 13 11 14 8 6 25 38 30 30 76 44 12 41 1 8 2 15 28 11 8 9 68 10 4 3 3 11 0 2 4 2 5 26 2 5 0 1 3 3 8 5 1 0 20 1 2 0 5 2 0 2 1 0 1 0 0 0 0 0 0 0 0 0 0 0 0 0 0 1 3 0 0 6 0 3 0 1 1 0 1 1 3 0 0 0 3 0 1 0 0 1 0 0 0 0 0 
18 5 3 0 2 5 8 4 5 12 3 14 25 26 14 58 40 19 46 9 29 14 0 24 8 4 10 71 2 6 2 4 9 1 0 8 4 8 13 9 9 0 1 2 6 4 5 4 1 19 0 0 5 3 0 0 0 2 0 0 0 1 1 1 0 0 0 0 0 0 0 0 0 0 2 1 2 0 6 1 1 2 1 1 2 0 0 7 1 0 0 0 0 0 0 0 0 0 0 0 0 0 
10 22 13 4 7 11 18 15 17 31 9 25 31 38 36 112 77 31 55 25 35 13 18 8 11 23 35 94 6 4 3 2 30 7 12 6 20 15 37 16 13 1 8 13 15 12 17 11 12 98 3 1 9 4 3 1 3 4 0 3 1 1 1 1 0 0 0 0 0 0 0 0 0 0 2 1 0 3 18 3 1 2 1 2 0 3 4 10 1 0 0 3 0 0 1 0 0 0 1 0 0 0 
27 34 17 3 4 20 18 13 16 44 14 38 39 65 45 99 47 23 39 17 29 15 6 18 6 1 9 54 2 10 10 7 61 7 11 12 11 10 23 27 36 1 11 9 24 34 23 14 20 138 26 11 29 5 13 0 5 4 0 2 0 0 0 1 0 0 1 0 0 0 0 0 1 0 8 6 0 5 27 2 1 1 1 2 0 3 0 38 5 0 0 7 1 1 1 1 0 0 1 0 0 3 
0 2 2 1 2 0 0 0 4 1 0 2 2 3 3 14 9 9 8 11 16 18 13 22 4 0 7 17 0 2 0 0 0 1 2 0 1 0 4 0 0 0 1 0 1 0 0 2 1 0 0 0 0 0 1 0 1 1 0 0 2 0 0 0 0 0 0 0 0 0 0 0 0 0 1 0 0 0 0 0 0 0 0 0 0 0 0 0 0 0 0 0 0 0 0 0 0 0 0 0 0 0 
0 0 0 0 1 2 3 0 0 5 1 1 4 3 5 7 12 3 6 2 7 12 14 32 11 1 0 25 0 0 0 1 2 0 0 0 0 0 3 0 0 0 0 0 0 1 0 0 0 4 0 1 0 0 0 0 0 0 0 0 0 0 0 0 0 0 0 0 0 0 0 0 0 0 0 0 0 1 2 0 0 0 0 0 0 0 0 0 0 0 0 0 0 0 0 1 0 0 0 0 0 0 
31 31 19 4 13 35 15 22 20 46 15 37 72 82 84 146 62 51 58 59 82 100 123 147 73 14 66 15 5 7 7 17 31 9 13 6 14 23 49 26 43 6 17 20 17 25 21 18 14 150 18 5 12 4 8 5 4 5 0 2 1 1 1 3 2 0 0 1 0 0 0 0 0 0 23 11 2 12 28 5 2 3 5 6 0 10 4 49 7 0 0 7 2 3 0 4 0 3 1 0 1 6 
88 128 145 23 24 125 85 79 86 56 37 54 43 67 37 93 52 28 31 18 31 29 7 33 8 0 0 19 0 3 4 6 9 3 15 23 3 16 26 27 19 3 13 12 22 21 13 11 17 55 8 8 18 4 3 2 4 5 0 6 2 0 2 5 9 12 9 8 4 2 10 5 1 3 1 4 1 8 25 3 4 2 4 8 1 9 1 15 5 0 0 5 1 0 2 5 0 9 2 0 0 2 
0 5 5 0 2 5 3 2 0 7 1 6 15 5 3 31 31 16 23 6 2 6 7 13 12 2 0 3 4 19 123 148 309 75 114 131 240 153 239 113 90 8 54 52 70 56 49 31 34 320 13 6 14 6 2 1 4 9 0 12 2 7 1 16 20 34 7 19 2 16 12 12 2 0 12 5 0 6 28 3 6 2 1 9 8 13 6 87 16 0 0 34 7 7 16 13 1 10 4 3 0 26 
0 3 1 0 0 2 2 1 3 4 0 2 3 6 0 9 12 10 7 3 1 1 0 8 1 0 0 3 2 109 8 76 100 14 44 32 77 48 83 35 14 0 10 13 28 15 4 10 2 50 4 2 4 5 0 0 1 2 0 4 0 1 2 6 10 10 2 6 3 5 2 7 0 0 1 0 0 0 13 2 1 0 2 1 2 5 3 12 3 0 0 10 1 5 2 3 0 2 1 0 0 11 
3 3 4 1 1 1 10 8 2 2 2 3 6 1 5 17 28 7 14 4 2 0 1 10 9 0 0 7 4 139 121 9 106 55 88 85 205 121 207 91 74 14 49 37 59 56 22 21 26 137 10 8 15 10 4 1 7 9 0 8 2 3 7 22 25 37 17 13 5 6 7 5 1 2 3 4 1 0 19 1 2 3 3 1 2 10 10 34 13 0 0 40 6 12 7 6 2 4 3 3 0 17 
26 15 9 0 4 11 27 10 12 12 3 12 17 7 10 24 61 46 30 9 12 13 21 52 28 3 0 26 7 359 172 152 26 52 110 133 233 181 274 213 180 20 131 108 135 200 152 96 125 907 85 75 129 55 18 8 21 48 0 25 10 7 3 21 17 33 11 12 16 21 24 40 10 6 31 11 4 9 75 18 18 16 4 16 9 28 15 211 48 0 0 40 10 16 22 22 2 12 6 3 0 55 
2 5 3 0 0 5 2 3 1 2 0 1 1 2 6 8 22 12 8 2 2 2 5 13 6 0 4 4 3 82 39 72 57 4 23 28 72 47 98 59 40 9 19 36 34 31 24 13 12 118 12 5 16 7 8 6 5 8 0 3 1 12 3 1 7 26 7 8 7 7 11 16 10 11 7 4 2 2 26 4 1 0 1 0 1 3 1 30 8 0 0 22 2 9 8 4 1 2 8 0 0 12 
1 6 7 0 2 1 3 3 5 1 3 1 2 0 3 19 31 22 9 8 15 4 5 18 9 0 1 14 7 220 94 122 85 23 13 42 144 73 147 162 64 19 53 58 60 60 49 35 39 163 3 6 16 7 3 0 7 18 0 6 3 10 3 11 12 16 8 11 8 15 17 38 5 6 6 4 0 2 31 4 3 0 2 0 3 14 5 14 16 0 0 32 10 13 9 18 3 9 4 5 2 16 
5 3 3 0 0 1 3 4 5 1 0 2 2 0 1 11 15 11 8 2 5 5 3 13 4 1 0 8 3 197 84 96 126 34 36 8 123 65 113 92 42 8 42 35 26 53 27 28 28 166 7 5 7 11 1 1 2 6 0 1 1 6 3 10 7 13 6 4 3 4 3 7 6 5 4 0 0 0 13 1 0 0 1 0 0 10 3 33 4 0 0 21 7 6 2 11 2 7 9 0 2 22 
2 16 7 2 2 1 5 6 4 2 2 6 4 0 1 36 40 31 19 11 22 18 30 49 15 2 10 38 4 594 247 439 411 129 167 252 23 177 581 477 230 68 147 189 183 189 155 96 84 537 23 20 31 20 8 2 14 11 0 1 2 14 14 45 37 52 25 33 15 15 47 39 29 15 19 5 1 4 43 3 2 4 2 10 2 25 29 115 69 0 0 125 35 37 19 43 11 24 24 13 6 62 
5 20 11 0 1 5 9 12 8 11 1 6 12 11 0 5 23 9 11 3 27 7 20 27 4 0 1 35 2 152 78 186 134 58 80 62 104 21 135 173 101 19 79 89 88 96 75 50 52 275 4 8 6 0 0 2 2 0 0 1 2 4 5 9 14 9 1 1 4 3 7 12 8 3 1 2 0 0 25 3 1 0 1 4 1 11 8 49 26 0 0 51 9 20 11 21 2 8 11 1 1 32 
33 39 23 5 6 32 40 31 49 34 23 59 49 23 10 20 75 65 38 56 52 33 42 106 33 3 10 82 11 315 102 330 316 128 163 121 432 130 30 496 307 22 128 185 178 174 137 122 93 682 27 16 40 11 7 3 18 22 0 7 4 19 15 33 30 43 18 18 7 7 33 36 23 18 23 13 1 11 75 8 8 4 3 13 3 26 38 164 38 0 0 129 24 35 20 35 11 32 27 6 7 69 
9 28 19 1 6 11 20 16 12 16 3 20 15 8 13 16 43 16 15 12 18 5 6 26 11 0 2 31 3 156 53 81 172 59 100 75 232 143 420 15 37 18 64 115 77 120 87 60 67 301 4 3 18 7 2 2 8 6 0 3 2 7 2 9 9 22 0 6 1 6 7 13 1 5 8 4 1 4 22 5 8 1 4 18 10 6 8 31 30 0 0 66 9 12 10 24 2 10 4 2 2 21 
10 22 12 1 1 6 6 9 11 17 6 6 12 7 4 15 40 21 4 5 22 6 14 42 14 0 4 43 7 123 45 85 156 38 61 48 131 99 236 84 13 15 55 110 43 71 80 45 42 299 6 2 15 5 0 0 1 7 0 4 0 2 0 11 11 11 5 4 1 3 8 3 0 3 8 3 0 4 11 3 7 6 8 14 8 22 12 36 17 0 0 58 9 13 10 17 2 13 9 0 2 27 
2 1 0 0 0 0 2 0 1 0 4 3 4 1 0 2 3 5 2 2 2 3 0 3 3 0 0 3 1 7 4 4 18 2 8 11 42 18 23 23 12 6 18 48 20 19 15 7 11 44 2 1 2 1 0 0 0 1 0 0 0 0 1 1 2 3 0 1 0 0 1 1 1 0 1 0 0 0 1 1 1 1 5 11 4 6 2 13 4 0 0 13 3 4 3 4 0 0 1 1 0 11 
8 13 4 0 3 7 17 9 9 11 5 15 2 6 6 12 21 13 11 9 7 3 4 16 7 0 1 13 0 71 31 31 121 48 44 51 107 90 143 102 64 29 30 103 77 97 71 77 66 241 6 7 9 9 6 0 4 7 0 4 3 4 3 9 4 12 7 6 2 3 12 2 1 3 21 5 6 5 34 23 15 18 13 67 27 66 35 137 56 0 0 86 31 42 31 57 9 50 32 10 9 98 
13 16 16 5 4 14 15 10 13 8 2 6 13 3 9 18 34 33 19 11 11 8 7 18 14 1 1 19 5 86 29 54 104 43 40 23 113 117 222 188 114 56 107 29 188 283 169 135 137 416 13 7 21 9 5 5 14 15 0 3 3 4 1 4 10 9 2 3 8 4 7 11 7 4 20 18 1 25 93 22 32 25 26 119 89 102 90 203 103 0 0 231 88 96 47 125 16 84 59 14 11 140 
13 16 2 1 4 9 21 14 18 6 12 10 8 6 9 8 19 15 14 9 11 8 3 43 11 0 2 23 6 78 24 66 118 23 26 30 82 89 129 125 55 20 63 170 13 188 122 115 138 416 12 3 12 3 2 2 3 10 0 4 0 3 1 6 12 18 2 4 1 1 8 8 5 3 8 3 2 10 31 10 11 17 11 21 17 46 16 98 17 0 0 59 12 42 25 55 9 41 32 12 5 69 
11 17 17 1 6 9 13 10 11 17 6 15 9 15 4 17 29 28 18 5 15 15 11 36 14 0 1 38 15 83 36 95 200 42 63 42 198 115 234 210 160 37 89 342 191 23 214 271 275 926 18 9 48 12 4 3 9 16 0 3 0 2 4 13 17 16 3 5 3 4 13 17 4 6 32 12 0 17 46 18 25 30 27 65 36 91 62 195 47 0 0 177 31 62 44 70 13 59 70 14 6 99 
8 20 11 4 4 2 18 11 15 13 7 14 7 10 2 12 26 19 18 7 17 12 5 28 8 0 0 28 7 72 30 57 152 34 47 26 110 89 188 119 98 20 57 134 119 219 22 160 151 479 13 8 17 8 3 3 1 4 0 0 1 3 1 12 9 11 0 7 4 1 4 9 8 1 13 6 2 9 30 6 14 10 15 40 26 51 35 133 32 0 0 103 17 38 31 40 7 54 26 10 7 80 
7 7 0 1 0 5 5 3 3 4 2 6 4 7 2 2 4 9 4 6 1 2 1 10 5 1 0 9 3 25 9 30 114 17 16 14 49 35 90 69 46 11 52 79 80 182 89 5 55 421 8 6 7 6 2 0 2 2 0 3 0 2 0 4 5 3 1 1 0 3 8 3 1 2 2 3 1 6 16 4 3 3 6 14 9 13 10 89 8 0 0 56 6 7 11 15 2 10 16 2 0 39 
9 15 5 1 2 2 6 9 2 5 0 7 4 5 1 7 9 9 4 5 5 9 4 11 4 2 0 16 7 24 4 28 123 13 35 13 57 34 58 48 36 19 45 78 52 140 134 70 12 364 1 4 4 0 2 0 1 3 0 3 0 1 2 3 4 7 0 3 1 1 4 3 0 0 9 5 1 3 12 7 2 4 4 18 6 19 7 79 11 0 0 65 9 17 12 10 0 28 15 6 3 43 
63 82 44 4 15 37 30 33 31 54 22 42 38 18 10 36 63 37 34 18 35 30 21 169 68 2 5 100 16 252 64 142 705 67 130 117 326 238 451 364 284 35 177 375 270 552 303 456 404 63 57 29 98 20 15 6 12 23 0 8 11 5 10 34 28 44 8 18 3 6 26 22 11 19 50 27 4 45 122 42 44 54 32 111 51 84 63 467 61 0 0 225 28 78 52 88 20 89 85 18 10 250 
2 6 5 4 2 5 3 2 2 17 3 2 12 15 7 12 16 9 4 0 2 0 2 15 3 0 0 8 2 8 2 7 66 12 9 3 5 0 11 7 4 0 4 11 6 9 10 6 15 59 5 8 35 29 16 7 19 28 0 32 10 4 4 12 22 30 10 22 7 32 10 7 15 14 3 9 2 12 95 10 8 7 9 22 6 15 5 38 8 0 0 9 1 18 5 3 2 9 7 4 1 13 
1 7 1 0 0 5 1 4 4 4 1 1 3 3 7 9 9 5 5 2 0 1 0 6 3 0 1 4 0 3 2 3 47 6 6 7 8 1 6 7 1 0 4 5 1 7 3 5 4 25 10 3 26 30 11 10 6 10 0 14 1 0 2 8 4 22 8 5 3 6 4 5 4 2 8 2 1 5 70 1 2 0 3 12 6 4 4 16 4 0 0 8 1 6 3 2 1 9 1 0 1 12 
5 19 6 2 2 7 13 6 5 12 0 7 9 9 11 10 14 9 4 5 2 3 6 22 7 0 3 17 5 37 3 19 70 11 7 6 15 3 29 18 5 1 11 21 11 23 18 9 14 69 45 43 12 29 16 12 15 38 0 19 14 2 6 18 24 31 10 34 10 40 17 18 15 21 7 7 3 21 156 21 10 3 9 25 10 32 8 71 12 0 0 22 3 4 5 10 2 17 7 1 0 23 
2 6 7 0 3 6 7 0 7 5 3 10 8 10 4 11 14 5 5 3 0 0 0 5 1 0 0 2 4 11 9 11 26 10 6 5 5 4 7 8 2 1 8 14 1 12 2 3 1 17 24 32 51 4 14 4 11 24 0 10 10 3 7 21 9 11 5 23 3 8 10 7 9 7 2 5 3 8 54 12 3 0 3 18 5 14 2 16 2 0 0 10 4 7 8 3 3 9 1 0 1 12 
0 2 1 0 0 5 0 2 2 4 2 3 6 4 0 2 4 3 3 3 1 1 1 3 1 0 0 5 0 5 3 0 8 3 0 1 5 1 9 5 1 0 3 4 0 2 0 0 4 13 6 3 16 15 2 2 6 11 0 11 3 0 3 9 11 12 3 5 1 5 2 7 5 3 8 5 1 4 33 8 1 1 1 13 6 2 2 11 1 0 0 0 0 2 0 4 0 2 1 0 0 7 
1 2 0 0 1 5 5 0 1 3 2 2 1 4 2 10 2 1 2 1 0 0 0 5 2 0 0 1 0 6 2 1 4 2 2 1 1 1 3 3 2 2 0 2 2 4 2 0 2 7 8 3 11 8 4 5 4 17 0 14 3 0 1 5 10 8 0 8 0 7 3 3 0 5 6 3 2 5 30 3 0 0 6 7 6 3 0 7 2 0 0 3 0 0 3 2 0 2 1 0 0 0 
2 5 0 0 0 2 5 3 4 4 1 2 4 3 5 9 2 4 3 1 0 1 0 5 2 0 3 4 1 3 7 7 22 6 4 2 3 1 4 3 0 1 6 7 1 4 7 6 7 15 16 15 25 15 11 12 3 14 0 9 7 2 1 9 11 16 2 3 2 2 7 10 3 2 9 5 2 4 61 8 2 1 6 15 3 9 1 6 4 0 0 3 0 6 1 2 0 6 1 0 1 7 
6 4 2 2 0 5 12 9 7 6 3 9 5 13 5 16 8 5 0 3 0 0 6 9 3 1 0 5 8 8 9 6 29 5 18 4 3 2 17 8 4 2 9 6 4 5 5 7 3 20 27 22 51 29 21 7 12 9 0 45 8 4 5 17 11 13 5 1 1 14 5 8 16 6 27 16 4 13 113 12 7 5 9 36 11 13 6 18 3 0 0 12 3 6 4 3 1 5 5 0 0 13 
0 0 0 0 0 0 0 0 0 0 0 0 0 0 0 0 0 0 0 0 0 0 0 0 0 0 0 0 0 0 0 0 0 0 0 0 0 0 0 0 0 0 0 0 0 0 0 0 0 0 0 0 0 0 0 0 0 0 0 0 0 0 0 0 0 0 0 0 0 0 0 0 0 0 0 0 0 0 0 0 0 0 0 0 0 0 0 0 0 0 0 0 0 0 0 0 0 0 0 0 0 0 
5 6 6 2 1 6 8 4 3 3 3 1 31 11 16 24 15 18 14 3 6 10 5 26 8 2 0 11 4 5 6 12 16 8 1 0 0 1 16 12 4 5 5 7 5 6 2 4 8 29 34 28 43 35 23 15 17 37 0 10 6 6 9 7 20 32 19 13 7 15 26 30 8 20 17 5 2 14 48 4 6 6 11 19 5 6 2 20 3 0 0 3 3 2 0 4 1 1 2 1 0 7 
1 3 1 4 0 2 0 1 0 1 1 1 3 0 0 5 5 1 1 0 0 1 0 0 1 0 0 1 3 3 2 6 5 0 4 14 2 0 6 5 6 0 5 2 0 0 4 1 11 11 14 5 11 13 2 3 10 11 0 4 1 3 6 3 10 25 14 13 4 9 3 19 1 7 2 4 1 6 24 3 4 2 5 4 5 3 4 9 1 0 0 0 1 2 0 1 0 3 3 0 1 4 
0 1 7 2 0 1 3 3 2 1 5 5 4 7 4 7 4 2 5 1 1 0 0 1 3 0 0 0 3 16 7 8 9 6 18 5 9 12 19 23 6 2 4 17 10 13 7 1 5 24 8 5 10 3 2 2 8 9 0 7 4 3 2 20 31 30 11 10 5 19 13 12 2 5 3 3 0 2 16 3 1 1 3 5 4 5 3 19 2 0 0 13 3 2 2 4 0 0 2 1 0 1 
5 2 0 0 0 1 3 2 0 0 0 0 0 0 2 0 0 0 1 0 0 0 0 1 0 0 0 0 1 1 0 1 2 3 3 4 8 5 9 2 1 1 0 0 3 10 2 0 0 1 0 2 3 6 5 3 3 9 0 4 1 2 1 2 10 12 2 11 1 3 7 5 4 1 4 1 1 2 10 2 1 0 0 1 0 2 3 3 0 0 0 0 0 0 2 0 0 1 0 0 0 1 
3 8 1 1 0 2 3 1 4 3 0 0 6 2 1 2 2 1 0 1 0 1 0 4 1 0 0 3 2 22 4 13 13 3 5 17 16 17 20 19 8 0 11 13 3 3 7 4 5 34 20 8 21 19 10 1 6 16 0 17 7 7 2 7 13 40 11 10 9 27 17 34 15 16 8 9 0 11 36 13 7 1 2 2 0 2 1 3 6 0 0 7 0 3 0 1 0 0 1 1 0 7 
5 4 7 2 3 5 17 8 6 4 1 2 0 0 0 2 0 2 0 0 1 0 0 4 0 0 0 0 7 32 33 15 21 5 8 6 21 18 36 21 6 0 13 9 13 11 8 4 7 36 14 17 23 22 7 5 9 16 0 29 8 7 17 18 2 37 22 24 18 29 47 59 15 19 6 2 0 5 39 4 5 7 2 8 7 1 5 13 6 0 0 9 0 0 1 2 0 1 0 0 0 4 
7 12 16 2 3 11 16 10 9 5 2 2 5 2 2 1 1 1 1 0 0 0 0 2 0 0 0 0 4 59 32 27 45 28 12 14 32 9 36 13 13 3 11 15 15 29 10 7 8 62 23 12 27 19 10 7 19 31 0 38 20 18 15 30 28 22 20 49 21 68 84 75 42 34 10 8 2 16 62 6 14 9 5 12 3 6 5 15 3 0 0 7 3 2 5 3 0 4 0 1 0 2 
3 0 6 0 1 3 4 2 5 1 0 0 2 1 0 0 0 0 0 0 0 0 0 0 0 0 0 0 4 10 11 6 13 3 6 7 11 3 14 2 2 1 3 3 4 2 3 1 5 19 5 3 5 7 4 0 3 8 0 11 5 1 5 12 28 6 1 11 11 17 17 25 11 13 1 3 0 2 13 6 3 1 2 1 0 3 3 2 3 0 0 3 0 0 0 2 0 1 0 0 1 0 
0 7 5 0 1 8 10 6 4 1 0 1 0 2 1 1 1 0 0 0 0 0 0 0 0 0 0 0 7 16 8 7 12 9 8 3 12 2 6 4 3 0 3 5 7 6 1 4 1 20 6 7 13 11 2 2 5 11 0 12 7 9 4 10 14 28 15 6 9 35 32 39 21 19 13 4 0 9 27 3 5 2 4 3 0 0 1 7 0 0 0 2 0 0 1 0 0 0 1 0 1 0 
1 2 0 0 0 1 1 2 0 3 2 0 1 0 0 1 1 0 0 0 0 0 0 0 4 0 0 0 1 2 5 5 4 6 3 6 3 7 11 1 2 2 0 3 0 3 1 1 5 4 1 1 6 4 0 0 1 5 0 10 7 0 1 4 10 27 15 11 2 3 20 24 12 9 5 0 0 3 10 1 2 0 2 2 0 1 0 2 3 0 0 3 0 0 0 0 0 0 0 0 0 1 
2 3 6 1 2 1 3 3 3 3 1 3 1 1 1 2 0 0 1 0 0 0 0 0 0 0 0 0 0 12 5 4 11 6 7 7 20 12 10 4 4 1 3 3 3 3 3 0 1 8 9 7 16 13 0 2 6 13 0 12 9 14 9 18 28 65 25 30 8 3 23 37 19 37 1 1 0 2 19 0 5 1 4 2 1 2 1 6 1 0 0 0 0 0 0 1 0 0 0 0 0 0 
2 1 0 0 1 1 9 1 3 3 0 0 7 0 0 2 0 0 0 0 0 0 0 0 0 0 0 0 5 5 3 5 12 7 14 2 10 3 16 7 4 0 7 7 1 6 5 1 3 13 2 3 12 7 5 0 3 4 0 11 6 1 3 6 16 42 28 39 21 15 3 46 11 11 0 3 1 4 19 1 1 1 2 5 0 0 0 8 0 0 0 3 0 0 0 0 0 0 0 0 0 1 
3 3 5 0 0 1 2 3 6 5 2 4 2 0 1 4 1 0 2 0 0 0 0 0 1 0 0 0 0 2 2 1 13 10 15 4 19 13 31 3 2 1 3 4 6 9 6 2 1 16 8 4 10 3 4 6 11 5 0 12 2 2 7 11 33 50 24 42 27 39 51 6 30 23 7 3 0 4 27 3 4 2 1 6 1 1 4 14 1 0 0 4 0 3 0 0 0 0 0 0 0 0 
8 7 11 1 0 3 3 4 0 6 2 4 5 4 2 3 2 1 2 0 0 0 1 0 0 0 0 0 1 8 3 6 23 14 14 10 12 13 35 8 11 0 9 26 8 11 17 12 7 49 33 11 32 14 7 5 9 12 0 9 9 5 2 12 42 64 22 32 7 46 36 46 2 26 6 5 2 7 53 9 5 8 7 9 2 4 1 20 1 0 0 4 0 1 1 1 0 0 0 0 0 0 
6 4 7 0 2 3 9 5 4 5 7 1 4 1 0 2 2 0 0 0 1 0 0 3 0 0 0 0 3 0 2 3 10 16 8 4 44 13 27 11 10 1 3 6 12 12 6 2 5 43 21 9 18 19 7 2 4 8 0 23 8 3 3 16 18 46 22 38 9 53 33 56 18 1 8 5 4 2 61 3 2 3 6 10 5 4 3 21 4 0 0 5 0 1 0 2 0 0 2 0 0 3 
2 1 0 1 2 2 1 2 5 3 1 4 2 4 3 8 3 3 3 2 0 1 1 5 1 0 0 3 3 8 2 4 20 13 5 1 3 2 15 5 4 0 11 13 10 14 11 3 6 36 7 3 5 3 0 2 10 9 0 11 5 0 0 11 7 2 3 6 0 0 1 19 5 5 2 6 2 8 124 21 6 10 14 35 9 14 11 51 12 0 0 12 4 14 4 5 2 6 13 0 1 16 
2 3 2 0 1 2 4 1 2 3 3 3 2 4 0 4 2 3 1 1 1 2 0 3 6 1 1 2 0 6 5 3 10 2 3 2 2 1 8 4 3 0 7 15 6 8 12 1 6 49 6 1 16 4 4 0 4 12 0 10 1 0 0 5 5 9 1 6 1 3 3 1 0 0 10 4 17 14 98 26 13 15 20 57 20 16 7 59 11 0 0 12 5 13 3 6 3 12 8 2 1 11 
0 0 0 0 0 0 0 0 0 0 1 0 0 0 0 2 0 1 0 0 1 0 0 1 0 1 0 1 0 0 2 0 2 0 1 1 0 0 1 1 0 0 3 7 1 2 1 1 0 7 2 0 3 3 0 0 1 5 0 2 0 1 0 2 9 2 0 0 0 2 0 1 1 1 5 9 1 6 53 5 12 0 5 13 8 4 4 7 0 0 0 1 0 9 3 1 0 4 0 0 0 5 
8 5 4 1 2 21 9 7 12 5 7 1 0 3 2 2 5 3 8 2 6 10 1 3 7 0 0 8 1 12 7 5 16 5 3 1 1 0 3 11 4 12 13 15 7 10 4 8 6 27 31 20 64 47 12 17 16 25 0 11 6 6 3 9 16 19 14 13 1 3 6 14 12 3 46 40 13 5 80 38 57 29 30 130 27 38 8 63 23 0 0 8 2 17 4 10 10 10 11 6 3 10 
11 18 8 4 3 19 10 11 21 19 8 10 13 21 22 35 22 11 11 4 7 0 2 16 4 1 3 17 11 26 5 42 47 15 13 6 18 3 26 13 7 5 16 49 16 33 23 12 16 95 142 115 181 92 52 30 84 126 0 37 13 12 5 42 46 48 19 25 10 36 17 25 25 31 246 182 72 75 17 84 103 30 62 177 82 37 23 107 21 0 0 30 12 25 11 17 2 13 24 6 5 40 
2 2 3 0 0 2 1 0 0 1 0 2 1 6 4 4 3 3 2 1 0 0 5 3 1 0 2 5 3 7 4 1 9 2 2 0 2 1 13 2 4 1 7 12 5 10 10 7 11 30 1 3 15 5 5 1 10 14 0 8 0 4 0 11 5 12 3 5 1 4 4 2 1 4 38 30 7 25 71 5 20 11 18 130 45 23 9 49 12 0 0 15 2 12 1 5 1 7 7 1 1 12 
4 1 0 1 0 0 1 0 1 4 0 1 1 0 4 0 1 1 0 0 0 0 1 0 1 2 0 0 3 4 1 4 5 5 2 0 1 1 6 2 7 2 12 13 7 5 9 4 5 25 9 7 7 6 4 2 6 6 0 3 2 2 3 2 2 14 6 5 4 8 3 3 3 0 28 19 6 9 82 22 4 13 22 91 80 22 10 32 12 0 0 22 0 4 8 7 2 7 4 0 0 11 
1 6 2 0 1 0 3 0 2 0 0 0 0 2 0 2 1 1 1 0 0 0 0 1 0 0 0 0 1 3 2 4 15 2 2 1 2 1 8 5 6 0 9 16 12 18 17 9 8 62 5 0 1 1 0 0 1 6 0 1 2 4 3 1 4 4 2 1 0 2 6 3 3 3 19 15 5 14 44 10 13 7 12 46 32 23 13 57 11 0 0 21 9 4 9 17 4 20 11 0 2 25 
0 1 2 0 1 1 1 1 3 2 1 0 0 0 0 0 0 1 0 0 0 0 1 5 0 0 0 1 1 2 1 1 12 2 0 1 0 0 4 6 3 3 18 10 4 12 9 2 6 39 8 3 9 2 1 1 1 10 0 5 1 0 0 1 1 1 2 5 0 3 7 7 2 3 10 14 8 9 41 14 29 4 5 81 61 12 7 40 10 0 0 28 7 6 8 14 0 21 14 1 1 15 
5 9 7 0 1 9 5 4 5 2 0 1 2 0 1 1 1 1 1 0 0 0 1 7 2 0 1 3 3 6 1 6 9 1 2 1 6 3 17 16 5 9 24 63 24 48 33 20 14 137 29 17 31 21 10 11 30 41 0 10 1 2 0 3 8 11 3 2 0 3 5 8 3 12 76 68 20 79 220 134 113 37 142 10 144 77 29 172 37 0 0 68 20 43 23 20 10 29 22 7 7 40 
2 2 1 0 0 0 0 0 1 1 0 0 0 0 0 0 0 1 0 0 0 0 0 0 0 0 0 1 0 5 0 2 3 0 2 0 1 2 2 19 8 1 22 30 13 13 17 9 4 28 3 2 7 6 2 2 12 11 0 10 3 3 1 1 3 1 0 2 0 5 1 3 8 4 13 6 1 17 53 24 32 16 35 97 6 57 21 88 12 0 0 37 2 16 12 19 6 8 12 4 0 22 
6 3 8 2 0 7 6 6 4 3 1 0 3 0 3 4 4 7 2 3 1 1 0 15 2 0 0 5 1 29 9 9 32 5 8 10 21 24 33 10 9 14 76 101 23 71 35 40 19 141 22 16 35 11 1 2 8 14 0 16 2 1 1 4 7 8 8 5 0 1 3 2 1 1 20 16 4 17 64 25 29 22 26 106 57 6 21 107 62 0 0 119 26 28 27 45 13 38 36 10 3 62 
4 8 9 0 2 2 2 4 6 4 0 2 0 1 1 6 6 2 4 1 1 1 1 7 3 0 0 6 2 14 4 14 27 4 8 1 14 13 35 7 15 4 28 84 6 40 17 26 11 80 5 4 19 5 1 0 2 8 0 3 3 6 0 1 4 8 0 2 2 1 8 2 0 1 18 7 0 10 35 7 13 13 18 44 28 34 5 55 53 0 0 58 23 31 24 28 4 26 20 1 4 44 
15 27 13 3 3 5 8 4 2 5 1 8 5 3 2 5 15 10 9 9 10 5 3 37 11 0 0 37 9 70 16 38 201 11 25 27 53 52 125 31 36 7 80 114 50 123 92 90 103 630 41 14 57 18 11 3 13 24 0 13 7 6 0 2 13 13 4 9 0 3 7 5 4 8 46 33 7 36 114 42 42 43 43 133 53 69 44 17 26 0 0 159 26 60 47 73 19 70 62 8 16 278 
1 2 5 0 0 4 1 2 2 2 3 2 0 4 3 4 10 2 5 0 1 0 2 11 1 1 0 9 0 20 9 14 36 7 17 5 16 23 36 22 11 10 41 73 15 25 19 21 24 73 11 9 12 2 5 0 4 4 0 1 3 2 0 1 3 3 0 1 5 1 4 6 0 3 15 8 1 10 20 10 16 15 13 40 19 39 24 54 6 0 0 56 18 19 19 22 7 23 14 5 5 40 
0 0 0 0 0 0 0 0 0 0 0 0 0 0 0 0 0 0 0 0 0 0 0 0 0 0 0 0 0 0 0 0 0 0 0 0 0 0 0 0 0 0 0 0 0 0 0 0 0 0 0 0 0 0 0 0 0 0 0 0 0 0 0 0 0 0 0 0 0 0 0 0 0 0 0 0 0 0 0 0 0 0 0 0 0 0 0 0 0 0 0 0 0 1 0 0 0 0 0 0 0 0 
0 0 0 0 0 0 0 0 0 0 0 0 0 0 0 0 0 0 0 0 0 0 0 0 0 0 0 0 0 0 0 0 0 0 0 0 0 0 0 0 0 0 0 0 0 0 0 0 0 0 0 0 0 0 0 0 0 0 0 0 0 0 0 0 0 0 0 0 0 0 0 0 0 0 0 0 0 0 0 0 0 0 0 0 0 0 0 0 0 0 0 0 0 1 0 0 0 0 0 0 0 0 
4 18 9 0 2 4 12 7 20 8 3 13 6 4 9 22 23 14 12 2 4 1 5 15 4 0 0 22 1 59 15 50 92 29 63 16 91 69 184 70 61 10 72 237 63 159 89 97 114 368 13 15 35 12 4 1 15 22 0 7 1 6 3 15 10 5 1 4 0 3 0 7 0 9 16 8 6 20 82 28 48 43 48 137 95 102 110 257 77 0 0 22 38 83 40 168 11 116 86 20 17 170 
2 4 1 1 0 1 2 2 2 3 2 1 1 0 0 0 3 1 3 0 0 0 0 0 0 0 0 2 2 10 1 8 12 4 8 3 27 12 17 10 15 5 27 68 17 22 38 13 15 62 4 2 10 3 0 0 1 1 0 2 0 3 0 0 0 1 0 0 0 2 3 0 0 2 5 2 0 10 10 15 6 3 7 21 13 23 22 62 29 0 0 75 2 3 7 20 2 18 6 3 1 45 
0 1 1 0 0 1 1 4 2 1 0 0 2 1 3 2 3 2 1 0 0 0 0 0 2 0 0 2 4 22 2 8 22 6 6 1 11 12 24 8 6 6 31 49 24 26 16 21 10 90 2 2 11 5 0 0 5 1 0 4 2 0 1 2 1 0 0 0 0 0 2 0 0 0 4 5 0 3 25 13 16 8 20 36 14 28 12 78 22 0 0 77 22 13 5 19 3 17 13 2 5 51 
2 3 4 0 1 0 2 0 4 1 1 0 0 1 0 1 3 0 0 0 0 0 0 2 1 0 1 0 1 4 4 11 9 5 8 4 17 7 17 7 6 3 25 37 15 24 11 12 15 85 5 3 4 1 0 0 9 2 0 2 1 3 0 1 1 0 0 0 0 0 0 0 0 1 4 2 0 8 19 15 10 6 8 30 15 27 20 66 21 0 0 56 14 5 6 19 3 9 10 1 6 55 
0 4 1 0 1 2 1 0 0 0 1 1 1 1 1 0 3 2 0 0 0 0 0 1 1 0 0 7 0 7 3 8 16 5 5 9 24 9 39 14 8 4 32 74 24 36 26 19 18 75 4 4 11 6 4 11 4 11 0 1 0 0 0 0 2 2 0 0 0 0 0 0 0 2 6 0 1 6 14 7 6 6 10 34 8 21 13 69 23 0 0 83 11 14 7 3 1 21 4 2 2 65 
1 0 0 0 1 0 1 0 0 0 0 0 0 0 0 0 1 0 0 0 0 0 0 0 0 0 0 0 0 1 0 3 5 1 0 0 2 1 5 0 1 0 9 4 2 6 4 1 3 9 2 0 0 2 0 0 0 0 0 0 0 0 0 0 2 3 0 0 0 0 1 0 0 0 0 0 0 0 5 1 0 0 4 4 2 8 3 17 4 0 0 6 1 8 0 1 0 1 0 0 1 2 
1 1 2 0 2 3 0 0 0 1 0 2 2 1 1 0 2 1 1 0 0 0 0 0 0 0 0 1 6 8 4 5 7 2 3 2 11 2 16 4 5 2 23 20 24 23 13 12 14 38 7 3 6 2 1 0 3 2 0 1 4 0 0 0 0 1 0 0 0 0 0 0 0 2 10 3 0 5 14 11 10 8 8 19 14 21 12 48 7 0 0 41 7 3 7 25 2 7 5 1 3 34 
5 9 2 0 0 0 1 1 2 2 0 0 2 1 2 0 0 2 0 1 0 0 0 0 0 0 0 0 0 9 4 6 15 1 3 1 8 9 23 3 7 1 37 37 21 16 15 19 14 80 5 1 10 10 1 3 5 5 0 2 0 1 0 0 0 1 0 0 0 0 0 0 0 0 6 9 0 7 12 4 8 10 15 23 12 18 6 48 20 0 0 36 8 8 8 9 3 11 1 9 0 39 
2 0 0 0 0 0 0 1 0 0 0 1 0 0 0 0 0 0 0 0 0 0 0 0 0 0 0 0 0 1 0 0 1 0 0 1 5 2 5 2 2 1 3 3 2 5 1 0 1 5 0 1 0 1 0 0 1 0 0 1 0 0 0 0 0 1 0 0 0 0 0 0 0 0 0 0 0 1 1 0 1 1 0 4 1 6 8 13 2 0 0 6 0 1 5 1 0 2 2 1 2 11 
0 0 0 0 0 0 0 0 0 0 0 0 0 2 0 2 1 1 0 0 0 0 0 0 0 0 0 0 2 1 0 0 1 1 0 0 1 2 3 1 3 0 7 7 3 2 1 0 3 19 3 0 2 0 0 0 0 1 0 0 0 0 0 0 0 0 0 0 0 0 0 0 0 0 4 1 0 3 6 0 1 2 2 1 4 1 3 10 5 0 0 3 0 2 4 5 0 0 2 2 2 1 
16 19 8 3 1 10 16 9 4 10 7 5 11 9 6 9 17 12 2 4 3 1 5 13 0 1 0 11 3 59 18 36 71 15 24 17 68 64 70 41 38 11 127 133 84 128 103 65 74 344 34 12 40 10 9 2 15 13 0 10 1 2 2 9 7 12 1 1 2 2 1 5 1 5 33 15 3 22 74 29 35 31 36 65 32 55 49 358 68 0 0 124 30 88 86 105 12 58 35 5 4 18 
