6 7 16 9 9 25 22 15 19 22 10 35 44 98 47 77 25 31 29 10 6 9 3 41 8 1 3 26 89 10 0 4 18 1 7 3 9 4 34 12 10 0 8 14 20 8 13 2 1 58 3 4 7 2 1 1 2 3 0 2 4 5 3 1 4 7 3 6 0 2 0 3 5 1 1 1 0 1 7 0 4 3 1 6 4 5 2 34 1 0 0 3 2 0 1 3 1 1 2 0 1 16 
8 10 23 8 9 26 26 30 32 21 10 40 55 110 50 76 37 22 27 11 9 7 3 30 9 0 0 16 116 6 0 3 11 1 1 4 5 11 34 21 18 0 5 15 15 15 9 3 5 58 7 6 12 10 0 1 4 6 0 0 5 3 2 2 7 7 1 7 2 2 9 5 5 3 2 1 0 1 24 1 2 1 0 4 2 4 3 26 1 0 0 5 1 2 0 2 0 0 2 0 0 20 
21 8 14 13 9 19 12 19 24 18 8 29 37 87 49 50 33 11 20 8 8 6 3 22 3 0 1 19 120 1 0 2 15 2 2 0 10 1 20 19 6 0 10 12 10 14 12 7 4 42 5 1 7 3 1 1 3 4 0 0 3 2 0 2 5 12 5 0 1 3 2 0 1 2 0 2 0 3 15 2 2 1 0 4 2 3 0 8 3 0 0 5 3 4 0 2 0 1 3 0 0 8 
7 10 18 0 3 8 7 12 8 4 2 3 12 17 3 10 5 4 2 0 2 3 1 6 2 0 0 3 27 2 0 1 1 0 0 1 0 1 3 3 2 0 3 1 1 4 1 1 1 10 2 1 1 0 1 0 0 0 0 0 0 0 0 0 1 0 1 0 0 0 0 0 1 0 0 0 0 0 3 0 0 0 0 1 1 1 0 3 0 0 0 3 0 0 0 1 0 0 0 0 0 3 
7 4 7 0 3 7 5 11 7 3 1 16 13 16 16 17 5 4 4 2 1 4 2 8 2 0 0 4 30 1 0 1 9 0 0 0 3 1 12 5 2 0 1 0 2 3 6 5 1 25 3 0 3 3 0 0 0 1 0 0 1 4 0 0 0 2 3 0 1 0 1 1 1 2 4 1 0 2 8 0 0 0 0 1 0 2 0 12 3 0 0 1 1 0 1 0 0 0 0 0 0 0 
19 34 27 10 7 5 13 20 11 55 3 29 57 136 33 78 45 24 19 7 14 12 4 36 7 2 3 30 105 3 1 4 10 4 3 0 7 5 36 17 13 0 10 13 12 9 9 2 4 36 4 1 0 0 1 2 2 3 0 0 0 4 1 6 6 3 2 2 0 2 3 1 3 3 1 0 1 2 23 0 3 1 1 2 0 3 1 5 2 0 0 5 2 0 0 0 0 0 0 0 0 3 
37 33 22 6 8 12 6 16 16 20 4 13 41 71 35 63 35 12 17 10 6 8 1 10 8 0 0 13 74 8 1 0 8 1 5 1 2 5 35 13 9 0 7 5 6 11 9 2 3 38 0 2 4 2 0 1 1 3 0 1 1 2 1 5 5 7 1 0 0 2 3 0 3 4 2 0 0 1 9 0 1 0 0 2 0 2 0 8 1 0 0 3 2 3 2 1 0 0 1 0 0 3 
11 20 17 6 2 15 20 9 17 31 11 32 73 71 44 85 34 25 24 12 8 21 2 16 5 0 0 17 69 7 0 3 9 1 4 1 0 7 19 19 8 3 10 10 13 17 9 4 3 45 4 3 7 4 1 0 0 2 0 0 2 3 7 1 5 7 1 2 1 0 3 4 3 2 2 2 0 1 8 1 0 2 0 0 0 6 3 4 3 0 0 12 1 3 0 2 1 0 0 0 0 3 
19 44 34 18 9 23 26 16 7 22 10 23 57 82 39 79 44 28 20 6 7 19 2 19 3 1 2 14 67 4 1 10 8 3 4 0 2 4 36 14 11 0 11 7 8 17 9 4 3 29 5 3 4 3 4 3 0 2 0 1 1 2 5 0 2 6 4 0 0 1 0 4 2 3 2 1 0 1 6 0 3 2 0 0 1 3 6 5 2 0 0 2 3 3 1 2 1 0 0 2 0 4 
11 22 13 3 5 8 12 5 10 5 3 13 18 47 20 39 23 11 17 6 7 7 9 23 9 0 0 23 19 4 2 3 5 2 1 0 2 1 22 2 6 0 0 5 5 2 5 0 2 14 4 3 9 7 5 6 1 3 0 2 2 2 2 2 1 6 5 3 2 0 0 3 3 4 8 0 1 2 9 2 0 0 1 5 0 4 2 4 1 0 0 3 2 0 4 0 0 0 0 0 0 6 
11 18 6 0 6 10 9 9 5 3 1 16 22 44 15 36 28 14 18 17 5 5 2 7 3 0 1 6 15 4 1 2 5 0 4 1 2 1 30 9 5 0 7 2 6 8 11 4 3 15 5 4 8 4 0 2 4 5 0 0 2 0 0 0 0 2 1 1 0 0 0 0 2 3 1 0 0 2 13 0 0 0 0 0 1 2 2 2 1 0 0 2 1 1 0 0 0 0 1 0 0 3 
19 35 29 2 12 24 22 32 28 20 20 2 22 82 31 54 37 25 32 18 32 14 4 57 9 3 3 17 49 11 4 3 14 3 2 1 7 4 52 14 17 2 2 6 9 11 7 2 3 24 8 3 14 9 0 2 0 7 0 0 0 2 2 2 0 5 1 2 0 2 2 2 4 5 3 2 3 0 12 0 0 0 0 3 0 1 0 6 1 0 0 12 1 0 5 2 0 0 0 0 0 9 
22 44 22 2 7 30 42 43 61 19 20 20 9 52 29 72 45 31 47 12 28 11 17 60 27 3 1 48 45 5 6 14 19 0 6 0 8 6 32 22 12 4 7 5 8 13 10 1 3 36 18 7 6 6 4 0 9 3 0 8 0 6 0 4 1 1 0 0 1 1 1 4 2 1 2 0 0 1 17 2 0 0 0 1 0 2 1 3 2 0 0 10 2 1 2 0 0 0 1 2 0 6 
63 87 67 15 16 58 41 62 71 33 24 38 49 8 12 50 76 72 58 40 55 32 23 60 39 0 4 120 67 9 0 0 2 1 2 0 1 4 18 15 5 2 9 10 3 6 8 1 1 37 13 6 14 12 1 3 9 12 0 7 1 3 0 4 0 2 1 0 0 0 1 0 3 3 4 2 1 4 26 2 1 0 0 0 0 1 0 6 2 0 0 7 0 1 0 0 0 0 0 0 0 6 
33 55 44 12 9 33 36 30 19 19 17 23 29 19 3 14 43 25 40 17 36 12 15 57 33 2 4 83 31 5 2 7 8 1 2 0 2 3 11 12 9 2 7 6 10 10 8 0 3 20 5 6 11 6 4 0 4 8 0 3 0 2 2 0 0 1 0 0 0 0 0 1 3 0 4 0 0 3 15 1 1 0 0 0 2 4 1 3 3 0 0 5 1 3 2 3 1 0 0 0 3 2 
35 74 29 7 8 21 40 37 49 46 16 35 54 60 11 15 75 74 69 45 67 41 25 100 53 5 10 125 71 30 9 14 40 18 7 21 53 3 17 29 16 3 12 17 12 19 10 6 8 54 8 11 13 2 3 6 1 11 0 4 0 1 2 2 1 1 0 0 0 0 0 1 0 3 3 8 0 1 41 2 1 0 0 0 0 1 4 6 1 0 0 11 3 1 2 4 1 0 4 0 1 12 
30 50 24 3 15 25 28 33 29 23 16 29 70 98 51 83 13 30 74 28 55 30 34 95 24 6 7 78 33 39 13 26 42 21 19 11 35 18 63 28 28 5 28 22 19 34 17 8 13 48 9 7 10 9 3 1 5 17 0 5 1 5 1 4 3 1 0 0 0 1 0 0 0 3 4 3 3 3 23 5 4 2 0 0 0 8 2 19 9 0 0 16 4 2 1 0 1 2 2 0 0 10 
15 27 15 6 6 19 20 26 19 32 6 25 46 87 30 79 37 10 21 12 37 7 21 39 15 5 2 39 35 14 9 14 27 8 18 10 22 5 50 21 16 2 10 14 24 35 17 6 6 58 2 2 9 5 1 1 5 9 0 1 0 1 0 0 0 0 0 0 0 0 0 0 1 2 1 1 0 0 11 4 1 0 0 1 1 1 5 13 5 0 0 11 2 1 1 1 0 0 3 0 1 5 
11 34 9 1 3 23 14 10 27 19 4 19 43 83 18 68 35 54 3 8 31 17 12 45 18 7 3 41 24 12 12 2 10 1 9 5 16 2 42 37 5 0 8 7 17 21 12 4 4 24 1 1 7 6 1 0 3 5 0 1 0 1 2 1 0 1 0 0 1 0 0 1 1 0 3 1 0 1 7 1 1 0 0 1 0 3 2 7 2 0 0 3 1 0 0 0 0 0 0 0 0 3 
8 12 16 4 6 12 9 11 6 13 7 15 26 44 17 58 33 16 32 4 5 9 10 35 28 8 11 90 20 6 2 7 11 3 5 4 13 11 38 10 8 3 4 5 4 7 7 7 3 18 4 0 6 1 0 0 1 2 0 2 1 1 1 1 0 0 0 0 0 0 0 0 0 0 0 1 1 1 8 1 0 0 0 0 0 2 0 9 1 0 0 0 1 0 0 0 0 0 0 0 0 2 
6 14 10 0 1 7 6 9 7 15 6 21 27 92 41 103 47 40 53 3 4 7 17 41 19 2 6 62 13 7 1 0 6 1 3 4 10 9 45 11 12 0 5 4 2 14 11 1 5 15 0 2 1 0 0 0 1 0 0 1 3 0 0 0 0 0 0 0 0 0 0 0 0 0 0 0 0 0 3 0 5 0 0 0 0 1 2 1 0 0 0 4 0 0 0 0 0 0 0 0 0 1 
4 14 8 2 6 12 5 11 18 15 11 14 37 82 33 76 36 20 37 4 8 4 6 25 3 14 3 48 12 5 2 2 14 2 4 1 9 10 53 4 3 1 5 5 7 16 10 1 3 25 2 0 0 0 0 0 0 2 0 1 0 1 0 0 0 0 0 0 0 0 0 0 0 0 1 0 0 1 6 0 0 0 0 0 0 0 0 4 0 0 0 6 0 0 0 0 0 1 0 0 0 0 
4 9 4 1 2 6 9 0 9 18 4 10 14 49 21 74 46 32 37 8 24 7 5 12 5 5 1 46 6 4 2 0 6 4 12 3 11 8 42 7 10 0 3 5 4 7 10 0 2 16 3 0 4 1 1 0 0 0 0 0 1 1 0 0 2 1 0 0 0 0 0 0 0 0 0 0 0 0 6 1 1 0 1 1 0 0 0 5 0 0 0 2 0 1 0 0 0 0 0 0 0 3 
9 10 11 6 8 14 12 6 24 29 11 30 47 82 60 127 107 62 67 12 40 19 15 6 20 22 19 74 18 9 7 3 28 1 12 8 29 12 63 14 17 2 7 13 27 9 12 10 5 80 5 1 6 3 0 0 4 3 0 2 1 1 0 1 0 2 0 0 0 0 0 0 0 0 4 3 1 0 10 1 1 0 3 3 0 4 2 22 1 0 0 7 0 2 0 0 0 1 0 0 0 2 
10 11 9 3 6 10 15 17 12 35 5 21 37 61 33 99 47 31 35 8 15 9 7 10 9 4 6 51 17 10 5 12 96 2 8 9 22 17 55 23 32 4 10 10 19 19 21 17 3 104 15 5 27 7 1 2 1 3 0 0 1 0 0 0 0 0 0 0 0 0 0 0 0 1 7 1 0 1 17 1 3 5 0 3 0 3 6 69 4 0 0 5 0 0 0 2 1 0 3 0 0 3 
1 0 1 0 0 2 0 0 0 1 0 0 3 13 3 12 8 6 14 5 18 13 4 23 1 3 2 25 0 0 0 1 1 0 1 1 8 0 6 2 2 0 0 0 1 0 0 0 2 1 0 0 0 0 0 1 1 0 0 0 0 0 0 0 0 0 0 0 0 0 0 0 0 0 0 0 0 0 1 0 0 0 0 0 0 0 0 0 0 0 0 0 0 0 0 0 0 0 0 0 0 0 
0 1 0 0 0 2 0 0 3 5 0 1 5 7 6 10 7 2 7 10 18 11 7 34 20 2 4 35 0 1 1 0 2 2 1 0 3 1 7 1 0 0 0 0 0 2 1 1 0 2 0 0 1 0 0 0 0 0 0 0 0 0 0 0 0 0 0 0 0 0 0 0 0 1 0 0 0 0 0 0 1 0 0 0 1 1 0 4 0 0 0 0 0 0 0 0 0 0 0 0 0 0 
24 16 25 6 8 22 9 22 24 32 12 25 62 133 82 166 77 42 51 27 69 63 42 111 41 14 24 10 8 3 0 8 25 6 16 7 42 22 71 31 40 4 16 16 28 24 24 12 16 127 9 6 12 6 3 4 2 7 0 3 1 1 0 1 1 3 0 0 0 0 0 0 0 0 2 7 0 5 14 1 1 0 0 2 0 4 3 58 6 0 0 8 1 1 1 1 0 0 2 0 0 11 
35 54 58 11 10 43 39 48 35 14 6 30 37 55 33 42 18 5 14 8 11 14 7 15 2 0 0 8 3 4 0 1 7 1 4 3 4 3 16 24 14 1 8 3 6 7 3 0 1 21 0 0 7 5 4 6 2 0 0 5 0 0 0 8 3 4 1 6 3 2 2 6 0 1 0 0 0 0 9 0 1 1 2 2 1 1 3 2 1 0 0 9 0 0 0 0 0 0 0 0 0 0 
3 4 1 0 3 3 1 3 9 8 1 5 12 15 6 14 29 24 15 5 3 5 1 10 3 0 2 3 5 19 114 116 220 57 114 127 444 168 256 113 60 13 52 56 63 90 54 21 20 177 6 4 9 11 2 2 1 9 0 11 6 7 3 13 20 41 13 7 6 14 7 7 5 0 5 3 1 3 18 0 0 2 1 6 4 1 8 81 12 0 0 51 9 7 8 16 1 1 10 0 0 35 
0 4 0 0 0 2 3 3 5 0 0 1 3 3 1 9 21 6 6 2 2 2 0 7 3 0 0 4 0 109 9 64 77 30 38 45 155 52 108 40 34 3 10 21 20 35 19 5 5 39 1 1 5 1 2 0 2 3 0 5 0 3 0 5 14 23 2 4 0 2 4 1 1 0 2 1 1 0 8 2 0 2 0 2 0 6 2 13 3 0 0 12 4 4 4 2 1 1 0 0 0 10 
4 3 4 1 0 2 2 2 0 2 4 4 7 3 1 14 38 19 15 3 0 1 2 7 2 0 0 6 6 115 60 6 89 28 83 71 282 115 193 75 53 8 47 50 32 61 48 14 19 128 5 2 8 1 3 1 2 13 0 8 3 8 0 6 7 16 4 4 2 6 2 8 1 0 6 1 0 3 26 4 2 2 0 9 0 11 4 29 18 0 0 21 3 7 3 2 0 3 3 2 0 24 
19 13 8 0 7 7 16 2 4 2 6 5 11 4 7 23 22 16 9 5 13 3 7 80 33 1 6 21 7 213 84 88 23 50 91 84 237 129 239 125 104 12 121 74 78 134 100 57 69 536 35 34 60 27 10 4 16 13 0 13 0 9 3 7 7 25 6 6 6 16 17 13 8 10 12 5 3 5 53 4 2 6 3 3 3 24 12 119 36 0 0 51 8 15 9 3 0 7 13 1 1 92 
4 2 2 0 0 1 1 1 1 1 4 0 4 0 0 7 9 2 1 3 1 1 1 3 1 0 1 4 4 51 19 40 33 3 22 16 95 47 113 50 27 4 24 28 23 37 36 10 11 97 7 1 9 18 0 3 7 16 0 6 4 9 1 1 9 16 1 15 4 6 5 12 8 4 2 2 1 5 32 0 3 0 0 0 3 3 3 14 3 0 0 24 2 1 3 2 0 1 2 1 0 12 
10 7 3 0 0 2 3 8 5 0 3 1 4 1 3 4 13 4 14 2 3 4 5 14 10 0 1 10 6 117 33 102 73 29 8 15 149 77 134 96 45 11 43 70 44 66 45 14 24 108 5 8 13 7 5 1 1 5 0 3 0 16 0 9 6 11 2 6 4 12 6 16 11 7 8 1 0 3 15 3 3 0 4 2 0 13 3 25 10 0 0 45 19 3 7 6 2 3 3 4 0 14 
1 6 6 0 0 2 0 4 2 0 0 1 0 2 3 10 20 8 8 7 3 3 2 13 2 1 0 5 5 110 44 48 92 18 32 10 113 44 123 56 34 13 27 15 38 44 32 13 21 119 4 4 1 3 3 0 2 1 0 0 1 5 1 8 4 12 1 4 1 7 5 5 9 3 3 0 0 2 4 1 1 0 1 2 0 3 1 25 10 0 0 29 4 4 2 5 0 2 3 0 1 27 
8 9 2 0 5 2 3 3 2 2 0 0 5 1 1 27 22 12 20 0 8 14 4 21 4 1 2 33 3 294 88 213 294 99 150 126 21 85 390 288 171 29 125 119 141 220 116 45 57 353 18 5 19 17 4 0 5 5 0 4 4 26 7 24 18 23 6 8 5 7 15 24 14 5 1 5 2 3 13 4 2 2 2 6 4 10 12 66 21 0 0 111 25 13 14 16 1 12 9 2 6 52 
8 17 10 1 2 6 6 5 11 6 3 11 10 3 4 5 19 22 9 8 14 3 4 26 10 0 5 23 26 118 33 96 115 42 77 31 144 8 154 134 77 10 103 102 96 103 79 25 46 244 6 2 10 2 2 0 3 11 0 1 1 12 1 8 12 9 4 4 3 2 1 13 6 11 2 0 2 2 12 2 1 0 3 2 3 10 4 49 13 0 0 67 16 13 6 9 4 6 5 1 4 32 
15 22 15 2 8 11 13 18 18 22 11 23 22 18 14 20 52 43 34 23 34 19 14 47 12 1 3 40 29 207 75 164 250 72 108 68 459 113 16 320 183 22 127 137 131 154 122 59 66 382 7 9 25 8 1 2 7 14 0 5 5 20 4 22 19 26 6 8 6 12 14 11 16 5 8 4 0 2 38 8 1 4 1 11 3 24 14 104 30 0 0 111 12 30 20 22 4 12 17 7 5 59 
12 22 8 3 2 11 9 16 21 14 7 15 12 18 8 24 26 18 18 11 12 5 3 17 10 2 1 17 18 113 30 52 142 32 102 62 349 167 464 8 51 15 72 128 71 153 90 42 34 287 8 1 8 6 0 0 8 5 0 2 2 23 3 10 7 9 2 6 3 0 8 6 11 9 3 0 0 5 19 5 5 1 3 18 9 7 8 29 14 0 0 58 9 11 5 13 2 2 6 2 2 28 
11 17 21 0 3 10 7 13 13 9 5 9 11 11 7 11 32 21 19 14 14 2 8 44 18 0 0 27 21 87 26 52 187 26 46 44 211 100 261 53 7 10 43 90 49 114 65 48 29 255 3 2 9 4 0 0 2 4 0 0 1 8 2 7 7 15 3 4 1 5 4 7 12 3 0 3 0 1 16 5 3 6 2 5 1 12 8 19 4 0 0 46 14 4 9 9 1 1 5 1 0 26 
0 2 2 1 1 1 1 1 2 2 0 0 7 1 1 1 7 7 2 0 3 0 0 7 2 0 0 1 0 4 1 6 23 2 15 5 44 18 27 9 11 1 18 31 14 23 12 3 6 27 2 0 2 1 0 1 0 1 0 0 0 0 0 1 0 4 1 1 0 1 0 1 0 2 0 1 0 0 2 1 0 1 2 2 4 2 2 12 9 0 0 8 1 1 1 4 0 2 4 0 2 8 
6 10 6 4 2 9 7 4 5 0 0 6 3 5 1 4 13 9 7 2 10 3 4 7 5 0 1 12 7 37 8 41 93 17 32 23 118 59 129 67 38 12 13 67 45 85 51 29 35 163 8 1 10 2 2 2 6 8 0 1 1 5 2 4 5 5 3 2 0 1 2 5 2 3 12 7 1 8 23 7 13 2 8 36 18 38 24 67 43 0 0 79 23 26 22 18 1 12 10 3 6 103 
9 10 11 2 0 10 9 5 4 6 5 5 5 8 3 13 24 19 18 5 9 3 1 17 9 0 0 12 16 59 15 38 126 45 47 26 230 94 217 108 79 36 128 19 127 253 125 66 77 395 14 7 25 9 9 1 4 14 0 1 0 10 3 16 11 20 8 6 3 2 2 12 14 2 17 16 4 6 55 14 10 14 10 77 40 70 49 98 80 0 0 241 36 48 39 52 8 36 31 6 4 132 
8 12 4 3 2 3 6 9 6 9 1 5 6 2 8 10 17 21 10 3 7 4 1 20 10 0 0 24 13 47 15 27 120 18 43 30 138 72 136 74 50 14 62 107 11 170 71 39 63 339 3 4 16 3 0 1 2 4 0 2 3 13 0 3 9 12 3 7 1 0 7 5 7 2 10 7 0 2 29 10 3 1 2 22 6 28 14 34 13 0 0 100 17 21 20 17 9 21 16 2 1 38 
7 16 6 1 6 10 3 15 9 11 7 8 13 11 4 17 34 24 18 9 10 4 5 12 17 1 0 15 17 54 25 50 192 30 56 54 213 138 187 124 115 28 81 233 191 26 176 128 115 533 9 4 18 3 4 0 13 11 0 6 1 3 2 13 11 14 7 7 3 0 7 4 10 6 11 2 2 9 31 10 10 8 6 38 19 59 27 110 30 0 0 141 17 30 25 28 4 20 21 3 5 129 
8 10 13 3 3 9 3 6 10 8 7 11 16 17 2 13 23 21 12 4 5 2 8 34 10 5 0 16 10 41 7 43 182 30 34 41 140 97 157 77 70 17 82 139 101 193 21 93 104 326 3 4 17 4 0 1 2 2 0 1 2 7 3 5 6 15 9 3 3 4 6 2 8 4 9 9 0 3 31 10 9 7 10 26 12 46 18 89 7 0 0 88 19 17 16 9 2 21 23 2 5 84 
1 4 1 0 3 3 3 0 1 6 3 1 4 2 5 7 11 12 4 1 7 3 4 18 7 0 0 12 4 23 9 17 74 5 19 20 65 40 95 47 33 7 42 85 60 196 91 9 65 408 1 2 6 0 0 2 3 3 0 0 1 0 0 2 1 1 2 0 1 0 2 1 5 3 3 4 1 4 20 4 2 5 3 16 5 18 7 66 3 0 0 81 10 17 14 3 1 7 18 1 0 59 
1 10 3 0 1 5 4 3 2 3 4 4 6 9 4 8 8 13 3 8 2 2 3 20 12 1 0 8 6 24 4 18 134 10 13 17 71 39 76 47 55 5 71 120 84 232 107 80 20 440 3 2 2 1 1 0 2 3 0 1 2 4 0 3 3 5 0 7 1 3 1 5 3 0 4 3 0 3 16 5 6 5 2 24 2 17 9 79 4 0 0 97 10 16 11 9 1 5 7 1 0 62 
42 54 35 2 16 22 19 22 21 46 22 32 37 24 17 21 60 61 34 20 18 20 17 159 37 3 1 103 41 196 58 124 910 88 119 109 468 248 534 305 269 35 194 416 267 613 302 303 242 61 39 18 66 16 4 14 28 29 0 7 6 21 8 22 26 53 12 23 10 11 9 9 24 15 48 19 4 16 141 33 27 43 33 121 40 102 53 588 46 0 0 300 49 73 78 51 6 61 61 5 4 388 
8 12 4 2 4 5 6 6 3 5 0 5 8 14 11 12 12 5 4 4 0 1 1 33 10 0 2 11 4 5 6 7 57 14 9 4 4 7 23 6 8 1 14 14 10 12 6 6 7 55 4 14 51 20 9 4 18 27 0 31 9 4 1 15 27 23 9 12 3 12 3 7 22 12 9 10 2 5 109 9 6 2 5 37 12 15 7 58 16 0 0 11 3 9 8 4 0 4 4 1 7 24 
3 5 3 2 0 2 3 3 2 4 0 7 6 8 7 14 9 3 3 2 1 0 0 4 0 0 0 8 4 9 2 1 29 7 6 3 9 4 8 6 6 2 12 14 1 14 7 1 2 23 5 5 40 13 12 3 7 8 0 8 6 1 1 8 10 24 7 5 4 6 1 2 8 6 1 5 1 0 60 3 7 0 14 19 9 6 4 22 5 0 0 13 1 1 1 2 0 2 0 0 0 20 
5 10 8 1 2 7 1 10 6 10 4 4 11 18 13 29 20 3 4 3 4 0 2 39 6 0 0 19 8 11 4 14 91 18 8 3 19 9 27 16 10 2 12 14 11 23 15 11 10 84 40 17 6 35 19 6 21 33 0 41 4 4 3 19 14 20 6 12 7 12 4 16 16 10 7 6 1 4 100 10 5 3 0 28 8 28 7 75 9 0 0 19 1 10 7 2 0 6 6 0 1 33 
1 1 6 1 2 2 4 2 1 5 1 1 6 13 6 12 15 1 4 1 1 1 0 2 2 0 0 4 0 10 3 5 26 4 13 3 15 2 8 5 5 0 10 5 0 6 4 1 2 16 17 21 27 4 9 3 8 26 0 21 4 3 4 11 22 22 4 9 0 5 5 7 6 4 2 5 3 2 95 2 2 5 2 16 6 13 1 11 5 0 0 7 1 2 2 4 1 2 1 0 2 7 
0 3 3 0 3 0 1 5 2 1 0 1 5 1 3 1 2 0 0 2 0 0 2 4 2 0 0 7 2 0 2 1 20 8 4 1 2 1 7 1 0 2 1 3 0 0 0 0 0 4 6 10 24 4 1 1 12 10 0 7 1 1 3 6 4 17 1 7 1 2 1 6 2 4 2 1 0 1 53 3 2 3 2 11 0 2 1 9 5 0 0 5 0 0 3 0 0 0 0 0 0 4 
1 2 3 0 0 0 0 2 2 0 0 0 1 1 2 4 3 0 0 0 0 0 0 3 1 0 0 4 2 3 2 3 5 4 3 0 2 1 3 1 2 0 0 2 1 1 1 4 1 6 11 6 7 2 1 4 9 28 0 2 4 1 0 3 3 7 3 2 0 1 3 0 2 3 1 2 0 2 31 0 3 0 3 6 0 3 0 5 2 0 0 1 0 1 1 1 0 0 2 0 0 0 
4 4 2 1 0 2 0 3 1 2 2 5 2 9 4 9 6 2 3 0 1 0 0 6 2 0 0 3 5 7 0 2 22 2 3 3 12 3 7 1 4 1 7 7 6 9 7 1 2 23 17 8 18 9 1 19 1 12 0 10 7 5 6 12 10 19 5 9 3 5 2 2 6 2 6 10 0 5 67 6 3 0 0 19 3 7 4 8 1 0 0 7 2 2 3 4 1 3 1 0 0 9 
4 4 5 1 1 5 7 5 3 6 6 5 15 20 8 14 7 1 2 3 2 0 2 7 3 1 0 11 8 10 4 9 17 10 6 2 12 6 14 7 4 1 7 13 7 12 7 2 1 22 32 24 48 20 15 14 15 5 0 23 7 3 7 13 14 11 2 17 2 12 3 6 4 4 12 13 0 19 99 13 13 3 4 31 18 13 5 11 4 0 0 16 2 0 5 1 1 1 4 6 0 7 
0 0 0 0 0 0 0 0 0 0 0 0 0 0 0 0 0 0 0 0 0 0 0 0 0 0 0 0 0 0 0 0 0 0 0 0 0 0 0 0 0 0 0 0 0 0 0 0 0 0 0 0 0 0 0 0 0 0 0 0 0 0 0 0 0 0 0 0 0 0 0 0 0 0 0 0 0 0 0 0 0 0 0 0 0 0 0 0 0 0 0 0 0 0 0 0 0 0 0 0 0 0 
7 6 2 1 0 7 4 6 3 5 1 2 26 28 10 29 11 8 15 1 4 3 2 19 8 3 0 13 16 7 6 5 10 7 3 0 1 3 9 9 5 0 2 2 5 3 8 0 2 20 23 15 27 16 10 10 5 29 0 2 3 8 7 8 12 24 11 15 2 6 15 17 22 20 11 3 0 3 63 2 3 1 1 11 5 6 1 14 1 0 0 9 2 4 0 1 0 1 2 0 0 16 
0 0 0 0 2 0 0 2 0 2 0 0 1 1 2 4 2 0 1 1 0 0 1 7 0 0 0 1 1 8 0 4 6 4 0 0 0 1 6 3 2 1 0 3 4 5 1 0 1 5 6 6 11 7 3 3 3 5 0 6 1 10 5 6 6 13 7 2 4 3 9 5 1 6 1 3 0 0 14 2 3 3 1 6 0 1 3 7 0 0 0 5 3 0 1 0 0 1 4 0 0 2 
1 3 4 0 3 3 1 1 2 0 1 7 0 3 2 5 5 0 1 0 4 1 1 2 0 0 0 1 1 4 3 5 6 7 21 3 16 8 14 10 2 0 6 5 5 3 1 1 4 22 2 1 4 2 1 1 5 6 0 3 5 1 4 8 8 22 2 3 0 2 6 7 0 3 3 0 1 0 6 3 2 2 3 4 0 0 2 4 0 0 0 7 1 1 2 2 0 1 1 0 0 0 
0 0 0 0 0 0 1 0 1 0 0 1 0 0 0 1 1 0 0 0 0 0 0 1 0 0 0 0 0 2 1 2 6 1 3 1 4 5 4 0 3 0 0 5 0 0 0 0 0 2 2 1 5 8 1 0 5 3 0 3 2 3 2 3 5 10 4 4 0 2 3 3 3 7 0 0 0 1 9 0 1 0 0 0 0 0 0 1 0 0 0 2 0 0 1 0 0 0 0 0 0 0 
2 3 1 0 0 2 5 4 0 1 0 0 3 2 0 6 3 1 0 1 1 1 0 1 0 0 0 0 0 10 5 4 11 0 5 4 26 7 22 10 10 0 4 7 10 13 5 1 2 15 15 11 25 12 2 5 7 6 0 9 6 11 5 1 7 21 4 11 1 14 9 15 13 14 6 5 0 3 32 1 0 2 1 4 4 3 0 5 4 0 0 9 2 2 0 2 0 3 0 0 0 6 
2 8 7 1 0 3 0 6 2 1 0 0 5 0 1 3 2 0 1 0 1 0 0 1 0 0 0 1 8 15 11 16 16 6 6 4 30 9 33 15 6 0 12 9 4 20 10 2 6 32 16 5 31 16 2 2 3 5 0 22 2 15 6 2 4 21 13 8 8 22 16 34 24 16 4 5 1 3 26 8 4 1 1 6 2 8 0 4 1 0 0 11 2 2 0 0 0 0 0 0 0 8 
10 11 4 1 3 6 7 6 6 4 3 5 2 0 0 1 2 2 0 0 0 0 0 0 0 0 0 2 17 35 12 17 27 18 9 8 33 15 36 13 7 2 10 11 8 22 8 3 3 51 36 6 37 25 7 3 8 20 0 32 9 25 11 16 17 21 6 23 18 43 29 39 37 41 6 5 2 1 58 9 7 2 9 7 3 3 1 14 3 0 0 12 2 3 0 1 0 1 2 0 0 8 
0 2 1 0 2 3 1 3 0 1 1 0 0 0 0 0 1 0 0 0 0 0 0 0 0 1 0 1 4 8 6 7 7 8 2 1 8 3 14 2 2 0 0 0 1 6 1 1 1 13 1 1 8 4 1 0 0 3 0 10 7 5 3 4 6 13 1 9 8 10 20 12 9 11 3 2 0 5 11 2 1 0 2 2 1 1 1 2 0 0 0 1 0 0 0 0 0 0 0 0 0 1 
7 1 1 0 1 2 5 3 2 1 0 2 0 4 0 0 0 0 0 0 0 0 0 0 0 0 0 0 1 7 4 7 13 8 4 2 15 1 14 1 3 1 4 3 6 7 7 1 4 14 8 3 19 11 2 3 3 8 0 15 9 8 2 2 17 34 7 6 6 20 26 23 17 35 2 2 0 2 16 1 2 0 5 4 1 6 0 7 0 0 0 4 0 0 1 0 0 0 0 0 0 1 
1 2 0 0 0 1 1 1 2 0 0 0 0 1 0 0 0 0 0 0 0 0 0 0 0 0 0 0 1 9 3 7 2 6 3 0 14 7 2 4 1 0 1 1 0 2 1 0 0 2 4 3 11 0 0 2 0 0 0 8 5 3 2 2 6 22 10 8 0 5 26 21 8 7 0 0 0 0 12 3 0 0 0 1 0 1 0 3 0 0 0 6 0 0 0 0 0 0 0 0 1 0 
0 3 0 0 0 0 0 2 1 2 0 0 0 0 1 2 0 0 0 0 0 0 0 0 0 0 0 0 2 12 1 4 9 3 2 6 14 4 8 3 3 0 1 3 3 3 2 2 1 6 8 5 10 8 2 1 6 6 0 5 4 9 4 10 12 45 10 18 4 4 20 39 9 33 19 3 0 3 22 1 1 1 2 6 0 3 0 4 0 0 0 2 0 2 0 0 0 0 0 0 0 2 
0 2 4 0 1 0 5 4 2 3 0 0 5 4 4 5 1 0 1 0 0 0 0 0 0 0 0 0 6 3 1 5 16 7 7 8 31 10 31 8 6 0 3 3 5 9 5 0 1 28 4 1 8 11 2 1 7 4 0 8 1 14 13 10 13 51 12 23 15 17 1 46 16 14 3 3 0 1 9 3 0 1 1 1 3 0 0 12 2 0 0 4 0 0 0 0 0 0 0 0 0 4 
3 3 1 0 0 4 0 3 6 2 4 3 0 0 0 2 1 2 0 0 0 0 0 0 0 0 0 0 3 9 0 3 24 12 15 8 28 16 27 5 6 1 5 5 7 7 9 2 3 27 5 1 14 8 3 4 11 6 0 12 6 10 5 7 27 40 15 26 22 40 54 3 57 46 5 2 0 0 30 5 0 2 1 3 2 4 1 8 2 0 0 8 1 0 2 0 0 0 0 0 0 0 
1 2 0 0 0 4 1 1 2 0 0 1 1 0 0 1 3 0 0 0 0 0 0 0 0 0 0 1 2 2 1 3 6 4 15 2 23 9 14 6 3 1 4 5 4 7 2 5 0 26 14 9 18 11 4 7 9 4 0 14 3 2 3 10 21 36 12 10 11 21 15 30 2 9 3 3 0 2 30 1 3 5 1 7 3 0 3 8 2 0 0 1 0 0 0 1 0 2 0 0 0 2 
1 5 4 0 0 2 5 3 0 4 2 6 5 2 1 0 2 0 0 0 0 0 0 1 0 0 0 0 3 1 1 3 9 11 4 6 20 10 25 7 6 0 1 9 4 1 6 4 3 22 15 8 13 9 5 0 2 3 0 15 10 4 0 17 14 34 9 33 12 27 23 46 15 1 4 4 0 1 27 4 1 1 2 0 1 6 1 8 7 0 0 6 0 0 0 1 0 3 3 0 0 0 
3 4 0 1 1 0 0 0 5 5 3 4 9 12 6 9 4 4 1 1 1 1 2 9 1 0 0 3 3 7 3 1 19 1 2 1 4 4 13 3 10 1 10 23 6 24 10 1 4 48 8 5 11 8 8 3 1 11 0 10 1 0 1 1 6 16 2 4 2 4 2 6 7 11 4 13 4 11 185 29 25 6 20 80 14 14 5 76 14 0 0 18 3 5 5 4 1 7 9 0 1 24 
5 3 2 0 2 0 2 2 3 7 1 7 6 7 2 10 6 2 3 2 1 0 2 15 3 0 1 6 1 3 2 4 16 2 2 1 4 0 10 9 7 2 8 14 3 15 7 1 5 53 5 3 16 4 4 1 7 15 0 7 0 4 0 3 3 17 1 5 0 1 3 1 9 4 5 7 2 9 218 25 20 11 11 86 22 29 6 64 10 0 0 15 5 3 4 5 4 4 8 2 2 19 
0 0 0 1 0 0 0 2 0 0 0 0 0 2 1 3 3 1 0 1 0 0 0 4 0 0 0 3 4 0 0 1 2 2 1 0 2 0 3 2 2 1 1 3 2 6 1 0 0 4 1 0 1 2 2 2 0 6 0 4 0 1 1 0 5 6 1 2 0 1 0 0 0 0 1 7 3 10 51 13 3 7 4 14 4 3 1 14 3 0 0 0 1 2 1 1 0 0 1 0 0 5 
3 4 4 0 0 3 1 1 1 2 0 1 0 7 2 1 3 1 2 1 0 0 0 4 1 0 0 1 0 8 2 1 6 0 1 0 5 1 9 5 5 2 17 15 7 16 9 4 0 27 8 1 9 11 8 4 6 16 0 9 2 2 5 4 6 8 1 5 1 4 1 0 4 0 12 8 13 6 102 16 12 4 6 70 15 16 6 29 11 0 0 14 5 4 5 11 0 1 4 0 0 16 
7 13 13 5 4 9 9 5 9 7 4 7 16 44 11 31 19 10 10 5 1 3 4 21 5 0 1 5 16 17 4 18 50 17 17 5 18 5 55 20 7 3 30 38 14 35 25 11 12 80 84 50 125 65 36 46 61 110 0 25 12 14 5 28 26 70 13 27 16 18 10 22 16 33 127 94 32 60 16 76 60 23 29 178 45 40 17 102 22 0 0 47 11 22 15 4 2 11 14 1 8 38 
5 3 2 0 0 2 0 2 0 3 0 1 1 7 2 6 7 0 0 0 0 0 1 3 1 0 0 2 5 7 4 5 14 2 3 0 4 4 7 5 5 3 18 32 6 34 15 5 3 25 7 4 17 8 5 3 3 13 0 5 0 8 0 6 4 17 4 3 2 6 1 4 6 3 15 15 5 8 67 7 12 15 19 112 26 20 8 32 9 0 0 31 6 10 5 4 2 12 6 2 1 21 
1 2 3 2 0 0 0 0 3 2 0 0 0 5 2 3 2 4 1 1 0 0 1 3 0 1 0 0 8 4 4 4 10 2 2 0 0 1 7 3 4 0 9 31 13 12 16 1 8 36 4 13 10 4 1 2 2 10 0 2 3 10 1 2 11 7 0 0 2 2 2 5 6 1 9 11 4 10 79 23 1 5 4 67 36 38 7 33 4 0 0 18 8 16 5 6 0 5 5 2 0 15 
3 1 3 0 0 2 2 2 0 3 1 0 0 0 0 0 2 0 1 1 0 0 0 6 0 0 0 5 1 3 0 5 9 8 0 1 1 1 3 9 2 0 10 20 12 13 5 5 5 43 2 4 2 2 0 0 1 2 0 4 3 3 0 2 3 7 1 1 0 0 3 2 1 0 11 10 6 1 33 9 7 3 2 37 25 19 9 43 14 0 0 30 6 11 9 6 0 8 5 2 0 25 
0 2 0 0 0 2 0 0 0 1 0 0 1 0 0 0 0 0 1 0 0 0 1 0 3 0 0 2 8 1 2 3 7 1 0 0 3 4 3 3 2 1 21 18 6 22 14 2 5 40 0 4 7 4 1 3 4 13 0 3 5 1 0 3 1 7 2 1 0 0 0 4 2 2 12 11 2 8 70 20 13 2 2 125 36 22 8 48 7 0 0 21 8 6 10 4 0 9 9 0 0 15 
5 8 5 0 0 5 5 4 2 2 0 0 0 0 0 3 2 0 0 0 0 1 2 6 2 0 0 3 11 8 2 6 22 2 3 2 15 6 26 24 20 6 56 104 15 57 38 21 21 128 17 13 46 23 8 4 15 31 0 8 5 5 2 2 8 7 2 6 2 1 4 6 10 5 51 41 19 40 237 76 72 33 133 18 117 89 46 125 42 0 0 103 16 45 30 28 7 31 34 7 4 79 
1 0 1 0 0 1 2 3 0 4 0 0 0 0 0 0 0 0 0 0 0 0 0 1 0 0 0 0 5 3 0 3 6 0 2 0 5 0 6 13 5 5 36 38 19 37 21 7 6 46 5 3 5 5 4 3 8 13 0 4 1 4 0 1 2 2 0 0 2 1 3 2 2 3 5 8 1 16 68 39 28 13 22 96 4 40 24 50 5 0 0 56 6 6 8 10 5 11 10 0 3 29 
8 6 2 1 3 7 3 2 0 1 2 2 1 0 3 2 9 4 0 4 1 2 4 7 0 0 0 4 10 9 4 13 32 6 16 4 23 20 41 4 6 4 52 112 25 77 44 15 15 74 13 4 15 13 4 5 6 15 0 3 4 2 0 2 6 7 5 3 3 0 2 2 3 7 22 13 0 11 46 23 8 15 22 68 48 5 17 57 39 0 0 95 34 33 17 18 8 18 22 3 0 49 
0 2 4 0 2 2 0 0 3 2 0 3 2 1 1 1 2 4 3 1 1 3 0 5 2 0 0 6 10 13 5 7 17 5 3 3 31 13 49 13 9 4 28 78 10 47 19 8 7 56 8 6 5 4 0 1 2 1 0 2 0 1 0 1 2 5 3 2 0 0 0 0 0 2 9 3 2 8 33 12 11 10 6 52 21 16 7 33 16 0 0 92 8 29 13 18 2 18 8 0 0 29 
15 18 19 2 2 9 5 8 8 8 2 8 4 4 3 7 16 11 9 3 8 2 5 29 17 1 1 29 8 56 14 26 215 22 25 9 108 53 138 20 19 7 72 159 65 164 101 52 69 504 15 18 38 7 5 10 20 12 0 13 3 5 1 5 10 18 4 7 1 2 5 2 7 12 40 25 3 35 111 47 28 30 49 118 45 47 32 17 28 0 0 198 31 39 47 42 14 43 41 7 17 322 
3 4 3 0 1 1 3 4 3 0 0 2 3 4 3 3 5 3 0 2 1 0 2 8 3 0 0 12 3 12 4 10 40 7 5 6 51 20 43 19 6 12 52 52 21 50 15 7 6 58 2 5 7 4 0 0 4 5 0 2 1 2 0 0 1 5 3 1 0 2 0 0 4 3 9 6 2 2 29 8 10 6 10 29 17 41 18 29 4 0 0 62 21 14 18 24 2 18 15 1 0 63 
0 0 0 0 0 0 0 0 0 0 0 0 0 0 0 0 0 0 0 0 0 0 0 0 0 0 0 0 0 0 0 0 0 0 0 0 0 0 0 0 0 0 0 0 0 0 0 0 0 0 0 0 0 0 0 0 0 0 0 0 0 0 0 0 0 0 0 0 0 0 0 0 0 0 0 0 0 0 0 0 0 0 0 0 0 0 0 0 0 0 0 0 0 0 0 1 0 0 0 0 0 0 
0 0 0 0 0 0 0 0 0 0 0 0 0 0 0 0 0 0 0 0 0 0 0 0 0 0 0 0 0 0 0 0 0 0 0 0 0 0 0 0 0 0 0 0 0 0 0 0 0 0 0 0 0 0 0 0 0 0 0 0 0 0 0 0 0 0 0 0 0 0 0 0 0 0 0 0 0 0 0 0 0 0 0 0 0 0 0 0 0 0 0 0 0 0 0 0 0 0 0 0 0 0 
7 4 3 1 3 5 3 9 3 2 4 3 5 4 6 6 18 5 6 2 2 0 1 9 3 0 2 6 10 28 12 27 46 26 35 17 91 42 126 54 42 5 106 168 41 111 60 26 39 188 11 3 23 7 1 1 7 5 0 5 1 13 1 2 9 5 1 2 3 3 0 2 6 5 17 5 6 13 53 11 19 19 13 69 41 57 55 124 65 0 0 13 59 55 29 61 10 52 34 17 12 93 
2 3 0 0 0 0 0 0 2 0 0 0 3 1 2 4 2 0 0 1 0 0 1 0 0 0 0 2 1 10 3 3 16 3 9 0 23 11 23 5 3 2 37 41 15 39 13 9 2 40 2 2 1 3 0 0 1 1 0 0 1 1 1 1 1 1 1 0 0 0 0 1 0 0 5 2 0 1 10 3 1 4 6 15 4 31 18 31 17 0 0 50 2 6 5 4 2 4 12 0 3 33 
2 4 4 0 2 4 1 0 1 3 0 2 1 2 4 1 3 0 0 0 1 1 0 1 0 0 0 2 0 9 1 1 20 4 15 6 27 17 34 6 10 6 35 51 20 40 28 7 10 65 9 4 10 3 4 0 3 1 0 0 0 2 0 3 1 0 0 0 0 0 1 0 0 1 4 5 1 1 20 11 14 7 9 38 13 25 17 36 9 0 0 92 18 6 3 18 0 9 10 4 2 65 
0 2 1 0 0 2 1 0 0 1 1 0 0 1 1 1 5 2 1 0 0 0 0 1 0 0 0 1 0 7 2 9 17 3 12 5 17 8 19 6 11 2 26 28 10 19 29 11 22 53 2 0 3 1 1 3 2 0 0 3 0 1 2 0 1 0 0 0 0 0 0 0 0 0 4 3 1 2 13 9 4 5 6 17 8 29 8 30 7 0 0 30 6 5 2 17 1 4 7 0 1 41 
0 2 0 0 0 0 0 2 2 0 0 2 1 1 0 2 0 1 0 0 0 0 0 2 0 0 0 3 4 8 0 7 21 4 5 4 30 13 29 9 22 4 67 67 38 35 26 7 14 69 2 0 0 2 1 2 1 3 0 1 0 1 1 0 2 1 0 0 0 0 0 0 0 1 11 2 0 0 23 6 4 6 5 24 8 31 18 50 26 0 0 167 14 18 14 14 3 12 6 4 1 88 
0 0 0 0 0 1 1 0 1 0 1 1 0 1 1 1 0 0 0 0 0 0 0 0 0 0 0 0 0 1 1 1 4 1 1 0 4 4 4 4 3 3 11 14 3 11 7 3 3 10 1 1 1 2 0 0 0 2 0 0 0 0 0 0 6 0 0 0 0 0 0 0 0 0 0 0 0 0 4 1 2 0 2 3 1 3 3 11 2 0 0 20 6 1 14 2 1 1 1 0 0 8 
0 5 0 0 1 0 3 0 0 2 1 1 0 3 0 0 0 0 0 0 0 0 0 0 0 0 0 2 0 8 1 1 12 3 0 2 22 10 23 1 9 0 39 44 13 54 19 5 8 92 7 2 12 3 0 0 1 1 0 1 0 1 0 2 0 1 0 0 0 0 0 0 0 0 7 5 0 7 18 10 14 2 11 19 10 21 21 39 8 0 0 103 23 18 10 18 0 6 7 0 0 30 
0 5 0 0 0 0 1 0 2 3 0 0 0 1 0 1 0 2 0 0 0 0 0 0 0 0 0 0 0 7 6 3 12 3 6 5 15 8 13 5 7 2 46 35 17 51 29 12 7 75 2 0 9 2 0 1 1 1 0 1 0 1 0 0 0 0 0 0 1 0 0 0 0 0 9 4 0 7 14 5 6 4 6 18 9 14 18 52 7 0 0 102 15 9 12 15 0 5 2 2 1 28 
0 1 0 0 0 1 0 0 0 0 1 1 0 0 1 0 0 0 0 0 0 0 0 1 0 0 0 0 0 0 0 0 3 0 2 0 9 2 4 1 3 0 1 6 2 17 1 2 1 17 4 1 1 0 0 0 1 0 0 2 0 0 0 0 0 0 0 0 0 0 0 0 1 0 0 1 0 0 6 1 2 4 2 2 2 7 2 14 1 0 0 27 1 4 3 4 2 4 0 2 1 5 
0 0 0 0 0 0 0 0 0 0 1 0 0 1 0 0 0 0 0 0 0 0 0 0 0 0 0 0 0 2 1 1 4 0 0 0 6 0 4 0 1 0 10 6 6 6 3 1 1 8 0 0 0 0 0 0 0 4 0 0 0 0 0 0 0 0 0 0 0 0 0 0 0 0 0 2 0 1 4 0 0 2 1 7 5 5 1 14 4 0 0 11 4 0 3 5 0 1 4 0 0 0 
5 6 8 2 5 3 5 0 4 1 0 4 3 2 4 4 6 3 2 6 1 2 0 8 0 0 0 5 3 37 7 17 73 10 14 16 44 30 76 22 30 3 117 102 48 93 75 48 43 228 13 10 29 3 4 1 4 3 0 7 1 0 0 1 3 3 0 1 1 0 2 1 1 4 20 11 3 6 30 26 18 13 13 50 18 48 36 302 52 0 0 137 17 46 53 48 4 29 21 3 5 25 
