8 8 25 11 19 22 26 31 25 29 12 36 31 58 39 69 29 12 23 9 8 15 3 34 10 0 0 24 97 0 1 4 28 0 3 2 3 3 18 6 17 3 2 5 7 14 6 6 5 68 10 0 4 3 0 2 2 3 0 1 0 1 0 3 5 10 1 4 0 1 3 1 2 4 0 1 0 1 8 1 2 1 4 4 3 9 3 23 4 0 0 3 1 1 2 5 0 0 0 1 0 12 
5 5 10 7 18 31 31 19 42 24 12 50 45 55 34 49 35 15 22 13 12 9 3 29 11 0 0 25 69 6 2 6 16 1 7 6 8 1 33 18 13 1 5 7 3 10 9 3 7 46 8 6 13 5 4 1 5 8 0 1 3 1 2 4 3 8 3 2 1 1 3 2 4 2 1 3 0 2 12 8 2 1 3 5 2 1 0 16 2 0 0 10 3 5 2 1 0 0 1 1 1 8 
10 16 15 15 14 28 28 17 54 21 6 21 33 54 42 49 25 15 16 6 9 12 4 32 11 1 0 24 141 1 0 2 8 2 2 1 6 5 19 22 17 2 6 15 11 15 12 1 3 51 0 2 7 3 3 2 0 6 0 1 2 7 3 5 5 11 1 3 0 3 1 1 4 3 4 1 1 3 11 4 0 1 6 3 1 6 3 22 5 0 0 7 2 1 0 1 0 0 0 0 0 11 
5 10 20 3 2 8 11 6 10 4 6 5 9 18 8 9 4 2 1 4 1 4 2 3 1 0 3 6 43 3 1 2 5 0 0 0 0 0 4 2 0 0 1 2 3 1 4 0 0 10 3 1 1 0 0 0 0 2 0 1 3 0 0 2 1 1 0 0 1 0 0 0 0 1 0 0 0 0 5 0 0 0 0 0 1 0 0 4 0 0 0 1 0 0 0 1 0 0 0 0 0 0 
10 6 4 1 3 6 4 2 13 7 9 11 15 32 15 19 12 8 3 4 2 3 1 9 1 0 0 11 27 4 1 2 5 2 5 0 2 1 1 6 2 0 3 2 1 0 2 8 1 11 3 1 1 0 0 1 0 1 0 0 0 3 0 0 1 2 0 1 0 1 1 4 1 1 0 1 0 0 3 2 0 1 0 1 0 0 0 4 0 0 0 0 1 1 1 0 0 1 0 0 0 0 
21 45 17 12 10 4 16 17 19 19 10 36 57 169 36 65 26 19 17 6 17 11 5 22 12 2 1 17 112 4 0 1 4 0 2 1 2 5 32 17 2 3 12 3 11 9 13 1 3 26 2 0 9 0 1 0 2 4 0 1 0 7 0 4 6 9 1 2 0 2 3 5 0 1 1 1 0 0 11 0 1 1 0 5 0 4 0 13 1 0 0 6 1 0 0 0 0 0 1 0 0 2 
21 25 35 3 8 12 9 15 25 18 10 14 74 110 41 42 28 16 20 5 9 6 3 16 4 1 0 10 52 4 1 0 14 2 2 1 1 4 30 9 4 3 4 4 2 3 5 0 0 26 3 8 5 3 1 0 2 8 0 2 1 1 2 1 2 4 2 1 1 8 2 1 3 1 1 0 0 0 7 1 1 1 1 1 0 0 0 9 3 0 0 7 1 0 1 0 0 0 0 0 0 4 
17 25 27 7 4 14 29 9 22 23 11 16 66 127 38 64 40 29 21 14 9 22 1 22 5 0 1 13 79 3 0 9 3 3 5 0 4 3 25 16 5 2 10 9 11 13 9 1 1 42 1 0 6 3 0 1 4 4 0 0 1 3 2 7 6 3 3 4 0 3 1 1 1 4 3 0 0 1 18 0 0 0 2 1 0 2 3 2 1 0 0 6 1 1 0 1 1 1 2 0 0 7 
24 31 33 4 1 29 42 9 9 8 8 19 96 127 30 56 38 17 26 10 11 8 2 13 5 0 0 12 59 6 1 3 6 0 1 2 0 8 28 14 12 0 8 6 8 6 12 2 11 20 1 2 2 3 3 1 2 5 0 2 3 1 1 2 2 8 1 0 0 0 2 0 1 2 0 2 0 2 17 0 2 1 0 1 3 1 0 9 1 0 0 8 1 0 0 1 0 0 0 0 0 3 
3 17 12 2 1 35 10 9 10 3 7 11 42 76 13 26 19 17 10 1 8 3 6 14 6 2 0 20 34 0 0 0 4 1 0 0 2 2 25 10 5 3 3 4 4 6 2 4 1 14 6 1 6 5 1 1 1 7 0 1 1 0 1 2 4 1 1 3 0 2 0 4 4 0 8 5 0 0 20 1 2 1 2 6 1 0 0 7 0 0 0 4 0 1 0 0 0 0 0 0 0 5 
5 6 6 2 2 11 16 7 4 10 2 6 38 41 11 34 16 8 10 5 2 14 4 21 4 0 1 13 10 9 0 0 3 0 1 0 1 1 17 5 2 0 0 9 6 5 2 0 3 13 2 4 1 4 0 0 2 2 0 0 0 1 0 4 1 1 1 0 1 0 2 0 1 3 0 0 0 2 4 0 0 0 0 2 0 0 0 2 2 0 0 6 1 0 1 0 0 0 0 0 0 3 
24 51 24 3 11 20 23 28 23 19 22 5 26 75 30 53 36 15 24 17 18 9 4 37 14 0 2 47 40 4 3 8 6 1 1 4 1 6 32 16 6 1 5 8 9 9 4 3 4 30 3 0 11 3 2 0 0 16 0 4 1 3 0 2 3 3 0 0 0 1 6 1 2 1 3 0 0 1 20 0 0 0 0 0 0 3 3 2 0 0 0 5 3 0 2 1 0 0 0 0 0 7 
24 45 20 6 8 29 40 40 66 47 22 24 8 93 26 65 44 36 24 14 23 15 14 42 22 0 5 40 34 13 1 5 12 0 4 0 9 5 38 15 6 3 9 13 8 6 4 2 7 25 2 5 4 2 1 0 4 7 0 3 1 5 3 1 1 2 1 0 1 0 0 2 1 1 3 5 0 1 14 1 0 0 0 0 0 1 0 6 0 0 0 7 1 2 0 4 0 1 0 1 0 4 
81 100 66 13 24 52 67 54 72 54 31 46 71 11 21 46 96 74 69 34 59 39 23 102 29 2 8 115 63 11 4 0 18 1 5 1 3 2 13 10 8 2 5 11 7 10 11 5 8 35 15 9 16 13 3 2 3 22 0 9 1 1 1 0 2 1 0 0 0 0 1 1 1 0 6 3 0 10 39 4 0 0 0 0 1 1 1 4 1 0 0 3 1 2 1 6 2 1 0 3 0 4 
45 55 42 5 13 26 33 41 40 38 13 23 45 19 10 14 46 16 43 22 29 35 24 62 27 3 3 95 36 9 1 4 6 0 5 2 4 4 10 8 3 0 10 5 4 6 5 2 3 29 7 5 10 7 1 1 2 6 0 4 1 0 1 1 0 0 2 0 0 0 0 1 0 1 0 3 0 2 18 2 1 0 0 1 0 4 0 5 2 0 0 9 1 1 1 0 0 1 1 2 0 4 
36 64 42 5 11 29 55 51 65 60 24 54 63 90 15 13 56 85 70 40 72 48 32 118 54 9 7 117 44 29 8 18 41 10 11 4 58 4 24 21 23 8 11 25 13 19 11 13 14 46 11 2 24 14 2 3 8 3 0 3 3 1 0 0 1 0 1 0 0 0 1 3 4 0 3 3 2 1 27 1 2 0 0 0 0 5 2 22 1 0 0 19 2 3 3 0 0 1 1 0 0 6 
20 42 40 5 13 26 43 32 31 34 23 47 68 158 42 78 13 54 70 30 50 23 27 68 19 10 8 84 37 29 10 29 30 13 27 8 40 7 77 27 30 1 19 18 27 35 36 5 11 71 8 4 10 5 1 3 7 4 0 3 2 1 2 2 1 1 1 0 0 0 2 1 1 1 4 3 0 5 19 1 3 0 0 2 0 3 1 11 2 0 0 23 2 1 0 3 1 1 1 1 0 13 
12 19 18 3 4 15 16 12 20 28 17 15 61 151 23 105 38 10 26 20 30 14 14 52 21 1 6 48 26 18 5 13 40 7 13 11 25 23 68 24 21 4 10 23 19 12 10 7 8 62 2 2 7 3 4 1 1 6 0 1 2 5 2 1 0 1 0 0 1 1 0 1 0 0 2 1 1 0 9 2 1 1 0 1 6 3 5 10 3 0 0 7 2 0 2 0 0 0 0 0 0 3 
10 28 12 2 3 14 8 13 15 15 4 24 23 98 36 75 50 23 4 15 31 24 16 35 14 5 4 50 22 10 5 4 17 5 10 5 13 6 37 10 6 3 10 9 10 17 4 3 6 42 5 1 9 2 1 3 1 6 0 0 3 1 0 1 0 3 0 1 0 0 0 0 0 0 1 0 0 2 11 2 0 0 0 0 0 1 1 5 4 0 0 3 2 1 1 0 0 0 0 0 0 0 
4 18 6 2 1 4 9 10 3 4 12 7 29 77 16 51 24 17 14 2 2 8 8 22 18 11 6 59 15 6 3 1 5 0 2 4 8 2 43 10 13 1 2 6 5 7 9 3 5 24 1 0 3 2 1 1 0 0 0 0 2 0 0 0 1 0 0 0 0 0 0 0 0 0 1 0 0 4 9 1 0 2 1 1 1 2 2 7 0 0 0 6 0 0 0 0 0 0 0 0 0 0 
4 15 3 0 2 10 9 14 10 6 5 12 21 129 33 92 40 36 57 4 7 7 22 27 9 5 20 54 14 8 2 0 9 1 6 4 19 12 54 15 10 1 5 5 8 6 11 1 4 19 2 2 4 1 0 0 0 2 0 0 0 0 0 0 0 0 0 0 0 0 0 0 0 0 1 0 0 1 4 0 0 0 0 1 0 2 2 6 4 0 0 2 0 0 0 0 0 2 0 0 0 0 
9 12 16 1 1 14 11 11 18 15 7 10 27 136 33 72 34 17 20 10 9 2 16 37 4 4 6 51 19 1 2 6 7 1 2 5 5 6 40 7 9 1 4 2 4 8 2 1 1 18 1 1 0 1 0 0 1 0 0 0 0 0 0 0 0 0 0 0 0 0 0 0 0 0 0 0 0 0 2 0 0 0 0 1 0 1 0 4 0 0 0 0 0 0 0 0 0 0 0 0 0 0 
3 7 0 2 0 8 3 2 7 4 1 10 12 81 19 84 29 24 26 7 32 7 9 18 2 9 6 51 3 3 0 1 12 3 8 4 8 8 39 5 1 2 4 2 2 4 3 0 0 12 2 0 2 2 0 0 0 2 0 0 0 0 0 1 0 0 0 0 0 0 0 0 0 0 1 0 0 1 3 0 1 0 0 1 0 2 1 1 0 0 0 0 0 0 0 0 0 0 0 0 0 3 
9 10 11 3 8 11 11 13 15 21 7 23 37 154 39 134 77 43 59 15 31 12 14 7 7 29 30 78 13 9 3 2 30 5 10 2 28 5 80 16 25 0 11 8 16 13 7 4 7 90 4 5 10 4 2 0 4 6 0 1 1 1 0 2 0 0 0 0 0 0 0 0 0 0 3 1 1 0 9 0 1 0 2 2 0 1 1 17 0 0 0 9 1 0 2 4 0 1 2 0 0 1 
34 26 23 6 8 23 16 18 16 38 6 21 37 56 37 85 36 17 49 17 30 15 13 16 15 4 12 53 12 18 12 13 98 9 8 14 15 16 38 30 42 1 7 17 29 29 15 21 18 191 22 14 43 5 3 2 8 5 0 1 0 2 2 3 0 0 0 0 0 0 1 0 0 0 7 7 0 2 37 1 4 3 1 5 0 8 5 39 8 0 0 2 0 1 6 5 0 0 1 0 0 3 
0 0 0 0 0 2 1 0 0 3 0 0 1 7 3 7 10 8 10 4 12 14 8 25 4 2 1 9 0 1 0 0 0 0 2 1 2 1 6 7 1 0 0 1 1 1 1 0 0 1 1 0 0 0 0 0 0 0 0 0 0 0 0 1 0 0 0 0 0 0 0 0 0 0 0 0 0 0 1 0 0 0 0 0 0 0 0 0 0 0 0 0 0 0 0 0 0 0 0 0 0 1 
1 0 0 0 1 0 0 2 1 1 0 0 1 12 2 10 4 6 10 2 7 12 5 40 4 4 2 23 0 0 0 0 1 0 1 0 0 0 16 0 1 0 2 3 1 1 3 0 0 5 1 0 0 0 0 0 0 0 0 0 0 0 0 0 0 0 0 0 0 0 0 0 0 0 0 0 1 0 2 0 0 1 0 0 0 0 0 1 0 0 0 0 0 0 0 0 0 0 0 0 0 0 
23 29 20 10 13 26 26 10 20 47 16 51 53 98 72 126 92 44 54 59 62 81 61 100 37 8 36 8 10 5 2 5 37 6 8 12 27 26 81 26 41 1 23 17 24 30 26 16 15 163 22 5 16 5 7 2 7 12 0 2 1 2 0 2 1 1 0 0 0 1 0 0 0 0 3 3 0 1 21 4 2 1 0 0 0 3 4 48 4 0 0 8 1 2 0 1 0 1 0 0 1 11 
45 77 92 23 20 52 48 50 44 24 6 45 34 48 15 46 18 22 37 20 21 9 6 18 3 0 0 2 0 6 3 2 4 3 3 0 5 4 18 21 14 0 13 10 15 14 4 5 6 42 8 5 10 12 2 3 1 1 0 4 1 1 2 4 9 12 6 2 0 0 0 3 1 4 0 3 0 3 17 0 2 0 0 8 2 4 0 7 2 0 0 2 0 4 2 5 0 0 1 0 0 2 
2 1 5 3 1 5 2 5 6 4 1 1 16 11 5 16 35 22 29 2 9 6 1 9 8 0 1 6 2 24 96 110 268 53 137 99 468 168 218 107 74 10 43 51 55 49 45 19 18 237 3 8 19 7 2 3 9 8 0 7 2 8 9 9 23 45 6 8 11 14 6 8 3 0 10 4 2 2 24 3 4 2 2 3 0 10 9 60 13 0 0 54 3 7 3 10 3 14 5 1 1 29 
0 1 0 0 0 3 3 0 1 0 0 1 3 1 4 3 15 6 9 1 2 0 0 4 5 3 0 4 3 84 3 56 119 19 57 48 133 52 107 45 23 3 12 12 9 19 13 4 3 69 4 1 2 1 0 2 1 4 0 3 2 0 0 8 10 29 4 3 3 4 1 2 7 2 1 0 0 0 11 2 4 1 1 1 4 1 0 19 5 0 0 11 4 4 2 4 0 4 0 0 1 4 
2 2 1 1 0 1 3 2 4 0 2 6 4 2 8 14 32 10 6 3 0 0 2 8 7 1 0 3 3 118 78 17 111 21 85 67 486 114 245 54 60 5 32 52 39 40 26 14 14 128 7 4 8 1 3 2 0 14 0 4 2 7 1 9 10 35 7 2 4 3 1 3 7 0 2 10 0 1 9 1 3 0 2 6 0 6 2 44 9 0 0 29 9 9 2 5 0 2 4 0 0 14 
19 15 5 4 2 4 8 7 3 9 5 5 6 9 2 13 28 26 5 3 1 3 5 57 31 0 3 14 9 247 82 110 19 34 76 83 222 116 208 137 106 11 62 66 95 145 105 71 72 664 36 17 55 15 9 7 19 20 0 8 4 5 1 6 14 16 9 8 1 8 20 24 12 9 15 10 2 4 50 2 4 13 5 11 3 13 14 140 27 0 0 37 7 14 4 20 1 7 5 3 0 36 
1 3 0 1 1 3 2 2 1 4 2 1 2 3 4 8 19 9 5 0 0 5 2 11 3 0 1 2 6 71 22 45 55 2 26 13 131 58 112 40 39 6 22 33 35 30 30 7 11 100 8 5 11 9 1 0 5 7 0 3 0 10 2 2 9 20 9 7 4 8 7 11 19 10 5 4 1 2 22 2 1 2 0 3 1 6 2 22 9 0 0 20 3 4 0 4 0 5 0 1 0 10 
3 9 3 0 1 8 2 5 0 2 2 0 9 5 8 16 34 14 14 0 0 1 4 13 4 0 2 7 4 145 56 95 118 20 14 18 205 62 158 107 50 5 50 64 45 66 33 23 26 155 5 5 4 5 1 4 6 9 0 3 3 9 2 7 3 19 2 9 3 5 9 22 19 5 5 1 2 0 10 2 0 0 0 3 1 8 4 37 14 0 0 54 12 4 11 10 5 2 2 3 1 13 
2 3 2 2 2 2 0 2 0 0 0 0 0 0 3 9 15 4 9 2 3 2 6 5 2 0 1 10 6 104 38 68 120 19 27 11 284 48 105 64 32 7 26 30 25 41 25 15 18 109 1 4 3 1 1 0 3 1 0 0 1 3 2 9 8 10 2 4 1 4 10 8 9 7 1 1 0 1 3 0 0 0 0 0 0 2 0 28 8 0 0 18 3 7 3 5 2 1 2 2 0 17 
3 6 5 2 1 4 6 1 1 6 1 1 6 3 0 31 32 25 12 5 20 8 7 20 13 1 2 32 7 299 137 211 346 105 108 111 27 129 488 270 172 30 137 167 148 164 97 42 50 393 19 15 21 12 4 4 3 16 0 0 1 15 8 30 22 21 9 26 4 12 25 32 22 8 4 5 1 3 21 4 1 1 2 5 5 19 16 81 31 0 0 99 18 20 17 19 1 19 8 2 1 52 
8 15 7 3 4 4 11 7 10 8 9 9 12 5 4 8 16 20 16 8 10 6 4 21 13 0 3 31 11 139 58 91 102 31 72 58 196 11 176 167 76 27 92 105 61 92 79 26 33 251 4 4 9 6 0 0 2 0 0 0 3 7 4 13 8 7 1 0 1 3 7 9 11 0 3 5 0 1 12 2 3 1 2 0 1 8 8 56 16 0 0 53 21 7 8 8 7 6 5 0 0 26 
20 26 16 9 7 7 21 22 24 38 13 28 29 22 5 18 45 55 29 20 31 23 14 57 16 6 3 56 17 194 77 191 280 81 128 78 519 127 27 350 210 12 139 174 116 186 105 65 69 429 15 12 25 7 4 2 3 19 0 0 6 11 7 14 27 27 11 9 2 17 24 20 16 8 17 4 9 4 42 4 2 5 5 22 4 28 25 152 27 0 0 149 13 18 16 24 3 16 31 3 2 79 
12 21 14 2 6 11 8 16 13 9 6 17 19 23 15 17 37 22 12 12 4 3 8 18 11 1 1 28 11 96 37 53 161 64 110 49 423 160 491 16 55 26 77 155 94 119 104 30 44 262 9 0 11 4 3 6 4 7 0 1 4 13 2 7 17 15 0 4 0 1 2 3 7 3 4 1 2 2 14 4 6 3 3 23 2 4 9 33 9 0 0 48 6 14 6 18 3 10 2 2 0 25 
5 18 10 2 1 4 12 7 6 6 4 2 8 11 11 19 19 12 15 4 17 12 4 23 7 0 2 30 9 77 18 55 124 32 42 43 204 92 258 51 12 16 54 88 47 105 73 30 22 241 4 4 13 3 1 2 2 7 0 1 4 1 3 5 10 13 3 6 1 4 2 5 6 3 11 1 2 4 9 2 7 7 7 8 2 24 7 22 9 0 0 60 8 11 8 8 1 6 7 2 2 27 
0 0 0 0 0 0 0 1 0 0 0 3 6 0 3 1 4 2 3 0 0 0 0 1 0 0 0 5 0 11 5 2 8 4 3 7 67 9 28 23 15 0 30 39 26 36 17 7 5 27 0 0 2 0 0 0 1 0 0 0 0 0 0 1 1 3 0 0 0 0 1 1 0 0 0 0 0 0 2 0 1 0 0 1 2 3 5 14 9 0 0 14 3 4 3 5 0 2 2 1 0 6 
2 10 2 1 2 2 7 7 5 10 5 3 13 4 2 18 32 10 4 6 3 5 2 20 6 0 0 11 6 54 11 36 100 26 40 23 111 78 136 67 57 26 19 74 76 104 57 30 36 186 6 7 8 1 4 2 4 7 0 0 4 5 3 5 7 12 3 2 0 6 4 3 8 3 12 8 1 10 31 14 16 9 9 38 20 62 20 91 50 0 0 91 29 33 16 39 5 31 17 5 7 99 
8 13 7 0 4 11 7 6 9 9 4 2 6 10 9 16 16 26 11 10 10 1 3 17 9 0 0 18 4 49 17 45 88 31 47 20 173 106 207 126 81 32 99 23 163 289 150 72 81 387 11 13 22 11 1 0 6 12 0 2 4 9 0 10 10 12 4 8 0 1 4 7 7 8 13 15 6 18 79 16 21 14 20 73 41 128 62 145 77 0 0 233 43 55 29 60 7 41 26 12 9 105 
9 9 10 0 3 4 6 4 7 10 8 4 10 2 2 7 17 18 5 6 6 3 7 27 14 2 1 12 14 53 16 35 113 20 27 24 108 73 143 65 57 20 73 132 10 141 86 71 56 286 10 1 14 3 0 3 4 4 0 2 3 5 1 10 8 7 1 4 3 1 3 7 3 4 8 8 1 9 18 6 7 6 5 28 17 23 11 66 16 0 0 66 19 17 13 19 3 6 13 5 3 64 
13 13 12 4 4 6 6 9 14 11 1 11 5 8 5 11 18 23 20 3 8 11 5 25 4 0 0 24 10 51 18 36 146 35 58 50 195 122 204 125 124 21 109 289 185 30 180 186 131 563 6 13 17 2 3 0 2 7 0 0 5 9 1 4 14 14 1 3 3 4 6 11 7 4 16 10 3 12 36 6 22 8 9 48 30 60 30 173 43 0 0 181 32 33 22 29 5 26 37 9 2 123 
3 7 2 0 2 4 6 9 5 8 4 6 14 10 3 12 23 11 11 8 14 4 5 15 7 0 0 20 10 52 18 41 128 17 30 22 136 82 117 105 75 13 84 123 116 227 29 107 87 334 13 10 15 2 0 0 3 6 0 1 0 7 1 4 6 9 2 3 0 2 6 5 5 5 12 8 0 4 14 7 9 7 14 31 19 32 35 116 19 0 0 81 7 27 21 19 5 10 18 4 1 97 
7 4 0 0 0 4 3 1 5 1 3 5 4 4 1 5 9 8 5 1 1 3 3 14 5 0 0 10 4 24 4 7 68 9 15 4 66 28 58 34 36 4 29 109 74 235 88 13 48 438 4 2 3 1 1 0 2 4 0 0 0 1 0 8 3 3 3 2 0 0 1 3 0 1 3 3 0 1 11 4 4 2 7 23 6 22 11 101 11 0 0 70 7 8 13 4 2 5 9 0 4 33 
6 4 3 1 0 5 2 2 3 5 0 4 1 7 1 2 6 4 6 1 3 2 0 11 3 0 0 8 8 23 8 17 91 9 28 8 65 31 70 65 27 6 40 146 76 172 108 89 10 475 2 0 5 2 2 1 2 2 0 1 1 2 0 1 8 3 2 1 0 2 3 4 0 0 3 4 1 1 23 1 7 2 5 10 5 18 7 131 14 0 0 69 7 8 12 10 2 13 3 2 1 43 
48 63 23 4 18 21 32 15 22 50 18 35 36 28 15 17 70 46 32 21 30 15 16 175 54 0 6 127 44 185 38 121 719 62 106 89 323 241 506 279 248 31 196 396 256 616 260 307 232 50 50 24 60 10 8 9 14 28 0 11 8 11 6 23 32 45 10 13 3 4 21 6 15 11 56 23 5 18 97 26 31 23 39 100 33 80 56 530 50 0 0 228 39 70 56 53 20 56 67 12 4 270 
6 5 7 0 2 6 6 3 2 4 2 1 6 6 4 14 4 2 4 3 0 1 2 15 9 0 1 2 6 11 6 17 51 8 5 4 8 5 8 4 5 0 4 23 8 10 12 2 7 44 13 13 57 9 11 9 14 19 0 29 7 2 3 17 19 30 10 10 1 12 5 13 9 22 3 4 0 6 89 5 10 4 9 34 3 12 9 42 10 0 0 7 3 6 3 2 1 3 1 1 2 17 
1 5 2 0 1 5 2 0 6 5 4 1 3 5 5 8 11 1 5 0 0 1 0 9 2 0 0 3 8 3 2 5 39 4 4 1 14 2 13 3 2 0 4 8 2 1 9 3 0 16 9 4 36 25 14 1 9 20 0 16 2 2 2 6 8 7 4 12 1 6 1 5 9 5 3 3 0 7 48 3 2 1 1 4 3 2 6 21 1 0 0 7 0 3 3 0 1 2 3 0 0 7 
8 9 7 3 1 11 3 4 5 7 3 1 11 23 8 29 10 4 3 2 0 0 2 29 11 0 1 18 3 7 3 6 61 16 4 5 23 10 32 7 7 1 6 15 9 19 15 7 8 70 46 26 11 26 17 6 14 41 0 22 11 5 3 16 15 23 9 25 5 10 7 9 15 7 10 6 1 14 137 19 7 3 11 25 8 25 6 73 9 0 0 11 5 3 4 7 0 10 9 2 0 25 
1 4 5 1 2 1 2 2 0 5 2 2 3 7 4 9 6 6 5 1 2 0 1 6 1 0 0 4 3 3 2 6 21 7 1 2 11 0 6 2 6 0 2 15 2 3 2 0 2 25 16 15 45 2 11 5 7 25 0 26 3 3 1 17 14 15 12 13 4 1 4 5 3 2 0 0 0 2 79 10 4 2 6 17 3 10 4 13 1 0 0 8 1 1 4 1 0 4 4 1 1 4 
3 2 1 0 1 1 1 4 7 4 3 0 2 6 0 5 4 1 0 0 0 0 0 4 3 0 0 1 3 3 0 0 14 3 2 2 1 0 3 3 0 0 1 2 2 2 2 0 1 11 29 5 14 8 0 2 8 17 0 6 1 1 0 5 1 11 4 1 2 3 3 4 2 3 3 2 2 3 53 1 2 1 2 6 2 5 1 8 3 0 0 4 0 2 0 1 1 1 0 0 0 2 
1 7 5 0 1 0 2 1 1 1 3 0 0 1 3 2 1 1 0 1 4 0 0 3 1 1 0 4 2 0 2 5 8 5 1 0 0 3 3 2 1 0 2 3 0 0 3 0 0 8 7 4 13 1 4 1 9 10 0 9 5 2 0 3 4 6 4 2 1 4 0 0 3 2 2 1 0 1 37 0 2 1 3 5 0 2 2 6 0 0 0 3 1 1 1 2 0 0 1 0 0 2 
2 2 2 0 6 3 3 6 1 2 2 6 9 11 2 4 10 2 2 0 0 2 0 4 1 0 0 6 4 10 1 9 18 4 3 3 6 2 5 1 4 1 2 10 0 7 5 3 2 18 12 8 17 9 11 6 5 14 0 15 5 3 3 6 8 12 4 4 4 7 4 3 7 4 4 8 1 5 45 8 4 1 3 18 12 7 1 9 3 0 0 3 2 2 3 3 0 4 4 0 0 12 
4 5 3 0 1 1 2 2 3 8 1 2 3 26 6 15 7 5 4 0 0 0 0 11 1 0 0 6 10 10 5 5 18 9 7 1 12 2 7 4 8 0 2 18 0 5 3 2 3 20 29 14 39 14 8 11 13 6 0 23 5 6 10 15 16 23 7 15 1 8 4 10 10 8 15 18 3 13 159 19 13 3 7 34 12 7 2 17 6 0 0 14 3 1 3 2 1 1 2 1 0 7 
0 0 0 0 0 0 0 0 0 0 0 0 0 0 0 0 0 0 0 0 0 0 0 1 0 0 0 0 0 0 0 0 0 1 0 0 0 0 0 0 0 0 0 0 0 0 0 0 0 0 0 0 0 0 0 0 0 0 0 0 0 0 0 0 0 0 0 0 0 0 0 0 0 0 0 0 0 0 0 0 0 0 0 0 0 0 0 0 0 0 0 0 0 0 0 0 0 0 0 0 0 0 
8 9 9 4 4 6 5 4 5 7 5 4 25 25 10 20 16 7 6 4 4 6 0 19 10 0 0 17 9 7 1 4 17 9 4 0 0 3 17 4 1 0 2 8 3 4 6 3 2 35 19 14 27 26 7 7 7 20 0 5 8 3 3 11 13 28 17 4 4 8 5 10 12 14 9 2 2 4 67 7 5 1 3 14 4 4 0 18 3 0 0 8 4 1 2 1 1 0 0 0 0 10 
1 2 3 0 6 1 0 1 0 2 0 1 2 2 0 1 0 0 0 0 0 0 2 5 1 0 0 0 0 4 1 2 9 1 4 0 2 0 3 5 1 0 1 1 1 6 2 1 1 4 6 1 10 7 3 3 5 5 0 0 2 5 1 5 10 16 4 9 7 0 6 4 9 7 2 3 0 1 15 1 0 2 2 4 1 0 0 3 0 0 0 1 1 0 0 2 0 0 0 0 0 4 
1 1 2 0 0 3 0 2 0 1 1 5 3 5 3 2 8 2 0 1 0 0 1 2 0 1 1 0 0 7 1 2 12 8 7 1 11 9 15 11 7 2 5 10 9 6 2 3 4 16 1 3 6 3 1 0 2 5 0 11 13 0 6 8 11 26 10 7 4 14 4 5 6 7 1 1 0 1 16 0 3 0 0 5 4 3 4 6 3 0 0 8 0 2 2 1 0 0 0 0 0 0 
0 0 0 0 0 0 2 0 0 0 0 1 3 0 0 1 1 2 1 0 0 0 0 0 0 0 0 0 2 5 0 4 4 3 0 4 13 3 6 1 2 0 1 2 0 2 0 0 1 4 2 0 3 2 0 3 0 2 0 7 2 2 2 0 10 6 1 3 0 3 9 6 5 0 2 0 0 3 11 2 3 0 0 1 1 0 0 4 0 0 0 0 1 3 2 0 0 3 0 0 0 0 
2 13 0 0 0 1 5 3 4 1 0 3 1 3 0 2 2 1 0 0 0 1 0 0 1 0 1 0 7 13 5 11 17 2 12 3 41 13 16 13 12 1 4 4 7 9 6 2 4 21 14 11 25 9 3 2 8 10 0 17 4 19 2 2 8 39 19 6 4 17 11 30 12 5 8 7 0 10 27 8 2 1 0 3 2 1 2 3 0 0 0 11 3 2 0 1 0 1 0 0 0 4 
7 7 5 0 1 2 6 4 4 5 0 0 1 0 0 2 3 1 0 0 0 0 0 0 0 0 0 0 7 24 6 6 15 8 9 6 45 16 43 8 9 3 10 18 10 11 5 1 3 32 12 10 22 11 2 4 3 6 0 9 5 13 11 11 8 28 20 16 24 28 14 34 28 12 8 8 1 6 40 6 9 5 1 3 1 6 2 8 3 0 0 5 0 0 0 0 1 0 1 0 0 2 
5 17 10 1 1 5 8 10 9 3 2 4 6 4 3 1 1 0 3 0 0 0 1 0 3 0 0 1 11 20 22 26 44 17 9 13 44 11 44 13 15 1 15 6 9 9 5 8 5 40 15 7 43 23 3 2 10 12 0 34 17 14 8 21 29 25 15 37 25 49 36 50 43 33 23 5 3 7 58 12 6 4 3 6 1 7 2 9 2 0 0 4 0 1 0 2 0 1 0 0 0 9 
2 1 0 0 0 0 0 4 3 1 0 1 0 0 0 0 1 0 0 0 0 0 0 0 0 0 0 0 5 13 7 1 6 6 7 3 11 6 3 1 3 0 3 2 4 5 6 0 6 8 2 4 3 3 5 1 5 3 0 10 1 1 1 0 15 14 3 6 7 11 10 11 15 5 2 0 1 0 7 1 2 1 2 2 1 2 0 0 1 0 0 1 0 0 0 0 0 0 0 1 0 0 
5 4 4 0 0 2 9 5 0 3 1 0 0 1 0 0 1 1 0 0 0 0 0 0 0 0 0 1 5 10 5 5 11 8 7 10 22 8 16 3 3 0 3 3 5 5 8 2 4 16 6 8 14 10 2 3 5 4 0 14 11 10 10 11 17 41 15 7 4 21 14 29 28 27 2 1 1 1 18 0 2 1 0 3 1 5 4 10 0 0 0 2 0 0 0 0 0 0 0 0 0 0 
1 1 0 0 0 1 1 0 1 2 1 1 0 0 0 1 0 0 1 0 0 0 0 0 0 0 0 1 0 5 1 3 5 2 0 3 11 3 12 2 1 0 1 0 3 2 1 0 1 10 4 0 6 2 0 1 4 3 0 3 2 0 2 5 7 31 12 11 2 3 14 19 7 11 1 6 0 1 15 0 3 0 3 0 0 2 0 2 1 0 0 9 0 0 0 0 0 2 1 0 0 1 
2 5 2 0 0 1 3 5 4 5 1 4 0 0 0 0 1 0 0 0 1 0 0 0 0 0 0 0 2 12 3 7 11 9 13 2 15 6 13 0 5 1 1 0 3 3 1 1 2 19 9 0 12 6 1 2 4 5 0 13 9 6 2 9 21 41 29 20 8 5 23 28 27 16 2 2 0 4 17 1 5 1 0 5 1 0 3 4 1 0 0 0 0 0 1 1 0 0 0 0 0 0 
2 0 2 0 1 5 3 2 2 0 0 3 0 1 0 0 0 0 0 0 0 0 0 0 0 0 0 0 0 10 2 2 17 5 5 1 22 14 18 3 4 1 9 7 4 4 6 0 0 21 3 3 6 3 0 1 1 3 0 11 5 5 2 13 34 33 12 26 15 17 3 38 11 10 2 1 0 6 19 2 3 0 2 2 1 2 0 2 4 0 0 4 4 0 1 0 0 0 0 0 0 1 
0 1 2 0 1 2 0 3 2 1 1 1 2 2 1 3 1 0 0 0 0 0 0 0 0 0 0 0 2 15 5 3 16 8 11 5 29 4 35 9 8 1 2 5 5 11 7 2 2 24 6 1 10 2 4 1 5 12 0 11 5 5 3 11 33 48 15 17 17 45 49 7 43 32 3 4 0 0 18 5 0 1 4 2 2 4 3 3 0 0 0 6 4 0 0 0 0 1 0 0 0 2 
4 4 0 2 2 2 3 2 1 6 3 2 2 1 2 4 2 1 0 0 0 0 0 1 1 0 0 0 4 9 3 7 19 10 9 10 21 8 14 7 3 1 6 6 5 12 9 3 4 35 24 10 25 6 5 7 13 19 0 19 8 2 6 16 27 53 23 30 9 32 17 39 1 16 5 3 3 4 41 5 10 9 4 8 2 3 0 13 4 0 0 7 0 0 2 0 0 1 5 1 0 3 
3 5 3 2 3 4 5 3 3 0 4 4 1 3 3 6 1 1 2 0 0 0 4 0 0 0 0 1 4 3 0 1 15 11 8 6 19 7 13 8 5 0 3 6 2 9 3 2 6 28 23 7 15 10 5 8 6 8 0 21 10 2 4 12 21 35 15 27 7 38 18 34 21 6 6 5 5 6 38 2 3 0 8 7 3 4 5 11 2 0 0 1 0 4 0 1 0 2 1 0 2 5 
1 1 0 1 0 0 4 0 1 6 1 2 5 2 1 6 4 4 3 0 0 1 2 3 0 0 0 3 2 8 0 5 23 7 4 2 7 0 5 5 4 0 11 7 5 14 13 8 3 60 6 1 9 1 3 1 4 4 0 13 3 0 1 9 7 18 4 7 1 3 1 1 4 1 13 5 3 9 212 18 9 9 8 56 15 26 8 44 9 0 0 5 5 8 5 3 1 10 5 0 2 26 
0 1 1 1 0 1 2 1 4 1 1 4 2 2 0 7 10 1 2 0 0 0 1 13 2 0 0 6 1 9 0 5 15 0 1 1 4 1 13 8 6 1 4 10 8 9 4 4 4 52 2 4 11 1 1 0 5 17 0 18 3 0 2 5 0 8 1 0 1 2 2 3 3 4 5 3 5 12 243 27 11 10 16 82 17 15 5 52 8 0 0 20 2 1 3 3 4 3 14 1 0 23 
1 0 0 0 0 0 0 1 0 2 0 0 1 3 1 1 3 1 0 0 0 0 0 0 2 0 0 1 0 0 2 0 1 2 1 0 3 1 0 0 1 1 3 1 2 2 0 0 1 3 3 2 1 0 0 3 1 3 0 5 2 1 0 2 1 2 2 0 0 1 0 2 2 1 1 3 0 5 105 12 5 1 1 27 2 6 1 3 1 0 0 1 0 1 0 1 0 1 1 0 1 2 
1 2 3 0 0 2 4 4 0 3 0 0 1 13 3 9 2 0 0 0 0 1 0 2 2 0 0 2 2 7 0 2 8 3 2 2 5 1 1 3 3 0 13 11 6 3 10 5 4 17 4 1 8 1 5 2 7 14 0 9 3 0 1 3 3 9 3 8 1 4 2 1 1 0 9 9 5 7 121 21 8 6 12 61 10 7 6 33 6 0 0 1 4 4 3 4 1 1 8 0 0 10 
16 19 10 1 8 8 11 8 12 22 8 8 16 47 20 35 30 6 8 4 1 1 1 21 9 0 1 18 19 22 7 14 44 23 6 4 22 11 37 12 4 1 35 43 27 27 28 21 9 100 105 54 181 76 39 18 32 96 0 53 14 5 6 27 27 46 14 32 10 21 26 28 31 22 170 111 48 70 17 86 77 26 37 226 55 37 22 111 12 0 0 37 8 28 14 13 3 11 18 3 3 40 
0 2 0 0 0 4 2 0 2 0 1 2 0 6 0 4 2 5 0 0 0 0 2 3 0 0 0 3 1 3 3 2 13 1 3 1 4 3 7 10 5 2 10 22 7 21 12 1 2 27 8 2 13 5 8 0 5 11 0 2 2 1 3 3 6 6 1 6 2 1 1 5 3 3 9 13 11 25 114 5 24 9 19 103 42 11 16 32 10 0 0 21 6 13 5 7 1 9 10 1 1 20 
0 0 1 0 1 0 0 0 0 0 0 0 2 1 0 3 4 0 1 1 1 0 0 1 0 0 0 1 2 5 3 2 4 2 1 1 2 2 3 6 0 1 14 36 5 14 5 0 5 28 8 2 14 6 1 3 2 17 0 3 0 1 0 3 7 4 1 3 2 3 2 6 0 1 9 9 6 10 146 29 5 10 17 112 31 15 8 72 7 0 0 21 3 14 11 3 0 8 12 0 2 16 
2 0 1 0 0 0 0 1 1 0 0 0 0 2 0 3 1 0 0 3 2 0 1 0 2 0 0 0 0 6 0 1 6 3 0 0 1 1 6 4 7 2 7 16 5 21 10 7 7 44 4 1 6 1 0 0 2 4 0 2 3 0 0 2 5 2 1 1 2 1 0 3 0 1 13 6 0 9 29 12 5 3 7 46 15 16 9 50 16 0 0 12 4 9 10 1 2 10 12 3 3 21 
2 0 0 0 0 0 0 0 2 0 0 0 0 0 0 0 0 0 0 0 0 0 0 1 0 0 0 4 1 1 0 2 7 1 0 2 0 1 6 2 3 1 11 33 7 10 5 4 6 32 5 2 11 8 1 3 3 13 0 2 0 1 2 0 6 9 3 3 1 1 6 1 5 0 12 7 1 7 135 21 20 3 2 105 36 26 6 60 5 0 0 27 3 4 7 7 1 21 9 2 1 24 
6 7 6 0 1 2 1 5 1 6 0 1 1 0 0 3 0 1 0 2 0 1 0 5 2 0 0 3 7 13 3 4 13 1 3 1 8 6 27 11 9 1 48 75 26 51 35 15 15 110 26 28 32 11 10 1 16 16 0 14 1 2 0 0 11 4 3 3 2 2 3 6 3 5 50 51 18 48 247 92 66 23 122 27 124 86 27 192 31 0 0 92 13 21 19 21 8 18 14 7 1 56 
0 2 3 0 1 0 1 1 1 0 0 1 0 0 0 0 1 0 0 0 0 0 1 1 0 0 0 2 3 2 1 0 2 0 0 0 2 3 2 10 2 3 29 74 8 14 19 5 2 35 1 2 9 7 2 1 3 8 0 7 2 1 1 0 3 0 0 1 1 0 0 4 6 1 9 14 1 19 75 35 27 5 23 151 1 30 14 59 10 0 0 50 7 18 7 10 5 6 6 0 0 20 
5 6 2 0 1 0 4 2 1 0 1 0 2 0 0 1 4 1 5 2 3 3 1 10 4 0 0 2 4 6 3 4 10 1 6 4 18 12 38 5 10 5 40 125 26 52 36 24 10 81 7 19 12 5 1 1 4 8 0 8 0 1 1 2 4 4 0 1 2 2 5 3 0 1 23 5 7 12 49 20 9 10 13 61 30 18 14 81 29 0 0 78 16 23 15 20 7 23 10 8 2 52 
1 2 3 0 1 5 0 0 2 0 0 1 3 2 2 3 4 1 2 0 1 0 0 5 5 0 0 4 6 5 3 5 14 2 2 3 17 13 31 5 11 2 29 89 30 40 19 12 16 67 4 3 7 4 2 1 4 7 0 6 4 4 1 0 0 2 2 2 1 0 3 2 5 4 17 7 2 14 35 13 10 4 14 59 21 31 7 62 18 0 0 83 11 19 19 14 7 11 8 2 2 58 
16 32 4 4 5 7 2 4 4 1 1 3 2 2 1 0 14 6 4 3 11 4 2 32 12 0 0 40 7 31 12 29 153 8 22 21 65 56 131 17 28 13 64 160 46 130 80 62 58 482 16 7 33 14 4 3 15 15 0 3 6 0 3 6 10 6 1 3 3 4 1 3 8 3 39 30 7 33 66 39 32 19 29 119 46 53 31 19 24 0 0 151 19 37 23 52 11 26 48 13 12 252 
1 4 2 1 0 1 3 1 1 1 1 1 3 3 2 0 2 4 1 3 1 1 0 10 1 0 0 5 2 7 3 13 26 7 8 3 35 22 43 19 20 5 68 85 11 39 20 5 9 58 6 3 7 2 1 0 4 0 0 4 2 0 0 2 1 6 0 3 0 1 2 1 2 5 7 1 3 6 27 9 3 9 7 34 16 49 20 29 5 0 0 80 11 13 12 19 2 12 15 5 4 55 
0 0 0 0 0 0 0 0 0 0 0 0 0 0 0 0 0 0 0 0 0 0 0 0 0 0 0 0 0 0 0 0 0 0 0 0 0 0 0 0 0 0 0 0 0 0 0 0 0 0 0 0 0 0 0 0 0 0 0 0 0 0 0 0 0 0 0 0 0 0 0 0 0 0 0 0 0 0 0 0 1 0 0 0 0 0 0 0 0 0 0 0 0 0 0 0 0 0 0 0 0 0 
0 0 0 0 0 0 0 0 0 0 0 0 0 0 0 0 0 0 0 0 0 0 0 0 0 0 0 0 0 0 0 0 0 0 0 0 0 0 0 0 0 0 0 0 0 0 0 0 0 0 0 0 0 0 0 0 0 0 0 0 0 0 0 0 0 0 0 0 0 0 0 0 0 0 0 0 0 0 0 0 0 0 0 0 0 0 0 0 0 0 0 0 0 0 0 0 0 0 0 0 0 0 
2 8 10 1 0 5 10 2 10 5 3 10 10 3 1 8 13 9 5 5 5 5 3 7 3 0 0 10 8 39 8 29 53 23 47 16 93 63 162 54 73 7 79 210 52 148 87 57 54 255 10 7 16 11 7 3 8 9 0 10 0 12 0 6 13 9 5 0 0 3 1 0 7 5 15 11 0 8 42 15 27 16 21 90 53 96 54 204 57 0 0 13 34 56 27 65 9 34 39 8 3 132 
0 0 2 0 0 0 0 3 0 2 0 1 0 0 0 3 1 1 0 0 0 0 0 1 1 0 0 1 2 9 1 3 11 1 2 5 30 8 22 9 12 4 26 49 12 33 12 12 12 57 5 6 2 1 0 0 0 1 0 0 2 3 1 1 0 0 0 0 0 1 0 0 0 0 1 1 1 2 8 6 5 4 8 25 12 22 7 57 10 0 0 62 6 10 6 20 2 12 10 1 1 38 
0 2 3 0 1 1 1 1 1 0 0 1 3 1 0 3 4 1 2 0 0 0 0 0 1 0 0 2 1 10 4 6 15 5 8 5 17 13 24 17 14 5 25 63 17 41 22 6 15 63 1 3 7 2 0 2 4 3 0 0 4 2 0 5 2 0 0 0 0 0 1 0 2 0 6 2 2 3 25 13 11 10 12 22 13 28 14 52 22 0 0 127 19 3 2 20 5 12 14 1 0 60 
3 5 0 0 0 2 1 1 1 1 0 0 2 3 0 1 3 0 0 0 0 0 0 3 0 0 0 5 1 5 2 10 8 3 5 9 15 11 12 5 14 5 32 59 12 34 12 4 11 53 4 1 7 0 6 1 1 2 0 0 1 3 2 0 1 0 0 0 0 0 0 0 2 0 6 2 3 5 16 4 11 6 10 20 8 24 16 56 19 0 0 37 20 7 6 17 6 8 5 2 3 55 
1 2 0 0 0 1 2 3 0 0 1 1 2 1 1 1 1 2 1 0 1 2 0 4 0 0 0 1 3 10 2 4 18 2 7 2 26 11 35 10 9 2 48 104 16 38 23 8 11 70 3 2 3 11 1 1 1 2 0 0 1 0 0 1 0 3 0 0 0 0 0 1 1 0 4 2 0 0 13 1 2 12 8 19 14 16 19 75 14 0 0 130 18 16 23 7 3 12 7 0 2 88 
0 0 2 0 0 0 0 1 0 0 0 0 0 0 0 0 0 0 0 0 0 0 0 0 0 0 0 0 1 0 0 3 2 2 2 2 1 2 6 0 1 0 7 12 2 14 4 1 2 4 1 0 0 1 1 0 1 0 0 0 0 0 0 0 0 0 0 0 0 0 0 0 0 0 2 0 0 1 4 1 2 0 0 1 3 2 1 9 0 0 0 15 4 2 2 2 0 2 0 0 0 3 
0 0 1 0 0 0 0 0 1 1 0 0 1 0 0 0 1 0 0 0 0 0 0 2 1 0 0 0 1 2 0 5 6 2 2 9 10 6 14 3 10 6 29 84 27 29 28 6 11 76 8 1 6 5 1 0 1 3 0 2 0 0 0 0 0 1 0 0 0 0 0 0 0 0 1 3 0 2 7 5 5 1 9 33 18 21 16 54 10 0 0 60 15 9 11 25 2 3 3 1 0 41 
1 0 1 0 0 0 1 0 0 0 1 0 1 0 1 2 1 1 0 0 0 0 0 1 0 0 0 4 1 8 3 3 4 3 4 2 12 3 20 6 8 5 20 59 14 40 11 9 16 55 5 1 5 2 0 1 2 0 0 1 0 3 0 2 1 0 0 0 0 0 0 0 0 0 6 0 1 3 14 7 10 4 6 23 11 20 10 66 8 0 0 76 11 4 3 9 1 3 6 1 0 24 
0 0 0 0 0 0 1 1 0 1 0 0 0 1 0 0 0 0 0 0 0 0 0 0 0 0 0 0 0 0 0 0 0 2 0 3 1 1 7 3 1 0 8 12 3 3 6 1 4 7 0 0 1 0 0 0 0 0 0 0 0 0 0 0 0 0 0 1 0 0 0 0 0 0 0 0 0 2 0 0 4 1 3 7 0 4 6 14 0 0 0 21 0 1 1 3 0 0 1 1 1 6 
1 0 0 0 0 0 0 0 0 0 0 0 0 0 0 0 1 0 0 0 0 0 0 0 0 0 0 0 0 0 1 1 1 0 3 0 1 2 1 1 0 0 10 11 4 7 6 2 2 14 0 0 0 0 0 0 0 0 0 2 0 1 0 0 0 0 0 0 0 0 0 0 0 0 1 0 0 1 0 0 0 0 1 7 0 5 3 13 4 0 0 10 1 1 4 3 0 2 0 2 2 3 
13 14 18 1 2 2 7 9 9 12 0 4 12 4 5 6 8 4 0 1 1 0 2 4 3 0 0 8 6 34 9 17 69 5 11 28 61 54 82 25 44 8 102 125 62 111 83 51 40 286 19 15 32 8 3 3 9 6 0 11 4 2 0 5 3 3 2 2 0 3 2 3 5 3 31 13 5 16 36 16 28 29 22 56 19 56 27 356 53 0 0 108 15 49 57 71 4 53 27 2 1 18 
