11 11 30 9 6 35 25 24 35 31 8 37 42 101 49 72 39 28 28 1 11 6 3 27 7 0 1 31 66 2 1 3 30 0 1 3 5 12 28 17 14 0 6 18 11 12 13 7 10 50 5 2 6 5 2 2 2 1 0 0 0 0 2 2 1 11 0 2 0 1 1 2 3 1 1 0 0 0 18 1 2 1 2 5 3 3 2 25 1 0 0 5 1 3 0 3 0 0 0 0 0 14 
9 15 20 6 9 23 23 35 32 25 15 40 49 134 57 72 42 27 35 9 8 2 2 25 10 1 0 23 110 5 1 3 16 2 6 1 8 3 35 20 12 3 13 15 6 12 7 3 8 74 3 6 7 8 3 0 8 7 0 0 1 4 3 6 5 10 1 5 0 2 6 6 3 1 1 1 0 0 16 1 5 5 0 3 0 9 0 30 4 0 0 5 3 1 3 1 0 0 1 0 0 9 
20 11 13 13 9 25 22 27 38 29 15 42 44 105 47 68 43 22 36 4 12 16 8 21 11 0 2 25 244 3 0 5 19 2 10 2 6 2 20 30 14 3 4 14 11 7 6 3 5 48 4 2 9 5 6 3 4 6 0 1 1 0 3 3 4 5 2 3 4 2 2 7 4 1 0 0 0 0 17 0 0 2 1 5 1 5 2 13 1 0 0 9 0 4 0 1 0 0 0 0 0 9 
5 15 19 3 0 4 3 5 10 11 3 2 12 26 11 7 6 5 3 1 2 2 0 4 4 1 1 5 24 0 0 0 2 0 2 0 0 1 7 5 6 0 0 2 2 3 1 1 0 11 1 0 3 0 0 0 0 0 0 0 1 0 0 1 1 0 1 1 1 0 0 0 0 0 0 1 1 0 3 0 0 0 0 1 1 0 0 4 0 0 0 0 0 1 0 0 0 1 0 0 0 1 
17 10 6 2 3 18 11 5 17 7 11 14 16 29 20 21 18 9 2 1 1 3 1 14 2 0 0 8 29 0 0 3 3 2 2 1 0 3 8 1 1 0 4 1 2 2 7 0 1 12 3 1 2 3 0 1 2 2 0 0 0 1 0 0 1 1 0 1 0 0 0 0 0 0 0 1 0 3 4 0 0 1 0 1 0 0 0 3 0 0 0 2 0 1 0 0 1 2 2 0 0 0 
24 31 33 16 12 10 22 16 13 19 8 37 60 93 40 56 38 31 23 12 7 14 5 36 8 2 0 33 84 6 1 1 7 3 1 1 1 6 52 25 10 1 7 4 13 6 15 6 3 35 8 3 6 3 1 3 1 2 0 1 0 0 2 7 5 9 1 1 0 4 1 3 1 11 1 2 0 1 15 1 0 2 0 2 1 8 1 9 0 0 0 10 1 5 0 1 1 1 0 2 0 3 
35 41 35 23 10 29 8 25 41 13 13 27 50 68 32 54 37 12 25 2 7 3 5 12 2 0 0 15 95 3 0 2 22 2 2 5 10 10 26 14 7 1 14 4 7 13 5 2 0 25 1 1 4 4 2 1 2 2 0 2 1 3 2 3 6 6 4 3 1 0 0 2 1 4 2 1 0 1 13 0 0 2 1 4 3 3 1 4 1 0 0 5 0 1 1 0 0 1 1 0 0 3 
12 23 25 5 7 15 41 6 19 20 9 31 60 101 42 58 52 29 21 4 9 11 4 17 8 0 0 13 72 6 1 5 7 2 1 1 3 9 31 23 7 2 14 8 3 11 7 2 11 24 6 0 2 2 3 2 5 5 0 0 4 3 0 4 4 7 4 1 1 3 2 4 4 2 2 1 0 8 10 0 2 0 3 3 2 1 1 5 2 0 0 3 1 2 2 0 0 2 0 0 1 1 
24 35 39 9 7 13 47 30 15 5 11 27 46 85 29 53 46 36 16 10 9 11 2 14 9 1 1 24 80 3 5 1 8 2 0 0 6 1 35 13 13 1 8 10 8 10 10 3 5 28 7 2 8 3 2 2 4 6 0 2 1 1 1 5 6 13 4 0 1 1 1 2 5 1 1 1 0 1 8 1 0 2 1 2 0 1 0 8 2 0 0 4 1 0 0 0 0 1 5 0 0 1 
13 20 20 6 6 11 18 12 10 3 5 10 38 52 25 46 38 12 17 4 3 5 2 17 9 1 3 10 35 3 0 0 3 3 0 0 2 3 19 10 5 0 2 4 6 4 7 2 3 17 11 12 7 2 3 1 3 3 0 2 1 1 1 3 3 2 0 2 2 1 0 3 4 1 2 5 0 0 7 1 1 1 0 5 2 0 1 3 2 0 0 2 3 2 0 1 0 0 2 0 0 1 
13 17 12 1 5 8 18 5 19 20 4 11 32 41 14 37 25 9 14 5 4 9 2 9 4 1 0 17 32 7 2 0 3 1 1 0 0 3 13 4 1 4 4 6 5 9 7 4 2 14 0 0 7 2 1 0 2 3 0 0 1 1 0 0 0 2 0 0 0 0 0 2 1 0 2 0 1 0 6 0 1 0 1 0 0 1 0 3 1 0 0 3 0 0 1 2 0 0 1 0 0 1 
30 45 19 2 10 12 35 28 29 27 15 5 22 67 31 75 47 24 13 14 14 13 15 63 13 1 3 55 56 7 7 7 9 1 3 3 3 4 37 18 6 0 2 3 8 9 6 5 6 32 6 3 10 1 0 0 1 6 0 1 1 7 0 0 2 5 0 0 1 0 4 4 2 4 2 2 1 1 5 3 0 0 0 0 0 1 0 1 0 0 0 11 0 2 3 0 0 1 1 1 0 6 
55 65 63 6 26 40 60 56 61 36 43 21 6 93 29 89 46 43 34 28 23 20 19 63 42 3 1 63 59 21 7 3 17 5 3 0 3 6 47 15 11 1 5 12 10 14 13 7 4 49 8 6 11 0 5 1 1 4 0 1 2 5 3 2 4 3 0 0 2 0 4 0 2 3 12 4 0 0 12 0 0 0 4 0 0 0 0 5 2 0 0 12 0 0 3 2 2 1 0 0 0 6 
59 94 63 10 15 36 52 45 43 60 17 30 35 11 12 58 63 63 46 23 48 38 13 59 41 5 2 139 78 8 3 3 12 0 2 0 3 3 19 18 16 0 8 9 4 7 3 3 0 20 8 4 10 13 3 3 2 3 0 4 2 3 0 0 2 0 1 1 0 1 1 2 1 2 3 2 0 0 20 3 0 0 0 0 0 1 1 6 2 0 0 9 0 2 2 1 0 1 2 0 0 7 
67 47 53 4 17 38 50 41 61 39 24 27 31 27 10 14 47 29 20 21 17 26 21 64 31 3 2 107 41 6 4 5 11 3 2 0 4 1 13 11 8 3 2 8 13 7 4 0 1 22 9 6 16 8 3 0 1 4 0 8 0 5 0 0 0 0 0 0 3 0 0 0 0 0 8 2 0 0 11 0 2 0 0 1 0 2 0 3 3 0 0 8 0 1 3 2 0 1 4 0 0 3 
33 59 41 8 20 40 42 46 61 41 15 45 51 34 16 16 52 72 50 29 53 36 37 118 29 13 12 99 27 16 6 17 33 8 11 9 36 3 21 21 16 1 13 14 12 22 13 7 5 38 5 4 19 12 3 5 3 8 0 5 3 1 0 4 0 4 2 0 0 2 1 3 2 0 6 2 1 2 18 3 0 0 0 4 0 5 2 9 3 0 0 11 0 1 3 0 0 1 2 0 0 2 
22 47 21 7 13 30 25 36 46 28 14 26 52 93 42 79 9 52 90 28 51 34 30 82 31 6 16 88 53 46 18 31 43 11 21 12 33 16 70 20 21 4 24 29 31 48 19 14 7 64 8 8 15 10 1 0 9 7 0 5 0 5 4 6 0 0 0 0 0 0 0 1 0 3 2 2 0 1 33 2 2 0 0 4 0 3 0 13 4 0 0 6 0 2 1 1 1 2 2 0 1 9 
14 40 27 7 9 19 23 21 39 26 9 26 49 121 34 116 50 7 45 16 41 21 23 66 25 22 2 71 59 18 4 20 23 20 20 10 43 7 50 33 16 3 16 16 17 23 14 9 4 37 3 1 3 10 1 2 2 7 0 0 1 1 0 5 1 0 1 1 0 0 0 0 0 0 6 1 1 3 11 1 0 1 0 0 0 4 3 2 3 0 0 5 0 2 0 0 0 1 0 0 0 5 
9 28 22 4 9 26 25 10 17 12 7 27 45 115 33 88 63 70 6 19 38 32 32 71 22 7 4 58 50 19 4 9 18 10 9 7 19 18 39 17 4 4 7 7 6 13 6 2 7 39 2 1 3 9 0 0 4 3 0 3 3 2 1 2 0 0 0 0 0 0 0 0 0 1 1 0 1 1 5 2 0 0 0 1 1 3 0 6 4 0 0 3 0 0 2 0 0 1 0 0 0 3 
5 11 8 3 5 7 7 12 10 17 4 15 21 74 31 56 27 19 13 3 3 4 7 30 20 10 4 63 28 10 2 3 5 0 7 2 11 1 30 14 3 2 3 5 3 12 6 4 6 23 1 1 4 2 3 0 1 2 0 0 0 0 0 0 0 0 0 0 0 0 0 0 0 0 0 1 0 0 1 0 0 0 0 0 0 0 1 1 1 0 0 0 0 0 0 0 0 0 0 0 0 0 
2 10 11 4 3 8 19 5 12 12 2 15 50 113 44 102 62 58 50 9 7 11 19 34 12 12 13 67 24 7 4 2 10 1 3 1 17 7 37 16 14 2 10 6 8 6 9 1 7 18 0 0 1 0 1 0 0 1 0 0 0 0 0 1 0 0 1 0 1 0 0 0 1 0 2 1 0 0 5 6 0 2 0 0 0 9 0 7 1 0 0 3 1 0 0 0 0 0 1 0 0 0 
6 15 11 2 2 17 13 7 9 14 10 16 23 97 45 87 38 28 22 8 12 7 12 35 10 21 9 92 55 4 2 4 13 0 5 3 16 3 36 5 10 2 5 8 9 8 7 1 2 17 2 0 1 3 0 0 0 1 0 2 1 0 0 0 0 0 0 0 0 0 0 0 0 0 3 2 0 0 5 1 2 0 0 0 0 0 1 3 4 0 0 3 0 0 0 0 0 1 0 0 0 0 
7 6 8 4 3 11 6 14 17 8 3 13 21 39 37 69 39 22 41 4 31 11 8 16 12 6 7 68 21 9 2 0 9 2 3 5 23 5 40 16 1 1 3 1 2 10 7 2 2 20 4 1 3 1 0 1 0 0 0 0 0 1 0 1 0 0 0 0 0 0 0 0 1 0 4 1 0 0 3 0 0 1 2 1 0 4 0 4 1 0 0 8 0 0 3 0 0 1 0 0 0 1 
16 16 14 2 4 9 14 11 15 34 9 27 40 99 57 162 108 68 48 18 46 11 26 12 9 25 40 140 15 5 4 4 24 8 4 10 34 18 76 17 24 4 6 7 15 25 15 6 10 90 4 1 11 1 3 3 3 2 0 3 2 1 0 2 0 2 0 0 0 0 0 0 0 0 1 4 0 1 11 2 1 0 1 0 1 1 1 17 2 0 0 4 1 0 0 0 1 0 1 0 0 3 
34 20 16 5 5 28 17 10 17 49 7 48 47 122 66 149 70 32 62 26 24 24 24 11 9 7 20 60 11 8 9 9 141 7 11 7 25 17 78 26 43 2 8 27 28 41 19 19 18 141 20 9 17 14 5 9 4 6 0 1 2 0 0 3 1 1 0 0 0 0 0 0 1 11 4 6 0 5 20 4 2 4 0 5 2 6 1 46 6 0 0 10 0 1 0 1 0 2 0 0 0 5 
0 1 2 0 0 0 0 0 2 3 0 1 2 8 4 11 8 5 4 7 13 21 16 28 7 1 2 16 4 0 0 1 1 0 2 0 0 2 8 1 0 0 1 0 0 1 0 0 0 5 0 0 0 1 0 0 0 0 0 0 0 0 0 0 0 0 0 0 0 0 0 0 0 0 0 0 0 0 3 0 0 0 0 0 0 0 0 2 0 0 0 0 0 0 0 0 0 0 0 0 0 0 
2 3 1 0 1 3 0 2 1 1 0 1 5 12 7 26 9 5 13 8 22 11 10 28 7 4 5 43 5 0 0 0 1 0 0 0 7 1 8 0 3 0 0 0 1 0 0 0 0 1 2 0 0 0 0 0 0 0 0 1 0 0 0 0 0 0 0 0 0 0 0 0 0 0 0 0 0 0 3 0 0 0 0 0 1 2 0 1 0 0 0 0 0 0 0 0 0 0 0 0 0 0 
11 20 15 6 10 19 18 14 22 41 13 41 35 148 77 193 101 55 74 43 56 44 45 93 45 22 41 18 20 7 4 5 31 5 12 11 37 37 86 23 34 3 7 23 24 21 19 15 6 120 6 6 17 5 5 5 4 3 0 2 1 2 0 3 2 0 0 0 0 0 0 0 0 0 5 8 0 1 23 1 0 1 1 4 2 6 3 19 2 0 0 15 1 5 3 3 0 0 1 0 0 8 
3 13 24 5 4 18 19 9 8 5 0 4 7 17 21 7 5 4 2 2 2 2 0 3 3 0 0 2 3 3 1 0 4 1 0 1 0 0 2 1 1 0 2 0 3 3 0 0 1 2 0 0 0 0 2 2 0 2 0 0 1 0 0 2 0 6 1 1 0 1 1 0 0 0 0 1 0 0 2 0 1 0 0 0 0 0 0 2 0 0 0 0 0 1 0 0 0 0 0 0 0 0 
1 1 4 0 0 4 1 6 6 5 2 9 11 6 2 27 61 32 25 10 5 6 3 11 9 0 0 12 13 23 81 91 342 63 176 148 533 197 367 152 107 6 63 60 65 75 67 27 20 245 8 1 9 10 2 4 1 11 0 1 12 11 1 24 22 53 4 11 5 11 13 9 7 1 3 4 0 2 36 5 2 1 3 10 3 10 6 61 13 0 0 49 6 7 13 9 0 7 9 0 0 34 
2 3 4 0 1 1 3 1 3 2 1 2 2 2 1 10 21 5 9 4 3 0 0 3 3 0 1 4 1 100 10 103 114 31 61 51 169 52 92 41 24 3 18 9 20 21 19 2 6 42 0 7 7 1 0 0 3 5 0 0 0 2 3 10 10 27 3 3 1 2 1 2 2 1 0 0 0 1 10 3 2 2 0 1 0 3 1 8 3 0 0 17 2 5 3 3 0 0 0 3 0 10 
6 2 4 0 0 0 1 3 3 3 0 4 10 1 3 17 44 12 17 3 2 3 0 7 2 0 0 5 6 126 75 15 129 42 76 71 336 127 263 81 67 6 49 43 60 58 53 14 15 134 8 4 8 5 5 5 6 6 0 5 9 5 3 7 11 27 9 4 4 3 0 4 5 4 5 1 0 0 25 3 2 1 4 3 3 17 3 41 13 0 0 35 8 10 2 6 0 0 7 1 0 21 
14 15 10 1 4 10 9 6 3 8 2 10 5 17 8 23 34 20 11 8 11 4 7 24 22 2 0 28 9 271 87 94 19 46 85 104 324 129 268 104 99 11 67 68 70 87 89 30 37 429 24 19 32 21 11 7 8 15 0 8 4 13 6 5 13 45 9 4 2 13 9 13 11 12 16 12 1 6 36 4 1 4 4 11 2 9 10 78 10 0 0 44 6 13 13 4 0 6 7 0 1 56 
2 3 2 1 2 2 3 4 2 1 0 0 2 1 2 7 20 13 2 0 0 0 0 3 4 0 1 6 9 61 24 47 29 5 23 16 116 30 110 48 31 3 31 32 33 38 13 4 17 84 5 3 16 8 4 1 2 4 0 4 4 8 2 2 15 22 4 8 5 8 8 15 13 18 0 2 0 0 24 4 1 0 0 0 0 3 4 12 9 0 0 31 3 4 10 4 0 3 4 0 0 10 
8 8 5 0 0 4 1 5 1 2 0 4 1 3 6 9 27 16 16 2 3 3 13 12 4 0 1 10 6 99 55 64 117 20 17 25 145 95 124 89 41 13 52 43 41 54 33 16 15 112 6 3 11 2 2 1 3 11 0 5 3 12 0 11 8 15 3 2 3 4 11 8 8 3 4 2 4 6 17 1 0 2 2 4 3 5 2 18 16 0 0 36 12 4 7 19 0 1 3 1 0 14 
6 2 0 2 1 3 1 0 4 3 0 1 1 0 2 8 20 11 4 1 7 1 5 6 1 0 1 3 2 130 54 60 127 15 57 14 187 61 89 56 42 13 34 26 29 46 26 6 15 111 2 1 6 4 2 2 2 2 0 1 0 6 1 3 9 11 1 3 0 1 12 7 6 2 0 0 0 1 2 1 0 0 0 1 0 9 1 15 6 0 0 42 3 3 7 6 0 2 9 3 0 15 
2 5 0 0 0 1 6 5 4 6 1 0 4 1 1 27 32 14 16 6 10 4 5 19 6 1 2 46 7 291 139 146 239 80 97 191 19 89 271 212 105 32 104 103 103 137 116 36 51 290 10 4 22 4 1 2 4 5 0 0 1 10 6 15 22 17 6 11 4 12 24 22 13 10 8 2 6 0 12 4 1 0 0 6 5 10 8 42 32 0 0 78 19 14 19 22 1 15 15 7 1 38 
6 8 11 4 1 10 5 6 9 11 5 7 9 8 6 5 14 14 13 7 2 6 13 13 3 3 1 25 20 116 53 91 125 46 71 51 137 22 183 166 92 26 94 102 91 121 94 27 40 252 5 7 8 12 2 0 3 4 0 1 0 13 3 15 9 7 2 3 0 7 3 11 10 0 3 0 0 0 20 0 0 1 1 6 2 20 12 49 11 0 0 86 20 15 11 18 1 5 10 4 3 27 
8 27 7 2 3 13 10 11 14 8 10 12 19 9 12 6 29 20 18 12 13 5 15 25 23 2 3 16 16 123 43 94 184 47 82 43 270 86 23 199 97 16 84 107 76 106 59 36 36 254 4 3 9 9 3 5 3 3 0 4 4 14 1 12 19 23 2 7 1 8 7 13 5 10 4 3 1 3 26 7 2 3 3 10 2 18 11 59 14 0 0 94 13 12 9 19 2 3 8 1 0 41 
14 15 19 5 7 10 14 13 12 13 9 19 20 25 10 24 41 25 17 5 8 7 4 22 14 0 1 26 38 126 35 74 192 55 111 70 451 147 499 18 62 17 65 159 108 156 110 30 50 298 6 4 12 5 1 1 9 3 0 2 1 23 2 9 8 5 2 1 3 1 4 10 2 9 3 1 0 2 19 4 2 9 3 18 9 12 6 30 17 0 0 47 7 11 6 4 1 2 3 0 1 27 
21 17 14 3 2 5 9 5 4 8 5 6 4 8 2 16 28 13 28 3 18 6 10 16 13 3 2 24 20 74 19 50 144 36 59 31 223 125 250 91 15 18 79 95 52 116 68 32 26 224 5 5 9 2 4 0 1 6 0 4 2 6 4 5 7 12 1 1 3 2 7 2 6 18 13 2 1 5 8 6 5 2 6 13 3 25 11 19 17 0 0 49 12 11 11 16 4 3 6 2 7 23 
0 1 3 0 0 0 0 3 0 1 0 0 1 3 2 2 0 1 4 1 0 2 1 5 0 0 0 1 1 5 5 7 13 1 6 3 44 14 37 15 17 1 33 33 27 17 24 3 3 28 3 0 0 0 1 0 0 1 0 0 0 0 0 6 1 1 0 0 0 0 2 6 0 0 1 0 0 0 2 2 2 1 2 4 0 3 4 7 5 0 0 1 1 3 2 3 0 0 0 0 0 5 
1 7 9 2 0 5 4 9 4 4 1 12 6 6 9 6 22 11 14 1 4 2 0 8 5 0 0 8 7 37 18 38 119 22 39 19 122 64 121 52 55 29 17 67 50 102 63 20 31 168 7 4 13 8 2 2 3 4 0 0 0 4 0 7 6 7 1 2 1 1 2 1 3 3 14 4 1 9 24 17 10 11 19 46 15 56 24 104 50 0 0 77 26 36 33 37 9 28 20 10 5 78 
7 9 14 0 1 5 8 5 11 3 2 7 3 6 9 14 20 10 18 2 11 3 5 15 9 0 2 23 15 48 17 35 85 29 59 21 140 96 181 103 79 21 96 21 114 192 85 53 52 287 12 3 27 17 6 0 8 9 0 3 4 15 3 5 7 16 2 1 0 3 2 4 9 3 12 13 4 14 39 16 20 21 19 73 24 90 43 113 51 0 0 181 49 50 45 94 11 40 35 7 6 83 
11 11 10 1 1 8 5 10 7 11 6 9 2 10 10 10 16 26 14 3 7 6 5 35 11 0 2 17 19 45 27 34 115 29 57 31 169 85 131 108 64 15 71 128 18 159 129 64 69 323 8 2 13 9 2 1 1 1 0 1 2 3 1 9 5 17 1 3 3 2 4 3 4 7 6 5 1 5 24 7 12 4 4 22 10 27 15 71 20 0 0 69 16 31 20 20 7 13 21 7 2 60 
8 14 4 3 2 5 8 6 10 7 5 10 11 18 5 11 33 36 8 5 7 5 3 26 14 0 0 24 26 48 16 39 163 21 34 47 187 83 170 124 79 27 79 169 121 18 186 126 107 438 15 10 13 8 4 2 2 5 0 1 4 3 1 6 5 17 4 2 2 2 5 3 8 9 16 8 2 4 41 13 6 19 17 40 13 48 25 106 28 0 0 98 20 38 24 24 9 32 29 2 2 75 
9 12 9 2 5 4 4 15 5 4 5 7 19 10 9 11 24 16 13 11 3 8 5 21 7 0 0 20 22 52 8 45 142 30 45 23 153 113 163 105 74 25 82 120 106 205 16 95 62 263 4 2 16 0 3 1 3 4 0 2 1 1 1 3 4 12 4 2 1 1 4 0 5 6 8 6 3 3 23 19 11 11 7 36 23 43 25 115 11 0 0 75 14 21 28 18 1 15 17 4 1 76 
3 2 4 0 0 2 3 4 1 5 2 4 6 6 2 2 4 5 7 3 3 4 1 15 4 0 0 10 6 23 10 13 84 13 13 8 71 37 88 56 43 8 35 81 88 247 147 11 41 317 4 1 8 2 0 0 2 1 0 1 3 2 1 2 0 5 3 3 0 0 3 2 3 0 5 3 0 0 6 3 3 5 2 13 0 18 10 80 9 0 0 46 12 9 10 7 3 10 5 0 5 51 
8 7 3 2 1 3 5 4 5 6 4 4 6 9 3 3 10 3 6 0 5 2 4 11 6 0 0 6 13 28 7 17 125 9 18 17 82 55 92 53 36 13 55 123 91 232 144 58 14 436 4 2 8 2 1 4 5 3 0 1 1 2 0 5 5 11 0 3 0 3 1 6 2 7 3 4 2 2 19 2 1 6 5 21 7 24 13 115 10 0 0 107 20 16 21 9 2 14 13 2 2 76 
49 56 40 4 22 29 24 25 26 41 19 28 34 47 18 24 57 42 50 22 19 13 12 135 58 1 5 81 54 171 40 98 882 54 128 134 400 206 551 250 216 44 162 340 248 454 263 188 117 50 27 13 49 18 10 6 14 18 0 5 5 12 5 19 19 28 11 8 5 4 9 11 26 32 26 16 1 15 88 28 23 39 30 101 27 68 34 527 32 0 0 279 37 47 64 38 8 50 70 3 4 280 
6 11 10 0 3 9 3 2 6 10 2 5 8 30 11 27 13 7 13 0 2 3 1 20 7 0 0 14 3 9 3 7 62 5 9 3 23 6 26 6 4 1 9 12 11 17 14 5 3 56 7 9 56 13 7 6 18 24 0 37 7 1 3 17 14 37 4 16 4 10 5 10 20 22 7 12 3 3 162 8 8 8 8 22 8 18 7 48 7 0 0 13 3 6 9 1 0 5 12 2 1 20 
2 6 1 0 1 2 2 3 3 7 1 3 4 10 2 7 6 4 2 0 1 0 1 16 2 0 0 13 5 4 3 5 27 16 6 4 17 2 7 6 3 5 6 4 2 4 6 1 3 34 8 2 30 19 5 8 12 10 0 29 10 1 3 8 12 24 5 9 3 5 2 4 7 8 3 0 0 5 63 5 3 0 5 13 6 7 4 18 5 0 0 11 4 1 6 1 3 4 2 1 0 9 
8 10 8 0 4 4 6 5 3 3 1 8 9 27 11 21 24 33 5 6 1 0 1 17 9 0 2 22 8 13 7 7 57 8 4 6 22 2 34 11 13 0 7 14 9 17 15 8 7 70 29 16 8 21 9 4 9 18 0 29 12 1 2 21 16 34 5 10 2 16 2 12 7 23 6 9 2 3 105 10 8 7 7 38 5 14 6 54 12 0 0 16 4 5 7 5 0 9 3 0 0 16 
2 0 3 0 4 2 7 7 1 4 2 6 6 26 7 15 9 2 2 1 0 1 1 3 4 0 0 3 5 6 1 4 24 10 10 5 15 6 14 6 0 1 8 9 5 8 6 2 2 15 14 11 47 2 6 4 5 27 0 22 3 2 5 21 12 19 5 10 6 4 7 4 7 6 3 6 0 5 79 9 5 2 4 32 4 13 8 9 3 0 0 14 0 1 8 2 2 2 1 0 1 6 
2 1 10 1 2 3 2 3 0 2 3 3 0 8 3 6 3 2 1 0 1 3 2 6 0 0 0 2 3 1 1 4 20 2 2 0 5 1 6 0 0 0 3 5 2 5 3 2 0 6 10 6 18 10 2 3 5 16 0 19 5 2 4 6 2 10 0 1 0 9 5 1 9 7 2 3 0 3 44 0 3 2 2 7 1 3 2 8 0 0 0 2 0 2 1 0 0 0 0 0 1 10 
1 3 0 1 1 1 0 0 0 0 1 0 3 4 3 3 4 0 4 1 0 1 0 4 1 0 0 0 9 5 0 0 11 0 4 0 5 2 5 1 2 0 4 1 0 4 2 0 3 3 9 1 10 3 2 1 1 11 0 14 0 6 2 6 2 3 2 5 0 3 0 1 2 1 1 2 0 2 24 4 5 1 1 5 0 1 0 7 2 0 0 1 0 4 1 3 0 0 0 0 0 2 
1 6 2 0 1 0 3 4 8 4 2 1 7 10 4 11 8 3 2 1 1 1 0 7 5 0 0 2 4 1 2 3 12 5 3 2 13 1 13 2 1 1 2 9 5 6 3 3 0 16 26 10 24 13 9 17 3 18 0 10 13 3 2 11 11 19 4 4 1 3 12 3 4 3 11 6 2 2 47 7 4 1 7 25 9 5 5 13 7 0 0 7 0 5 2 0 0 0 0 0 0 10 
4 4 7 0 3 6 3 5 7 5 2 3 11 24 5 15 4 11 0 0 3 1 0 9 1 0 0 5 8 8 4 9 41 7 5 3 10 1 18 8 5 0 11 16 7 9 5 2 0 21 22 3 32 15 13 9 5 5 0 23 11 13 8 17 11 12 4 10 3 4 3 4 2 6 8 5 4 7 97 8 5 2 9 32 8 15 2 14 5 0 0 16 2 0 9 0 0 1 1 0 1 11 
0 0 0 0 0 0 0 0 0 1 0 0 0 0 0 1 0 0 0 0 0 0 0 0 0 0 0 0 0 0 0 0 0 0 0 0 0 0 0 0 0 0 0 0 0 0 0 0 0 0 0 0 0 0 0 0 0 0 0 0 0 0 0 0 1 0 0 0 0 0 0 0 0 0 0 0 0 0 0 0 0 0 0 0 0 0 0 0 0 0 0 0 0 0 0 0 0 0 0 0 0 0 
10 11 4 1 5 7 8 7 2 5 4 7 21 21 11 20 21 16 9 7 6 5 3 13 6 3 0 18 35 7 1 7 15 7 1 1 1 1 10 14 2 0 2 9 6 2 4 3 1 25 24 14 29 9 16 2 8 26 0 7 2 10 4 10 14 31 5 6 1 8 8 10 18 13 6 2 5 12 43 4 9 3 6 11 4 18 6 16 4 0 0 2 2 1 2 5 1 2 3 0 0 11 
8 0 2 0 1 1 1 1 2 0 0 1 1 5 2 1 4 1 0 0 1 0 0 5 0 0 0 2 2 2 2 8 9 1 2 1 2 4 8 4 1 1 3 3 3 2 0 0 0 3 8 5 8 8 1 3 6 5 0 9 4 7 3 12 5 14 11 11 1 4 4 10 14 5 5 4 0 2 16 0 4 1 0 1 1 4 1 6 1 0 0 2 1 0 0 0 0 0 1 0 1 3 
4 3 1 3 2 5 5 3 3 6 2 4 2 7 1 5 11 3 2 0 2 1 1 4 1 0 1 0 3 9 1 8 12 8 17 7 33 15 31 15 7 2 4 13 5 4 8 1 2 14 5 5 8 4 2 1 6 5 0 12 7 5 1 17 23 29 8 15 3 10 6 10 7 3 1 2 2 5 19 4 2 3 1 10 0 2 2 4 6 0 0 16 1 2 0 0 0 0 0 0 0 6 
0 0 1 0 1 1 1 2 0 0 0 0 0 0 0 2 0 1 0 0 0 0 0 0 0 0 0 0 0 4 1 1 1 1 0 1 11 6 6 1 1 0 1 0 0 0 3 0 0 4 1 0 3 2 1 0 5 3 0 7 2 1 1 1 8 12 0 4 1 3 2 0 4 5 0 0 0 2 7 0 2 0 0 0 1 1 0 1 0 0 0 5 1 1 0 1 0 0 0 0 0 0 
0 3 5 0 0 5 7 3 3 2 0 0 1 1 0 1 3 1 1 1 0 0 0 3 0 0 1 3 5 5 3 9 10 0 5 3 28 5 23 9 4 1 3 11 4 8 6 2 2 21 6 7 18 11 3 3 7 8 0 7 3 21 2 4 9 26 8 8 4 6 3 7 18 8 4 0 0 0 22 2 2 5 1 2 2 2 0 2 0 0 0 3 0 0 0 2 0 1 1 0 0 8 
5 4 2 0 0 5 3 7 3 6 2 4 3 0 0 3 2 1 0 0 0 1 0 0 1 0 0 1 15 42 9 21 19 8 10 13 25 17 49 15 12 2 9 8 5 17 8 5 10 38 20 15 26 8 6 5 10 19 0 15 11 14 14 6 6 35 20 21 6 25 17 28 46 27 6 7 2 2 35 4 4 2 1 7 3 9 2 8 0 0 0 8 1 1 1 0 0 0 1 0 0 9 
10 13 13 0 4 5 6 10 3 3 4 5 3 5 0 3 2 0 0 0 0 0 1 2 0 0 0 4 13 43 23 21 43 25 15 9 42 2 37 15 13 1 20 13 16 12 24 6 12 50 24 19 33 17 13 7 12 22 0 45 18 35 21 16 43 18 16 41 33 61 51 71 45 55 10 8 1 9 64 4 5 4 7 9 7 8 7 11 1 0 0 12 1 2 0 4 0 0 2 0 0 5 
7 4 2 1 0 4 1 2 3 3 0 1 0 0 1 0 0 0 1 0 0 0 0 0 3 0 0 0 8 15 6 8 10 3 4 2 17 5 17 3 3 0 3 3 3 2 7 0 2 9 10 3 9 6 2 1 9 10 0 14 5 4 1 6 14 22 8 13 11 38 23 28 19 14 1 0 4 1 24 3 1 2 3 2 1 2 1 5 1 0 0 2 0 0 1 0 0 0 0 0 0 0 
6 5 4 1 0 1 4 0 1 1 2 0 0 1 1 2 0 0 0 0 0 0 0 0 0 0 0 0 7 9 9 2 19 9 12 6 25 3 14 19 4 0 2 2 7 1 5 4 2 20 10 5 22 7 3 1 9 8 0 8 7 14 6 12 13 34 8 3 9 23 33 31 26 24 4 3 1 5 15 4 2 3 1 6 0 1 0 4 3 0 0 4 0 1 0 1 0 0 0 1 2 3 
1 1 1 0 1 1 1 1 0 1 0 1 0 0 0 0 0 0 0 0 0 0 0 0 1 0 0 0 1 2 5 2 6 0 1 2 15 6 16 2 2 0 2 1 2 3 1 1 0 7 0 2 7 1 2 1 6 5 0 4 4 1 1 5 9 27 5 5 0 4 18 19 7 15 1 1 0 2 6 0 4 0 2 1 1 4 0 2 0 0 0 0 0 2 0 0 0 0 0 0 0 0 
0 1 3 0 1 5 2 2 1 1 2 1 2 1 0 4 0 0 0 0 0 0 0 0 0 0 0 0 7 9 10 7 10 9 15 6 23 9 13 1 4 1 3 5 1 3 4 0 5 17 9 4 11 12 8 8 5 7 0 14 9 14 3 22 19 53 27 22 4 6 34 32 39 48 6 2 0 5 20 1 0 2 2 7 1 1 2 3 1 0 0 3 0 0 0 0 0 0 0 0 0 2 
2 2 6 0 0 5 2 1 2 2 1 0 2 0 0 2 2 0 0 0 0 0 0 0 0 0 0 0 7 3 0 0 21 11 9 5 37 6 19 4 5 1 3 11 1 10 3 5 2 22 6 1 9 12 0 3 5 3 0 20 6 5 6 16 24 36 19 25 17 9 5 51 20 21 2 4 0 3 19 2 5 0 2 9 1 4 1 6 0 0 0 4 0 0 0 0 0 0 0 0 0 0 
1 3 2 0 1 2 0 2 3 1 3 0 1 1 0 1 0 0 0 0 0 0 0 0 0 0 0 0 7 6 5 1 21 14 16 5 31 14 36 11 4 0 2 3 5 7 7 1 5 21 3 2 11 5 6 3 12 5 0 6 13 7 5 15 26 66 10 26 18 26 18 6 22 21 4 4 1 1 22 1 4 1 4 3 0 9 1 4 2 0 0 7 0 0 0 0 0 1 0 0 0 3 
3 1 1 0 1 5 5 5 3 2 2 3 3 3 0 3 4 1 0 0 0 0 0 0 0 0 0 0 2 6 4 4 20 20 16 7 24 13 36 3 7 2 11 12 8 14 5 3 3 24 15 6 13 15 5 2 6 12 0 15 7 14 1 9 32 65 27 30 11 54 24 40 7 27 6 6 1 4 38 5 9 1 5 9 2 2 4 12 4 0 0 5 0 0 2 2 0 1 0 0 1 1 
2 6 3 0 1 1 1 3 2 1 0 0 2 1 1 2 0 0 0 0 0 0 0 0 0 0 0 0 7 0 0 0 8 4 5 6 17 11 15 6 3 0 3 2 3 1 0 0 2 26 16 7 21 5 2 5 0 8 0 13 3 5 1 12 28 44 4 20 14 30 23 22 17 6 7 2 0 5 32 2 4 5 1 5 1 1 0 10 1 0 0 4 1 0 0 2 0 0 0 0 0 2 
1 2 2 0 0 3 0 0 3 2 0 3 8 17 3 13 4 1 1 1 0 1 0 5 4 0 0 6 1 7 3 9 15 1 4 1 13 1 29 2 7 0 10 16 10 14 15 4 2 43 7 1 11 4 1 5 8 14 0 10 5 0 0 9 7 6 2 5 1 1 1 4 2 7 8 6 3 16 160 31 16 11 6 56 10 18 10 45 14 0 0 26 3 16 9 1 2 4 7 1 0 28 
4 3 4 3 2 1 2 1 1 8 2 1 4 12 8 13 4 3 2 1 1 1 0 5 1 1 1 6 1 4 3 5 14 2 4 1 9 2 8 6 5 1 14 12 15 12 11 5 8 39 5 6 12 3 4 2 7 14 0 15 1 0 1 10 6 15 2 7 1 2 3 4 4 10 5 4 4 16 166 45 18 14 18 93 17 33 11 41 9 0 0 14 3 9 9 7 3 8 6 3 1 19 
0 0 0 0 0 1 0 1 2 2 0 2 0 4 0 2 0 0 0 1 0 0 1 6 1 0 0 0 0 3 1 5 5 2 4 1 1 3 1 0 5 0 5 3 2 3 4 3 0 7 1 1 6 3 1 2 4 5 0 2 3 0 0 2 3 4 0 1 0 3 0 5 1 1 4 5 2 3 54 11 8 8 11 28 3 3 1 13 1 0 0 4 1 5 3 0 1 2 3 2 0 2 
0 3 6 0 0 1 9 1 1 1 0 2 3 10 1 6 1 1 0 0 1 0 0 3 1 0 0 4 4 4 0 1 10 1 5 1 1 2 9 3 3 0 10 19 4 10 7 2 6 23 5 2 14 2 2 8 13 24 0 10 0 1 1 2 8 10 1 3 1 1 3 6 3 4 9 16 10 8 80 30 11 6 13 47 5 12 11 35 8 0 0 10 4 9 4 3 0 0 3 1 0 11 
10 10 17 2 8 6 4 8 6 4 6 7 14 45 9 36 19 15 6 3 0 1 2 19 5 0 1 25 25 24 3 17 36 14 8 4 19 1 26 12 25 4 20 41 21 23 19 9 12 88 62 36 60 47 32 21 49 74 0 27 6 11 5 19 21 48 12 16 9 16 10 11 38 42 73 84 43 48 12 46 47 15 38 128 38 37 18 82 18 0 0 29 1 17 11 8 7 12 20 3 1 24 
3 1 2 2 2 4 1 3 0 1 0 3 2 8 0 4 4 2 0 1 1 4 0 2 0 0 0 1 5 6 1 3 7 5 5 0 3 1 7 3 7 2 13 29 5 26 13 1 4 36 10 5 22 5 3 1 10 16 0 4 3 5 5 8 6 11 1 5 1 3 8 0 5 6 36 32 9 36 121 3 21 16 19 105 36 25 14 45 10 0 0 38 3 10 7 4 3 4 8 2 1 17 
1 5 0 1 0 0 0 0 1 2 1 0 0 2 1 2 5 2 0 0 1 0 0 0 1 0 0 3 4 4 1 3 10 0 3 0 2 1 4 5 5 2 14 31 3 18 10 4 6 33 4 4 24 5 6 2 4 7 0 3 0 4 3 7 1 7 0 3 2 7 2 5 4 8 19 23 3 17 126 38 9 5 14 113 20 29 10 37 9 0 0 39 10 10 6 2 2 8 11 1 2 12 
0 1 3 1 2 0 0 0 3 0 0 0 1 0 0 0 1 0 0 0 1 0 2 2 0 0 0 1 4 1 2 1 9 1 0 0 0 4 11 5 5 1 8 13 3 18 11 2 4 26 5 2 4 2 2 2 2 2 0 1 3 0 0 1 1 7 2 1 2 1 1 0 2 4 7 11 5 8 39 15 3 2 2 53 8 17 23 47 7 0 0 18 5 14 4 6 3 10 7 2 0 27 
0 1 1 0 0 2 2 0 0 2 0 2 0 0 0 0 0 0 1 0 0 0 0 0 1 0 0 2 4 1 0 1 5 1 2 0 2 0 5 2 2 5 27 13 14 18 2 4 4 37 2 3 4 7 0 3 5 6 0 9 2 4 1 2 4 4 0 1 1 0 1 6 1 6 8 18 6 13 47 29 14 6 5 120 36 31 8 37 10 0 0 46 7 9 7 13 2 6 5 3 1 28 
3 4 5 0 0 1 5 3 2 1 1 0 1 0 0 0 0 1 1 3 2 0 0 4 1 0 0 1 5 6 0 0 15 2 1 2 6 1 7 9 15 0 42 75 16 41 40 15 10 92 17 11 23 8 10 5 9 31 0 7 6 8 4 2 3 4 0 1 1 3 2 8 3 4 50 56 14 51 162 114 65 24 95 11 109 81 30 113 46 0 0 104 21 20 23 14 10 22 23 2 0 44 
3 1 4 1 0 1 3 2 1 1 0 0 0 1 0 0 0 0 0 0 1 0 0 0 2 0 0 2 7 5 0 1 6 1 0 0 5 3 9 12 9 3 28 48 12 23 21 4 5 32 7 4 17 10 1 3 7 10 0 3 0 0 1 2 2 3 0 1 0 0 0 4 2 4 10 16 3 13 79 39 31 18 31 163 3 75 18 69 20 0 0 79 13 19 15 6 3 8 17 8 5 16 
4 5 6 2 0 2 1 5 4 5 1 3 0 1 1 2 3 4 4 0 3 1 0 3 2 0 4 13 11 13 3 7 21 6 11 2 38 23 42 10 10 6 62 118 32 72 44 16 18 92 12 6 19 6 2 1 15 9 0 5 2 3 0 4 5 3 2 3 2 0 4 3 4 9 23 20 3 13 69 26 40 19 27 67 38 9 31 77 50 0 0 107 22 42 29 29 10 32 25 12 1 64 
6 4 1 1 2 0 4 1 1 2 0 1 2 0 0 3 1 7 2 1 0 0 2 5 1 0 0 5 3 9 8 4 23 6 10 5 27 8 48 18 8 5 35 72 18 36 19 11 6 64 11 5 14 2 2 4 3 10 0 4 3 2 0 4 5 10 1 0 2 0 5 2 4 5 7 6 0 11 38 7 11 8 17 44 19 41 6 33 18 0 0 75 24 20 18 26 1 14 16 0 0 32 
30 27 24 2 9 8 7 11 5 14 4 5 4 12 6 20 23 13 8 6 4 3 2 41 27 0 0 50 31 94 19 47 375 20 29 31 147 80 217 42 38 16 172 226 129 249 166 88 93 767 24 12 53 15 7 3 18 18 0 16 4 10 2 4 6 21 7 8 1 7 5 10 16 28 44 37 11 37 120 43 44 71 39 165 66 148 72 39 50 0 0 384 41 87 86 99 24 48 72 5 8 525 
1 4 3 2 0 2 1 1 1 0 1 2 0 4 3 6 10 3 2 1 3 0 1 4 4 0 0 5 7 24 3 10 42 10 18 11 77 23 56 35 21 12 62 84 14 49 22 16 10 71 9 2 10 5 1 0 1 3 0 6 1 7 0 1 4 7 2 0 3 0 1 4 1 1 19 4 2 5 34 15 14 9 9 36 15 62 30 49 10 0 0 91 28 29 16 18 5 6 19 0 5 51 
0 0 0 0 0 0 0 0 0 0 0 0 0 0 0 0 0 0 0 0 0 0 0 0 0 0 0 0 0 0 0 0 0 0 0 0 0 0 0 0 0 0 0 0 0 1 0 0 0 0 0 0 0 0 0 0 0 0 0 0 0 0 0 0 0 0 0 0 0 0 0 0 0 0 0 0 0 0 0 0 0 0 0 0 0 1 0 0 0 0 0 0 0 0 0 0 0 0 0 0 0 0 
0 0 0 0 0 0 0 0 0 0 0 0 0 0 0 0 0 0 0 0 0 0 0 0 0 0 0 0 0 0 0 0 0 0 0 0 0 0 0 0 0 0 0 0 0 0 0 0 0 0 0 0 0 0 0 0 0 0 0 0 0 0 0 0 0 0 0 0 0 0 0 0 0 0 0 0 0 0 0 0 0 0 0 0 0 0 0 0 0 0 0 0 0 0 0 0 0 0 0 0 0 0 
11 11 14 1 1 7 1 3 7 0 5 8 13 3 1 2 9 6 2 0 2 0 2 7 0 0 0 8 6 18 1 24 42 21 25 12 83 52 99 32 24 3 55 124 38 79 38 22 41 137 8 9 14 4 2 1 11 5 0 6 3 11 0 4 3 7 1 1 0 0 1 0 2 2 9 5 1 5 35 11 12 10 11 55 20 52 19 90 42 0 0 10 33 35 25 38 7 20 28 2 4 77 
0 2 0 0 0 1 1 2 4 1 0 1 4 3 1 0 3 13 3 0 0 0 0 2 1 0 1 1 4 5 0 6 8 3 8 2 34 10 21 11 11 5 38 49 25 31 20 8 7 50 1 1 8 4 0 0 2 1 0 2 1 0 0 0 0 1 2 0 0 0 1 1 2 0 1 2 2 8 14 7 12 15 7 29 14 29 16 40 18 0 0 93 4 13 8 12 0 5 11 3 1 26 
3 5 1 0 0 1 0 1 3 1 0 1 1 2 0 2 4 1 0 0 0 0 0 1 0 1 0 1 2 3 1 7 16 5 15 5 36 17 44 14 12 1 30 68 14 45 21 6 4 55 6 5 9 2 0 2 5 5 0 1 2 1 0 0 0 2 0 0 0 0 0 2 1 0 11 10 1 2 19 13 8 3 11 32 9 32 12 58 14 0 0 70 14 6 3 18 1 2 3 1 1 44 
1 1 3 1 0 1 2 0 3 0 0 1 3 2 0 0 2 0 0 0 0 0 0 1 1 0 0 3 2 7 3 5 12 3 5 3 15 8 20 13 10 3 25 27 14 35 21 6 8 57 3 3 5 2 1 4 4 3 0 2 0 2 0 2 1 2 0 1 0 0 0 1 1 2 7 0 1 0 21 7 10 8 6 18 10 28 11 32 11 0 0 32 7 12 8 4 1 7 6 0 0 45 
4 3 3 0 2 1 1 0 1 0 0 1 1 1 0 2 1 1 0 0 0 0 1 1 2 0 0 3 11 3 2 7 21 5 3 3 49 10 37 10 17 4 47 84 17 42 21 9 8 78 6 0 6 3 0 0 2 3 0 0 0 1 2 0 1 0 0 0 0 0 0 0 0 2 6 4 0 2 11 8 2 7 7 42 13 32 26 62 30 0 0 142 25 16 8 5 9 8 4 1 2 58 
0 0 0 0 0 0 0 0 0 0 0 0 0 0 0 3 1 0 0 0 0 0 0 0 0 0 0 0 2 0 1 0 3 3 1 0 7 1 5 0 1 0 1 18 2 11 4 5 0 14 1 0 3 1 0 0 0 0 0 0 0 0 0 0 0 0 0 0 0 0 0 0 2 2 0 0 0 0 1 3 3 2 5 8 0 6 8 8 5 0 0 9 0 1 0 1 1 1 1 0 0 10 
3 3 0 0 1 3 1 1 0 2 0 1 1 3 0 1 1 1 0 0 0 0 0 0 0 0 0 0 0 10 0 11 13 0 4 1 16 3 43 1 3 3 24 46 18 36 22 8 10 50 5 3 8 2 5 1 5 2 0 1 0 1 0 0 0 0 1 0 0 0 0 1 2 0 3 7 0 2 18 6 7 15 13 39 19 21 8 44 10 0 0 68 17 6 13 20 0 6 6 0 2 31 
4 2 1 0 0 0 2 4 0 1 0 0 1 3 0 0 1 0 0 0 1 1 0 1 0 0 0 1 7 10 1 1 4 5 3 2 6 9 21 7 9 2 20 50 14 49 25 6 15 60 8 3 7 3 2 0 1 7 0 2 0 2 0 1 0 0 0 0 0 0 0 1 0 0 5 4 2 2 21 6 2 12 6 22 9 22 8 41 8 0 0 54 4 7 4 6 1 2 2 1 1 17 
0 0 0 0 0 2 0 0 0 0 0 0 0 1 0 0 0 0 0 0 0 0 0 0 0 2 0 0 4 0 0 0 2 1 1 1 24 0 8 1 1 0 9 14 3 7 3 1 1 15 0 2 0 0 0 0 1 1 0 1 0 0 0 0 0 0 0 0 0 0 0 0 0 0 1 0 0 1 8 1 1 1 0 3 0 7 3 9 2 0 0 14 1 7 5 2 1 2 2 1 0 5 
0 0 2 0 0 1 0 0 0 0 0 0 0 1 0 0 0 0 0 0 0 0 0 0 0 0 0 0 0 4 0 0 2 0 2 3 3 0 3 0 0 0 8 9 4 7 1 3 1 5 2 0 0 1 2 0 0 0 0 0 0 0 0 0 0 0 0 1 0 0 0 0 0 0 5 2 0 0 2 3 2 1 0 4 0 0 0 7 1 0 0 13 0 7 1 2 0 1 3 1 0 1 
8 1 0 2 2 4 5 1 0 3 2 0 1 2 2 3 1 4 1 1 1 1 1 0 0 0 1 4 3 16 5 8 51 5 8 6 30 23 54 13 15 1 67 59 38 75 55 14 18 150 8 4 9 7 3 1 5 1 0 2 0 0 0 3 1 3 1 0 0 1 0 0 0 6 21 9 2 10 20 4 6 16 13 38 22 47 11 150 21 0 0 95 16 31 36 30 2 30 28 5 0 9 
