8 7 10 9 8 27 41 14 38 47 17 67 109 144 88 43 53 12 33 27 10 10 6 73 15 0 2 50 2 1 0 2 28 3 5 1 13 12 12 13 26 7 36 18 22 26 18 5 7 59 10 8 8 5 6 1 0 6 0 1 0 0 1 1 4 19 2 17 2 1 3 4 8 5 1 5 0 9 13 1 3 4 2 3 0 6 5 41 1 0 0 6 1 0 2 3 0 2 4 0 0 22 
10 6 9 2 4 36 34 7 105 47 24 54 143 143 62 59 36 21 29 19 19 21 4 43 24 5 0 44 3 1 4 3 21 4 2 0 8 3 13 26 34 1 23 10 28 17 29 12 14 87 7 14 9 2 5 1 2 4 0 3 0 0 1 1 13 9 3 5 0 1 0 0 9 7 1 3 0 5 14 0 2 2 6 15 0 12 0 30 4 0 0 12 5 0 1 1 0 0 1 0 0 23 
12 8 4 5 17 41 20 8 161 50 31 64 201 111 89 23 11 15 43 28 13 13 4 24 21 5 0 23 4 0 0 0 8 2 1 2 4 1 7 10 23 1 26 8 18 16 18 4 7 44 18 0 5 23 1 1 2 6 0 0 1 0 0 6 10 15 6 10 3 4 4 1 3 6 0 1 1 2 3 1 2 0 3 0 3 8 3 23 1 0 0 7 7 1 1 4 0 0 8 1 0 12 
14 13 7 0 29 6 18 3 33 22 14 1 16 18 3 2 2 1 23 1 1 1 0 3 0 1 0 3 0 1 1 0 2 1 3 0 0 5 4 3 5 0 4 0 3 3 3 0 2 15 2 0 10 0 0 0 0 1 0 1 0 1 0 1 2 0 0 0 0 0 0 0 0 2 1 0 0 0 16 0 0 3 0 0 0 1 0 5 0 0 0 1 0 0 0 0 0 0 0 0 0 1 
19 11 3 2 0 1 10 5 19 46 11 13 47 43 9 8 6 7 2 3 3 4 3 17 17 0 0 16 1 3 0 1 1 0 0 0 0 0 1 3 1 1 14 0 4 1 5 1 4 23 1 0 2 3 1 0 2 11 0 0 1 3 0 2 2 0 0 0 0 0 3 16 1 3 1 0 0 0 3 4 0 0 0 0 1 2 0 10 0 0 0 13 3 0 2 0 0 0 0 0 0 6 
33 62 37 8 14 10 28 3 44 88 24 45 194 139 98 50 73 22 41 30 7 20 10 61 14 1 0 46 15 2 0 1 8 0 0 0 3 1 10 12 4 11 28 2 11 10 11 10 1 33 19 5 8 3 5 2 3 20 0 3 3 0 0 3 11 21 4 6 4 3 0 5 10 8 2 1 1 0 11 0 1 1 0 2 0 2 2 13 5 0 0 13 1 2 1 0 0 0 0 0 0 11 
14 20 15 2 1 6 2 5 44 34 18 28 153 60 46 22 8 13 24 11 2 5 3 24 7 0 1 8 1 3 0 5 14 1 10 4 0 3 2 3 3 9 17 7 3 0 6 6 9 36 2 4 4 2 0 0 0 3 0 15 0 1 0 2 4 5 4 3 1 0 2 2 1 24 4 0 0 1 6 0 0 0 0 3 0 1 2 5 3 0 0 5 2 13 0 0 0 0 5 0 0 18 
19 16 17 0 1 18 7 1 7 19 5 7 112 54 23 18 18 21 78 27 6 6 3 40 13 2 0 37 4 0 3 3 10 0 0 0 1 3 10 3 1 0 9 4 15 9 8 2 25 42 11 2 4 1 5 0 0 7 0 1 0 0 0 13 6 10 2 4 4 0 6 6 3 58 8 1 0 0 1 0 0 1 0 1 1 0 0 5 0 0 0 3 4 0 0 0 0 0 0 0 0 7 
28 32 18 7 15 18 18 3 4 15 8 42 89 54 21 46 17 11 46 9 9 13 2 29 13 4 3 11 6 1 0 2 10 0 0 2 0 5 13 8 10 1 9 3 12 8 26 0 2 25 10 1 7 3 0 0 0 1 0 0 0 0 0 4 1 12 1 10 0 1 1 1 0 12 0 0 0 0 4 0 0 0 0 0 0 0 0 0 2 0 0 7 0 1 0 0 0 1 1 0 0 5 
36 36 5 2 6 7 9 4 37 3 0 5 29 51 16 17 9 17 30 10 7 9 3 31 21 2 2 33 6 1 0 0 1 0 0 0 0 2 2 6 3 0 8 3 7 10 25 2 2 32 11 0 10 6 0 1 0 0 0 1 0 1 1 1 2 3 0 3 0 0 1 0 1 22 4 1 2 3 0 1 0 0 0 0 0 1 0 6 0 0 0 3 1 0 0 0 0 0 3 0 0 3 
9 30 3 3 9 20 4 10 31 3 1 4 34 21 8 15 17 8 39 7 0 3 2 19 5 0 0 16 0 2 0 0 2 0 0 0 2 0 9 1 4 7 2 0 5 1 3 2 9 20 5 0 2 1 1 1 0 0 0 0 0 8 0 0 0 1 0 0 0 0 0 0 0 9 4 0 0 3 0 0 0 1 0 0 0 0 0 1 0 0 0 16 1 1 0 0 0 0 0 0 0 3 
38 56 19 10 10 27 26 10 43 10 12 3 16 11 13 24 9 19 19 29 9 23 6 31 22 3 0 82 2 22 2 1 12 0 1 1 0 8 9 11 3 0 2 1 1 21 10 4 2 26 11 2 2 8 0 1 0 1 0 0 0 0 0 1 0 5 0 0 0 0 0 0 0 8 1 1 0 0 0 0 0 0 0 0 0 0 2 1 0 0 0 5 1 0 1 0 0 0 4 0 0 6 
31 50 29 2 7 103 30 27 68 27 17 12 4 4 14 28 13 16 30 27 14 32 0 39 23 1 2 70 8 6 6 2 26 3 1 0 0 3 4 4 11 1 6 2 10 8 3 3 13 37 4 16 6 2 0 0 1 1 0 0 0 2 0 1 0 0 0 0 0 0 0 0 0 3 1 0 0 0 6 0 0 1 0 0 0 0 0 2 0 0 0 0 1 1 1 5 0 0 0 0 0 3 
30 48 25 5 12 48 13 20 60 58 19 3 12 1 1 11 9 15 18 20 33 11 7 34 31 0 1 87 4 2 0 0 0 0 1 2 0 0 1 6 9 1 3 0 1 1 6 1 2 19 7 1 14 2 1 0 1 1 0 7 0 0 0 0 0 0 0 1 0 0 0 0 0 0 2 1 0 0 1 0 0 0 0 0 0 0 0 1 0 0 0 0 0 0 0 0 0 0 0 0 0 2 
24 51 30 6 15 33 12 20 54 44 13 23 45 6 2 4 6 9 30 15 39 7 11 66 46 9 1 97 1 3 17 3 5 1 0 0 0 0 0 2 9 0 4 4 1 3 3 1 3 19 10 1 5 0 0 2 1 13 0 4 0 1 0 0 0 0 0 0 0 0 0 0 1 3 2 5 0 0 4 0 0 0 0 0 0 0 0 4 2 0 0 2 0 0 0 0 0 0 0 0 0 5 
41 29 37 5 7 16 21 23 27 28 8 31 17 25 4 3 8 10 33 8 30 6 12 48 46 2 0 47 5 12 6 18 15 4 10 13 8 0 1 6 10 0 6 4 5 5 11 3 0 43 12 3 7 3 2 3 0 1 0 0 1 0 0 0 2 0 0 0 0 1 0 0 0 1 20 3 2 3 25 2 0 0 0 2 0 4 0 12 2 0 0 1 0 0 0 2 0 0 0 0 0 2 
25 61 26 5 8 28 16 24 22 33 2 27 18 21 17 16 5 14 24 46 28 35 22 111 49 6 1 63 0 25 10 31 48 5 4 0 10 1 12 10 15 7 15 10 33 25 25 1 8 83 20 1 27 5 0 0 0 3 0 2 0 0 1 1 1 0 0 0 0 0 0 0 0 9 4 9 0 4 9 0 0 0 0 1 0 4 20 23 0 0 0 17 3 1 0 1 0 2 6 0 1 12 
15 26 27 1 5 21 9 7 15 35 13 7 23 15 9 38 3 0 26 15 15 7 5 29 31 1 1 41 0 14 1 6 48 2 10 6 11 1 10 3 11 4 5 5 9 18 13 8 3 77 18 5 6 6 1 0 1 3 0 0 1 5 0 0 1 0 0 0 0 0 0 0 0 0 2 2 0 1 3 3 1 0 0 0 0 11 1 17 2 0 0 6 0 1 0 0 0 0 0 0 0 9 
29 32 31 9 2 27 20 8 3 23 5 10 15 21 13 23 14 5 4 2 7 8 5 72 11 3 2 71 2 9 2 5 16 4 1 0 0 4 5 1 4 0 5 3 6 5 17 4 0 40 1 1 1 3 0 0 0 0 0 3 0 0 0 0 0 0 0 0 0 0 0 0 0 0 0 0 0 0 4 1 0 0 0 0 0 1 0 2 2 0 0 2 0 0 0 0 0 0 0 0 0 5 
29 36 10 8 12 13 8 11 20 29 9 27 25 52 34 61 32 71 41 1 1 4 1 47 17 10 5 70 10 10 1 15 11 1 3 2 8 11 12 20 12 3 4 7 5 17 9 5 2 43 5 6 11 1 0 0 0 1 0 0 0 0 0 2 0 0 0 0 0 0 0 0 0 0 6 1 0 1 10 0 0 0 0 0 0 4 6 6 10 0 0 0 0 0 0 0 0 0 0 0 0 2 
29 24 21 6 6 7 15 16 6 10 8 20 27 59 39 56 68 58 73 2 9 2 1 12 9 8 4 45 2 5 0 1 7 0 6 0 11 3 8 17 16 1 20 4 3 3 1 3 9 31 1 0 0 0 0 0 1 2 0 4 0 0 0 0 0 0 0 0 0 0 0 0 0 0 7 0 0 1 0 0 0 0 0 0 0 6 1 6 1 0 0 0 0 0 0 0 0 0 0 0 0 1 
49 42 64 6 28 69 19 20 16 38 16 34 49 45 35 45 33 51 27 11 2 3 6 35 19 16 7 147 5 23 1 0 18 1 8 6 11 6 5 6 12 1 4 1 8 3 5 3 9 61 7 0 4 11 5 0 5 2 0 1 1 0 0 2 0 0 0 0 0 0 0 0 0 0 0 0 0 8 11 0 2 0 0 0 1 0 1 4 0 0 0 2 0 0 0 0 0 0 0 0 0 1 
21 26 10 18 13 6 5 20 15 39 32 19 37 25 44 84 113 162 135 60 19 23 2 18 13 1 4 105 3 10 1 9 17 8 3 4 8 11 17 3 7 11 5 2 11 7 22 4 11 66 9 3 7 2 0 2 3 5 0 1 1 0 0 2 0 0 0 0 0 0 0 0 0 0 1 4 0 4 5 0 1 0 1 2 1 0 5 5 1 0 0 1 0 1 0 0 0 0 0 0 0 0 
23 53 20 4 18 15 15 34 32 37 38 51 100 124 58 128 163 204 185 123 12 28 11 6 3 10 5 106 1 15 2 4 49 0 9 15 53 1 25 19 18 1 5 9 19 15 28 4 2 102 21 12 11 10 0 3 2 2 0 1 0 1 3 0 2 0 0 0 0 0 0 0 0 0 15 17 1 4 14 1 4 15 0 0 1 7 11 20 0 0 0 6 0 0 0 0 0 0 0 0 0 1 
43 25 20 2 13 31 13 31 19 59 29 39 103 104 50 104 58 93 68 36 16 20 6 10 1 2 4 65 3 11 15 9 63 9 19 2 18 5 30 28 27 4 18 12 34 26 15 6 5 74 23 12 15 10 4 2 5 11 0 1 1 3 0 1 0 0 0 0 0 0 0 0 0 1 2 6 3 5 14 5 5 1 1 6 0 2 3 19 8 0 0 3 0 0 1 0 0 0 2 0 0 7 
3 3 2 1 0 1 0 3 0 11 1 7 3 11 2 8 3 15 36 17 8 20 1 87 19 0 3 9 0 4 0 0 2 1 5 11 0 3 1 0 1 0 1 0 1 0 6 1 1 5 1 0 0 0 0 1 0 1 0 0 1 0 0 0 0 0 0 0 0 0 0 0 0 0 0 0 0 0 0 0 0 0 0 0 0 0 0 1 0 0 0 0 0 0 0 0 0 0 0 0 0 0 
2 7 1 3 9 3 1 4 9 24 8 5 12 26 15 25 27 9 25 73 10 52 15 156 28 3 1 77 0 2 0 5 5 0 16 2 17 1 11 7 7 0 4 3 18 5 1 1 2 18 2 2 4 0 0 0 1 2 0 0 0 2 0 0 1 0 0 0 0 0 0 0 0 0 0 1 0 0 1 6 2 0 0 0 0 0 0 3 7 0 0 0 0 0 0 0 0 0 0 0 0 0 
45 53 47 10 16 55 8 29 42 39 48 66 112 195 182 129 88 63 91 113 61 90 69 123 103 15 19 9 4 0 1 21 39 7 16 6 36 14 56 33 41 2 22 22 65 39 21 9 23 151 32 8 18 23 9 8 9 10 0 5 1 1 1 0 1 2 0 0 0 0 0 0 0 0 8 4 1 3 21 3 7 6 2 2 1 10 10 63 0 0 0 11 3 5 0 2 0 1 5 1 0 11 
2 2 1 1 0 2 1 1 5 7 1 2 1 1 3 0 0 0 5 1 1 1 2 7 0 0 0 0 0 0 0 0 2 0 0 0 3 0 0 0 1 0 1 1 3 0 0 1 0 1 3 0 0 0 0 0 0 1 0 0 0 0 0 0 0 0 0 0 0 1 7 0 0 0 0 0 0 0 0 0 0 0 0 0 0 0 0 2 0 0 0 0 0 0 0 0 0 0 0 0 0 0 
4 5 1 0 0 5 13 3 7 3 3 14 7 7 10 26 17 36 19 19 2 5 7 17 7 1 0 2 0 11 24 147 287 84 386 245 495 202 116 159 112 10 66 63 128 63 94 9 38 392 28 5 51 24 5 6 5 8 0 12 6 11 0 10 13 37 15 13 2 6 1 8 2 2 8 9 2 15 21 5 3 1 5 0 12 27 2 109 34 0 0 34 12 11 5 8 8 11 7 0 2 50 
5 1 0 0 1 0 3 2 1 3 0 2 1 1 1 3 10 22 10 11 2 2 1 13 1 0 0 3 1 22 3 31 100 6 100 69 124 36 24 42 16 2 26 8 28 18 34 14 10 96 12 14 2 2 0 3 2 1 0 2 1 0 3 3 3 9 0 6 0 12 0 0 5 0 1 0 0 1 0 1 0 0 0 0 0 3 5 26 6 0 0 4 1 8 2 2 0 0 1 0 1 14 
9 8 1 0 0 1 1 1 6 2 3 6 7 0 13 17 33 10 7 4 2 2 0 7 3 2 0 15 0 96 37 2 82 27 92 107 243 209 133 59 62 12 70 38 81 77 90 11 29 275 14 8 31 7 1 1 2 5 0 0 1 3 0 1 5 18 8 0 2 7 2 0 0 0 2 3 1 1 14 2 3 5 1 1 0 11 7 47 28 0 0 25 8 3 6 3 0 1 5 3 1 41 
6 4 0 0 0 3 1 1 0 3 1 2 2 1 1 7 4 11 1 1 3 1 0 11 6 1 1 7 1 84 45 18 4 2 21 29 49 37 38 33 44 6 30 11 39 37 41 23 24 230 19 3 12 6 0 1 1 1 0 7 0 1 5 0 2 2 1 1 3 0 3 1 4 2 2 3 1 3 11 1 4 0 0 8 0 6 3 60 9 0 0 16 1 6 1 4 2 4 3 3 2 30 
0 2 5 0 0 0 0 0 2 0 0 0 0 1 0 0 3 1 2 2 1 3 0 5 4 0 0 8 0 31 10 36 39 2 2 21 47 43 20 25 22 4 31 11 32 16 21 11 10 100 10 6 19 14 3 2 1 2 0 3 0 0 0 1 2 6 1 2 0 4 1 2 4 4 2 1 0 0 6 0 3 1 0 0 0 9 4 11 4 0 0 31 12 8 1 1 3 0 0 0 0 15 
3 0 1 0 0 1 1 0 0 0 0 0 1 0 0 4 2 4 6 1 2 4 4 24 2 0 0 7 0 58 14 34 56 4 5 5 47 30 25 15 14 0 14 9 29 20 33 5 5 115 8 2 0 2 0 0 1 0 0 0 0 0 0 0 1 2 0 0 1 2 1 4 2 0 2 1 0 1 10 0 0 0 0 0 0 1 1 13 1 0 0 10 4 11 1 3 0 0 4 0 2 24 
0 0 0 0 0 0 1 0 0 0 0 0 0 0 0 3 7 2 10 7 2 2 0 10 7 3 0 5 0 95 9 11 68 1 6 0 78 47 31 21 34 1 14 5 15 32 25 4 25 112 7 2 1 0 0 0 0 3 0 1 0 3 0 0 0 3 1 1 1 0 2 0 4 6 1 4 1 0 1 1 0 0 0 0 0 3 2 15 1 0 0 2 2 8 1 3 0 0 3 1 0 17 
2 2 3 0 2 0 0 0 0 0 0 0 0 0 0 1 1 1 12 1 0 0 0 3 0 0 0 1 0 112 14 38 86 4 15 14 7 3 52 39 56 6 41 8 17 39 55 15 20 225 2 2 3 1 0 0 2 1 0 0 0 0 0 0 0 7 4 0 1 2 2 0 2 5 3 0 0 1 1 0 0 0 0 0 0 0 3 15 1 0 0 2 10 2 0 1 0 1 2 0 0 27 
2 3 0 1 2 0 4 0 0 1 0 8 0 3 0 0 0 2 0 0 0 2 1 10 2 0 0 12 0 48 10 94 106 11 20 38 31 9 26 49 53 11 79 49 37 65 58 9 25 258 2 0 0 2 1 0 0 0 0 0 0 2 0 2 0 0 0 0 0 0 12 1 2 2 0 3 0 0 3 1 1 3 0 1 0 6 1 68 5 0 0 10 2 2 1 4 2 0 7 0 0 41 
24 10 7 2 2 0 15 0 4 5 0 11 11 3 0 0 2 11 2 3 8 0 1 12 4 1 0 24 0 52 13 55 159 11 21 35 94 24 2 67 62 12 41 37 41 31 78 8 40 288 6 2 7 2 5 0 3 0 0 3 1 1 1 5 3 7 1 0 1 1 12 4 3 12 6 5 0 4 4 0 0 0 0 0 0 15 3 45 3 0 0 28 2 4 2 3 0 5 6 0 1 63 
29 34 32 8 4 21 15 12 10 10 8 10 10 6 5 9 9 10 21 23 5 1 2 36 10 1 0 49 3 129 14 82 237 36 62 50 156 91 97 5 14 8 38 105 69 63 100 6 27 285 16 9 6 16 2 0 1 2 0 0 2 0 0 5 10 7 0 1 4 1 3 1 2 19 1 7 2 0 0 1 0 4 0 6 2 1 19 11 11 0 0 14 9 5 4 0 0 0 0 0 3 47 
21 6 15 1 9 4 1 7 16 3 6 4 5 9 0 6 4 23 1 5 5 9 8 44 7 3 2 33 3 97 8 109 146 14 26 31 80 52 61 18 4 4 14 25 17 19 26 6 17 237 7 1 0 0 0 0 1 1 0 1 0 0 0 2 14 6 0 0 0 1 5 2 6 11 2 1 1 26 5 2 5 2 0 0 5 3 17 7 1 0 0 7 4 1 1 5 0 1 2 0 0 36 
0 1 1 0 0 5 1 1 1 2 1 3 1 0 23 0 3 3 1 0 3 1 0 5 1 1 0 10 2 15 1 35 35 13 14 7 54 13 4 8 7 0 9 31 57 9 21 3 13 48 1 0 2 1 7 0 0 0 0 1 0 2 3 3 3 1 0 0 0 0 2 1 0 6 2 2 0 0 2 5 3 3 1 20 0 4 3 19 8 0 0 2 6 3 9 5 1 3 7 0 1 13 
22 11 1 0 3 0 1 5 4 3 0 2 3 1 3 4 2 1 1 0 13 1 0 12 3 0 0 7 3 31 3 17 135 8 31 6 52 81 18 5 9 1 2 1 5 10 15 3 18 60 4 1 2 0 0 2 0 5 0 1 1 1 1 3 1 5 0 0 0 1 0 0 1 2 11 6 2 2 9 4 5 26 10 10 4 16 29 61 2 0 0 6 3 4 4 7 0 10 3 0 19 100 
18 7 3 0 1 2 1 1 1 1 0 1 2 0 1 2 8 6 3 2 1 0 1 22 8 3 0 16 0 60 30 31 111 10 5 16 56 56 37 8 43 4 14 3 33 27 18 1 25 82 4 7 8 6 1 0 1 1 0 1 5 0 0 2 6 13 0 0 1 0 2 0 3 6 15 19 1 12 35 9 10 19 6 15 9 36 24 70 4 0 0 16 2 24 2 14 1 19 7 6 25 110 
26 28 19 1 2 3 7 6 3 3 2 4 1 5 1 1 10 12 7 3 0 5 0 15 24 0 0 17 1 101 21 54 164 17 28 24 111 50 45 20 19 8 34 17 16 19 16 7 17 140 3 3 6 0 0 3 0 1 0 1 0 1 0 0 7 15 4 2 1 0 3 1 6 13 5 5 0 2 5 4 1 12 2 5 3 14 5 43 2 0 0 9 3 3 5 5 0 2 6 0 2 61 
13 12 5 2 3 10 7 6 1 8 3 5 4 3 2 0 6 23 12 0 4 3 3 33 8 1 0 11 2 38 12 29 180 10 27 41 105 57 51 21 23 9 28 20 6 2 14 14 22 82 4 1 5 7 0 3 0 1 0 1 3 2 0 3 6 16 1 1 1 0 1 2 13 2 4 1 2 4 10 0 1 4 2 4 1 13 6 86 0 0 0 25 9 5 1 4 1 1 5 1 1 74 
21 24 9 0 2 7 6 2 6 2 4 5 3 3 0 4 12 14 10 4 2 1 4 21 11 2 1 34 3 51 6 57 171 11 19 22 88 47 43 30 21 2 30 17 26 37 7 4 8 69 11 1 10 10 2 0 0 3 0 1 0 1 1 4 3 22 2 0 0 0 4 1 4 12 11 1 2 4 8 0 8 7 6 8 1 11 15 130 3 0 0 10 0 10 2 3 1 3 4 2 4 89 
10 17 11 7 8 4 7 5 2 11 6 9 4 1 1 2 5 10 6 2 2 7 0 26 8 1 0 25 3 63 1 64 130 19 19 48 56 42 53 42 26 8 40 46 40 79 66 19 32 152 10 10 7 3 2 0 1 3 0 2 8 0 4 3 1 11 1 0 0 3 4 8 4 7 9 5 2 4 5 7 13 9 7 13 11 12 1 107 1 0 0 24 11 15 5 4 2 12 5 2 14 62 
5 11 6 0 3 5 3 6 9 1 5 9 9 15 0 1 5 20 2 17 1 1 1 24 7 11 0 22 0 74 21 31 165 18 57 53 82 93 53 49 40 4 54 68 54 50 111 24 3 139 19 6 7 1 0 0 3 2 0 2 7 2 1 1 15 18 2 1 2 1 4 2 8 19 13 1 3 3 7 5 3 18 6 13 4 21 10 109 16 0 0 34 4 20 8 8 2 10 33 0 0 103 
59 60 40 3 14 26 32 21 31 25 31 21 27 26 15 7 19 38 27 15 12 5 6 117 30 4 1 87 5 209 42 208 837 67 82 133 339 185 158 90 90 13 61 91 89 106 42 32 30 8 53 17 38 9 8 8 3 15 0 3 3 18 4 3 20 30 7 22 8 4 5 5 16 44 42 31 4 20 28 18 19 32 30 38 5 51 20 416 8 0 0 25 18 26 17 15 5 11 28 2 6 281 
9 6 6 2 9 27 2 2 5 8 1 3 27 12 25 3 7 12 4 12 3 0 2 35 10 0 0 22 2 7 0 14 109 12 11 2 18 6 7 9 4 2 12 14 20 45 18 4 12 42 3 5 19 7 4 4 10 15 0 39 7 2 4 65 27 37 2 18 2 11 11 11 18 30 8 1 0 5 36 9 4 13 4 17 3 58 2 48 8 0 0 9 1 8 6 3 3 14 5 1 1 33 
5 3 2 0 0 2 0 3 0 4 0 2 4 4 7 7 3 3 5 6 0 0 0 13 8 0 0 5 0 6 4 16 61 3 25 4 10 2 1 7 7 1 5 7 8 20 12 8 1 21 4 0 2 1 2 1 3 1 0 7 2 0 1 18 11 19 6 10 2 11 2 5 7 14 10 1 0 0 22 2 1 4 3 8 0 8 1 31 4 0 0 17 2 4 6 1 1 1 0 0 0 15 
4 1 2 0 2 1 1 1 0 5 0 12 9 10 13 4 7 10 4 28 2 7 6 20 6 0 2 17 1 13 6 3 81 14 1 0 22 1 6 3 2 11 11 11 6 28 12 5 7 51 8 9 3 2 2 1 1 3 0 18 2 0 4 31 12 30 6 21 4 16 2 0 13 73 9 12 3 4 20 2 1 5 1 19 7 15 7 74 5 0 0 7 0 7 2 2 0 2 0 0 0 28 
13 5 22 1 12 15 1 2 1 9 2 3 13 15 15 3 4 2 3 6 0 1 0 21 1 3 0 7 0 8 3 4 56 5 5 6 14 0 3 2 4 0 19 18 9 18 9 1 5 23 14 57 4 7 0 0 2 8 0 18 3 3 0 7 14 12 30 13 3 4 11 3 4 32 9 6 0 11 48 4 4 6 2 21 6 27 1 17 12 0 0 11 2 3 0 0 0 3 2 1 0 19 
6 10 0 0 0 2 4 1 13 0 0 4 3 5 1 2 0 6 3 0 0 2 0 11 2 1 0 13 0 15 0 2 29 5 4 1 4 9 1 3 1 0 2 1 1 3 2 17 3 9 42 147 21 10 1 0 4 0 0 51 3 2 1 5 5 7 3 16 0 4 3 1 6 12 4 3 0 2 18 1 3 0 1 21 4 15 0 15 5 0 0 0 1 0 0 0 1 0 2 0 0 5 
1 1 1 0 4 0 1 0 5 2 1 0 0 2 0 0 0 4 0 3 0 0 0 11 4 1 0 8 0 4 0 3 7 2 1 1 0 1 0 0 1 0 4 3 1 7 0 0 0 5 7 11 2 2 1 1 0 3 0 17 6 0 0 2 8 1 1 5 0 2 1 2 1 6 4 0 0 4 9 1 0 0 0 3 1 0 0 4 5 0 0 2 0 8 0 0 0 0 1 0 1 2 
1 0 3 0 0 4 3 1 1 0 0 2 22 6 9 4 8 3 7 1 1 0 0 6 0 3 0 2 0 5 2 8 28 0 5 1 4 3 1 3 4 1 5 4 2 4 2 4 2 16 7 15 6 8 0 1 0 2 0 18 4 2 0 23 13 17 7 13 0 8 1 3 17 24 6 2 2 4 5 0 0 1 8 9 2 3 1 13 4 0 0 2 1 0 5 5 3 0 3 0 0 15 
9 8 2 1 2 16 13 2 8 6 4 9 22 5 11 16 4 22 3 12 0 1 0 14 3 6 0 7 1 17 10 3 47 9 12 0 17 1 13 1 11 0 12 2 1 12 11 11 3 31 27 11 31 12 2 1 1 3 0 24 1 2 1 11 15 18 5 20 1 7 3 2 20 46 5 24 1 9 19 5 0 3 1 15 6 9 0 21 12 0 0 5 1 9 2 2 0 1 3 0 3 24 
0 0 0 0 0 0 0 0 0 0 0 0 0 0 0 0 0 0 0 0 0 0 0 0 0 0 0 0 0 0 0 0 0 0 0 0 0 0 0 0 0 0 0 0 0 0 0 0 0 0 0 0 0 0 0 0 0 0 0 0 0 0 0 0 0 0 0 0 0 0 0 0 0 0 0 0 0 0 0 0 0 0 0 0 0 0 0 0 0 0 0 0 0 0 0 0 0 0 0 0 0 0 
4 7 7 1 2 2 5 2 4 2 1 3 33 13 10 4 8 5 11 4 4 3 5 28 6 1 0 30 6 3 2 8 12 2 1 0 1 0 4 3 0 1 8 2 4 1 6 3 4 13 26 7 23 27 12 4 4 5 0 1 0 17 15 9 9 45 8 11 26 8 10 14 16 75 4 3 0 0 8 3 6 2 0 1 0 22 11 23 1 0 0 2 3 1 1 3 0 0 0 0 1 11 
0 0 0 0 0 0 0 0 0 2 0 0 3 8 0 1 16 0 0 0 0 0 0 3 3 0 0 2 0 0 0 0 16 0 0 2 0 0 0 0 0 2 1 1 1 1 1 0 0 7 11 7 11 1 2 0 1 0 0 6 1 2 1 2 1 9 5 2 3 7 2 6 2 7 3 3 0 2 4 2 1 3 2 0 0 1 1 6 0 0 0 1 0 0 1 0 0 0 0 0 0 5 
0 0 0 0 0 0 0 0 0 1 0 1 2 0 0 0 0 1 0 0 0 0 0 2 1 0 0 0 0 0 0 0 0 0 0 0 0 0 0 1 0 0 4 0 0 0 0 0 0 2 2 0 1 1 0 0 0 2 0 3 0 0 0 2 1 8 0 0 5 0 0 0 2 1 2 0 0 5 1 1 2 0 0 0 0 0 0 1 0 0 0 4 0 0 0 0 0 0 2 0 0 0 
0 1 0 0 0 3 0 0 13 2 3 0 15 0 0 0 0 0 0 0 0 0 0 0 0 0 0 2 2 10 0 10 2 1 0 2 2 3 3 0 7 2 11 0 3 2 3 1 0 4 8 3 5 1 3 7 0 3 0 3 0 1 0 3 3 15 0 0 5 1 0 3 1 0 2 0 0 0 4 0 0 0 0 0 0 2 0 1 0 0 0 0 0 0 0 0 2 0 0 0 0 1 
4 2 2 0 0 0 3 1 1 0 0 0 0 0 0 0 0 0 0 0 0 0 0 1 1 0 0 3 0 4 0 8 6 0 10 4 14 17 2 4 6 1 2 15 4 9 7 1 0 22 14 30 36 16 18 6 4 15 0 9 3 3 1 0 0 26 1 0 2 5 1 2 12 7 3 6 0 5 26 1 1 0 0 1 1 1 0 1 0 0 0 2 3 0 1 0 0 0 0 0 0 3 
7 6 4 0 1 3 2 3 1 6 0 0 1 0 1 0 0 0 0 0 0 0 1 0 1 0 0 2 0 12 7 2 13 10 20 12 8 1 5 2 6 0 13 13 14 11 10 3 3 56 22 2 32 15 9 3 14 5 0 16 3 4 8 26 1 13 2 16 9 16 3 7 11 7 18 17 5 1 38 0 3 1 0 1 1 3 1 6 7 0 0 3 0 2 4 0 0 0 1 0 0 5 
15 11 9 2 2 1 9 2 1 1 0 0 0 0 0 0 0 0 0 0 0 0 0 0 0 0 0 1 1 23 4 6 12 5 2 1 2 5 6 1 3 1 13 4 17 13 12 4 4 54 41 28 27 20 13 9 28 16 0 26 7 6 1 10 5 5 0 13 27 23 8 10 10 40 34 42 4 5 25 10 1 0 0 13 0 0 1 16 2 0 0 3 0 1 0 0 0 0 1 1 0 4 
3 4 1 0 1 0 2 3 0 0 0 0 1 1 0 0 0 0 0 0 0 0 0 0 0 0 0 0 0 10 5 6 9 0 0 2 14 1 1 0 2 2 0 0 0 5 1 0 2 14 9 1 8 5 0 5 1 11 0 11 3 0 1 7 2 0 1 1 7 14 2 2 4 11 4 1 2 11 14 1 0 0 0 0 0 2 2 7 0 0 0 0 0 0 0 0 0 0 0 0 0 2 
7 17 1 0 0 8 0 6 0 1 1 0 0 0 0 0 0 0 0 0 0 0 0 0 0 0 0 0 0 7 0 5 15 6 2 1 6 1 0 4 0 0 3 2 1 0 2 0 11 39 31 21 52 28 3 7 3 10 0 15 7 7 2 4 9 8 0 3 5 14 9 9 2 34 5 0 2 16 16 2 3 0 3 3 1 2 1 8 0 0 0 2 0 0 0 0 0 0 0 0 0 1 
0 0 0 0 0 0 0 1 2 0 0 0 0 0 0 0 0 0 0 0 0 0 0 0 0 0 0 0 1 2 0 1 5 0 3 0 4 0 1 0 1 0 2 0 4 0 3 0 3 7 4 9 5 9 6 0 1 11 0 5 0 0 1 5 6 13 0 15 0 4 3 3 5 10 0 2 2 0 0 0 4 0 0 1 0 3 2 0 0 0 0 0 0 0 0 0 0 0 0 0 0 1 
3 3 8 1 6 1 0 6 2 5 3 1 0 0 0 0 0 0 0 1 0 0 0 0 0 0 0 0 0 9 2 13 17 4 5 7 4 0 0 4 1 0 1 1 1 0 3 3 1 6 42 24 32 25 10 7 4 12 0 8 38 20 14 4 19 33 10 6 9 0 11 7 24 70 6 10 1 11 37 2 5 3 2 1 0 10 0 4 0 0 0 1 0 0 0 0 0 0 0 0 0 0 
15 5 4 1 1 2 1 6 3 7 1 6 0 1 0 1 0 0 0 0 0 0 0 0 0 0 0 0 0 8 4 16 33 20 14 23 45 7 11 9 6 19 11 11 10 5 12 1 3 45 36 5 15 35 13 11 5 31 0 25 5 1 8 22 48 63 14 95 32 24 3 7 14 56 8 22 3 4 52 25 9 7 4 5 2 12 4 10 4 0 0 0 0 0 0 3 0 1 0 0 0 5 
1 10 3 0 0 3 5 3 0 1 0 4 5 1 0 0 4 0 0 0 0 0 0 0 0 0 0 0 9 2 1 0 44 20 13 11 40 9 19 11 6 1 11 9 14 5 8 0 1 22 39 20 20 22 4 0 7 6 0 24 7 2 2 18 28 78 22 38 32 24 1 3 10 18 17 1 0 1 18 3 2 3 5 5 1 7 2 7 3 0 0 2 1 0 0 0 0 0 0 0 0 4 
2 2 6 2 0 9 2 4 0 1 0 0 3 0 0 11 1 0 0 0 0 0 0 0 0 0 0 0 1 0 0 1 6 10 5 0 19 3 4 9 5 2 1 1 8 3 3 13 1 26 29 10 29 22 9 7 18 18 0 14 13 1 5 10 40 34 12 8 10 7 11 3 0 5 6 14 1 4 26 14 15 10 2 6 3 4 0 13 2 0 0 7 0 0 0 0 0 0 0 0 0 2 
5 9 3 5 0 6 3 10 5 12 4 6 1 0 0 0 1 0 0 0 0 0 0 0 0 0 0 0 0 0 0 0 13 19 3 5 7 4 0 2 2 0 1 3 4 4 4 1 0 16 63 18 35 24 15 15 7 22 0 43 9 2 2 10 38 36 7 14 4 27 30 15 10 1 16 7 2 7 78 49 4 10 4 5 6 4 0 6 1 0 0 4 0 2 0 0 0 0 0 0 0 3 
4 3 0 0 0 3 6 1 3 33 0 9 18 9 4 6 11 6 23 8 0 2 0 6 3 3 0 22 0 4 1 3 19 1 5 3 15 4 6 10 8 3 47 18 27 30 5 7 7 65 16 4 24 7 1 0 4 26 0 20 8 3 7 12 23 10 4 14 7 0 11 1 4 20 2 5 7 24 80 152 9 35 29 150 16 61 38 89 15 0 0 10 12 24 10 9 5 10 4 0 5 37 
15 8 0 0 0 0 2 1 12 4 0 10 2 11 4 16 1 9 6 5 5 2 2 8 6 0 0 13 0 20 4 14 30 5 4 2 15 7 12 8 6 1 25 28 10 26 16 2 6 83 25 22 20 6 5 2 27 25 0 14 10 2 2 20 18 34 1 9 1 1 5 6 8 26 2 2 24 34 70 123 23 30 32 149 33 71 6 116 13 0 0 19 12 22 15 6 5 7 11 2 4 22 
2 0 1 0 0 0 0 0 5 0 0 0 1 2 0 0 0 0 1 16 0 0 0 9 1 0 0 2 0 5 1 7 13 1 1 0 0 0 1 1 8 0 1 9 4 2 0 0 8 15 12 3 2 8 6 2 1 3 0 9 1 0 0 9 1 17 1 5 1 0 0 2 2 23 0 1 1 15 52 48 1 8 37 73 7 9 19 28 2 0 0 2 1 6 6 4 0 2 6 0 0 8 
21 10 4 6 0 1 1 1 9 17 0 1 5 3 5 3 1 0 0 1 0 1 0 10 9 0 0 11 1 4 1 3 16 11 1 0 2 0 1 5 4 3 19 15 11 9 32 10 10 86 14 2 18 13 7 4 2 7 0 26 2 1 1 12 12 16 0 3 5 2 4 2 7 72 16 10 0 3 40 43 7 21 18 147 15 22 12 113 18 0 0 38 12 7 23 12 1 6 11 0 4 23 
4 26 2 0 2 4 2 0 17 3 5 1 26 6 15 11 15 8 5 24 0 0 1 26 8 15 1 18 3 14 3 8 44 21 4 11 8 3 12 7 6 0 38 27 9 32 16 7 9 76 49 44 36 19 3 4 9 4 0 8 7 5 3 23 44 31 15 21 4 12 14 5 40 185 19 6 10 2 3 27 18 9 21 83 49 27 13 133 15 0 0 30 22 20 11 9 1 3 4 0 2 50 
8 7 3 0 0 1 0 0 0 1 0 0 0 0 1 6 1 0 2 1 3 0 0 2 2 2 0 4 0 2 0 0 20 1 3 0 0 6 1 4 11 2 22 23 10 9 17 2 4 63 9 4 12 3 5 0 9 1 0 3 7 12 1 4 8 9 3 11 8 7 4 4 15 24 20 3 3 9 11 4 19 46 20 76 113 31 7 75 7 0 0 21 6 10 15 20 3 12 11 4 0 42 
3 2 1 0 0 0 0 1 0 2 1 1 1 0 0 1 0 1 0 0 0 0 0 0 1 0 0 0 0 9 1 1 20 1 5 0 1 1 1 1 3 0 29 23 19 11 13 2 8 68 15 16 11 2 1 0 0 3 0 1 2 2 1 1 2 9 6 2 1 8 3 1 11 16 10 4 0 17 15 18 3 17 17 99 154 42 10 69 11 0 0 24 6 24 8 9 3 5 15 0 1 35 
1 3 2 0 0 0 0 1 0 0 0 0 0 0 0 0 0 0 0 0 0 0 0 0 0 0 0 2 2 2 0 2 5 0 4 0 1 0 1 1 2 0 4 7 6 11 4 0 4 53 0 0 4 1 0 0 0 11 0 1 3 0 0 0 7 2 1 0 1 3 0 1 2 18 10 14 1 3 5 3 2 0 4 10 30 10 2 24 3 0 0 35 1 3 10 8 0 5 6 0 1 22 
1 3 3 0 1 1 0 0 0 3 0 0 0 0 0 0 0 0 0 0 0 0 0 3 2 1 0 1 0 2 1 0 4 0 0 0 0 0 0 3 1 2 19 5 2 5 9 1 2 74 20 9 11 6 0 6 4 2 0 14 2 2 0 1 4 0 4 0 1 0 1 0 3 118 9 17 4 16 29 68 2 0 2 46 228 9 11 54 3 0 0 17 3 8 1 7 2 3 4 3 1 47 
0 5 8 1 0 2 0 0 0 3 0 0 0 0 0 0 0 0 0 0 0 0 0 1 0 0 0 1 0 0 0 1 5 1 0 0 0 2 0 6 0 3 40 8 11 5 7 4 4 69 10 4 23 6 3 0 13 3 0 2 0 2 0 0 1 1 2 1 0 1 0 1 0 23 20 17 1 49 37 50 6 22 31 3 65 46 11 138 8 0 0 22 27 10 10 18 1 36 11 2 2 86 
2 4 5 0 2 0 0 0 0 2 0 0 0 0 0 0 3 0 0 0 0 0 0 0 1 0 0 1 1 1 0 1 6 1 0 0 1 0 0 8 1 0 42 15 25 16 21 3 24 118 10 8 5 2 8 2 10 14 0 2 0 1 1 1 6 4 3 0 1 0 6 0 0 10 17 21 5 16 23 96 23 15 30 23 5 55 30 143 11 0 0 36 7 8 17 13 1 12 8 0 5 81 
11 9 11 0 5 2 2 11 0 1 0 2 0 1 0 0 3 1 5 2 2 0 1 3 1 0 0 4 0 14 2 25 24 0 8 5 14 7 16 2 12 2 57 29 21 26 50 2 28 63 30 5 14 8 3 2 2 6 0 4 2 0 1 3 4 7 12 0 2 12 2 2 1 12 14 23 2 13 42 14 10 11 18 35 33 1 3 51 8 0 0 47 38 19 34 5 2 5 17 3 19 70 
11 9 4 2 4 13 2 2 2 1 0 1 0 6 0 1 5 3 1 0 0 0 1 3 0 1 0 4 0 5 1 22 39 0 5 5 10 4 0 6 17 2 39 25 8 19 21 5 1 68 14 3 17 7 1 0 3 3 0 7 2 2 1 0 2 2 2 1 2 0 3 3 8 6 6 14 1 5 47 12 13 14 15 39 23 4 3 34 14 0 0 43 32 32 20 6 2 5 21 0 9 52 
35 29 20 2 1 17 7 8 2 5 10 3 2 3 1 2 10 7 11 3 6 4 4 33 10 0 0 47 2 88 18 58 169 24 21 27 77 85 53 16 10 1 66 47 22 69 50 24 38 348 41 21 64 11 7 4 18 13 0 15 10 10 5 3 8 16 10 9 4 10 8 9 7 29 66 35 11 41 77 47 37 67 27 100 55 42 12 17 18 0 0 70 44 32 41 79 13 48 58 7 12 317 
8 14 7 0 2 4 1 1 0 3 1 0 1 2 0 1 13 6 2 8 3 0 0 14 0 1 0 8 0 33 1 17 47 6 27 9 42 16 9 12 19 2 55 10 13 19 4 2 5 63 20 1 6 4 4 1 1 0 0 5 1 3 0 4 3 6 1 1 0 2 0 3 1 19 25 9 0 29 17 9 11 13 10 32 24 29 42 23 1 0 0 45 16 37 23 11 5 18 8 2 6 79 
0 0 0 0 0 0 0 0 0 0 0 0 0 0 0 0 0 0 0 0 0 0 0 0 0 0 0 0 0 0 0 0 0 0 0 0 0 0 0 0 0 0 0 0 0 0 0 0 0 0 0 0 0 0 0 0 0 0 0 0 0 0 0 0 0 0 0 0 0 0 0 0 0 0 0 0 0 0 0 0 0 0 0 0 0 0 0 0 0 0 0 0 0 0 0 0 0 0 0 0 0 0 
0 0 0 0 0 0 0 0 0 0 0 0 0 0 0 0 0 0 0 0 0 0 0 0 0 0 0 0 0 0 0 0 0 0 0 0 0 0 0 0 0 0 0 0 0 0 0 0 0 0 0 0 0 0 0 0 0 0 0 0 0 0 0 0 0 0 0 0 0 0 0 0 0 0 0 0 0 0 0 0 0 0 0 0 0 0 0 0 0 0 0 0 0 0 0 0 0 0 0 0 0 0 
2 2 0 0 2 0 2 1 1 3 0 5 3 3 0 1 0 1 2 0 0 0 0 0 0 0 0 2 0 5 3 13 25 3 21 0 25 6 14 5 22 1 4 7 4 10 23 2 10 20 3 0 6 0 0 0 1 0 0 0 0 3 0 0 0 2 0 0 0 0 0 0 0 0 9 3 0 4 2 16 1 4 7 4 11 11 13 50 4 0 0 3 8 13 1 7 1 4 2 1 1 53 
1 11 1 0 2 6 0 1 5 1 0 0 0 0 1 0 1 0 2 0 0 0 0 0 0 0 0 0 0 4 8 23 29 1 8 13 30 7 4 9 0 0 13 26 8 10 7 1 3 33 2 0 4 4 1 0 1 3 0 0 1 0 0 0 0 1 0 0 0 0 0 0 0 0 2 0 2 2 4 4 0 4 7 9 4 11 7 48 5 0 0 8 1 0 0 7 0 2 20 0 2 31 
1 2 1 0 0 0 2 1 1 0 0 0 5 8 0 0 1 0 0 0 1 0 0 1 0 0 0 2 0 13 4 11 34 1 15 6 24 4 5 9 25 0 50 16 20 21 38 3 18 99 5 18 7 5 2 0 2 3 0 3 0 2 6 1 1 2 0 0 0 0 0 0 0 0 8 12 11 5 22 18 6 25 17 10 10 36 18 75 23 0 0 29 7 2 0 3 0 1 14 3 5 75 
1 0 1 0 0 1 0 1 0 0 0 0 1 4 0 0 0 0 0 0 0 0 0 2 0 0 0 0 0 4 1 5 26 1 1 1 9 1 5 0 3 6 41 6 16 7 6 5 19 66 2 2 12 2 1 2 0 3 0 0 0 0 0 0 0 0 0 0 0 0 0 0 0 0 3 11 0 17 12 14 5 8 8 15 5 19 24 61 6 0 0 4 1 0 5 0 0 15 6 1 1 54 
2 9 1 1 0 4 0 0 12 3 3 5 0 1 2 0 5 0 0 0 3 0 0 0 2 0 2 2 2 4 9 8 44 12 3 9 40 10 7 6 14 3 79 49 39 56 28 8 24 52 12 8 6 11 1 2 2 16 0 1 0 1 0 0 6 1 0 0 0 0 1 0 3 0 7 9 0 1 6 12 1 14 4 11 8 19 43 109 12 0 0 89 8 9 11 2 0 22 0 0 8 79 
2 1 1 0 1 0 0 0 0 0 0 1 0 0 0 0 0 0 0 0 0 0 0 0 0 0 0 0 0 1 0 3 3 0 6 0 9 1 0 1 2 0 8 11 8 12 3 4 4 12 4 1 2 0 0 0 0 0 0 1 0 0 0 0 0 0 0 0 0 0 0 0 0 0 1 1 0 0 5 5 0 3 1 3 3 27 7 19 6 0 0 27 0 2 15 4 0 0 0 0 0 11 
2 0 0 0 1 9 10 2 8 0 1 1 0 0 0 16 0 0 0 0 0 0 0 4 0 0 0 1 0 25 1 6 17 2 8 8 27 12 8 26 4 2 49 37 33 19 21 1 15 119 6 4 33 25 4 8 3 6 0 2 1 0 0 1 0 1 0 0 0 0 0 0 1 3 20 34 4 16 31 13 19 26 10 42 14 49 19 107 27 0 0 37 27 7 35 11 0 3 10 3 8 93 
1 6 7 0 0 0 1 0 0 1 0 0 1 0 1 0 0 0 0 0 0 0 0 2 0 0 0 1 0 8 2 2 11 1 1 2 51 16 14 7 2 2 16 21 61 27 27 10 14 117 20 7 21 17 5 5 11 11 0 0 0 1 0 0 0 0 0 0 0 0 0 0 0 0 14 22 0 24 20 23 9 64 16 60 15 43 14 77 4 0 0 36 18 7 18 4 0 2 5 1 0 39 
0 0 1 0 2 1 1 0 1 0 0 0 1 0 0 0 1 0 1 0 0 0 0 0 0 0 0 0 0 2 2 0 16 2 15 3 9 2 7 0 0 0 4 17 19 3 10 3 4 37 2 0 3 2 1 0 0 1 0 2 0 0 0 0 0 0 0 0 0 0 0 0 0 2 7 1 1 5 8 3 1 4 4 18 6 13 3 40 15 0 0 8 35 7 7 7 0 1 29 1 2 14 
0 0 1 0 0 2 0 0 0 4 0 0 0 0 2 0 0 0 0 0 0 0 0 0 0 0 0 0 3 3 0 0 3 0 0 0 15 2 7 4 1 0 3 10 9 3 9 0 1 13 1 0 1 1 0 0 0 0 0 0 0 0 0 1 0 0 0 0 0 0 0 0 0 2 4 2 0 0 1 1 0 4 2 12 1 13 12 18 3 0 0 1 1 0 9 12 0 0 1 1 0 1 
1 0 2 0 1 3 1 0 2 1 2 1 0 0 1 1 0 0 0 0 0 0 0 0 1 0 0 1 0 2 1 14 10 0 9 8 26 10 9 7 5 0 21 19 13 11 10 11 5 33 12 1 4 2 12 1 3 2 0 0 0 0 0 0 2 1 0 0 0 0 1 0 1 1 6 16 1 6 19 12 9 17 14 19 6 15 17 84 6 0 0 23 24 6 11 7 2 9 2 2 0 3 
