5 7 15 2 7 29 26 15 25 23 6 23 34 85 46 45 37 13 23 7 3 18 4 32 22 0 0 18 82 4 0 1 27 2 2 1 12 5 45 17 20 1 6 20 12 10 13 6 7 59 6 2 12 0 6 3 6 3 0 1 1 1 4 5 7 3 5 5 0 2 4 0 4 0 1 0 1 3 22 3 1 0 2 3 0 1 0 31 2 0 0 4 2 2 2 2 0 3 3 0 0 12 
6 7 13 4 9 33 18 18 26 26 19 35 62 110 50 68 39 22 19 15 15 4 4 31 9 0 1 14 115 4 2 3 9 2 8 5 6 4 35 18 12 0 13 11 8 15 12 2 11 52 11 4 10 2 0 5 3 1 0 3 2 1 0 3 7 8 3 5 2 2 4 3 2 2 2 7 0 3 20 3 4 3 0 6 5 6 0 21 8 0 0 17 2 3 2 1 0 0 0 1 0 13 
18 12 10 11 8 18 20 21 39 27 11 25 33 72 59 42 35 15 25 7 7 10 5 22 16 0 1 31 139 3 4 2 6 3 2 2 7 1 19 14 10 2 11 11 12 15 5 4 4 31 2 1 8 2 4 3 2 3 0 0 3 2 0 4 4 5 2 2 4 1 2 1 4 4 3 1 1 5 13 1 1 0 2 4 0 3 0 9 2 0 0 7 0 2 1 0 0 3 1 0 0 8 
4 8 10 0 2 6 12 7 7 5 2 6 4 12 10 17 4 2 6 0 2 0 1 3 1 0 0 2 23 3 0 0 2 1 1 0 0 1 7 3 2 0 1 2 1 2 0 2 0 5 1 0 0 0 1 0 0 0 0 0 0 0 0 0 0 1 0 0 1 0 1 0 0 0 0 0 0 0 0 2 0 0 0 2 0 0 0 0 1 0 0 3 0 0 0 0 1 0 0 0 0 0 
9 4 3 4 3 9 7 9 4 7 6 11 15 16 15 23 11 7 6 5 3 6 0 11 6 0 0 13 21 1 1 1 5 1 1 1 2 2 13 9 1 2 0 2 7 2 4 0 2 12 0 1 0 3 0 0 2 0 0 1 0 1 0 3 0 0 0 1 1 1 4 1 0 0 3 0 1 0 2 0 0 0 0 0 0 0 1 5 0 0 0 3 1 0 0 0 0 1 1 0 0 2 
27 38 31 14 6 6 16 11 13 12 13 44 36 68 37 61 36 21 23 13 9 8 11 47 12 1 0 20 124 1 1 3 1 4 1 2 4 13 33 11 8 1 7 7 7 18 4 1 4 36 5 3 9 1 1 0 1 5 0 1 0 3 0 3 3 3 1 4 0 1 3 1 1 1 0 2 1 0 11 1 0 0 0 3 0 5 0 8 0 0 0 6 0 1 2 0 0 0 0 0 1 8 
22 23 26 15 4 13 8 15 25 30 12 29 30 63 37 38 37 22 18 4 17 10 0 15 5 0 0 9 66 3 1 2 7 4 3 1 1 1 18 11 11 5 3 5 6 10 9 1 2 22 1 4 11 4 3 0 0 13 0 3 1 1 0 3 9 7 0 5 0 6 3 0 1 1 1 3 0 0 26 0 0 2 2 2 1 1 2 10 5 0 0 6 3 2 0 0 0 0 3 0 0 4 
21 19 20 7 3 6 15 10 9 16 8 40 61 66 32 60 33 20 26 13 15 8 5 24 3 0 0 13 52 3 0 4 3 2 1 0 6 2 25 13 10 0 9 6 15 7 12 3 4 28 4 2 4 3 1 4 4 4 0 0 3 0 1 3 2 6 3 1 3 1 1 5 2 4 1 3 0 0 8 2 0 0 0 2 1 2 3 2 2 0 0 8 2 0 0 1 0 1 1 0 0 2 
20 35 28 6 7 21 24 21 10 13 7 31 42 69 30 73 30 34 14 13 14 12 2 10 5 4 1 11 57 3 1 2 5 1 2 1 2 0 17 8 9 1 8 10 6 9 7 1 3 31 7 3 1 1 2 0 2 6 0 0 1 3 0 1 3 3 3 2 0 0 2 1 1 0 0 0 0 1 5 0 1 0 0 2 0 2 1 4 0 0 0 7 5 1 0 0 0 2 0 0 0 5 
16 18 9 1 3 7 7 8 6 1 3 9 25 41 14 31 19 6 10 7 8 4 8 11 6 0 0 12 32 5 1 0 1 0 0 1 0 6 11 7 5 0 1 5 8 12 7 4 4 19 7 2 13 6 2 0 2 2 0 2 1 2 0 2 3 2 1 2 2 2 0 2 2 0 4 3 0 0 25 2 0 0 1 1 4 1 2 8 0 0 0 3 1 1 3 0 0 0 0 1 0 3 
13 10 7 2 1 6 8 7 9 5 2 10 22 20 11 42 14 8 9 20 7 5 2 7 3 0 1 24 15 5 2 5 1 1 0 2 0 1 19 7 4 1 12 2 7 9 10 5 4 20 2 0 1 1 0 1 0 2 0 0 0 1 1 2 0 1 0 1 0 0 1 2 0 2 3 0 0 0 9 0 0 0 0 2 0 3 1 0 1 0 0 9 0 1 0 1 0 0 1 0 0 3 
27 26 19 3 4 17 31 32 33 16 8 5 22 39 18 37 30 40 19 17 11 15 12 32 17 1 2 30 38 3 3 6 4 2 2 0 5 8 30 12 12 2 12 10 3 9 3 1 3 28 9 5 8 3 2 4 2 7 0 7 0 4 2 0 2 6 0 1 0 1 3 3 1 2 4 0 1 1 11 0 0 0 0 0 0 1 0 2 0 0 0 3 1 3 0 0 0 1 1 1 0 9 
38 38 23 3 12 24 27 43 52 26 28 17 7 75 34 70 50 64 30 11 21 12 7 46 23 6 6 69 26 8 4 5 8 2 1 5 0 6 33 21 12 0 8 7 9 10 11 9 4 28 14 3 7 3 5 3 5 7 0 3 0 0 5 1 1 2 1 3 1 2 1 4 2 1 7 5 0 1 4 1 0 0 0 1 0 1 0 2 2 0 0 13 1 3 2 3 1 0 1 0 0 10 
65 101 58 17 18 35 67 58 81 45 18 64 53 14 16 58 71 67 85 33 42 35 16 56 31 3 4 122 60 3 0 1 10 3 2 1 1 10 17 11 12 4 7 15 5 9 12 1 10 25 11 6 20 4 2 1 5 12 0 8 1 2 0 2 1 1 1 1 0 2 2 1 0 0 5 4 1 2 22 5 3 0 0 1 0 2 0 8 1 0 0 13 2 2 1 2 0 0 0 0 2 5 
37 66 37 7 10 32 43 39 32 31 26 10 47 35 6 24 46 47 28 15 22 21 16 60 19 6 6 83 35 3 8 2 11 0 1 4 3 2 8 9 7 1 7 3 6 5 1 1 0 8 2 4 16 3 0 2 6 7 0 1 1 2 0 1 0 0 0 0 0 0 1 0 1 1 1 1 0 5 19 0 0 0 0 0 0 3 1 9 0 0 0 4 0 0 1 2 0 0 2 0 0 4 
31 63 34 7 18 39 42 37 33 32 27 31 44 38 9 20 64 50 47 29 53 36 33 103 48 5 7 102 38 25 8 12 33 6 5 4 48 4 26 34 11 8 11 14 14 12 9 4 6 56 14 8 17 8 1 3 3 6 0 2 3 2 0 2 2 1 0 1 1 2 1 3 0 1 2 6 4 0 24 1 0 1 1 1 0 2 2 12 4 0 0 14 2 3 1 5 1 1 1 0 0 10 
27 50 30 4 6 24 21 39 29 38 16 30 56 94 39 65 12 36 47 25 71 23 33 85 25 5 4 59 34 37 16 23 37 17 19 14 43 8 52 45 18 8 23 16 20 38 27 4 11 70 9 3 15 6 2 5 4 8 0 2 1 2 1 2 0 0 0 0 0 0 0 3 2 0 5 4 3 1 12 3 0 1 0 0 0 5 3 18 8 0 0 23 1 0 2 0 0 0 0 0 0 7 
21 17 11 1 11 20 19 16 16 23 8 22 44 65 26 72 36 15 36 16 33 8 12 49 18 8 1 46 42 25 7 13 16 8 29 8 27 2 43 9 26 2 8 13 16 19 9 5 9 40 4 6 9 2 0 3 2 2 0 4 0 1 1 2 0 0 0 0 0 0 0 1 3 0 4 0 0 1 11 3 3 1 1 0 0 3 4 9 1 0 0 8 0 1 0 1 0 0 2 0 0 1 
17 21 20 3 4 15 12 22 21 19 9 32 46 78 23 55 43 26 3 16 25 20 14 71 15 8 3 50 16 8 9 4 14 4 8 5 18 6 55 18 16 1 6 22 10 21 11 8 5 25 2 3 3 4 0 0 2 3 0 0 1 5 0 1 0 2 0 0 0 0 0 0 0 1 0 1 0 3 7 2 1 0 0 0 2 0 0 4 1 0 0 4 1 2 0 0 0 1 1 0 1 2 
5 9 14 2 4 12 10 10 5 13 16 19 21 48 27 44 28 29 9 6 7 7 9 46 19 14 7 76 7 14 1 9 3 3 10 3 5 3 39 10 7 1 3 5 5 9 6 2 5 12 0 0 3 2 0 0 1 2 0 2 0 1 0 0 2 0 0 0 0 0 0 1 0 0 3 0 1 2 10 0 1 1 0 2 1 1 3 4 1 0 0 1 0 3 0 0 0 0 0 0 1 3 
6 12 11 1 7 9 15 10 12 8 6 20 31 53 22 97 40 31 44 1 7 10 19 34 12 13 10 72 19 6 0 2 16 0 8 6 9 5 38 10 7 1 4 6 8 19 4 2 3 24 0 2 0 0 0 0 2 2 0 0 0 1 0 0 0 0 0 0 0 0 0 0 0 0 0 1 0 0 1 1 0 0 0 0 0 1 2 6 1 0 0 5 0 0 0 1 0 0 0 0 0 1 
7 17 12 5 3 12 12 14 13 11 8 11 43 61 22 63 36 13 14 3 4 8 16 29 5 18 8 69 13 6 4 2 6 0 3 5 11 6 25 4 6 4 3 5 8 10 9 1 2 16 2 0 1 0 0 1 1 2 0 1 0 0 0 0 0 0 0 0 0 0 0 0 0 0 0 0 0 0 3 0 0 0 0 0 0 0 0 2 0 0 0 2 1 1 0 0 0 0 0 0 0 1 
7 4 11 0 1 5 3 4 5 12 4 12 17 29 27 52 42 34 23 12 31 11 1 22 4 6 15 75 3 1 4 0 7 1 5 4 14 11 54 4 10 0 1 5 2 8 7 3 1 18 0 0 2 3 0 0 0 1 0 0 0 0 0 1 1 0 0 0 0 0 0 0 0 0 0 0 0 1 3 1 0 2 0 0 0 0 0 2 1 0 0 3 0 0 0 0 0 0 0 0 0 1 
7 9 13 3 0 14 8 8 12 19 7 23 35 64 47 119 80 56 45 8 34 13 14 7 6 15 28 111 8 9 3 1 23 4 9 8 15 17 55 16 12 1 5 13 12 18 11 2 6 57 3 3 5 3 0 1 1 1 0 2 1 1 0 3 0 0 0 0 0 0 0 0 0 0 0 2 0 0 7 0 1 0 2 0 0 0 2 10 2 0 0 9 2 4 1 1 0 0 1 0 0 0 
9 11 8 4 2 13 10 7 11 23 5 27 45 36 31 76 52 18 38 15 26 4 11 10 5 3 3 44 4 7 3 2 107 1 8 8 22 9 34 13 29 0 11 7 21 21 15 7 9 92 5 11 17 3 0 5 1 1 0 3 0 0 0 2 0 0 0 0 0 0 0 0 0 0 1 3 0 2 15 1 1 0 0 3 0 4 0 34 1 0 0 7 0 0 1 0 0 0 0 0 0 2 
1 1 0 0 0 2 0 3 2 2 1 0 0 7 1 23 11 12 8 4 20 17 12 31 4 1 3 13 6 1 0 1 2 0 1 0 4 1 2 2 0 0 0 0 0 2 0 0 0 4 0 0 0 0 0 0 0 1 0 0 0 0 0 0 0 0 0 0 0 0 0 0 0 0 0 0 0 0 0 0 0 0 0 0 0 0 0 0 0 0 0 1 0 0 0 0 0 0 0 0 0 0 
0 1 0 2 0 0 2 1 1 0 0 0 0 10 5 10 7 8 7 7 26 9 3 20 13 0 1 22 0 1 0 1 1 1 3 0 2 0 3 0 0 0 0 0 2 3 1 0 1 7 0 0 1 0 0 0 0 0 0 0 0 0 0 1 0 0 0 0 0 0 0 0 0 0 0 0 0 0 3 0 1 0 1 0 0 0 0 0 0 0 0 1 0 0 0 0 0 0 0 0 0 0 
16 17 19 3 11 11 7 15 20 35 19 30 46 100 69 105 94 50 73 43 91 82 54 101 94 10 26 7 14 0 3 3 29 7 7 2 19 28 60 26 27 2 10 21 20 17 22 5 13 98 8 6 14 3 1 3 1 3 0 1 0 1 0 0 2 0 0 0 0 0 0 0 0 0 6 2 0 1 30 1 0 3 1 4 1 0 8 34 2 0 0 11 0 2 0 0 0 0 1 0 0 5 
23 60 56 9 9 46 29 29 26 17 13 22 17 34 22 29 20 9 10 7 14 21 7 5 4 1 0 5 5 3 0 2 2 5 5 2 3 5 8 18 6 0 7 3 3 4 2 3 4 22 0 3 4 3 0 1 1 5 0 0 0 1 1 0 1 2 0 3 3 0 9 2 3 0 0 0 0 0 12 0 0 3 0 5 1 3 1 1 0 0 0 3 0 1 1 1 0 1 0 0 0 1 
1 2 1 0 4 6 3 2 8 2 1 10 17 5 6 16 29 26 8 6 13 8 2 20 10 1 0 4 8 13 73 116 230 54 115 106 349 138 227 114 68 6 55 68 72 72 55 23 25 197 3 5 13 6 6 1 6 3 0 6 1 8 2 16 13 28 5 1 7 7 2 5 3 0 5 2 2 1 18 2 1 5 0 2 3 14 8 53 7 0 0 46 9 11 11 5 0 3 6 3 1 27 
1 0 0 0 2 1 2 4 1 1 0 1 4 2 3 6 29 9 18 0 3 3 0 6 3 2 0 3 1 84 2 56 102 15 26 50 125 39 98 33 20 2 16 21 13 21 15 8 6 71 2 4 6 4 0 0 1 1 0 2 0 2 0 7 6 16 0 3 3 5 0 1 0 0 3 2 0 1 9 0 2 0 1 1 1 3 0 20 3 0 0 12 2 4 2 2 2 0 1 0 0 10 
1 3 10 0 0 2 0 4 6 1 1 6 5 4 5 14 33 12 10 0 0 3 1 10 0 0 0 4 8 110 60 10 78 25 61 76 186 106 209 70 63 7 48 49 43 66 55 16 27 120 3 2 8 2 2 2 5 6 0 5 4 1 2 4 17 23 8 1 3 0 0 6 4 0 3 1 0 1 23 2 1 1 3 2 1 8 5 23 13 0 0 31 5 10 6 2 1 2 4 1 1 14 
15 16 9 0 1 9 15 5 6 9 0 9 17 5 8 19 42 18 17 7 8 6 7 44 20 0 2 18 7 257 80 82 21 29 89 87 199 134 265 98 105 14 58 81 64 140 108 45 71 555 26 20 41 18 9 5 11 14 0 10 3 5 1 5 17 24 1 12 6 7 16 24 11 3 10 9 2 5 60 8 7 2 7 7 0 11 8 121 11 0 0 46 8 5 8 12 3 6 7 0 0 56 
2 2 2 0 0 1 0 1 5 6 0 0 5 0 1 9 8 6 5 1 0 0 0 8 0 0 0 3 5 57 28 29 35 7 13 17 67 39 110 36 26 5 27 36 23 31 20 10 11 108 7 3 9 9 2 1 6 10 0 4 2 10 0 1 3 12 5 4 2 4 16 10 11 9 7 3 0 4 22 2 0 3 0 3 0 1 1 20 2 0 0 29 6 3 7 5 0 0 3 1 0 8 
3 5 8 0 0 4 3 2 3 1 3 0 1 1 8 14 13 7 15 6 10 6 3 11 3 1 0 14 3 114 27 65 78 15 14 19 127 70 103 85 49 2 42 41 52 49 39 19 16 114 6 7 13 9 2 2 7 5 0 2 3 9 2 8 5 9 2 8 0 6 6 15 16 8 2 3 0 5 20 1 2 0 0 1 3 8 6 12 10 0 0 41 10 7 9 4 1 3 4 0 4 22 
2 6 2 0 3 3 1 0 2 0 1 1 1 1 0 9 9 18 9 17 5 2 1 13 4 0 0 10 7 121 49 59 84 19 41 10 109 35 91 69 41 4 18 24 31 48 24 16 8 131 2 3 5 7 1 2 3 8 0 2 0 3 4 2 5 5 4 5 1 1 7 5 9 7 1 0 0 1 8 1 1 0 0 0 0 10 2 19 2 0 0 22 4 5 4 8 1 3 4 0 0 24 
4 5 4 1 3 3 0 4 2 4 3 7 4 0 2 41 36 18 18 6 10 6 7 34 9 4 0 24 10 276 115 194 239 95 134 145 22 115 395 267 141 29 112 159 146 162 131 45 45 380 21 12 13 8 5 4 7 13 0 5 1 19 7 25 23 24 13 22 3 4 28 23 5 10 4 6 0 2 28 0 0 2 0 7 2 21 17 72 26 0 0 80 23 14 13 21 6 9 12 2 5 57 
6 7 6 4 0 8 7 6 7 16 4 7 9 3 9 3 17 10 11 5 5 3 7 18 12 0 2 16 20 97 40 106 111 51 40 33 97 16 128 130 93 11 91 108 81 92 86 22 29 210 3 5 7 1 1 0 2 7 0 0 0 10 2 7 8 8 1 4 0 5 1 7 6 6 0 2 0 0 7 2 1 0 0 4 0 12 5 30 17 0 0 65 14 9 11 12 4 4 3 0 1 36 
11 18 12 1 3 13 7 22 17 15 19 24 22 24 9 14 30 16 25 15 19 11 11 48 18 1 8 43 28 175 60 153 181 74 89 66 392 94 30 293 168 14 103 113 89 127 111 50 42 379 14 6 20 9 0 2 1 16 0 0 1 8 4 16 35 21 3 4 1 2 18 8 12 12 11 4 0 3 27 7 2 5 5 7 1 17 20 83 21 0 0 125 19 20 16 13 5 13 30 0 4 58 
13 14 10 2 2 8 11 14 10 12 4 10 20 11 9 17 32 23 19 5 8 5 2 17 8 1 1 19 27 105 31 52 137 42 95 57 280 133 359 13 31 14 58 106 73 160 68 27 36 284 5 1 15 4 4 2 5 6 0 0 0 15 2 8 9 17 3 7 2 7 4 11 3 11 5 2 0 4 20 4 4 5 2 9 8 4 6 12 11 0 0 57 12 9 3 6 0 3 9 0 1 36 
13 16 11 1 5 4 5 6 4 10 1 10 9 8 5 11 32 12 15 11 17 2 4 26 16 1 0 24 13 64 18 63 160 30 49 30 164 104 222 50 11 11 40 52 50 93 44 32 17 261 6 2 11 0 0 0 2 5 0 3 0 5 5 10 7 7 1 1 2 3 5 4 13 3 4 3 1 5 16 0 4 2 4 8 5 5 5 19 12 0 0 35 17 7 4 9 2 5 3 2 0 28 
2 1 1 1 0 2 2 1 0 0 0 0 6 2 0 5 1 1 4 1 0 0 0 3 2 0 0 5 0 5 2 4 7 5 7 2 20 13 32 12 14 3 15 34 17 15 10 3 2 43 2 0 0 0 0 0 0 1 0 0 1 1 0 0 1 0 1 1 2 0 0 0 0 0 1 2 0 0 1 1 1 0 1 1 1 9 2 3 8 0 0 14 6 3 4 3 0 0 1 1 0 2 
4 4 12 0 0 6 4 3 6 6 3 4 10 2 1 5 18 9 9 2 6 4 1 8 4 1 0 13 12 38 8 28 105 15 34 24 88 48 114 51 33 19 12 69 36 64 55 27 36 152 4 2 13 7 0 3 3 3 0 4 0 8 1 3 6 9 1 0 1 0 2 2 3 0 9 17 3 1 28 10 16 11 6 34 20 48 20 62 28 0 0 78 17 23 20 48 6 19 15 4 2 90 
12 12 5 0 1 8 7 11 4 10 3 9 18 10 1 7 23 16 18 0 14 5 5 12 10 0 1 18 15 62 23 50 117 28 58 24 150 86 170 139 97 37 103 24 127 177 113 70 78 386 16 9 16 14 2 3 2 10 0 3 2 10 2 4 6 18 1 4 0 3 7 5 7 2 18 15 1 10 46 13 10 13 18 97 34 118 57 115 76 0 0 195 45 55 38 57 11 49 43 3 4 156 
12 14 5 2 0 9 3 2 8 8 4 10 7 2 6 10 18 20 10 4 10 5 6 29 9 0 1 18 6 54 17 58 127 23 51 33 125 78 168 76 55 24 50 118 15 164 80 72 52 275 6 6 15 7 1 0 1 3 0 3 4 5 1 7 9 13 4 4 3 3 2 5 5 6 3 9 1 3 14 5 7 7 8 18 14 19 13 42 14 0 0 72 24 25 16 24 4 11 18 2 1 67 
10 10 7 5 2 7 8 6 7 5 5 10 16 20 8 20 16 20 30 6 15 6 4 33 5 2 1 25 14 62 16 43 178 38 53 37 202 83 185 112 95 10 78 240 137 30 173 134 109 513 12 11 17 5 3 2 4 10 0 2 5 12 1 9 10 17 3 5 4 2 5 14 15 3 10 7 0 5 28 11 13 19 14 51 17 58 28 94 28 0 0 156 26 28 26 20 5 17 22 4 3 120 
6 16 16 0 2 12 4 10 6 6 3 7 3 12 2 7 27 16 16 6 6 6 1 24 7 0 0 22 7 55 13 45 161 32 39 34 122 70 143 89 51 14 42 136 111 179 29 101 86 300 6 8 12 2 2 0 2 6 0 0 1 2 0 9 8 9 2 5 3 4 0 10 15 1 10 3 0 4 15 9 9 8 7 29 17 27 21 73 10 0 0 93 14 19 17 18 2 17 18 3 2 101 
9 4 3 0 1 5 1 1 6 6 3 14 7 10 2 1 9 7 3 4 1 1 0 17 4 0 1 12 11 22 2 16 73 6 14 15 70 34 66 28 43 5 32 69 59 182 83 7 50 333 3 7 5 0 0 3 0 1 0 0 0 0 0 2 1 4 0 5 4 3 1 2 5 0 3 3 0 2 13 3 5 2 1 18 2 12 6 41 13 0 0 57 8 15 7 8 1 8 6 2 1 43 
5 9 3 0 2 6 4 7 2 3 0 4 10 3 2 4 7 9 9 2 4 0 2 22 6 0 0 13 8 23 7 26 117 18 24 17 61 36 74 46 42 6 50 93 65 207 109 60 11 376 7 3 8 0 1 2 0 8 0 2 0 4 1 8 3 4 0 4 3 1 3 6 0 3 5 2 0 3 12 3 5 2 3 19 6 10 14 68 5 0 0 89 9 18 15 13 2 12 12 0 1 61 
40 43 33 1 10 20 27 18 30 46 14 31 45 36 14 36 61 59 47 24 27 8 13 128 32 2 1 89 34 212 44 131 883 78 144 119 394 246 544 314 239 33 186 384 244 549 291 218 233 47 32 13 72 16 5 8 13 18 0 4 6 16 3 20 31 38 8 17 9 9 14 13 19 18 33 16 4 19 99 22 38 40 30 122 20 83 46 424 48 0 0 340 32 53 75 46 18 53 51 7 6 343 
3 3 7 3 3 8 6 0 6 3 8 12 13 18 11 18 9 5 5 0 0 0 0 22 3 1 0 8 2 6 3 12 54 8 8 4 15 4 15 16 4 0 5 8 11 16 16 4 6 57 5 7 44 21 24 5 15 24 0 29 12 3 2 20 20 20 4 11 4 9 6 6 13 11 6 7 0 9 97 5 4 5 9 25 7 16 4 35 16 0 0 13 2 6 3 2 1 5 4 1 0 30 
0 4 3 1 1 4 1 8 0 5 3 3 3 12 5 2 4 4 2 0 0 1 0 7 0 0 0 6 1 2 2 2 31 7 4 3 12 1 8 4 9 1 7 8 8 10 7 6 1 16 4 2 26 18 6 0 9 18 0 14 2 1 0 7 13 24 2 7 1 1 3 5 3 8 1 3 0 1 70 3 5 1 1 12 0 7 3 11 6 0 0 9 3 1 0 3 0 1 3 1 0 12 
4 9 6 1 1 8 8 2 5 7 7 4 7 18 10 15 11 7 7 1 1 2 0 19 9 0 1 10 13 13 5 14 84 7 22 5 24 11 43 7 5 1 8 17 8 20 23 5 5 71 25 16 6 14 10 10 11 42 0 26 10 9 3 15 13 27 10 20 4 20 8 9 11 9 3 7 1 3 103 2 10 8 12 35 11 12 8 72 8 0 0 13 2 3 4 4 0 2 6 0 1 18 
3 4 3 0 1 1 2 4 5 6 3 4 1 11 8 10 12 6 3 2 1 0 2 8 2 2 0 2 5 2 1 4 24 11 8 3 7 3 12 6 2 1 2 10 2 4 8 2 2 9 14 21 29 2 5 8 7 23 0 20 6 1 1 18 24 15 5 7 1 4 2 2 5 5 3 5 4 9 67 4 7 0 1 16 3 2 2 13 4 0 0 9 2 3 4 5 0 4 1 1 0 12 
1 4 2 0 2 2 2 1 0 1 0 2 4 3 1 8 2 0 1 3 0 0 1 0 2 0 0 1 3 2 4 1 11 1 4 3 3 1 4 5 0 7 1 5 0 1 2 0 1 12 14 14 17 8 3 1 6 8 0 12 2 3 1 10 3 13 2 9 0 1 1 4 6 4 1 2 0 3 58 3 4 1 1 11 5 5 1 7 3 0 0 3 0 0 2 0 0 0 4 0 0 5 
0 0 4 0 1 1 0 3 1 1 2 3 3 3 4 3 5 1 0 0 1 2 0 1 0 0 0 3 3 0 1 1 9 1 2 0 1 0 3 0 0 0 1 1 5 0 1 0 1 6 4 9 5 4 2 2 7 8 0 17 6 2 3 4 4 6 1 7 2 3 1 1 1 5 1 1 0 5 31 2 2 0 0 7 1 4 2 5 2 0 0 5 0 4 1 0 0 0 0 0 0 1 
1 3 5 0 2 0 2 1 4 1 1 2 6 15 2 5 6 6 7 4 2 1 0 4 3 0 1 5 7 3 5 3 9 6 4 0 10 1 8 5 2 0 8 7 1 5 5 2 2 14 13 8 20 11 11 10 3 15 0 19 7 5 0 5 9 18 3 14 1 8 4 8 4 7 2 5 1 2 57 4 0 1 4 23 8 10 3 13 3 0 0 10 0 5 2 0 0 2 1 0 0 3 
0 5 8 0 0 4 2 5 5 6 0 5 5 8 7 12 6 2 3 3 0 3 0 9 3 0 0 9 13 6 2 5 14 3 5 6 13 2 12 6 3 0 6 12 3 15 4 3 3 22 16 12 31 17 5 11 10 5 0 19 10 3 4 6 8 14 4 6 1 4 6 8 7 4 6 6 0 11 95 20 3 7 6 24 9 13 3 9 6 0 0 18 5 5 11 5 0 1 5 1 0 10 
0 0 0 0 0 0 0 0 0 0 0 0 0 0 0 0 0 0 0 0 0 0 0 0 0 0 0 0 1 0 0 0 1 0 0 0 0 0 0 0 0 0 0 0 0 0 0 0 0 0 0 0 0 0 0 0 0 0 0 0 0 0 0 0 0 0 0 0 0 0 0 0 0 0 0 0 0 0 0 0 0 0 0 0 0 0 0 0 0 0 0 0 0 0 0 0 0 0 0 0 0 0 
8 14 3 1 0 6 4 7 2 2 3 10 17 15 12 28 13 10 11 2 3 0 2 19 9 0 0 11 15 13 3 10 11 5 0 1 1 5 6 5 4 0 5 5 4 7 2 4 2 24 18 11 21 21 5 6 7 24 0 1 5 10 4 9 8 25 12 5 6 7 8 14 11 16 11 5 1 4 45 2 5 1 0 8 2 7 2 17 5 0 0 8 3 2 2 3 0 2 4 0 0 11 
2 1 1 0 0 1 0 3 0 0 0 0 4 1 0 0 1 3 2 0 0 1 0 2 2 3 0 0 0 2 0 3 3 4 3 0 2 1 6 6 1 1 2 1 5 2 3 0 3 7 6 7 15 10 4 7 5 8 0 1 2 1 3 5 7 13 3 9 0 9 2 5 5 7 1 3 0 2 13 1 3 2 1 4 1 1 2 17 1 0 0 1 1 0 0 1 0 0 1 0 0 5 
4 1 0 2 0 2 1 1 0 0 3 2 3 3 3 3 4 2 1 1 0 3 0 3 1 0 0 3 0 6 6 3 4 7 8 6 22 9 12 7 4 0 4 5 6 7 6 2 2 15 2 1 6 8 2 0 4 9 0 2 2 3 1 1 8 9 3 5 3 11 4 6 5 9 0 1 0 2 18 1 4 2 1 3 1 2 0 8 2 0 0 7 1 5 1 0 0 1 1 0 0 1 
0 0 1 0 0 0 2 1 0 2 0 0 1 1 1 2 1 0 3 0 0 0 0 0 0 0 0 0 1 2 4 0 6 0 0 0 8 0 5 1 3 0 1 1 0 0 0 1 1 4 3 1 3 3 1 0 2 3 0 3 1 1 1 3 8 7 1 6 0 3 3 1 1 3 4 1 0 0 7 1 2 0 0 2 1 0 0 3 0 0 0 3 0 0 0 0 0 0 0 0 0 1 
1 3 2 0 0 1 2 4 3 0 0 2 0 0 0 0 0 3 1 0 0 2 0 0 1 0 0 1 3 8 12 2 9 0 6 5 23 7 22 16 10 0 2 4 15 8 6 3 2 15 15 12 14 17 7 4 12 10 0 12 6 19 1 1 10 15 5 9 4 10 9 12 8 7 9 3 2 5 27 3 3 2 0 2 3 0 4 3 1 0 0 10 1 1 2 2 1 0 1 0 0 2 
5 1 6 0 0 1 0 8 1 3 0 3 0 1 0 3 1 0 0 0 0 0 0 2 1 0 0 2 0 19 7 7 7 3 11 3 20 10 40 10 13 2 9 11 6 12 9 0 3 26 10 6 22 14 5 4 3 10 0 10 8 11 14 5 2 20 17 15 11 22 21 31 22 12 8 5 2 6 36 3 3 1 1 1 1 6 3 11 2 0 0 13 1 2 0 0 0 0 0 0 0 2 
4 9 2 1 2 7 1 7 6 5 3 2 4 2 0 1 1 2 0 0 0 1 0 1 0 0 0 1 17 34 21 15 26 11 9 13 32 5 47 15 12 0 12 16 13 9 13 11 2 39 22 13 19 17 7 6 18 8 0 24 16 5 10 21 32 14 11 37 23 43 40 49 42 53 10 6 2 3 60 4 8 6 6 7 2 4 2 16 1 0 0 8 1 0 0 5 0 1 1 0 0 5 
3 2 2 0 1 1 6 3 6 3 0 3 0 1 0 0 1 0 0 0 0 0 0 0 0 0 0 0 0 6 4 12 12 4 3 0 12 5 16 3 1 2 5 3 2 2 7 0 0 12 2 4 5 2 1 0 5 3 0 9 1 7 6 11 16 13 1 5 4 8 15 33 14 2 5 0 0 2 18 5 6 1 0 6 0 0 0 0 0 0 0 2 0 0 0 0 0 0 0 0 0 0 
5 3 3 0 0 6 2 0 1 5 0 0 2 4 0 1 0 0 0 0 0 0 0 0 0 0 0 0 18 11 5 3 14 11 8 4 13 4 18 2 5 1 5 2 6 3 7 1 6 18 10 5 19 9 1 7 9 13 0 5 8 11 2 14 9 27 5 2 5 6 14 30 18 9 2 1 2 3 28 3 1 5 0 7 1 2 0 2 0 0 0 1 1 0 0 0 0 0 0 0 0 2 
0 2 0 0 0 1 0 2 0 0 1 1 0 1 2 0 0 0 0 0 0 0 0 0 0 0 0 0 3 1 3 3 7 4 5 1 6 2 11 1 3 0 1 5 3 1 5 0 2 9 4 0 11 2 0 0 1 2 0 5 3 6 3 4 15 30 13 3 0 4 15 20 10 6 1 0 0 1 6 1 2 1 2 2 2 4 1 4 2 0 0 1 0 0 0 0 0 0 0 0 0 2 
2 3 1 0 0 2 5 0 0 3 1 0 1 1 2 0 0 0 0 0 0 0 0 0 0 0 0 0 3 8 4 1 5 4 4 1 8 3 8 4 3 2 1 4 4 3 3 0 3 6 4 4 12 11 1 3 4 2 0 13 12 5 6 9 24 23 15 10 6 4 14 33 14 29 3 0 0 1 15 1 7 1 1 4 0 0 0 4 0 0 0 0 0 0 0 0 0 0 0 0 0 0 
0 2 4 1 1 0 2 1 0 0 0 5 0 0 1 1 1 0 0 1 0 0 0 0 0 0 0 0 7 3 7 3 11 11 5 2 18 5 42 6 8 1 3 9 6 6 4 1 2 24 5 0 3 2 7 3 3 10 0 10 6 6 5 10 22 30 18 25 11 11 8 39 14 12 1 3 0 3 27 0 1 2 1 6 1 4 0 9 0 0 0 3 0 0 3 0 0 1 0 0 0 2 
0 4 1 0 0 0 4 0 1 0 1 3 1 1 1 3 0 0 0 1 0 0 1 1 2 0 0 1 2 6 2 2 15 9 22 7 17 6 23 6 4 1 3 10 4 7 3 3 1 14 3 7 6 4 1 0 0 6 0 5 7 7 3 10 36 35 22 21 6 26 29 2 31 17 6 3 0 3 16 1 2 1 2 3 2 4 2 7 1 0 0 2 0 0 0 0 1 0 0 0 0 5 
2 3 1 3 0 2 0 0 3 0 1 3 0 2 0 0 2 0 0 0 0 0 0 1 0 0 0 0 1 3 1 3 5 4 3 2 11 12 13 8 7 1 4 4 2 9 4 4 2 14 11 6 17 5 1 0 4 7 0 9 5 8 2 8 23 41 12 21 6 22 17 47 3 13 2 1 4 3 25 1 7 2 2 2 5 1 2 12 5 0 0 3 0 0 0 5 0 3 0 3 0 0 
4 5 3 1 4 4 6 1 3 5 4 2 1 0 0 2 3 0 0 0 0 0 0 1 3 0 0 0 4 0 0 1 10 4 5 4 15 11 12 6 6 0 2 5 0 7 0 0 1 23 7 7 18 5 2 1 5 3 0 18 7 5 4 8 20 38 14 22 2 49 17 33 18 4 4 5 2 3 34 4 3 2 6 4 3 3 0 22 0 0 0 4 0 0 0 3 0 1 1 0 0 1 
1 2 3 0 0 0 1 4 4 1 0 1 8 13 2 5 12 9 1 0 0 0 2 8 2 0 0 6 0 2 1 2 21 6 9 2 13 1 14 4 11 0 19 16 8 24 11 2 5 51 5 4 8 6 0 4 2 10 0 12 1 1 0 3 6 12 2 5 3 2 3 3 3 1 2 6 1 13 172 16 24 11 10 57 9 24 12 53 6 0 0 14 3 5 5 5 0 6 6 0 0 28 
2 3 0 0 0 1 1 1 1 0 2 1 1 7 2 10 10 0 1 0 1 0 0 11 3 0 1 4 4 4 2 3 19 4 6 2 2 0 7 6 5 0 8 14 8 13 15 2 6 44 9 3 10 3 5 0 5 10 0 7 1 0 0 0 7 14 2 4 4 3 2 1 3 3 6 6 3 10 147 17 16 9 14 68 15 23 7 33 6 0 0 7 8 8 5 4 2 3 7 2 1 8 
0 1 1 0 0 1 3 0 1 0 0 0 4 1 1 1 3 1 0 0 0 0 0 0 1 0 0 0 0 8 0 1 5 0 1 0 2 0 1 2 0 0 6 1 4 4 1 0 0 4 0 0 2 6 0 1 0 4 0 5 2 1 1 2 4 2 0 2 0 3 0 5 2 0 2 5 1 3 55 11 3 4 5 17 0 9 1 8 0 0 0 7 0 0 0 0 2 0 0 0 0 1 
0 6 0 0 0 2 3 3 0 1 1 2 1 5 1 4 2 3 0 0 0 0 0 5 2 0 0 1 0 9 1 0 3 5 0 0 4 1 2 7 5 4 6 16 4 16 9 5 6 23 7 5 19 6 2 1 6 13 0 5 2 2 1 7 6 4 2 5 2 0 4 1 4 5 10 7 7 5 96 17 8 7 12 85 15 12 5 29 8 0 0 27 1 6 9 1 0 2 5 0 0 12 
3 15 10 6 10 7 6 7 7 18 2 1 15 30 7 33 15 13 4 4 5 0 1 13 9 1 2 12 16 19 8 23 41 16 20 3 20 12 56 11 8 3 24 44 27 21 26 6 8 76 64 64 92 67 35 30 50 80 0 43 8 14 9 24 31 50 13 20 8 12 10 17 26 24 129 81 29 56 21 76 51 29 36 158 24 36 15 102 22 0 0 57 10 33 14 8 2 19 14 1 0 49 
2 3 2 3 2 0 3 0 2 2 0 0 0 8 2 5 3 5 2 0 0 1 1 1 0 1 0 3 3 3 2 1 12 3 3 2 1 0 8 4 1 1 12 19 4 25 11 6 7 26 3 3 11 7 1 2 3 10 0 4 0 2 3 4 5 13 4 1 0 2 2 0 3 3 12 22 8 14 90 5 18 12 13 96 36 17 6 37 11 0 0 23 5 5 5 3 3 6 5 2 0 16 
1 3 2 0 1 2 1 0 0 1 0 0 2 2 0 0 3 1 0 0 4 0 1 3 1 0 0 3 4 9 0 1 11 3 3 0 0 1 4 4 7 1 25 19 7 10 7 4 6 34 6 3 6 2 2 1 1 6 0 4 1 4 2 3 9 9 2 3 1 1 1 6 2 2 15 16 9 9 93 9 5 7 15 85 26 16 11 26 9 0 0 33 10 17 3 3 1 2 3 1 0 17 
0 4 1 0 3 0 1 1 3 1 0 1 0 1 1 1 0 1 1 0 1 0 0 5 3 0 0 2 1 2 1 7 10 0 1 0 1 2 7 2 1 0 16 20 6 10 10 2 6 51 3 3 2 1 0 0 0 1 0 3 2 0 0 2 3 5 2 0 0 2 4 1 2 3 15 6 3 3 41 4 12 2 9 29 12 17 8 30 12 0 0 12 6 7 5 8 0 6 9 0 0 30 
2 2 3 0 0 0 0 2 1 1 0 0 0 0 0 0 1 0 0 0 0 0 0 3 1 0 0 0 3 1 0 1 1 5 0 0 1 3 6 4 2 3 4 21 9 15 11 3 5 32 8 2 7 4 2 1 1 9 0 3 0 3 1 5 6 3 2 2 2 4 1 2 3 5 17 23 1 9 34 8 18 1 1 111 20 17 7 27 6 0 0 23 5 13 4 3 0 6 5 4 0 25 
1 10 2 0 2 1 1 2 1 2 0 1 0 0 0 5 0 0 1 0 2 0 0 3 1 1 0 3 3 6 2 3 12 3 2 4 5 5 16 10 18 7 46 88 18 42 37 11 13 129 22 10 39 14 7 4 20 40 0 14 8 6 1 1 7 6 2 2 7 4 7 12 5 5 71 54 10 44 212 73 71 24 124 20 136 86 25 107 29 0 0 97 17 27 28 18 8 18 25 8 1 65 
0 1 1 0 1 0 0 2 0 0 0 0 0 1 2 1 0 0 0 0 0 0 1 0 0 0 0 3 2 4 0 4 3 0 3 0 6 1 9 7 1 0 21 45 13 20 6 4 8 48 4 6 6 8 2 2 7 9 0 3 0 2 2 0 1 3 2 5 0 1 3 1 0 3 7 9 2 13 53 20 39 14 19 124 4 42 14 36 17 0 0 40 7 12 10 7 4 10 5 1 5 18 
1 8 2 0 1 2 4 5 2 4 1 2 1 1 1 2 4 3 1 4 1 1 2 8 3 0 1 2 2 19 1 9 32 10 12 4 21 15 36 4 20 6 64 99 19 50 36 13 15 98 9 6 16 11 3 2 8 9 0 5 1 2 1 5 2 9 6 3 2 4 1 5 3 5 22 10 1 7 42 6 24 17 19 66 45 6 22 43 34 0 0 89 21 32 18 16 5 14 15 7 3 67 
2 3 0 0 4 3 1 1 1 2 0 1 0 1 0 6 1 1 4 0 2 1 0 6 0 0 0 2 6 9 1 2 26 8 6 2 27 9 27 6 7 4 29 57 10 33 18 4 8 60 6 5 9 1 1 1 2 4 0 5 3 2 0 0 1 2 5 1 0 3 2 2 10 2 16 11 2 8 35 12 12 10 12 41 30 20 7 22 19 0 0 71 19 14 15 14 0 13 4 2 2 47 
11 18 12 0 12 7 15 5 3 10 4 14 6 7 5 14 30 16 8 7 6 5 5 52 17 2 1 32 14 71 26 55 273 33 46 33 158 97 212 38 41 10 137 221 87 223 118 101 130 955 36 19 54 15 9 6 17 20 0 14 9 5 2 8 9 24 2 4 8 1 7 5 12 16 49 26 8 25 123 48 47 49 58 132 42 115 43 20 36 0 0 253 39 65 60 68 17 56 44 9 7 501 
7 4 5 0 0 0 1 3 1 3 0 0 2 0 2 3 8 5 5 2 2 0 1 5 2 0 0 10 2 4 7 10 34 5 9 3 42 18 40 18 13 2 52 80 13 28 17 10 11 65 7 1 6 8 2 2 4 3 0 1 2 3 0 0 0 1 1 0 0 1 0 2 0 5 8 4 0 9 30 5 6 3 11 41 10 38 22 30 3 0 0 62 17 15 16 16 7 11 10 1 2 71 
0 0 0 0 0 0 0 0 0 0 0 0 0 0 0 0 0 0 0 0 0 0 0 0 0 0 0 0 0 0 0 0 0 0 0 0 0 0 0 0 0 0 0 0 0 0 0 0 0 0 0 0 0 0 0 0 0 0 0 0 0 0 0 0 0 0 0 0 0 0 0 0 0 0 0 0 0 0 0 0 0 0 0 0 0 0 0 0 0 0 0 0 0 0 1 0 0 0 0 0 0 0 
0 0 0 0 0 0 0 0 0 0 0 0 0 0 0 0 0 0 0 0 0 0 0 0 0 0 0 0 0 0 0 0 0 0 0 0 0 0 0 0 0 0 0 0 0 0 0 0 0 0 0 0 0 0 0 0 0 0 0 0 0 0 0 0 0 0 0 0 0 0 0 0 0 0 0 0 0 0 0 0 0 0 0 0 0 0 0 0 0 0 0 0 0 0 0 0 0 0 0 0 0 0 
2 4 7 2 1 5 2 4 5 4 1 6 6 11 4 7 8 7 1 2 4 0 1 6 2 0 0 9 5 29 10 16 67 17 39 14 75 59 99 42 30 9 79 131 45 106 54 35 35 183 7 5 15 12 3 2 9 12 0 9 2 13 1 7 6 4 1 0 1 1 3 5 2 0 3 3 0 8 30 11 26 15 22 51 30 43 46 93 33 0 0 12 51 46 32 69 9 36 22 8 4 113 
2 0 2 0 2 2 3 2 0 2 3 1 1 0 4 1 2 0 1 0 0 1 0 0 0 0 0 1 0 8 1 5 13 3 12 3 11 11 18 9 11 2 17 41 14 25 11 8 9 24 3 1 0 1 0 0 1 4 0 5 1 3 0 1 4 1 0 1 0 0 1 1 1 0 1 1 0 2 8 6 5 3 5 24 9 19 11 15 12 0 0 48 2 6 7 5 2 7 3 3 2 33 
4 3 0 0 0 0 0 1 1 1 1 4 1 0 2 1 0 1 0 1 2 0 0 4 0 0 0 1 8 8 3 1 15 1 9 4 22 3 31 5 10 5 26 47 17 12 28 18 15 88 2 2 10 5 1 1 3 2 0 1 0 3 1 1 3 2 0 0 0 0 0 2 1 0 3 9 1 0 26 9 9 8 4 32 13 25 21 42 18 0 0 86 13 5 4 20 6 14 2 2 3 68 
0 2 0 0 1 2 0 0 1 3 0 0 1 1 1 2 0 0 0 0 0 0 0 0 0 0 0 0 0 4 1 5 20 9 4 3 22 8 22 3 5 0 17 32 9 18 9 9 7 62 2 11 8 3 0 1 1 4 0 2 0 1 0 0 0 0 0 0 0 0 0 1 2 0 5 6 1 3 13 1 10 3 5 17 10 15 7 25 10 0 0 28 8 5 9 10 2 6 0 0 2 36 
0 0 1 0 1 0 0 2 0 0 1 0 0 2 0 0 0 0 0 0 0 0 1 2 0 0 0 1 5 6 1 5 21 0 3 10 32 7 34 16 9 3 31 79 19 42 26 11 6 66 2 0 3 5 0 0 0 4 0 4 0 3 0 0 0 1 0 0 0 1 0 0 1 0 3 3 1 4 9 4 1 4 4 28 7 23 21 66 17 0 0 126 13 12 8 8 2 22 5 6 2 53 
0 0 0 0 0 0 0 0 0 1 0 0 0 0 0 0 2 0 0 0 0 0 0 1 0 0 0 0 0 0 1 0 3 0 0 0 5 3 8 0 0 0 3 14 5 12 3 0 0 11 1 0 0 1 0 0 0 1 0 0 2 0 0 0 0 0 0 0 0 0 0 0 0 0 3 2 0 0 4 0 4 1 0 6 2 7 2 7 5 0 0 14 1 0 2 0 0 1 1 0 0 6 
3 2 0 0 0 0 0 0 0 1 0 0 0 1 3 1 1 1 0 0 0 0 0 0 0 0 0 0 1 11 0 2 11 3 2 9 8 8 21 6 5 5 19 45 11 37 19 4 13 63 3 0 2 5 1 1 2 5 0 1 0 3 0 0 0 2 0 0 0 0 1 0 1 2 7 4 0 1 8 5 8 3 4 10 15 19 10 23 6 0 0 63 16 7 11 12 0 6 4 0 1 52 
2 0 2 2 0 0 1 1 0 2 0 0 1 0 0 0 2 1 0 0 0 0 0 1 0 2 0 0 1 8 0 10 6 0 2 0 14 6 20 9 6 2 24 47 11 55 30 10 5 63 1 0 4 3 0 3 3 2 0 3 1 2 0 0 1 0 0 0 0 0 0 0 1 0 5 5 1 0 11 9 6 10 1 18 5 16 7 39 12 0 0 81 18 12 4 6 0 4 1 2 2 47 
1 0 0 0 0 0 0 0 0 0 0 1 1 0 0 0 1 0 0 1 0 0 0 0 0 0 0 0 0 3 0 0 1 2 1 4 8 0 4 1 1 0 11 7 2 14 3 0 2 14 1 0 0 0 0 0 2 0 0 0 0 0 0 0 0 0 0 0 0 0 0 0 0 0 1 0 0 1 1 2 1 0 1 3 0 0 2 6 0 0 0 10 7 1 0 4 0 0 1 1 0 2 
0 1 0 0 0 0 0 0 0 0 0 0 0 0 0 0 0 0 0 0 0 0 0 0 0 0 0 1 0 0 0 3 5 0 1 2 0 1 3 1 0 0 2 7 4 3 7 5 3 12 1 0 1 0 0 0 1 0 0 0 0 0 0 0 0 0 0 0 0 0 0 0 0 0 0 1 0 0 1 0 4 1 1 4 0 2 2 10 3 0 0 11 1 3 3 2 0 2 3 0 1 0 
5 15 8 0 5 3 6 6 5 2 2 4 8 11 3 4 7 2 2 2 0 0 1 8 4 0 1 9 3 27 14 21 80 17 16 18 61 50 63 30 32 8 112 113 60 133 96 46 50 272 20 15 25 8 3 1 6 18 0 11 0 1 2 2 4 2 6 4 0 0 2 0 1 6 30 10 1 12 54 12 20 32 30 61 22 70 37 298 69 0 0 157 37 50 78 99 4 55 24 13 6 11 
