2 8 12 3 12 24 24 23 29 20 13 24 36 40 30 72 24 22 22 16 15 17 8 20 14 0 0 24 42 1 3 1 17 4 3 2 1 9 15 16 19 0 7 8 2 8 7 9 9 52 13 0 4 2 4 1 4 3 0 1 3 2 0 4 5 9 3 2 0 2 1 0 2 2 2 5 0 3 19 1 2 1 1 2 2 6 0 21 6 0 0 5 1 0 3 0 0 2 2 1 1 10 
6 9 11 5 10 42 29 27 34 22 18 37 43 46 29 62 32 33 35 10 15 9 12 25 18 2 0 27 76 5 2 3 17 3 2 1 6 12 18 32 13 0 5 10 16 8 16 2 1 65 7 2 11 2 1 0 2 6 0 3 1 3 2 3 5 10 5 3 1 3 0 0 4 0 1 2 0 3 14 0 2 2 3 3 5 12 1 28 4 0 0 9 2 1 0 2 0 3 1 0 0 5 
21 21 4 8 5 18 21 21 34 32 9 27 57 60 37 51 33 14 21 5 14 18 8 27 4 5 1 18 85 6 4 2 11 1 4 1 2 5 15 14 16 2 14 7 12 9 9 5 6 32 5 6 12 4 2 1 2 3 0 1 2 2 4 4 8 7 1 1 1 1 4 2 1 3 3 6 1 2 18 2 2 0 1 2 3 2 2 13 5 0 0 1 0 1 1 0 0 1 2 0 0 3 
11 12 17 1 2 8 5 2 15 3 2 5 7 10 6 6 10 4 3 1 2 1 0 2 2 0 0 1 17 1 0 1 1 2 0 0 2 0 2 2 4 0 0 0 1 1 0 2 1 10 0 0 0 0 1 0 0 0 0 0 1 0 0 1 0 3 0 1 1 0 2 0 0 2 0 0 0 0 2 0 0 0 0 0 0 1 0 5 0 0 0 1 0 0 0 0 0 1 0 0 0 1 
2 9 14 3 4 6 8 7 6 6 5 10 18 9 12 15 15 6 11 4 4 6 2 14 8 0 0 10 16 2 0 0 4 0 3 0 3 1 6 2 8 0 2 0 1 4 2 1 3 18 3 0 0 1 1 0 2 3 0 0 1 0 0 0 1 1 0 0 0 1 1 0 0 1 0 0 0 1 1 0 1 1 0 0 1 0 1 12 0 0 0 2 0 2 0 1 0 1 0 0 0 3 
25 37 25 13 5 12 13 17 16 14 15 30 60 58 40 38 39 17 27 10 17 13 8 27 14 2 1 10 59 2 2 0 9 2 6 2 2 5 13 26 4 0 4 10 7 12 6 4 6 32 4 2 9 5 4 0 1 4 0 0 1 4 0 2 1 7 7 1 0 5 2 1 1 1 4 0 2 1 8 2 0 2 2 8 1 1 1 9 1 0 0 3 1 0 1 2 0 1 0 0 0 2 
29 31 22 8 5 12 5 20 43 19 11 36 61 64 40 28 24 14 19 6 6 3 2 12 3 0 1 11 44 1 0 3 12 1 3 1 0 3 17 13 9 0 4 3 4 5 5 2 0 15 2 2 4 2 4 2 1 4 0 2 0 1 1 2 1 21 2 0 3 3 3 2 0 2 0 0 0 3 6 1 3 0 3 0 0 2 5 15 0 0 0 3 2 0 1 0 0 0 0 0 0 2 
11 32 23 6 4 10 23 2 19 22 11 32 49 59 53 48 31 22 13 7 10 13 2 18 8 1 1 12 34 5 0 4 7 2 2 1 1 5 13 15 5 1 5 7 4 5 6 3 8 37 2 2 4 3 3 4 0 5 0 0 2 1 3 1 3 8 4 2 0 3 1 0 3 2 4 1 0 2 10 1 1 1 1 2 1 3 1 7 1 0 0 6 0 0 0 1 0 1 0 0 0 5 
20 46 32 7 14 26 45 24 10 8 12 37 77 56 22 58 38 26 21 7 12 14 6 29 10 0 1 11 57 5 2 5 2 3 5 1 2 0 30 10 6 1 2 6 7 9 6 4 3 27 2 2 3 4 1 2 2 5 0 0 0 2 0 2 8 5 1 3 0 3 0 5 5 2 3 1 0 5 8 1 0 1 2 2 2 4 2 9 2 0 0 8 3 0 0 3 1 1 1 0 0 1 
13 15 21 5 3 12 22 15 9 7 5 20 52 47 20 39 26 25 9 4 7 11 8 21 8 1 3 14 16 1 0 1 2 4 0 1 1 6 8 7 9 0 5 1 1 5 6 3 3 20 5 6 11 11 3 0 2 7 0 0 1 1 1 1 1 6 0 1 0 4 0 4 0 1 5 1 1 2 22 0 0 2 3 1 0 2 0 6 0 0 0 2 0 0 0 2 1 0 0 0 0 0 
14 14 3 3 4 12 14 11 11 6 2 3 14 30 18 29 12 21 20 8 6 7 5 16 3 1 1 17 5 5 1 3 9 1 3 2 3 4 16 13 0 1 4 3 5 5 5 2 6 27 5 0 0 2 0 1 0 3 0 0 0 2 1 1 1 2 0 2 1 0 1 0 1 0 0 1 0 1 5 0 0 0 0 0 0 1 0 6 2 0 0 5 1 2 0 2 0 1 0 0 0 0 
37 62 15 4 19 43 19 33 37 18 15 5 25 57 28 48 32 31 30 16 9 17 9 46 8 1 0 38 47 5 5 3 9 0 4 3 0 5 24 17 4 1 7 4 6 7 5 7 4 29 4 5 5 5 4 1 3 3 0 5 0 3 1 1 2 3 0 0 1 2 3 5 2 4 3 1 0 0 12 1 0 1 0 1 1 2 0 6 2 0 0 10 4 1 1 1 1 2 0 0 0 2 
37 54 48 3 12 57 109 80 98 88 41 55 6 82 59 68 47 62 54 13 24 24 17 40 26 0 7 61 32 11 4 5 20 1 4 0 9 12 34 17 6 3 3 15 3 7 10 3 6 34 7 4 5 3 1 3 9 9 0 13 4 1 3 0 1 5 0 1 0 0 1 2 2 2 3 3 0 2 16 0 1 0 1 0 0 2 1 3 4 0 0 4 0 2 4 2 0 0 2 0 0 3 
67 123 97 13 22 67 106 68 109 82 34 47 82 11 12 59 94 83 76 53 78 69 40 104 63 5 11 137 67 11 4 3 14 0 0 2 2 6 15 17 16 0 6 10 8 16 8 5 6 30 9 16 18 17 1 3 9 14 0 10 4 2 1 2 6 1 1 0 0 1 0 2 3 4 13 4 0 5 31 2 1 1 0 0 1 0 1 8 3 0 0 6 5 3 2 3 0 4 1 0 0 7 
58 83 66 4 16 39 56 45 49 59 20 28 46 17 10 51 45 33 32 21 34 28 33 77 37 9 7 104 31 15 3 6 8 1 6 4 1 2 15 13 7 0 7 7 4 6 8 3 4 31 8 4 6 6 4 2 1 5 0 4 2 2 0 0 0 1 0 1 0 0 0 1 1 0 4 3 2 2 17 0 1 0 0 1 0 4 2 3 2 0 0 5 3 0 1 3 0 0 0 0 0 5 
61 68 42 13 10 38 71 51 72 52 31 42 68 53 20 16 71 74 53 40 91 50 46 167 53 11 12 122 41 34 13 21 41 11 10 9 39 2 24 36 18 2 10 13 20 13 18 10 6 52 5 4 22 7 3 1 10 16 0 5 2 1 1 0 2 2 1 2 0 1 2 7 3 2 4 5 0 7 46 0 0 1 0 0 1 6 1 10 3 0 0 9 1 1 0 5 1 1 3 0 0 13 
18 44 37 5 9 38 36 26 62 31 17 48 63 82 37 73 12 46 38 38 40 39 37 111 31 6 7 70 27 42 26 27 45 11 21 13 24 18 49 27 22 2 23 19 14 40 24 17 14 44 5 9 11 8 1 2 6 6 0 2 2 4 1 3 0 0 0 1 0 1 0 0 1 0 6 6 0 5 25 2 1 0 2 1 2 4 3 21 2 0 0 20 1 1 0 0 0 1 1 1 0 9 
14 19 18 7 7 16 19 18 22 27 11 24 32 67 24 69 37 9 32 10 44 21 22 54 17 4 5 49 21 26 15 19 34 4 13 8 19 12 54 20 21 3 10 13 13 9 12 6 6 46 4 1 7 7 2 2 5 11 0 3 0 3 5 2 1 1 0 0 0 1 1 0 3 0 2 1 0 3 18 1 0 0 1 0 1 2 4 19 2 0 0 11 1 2 0 1 0 0 1 0 0 1 
19 26 18 5 4 14 25 21 22 14 9 23 51 78 43 66 76 49 15 14 64 22 21 73 26 6 2 47 21 15 8 9 26 7 9 11 8 6 39 16 7 1 7 9 16 13 11 2 3 35 2 1 2 4 3 0 3 6 0 1 1 1 3 0 0 1 0 0 0 0 0 0 0 0 2 1 1 1 8 0 1 0 0 1 0 2 0 10 2 0 0 4 1 0 0 0 0 0 1 0 0 4 
9 11 13 1 1 2 11 12 7 11 3 8 19 25 15 54 33 13 31 3 11 8 6 32 21 10 20 67 6 6 4 6 11 1 6 3 3 3 24 18 10 1 3 3 6 8 4 3 1 20 4 1 6 4 1 0 3 5 0 2 0 0 0 0 1 0 0 0 0 0 0 0 0 0 1 3 0 2 8 1 0 0 0 1 0 1 0 3 1 0 0 0 0 0 0 0 0 0 0 0 0 1 
9 7 3 1 1 4 13 4 6 19 11 10 23 53 28 74 43 37 54 2 5 6 37 42 22 4 29 68 11 3 1 0 6 2 3 4 15 5 35 16 12 1 3 7 6 7 4 3 2 19 4 2 7 0 0 1 0 0 0 1 0 0 0 0 0 0 0 0 0 0 0 0 0 0 0 0 0 0 8 2 1 0 0 0 0 0 0 8 1 0 0 3 0 0 0 1 0 0 0 0 0 1 
17 10 10 0 0 6 9 4 10 6 5 16 21 31 19 63 26 19 19 5 12 2 17 32 7 11 12 44 10 3 4 2 8 1 11 3 7 6 36 2 5 0 4 4 4 6 7 2 4 11 4 1 0 0 0 1 2 2 0 0 0 0 0 0 0 0 0 0 0 1 0 0 0 0 1 1 0 1 7 0 0 0 0 0 1 4 0 1 1 0 0 1 0 0 1 0 0 0 0 0 0 0 
6 8 0 2 0 3 7 2 3 5 9 13 18 22 7 44 39 38 37 7 21 9 6 14 13 10 10 57 4 3 0 0 2 1 3 5 5 2 15 4 8 1 2 4 3 4 4 3 2 24 1 0 3 1 0 0 1 3 0 2 0 0 0 0 0 0 0 0 0 0 0 0 0 1 2 0 0 0 7 0 0 0 0 0 0 0 0 3 0 0 0 1 0 0 1 0 0 1 0 0 0 1 
15 24 12 4 5 18 10 17 16 40 9 27 40 52 42 108 60 47 47 30 25 15 10 5 4 21 37 67 10 13 4 4 24 4 7 8 5 12 40 15 12 0 4 3 16 19 14 9 9 84 8 4 14 2 3 3 2 3 0 2 1 0 0 2 0 1 0 0 0 0 0 0 0 0 3 2 0 5 12 1 2 0 2 1 0 0 2 17 5 0 0 2 1 0 2 1 0 1 0 1 1 8 
26 21 16 6 12 24 22 17 12 39 11 36 56 58 33 102 50 23 31 17 28 10 11 8 5 8 4 42 9 18 12 10 50 7 11 11 11 12 13 26 50 6 8 18 18 31 21 15 17 159 31 14 44 7 10 4 5 10 0 3 4 0 2 2 4 0 0 0 0 0 1 0 1 2 4 9 1 1 24 1 0 1 0 1 0 2 11 55 6 0 0 5 1 0 0 2 0 1 1 0 0 4 
0 0 0 0 0 0 0 0 2 3 0 1 2 5 4 7 5 7 4 6 14 12 7 31 0 2 2 14 1 1 0 2 2 1 3 0 0 0 4 1 0 0 0 0 0 0 0 0 0 0 2 0 0 0 0 1 1 2 0 1 0 0 0 0 0 0 0 0 0 0 0 0 0 0 0 0 0 0 1 1 0 0 0 0 0 0 0 0 0 0 0 0 0 0 0 1 0 0 0 0 0 0 
0 0 1 0 0 2 1 1 0 0 1 1 3 4 3 8 7 4 0 10 19 25 5 23 4 2 1 29 1 1 0 1 3 0 0 0 0 2 3 0 1 0 2 0 2 1 0 0 1 3 1 1 1 0 0 0 0 0 0 0 0 0 0 0 0 0 0 0 0 0 0 0 0 0 0 1 0 0 0 0 0 0 0 0 0 0 0 0 0 0 0 1 0 0 0 0 0 0 0 0 0 1 
37 28 23 4 16 23 17 14 17 34 10 36 63 99 70 122 65 53 65 37 59 87 73 124 45 9 51 6 6 4 3 9 24 2 9 7 9 12 57 39 39 5 8 11 31 15 26 9 22 151 19 1 22 1 7 3 3 7 0 0 2 0 0 1 4 0 0 0 0 0 0 0 0 0 5 1 0 9 16 3 0 2 2 1 5 3 5 42 6 0 0 11 4 1 0 2 0 1 0 0 0 7 
54 96 90 20 20 78 78 57 52 40 18 32 52 32 30 52 54 27 33 16 26 40 6 21 4 0 1 8 5 15 3 7 8 4 13 4 3 4 16 25 13 3 9 16 14 25 13 14 12 42 1 3 14 7 7 3 1 5 0 4 2 1 5 6 9 9 4 4 1 1 7 6 2 0 2 1 2 4 29 5 0 3 1 13 7 0 9 14 10 0 0 7 4 3 2 5 1 1 2 0 0 8 
3 3 1 0 0 6 7 4 5 8 5 7 14 4 8 19 32 26 11 10 5 6 8 16 8 1 0 5 6 20 121 111 287 54 93 108 260 126 252 119 72 8 43 44 51 63 46 33 22 245 8 9 18 6 1 3 3 7 0 22 2 7 4 11 20 29 9 13 4 4 5 10 4 0 8 6 0 4 25 2 6 1 4 6 1 13 10 56 15 0 0 35 6 15 11 9 3 6 6 3 1 36 
1 1 0 0 0 0 1 0 3 1 1 2 3 0 0 1 8 10 10 3 2 1 2 9 1 0 0 2 0 101 9 68 106 14 36 47 112 33 58 30 17 5 19 18 13 17 12 6 4 42 2 2 2 0 2 0 0 5 0 1 0 2 0 6 6 28 2 2 3 2 3 1 1 0 2 2 0 3 5 0 1 1 0 1 0 1 0 24 9 0 0 8 1 3 0 5 0 2 3 0 0 10 
1 4 2 1 1 0 2 4 1 5 1 2 6 3 10 9 29 19 13 6 3 3 2 3 4 0 3 8 2 120 86 17 130 40 69 59 230 99 189 78 50 9 36 20 40 57 34 20 26 139 6 2 9 4 2 3 2 5 0 4 2 2 2 4 14 26 3 10 3 1 4 3 6 2 5 6 0 0 17 2 3 2 3 4 1 11 5 39 12 0 0 21 4 4 5 3 0 4 8 0 0 13 
16 22 15 6 0 11 27 9 7 15 2 10 27 7 5 36 31 34 17 10 15 5 8 72 40 2 1 28 11 290 117 122 26 39 115 161 222 143 239 226 207 16 128 105 143 181 131 81 121 859 52 31 62 31 19 11 23 34 0 15 5 9 1 13 24 37 12 14 12 15 19 20 9 5 29 12 0 9 83 8 7 11 11 19 2 29 16 214 42 0 0 62 12 27 17 32 5 11 13 4 1 60 
0 2 0 0 0 1 5 3 0 5 1 2 4 0 0 6 19 9 6 4 0 1 3 7 1 0 1 6 12 73 33 52 60 5 38 16 114 35 116 45 31 5 42 32 26 24 29 17 13 72 14 5 7 8 2 3 1 10 0 4 0 10 1 1 9 29 4 13 4 8 15 12 11 7 8 2 0 2 19 3 3 2 1 3 2 3 3 23 7 0 0 17 2 4 2 2 1 3 3 1 0 14 
7 9 7 2 0 5 7 0 1 1 1 3 5 3 11 11 18 19 11 10 7 3 4 11 3 0 1 14 12 167 75 89 112 13 12 26 152 66 152 98 58 8 53 55 41 35 47 18 16 135 4 2 7 9 3 2 6 11 0 1 5 11 1 6 5 24 6 7 8 7 7 19 12 5 1 3 0 2 17 2 2 1 2 0 1 8 8 21 10 0 0 48 12 6 8 9 1 2 7 1 0 7 
1 2 3 1 0 0 3 2 4 1 1 1 5 4 0 6 8 14 9 5 5 2 3 8 4 0 0 7 1 151 32 91 142 24 23 13 171 51 113 57 29 5 26 33 37 41 27 18 21 142 1 6 7 1 0 2 1 2 0 1 0 0 0 10 11 12 7 9 2 3 10 5 7 2 0 1 0 1 4 1 1 0 0 0 1 6 3 16 9 0 0 21 6 2 5 6 2 3 2 0 0 14 
6 10 12 1 1 3 5 4 8 3 1 1 7 2 1 30 41 19 16 11 15 19 8 33 24 2 3 47 6 385 156 296 379 102 137 149 36 134 458 376 205 58 131 145 141 191 144 67 99 447 22 15 29 15 9 1 10 10 0 2 1 11 9 35 23 47 18 21 13 10 28 31 15 15 14 6 0 1 49 4 1 3 0 3 2 33 14 90 39 0 0 79 33 23 19 22 5 21 15 3 3 57 
7 7 6 0 2 6 5 3 8 9 3 9 4 8 3 9 23 10 11 8 9 5 5 35 8 0 4 31 19 157 50 115 135 28 63 56 128 16 163 155 98 13 83 93 79 77 62 49 33 221 6 1 8 8 1 2 1 1 0 0 1 11 4 1 13 7 2 2 1 4 4 13 4 5 8 3 0 0 10 0 0 6 0 4 3 9 8 58 19 0 0 52 9 5 7 8 7 14 5 5 2 36 
12 29 15 1 3 22 32 27 31 26 15 49 18 17 13 16 57 37 32 22 46 24 16 91 35 0 5 66 24 261 96 217 275 94 138 85 419 131 29 369 214 17 127 141 153 138 118 91 74 528 19 23 49 13 3 5 11 10 0 10 2 6 6 15 32 29 12 16 5 12 34 29 20 7 11 8 2 7 56 4 4 13 3 15 6 31 24 137 34 0 0 123 11 32 23 26 4 10 21 3 4 77 
12 21 10 1 2 9 11 15 16 9 6 9 21 13 4 10 41 10 5 4 8 1 4 16 12 1 0 20 23 108 37 68 157 39 82 54 257 137 405 22 45 17 56 179 76 110 96 38 52 252 6 2 13 7 2 3 8 5 0 2 2 7 5 11 11 16 2 5 1 7 2 5 6 2 6 5 2 3 21 5 2 7 2 14 6 5 8 28 11 0 0 60 16 11 7 8 4 8 6 0 1 25 
13 19 11 3 2 2 10 5 13 9 4 9 9 5 5 5 23 27 11 7 11 4 3 35 20 1 2 22 11 79 19 58 110 21 37 28 142 78 244 55 11 15 66 103 48 99 70 21 39 257 9 1 10 3 0 1 1 0 0 0 1 4 0 6 9 11 4 2 3 4 1 6 2 2 11 2 0 6 13 4 2 3 9 15 7 16 16 24 13 0 0 45 12 10 11 11 1 4 9 1 0 25 
0 4 0 0 0 0 1 0 0 1 1 0 4 0 2 2 0 2 2 0 4 3 0 1 0 0 0 1 1 13 4 6 15 4 3 4 29 22 35 10 19 2 17 48 10 22 17 9 8 35 1 1 5 1 0 1 0 1 0 0 0 1 0 1 0 2 0 1 0 1 3 0 0 0 3 0 0 0 6 2 1 1 0 3 0 2 3 11 5 0 0 7 4 3 3 4 0 7 1 0 0 5 
3 6 9 0 1 9 10 2 7 4 0 6 8 8 7 11 15 12 13 3 10 3 0 9 12 1 1 18 6 59 26 37 88 27 47 33 133 88 110 74 63 28 13 101 64 86 70 36 58 216 3 4 15 4 0 0 2 13 0 2 2 10 1 5 8 8 2 5 2 2 7 4 3 1 15 11 0 9 21 19 15 15 26 55 36 58 35 129 46 0 0 93 23 32 32 65 7 39 34 5 3 88 
11 12 7 3 1 8 5 6 9 6 4 7 12 8 9 10 23 22 17 4 8 1 8 16 8 0 0 38 5 51 26 52 94 42 36 21 131 87 185 165 103 34 107 19 185 256 137 93 76 405 13 8 17 9 10 1 8 14 0 5 6 6 4 12 12 11 6 5 2 2 5 5 10 3 16 7 3 15 44 22 21 21 27 75 56 134 67 170 68 0 0 205 46 40 27 77 10 43 40 9 4 108 
9 16 8 2 1 6 10 7 8 16 2 8 11 3 6 11 14 15 15 4 8 10 6 41 15 0 1 24 9 71 19 48 87 24 37 45 136 69 144 99 79 19 74 183 11 176 101 90 90 388 17 2 11 6 2 1 3 4 0 4 1 3 0 5 8 15 4 3 7 3 4 9 3 3 7 5 2 2 29 5 10 8 5 28 16 39 20 95 21 0 0 55 14 39 32 30 11 44 37 15 1 78 
13 16 10 3 5 6 9 11 12 12 6 14 13 15 6 10 22 22 18 10 8 10 10 33 25 0 2 39 8 86 21 58 160 30 38 56 193 120 235 171 131 32 94 324 181 29 226 198 152 738 25 6 27 10 1 1 3 11 0 4 4 4 3 7 18 10 3 13 0 5 11 6 2 3 14 8 0 9 40 20 15 19 16 56 27 69 44 190 52 0 0 166 27 49 36 35 13 48 41 2 11 118 
11 16 6 0 0 1 9 9 9 15 5 10 7 5 5 5 29 20 15 5 3 6 6 30 13 1 3 14 4 45 16 48 163 17 31 31 114 74 158 121 71 22 50 166 149 220 24 109 128 414 5 13 5 4 1 1 6 3 0 4 0 2 1 7 7 9 2 3 3 4 7 4 6 4 8 9 3 11 25 11 12 7 8 26 19 41 28 123 28 0 0 54 23 30 20 23 3 26 21 8 0 66 
5 9 2 1 3 2 2 3 0 2 3 6 3 1 3 11 6 4 3 3 2 2 3 17 6 0 0 7 3 19 6 12 67 10 14 15 44 26 43 40 42 2 26 81 85 194 120 10 61 341 3 0 3 2 0 0 1 0 0 0 0 2 1 3 12 1 2 1 1 1 1 5 0 1 4 2 0 3 5 2 7 1 5 16 6 21 8 101 6 0 0 40 5 12 9 20 0 12 13 1 2 51 
7 9 3 0 1 6 5 4 3 7 5 2 5 2 1 3 10 3 2 6 7 2 2 18 3 2 0 7 8 19 5 20 90 7 12 12 39 33 69 39 51 5 35 86 67 192 109 53 10 394 3 2 12 2 1 2 0 6 0 3 1 0 0 2 2 7 2 1 0 1 1 1 1 1 6 2 2 4 11 3 4 6 7 10 4 6 9 130 9 0 0 41 8 18 8 14 2 8 7 2 3 43 
48 79 29 4 11 32 32 21 20 37 10 41 46 15 13 34 55 42 35 17 21 21 14 146 52 0 10 110 39 208 52 120 704 78 88 91 298 230 450 269 252 33 163 355 255 511 292 378 336 63 39 26 85 16 14 10 13 21 0 12 5 10 3 22 17 35 10 18 3 9 22 13 13 8 49 24 2 43 94 38 37 48 35 92 50 82 57 533 59 0 0 249 32 78 48 72 17 57 70 8 10 260 
10 8 7 0 3 9 9 2 0 7 3 5 9 14 8 15 17 8 5 1 1 1 0 20 3 1 0 15 0 17 6 12 47 4 4 0 7 10 11 9 2 1 9 8 10 13 16 5 10 58 11 9 41 24 18 4 18 33 0 48 11 1 5 13 22 24 15 8 3 13 7 13 15 10 6 11 1 10 80 10 13 6 4 20 9 12 10 35 6 0 0 8 0 8 2 2 0 3 4 1 0 22 
0 5 0 0 0 5 6 4 1 4 1 6 6 9 2 5 7 1 4 0 1 1 3 4 3 0 1 5 2 6 1 0 41 9 2 3 9 2 6 1 4 0 5 8 7 5 6 4 3 25 15 4 27 19 13 3 8 22 0 17 5 1 2 9 7 7 2 5 3 7 3 8 3 7 3 0 0 6 61 3 5 2 5 13 7 8 5 18 9 0 0 3 3 2 2 3 0 2 0 1 1 6 
8 12 7 1 1 2 6 8 2 10 5 9 5 5 12 26 16 6 4 4 4 1 4 24 6 0 0 18 12 22 5 13 53 15 13 1 14 5 28 7 5 3 9 10 5 21 10 8 11 64 33 39 10 27 12 7 20 34 0 39 9 1 6 18 20 21 14 29 8 18 6 5 7 7 7 7 1 19 121 11 11 0 8 42 6 20 3 65 14 0 0 17 5 6 4 6 1 1 9 3 0 39 
3 5 7 0 2 0 7 2 3 5 0 7 3 14 6 13 12 1 7 0 0 0 1 6 2 0 0 2 1 21 7 7 18 12 8 10 9 3 12 16 3 0 6 12 4 11 5 4 2 10 13 22 38 1 15 1 19 23 0 21 7 2 4 16 13 17 5 24 1 6 3 7 3 10 4 3 0 5 59 3 11 0 2 22 9 8 2 15 6 0 0 10 2 3 7 2 1 8 3 1 1 5 
1 1 2 0 1 1 5 3 4 4 0 4 6 4 4 5 1 2 0 0 2 0 0 1 0 1 0 2 0 5 0 2 14 3 1 0 3 3 3 1 4 1 0 3 0 1 1 0 1 7 7 6 21 9 2 1 3 7 0 2 8 1 1 2 2 6 2 3 0 2 2 1 1 6 4 5 0 4 63 3 2 0 2 9 8 0 1 5 1 0 0 2 1 3 0 3 1 4 0 0 0 5 
0 1 1 0 0 1 2 2 0 0 1 4 1 5 2 5 1 1 0 0 0 0 0 0 1 0 0 1 0 2 3 1 9 1 3 1 1 0 4 3 0 0 1 2 1 1 1 1 0 9 3 5 7 7 4 0 4 14 0 4 4 6 1 1 9 6 1 0 1 2 5 5 2 3 3 0 2 4 28 3 2 1 0 6 2 3 4 4 2 0 0 2 1 1 3 0 0 0 0 0 0 1 
1 3 1 0 0 2 1 5 1 6 0 2 1 4 8 1 9 5 4 0 1 1 0 2 4 0 0 3 5 4 7 7 20 3 6 2 9 1 5 8 3 0 10 3 0 3 1 2 4 16 10 10 23 10 8 11 1 10 0 20 5 6 2 16 8 13 7 7 4 1 6 5 5 2 4 8 0 6 55 7 4 1 4 7 13 7 2 15 2 0 0 4 3 1 2 4 0 2 6 0 0 7 
3 7 2 1 2 7 4 3 5 8 5 1 7 6 6 3 11 5 3 2 6 2 0 4 3 0 1 5 6 6 2 10 29 4 7 4 1 3 14 3 4 1 4 6 3 7 9 0 4 24 23 12 33 25 12 9 18 3 0 23 11 9 2 10 6 21 5 7 4 7 9 7 9 11 20 8 2 13 139 9 10 2 9 35 12 3 1 20 5 0 0 5 1 1 6 3 1 4 6 1 0 10 
0 0 0 1 0 0 0 0 1 0 0 0 0 0 0 0 0 0 0 0 0 0 0 0 0 0 0 0 0 0 0 0 0 0 0 0 0 0 0 0 0 0 0 0 0 0 0 0 0 0 0 0 1 0 0 0 0 0 0 0 0 0 0 0 0 0 0 0 0 0 0 0 0 0 0 0 0 0 0 0 0 0 0 0 0 0 0 0 0 0 0 0 0 0 0 0 0 0 0 0 0 0 
5 12 7 2 0 5 7 6 6 1 8 8 16 18 17 36 10 11 8 1 4 7 5 11 13 1 1 14 15 13 3 6 16 2 4 0 3 5 13 7 2 1 2 10 3 3 3 3 1 22 22 13 30 27 12 9 17 14 0 2 3 5 3 13 13 35 8 15 4 8 13 21 16 20 6 6 3 5 40 2 7 3 7 15 5 8 5 15 9 0 0 11 0 2 2 2 0 2 3 0 1 11 
3 2 2 4 0 1 1 1 2 1 0 2 2 4 1 4 1 2 0 2 0 0 0 3 1 0 0 1 1 5 8 4 4 5 3 1 3 5 4 3 1 0 2 3 1 0 2 2 0 9 8 4 14 6 0 1 7 10 0 2 0 6 1 2 7 12 9 18 3 7 5 3 5 10 7 1 0 2 16 2 1 0 2 6 1 1 4 6 3 0 0 3 1 1 0 1 0 1 0 0 0 2 
0 3 1 0 0 0 3 2 0 1 0 1 1 3 3 6 2 4 1 3 3 1 1 2 1 0 0 0 4 14 2 10 10 4 5 6 24 12 15 10 8 1 3 6 1 6 3 1 5 22 3 2 11 5 1 0 1 9 0 8 9 1 0 8 8 22 5 12 1 16 6 13 8 4 5 3 0 2 12 0 2 0 3 5 3 3 1 8 3 0 0 15 1 1 1 2 0 0 1 0 0 5 
2 0 0 0 0 1 1 2 1 1 2 0 1 0 0 0 0 2 1 0 0 0 0 0 0 0 0 2 2 1 2 2 4 2 1 4 5 2 10 1 1 0 0 0 0 2 1 0 0 5 0 1 3 1 0 1 3 6 0 5 4 0 0 2 11 8 2 6 2 1 1 3 11 5 2 0 1 2 11 2 5 0 2 0 2 1 0 2 0 0 0 2 0 0 2 0 0 0 0 0 0 0 
3 2 1 1 0 3 5 0 2 2 0 4 2 1 0 1 3 0 0 1 2 0 1 4 1 0 0 1 4 15 5 10 12 0 6 4 16 10 16 12 3 1 3 8 10 6 3 5 2 31 12 9 28 12 2 4 12 9 0 14 3 13 3 1 10 24 8 7 4 14 23 15 22 7 8 4 0 5 34 4 3 1 3 1 5 3 3 9 1 0 0 6 0 0 2 4 0 2 0 0 0 5 
1 5 4 0 0 3 5 4 5 1 0 4 0 1 1 1 4 3 0 0 0 0 0 3 0 0 0 2 7 23 23 19 16 5 4 12 15 8 30 13 8 0 3 5 9 11 7 4 8 31 11 7 19 11 2 5 7 11 0 14 8 9 5 10 3 38 15 24 11 31 25 50 14 23 1 5 0 6 27 4 3 2 4 4 3 2 5 19 7 0 0 6 1 0 0 0 0 0 2 0 0 1 
9 14 10 0 3 15 19 8 6 5 2 6 3 1 2 2 0 4 0 0 0 1 0 2 1 0 0 2 9 39 14 26 49 15 15 12 27 3 39 10 11 1 17 18 16 12 19 8 17 65 18 29 36 15 19 4 15 23 0 39 17 14 12 18 32 14 11 31 26 48 46 72 71 30 16 16 0 13 68 11 13 3 6 3 2 7 4 12 11 0 0 3 1 0 0 1 1 0 0 0 1 4 
8 6 3 0 3 7 1 2 2 2 1 2 2 1 0 1 0 0 0 0 0 0 0 0 0 0 0 0 5 7 6 12 7 6 8 4 16 6 9 6 6 2 10 1 5 7 2 1 1 12 3 4 3 8 5 0 2 6 0 16 2 4 7 10 16 15 3 13 13 19 14 26 12 11 1 0 0 0 16 2 5 6 0 2 3 2 1 4 0 0 0 2 0 0 1 0 0 0 0 0 0 0 
3 10 5 0 0 0 2 3 6 0 0 3 0 0 1 1 0 0 1 0 0 0 0 0 0 0 0 0 4 11 2 8 12 3 6 6 12 3 11 4 3 1 3 4 2 2 6 3 2 14 7 10 19 7 2 3 0 16 0 8 7 4 2 4 18 15 7 3 6 23 29 25 17 13 2 4 1 2 26 3 2 3 0 0 0 0 2 5 0 0 0 0 0 0 0 0 0 0 0 0 0 1 
0 2 2 0 0 1 0 3 3 0 0 1 0 0 0 1 1 0 0 0 0 0 0 0 0 0 0 0 2 4 1 0 7 5 0 1 11 2 6 3 2 0 1 0 2 6 1 2 0 10 0 1 14 3 1 0 1 4 0 5 3 1 1 9 8 19 5 6 3 4 17 16 8 6 1 1 0 0 7 3 2 0 6 1 1 4 0 4 1 0 0 1 0 1 1 0 0 0 0 0 0 0 
1 4 1 0 0 0 1 3 3 5 1 2 2 2 1 0 0 2 0 0 0 0 0 0 0 0 0 0 6 9 1 3 10 10 4 3 9 7 13 5 4 0 1 4 4 2 5 1 1 9 7 2 19 9 3 7 7 6 0 6 2 5 3 7 25 42 19 32 12 1 14 48 10 21 7 2 0 3 21 1 3 3 1 5 1 3 3 7 0 0 0 1 0 0 0 0 0 0 0 0 0 0 
3 2 4 1 0 3 1 1 0 1 0 0 1 1 0 1 3 0 1 0 0 0 0 0 0 0 0 0 2 8 0 3 19 7 11 3 17 4 25 2 2 1 3 2 4 2 5 3 1 17 2 1 8 2 1 3 1 11 0 19 4 4 1 8 21 32 12 18 13 9 6 45 6 13 5 1 2 2 14 1 0 0 1 1 2 1 1 7 1 0 0 0 1 0 1 0 0 1 0 0 0 2 
3 1 3 0 1 0 1 1 1 1 2 2 3 0 0 1 2 0 2 0 1 0 0 0 0 0 0 0 0 2 5 2 20 7 8 3 18 14 24 6 7 1 1 2 6 9 4 1 3 9 9 4 12 6 5 1 3 4 0 11 6 7 0 5 18 41 19 23 21 29 44 6 38 25 2 1 0 3 14 0 2 3 1 6 2 1 0 9 2 0 0 2 0 0 0 3 0 0 0 1 0 0 
3 8 1 1 0 5 5 9 4 6 0 6 7 0 1 4 3 0 1 0 0 0 0 3 0 0 0 0 0 5 3 8 13 16 11 12 23 7 24 10 9 1 4 19 4 9 11 7 5 29 23 8 19 11 10 3 15 12 0 9 16 3 5 14 30 44 34 30 18 48 29 56 2 28 3 5 0 4 31 3 6 1 4 9 6 9 1 16 3 0 0 1 0 0 2 1 0 1 1 0 0 0 
2 8 6 3 3 4 4 6 4 3 0 7 3 0 1 5 0 1 0 0 0 0 4 2 0 0 0 0 6 1 1 1 14 13 4 7 16 10 16 6 7 1 3 14 7 8 2 9 3 29 16 8 20 5 1 1 10 4 0 18 3 4 2 12 29 56 7 50 9 47 20 40 18 2 5 8 3 10 55 3 5 1 6 5 3 5 3 22 9 0 0 7 2 2 0 7 0 0 0 0 0 6 
2 2 1 0 3 0 4 0 2 0 0 0 1 7 3 9 2 2 1 0 1 0 0 1 0 0 0 5 0 2 1 6 14 0 6 0 4 3 9 4 3 1 12 11 6 8 9 4 4 48 8 5 9 4 2 1 5 8 0 14 3 0 2 9 7 4 1 9 0 4 5 0 1 8 0 4 1 14 118 16 22 7 14 47 12 13 10 61 14 0 0 10 2 4 2 7 1 6 6 0 1 24 
4 1 0 0 2 1 4 1 0 1 2 6 4 2 0 6 8 2 2 0 0 1 3 9 3 0 1 3 0 5 1 3 5 7 4 3 1 2 6 4 8 2 13 11 8 7 5 6 8 40 10 4 4 2 3 1 5 16 0 10 1 2 0 3 2 8 2 1 2 4 2 3 4 3 4 2 4 13 103 26 16 12 15 41 13 14 8 45 11 0 0 6 8 4 7 3 4 8 3 3 0 25 
0 0 1 0 0 0 0 1 1 2 0 1 2 0 0 3 1 1 0 1 0 0 0 0 1 0 0 3 0 3 0 0 5 0 0 0 1 0 2 0 0 0 1 1 1 0 2 2 0 4 1 0 1 1 1 0 4 4 0 2 0 0 0 2 1 1 0 0 1 0 0 0 0 2 9 1 1 5 36 8 14 1 8 6 12 3 4 3 0 0 0 1 0 0 1 0 0 1 0 0 0 0 
1 1 5 1 1 0 5 1 2 0 1 1 0 1 3 4 1 0 1 0 0 1 2 5 0 0 0 1 2 6 0 3 6 2 1 0 2 0 5 3 0 0 7 19 0 4 3 2 1 18 4 2 6 5 11 6 7 9 0 3 2 0 1 9 3 8 2 1 0 2 0 10 4 5 10 19 5 4 57 15 8 14 15 40 13 11 4 26 3 0 0 11 0 3 2 2 1 7 3 1 0 9 
13 12 14 3 3 16 15 9 13 18 3 5 20 30 13 25 13 7 12 2 4 2 3 25 4 0 0 15 6 28 12 20 43 15 14 7 14 6 38 19 10 2 27 42 15 25 14 8 14 86 99 86 152 70 59 36 56 106 0 57 15 7 6 32 26 47 13 34 6 19 23 27 16 27 253 171 40 74 20 75 53 27 87 226 73 49 20 100 28 0 0 37 16 28 17 17 3 14 20 2 0 25 
1 2 3 0 0 2 1 3 1 1 0 0 2 1 1 4 7 4 3 3 0 0 0 3 1 0 1 2 3 6 1 3 8 1 1 0 2 0 5 7 2 0 16 18 6 11 3 3 5 39 2 6 11 10 3 3 5 24 0 5 0 6 2 7 8 14 3 1 3 2 3 6 3 0 19 28 4 19 104 11 28 10 33 134 47 26 14 44 7 0 0 17 4 8 9 4 3 13 9 0 1 15 
2 4 0 0 0 0 0 1 2 1 1 0 1 0 0 0 0 0 0 0 1 0 0 1 0 0 0 1 2 6 2 3 7 3 1 1 0 0 4 2 1 0 10 19 3 8 12 4 9 31 3 7 9 4 0 0 2 14 0 2 2 2 2 1 2 8 1 1 1 2 1 3 5 2 22 26 4 9 73 22 1 11 23 63 44 19 5 46 7 0 0 16 13 5 4 7 0 7 6 3 0 15 
4 3 0 2 0 1 1 2 2 0 0 0 0 4 1 1 1 0 1 0 0 1 0 1 1 0 3 0 0 2 2 2 10 3 0 0 5 2 4 4 5 1 21 15 5 8 7 9 3 39 2 2 2 3 0 2 3 3 0 4 0 1 1 3 2 6 0 2 1 3 7 1 0 2 10 13 1 8 23 6 9 4 4 47 14 13 6 62 9 0 0 24 7 10 5 9 0 15 6 1 2 30 
1 1 0 0 0 1 0 1 0 4 0 0 0 0 0 1 1 0 0 0 0 0 0 0 2 0 0 0 2 3 1 3 5 1 3 0 0 0 4 4 0 1 19 9 5 6 12 2 3 21 6 2 7 5 3 5 12 3 0 0 0 0 1 3 2 5 2 3 0 0 3 0 1 8 9 8 4 7 49 20 11 1 8 82 37 13 11 45 4 0 0 20 6 12 6 7 2 15 7 3 0 15 
4 8 7 2 3 2 1 2 2 2 2 0 1 3 1 0 1 0 2 1 2 2 0 2 5 0 0 7 2 9 4 5 14 4 5 2 7 3 29 12 17 6 45 80 15 46 28 18 27 111 22 13 31 28 10 6 19 36 0 10 4 3 2 6 4 2 1 6 2 5 7 7 3 8 85 59 14 64 195 135 101 31 136 16 125 97 48 159 32 0 0 71 25 39 16 35 3 32 23 9 3 68 
1 0 3 0 0 2 2 0 0 0 0 0 0 0 0 0 0 0 0 0 0 0 0 1 1 0 0 2 1 2 4 2 5 1 0 0 3 0 4 6 7 1 23 34 10 9 12 7 3 28 7 2 7 4 1 2 12 12 0 5 2 2 0 0 1 3 0 2 0 0 1 2 3 4 10 7 5 22 37 34 42 11 26 134 8 31 11 78 8 0 0 38 4 11 7 4 0 11 3 1 0 14 
5 2 2 0 1 7 7 1 1 1 0 1 2 0 0 3 5 2 1 1 1 3 0 10 2 0 0 7 3 25 3 17 21 5 8 6 15 11 45 8 26 11 53 132 28 62 45 27 20 103 10 8 19 9 4 3 7 15 0 5 1 5 0 2 7 3 9 5 5 2 5 2 2 2 22 15 6 13 45 13 32 22 28 81 46 12 18 96 28 0 0 66 20 29 19 33 14 33 21 2 2 69 
5 4 2 0 0 4 2 0 0 1 0 0 2 0 1 0 3 5 4 0 0 1 0 1 3 0 0 10 1 13 0 11 13 5 4 5 9 17 26 22 18 5 41 74 13 32 16 11 9 58 4 8 15 4 2 0 6 5 0 8 1 1 0 2 1 0 1 2 2 2 1 1 0 2 9 16 1 11 22 10 21 10 11 48 33 30 5 33 24 0 0 58 19 28 16 26 4 18 20 0 1 33 
23 35 20 0 5 13 15 8 8 14 0 2 4 3 4 4 19 16 7 3 11 3 7 30 10 3 1 49 5 54 21 25 228 21 27 19 60 58 142 31 32 23 120 155 74 229 142 99 105 740 41 30 67 7 10 6 15 23 0 12 1 7 3 4 7 11 5 9 3 7 4 9 8 12 63 39 13 37 127 54 47 52 66 123 57 116 79 25 54 0 0 200 55 66 50 87 24 59 51 12 13 293 
1 8 4 0 1 2 2 4 2 1 0 0 3 3 0 2 4 6 1 2 1 3 0 5 0 0 0 2 1 14 13 14 23 4 6 5 30 23 40 18 17 4 46 96 18 26 20 16 12 66 6 5 23 6 2 0 0 6 0 2 1 2 0 1 3 0 0 1 4 1 1 2 1 0 10 4 1 7 25 8 11 7 11 35 12 45 25 62 0 0 0 52 15 18 15 17 7 15 10 0 3 39 
0 0 0 0 0 0 0 0 0 0 0 0 0 0 0 0 0 0 0 0 0 0 0 0 0 0 0 0 0 0 0 0 0 0 0 0 0 0 0 0 0 0 0 0 0 0 0 0 0 0 0 0 0 0 0 0 0 0 0 0 0 0 0 0 0 0 0 0 0 0 0 0 0 0 0 0 0 0 0 1 0 0 0 0 0 0 0 0 0 0 0 0 0 0 0 0 0 1 0 0 0 1 
0 0 0 0 0 0 0 0 0 0 0 0 0 0 0 0 0 0 0 0 0 0 0 0 0 0 0 0 0 0 0 0 0 0 0 0 0 0 0 0 0 0 0 0 0 0 0 0 0 0 0 0 0 0 0 0 0 0 0 0 0 0 0 0 0 0 0 0 0 0 0 0 0 0 0 0 0 0 0 1 0 0 0 0 0 1 0 0 0 0 0 0 0 0 0 0 0 0 0 0 0 0 
5 10 4 2 3 4 7 5 2 6 7 11 11 8 8 6 12 6 8 4 5 2 0 12 5 0 0 12 6 55 8 32 75 19 40 39 116 73 134 52 53 12 91 185 70 149 70 51 66 282 13 9 22 14 4 0 3 15 0 11 3 11 1 16 12 5 3 2 3 2 5 1 2 1 19 10 2 13 49 27 39 26 24 92 54 82 57 222 55 0 0 27 57 42 37 83 10 49 64 13 6 134 
0 1 1 0 0 2 0 3 2 0 2 5 2 3 2 2 4 1 0 2 1 0 0 0 1 0 0 2 0 12 7 4 11 6 7 6 20 11 30 10 15 5 35 75 12 28 19 14 16 40 4 3 5 2 0 0 1 4 0 1 0 0 0 3 1 0 0 0 0 0 1 0 1 0 4 8 0 4 10 14 9 7 3 20 9 29 12 40 16 0 0 74 4 15 11 11 0 10 15 3 4 29 
2 1 2 0 0 1 2 2 0 0 2 1 2 1 0 1 1 2 0 0 2 0 0 1 0 0 0 1 0 5 2 7 23 5 2 6 17 12 23 9 18 1 48 77 24 40 21 11 19 51 7 1 6 1 0 0 3 4 0 1 0 0 0 1 1 1 0 0 0 0 2 2 1 0 10 7 2 7 16 9 15 5 7 38 11 34 8 48 18 0 0 53 12 6 2 18 5 8 10 7 1 43 
2 2 0 0 2 1 0 1 5 2 0 2 2 2 0 1 0 0 1 0 0 0 0 1 0 0 0 3 3 8 2 7 15 8 3 3 8 10 12 6 24 1 29 39 10 30 16 11 18 62 2 3 3 1 0 1 4 6 0 1 0 0 0 0 0 2 0 0 0 0 2 0 0 1 5 6 2 4 13 9 7 7 7 13 13 16 17 50 15 0 0 22 5 5 14 9 2 7 11 2 8 47 
4 1 4 0 0 0 0 0 3 1 1 0 2 1 0 1 4 0 0 1 0 0 0 1 1 0 0 1 0 11 7 4 19 5 6 2 20 7 25 11 21 4 36 86 26 20 12 13 12 70 1 3 2 1 0 3 4 1 0 1 1 0 1 1 2 0 0 0 0 0 0 2 0 0 5 3 0 2 7 6 10 1 8 17 12 18 20 72 17 0 0 98 13 19 16 7 0 15 7 8 4 41 
0 1 0 0 0 1 0 0 0 0 0 0 0 0 0 0 1 0 0 0 0 0 0 0 0 0 0 1 0 3 1 0 2 1 0 0 5 2 5 2 1 0 5 9 5 7 4 0 3 6 2 1 1 0 0 0 1 1 0 0 0 0 0 0 0 1 0 0 0 0 0 0 0 0 2 0 0 0 2 2 2 2 0 2 3 2 2 14 3 0 0 7 2 3 1 0 0 1 2 0 1 7 
0 1 1 0 0 1 0 1 0 0 0 2 1 0 0 0 1 0 0 2 0 0 0 0 0 0 0 1 0 9 0 0 6 7 2 2 15 2 22 3 6 1 17 33 13 24 11 2 14 48 1 0 4 1 2 0 4 3 0 1 0 1 0 0 0 1 0 0 1 0 1 0 2 0 9 2 0 5 11 3 2 3 7 21 12 12 12 39 11 0 0 54 3 14 10 11 0 2 3 1 0 33 
4 4 0 0 0 3 1 0 3 0 2 0 1 1 0 1 2 0 0 0 0 0 0 0 0 0 0 5 0 5 3 5 7 1 2 9 13 4 25 6 7 1 17 29 7 31 15 9 13 45 6 3 4 0 2 0 0 12 0 0 1 1 0 0 0 0 0 0 0 0 0 0 1 0 9 5 0 5 12 13 7 10 6 20 10 23 1 54 9 0 0 43 4 6 8 4 1 3 1 4 0 26 
0 2 0 0 0 0 0 0 0 0 0 0 0 0 0 0 0 1 0 0 0 0 0 0 0 0 0 0 0 2 0 0 1 0 1 0 2 0 3 3 3 0 4 6 4 3 1 1 1 9 1 0 3 0 1 0 0 1 0 0 0 0 0 0 0 0 0 1 0 0 0 1 0 0 0 0 0 1 2 4 2 1 2 3 1 3 5 17 1 0 0 11 3 1 1 0 0 2 3 1 0 2 
0 0 0 0 0 1 0 1 0 0 0 0 1 0 0 0 0 0 0 0 0 0 0 0 0 0 0 0 0 0 0 0 6 0 0 0 4 0 4 0 2 2 8 3 6 3 2 3 3 8 1 1 2 1 3 0 1 0 0 0 0 0 0 0 0 0 0 0 0 0 0 0 0 0 3 1 0 0 4 0 1 1 0 3 1 5 2 10 3 0 0 5 3 1 6 13 0 0 0 0 0 1 
11 18 12 1 3 11 3 10 4 9 3 7 7 11 2 9 10 4 3 1 1 1 2 17 0 0 1 12 1 56 19 28 77 23 14 18 48 53 72 56 47 10 171 142 92 111 122 82 70 430 36 21 63 13 9 5 11 15 0 4 3 4 2 4 7 5 3 1 0 1 2 2 1 4 34 9 5 27 56 35 34 44 49 83 48 75 50 411 98 0 0 155 35 73 84 138 17 76 46 7 2 11 
