7 13 23 10 7 24 33 29 29 30 12 30 55 133 66 69 32 35 26 11 8 6 5 39 8 0 1 30 74 5 1 0 27 4 3 3 9 4 39 16 18 2 6 14 18 16 21 4 3 55 7 2 7 4 2 2 4 1 0 2 2 2 0 5 4 10 6 3 0 2 1 3 3 1 2 2 0 1 16 2 0 0 0 2 5 8 1 27 1 0 0 7 5 2 8 0 1 1 6 0 1 12 
11 13 21 1 10 34 37 14 37 20 9 40 68 133 80 73 47 39 37 12 7 13 9 30 11 1 0 28 170 5 3 1 7 3 11 3 7 5 25 17 10 1 13 14 13 24 17 3 5 50 3 2 7 4 1 3 2 9 0 0 0 1 1 4 3 14 1 4 0 0 1 4 7 4 1 2 0 1 21 0 0 1 1 7 0 7 2 24 4 0 0 10 0 1 0 1 2 0 3 0 0 9 
29 20 11 15 13 30 38 57 53 23 7 32 60 127 54 77 44 22 31 6 9 17 3 31 5 2 1 21 333 1 0 4 10 1 3 1 7 3 30 26 15 2 10 15 19 18 5 1 3 39 5 3 7 5 3 6 7 2 0 0 2 5 0 9 4 13 1 3 1 5 1 5 3 1 3 2 0 3 19 1 4 4 3 3 0 4 0 20 1 0 0 19 4 1 2 2 0 1 1 0 0 12 
12 12 20 0 2 9 16 15 7 4 3 6 11 16 8 12 23 3 4 0 4 4 2 2 3 0 0 7 35 0 0 1 3 1 0 0 1 0 3 4 1 1 3 1 3 5 1 1 0 12 0 2 1 0 1 1 1 1 0 1 0 1 0 0 2 0 0 0 0 0 1 0 1 2 1 0 0 0 1 0 0 0 1 2 0 0 0 3 1 0 0 1 1 0 0 0 0 0 1 0 0 2 
16 14 8 7 1 3 7 4 12 7 8 12 21 19 16 31 12 7 4 3 2 6 2 12 7 2 0 5 44 1 0 0 1 1 5 0 3 0 10 3 3 0 3 4 4 4 3 0 2 17 2 1 3 6 0 1 1 0 0 1 0 0 0 1 0 3 2 1 1 0 0 1 0 2 0 0 0 0 10 0 0 0 1 4 1 1 0 7 0 0 0 1 0 0 0 1 0 1 0 1 0 0 
25 57 32 11 12 11 20 16 13 18 12 25 67 110 60 65 54 30 24 7 8 5 6 22 9 1 0 37 188 2 3 4 5 4 2 1 2 8 20 11 18 1 10 13 10 12 10 3 4 47 7 3 9 4 1 5 3 2 0 2 1 2 3 3 0 12 0 3 3 3 2 1 3 6 0 2 0 2 23 1 0 2 0 2 4 1 2 11 0 0 0 6 8 0 3 1 1 0 3 0 0 6 
34 61 44 17 8 22 20 26 33 30 13 32 63 101 49 69 54 28 38 7 11 12 4 18 13 0 0 8 102 6 2 4 16 1 8 3 3 5 27 18 16 4 5 7 9 7 10 5 6 37 1 2 4 5 0 1 3 9 0 2 0 3 1 2 6 5 7 0 0 1 2 4 2 6 3 2 2 0 9 1 7 0 0 3 2 6 0 15 1 0 0 11 2 3 4 2 0 0 2 0 0 9 
19 35 28 9 16 22 22 6 13 14 15 29 74 84 43 89 44 33 21 10 8 8 5 10 14 0 2 20 54 2 2 2 8 2 1 0 1 7 35 15 10 3 7 8 3 10 4 3 8 25 2 4 8 3 5 0 3 2 0 1 0 5 1 6 3 11 1 1 0 1 4 2 3 0 2 0 1 1 24 1 0 0 0 1 0 6 0 7 1 0 0 13 1 1 1 1 0 1 1 0 0 7 
32 47 51 10 9 28 55 18 13 10 15 27 82 119 44 66 54 38 32 9 14 13 9 20 11 1 0 31 101 3 3 6 10 1 3 1 6 1 47 15 16 3 4 10 8 12 9 0 4 23 2 4 10 3 0 1 3 3 0 0 0 3 3 2 2 11 2 4 0 2 2 1 1 5 2 0 0 0 14 0 0 0 2 3 0 2 0 4 0 0 0 14 0 0 0 4 0 1 1 0 0 5 
28 30 37 4 5 16 16 5 8 4 4 12 41 48 17 42 43 10 12 4 8 4 3 28 12 0 0 24 55 2 3 2 3 2 1 0 2 2 13 8 4 0 5 3 7 2 6 0 2 21 6 0 5 2 5 3 3 3 0 4 2 4 0 1 3 6 1 2 2 2 3 3 1 3 2 1 1 0 10 1 0 1 2 1 1 4 0 5 1 0 0 8 2 1 2 3 0 0 1 0 1 8 
21 9 8 3 4 6 18 8 12 9 3 14 49 28 15 51 22 16 15 7 15 5 4 12 7 3 3 18 33 0 1 3 1 1 0 0 0 3 13 10 7 0 0 3 6 8 4 2 4 16 0 2 1 2 1 3 4 0 0 2 0 1 0 1 0 1 0 0 0 0 0 0 1 0 0 2 0 0 6 0 0 0 0 0 0 1 0 6 3 0 0 4 0 0 0 1 0 0 0 0 0 2 
28 49 28 10 19 25 33 39 42 24 12 9 27 58 33 46 50 32 38 14 22 13 7 45 19 0 4 45 50 9 4 1 9 1 2 0 0 5 38 15 9 2 6 8 13 15 4 3 1 31 2 7 6 5 0 0 10 5 0 4 1 6 1 2 1 1 1 0 1 0 3 1 3 2 3 2 0 0 11 1 0 0 0 0 0 2 0 3 0 0 0 5 2 1 1 1 0 0 1 0 0 6 
40 72 35 7 18 45 53 56 64 54 19 26 4 75 34 66 84 42 52 25 21 12 12 45 30 6 5 79 65 19 5 6 8 2 3 0 1 9 39 15 16 2 10 7 12 20 12 2 2 38 8 3 8 6 0 1 6 10 0 9 0 8 0 2 2 5 0 2 1 3 0 0 3 5 12 1 0 0 16 1 0 1 0 0 0 3 1 8 3 0 0 14 2 0 2 3 0 0 1 0 0 12 
49 83 66 11 14 29 37 45 44 49 13 21 27 7 9 47 41 50 45 27 40 27 15 71 43 9 4 157 41 5 0 5 9 0 2 0 0 3 17 15 10 1 6 6 6 5 4 6 6 27 12 5 7 3 3 3 4 7 0 8 4 6 1 0 0 0 0 1 0 2 2 1 1 1 12 7 1 3 21 0 0 0 0 2 0 1 0 4 1 0 0 9 3 0 3 0 0 3 1 0 2 6 
50 63 69 9 21 34 40 56 40 38 20 44 56 21 6 17 38 42 48 19 29 36 16 70 47 6 5 142 46 4 3 4 18 1 6 1 4 4 17 16 6 4 5 11 4 7 5 3 2 31 7 5 5 10 1 2 4 6 0 2 1 1 0 0 0 0 0 0 0 0 1 3 3 0 3 1 1 0 14 0 2 0 0 0 0 0 0 7 1 0 0 4 2 1 1 1 0 2 1 0 0 7 
47 55 54 7 21 36 32 44 49 38 17 48 38 58 18 17 63 52 49 25 55 33 27 72 41 14 5 103 58 15 9 12 33 19 17 9 52 1 26 23 10 2 13 19 9 16 11 5 4 50 9 5 19 2 0 0 6 7 0 3 1 2 1 0 1 1 0 1 1 2 2 1 2 5 1 1 1 3 17 0 1 1 0 2 2 5 1 8 5 0 0 21 2 0 0 2 0 0 2 0 0 3 
17 50 26 9 16 35 30 41 37 42 9 50 73 124 53 82 15 50 97 20 43 34 33 91 29 8 7 74 56 47 15 24 46 18 31 14 50 8 79 34 26 4 33 33 32 44 19 7 7 68 9 7 22 7 3 0 12 6 0 8 1 7 3 6 1 4 0 0 1 0 0 1 3 0 3 0 3 2 20 1 0 0 0 0 0 4 0 18 5 0 0 15 3 2 6 2 0 1 0 1 2 9 
20 34 18 6 7 36 15 29 38 39 16 21 30 111 43 89 39 13 58 11 34 18 16 53 23 10 4 67 25 16 9 16 44 12 25 3 32 7 92 23 27 2 14 26 22 40 13 6 3 60 5 2 15 4 3 1 2 4 0 3 2 1 0 1 0 1 0 0 0 0 0 0 1 1 5 0 0 2 10 2 0 0 0 1 0 10 1 9 3 0 0 8 0 4 2 0 0 0 0 1 1 2 
33 27 23 4 8 21 20 28 16 23 11 18 34 96 32 72 40 32 3 9 28 15 10 43 21 18 4 67 35 12 4 6 18 6 9 8 18 9 45 7 4 0 10 8 10 17 10 2 2 27 3 2 6 1 0 0 2 2 0 1 1 5 0 2 2 0 0 0 0 0 0 0 0 0 6 1 0 0 9 0 1 0 0 0 0 2 1 4 0 0 0 4 1 0 0 0 0 0 0 0 0 2 
13 24 9 3 6 9 9 11 12 9 7 10 15 74 17 74 53 17 23 5 14 4 11 41 25 17 4 71 23 7 1 5 14 6 5 5 15 8 35 15 11 1 6 4 6 12 9 1 1 18 1 1 1 4 2 4 0 1 0 0 2 2 0 1 1 0 0 0 0 0 0 0 0 0 2 0 0 0 9 1 0 0 0 0 1 3 2 4 2 0 0 3 0 0 1 0 0 0 0 0 0 0 
12 16 6 2 9 12 12 11 21 18 5 17 30 77 58 128 84 43 56 1 4 9 12 33 14 13 5 89 23 6 2 1 5 3 9 6 13 5 55 12 13 1 7 8 7 7 13 2 2 30 0 1 1 1 0 0 1 0 0 0 0 1 0 0 0 0 0 0 0 0 0 0 0 0 0 1 0 0 6 2 0 0 1 1 2 2 2 5 2 0 0 1 0 0 0 0 0 0 0 0 0 3 
16 16 10 7 6 19 16 15 23 27 7 20 38 77 53 87 90 27 46 7 12 5 17 23 4 16 7 97 36 9 4 7 6 1 6 3 17 10 49 17 7 0 8 0 13 7 7 1 0 21 0 0 3 1 2 1 0 3 0 0 0 0 0 1 0 0 0 0 0 0 0 0 0 0 0 0 0 0 7 0 0 0 1 0 0 0 0 3 1 0 0 0 0 0 0 0 0 0 0 0 0 0 
5 8 8 2 2 10 5 12 7 9 3 19 31 50 39 99 60 38 47 7 67 12 4 14 15 5 6 93 11 0 0 4 13 3 5 5 24 8 52 14 7 0 2 6 7 8 7 7 1 33 1 0 1 0 1 1 0 3 0 3 1 0 0 8 0 0 0 0 0 0 0 0 0 0 0 4 0 0 8 1 0 0 0 0 0 2 0 3 2 0 0 4 0 0 0 0 0 0 0 0 0 1 
16 24 19 5 12 24 14 23 14 31 18 36 66 116 62 171 134 54 117 20 61 26 10 20 11 32 31 134 6 8 6 5 40 2 16 9 35 15 66 25 25 3 7 10 23 23 19 7 15 102 9 7 12 0 2 0 4 2 0 3 2 1 0 5 0 0 0 0 0 0 0 0 0 1 4 2 0 1 11 1 3 1 0 0 0 8 6 12 1 0 0 7 2 1 2 2 0 2 3 0 0 2 
33 20 25 3 8 20 18 27 20 41 11 36 71 99 74 117 71 46 79 32 28 18 21 20 8 9 32 94 13 29 8 6 156 9 13 8 19 20 52 36 40 2 21 19 34 28 18 13 8 161 22 10 26 8 8 3 5 5 0 0 1 3 0 1 0 0 0 0 2 0 0 0 0 3 9 7 1 0 19 4 1 4 0 2 6 3 4 31 2 0 0 8 0 2 0 0 0 1 1 0 0 4 
0 1 0 0 1 0 1 0 1 5 0 0 0 9 4 7 7 6 6 8 23 13 11 33 7 2 3 12 2 1 0 0 0 0 0 0 5 1 6 0 2 0 0 0 0 2 3 0 0 6 0 0 0 0 0 0 0 0 0 0 0 0 0 0 0 0 0 0 0 0 0 0 0 0 0 0 0 1 1 0 1 0 0 0 1 0 0 0 0 0 0 0 0 0 0 0 0 0 0 0 0 0 
0 1 2 1 1 6 1 1 0 2 0 0 6 4 18 36 10 4 10 10 42 24 6 42 18 1 4 70 4 1 1 0 3 0 0 2 4 0 4 4 1 0 1 0 0 3 1 1 3 1 0 2 0 0 0 0 0 0 0 0 3 0 0 0 0 0 0 0 0 0 0 0 0 0 0 1 0 0 6 0 0 0 0 0 0 0 0 0 0 0 0 0 0 0 0 0 0 0 0 0 0 0 
30 22 25 9 5 29 19 13 23 30 10 45 76 180 114 187 113 59 91 44 102 80 44 106 33 14 47 20 23 5 2 7 37 8 11 3 51 34 80 24 25 2 15 26 28 35 27 12 14 124 12 5 16 4 4 3 4 7 0 2 1 0 0 1 0 1 0 0 0 0 0 0 0 0 3 4 0 2 17 4 0 6 1 6 3 8 2 26 17 0 0 12 2 1 1 3 2 1 6 0 0 15 
3 6 9 2 4 7 4 1 6 2 3 6 15 10 9 18 1 1 1 3 1 4 0 4 2 0 0 2 2 1 0 2 4 0 0 0 0 2 3 4 0 0 0 1 0 2 1 0 3 2 0 0 0 2 1 0 0 0 0 0 0 0 0 0 1 4 1 1 0 0 0 0 0 1 0 1 0 0 1 0 1 0 0 0 0 0 0 3 0 0 0 0 1 0 0 0 0 0 0 0 0 1 
3 4 5 0 3 5 4 1 10 12 3 6 18 15 11 26 54 29 20 8 8 3 0 5 8 1 2 9 8 37 85 120 347 76 194 219 550 177 360 138 72 16 67 79 110 85 81 24 18 245 8 10 19 3 1 3 2 6 0 12 3 20 0 23 28 61 11 11 3 7 1 3 10 1 1 1 1 1 27 4 2 1 3 9 1 9 7 79 11 0 0 55 8 14 8 10 3 7 17 0 1 50 
1 0 1 0 0 0 3 1 2 0 1 3 6 2 3 8 19 12 9 2 3 2 0 2 2 2 0 4 2 73 12 82 129 33 88 68 225 72 106 38 29 3 27 30 24 41 22 3 5 65 4 4 5 1 0 0 4 8 0 2 3 7 1 1 8 28 6 9 1 6 0 1 1 2 5 3 0 2 13 0 2 0 2 1 0 9 1 21 7 0 0 16 0 6 6 4 0 3 3 0 0 6 
0 4 3 0 1 2 1 2 7 5 3 8 7 10 2 22 41 26 16 1 3 0 3 9 6 0 2 6 13 131 112 14 126 47 110 76 366 152 274 110 59 10 63 67 66 86 66 12 23 154 8 3 7 6 5 5 9 9 0 8 7 10 6 7 12 47 6 3 4 1 3 6 7 1 6 4 3 7 30 2 1 3 0 2 1 12 4 40 10 0 0 50 10 10 12 3 0 1 2 1 0 30 
7 8 8 1 0 5 5 1 2 5 2 6 6 6 3 21 25 11 13 5 11 2 4 26 13 1 1 11 8 172 70 72 20 22 65 56 196 76 175 90 81 12 62 63 49 68 66 23 27 295 24 4 18 11 6 2 12 12 0 9 7 11 3 2 6 19 6 7 5 7 7 14 3 9 6 9 0 1 33 4 6 3 3 5 3 10 4 61 6 0 0 28 4 6 5 4 1 7 10 8 0 37 
3 7 0 1 0 1 2 0 1 2 0 4 2 0 3 9 18 16 6 2 3 1 0 8 3 0 0 4 4 46 25 38 38 4 31 19 156 54 143 67 38 11 42 34 32 43 30 5 7 87 14 8 17 8 0 8 5 6 0 2 4 21 2 1 13 22 10 12 6 11 12 6 17 8 0 1 0 1 19 4 3 1 1 3 1 5 3 19 6 0 0 25 9 6 7 4 0 0 2 1 0 11 
7 6 1 0 1 2 3 4 1 0 0 1 7 1 5 10 13 15 10 5 9 4 7 13 13 0 0 6 9 137 60 70 115 28 13 20 164 69 143 88 46 18 48 53 38 33 23 9 10 105 6 1 6 5 5 3 0 9 0 4 5 19 0 5 9 12 2 5 1 10 10 10 10 4 4 2 1 2 16 1 1 0 0 1 0 8 5 19 8 0 0 50 13 7 5 5 1 2 2 0 0 21 
3 4 2 0 0 1 2 1 1 0 0 1 1 0 0 9 19 10 10 2 4 3 6 7 9 1 0 5 15 182 50 97 126 27 51 8 229 55 118 50 33 7 33 30 29 42 31 12 9 103 2 1 1 4 1 0 4 2 0 0 3 7 1 5 8 15 6 2 7 1 3 2 6 4 1 0 0 0 7 0 0 0 0 0 0 6 0 17 4 0 0 32 2 5 3 4 0 2 0 0 1 16 
6 4 3 0 1 3 2 2 1 1 1 1 3 0 2 16 15 18 11 3 7 9 4 24 16 2 9 20 4 219 101 156 196 60 153 131 23 77 223 228 89 28 104 100 82 138 101 33 33 254 13 8 7 8 3 1 7 9 0 0 0 12 5 27 14 10 3 11 8 10 11 17 14 9 10 2 0 0 16 1 2 1 2 2 0 9 13 42 19 0 0 71 23 13 7 11 3 11 13 4 2 31 
5 11 10 1 2 11 5 8 5 6 1 11 9 12 4 5 16 8 13 5 9 4 1 20 10 1 1 18 19 122 59 98 139 37 63 56 127 10 163 162 121 16 92 108 90 106 90 24 35 268 4 6 14 2 2 1 0 0 0 1 0 11 1 10 5 1 1 1 1 1 3 4 11 5 4 1 0 1 8 0 1 0 1 2 0 25 5 74 15 0 0 83 11 19 9 9 0 8 9 0 0 34 
11 19 11 2 6 7 17 7 19 12 7 17 16 10 7 8 6 20 13 11 17 8 10 39 19 3 2 37 21 85 36 73 180 55 72 54 231 81 14 227 112 14 79 122 91 109 75 30 26 262 5 3 5 9 6 0 3 4 0 0 0 15 3 6 13 13 2 3 3 8 4 5 9 5 3 2 0 1 28 0 2 1 0 7 2 22 10 43 17 0 0 91 18 13 15 14 7 4 12 3 0 39 
15 18 16 6 6 15 11 23 20 19 4 14 21 16 15 31 40 25 16 4 14 2 7 34 7 2 0 35 27 134 29 78 188 50 151 83 550 228 597 23 55 21 83 196 92 190 112 49 38 320 12 1 7 3 1 5 6 11 0 1 2 16 3 20 13 7 3 6 4 4 4 5 14 6 3 3 2 2 13 3 1 15 3 16 9 4 6 27 19 0 0 51 8 7 9 3 0 3 4 0 1 22 
12 18 10 3 6 13 10 12 10 12 3 16 15 13 3 15 39 32 16 8 8 2 0 29 13 0 0 32 22 84 27 51 125 32 71 53 276 133 268 62 9 14 73 81 54 130 63 27 16 214 5 1 10 4 1 2 3 2 0 0 1 3 2 12 18 12 2 4 0 1 5 5 3 4 4 2 0 1 15 6 2 5 2 9 5 10 12 12 11 0 0 36 9 14 11 8 1 4 9 3 2 19 
5 1 1 0 2 1 2 0 1 1 0 2 2 7 0 2 3 1 2 0 0 1 3 6 1 0 0 4 1 13 3 10 21 5 6 11 59 25 37 18 14 1 23 45 37 35 22 5 9 29 0 0 1 2 0 0 0 1 0 0 2 0 0 1 1 3 0 0 0 2 0 0 0 0 0 1 0 0 5 1 3 0 1 4 2 7 1 11 6 0 0 6 0 1 2 1 1 3 0 0 0 8 
8 8 13 0 2 6 10 5 3 5 5 2 8 10 4 12 18 24 1 1 7 0 2 8 7 1 0 13 19 23 15 39 104 32 42 24 132 82 99 51 58 24 18 50 55 102 43 14 40 165 10 10 7 4 1 0 3 3 0 0 1 10 1 12 8 15 2 4 0 3 3 2 8 1 8 10 3 4 27 14 6 6 19 49 12 42 23 94 40 0 0 77 32 25 32 32 1 27 30 5 7 80 
9 10 13 3 3 13 9 5 12 4 3 9 11 7 8 9 18 21 17 3 3 2 8 18 8 0 0 23 11 46 8 35 97 23 47 28 148 95 146 99 53 29 62 13 109 145 91 46 49 258 10 3 17 5 4 0 3 7 0 5 1 8 1 7 8 11 3 4 1 0 3 3 7 10 9 7 3 9 46 14 15 19 10 65 19 74 46 119 39 0 0 133 33 37 47 74 10 21 38 2 4 82 
10 13 13 0 4 6 3 4 8 11 7 6 7 5 6 7 39 26 17 6 5 2 5 23 5 0 0 27 22 53 18 31 145 34 51 45 166 96 148 73 48 18 96 115 17 141 102 56 62 294 11 1 14 5 3 1 6 4 0 0 1 4 0 7 10 13 3 3 4 2 1 4 13 7 5 5 0 7 17 6 7 8 5 21 12 22 15 89 18 0 0 67 30 23 22 19 3 13 16 4 2 46 
16 13 7 3 3 13 14 4 8 10 6 11 22 6 1 5 26 20 6 8 12 3 4 27 7 1 1 28 18 59 16 38 161 30 66 55 168 109 177 114 93 21 67 187 123 15 152 101 65 413 11 4 15 8 1 4 2 6 0 3 0 2 3 13 6 15 2 5 1 0 3 9 7 7 13 10 0 6 30 9 9 25 9 34 9 40 13 119 14 0 0 94 19 25 23 19 7 18 38 0 1 91 
15 14 16 1 3 7 10 8 16 8 11 11 6 10 10 8 29 11 17 2 4 8 2 22 10 0 0 26 21 57 15 48 173 26 37 40 162 92 131 112 79 22 112 165 117 232 16 74 78 222 9 2 18 2 0 0 0 5 0 1 0 8 0 10 8 8 3 3 3 4 4 6 6 12 8 5 1 5 28 10 3 8 11 30 12 38 11 130 12 0 0 93 16 26 19 14 4 13 31 4 0 72 
5 11 1 0 4 1 2 2 2 3 3 5 5 2 0 4 6 11 8 1 0 2 3 17 4 1 0 14 8 25 7 10 95 4 19 21 79 47 99 72 45 12 61 135 99 296 229 8 39 336 7 4 4 0 0 3 3 3 0 1 0 3 0 2 8 11 1 8 3 0 4 0 3 7 1 2 0 4 6 1 0 9 2 28 6 15 38 79 5 0 0 75 10 17 27 8 1 3 12 0 2 57 
10 8 7 0 2 6 2 11 9 5 6 3 5 11 3 8 13 10 7 3 3 1 4 21 5 1 0 16 5 50 4 33 153 17 19 22 61 54 109 83 69 14 90 176 133 312 194 80 13 480 8 2 8 0 2 2 1 6 0 3 0 6 0 5 6 10 2 3 3 0 4 2 1 3 2 8 0 5 10 9 3 10 4 32 10 25 9 150 18 0 0 98 19 22 32 19 4 6 15 0 2 56 
40 63 27 1 20 30 27 21 37 44 15 37 24 33 15 19 43 47 41 17 18 9 11 132 43 2 4 98 70 198 38 112 970 59 111 111 450 296 535 275 270 34 213 421 255 504 297 230 127 43 38 16 52 14 6 3 12 13 0 5 4 23 3 15 24 31 13 11 4 1 9 8 22 31 39 15 1 10 93 21 25 32 28 110 32 93 38 621 41 0 0 225 34 64 68 37 16 23 57 8 14 272 
2 7 4 2 3 8 4 9 2 9 3 3 12 22 6 17 17 3 8 4 1 1 2 17 13 1 0 18 4 10 2 8 82 6 12 2 27 2 31 7 5 1 14 13 16 17 13 7 9 67 4 6 47 16 12 11 19 26 0 35 11 4 1 10 16 38 4 16 0 13 4 10 15 38 15 4 0 3 114 11 8 7 12 34 8 25 6 53 9 0 0 23 2 7 6 9 1 8 4 2 1 28 
1 2 1 1 1 3 4 1 3 1 1 0 9 4 8 9 15 0 8 0 1 0 1 6 3 0 0 5 4 7 2 1 41 4 8 2 24 4 13 3 7 0 13 12 5 10 3 5 4 14 8 3 40 12 11 4 9 15 0 15 5 1 8 14 10 29 4 4 4 4 4 4 7 8 3 9 1 5 67 4 4 2 3 15 5 10 6 16 6 0 0 8 3 0 11 2 0 1 5 0 0 15 
3 5 2 1 0 4 16 2 6 4 0 4 3 19 10 16 14 2 6 1 0 0 0 28 6 0 2 18 8 7 1 14 66 12 8 4 24 5 54 6 2 2 18 17 5 14 12 7 6 63 18 10 8 10 11 2 19 24 0 31 10 6 5 10 11 26 8 18 2 9 5 5 21 15 3 1 1 16 83 16 6 2 3 29 7 26 11 56 10 0 0 27 6 6 7 2 0 3 2 0 0 15 
7 6 4 0 3 5 5 3 2 11 0 8 8 14 8 7 9 3 2 1 3 1 0 4 4 0 0 1 15 6 3 10 33 5 2 3 15 2 11 8 3 3 6 5 7 5 6 2 2 22 21 18 29 8 8 4 15 48 0 46 5 3 2 17 16 12 7 12 8 4 4 13 14 10 1 2 2 2 94 7 1 2 4 19 3 8 4 14 5 0 0 10 0 3 2 3 3 1 2 0 0 9 
2 6 4 0 0 4 0 2 0 0 1 4 3 3 6 4 5 4 3 0 0 0 2 3 1 0 0 2 5 4 1 3 15 5 0 4 7 2 0 3 1 0 4 1 1 9 4 0 1 10 4 13 17 9 0 0 3 18 0 7 7 4 0 12 4 11 5 5 1 5 1 4 10 12 1 4 0 1 57 2 1 0 2 13 0 4 0 9 0 0 0 6 0 1 1 2 0 0 1 4 1 8 
2 1 2 0 0 0 2 1 1 0 1 3 1 1 4 2 2 6 0 0 0 1 0 1 1 0 0 1 1 4 0 1 18 0 1 1 8 2 5 1 0 1 2 6 2 4 2 1 2 6 4 1 8 1 2 2 8 17 0 9 1 3 4 1 1 2 2 1 1 2 3 2 3 1 0 2 1 2 21 5 3 1 0 7 5 2 0 4 3 0 0 2 0 1 0 0 0 0 5 0 0 3 
4 3 0 1 3 0 0 2 1 4 0 1 11 11 0 14 13 2 1 1 0 1 0 6 0 0 0 3 0 4 2 7 17 2 4 0 7 2 8 6 7 0 7 4 6 8 2 0 2 14 23 8 18 16 4 8 5 25 0 9 6 1 3 16 22 18 5 11 2 6 4 5 7 11 3 6 3 5 70 6 4 4 0 28 13 8 4 15 2 0 0 14 9 4 5 2 0 1 1 0 0 3 
6 3 5 0 0 7 3 4 3 7 4 3 10 26 7 19 11 7 3 1 1 1 1 15 8 0 0 5 9 9 2 8 33 6 16 7 12 4 12 4 3 1 4 8 2 5 2 1 2 24 26 17 43 11 7 9 4 5 0 35 7 19 7 15 12 25 12 10 1 13 5 7 19 14 12 8 1 3 93 9 2 3 10 47 6 16 2 26 4 0 0 20 3 5 5 1 0 2 3 0 0 14 
0 0 0 0 0 0 0 0 0 0 0 0 0 0 0 0 0 0 0 0 0 0 0 0 0 0 0 0 0 0 0 0 0 0 0 0 0 0 0 0 0 0 0 0 0 0 0 0 0 0 0 0 0 0 0 0 0 0 0 0 0 0 0 0 0 0 0 0 0 0 0 0 0 0 0 0 0 0 0 0 0 0 0 0 0 0 0 0 0 0 0 0 0 0 0 0 0 0 0 0 0 0 
7 12 15 1 4 6 8 8 9 3 2 10 17 24 18 22 18 17 11 5 5 4 6 21 4 2 0 25 20 13 2 4 21 1 1 2 1 3 6 6 2 1 7 6 3 2 4 1 1 14 21 16 30 21 10 11 9 20 0 3 4 10 5 17 19 39 25 14 7 15 10 12 17 30 9 10 2 6 48 4 1 3 4 12 8 15 5 17 1 0 0 10 4 2 3 1 0 0 3 0 0 6 
9 2 1 0 4 0 0 0 1 0 0 0 3 2 1 4 3 1 0 0 0 0 0 1 0 0 0 0 3 3 1 5 5 2 1 1 1 0 4 1 0 0 4 0 1 1 1 0 0 5 6 8 9 15 6 2 6 6 0 3 2 5 7 8 7 14 15 7 5 6 5 4 12 10 0 4 2 2 16 2 2 1 2 6 2 3 0 9 0 0 0 5 3 1 0 0 0 0 1 0 0 2 
0 4 3 1 0 1 0 2 3 0 0 3 4 4 3 2 2 2 0 0 0 0 0 1 0 0 0 0 0 6 1 6 9 9 22 8 16 9 15 8 3 0 3 12 3 7 2 2 11 12 1 3 4 2 1 1 6 5 0 3 4 3 2 7 13 19 3 5 1 10 5 7 1 5 3 3 0 3 18 3 3 5 2 3 2 1 0 6 2 0 0 4 0 0 0 1 0 0 0 0 0 1 
0 1 0 0 0 1 5 2 0 2 0 1 1 3 0 0 2 0 0 0 0 0 0 1 0 0 0 0 1 2 1 0 3 1 7 6 22 3 4 1 4 0 3 1 0 0 1 0 0 2 3 2 1 2 1 0 4 3 0 6 2 0 4 3 13 10 5 4 3 5 3 11 2 5 1 1 0 0 4 4 2 0 0 0 3 0 0 4 0 0 0 1 0 0 0 0 0 0 0 0 0 0 
2 6 0 0 0 1 9 3 1 2 3 1 3 0 0 1 1 7 0 1 0 1 0 1 0 0 0 0 3 3 7 10 9 0 12 6 31 8 25 13 4 1 4 1 14 4 2 1 1 17 12 8 21 17 10 6 9 4 0 5 8 32 0 4 10 37 15 9 5 11 9 14 17 14 6 3 2 2 25 3 3 1 2 11 0 1 3 12 1 0 0 6 2 2 1 0 0 0 3 0 0 1 
2 6 4 3 1 3 6 9 1 2 0 6 4 1 0 0 3 0 0 0 2 0 0 3 0 0 0 0 12 25 13 13 25 7 14 6 37 9 36 15 5 2 11 10 15 8 12 7 5 35 23 12 31 12 6 6 20 6 0 19 11 31 17 18 4 47 26 13 20 37 30 33 37 30 7 7 8 5 46 14 8 2 1 8 5 3 0 8 2 0 0 3 1 3 0 0 0 0 0 0 0 1 
13 21 6 0 3 5 12 9 6 0 1 2 8 1 0 4 6 0 0 0 0 0 0 1 0 0 0 1 17 35 17 25 27 24 12 20 47 9 29 21 20 1 12 14 12 16 17 7 5 46 35 23 38 20 7 5 17 20 0 41 18 36 14 18 36 24 14 39 21 55 39 75 54 41 11 15 5 5 65 3 9 1 6 15 4 8 0 15 3 0 0 5 7 3 0 1 0 0 0 0 0 4 
3 2 3 0 1 0 9 2 1 0 0 1 0 1 0 1 0 0 0 0 0 0 0 0 0 0 0 0 3 3 2 13 7 3 10 2 15 6 14 0 2 1 0 9 0 2 2 1 2 6 5 2 8 3 2 9 2 9 0 16 4 12 2 13 23 25 4 12 9 31 18 23 26 5 7 1 0 1 21 0 1 2 1 3 0 0 3 9 1 0 0 2 0 0 1 1 0 0 0 0 0 0 
2 4 3 1 2 5 6 3 1 2 2 3 1 2 0 1 0 0 0 0 0 0 0 0 0 0 0 2 5 11 9 7 14 10 16 3 26 5 13 4 1 1 1 3 3 10 7 2 2 29 10 15 14 9 5 8 10 5 0 13 8 17 10 21 37 54 8 13 12 27 21 42 21 41 8 5 2 2 33 2 2 5 0 11 0 4 2 11 1 0 0 3 0 0 0 0 0 0 0 0 0 0 
1 2 0 0 0 0 3 1 3 1 0 2 1 0 3 2 2 0 0 0 0 0 0 0 0 0 0 1 3 11 2 4 6 2 2 2 18 2 17 3 5 0 1 2 4 2 2 1 0 9 0 0 8 3 0 3 6 2 0 7 0 2 3 7 17 34 9 9 3 8 18 27 12 13 3 0 1 0 10 0 1 2 1 1 2 0 0 1 1 0 0 1 0 0 0 0 0 0 0 0 0 0 
1 4 4 2 4 2 3 2 1 2 1 2 0 4 0 4 1 1 0 0 0 0 0 0 0 0 0 0 0 12 4 3 11 14 13 7 12 13 14 3 7 2 1 5 5 3 5 0 2 7 9 3 21 21 2 2 13 11 0 20 9 14 9 9 25 55 30 22 15 2 42 39 32 45 7 3 0 0 25 1 2 1 0 9 1 2 0 7 2 0 0 3 2 1 0 0 0 0 0 0 0 0 
5 4 1 1 3 1 5 0 0 6 0 0 2 5 1 4 0 0 0 0 0 0 0 0 0 0 0 0 12 9 1 6 22 9 11 7 38 14 46 4 6 0 6 6 10 9 8 2 0 24 7 1 15 9 1 5 8 10 0 15 11 13 4 13 28 76 20 40 26 30 5 52 24 34 6 2 0 1 22 1 8 2 3 10 3 3 1 3 2 0 0 7 1 0 0 1 0 0 1 0 0 5 
4 6 3 0 6 5 5 5 4 2 0 2 2 2 0 4 2 1 0 0 0 0 0 0 0 0 0 0 10 6 4 2 35 13 23 11 39 10 24 7 11 0 5 3 3 13 5 0 1 16 6 6 16 5 4 5 12 6 0 14 12 8 3 21 57 84 27 43 22 25 18 10 44 42 2 4 1 0 36 3 4 4 1 6 0 5 1 7 1 0 0 7 0 3 0 0 0 1 0 0 0 4 
5 4 4 0 0 4 2 4 6 3 0 4 3 0 1 2 5 0 0 0 0 0 0 0 0 0 0 1 3 4 1 3 12 12 12 7 26 5 17 14 3 0 6 5 6 10 11 4 3 34 19 4 22 7 10 6 5 6 0 17 12 16 8 20 35 76 30 30 10 26 24 38 5 25 7 6 5 1 29 4 3 5 5 10 1 1 2 2 1 0 0 7 0 0 0 0 0 1 0 0 0 2 
1 5 1 2 0 3 3 3 2 1 2 2 0 7 0 1 0 0 2 0 0 0 0 0 0 0 0 0 4 0 1 1 4 12 3 4 13 8 17 6 2 1 3 3 3 4 6 1 0 12 9 4 26 8 3 4 8 9 0 18 4 6 4 12 29 47 9 21 10 32 13 38 18 3 5 5 2 2 25 3 6 2 6 3 2 2 2 10 3 0 0 0 0 0 0 2 0 0 0 0 0 3 
0 0 2 1 2 5 1 6 0 6 2 6 10 17 5 12 4 1 2 5 1 0 0 5 2 0 0 6 3 5 1 7 27 6 3 1 5 7 20 8 3 1 11 23 12 23 25 3 9 41 7 4 13 6 2 1 8 19 0 18 3 2 1 12 11 18 3 7 2 3 2 2 8 7 4 11 7 19 174 40 20 9 22 97 22 28 11 66 14 0 0 25 3 13 13 3 2 11 8 1 0 32 
0 4 5 2 3 5 3 0 2 4 0 3 6 8 2 6 6 3 3 1 1 0 1 2 1 0 0 2 1 8 0 6 14 3 2 2 5 1 7 9 3 1 9 25 10 15 7 6 5 36 8 4 6 2 4 9 12 23 0 9 7 1 1 1 8 18 3 3 1 3 4 6 9 7 5 2 6 18 185 46 21 9 15 75 24 15 4 51 11 0 0 19 3 5 8 6 1 8 5 0 3 16 
3 1 1 0 0 1 3 0 1 0 0 0 0 2 2 2 3 0 0 0 0 1 0 0 0 0 0 4 1 6 1 0 0 0 1 0 1 0 5 1 1 0 0 5 3 3 5 1 0 7 5 1 2 3 1 5 0 7 0 1 2 0 0 1 4 4 1 0 0 5 1 0 0 0 5 0 1 10 69 13 2 1 2 29 8 5 0 8 0 0 0 2 0 3 4 2 0 0 0 0 0 2 
0 5 2 0 0 5 0 1 5 0 0 0 1 13 2 6 2 4 2 0 0 0 0 0 1 1 1 10 4 6 1 3 16 1 5 0 1 2 9 6 8 0 8 23 5 17 14 2 2 17 6 5 14 12 1 8 8 26 0 11 7 6 5 5 5 12 2 2 0 5 5 10 2 11 6 16 10 3 115 30 7 8 17 96 26 12 10 40 8 0 0 17 0 8 13 3 3 7 3 0 0 13 
7 16 9 1 3 5 4 11 13 12 3 3 6 27 15 29 25 12 12 3 3 1 2 18 6 3 4 16 8 21 6 15 56 16 10 3 16 6 32 13 18 2 24 58 22 34 21 16 9 68 51 37 84 30 22 30 30 82 0 50 17 18 7 31 26 66 13 21 10 12 23 15 31 26 58 66 26 29 21 46 48 13 36 146 46 47 14 85 17 0 0 44 13 23 14 10 6 13 7 3 3 51 
1 4 2 0 0 0 1 0 0 1 1 1 0 1 3 5 3 5 3 1 0 0 0 3 2 0 0 1 3 5 0 3 8 2 7 1 5 1 4 8 2 0 24 21 9 29 20 8 5 41 14 5 16 5 13 8 8 41 0 8 2 2 9 12 1 20 3 3 1 1 1 4 5 3 22 35 13 30 129 8 25 17 25 141 34 27 8 75 11 0 0 26 13 16 10 6 3 5 6 1 1 17 
1 5 1 0 1 1 2 2 0 0 0 0 3 0 2 0 3 3 0 0 0 0 0 0 1 0 0 2 0 3 1 4 9 2 3 1 3 2 1 10 5 1 24 22 17 23 8 4 4 39 6 6 9 8 6 0 3 17 0 1 4 1 1 8 8 12 3 0 1 1 4 3 9 3 23 16 8 18 150 58 12 8 16 134 37 30 8 50 11 0 0 44 16 11 7 6 0 8 7 4 0 17 
0 3 1 0 1 6 2 1 0 0 0 0 0 2 0 0 1 0 0 1 1 0 0 0 1 0 0 7 1 1 1 6 19 0 3 0 2 2 3 3 6 6 23 21 6 25 10 4 0 62 4 2 5 1 0 0 0 6 0 2 0 3 1 3 3 1 1 0 0 2 3 2 1 4 8 8 6 3 37 14 6 3 9 73 27 51 15 64 9 0 0 37 11 12 8 6 0 6 10 1 3 42 
0 6 2 1 2 1 1 3 1 1 0 0 2 0 0 0 0 0 1 1 1 0 0 0 3 0 0 2 6 4 1 3 4 2 2 0 1 1 2 3 5 1 22 34 13 17 6 4 1 40 8 7 8 2 3 2 4 6 0 9 3 8 1 2 3 10 2 2 1 5 3 1 10 8 15 17 8 6 66 30 16 6 8 164 30 32 10 58 13 0 0 50 10 17 9 10 0 9 12 2 0 22 
3 7 5 0 1 6 2 3 2 5 1 0 1 0 0 1 0 0 0 0 0 0 0 1 0 1 0 1 2 10 4 0 7 0 2 2 4 7 6 11 13 7 33 90 32 57 23 8 20 107 30 7 25 11 13 10 11 20 0 12 3 11 2 1 3 5 7 2 1 2 5 4 6 5 57 39 23 36 164 107 50 24 69 8 81 107 31 132 36 0 0 98 21 46 30 21 3 26 16 1 3 43 
3 6 3 0 1 0 1 2 2 1 0 0 0 0 0 0 2 0 0 0 0 1 0 0 0 0 0 0 6 8 0 2 4 0 1 0 4 1 3 8 10 3 35 71 15 31 32 8 9 58 4 4 7 10 4 6 16 15 0 1 3 3 0 0 3 5 1 1 0 1 10 3 5 3 4 9 7 14 50 42 40 15 21 205 4 61 18 88 14 0 0 88 16 29 15 7 1 12 9 1 0 37 
6 6 1 0 2 1 3 1 1 3 0 1 1 0 0 0 4 6 1 0 1 1 2 4 2 1 0 5 12 7 3 16 18 5 7 3 27 26 36 11 11 9 80 166 35 64 52 15 17 81 10 6 22 5 3 3 9 18 0 8 7 1 0 2 0 7 3 5 1 3 6 5 2 8 21 12 3 12 67 25 16 17 17 87 60 7 26 89 38 0 0 96 34 44 26 23 10 21 32 5 0 53 
0 4 5 0 1 2 1 2 1 0 1 1 1 2 2 3 10 3 0 3 3 0 0 6 0 0 0 7 2 16 2 8 27 8 11 4 20 17 38 17 20 3 44 109 28 36 29 7 4 57 4 4 9 2 2 4 6 9 0 4 3 4 0 1 4 4 0 1 2 1 0 3 2 2 7 9 0 11 35 17 16 11 14 66 26 32 8 53 22 0 0 84 34 27 26 21 2 7 16 5 1 29 
23 27 19 2 2 4 1 7 6 7 1 3 7 1 8 9 22 11 12 3 7 4 4 33 13 1 1 60 10 72 14 37 259 17 33 23 109 57 156 39 21 17 111 182 65 172 107 45 56 431 20 14 52 12 4 4 18 13 0 14 12 13 2 8 6 19 2 4 12 4 8 5 10 18 59 33 12 26 104 42 42 37 47 127 50 61 40 27 23 0 0 240 50 58 87 72 14 31 53 14 7 275 
5 2 4 0 2 3 3 1 4 2 1 4 4 2 2 5 13 4 3 1 0 1 3 3 3 0 0 7 4 14 6 11 34 16 17 8 73 41 67 31 26 14 69 79 22 39 39 10 8 93 7 1 8 1 3 1 5 1 0 4 0 3 0 3 3 5 0 0 3 3 1 2 7 4 10 9 1 6 24 15 6 10 11 33 21 60 25 51 9 0 0 91 21 44 32 21 4 8 19 0 6 43 
0 0 0 0 0 0 0 0 0 0 0 0 0 0 0 0 0 0 0 0 0 0 0 0 0 0 0 0 0 0 0 0 0 0 0 0 0 0 0 0 0 0 0 0 0 0 0 0 0 0 0 0 0 0 0 0 0 0 0 0 0 0 0 0 0 0 0 0 0 0 0 0 0 0 0 0 0 0 0 0 0 0 0 0 0 0 0 0 0 0 0 1 0 0 0 0 0 0 0 0 0 0 
0 0 0 0 0 0 0 0 0 0 0 0 0 0 0 0 0 0 0 0 0 0 0 0 0 0 0 0 0 0 0 0 0 0 0 0 0 0 0 0 0 0 0 0 0 0 0 0 0 0 0 0 0 0 0 0 0 0 0 0 0 0 0 0 0 0 0 0 0 0 0 0 0 0 0 0 0 0 0 0 0 0 0 0 0 0 0 0 0 0 0 0 0 0 0 0 0 0 0 0 0 0 
3 7 12 3 3 1 2 3 4 3 3 0 2 7 4 10 6 8 1 0 5 0 0 3 2 0 1 7 2 10 4 20 37 14 31 14 82 53 67 39 30 3 46 120 25 57 23 22 24 108 4 5 8 6 2 3 3 4 0 3 1 11 0 6 6 8 1 2 1 1 0 1 3 5 12 7 3 4 34 15 8 9 23 46 13 49 19 85 26 0 0 11 38 47 21 52 15 17 27 2 6 62 
2 1 1 0 0 2 0 0 1 1 1 6 3 4 2 1 3 2 0 3 0 0 0 3 0 0 0 1 3 5 7 2 19 9 12 2 31 13 26 18 14 1 44 81 33 35 23 7 7 44 3 3 6 3 1 0 4 2 0 0 1 1 0 3 2 0 0 0 0 0 0 1 1 0 10 2 0 1 23 4 8 4 6 19 9 31 21 38 13 0 0 85 7 7 8 15 1 6 5 1 3 19 
0 2 2 0 0 0 0 2 0 0 1 2 3 4 2 2 1 0 0 0 0 0 1 2 0 0 0 1 0 7 0 4 31 3 9 4 28 11 38 11 7 4 39 68 24 36 32 12 12 92 8 2 3 0 4 1 2 7 0 2 0 1 1 1 3 0 0 0 1 0 0 0 0 2 7 6 1 3 20 12 4 9 9 42 10 35 14 60 16 0 0 130 18 3 11 11 1 11 8 3 2 51 
0 0 1 0 1 0 0 0 1 4 1 0 0 3 0 0 1 1 0 0 0 0 0 0 0 0 0 4 4 4 1 7 10 7 6 5 21 8 19 6 13 4 40 37 20 31 23 11 9 47 2 3 3 1 1 2 5 2 0 0 0 3 3 0 0 0 0 0 0 0 0 0 0 1 4 1 1 3 14 7 4 12 6 41 10 26 14 47 13 0 0 38 17 7 23 12 3 4 8 2 3 38 
0 3 0 1 0 3 0 0 0 0 0 3 2 2 1 2 2 1 1 0 0 0 1 4 2 0 0 4 0 22 5 5 22 7 34 4 43 14 43 14 20 6 84 113 38 50 22 9 13 84 5 0 9 6 1 3 0 0 0 1 1 2 0 2 1 2 1 0 0 0 1 0 1 0 5 0 0 0 17 5 6 3 5 27 18 36 31 102 20 0 0 182 29 27 15 5 3 14 12 1 1 48 
0 0 0 0 0 1 1 0 0 0 0 0 0 1 0 1 0 0 0 0 0 0 0 0 1 0 0 0 0 2 0 1 2 0 1 4 7 0 2 1 2 0 5 20 11 10 5 2 1 23 1 1 1 2 0 1 1 2 0 0 0 0 0 0 0 1 0 0 0 0 0 0 1 0 2 0 0 0 2 5 1 3 2 12 2 8 7 16 1 0 0 4 2 3 11 1 2 0 0 0 4 9 
0 5 1 0 0 1 0 2 0 1 1 1 3 2 1 1 0 0 0 0 0 0 0 0 1 0 0 2 0 13 0 3 14 6 4 3 42 9 44 4 7 4 43 69 35 54 39 13 7 64 1 1 5 4 0 2 3 2 0 1 0 0 0 1 0 0 0 0 0 0 0 0 0 0 3 4 1 4 22 11 5 11 12 53 13 23 6 52 19 0 0 84 19 18 33 13 1 5 5 3 2 45 
2 2 2 1 0 1 0 3 1 1 0 1 0 0 3 0 0 1 0 0 0 0 0 1 0 0 1 5 0 9 3 0 7 2 7 3 21 8 21 8 18 4 36 48 27 57 26 2 10 91 1 7 4 3 1 2 2 9 0 0 2 2 0 0 0 1 0 1 0 0 0 0 1 5 8 6 1 4 10 5 4 13 8 31 8 34 5 45 10 0 0 75 12 5 6 9 3 3 10 0 0 23 
0 1 0 0 0 0 0 0 0 0 0 0 1 1 0 0 0 0 0 0 0 0 0 0 0 0 0 0 0 0 0 0 1 1 3 3 6 3 11 0 1 1 15 9 7 15 7 0 3 12 2 1 1 0 0 0 0 0 0 0 0 1 0 0 0 0 0 0 0 0 0 0 0 1 1 1 0 0 7 0 1 3 0 6 2 12 1 11 4 0 0 11 8 4 6 5 6 1 3 2 1 8 
0 0 0 0 0 0 0 0 0 0 0 1 0 0 0 0 0 0 0 0 0 0 0 0 0 0 0 0 0 0 0 0 2 1 1 2 5 1 4 2 4 0 7 10 3 6 2 3 3 5 0 1 1 0 0 0 0 0 0 1 0 0 0 0 0 1 0 0 0 0 0 0 0 0 2 1 0 0 4 0 1 2 5 4 2 6 0 11 2 0 0 16 4 3 6 5 2 0 4 1 0 0 
14 18 8 1 2 3 8 0 6 5 2 4 4 8 4 6 10 9 1 1 1 1 1 8 0 1 0 6 7 42 5 10 90 9 22 27 96 54 118 39 51 6 177 122 77 148 96 42 41 253 13 4 29 11 7 5 6 4 0 6 1 1 1 0 1 8 0 2 1 0 2 3 1 2 20 17 3 3 51 10 25 23 21 55 21 75 22 347 67 0 0 175 52 78 103 63 7 46 49 4 4 14 
