6 8 13 7 8 15 29 24 28 40 9 28 54 56 39 68 31 24 19 4 10 13 4 35 14 2 3 15 106 1 0 2 19 1 5 2 3 3 33 21 20 0 4 16 6 18 16 4 5 45 3 1 3 1 2 0 3 6 0 0 1 1 9 4 3 8 1 4 0 2 5 3 1 4 1 2 0 0 19 1 0 3 0 2 1 4 3 38 1 0 0 4 3 3 1 0 0 0 2 4 0 18 
9 10 19 2 7 36 21 22 26 22 5 35 45 74 36 58 55 38 24 10 13 8 8 23 11 0 0 25 126 8 1 1 19 8 9 2 3 9 24 16 17 1 10 9 13 12 11 5 10 50 9 4 9 5 3 2 4 3 0 2 0 0 1 8 8 12 0 8 2 0 3 0 3 1 1 1 0 3 11 0 2 4 0 9 2 7 1 19 5 0 0 12 6 1 4 1 0 0 1 0 0 13 
20 10 8 10 4 27 18 26 25 22 12 30 32 79 52 53 40 19 13 7 10 8 7 19 8 1 0 26 166 0 0 1 10 1 9 5 9 5 30 18 13 0 12 1 9 12 11 4 5 44 6 2 4 4 1 2 2 5 0 1 1 0 0 2 3 6 0 1 2 2 1 1 4 6 2 0 0 0 9 0 3 1 3 6 0 3 0 19 1 0 0 17 0 0 1 1 1 0 2 0 0 5 
4 4 13 3 1 9 8 4 9 3 1 15 2 13 3 10 3 1 5 2 3 2 1 6 3 0 0 3 16 1 0 0 3 0 0 1 0 1 5 6 2 1 0 1 0 2 2 0 0 14 1 1 0 0 0 1 1 0 0 1 0 0 0 2 0 1 0 0 0 1 0 0 0 0 0 0 0 0 2 2 0 1 0 1 0 0 0 2 1 0 0 0 0 0 0 0 0 0 1 1 0 0 
7 12 4 6 2 7 5 3 2 7 12 12 10 15 15 23 15 6 5 6 3 1 3 15 4 0 0 5 26 1 0 1 3 0 3 0 3 1 9 1 0 0 2 1 3 1 1 1 2 26 1 1 0 0 0 0 1 2 0 1 0 0 0 2 0 0 0 0 0 1 0 0 1 1 2 2 0 0 3 0 0 0 1 1 0 0 0 5 1 0 0 1 0 1 1 0 0 0 0 0 0 2 
22 41 25 8 4 11 9 24 25 24 11 23 56 69 30 47 39 23 27 6 7 16 5 25 10 2 0 20 88 2 0 0 6 3 8 0 2 2 32 20 7 1 4 9 4 13 3 0 7 27 7 2 5 3 2 0 3 3 0 0 1 6 0 0 8 7 1 8 0 2 5 2 2 4 1 3 1 3 4 0 0 2 3 5 2 4 2 7 2 0 0 7 2 2 0 2 0 1 2 0 0 4 
26 28 33 14 4 9 4 22 35 14 8 37 54 81 22 66 33 18 18 6 7 10 2 13 3 0 1 9 84 6 2 5 14 0 2 1 3 6 21 13 5 1 7 6 6 12 2 5 4 22 1 4 10 6 0 2 1 5 0 2 0 1 1 4 2 7 0 1 2 2 2 1 2 4 2 2 0 1 16 0 1 0 0 2 2 1 0 6 1 0 0 2 1 3 1 1 0 1 2 0 0 2 
16 21 29 2 2 13 24 14 20 7 7 33 38 68 29 75 25 27 20 14 9 7 4 19 3 0 0 19 51 3 1 12 11 1 1 0 6 7 25 12 2 2 0 10 10 11 13 4 4 30 2 1 2 4 0 0 4 9 0 1 0 4 1 3 1 4 0 5 1 2 4 1 3 1 2 0 0 2 6 1 1 0 2 0 1 3 1 6 0 0 0 15 1 3 1 0 0 0 0 0 0 3 
26 35 32 9 7 29 24 10 7 6 10 31 52 88 32 55 44 20 20 8 7 10 7 26 6 0 1 14 54 2 4 0 6 2 3 1 2 6 25 18 5 2 11 10 6 15 20 0 4 21 2 0 2 5 1 0 0 5 0 0 0 3 0 5 5 7 0 2 1 1 1 2 3 2 1 2 1 1 14 1 0 1 0 0 1 1 1 8 1 0 0 13 2 0 1 0 0 1 0 0 0 7 
6 14 11 1 8 8 11 10 9 5 7 14 36 48 18 49 16 14 13 3 6 10 3 19 7 2 2 7 27 3 1 1 7 1 1 0 3 1 26 13 7 4 5 4 7 2 6 2 2 18 6 3 8 8 4 3 0 4 0 0 3 0 0 3 1 9 0 2 0 2 1 1 1 0 5 1 0 0 21 1 0 0 2 3 0 1 4 2 2 0 0 3 0 0 2 0 0 0 0 0 0 3 
9 12 9 0 7 12 12 14 12 6 3 3 26 19 20 24 17 20 11 13 5 6 2 12 3 0 1 12 19 6 2 1 0 0 2 1 2 2 24 9 7 2 5 3 2 12 8 3 5 25 1 0 2 2 1 0 1 0 0 1 0 0 0 1 0 1 0 0 0 1 1 1 4 0 0 0 0 0 2 0 1 0 0 2 1 0 1 1 0 0 0 4 2 2 0 0 0 2 0 0 0 2 
29 40 22 3 4 18 19 25 13 19 8 10 36 53 21 46 39 25 22 7 20 14 6 26 14 2 0 26 51 6 0 5 12 0 3 5 1 9 18 16 6 0 10 3 7 12 8 4 6 27 5 3 7 8 1 0 1 3 0 2 1 6 0 0 0 5 1 0 1 2 0 6 4 1 1 4 0 2 8 0 0 0 0 1 0 0 0 6 1 0 0 7 1 1 0 1 0 0 0 0 0 6 
34 49 39 5 8 32 38 61 50 20 14 22 4 66 23 57 68 64 37 14 22 14 12 40 29 1 0 52 47 12 5 5 9 2 0 2 4 8 29 11 14 5 7 8 5 13 10 3 11 27 4 6 12 5 2 1 4 5 0 4 2 4 3 3 4 4 0 0 0 1 2 1 2 6 3 5 0 2 10 1 2 3 0 0 0 3 1 2 4 0 0 18 1 2 1 1 0 1 0 0 0 9 
51 86 87 14 21 20 47 49 56 40 21 49 53 13 13 47 65 60 61 26 45 43 10 72 38 6 2 128 54 10 3 1 5 0 1 1 2 5 20 12 22 5 8 12 6 8 5 6 5 33 9 6 14 3 4 3 3 16 0 1 1 2 0 1 1 4 0 0 0 0 1 4 0 0 8 2 1 1 25 2 2 0 0 2 0 2 0 6 4 0 0 14 2 0 6 2 0 0 3 0 0 11 
29 52 32 5 13 28 34 38 17 23 24 22 49 17 1 25 49 57 25 15 27 17 16 56 26 1 4 78 24 3 3 3 8 0 1 1 2 1 6 5 3 3 7 9 7 9 4 2 1 25 11 4 4 5 4 2 9 6 0 2 0 5 1 2 0 0 0 1 0 1 0 1 0 0 3 1 0 0 12 0 0 1 0 0 0 3 3 7 0 0 0 1 1 1 2 0 0 0 4 0 0 4 
37 50 36 15 15 44 30 38 42 45 18 37 52 53 17 15 66 70 54 44 56 35 28 111 44 7 5 124 44 14 17 18 23 10 13 11 49 8 22 33 13 2 9 8 17 20 17 4 5 69 11 3 11 5 5 1 4 6 0 1 1 1 1 0 1 0 1 1 0 2 2 4 4 0 8 3 1 3 34 3 1 0 0 3 0 3 2 6 1 0 0 9 2 0 0 1 1 0 1 0 0 9 
22 38 34 6 19 22 18 38 32 30 14 30 57 81 40 70 9 42 48 22 49 24 20 77 28 6 7 64 33 34 22 26 27 25 26 12 37 10 59 23 26 1 18 27 17 33 25 6 14 68 7 5 15 11 3 1 5 6 0 0 1 5 0 5 2 0 1 0 1 0 0 0 0 1 8 2 2 3 23 3 2 1 0 1 0 7 3 13 8 0 0 13 9 2 0 1 1 0 0 1 0 7 
10 22 6 3 5 12 17 15 19 24 9 51 34 76 39 72 41 12 32 11 33 8 14 31 16 6 2 43 22 21 11 12 29 8 11 10 25 13 43 23 15 4 11 22 21 20 17 9 9 67 4 4 13 5 3 6 2 2 0 2 0 1 1 2 2 0 0 0 0 0 0 0 1 2 3 3 2 0 6 3 2 0 0 2 1 2 3 13 3 0 0 5 0 1 1 0 0 2 0 0 0 4 
15 18 18 2 5 19 18 12 14 11 9 29 36 82 31 59 42 58 10 14 39 21 7 37 16 14 2 60 38 11 3 6 16 3 7 6 23 6 43 15 8 3 5 11 11 17 18 5 6 39 6 2 5 4 1 0 6 3 0 1 0 1 2 1 0 1 0 0 0 1 0 1 0 1 2 0 0 1 6 1 0 0 1 0 1 8 2 4 6 0 0 12 0 0 0 0 0 0 0 0 0 1 
4 15 14 0 3 7 8 8 14 11 7 7 24 51 18 30 26 24 18 4 11 5 10 48 18 9 8 76 12 6 4 5 8 2 11 2 9 11 38 14 3 2 9 7 8 8 8 2 2 16 3 1 3 1 0 1 2 3 0 0 0 1 0 0 0 2 0 0 0 0 0 1 1 0 3 0 1 2 11 1 2 2 0 0 2 3 1 8 3 0 0 3 0 0 0 1 0 0 0 0 0 1 
3 7 12 6 1 10 6 10 5 16 5 14 31 57 26 66 38 46 74 4 10 4 13 29 7 14 13 72 12 13 0 1 4 2 10 7 11 4 39 11 15 1 2 9 14 12 8 4 8 24 4 1 1 0 0 0 1 2 0 1 0 1 0 0 0 0 0 0 0 0 0 0 0 0 2 0 0 0 3 1 0 0 0 2 1 2 2 2 0 0 0 4 0 0 1 0 0 0 0 0 0 4 
8 13 9 3 2 5 9 6 13 13 2 15 29 52 36 55 45 23 22 3 4 5 9 18 13 5 5 89 20 5 1 1 8 2 3 3 10 5 35 5 1 4 6 5 5 15 2 1 2 17 1 0 4 1 1 0 1 1 0 1 0 1 0 0 1 1 0 0 0 0 0 0 0 0 1 4 0 1 1 0 0 1 0 0 0 2 2 7 2 0 0 2 0 0 1 0 0 0 0 0 0 0 
2 5 7 0 2 13 4 2 4 7 5 24 10 33 23 65 43 31 36 16 29 9 0 24 10 8 3 69 3 0 11 2 4 3 2 2 11 2 21 2 4 0 4 5 5 6 5 5 1 23 1 2 1 1 0 2 1 2 0 0 0 0 2 1 0 0 0 0 0 0 0 0 0 0 0 3 1 1 2 1 0 1 0 0 0 2 1 5 0 0 0 2 0 0 0 0 0 1 0 0 0 2 
13 13 11 3 7 7 12 8 15 17 6 22 34 73 50 119 93 35 60 13 41 23 16 7 3 26 25 96 12 7 1 1 23 2 8 6 26 11 66 10 14 1 4 8 14 14 10 5 8 65 3 4 7 0 1 2 4 4 0 1 0 2 0 4 0 0 0 0 0 0 0 0 0 0 2 2 1 0 19 2 1 0 0 2 0 4 0 13 3 0 0 2 0 1 1 1 0 1 0 0 0 4 
8 24 7 2 5 15 12 8 12 32 4 25 28 58 30 104 46 25 31 16 18 24 13 16 2 3 5 45 3 15 7 6 110 5 12 5 19 9 40 19 29 1 7 17 26 31 15 16 6 105 18 6 21 2 3 2 1 10 0 1 0 3 0 2 2 1 0 1 0 0 0 0 0 3 4 1 0 1 13 4 2 0 1 3 2 3 0 62 2 0 0 4 1 1 0 1 0 0 1 0 0 2 
0 0 1 0 0 0 0 1 2 2 0 1 2 9 7 19 15 16 8 13 28 7 10 29 6 2 2 20 1 0 0 1 0 0 0 1 8 3 5 2 0 0 0 0 0 3 0 0 0 0 0 0 2 0 0 0 0 0 0 0 0 0 0 0 0 0 0 0 0 0 0 0 0 0 0 0 0 0 0 0 1 0 0 1 0 0 0 0 0 0 0 0 0 0 0 0 0 0 0 0 0 1 
0 0 3 0 0 1 0 1 1 2 0 0 2 7 5 5 8 12 4 3 22 16 9 31 9 2 1 38 0 2 0 0 1 0 5 2 6 2 13 0 0 0 0 0 0 1 0 0 0 5 1 0 0 0 0 0 0 0 0 0 0 0 0 0 0 0 0 0 0 0 0 0 0 0 0 0 0 0 3 0 0 0 0 0 0 2 0 0 0 0 0 0 0 0 0 0 0 0 0 0 0 0 
19 26 19 3 12 15 9 19 26 29 18 30 40 74 69 117 74 63 72 57 110 119 148 128 143 7 26 9 10 3 3 8 31 3 6 4 25 23 54 29 34 1 21 35 14 23 19 7 7 90 8 4 23 2 1 0 6 10 0 1 2 0 3 0 0 0 0 0 0 0 0 0 1 0 10 1 0 2 17 4 4 0 1 1 0 8 5 37 4 0 0 6 0 0 1 2 0 0 1 0 1 8 
34 51 56 9 9 25 43 29 33 12 11 31 25 25 26 25 11 18 18 13 5 15 0 4 3 1 0 10 2 5 1 4 6 2 3 2 1 2 4 8 3 0 3 7 10 6 3 1 5 12 1 0 3 3 1 0 0 3 0 1 0 2 0 3 0 6 0 0 0 0 3 3 1 0 0 1 0 1 17 0 3 0 0 2 0 0 0 4 0 0 0 5 0 2 0 1 0 0 4 0 0 2 
1 6 1 2 1 0 5 4 6 5 9 8 18 10 3 24 32 21 26 0 10 5 0 5 3 0 0 2 10 26 92 100 233 64 103 94 334 146 222 90 58 12 58 65 68 76 51 21 25 214 10 2 15 12 6 0 3 16 0 8 1 5 1 22 16 36 18 18 6 19 5 9 4 1 5 7 0 1 28 4 0 4 3 4 2 9 4 50 9 0 0 35 5 11 7 6 1 14 3 4 3 32 
1 0 0 0 0 2 2 0 1 0 1 1 0 3 3 6 21 8 11 0 3 2 1 5 4 1 0 5 2 48 6 55 93 31 49 35 132 52 87 28 32 5 23 22 9 28 23 0 5 61 2 1 4 4 3 1 0 5 0 3 3 2 3 7 6 11 5 6 2 7 1 0 5 1 1 0 0 4 13 1 0 0 2 1 0 5 0 11 1 0 0 13 4 4 3 3 3 3 3 0 2 10 
2 2 9 0 0 2 4 4 4 1 0 4 3 5 6 21 29 16 10 7 4 0 1 9 1 0 0 10 9 98 59 8 86 26 65 58 215 105 199 51 48 5 71 38 42 61 42 16 18 145 8 5 9 3 2 0 3 8 0 5 1 8 0 5 21 16 1 1 1 2 3 2 8 0 4 2 0 0 16 0 1 2 0 4 1 6 5 40 7 0 0 36 2 10 1 0 0 0 2 0 2 24 
15 17 8 4 1 4 6 12 7 9 3 3 10 11 6 23 35 24 19 5 8 7 13 47 10 2 3 24 9 225 78 89 22 33 72 88 181 98 192 104 102 9 89 79 72 133 88 52 59 515 34 25 35 10 13 10 7 15 0 18 8 13 0 7 14 24 3 14 5 15 14 14 14 5 12 10 1 2 54 1 7 4 4 12 4 18 8 145 24 0 0 42 11 14 10 23 2 3 12 4 1 51 
3 3 5 0 0 1 1 0 1 1 0 0 2 1 1 8 12 6 8 1 4 3 1 6 3 0 0 2 1 57 19 29 24 4 26 10 102 35 100 42 25 3 22 17 32 26 22 9 10 67 6 0 17 8 0 1 6 3 0 6 1 9 1 5 4 15 3 9 4 3 10 14 4 7 1 4 0 0 17 2 2 2 1 1 0 4 0 15 4 0 0 20 1 2 3 6 1 1 3 1 0 8 
5 4 6 0 3 4 1 0 4 2 1 1 7 2 2 10 18 21 11 6 8 2 2 10 8 0 0 13 3 111 36 72 60 24 11 17 119 72 103 80 41 10 30 44 40 67 41 12 17 132 9 12 6 7 2 2 4 7 0 1 0 15 4 9 5 17 2 9 1 10 6 13 17 4 5 1 1 1 17 3 2 0 1 0 1 6 3 21 7 0 0 41 10 7 5 6 1 7 3 0 1 19 
3 4 1 0 2 1 0 2 0 0 1 2 0 1 1 8 9 8 14 26 3 3 3 6 5 0 1 10 9 121 43 66 109 19 38 11 106 47 105 47 19 7 31 23 43 31 26 8 16 114 4 1 7 6 1 0 1 4 0 0 0 4 1 7 4 6 1 5 0 3 4 12 5 4 2 2 0 0 4 0 0 0 0 3 0 2 2 24 4 0 0 35 7 9 7 7 0 1 3 1 0 23 
10 8 5 4 5 2 7 2 3 3 2 1 3 0 1 18 26 29 17 8 4 13 4 34 10 1 2 27 5 294 114 185 210 66 148 142 22 109 380 260 142 47 102 112 143 141 103 56 61 333 12 12 22 17 4 4 10 14 0 1 1 12 18 23 14 29 11 13 5 9 28 19 10 11 8 6 2 0 26 1 4 3 2 10 2 16 14 52 22 0 0 97 22 22 10 16 5 8 10 4 1 58 
6 14 9 0 1 2 2 6 12 8 6 4 11 11 4 6 19 18 7 9 13 5 4 19 13 0 6 20 13 105 36 102 96 40 47 35 124 13 139 147 101 12 81 90 80 103 86 26 36 220 5 5 10 10 0 1 0 4 0 1 1 11 1 17 7 6 3 2 2 4 6 6 18 6 3 1 0 1 9 0 0 0 0 3 0 14 12 42 13 0 0 80 16 14 4 5 2 2 7 2 0 23 
14 14 10 3 4 11 13 24 25 15 5 30 30 12 8 20 36 29 17 13 16 18 9 52 15 2 3 37 26 164 60 123 198 84 104 70 369 100 25 320 186 24 104 142 107 136 91 42 53 358 15 3 30 9 5 1 1 9 0 3 0 20 6 9 8 24 10 5 9 6 18 17 24 11 18 1 1 2 32 5 2 2 3 10 3 24 24 78 24 0 0 97 21 14 23 6 4 12 4 6 0 56 
15 18 15 0 5 10 9 13 11 14 3 19 25 16 10 14 34 21 22 6 15 7 3 12 13 0 1 14 26 94 30 60 154 35 84 47 283 128 367 10 34 14 48 109 76 152 60 37 37 278 6 4 12 3 1 4 10 9 0 1 2 9 5 8 18 11 1 3 1 3 4 2 7 11 5 1 0 3 29 0 5 5 3 12 6 5 10 11 13 0 0 64 8 11 7 8 0 1 0 4 0 30 
9 18 10 1 5 4 4 9 17 13 4 6 10 9 3 12 22 22 11 9 7 3 4 27 10 0 0 26 14 56 23 35 139 42 49 39 154 119 295 55 6 17 33 61 33 120 56 36 35 240 3 4 8 1 3 2 7 2 0 3 0 2 4 7 14 15 2 3 4 1 5 1 6 9 5 5 2 0 13 3 6 4 5 26 3 5 3 7 4 0 0 40 16 8 2 11 1 1 4 1 0 22 
0 3 1 0 2 1 1 4 1 1 1 2 3 0 0 2 2 3 8 0 1 0 0 6 2 0 0 4 4 5 3 4 16 4 9 2 33 17 25 13 11 3 12 21 13 26 13 2 7 33 3 1 1 0 0 0 2 0 0 1 1 1 0 1 0 0 0 1 0 0 1 0 1 1 1 0 0 0 2 1 1 0 1 8 0 4 1 7 3 0 0 6 4 1 2 1 0 1 0 0 0 5 
3 5 10 5 1 4 7 5 5 5 1 2 12 4 4 8 19 5 12 3 7 3 1 9 7 0 1 7 8 35 11 33 104 23 41 19 107 56 98 65 40 13 9 79 54 49 47 24 36 173 5 8 10 5 2 2 8 2 0 1 0 7 0 3 3 11 2 2 1 1 2 1 4 2 15 9 1 8 17 13 7 10 12 39 22 37 22 53 47 0 0 66 19 35 18 41 4 9 17 3 3 84 
7 15 8 0 2 7 5 4 8 7 8 7 15 6 7 10 25 21 23 4 5 11 3 14 12 0 1 22 27 43 13 26 129 25 52 21 170 94 169 119 57 33 113 14 138 238 97 77 61 342 14 8 37 17 3 1 5 10 0 4 1 10 0 11 6 12 1 4 0 0 5 2 5 5 17 16 0 7 59 16 6 27 15 82 31 97 65 114 80 0 0 229 39 67 22 77 9 61 36 10 2 157 
3 11 9 4 5 9 5 10 6 8 2 12 9 6 3 6 15 32 14 4 4 4 1 21 12 0 0 19 8 51 19 36 123 16 34 35 159 79 155 93 56 16 51 139 15 138 87 74 55 286 7 1 13 6 0 0 3 1 0 5 0 11 0 5 11 10 4 3 1 2 5 8 10 9 2 3 1 4 26 4 3 2 10 15 10 24 15 38 15 0 0 90 20 23 12 14 7 8 15 0 1 49 
12 14 6 2 5 9 8 11 10 6 4 8 14 7 1 15 22 20 26 5 7 5 2 34 15 0 0 39 15 51 13 48 199 36 53 46 184 77 218 100 81 16 90 246 148 23 148 142 129 514 9 1 21 3 0 6 3 4 0 0 0 8 0 8 9 22 5 6 3 5 9 9 2 2 17 3 1 9 31 8 1 7 14 40 21 32 21 87 35 0 0 145 18 35 21 29 6 25 33 4 2 80 
10 11 8 2 1 3 7 14 7 11 5 8 13 14 2 13 25 13 12 1 6 4 7 25 7 0 0 11 15 41 16 43 141 27 39 34 126 72 148 87 64 20 58 120 92 184 21 93 81 291 8 4 24 6 6 1 5 4 0 0 1 4 2 12 5 12 5 7 4 1 2 5 11 4 9 9 1 4 22 8 9 4 16 24 11 47 12 45 12 0 0 91 9 20 21 20 3 21 19 3 3 110 
4 4 9 1 3 1 0 1 3 5 2 1 2 2 1 2 9 10 8 2 4 1 0 8 3 1 0 8 5 10 6 13 70 7 24 13 70 21 88 36 29 5 26 76 72 178 74 9 72 319 4 3 6 1 1 0 0 4 0 0 0 2 1 3 0 3 2 4 0 0 3 3 3 1 2 2 0 0 11 5 9 11 2 25 5 15 10 47 2 0 0 52 3 13 8 11 0 7 5 0 1 33 
5 7 6 2 0 1 4 5 2 5 4 4 15 8 2 7 9 8 2 5 7 0 0 27 3 0 0 7 11 26 10 21 136 13 23 16 61 46 101 56 34 6 54 123 78 205 91 68 12 375 7 0 7 2 0 0 1 4 0 0 0 1 1 4 5 3 1 8 1 2 4 3 4 2 6 3 0 5 7 6 4 8 10 6 3 12 10 78 4 0 0 89 15 23 9 5 2 3 17 2 3 55 
41 64 24 6 14 38 19 24 29 38 11 25 32 38 11 27 71 47 47 14 23 13 18 149 37 0 1 112 46 197 50 129 964 74 129 115 463 302 513 294 229 25 197 420 251 540 232 239 231 54 46 15 82 7 10 4 5 18 0 5 3 18 5 26 17 36 7 11 5 5 17 18 23 15 31 18 3 18 103 30 30 43 31 98 23 79 59 442 51 0 0 303 41 66 77 45 15 55 61 10 6 321 
6 6 3 0 1 6 3 9 3 6 8 14 7 14 9 16 8 4 4 1 3 2 4 19 4 0 0 6 8 8 2 7 56 10 9 8 12 5 24 7 6 1 3 12 11 10 14 5 6 64 6 11 43 20 17 4 16 26 0 37 6 7 2 8 27 22 14 10 1 8 4 7 21 9 8 1 2 4 108 3 8 2 13 38 4 37 4 25 12 0 0 16 1 9 3 2 1 2 4 1 0 24 
1 3 1 1 0 3 4 5 2 4 0 4 5 4 9 7 5 5 7 0 0 1 0 11 3 0 0 7 2 5 3 5 37 8 5 2 17 3 19 7 3 1 5 16 3 12 8 3 1 14 7 5 22 33 4 2 5 11 0 16 3 3 3 7 10 24 1 5 0 5 3 6 6 6 3 8 2 1 73 3 6 7 4 18 2 14 3 6 7 0 0 9 2 2 2 1 0 2 3 1 0 10 
8 3 4 2 1 4 7 7 7 2 0 9 2 19 10 32 16 3 7 2 0 1 0 22 3 0 1 14 17 9 5 8 79 10 6 4 34 12 33 9 12 1 12 22 11 21 19 5 6 79 39 24 8 22 10 4 7 33 0 37 8 6 2 17 17 34 10 18 7 14 5 9 12 3 2 1 0 5 109 7 3 1 4 18 6 23 8 61 9 0 0 24 4 10 7 3 2 10 3 0 0 29 
0 8 8 0 1 2 4 5 0 5 3 3 7 15 10 11 17 5 5 1 0 0 2 9 0 1 0 0 7 12 3 7 26 4 3 3 17 1 13 4 2 1 6 6 3 9 3 3 2 21 6 27 31 8 4 2 5 16 0 25 4 2 0 9 14 14 7 11 8 6 4 3 19 2 0 1 3 2 63 3 7 4 2 22 5 15 4 14 4 0 0 12 4 3 3 4 3 4 0 0 0 7 
2 0 3 0 0 0 3 1 0 0 0 0 1 6 3 3 1 3 0 1 0 2 1 7 2 0 0 3 0 2 0 1 13 2 6 0 4 3 2 0 0 0 2 2 3 6 0 0 0 6 16 13 15 9 1 1 10 8 0 11 2 2 4 9 4 7 0 2 0 5 2 3 8 5 1 4 1 1 55 0 2 0 0 8 7 5 1 6 1 0 0 3 3 1 0 2 0 6 1 1 1 0 
0 2 3 0 3 1 3 6 2 0 1 1 2 0 4 3 5 1 1 0 1 0 0 4 0 0 0 5 5 2 2 1 7 3 2 0 2 2 6 2 1 0 2 4 3 4 3 2 2 8 3 4 12 6 4 1 5 8 0 6 1 4 5 4 2 4 0 2 1 2 1 1 3 5 3 3 1 3 29 5 2 0 1 5 2 6 2 6 0 0 0 2 2 0 3 0 0 0 3 0 0 3 
2 0 2 1 1 0 0 11 2 3 1 3 4 3 3 10 7 2 2 1 2 0 0 7 2 0 0 4 7 7 2 5 17 1 5 0 7 0 15 4 3 1 7 6 1 3 3 1 0 18 14 6 25 13 9 3 5 10 0 4 5 4 2 3 7 31 4 8 2 8 8 4 9 6 3 8 2 5 71 4 1 1 5 3 13 2 4 11 2 0 0 9 3 3 3 2 2 4 3 1 0 3 
6 8 3 2 1 1 4 8 6 6 0 8 9 20 5 21 6 4 5 2 2 0 2 10 4 0 0 3 4 4 1 5 24 5 7 5 11 2 18 9 3 1 6 12 4 5 2 2 5 24 10 11 20 12 17 13 22 4 0 17 4 4 1 17 14 13 5 3 1 6 3 9 7 15 12 12 3 12 125 10 9 4 8 28 11 19 4 18 7 0 0 22 2 6 6 4 2 7 4 1 0 12 
0 0 0 0 0 0 0 0 0 0 0 0 0 0 0 0 0 0 0 0 0 0 0 0 0 0 0 0 0 0 0 1 0 0 0 0 0 0 0 0 0 0 0 0 0 0 0 0 0 0 0 0 0 0 0 0 0 0 0 0 0 0 0 0 0 0 0 0 0 0 0 0 0 0 0 0 0 0 0 0 0 0 0 0 0 0 0 0 0 0 0 0 0 0 0 0 0 0 0 0 0 0 
6 14 7 0 3 3 4 4 1 7 2 11 8 17 15 22 28 10 10 4 6 6 4 24 9 2 0 16 18 14 3 7 8 2 2 0 2 3 24 4 1 1 3 8 3 1 8 0 0 25 13 10 20 26 10 10 4 16 0 3 6 5 7 15 11 31 4 11 3 6 15 11 12 21 6 9 2 2 53 3 0 4 3 10 0 12 1 14 2 0 0 7 4 4 4 3 0 2 2 0 0 6 
1 3 3 1 0 0 1 1 2 0 1 1 1 3 1 7 0 0 0 0 0 1 1 7 0 2 0 0 2 5 0 1 9 2 2 0 1 1 8 2 2 0 1 5 3 5 3 0 6 5 9 3 6 9 2 3 2 9 0 1 3 4 3 5 2 15 4 5 1 7 10 9 1 2 4 3 0 8 13 0 0 2 0 6 0 5 1 11 0 0 0 1 2 0 1 0 0 0 0 0 0 5 
1 1 2 0 0 3 2 1 3 0 1 2 8 1 4 2 1 0 0 2 0 0 1 0 1 1 0 0 0 12 2 4 5 10 11 4 15 7 21 7 4 0 11 8 5 10 8 0 1 10 2 0 3 4 3 2 5 7 0 7 4 2 1 11 18 19 8 6 0 8 6 8 4 3 2 1 0 3 8 1 3 1 0 3 1 5 3 3 0 0 0 9 1 0 0 3 1 0 2 0 0 1 
0 0 0 0 0 0 2 1 2 1 0 0 1 0 0 2 1 3 0 0 0 0 0 0 1 0 0 1 3 0 5 4 3 1 0 2 3 5 7 0 2 0 4 3 0 1 0 1 3 0 1 1 5 6 0 1 1 1 0 2 2 1 0 0 13 6 4 2 2 1 2 1 1 1 1 0 0 1 7 0 2 0 0 0 0 1 0 0 1 0 0 2 0 0 2 0 0 0 0 0 0 0 
1 7 0 1 0 4 2 1 3 1 0 3 1 0 1 1 3 0 3 1 0 0 0 1 1 0 0 1 6 9 6 10 3 3 7 14 22 12 32 8 2 0 4 2 8 11 6 1 6 25 8 5 12 12 1 6 12 11 0 16 5 15 2 3 5 14 5 9 3 6 8 18 10 8 11 4 2 3 23 2 3 0 2 4 0 2 0 2 2 0 0 8 2 0 0 0 0 2 0 0 0 2 
6 4 8 0 0 2 6 2 3 1 0 2 1 1 0 0 1 0 0 0 0 1 0 3 5 0 0 1 12 20 12 5 17 5 3 3 29 11 41 23 16 0 3 10 2 4 3 1 1 25 12 2 24 8 3 7 2 10 0 7 1 6 17 7 4 21 10 19 8 17 16 28 18 18 2 3 1 3 23 4 1 0 2 8 3 4 0 11 0 0 0 9 3 5 0 1 0 1 1 0 0 11 
6 16 8 1 0 3 9 4 4 4 2 2 4 1 2 5 3 0 0 0 0 1 2 1 0 0 1 1 5 40 15 26 18 15 7 9 27 8 32 12 12 2 17 13 18 20 5 1 13 36 22 16 37 17 7 3 6 12 0 22 14 14 15 19 19 13 6 28 24 40 32 52 35 42 12 5 1 5 68 13 13 7 3 10 5 6 2 7 4 0 0 7 0 1 3 1 0 1 0 0 0 4 
1 5 1 0 2 1 2 1 4 1 1 4 2 0 0 0 0 0 0 0 0 0 0 0 1 0 0 0 4 10 3 7 6 2 3 2 17 5 15 1 4 0 4 4 4 3 5 1 2 14 2 1 7 6 0 0 7 1 0 7 4 7 8 11 11 17 2 6 6 14 17 25 10 11 1 3 0 0 6 1 0 2 0 0 0 1 0 5 0 0 0 4 0 0 0 0 0 0 0 0 0 2 
3 3 7 0 5 2 6 1 1 1 1 1 0 4 0 0 1 0 0 0 0 0 0 1 0 0 0 0 4 8 7 3 8 12 2 3 21 2 23 4 2 0 2 5 4 6 2 4 2 12 10 7 15 9 2 7 7 6 0 10 4 4 6 7 21 35 7 0 7 15 17 21 10 15 3 1 2 2 24 7 1 1 0 2 1 4 3 3 2 0 0 0 0 0 0 3 0 0 0 0 0 0 
1 2 2 0 1 0 0 2 2 0 0 1 0 0 1 0 1 0 0 0 0 0 0 0 1 0 0 0 1 2 7 2 2 3 0 0 6 1 10 0 0 0 0 4 0 2 2 0 0 9 2 0 2 2 1 1 5 6 0 6 2 4 4 4 16 18 10 4 1 12 30 16 4 12 0 0 0 2 9 0 1 0 0 0 0 2 2 2 0 0 0 3 0 0 0 1 0 0 0 0 0 0 
0 1 0 0 0 3 0 6 0 2 0 1 1 2 1 1 0 0 0 0 0 0 0 0 0 0 0 0 2 9 2 5 10 6 10 1 10 2 13 1 3 0 3 1 2 2 2 4 1 12 5 9 20 8 2 0 14 11 0 4 7 9 8 7 15 20 5 14 4 3 16 36 25 28 2 2 0 0 21 2 1 1 1 6 1 2 0 2 0 0 0 1 0 0 0 0 0 0 0 0 0 0 
1 3 4 0 2 3 1 0 2 3 0 6 0 0 0 2 1 2 0 0 0 0 1 0 0 0 0 0 1 7 5 4 15 8 10 2 16 12 25 2 1 0 2 4 6 10 2 4 1 21 6 1 1 5 1 2 1 5 0 8 10 2 1 11 21 32 14 12 9 9 3 45 8 25 1 2 2 2 25 2 3 1 2 5 2 6 1 4 0 0 0 1 1 0 0 0 0 0 0 0 0 0 
0 5 3 0 1 3 4 2 2 0 1 4 1 2 0 4 0 0 0 0 0 0 0 1 1 0 0 1 3 8 4 3 16 9 14 10 20 12 12 9 10 3 6 3 4 4 5 2 2 20 7 2 15 5 4 1 0 5 0 11 9 10 5 8 32 32 20 19 8 27 32 4 45 24 4 4 1 2 10 3 2 0 1 10 0 5 1 10 1 0 0 8 0 0 1 0 0 0 0 0 0 2 
0 3 0 2 0 3 1 2 1 2 2 1 2 0 3 0 1 0 0 0 0 0 0 0 0 0 0 0 6 3 1 0 13 6 8 0 20 7 13 5 6 1 8 8 4 4 5 1 2 15 18 7 19 3 1 4 4 6 0 5 7 4 1 6 8 34 12 15 1 19 9 34 5 18 4 8 1 1 29 2 6 3 3 4 2 2 3 9 1 0 0 2 4 2 0 1 3 0 1 0 0 1 
0 4 2 2 3 1 1 3 2 2 1 1 2 7 0 2 2 0 0 0 0 0 0 1 0 0 0 0 1 4 5 1 5 13 8 5 13 11 13 8 8 0 5 6 0 10 2 0 1 10 13 6 12 11 3 0 3 3 0 13 6 2 2 9 14 37 9 19 14 41 21 45 15 1 10 2 2 2 34 5 3 5 3 8 1 7 2 8 2 0 0 4 1 0 0 0 1 0 1 0 0 6 
0 2 1 2 0 1 7 1 1 3 0 3 2 6 4 8 12 5 0 0 1 0 0 8 0 0 0 3 2 3 7 4 26 3 2 6 14 0 22 5 7 0 18 28 9 19 8 4 7 51 5 9 11 1 3 0 1 11 0 4 4 1 0 1 8 12 1 3 4 4 3 7 5 3 3 2 1 8 173 15 5 7 14 72 6 13 6 42 16 0 0 16 6 7 3 3 1 5 7 2 0 37 
3 2 1 1 2 2 0 5 3 5 2 3 3 6 4 7 4 1 0 4 1 1 0 8 7 0 0 3 4 4 1 2 19 5 3 1 10 2 17 4 4 2 4 20 11 12 13 5 3 40 5 4 19 6 2 1 3 19 0 6 4 2 0 6 6 8 2 4 1 4 2 5 9 0 7 6 2 13 172 22 18 6 8 62 13 23 4 47 9 0 0 11 9 8 4 2 0 9 4 0 1 26 
0 2 2 0 0 1 0 1 0 2 0 0 1 3 0 0 0 1 1 0 0 0 0 1 1 0 0 0 0 3 0 0 10 0 0 0 1 3 5 3 0 0 0 2 0 1 2 2 3 10 2 1 0 1 1 0 1 9 0 6 0 2 1 1 0 7 0 1 0 0 1 0 0 4 3 6 0 7 70 8 5 3 3 16 1 2 0 7 1 0 0 2 0 3 2 0 0 0 2 0 0 2 
1 3 4 0 0 2 1 2 3 1 1 3 3 3 3 4 2 7 0 1 0 0 0 5 2 0 0 2 3 7 1 3 9 1 2 4 2 0 2 5 2 0 5 13 8 11 4 5 2 28 3 2 22 6 0 0 7 12 0 3 3 2 3 3 4 9 2 3 1 0 2 4 1 4 9 16 7 3 95 27 7 11 17 61 9 14 8 25 4 0 0 12 4 5 7 2 1 7 2 1 0 14 
6 14 11 6 1 6 10 3 6 8 3 7 9 29 10 30 19 9 14 0 3 2 2 23 9 0 1 14 16 16 7 18 35 9 27 4 18 11 45 20 10 1 20 50 12 34 32 7 20 92 90 61 129 54 32 27 42 80 0 30 10 13 9 30 35 39 8 15 4 11 18 17 29 28 101 86 33 65 20 49 52 20 39 125 43 47 24 82 21 0 0 59 12 23 10 7 5 21 11 5 2 29 
0 3 1 1 0 0 1 0 1 3 0 0 0 7 2 7 8 1 1 2 1 1 0 5 1 0 0 1 7 10 0 4 6 1 2 0 3 0 7 7 1 3 22 25 5 18 12 1 6 40 2 1 9 6 3 3 7 18 0 2 1 1 5 9 8 13 1 5 0 1 0 7 5 6 21 13 3 12 91 3 9 9 14 90 20 25 5 27 11 0 0 27 6 10 7 1 0 6 12 5 0 21 
5 0 0 0 0 0 0 1 1 1 0 0 2 1 0 2 1 2 2 2 0 0 0 1 0 0 0 1 3 3 0 2 9 1 1 0 3 1 6 3 5 1 15 19 9 11 11 2 6 33 8 5 7 7 8 1 1 3 0 4 5 1 3 3 3 11 4 2 5 1 3 5 2 1 12 13 3 8 86 15 6 7 12 108 17 25 11 32 6 0 0 28 11 7 5 5 0 11 4 0 0 24 
0 1 1 0 0 1 1 2 3 1 2 0 0 0 0 0 3 0 2 1 1 0 0 1 1 1 0 2 3 5 0 8 14 1 1 0 2 0 9 7 7 2 5 13 4 22 12 3 9 27 3 1 1 4 0 2 5 6 0 4 2 2 2 4 4 3 0 2 0 0 4 5 2 2 12 6 1 4 35 10 12 4 7 58 15 20 8 36 9 0 0 23 4 7 7 14 2 11 15 2 6 21 
3 0 1 0 0 1 0 0 0 0 0 1 1 0 1 2 0 1 0 0 0 1 0 0 0 0 0 1 3 3 0 3 5 2 0 0 2 0 1 3 3 5 15 22 12 12 8 4 3 36 5 4 12 1 1 2 5 12 0 2 1 3 0 3 2 1 4 1 3 0 3 0 3 3 4 13 3 14 68 9 10 3 5 113 20 23 7 49 7 0 0 32 6 7 6 3 2 13 2 0 1 15 
10 9 3 0 0 2 4 4 1 0 1 4 2 1 0 0 0 2 0 0 0 0 1 2 1 0 1 2 2 3 6 4 10 1 4 1 6 3 20 18 12 3 42 63 9 42 26 11 13 102 12 15 23 21 4 5 15 35 0 8 7 8 2 0 7 6 5 3 1 3 3 4 4 8 60 37 23 32 200 83 70 26 99 14 131 85 24 87 22 0 0 94 13 26 21 22 1 25 23 3 2 55 
2 0 0 0 0 1 0 1 2 5 0 0 0 0 0 0 0 0 2 0 0 0 0 1 0 0 0 0 2 2 2 1 6 0 1 0 2 5 11 10 6 0 21 41 15 29 17 3 5 47 7 7 16 8 1 1 3 9 0 6 5 4 1 1 0 1 0 0 1 0 1 0 3 0 11 5 3 3 42 16 19 5 33 165 1 43 19 41 16 0 0 58 4 21 15 12 2 12 10 1 1 34 
4 9 6 1 0 7 4 3 2 6 0 1 3 1 0 0 3 8 4 3 4 1 0 5 3 0 0 2 4 12 1 13 24 6 7 3 22 13 37 12 11 4 48 107 33 50 44 28 20 101 7 8 16 11 1 5 6 7 0 2 1 4 2 4 7 6 7 7 1 3 0 1 2 6 15 12 3 7 43 9 15 14 20 88 29 7 20 42 31 0 0 62 18 25 13 23 6 36 29 9 3 69 
1 5 4 0 1 3 1 0 1 2 2 0 1 0 0 1 2 3 3 1 2 0 0 4 0 0 0 7 6 14 2 8 24 5 6 4 31 10 49 14 11 3 25 76 15 40 9 12 9 58 12 2 6 3 0 2 5 13 0 2 3 2 0 2 3 3 0 4 1 0 3 4 9 1 6 9 2 4 37 13 6 4 2 37 19 24 4 40 18 0 0 64 9 15 14 12 4 12 5 3 3 52 
10 33 12 2 3 13 10 12 3 2 6 4 15 13 5 10 19 15 12 9 7 3 2 44 21 0 1 38 14 52 25 46 259 17 41 28 153 72 204 51 37 14 137 213 62 193 140 99 106 981 41 25 64 9 6 2 17 19 0 14 9 12 4 7 13 13 3 11 4 4 11 17 3 9 47 32 7 23 127 44 36 55 41 157 49 105 52 31 51 0 0 248 42 66 61 81 15 39 58 12 5 503 
4 8 7 0 1 2 3 1 0 1 0 1 3 1 0 4 7 5 0 0 0 0 2 2 1 1 0 3 3 11 2 10 38 10 16 6 32 26 26 23 5 5 40 57 20 12 17 8 8 63 4 6 5 5 3 0 4 5 0 6 1 3 1 4 1 5 0 2 1 0 1 0 1 2 10 5 0 8 29 8 5 11 7 36 12 39 16 27 1 0 0 55 18 14 14 14 4 4 16 3 4 55 
0 0 0 0 0 0 0 0 0 0 0 0 0 0 0 0 0 0 0 0 0 0 0 0 0 0 0 0 0 0 0 0 0 0 0 0 0 0 0 0 0 0 0 0 0 0 0 0 0 0 0 0 0 0 0 0 0 0 0 0 0 0 0 0 0 0 0 0 0 0 0 0 0 0 0 0 0 0 0 0 0 0 0 0 0 0 0 0 0 0 0 0 0 0 0 0 0 0 0 0 0 0 
0 0 0 0 0 0 0 0 0 0 0 0 0 0 0 0 0 0 0 0 0 0 0 0 0 0 0 0 0 0 0 0 0 0 0 0 0 0 0 0 0 0 0 0 0 0 0 0 0 0 0 0 0 0 0 0 0 0 0 0 0 0 0 0 0 0 0 0 0 0 0 0 0 0 0 0 0 0 0 0 0 0 0 0 0 0 0 0 0 0 0 0 0 0 0 0 0 0 0 0 0 0 
3 5 4 1 2 6 1 8 5 9 4 10 4 10 5 7 12 10 10 3 2 0 0 2 1 0 0 5 13 14 4 24 50 23 41 17 79 45 115 38 23 9 113 155 47 105 43 30 39 149 14 9 8 8 3 2 3 5 0 2 2 3 2 6 4 1 2 1 1 2 3 6 2 6 13 13 1 8 30 11 25 15 30 48 22 63 42 81 55 0 0 16 66 42 32 67 14 37 30 7 5 107 
1 0 2 0 2 2 0 0 1 2 1 0 5 1 3 1 3 3 0 1 0 0 0 0 0 0 0 0 1 10 2 3 13 1 10 6 21 10 26 10 12 2 24 34 15 23 14 4 5 41 5 0 3 2 0 0 1 5 0 3 1 1 0 0 0 1 0 0 0 0 0 0 2 0 1 2 1 3 7 12 3 2 7 17 9 17 15 23 17 0 0 59 2 3 4 9 2 4 0 3 1 26 
0 2 0 0 2 2 0 1 0 2 0 2 2 5 0 1 0 2 1 0 1 1 0 1 0 0 0 5 0 12 8 12 18 1 16 5 25 8 32 10 8 1 25 40 34 30 18 9 10 67 4 6 4 6 1 1 4 4 0 0 2 0 1 0 2 0 0 1 0 0 0 0 1 0 9 4 0 6 17 9 6 3 13 33 14 26 8 36 15 0 0 73 6 7 4 17 3 12 12 1 1 58 
2 1 0 0 0 3 0 0 2 1 0 0 0 1 0 1 2 0 1 0 0 1 0 0 0 0 0 3 4 2 3 3 19 5 6 5 15 2 23 5 8 1 26 29 10 20 15 4 10 50 5 3 5 2 1 1 1 2 0 0 2 1 0 0 0 0 0 0 0 0 0 1 4 1 3 1 0 6 12 3 3 7 4 41 7 17 9 19 7 0 0 29 14 11 5 9 2 7 9 3 1 48 
1 4 3 0 0 0 0 0 1 1 0 0 0 1 0 0 3 0 0 0 0 0 1 0 1 0 0 1 0 4 3 5 19 2 11 8 36 7 28 16 13 5 36 78 34 28 16 5 8 81 3 3 10 3 1 3 1 2 0 1 0 0 0 0 1 0 0 0 0 0 0 0 1 1 6 0 0 3 12 6 5 1 3 19 15 16 13 62 23 0 0 129 9 19 11 3 4 6 5 2 3 47 
0 0 1 0 0 0 0 1 0 1 0 1 0 0 0 0 0 0 1 0 0 0 0 0 0 0 0 0 0 2 6 0 0 1 1 1 7 2 5 3 1 2 4 8 2 8 3 0 0 5 2 1 0 2 1 0 1 0 0 0 0 0 0 0 0 0 0 0 0 0 4 0 0 0 1 0 0 1 1 1 0 1 0 8 5 2 5 16 2 0 0 9 2 3 1 4 1 1 0 0 1 7 
0 3 2 0 1 0 0 1 0 1 0 0 0 1 0 2 1 0 2 0 0 0 0 2 0 0 1 0 0 1 2 0 13 1 8 5 20 11 26 1 3 0 26 46 12 38 14 7 11 73 3 2 9 3 2 2 2 3 0 2 0 2 0 1 0 0 0 0 0 0 0 1 0 0 4 0 1 3 14 2 5 4 3 20 10 22 7 31 11 0 0 63 14 6 6 11 0 3 6 1 2 35 
0 3 0 0 0 1 2 0 0 0 0 1 1 3 0 1 1 0 0 0 0 0 1 2 2 0 0 2 2 4 0 1 6 0 3 0 16 8 15 6 3 1 26 46 18 40 25 13 17 78 2 0 0 1 1 0 4 2 0 4 1 0 0 1 1 0 0 0 0 0 0 0 0 0 6 3 1 2 18 3 7 4 9 32 11 16 3 24 16 0 0 59 15 7 5 7 3 0 3 1 1 23 
0 0 0 0 0 0 0 0 0 0 0 1 1 0 0 0 1 0 0 0 0 0 0 0 0 0 0 0 0 0 0 0 3 0 2 0 7 5 8 0 1 0 8 3 4 8 12 2 2 15 1 0 0 1 0 0 0 0 0 0 0 0 0 0 0 0 0 0 0 0 0 1 0 0 2 1 0 0 2 0 4 2 1 3 2 3 0 8 5 0 0 14 3 3 6 1 0 1 1 1 0 6 
0 1 0 0 0 0 0 0 0 0 0 0 0 0 0 0 0 1 1 0 0 0 0 0 0 0 0 0 0 0 0 1 1 0 0 0 7 0 4 2 3 1 4 6 6 7 2 5 1 13 1 0 1 0 1 0 1 0 0 0 0 0 0 0 0 0 0 0 0 0 0 0 0 0 0 0 0 1 1 0 0 1 0 1 3 6 2 10 3 0 0 15 3 3 1 3 0 0 2 3 0 0 
3 7 5 2 2 3 8 5 8 5 3 6 11 6 1 3 14 2 4 1 1 0 2 6 2 0 0 9 0 22 9 13 91 7 21 16 45 28 81 34 38 1 96 120 58 129 79 31 47 272 10 13 27 9 4 2 9 10 0 9 4 1 2 5 6 5 0 2 0 0 1 4 1 3 28 19 1 7 29 20 21 11 18 56 37 49 38 275 61 0 0 156 24 48 94 74 10 40 29 3 3 16 
