5 7 5 3 11 19 5 12 6 9 5 12 9 12 18 13 15 1 7 7 6 4 2 4 0 0 0 2 1 1 0 1 3 1 0 1 0 1 3 6 3 0 0 0 6 4 3 4 3 9 0 0 0 0 0 0 0 5 0 0 2 1 0 3 4 2 2 2 0 2 2 0 0 4 0 0 0 2 2 0 0 1 0 2 1 0 2 14 1 0 0 0 1 1 1 0 1 0 0 0 2 0 
6 7 10 12 9 56 20 41 36 26 7 41 42 41 22 39 20 7 8 5 10 10 2 4 1 0 0 8 4 4 1 7 6 6 1 0 0 12 12 20 4 1 2 4 3 3 7 8 3 16 1 9 4 2 0 0 4 10 0 10 0 1 2 4 3 4 0 0 2 0 2 0 0 14 1 1 0 5 8 4 5 1 0 1 1 1 0 14 8 0 0 1 0 3 1 0 0 0 0 0 0 0 
15 5 6 16 8 25 11 13 18 10 8 15 14 15 23 9 16 4 10 3 5 5 4 5 3 0 0 7 11 0 0 1 7 0 3 1 0 0 9 2 4 0 2 3 3 7 2 1 2 4 1 1 4 4 2 0 0 0 0 0 0 0 0 2 0 1 0 3 0 0 0 1 0 1 0 0 0 1 4 2 5 0 0 2 1 1 1 6 2 0 0 1 0 0 2 1 0 2 3 0 0 1 
1 1 5 0 1 4 3 4 3 2 3 2 0 0 5 1 3 4 0 1 0 0 0 0 5 0 2 3 1 0 0 0 0 0 0 0 0 0 0 0 0 0 1 0 0 2 1 0 0 0 0 0 1 0 0 0 1 0 0 0 2 0 0 0 0 0 0 0 0 0 0 0 0 0 0 1 0 0 0 0 0 0 0 0 0 0 0 1 0 0 0 0 0 0 0 0 0 0 0 0 0 0 
3 4 8 2 0 0 3 0 2 3 2 9 1 6 7 8 3 2 2 1 1 2 1 1 0 0 0 0 2 0 1 0 0 1 0 0 0 1 0 2 0 0 1 0 0 0 0 1 1 0 0 0 3 0 0 0 0 3 0 0 2 1 0 0 0 0 0 2 0 1 0 1 0 0 0 1 1 1 2 2 0 0 0 0 1 0 0 2 0 0 0 0 0 0 0 0 0 0 0 0 0 0 
23 13 23 17 4 3 3 18 22 17 8 19 36 16 23 13 12 5 14 4 7 13 5 2 6 1 2 6 4 0 1 4 1 1 1 0 0 1 3 11 2 0 0 5 2 6 7 3 1 8 3 1 3 1 2 0 1 5 0 0 0 0 0 0 2 6 0 3 1 0 1 2 0 3 2 2 0 0 4 5 0 1 1 3 2 4 4 8 1 0 0 1 0 0 2 0 2 1 0 0 0 1 
24 16 15 5 2 1 2 7 17 10 3 17 35 14 16 15 13 2 11 0 2 3 1 7 0 0 0 9 7 5 2 5 6 0 0 0 0 1 6 8 1 0 1 2 5 3 5 1 3 5 2 2 2 4 0 3 1 5 0 0 2 0 1 1 2 3 1 3 1 0 1 0 0 0 4 0 0 3 1 1 0 1 0 2 0 1 0 4 1 0 0 1 1 1 0 0 0 0 0 0 1 0 
18 17 23 14 1 15 7 4 7 12 6 21 21 23 26 25 22 4 7 4 5 16 7 9 1 1 1 11 3 1 2 3 3 2 1 1 2 0 7 11 4 0 7 0 6 5 5 4 0 4 2 0 8 1 1 0 3 8 0 5 1 0 2 3 8 1 1 1 0 11 5 3 0 1 15 1 0 3 4 0 0 1 1 1 2 0 0 7 0 0 0 0 0 0 0 1 1 0 0 0 0 1 
23 40 36 11 11 18 39 2 5 1 9 30 18 12 22 27 15 7 9 8 9 11 6 15 2 0 0 5 6 3 1 1 2 1 0 0 0 3 5 14 7 3 1 3 4 4 4 6 4 13 3 0 1 3 0 0 2 4 0 0 0 0 1 1 4 4 1 4 0 0 3 0 1 1 2 1 0 3 5 0 1 0 0 0 1 0 0 2 1 0 0 0 0 1 0 2 0 2 2 0 0 1 
20 16 13 9 3 3 6 2 2 0 3 9 14 8 18 18 13 11 5 3 2 7 7 9 3 0 0 9 3 2 2 5 0 0 0 0 0 3 4 8 3 1 2 0 0 1 1 4 1 5 8 1 4 2 1 2 3 2 0 0 1 1 0 0 1 2 0 1 0 0 0 1 0 2 3 6 0 3 6 1 1 0 1 3 1 1 3 3 4 0 0 0 0 0 0 0 1 0 0 0 0 0 
2 10 6 2 2 1 2 12 3 2 1 6 12 1 7 6 6 3 1 4 3 2 4 2 1 2 1 3 0 2 0 0 1 0 0 0 0 1 1 5 2 0 2 1 0 1 2 0 0 2 3 0 2 0 0 0 0 3 0 0 0 0 0 1 1 0 1 0 0 0 1 0 0 0 0 3 0 0 3 0 0 0 0 0 1 0 0 2 0 0 0 3 0 0 0 1 0 1 0 0 0 0 
22 38 36 5 13 37 36 33 30 12 15 7 22 15 17 17 17 13 15 10 11 15 18 22 17 1 2 16 0 6 0 13 0 1 0 0 0 10 6 25 7 2 0 2 4 12 10 4 10 21 1 3 5 3 0 0 0 6 0 1 1 0 1 0 5 3 0 2 0 0 1 4 1 1 1 3 2 1 3 1 1 0 0 0 0 1 0 2 1 0 0 6 0 2 1 3 0 2 5 1 0 1 
12 27 31 3 14 56 15 33 27 14 24 15 4 13 19 31 40 25 13 34 23 20 11 38 5 3 1 36 1 16 6 3 2 1 1 2 0 10 8 20 8 1 2 3 2 6 6 5 5 23 3 4 3 16 1 0 3 1 0 4 0 0 0 6 3 0 0 2 0 0 0 4 2 0 4 2 0 4 7 0 0 0 0 0 0 1 1 2 1 0 0 1 0 5 1 2 1 1 2 1 0 0 
55 71 79 11 19 82 61 75 73 42 25 67 51 2 7 31 71 70 51 44 58 69 27 67 23 1 6 87 10 1 0 4 3 3 0 1 0 3 5 20 10 3 2 1 1 8 1 5 5 4 14 6 8 12 5 1 9 23 0 9 0 0 0 1 0 1 0 0 0 0 0 0 0 0 5 4 0 6 25 5 2 0 0 0 0 0 2 1 0 0 0 1 1 0 3 3 1 0 0 0 0 1 
12 48 38 12 10 48 31 33 25 28 13 25 10 6 7 10 25 18 15 14 19 34 27 37 22 7 5 51 1 4 0 2 1 0 0 1 0 0 1 6 4 0 1 2 3 3 1 1 6 8 4 2 8 4 2 2 1 1 0 3 0 0 0 1 1 1 0 0 0 1 0 0 1 0 1 1 0 5 10 0 0 0 0 0 0 0 1 4 0 0 0 1 0 0 2 0 0 1 1 0 1 0 
62 106 71 18 44 96 67 79 82 98 52 115 107 45 28 15 110 114 76 103 121 85 124 159 75 17 37 204 7 65 18 37 36 29 24 22 25 5 8 38 43 1 16 9 24 25 28 13 16 49 20 13 16 10 7 4 13 29 0 7 2 0 4 12 11 2 0 4 0 1 6 5 3 0 11 14 1 15 26 3 2 0 0 2 0 4 2 24 10 0 0 8 2 18 3 10 0 7 3 2 3 4 
13 22 37 4 5 38 20 24 26 19 10 38 37 30 21 47 6 20 35 28 40 26 37 60 22 2 10 41 0 27 7 32 10 8 10 10 2 3 12 29 25 3 9 11 15 6 14 8 9 26 8 1 8 12 1 1 0 5 0 9 0 0 5 0 3 0 0 0 0 0 1 0 0 1 2 1 3 3 18 5 1 0 0 2 0 3 5 14 4 0 0 1 0 2 1 2 2 1 0 0 0 1 
8 19 16 1 4 19 13 25 15 9 10 22 22 17 14 40 15 6 13 15 15 17 38 64 7 2 5 42 1 26 6 12 1 3 13 8 0 3 12 18 15 4 3 3 11 9 11 5 4 21 4 4 5 6 0 3 4 5 0 5 0 1 0 6 0 0 0 0 0 0 0 0 0 0 4 1 0 4 6 3 1 0 0 0 0 3 5 15 3 0 0 1 1 1 0 0 0 1 0 1 0 0 
5 18 15 1 6 25 10 28 16 19 5 17 37 11 23 57 48 13 8 14 26 19 52 41 25 8 4 54 1 9 11 15 1 10 6 7 7 4 11 16 6 1 2 10 7 14 15 10 8 22 7 3 3 5 1 0 8 2 0 4 1 1 1 2 1 0 0 0 0 0 0 0 0 0 1 1 0 2 4 3 3 0 0 3 1 3 3 7 8 0 0 1 1 0 0 0 0 1 1 0 0 0 
6 5 7 1 1 12 11 6 6 5 0 7 7 9 6 19 17 5 1 1 1 6 8 23 6 5 13 65 0 3 1 2 4 2 1 2 0 2 7 2 12 1 0 0 0 1 4 2 3 3 3 1 3 0 1 1 0 4 0 1 0 0 0 0 0 1 0 0 0 0 0 0 0 0 1 0 1 1 1 0 0 0 1 0 0 0 0 4 1 0 0 0 0 0 0 0 0 0 0 0 0 0 
2 7 8 1 1 12 6 3 7 10 11 10 16 17 13 39 36 23 13 3 5 6 78 35 10 15 30 68 1 2 1 4 2 2 2 2 2 2 5 4 9 0 6 2 3 0 2 3 3 5 1 0 1 1 0 0 1 5 0 0 0 0 0 0 0 0 0 0 0 0 0 0 0 0 2 2 0 0 3 0 0 0 0 0 0 2 2 3 1 0 0 0 0 1 0 0 0 1 0 0 0 0 
0 3 7 4 3 2 6 7 4 19 0 8 17 15 15 27 17 14 4 5 1 0 9 7 8 9 16 23 0 2 0 3 11 3 2 9 1 0 3 4 2 0 0 1 3 1 2 0 0 12 1 0 0 0 1 0 1 3 0 0 0 1 0 0 2 0 0 0 0 0 0 0 0 0 0 2 0 1 2 0 0 0 0 0 0 0 0 5 2 0 0 0 0 1 0 0 0 0 0 0 0 0 
1 0 2 0 2 4 1 2 6 5 3 6 9 5 7 14 16 9 11 4 5 4 0 5 5 3 11 21 0 3 1 3 1 1 1 2 1 2 3 2 0 1 1 0 0 0 3 0 1 4 1 0 2 1 1 0 0 1 0 2 0 0 0 0 0 0 0 0 0 0 0 0 0 0 0 0 0 0 1 0 1 0 0 0 0 0 1 1 2 0 0 0 0 0 0 0 0 1 0 1 0 0 
1 0 2 1 1 4 3 8 5 3 2 12 7 5 9 21 26 12 19 7 12 8 6 3 12 9 35 55 0 4 0 5 5 3 1 3 0 1 7 5 3 0 0 4 2 4 2 0 1 9 0 0 0 0 0 0 2 0 0 1 0 0 0 0 1 0 0 0 0 0 0 0 0 0 1 0 0 0 5 1 0 0 0 0 0 0 0 5 0 0 0 1 0 0 0 0 0 0 0 0 0 0 
1 0 1 0 2 2 0 0 1 1 1 1 4 6 7 17 7 8 6 6 14 3 6 1 1 8 2 22 0 0 1 2 2 1 2 0 0 0 5 3 3 0 1 1 4 2 0 0 2 7 2 0 0 0 0 0 0 1 0 0 0 0 0 0 0 0 0 3 0 0 0 0 0 0 0 0 0 1 0 0 0 0 2 1 2 2 1 8 0 0 0 0 1 0 0 0 0 0 0 0 0 0 
0 0 0 0 0 0 0 1 0 0 0 0 1 0 1 1 1 1 0 0 2 0 4 17 0 0 0 1 0 0 0 0 1 0 0 1 0 0 1 0 0 0 0 0 0 0 0 0 0 0 0 0 1 0 0 0 0 0 0 0 0 0 0 0 0 0 0 0 0 0 0 0 0 0 0 0 0 0 0 0 0 0 0 0 0 0 0 0 0 0 0 0 0 0 0 0 0 0 0 0 0 0 
0 1 0 2 0 0 0 0 0 0 0 0 1 2 1 1 1 0 1 3 1 0 3 6 2 3 0 3 0 0 0 0 0 0 0 0 0 1 0 0 0 0 0 0 0 0 0 0 0 0 0 0 0 0 0 0 0 0 0 0 0 0 0 0 0 0 0 0 0 0 0 0 0 0 0 0 0 0 0 0 0 0 0 0 0 0 0 0 0 0 0 0 0 0 0 0 0 0 0 0 0 0 
6 8 5 1 3 2 1 6 8 6 6 16 22 17 20 32 20 24 18 16 17 20 34 26 9 3 25 1 1 2 0 4 5 1 0 0 1 2 14 6 7 3 0 4 6 4 1 5 3 6 3 6 2 0 0 0 0 5 0 1 2 0 0 3 3 1 0 0 0 0 0 0 0 0 1 0 0 7 4 1 0 2 1 0 0 2 0 12 5 0 0 2 2 2 1 0 0 0 1 0 0 0 
134 168 256 30 40 133 76 77 85 37 15 46 55 42 27 44 26 22 13 9 7 13 6 13 4 1 0 4 1 6 7 7 4 5 2 12 1 2 5 14 8 5 1 3 5 6 16 2 11 25 1 0 10 7 0 2 4 7 0 8 9 0 2 8 10 7 1 8 0 1 5 4 3 0 0 1 1 4 7 9 1 1 4 3 5 6 3 8 7 0 0 2 4 5 1 2 0 0 2 0 0 0 
2 4 1 0 0 7 8 4 2 2 6 1 10 3 1 6 20 12 4 3 8 2 8 4 1 2 1 3 0 9 104 132 86 30 63 56 77 51 69 86 27 13 11 10 11 18 21 17 18 66 3 1 6 0 6 1 1 3 0 7 6 0 5 12 48 21 7 12 4 9 16 4 4 0 4 6 1 2 11 9 5 2 2 2 2 1 2 51 8 0 0 2 0 1 3 4 2 4 2 2 0 5 
2 1 0 0 0 1 0 1 0 0 3 2 2 0 1 3 15 2 0 3 1 0 2 2 0 0 0 0 0 69 2 60 42 26 12 14 21 37 19 33 9 5 4 3 12 8 1 5 2 25 2 0 6 4 1 1 1 6 0 1 0 1 2 0 4 6 0 11 0 1 4 2 2 1 0 1 2 0 7 3 1 1 0 1 1 2 5 11 4 0 0 2 0 7 1 3 0 2 2 0 0 0 
6 4 4 0 4 5 2 0 1 6 0 3 5 1 1 12 13 8 3 3 2 4 3 6 1 1 0 9 1 66 37 12 20 18 31 32 50 53 66 69 25 6 26 13 31 15 15 11 15 54 4 3 2 3 1 1 3 3 0 2 3 0 1 7 9 12 5 2 0 5 8 4 2 7 1 3 0 2 8 2 3 1 4 3 0 4 4 25 8 0 0 8 2 5 5 4 0 4 2 0 1 1 
13 21 7 4 8 17 10 12 4 2 1 16 20 2 4 13 45 30 11 5 4 4 12 20 10 1 2 22 1 206 80 84 10 30 84 92 100 93 92 207 85 23 107 86 99 154 90 85 94 477 49 48 49 39 7 6 19 15 0 11 7 0 1 11 29 40 17 12 7 8 24 21 1 7 15 8 0 9 43 7 10 3 9 13 4 24 28 111 51 0 0 31 20 17 14 26 2 10 13 3 2 7 
1 5 5 2 0 2 1 2 0 0 1 0 1 0 1 9 15 7 2 4 4 5 6 3 2 0 1 9 1 103 21 29 14 4 21 16 27 45 39 48 23 3 24 9 6 25 34 12 14 65 5 5 4 4 2 0 15 9 0 4 3 0 3 1 6 7 4 3 2 11 13 3 4 2 10 2 0 3 12 1 0 0 1 3 0 1 1 22 7 0 0 11 1 2 2 10 2 10 1 0 0 1 
7 9 11 0 3 2 8 7 4 2 0 10 2 1 1 10 11 12 2 6 4 2 6 9 1 1 4 8 0 166 52 63 42 15 9 17 15 37 65 101 33 9 27 19 24 35 32 19 31 69 5 8 5 9 6 1 7 18 0 2 2 0 1 11 5 8 3 9 2 11 12 14 3 7 1 5 0 8 17 6 2 1 2 2 1 6 3 17 16 0 0 12 4 10 8 14 0 5 3 1 2 1 
1 6 4 2 0 0 1 2 1 0 0 0 2 0 4 13 15 6 3 1 6 2 0 1 3 1 0 3 1 103 46 37 20 12 8 3 24 23 52 61 29 7 4 13 13 8 9 14 13 50 2 5 5 2 0 0 2 2 0 1 2 0 2 4 14 10 2 6 1 3 10 9 1 1 0 1 1 0 4 0 0 0 0 0 0 3 3 10 4 0 0 9 2 2 1 13 1 3 1 0 0 0 
1 7 3 2 1 2 3 0 6 2 0 0 3 0 0 40 48 18 9 14 13 11 8 19 7 9 8 22 1 369 130 275 93 79 127 99 7 121 249 357 148 40 85 71 102 120 87 64 71 218 5 6 27 9 6 1 7 12 0 2 5 8 8 31 40 30 15 34 6 11 50 43 10 7 3 3 0 2 19 4 4 2 3 3 4 20 18 71 50 0 0 29 12 26 21 36 1 18 19 3 3 13 
2 12 6 0 3 10 9 12 1 3 2 11 7 2 5 2 21 6 9 11 6 5 11 3 3 1 2 14 1 165 59 136 52 54 54 60 44 3 42 144 82 24 40 47 44 83 42 38 48 135 4 1 3 2 0 0 2 1 0 1 2 3 8 11 22 11 8 6 5 3 17 14 2 7 3 2 0 0 5 3 2 1 0 3 2 17 15 40 42 0 0 15 7 17 5 20 1 11 5 0 3 4 
16 51 22 2 11 56 53 46 45 37 23 40 58 19 15 24 81 62 44 57 70 52 51 67 40 5 9 108 3 331 170 360 155 171 168 176 216 114 24 686 342 61 96 106 119 174 148 123 162 422 13 28 30 20 3 1 18 30 0 5 9 3 12 36 62 49 16 22 10 10 60 21 26 13 10 7 2 18 34 7 12 3 12 10 17 34 39 170 65 0 0 43 28 60 37 73 9 36 37 9 7 31 
16 13 10 0 6 14 6 16 9 9 6 15 13 8 7 20 20 9 3 10 10 11 4 17 6 0 3 16 1 71 36 65 39 37 35 24 50 71 172 9 17 27 27 40 36 43 61 42 68 192 5 5 12 3 2 1 7 5 0 5 1 1 1 7 4 12 2 2 1 2 7 3 2 0 3 2 0 5 16 9 6 4 6 18 9 4 10 20 25 0 0 6 10 9 6 26 1 8 8 3 2 4 
5 8 2 0 4 8 6 6 1 6 3 3 5 11 6 2 16 12 5 7 8 3 2 10 6 0 0 9 0 38 17 45 28 22 15 16 21 48 85 13 4 4 8 13 17 45 37 35 43 99 4 4 4 0 0 2 1 4 0 0 0 3 0 6 6 3 1 5 2 2 3 0 0 1 6 4 2 4 2 0 6 1 3 8 3 5 1 12 4 0 0 5 3 13 2 9 3 12 3 3 0 2 
0 2 3 1 0 2 0 1 0 0 0 1 1 0 0 1 4 0 2 0 1 1 0 0 2 0 0 1 0 5 1 11 0 7 3 3 12 10 16 11 4 1 2 9 12 6 12 6 8 23 0 0 0 0 0 0 1 1 0 0 0 0 0 0 0 2 0 1 1 0 1 0 0 0 0 0 0 0 0 2 2 2 7 3 0 8 2 7 3 0 0 0 3 1 0 4 1 1 1 0 0 6 
2 12 8 1 1 10 9 8 4 4 1 8 9 3 7 11 11 7 6 0 5 3 3 6 1 0 0 7 0 65 13 33 23 26 32 26 26 62 62 57 36 15 8 27 36 82 45 66 69 166 6 6 11 5 1 1 2 5 0 3 5 2 0 6 4 5 10 3 3 1 1 5 0 0 8 9 2 9 16 12 18 12 17 38 36 61 37 65 48 0 0 15 29 38 26 76 5 48 33 6 8 17 
5 7 7 0 4 10 4 13 16 15 7 1 8 7 15 7 17 16 7 6 3 5 3 12 3 1 2 16 0 45 15 52 26 24 35 32 35 75 78 137 68 47 26 14 78 143 121 130 194 303 6 13 15 8 2 2 9 13 0 11 0 1 1 4 12 13 2 5 1 3 3 4 3 0 4 10 1 24 34 31 29 25 30 34 47 123 85 132 73 0 0 86 46 83 41 142 13 91 43 10 8 27 
2 7 4 0 1 4 4 3 2 7 1 6 6 3 4 2 13 16 3 1 2 2 2 7 4 0 0 8 0 36 11 40 38 14 12 12 30 44 33 64 28 20 25 50 7 62 66 77 109 147 9 3 13 2 1 0 1 1 0 2 0 0 0 7 13 5 5 0 0 4 5 4 0 1 3 1 1 3 6 2 2 3 4 9 14 31 13 40 24 0 0 18 19 16 8 35 0 32 8 7 2 12 
12 20 8 5 5 5 10 17 9 9 3 14 17 3 3 7 22 25 10 7 10 8 10 15 5 1 1 16 1 50 32 73 52 37 24 48 75 80 91 191 147 27 72 151 122 16 118 350 399 605 8 11 18 12 3 0 9 11 0 1 0 1 2 15 18 6 4 4 3 2 11 15 5 5 5 4 2 9 16 24 18 5 19 38 35 72 64 166 54 0 0 43 33 53 24 71 7 40 43 12 4 25 
2 7 5 2 0 7 5 5 3 4 3 10 7 5 2 6 16 9 10 3 1 3 0 2 3 0 0 10 0 22 11 29 38 19 13 17 32 37 35 76 40 8 14 35 36 49 12 95 77 119 5 3 6 3 1 1 2 9 0 7 0 2 0 3 0 8 3 3 1 0 2 6 3 2 3 2 2 8 8 8 9 1 5 11 8 23 18 113 14 0 0 10 12 9 10 5 2 20 13 4 4 13 
3 4 2 0 2 5 1 2 3 5 1 1 2 4 2 2 9 5 1 2 2 3 1 4 2 0 1 2 2 15 2 17 12 8 13 4 18 19 33 27 20 6 18 28 27 81 46 1 96 156 2 2 3 0 0 1 5 2 0 0 0 0 2 2 4 0 1 1 0 0 5 1 0 0 1 3 3 4 6 3 4 3 4 8 2 7 13 54 12 0 0 11 11 12 8 28 3 12 5 3 2 6 
0 3 1 0 0 1 0 3 2 6 1 2 3 0 1 3 2 7 0 1 5 1 1 4 6 0 0 0 0 15 7 13 24 6 7 8 9 19 23 26 16 14 15 25 19 44 40 45 8 91 3 3 2 0 0 0 0 1 0 0 0 0 1 0 0 3 0 0 0 0 0 3 0 2 7 2 1 6 5 3 3 0 6 6 9 11 2 46 6 0 0 9 3 14 6 14 6 6 6 2 0 6 
14 34 25 5 9 24 22 22 31 19 20 28 30 23 21 17 39 42 20 6 22 16 12 22 17 2 7 43 3 142 43 144 143 88 72 68 132 213 217 263 208 49 97 187 248 381 300 597 982 29 23 11 29 22 0 4 20 17 0 4 2 2 2 21 35 32 13 13 3 6 15 20 12 4 22 11 3 29 55 47 47 13 44 73 46 103 45 471 80 0 0 49 38 74 53 115 12 82 87 14 19 43 
0 4 4 0 0 2 0 2 1 4 4 0 2 0 4 4 2 0 5 2 0 1 0 0 1 0 0 2 0 10 2 1 6 2 4 0 1 2 5 4 0 0 4 0 7 1 4 3 1 9 2 6 9 17 5 2 2 27 0 6 1 2 1 4 4 3 2 3 1 2 4 2 3 4 2 6 1 4 16 0 2 2 4 7 9 2 5 39 4 0 0 0 3 0 4 1 0 2 1 0 0 2 
0 0 1 0 3 5 1 4 1 1 2 1 6 0 0 4 0 1 0 0 0 0 0 1 0 0 1 0 0 2 2 6 2 1 3 2 0 4 1 8 1 0 2 2 3 5 4 4 3 6 2 1 4 32 8 6 9 16 0 11 0 1 2 1 1 16 1 8 1 5 3 3 3 1 4 2 0 6 28 3 6 6 10 13 3 3 3 31 3 0 0 4 0 0 1 0 0 2 2 0 1 2 
2 2 7 0 2 2 3 3 4 6 2 5 3 5 2 5 5 3 1 1 1 0 3 2 5 0 1 2 0 10 2 7 11 3 0 3 1 0 3 4 8 1 5 4 0 9 4 0 4 7 69 29 5 49 37 5 12 31 0 13 4 1 6 3 6 20 4 8 1 10 6 5 3 5 8 8 0 15 41 12 10 3 12 12 5 5 3 37 5 0 0 6 0 3 2 3 0 4 2 1 0 1 
4 5 2 0 3 5 2 1 0 5 1 3 2 3 6 6 2 6 2 0 0 1 0 3 0 0 0 0 0 6 2 2 1 1 6 4 0 2 2 5 0 0 2 4 2 2 3 2 3 7 13 14 8 0 6 1 6 16 0 14 6 1 2 9 7 5 4 4 0 3 2 2 1 2 2 2 2 8 21 6 7 2 3 4 3 2 1 16 3 0 0 2 2 5 0 0 1 0 1 1 0 3 
2 1 0 0 0 1 4 0 0 0 0 2 0 2 1 2 0 2 0 0 0 0 0 0 0 0 0 1 0 1 1 0 1 5 3 0 0 0 1 2 0 0 0 0 0 3 0 1 0 2 6 2 3 4 2 0 0 0 0 6 4 0 1 0 5 2 2 1 1 2 2 2 0 0 1 1 0 3 9 0 0 0 2 0 1 2 0 2 0 0 0 0 0 0 3 0 0 1 0 0 0 0 
0 0 0 0 1 0 0 1 1 0 0 0 0 0 0 1 0 0 0 1 0 0 0 0 1 0 0 0 0 0 2 0 1 0 0 1 0 0 0 1 0 0 1 0 0 1 1 1 0 0 9 1 2 2 4 0 1 3 0 2 0 0 1 4 3 2 0 0 0 1 0 2 1 1 0 0 0 0 10 0 1 1 1 0 1 3 0 2 1 0 0 0 0 0 0 0 0 1 1 0 0 0 
0 6 1 0 1 0 4 2 1 0 0 1 2 1 1 4 0 1 1 0 1 1 0 0 0 3 3 1 0 3 1 3 2 2 6 1 0 1 2 0 1 0 0 4 0 5 0 1 0 3 18 3 8 9 4 2 2 1 0 4 5 0 4 5 5 7 2 6 2 6 1 3 1 1 6 3 2 3 8 3 1 1 1 4 1 4 1 10 1 0 0 0 0 4 3 0 0 2 2 0 0 0 
5 3 8 5 3 19 3 13 7 5 5 5 8 3 5 13 4 3 1 1 0 0 1 1 1 0 1 0 0 1 3 9 2 2 3 4 0 2 3 2 2 0 14 4 2 6 1 3 2 11 26 16 31 34 11 13 7 2 0 17 8 0 3 10 7 19 4 6 0 3 4 4 2 4 33 33 16 15 55 9 13 4 13 21 20 11 1 6 3 0 0 2 0 4 0 4 0 2 4 0 1 0 
0 0 0 0 0 0 0 0 0 0 0 0 0 0 0 0 0 0 0 0 0 0 0 0 0 0 0 0 0 0 0 0 0 0 0 0 0 0 0 0 0 0 0 0 0 0 0 0 0 0 0 0 0 0 0 0 0 0 0 0 0 0 0 0 0 0 0 0 0 0 0 0 0 0 0 0 0 0 0 0 0 0 0 0 0 0 0 0 0 0 0 0 0 0 0 0 0 0 0 0 0 0 
7 10 9 0 1 3 2 3 1 2 3 3 4 3 9 11 5 3 0 4 1 4 3 2 2 0 1 9 1 26 2 4 2 2 1 1 0 2 3 2 1 1 1 4 1 4 3 0 1 2 12 10 16 16 7 4 10 31 0 0 0 1 1 6 12 12 6 5 2 6 17 12 4 5 4 6 0 13 12 5 9 4 4 5 6 3 1 8 0 0 0 0 1 3 2 2 1 1 0 1 1 0 
0 0 0 0 0 0 1 0 2 0 0 0 0 0 0 0 1 0 0 0 0 1 0 0 0 0 0 0 1 5 4 2 0 0 0 1 1 0 4 4 4 0 1 0 0 2 0 4 0 0 1 3 3 4 0 0 1 4 0 0 1 1 2 2 5 6 1 4 2 1 2 6 1 3 0 4 0 3 4 0 0 1 1 3 0 0 0 4 0 0 0 0 0 0 0 0 0 0 1 0 1 0 
0 1 5 0 0 3 1 2 0 1 1 1 0 1 0 0 1 1 0 0 0 0 0 0 0 0 0 1 0 3 1 3 1 5 2 2 0 1 4 10 1 0 1 1 1 2 1 4 1 3 0 2 0 0 1 0 2 9 0 2 2 1 0 10 8 6 2 3 0 3 3 2 2 3 1 1 0 3 4 1 3 1 1 3 1 3 0 2 1 0 0 0 0 0 1 2 0 2 2 0 0 0 
0 1 3 0 0 2 0 0 1 0 0 0 0 0 1 3 0 0 0 0 0 0 0 0 0 0 0 0 0 4 2 2 2 0 0 1 1 1 1 4 0 0 0 0 0 0 0 1 0 2 0 3 3 1 2 2 1 2 0 0 2 0 3 2 6 2 5 4 0 2 7 4 1 2 4 1 1 1 1 1 5 2 2 0 2 1 2 0 3 0 0 0 1 0 0 1 0 0 0 0 0 0 
3 3 5 1 0 6 2 2 5 0 1 1 1 0 0 0 3 1 1 0 1 0 1 0 1 0 1 0 1 28 0 5 2 1 10 9 9 8 12 15 5 1 4 7 3 11 4 5 9 14 9 13 20 9 4 1 5 21 0 13 5 5 3 3 12 23 13 7 5 23 26 36 4 27 7 10 0 8 28 10 5 4 2 3 1 0 2 8 1 0 0 6 2 2 1 0 0 2 0 0 0 0 
2 6 4 2 1 5 2 5 5 3 1 1 0 0 0 0 0 1 0 0 0 0 0 0 0 1 3 2 0 17 10 9 4 4 3 4 2 1 10 5 4 0 8 1 3 5 4 2 3 8 5 6 1 4 3 3 2 22 0 18 3 0 2 9 2 9 11 12 11 25 29 38 14 16 1 2 1 7 16 2 7 0 1 0 0 3 1 4 1 0 0 2 0 0 2 1 0 0 0 0 0 0 
1 3 3 1 3 4 12 2 4 4 0 5 1 0 0 1 0 0 0 0 0 0 0 0 0 0 0 1 0 19 16 14 5 6 8 3 3 0 5 5 6 5 6 3 3 4 2 5 6 20 8 2 12 4 4 2 15 8 0 12 7 3 6 12 13 4 8 19 9 25 38 27 15 22 6 6 0 3 25 3 8 1 6 3 1 6 3 8 6 0 0 3 0 0 0 2 0 0 0 0 0 0 
1 1 3 1 0 3 2 1 3 0 0 0 1 0 1 1 0 0 0 0 0 0 0 0 0 0 0 0 0 5 3 8 3 4 0 4 0 0 3 0 0 0 0 0 5 1 1 1 1 3 1 2 10 1 0 0 7 10 0 3 3 2 9 3 8 5 5 2 7 4 14 32 7 3 1 0 0 1 17 4 0 1 1 0 1 1 1 2 0 0 0 0 0 0 0 0 0 0 0 0 0 0 
2 6 1 0 0 1 1 1 0 1 1 1 0 0 0 1 0 0 0 0 0 0 0 0 0 0 0 0 0 8 1 5 2 3 2 1 0 0 2 4 0 0 2 2 6 2 1 0 3 4 5 13 5 6 4 2 5 15 0 6 6 1 3 5 15 6 1 0 4 3 30 25 10 24 2 3 0 5 22 2 1 1 1 1 0 2 1 2 1 0 0 0 1 0 0 0 0 0 0 1 0 0 
1 1 2 0 0 0 0 0 1 0 4 1 0 1 0 1 0 0 0 0 0 0 0 0 1 0 0 0 0 4 7 0 1 2 2 1 0 1 1 5 2 1 1 0 2 4 1 1 0 2 1 3 0 1 0 0 2 12 0 1 1 0 3 3 14 8 5 9 0 5 14 13 1 3 0 1 0 1 1 0 1 0 0 0 0 3 0 0 1 0 0 0 0 2 0 0 0 0 0 0 0 0 
0 0 4 0 0 0 4 2 0 0 0 0 0 1 0 0 0 0 0 0 0 0 0 0 0 0 0 0 0 1 4 3 1 2 1 1 1 0 7 2 2 1 0 1 1 3 0 0 0 4 3 1 9 1 2 1 5 8 0 4 1 1 0 4 8 22 14 7 1 0 23 17 5 23 0 1 1 1 8 3 3 1 2 0 2 1 1 2 0 0 0 0 0 0 0 0 0 0 0 0 0 0 
0 2 3 0 0 3 1 3 2 1 2 2 0 3 0 0 1 0 0 0 0 0 0 0 0 0 0 0 0 10 0 0 3 4 4 5 6 7 5 3 4 2 0 0 0 0 1 0 0 10 1 2 4 2 2 0 0 2 0 3 3 1 1 1 6 16 7 5 5 15 1 8 6 12 2 0 0 1 4 2 1 0 1 3 2 1 0 5 2 0 0 0 0 0 0 1 0 0 0 0 0 0 
2 5 4 0 2 14 3 1 1 3 0 7 3 1 1 0 0 0 0 0 0 0 0 0 0 0 0 0 0 14 2 14 3 8 4 8 4 2 3 3 6 0 1 7 3 4 1 0 2 4 5 1 2 4 3 2 9 4 0 3 5 0 2 13 24 32 19 32 20 45 114 1 51 58 2 3 0 2 18 4 3 1 4 1 0 8 1 4 2 0 0 0 0 1 0 2 0 1 0 0 0 0 
0 2 0 0 0 0 1 2 2 1 1 2 4 0 0 0 0 0 1 0 0 0 0 0 1 0 0 1 0 0 1 1 0 2 1 1 4 2 4 5 1 0 1 2 0 0 1 0 0 2 2 3 1 2 0 1 2 0 0 3 2 1 1 6 13 9 4 6 2 5 1 7 1 2 2 1 1 3 4 6 6 1 1 3 0 0 0 2 0 0 0 0 0 0 0 0 0 0 0 0 0 1 
2 1 7 0 1 0 8 5 2 0 1 3 0 0 1 0 0 0 1 0 0 0 0 1 0 0 0 0 0 0 0 3 0 11 1 1 1 6 0 4 0 1 1 0 0 1 0 2 4 3 1 5 3 4 2 1 1 13 0 7 1 2 6 1 16 13 4 20 8 31 13 29 2 0 0 4 1 4 20 5 4 7 3 2 3 4 2 3 0 0 0 0 0 1 0 0 0 0 1 0 0 0 
0 2 2 0 0 2 0 0 0 0 1 3 0 0 3 4 2 0 0 0 0 0 0 0 1 0 0 0 1 2 1 2 2 1 2 0 0 2 0 3 0 0 4 4 1 4 1 3 4 8 3 4 0 2 0 0 0 7 0 3 0 0 1 3 5 7 1 2 0 0 1 2 0 3 0 1 1 8 15 6 9 1 3 12 8 3 2 12 6 0 0 1 1 2 1 0 0 2 6 1 0 2 
0 1 0 0 1 0 0 0 1 3 0 0 0 0 4 0 2 0 0 1 0 0 0 0 0 0 0 0 0 0 0 3 3 0 0 0 0 1 1 0 0 0 2 1 1 2 0 0 0 8 2 0 1 0 4 1 3 8 0 2 1 1 0 1 0 2 0 1 0 1 2 0 0 0 7 0 2 10 15 9 4 7 9 10 4 8 0 20 4 0 0 0 0 3 1 4 1 3 4 0 0 3 
0 1 1 0 0 0 0 0 0 0 0 0 0 1 0 0 0 1 0 0 0 0 0 0 1 0 0 1 0 0 0 1 1 1 0 0 0 0 0 2 0 0 0 0 0 0 0 1 0 0 0 0 0 0 2 0 1 1 0 0 0 0 0 0 2 1 0 1 0 0 1 1 0 0 2 2 0 3 13 0 0 1 3 6 1 0 1 2 0 0 0 0 0 0 0 0 0 0 0 0 0 0 
0 0 0 0 0 2 1 1 0 0 0 1 1 0 0 0 2 0 0 0 0 1 0 1 0 0 1 2 0 0 0 0 1 1 1 0 0 0 0 7 0 0 1 0 1 2 2 0 2 5 3 2 4 2 2 1 3 5 0 4 4 0 0 1 0 1 1 2 0 0 1 0 0 1 14 13 7 1 8 10 9 3 18 17 6 12 3 12 1 0 0 2 0 2 1 0 0 4 1 2 0 0 
11 34 11 9 11 29 25 15 25 19 8 9 15 5 16 17 17 6 7 3 2 4 7 6 4 2 2 12 1 23 13 30 26 13 3 5 1 5 19 17 9 1 15 27 8 9 17 18 18 41 163 79 124 112 110 55 76 92 0 48 11 14 6 41 27 59 5 19 17 24 26 19 9 11 308 320 119 130 11 111 149 32 181 175 92 39 24 91 32 0 0 17 11 22 21 14 3 17 19 4 5 7 
1 1 1 1 1 0 0 0 0 3 0 0 0 0 0 0 2 0 1 0 0 0 0 0 1 0 0 0 0 3 0 0 0 1 3 0 1 0 2 2 0 0 1 3 3 5 2 6 4 12 4 1 8 3 0 2 0 2 0 2 0 0 0 1 0 5 1 0 0 0 6 1 0 0 7 8 9 19 12 1 4 21 9 18 22 17 3 30 6 0 0 1 3 3 2 4 1 3 2 1 0 1 
2 2 1 0 0 0 0 0 0 0 0 1 1 0 0 2 0 0 0 0 0 0 0 0 0 0 0 0 0 3 2 1 2 1 0 0 1 1 0 4 3 0 4 5 4 4 2 9 5 4 1 3 3 2 1 1 3 5 0 1 1 0 1 2 2 1 0 0 0 0 0 4 0 0 13 22 4 6 16 5 1 4 7 15 8 12 4 18 3 0 0 4 1 6 2 4 2 2 4 0 0 4 
0 0 0 0 0 2 0 1 0 0 0 0 0 0 0 0 0 0 0 0 0 0 0 0 0 0 0 1 0 0 0 0 0 1 0 0 0 0 1 10 2 1 2 5 6 2 0 1 3 16 8 1 4 11 3 0 9 10 0 6 1 1 0 0 1 6 0 3 0 0 4 0 0 2 7 21 4 8 23 12 9 0 5 11 3 8 5 24 6 0 0 2 1 9 4 2 0 3 4 0 0 1 
0 1 0 1 0 1 0 3 1 1 0 0 0 0 0 0 0 0 0 0 0 0 0 0 1 0 0 1 0 2 2 0 1 0 0 1 0 0 1 4 1 1 4 6 0 4 1 1 0 11 5 3 1 2 3 0 1 4 0 0 0 2 0 0 3 1 0 0 1 0 3 0 1 1 12 14 6 12 16 13 1 0 1 21 22 6 3 23 8 0 0 1 2 5 2 2 1 4 6 0 0 2 
2 8 8 0 1 2 8 0 1 1 2 1 3 1 2 2 2 0 0 0 0 2 1 0 0 0 0 6 1 3 1 3 1 0 0 1 1 0 10 13 7 4 12 20 14 22 9 7 24 45 8 14 26 17 13 4 25 16 0 8 10 4 1 4 2 4 1 4 1 1 6 2 1 1 70 68 21 78 100 76 99 40 141 9 93 62 43 85 28 0 0 10 13 45 11 22 3 22 7 2 0 7 
0 4 1 0 0 1 3 3 0 1 0 0 0 0 0 0 0 0 0 0 1 0 2 0 0 0 0 1 0 4 3 4 0 0 0 0 0 1 4 4 5 2 17 15 2 6 11 9 8 23 3 7 6 8 0 1 10 7 0 3 2 0 1 0 1 1 0 1 0 2 0 1 0 0 11 11 4 18 33 23 27 7 26 20 4 39 13 45 13 0 0 9 4 10 4 15 5 23 9 3 0 3 
3 4 4 1 1 4 2 1 2 7 0 5 1 0 1 0 3 3 1 2 2 5 1 1 5 0 0 1 1 10 1 9 5 7 5 6 6 17 17 6 6 6 21 36 17 21 25 22 28 73 10 6 15 8 6 2 6 12 0 2 3 2 0 3 5 3 0 3 1 1 1 2 0 0 6 9 2 24 22 27 38 14 26 42 58 4 10 41 24 0 0 42 11 32 12 33 1 21 12 6 2 7 
0 1 3 0 0 1 4 3 0 1 0 0 0 0 0 0 3 0 0 0 1 1 0 0 0 0 1 0 0 5 1 12 3 2 0 1 2 4 15 4 2 1 11 9 7 13 12 14 10 33 4 3 3 1 1 3 3 5 0 1 1 0 2 0 2 1 3 0 0 0 0 1 1 0 5 6 0 8 19 9 16 11 11 23 19 5 6 20 21 0 0 14 5 17 6 16 4 13 10 1 3 2 
14 19 22 1 2 9 5 5 7 8 2 6 7 5 5 11 5 12 1 10 6 2 5 4 7 1 3 21 0 44 22 33 44 14 19 18 34 46 66 39 25 15 85 61 80 156 165 93 132 601 34 20 28 19 11 2 11 26 0 11 5 2 0 8 7 7 2 5 2 2 5 6 3 4 30 25 7 37 64 34 32 23 47 110 57 96 38 8 34 0 0 69 33 77 28 88 8 48 34 10 8 79 
1 2 2 0 1 2 0 1 1 0 0 0 2 0 0 2 1 3 0 0 1 1 1 1 1 0 0 3 0 5 0 11 3 0 4 2 5 17 8 11 5 3 9 8 3 9 14 12 15 31 7 3 8 6 0 5 3 6 0 3 1 0 0 0 1 3 3 0 0 1 3 0 0 0 2 8 0 10 14 8 9 3 6 6 7 25 15 15 0 0 0 13 10 12 6 15 1 13 12 2 7 10 
0 0 0 0 0 0 0 0 0 0 0 0 0 0 0 0 0 0 0 0 0 0 0 0 0 0 0 0 0 0 0 0 0 0 0 0 0 0 0 0 0 0 0 0 0 0 0 0 0 0 0 0 0 0 0 0 0 0 0 0 0 0 0 0 0 0 0 0 0 0 0 0 0 0 0 0 0 0 0 0 0 0 0 0 0 0 0 0 0 0 0 0 0 0 0 0 0 0 0 0 0 0 
0 0 0 0 0 0 0 0 0 0 0 0 0 0 0 0 0 0 0 0 0 0 0 0 0 0 0 0 0 0 0 0 0 0 0 0 0 0 0 0 0 0 0 0 0 0 0 0 0 0 0 0 0 0 0 0 0 0 0 0 0 0 0 0 0 0 0 0 0 0 0 0 0 0 0 0 0 0 0 0 0 0 0 0 0 0 0 1 0 0 0 0 0 0 0 0 0 0 0 0 0 0 
6 7 9 3 1 6 9 13 12 6 7 16 14 3 8 12 16 10 4 1 6 4 4 3 3 0 0 9 0 51 21 58 28 29 26 31 50 85 117 90 54 25 74 112 86 159 117 103 201 274 8 14 12 14 8 2 23 16 0 7 3 0 2 11 21 14 6 6 0 3 3 5 1 1 18 8 3 28 44 47 53 23 51 85 82 109 103 284 122 0 0 5 81 123 48 390 20 191 99 17 14 38 
1 0 0 0 0 0 1 0 0 1 1 1 4 0 0 0 2 0 0 0 0 0 0 0 0 0 0 2 0 5 2 1 2 0 1 4 3 4 6 10 2 2 14 10 8 12 6 6 17 19 2 1 1 0 0 0 1 2 0 0 0 0 0 0 0 0 0 0 0 0 0 0 0 0 3 3 3 4 0 5 3 3 5 3 5 12 12 25 11 0 0 5 0 5 2 25 2 13 10 1 1 1 
0 1 2 0 0 2 2 0 0 0 0 2 1 1 0 0 0 0 0 0 0 0 1 0 0 0 0 0 1 2 5 3 8 1 5 2 9 11 6 8 5 3 10 14 12 8 10 13 20 31 5 1 3 6 2 0 4 5 0 3 0 0 0 1 4 0 0 0 0 0 1 0 0 1 5 11 5 14 19 4 13 3 6 15 13 16 15 41 14 0 0 18 5 0 5 42 3 25 23 12 3 9 
3 0 1 0 1 0 0 0 0 0 0 0 0 0 0 0 0 0 0 0 0 0 0 0 0 0 0 0 0 3 0 2 2 0 5 4 2 4 4 4 14 3 6 15 8 13 4 10 11 35 0 2 4 3 2 0 2 3 0 3 0 0 0 0 1 0 0 0 0 0 0 0 0 0 7 2 0 0 15 2 2 4 9 12 8 11 7 29 11 0 0 7 6 4 1 21 1 14 8 9 0 10 
1 1 1 0 1 5 0 2 2 0 3 1 0 1 1 0 2 2 0 0 0 0 0 1 0 0 0 0 0 4 3 5 6 3 2 4 6 4 5 4 6 1 20 14 17 17 17 9 14 25 0 0 2 1 0 0 1 1 0 0 1 0 0 0 1 1 0 0 0 0 3 0 0 2 2 1 1 6 8 3 8 0 6 13 10 15 3 45 17 0 0 12 10 22 8 3 0 31 7 2 0 31 
0 0 0 0 0 0 0 0 0 0 0 0 0 0 0 0 0 0 0 0 0 0 1 0 0 0 0 0 0 2 0 0 0 0 0 0 3 0 2 0 0 2 0 0 1 1 1 0 0 5 0 1 0 0 0 0 4 0 0 0 0 0 0 0 0 1 0 0 0 0 0 0 0 0 3 1 0 0 1 0 0 0 0 3 1 4 1 8 1 0 0 0 1 1 0 0 0 2 0 0 0 1 
0 1 2 0 0 0 1 0 0 0 0 0 0 0 0 0 2 0 0 0 0 0 0 0 0 0 0 0 0 0 1 1 0 0 2 1 3 3 3 3 2 1 3 4 8 1 7 10 3 14 4 0 1 1 0 1 1 0 0 0 0 0 0 0 1 0 0 0 0 0 1 0 0 0 1 0 2 0 4 4 5 2 9 8 5 5 4 29 14 0 0 3 5 2 1 11 0 0 2 0 2 2 
1 1 0 1 0 0 1 1 1 2 1 0 1 0 0 0 1 0 0 0 0 0 0 1 0 0 0 0 0 3 1 4 1 2 0 1 8 11 6 4 1 5 4 6 7 9 9 1 15 35 5 6 1 0 1 0 4 4 0 1 0 0 0 0 0 2 0 0 0 0 0 0 0 0 2 2 1 8 8 2 3 0 7 9 12 4 10 37 9 0 0 10 3 4 4 4 0 2 2 2 4 3 
0 0 0 0 0 1 0 1 0 0 0 0 0 0 0 0 0 0 0 0 1 0 0 0 0 0 0 0 0 0 0 1 0 1 1 0 0 1 0 1 0 0 1 0 1 0 0 1 2 6 0 0 1 0 0 0 0 0 0 0 0 0 0 0 0 0 0 0 0 0 0 0 0 0 0 0 0 1 3 0 0 1 1 1 2 0 0 8 0 0 0 2 0 1 1 2 2 0 2 0 0 3 
0 0 0 0 0 0 0 0 0 0 0 1 1 0 0 0 0 0 0 0 0 0 0 0 0 0 0 0 0 1 0 0 1 0 2 0 0 0 1 1 0 0 1 2 1 2 3 1 2 2 1 0 0 1 0 0 0 0 0 0 0 0 0 0 0 0 0 0 0 0 0 0 0 1 0 1 0 0 3 0 0 0 0 3 1 2 0 4 2 0 0 2 2 0 4 2 0 0 1 0 0 0 
4 8 8 0 1 6 2 5 2 2 4 5 5 4 1 2 11 6 0 2 0 0 2 0 1 0 0 5 0 19 9 13 17 9 10 12 24 27 23 32 12 8 77 53 36 64 60 36 41 128 17 16 8 7 2 0 2 11 0 3 2 0 0 2 5 3 1 1 0 1 5 1 0 1 15 8 1 7 29 13 14 12 31 27 26 34 30 122 69 0 0 42 22 44 63 69 6 45 10 4 2 4 
