2 8 23 8 13 21 18 7 20 15 8 23 16 20 20 31 18 8 10 5 3 14 1 5 4 0 1 8 22 6 1 1 5 1 1 0 0 5 7 8 6 0 4 5 7 7 3 3 6 15 4 3 5 2 4 0 2 6 0 3 2 2 1 2 2 5 0 2 1 1 3 1 2 2 2 4 1 2 4 1 1 0 0 1 5 2 1 17 2 0 0 1 0 4 0 1 0 3 0 0 0 2 
6 3 6 5 15 29 23 22 32 20 7 24 49 20 31 34 28 15 11 3 8 10 7 10 4 0 1 19 23 8 2 2 5 1 4 4 1 6 17 14 7 2 6 5 9 7 4 7 11 33 2 3 9 4 0 1 3 3 0 2 0 1 0 4 10 10 2 2 2 2 2 4 1 6 3 1 3 4 11 4 6 1 5 8 0 2 4 24 3 0 0 0 0 4 2 1 0 0 1 0 0 1 
16 10 3 7 1 24 13 28 21 13 6 18 36 17 41 37 7 8 13 25 10 25 4 7 5 0 0 11 37 1 2 0 1 2 0 0 1 1 9 10 6 1 3 3 1 6 4 5 6 12 4 1 5 5 1 2 1 4 0 0 0 0 0 1 3 7 1 3 0 3 3 4 0 1 1 3 1 1 8 0 1 0 0 3 1 3 2 16 2 0 0 1 1 3 0 0 0 2 0 0 0 2 
3 2 11 1 1 7 3 4 7 2 1 5 4 4 3 0 5 3 2 2 0 0 1 1 0 0 1 2 9 0 0 3 0 1 0 0 0 0 1 2 0 0 0 0 1 0 0 1 0 1 0 0 0 0 0 0 0 1 0 0 0 0 0 0 1 2 0 0 0 0 1 1 0 0 0 0 0 1 0 0 1 0 1 0 0 0 0 1 2 0 0 0 0 0 0 0 0 0 0 0 0 0 
11 6 4 3 1 7 3 2 4 7 3 9 8 11 14 13 1 4 0 3 0 0 4 4 0 0 0 1 4 1 1 1 3 1 0 0 0 3 4 3 2 0 2 0 2 0 3 1 1 4 3 0 3 2 1 0 1 1 0 0 2 0 0 1 3 2 0 1 0 0 0 0 0 0 0 2 0 0 2 0 0 0 0 1 0 0 0 6 0 0 0 0 0 0 0 0 0 0 0 0 0 1 
21 37 40 16 16 6 4 10 15 13 11 31 22 12 31 34 22 12 10 8 8 17 8 4 2 0 0 13 30 3 1 0 2 1 1 1 0 5 22 10 4 2 1 0 5 3 4 4 9 15 1 4 8 4 1 0 0 5 0 1 1 1 3 2 2 6 1 5 0 1 5 3 1 3 4 1 1 1 10 2 0 1 0 1 1 3 0 14 2 0 0 3 1 1 0 1 1 0 1 0 2 1 
18 21 14 7 7 9 4 10 9 9 3 19 30 28 22 20 11 13 16 5 6 7 6 7 5 0 1 8 19 7 1 2 4 0 1 2 0 3 9 15 3 1 3 0 8 12 2 8 4 16 3 2 7 1 0 3 0 6 0 2 0 0 0 0 3 5 0 3 1 2 4 0 0 0 0 1 0 3 4 1 0 2 0 1 1 4 0 11 0 0 0 0 0 0 1 1 0 0 0 0 0 0 
15 36 27 16 3 10 21 9 14 16 11 44 51 17 34 47 13 30 9 16 11 8 6 20 2 0 1 15 11 3 2 1 2 0 0 4 0 2 15 16 7 0 1 1 4 4 9 4 2 12 2 2 4 9 3 0 0 1 0 0 2 0 0 2 9 5 3 2 0 2 2 2 2 0 2 4 0 3 14 0 1 0 1 3 1 5 0 12 2 0 0 1 1 0 0 0 0 1 1 0 0 0 
26 41 50 11 7 31 39 12 3 7 8 25 35 34 33 36 25 9 14 11 11 14 10 17 3 1 2 14 12 4 2 1 2 0 0 0 0 7 7 11 8 1 2 1 3 2 4 4 5 21 1 2 3 1 0 0 1 4 0 2 1 0 0 1 2 6 0 3 0 2 1 0 1 0 7 4 0 1 8 3 1 0 1 2 1 2 0 8 0 0 0 1 2 0 0 0 0 1 0 0 0 3 
10 8 8 2 3 6 8 7 4 2 10 8 16 17 13 27 12 17 13 10 7 4 9 8 4 0 0 9 4 2 3 2 0 0 3 0 0 1 7 10 9 0 0 1 4 1 4 2 1 10 5 2 5 11 1 4 2 8 0 2 0 1 1 2 2 0 5 5 2 0 0 2 2 2 2 2 0 2 10 0 1 0 1 0 0 1 0 12 0 0 0 1 0 0 0 0 0 2 0 0 0 1 
8 9 15 2 8 14 7 2 8 5 1 11 10 6 5 23 9 2 5 4 3 10 7 5 1 0 0 2 1 2 0 1 0 0 0 0 1 2 5 5 2 0 0 1 1 1 3 0 4 12 0 0 3 2 0 3 2 6 0 0 0 0 0 3 0 1 0 1 0 0 1 1 0 0 1 1 0 0 4 0 0 0 0 0 0 0 1 3 0 0 0 0 0 0 1 2 0 1 0 0 0 0 
24 45 20 7 7 23 45 34 39 22 9 8 20 20 7 64 27 28 14 26 10 12 17 33 8 1 5 19 9 7 5 5 0 3 1 0 0 4 19 21 10 2 1 2 5 10 5 3 10 23 4 3 6 6 2 0 11 9 0 4 1 0 0 1 1 5 0 0 0 2 2 0 0 4 3 3 0 2 6 5 0 0 1 2 0 0 0 4 3 0 0 1 1 1 0 3 2 1 1 0 0 0 
22 35 41 2 10 84 75 77 45 45 35 41 2 37 34 79 39 22 39 21 21 27 23 45 11 0 3 33 7 13 4 11 7 2 2 1 2 8 22 8 4 0 8 4 3 6 4 8 5 19 6 2 7 2 3 0 5 17 0 7 1 0 0 3 4 2 0 1 0 0 2 3 1 2 3 3 0 2 1 0 0 0 0 0 1 0 2 4 0 0 0 2 0 2 4 4 2 2 2 0 0 1 
30 63 67 24 15 56 92 99 84 59 23 80 41 7 6 70 81 62 42 47 55 58 35 74 21 10 4 70 5 5 1 0 2 2 0 2 0 1 14 11 13 2 1 0 1 6 5 1 4 8 9 11 14 14 5 2 7 21 0 5 2 0 0 0 1 0 0 0 0 0 0 1 0 1 15 4 0 10 24 2 2 0 0 0 0 0 0 6 2 0 0 5 0 0 0 4 0 0 1 0 0 2 
21 41 34 6 15 43 47 34 32 34 30 37 27 4 1 16 32 31 21 31 23 22 29 55 10 6 5 78 5 3 8 6 2 0 0 2 0 0 10 15 6 0 1 2 1 2 6 5 3 12 6 1 7 3 2 2 7 6 0 1 3 1 0 0 1 1 1 0 0 0 0 2 1 0 4 7 0 2 3 0 0 0 0 0 0 0 0 3 1 0 0 0 1 4 1 0 0 2 0 0 0 2 
61 102 66 11 17 71 92 68 82 59 43 74 64 40 13 23 105 113 78 58 160 74 58 197 70 15 20 141 13 61 22 45 40 16 19 20 26 4 7 44 31 2 31 11 16 27 22 15 10 74 13 12 31 20 6 3 6 18 0 4 0 1 2 3 10 6 7 2 1 0 5 5 1 1 12 17 0 9 30 10 1 2 2 0 1 8 4 21 5 0 0 10 1 3 0 12 1 2 2 1 0 2 
13 32 28 6 4 49 37 22 30 29 22 42 51 27 29 88 8 33 23 52 64 48 39 111 19 8 16 47 5 46 7 37 10 13 14 9 4 5 24 37 17 3 9 5 9 15 12 10 8 44 4 3 12 8 3 3 3 11 0 3 0 0 1 3 3 1 0 1 0 0 1 0 0 2 6 9 1 6 15 1 3 0 0 0 0 4 2 11 9 0 0 2 0 1 1 2 0 1 1 0 0 1 
7 20 19 0 8 28 24 32 23 16 4 24 49 29 21 88 25 10 25 21 38 35 32 109 19 4 6 41 2 28 15 19 12 11 7 18 8 10 23 25 14 1 7 18 13 12 10 19 17 44 2 5 3 4 1 0 6 4 0 2 0 0 0 0 0 1 0 0 0 0 0 0 1 0 6 0 1 5 8 1 0 0 0 0 0 0 4 17 3 0 0 4 0 0 0 0 0 2 0 1 1 0 
9 19 11 4 6 11 18 27 28 15 8 44 57 51 76 90 158 143 6 66 233 111 117 176 38 12 29 67 0 18 21 19 11 12 16 20 2 2 33 34 13 3 3 4 7 13 12 8 12 38 7 3 3 4 0 1 6 2 0 0 0 0 0 6 2 0 0 1 0 0 0 0 1 0 2 0 2 3 2 0 1 1 3 0 1 5 1 13 5 0 0 5 0 1 0 0 0 1 0 0 0 0 
4 10 13 1 2 14 8 9 4 14 0 11 15 18 24 25 35 13 12 1 2 8 20 28 14 9 19 46 1 3 2 4 7 3 6 1 0 6 15 16 15 0 1 2 9 2 1 4 1 7 0 0 2 0 2 0 1 1 0 0 0 0 0 0 0 0 0 0 0 0 0 0 0 0 0 1 0 0 5 0 0 0 0 0 0 1 0 2 0 0 0 0 0 0 0 0 1 0 0 0 0 2 
3 6 8 0 2 15 11 6 7 12 8 10 20 27 8 51 37 12 18 1 2 8 45 29 11 13 37 59 0 4 1 0 4 2 2 5 0 6 16 23 11 1 6 1 4 2 4 3 3 12 1 2 2 0 0 0 0 6 0 0 0 0 0 0 0 0 1 1 0 0 0 0 0 0 1 0 0 0 2 0 2 0 1 0 0 4 2 1 3 0 0 0 0 0 0 1 0 0 3 0 0 0 
2 6 8 1 1 3 7 3 12 5 5 7 14 7 12 28 17 11 7 0 7 5 11 17 4 10 12 36 2 2 0 1 1 0 5 2 1 6 11 3 1 0 2 0 5 1 6 1 1 8 1 0 0 1 1 0 1 1 0 1 0 0 0 0 0 0 0 0 0 0 1 0 0 0 0 0 0 0 3 0 0 0 0 1 1 0 0 2 1 0 0 0 0 0 0 0 0 0 1 0 0 0 
5 1 5 2 5 9 4 4 3 3 2 7 7 13 9 28 13 11 13 5 11 12 0 7 10 5 2 34 0 6 0 1 4 2 0 1 2 5 3 8 4 1 1 0 0 3 3 2 2 7 1 0 0 2 0 2 1 0 0 0 0 0 0 0 0 1 0 0 0 0 0 0 0 0 0 2 0 0 2 0 1 0 0 0 0 0 0 4 0 0 0 0 0 0 0 1 0 0 0 0 0 0 
3 1 6 2 1 6 7 5 6 13 4 14 13 38 25 58 48 18 7 7 19 10 15 4 0 27 32 95 0 2 0 3 5 0 2 5 4 6 14 3 13 1 2 2 4 5 8 4 2 23 0 2 1 0 3 1 4 4 0 0 1 0 0 1 0 2 0 0 1 0 0 0 0 0 2 1 1 2 5 0 0 0 0 0 0 1 2 11 2 0 0 1 0 0 0 0 1 0 0 0 0 0 
6 4 1 0 2 7 9 3 8 6 7 11 8 9 24 29 18 7 11 7 4 6 3 3 1 7 13 54 0 5 3 5 8 2 3 1 1 2 13 6 3 0 2 9 11 7 9 6 5 21 1 2 1 1 0 1 2 3 0 0 1 0 0 0 1 0 0 0 0 0 1 0 0 0 2 0 0 2 4 3 1 0 0 0 0 2 1 16 0 0 0 1 0 0 1 0 0 0 0 1 0 1 
3 0 0 0 0 2 0 1 2 3 1 3 0 2 3 4 5 3 6 7 9 8 7 15 3 1 6 4 0 2 1 0 0 2 0 2 1 4 0 2 0 0 0 0 1 0 0 0 0 2 0 0 2 0 0 0 0 1 0 0 0 0 0 0 0 0 0 0 0 0 0 0 0 0 0 0 0 0 0 0 0 0 0 0 0 0 0 2 0 0 0 2 0 0 0 0 0 0 0 0 0 0 
0 0 0 0 0 1 1 0 0 1 0 3 2 3 2 4 3 3 3 2 7 3 7 11 1 0 1 11 0 1 1 0 2 0 1 1 0 0 1 2 1 0 0 0 1 0 1 0 0 5 0 3 0 0 0 0 0 0 0 0 0 0 0 0 0 0 0 0 0 0 0 0 0 0 0 0 0 0 0 0 0 0 0 0 0 0 0 1 0 0 0 2 0 0 0 0 0 0 0 0 0 0 
9 7 8 4 2 12 8 10 12 12 6 26 22 32 37 59 39 20 26 28 32 46 57 48 24 5 30 5 0 4 1 3 6 3 3 1 4 5 19 9 16 1 6 6 9 4 10 11 15 41 4 5 3 0 2 1 4 5 0 0 0 1 2 2 0 0 0 3 0 0 0 0 0 0 2 2 2 5 8 1 0 0 0 0 1 4 0 32 3 0 0 2 1 1 1 3 0 2 0 0 1 2 
102 116 179 23 36 147 98 58 68 33 18 38 33 42 44 41 22 21 27 19 18 8 5 13 10 0 1 7 4 10 4 6 3 2 6 2 0 5 9 27 17 0 6 9 11 8 9 15 11 52 4 4 6 11 2 0 6 6 0 8 0 1 0 4 9 0 3 5 2 1 3 6 4 1 5 1 0 9 22 3 6 2 4 5 3 0 6 8 1 0 0 0 4 1 1 4 0 2 3 0 1 6 
2 6 1 0 4 6 4 7 5 1 1 2 9 0 3 16 24 14 5 0 9 2 2 4 6 0 0 1 0 22 186 615 232 149 179 178 180 101 131 77 62 5 20 24 60 23 24 24 30 104 12 3 13 11 4 0 3 10 0 5 6 5 32 20 73 27 21 24 6 6 6 11 1 0 12 6 3 6 15 2 6 1 15 4 2 5 5 65 10 0 0 13 8 4 3 2 1 10 11 4 1 7 
2 11 2 1 0 1 1 3 2 0 0 4 1 0 6 12 4 6 3 2 3 8 5 2 1 2 0 1 0 111 6 70 105 29 44 50 69 77 42 55 28 9 19 3 26 15 14 29 5 66 2 0 17 4 0 0 2 0 0 1 4 0 0 15 15 8 4 14 1 5 2 3 0 0 3 1 0 8 24 1 0 0 3 1 0 4 3 28 4 0 0 2 0 0 12 2 1 3 1 0 0 2 
1 2 1 0 1 5 2 2 3 0 2 4 0 0 3 9 12 8 3 2 0 3 2 1 8 7 1 9 0 114 65 6 44 15 37 50 95 82 99 111 81 8 24 23 37 18 27 16 20 90 5 3 6 4 2 1 8 4 0 3 0 1 1 3 8 8 3 10 3 3 8 3 3 0 5 6 0 11 31 6 1 2 2 0 0 9 9 40 6 0 0 9 7 10 3 5 0 2 4 0 3 4 
5 9 4 0 2 3 11 3 3 3 2 4 10 10 2 20 23 33 7 3 3 4 11 11 14 1 2 16 2 144 109 59 10 15 50 44 72 79 138 90 85 9 24 36 79 71 64 58 55 268 17 11 23 8 1 1 10 10 0 7 2 3 0 6 16 20 9 6 4 9 12 17 5 8 12 1 0 8 28 3 2 5 1 3 1 7 8 83 23 0 0 13 5 8 6 11 1 9 8 0 0 10 
1 2 4 1 1 2 2 2 1 3 1 1 4 0 1 5 20 6 2 0 6 2 3 2 3 1 1 2 1 111 34 48 9 3 16 17 26 44 76 59 43 5 15 17 29 19 18 21 22 67 6 8 10 6 2 0 6 14 0 8 2 0 3 1 9 11 5 8 0 15 7 18 4 21 1 2 0 4 12 7 2 1 2 1 1 5 3 31 8 0 0 9 2 4 5 7 0 3 0 1 0 3 
4 2 2 1 1 0 5 0 3 0 0 7 2 1 2 19 22 16 11 2 4 9 3 16 4 1 1 22 0 215 84 116 34 16 5 14 54 72 105 143 69 11 31 31 37 51 25 35 44 116 11 5 10 9 8 3 7 10 0 6 1 0 2 13 9 12 2 8 11 13 19 29 4 4 8 2 0 3 18 4 1 0 0 3 1 4 16 40 24 0 0 28 8 24 6 16 1 8 4 1 0 2 
1 3 4 0 0 0 1 1 1 0 0 0 0 1 5 10 15 11 3 7 4 5 3 19 0 0 0 11 0 184 40 59 30 12 23 8 43 50 110 43 36 3 7 8 27 31 22 13 18 75 5 7 4 3 1 0 1 4 0 0 0 3 3 7 5 5 3 2 1 4 9 3 0 3 1 0 0 1 4 0 1 2 0 0 2 1 1 28 5 0 0 12 3 4 1 6 0 3 0 1 0 8 
7 9 4 0 0 1 6 1 3 1 0 2 2 1 1 26 23 19 8 21 18 16 7 22 2 2 0 18 2 397 185 272 95 89 110 150 18 128 296 410 188 36 72 85 138 134 109 92 99 374 6 10 18 14 1 4 9 10 0 1 1 1 10 22 15 33 16 17 13 11 35 42 16 7 9 6 2 5 10 0 0 0 2 0 8 19 20 63 40 0 0 39 17 23 16 40 3 23 18 6 3 10 
6 4 2 1 1 6 4 11 6 2 3 4 4 8 6 2 11 8 11 8 15 13 2 10 5 0 1 24 3 207 99 132 61 57 60 64 53 11 74 182 98 21 40 67 52 46 48 29 31 147 1 1 2 2 1 0 1 4 0 0 1 1 8 15 26 15 2 5 1 2 16 9 3 4 2 3 0 1 8 1 1 0 1 1 0 11 14 80 20 0 0 21 13 3 7 23 7 8 5 2 4 12 
25 40 22 6 10 24 44 28 38 16 20 46 48 10 14 9 76 55 26 29 75 52 50 80 32 6 17 87 5 268 117 277 146 131 126 125 267 89 17 626 355 34 124 143 137 153 115 92 125 530 20 16 22 19 5 3 16 28 0 3 5 5 3 23 54 44 13 17 3 10 37 32 17 17 14 10 4 15 37 11 11 5 16 14 5 30 36 166 57 0 0 53 22 40 19 79 7 40 29 7 9 32 
15 17 9 3 6 14 10 10 9 23 8 11 18 7 7 25 38 13 8 14 15 4 11 21 5 3 0 25 1 101 42 80 55 37 58 48 108 130 275 6 42 11 38 52 80 62 74 72 90 239 9 2 5 4 2 2 5 5 0 2 0 2 2 12 12 10 7 6 2 1 2 5 2 4 3 2 0 6 8 8 7 7 5 10 8 5 3 30 26 0 0 21 10 6 3 41 0 9 7 1 5 11 
2 10 7 1 0 5 10 5 4 4 3 1 11 6 3 10 17 15 3 6 14 6 6 6 3 0 2 13 0 62 44 45 24 23 17 24 40 58 133 40 4 12 17 23 27 27 43 59 43 159 6 2 4 1 0 0 0 4 0 0 0 2 2 0 3 4 0 1 0 0 5 7 1 4 7 3 1 3 4 2 2 3 1 7 4 7 5 18 5 0 0 19 5 7 6 5 1 3 4 4 1 6 
0 6 0 1 1 1 0 2 4 0 0 1 3 0 1 0 3 2 5 3 2 0 0 2 0 0 0 1 0 15 7 9 5 1 3 4 17 9 24 20 27 4 9 21 19 21 3 18 17 26 0 0 0 0 0 0 0 1 0 1 0 0 2 0 1 5 0 4 0 0 0 2 0 0 0 0 0 0 1 1 0 1 0 1 1 6 4 11 7 0 0 6 2 1 1 4 0 3 2 1 0 5 
9 9 9 1 2 5 6 6 7 6 1 4 10 2 1 14 18 14 3 2 8 3 3 10 3 0 2 8 1 40 24 50 21 20 19 23 51 54 112 61 26 19 21 57 37 40 44 69 72 157 3 3 4 10 1 7 5 4 0 1 1 1 2 5 0 9 4 2 0 0 6 4 2 1 19 7 1 13 18 20 8 11 13 27 33 48 32 70 53 0 0 32 41 30 27 73 8 70 26 6 3 31 
13 12 9 1 0 4 6 6 6 4 2 5 7 3 7 17 29 7 6 6 10 9 5 18 10 1 1 13 2 84 24 59 28 27 24 25 55 89 156 149 64 41 45 17 107 139 93 124 202 363 14 8 23 19 2 2 7 18 0 4 1 0 3 7 8 7 0 7 3 3 6 9 5 6 21 11 5 21 32 30 38 24 37 50 49 119 90 160 124 0 0 123 58 76 43 164 8 105 44 14 4 54 
6 12 12 0 2 5 2 7 6 4 1 7 12 4 8 5 7 10 8 4 7 7 10 21 4 2 3 9 0 59 20 41 22 21 20 13 34 54 65 80 34 20 30 73 5 79 80 111 146 252 6 4 11 1 2 1 3 0 0 1 0 2 1 5 5 2 3 3 2 3 3 8 1 1 10 4 0 6 8 7 8 7 9 10 13 36 17 52 19 0 0 30 11 22 13 34 3 33 22 4 3 11 
6 15 6 1 8 7 24 15 5 10 4 8 8 3 6 13 37 21 4 4 17 11 6 28 8 0 4 22 0 62 28 48 49 25 44 32 76 108 117 190 130 43 72 174 156 15 144 335 415 659 13 6 17 15 1 4 5 6 0 2 0 0 2 11 10 14 1 5 2 4 12 4 4 2 13 15 0 11 42 20 13 13 20 42 30 69 53 180 45 0 0 68 28 66 27 78 5 56 46 5 11 38 
2 10 11 1 2 9 8 2 6 2 2 5 8 8 2 8 17 13 2 0 3 5 3 7 5 0 1 9 0 26 10 29 27 19 21 20 47 48 65 123 68 26 20 58 55 81 12 171 211 324 8 6 13 5 0 0 1 3 0 2 0 1 1 3 7 6 3 2 1 0 3 9 1 2 6 2 0 12 11 11 9 3 6 17 10 37 31 116 26 0 0 20 12 35 24 38 1 36 27 1 1 12 
0 4 2 0 1 4 6 3 4 4 6 13 6 2 5 2 7 3 1 1 5 4 9 8 1 0 1 6 0 29 5 28 15 13 7 6 17 25 47 41 32 6 36 44 44 107 68 12 96 288 4 3 7 3 1 1 1 5 0 1 0 0 0 1 4 3 12 2 0 1 1 0 0 0 4 0 0 4 13 3 2 4 4 8 5 14 7 69 7 0 0 15 12 24 12 17 1 15 11 0 1 13 
4 5 3 0 1 2 3 2 8 2 0 2 4 0 2 2 7 6 4 6 4 3 0 4 4 0 1 4 0 42 2 21 19 33 13 9 31 33 37 61 27 3 19 35 41 84 29 72 6 221 4 3 1 1 0 0 1 9 0 2 1 0 0 14 9 3 0 4 1 1 3 3 1 2 3 4 0 2 7 3 4 3 18 9 7 11 6 71 10 0 0 32 3 17 6 17 2 6 13 1 1 4 
39 40 35 5 9 33 30 21 27 23 15 17 26 18 12 27 54 51 22 27 26 33 17 39 24 1 8 78 3 167 61 134 189 59 74 70 183 196 281 275 240 35 139 266 215 377 246 482 782 37 37 14 66 26 12 3 15 24 0 5 3 0 5 22 23 33 10 17 6 16 28 12 7 15 32 32 1 25 48 42 43 20 32 81 35 71 45 574 85 0 0 88 28 84 53 75 15 92 82 18 11 68 
5 5 5 3 2 10 4 3 4 3 1 4 10 5 7 8 5 4 2 1 0 7 0 5 2 0 2 7 0 2 0 8 14 4 8 0 0 1 5 8 0 1 5 9 10 7 5 5 7 19 4 9 39 32 16 7 25 21 0 16 7 1 0 9 7 15 3 10 2 5 9 12 3 7 3 7 0 6 55 7 4 4 6 10 4 8 8 38 6 0 0 7 4 6 1 7 0 4 2 1 0 1 
2 3 1 0 0 5 5 1 1 8 2 2 1 3 3 5 2 6 4 1 2 0 1 1 2 0 2 3 0 2 3 14 3 5 2 6 3 2 2 5 1 0 3 5 1 3 5 4 3 16 9 3 31 35 14 3 14 15 0 11 4 0 2 3 2 13 2 1 1 4 3 4 4 3 10 3 0 3 40 4 7 1 6 4 9 12 5 30 2 0 0 4 0 3 4 1 1 4 1 0 0 0 
2 5 5 1 3 3 10 6 1 3 7 5 11 8 4 11 4 3 3 0 1 2 3 6 2 0 0 15 0 13 6 8 9 15 2 3 4 1 10 7 4 3 5 6 7 8 5 5 13 43 69 50 5 42 13 10 22 36 0 15 11 1 1 14 20 21 8 31 4 10 9 18 3 16 13 16 4 16 49 12 9 5 5 26 10 12 11 42 8 0 0 3 1 5 5 7 2 4 7 2 3 5 
1 5 9 0 0 4 3 1 1 1 0 3 4 3 1 7 4 2 1 0 2 3 0 3 0 0 2 1 1 7 3 11 10 9 4 3 2 1 1 5 0 2 3 4 2 1 2 1 2 10 16 16 39 1 10 10 15 18 0 7 6 0 4 8 9 17 4 3 1 10 4 9 2 5 3 5 1 13 49 3 8 0 1 6 4 11 8 17 8 0 0 1 0 2 1 2 0 5 1 0 0 2 
3 1 1 0 2 1 3 0 0 0 0 0 4 1 4 0 1 0 4 0 1 1 0 2 0 0 0 2 1 1 2 5 4 2 2 0 0 0 2 1 2 0 0 1 1 2 0 0 0 4 6 5 16 6 2 0 1 8 0 3 2 0 1 1 2 1 2 2 2 5 7 4 0 3 3 9 0 6 28 2 1 0 2 2 5 0 1 8 4 0 0 2 0 1 0 0 0 1 2 0 0 1 
2 1 1 0 0 0 0 4 3 1 3 0 1 0 0 2 3 1 0 0 0 0 1 2 0 0 0 0 1 1 0 1 5 2 0 2 1 0 3 1 0 0 1 1 3 3 0 0 1 2 7 4 4 3 2 2 3 4 0 3 0 0 0 0 4 1 0 2 1 7 3 3 2 0 4 1 0 1 11 5 0 0 1 5 0 1 0 2 1 0 0 0 0 0 0 0 0 2 2 0 0 0 
1 5 4 1 2 2 3 3 3 0 3 1 2 1 7 2 2 3 1 0 4 0 1 0 0 0 0 1 1 2 0 4 4 3 2 4 3 1 1 1 0 0 2 1 2 1 4 3 2 8 7 5 15 10 4 8 1 9 0 5 2 2 0 7 15 7 0 8 2 6 7 3 4 1 2 10 4 9 46 4 4 1 2 17 12 3 2 18 1 0 0 1 0 2 0 0 0 1 2 0 0 1 
1 1 10 0 0 5 4 6 1 6 2 2 7 12 5 11 5 12 2 0 2 0 1 5 1 0 0 4 2 3 3 4 3 4 4 2 1 1 6 8 1 0 3 7 5 4 2 3 4 13 31 18 27 18 13 6 14 4 0 28 5 0 1 11 17 6 10 15 4 8 12 9 1 6 29 21 9 28 88 15 14 3 7 17 9 10 6 36 2 0 0 1 0 5 0 10 0 9 3 2 0 0 
0 0 0 0 0 0 0 0 0 0 0 0 0 0 0 0 0 0 0 0 0 0 0 0 0 0 0 0 0 0 0 0 0 0 0 0 0 0 0 0 0 0 0 0 0 0 0 0 0 0 0 0 1 0 0 0 0 0 0 0 0 0 0 0 0 0 0 0 0 0 0 0 0 0 0 0 0 0 0 0 0 0 0 0 0 0 0 0 0 0 0 0 0 0 0 0 0 0 0 0 0 0 
4 12 7 1 2 5 9 5 3 4 8 3 7 11 11 16 8 6 11 6 5 9 3 8 3 1 1 5 7 9 2 10 5 4 1 1 1 2 2 5 0 1 1 2 1 1 0 3 2 13 19 8 29 18 8 4 13 34 0 6 0 3 3 10 15 13 7 19 2 7 15 8 6 13 11 8 5 9 36 1 1 1 6 2 4 3 2 15 3 0 0 0 3 0 2 1 0 4 2 0 0 1 
1 0 2 3 0 0 0 0 0 1 1 0 0 2 1 2 0 0 0 0 0 0 1 1 0 1 0 0 3 5 2 0 1 1 2 0 0 0 6 4 0 0 0 0 0 1 0 6 2 5 6 5 5 3 6 1 1 5 0 2 0 3 0 4 7 13 5 4 0 6 4 6 2 6 6 7 0 5 7 1 3 2 0 1 1 1 0 5 2 0 0 0 0 0 0 0 0 0 0 0 0 0 
0 1 4 0 1 3 4 5 2 3 2 8 0 0 3 2 9 2 1 0 1 0 0 4 0 0 0 0 0 12 9 11 6 5 9 3 3 25 10 7 5 2 3 4 4 3 4 7 12 35 2 2 3 5 4 2 8 10 0 9 8 0 1 15 14 36 5 9 5 20 5 16 14 4 3 4 4 13 10 5 4 1 1 3 1 7 2 18 5 0 0 2 3 0 0 2 0 2 0 0 1 1 
1 10 0 0 0 5 3 1 1 0 0 1 1 0 1 0 0 0 0 0 0 0 0 0 0 0 0 1 0 6 6 1 0 3 2 0 0 1 6 0 2 0 0 0 0 2 1 3 0 1 2 3 4 1 3 1 6 3 0 4 0 0 1 0 7 15 2 7 2 2 4 2 5 3 3 1 0 2 10 3 1 0 1 1 2 1 1 1 0 0 0 0 0 0 1 0 0 0 0 0 0 0 
2 7 1 2 0 8 3 8 1 2 1 4 0 1 1 1 1 2 0 1 1 0 0 5 1 0 0 1 0 7 12 8 6 2 1 8 4 8 26 8 5 0 2 4 1 5 5 7 6 23 24 10 25 12 8 4 20 24 0 12 2 2 1 2 7 23 7 16 8 24 26 34 8 13 5 6 3 6 16 10 10 3 3 1 1 2 1 1 3 0 0 5 0 1 0 2 0 1 1 0 1 1 
1 9 3 3 2 2 7 11 5 1 1 2 0 0 0 3 0 0 0 0 0 0 0 1 0 0 0 0 0 23 15 14 6 6 7 7 7 2 12 5 7 3 4 2 9 4 5 14 4 18 6 9 8 8 6 4 12 26 0 9 6 2 0 5 2 16 12 11 8 27 44 42 19 19 5 6 0 12 19 5 5 2 1 0 6 2 6 10 1 0 0 0 0 0 0 1 0 0 1 0 0 0 
1 3 4 1 3 3 10 8 16 4 3 2 4 1 0 1 0 1 0 0 0 0 1 0 1 0 2 2 0 36 17 21 25 9 11 9 4 8 15 14 7 2 1 5 19 11 2 11 14 24 9 9 21 24 2 2 17 15 0 28 15 3 18 25 37 5 14 60 40 50 73 77 10 21 13 19 2 9 59 12 14 9 6 4 6 4 2 20 1 0 0 0 1 2 0 2 0 0 2 0 0 1 
8 2 0 0 0 3 2 2 4 0 0 2 0 0 0 0 0 0 0 0 0 0 0 0 0 0 0 0 0 12 2 5 3 3 0 2 2 2 7 0 2 0 2 2 2 2 4 3 0 10 0 3 10 3 0 0 6 4 0 5 4 2 5 6 10 4 2 5 11 12 28 43 14 7 0 0 1 0 6 0 0 2 1 3 2 1 0 6 1 0 0 0 0 0 0 0 0 0 0 0 0 0 
5 2 2 0 2 6 4 1 1 2 1 2 3 0 0 0 0 0 1 0 0 0 0 0 0 0 0 0 0 12 6 3 1 5 3 6 6 5 5 1 7 0 0 1 4 3 3 0 4 8 6 5 15 10 5 1 5 11 0 11 5 0 4 4 36 15 7 0 7 17 53 35 17 17 4 2 0 5 9 3 3 1 5 2 0 2 3 9 1 0 0 0 0 0 0 0 0 0 0 0 0 0 
0 1 4 0 0 1 0 2 0 0 0 2 1 0 1 0 0 0 0 0 0 0 0 0 0 0 0 1 0 11 6 2 0 12 2 0 3 3 2 2 2 0 0 1 2 1 2 1 0 3 2 1 2 3 12 1 5 2 0 4 5 0 2 8 13 39 12 12 0 9 30 60 9 4 1 1 1 0 8 6 0 2 7 2 1 0 0 2 2 0 0 0 0 0 0 1 0 0 0 0 0 0 
0 3 1 0 0 2 0 0 2 0 0 0 1 0 1 0 0 1 0 0 0 0 0 0 0 0 0 0 0 3 3 1 1 4 3 0 3 7 4 1 2 1 3 0 2 0 1 0 0 5 3 5 15 1 4 1 2 7 0 7 5 1 1 11 13 15 5 8 3 3 18 38 12 29 1 2 0 11 18 3 4 0 3 2 0 0 0 0 1 0 0 0 0 0 0 0 0 0 0 0 0 0 
0 5 1 0 1 1 2 4 0 4 0 2 2 0 0 2 0 0 0 0 0 0 0 0 0 0 0 0 0 3 6 2 4 8 1 4 10 3 7 8 2 0 4 2 1 2 1 1 4 16 3 3 4 8 1 0 1 3 0 9 3 1 2 6 14 25 5 21 11 17 2 54 6 48 8 1 0 9 14 1 1 1 2 5 3 1 2 8 1 0 0 0 0 0 0 0 0 0 0 0 0 1 
1 3 2 0 2 1 1 1 1 4 0 6 4 1 0 1 0 0 0 0 0 0 0 0 0 0 0 0 0 13 2 3 11 22 9 10 3 14 10 10 5 0 0 2 0 6 6 0 5 12 2 5 11 5 6 2 5 4 0 8 9 2 15 22 25 46 8 31 22 49 87 2 58 42 0 4 0 4 10 3 8 1 7 4 2 4 0 4 3 0 0 2 0 0 0 1 0 0 0 0 0 0 
0 0 0 3 3 2 1 6 1 5 0 2 3 0 0 1 0 0 0 0 0 0 0 0 0 0 0 1 1 7 3 1 2 3 2 4 3 0 4 2 2 1 4 3 2 3 4 1 3 5 10 4 3 5 4 1 4 10 0 11 5 1 1 7 12 11 11 11 2 20 9 21 0 8 3 9 0 2 12 2 0 0 1 7 0 1 0 1 0 0 0 0 0 0 0 0 0 0 0 0 0 0 
4 2 4 0 4 9 3 6 0 6 5 2 2 0 0 0 0 0 0 0 0 0 0 0 0 0 0 0 0 0 0 1 1 21 3 4 9 3 1 5 3 1 1 2 2 6 1 4 2 9 12 8 7 18 5 7 7 8 0 12 6 0 1 8 20 68 18 64 21 138 155 59 5 2 7 5 1 10 71 3 5 2 8 2 2 1 0 12 2 0 0 0 0 1 0 0 0 0 0 0 0 1 
1 1 0 0 1 1 2 2 2 3 1 4 3 2 3 4 2 1 0 1 0 3 1 0 1 0 0 1 0 3 1 5 3 4 1 1 3 2 5 2 3 1 1 4 6 6 7 3 4 19 7 4 6 5 1 1 3 5 0 8 5 2 1 5 6 7 4 0 1 4 0 1 2 1 1 3 9 8 54 6 14 3 6 32 10 11 4 37 3 0 0 3 1 10 8 8 1 4 16 0 1 8 
2 0 2 1 2 1 4 0 0 3 1 3 0 1 1 1 3 3 0 1 1 1 0 1 0 0 0 1 0 2 0 4 3 2 2 1 0 1 1 3 3 0 3 5 0 2 5 6 11 22 3 1 4 2 5 1 6 14 0 3 1 2 2 3 1 9 0 3 0 1 1 2 1 2 6 5 14 21 66 8 10 8 10 23 11 6 1 35 8 0 0 1 1 9 2 6 2 3 6 0 0 1 
0 0 0 0 0 0 0 0 0 0 1 0 1 0 0 0 0 2 0 0 1 0 0 1 0 0 0 1 0 1 0 3 0 0 0 2 0 0 1 0 0 0 2 1 2 0 1 1 1 2 0 0 0 3 4 0 3 4 0 1 1 0 0 0 0 2 1 1 0 0 3 0 0 1 5 0 1 6 24 8 4 2 2 4 4 3 2 6 0 0 0 0 0 2 0 0 0 0 0 0 0 0 
1 1 1 0 0 4 1 0 0 1 1 0 5 1 1 6 0 4 5 1 1 1 1 0 1 0 0 4 0 4 1 2 1 0 0 0 1 1 2 11 2 0 4 7 4 4 4 8 2 17 3 4 9 3 3 1 6 7 0 2 0 0 1 4 9 7 1 2 1 6 5 0 1 4 22 20 18 6 31 18 17 2 7 21 7 13 1 24 7 0 0 3 3 11 0 1 1 3 3 0 0 0 
9 15 19 4 3 19 34 11 9 19 5 9 8 9 14 23 15 12 6 2 7 7 2 14 9 1 3 15 2 39 10 22 28 33 12 10 5 2 12 15 12 1 28 30 18 18 15 22 27 85 128 68 171 132 76 34 83 142 0 54 10 13 12 20 34 49 23 26 9 23 19 29 11 29 286 281 80 95 20 101 143 38 77 130 91 37 18 128 35 0 0 19 9 20 19 18 4 21 8 8 3 14 
0 2 2 0 2 1 0 0 0 0 0 1 1 0 1 3 2 2 2 0 0 0 0 1 1 0 0 1 0 1 2 2 2 2 5 1 5 1 1 2 1 0 8 5 4 12 8 3 3 18 3 3 11 3 4 3 0 3 0 8 1 0 0 0 8 6 1 4 0 3 5 1 7 3 35 52 26 61 57 2 30 8 53 53 50 15 6 48 5 0 0 5 6 9 2 4 1 11 6 0 0 5 
3 2 3 0 0 2 0 0 0 0 0 0 1 0 0 1 0 0 0 1 0 0 1 0 0 0 0 3 0 2 1 4 2 0 1 0 0 1 0 1 2 0 9 6 4 7 2 9 7 13 8 3 1 10 2 0 0 3 0 1 7 1 2 3 4 3 2 1 1 0 5 9 0 1 10 17 4 10 48 10 4 5 15 41 22 10 13 33 6 0 0 2 4 8 4 3 2 7 13 1 0 4 
1 0 2 0 0 0 0 1 0 1 0 0 0 0 0 2 0 0 0 0 0 0 0 0 1 0 0 0 0 2 0 0 0 0 0 0 1 0 0 3 3 1 2 6 5 5 4 3 3 23 1 1 1 1 0 0 1 4 0 2 0 0 1 0 2 1 0 0 1 1 0 2 3 2 7 6 5 8 14 9 6 1 5 11 15 7 11 38 8 0 0 4 0 9 3 13 0 12 7 1 0 2 
0 0 0 3 0 2 0 0 1 1 1 0 0 0 0 0 0 0 0 0 0 0 0 0 0 0 0 0 0 1 0 1 2 1 2 0 0 0 1 6 0 0 4 3 12 1 5 1 5 16 0 1 6 7 0 0 1 7 0 3 0 2 2 0 0 3 3 0 0 3 4 4 0 4 10 20 1 25 27 11 4 4 4 54 16 15 12 53 9 0 0 7 2 9 1 3 3 9 8 1 0 1 
4 13 1 2 0 6 7 2 1 6 0 1 4 0 0 1 0 1 1 0 1 0 0 3 2 0 0 1 1 4 2 4 2 2 3 0 1 1 12 15 3 6 37 34 27 26 14 16 20 74 22 14 24 14 6 4 29 35 0 17 3 2 0 0 5 2 2 3 4 2 6 5 2 5 75 76 13 95 149 87 142 50 165 10 154 59 45 146 31 0 0 33 10 29 11 40 6 17 29 4 2 17 
1 3 1 0 2 0 2 2 0 0 2 0 1 0 0 1 0 0 0 1 0 0 0 0 0 0 0 0 0 3 0 3 1 0 1 0 2 1 4 7 4 2 21 20 4 7 10 9 7 36 5 2 9 17 4 0 11 22 0 3 1 1 0 1 2 1 1 0 1 0 2 0 1 4 9 12 4 65 68 114 129 22 90 72 3 49 23 80 11 0 0 13 17 22 7 13 3 21 11 1 2 2 
2 9 4 1 0 5 2 1 2 1 2 5 2 0 0 3 2 4 3 1 1 1 1 3 1 0 0 2 1 14 7 16 5 3 6 2 7 6 12 5 2 7 16 41 23 21 13 28 19 81 18 12 18 8 1 1 2 9 0 6 2 1 0 3 4 8 1 0 0 3 2 4 1 4 20 15 6 9 25 28 36 19 26 50 43 1 12 54 36 0 0 30 20 36 16 26 0 26 29 3 10 11 
2 4 3 1 1 1 1 5 1 1 0 1 0 1 0 0 5 2 1 1 6 2 4 1 2 0 0 1 0 10 0 6 9 1 2 6 4 6 11 8 3 5 12 43 8 18 13 14 18 37 3 6 3 5 1 0 4 2 0 2 1 0 1 1 3 1 0 0 2 1 4 7 0 2 12 6 0 11 16 10 15 13 14 27 13 14 10 34 30 0 0 34 10 15 11 18 1 15 6 0 0 8 
4 17 11 1 4 1 9 3 3 4 3 1 3 0 1 4 10 13 1 0 7 6 0 7 1 0 1 17 0 31 12 38 48 17 11 15 13 26 56 18 12 6 37 47 27 75 60 55 77 265 21 18 36 10 9 2 7 11 0 7 2 0 1 5 4 3 2 0 3 1 6 3 4 3 37 24 7 33 54 27 28 22 24 77 53 33 20 14 8 0 0 56 20 22 23 54 13 46 39 13 5 44 
1 2 5 0 0 2 3 0 3 0 0 2 3 1 0 1 0 2 0 1 1 0 0 3 0 1 1 8 1 8 2 10 7 3 3 3 4 16 21 14 2 6 21 31 11 8 13 24 12 38 8 7 7 8 0 1 1 4 0 3 2 0 1 0 1 1 2 1 0 0 2 1 0 1 7 12 1 16 10 12 20 5 10 12 19 30 24 31 5 0 0 17 12 15 3 33 7 12 12 4 3 18 
0 0 0 0 0 0 0 0 0 0 0 0 0 0 0 0 0 0 0 0 0 0 0 0 0 0 0 0 0 0 0 0 0 0 0 0 0 0 0 0 0 0 0 0 0 0 0 0 0 0 0 0 0 0 0 0 0 0 0 0 0 0 0 0 0 0 0 0 0 0 0 0 0 0 0 0 0 0 0 0 0 0 0 0 0 0 0 1 0 0 0 0 0 0 0 0 0 0 0 0 0 0 
0 0 0 0 0 0 0 0 0 0 0 0 0 0 0 0 0 0 0 0 0 0 0 0 0 0 0 0 0 0 0 0 0 0 0 0 0 0 0 0 0 0 0 0 0 0 0 0 0 0 0 0 0 0 0 0 0 0 0 0 0 0 0 0 0 0 0 0 0 0 0 0 0 0 0 0 0 0 0 0 0 0 0 0 0 0 0 0 0 0 0 0 0 0 0 0 0 0 0 0 0 0 
2 13 11 1 9 16 15 7 15 3 5 7 17 9 0 8 11 7 8 0 6 4 3 6 0 0 3 12 3 54 18 48 22 34 41 32 57 59 113 61 37 20 55 190 85 166 106 124 180 350 10 12 28 10 3 4 10 19 0 7 1 2 2 9 16 2 2 4 4 2 7 6 1 4 29 12 1 29 39 32 50 35 44 133 85 105 70 313 110 0 0 16 67 89 57 285 11 171 82 11 16 62 
0 1 1 0 1 1 2 4 1 0 0 2 0 1 0 0 2 0 0 0 0 1 0 0 0 0 0 0 0 6 1 3 2 2 3 2 2 8 15 3 7 3 15 23 10 11 16 19 14 42 6 1 3 1 1 0 0 1 0 2 1 0 0 0 0 0 1 0 0 0 0 1 0 0 1 2 0 5 8 3 5 3 8 14 5 23 26 38 21 0 0 48 4 2 5 22 0 12 11 2 2 7 
1 1 4 1 0 2 3 6 2 0 0 5 0 0 1 1 0 0 0 0 0 0 0 0 0 0 0 1 0 10 1 5 9 4 1 2 5 2 18 6 2 5 16 36 16 23 14 13 40 41 3 4 3 4 0 1 3 5 0 2 0 0 0 0 1 0 0 0 0 0 0 0 0 1 9 4 6 5 17 11 9 10 15 23 14 17 17 48 20 0 0 35 3 5 4 38 2 19 13 3 2 16 
1 0 1 0 0 0 1 1 1 2 0 0 1 0 1 0 1 2 0 0 0 0 1 1 1 0 0 0 0 7 0 5 2 2 0 2 3 2 16 7 6 3 14 18 14 10 15 22 19 55 5 8 2 1 2 1 3 2 0 2 1 0 0 0 0 0 0 0 0 0 2 2 0 0 6 4 0 5 9 7 6 7 7 21 12 10 20 50 23 0 0 20 11 9 5 14 3 20 5 3 4 20 
3 0 0 0 0 0 3 0 1 2 0 1 1 0 0 1 0 0 0 1 0 0 0 1 0 0 0 0 0 12 3 3 2 2 13 6 4 17 30 5 4 9 25 17 18 16 15 9 14 47 7 3 4 5 2 0 1 0 0 4 1 0 1 2 0 0 0 0 0 0 0 1 0 0 8 1 0 3 7 7 11 3 5 15 9 15 15 97 23 0 0 52 7 15 12 4 0 21 9 7 2 20 
0 0 0 1 1 0 0 1 0 0 0 0 0 0 0 0 0 0 0 0 0 0 0 0 0 0 0 1 0 3 0 2 1 2 0 0 0 0 1 2 2 0 1 4 1 3 0 3 0 6 1 0 0 0 0 0 0 0 0 0 0 0 0 0 1 0 0 0 0 0 0 0 0 1 0 0 0 0 1 0 0 1 0 2 1 6 6 11 1 0 0 2 0 2 2 10 0 1 0 0 0 0 
0 0 2 0 0 1 0 0 1 0 0 0 0 1 1 1 1 0 0 0 0 0 1 3 0 0 0 1 0 2 4 4 3 0 1 3 5 2 9 1 2 3 14 12 9 5 10 16 15 29 0 4 4 3 1 1 0 1 0 0 0 0 0 0 1 0 0 0 0 0 0 0 0 1 6 4 0 7 5 7 7 3 7 8 6 14 7 58 9 0 0 21 6 12 2 19 0 7 4 0 0 12 
3 4 0 0 0 0 1 0 0 0 0 0 0 2 0 0 3 1 0 0 0 0 0 0 0 0 0 1 0 4 1 3 1 0 2 3 1 2 9 4 2 0 15 18 12 12 11 4 12 49 2 0 2 3 1 0 0 0 0 1 0 0 0 0 0 2 0 0 0 0 0 1 0 0 2 1 0 1 7 2 4 8 10 11 12 6 5 57 6 0 0 7 3 9 5 4 1 1 4 6 1 5 
0 0 1 0 0 1 0 0 0 0 0 0 0 0 0 0 0 0 0 0 0 0 0 0 0 0 0 0 0 2 1 0 1 0 0 0 1 1 1 0 1 0 0 3 1 3 1 2 0 5 0 0 0 0 0 0 0 0 0 0 0 0 0 1 0 0 0 0 0 0 0 0 0 0 2 0 0 4 1 1 1 0 1 4 0 0 0 9 2 0 0 5 1 1 4 3 0 1 1 0 1 3 
0 0 0 0 0 0 0 0 0 0 0 0 0 0 0 1 0 0 0 0 0 0 0 0 0 0 0 0 0 0 0 2 0 0 0 0 0 2 2 2 5 0 5 2 2 0 1 2 3 10 0 0 0 0 0 0 0 1 0 0 0 0 0 0 0 1 0 0 0 0 0 0 0 0 1 0 0 0 2 1 2 1 3 15 4 1 0 13 3 0 0 6 1 2 0 0 0 1 1 1 1 1 
3 1 4 2 2 4 2 2 2 1 0 8 1 0 6 2 3 1 4 2 0 1 0 2 0 0 0 5 0 22 9 10 12 13 5 8 19 22 31 13 4 8 39 35 27 50 35 22 24 111 10 6 5 8 4 1 5 5 0 4 1 4 0 2 1 0 2 0 1 1 1 0 1 2 9 9 0 7 15 14 14 14 8 27 14 38 17 145 33 0 0 39 13 33 30 47 4 31 16 7 3 5 
