3 6 22 12 14 44 36 14 23 41 12 25 35 37 24 41 24 21 33 13 9 20 3 39 12 0 0 28 39 4 1 10 13 4 2 3 2 10 19 16 10 1 6 8 6 21 13 8 8 43 5 5 5 4 4 4 4 6 0 1 9 0 0 5 10 2 2 2 0 3 5 4 2 1 0 2 0 2 11 1 4 3 0 8 4 8 0 16 6 0 0 6 0 0 1 2 0 0 0 0 0 5 
9 10 23 3 14 70 32 24 69 27 17 43 43 51 40 44 31 27 31 22 12 7 1 27 10 1 0 27 70 1 0 3 17 2 9 6 6 6 23 25 18 0 10 16 11 11 10 6 13 74 3 3 18 4 2 1 2 8 0 2 0 0 1 5 6 3 6 9 3 2 4 2 4 5 4 8 0 1 26 3 1 3 1 6 3 5 3 34 1 0 0 7 3 7 2 2 0 3 1 1 0 7 
17 21 14 5 6 28 22 23 41 24 19 32 43 46 43 41 27 31 18 17 11 21 9 13 7 1 0 29 79 0 0 3 15 6 4 1 3 7 25 16 18 1 8 5 12 11 7 4 4 45 7 2 10 6 2 3 2 15 0 0 1 0 1 4 3 9 5 5 1 1 2 4 3 0 3 4 0 4 19 1 3 4 1 8 3 7 1 11 1 0 0 4 0 0 2 2 0 1 4 0 0 10 
0 11 11 2 2 12 5 11 7 7 6 4 10 5 8 9 5 5 6 2 2 3 0 6 3 0 0 1 15 1 1 0 3 1 1 1 1 2 1 2 1 0 0 2 0 1 0 1 1 18 1 0 1 0 4 0 0 1 0 0 0 0 0 1 1 3 0 0 0 0 0 4 0 0 0 1 0 0 0 1 0 0 0 4 1 0 0 2 0 0 0 0 0 0 0 0 0 0 1 0 0 0 
10 12 10 2 5 5 6 9 7 3 7 13 20 11 15 23 13 6 6 2 1 6 1 11 6 1 0 10 14 1 0 0 2 0 4 3 0 8 4 7 2 0 2 2 1 1 2 4 3 22 4 1 3 0 0 0 0 1 0 0 0 0 0 0 1 3 0 0 0 0 0 4 0 1 0 0 0 0 5 0 0 1 0 2 0 2 1 2 3 0 0 0 0 0 0 0 0 0 0 0 0 1 
26 37 15 18 9 5 14 16 21 14 13 28 74 57 31 56 34 13 30 8 14 12 8 21 9 2 1 16 31 1 0 0 10 1 2 0 4 6 24 7 7 1 6 10 2 9 10 7 1 46 2 3 7 12 2 1 0 1 0 4 1 4 0 4 2 4 1 2 0 6 2 7 1 1 4 1 0 3 10 0 3 1 0 4 1 3 0 10 2 0 0 5 0 4 3 0 1 0 1 0 0 3 
22 37 22 10 10 18 17 23 34 19 17 21 99 43 13 46 16 24 22 8 4 6 2 15 5 0 1 13 50 2 2 3 13 2 0 3 5 3 12 18 8 1 10 4 10 9 5 3 3 23 1 3 14 5 3 1 0 4 0 1 2 1 0 2 5 3 1 2 3 0 4 3 2 1 7 1 0 1 5 0 0 0 0 0 0 1 0 8 1 0 0 1 2 1 1 0 0 1 1 0 0 3 
26 20 23 6 7 20 27 7 16 16 15 27 99 63 29 55 26 14 14 9 9 10 8 16 9 0 0 12 40 4 2 2 5 4 1 0 3 8 22 14 6 1 1 8 5 7 3 5 5 11 3 4 5 7 1 0 7 4 0 1 2 0 4 4 6 5 0 4 2 4 6 3 2 3 3 1 1 2 11 0 2 0 2 2 2 1 2 8 1 0 0 3 0 2 1 1 0 2 1 1 0 3 
29 24 41 10 13 27 38 20 22 7 14 22 70 54 28 54 36 15 22 21 8 14 5 28 9 3 0 20 55 3 1 2 7 0 3 7 6 4 29 12 8 1 2 10 7 2 7 1 6 37 2 3 4 4 2 0 0 8 0 1 0 1 1 2 4 5 2 2 3 0 4 1 1 2 1 0 0 1 13 0 0 0 0 3 0 2 1 8 2 0 0 3 2 1 2 0 1 2 0 0 0 3 
14 15 17 6 11 21 20 11 13 5 9 19 53 52 23 30 26 17 14 6 3 12 5 23 13 0 1 19 23 4 2 4 3 3 0 0 2 1 10 10 3 0 1 1 3 5 7 4 3 15 14 3 8 4 4 6 2 3 0 1 0 5 1 2 7 7 4 2 1 3 3 2 0 2 4 8 1 6 18 1 1 0 2 0 2 3 1 5 4 0 0 0 2 0 0 0 0 0 0 1 0 4 
6 12 10 4 1 16 18 18 14 7 4 7 19 26 12 39 15 15 11 13 11 12 1 12 5 1 4 25 17 7 0 1 5 0 3 0 2 8 12 13 12 0 5 3 7 6 4 3 5 27 2 1 2 2 2 0 3 5 0 1 3 0 0 0 0 2 1 2 1 0 1 3 0 2 7 0 0 2 4 1 2 1 1 0 0 0 0 2 2 0 0 1 1 1 0 2 0 2 2 0 1 4 
28 53 28 13 14 28 35 41 33 15 6 9 40 57 35 55 24 23 25 11 5 16 10 52 15 1 10 34 18 13 4 4 8 0 0 0 2 7 19 22 15 2 4 5 8 7 11 7 2 34 7 5 4 4 0 1 0 8 0 0 0 1 5 0 2 1 1 2 2 0 1 5 1 0 11 4 0 0 18 1 0 0 0 0 0 2 0 4 0 0 0 5 2 0 0 0 4 2 3 1 0 4 
44 52 55 8 18 51 71 73 81 45 39 31 8 63 39 95 60 46 44 26 20 20 13 47 34 2 1 93 23 11 15 2 11 1 2 0 4 5 30 28 11 1 11 6 10 5 6 4 3 37 15 4 11 15 7 1 5 8 0 6 5 4 4 0 1 3 0 3 1 1 0 2 2 3 1 1 0 6 16 1 3 0 0 0 1 1 0 3 0 0 0 11 0 4 1 3 0 2 1 1 0 5 
71 130 126 14 40 127 153 111 132 103 40 128 86 15 66 103 122 91 103 57 123 100 55 154 58 11 19 135 50 8 8 3 12 3 0 2 2 8 23 20 21 0 4 14 7 19 11 10 6 43 19 10 19 17 1 5 13 34 0 11 6 3 0 0 3 1 2 1 2 0 1 3 1 0 17 8 0 8 72 10 3 3 0 0 0 0 1 2 3 0 0 7 1 4 3 3 2 2 1 1 0 5 
63 73 74 11 20 52 65 60 53 67 19 34 78 23 4 32 40 32 29 35 55 37 36 74 40 10 17 111 20 5 2 9 10 0 5 2 0 3 12 16 2 1 6 4 6 4 8 2 5 31 9 10 16 9 1 0 2 6 0 4 2 8 0 0 2 0 0 2 0 0 0 2 0 0 3 5 0 6 8 1 2 0 0 0 0 1 3 3 0 0 0 2 1 0 0 3 0 0 1 1 0 2 
49 83 37 9 18 76 55 66 83 80 41 47 88 60 23 11 53 97 72 52 111 62 75 178 56 10 13 163 35 44 6 29 32 11 13 15 28 3 16 43 29 7 21 13 18 28 10 12 5 46 17 13 20 17 2 1 7 17 0 8 5 0 1 4 9 3 0 1 1 1 1 2 0 2 11 5 0 4 32 4 1 1 2 1 0 1 4 37 6 0 0 11 3 4 3 8 0 0 3 0 1 4 
22 53 23 5 11 64 45 45 70 36 19 46 85 90 33 82 12 41 67 30 89 52 47 131 28 3 8 83 16 41 19 32 58 9 21 16 22 15 43 47 31 4 23 19 22 25 24 10 6 95 9 2 18 4 2 4 8 6 0 4 3 4 2 2 5 2 0 1 0 0 3 2 2 3 9 3 1 4 21 3 0 1 0 1 0 5 1 23 3 0 0 8 1 1 3 2 0 0 2 0 0 4 
15 20 16 0 5 17 20 27 29 19 16 28 55 74 24 86 39 11 37 16 39 27 30 57 21 4 8 64 13 35 24 17 13 10 19 9 14 17 49 22 28 7 8 21 17 14 13 8 11 67 9 3 7 5 2 0 4 4 0 4 0 1 0 3 0 0 0 1 0 0 1 0 0 0 6 0 0 1 14 3 4 0 0 2 0 2 7 10 3 0 0 5 1 2 0 2 0 1 0 0 0 4 
9 19 29 0 1 25 17 23 27 21 4 33 47 68 25 67 55 32 7 25 55 27 23 77 24 10 10 75 20 26 10 14 16 4 12 9 15 11 42 13 9 0 3 8 11 21 12 11 5 49 4 1 7 1 1 2 1 7 0 4 0 1 1 1 0 2 0 0 0 0 0 0 0 0 3 0 0 0 14 5 0 0 0 0 0 3 2 10 1 0 0 10 0 0 0 0 0 0 1 1 0 1 
11 20 14 1 3 6 24 24 9 13 11 12 22 28 19 43 26 21 29 3 8 9 15 58 19 10 18 74 5 11 4 6 1 3 3 7 6 5 20 7 10 0 2 5 6 11 5 2 3 17 1 2 5 3 2 1 3 3 0 1 0 1 0 0 0 0 0 0 0 0 0 0 0 0 3 3 1 2 14 1 0 2 0 1 0 4 4 6 0 0 0 1 2 0 0 0 1 0 0 0 0 1 
5 9 12 3 2 7 14 5 30 25 3 13 22 45 33 82 53 34 78 6 5 11 24 64 28 14 26 102 7 6 2 2 7 0 3 1 4 5 32 9 16 2 4 3 7 8 4 3 2 22 2 0 2 2 0 1 0 1 0 1 0 1 2 0 2 0 0 1 0 0 0 0 0 0 0 1 0 2 3 1 0 0 0 0 1 7 1 11 5 0 0 3 0 0 1 1 0 0 1 0 0 0 
13 12 12 3 0 15 13 13 22 15 7 15 33 35 18 47 23 21 42 3 3 5 12 25 9 10 4 62 7 3 6 1 13 1 3 6 3 5 25 7 1 0 2 3 6 8 5 2 0 12 2 1 1 1 3 1 0 4 0 0 0 0 0 0 1 0 0 0 0 0 0 0 0 0 1 1 0 1 4 4 0 0 0 3 0 0 0 5 1 0 0 4 0 0 0 1 0 0 1 0 0 1 
5 17 6 0 8 21 19 16 18 12 20 19 27 44 40 80 39 37 37 10 42 23 1 25 10 8 5 76 2 8 3 7 17 1 7 28 7 16 14 14 8 1 2 3 3 3 3 3 5 17 2 3 5 3 0 1 3 10 0 1 0 2 0 3 0 0 0 0 0 0 0 0 0 0 6 1 0 1 10 0 3 0 0 0 0 0 0 4 0 0 0 0 0 0 0 0 0 0 3 0 0 1 
13 22 12 0 7 23 15 26 12 31 12 35 34 29 38 87 54 36 54 19 38 10 14 10 8 22 38 105 11 4 5 5 28 2 10 2 17 12 38 16 22 5 0 5 10 18 9 12 10 85 8 2 15 1 4 5 2 4 0 1 1 2 0 2 0 1 0 0 0 0 0 0 0 0 6 2 0 2 14 2 1 0 1 2 0 1 0 21 4 0 0 3 1 0 0 0 0 0 1 0 0 2 
35 32 19 2 10 20 24 11 18 41 12 58 55 44 31 75 46 28 37 21 22 15 15 17 9 4 14 67 7 26 11 9 46 8 21 7 8 9 35 36 40 5 12 16 20 17 39 21 21 147 24 9 31 9 6 7 3 14 0 1 1 1 0 1 2 0 0 0 0 0 0 0 0 2 7 9 1 5 25 2 2 1 4 1 0 4 3 42 5 0 0 6 0 0 2 1 1 0 0 0 0 1 
0 3 0 1 1 0 0 0 3 4 0 2 4 6 3 7 8 5 10 5 14 17 7 28 3 0 2 17 0 1 0 1 2 0 0 0 1 2 2 0 0 0 0 0 0 2 0 0 0 1 0 0 0 1 0 0 0 1 0 0 0 0 1 0 0 0 0 0 0 0 0 0 0 0 0 0 0 0 2 0 0 0 0 0 0 0 0 0 0 0 0 0 0 0 0 0 0 0 0 0 0 0 
0 2 0 0 0 1 0 4 0 1 1 0 4 4 5 9 4 6 5 8 35 37 24 26 4 5 2 24 0 0 0 1 0 0 0 1 0 0 1 1 2 0 0 0 0 1 0 1 0 3 2 1 0 0 0 0 0 0 0 0 0 0 0 0 0 0 0 0 0 0 0 0 0 0 2 1 0 0 1 0 0 0 0 0 0 0 0 2 0 0 0 0 0 1 0 0 0 0 0 0 0 0 
32 24 22 5 14 23 23 25 24 47 18 43 82 79 77 142 65 69 73 59 120 202 196 149 97 21 54 7 7 8 3 15 27 6 8 5 19 25 58 32 50 0 15 12 26 23 23 18 14 143 17 3 18 11 6 3 3 9 0 8 1 2 0 1 2 0 1 0 0 0 0 0 0 0 5 6 1 4 21 0 2 4 2 5 4 3 3 58 7 0 0 4 1 2 1 1 0 2 3 0 0 8 
76 122 75 33 27 117 84 79 86 35 18 50 62 66 35 55 26 30 40 14 21 39 1 25 8 0 1 20 7 11 3 6 5 3 8 4 1 11 40 26 19 2 10 10 22 17 11 9 17 44 2 8 17 3 3 2 3 4 0 1 3 0 0 3 9 6 3 5 2 0 6 12 0 2 1 1 2 3 9 1 7 2 4 5 1 4 2 11 1 0 0 8 0 6 0 3 1 1 1 0 0 8 
2 6 3 1 1 3 4 6 2 5 3 7 7 1 5 21 42 17 16 0 5 5 3 23 5 0 2 9 8 22 110 126 282 60 87 140 233 137 235 126 77 8 39 52 41 53 49 27 36 247 10 3 15 11 6 3 2 10 0 13 2 0 2 10 37 31 4 20 5 8 8 22 2 1 10 4 4 10 23 4 8 4 4 5 2 12 10 65 13 0 0 28 10 7 7 6 1 6 8 0 2 23 
1 3 1 1 0 2 0 0 2 5 0 1 1 1 0 5 12 7 10 0 1 3 0 10 1 1 0 3 2 104 6 76 99 26 51 42 76 52 72 45 23 1 22 11 14 13 13 4 7 52 3 1 3 1 2 0 9 6 0 3 1 1 4 5 13 11 4 7 3 2 1 7 0 0 0 0 1 3 9 2 4 1 0 3 0 3 2 19 5 0 0 11 2 0 1 6 0 12 0 0 0 6 
2 2 4 0 0 0 5 3 5 0 2 1 4 2 5 9 40 21 9 8 3 2 3 7 5 1 0 2 0 139 78 12 99 34 69 80 181 132 180 75 53 10 34 34 37 54 30 15 33 141 5 4 12 8 4 1 4 3 0 8 6 5 1 11 9 27 12 3 3 4 6 1 4 2 5 2 0 3 15 1 1 0 0 4 2 9 8 41 14 0 0 32 3 5 9 9 0 3 5 0 1 15 
23 22 7 4 2 14 25 9 4 8 7 14 23 6 4 43 49 29 32 15 12 21 12 65 32 2 2 41 10 369 172 161 27 75 123 129 246 155 281 234 200 25 147 125 147 213 162 113 137 1087 79 42 113 41 13 12 31 45 0 21 11 6 3 7 18 47 13 25 11 30 21 44 10 9 34 14 3 15 108 17 10 9 11 8 13 37 23 250 53 0 0 64 20 28 16 26 0 13 9 3 3 78 
3 4 3 1 1 4 4 2 1 6 1 0 2 1 1 6 11 10 4 2 0 4 2 5 4 0 0 7 6 77 37 33 37 7 24 13 69 42 97 42 38 3 27 22 23 32 18 16 15 96 11 5 9 19 4 1 6 7 0 8 2 5 3 2 12 17 12 14 6 9 7 21 5 16 2 5 1 4 18 8 1 0 1 1 2 4 3 18 14 0 0 17 2 5 3 5 0 2 0 2 1 10 
4 2 5 0 0 3 3 1 2 0 0 3 8 0 4 16 25 15 10 9 12 20 8 19 5 2 0 15 4 169 59 121 100 15 14 29 121 77 125 116 53 6 62 49 48 57 48 20 31 152 6 9 10 4 2 5 10 9 0 4 1 9 7 17 9 19 9 9 2 10 19 25 11 5 11 5 0 2 27 5 3 0 2 1 0 6 7 31 13 0 0 35 10 7 10 9 0 9 5 7 1 12 
6 5 1 0 0 1 2 5 2 0 0 1 1 0 0 8 13 11 4 4 2 6 6 19 6 2 2 15 5 187 61 81 129 44 38 5 129 64 115 81 42 6 32 29 45 45 30 22 20 161 3 5 1 5 1 0 1 2 0 0 0 10 6 5 6 15 5 3 0 5 6 10 3 6 1 0 0 0 8 3 0 0 2 0 0 2 1 27 8 0 0 9 9 6 3 15 1 3 1 2 1 16 
15 10 6 1 0 1 3 6 8 4 0 3 7 0 1 35 40 35 20 11 20 13 10 40 17 2 9 37 7 563 202 378 373 139 175 203 26 195 573 454 229 52 112 166 167 193 132 81 84 491 13 16 31 14 5 2 11 5 0 2 0 15 17 49 32 43 19 18 8 17 61 46 24 13 17 5 0 7 44 4 2 7 0 4 4 25 21 117 47 0 0 97 31 37 22 33 11 24 20 7 2 76 
11 7 3 0 0 6 7 7 16 8 1 10 13 7 4 1 15 14 11 4 8 9 12 33 7 1 2 25 14 175 44 110 124 46 54 58 92 11 134 130 95 24 72 92 70 93 79 30 38 186 12 10 16 8 1 3 3 12 0 1 2 11 5 12 7 9 2 3 3 3 17 10 6 4 5 5 0 3 15 1 1 1 0 5 0 14 6 69 24 0 0 44 14 14 8 7 2 5 8 3 3 25 
28 27 25 3 10 41 41 27 44 37 19 34 41 19 9 10 54 62 39 21 42 50 33 101 25 6 9 90 15 351 107 400 308 132 141 121 370 127 31 460 272 31 110 167 164 153 120 86 81 550 18 25 37 17 7 2 5 18 0 7 5 13 10 39 63 41 13 35 11 13 39 44 11 13 13 3 1 3 56 8 25 7 1 23 10 30 31 160 37 0 0 124 11 24 14 39 4 28 20 3 4 64 
16 25 21 6 0 11 12 16 16 18 4 18 26 10 11 14 27 10 18 7 19 6 5 22 8 0 3 19 5 99 40 63 143 44 83 45 218 126 367 14 53 32 54 92 62 113 74 57 48 285 10 4 11 2 4 2 5 6 0 4 4 11 1 7 14 10 4 6 1 2 8 3 7 6 8 3 1 5 14 5 5 6 6 16 8 6 9 22 26 0 0 36 3 10 5 14 0 3 1 5 3 36 
13 18 20 1 2 8 16 9 14 17 2 2 10 4 4 18 33 13 3 11 11 5 8 25 12 1 1 37 8 79 29 71 101 38 44 34 129 94 250 54 11 22 49 80 53 98 75 39 48 259 5 4 10 3 2 1 2 1 0 0 0 7 1 14 13 9 2 4 1 0 4 6 1 1 9 2 0 3 15 3 1 3 5 15 7 20 12 26 9 0 0 35 10 10 14 10 3 8 8 1 2 28 
0 3 0 1 1 1 2 0 2 6 1 6 3 2 2 3 4 3 3 1 1 1 1 3 1 0 0 0 1 8 4 6 11 5 13 5 32 14 25 26 9 5 16 31 23 25 25 9 14 55 2 4 0 0 2 0 0 0 0 0 0 0 0 0 0 1 0 0 0 0 1 1 0 1 0 0 0 0 3 3 3 1 2 10 0 7 2 15 3 0 0 5 3 5 0 4 0 5 6 1 2 5 
5 9 9 2 2 6 12 6 9 9 3 2 8 6 10 7 18 19 4 8 7 4 1 16 3 1 0 7 12 67 32 34 114 22 36 35 87 70 131 82 67 18 16 90 76 90 73 48 56 223 5 6 13 5 2 2 3 8 0 3 1 3 2 7 10 12 6 2 2 2 4 5 5 1 17 9 0 3 22 17 24 18 16 60 26 54 29 116 53 0 0 98 28 48 30 55 4 35 27 10 4 110 
10 15 10 0 2 3 10 12 7 8 9 2 13 4 4 8 19 38 21 9 12 16 3 31 9 1 0 20 1 75 19 61 120 51 58 24 122 123 209 176 105 55 82 30 183 271 139 117 110 464 12 5 15 9 6 4 12 11 0 3 4 7 2 7 12 9 5 8 0 2 15 5 6 5 27 14 2 13 55 34 34 23 46 93 60 115 106 187 86 0 0 226 96 81 47 108 19 108 57 23 13 123 
18 19 11 8 4 13 9 8 9 7 2 2 10 7 2 11 25 17 21 4 10 14 3 37 21 0 2 23 12 68 22 29 115 27 37 33 93 91 163 100 46 21 83 175 16 182 120 114 99 363 7 10 19 10 3 5 5 5 0 0 2 4 0 7 12 11 4 6 3 0 7 8 1 1 17 3 2 4 23 14 9 8 5 38 24 51 24 103 23 0 0 67 18 26 19 40 2 28 23 9 5 60 
12 13 14 4 2 9 13 10 13 22 6 9 9 7 5 14 32 23 13 14 11 8 10 60 18 1 1 33 8 86 24 69 180 38 53 55 175 107 247 209 138 32 98 274 209 29 192 235 204 899 13 9 30 9 2 1 7 3 0 3 1 4 9 13 20 12 5 7 1 4 7 12 4 2 24 8 3 11 46 15 17 17 20 74 31 92 55 225 44 0 0 150 27 56 23 41 15 64 45 10 4 109 
14 15 13 2 6 10 10 15 17 4 5 12 20 2 4 9 24 15 15 5 10 8 7 37 12 0 4 28 7 71 18 47 181 34 36 26 112 86 139 135 82 15 66 147 119 218 20 184 190 409 13 1 17 8 2 3 5 2 0 1 3 1 4 5 1 10 3 9 2 2 4 10 3 2 6 11 0 8 26 11 15 15 14 39 22 41 23 135 25 0 0 80 20 39 21 29 6 32 35 11 2 104 
3 7 3 1 3 4 5 3 5 4 0 6 4 4 1 2 7 8 4 5 4 2 1 28 2 0 0 8 1 18 8 13 102 15 18 15 39 31 68 47 41 8 46 105 65 170 114 8 79 369 6 5 12 4 0 1 6 2 0 1 3 1 0 2 8 6 1 2 0 3 0 2 0 0 2 3 1 6 9 7 2 5 2 15 8 15 17 93 7 0 0 47 3 9 11 11 1 13 10 2 3 38 
10 4 4 0 5 5 3 3 4 5 3 7 6 3 5 5 11 6 8 2 6 3 2 12 3 0 1 14 1 37 12 21 100 11 20 7 41 32 71 47 28 7 43 67 47 144 124 78 12 320 8 4 4 2 0 0 1 4 0 0 0 1 0 3 8 9 0 2 0 3 2 2 2 0 3 4 2 6 5 6 6 3 6 10 4 12 7 86 4 0 0 43 8 14 5 11 3 16 18 10 2 46 
43 74 41 6 15 19 29 26 48 22 20 33 36 18 12 21 70 50 43 18 35 27 21 157 47 3 8 114 20 253 49 162 678 75 117 101 302 247 399 317 296 31 151 318 263 486 364 387 381 50 57 23 85 21 13 6 20 31 0 13 6 18 5 19 19 25 14 15 6 5 26 20 8 14 50 31 7 31 108 43 35 41 31 121 36 81 53 495 71 0 0 193 34 79 66 84 17 93 71 21 17 264 
4 10 7 1 3 7 8 5 1 9 4 6 9 13 6 20 5 5 4 1 3 6 4 24 8 0 1 11 3 16 3 17 51 9 10 16 6 3 18 10 3 0 9 5 7 8 16 8 6 70 5 8 49 14 13 3 20 33 0 28 6 2 5 21 20 27 7 17 0 27 7 8 11 17 11 7 3 10 78 8 4 5 6 21 12 10 6 27 8 0 0 5 8 4 9 2 0 5 4 4 0 15 
5 6 0 0 1 3 2 5 1 0 1 5 2 6 3 16 1 2 3 1 1 0 0 11 8 0 0 8 4 11 2 5 34 5 3 4 4 5 10 6 5 0 6 7 4 7 2 3 6 23 16 2 35 18 11 2 5 7 0 16 5 2 0 11 14 13 2 8 5 6 4 3 4 5 2 5 2 7 57 7 4 0 2 11 7 2 1 13 1 0 0 4 1 2 2 6 2 1 1 0 0 6 
4 7 7 1 3 13 15 8 4 8 4 7 9 10 9 16 19 14 11 2 1 2 7 24 4 0 1 12 6 21 14 10 71 13 8 8 20 12 28 7 7 6 12 14 12 10 17 9 20 62 49 40 7 18 11 6 14 37 0 28 14 2 8 17 22 24 14 33 4 23 13 15 12 13 18 9 2 17 121 18 6 3 10 40 12 21 5 46 10 0 0 15 4 14 3 10 1 13 6 8 1 20 
2 8 1 0 2 6 5 3 0 8 1 3 4 9 6 17 8 11 3 0 2 1 0 6 3 0 0 5 2 8 1 6 16 11 4 3 4 1 8 5 5 0 4 4 3 10 2 0 3 16 14 30 24 4 7 3 13 24 0 20 7 3 5 11 10 25 7 14 3 14 4 9 6 6 1 6 2 6 65 3 6 3 3 12 5 7 2 5 5 0 0 8 1 5 1 1 0 7 4 0 0 7 
0 4 2 0 1 3 1 1 4 3 0 1 1 1 3 3 2 5 1 0 1 2 1 5 0 0 0 3 2 3 1 1 8 2 3 0 0 4 4 0 1 0 1 6 6 3 0 0 0 7 16 7 15 9 3 3 4 16 0 13 7 3 3 0 8 10 1 3 3 4 4 4 2 3 0 2 1 2 38 5 4 1 5 14 5 3 1 10 0 0 0 3 1 1 3 1 0 0 2 0 0 2 
2 3 3 0 0 2 0 1 0 2 0 3 2 2 1 3 5 1 0 0 0 0 1 3 0 0 0 1 6 0 0 6 8 3 2 2 0 2 3 2 0 0 0 3 1 5 0 1 0 7 8 6 10 6 3 1 5 12 0 15 4 1 0 2 6 8 1 1 0 2 2 3 2 1 4 3 1 3 23 2 0 0 0 11 1 3 2 4 0 0 0 1 3 1 2 1 0 0 2 0 0 1 
0 3 2 0 0 1 2 1 1 1 0 2 6 4 7 4 9 2 2 0 1 0 0 3 2 0 0 2 0 4 5 9 17 5 3 3 7 6 2 8 3 0 9 8 5 10 1 4 5 18 21 15 26 13 8 8 5 22 0 11 7 4 2 7 6 9 6 5 2 11 3 13 5 7 8 9 1 6 65 7 4 0 2 16 13 7 6 18 3 0 0 5 0 6 5 0 0 1 1 0 0 4 
7 3 4 0 1 2 12 8 4 5 6 7 15 11 10 11 7 3 2 2 1 1 2 13 3 0 0 7 4 8 5 6 20 7 9 3 3 0 19 5 1 1 13 10 1 6 3 5 6 17 29 21 45 20 22 10 13 20 0 29 4 5 2 16 19 20 6 8 9 6 6 9 8 3 15 18 7 24 128 10 16 2 10 41 10 11 7 27 1 0 0 16 2 4 4 0 0 1 6 1 2 3 
0 0 0 0 0 0 0 0 0 0 0 0 0 0 0 0 0 0 0 0 0 0 0 0 0 0 0 0 0 0 0 0 0 0 0 0 0 0 0 0 0 0 0 0 0 0 0 0 0 0 0 0 0 0 0 0 0 0 0 0 0 0 0 0 0 0 0 0 0 0 0 0 0 0 0 0 0 0 0 0 0 0 0 0 0 0 0 0 0 0 0 0 0 0 0 0 0 0 0 0 0 0 
14 8 10 3 1 1 19 8 4 4 3 4 15 14 13 18 11 11 11 10 2 7 5 19 7 0 0 19 12 10 6 6 12 4 2 1 0 5 10 5 3 0 7 5 0 7 4 3 1 29 27 27 31 19 7 6 12 22 0 2 0 8 5 10 14 26 16 24 6 16 17 30 10 19 18 9 2 5 39 6 6 2 6 9 2 7 4 18 1 0 0 1 4 1 2 5 0 2 3 0 0 6 
1 5 1 1 0 0 4 0 1 0 1 2 2 2 0 2 0 2 1 0 1 2 0 3 1 0 0 1 1 6 0 3 6 7 0 2 1 1 3 2 1 2 2 2 3 5 3 2 0 9 10 5 12 9 5 2 9 11 0 7 0 4 0 5 4 18 8 11 4 6 9 13 5 10 2 4 0 0 17 1 0 2 2 6 4 2 0 5 1 0 0 1 1 3 1 0 0 3 3 0 0 3 
2 3 0 0 2 10 3 1 1 2 1 4 5 1 2 2 10 5 5 1 1 0 1 2 3 0 0 3 0 17 9 8 17 9 9 4 12 20 17 23 3 2 7 6 10 10 5 5 3 19 4 1 5 3 1 2 8 7 0 9 7 5 0 6 5 26 11 13 2 19 6 14 7 9 32 4 0 1 18 2 6 2 2 7 4 4 1 12 8 0 0 8 3 3 0 1 0 2 7 0 0 0 
0 0 1 0 0 0 2 1 1 1 0 0 1 0 0 2 0 0 0 0 0 0 0 2 0 0 0 1 0 3 6 6 3 5 1 3 9 9 4 0 1 1 5 3 1 4 0 1 4 6 0 2 2 3 1 0 2 5 0 2 2 0 0 2 9 12 2 6 7 6 3 8 2 0 0 2 0 0 9 2 4 2 0 1 1 1 1 4 2 0 0 0 0 0 1 0 0 0 0 0 0 1 
3 1 4 1 0 5 6 7 2 1 1 1 3 1 0 4 5 1 1 1 0 0 3 1 1 0 1 2 10 12 5 1 6 1 11 13 19 13 22 26 10 2 6 9 2 5 3 3 4 32 21 6 26 16 2 2 11 9 0 12 2 11 5 3 14 59 23 9 11 13 19 21 5 8 10 1 4 3 18 2 3 4 0 1 1 4 2 11 2 0 0 12 1 1 1 0 1 1 2 0 0 1 
5 7 7 0 0 9 7 10 6 6 1 5 2 0 2 1 1 0 1 0 1 0 0 3 1 0 1 2 6 21 43 27 24 5 9 17 23 14 32 16 15 1 8 8 11 13 7 3 2 23 8 7 21 11 6 8 9 10 0 33 11 11 15 19 7 62 31 21 10 37 38 51 24 17 9 4 1 11 32 2 8 1 6 3 8 5 3 8 2 0 0 2 1 4 1 1 0 0 0 0 0 2 
5 23 14 0 3 10 22 9 11 6 0 6 3 1 0 4 3 1 0 0 0 0 0 3 0 0 0 0 7 52 64 26 47 28 10 7 29 19 35 17 13 1 9 6 15 19 6 12 15 48 31 27 41 15 4 1 8 23 0 26 14 14 11 27 35 19 19 40 25 77 85 86 37 38 17 14 5 15 77 13 12 3 3 12 7 9 3 15 6 0 0 15 1 2 0 0 1 1 2 0 0 3 
5 7 5 0 0 6 2 4 1 0 3 1 2 0 0 0 1 2 0 0 0 0 0 0 1 0 0 0 2 6 13 8 13 9 5 5 5 2 9 3 2 0 3 3 8 2 2 1 2 11 3 1 7 12 7 3 4 5 0 16 7 2 4 14 21 12 3 11 19 27 28 48 23 10 3 1 1 10 21 0 2 2 1 3 0 0 4 8 0 0 0 1 0 0 0 0 0 0 0 1 0 3 
3 7 7 0 1 6 12 4 2 5 3 0 1 1 1 1 0 0 0 0 0 0 0 1 0 0 0 0 1 18 7 7 12 7 5 4 16 1 18 5 3 0 0 4 4 3 12 3 4 29 6 7 16 10 3 2 7 11 0 14 8 5 6 10 29 26 5 4 14 20 40 45 26 19 2 1 1 2 34 2 2 2 5 2 2 1 3 3 3 0 0 5 0 0 0 1 0 1 0 0 0 3 
0 0 2 0 0 3 0 2 0 1 2 1 1 0 0 0 1 0 0 0 0 0 0 0 0 0 0 0 1 4 3 8 9 5 1 8 11 6 7 3 1 0 0 0 2 1 2 1 1 8 4 0 3 3 3 0 5 0 0 0 1 1 4 7 7 26 19 10 1 7 22 20 10 2 2 1 0 2 15 0 0 1 1 1 1 5 0 2 1 0 0 0 1 0 0 0 0 0 0 0 0 0 
2 9 6 1 0 1 5 5 5 4 2 1 0 0 0 6 4 0 1 0 0 0 0 0 0 0 0 1 2 10 5 8 13 12 8 1 8 9 10 4 2 1 5 2 1 9 1 2 0 7 11 7 14 6 5 1 9 12 0 13 4 9 2 12 28 73 26 32 12 2 23 40 25 35 11 2 0 1 42 4 4 0 3 2 1 0 2 5 1 0 0 3 0 0 0 0 0 0 0 0 0 1 
2 2 1 1 0 2 2 3 0 4 1 1 2 0 0 0 3 0 0 0 0 0 0 1 0 0 0 0 2 6 3 1 10 6 2 2 17 14 16 5 2 0 3 5 8 10 4 1 6 13 0 2 6 8 2 1 4 3 0 15 7 1 5 5 18 60 23 36 15 21 7 39 10 27 4 8 1 7 16 2 8 1 0 7 1 2 1 8 0 0 0 3 0 0 0 0 0 0 0 0 0 0 
0 3 2 0 0 1 3 9 1 4 0 1 4 0 1 1 1 0 0 0 0 0 0 0 0 0 0 0 3 4 3 0 13 15 9 4 19 4 20 9 7 2 5 4 5 5 5 4 4 11 4 3 6 8 5 3 1 7 0 15 8 6 2 8 23 70 61 50 19 44 63 4 43 20 2 2 0 3 15 2 1 2 1 5 3 2 1 5 2 0 0 3 1 0 0 0 0 2 0 1 0 1 
4 3 10 1 0 8 8 5 11 3 2 4 9 0 2 2 1 0 0 1 0 0 0 0 0 0 1 0 1 11 1 3 19 15 22 16 10 7 20 7 13 0 10 12 8 14 6 3 2 40 33 11 21 7 10 1 7 13 0 11 6 5 9 18 26 87 50 44 17 21 18 65 7 20 5 3 0 2 35 9 6 1 4 6 3 5 3 14 3 0 0 1 0 2 3 1 0 0 1 0 0 2 
2 6 4 1 5 2 11 4 4 0 0 2 3 2 0 5 4 0 0 1 0 0 1 1 0 0 1 0 3 3 2 4 13 17 8 6 13 12 23 18 12 0 1 4 9 16 9 3 3 29 14 8 22 13 14 3 8 10 0 35 7 2 7 9 23 30 16 25 15 53 34 47 14 5 10 4 1 5 59 1 7 4 8 5 2 11 4 15 2 0 0 7 1 0 1 4 0 0 4 0 0 3 
0 1 4 0 0 0 3 0 3 5 2 4 4 7 6 5 4 3 0 0 4 0 1 6 1 0 0 4 0 8 1 7 17 3 11 0 5 1 9 3 2 1 11 9 15 8 8 3 4 56 5 2 6 2 1 1 5 9 0 8 4 0 0 5 8 9 3 4 0 3 3 2 5 5 7 5 0 12 101 20 12 7 10 42 18 18 5 52 8 0 0 8 4 8 5 5 2 7 4 0 1 13 
1 2 3 1 0 0 0 4 1 4 0 2 5 5 1 3 5 1 2 1 0 0 0 4 0 0 0 1 0 6 2 10 8 1 3 3 3 0 6 6 6 1 9 6 7 8 6 10 7 41 5 2 12 1 5 1 5 17 0 14 3 0 1 4 5 12 0 5 0 1 2 4 5 1 9 1 13 22 123 31 19 5 13 50 17 29 7 45 5 0 0 3 5 4 3 8 0 18 4 0 5 16 
1 1 1 0 0 1 0 0 2 0 0 0 0 0 0 1 1 0 0 0 0 0 0 3 0 0 0 2 0 2 2 0 2 0 0 0 0 0 0 0 1 0 1 0 1 0 0 0 0 11 2 0 1 0 1 1 6 1 0 0 0 1 0 1 3 1 0 0 0 1 2 0 1 0 5 9 1 22 36 17 14 4 12 19 3 6 0 15 2 0 0 1 0 3 1 0 1 1 0 1 0 1 
2 2 0 0 1 3 1 2 0 4 0 0 0 7 3 2 1 1 0 1 0 0 0 2 0 0 0 0 4 19 1 3 8 0 0 1 2 0 7 1 3 0 6 13 7 4 6 2 3 16 13 11 8 10 2 1 11 12 0 4 4 2 0 4 6 4 2 3 0 1 4 0 1 3 11 21 10 3 58 16 9 7 5 52 22 10 1 25 3 0 0 12 2 1 3 4 0 4 4 1 0 10 
17 14 18 2 7 13 14 9 14 14 3 11 18 18 16 37 17 13 13 7 2 1 4 24 8 1 1 11 6 38 6 28 46 24 12 7 15 6 58 19 5 4 35 48 19 38 16 11 16 103 92 72 147 84 73 30 63 112 0 43 12 10 8 39 33 51 14 27 13 23 22 22 13 36 269 183 75 96 33 100 86 39 74 178 80 52 31 130 21 0 0 38 7 23 16 13 7 27 15 3 0 26 
0 1 5 0 1 2 3 0 2 4 1 0 0 2 2 5 17 6 1 1 0 0 1 2 0 0 0 2 3 2 1 5 6 0 3 1 4 1 5 5 6 4 10 22 6 9 6 3 5 35 7 6 10 11 7 2 9 9 0 8 1 4 2 6 6 16 1 3 2 3 3 1 4 2 22 20 9 19 90 4 17 9 18 139 59 14 10 53 9 0 0 9 1 11 8 5 1 8 11 2 1 9 
2 1 4 1 0 0 3 4 1 3 0 2 0 1 0 3 1 0 1 0 0 2 0 2 0 1 1 0 1 4 2 4 7 1 0 0 1 1 1 4 4 6 11 17 9 12 5 2 6 24 11 4 5 3 4 2 9 6 0 4 9 0 1 5 4 12 2 2 1 1 2 6 2 2 14 15 4 7 69 17 4 5 18 112 117 17 6 54 6 0 0 13 3 10 7 3 3 10 13 0 2 14 
2 5 2 0 0 2 2 2 0 0 0 1 0 1 0 0 0 0 0 0 1 0 1 0 1 0 0 4 0 6 1 7 9 1 1 2 0 2 7 11 0 6 14 26 9 12 19 8 9 45 7 2 10 0 2 1 3 10 0 4 3 2 1 2 2 1 0 0 1 0 2 3 2 4 13 15 6 14 30 18 8 5 11 65 62 31 10 67 6 0 0 17 2 8 4 19 2 23 12 1 2 21 
1 1 0 1 0 2 0 3 1 4 0 1 0 0 0 0 1 0 0 0 1 0 0 0 0 0 0 0 0 8 0 3 6 1 1 0 2 3 6 3 2 1 10 11 6 14 11 5 5 28 5 2 4 11 1 1 1 10 0 6 0 1 1 4 5 4 1 1 2 2 1 7 1 4 17 14 4 12 44 21 10 2 3 102 70 11 6 61 8 0 0 26 4 15 5 7 6 17 9 3 1 5 
4 10 9 0 1 4 0 5 5 3 1 2 2 1 0 1 0 2 0 0 0 1 0 4 3 0 1 1 9 9 2 4 21 0 5 8 2 5 17 10 13 1 63 70 23 50 27 15 18 123 28 15 53 23 10 6 36 40 0 11 0 1 0 3 10 8 3 1 3 2 5 8 7 5 105 49 20 84 246 164 119 44 193 24 181 89 35 176 26 0 0 75 25 35 22 22 7 22 27 7 5 52 
1 3 3 0 2 0 0 1 1 4 0 0 0 0 1 1 1 1 1 0 0 1 0 2 0 0 0 2 1 4 1 1 5 0 3 0 1 0 2 6 11 5 21 36 14 15 10 10 6 38 10 10 7 3 3 3 13 18 0 5 0 3 0 3 8 9 0 2 0 1 1 2 2 0 18 20 0 15 46 47 51 11 35 143 5 46 27 64 16 0 0 53 3 17 7 3 1 16 9 2 0 16 
7 4 7 1 0 2 5 3 1 3 1 1 2 1 3 3 3 6 2 4 2 4 0 12 2 0 0 7 1 15 9 14 31 7 11 7 13 23 53 7 17 7 70 89 32 59 31 19 28 121 16 4 24 5 2 4 9 13 0 6 0 2 1 1 4 5 4 2 0 1 2 2 2 3 34 28 3 12 58 19 17 16 41 82 56 7 24 78 59 0 0 106 25 35 28 35 7 38 28 10 2 63 
3 6 0 0 0 0 2 1 1 2 0 1 1 0 2 4 2 1 1 0 1 1 0 8 4 0 0 6 0 10 8 6 23 5 2 2 9 14 29 10 16 4 34 64 17 30 14 12 11 59 6 3 6 7 4 3 0 4 0 5 4 2 2 1 2 3 0 4 2 1 1 1 1 4 14 6 2 15 40 16 11 20 19 48 23 27 3 34 34 0 0 54 15 18 14 26 1 11 15 1 7 38 
19 30 24 6 3 11 10 7 8 8 0 7 12 7 0 8 14 10 8 5 7 5 2 47 15 0 1 31 13 65 27 43 234 20 15 17 55 49 162 46 33 20 115 168 74 181 150 120 145 895 26 25 82 14 6 1 26 19 0 27 7 4 2 7 9 9 0 13 3 4 11 8 6 11 84 39 7 48 92 53 51 55 49 149 59 105 45 25 58 0 0 226 49 83 59 89 19 49 61 12 12 300 
2 8 4 0 2 3 3 0 1 3 4 2 3 0 0 0 12 5 5 2 1 2 1 2 6 0 0 2 2 21 3 13 21 11 9 11 20 18 31 13 16 17 40 55 19 32 22 18 20 71 4 10 12 3 4 0 3 7 0 3 0 1 1 2 0 2 2 1 1 3 3 3 1 2 11 10 1 9 24 13 20 8 17 35 18 42 37 39 5 0 0 54 7 20 17 21 2 17 14 5 4 43 
0 0 0 0 0 0 0 0 0 0 0 0 0 0 0 0 0 0 0 0 0 0 0 0 0 0 0 0 0 0 0 0 0 0 0 0 0 0 0 0 0 0 0 0 0 0 0 0 0 0 0 0 0 0 0 0 0 0 0 0 0 0 0 0 0 0 0 0 0 0 0 0 0 0 0 0 0 0 0 0 0 0 0 0 0 0 0 0 0 0 0 0 0 0 0 0 0 0 0 0 0 2 
0 0 0 0 0 0 0 0 0 0 0 0 0 0 0 0 0 0 0 0 0 0 0 0 0 0 0 0 0 0 0 0 0 0 0 0 0 0 0 0 0 0 0 0 0 0 0 0 0 0 0 0 0 0 0 0 0 0 0 0 0 0 0 0 0 0 0 0 0 0 0 0 0 0 0 0 0 0 0 0 0 0 0 1 0 1 0 0 0 0 0 0 0 0 0 0 0 0 0 0 0 0 
4 22 8 2 1 7 7 11 8 7 10 13 9 8 14 7 13 14 6 1 10 1 3 11 3 0 0 15 8 53 13 34 80 28 39 21 114 77 162 70 62 14 54 178 67 161 102 72 90 298 15 19 31 14 6 7 11 13 0 9 3 10 2 9 7 7 7 0 1 0 3 5 7 5 15 12 1 23 71 28 26 20 52 98 50 94 63 257 77 0 0 11 37 61 38 124 12 64 71 13 11 165 
2 4 3 0 0 1 1 0 1 3 1 1 5 2 0 0 3 4 0 0 0 0 0 0 1 0 0 0 0 9 3 9 10 4 5 5 20 13 18 20 9 6 33 52 18 33 22 13 18 45 2 3 5 3 0 2 2 4 0 3 0 0 0 4 2 4 1 0 1 0 3 0 0 0 7 12 3 5 18 4 3 2 8 20 25 27 16 56 16 0 0 71 4 5 7 19 4 25 10 7 0 36 
1 2 0 1 1 2 1 2 0 1 0 0 1 2 1 1 0 2 0 0 1 0 0 1 1 0 0 2 1 9 8 9 14 7 3 4 20 14 18 10 7 8 22 52 18 26 21 11 16 80 1 5 8 5 1 3 2 3 0 1 2 2 1 2 1 0 0 0 0 0 0 0 0 0 10 4 1 10 19 11 10 11 6 42 16 25 7 79 13 0 0 71 9 3 5 26 1 17 13 3 6 64 
2 1 0 1 0 1 0 4 1 2 1 3 4 2 0 0 0 1 1 0 0 0 0 0 1 0 1 0 1 8 0 4 12 2 4 6 7 6 25 5 10 6 24 25 17 18 12 9 22 79 3 2 7 6 1 5 3 4 0 5 2 0 0 0 0 1 0 0 1 0 0 0 0 0 4 3 1 6 30 8 8 7 3 14 14 21 17 84 19 0 0 35 11 4 10 18 2 18 12 2 5 42 
2 1 1 0 0 1 2 1 0 0 1 0 0 1 0 2 1 1 1 0 1 0 0 8 2 0 1 0 0 4 3 4 20 0 5 6 20 4 30 16 10 2 41 60 19 32 16 12 15 43 2 1 7 1 0 2 1 2 0 2 0 1 0 1 0 0 0 0 1 0 0 1 0 0 7 4 3 3 13 5 9 7 5 18 6 16 11 67 15 0 0 82 5 4 14 12 3 21 9 3 2 67 
0 0 0 0 0 0 0 0 0 0 0 0 0 0 0 0 0 0 0 0 0 0 0 0 1 0 0 0 0 2 0 0 3 1 1 1 0 1 1 0 1 1 6 7 2 5 3 6 3 11 1 1 2 0 0 0 0 2 0 0 0 0 0 0 1 0 0 0 0 0 0 0 0 0 2 0 0 2 2 1 2 0 0 7 0 1 0 14 2 0 0 6 0 0 0 5 3 0 2 0 3 4 
0 0 1 0 0 0 1 1 0 0 1 1 1 0 0 0 1 0 0 0 0 0 0 3 0 0 0 0 1 8 1 1 3 2 4 8 8 3 13 6 6 2 15 34 11 17 20 14 8 53 5 4 8 3 1 0 0 2 0 2 0 0 0 0 0 0 0 0 0 0 0 0 1 0 8 6 0 3 13 2 3 6 6 22 8 13 6 39 8 0 0 48 6 8 7 14 1 4 11 1 0 39 
0 3 3 0 1 3 0 0 0 0 0 0 0 1 0 0 2 1 0 0 0 0 0 2 0 0 0 0 3 12 3 3 3 1 2 3 10 8 21 5 5 2 14 36 14 24 16 9 12 64 7 1 3 4 5 2 0 2 0 2 0 0 0 1 0 1 1 1 0 0 1 0 0 0 21 6 0 9 17 8 8 15 12 20 8 15 8 56 27 0 0 35 3 9 11 4 0 4 4 5 1 27 
0 2 0 0 0 0 0 2 0 0 0 0 0 0 0 0 0 0 0 0 0 0 0 0 0 0 0 0 0 0 0 0 3 0 0 0 0 2 6 0 3 0 4 7 4 7 1 1 2 10 0 0 2 2 1 0 0 1 0 0 0 0 0 1 0 1 0 0 0 0 0 0 0 0 1 1 0 1 3 4 3 0 1 4 3 3 0 13 1 0 0 3 3 2 1 0 0 1 3 3 0 3 
0 0 0 0 1 1 0 0 1 0 0 0 2 1 0 0 1 0 1 0 0 0 0 0 0 0 0 0 0 0 0 0 1 0 1 0 2 2 6 4 1 0 5 8 0 3 1 3 4 12 2 0 0 0 0 0 0 0 0 1 4 0 0 0 0 0 0 0 0 0 0 0 0 0 1 0 1 1 8 1 0 2 2 0 2 3 2 12 0 0 0 4 1 2 0 2 0 2 0 0 2 4 
6 15 3 1 1 4 5 4 2 2 0 6 6 2 2 7 11 3 0 1 1 0 1 7 5 0 0 10 4 30 5 14 50 7 14 10 22 33 45 21 27 5 78 82 49 78 75 41 34 191 21 8 31 6 3 0 8 9 0 5 1 0 0 4 5 3 0 2 0 2 2 4 3 1 28 9 3 15 28 17 23 22 19 55 38 56 22 209 56 0 0 90 10 45 34 75 10 32 49 15 1 16 
