4 12 24 6 11 27 27 24 19 14 2 21 42 90 41 55 36 15 15 10 5 11 9 41 11 1 0 21 73 6 0 2 19 6 4 0 5 2 19 18 8 1 4 12 6 18 8 9 3 42 7 5 5 4 4 4 3 4 0 0 0 5 1 3 3 6 4 3 0 1 5 0 1 1 1 0 1 1 17 2 1 0 0 6 0 7 4 20 3 0 0 3 1 0 2 2 1 0 2 2 1 17 
13 11 17 4 7 30 23 25 32 23 11 36 48 96 53 54 30 16 22 10 5 5 5 28 7 0 1 17 82 6 4 3 7 2 3 6 3 4 30 19 8 0 7 16 16 15 9 6 4 47 6 8 6 5 2 2 3 7 0 0 3 3 1 6 5 7 6 1 1 1 5 4 4 0 0 1 0 1 20 1 0 2 0 10 0 5 0 13 4 0 0 10 1 1 1 4 0 0 1 1 0 6 
16 16 12 14 9 22 27 22 41 18 6 26 46 87 40 43 44 21 21 6 8 7 6 9 10 0 0 15 119 3 1 0 4 2 4 3 18 7 26 15 19 1 9 10 12 14 10 1 7 32 3 4 8 1 6 3 0 3 0 1 0 3 0 5 0 8 1 2 0 3 3 1 3 2 2 4 0 2 13 0 2 2 0 7 2 0 0 17 3 0 0 11 0 1 1 4 1 0 0 0 0 6 
4 12 19 2 2 10 10 12 4 3 1 3 5 5 2 7 5 1 3 0 0 3 1 6 0 0 0 7 24 0 0 1 0 0 0 0 0 0 0 0 1 0 0 2 2 3 1 0 2 5 0 0 0 1 0 0 0 1 0 0 0 0 2 1 2 0 0 1 0 0 1 1 0 1 0 0 0 0 2 0 0 0 1 1 0 0 0 3 1 0 0 3 1 0 0 0 0 1 1 0 0 2 
10 5 6 1 4 4 3 7 8 5 1 6 13 11 18 22 7 2 4 5 2 1 2 6 3 0 1 11 19 0 0 1 6 0 0 0 3 2 7 8 0 0 5 5 2 6 3 0 3 23 3 1 3 1 0 0 0 0 0 0 0 0 0 2 1 1 1 0 0 0 1 1 2 1 0 0 0 0 6 1 0 0 0 1 0 2 0 2 0 0 0 1 0 2 0 1 0 0 0 1 0 2 
23 19 31 11 8 4 14 7 16 16 11 41 40 79 34 56 42 27 28 14 10 16 5 33 3 5 0 14 98 2 2 0 10 5 4 0 4 9 28 17 8 0 7 9 6 13 7 2 5 19 3 4 5 2 2 0 0 6 0 0 0 1 0 1 1 8 0 3 0 3 4 1 2 2 0 0 0 1 11 0 1 0 0 1 3 8 0 6 2 0 0 11 0 2 1 2 0 0 1 0 0 9 
23 26 26 11 6 21 8 14 20 27 8 37 39 77 24 38 28 31 17 3 10 3 3 19 10 0 0 4 57 10 3 4 13 0 4 0 4 8 30 10 7 0 7 1 5 16 6 6 3 19 1 6 5 4 3 0 1 6 0 0 0 2 2 1 4 17 0 1 0 2 3 2 7 2 1 2 0 1 18 2 1 0 1 4 0 0 3 7 2 0 0 5 4 3 2 0 0 2 0 0 0 7 
10 33 21 5 6 15 19 8 14 20 4 33 47 54 23 57 42 19 26 6 8 11 5 12 10 0 1 15 49 5 3 8 8 5 2 2 2 4 25 13 8 2 5 9 9 15 10 2 4 27 1 1 4 2 0 2 5 1 0 0 0 7 0 0 0 13 6 0 2 0 0 2 5 2 2 1 2 1 11 1 0 0 0 0 0 2 0 7 1 0 0 4 0 2 1 4 0 0 0 0 0 4 
24 37 27 13 8 23 40 26 5 9 14 33 46 87 31 49 37 40 20 11 11 12 8 19 7 1 0 22 45 4 2 4 3 0 3 1 0 4 27 23 13 1 10 16 8 14 10 5 2 32 3 1 3 7 1 2 1 2 0 0 0 0 1 2 3 10 0 1 2 0 1 1 4 1 0 0 0 1 7 0 0 0 0 2 0 1 0 2 1 0 0 5 0 1 1 1 0 0 0 0 0 2 
5 12 11 1 3 10 12 7 8 0 3 17 19 39 17 28 23 18 19 6 3 9 4 24 13 1 1 19 27 2 1 1 5 2 0 0 0 4 18 1 10 0 4 1 6 4 1 0 4 31 13 1 6 4 6 2 2 7 0 0 1 2 0 2 3 5 3 1 1 0 3 0 1 6 0 1 0 1 17 0 0 0 2 3 2 1 1 0 0 0 0 6 0 1 0 1 0 0 0 0 0 3 
6 15 10 2 1 7 11 5 13 6 1 12 24 22 19 44 12 22 9 12 4 10 1 9 4 0 1 19 16 5 1 4 2 0 3 0 5 1 19 11 10 3 6 7 8 9 10 4 4 17 0 1 6 1 0 0 0 4 0 1 0 2 1 3 2 2 0 2 2 0 3 0 2 1 0 1 0 2 9 0 1 0 0 1 2 2 0 2 0 0 0 5 1 2 0 3 0 0 0 0 0 6 
15 40 22 2 9 8 27 21 26 12 11 4 25 37 18 39 54 21 25 8 5 11 8 40 11 3 1 33 46 5 2 2 9 2 2 1 4 2 21 14 6 2 5 6 2 16 7 7 4 44 5 3 14 6 0 2 4 1 0 2 0 0 0 2 1 4 1 1 1 1 4 7 2 4 3 0 0 0 15 1 0 0 0 1 0 0 0 6 1 0 0 1 3 0 0 1 0 1 1 1 1 5 
31 40 40 3 22 25 34 37 33 20 20 32 8 60 25 82 39 48 33 13 17 22 18 41 27 2 1 53 47 16 2 8 8 3 3 3 2 7 44 16 10 2 2 13 5 5 6 3 3 40 6 4 9 1 2 0 2 8 0 5 1 1 3 0 0 1 0 1 1 1 2 0 2 1 1 1 1 1 11 1 0 0 0 1 1 0 2 0 3 0 0 8 1 3 0 1 0 0 1 1 1 3 
57 105 57 4 28 32 44 54 51 55 24 56 44 16 16 66 84 83 52 35 44 39 21 77 44 4 13 131 50 7 2 2 7 3 0 0 3 5 18 22 14 2 5 8 4 19 10 7 4 39 4 10 21 8 2 2 6 10 0 14 0 2 0 0 3 2 0 0 0 0 0 0 0 1 7 1 0 3 22 3 0 0 0 0 0 1 1 7 1 0 0 7 4 0 1 3 0 2 2 0 0 5 
35 42 52 4 18 28 30 39 28 26 22 29 45 18 11 18 37 18 24 16 24 18 17 38 22 5 3 101 38 5 4 2 3 1 1 3 0 3 3 8 7 0 5 11 2 7 5 1 1 24 12 1 11 8 1 0 1 2 0 1 1 2 1 3 0 0 0 0 0 1 0 1 1 3 2 4 1 2 15 0 1 0 1 0 0 1 0 2 3 0 0 3 1 2 1 2 0 0 0 0 0 3 
28 46 40 14 16 34 54 46 48 31 25 32 76 38 13 17 62 58 40 27 52 26 24 106 30 9 7 120 51 33 12 15 36 1 10 8 49 4 26 30 9 4 13 17 18 28 13 6 5 60 15 4 26 6 1 3 2 8 0 2 0 1 1 2 3 5 0 3 0 3 3 0 1 0 3 4 0 1 21 4 1 0 1 0 0 3 1 10 3 0 0 14 2 1 3 2 0 0 0 0 1 6 
26 47 31 1 6 29 30 23 37 44 20 27 63 81 32 65 12 38 40 31 50 28 31 70 31 2 7 69 28 31 13 40 22 24 29 14 38 9 54 33 29 2 26 32 16 29 17 6 16 55 7 3 17 10 3 1 6 10 0 3 1 1 5 3 2 1 0 1 0 0 0 3 3 2 7 3 0 0 26 1 0 1 0 1 0 8 0 9 4 0 0 5 8 2 1 3 0 0 1 0 1 7 
15 19 8 2 3 25 16 26 24 23 12 42 31 83 25 80 38 10 49 9 35 5 16 33 25 7 1 46 20 31 6 13 21 6 19 14 24 5 49 22 16 2 14 15 15 25 18 7 8 52 2 5 12 1 1 0 4 7 0 0 0 1 1 0 0 0 1 0 0 0 0 1 2 2 2 1 2 2 12 3 1 0 0 0 1 2 2 3 3 0 0 9 1 2 0 0 0 0 0 0 0 8 
13 25 19 4 4 18 13 20 18 14 13 29 49 80 26 60 63 32 4 13 44 14 19 39 20 4 4 41 25 11 6 4 25 2 7 6 23 5 47 13 6 0 8 20 10 14 14 11 3 40 3 2 10 6 1 0 6 4 0 0 0 1 0 1 0 3 0 0 0 0 0 1 1 0 1 2 1 1 8 1 1 1 0 0 0 3 1 11 3 0 0 8 0 0 0 0 0 0 0 0 0 2 
6 15 11 1 3 9 8 7 6 14 13 11 15 40 21 47 29 24 14 5 6 6 7 32 18 7 8 88 7 9 7 7 7 1 6 5 6 10 27 8 9 0 2 7 6 5 10 3 3 19 1 3 2 0 0 2 3 4 0 1 0 4 0 0 0 0 0 0 0 0 0 0 0 1 3 2 0 2 9 1 2 0 1 1 0 1 1 3 0 0 0 2 1 1 0 0 0 0 0 1 0 0 
6 8 7 1 1 8 10 10 18 12 8 13 24 67 27 71 48 37 41 2 1 7 25 37 7 5 12 65 16 5 3 0 5 1 4 7 8 14 37 7 7 3 6 7 11 7 6 2 1 23 1 0 1 3 1 0 0 2 0 0 1 1 0 0 0 5 0 0 0 0 0 0 0 2 0 0 0 0 2 1 0 0 2 0 1 3 0 4 3 0 0 3 1 0 0 0 0 0 0 0 0 4 
6 8 13 3 0 14 10 4 13 14 4 5 30 50 25 44 39 21 19 2 7 4 11 25 8 10 8 60 14 5 1 1 6 6 7 5 7 8 39 6 1 1 6 3 8 14 4 4 1 13 2 1 1 1 3 0 0 3 0 1 0 1 0 0 0 0 0 0 0 0 0 0 0 0 0 0 0 1 3 0 1 1 0 0 0 1 1 2 1 0 0 3 1 0 0 0 0 0 0 0 0 1 
3 3 7 3 0 3 4 4 7 4 5 11 16 41 20 55 24 20 15 11 33 13 4 27 7 11 16 71 6 1 3 1 10 3 6 3 14 7 32 2 6 1 2 5 6 8 1 3 2 15 2 1 6 0 0 1 1 3 0 0 1 0 0 0 0 0 0 0 0 0 0 0 1 0 0 0 0 1 3 0 1 1 0 0 0 1 0 3 0 0 0 3 0 0 0 0 0 0 0 0 0 1 
7 18 15 3 6 6 10 14 17 23 4 18 20 58 49 77 70 42 56 15 32 19 12 12 5 14 30 89 13 13 5 1 36 2 18 4 14 13 39 10 22 0 5 17 19 19 10 7 3 63 8 4 4 3 2 0 0 5 0 1 1 3 0 1 1 0 0 0 0 0 0 0 0 0 1 1 0 0 12 2 0 0 1 0 0 1 0 19 0 0 0 5 0 0 0 0 0 1 0 0 0 2 
5 21 12 0 9 8 17 5 15 25 2 26 32 50 25 97 33 31 41 16 17 9 8 9 1 4 10 42 4 6 1 5 127 5 7 10 13 11 42 12 22 0 5 16 22 20 11 12 10 81 5 1 16 0 5 1 2 7 0 0 2 0 0 0 3 0 0 0 0 0 0 0 0 0 2 3 0 3 16 1 3 2 0 0 1 2 4 35 2 0 0 9 0 0 0 1 1 0 0 1 0 7 
0 4 3 0 1 0 0 2 4 2 0 1 2 8 6 8 8 10 11 7 13 8 14 30 3 5 1 28 1 4 0 1 0 0 3 0 0 2 0 0 1 0 2 1 0 1 0 0 2 2 0 0 1 0 0 0 0 0 0 0 0 0 0 0 0 0 0 0 0 0 0 0 0 0 0 0 0 0 0 0 0 0 0 1 0 0 1 2 0 0 0 1 0 1 1 0 0 0 0 0 0 0 
0 0 1 0 0 1 1 0 2 0 0 4 3 4 5 12 15 7 3 8 20 7 9 34 10 3 1 34 0 1 0 0 2 0 2 3 1 1 2 1 0 0 0 0 0 0 2 0 0 12 0 0 1 1 0 1 0 0 0 0 0 0 0 0 0 0 0 0 0 0 0 0 0 0 0 0 0 0 3 0 0 0 0 0 0 0 1 1 0 0 0 0 0 1 0 3 0 0 0 0 0 1 
19 22 18 3 11 17 11 20 24 38 7 32 54 119 86 136 74 53 79 47 80 70 49 95 26 9 23 7 8 6 5 7 30 4 14 6 22 22 57 27 16 0 9 15 19 20 14 13 8 95 6 3 15 5 0 0 2 3 0 2 0 1 0 3 1 3 0 0 0 0 0 0 0 2 7 5 0 5 22 1 3 2 2 3 0 6 9 38 5 0 0 19 0 1 1 1 0 1 0 0 0 7 
31 50 39 11 11 40 46 27 45 18 6 19 32 28 15 38 10 13 11 8 6 10 5 14 1 1 0 8 1 7 1 2 4 0 4 3 7 5 9 8 7 2 9 6 4 5 1 5 1 10 0 2 5 2 1 1 1 1 0 4 2 0 0 3 10 2 2 7 1 1 1 4 1 1 0 0 2 0 5 1 0 1 1 2 5 1 3 3 2 0 0 2 0 2 2 0 0 1 0 0 0 1 
2 0 3 1 0 3 2 1 3 3 0 9 10 9 3 20 28 29 25 1 7 5 2 10 4 1 0 0 8 25 83 124 252 60 103 128 323 96 240 120 61 7 38 37 57 71 48 25 27 209 7 3 16 9 0 3 4 11 0 8 3 4 2 12 18 47 8 11 14 6 6 8 2 2 8 5 2 1 19 3 0 0 5 6 4 7 8 46 9 0 0 40 9 7 7 1 3 4 6 5 2 37 
1 4 0 0 1 0 1 1 1 2 0 2 8 4 0 10 13 10 9 3 2 1 2 8 3 1 0 5 10 92 9 55 80 23 41 41 105 50 68 25 30 2 9 20 18 28 19 6 4 71 5 1 5 2 1 0 2 4 0 1 1 4 1 3 3 14 0 2 1 5 2 4 3 1 1 1 0 1 6 0 0 0 0 2 2 4 1 13 9 0 0 13 2 4 0 3 0 3 0 1 0 9 
2 3 1 1 0 0 3 9 3 1 1 7 12 1 2 22 33 12 12 7 1 0 2 2 10 1 1 3 4 129 61 12 91 32 48 62 185 112 204 70 46 4 46 52 34 61 36 14 22 133 8 7 14 5 2 1 4 8 0 4 3 4 2 7 15 17 3 1 0 1 0 2 1 1 4 4 0 3 16 4 1 0 3 4 1 8 4 38 15 0 0 29 3 4 2 8 0 5 9 2 1 11 
16 17 8 2 2 5 17 4 6 8 5 4 14 14 13 17 40 22 10 6 15 4 6 53 29 0 2 21 2 246 76 87 16 41 79 85 196 121 228 118 118 15 84 71 85 102 111 71 70 583 39 9 47 20 6 9 14 22 0 17 9 6 2 4 18 21 4 5 5 12 21 18 6 9 13 7 2 3 46 9 2 7 1 10 6 16 12 147 16 0 0 47 6 9 15 17 1 8 13 2 2 63 
1 3 4 0 0 3 0 0 1 1 0 1 2 1 1 8 11 4 6 0 2 0 3 6 4 0 0 9 5 53 24 30 32 7 16 13 93 38 87 42 30 2 29 35 21 39 10 9 9 58 8 4 11 14 4 1 2 5 0 5 2 6 0 1 2 8 6 9 3 7 4 21 9 7 1 1 0 2 32 2 2 0 0 2 0 2 0 15 6 0 0 26 6 6 3 3 0 1 0 1 0 10 
2 4 3 2 2 3 2 2 0 3 2 3 2 3 2 14 13 20 11 3 7 3 4 9 4 1 0 24 9 122 49 68 79 22 8 14 126 58 107 63 42 5 43 44 48 64 44 19 23 143 5 2 11 5 2 3 1 6 0 1 1 8 6 9 9 17 5 5 4 6 10 13 13 4 3 0 0 0 12 2 0 1 0 2 1 11 7 15 12 0 0 54 9 7 10 8 2 2 5 0 1 18 
2 3 3 0 1 0 1 0 3 0 0 0 0 0 0 2 10 11 6 19 6 4 2 17 1 0 0 4 5 141 50 48 109 25 31 6 125 49 105 64 38 9 26 27 28 49 25 18 14 109 2 3 5 1 1 0 0 2 0 0 1 4 1 7 7 4 3 5 1 2 4 8 7 3 0 3 0 0 8 1 0 0 0 2 0 6 1 17 4 0 0 30 6 5 2 4 0 5 5 0 2 26 
11 8 7 2 3 3 4 8 6 2 2 2 0 2 0 33 36 22 13 6 9 14 4 25 11 4 3 29 9 277 128 201 266 75 117 179 24 124 321 284 130 35 113 147 115 156 115 44 54 370 9 12 23 6 4 0 4 9 0 2 0 10 2 29 16 32 7 9 6 7 23 15 15 15 6 1 0 5 17 3 7 0 2 6 3 17 8 70 21 0 0 83 9 26 13 14 2 22 15 6 1 40 
9 8 4 1 4 12 4 3 12 9 5 8 7 14 2 7 21 15 17 11 5 5 5 26 22 0 2 34 15 116 46 84 75 29 48 48 133 13 139 158 83 15 71 71 83 95 64 25 38 236 7 1 16 4 0 0 1 2 0 0 0 3 6 12 5 1 3 4 0 1 4 8 5 6 6 0 0 2 7 3 1 0 1 2 3 6 7 41 9 0 0 72 13 10 3 6 2 4 5 0 1 25 
16 31 10 6 4 14 17 12 15 21 6 13 32 11 9 18 27 40 33 10 30 16 21 50 14 3 1 38 20 160 56 111 199 74 85 72 299 89 14 291 134 26 82 141 71 158 94 48 36 353 7 7 20 12 8 0 2 11 0 2 0 11 1 14 21 17 6 7 9 1 13 14 9 7 17 3 0 3 30 3 2 3 2 12 2 31 19 75 18 0 0 105 18 6 16 31 2 14 18 3 2 52 
16 11 21 3 5 10 10 8 15 21 6 16 24 13 7 19 35 20 16 9 13 4 2 23 10 3 0 24 18 103 26 65 151 56 75 24 300 155 362 14 34 19 60 100 57 141 60 22 25 249 11 4 15 10 1 1 6 4 0 3 1 16 2 15 10 17 2 3 3 3 6 7 4 10 3 6 0 2 19 2 9 3 7 14 10 10 7 19 10 0 0 67 13 7 8 10 3 2 1 0 0 31 
11 24 15 1 1 7 10 8 9 11 1 10 10 5 4 13 21 12 16 5 10 6 8 34 13 0 0 29 24 59 23 46 124 33 40 39 160 99 242 48 7 6 23 69 41 93 49 32 22 233 3 4 9 3 0 1 0 4 0 2 2 1 3 6 4 13 1 6 1 1 5 5 7 4 2 5 0 6 10 1 1 5 3 9 2 5 9 16 4 0 0 37 13 14 5 5 2 4 4 1 1 24 
2 1 1 1 1 2 0 0 1 0 1 0 1 3 0 1 4 2 0 1 0 1 0 4 0 0 0 2 0 6 1 5 17 2 3 5 28 9 31 16 12 2 16 37 13 25 13 1 10 36 2 1 2 0 0 0 0 0 0 0 0 0 0 0 1 0 1 1 0 0 0 0 0 0 0 1 0 0 0 0 0 2 2 2 1 6 2 5 6 0 0 4 3 1 4 2 0 1 2 0 0 9 
3 8 9 2 4 5 5 9 5 7 4 2 5 2 6 11 11 11 8 1 6 0 3 2 2 0 0 4 1 32 10 39 98 15 32 18 104 59 90 55 34 13 16 90 62 64 48 26 32 165 8 1 12 5 2 3 4 5 0 0 0 1 1 9 4 3 2 3 1 2 6 2 1 0 15 4 0 7 34 9 9 15 11 56 23 35 14 55 40 0 0 99 24 24 17 29 6 20 27 7 8 88 
9 14 8 0 4 9 6 5 11 6 3 7 7 6 4 6 21 18 18 3 5 1 0 20 24 0 0 20 12 53 16 44 123 26 46 30 155 99 178 141 100 52 85 15 138 256 114 77 80 390 15 4 20 8 3 1 10 8 0 4 6 10 1 14 9 9 1 5 1 1 2 4 2 1 13 20 1 5 70 15 22 16 18 87 31 71 47 106 80 0 0 203 40 58 26 88 13 42 33 7 7 127 
7 13 13 1 1 1 2 7 3 10 2 9 9 3 2 14 16 19 13 3 8 10 2 29 11 2 3 21 12 50 19 47 131 25 39 30 136 103 175 82 54 29 66 143 21 158 114 98 61 317 8 8 12 11 2 2 6 7 0 3 3 14 2 7 12 24 6 10 1 5 2 8 4 4 8 6 0 2 25 3 3 9 5 29 3 36 18 44 16 0 0 59 10 15 17 19 1 20 34 1 0 62 
14 9 11 0 1 14 9 9 11 7 8 10 10 14 5 9 31 15 21 6 10 1 6 26 11 2 1 20 25 52 19 39 190 35 57 49 174 107 195 122 92 10 90 239 126 15 130 154 112 525 11 5 20 3 3 1 10 7 0 1 1 10 1 7 4 17 4 6 4 8 4 3 17 4 16 12 0 8 32 12 11 17 11 41 12 37 29 75 17 0 0 128 19 33 25 18 3 22 28 8 4 98 
7 16 15 1 0 3 6 12 4 6 6 10 9 9 3 3 25 14 21 6 6 3 3 24 7 3 0 29 13 40 14 31 165 26 38 37 134 79 133 101 72 14 59 110 83 171 19 86 92 345 6 6 17 4 3 1 1 4 0 1 2 6 1 6 9 8 2 8 5 1 3 1 9 6 7 6 2 4 32 3 7 7 16 42 4 24 28 63 16 0 0 71 8 24 15 20 3 12 24 3 2 99 
4 5 3 1 1 7 3 1 4 8 2 1 3 8 3 1 9 2 3 3 0 2 4 11 5 0 0 9 5 31 4 16 78 12 23 13 71 46 79 40 38 11 36 73 51 164 89 2 44 367 3 1 2 1 0 1 0 6 0 0 0 4 0 4 1 12 1 3 1 0 0 3 2 7 3 0 2 1 18 5 5 6 3 20 3 18 10 62 4 0 0 46 6 9 14 14 5 5 15 1 1 53 
5 11 2 0 2 4 8 1 5 4 3 7 3 5 4 9 4 5 9 5 6 0 2 21 8 0 0 11 4 23 2 18 121 15 20 16 65 40 105 60 31 8 44 111 84 180 87 52 16 440 8 1 9 2 2 5 3 7 0 2 1 4 1 1 4 6 0 2 0 2 1 7 3 0 2 3 0 4 10 1 2 10 1 27 4 19 6 63 12 0 0 86 7 15 5 9 3 9 13 1 4 59 
33 45 28 3 16 28 26 37 28 42 9 26 44 33 19 24 66 51 37 16 22 19 12 152 35 3 1 73 51 162 44 137 851 87 131 113 417 267 530 284 277 28 187 413 219 475 277 269 218 46 27 14 72 12 7 6 14 14 0 8 10 26 5 30 29 42 11 18 2 10 12 28 26 36 25 15 2 17 78 28 30 31 40 110 24 94 51 418 44 0 0 307 39 58 61 50 15 45 40 12 7 275 
0 8 3 1 2 6 8 3 4 10 7 10 6 13 6 21 10 5 9 0 2 0 4 16 5 1 0 8 0 7 3 8 50 0 4 7 18 4 17 11 12 1 8 11 3 15 8 7 6 47 3 16 42 22 4 9 19 33 0 33 10 4 3 21 24 25 6 6 2 12 6 4 15 8 0 5 1 3 98 4 7 6 7 29 3 9 6 25 11 0 0 15 0 6 6 1 0 5 13 2 0 22 
5 5 6 0 0 3 4 4 4 3 0 5 10 14 4 6 10 5 6 1 1 3 1 9 2 0 0 5 0 1 0 2 29 9 4 7 20 5 16 4 6 0 5 6 2 6 9 3 1 19 8 1 30 26 8 1 3 11 0 7 0 2 1 6 12 14 3 4 1 3 0 4 7 6 3 0 0 2 57 3 5 3 7 17 3 7 5 13 4 0 0 7 2 0 2 0 1 3 9 0 0 8 
4 5 6 0 2 3 5 6 3 12 3 3 8 19 11 29 18 6 5 2 0 4 1 18 2 0 0 9 9 22 6 4 74 14 11 4 17 6 27 5 7 0 11 21 9 10 8 7 3 57 27 13 5 18 12 2 14 40 0 26 5 8 4 28 18 21 5 24 4 14 6 6 10 18 5 2 1 6 100 5 6 3 4 26 2 21 12 55 6 0 0 27 3 8 6 11 0 12 5 0 0 37 
3 7 2 0 0 2 4 4 4 4 7 4 6 13 0 16 8 2 9 1 0 0 1 9 4 0 0 3 3 10 5 4 25 14 5 3 17 2 6 6 0 1 6 15 8 5 6 2 3 22 12 19 35 4 5 3 16 23 0 19 8 0 1 11 5 8 9 8 1 1 5 2 4 5 3 2 2 2 64 1 1 0 0 14 7 9 2 8 5 0 0 10 2 0 2 1 0 4 2 0 2 8 
0 3 4 0 2 3 2 2 0 1 1 2 4 6 2 2 3 1 1 1 0 0 0 4 4 0 0 7 2 2 2 3 13 2 3 2 3 0 8 5 4 0 1 2 0 3 2 1 0 7 10 7 18 6 1 2 7 12 0 9 1 1 2 5 5 6 2 9 0 4 2 2 10 3 3 1 1 4 74 3 9 2 2 15 1 1 2 4 2 0 0 4 1 1 2 0 1 2 1 0 0 3 
1 1 1 0 1 0 2 1 1 1 2 0 1 6 1 6 1 0 4 0 3 0 0 5 2 0 0 2 4 4 2 5 4 1 1 3 1 0 0 4 3 0 2 4 2 4 4 0 1 5 6 9 13 1 3 1 2 9 0 10 5 6 1 2 6 4 0 4 1 1 1 4 1 0 1 3 2 3 32 0 0 1 2 7 3 1 3 6 1 0 0 5 1 1 1 3 0 1 0 0 0 2 
1 3 4 0 0 1 1 0 0 2 0 3 6 8 6 11 3 3 3 0 1 0 1 5 0 0 0 4 8 2 1 4 22 6 4 4 3 2 13 5 2 1 3 9 1 3 6 0 1 14 15 8 15 9 3 12 3 12 0 9 4 2 4 5 9 14 5 6 0 3 2 5 3 4 4 5 0 9 54 4 0 0 5 26 11 6 2 11 3 0 0 9 0 5 4 0 1 1 0 0 0 3 
3 6 3 1 3 2 3 3 6 9 0 3 4 16 3 16 9 7 4 2 1 1 1 6 2 0 0 2 5 8 5 2 21 6 4 2 10 3 15 6 5 0 9 10 1 7 3 2 1 37 21 5 30 22 4 9 14 6 0 21 6 2 6 8 15 10 3 6 4 9 2 10 6 6 9 8 2 7 94 8 8 3 5 36 5 10 9 12 7 0 0 12 7 4 5 3 0 5 5 0 1 11 
0 0 0 0 0 0 0 0 0 0 0 0 0 0 0 0 0 0 0 0 0 0 0 0 0 0 0 0 0 0 0 0 0 0 0 0 0 0 0 0 0 0 0 0 0 0 0 0 0 0 0 0 0 0 0 0 0 0 0 0 0 0 0 0 0 0 0 0 0 0 0 0 0 0 0 0 0 0 0 0 0 0 0 0 0 0 0 0 0 0 0 0 0 0 0 0 0 0 0 0 0 0 
9 6 15 0 2 5 8 3 4 1 1 7 11 24 5 21 14 5 10 8 6 6 1 26 9 0 2 10 11 7 5 9 10 4 2 0 6 3 16 3 2 0 1 4 3 6 7 2 3 16 16 14 13 23 9 4 3 15 0 6 5 2 2 9 14 20 9 11 4 6 12 16 9 13 8 9 3 5 42 3 3 1 2 13 3 7 2 20 0 0 0 4 1 1 2 1 0 3 3 0 2 9 
2 1 0 3 1 1 1 0 1 1 0 2 3 3 2 4 3 0 3 0 0 0 1 3 1 0 2 1 3 10 0 0 6 3 1 0 0 0 5 0 1 0 3 4 3 0 3 1 2 7 8 5 10 9 1 0 5 6 0 6 1 3 1 8 11 20 5 5 3 2 8 12 4 4 3 1 0 1 15 0 3 0 3 3 1 0 2 6 2 0 0 2 1 1 1 1 0 0 1 0 0 2 
1 2 0 2 1 4 1 0 1 1 0 4 5 4 0 1 3 3 2 0 1 0 0 1 0 0 0 3 3 5 5 8 8 4 10 4 11 11 9 9 4 0 4 7 2 10 3 0 2 17 4 1 3 1 0 2 0 3 0 5 2 3 2 8 16 15 6 3 0 9 7 4 1 2 0 1 0 0 15 1 1 2 0 5 1 8 2 4 0 0 0 10 3 2 0 1 0 1 0 0 1 4 
0 0 1 0 0 1 0 1 0 0 0 0 3 2 0 2 1 3 0 0 0 0 0 0 0 0 0 0 1 7 0 0 2 2 0 3 6 5 7 0 2 0 0 3 1 3 0 0 0 3 0 1 1 11 2 1 1 2 0 2 3 0 0 2 2 1 2 1 2 1 2 5 0 3 0 0 0 1 6 0 0 0 0 1 0 0 0 0 0 0 0 1 1 1 0 0 0 0 0 0 0 1 
0 2 1 1 0 0 0 5 2 0 0 2 1 2 0 1 4 2 3 0 0 0 0 1 0 0 0 0 2 5 8 3 4 3 2 6 18 7 23 15 8 0 6 2 7 12 5 2 4 22 14 6 22 15 4 2 6 7 0 11 3 16 0 1 3 14 5 5 1 9 6 23 9 12 9 1 0 4 27 2 2 3 2 3 3 0 6 7 1 0 0 17 0 1 0 0 0 0 0 0 0 0 
2 0 5 1 0 0 4 6 7 1 2 1 0 0 0 3 2 0 0 0 1 0 0 0 2 0 0 2 9 13 12 11 8 3 5 6 37 9 34 8 9 0 6 4 3 10 7 4 6 30 10 6 21 7 3 2 8 16 0 13 7 8 9 6 2 11 8 12 8 19 16 23 26 13 2 3 0 2 28 1 2 2 3 5 1 2 1 17 0 0 0 14 1 0 0 1 0 0 3 0 1 2 
9 12 8 0 1 7 10 1 1 4 2 5 4 0 0 0 1 1 0 0 0 0 0 0 0 0 0 2 8 37 17 14 24 14 19 15 38 7 43 9 15 1 14 12 16 17 9 5 7 37 15 12 36 6 5 6 9 21 0 24 12 16 10 24 14 15 17 39 17 49 48 47 33 21 10 6 2 7 86 8 7 5 2 5 5 2 0 12 2 0 0 7 0 0 0 2 0 0 0 0 0 1 
0 6 2 0 0 4 2 1 4 0 0 2 2 0 0 0 0 0 0 0 0 0 0 0 0 0 0 0 2 15 4 9 8 8 5 3 17 5 15 2 3 0 3 3 4 3 2 0 0 7 1 3 11 10 2 6 1 4 0 4 12 3 1 8 16 11 2 4 5 10 24 17 25 5 2 1 0 1 4 0 0 0 0 2 2 2 0 1 1 0 0 0 0 1 0 0 0 0 0 0 0 0 
1 2 7 2 1 5 2 1 1 1 0 0 2 2 0 0 0 0 0 0 0 0 0 1 0 0 0 0 2 4 7 2 4 10 10 3 12 0 15 3 1 0 1 3 3 10 6 0 0 20 5 5 13 6 3 9 6 10 0 16 6 8 4 7 20 19 4 1 4 15 19 32 6 13 3 2 0 3 20 4 2 0 0 2 1 1 2 3 1 0 0 1 0 0 0 0 0 0 0 0 0 1 
2 1 2 0 1 0 0 2 1 2 0 1 0 0 3 1 0 0 0 0 0 0 0 0 0 0 0 0 1 7 3 2 7 8 2 1 8 3 18 2 1 0 0 3 4 3 3 1 0 5 1 1 2 3 1 0 2 4 0 8 0 1 1 3 7 15 17 5 2 1 11 15 1 13 0 2 0 0 12 0 1 0 2 0 0 3 0 3 1 0 0 3 0 0 0 0 0 0 0 0 0 1 
0 3 2 2 0 0 0 0 1 3 0 0 0 0 0 2 0 0 0 0 0 0 0 0 0 0 0 0 4 7 6 2 13 9 7 2 9 2 7 1 2 0 0 0 2 8 3 2 3 9 5 9 13 7 2 6 4 3 0 8 7 8 8 10 30 29 9 16 8 4 22 35 14 33 5 2 0 3 17 1 4 1 2 2 5 3 0 6 0 0 0 0 0 0 1 0 0 0 0 0 0 1 
1 0 2 0 1 0 0 0 1 2 2 5 0 1 2 1 0 0 1 0 0 0 0 0 0 0 0 0 2 2 7 4 13 6 5 5 31 13 23 5 10 3 4 5 4 10 3 0 1 29 4 2 11 4 0 0 4 6 0 20 9 5 4 12 14 33 16 22 12 22 3 50 16 12 2 5 2 2 15 2 1 1 1 6 0 4 3 7 3 0 0 7 1 1 1 0 0 0 0 0 0 3 
1 4 2 0 1 2 2 1 0 2 0 5 1 0 1 4 0 0 0 0 0 0 0 0 0 0 0 1 1 5 1 1 10 8 10 8 11 11 28 5 6 2 7 3 7 10 5 3 2 21 8 2 9 5 1 1 2 7 0 12 6 1 5 11 34 63 15 30 7 23 32 5 29 27 1 2 0 2 26 1 1 0 2 6 1 0 2 6 1 0 0 3 1 1 1 1 0 0 0 0 0 1 
2 1 1 0 0 4 0 3 2 3 2 0 1 0 0 0 1 0 0 0 0 0 0 2 0 0 0 1 2 1 0 0 15 9 8 5 15 10 16 6 3 2 4 5 2 8 2 2 4 20 8 3 12 4 3 2 9 7 0 5 3 4 2 4 10 31 10 16 8 31 16 44 3 9 3 2 0 0 26 4 1 2 3 8 1 3 1 5 0 0 0 2 0 0 0 0 0 1 0 0 0 1 
1 3 2 1 1 4 6 3 3 3 2 3 3 2 1 2 0 0 0 0 0 0 0 1 3 0 0 0 2 5 1 3 6 12 7 8 14 3 19 9 4 1 0 4 8 5 4 4 3 24 6 5 17 2 2 2 7 5 0 19 8 1 2 4 21 30 5 21 5 26 19 41 7 0 7 2 3 2 31 2 6 7 4 8 0 1 0 14 0 0 0 2 0 1 0 1 0 0 0 0 0 4 
0 2 2 0 1 1 0 1 3 7 2 1 8 16 3 13 5 3 4 2 0 0 0 5 1 0 0 3 2 4 1 2 20 3 4 2 10 5 10 2 13 0 11 6 11 22 10 3 4 37 5 4 13 2 0 0 2 12 0 11 1 4 1 1 3 8 0 4 0 0 8 6 3 4 4 5 0 15 170 20 9 11 13 48 5 18 9 28 8 0 0 16 2 4 5 5 1 5 6 1 0 30 
4 1 2 0 0 0 4 0 2 3 0 1 6 7 1 4 2 4 2 0 2 0 0 8 3 0 1 2 1 6 1 6 18 2 2 3 3 2 13 7 2 1 10 19 11 16 16 2 5 35 6 4 11 2 8 0 7 16 0 7 1 2 3 5 3 8 1 3 4 0 2 1 4 3 4 1 6 7 127 15 11 11 12 63 6 16 9 47 6 0 0 19 3 7 5 1 4 6 13 0 1 25 
0 0 0 1 1 1 2 1 2 2 0 0 1 0 0 1 2 0 2 1 0 0 0 0 0 0 0 2 0 8 0 0 5 0 1 0 4 0 1 0 1 1 1 0 3 4 2 1 2 1 1 1 2 4 1 0 0 2 0 6 0 1 0 1 4 4 0 1 0 0 1 1 0 1 1 5 1 7 35 5 5 6 8 18 8 2 0 9 0 0 0 2 3 5 2 0 1 0 1 0 0 5 
2 2 2 1 0 2 0 7 1 3 0 1 2 4 1 4 2 3 5 1 0 0 0 5 0 1 0 3 1 1 1 2 6 5 3 1 2 0 8 1 1 0 10 12 6 16 11 5 3 30 5 7 9 10 3 0 6 15 0 9 3 1 2 3 4 11 1 3 0 0 3 2 3 2 18 11 7 1 69 16 10 5 15 53 7 17 8 33 5 0 0 16 7 3 3 4 1 3 6 1 0 20 
16 14 10 1 2 9 12 2 5 15 1 7 13 32 9 33 22 6 9 2 5 3 4 28 5 0 0 16 19 21 5 9 29 16 19 6 20 4 35 11 10 3 27 52 17 19 25 20 11 80 74 55 134 76 32 28 51 95 0 42 19 8 11 28 23 43 7 19 6 17 10 23 19 19 106 105 27 56 13 58 66 26 23 180 51 41 27 65 15 0 0 49 7 20 14 10 2 9 12 1 4 46 
0 0 2 0 0 0 0 2 0 1 1 2 0 1 2 7 3 4 1 0 2 2 0 2 0 0 0 0 5 6 0 1 6 2 3 0 5 3 1 3 6 1 18 20 3 14 13 7 7 21 9 3 6 2 3 1 1 15 0 10 2 4 4 5 5 10 3 4 1 2 4 4 3 0 16 9 6 19 67 4 20 8 18 111 21 17 8 32 13 0 0 20 4 7 5 7 4 8 7 1 2 18 
2 1 0 0 2 1 0 1 0 0 0 0 1 3 0 2 1 2 1 0 2 0 2 0 1 0 0 1 8 3 0 0 8 3 1 0 0 0 3 11 5 7 24 30 7 11 16 2 1 31 8 4 11 4 1 1 2 7 0 6 0 5 5 2 6 9 1 0 6 1 5 3 6 2 12 13 3 8 84 13 3 3 10 107 27 19 5 22 6 0 0 33 0 10 3 5 2 10 2 0 1 27 
3 2 1 0 0 0 0 1 1 0 0 0 1 0 0 2 1 1 0 0 1 0 0 2 0 0 0 1 0 3 0 2 5 2 2 2 2 1 7 8 6 1 9 24 8 27 14 8 4 61 3 1 3 4 4 1 1 6 0 6 2 1 0 3 1 1 0 2 0 1 2 1 1 1 9 5 0 6 40 14 6 4 8 56 12 21 9 46 8 0 0 29 2 13 16 5 0 12 10 0 1 42 
2 1 3 0 0 4 0 3 0 0 0 0 1 0 0 0 0 1 0 0 0 1 0 0 0 0 0 2 2 2 0 1 6 2 1 1 1 3 5 4 1 0 15 15 5 8 12 6 3 41 5 4 11 4 1 2 3 3 0 6 3 2 0 2 1 4 2 0 1 1 4 3 3 1 8 9 1 8 66 11 10 1 3 100 18 26 9 38 3 0 0 21 0 9 7 4 1 9 10 0 1 21 
1 8 3 3 0 4 8 2 3 4 0 0 0 2 0 2 0 0 1 0 1 0 1 1 2 0 0 3 6 9 0 6 14 1 5 2 1 8 19 12 10 7 53 86 16 47 34 21 18 101 21 20 29 8 6 3 18 24 0 9 5 1 1 8 5 4 4 3 3 1 4 6 8 4 68 37 11 40 201 93 79 20 125 11 139 58 32 106 21 0 0 70 20 30 26 23 4 20 13 1 7 70 
0 1 3 0 0 1 1 0 0 2 0 0 0 0 0 0 4 0 0 0 0 0 0 1 0 1 0 0 2 3 0 2 1 1 0 0 2 4 5 5 2 1 22 44 9 28 7 3 6 46 9 6 11 5 2 2 4 3 0 4 1 7 0 2 2 2 0 1 0 2 0 1 3 1 6 11 3 10 50 37 24 6 31 109 6 29 13 39 10 0 0 41 11 16 11 12 5 9 9 0 0 26 
1 5 1 1 1 1 8 5 1 2 4 0 0 1 1 0 5 5 2 0 6 0 2 5 1 0 0 3 1 15 6 8 18 4 11 4 23 16 48 5 14 4 60 116 18 67 36 22 13 116 10 8 18 9 2 2 9 9 0 10 1 3 0 1 6 3 1 5 2 5 4 6 6 3 25 29 3 16 48 16 17 14 21 90 33 4 13 49 39 0 0 102 21 25 12 14 9 18 14 3 6 35 
2 6 3 0 1 1 2 2 3 1 0 0 0 0 0 1 8 1 1 1 2 0 1 3 1 0 0 4 2 10 1 7 25 5 5 1 18 17 26 10 10 3 26 48 19 36 14 6 8 60 7 5 14 1 2 1 3 4 0 2 0 1 1 2 4 2 1 1 0 0 1 2 1 5 9 4 2 7 26 9 8 4 11 41 12 24 2 38 18 0 0 61 17 23 14 14 0 11 11 2 0 40 
15 25 16 1 2 13 13 3 6 7 5 2 15 11 4 8 23 14 17 3 7 4 4 41 15 0 0 34 5 52 8 34 270 18 27 30 125 80 201 38 30 8 105 181 76 212 140 85 114 835 31 21 47 22 8 3 10 20 0 18 12 1 2 6 12 12 3 8 2 0 8 5 8 8 55 27 5 19 112 47 41 36 56 166 57 84 47 25 37 0 0 287 49 66 72 62 10 57 31 16 11 420 
5 2 5 1 2 5 1 0 1 1 2 4 3 2 1 4 2 5 2 0 3 0 0 2 1 0 0 6 5 13 2 8 40 7 10 4 46 16 42 18 19 11 30 75 19 33 15 12 7 83 9 7 16 4 2 0 3 3 0 0 0 3 0 3 3 4 0 1 4 5 2 1 5 7 11 10 2 5 19 7 10 8 12 23 15 29 19 38 1 0 0 63 19 11 8 14 11 9 7 1 2 60 
0 0 0 0 0 0 0 0 0 0 0 0 0 0 0 0 0 0 0 0 0 0 0 0 0 0 0 0 0 0 0 0 0 0 0 0 0 0 0 0 0 0 0 0 0 0 0 0 0 0 0 0 0 0 0 0 0 0 0 0 0 0 0 0 0 0 0 0 0 0 0 0 0 0 0 0 0 0 0 0 0 0 0 0 0 0 0 0 0 0 0 0 0 0 0 0 0 0 0 0 0 0 
0 0 0 0 0 0 0 0 0 0 0 0 0 0 0 0 0 0 0 0 0 0 0 0 0 0 0 0 0 0 0 0 0 0 0 0 0 0 0 0 0 0 0 0 0 0 0 0 0 0 0 0 0 0 0 0 0 0 0 0 0 0 0 0 0 0 0 0 0 0 0 0 0 0 0 0 0 0 0 0 0 0 0 0 0 0 0 0 0 0 0 0 0 0 0 0 0 0 0 0 0 0 
4 8 8 0 4 4 2 3 5 6 2 5 3 14 5 5 10 3 5 3 1 1 2 2 7 0 0 5 3 20 13 24 42 20 33 11 60 35 97 34 27 9 118 142 35 77 64 26 32 166 8 10 13 2 3 1 4 13 0 3 3 6 4 4 9 5 1 4 0 0 2 3 7 4 15 5 0 7 40 7 16 18 16 55 31 51 39 91 42 0 0 14 39 48 18 67 14 45 30 6 7 105 
2 2 1 1 1 0 3 3 1 3 0 1 1 2 0 0 5 2 1 0 0 1 0 0 0 0 0 0 1 10 2 5 12 2 10 1 18 10 10 7 10 2 27 44 19 11 18 5 6 43 1 0 1 1 0 0 2 6 0 1 3 1 0 0 3 2 1 2 0 1 0 0 1 0 0 1 0 2 11 8 8 4 7 24 10 20 6 18 12 0 0 63 6 12 4 9 0 7 2 1 0 33 
1 2 6 2 0 2 3 1 0 1 0 4 3 0 1 2 1 1 0 0 2 0 1 0 1 0 0 1 0 14 1 4 11 1 4 6 20 13 35 8 7 0 22 68 22 36 26 2 26 57 3 3 9 4 3 1 2 3 0 1 0 1 0 2 2 3 0 0 0 0 0 0 0 0 8 1 1 2 30 6 10 6 4 42 11 31 12 44 15 0 0 55 5 4 8 15 2 17 4 1 1 52 
0 2 0 0 0 0 1 0 2 0 0 1 0 0 0 0 0 0 0 0 1 2 0 1 0 0 0 0 1 10 2 7 10 4 5 0 12 4 14 12 9 2 28 37 8 24 11 8 6 42 2 6 6 4 2 1 1 8 0 0 0 1 0 0 0 0 0 0 0 0 0 0 2 0 3 5 0 2 9 7 9 7 4 20 6 18 10 19 8 0 0 30 8 7 3 9 2 10 3 2 2 41 
1 1 0 0 0 1 1 0 1 1 1 0 1 2 1 1 1 1 2 0 1 0 0 0 1 0 0 1 0 7 0 5 16 3 8 4 17 11 20 9 9 3 27 64 37 34 26 14 13 80 5 2 3 6 1 1 5 5 0 0 1 0 1 1 2 2 2 0 1 0 0 0 2 0 6 0 0 2 13 5 6 3 0 16 5 10 20 59 13 0 0 97 7 12 12 7 5 13 5 1 1 68 
0 0 0 0 0 0 0 0 0 0 0 1 0 0 1 0 0 0 0 0 0 0 0 0 0 0 0 1 0 0 0 0 2 0 1 0 4 2 9 2 3 0 1 13 7 8 3 4 2 3 0 1 2 1 0 0 0 2 0 0 0 0 0 0 0 0 0 0 0 0 0 0 0 0 0 2 0 1 0 2 2 0 0 1 1 9 1 13 1 0 0 7 2 1 3 0 0 2 0 0 1 12 
0 1 0 0 1 1 1 0 2 1 0 0 0 3 1 1 1 0 0 0 0 0 0 0 0 0 0 1 0 12 4 2 12 7 2 5 17 10 9 5 10 0 21 82 17 34 9 10 12 52 1 3 6 7 0 1 4 2 0 3 0 0 0 1 1 0 0 0 0 0 0 3 1 0 6 6 5 1 13 4 12 3 2 26 14 19 12 39 10 0 0 70 24 8 8 11 1 7 2 0 3 27 
1 0 2 0 0 1 2 1 2 2 0 1 1 1 0 0 0 0 0 0 0 0 0 1 2 0 0 0 1 8 0 5 8 2 2 3 19 3 21 1 2 2 17 31 23 31 14 8 7 75 3 0 3 3 2 2 2 4 0 1 0 0 0 0 0 1 0 0 0 0 0 2 0 0 3 2 1 6 8 7 5 7 9 22 3 14 6 25 8 0 0 66 12 9 2 6 3 3 3 1 1 30 
0 1 0 0 0 0 0 0 1 0 0 0 0 0 0 0 0 0 0 0 0 0 0 0 0 0 0 0 0 0 0 0 2 0 0 2 5 3 2 1 1 0 9 5 7 9 1 1 2 9 1 1 2 0 1 0 1 1 0 0 0 0 0 0 0 0 0 0 0 0 0 0 0 0 0 0 0 0 1 1 0 1 2 8 1 7 2 10 5 0 0 10 5 3 4 2 0 2 4 0 0 6 
0 1 0 0 0 0 0 0 0 0 0 0 1 1 0 0 2 0 0 0 0 0 0 0 0 0 0 1 0 0 0 2 1 0 0 0 3 1 1 0 3 0 2 5 4 6 6 6 1 15 1 0 2 0 0 0 0 0 0 0 0 0 0 0 0 0 0 0 0 0 0 0 0 0 0 1 1 1 5 0 2 0 4 5 1 1 4 13 4 0 0 19 1 1 3 0 0 1 0 1 0 2 
8 15 7 3 6 5 7 5 8 5 3 4 4 9 2 3 8 12 3 2 0 2 1 12 5 0 0 18 8 36 8 24 96 15 23 26 84 36 83 34 43 8 89 139 64 113 83 44 49 294 25 15 31 9 6 3 7 9 0 7 2 3 0 5 2 6 1 3 1 3 1 6 3 1 26 8 0 13 51 16 14 28 9 64 21 48 36 313 64 0 0 190 28 66 60 89 9 68 37 4 3 12 
