5 3 8 6 9 22 9 7 28 19 8 23 19 24 21 18 14 10 14 15 4 8 3 5 2 0 1 8 17 5 0 3 5 3 1 0 0 3 4 14 9 1 4 1 10 6 2 4 12 28 5 0 2 2 3 0 0 3 0 1 0 0 1 5 2 5 3 0 0 1 1 1 0 0 1 3 0 1 5 1 0 2 2 1 4 1 0 28 4 0 0 4 0 2 0 1 0 0 0 0 1 3 
5 5 11 6 13 43 26 26 40 23 11 39 37 27 31 38 30 24 27 9 9 17 6 10 8 0 0 9 25 3 0 5 3 0 2 0 2 7 17 15 8 0 2 6 7 12 6 4 5 33 0 3 5 4 2 0 2 7 0 1 0 2 0 3 10 2 2 5 5 1 3 5 2 1 4 1 0 4 11 1 2 1 3 2 2 3 3 20 6 0 0 3 1 2 2 3 0 0 1 0 1 4 
13 10 10 15 4 22 9 23 17 18 7 31 37 36 29 37 23 14 9 4 9 19 5 6 2 0 1 15 36 3 0 4 1 2 1 2 0 3 5 12 6 2 0 3 3 5 11 1 5 21 7 3 1 3 2 1 2 5 0 2 0 1 1 2 6 6 2 5 0 2 2 0 2 1 2 1 0 4 11 3 1 1 0 1 1 2 1 15 3 0 0 1 0 1 2 5 0 0 0 0 0 3 
5 10 11 0 2 6 6 4 5 1 2 8 3 1 2 0 2 4 0 1 2 0 1 2 0 0 0 4 18 0 0 0 2 0 0 0 0 0 0 1 0 0 0 0 2 2 0 3 1 1 1 0 1 0 0 0 0 1 0 0 0 0 0 0 0 1 0 0 0 1 0 0 0 0 0 0 0 0 1 0 0 0 0 0 1 0 0 2 0 0 0 0 0 0 0 1 0 0 0 0 0 0 
4 10 3 3 4 4 10 2 5 5 1 10 4 9 8 7 2 3 3 1 3 3 1 5 1 0 1 9 9 0 0 0 0 1 0 2 0 2 4 4 5 0 0 0 1 0 2 0 2 2 5 3 1 1 0 0 0 3 0 1 0 0 1 0 0 2 0 0 0 0 1 0 3 0 1 0 0 2 6 0 1 0 0 2 0 0 1 3 0 0 0 1 0 0 0 0 0 0 0 0 0 0 
15 25 21 15 9 2 7 15 10 4 19 19 24 22 28 44 15 26 17 6 3 10 8 7 0 0 2 12 30 1 2 1 5 0 0 1 0 5 15 15 7 1 1 2 1 4 3 0 5 14 2 4 6 4 7 0 0 2 0 2 0 0 1 0 0 2 1 1 1 1 3 1 0 2 0 0 0 2 3 0 1 1 1 4 1 3 0 7 1 0 0 2 0 0 0 2 0 1 1 0 0 0 
16 23 21 13 12 5 6 11 14 10 8 14 22 27 26 25 12 15 8 1 4 8 8 9 1 1 0 6 10 2 1 0 1 1 2 0 0 3 7 15 2 0 3 3 1 4 2 6 4 21 3 1 5 5 1 0 4 5 0 3 1 0 2 6 3 8 2 2 2 0 3 4 0 3 3 4 0 3 8 2 0 2 0 2 1 2 0 11 0 0 0 0 0 1 0 0 1 0 0 0 0 0 
15 21 22 4 5 17 8 11 9 16 7 33 29 29 20 59 30 16 13 12 15 11 6 23 9 1 0 12 10 1 0 0 2 1 1 0 0 4 12 12 5 2 3 3 10 6 3 5 4 11 6 0 4 9 1 0 1 7 0 1 1 1 0 1 3 4 1 1 1 2 1 1 1 2 3 2 0 2 4 1 0 0 2 3 2 0 0 6 3 0 0 1 0 0 0 1 0 0 3 0 0 1 
20 42 77 24 14 93 89 19 4 44 80 168 206 139 69 40 12 20 18 13 13 9 3 17 9 2 0 7 12 11 0 14 1 3 1 4 0 1 9 14 7 1 4 2 2 9 3 3 7 28 4 2 3 5 3 0 3 4 0 1 11 2 10 3 1 8 1 1 0 8 2 1 0 1 2 4 0 1 7 1 4 1 1 3 0 1 0 8 2 0 0 5 0 1 0 0 0 0 1 0 0 5 
7 13 11 2 6 13 12 16 1 1 2 9 21 20 16 24 16 9 4 7 5 7 5 15 3 0 2 10 4 7 0 1 5 0 1 0 0 1 0 1 3 0 4 2 3 2 0 0 2 11 1 1 4 5 4 0 0 5 0 2 0 0 0 3 2 3 0 4 0 4 4 3 1 3 7 3 1 3 3 1 2 0 0 4 0 0 1 2 1 0 0 0 0 1 0 0 0 1 0 0 0 1 
12 11 6 1 2 17 7 9 8 6 4 10 9 10 5 22 8 6 6 2 4 8 6 10 3 0 1 11 3 4 0 0 0 1 0 0 0 1 10 5 5 1 0 1 4 4 8 0 5 13 2 0 6 2 1 2 1 3 0 0 0 0 0 0 0 0 1 0 0 0 0 1 0 1 2 1 0 0 3 0 0 1 0 0 1 2 2 1 3 0 0 1 0 1 0 3 1 1 0 0 0 2 
23 30 31 2 8 37 37 27 29 14 7 5 17 45 25 68 24 22 12 21 11 12 13 24 6 3 6 16 13 13 3 3 2 2 2 0 0 4 17 12 7 0 3 1 4 3 2 4 6 23 2 3 9 6 4 0 4 15 0 4 0 1 0 0 0 2 0 2 0 0 1 5 1 2 3 1 2 2 9 0 0 0 0 0 0 0 1 8 1 0 0 0 1 0 0 1 0 2 0 0 0 0 
24 39 21 2 20 42 50 75 50 28 22 26 10 40 28 70 40 22 30 21 27 27 12 24 17 0 4 36 8 15 5 4 0 2 5 2 1 3 19 17 12 1 7 3 5 8 2 4 4 23 4 3 2 6 0 4 11 10 0 3 0 0 0 3 0 0 0 1 1 0 1 1 1 1 5 3 1 2 6 3 1 0 0 0 0 1 0 10 1 0 0 2 3 0 1 0 0 0 0 1 0 0 
34 66 53 11 24 56 74 72 60 38 25 58 47 9 13 59 69 58 63 32 58 47 30 78 26 3 9 68 7 7 1 4 1 1 1 0 0 3 9 19 9 0 3 5 2 5 3 3 9 11 3 7 9 10 5 1 9 28 0 11 2 0 0 2 1 2 1 0 0 0 0 0 0 0 8 3 1 9 34 6 0 1 0 0 0 0 0 4 1 0 0 3 1 2 0 3 1 2 1 0 0 2 
21 31 29 5 7 38 38 36 27 22 9 25 21 16 7 17 30 27 23 26 37 25 17 54 12 1 6 63 7 5 0 3 1 0 0 4 0 2 4 11 6 2 2 4 3 6 0 4 2 8 4 4 9 5 2 0 2 11 0 8 1 0 1 0 0 0 0 0 0 0 0 2 1 0 7 1 0 0 10 1 1 0 0 0 0 0 1 3 3 0 0 1 1 0 0 0 0 0 0 0 0 1 
41 56 56 11 25 70 75 78 66 88 42 67 69 32 16 19 79 88 65 73 153 75 93 147 59 8 17 148 5 49 11 27 42 14 22 16 17 3 10 37 23 5 10 11 24 20 8 15 20 56 12 6 28 9 7 1 10 21 0 6 4 0 0 0 5 5 0 1 0 0 7 3 1 2 16 6 2 7 37 6 1 0 1 2 3 3 3 20 6 0 0 9 3 12 4 11 0 3 1 0 2 4 
13 24 34 6 4 21 32 22 40 24 23 32 36 42 30 114 5 33 37 23 49 31 41 83 23 9 7 26 10 37 14 24 12 5 10 14 9 3 30 30 20 0 5 11 8 17 12 3 21 32 10 4 16 14 3 1 6 12 0 2 0 1 4 0 4 0 1 1 0 0 2 0 2 0 10 3 2 4 21 0 4 0 0 0 0 3 2 24 11 0 0 7 3 2 2 1 0 2 2 0 0 2 
8 19 15 1 2 17 24 25 23 25 16 23 29 42 28 70 27 11 26 26 33 19 32 74 21 5 12 43 1 22 9 22 11 5 11 7 8 8 29 15 29 6 13 19 13 8 9 9 13 48 6 5 13 9 5 0 2 9 0 1 0 0 0 2 1 0 0 0 0 0 1 1 0 0 3 5 0 5 13 1 2 0 0 0 0 5 7 8 2 0 0 6 0 2 0 0 0 0 0 1 0 0 
16 21 25 4 5 22 19 28 25 12 4 27 30 36 20 69 44 17 1 6 33 24 34 44 25 7 11 36 4 18 6 8 3 5 10 5 5 8 21 10 8 1 3 4 11 10 11 8 5 35 10 1 1 2 0 1 8 11 0 1 0 1 0 1 0 0 0 1 0 0 2 1 0 0 7 0 0 1 5 3 0 0 1 0 0 1 1 8 4 0 0 0 0 0 0 2 0 0 0 0 0 0 
4 10 10 1 3 1 8 5 12 11 5 22 21 25 25 60 14 18 16 2 4 7 8 13 8 4 17 53 1 3 5 4 2 2 6 12 0 10 10 17 3 0 1 0 4 2 3 2 5 8 1 0 2 0 1 1 1 4 0 4 1 0 0 0 0 0 0 0 0 0 0 0 0 0 1 3 0 1 8 0 0 0 0 1 0 1 1 4 3 0 0 0 0 0 0 0 0 0 0 0 0 0 
5 6 9 0 1 9 7 4 6 5 11 9 20 21 17 65 35 28 28 1 4 4 38 33 8 13 31 64 1 6 2 3 1 2 2 3 0 5 18 8 7 1 2 4 6 6 3 2 2 21 4 0 0 0 0 0 1 2 0 1 0 0 0 0 0 0 0 0 0 0 0 0 0 0 0 1 0 0 2 0 0 0 1 0 1 3 1 0 0 0 0 0 0 0 0 0 0 0 0 0 0 0 
3 9 6 0 4 10 6 5 4 10 5 7 16 13 15 33 18 8 4 3 6 3 6 17 9 7 14 49 0 1 0 0 0 3 4 2 4 2 2 4 2 0 1 1 4 4 5 1 1 15 1 0 1 1 1 1 2 1 0 1 0 0 0 0 0 0 0 0 0 0 0 0 0 0 0 5 0 0 0 0 1 0 0 0 0 0 0 5 1 0 0 1 0 0 0 0 0 0 0 0 0 0 
1 4 3 0 2 6 4 6 1 5 2 7 7 7 8 38 24 13 14 4 23 6 8 8 3 5 4 40 0 1 3 0 3 0 0 3 2 0 9 5 7 2 0 2 0 2 1 1 2 12 0 0 3 0 0 0 0 1 0 0 1 0 0 0 0 0 0 0 0 0 0 0 0 0 0 0 0 1 6 0 1 0 0 0 0 1 0 2 0 0 0 1 0 0 0 0 0 0 0 0 0 0 
3 5 8 1 2 11 9 12 11 19 3 12 33 21 37 79 45 19 25 9 22 9 18 5 8 20 28 77 0 3 0 2 4 2 6 3 4 6 28 4 6 2 1 2 0 2 5 3 4 21 0 0 8 0 3 0 0 6 0 0 0 0 0 1 1 0 0 0 0 0 0 0 0 0 2 1 0 0 3 0 1 0 0 0 1 0 2 9 0 0 0 0 0 0 0 0 0 1 0 0 0 1 
3 7 5 1 2 11 8 4 8 8 3 11 22 11 21 37 15 12 13 7 10 5 10 6 4 3 12 32 0 5 2 6 9 4 5 4 1 7 13 10 12 1 1 6 13 10 4 6 6 30 10 5 7 2 0 1 0 2 0 1 0 3 1 0 1 1 0 0 0 0 0 0 0 0 0 2 0 5 14 0 0 0 0 1 0 4 0 25 0 0 0 3 0 0 0 1 0 0 0 0 0 1 
0 1 0 0 0 1 1 1 1 2 0 1 4 3 5 5 3 4 9 2 4 10 9 20 5 1 2 4 0 0 0 0 1 0 0 1 0 1 5 1 1 0 0 0 1 0 0 0 0 1 0 0 2 0 0 0 0 0 0 0 0 0 0 0 0 0 0 0 0 0 0 0 0 0 0 0 0 0 1 0 0 0 0 0 0 0 0 0 0 0 0 0 0 0 0 0 0 0 0 0 0 0 
0 0 1 0 0 1 0 0 0 2 0 1 7 2 4 6 6 0 0 2 13 5 7 19 12 1 3 15 0 0 0 1 1 1 0 0 0 0 0 0 1 0 0 0 0 1 2 2 0 0 0 0 0 0 0 0 0 0 0 0 0 0 0 0 0 0 0 0 0 0 0 0 0 0 0 1 0 0 1 0 0 0 2 0 0 0 0 1 0 0 0 0 0 0 0 0 0 0 0 0 0 0 
8 16 4 3 2 16 3 11 10 20 5 17 36 50 53 56 38 28 35 38 52 56 49 76 19 5 72 6 0 2 1 6 5 3 1 3 2 10 17 15 7 6 3 2 8 12 7 9 9 39 8 0 5 1 3 0 1 8 0 0 0 1 0 1 1 0 1 0 0 0 0 0 0 0 4 2 0 1 8 1 0 0 0 0 0 0 1 24 2 0 0 2 0 1 0 2 0 2 0 0 0 0 
71 95 121 27 20 128 77 37 63 37 11 43 39 34 25 42 21 21 23 16 14 29 7 8 9 3 1 8 2 7 2 8 4 2 7 10 0 3 11 19 15 1 5 2 16 24 8 6 11 57 3 2 14 3 0 0 0 12 0 0 1 1 1 3 9 13 4 2 0 5 4 5 1 3 0 3 0 3 20 2 3 0 1 3 1 9 3 9 3 0 0 2 1 4 3 5 0 1 2 0 0 0 
0 10 0 1 1 4 3 6 1 2 3 8 11 1 3 24 28 10 6 4 4 0 5 5 2 1 0 0 3 15 99 112 92 46 83 94 139 113 117 112 54 7 25 39 28 18 23 19 22 138 6 2 13 7 3 1 2 4 0 4 2 3 2 12 20 25 7 7 3 7 9 5 1 0 6 1 0 4 16 6 1 1 0 2 2 13 7 73 14 0 0 11 7 9 2 7 3 3 1 2 2 5 
0 1 1 0 1 1 3 0 0 0 0 2 6 1 1 8 10 5 2 3 6 0 1 2 2 0 0 0 0 81 5 52 51 9 17 24 44 40 43 48 14 1 12 13 17 9 14 7 8 42 2 5 4 11 0 1 0 2 0 3 0 0 2 7 8 3 2 5 5 5 2 0 2 2 0 0 0 0 13 2 1 0 0 0 1 1 4 44 6 0 0 1 2 5 1 3 2 1 2 1 2 1 
0 5 1 1 0 4 8 1 7 0 0 4 4 1 13 13 17 13 6 3 4 4 2 4 1 1 2 4 0 101 60 15 29 19 44 35 82 85 94 68 49 14 27 22 23 35 18 19 24 100 7 5 13 7 3 1 4 9 0 3 0 0 0 5 23 11 2 12 3 3 3 2 1 1 5 4 3 3 11 1 1 0 3 0 2 5 6 39 13 0 0 12 1 2 2 3 0 3 1 0 1 2 
11 10 8 2 1 7 14 4 6 7 2 7 15 5 5 14 35 20 10 9 8 3 4 16 13 6 2 17 2 247 90 107 9 34 77 64 92 106 122 161 90 15 68 56 92 89 68 77 67 435 20 26 39 30 8 2 15 15 0 10 6 0 3 16 18 21 8 13 7 13 32 17 8 3 16 6 3 10 24 0 13 7 2 4 6 15 16 109 24 0 0 24 6 25 9 13 2 23 5 3 2 17 
3 3 6 1 1 1 3 0 0 2 0 1 0 1 0 6 11 3 4 3 1 3 1 3 1 1 0 6 0 91 34 35 13 8 19 16 48 32 70 37 18 5 20 19 18 22 16 13 19 69 5 2 7 4 7 0 4 10 0 3 2 0 2 1 6 19 8 10 3 14 14 24 3 6 2 0 0 2 12 4 3 0 1 3 3 4 5 25 6 0 0 11 0 4 4 10 2 2 1 2 1 4 
4 5 5 0 1 3 1 2 0 5 0 4 4 0 2 8 16 8 3 4 7 4 7 11 5 0 1 9 4 336 149 274 47 29 9 9 72 64 113 131 62 11 40 42 40 36 25 37 25 103 11 5 7 13 4 2 13 11 0 4 1 2 3 25 13 9 8 7 5 6 23 27 4 4 11 3 2 3 19 3 0 3 2 0 1 8 5 35 20 0 0 19 10 12 5 28 5 9 5 0 0 3 
0 0 1 0 0 0 0 0 1 0 0 0 0 0 6 9 11 6 6 1 1 3 3 17 6 1 0 5 0 150 61 67 24 16 13 8 64 68 113 53 25 9 11 21 27 24 21 12 22 80 2 1 2 9 0 0 1 4 0 0 1 3 0 7 4 6 3 9 7 3 3 10 1 8 0 0 0 2 4 2 1 0 0 1 0 3 2 24 7 0 0 14 7 5 3 8 0 1 0 1 2 4 
6 5 6 0 0 1 2 1 2 1 0 2 0 0 2 16 25 16 7 11 10 8 6 26 5 0 0 24 0 315 136 246 88 84 83 119 12 93 249 348 158 48 79 72 102 80 83 64 71 295 7 15 17 3 3 3 4 11 0 2 2 3 6 26 18 20 7 23 3 10 37 46 13 5 4 3 0 1 12 0 0 0 3 3 2 21 16 77 40 0 0 24 21 24 13 37 2 28 20 3 5 11 
6 3 5 2 1 10 1 5 1 4 1 10 6 4 3 4 9 6 3 4 12 9 14 11 7 2 4 19 0 192 85 158 61 37 53 50 49 6 55 141 88 12 47 42 47 48 46 38 41 174 8 4 5 1 2 0 4 5 0 2 1 1 4 7 12 10 4 15 3 1 14 5 5 5 6 0 0 0 2 3 4 0 0 2 0 6 7 54 18 0 0 24 10 12 3 13 0 11 4 3 0 9 
14 28 21 2 19 32 26 30 31 26 10 35 32 12 13 8 48 66 29 19 62 41 26 68 25 1 9 72 6 314 112 275 157 116 116 129 247 81 20 502 330 46 95 133 126 184 119 129 122 453 16 13 47 11 4 0 9 16 0 5 9 5 9 20 47 46 12 25 10 9 41 25 7 10 16 6 1 13 29 8 11 6 9 15 14 27 32 145 43 0 0 58 20 31 27 47 2 25 29 11 7 36 
9 22 13 1 6 14 11 7 8 8 7 26 14 11 5 11 29 21 9 10 4 2 0 13 9 0 2 14 2 95 25 62 54 34 52 46 150 107 276 12 24 20 33 52 48 63 51 56 58 206 7 3 10 3 3 2 7 2 0 2 1 2 4 9 16 4 3 2 1 0 3 4 1 2 6 4 0 3 18 8 8 6 6 20 5 6 5 31 28 0 0 26 10 13 3 26 0 6 6 1 2 2 
8 15 6 2 0 5 7 4 8 10 2 7 8 5 5 10 20 7 4 7 12 11 4 11 3 1 3 22 2 68 18 44 35 28 18 16 58 60 127 43 10 8 25 45 24 48 46 37 58 155 7 2 5 4 2 1 2 4 0 0 0 0 0 4 1 6 1 2 0 2 5 2 2 1 8 3 0 1 9 1 1 0 3 4 2 9 14 14 25 0 0 7 6 16 8 23 7 9 4 5 0 4 
1 0 2 0 0 1 1 0 0 1 0 1 2 1 0 0 5 3 1 2 1 0 0 0 1 0 0 0 0 10 1 4 11 7 3 2 18 12 15 12 5 5 3 20 14 10 5 16 15 27 2 2 0 1 0 0 0 0 0 0 0 0 0 0 2 0 0 0 0 0 0 1 0 0 1 2 1 0 0 1 1 0 1 1 0 4 6 11 7 0 0 7 3 0 0 4 1 2 2 1 0 2 
3 11 9 2 3 9 7 6 2 14 2 7 12 3 3 3 11 8 4 2 9 4 4 7 0 0 0 8 0 51 23 45 20 19 23 24 48 49 81 45 19 5 17 44 32 57 32 60 71 146 3 5 10 11 4 3 6 11 0 3 2 1 3 2 5 7 1 3 0 1 2 8 2 6 16 7 0 9 23 17 18 18 16 46 22 48 33 113 51 0 0 36 15 39 25 60 5 42 32 6 7 34 
5 14 14 0 3 10 10 4 4 3 3 3 7 6 7 12 21 12 12 8 9 6 10 13 13 0 2 17 0 78 23 55 23 20 29 15 57 81 115 119 56 39 51 17 98 146 91 137 190 324 11 8 12 11 1 2 8 5 0 3 0 0 2 1 6 16 1 7 3 0 2 7 0 0 20 14 1 20 22 19 23 16 35 61 47 100 100 172 103 0 0 109 54 72 38 137 8 113 48 8 10 53 
9 9 7 1 1 5 7 3 5 3 4 5 9 0 4 4 19 6 3 3 9 6 3 3 10 0 2 9 2 42 13 36 27 19 33 22 54 34 76 42 38 19 34 67 12 88 56 76 97 209 5 3 9 4 2 0 0 4 0 1 0 0 0 0 7 1 0 3 4 4 3 2 2 1 7 0 2 5 12 9 9 4 5 19 21 29 11 36 22 0 0 33 12 20 11 53 7 23 17 9 2 24 
6 12 5 4 2 11 16 8 11 7 8 9 14 1 6 14 30 9 3 9 19 13 12 15 5 0 1 22 0 77 21 39 37 31 38 40 83 57 113 146 114 19 64 148 132 14 121 265 302 556 15 6 11 7 6 0 7 9 0 3 2 0 1 5 13 11 2 1 0 2 3 8 7 1 16 10 0 11 24 12 10 11 22 23 27 53 42 169 47 0 0 70 26 40 31 51 3 50 50 9 4 24 
3 4 6 0 2 11 6 1 9 8 3 12 6 5 9 6 12 17 12 5 6 3 4 9 11 2 0 17 0 51 12 25 29 19 20 11 38 46 86 78 41 10 17 49 47 104 9 144 137 240 5 5 6 7 1 1 5 3 0 0 1 0 2 6 3 9 1 2 0 1 1 2 2 1 7 7 1 7 24 7 4 1 7 19 10 24 9 112 23 0 0 27 9 11 11 12 6 22 27 1 0 23 
2 11 2 1 3 1 2 2 6 3 0 3 3 1 1 4 3 1 0 0 4 0 2 5 0 0 1 10 1 21 9 17 23 19 6 7 19 21 46 30 37 11 21 40 48 124 53 8 105 298 3 0 1 2 2 1 1 2 0 0 1 3 0 3 7 4 1 3 2 1 1 1 2 0 6 3 0 9 8 5 3 2 3 9 6 21 14 52 13 0 0 24 3 15 9 14 5 11 16 2 0 4 
4 4 5 0 0 3 4 2 3 3 2 3 3 2 1 2 5 5 3 1 2 4 4 3 1 0 1 14 0 22 7 11 27 11 12 9 12 22 43 33 23 5 16 26 34 78 45 59 14 230 5 1 3 1 2 1 1 3 0 2 1 0 0 1 11 7 5 2 0 1 5 1 0 1 18 3 0 1 6 2 4 1 7 12 12 13 7 90 11 0 0 15 2 9 9 18 1 17 7 6 6 4 
39 46 39 5 19 30 19 19 33 33 18 27 29 25 13 19 62 47 38 17 21 18 19 48 39 5 5 86 7 223 73 159 196 63 94 69 214 208 291 299 228 41 123 257 279 372 235 584 702 35 42 25 65 24 8 4 20 25 0 10 5 3 2 33 31 34 9 23 6 6 30 19 5 8 51 29 3 29 64 44 45 23 25 73 46 71 44 571 73 0 0 102 40 86 57 85 14 99 98 13 20 72 
0 7 7 1 2 0 9 3 2 5 7 7 3 7 4 7 8 3 4 1 0 2 1 5 5 1 0 7 0 6 3 2 7 5 14 3 2 1 2 4 1 1 2 2 9 2 5 9 3 20 4 12 29 23 16 9 11 16 0 17 4 2 1 2 13 17 2 10 1 15 5 10 4 13 9 10 1 16 53 8 9 2 6 17 3 5 0 42 3 0 0 6 0 0 2 0 0 4 3 0 2 5 
2 12 0 0 1 2 1 1 3 8 3 2 4 3 2 4 2 1 1 2 2 0 1 0 3 0 1 1 0 6 1 10 7 2 1 5 4 4 3 4 0 0 6 2 4 5 4 2 4 8 13 5 27 28 6 3 15 18 0 11 5 9 0 9 5 9 7 7 1 4 6 6 2 5 11 3 1 7 38 3 12 0 4 4 7 7 6 29 2 0 0 4 2 3 0 9 1 0 0 0 0 0 
5 9 7 3 7 2 6 4 4 3 4 9 8 8 12 7 9 2 7 3 0 0 5 4 1 0 1 5 0 4 11 10 11 10 5 3 3 2 11 12 3 0 7 2 8 7 8 8 8 46 57 63 6 50 29 8 18 43 0 23 11 0 6 11 4 24 10 17 5 13 5 23 5 12 10 10 1 32 55 15 4 2 10 16 6 22 5 38 9 0 0 6 1 3 3 5 1 7 7 1 0 2 
1 3 9 0 0 5 5 5 6 2 1 1 3 5 2 6 2 3 5 0 3 1 0 1 4 0 0 2 1 4 8 4 2 2 5 1 2 0 2 3 1 0 0 2 4 2 1 1 7 8 20 13 28 1 12 1 8 21 0 19 9 0 0 4 11 9 4 7 6 12 6 2 3 9 4 5 0 9 48 0 3 1 2 17 9 5 5 18 2 0 0 2 0 4 0 1 2 5 1 0 0 0 
3 0 1 0 0 1 1 1 2 1 2 1 2 0 1 2 1 0 1 2 1 1 0 3 0 0 0 1 1 6 0 5 5 3 1 1 0 0 1 4 1 0 2 0 1 0 1 4 4 7 12 5 11 11 4 0 3 7 0 2 4 1 0 6 7 4 3 1 0 2 0 8 1 1 3 5 2 1 25 1 6 0 0 5 2 1 0 7 1 0 0 4 3 2 0 1 0 0 3 0 0 0 
0 0 0 1 4 2 2 1 0 1 2 1 1 0 0 1 0 0 0 0 0 0 0 1 0 0 0 1 0 2 0 1 2 3 0 1 0 0 2 1 0 0 1 0 5 1 3 1 1 0 4 2 3 10 2 1 2 5 0 2 0 1 1 2 5 2 2 2 0 2 0 0 1 0 2 2 1 1 20 1 0 0 1 6 0 2 1 5 0 0 0 2 0 1 0 2 0 1 1 0 0 1 
7 4 2 1 0 4 1 4 3 1 0 3 6 6 1 4 1 0 1 0 1 3 0 2 3 0 0 7 0 4 1 4 3 4 5 2 0 1 2 2 1 1 4 1 2 4 2 2 3 12 18 6 8 13 6 3 3 10 0 9 5 0 3 11 5 15 1 6 7 10 6 4 6 8 5 7 2 8 53 2 5 0 2 13 8 5 4 12 5 0 0 3 1 4 1 0 0 1 0 0 1 2 
2 11 5 0 1 7 2 7 2 12 0 7 1 5 4 10 5 2 3 0 1 2 2 4 0 0 0 3 1 8 2 5 5 8 6 3 1 1 9 4 1 0 1 1 2 5 1 2 5 11 26 19 33 41 20 5 7 8 0 19 1 2 1 4 18 13 4 12 4 7 5 12 4 3 38 13 4 19 103 20 6 4 3 7 10 3 0 17 5 0 0 3 1 4 4 2 0 1 3 0 0 3 
0 0 0 0 0 0 0 0 0 0 0 0 0 0 0 0 0 0 0 0 0 0 0 0 0 0 0 0 0 0 0 0 0 0 0 0 0 0 0 0 0 0 0 0 0 0 0 0 0 0 0 0 0 0 0 0 0 0 0 0 0 0 0 0 0 0 0 0 0 0 0 0 0 0 0 0 0 0 0 0 0 0 0 0 0 0 0 0 0 0 0 0 0 0 0 0 0 0 0 0 0 0 
12 4 4 6 3 6 11 6 3 0 3 15 12 14 13 14 12 10 8 7 5 5 4 8 2 1 0 6 5 7 4 5 6 4 0 1 1 2 5 5 3 0 2 2 2 3 3 5 4 17 20 11 16 32 6 2 8 26 0 2 2 1 8 5 24 14 7 13 0 14 11 13 3 15 13 5 5 4 37 3 8 1 6 3 5 9 4 13 2 0 0 0 2 3 0 3 1 3 1 0 0 1 
0 0 1 1 0 2 0 1 0 0 0 0 0 0 0 2 3 1 1 0 0 1 0 0 0 0 0 1 1 3 0 3 0 0 0 0 0 1 2 2 0 0 1 1 0 1 1 2 0 8 4 6 11 8 7 4 2 17 0 4 1 2 1 5 3 2 6 8 0 9 9 10 3 6 5 10 1 4 16 0 1 4 2 2 2 4 0 8 2 0 0 0 0 0 0 3 0 0 1 0 0 1 
0 3 4 1 0 2 1 2 2 2 1 5 4 1 1 2 2 1 2 0 0 0 0 0 0 0 0 0 1 13 12 11 4 10 6 4 1 8 7 10 6 2 3 3 6 4 0 8 13 24 3 2 5 5 2 2 6 16 0 12 4 2 5 13 24 15 7 12 5 10 12 11 7 5 5 2 2 5 11 1 2 1 3 8 1 3 3 11 4 0 0 5 1 3 2 1 0 0 0 2 0 0 
0 0 2 0 0 4 1 2 0 0 1 1 0 0 0 1 0 1 0 1 0 0 3 0 0 0 0 0 0 12 0 1 0 1 1 0 6 0 6 2 1 0 0 0 3 0 2 0 1 1 1 4 3 7 1 1 4 3 0 3 3 0 1 0 12 14 7 3 1 6 11 3 1 5 3 2 0 2 10 0 1 1 1 0 1 2 0 3 0 0 0 1 1 0 0 0 0 0 0 0 0 0 
3 4 4 2 0 5 7 2 1 1 0 0 1 0 0 6 5 2 1 1 1 0 2 0 0 0 0 1 1 22 8 8 3 0 5 5 9 10 14 11 7 3 5 5 4 1 5 6 10 23 11 8 17 15 4 5 11 17 0 8 6 4 3 6 12 20 10 13 7 12 23 24 12 15 12 5 2 3 29 8 3 2 3 3 1 2 0 8 9 0 0 5 1 0 0 1 0 1 0 1 0 1 
2 4 2 0 0 3 9 1 4 3 0 4 0 0 0 1 1 1 1 1 0 2 0 1 1 0 0 1 1 22 6 9 9 13 5 1 5 6 11 13 8 2 2 4 4 9 3 1 3 12 8 11 11 13 4 2 10 13 0 8 4 2 5 5 6 15 10 19 15 25 29 29 16 16 4 5 0 4 12 1 11 1 6 7 1 0 0 11 1 0 0 2 0 2 0 0 0 0 0 0 0 0 
5 11 5 0 6 9 5 7 3 0 1 5 2 0 0 0 0 0 0 0 0 0 1 0 0 0 0 0 0 41 14 21 8 13 4 6 8 3 12 10 5 1 3 4 7 6 5 8 9 29 8 4 23 22 7 0 6 10 0 18 4 4 8 25 27 15 16 29 33 52 57 55 24 22 9 9 0 9 31 8 5 0 10 2 3 2 6 7 2 0 0 4 0 2 0 1 0 0 0 0 0 1 
4 3 2 0 0 3 1 0 1 0 0 0 1 0 0 0 0 0 0 0 0 0 0 0 0 0 0 0 0 6 7 4 8 0 2 1 0 0 3 0 1 0 0 0 4 3 4 1 1 7 0 5 6 8 0 1 6 2 0 13 3 0 0 13 6 5 6 2 8 10 23 14 10 4 5 1 0 3 12 1 2 2 4 4 2 2 2 2 1 0 0 0 0 0 0 1 0 0 0 0 1 1 
1 1 2 0 0 2 2 3 0 1 0 3 1 0 0 2 0 0 0 0 0 0 0 0 0 0 0 0 0 11 4 3 3 0 0 4 6 5 1 3 1 0 2 1 3 3 1 1 1 8 7 5 20 15 1 2 9 8 0 5 4 1 4 6 15 15 7 3 7 11 46 27 11 11 1 1 0 4 23 4 0 1 0 2 0 5 0 7 0 0 0 0 0 0 0 2 0 0 0 0 0 0 
1 0 0 0 0 1 0 1 1 0 1 0 0 2 0 4 0 0 0 0 0 0 0 0 0 0 0 0 0 3 2 4 2 1 0 1 4 6 3 1 3 1 1 0 2 0 0 0 0 2 2 1 7 4 2 0 0 1 0 3 2 4 0 3 10 28 8 10 2 6 32 32 3 10 0 4 0 0 8 2 6 0 1 4 0 0 0 3 0 0 0 0 0 0 0 0 0 0 0 0 0 0 
0 1 0 0 0 0 1 1 0 0 0 1 0 1 0 0 0 0 0 0 0 0 0 0 0 0 0 0 0 3 3 4 5 1 6 2 3 2 2 1 3 0 0 2 3 0 0 0 1 4 4 0 6 3 1 0 12 6 0 1 1 1 1 7 15 30 11 15 2 2 28 32 20 14 5 3 0 3 21 4 2 0 6 1 1 0 0 4 0 0 0 1 0 0 0 1 0 0 0 0 0 0 
1 4 0 1 1 3 5 2 1 1 1 0 0 0 0 0 0 1 0 0 0 0 0 0 0 0 0 0 0 1 2 1 7 8 5 2 15 6 10 5 3 0 0 0 0 2 1 3 6 10 1 2 7 4 3 1 5 3 0 10 5 0 1 8 10 36 4 24 19 17 5 62 6 31 2 0 0 4 10 4 0 0 0 6 2 2 1 7 0 0 0 0 0 0 0 0 0 0 0 0 0 1 
3 2 0 1 0 4 4 6 1 6 0 1 3 0 2 1 1 0 0 0 0 0 0 0 0 0 0 0 0 12 1 8 6 9 13 3 7 13 11 3 5 0 3 2 9 2 4 0 14 17 6 1 5 5 0 1 5 6 0 12 3 1 3 21 24 26 19 35 33 36 85 7 46 48 2 0 0 3 18 4 5 2 4 2 0 6 0 9 1 0 0 0 1 0 0 0 0 0 0 0 0 0 
0 1 4 0 3 1 2 1 1 2 1 2 0 0 1 2 0 0 0 2 0 0 0 1 0 0 0 0 2 0 2 3 2 7 3 5 8 1 4 0 2 1 2 0 1 1 0 1 0 6 6 5 4 5 1 2 1 7 0 5 9 0 4 7 16 9 5 13 5 17 18 38 0 12 2 1 1 2 7 1 2 1 3 1 3 2 0 1 2 0 0 0 0 0 0 1 0 0 1 0 0 0 
2 4 8 0 2 5 1 2 2 3 1 2 3 0 0 2 0 0 0 0 0 0 1 0 0 0 0 0 1 0 0 1 5 3 4 3 4 7 2 5 2 2 0 2 2 2 3 0 1 13 7 6 5 5 5 1 4 2 0 14 8 1 1 8 3 23 3 23 12 42 15 26 8 0 5 6 1 5 22 2 6 2 5 2 1 1 1 12 0 0 0 0 0 2 0 1 0 2 0 0 0 0 
0 1 1 0 0 2 1 2 1 0 1 1 5 2 0 2 1 2 1 1 0 0 0 0 2 0 1 2 0 5 1 2 1 1 1 2 0 1 5 0 1 0 2 10 0 7 8 1 6 16 12 4 9 2 2 0 2 11 0 4 1 0 1 4 2 10 4 4 3 1 7 0 1 2 7 3 2 17 48 10 2 9 14 18 6 7 6 33 6 0 0 2 2 3 3 3 2 6 2 0 0 4 
1 5 0 0 0 2 1 0 3 3 3 1 2 0 1 4 2 1 1 0 1 0 0 0 2 0 0 1 1 2 2 3 1 3 1 0 0 0 4 2 1 0 2 8 3 2 7 3 5 16 3 1 6 6 5 0 6 11 0 2 6 2 0 2 2 7 4 0 0 0 3 2 2 1 9 3 6 11 105 15 11 0 17 37 6 17 3 24 3 0 0 5 2 5 1 3 1 4 5 0 0 0 
2 0 0 2 1 1 0 0 1 1 0 1 1 1 0 0 1 0 0 0 0 1 0 0 0 1 0 2 0 0 0 0 1 0 0 0 0 0 0 0 0 0 1 1 1 0 0 2 0 4 1 1 0 2 0 0 0 2 0 2 1 1 0 6 4 2 0 1 0 0 1 0 0 2 4 7 1 9 31 8 3 2 8 5 0 1 1 8 5 0 0 4 0 1 1 2 0 0 0 0 1 3 
1 0 2 0 0 3 1 2 1 1 0 0 6 2 4 2 1 2 0 0 2 0 2 1 0 1 0 0 0 2 0 3 0 3 1 0 0 0 3 3 1 2 6 5 1 5 5 3 9 15 3 2 6 4 0 4 3 6 0 3 4 0 0 0 4 3 0 0 1 0 3 3 3 2 55 21 4 4 51 16 10 2 15 29 18 6 8 41 11 0 0 1 2 8 3 1 2 8 6 1 0 3 
9 14 20 8 11 29 5 10 21 21 10 5 7 10 11 22 23 8 8 4 2 0 6 16 3 2 1 18 5 32 17 36 18 16 14 5 5 6 17 12 9 6 15 26 13 8 8 9 18 57 138 100 139 116 91 38 94 98 0 57 24 4 8 35 28 42 15 15 4 24 30 32 10 19 311 217 56 94 20 65 114 36 93 155 69 52 26 110 19 0 0 17 13 34 8 17 1 17 13 3 2 12 
2 1 1 0 0 0 0 1 0 0 0 1 0 2 0 5 0 1 1 0 0 0 0 0 2 0 0 3 0 2 0 1 0 3 3 0 3 1 5 5 0 5 6 12 5 9 5 3 4 12 15 4 10 9 1 0 1 6 0 6 11 0 0 5 11 8 0 1 2 3 4 1 0 2 60 48 14 86 66 5 31 3 26 80 61 7 8 50 11 0 0 9 1 7 4 3 2 6 14 5 1 0 
0 0 3 0 1 1 1 0 1 2 2 0 0 0 0 0 1 0 0 2 0 0 0 0 0 0 1 1 0 4 1 3 2 2 0 0 1 0 2 1 0 0 12 10 6 4 2 1 4 18 6 1 8 3 2 0 4 6 0 3 0 0 4 1 4 5 3 1 2 0 6 3 3 2 63 10 9 8 65 9 4 3 17 47 19 22 4 39 6 0 0 8 0 7 5 2 5 11 4 4 0 3 
2 0 1 0 0 1 0 0 1 0 0 0 0 0 0 1 0 0 2 0 0 0 0 0 0 0 0 0 0 2 1 0 2 2 0 0 0 1 1 4 2 4 6 13 1 4 13 5 1 18 1 0 1 0 0 0 3 4 0 2 2 0 0 2 1 0 0 0 0 0 2 0 3 1 18 7 6 10 18 19 7 2 5 32 17 7 10 37 7 0 0 4 3 8 3 5 4 13 6 2 0 4 
0 2 1 0 0 0 1 1 0 1 0 0 2 0 0 0 1 0 0 0 0 0 0 0 0 0 0 0 0 4 0 0 1 0 0 0 0 2 2 3 2 1 6 6 8 3 0 0 4 14 9 3 4 4 4 1 1 1 0 0 1 0 0 0 1 1 1 2 2 2 0 2 2 0 18 13 8 9 31 14 10 3 3 73 12 17 12 18 9 0 0 12 6 5 2 4 2 2 11 1 2 7 
3 8 6 4 1 4 6 4 3 6 2 1 0 0 0 0 1 0 0 1 0 1 0 1 1 0 0 0 1 8 2 3 0 1 0 0 2 4 12 14 8 6 31 33 17 24 9 15 21 61 27 17 22 16 11 5 22 18 0 9 2 0 1 0 9 7 0 1 3 6 10 3 3 2 58 60 24 57 168 87 97 36 169 8 119 88 47 142 24 0 0 25 11 29 16 25 6 31 20 6 2 7 
0 1 1 0 1 0 3 2 1 0 0 0 0 1 0 2 0 0 0 1 0 0 0 0 0 0 0 1 0 2 0 0 2 0 0 0 0 2 2 9 2 3 13 19 10 13 13 12 9 28 4 26 6 15 6 4 30 44 0 3 0 0 0 2 1 1 0 0 0 6 4 2 2 3 32 26 33 154 183 307 245 164 174 112 4 51 25 80 27 0 0 28 10 21 4 7 3 19 15 3 3 3 
1 6 0 0 0 0 4 6 0 2 0 4 0 0 0 1 8 4 1 3 3 0 2 1 4 0 0 1 0 11 6 6 8 8 7 8 7 15 15 9 8 7 20 33 14 24 36 22 20 67 14 11 10 12 4 1 3 9 0 5 1 2 0 3 3 3 1 1 0 2 3 2 1 5 24 16 1 12 28 26 25 13 33 50 38 3 10 56 43 0 0 41 11 27 13 36 4 26 16 2 3 14 
1 3 4 1 1 2 1 1 0 2 0 0 0 0 2 1 1 0 2 1 0 2 1 0 0 0 0 6 1 6 2 12 8 2 0 0 5 5 14 11 5 1 18 32 7 20 5 13 5 43 4 2 8 5 1 1 1 3 0 2 0 0 1 2 2 3 2 1 1 0 2 1 0 0 9 11 1 8 27 9 12 9 26 35 29 13 4 25 16 0 0 27 11 11 3 13 4 21 13 1 1 8 
6 14 11 6 7 11 12 7 4 4 1 3 2 1 1 2 11 6 2 1 5 5 9 7 9 0 3 13 1 40 22 24 24 11 15 24 31 48 69 21 14 5 47 60 40 106 96 88 75 427 30 16 64 12 1 1 10 18 0 12 1 3 0 4 6 7 2 1 0 3 7 9 1 5 27 38 10 37 53 24 43 26 34 81 63 51 36 19 19 0 0 67 22 65 33 59 14 66 54 13 4 81 
0 2 2 0 0 0 3 3 0 1 0 0 0 0 0 0 0 1 2 2 0 0 2 2 0 0 1 2 0 11 4 11 3 7 4 12 9 20 23 13 17 1 11 37 15 16 11 34 14 36 5 2 8 12 2 1 2 5 0 3 1 0 0 3 1 0 0 0 2 1 1 2 0 0 7 13 1 12 19 11 12 5 10 18 17 27 22 41 3 0 0 35 9 12 14 21 3 10 14 6 0 11 
0 0 0 0 0 0 0 0 0 0 0 0 0 0 0 0 0 0 0 0 0 0 0 0 0 0 0 0 0 0 0 0 0 0 0 0 0 0 0 0 0 0 0 0 0 0 0 0 0 0 0 0 0 0 0 0 0 0 0 0 0 0 0 0 0 0 0 0 0 0 0 0 0 0 0 0 0 1 0 0 0 0 0 0 0 0 0 0 0 0 0 0 0 0 0 0 1 1 0 0 0 0 
0 0 0 0 0 0 0 0 0 0 0 0 0 0 0 0 0 0 0 0 0 0 0 0 0 0 0 0 0 0 0 0 0 0 0 0 0 0 0 0 0 0 0 0 0 0 0 0 0 0 0 0 0 0 0 0 0 0 0 0 0 0 0 0 0 0 0 0 0 0 0 0 0 0 0 0 0 0 0 0 0 0 0 0 0 0 0 0 0 0 0 0 0 0 0 0 0 0 0 0 0 0 
7 14 7 1 0 10 9 4 8 3 3 10 13 18 4 4 15 7 7 5 8 1 5 5 2 0 2 9 3 43 17 33 33 41 36 22 69 72 141 49 34 16 38 188 94 123 94 108 155 295 11 12 28 10 6 1 9 13 0 9 0 1 1 13 11 3 4 3 0 0 3 4 1 4 10 9 0 21 40 37 44 26 35 69 73 121 59 291 133 0 0 10 78 91 49 316 18 161 89 12 16 69 
0 3 2 0 0 6 2 1 0 3 0 0 2 1 2 1 1 1 1 0 0 0 0 1 1 0 0 2 0 4 1 8 0 4 4 0 9 4 14 8 6 0 8 27 4 21 15 17 10 25 2 1 0 2 1 0 1 0 0 1 0 0 0 0 0 0 0 0 0 0 0 2 0 0 0 3 0 4 5 5 11 6 8 14 11 9 18 40 10 0 0 31 1 4 5 14 1 16 8 4 1 9 
1 1 3 0 0 1 0 2 1 2 0 0 0 0 0 1 1 0 0 0 0 0 0 0 0 0 0 0 0 12 6 7 3 2 0 3 12 9 10 10 3 1 11 22 16 32 7 22 25 66 3 2 6 3 2 0 3 3 0 3 0 0 0 0 0 0 0 0 0 0 0 0 0 0 5 5 4 12 10 10 10 12 15 19 9 30 15 44 23 0 0 55 4 5 3 35 3 22 7 5 1 8 
4 1 2 0 1 1 0 0 0 0 0 0 0 0 0 3 0 2 0 0 0 0 0 1 0 0 0 1 0 8 1 3 8 1 3 2 4 5 10 10 3 8 22 18 6 9 6 12 17 56 5 0 6 1 0 0 1 1 0 3 0 0 0 0 0 0 1 0 0 0 0 0 0 0 4 3 0 7 9 4 7 6 8 23 12 19 21 70 18 0 0 23 7 7 0 23 0 26 17 6 5 16 
0 2 0 0 2 1 5 1 1 2 0 5 1 0 1 0 0 1 0 0 0 1 0 1 0 0 0 0 0 12 3 6 2 5 3 7 4 6 10 10 3 4 32 30 11 21 11 14 15 66 4 2 4 1 3 0 1 4 0 3 1 0 0 0 0 0 0 0 0 0 0 1 0 0 2 0 0 4 15 2 5 4 5 10 15 12 6 70 17 0 0 82 10 14 6 5 2 27 3 6 1 19 
0 0 0 0 0 0 0 0 0 0 0 0 0 0 0 0 0 0 0 0 0 0 0 0 0 0 0 0 0 1 0 0 4 0 0 1 1 0 1 0 0 0 3 4 2 3 2 2 6 6 1 0 0 0 2 0 0 0 0 0 0 0 0 0 0 0 0 0 0 0 0 0 0 0 2 1 0 0 1 1 0 0 0 7 0 0 4 9 6 0 0 6 2 0 2 4 1 0 0 0 0 0 
0 2 1 0 0 2 0 0 0 1 1 0 1 1 0 1 1 0 0 0 0 0 0 1 0 0 0 0 0 4 1 1 2 0 3 1 10 3 5 3 1 4 11 20 12 10 2 11 8 41 1 2 1 2 3 0 0 0 0 0 0 0 0 0 0 1 0 0 0 0 0 0 0 0 9 2 3 5 6 4 5 1 3 12 15 9 6 55 17 0 0 29 3 2 3 18 0 8 5 5 1 22 
0 1 2 0 2 0 1 0 0 0 1 2 0 0 1 0 0 0 0 0 0 0 0 0 0 0 1 0 0 5 3 3 1 1 2 4 3 5 21 6 6 0 10 7 12 18 6 9 13 47 5 2 6 0 0 0 2 2 0 3 0 0 1 0 1 2 1 0 0 0 0 0 0 0 6 9 0 5 5 6 6 7 12 16 3 5 7 49 10 0 0 13 5 8 5 6 0 4 1 1 0 7 
1 1 0 0 0 0 0 0 0 0 0 0 0 0 0 0 0 0 0 0 0 0 0 0 0 0 0 0 0 2 0 1 0 0 1 0 1 0 2 0 0 0 0 2 1 3 1 2 3 6 1 0 4 0 0 0 0 0 0 0 0 0 0 0 0 0 0 0 0 0 0 0 0 0 1 1 0 0 2 0 3 0 3 4 0 4 1 7 1 0 0 7 0 1 1 3 2 0 1 0 0 0 
0 0 0 0 0 0 0 0 0 0 0 0 0 1 0 0 0 0 0 0 0 0 0 0 0 0 0 1 0 0 0 1 2 0 0 0 0 0 1 0 0 0 5 3 1 1 3 0 2 7 1 0 2 6 0 0 0 1 0 1 0 0 0 0 0 1 0 0 0 0 0 0 0 0 1 0 0 2 1 0 1 0 7 0 2 4 0 13 3 0 0 5 0 1 0 1 0 5 3 1 0 1 
7 13 12 1 0 7 2 5 7 1 0 4 6 4 3 3 11 6 3 2 0 0 2 4 0 0 0 8 0 42 7 16 33 12 14 17 25 25 44 33 22 3 84 46 43 84 60 31 36 179 16 10 17 9 5 4 9 4 0 9 1 0 0 3 5 2 1 5 0 1 3 1 0 1 17 13 1 12 27 15 22 20 13 52 31 29 25 148 59 0 0 68 24 44 41 45 6 49 24 6 4 7 
