7 12 18 6 11 38 21 24 26 29 12 40 34 49 33 66 21 18 38 22 7 16 6 29 11 2 2 20 72 7 4 4 21 1 2 6 8 5 17 22 8 2 9 8 13 18 9 9 5 67 3 6 6 6 9 4 0 4 0 1 5 1 0 4 7 5 2 3 2 0 6 3 0 3 3 0 1 1 17 1 1 3 0 2 2 8 3 31 2 0 0 2 0 1 3 4 1 2 1 0 0 15 
7 13 12 11 16 42 21 23 44 35 17 52 56 53 34 76 28 39 37 16 14 15 10 34 10 1 2 31 61 7 2 4 16 3 7 2 9 7 35 36 19 1 7 17 17 8 18 20 8 82 8 8 12 5 2 1 1 3 0 0 2 1 0 8 4 8 1 7 1 2 2 2 3 5 3 3 0 4 31 2 4 0 7 8 1 7 7 24 5 0 0 6 2 2 2 0 1 1 2 0 0 8 
28 15 9 4 9 43 35 28 71 35 12 40 45 52 49 46 31 52 30 19 12 23 13 20 9 0 1 27 82 2 3 3 12 3 6 2 6 1 12 22 13 0 11 14 19 14 11 3 3 52 7 4 12 3 1 0 4 13 0 2 0 0 0 2 2 10 2 4 1 2 4 6 4 4 3 4 2 3 23 2 5 0 1 3 6 0 0 16 4 0 0 6 1 1 1 1 0 2 0 0 1 6 
6 10 24 4 2 24 17 4 17 6 7 10 5 4 6 13 11 2 11 1 7 4 1 3 3 0 0 3 12 1 0 0 1 0 1 0 0 1 2 2 0 0 1 1 0 1 0 3 0 10 2 0 0 1 2 0 0 1 0 1 0 0 0 0 1 0 0 1 0 1 1 0 0 0 0 1 0 2 2 1 0 0 0 1 0 2 0 4 0 0 0 0 0 0 0 0 0 0 1 0 0 2 
11 9 10 5 1 7 6 8 13 4 10 13 15 14 8 23 14 8 12 6 7 3 4 15 3 0 2 12 17 3 0 1 1 1 0 2 2 1 8 5 4 0 5 2 3 1 1 1 4 16 3 0 3 1 0 0 3 0 0 0 0 0 0 0 1 3 0 1 0 0 0 2 1 4 0 2 0 1 4 0 0 0 0 1 1 3 0 7 0 0 0 1 1 1 0 1 0 1 0 0 0 2 
28 37 36 32 22 13 19 18 23 17 18 20 52 63 47 48 26 23 22 18 10 14 6 37 12 0 3 18 64 3 1 5 4 1 3 1 1 9 22 12 9 2 5 7 10 4 5 3 5 37 5 6 10 4 3 2 5 3 0 0 1 2 2 3 7 3 1 2 0 0 2 4 1 3 5 1 0 1 7 2 2 0 0 0 2 1 3 9 2 0 0 7 5 5 0 1 1 0 0 0 0 1 
19 31 30 9 2 5 9 21 22 12 18 20 67 52 26 40 24 23 18 6 10 8 12 15 2 0 0 11 36 4 2 6 19 4 3 1 0 2 19 15 5 0 1 0 4 12 10 4 4 32 0 1 1 2 1 1 3 4 0 2 1 1 2 12 7 5 2 3 1 5 1 5 2 2 0 1 1 1 11 1 2 0 0 3 1 3 2 2 0 0 0 1 0 1 3 0 0 2 0 0 0 5 
11 21 23 15 4 31 30 7 7 25 16 17 68 50 34 56 36 18 18 12 12 20 6 23 7 0 1 23 30 4 3 2 8 3 1 1 3 5 20 16 10 4 1 3 9 9 3 4 5 30 3 2 3 3 0 1 6 0 0 0 2 3 1 4 3 4 2 3 2 3 7 3 3 3 10 2 0 3 13 2 2 1 0 8 5 9 0 9 3 0 0 0 3 3 2 3 0 1 1 0 1 3 
25 41 68 10 6 33 67 21 6 15 9 28 57 68 40 49 35 29 24 15 20 15 19 24 3 0 1 30 45 3 3 11 5 0 3 3 3 6 32 14 11 5 8 4 8 13 11 1 3 37 20 3 1 4 0 0 4 6 0 4 0 0 0 2 10 11 1 1 0 1 5 10 1 1 4 1 0 2 6 1 0 0 3 1 0 2 0 10 1 0 0 5 0 3 2 0 0 0 0 1 0 4 
22 11 31 3 14 30 16 22 13 3 6 20 39 27 24 40 24 24 10 10 9 16 6 20 8 2 3 13 22 6 2 1 4 1 0 0 0 1 8 7 6 1 2 2 2 3 3 1 3 21 6 3 10 2 2 3 6 11 0 2 1 1 0 3 6 6 1 3 2 1 4 4 0 3 10 4 0 1 9 0 1 1 1 4 2 0 1 3 1 0 0 5 0 2 0 1 0 0 0 0 0 1 
18 17 15 1 3 23 20 18 10 11 0 4 23 26 11 39 15 14 14 14 17 17 9 26 7 0 2 18 2 5 1 2 1 2 1 3 0 1 14 11 7 3 3 4 4 11 5 9 10 22 4 2 2 3 3 2 1 5 0 0 2 1 0 0 0 1 0 2 1 1 4 1 1 2 4 4 0 2 6 1 2 0 0 0 0 1 0 8 0 0 0 8 0 0 2 1 0 1 0 0 0 2 
32 42 31 2 9 37 29 22 48 35 8 7 40 34 22 45 37 29 24 17 14 18 23 48 18 2 0 46 31 9 2 8 4 3 1 0 1 14 19 15 7 2 1 4 7 4 4 6 2 34 2 5 9 8 7 0 9 6 0 8 2 5 1 1 2 1 2 1 0 0 3 2 2 1 5 2 0 0 10 0 1 0 1 0 0 0 0 2 1 0 0 6 0 2 0 3 2 2 0 1 0 6 
59 71 56 6 16 67 127 111 101 50 34 36 8 73 59 66 55 35 37 42 46 45 20 65 32 1 2 57 24 18 3 6 9 0 2 0 3 4 14 23 12 4 5 4 12 10 5 5 13 51 9 7 14 6 1 1 5 8 0 9 1 3 1 0 4 5 2 3 1 0 2 7 1 1 6 3 0 4 13 5 0 0 0 0 0 0 2 8 2 0 0 11 2 3 1 3 0 3 3 0 0 3 
86 121 122 23 20 127 130 122 114 94 64 87 88 9 40 97 117 102 109 74 113 98 57 159 62 8 21 167 54 6 2 6 13 2 1 0 4 12 28 12 21 3 8 6 7 14 13 8 9 44 15 10 23 19 2 5 15 19 0 3 5 2 1 0 2 0 0 2 0 0 3 0 4 3 20 5 0 18 59 11 1 1 1 0 0 0 0 8 3 0 0 3 2 4 1 7 0 5 0 1 0 5 
52 58 66 10 16 70 82 46 70 47 20 28 76 17 5 34 63 31 46 31 42 49 47 103 34 9 19 113 15 2 0 7 10 0 2 4 1 4 9 11 10 1 9 7 3 8 2 4 4 22 15 7 16 5 6 1 10 13 0 4 1 4 1 2 0 1 0 0 0 0 0 0 0 0 7 5 0 6 27 9 5 0 2 1 1 1 0 7 3 0 0 6 0 0 1 0 1 0 0 0 0 2 
53 91 53 7 37 65 87 76 83 92 43 45 103 50 20 22 95 81 87 51 124 69 66 192 82 10 18 155 21 40 21 17 29 14 17 15 22 3 16 45 25 5 15 20 28 15 20 10 6 64 19 2 22 12 3 4 11 12 0 8 2 5 2 1 1 2 0 0 1 0 5 1 1 2 5 1 1 3 47 2 2 2 0 1 0 2 2 12 7 0 0 18 1 0 2 2 3 1 0 0 3 13 
19 50 34 9 7 44 43 50 65 40 13 57 83 78 36 76 11 57 82 61 67 39 47 102 46 0 13 104 16 52 19 42 47 18 24 31 25 18 47 48 37 5 17 25 18 24 27 15 17 73 9 4 18 8 1 5 8 11 0 5 5 1 2 7 6 0 0 0 0 0 5 2 0 1 8 5 1 4 34 5 2 1 0 0 0 6 1 18 9 0 0 12 2 2 0 3 0 0 2 0 1 9 
13 27 26 2 2 25 18 22 24 21 10 21 51 68 39 80 35 16 34 32 38 16 19 75 20 3 2 46 10 24 24 26 46 6 15 17 15 16 53 40 19 3 15 21 31 28 10 7 8 77 2 6 5 7 2 2 4 14 0 4 0 3 2 0 2 1 0 0 0 0 1 0 1 0 3 1 0 1 14 4 0 0 1 0 0 4 1 11 4 0 0 3 2 0 0 1 0 0 1 0 0 7 
13 29 21 2 1 18 21 29 17 10 14 19 46 68 18 81 70 29 9 22 69 22 22 56 38 4 11 104 12 23 14 13 12 13 14 5 15 6 43 21 11 0 13 16 11 22 12 8 9 62 3 2 3 7 2 0 5 5 0 2 1 0 1 4 3 1 1 0 0 0 0 0 0 0 3 1 0 2 13 1 0 0 0 0 1 4 1 9 3 0 0 8 2 0 1 0 0 1 1 0 0 1 
14 13 9 0 2 12 17 14 21 9 10 21 23 35 20 29 22 10 16 4 9 10 19 38 21 6 17 74 13 16 3 3 9 4 5 3 9 4 20 15 8 1 3 4 5 5 4 2 3 21 1 1 7 0 3 1 0 3 0 3 0 1 0 0 1 0 1 0 0 0 0 0 0 0 3 3 0 2 6 1 1 0 1 0 0 1 1 3 1 0 0 1 0 0 0 0 0 1 0 0 0 1 
3 4 6 2 3 7 16 9 10 19 6 22 33 45 33 92 50 17 124 3 7 9 45 45 31 18 27 68 6 10 0 4 4 6 3 4 6 9 19 6 16 0 2 5 8 3 3 0 4 14 3 1 6 0 0 0 4 1 0 0 0 0 0 0 0 0 0 0 0 0 0 0 0 0 3 0 0 0 10 0 1 0 0 1 0 4 1 3 2 0 0 2 0 1 0 0 0 0 0 0 0 1 
11 13 8 4 0 13 10 8 18 7 2 26 29 36 32 54 30 8 37 2 7 2 14 31 12 18 10 55 3 2 2 2 7 1 3 4 2 3 35 6 7 0 0 4 6 6 0 4 5 27 3 4 1 0 0 0 1 1 0 1 0 0 0 0 0 1 0 0 0 0 0 0 0 0 1 0 0 0 11 0 4 0 0 0 0 0 2 4 1 0 0 2 0 0 1 0 0 0 0 0 0 2 
7 13 9 0 3 5 4 7 7 12 9 17 20 37 15 48 49 29 43 13 23 17 2 19 3 4 10 77 4 3 2 7 6 2 6 18 5 8 19 6 6 0 2 2 3 4 2 3 2 17 1 1 6 1 1 0 0 3 0 1 1 1 0 0 0 0 0 0 0 0 0 0 0 0 2 2 1 2 5 2 1 0 0 0 0 0 1 5 0 0 0 1 2 0 0 0 0 0 0 0 0 0 
13 28 12 2 3 12 16 16 26 30 7 23 44 54 38 105 70 41 59 31 50 12 20 13 11 23 39 72 5 5 6 4 19 4 12 8 13 14 33 14 26 4 2 4 14 18 13 12 7 90 9 6 8 10 4 1 3 4 0 3 3 1 1 1 1 0 0 0 0 0 0 0 0 1 2 1 0 1 11 2 0 3 0 2 0 4 2 19 7 0 0 3 0 2 1 2 0 0 0 1 0 4 
19 29 11 6 12 23 22 19 17 43 8 37 57 49 54 101 50 31 47 26 32 10 23 12 6 10 12 65 9 16 8 2 59 6 14 7 8 11 24 19 46 1 6 15 21 16 24 16 17 171 25 16 28 6 5 2 3 10 0 2 2 1 0 2 3 0 0 0 0 0 0 0 0 1 6 6 1 6 20 0 0 3 4 1 2 4 1 48 4 0 0 6 0 0 0 2 0 1 0 0 0 3 
0 1 0 0 0 0 0 0 4 2 0 4 2 2 0 10 8 7 8 12 26 10 17 39 3 1 2 25 2 0 0 0 1 0 0 1 0 0 8 1 1 0 0 1 0 0 0 0 1 10 0 0 0 0 0 0 0 0 0 0 1 0 0 0 0 0 0 0 0 0 0 0 0 0 2 0 0 0 0 0 0 0 0 0 0 0 0 0 1 0 0 0 0 0 0 0 0 0 0 0 0 0 
2 2 0 0 0 0 1 2 0 4 0 3 1 3 6 8 3 2 1 7 14 27 25 12 4 1 1 17 0 0 0 0 1 2 1 0 1 0 1 0 0 0 0 1 0 1 0 0 1 2 0 1 0 0 1 0 0 0 0 0 0 0 0 0 0 0 0 0 0 0 0 0 0 0 2 1 0 0 1 0 0 0 0 0 0 0 0 1 0 0 0 0 0 0 0 0 0 0 0 0 0 0 
35 27 22 2 11 34 10 16 22 41 14 37 68 86 88 141 73 51 67 72 89 104 100 133 53 5 69 14 6 6 5 11 29 6 16 15 16 45 55 40 40 1 22 22 16 24 24 18 16 165 14 7 22 4 6 2 3 5 0 2 0 2 0 0 4 2 0 0 0 0 0 0 0 0 9 4 1 4 15 3 2 3 0 0 2 7 5 45 4 0 0 11 1 2 1 4 0 0 0 1 0 9 
88 103 128 33 38 158 74 60 74 47 39 44 46 61 36 61 43 24 60 16 25 25 10 38 9 0 0 13 4 12 4 5 10 3 5 5 2 14 24 36 30 3 9 13 18 25 22 9 4 69 8 15 19 3 2 5 9 8 0 2 1 0 0 6 5 10 0 1 3 1 6 10 3 4 1 0 1 3 44 7 1 1 2 6 6 2 2 15 9 0 0 12 7 2 0 0 0 2 1 0 0 8 
3 3 3 0 1 4 2 4 4 6 7 8 14 3 4 27 34 20 17 1 4 9 2 16 7 2 0 2 4 24 96 129 230 48 105 131 212 134 213 127 99 8 43 50 52 55 33 29 44 250 12 6 12 4 3 5 4 12 0 7 3 3 2 16 18 36 8 9 6 13 9 4 2 1 10 8 3 6 23 3 3 0 5 7 3 7 9 56 19 0 0 27 13 5 8 10 0 12 12 0 0 39 
0 1 0 0 0 2 1 0 1 6 0 1 3 1 0 11 11 14 5 3 1 4 0 9 1 0 0 3 6 99 5 73 105 25 45 49 90 62 67 34 22 8 12 18 16 27 12 5 11 51 0 1 9 2 0 0 2 3 0 3 1 1 2 9 4 9 8 3 1 7 2 3 0 0 4 0 0 1 9 4 1 1 1 0 1 0 7 19 6 0 0 11 4 3 0 3 0 2 1 0 0 8 
2 2 3 0 1 1 7 8 5 3 2 7 15 1 3 23 38 17 13 4 3 3 1 10 6 0 1 7 0 181 125 9 103 62 111 86 180 158 224 83 60 9 39 56 54 35 33 19 29 156 6 2 8 10 2 4 2 13 0 6 1 4 6 17 25 40 4 2 4 8 3 1 1 2 3 4 0 1 25 2 2 0 2 2 2 5 13 29 21 0 0 28 13 8 6 9 4 2 5 2 0 7 
25 37 13 1 3 9 18 11 9 8 5 12 16 9 12 32 49 39 20 11 16 9 12 59 37 4 2 36 3 420 164 214 23 61 142 141 297 208 257 270 254 26 195 122 179 209 187 127 160 1061 84 95 139 57 13 10 26 48 0 21 6 12 1 12 23 61 14 26 8 19 41 36 16 3 45 10 3 15 92 20 6 18 12 14 7 24 21 236 55 0 0 64 13 15 35 27 4 11 11 2 2 60 
3 5 4 2 1 3 2 3 6 1 0 0 2 2 0 10 14 9 9 3 0 0 3 10 5 0 1 4 7 91 44 45 45 5 23 28 60 55 102 59 39 5 37 28 39 30 20 16 10 99 12 15 13 9 3 6 3 7 0 2 2 7 5 1 8 18 16 12 5 6 8 16 9 10 6 2 0 1 24 7 5 0 0 4 2 3 2 16 10 0 0 17 4 12 8 7 1 3 2 2 2 13 
8 12 1 1 2 3 4 3 6 1 1 4 6 1 5 16 31 24 12 5 6 4 6 16 7 0 2 11 2 209 76 147 99 37 12 32 120 65 159 130 66 10 53 51 59 90 29 25 30 165 7 6 13 7 6 0 8 13 0 3 3 14 5 9 9 16 4 10 3 7 20 25 10 3 10 4 0 3 30 4 5 1 2 0 0 11 8 20 9 0 0 44 7 6 6 10 0 4 10 3 2 10 
3 3 2 0 0 0 2 1 4 1 2 0 1 2 3 9 10 11 13 6 11 4 7 16 5 0 1 3 2 195 80 89 148 31 41 11 149 66 135 72 46 5 25 36 35 61 46 25 14 140 5 3 4 4 2 3 1 3 0 1 0 4 10 11 7 23 6 5 1 8 5 19 4 6 5 1 0 2 11 0 2 1 2 1 1 6 4 37 4 0 0 12 5 2 7 6 0 6 4 0 0 16 
11 11 7 1 3 5 5 6 5 3 0 3 4 3 1 42 48 16 10 8 25 20 14 48 10 2 6 57 7 584 213 427 395 164 154 235 22 208 651 492 201 54 147 180 196 210 139 89 99 507 23 31 28 28 4 9 11 14 0 3 3 21 21 38 39 55 18 25 11 21 77 49 10 11 12 7 3 2 36 3 1 3 2 0 4 43 20 121 69 0 0 115 35 37 20 36 9 24 20 5 5 51 
7 9 3 0 2 5 8 12 12 16 1 3 11 5 1 6 25 14 10 10 14 9 12 23 10 2 2 25 5 208 67 158 124 71 58 89 109 13 147 189 107 30 96 82 97 86 78 34 39 263 6 5 12 13 2 1 0 3 0 4 0 8 6 12 12 16 1 9 3 2 14 10 3 6 4 5 1 1 10 3 1 2 2 2 2 22 9 59 22 0 0 67 20 16 11 17 3 8 3 1 3 33 
18 36 26 5 7 32 41 28 39 29 19 41 44 17 16 10 73 48 39 31 62 32 38 127 44 7 6 96 21 353 135 301 337 135 131 113 415 152 29 540 294 21 149 158 145 175 169 99 109 559 27 15 41 17 7 2 15 14 0 5 0 14 10 35 35 46 13 8 11 7 37 32 9 8 23 12 4 4 47 11 6 10 6 22 9 31 35 153 36 0 0 133 21 33 24 38 9 37 34 7 2 93 
19 29 24 0 1 16 19 19 16 15 4 25 20 11 15 22 38 18 19 15 23 10 5 32 17 1 2 31 5 144 57 74 163 36 108 66 182 142 382 15 47 21 58 117 85 135 83 56 62 349 3 7 21 9 2 0 4 5 0 2 4 16 4 12 8 11 3 5 2 5 8 8 7 6 9 4 1 3 25 7 4 4 6 11 4 10 16 45 34 0 0 72 10 4 8 10 0 7 4 2 2 17 
14 17 11 4 2 8 12 4 18 16 2 5 18 6 5 17 25 14 8 11 14 5 11 50 13 0 0 26 8 99 35 80 139 40 64 32 124 98 269 63 16 17 61 96 47 78 74 56 38 289 5 2 6 3 2 4 3 2 0 1 3 2 3 5 7 1 2 2 0 2 8 4 1 2 7 4 0 10 16 11 4 6 9 11 8 18 16 32 21 0 0 56 14 14 7 15 2 2 13 1 1 22 
1 2 2 0 0 2 5 3 1 2 3 1 6 1 0 4 3 2 2 1 0 1 0 3 0 0 0 4 1 13 6 16 13 5 12 7 27 11 29 20 10 2 19 43 18 22 19 11 16 29 0 3 3 0 0 0 0 2 0 3 0 1 1 1 1 3 0 0 0 0 1 2 2 0 1 1 0 0 1 6 2 0 1 6 4 3 0 11 8 0 0 5 4 4 1 2 0 3 2 0 0 6 
9 16 7 3 0 12 14 7 9 9 4 1 14 6 3 11 27 12 4 6 5 5 3 16 3 0 0 11 4 64 37 59 127 47 46 29 90 96 146 74 51 29 14 78 91 126 72 42 46 252 6 6 8 10 4 2 6 8 0 4 2 8 1 7 6 11 5 0 2 4 9 6 0 2 26 8 1 17 31 17 21 16 24 67 37 76 43 168 67 0 0 71 25 51 30 55 12 48 35 7 4 77 
11 24 6 2 0 9 13 6 10 8 6 8 11 8 8 17 29 37 29 7 18 7 5 35 9 2 0 20 3 99 40 46 104 29 68 25 153 121 231 221 113 69 89 26 192 248 167 127 126 511 12 8 24 12 1 7 6 15 0 10 6 5 0 5 12 11 3 8 1 1 5 8 2 1 31 21 4 20 64 34 36 39 20 116 71 139 83 228 125 0 0 207 114 107 61 155 20 96 71 17 11 134 
9 17 12 1 3 14 15 9 8 11 11 3 8 6 6 9 24 16 14 4 6 5 12 30 8 0 3 27 6 68 31 58 113 36 45 39 100 85 164 98 61 20 73 160 18 176 142 97 94 476 14 10 8 6 2 0 2 7 0 1 1 2 0 8 10 15 5 2 0 1 4 6 3 5 13 6 0 10 19 9 13 8 8 31 20 42 18 81 30 0 0 80 18 38 30 35 11 33 27 3 6 67 
9 20 11 0 2 18 10 18 16 18 5 13 14 11 9 15 32 27 19 11 24 12 5 43 13 1 1 34 17 90 28 65 192 32 75 40 136 115 227 219 148 31 107 286 204 22 193 276 264 914 12 12 41 19 3 0 4 14 0 2 4 4 4 5 15 19 2 8 5 4 9 13 6 1 16 6 1 18 43 25 16 22 21 72 45 92 59 192 61 0 0 149 32 49 36 59 11 74 56 12 8 99 
12 15 16 2 3 10 8 18 14 9 7 9 8 1 4 9 16 12 14 6 6 7 4 26 14 0 0 32 4 66 26 38 167 34 45 33 107 72 140 149 96 14 66 146 116 216 23 154 131 471 14 4 26 5 2 3 1 11 0 4 2 6 1 10 7 15 2 4 0 1 5 9 5 4 25 15 1 7 33 20 14 18 7 34 15 55 30 137 16 0 0 92 24 37 22 28 10 30 35 17 4 83 
7 10 3 2 2 2 0 1 2 3 2 6 1 2 1 0 5 11 1 3 5 5 1 13 5 0 2 9 1 25 2 13 83 11 21 10 44 30 57 53 46 10 39 76 61 163 108 4 68 409 5 1 4 4 1 0 2 1 0 0 0 2 1 5 4 4 1 4 0 1 3 3 1 0 4 5 0 3 15 3 1 10 1 12 6 15 12 80 13 0 0 45 8 16 6 15 1 7 9 4 2 37 
8 4 6 0 1 4 2 4 8 10 0 3 6 4 3 5 9 7 9 4 5 5 0 9 4 0 0 5 1 20 7 18 117 17 12 9 46 32 64 47 56 10 59 101 39 157 129 61 17 343 2 2 9 3 5 0 0 8 0 5 0 1 0 4 7 9 1 0 0 4 2 5 1 1 3 5 0 4 9 5 10 9 2 13 10 20 10 75 8 0 0 43 8 15 15 7 1 19 22 0 5 28 
48 67 35 3 14 27 34 32 19 28 17 38 45 28 15 26 64 49 44 18 33 30 20 125 68 4 4 103 20 245 63 182 658 67 114 102 362 282 487 319 295 37 160 320 256 494 333 403 416 50 67 23 90 17 12 7 19 20 0 10 6 8 4 13 25 18 13 19 10 9 33 24 10 16 71 31 4 33 103 32 46 46 36 94 41 94 74 560 45 0 0 211 24 83 47 64 20 75 79 13 15 207 
8 7 5 3 6 5 3 6 3 5 2 10 10 12 8 15 19 3 2 4 1 2 2 11 11 0 2 10 1 13 6 19 60 13 12 2 19 3 8 10 4 0 15 15 8 12 8 6 16 57 6 6 46 22 17 3 17 28 0 26 12 6 4 22 27 47 5 30 4 14 24 7 13 18 13 9 2 11 105 14 14 4 11 29 6 24 15 42 13 0 0 7 6 11 3 6 1 7 5 1 0 27 
4 7 0 0 0 3 1 1 2 7 2 2 5 6 6 8 8 3 3 0 1 0 0 6 3 0 2 5 1 5 0 9 33 3 5 8 11 2 2 12 4 0 6 3 4 16 4 4 3 26 10 6 21 18 8 5 4 20 0 21 7 3 3 11 9 16 6 11 4 8 5 6 6 7 6 2 0 4 58 4 4 0 13 9 10 6 0 18 5 0 0 5 2 4 1 4 1 14 3 1 0 7 
4 8 7 3 0 9 6 8 2 11 5 12 7 12 14 22 17 9 6 3 0 2 4 22 6 0 0 13 3 20 8 14 49 8 17 9 16 3 25 17 6 1 20 22 15 12 13 11 14 64 58 42 15 31 11 10 16 48 0 37 7 4 4 19 27 35 19 24 12 36 16 18 16 13 14 8 2 16 114 14 4 0 14 36 11 15 7 51 14 0 0 14 7 9 10 12 3 9 10 3 2 26 
1 5 4 0 1 3 8 4 4 7 3 6 11 6 9 4 17 4 10 2 0 4 1 4 7 0 0 3 0 13 10 11 24 12 5 2 7 5 6 7 5 0 10 8 1 6 4 2 2 24 22 26 43 5 6 7 9 21 0 23 7 2 5 27 14 27 8 20 2 19 10 8 5 6 7 3 0 8 67 5 1 4 3 13 5 6 3 5 3 0 0 6 4 4 3 6 0 1 3 0 0 10 
0 6 2 0 2 3 2 1 2 5 0 1 6 2 1 6 1 3 2 0 2 1 1 8 2 2 0 5 0 2 1 6 22 1 1 0 0 0 2 3 2 0 6 5 1 0 2 3 0 9 8 4 13 5 2 5 7 12 0 23 2 1 0 5 7 3 0 5 2 8 5 8 6 3 2 6 0 6 42 9 4 2 1 18 1 4 3 11 3 0 0 1 0 1 1 4 0 1 2 1 0 4 
0 1 2 1 0 0 3 1 0 4 2 4 0 0 1 4 2 0 0 1 0 2 1 0 1 0 0 2 2 6 0 4 2 2 1 0 2 0 2 7 0 0 1 0 1 0 2 3 0 9 9 7 2 2 0 1 11 11 0 8 0 1 1 4 6 9 4 5 0 8 1 4 19 4 1 0 1 7 32 1 3 0 2 6 0 0 1 5 2 0 0 4 0 0 1 1 0 6 5 0 0 1 
1 2 5 0 0 2 4 0 2 4 3 5 6 7 8 13 7 4 2 1 2 3 1 6 3 0 0 4 1 5 3 11 26 6 7 5 7 1 3 10 2 1 2 7 3 4 2 1 6 27 11 12 17 12 5 18 1 24 0 14 7 1 3 12 11 13 10 12 1 5 8 7 2 2 4 7 2 3 52 7 4 1 4 22 9 11 1 13 2 0 0 7 0 4 4 5 1 9 3 0 2 4 
4 8 2 2 3 7 10 9 10 11 4 12 13 16 13 19 7 2 7 6 0 3 1 10 5 0 1 7 2 7 10 8 26 5 14 1 4 2 20 8 9 1 7 13 8 6 2 4 5 19 21 19 29 27 21 11 12 8 0 32 1 5 9 11 10 19 10 10 3 7 13 11 7 4 25 11 6 16 125 25 12 0 5 31 14 10 6 20 6 0 0 17 3 2 3 2 4 4 1 1 2 4 
0 0 1 0 0 0 0 0 0 0 0 0 0 0 0 0 0 0 0 0 0 0 0 0 0 0 0 0 0 0 0 0 0 0 0 0 0 0 0 0 0 0 0 0 0 0 0 0 0 0 0 0 0 0 0 0 0 0 0 0 0 0 0 0 0 0 0 0 0 0 0 0 0 0 0 0 0 0 0 0 0 0 0 0 0 0 0 0 0 0 0 0 0 0 0 0 0 0 0 0 0 0 
9 13 7 1 2 6 7 3 3 5 2 9 12 21 20 29 11 13 4 6 2 8 4 17 7 1 3 13 7 16 5 9 22 5 4 1 0 2 12 11 4 2 7 4 5 1 2 5 2 27 19 32 51 38 23 6 14 31 0 2 4 5 5 12 22 20 17 13 6 10 14 28 11 10 10 6 3 11 48 5 3 3 6 10 6 1 3 17 4 0 0 3 3 1 2 7 0 4 2 0 1 3 
1 2 3 1 0 0 3 0 1 0 0 0 2 3 0 1 6 0 1 0 0 0 2 3 2 0 0 1 2 17 1 7 8 5 2 0 2 1 2 2 3 0 1 6 2 4 0 2 1 4 6 7 15 11 4 1 7 13 0 5 2 5 0 7 8 13 11 8 7 15 8 14 5 12 8 4 0 1 32 2 2 1 2 8 3 4 3 10 3 0 0 7 2 2 0 1 0 0 3 0 0 2 
1 4 8 3 0 8 3 3 7 1 4 7 6 2 2 7 10 4 2 1 0 0 0 1 0 0 0 1 3 22 5 11 27 10 18 5 21 5 20 22 6 3 13 8 6 8 7 4 4 35 6 1 3 3 2 0 5 4 0 9 7 3 1 17 21 19 9 15 4 39 12 18 4 6 9 2 0 4 12 2 1 2 4 9 4 9 3 25 3 0 0 17 1 2 1 0 1 1 0 0 0 6 
1 5 3 0 0 1 2 1 0 1 0 0 1 1 1 1 0 0 1 0 0 0 1 0 1 0 0 0 0 3 2 5 2 2 2 1 8 3 10 4 3 0 2 1 2 2 0 0 1 5 2 1 2 1 2 0 3 3 0 4 1 0 1 2 10 16 7 4 0 5 1 3 3 5 1 0 1 1 10 0 3 0 1 0 3 1 0 2 1 0 0 1 0 1 0 0 0 0 0 0 0 1 
5 8 2 0 0 6 4 1 1 1 0 0 3 0 0 2 4 2 1 0 0 0 3 4 1 0 0 1 3 18 5 8 9 0 13 16 14 6 20 13 7 1 7 6 8 6 8 5 4 27 14 6 25 10 6 5 13 15 0 8 1 18 4 4 23 35 15 18 6 14 18 36 9 9 9 7 2 4 37 8 5 1 1 4 0 6 1 8 5 0 0 7 1 1 2 2 0 3 0 0 0 2 
10 5 7 3 0 15 6 6 8 3 4 1 4 0 0 2 5 0 0 0 0 0 0 2 1 0 0 1 5 30 87 26 32 12 7 6 22 19 24 25 12 1 3 9 11 10 8 3 11 30 12 11 13 23 6 5 6 17 0 25 5 17 16 15 1 48 32 28 13 34 37 63 24 29 9 4 0 10 52 7 1 3 4 7 5 10 4 10 9 0 0 5 1 0 0 1 0 2 0 0 1 0 
10 17 7 5 1 14 18 10 20 8 2 10 5 1 1 3 1 2 1 0 0 0 3 1 3 0 0 1 3 63 41 44 48 32 12 6 32 11 39 20 12 0 12 12 16 22 11 12 8 56 22 16 53 22 9 3 17 34 0 40 24 19 17 26 43 24 22 58 30 51 78 85 49 45 13 16 2 16 84 12 14 10 7 9 1 10 3 20 5 0 0 8 0 2 0 1 0 0 0 0 0 5 
1 6 2 0 0 4 3 2 0 2 0 0 0 2 0 0 4 0 0 2 0 1 0 0 0 0 0 1 3 11 8 10 8 8 10 6 4 4 15 10 5 1 3 2 4 2 5 7 2 22 6 6 12 10 3 4 2 5 0 10 11 6 5 3 14 12 0 12 10 10 14 27 16 6 4 1 0 6 20 5 6 2 2 2 2 7 0 2 0 0 0 2 0 0 0 0 0 0 0 0 0 2 
4 5 8 0 0 12 5 5 3 1 1 1 0 0 1 1 1 0 0 0 0 0 0 0 0 0 0 0 4 12 3 5 17 6 3 2 10 8 8 3 2 2 2 7 3 7 3 3 4 23 11 7 17 12 5 1 4 12 0 13 5 8 5 8 30 28 20 2 10 31 35 30 8 21 7 3 1 4 38 6 5 3 3 5 3 3 2 12 0 0 0 1 0 2 0 0 0 0 0 0 0 0 
1 2 12 0 0 0 1 1 0 1 2 0 1 0 0 2 1 0 0 1 0 0 0 0 1 0 0 0 1 7 3 4 8 1 5 2 1 7 6 4 2 0 2 0 1 3 2 0 3 13 0 3 3 2 0 0 2 4 0 1 4 2 2 5 11 26 15 19 1 5 20 26 13 12 2 3 0 0 22 1 0 1 1 0 0 1 2 4 0 0 0 1 1 0 0 0 0 0 1 0 0 0 
0 5 2 0 0 2 4 2 5 5 2 1 2 1 0 2 0 0 0 0 0 0 0 0 0 0 0 0 0 21 7 4 14 10 4 13 9 6 12 7 2 1 4 2 3 4 4 2 0 11 13 4 9 10 0 1 10 13 0 6 3 5 4 16 24 58 28 24 17 9 28 44 24 18 3 3 0 3 18 5 3 2 2 5 3 3 2 4 2 0 0 2 0 0 0 0 0 1 0 0 0 1 
1 1 0 0 0 2 0 6 3 1 2 3 3 1 0 0 0 0 0 0 0 0 0 1 0 0 0 0 2 6 2 2 14 6 1 4 25 6 15 9 4 0 0 5 2 5 3 7 2 15 2 1 1 4 2 1 5 4 0 14 8 3 3 7 20 46 11 39 18 25 0 60 13 14 7 4 1 2 26 5 0 2 1 0 5 11 1 9 3 0 0 4 2 0 0 0 0 0 0 0 0 1 
1 2 2 0 1 1 5 7 1 5 2 1 1 0 1 0 1 0 4 0 0 0 0 0 0 0 0 0 1 11 6 2 16 18 8 9 15 7 21 9 4 1 1 4 7 7 6 5 1 18 11 2 12 9 3 2 3 13 0 17 10 5 1 8 43 54 38 39 31 32 61 13 42 27 2 2 1 1 19 2 4 5 0 2 1 2 6 6 7 0 0 2 0 0 0 3 0 0 0 0 0 0 
0 3 4 1 3 2 2 3 3 1 0 4 3 1 0 2 4 1 0 0 0 0 0 1 0 0 0 0 0 9 5 10 22 14 18 10 22 15 20 20 14 2 8 4 10 13 10 5 9 40 17 15 29 6 11 4 6 10 0 12 16 4 11 20 44 63 23 46 14 41 38 53 3 19 8 7 1 4 39 6 6 3 5 9 5 2 5 14 9 0 0 7 0 1 0 3 1 1 1 0 0 0 
6 5 4 0 1 6 22 3 2 2 0 3 9 1 1 1 0 1 0 0 0 0 0 2 0 0 0 0 1 1 0 3 15 17 7 2 9 11 15 10 4 1 3 5 8 13 8 6 3 34 11 10 23 14 15 5 7 8 0 21 7 3 1 13 21 40 19 31 14 55 20 56 6 4 7 7 1 4 52 2 1 3 4 7 0 6 5 27 4 0 0 6 0 1 1 0 0 2 1 1 0 6 
2 2 1 2 0 2 8 0 0 2 0 4 6 1 3 6 2 1 2 1 1 0 1 0 2 0 0 6 1 2 1 6 13 5 2 2 1 0 8 4 2 0 11 7 6 14 9 6 7 40 1 4 4 6 1 1 7 15 0 7 0 0 0 5 6 6 1 6 2 4 1 6 4 3 4 8 1 12 87 14 11 5 11 37 21 17 12 40 12 0 0 3 3 9 5 4 2 6 4 0 4 15 
4 2 1 0 1 1 2 1 4 2 1 0 5 5 1 8 3 0 0 0 1 1 4 5 4 0 0 3 3 4 3 5 8 0 3 2 3 1 9 5 8 0 9 13 9 6 6 4 3 37 3 7 15 7 3 3 7 25 0 7 5 0 4 2 10 8 0 6 2 3 3 1 2 5 12 4 14 32 114 25 17 15 16 55 16 17 11 47 6 0 0 17 6 5 6 5 6 5 11 1 2 15 
0 1 0 0 0 0 4 0 0 1 0 0 0 0 1 1 0 0 0 0 0 0 0 3 0 0 0 0 0 1 0 3 1 0 1 0 0 0 2 3 0 0 2 7 4 0 3 0 2 6 1 0 8 1 2 1 1 5 0 4 1 1 2 4 6 1 0 0 1 0 1 3 2 0 2 10 1 15 37 10 15 4 2 20 1 4 1 14 1 0 0 0 0 4 1 0 0 0 4 1 0 6 
14 2 2 1 0 7 11 11 6 2 2 0 1 5 4 1 8 1 5 0 7 9 1 1 7 0 1 1 1 11 3 4 6 5 4 1 3 0 4 4 3 1 7 16 9 8 4 11 6 25 8 15 30 40 7 13 23 23 0 11 7 2 4 14 13 17 17 12 1 2 15 5 15 2 39 26 22 2 106 36 35 19 16 141 41 26 11 38 12 0 0 10 11 12 4 7 8 7 7 1 0 14 
8 19 18 3 3 25 20 10 19 18 10 15 20 30 11 32 25 12 12 7 7 7 3 11 10 0 2 21 18 37 4 27 47 10 16 6 12 2 30 18 10 5 29 40 20 25 22 13 14 94 141 80 169 104 49 43 80 142 0 50 15 20 8 39 36 51 17 23 12 33 19 24 26 27 282 180 54 84 27 87 110 40 73 208 81 51 31 121 31 0 0 32 7 28 18 25 6 19 21 3 1 34 
1 5 3 0 1 4 2 0 3 5 0 1 2 1 2 4 1 3 2 0 0 0 1 2 1 0 0 2 1 1 2 3 9 3 1 0 3 0 8 4 3 4 7 18 9 15 11 5 4 29 9 2 14 3 1 4 6 14 0 5 2 1 0 7 5 13 4 7 0 6 2 3 3 3 22 31 12 22 58 9 18 10 20 147 73 24 10 41 14 0 0 14 2 10 8 4 0 8 10 0 1 11 
3 3 0 1 1 1 4 0 1 0 2 0 2 1 1 2 1 1 2 0 3 0 2 5 1 0 0 3 3 2 4 2 8 1 0 1 0 0 5 10 8 2 13 5 8 8 11 4 5 39 7 4 6 10 2 2 5 7 0 9 3 1 0 3 8 8 6 4 0 8 9 7 4 6 23 20 8 16 60 12 6 5 23 78 83 16 10 38 6 0 0 11 2 10 9 10 0 11 4 2 1 19 
1 7 7 0 1 0 3 0 0 1 0 0 0 0 1 2 3 1 0 0 0 0 0 1 1 0 0 3 0 7 0 5 8 0 1 1 0 2 3 7 10 5 12 19 11 15 14 9 13 64 3 2 4 2 0 0 1 4 0 2 1 3 3 2 1 3 1 1 3 5 2 3 2 4 12 23 5 12 38 17 11 1 9 52 31 25 15 74 17 0 0 17 0 8 3 16 3 26 20 4 3 25 
3 4 4 2 2 3 0 2 0 1 0 0 0 1 0 0 0 0 0 0 0 0 2 3 1 0 0 3 4 6 0 3 4 2 1 0 0 0 1 2 11 0 7 13 8 10 2 5 7 35 8 5 9 5 1 2 2 13 0 0 0 4 0 2 7 4 2 1 0 5 0 1 1 3 10 11 6 11 45 21 18 0 6 81 55 21 7 64 5 0 0 22 4 13 4 4 0 31 17 2 2 15 
5 10 5 0 2 9 3 0 1 10 0 0 0 0 0 4 2 0 0 1 1 0 1 6 0 0 0 3 8 8 1 3 10 0 1 1 6 3 15 18 17 12 33 74 18 39 35 25 19 145 30 17 33 28 13 6 25 40 0 9 4 4 1 2 1 7 2 3 3 7 8 8 3 10 80 54 34 79 243 136 124 34 178 18 161 81 37 193 39 0 0 71 15 21 25 18 9 39 36 0 4 49 
2 0 1 0 0 0 0 1 2 2 1 0 0 1 0 1 1 0 0 0 0 0 0 0 0 0 0 3 1 2 0 3 2 0 0 0 1 1 5 9 5 4 21 41 17 11 12 7 3 33 9 16 9 6 3 0 19 17 0 5 0 1 2 0 7 4 1 0 0 1 2 9 4 1 18 10 2 16 43 25 33 15 63 128 8 51 15 72 15 0 0 47 4 9 14 31 3 10 14 4 0 18 
2 7 6 0 0 9 6 3 4 4 0 0 0 0 1 3 1 9 3 0 4 4 0 7 4 0 0 6 0 30 5 23 31 16 5 7 17 22 32 9 8 18 49 117 30 73 42 22 20 129 12 8 20 10 5 0 10 8 0 12 5 4 0 5 4 6 4 2 0 2 7 11 4 1 37 13 2 12 46 24 32 19 22 120 67 5 21 104 45 0 0 87 22 34 35 30 7 45 36 13 4 55 
3 6 5 0 2 3 4 1 4 3 0 0 1 0 0 1 9 3 1 1 0 1 0 5 2 0 0 8 0 17 3 6 21 5 8 1 18 14 22 15 7 4 35 84 9 19 24 17 16 63 9 5 17 10 1 1 5 4 0 8 2 0 0 1 5 7 2 2 0 2 1 3 0 4 13 5 4 7 39 8 12 7 21 43 26 32 11 54 40 0 0 54 14 24 17 32 8 13 10 3 2 38 
21 32 14 2 8 7 8 3 4 12 1 4 6 0 6 3 20 12 9 11 8 3 3 32 10 2 0 31 7 67 21 40 191 14 19 22 38 58 133 32 27 15 73 130 79 127 110 130 104 693 36 18 67 4 18 3 12 22 0 17 5 6 1 5 10 13 3 3 0 1 9 13 10 10 43 31 3 41 89 29 42 39 42 144 60 66 35 22 39 0 0 159 36 61 54 84 19 65 46 10 11 283 
1 6 3 0 1 0 2 2 4 2 2 1 1 0 0 3 7 5 2 2 3 0 0 9 2 0 0 4 2 14 2 19 32 5 14 7 37 15 40 15 14 8 34 68 14 41 16 17 14 82 10 4 16 5 3 0 6 6 0 1 2 2 1 5 1 3 0 1 2 0 1 1 0 0 11 4 0 5 31 23 16 9 5 31 20 40 20 67 7 0 0 40 25 14 13 27 6 10 13 6 3 40 
0 0 0 0 0 0 0 0 0 0 0 0 0 0 0 0 0 0 0 0 0 0 0 0 0 0 0 0 0 0 0 0 0 0 0 0 0 0 0 0 0 0 0 0 0 0 0 0 0 0 0 0 0 0 0 0 0 0 0 0 0 0 0 0 0 0 0 0 0 0 0 0 0 1 0 0 0 0 0 0 0 0 0 0 0 0 0 0 0 0 0 1 1 0 0 0 0 0 0 0 0 0 
0 0 0 0 0 0 0 0 0 0 0 0 0 0 0 0 0 0 0 0 0 0 0 0 0 0 0 0 0 0 0 0 0 0 0 0 0 0 0 0 0 0 0 0 0 0 0 0 0 0 0 0 0 0 0 0 0 0 0 0 0 0 0 0 0 0 0 0 0 0 0 0 0 0 0 0 0 0 0 0 0 0 0 0 0 0 0 0 0 0 0 0 0 0 0 0 0 0 0 0 0 0 
12 18 5 4 3 7 11 15 10 5 6 8 14 7 3 14 21 13 15 6 11 4 2 8 1 1 0 10 14 45 28 45 60 38 71 21 98 81 196 62 56 9 93 199 73 166 97 66 109 398 15 17 42 12 6 2 13 17 0 15 0 7 2 7 9 8 4 2 1 2 4 4 4 2 31 7 8 19 68 22 33 46 41 121 77 113 101 266 113 0 0 11 50 98 41 169 15 106 70 19 7 159 
2 2 2 0 1 0 4 1 2 3 3 2 2 0 2 2 5 2 0 0 0 0 2 1 1 0 0 3 0 16 4 4 11 4 6 8 25 10 32 7 8 5 37 55 7 29 21 12 13 32 7 1 7 1 0 0 1 2 0 5 2 0 0 1 4 0 1 0 0 0 0 0 0 0 4 4 0 3 20 6 5 5 12 21 7 21 15 53 22 0 0 90 4 7 5 31 2 17 9 6 1 32 
1 3 1 0 0 1 7 3 0 2 0 2 3 2 0 3 2 4 0 0 0 0 0 0 1 0 0 0 0 13 7 7 29 5 5 3 21 12 21 11 13 9 34 49 17 30 19 16 24 87 2 4 8 1 1 1 4 5 0 2 0 1 0 1 0 0 0 0 0 0 0 1 0 2 17 4 3 1 21 10 20 14 19 41 19 44 13 77 22 0 0 74 12 9 9 19 2 12 16 10 1 53 
0 2 7 0 0 1 0 0 0 2 1 0 0 1 0 2 3 0 1 1 0 1 0 4 0 0 0 0 1 11 1 8 22 7 8 9 16 10 18 6 7 4 18 32 11 24 18 15 16 70 7 3 5 0 3 1 2 0 0 2 0 0 1 1 0 1 0 0 1 0 0 0 0 0 9 4 1 8 18 13 14 5 12 25 11 20 20 64 24 0 0 45 19 8 6 23 0 15 6 1 2 64 
0 6 1 1 0 2 1 0 1 4 1 0 0 2 0 1 2 1 0 0 0 0 0 5 0 0 0 1 2 8 6 8 19 5 9 5 17 5 19 16 10 3 31 87 26 23 19 23 15 70 5 2 2 3 3 3 3 8 0 0 0 0 0 2 1 1 0 0 0 0 1 2 0 0 2 2 0 5 14 12 8 13 8 26 9 19 16 74 13 0 0 117 16 12 13 6 2 18 7 7 8 60 
0 0 0 0 0 0 0 1 0 0 0 0 0 0 0 0 1 0 0 0 0 0 0 0 0 0 0 0 0 1 0 0 4 0 1 1 2 3 0 1 1 0 8 12 1 8 1 2 2 11 0 0 2 0 0 0 2 1 0 0 0 1 0 1 0 0 0 0 0 0 0 0 0 0 3 0 0 1 7 3 0 0 1 3 1 3 1 8 2 0 0 6 2 2 1 1 0 0 1 0 0 8 
1 3 1 0 0 6 1 1 0 0 1 0 1 0 0 0 0 0 1 0 1 0 0 0 0 0 0 1 2 8 0 4 5 3 2 4 6 5 9 8 1 2 28 21 17 29 9 14 19 60 3 1 4 5 0 0 1 0 0 1 0 0 0 2 0 1 0 0 0 0 0 0 0 1 10 7 1 6 16 8 14 6 7 30 13 22 4 45 17 0 0 31 5 8 4 12 1 1 8 0 1 19 
6 2 1 1 0 1 0 1 1 0 2 0 1 2 0 4 4 0 0 1 0 0 0 3 0 0 0 3 1 6 2 2 14 3 6 8 7 7 21 3 4 1 26 45 27 26 15 14 14 79 7 0 12 2 1 0 3 7 0 2 0 2 0 1 1 0 1 0 0 0 0 0 0 1 5 1 4 4 15 9 4 7 10 22 12 11 9 66 17 0 0 47 7 5 6 5 0 4 4 4 5 30 
0 0 2 0 2 0 0 0 0 0 0 0 0 0 0 0 2 0 0 0 0 0 0 0 0 0 0 0 0 2 0 1 2 0 0 2 3 8 1 1 0 0 3 6 4 2 3 1 1 8 2 0 0 0 0 0 0 0 0 1 0 0 0 0 0 0 0 0 0 0 0 0 0 1 1 0 0 1 2 2 0 0 2 4 1 9 6 12 3 0 0 6 0 0 4 4 0 0 3 1 2 4 
1 0 0 0 0 0 0 0 1 0 0 1 0 0 0 0 1 0 0 0 0 0 0 0 0 0 0 0 0 1 0 2 8 1 1 0 4 1 6 1 2 0 7 7 4 1 2 7 3 16 0 0 0 2 0 0 0 0 0 0 0 0 0 0 1 0 0 0 0 0 0 0 0 0 0 3 0 2 0 2 4 0 0 3 2 1 1 8 4 0 0 6 2 3 3 1 1 2 1 4 1 5 
28 43 20 2 3 11 17 18 13 8 6 12 19 2 11 7 21 11 4 5 1 3 2 9 1 0 2 21 4 96 25 53 92 16 31 40 101 76 157 90 65 17 190 169 115 181 155 124 142 486 45 24 95 22 14 7 15 29 0 15 5 3 2 1 5 14 2 2 0 2 6 8 1 5 51 29 1 27 98 49 34 58 38 158 61 110 60 602 115 0 0 165 36 131 113 146 21 95 46 16 5 19 
