9 11 13 10 10 35 26 19 21 27 11 25 41 48 29 65 25 29 38 15 10 18 7 34 8 0 0 19 66 3 0 2 17 2 3 3 2 5 18 12 20 3 12 15 7 11 11 4 9 52 8 3 3 6 0 0 2 4 0 1 11 0 1 1 11 4 2 5 0 1 4 1 2 1 0 1 0 2 13 3 3 0 6 2 1 10 2 22 3 0 0 3 1 2 1 1 1 0 4 0 1 9 
2 6 13 8 17 34 25 21 41 24 20 42 58 49 33 57 41 25 24 8 6 17 11 22 10 1 2 21 61 2 1 4 10 6 4 2 2 4 22 29 19 1 11 11 16 8 9 1 10 57 5 7 16 8 3 0 1 2 0 3 1 1 2 2 8 9 0 1 2 0 2 2 0 6 1 2 1 9 18 2 2 1 1 7 0 9 2 26 2 0 0 3 0 2 0 3 1 0 4 1 0 6 
17 25 9 7 6 20 23 20 49 20 8 27 43 68 60 58 33 19 22 9 19 16 4 23 14 1 0 30 100 1 4 1 10 1 5 3 2 5 29 17 10 1 8 7 6 5 12 1 9 31 9 5 7 5 4 0 2 8 0 2 2 4 3 5 4 2 5 2 1 0 3 5 3 0 0 1 0 3 8 2 2 0 5 3 1 3 4 12 2 0 0 7 0 1 1 2 0 0 1 0 1 11 
0 3 15 4 0 9 16 6 8 9 3 5 13 5 5 9 5 2 2 1 1 3 2 3 1 0 0 3 6 1 1 3 0 0 1 2 0 1 7 2 0 0 1 2 0 1 3 0 1 10 0 0 1 1 0 0 0 0 0 0 0 0 0 0 1 0 0 0 0 0 1 1 0 0 0 0 0 2 1 2 1 0 0 0 0 0 0 0 0 0 0 0 0 0 0 0 0 0 0 0 0 0 
9 11 8 2 2 3 5 7 5 7 3 7 29 16 14 21 12 2 4 5 8 0 3 11 4 0 1 16 13 1 0 1 0 1 1 1 0 4 4 7 3 0 3 0 2 1 1 5 1 18 0 1 1 1 2 0 0 2 0 0 1 0 0 0 1 4 0 1 0 0 1 4 0 0 0 0 0 0 3 0 0 0 0 1 0 0 0 6 0 0 0 0 0 1 0 0 0 0 1 0 0 0 
27 30 21 22 13 6 11 20 30 16 11 24 58 53 45 50 23 21 6 12 6 16 5 23 19 1 1 10 69 5 0 3 8 2 2 1 0 3 9 7 9 3 5 3 8 10 3 7 4 23 7 0 4 7 2 0 1 5 0 1 0 1 1 3 9 13 1 4 3 3 1 8 0 4 3 1 0 1 9 0 0 1 1 0 4 0 2 15 2 0 0 8 1 1 0 1 1 0 1 0 0 3 
17 24 25 15 13 35 15 22 31 26 11 21 80 38 16 36 19 13 15 0 9 10 4 10 4 0 1 14 57 4 2 3 24 2 3 0 1 2 18 7 4 1 6 5 4 7 11 3 3 25 3 3 9 2 1 0 4 2 0 1 1 1 3 5 7 5 7 2 0 1 1 1 1 0 3 1 0 5 14 1 2 1 0 0 1 0 0 3 0 0 0 3 3 0 2 3 0 0 0 0 0 7 
17 17 37 7 1 20 31 6 8 12 12 31 81 41 29 47 25 26 10 8 8 17 2 18 6 1 0 16 56 4 1 2 3 1 3 0 1 5 21 14 6 5 5 4 9 5 5 8 4 35 8 2 5 4 0 1 3 2 0 1 0 0 1 12 4 0 0 1 5 7 1 2 1 3 1 2 0 1 11 2 0 0 0 3 0 3 1 6 5 0 0 1 0 5 0 0 0 2 2 0 0 1 
29 26 49 11 22 26 33 15 11 9 12 26 73 57 42 56 37 22 23 16 17 12 2 19 9 0 0 18 47 4 1 4 7 1 2 0 0 4 31 19 11 2 5 15 7 8 5 8 7 36 5 2 4 2 0 1 2 9 0 1 1 0 1 0 2 4 3 4 2 1 0 3 2 1 2 1 0 1 18 1 2 2 0 3 2 1 0 8 3 0 0 5 0 0 0 7 0 1 0 1 0 2 
19 23 29 4 6 22 22 15 8 8 5 13 42 39 23 41 26 14 18 6 9 2 8 21 9 1 0 21 13 6 2 4 4 0 2 1 0 0 14 9 6 2 3 0 3 4 3 2 0 15 11 4 6 11 2 5 1 6 0 2 0 0 1 1 6 5 1 5 1 0 4 5 3 5 7 1 0 6 14 1 1 2 0 4 1 3 0 2 3 0 0 2 1 0 0 0 0 1 2 0 0 4 
9 14 7 1 2 9 5 4 8 12 2 14 16 14 9 31 19 12 13 10 8 9 3 15 10 1 2 19 16 6 0 1 5 0 4 2 1 1 10 11 4 1 4 6 5 7 4 6 10 15 0 1 1 3 1 1 1 4 0 4 0 0 0 0 1 3 0 1 1 1 0 0 0 1 0 2 1 0 5 0 1 0 0 0 0 1 1 1 1 0 0 6 1 0 0 1 1 2 0 0 0 2 
22 39 29 5 18 28 33 38 34 14 10 5 29 54 21 48 29 20 20 15 14 18 7 43 7 0 3 37 24 8 1 5 11 3 1 0 2 5 13 17 12 1 4 7 5 12 2 8 8 34 1 4 5 6 2 3 16 8 0 7 0 0 1 0 0 4 0 1 0 1 3 2 1 2 0 2 0 0 11 1 0 1 0 0 0 1 2 6 2 0 0 3 3 0 2 0 1 3 0 0 0 8 
41 69 49 4 14 42 63 68 81 34 33 36 7 56 46 72 54 40 60 9 26 39 10 73 48 0 4 60 36 13 4 3 15 4 3 1 2 3 24 21 9 4 5 8 8 9 7 4 4 41 8 11 11 7 1 1 3 10 0 8 1 1 0 1 4 3 1 3 1 2 4 2 1 1 9 2 0 4 11 1 0 0 0 0 0 1 1 10 4 0 0 5 2 2 1 2 1 2 0 0 0 2 
103 147 127 13 30 152 128 130 130 110 59 93 103 14 20 84 130 83 82 88 93 86 59 158 60 9 16 177 77 11 2 11 15 0 4 1 3 8 28 31 14 0 7 7 7 5 13 6 15 70 16 17 16 17 7 7 13 31 0 6 4 1 4 0 0 0 0 0 0 0 1 1 0 2 15 9 5 12 59 7 0 0 0 1 0 2 2 2 3 0 0 10 0 0 1 1 0 0 6 3 0 5 
65 91 65 9 21 56 73 50 48 49 26 35 59 26 10 11 38 26 33 29 49 36 33 70 34 3 17 129 31 7 0 6 13 4 3 0 2 3 10 10 3 1 4 8 9 4 10 5 3 22 10 4 14 6 1 4 9 8 0 6 0 0 2 2 0 2 0 0 0 0 1 0 1 0 5 1 0 6 17 1 0 0 0 0 0 0 2 4 2 0 0 3 2 0 0 2 1 0 0 0 0 3 
51 74 51 9 21 50 46 66 75 57 35 59 91 70 25 16 65 86 76 39 113 76 57 180 70 7 23 177 37 33 23 23 37 7 10 13 34 4 25 33 14 3 12 18 8 17 13 8 3 47 21 7 14 20 4 7 7 11 0 5 0 1 1 3 1 1 0 0 1 2 4 0 1 3 8 1 2 1 36 1 4 0 0 0 0 6 2 14 5 0 0 10 1 5 1 8 0 3 5 0 0 8 
27 48 31 5 17 27 47 52 56 58 18 51 55 93 44 73 14 41 52 29 96 43 38 138 37 3 8 79 28 47 33 30 50 18 22 16 38 6 46 47 30 4 16 27 21 37 22 13 6 78 7 5 13 5 4 0 1 14 0 5 5 3 3 4 2 5 0 1 1 0 1 3 0 7 11 10 0 9 38 6 2 2 1 0 1 2 1 27 6 0 0 17 2 1 0 0 0 1 1 1 1 17 
25 26 17 3 1 20 20 20 28 27 16 34 56 75 32 96 45 6 46 20 60 27 35 74 29 7 9 52 18 26 9 17 24 17 29 18 23 17 46 28 16 5 6 15 17 14 17 5 6 48 2 7 9 9 1 0 6 11 0 8 0 4 3 4 2 1 0 0 0 0 0 0 0 0 6 4 0 2 8 1 2 0 0 0 0 4 3 16 6 0 0 9 1 0 0 1 1 1 0 0 0 10 
27 26 21 4 2 18 30 19 12 20 5 35 38 69 23 109 62 44 6 19 60 34 19 77 26 8 6 37 15 32 11 13 16 7 16 6 26 8 29 13 10 1 5 19 15 26 12 5 10 35 4 2 7 8 2 1 1 4 0 2 1 1 0 0 0 0 0 0 1 0 0 1 0 0 0 1 0 1 7 7 0 0 0 0 0 1 7 7 6 0 0 5 0 0 0 0 1 0 1 0 0 3 
9 20 18 1 3 3 14 9 12 12 11 8 22 33 21 37 26 28 26 4 3 12 17 43 30 8 11 42 6 10 1 9 12 0 0 4 7 6 21 17 11 1 2 3 7 6 8 1 4 28 2 3 3 0 3 1 3 0 0 1 0 2 0 0 0 0 0 0 0 0 0 0 0 0 2 2 0 5 11 2 1 0 0 0 0 0 0 4 1 0 0 1 1 0 0 0 1 0 0 0 0 0 
9 14 15 1 1 5 7 7 19 14 9 19 26 54 16 77 37 48 48 4 7 11 24 49 18 21 27 80 8 5 0 0 6 3 1 4 9 6 17 18 13 0 1 3 6 7 7 4 1 22 0 0 4 0 0 1 0 2 0 1 0 0 0 2 0 0 0 0 0 0 0 0 0 0 2 0 0 0 10 0 0 1 0 0 1 5 0 7 2 0 0 2 0 0 1 1 0 0 0 0 0 3 
8 7 9 2 1 6 17 8 12 15 6 12 29 34 22 41 23 14 25 4 12 5 9 26 13 8 24 56 7 7 4 2 7 2 1 5 9 3 27 5 5 0 0 3 2 6 2 0 1 15 0 1 2 2 1 0 4 1 0 0 0 0 0 0 0 0 0 0 0 0 0 0 0 0 0 1 0 1 1 3 0 0 0 0 0 0 0 5 0 0 0 0 0 0 0 0 0 0 0 0 0 1 
8 11 11 1 13 24 14 13 11 13 9 20 15 58 27 59 30 35 33 3 29 16 8 19 12 7 13 70 5 0 4 2 6 3 1 16 16 23 22 3 9 1 2 2 1 6 2 4 1 26 1 8 2 5 0 2 7 0 0 0 3 0 0 1 0 0 0 0 0 0 1 0 0 0 1 2 0 2 5 0 0 0 0 1 0 2 0 11 1 0 0 1 0 0 0 0 0 0 0 0 0 1 
24 9 9 1 9 15 15 14 14 26 8 27 42 49 42 97 70 38 34 27 29 22 16 15 3 21 42 90 5 7 7 3 24 2 4 9 10 9 45 11 20 3 5 4 21 14 14 15 10 92 10 3 6 5 2 1 3 5 0 1 1 0 0 1 0 0 0 0 0 0 0 0 3 0 6 2 0 1 13 0 0 2 0 3 0 2 2 13 2 0 0 4 1 2 1 2 0 0 0 0 0 5 
35 22 15 1 20 30 13 15 19 54 8 33 46 44 45 79 38 29 37 15 34 19 8 11 6 6 12 62 4 16 10 9 53 7 13 14 11 7 31 19 35 6 8 17 26 17 18 15 13 147 20 12 33 6 8 7 6 7 0 4 0 2 0 1 0 0 1 1 0 0 0 0 0 2 7 10 1 5 27 3 6 3 0 0 0 3 4 35 3 0 0 5 2 3 1 2 0 2 2 0 0 1 
1 0 4 0 0 0 1 0 1 1 1 1 4 3 0 10 1 7 7 7 13 10 12 29 4 1 3 26 2 3 1 0 1 0 0 0 0 4 2 1 1 0 0 0 1 0 0 1 0 5 0 0 0 0 0 0 0 0 0 0 0 0 0 0 0 0 0 0 0 0 0 0 0 0 0 0 0 0 2 0 0 0 0 1 0 0 0 1 0 0 0 0 0 0 0 0 0 0 0 0 0 0 
2 0 0 0 0 1 1 1 0 2 0 0 1 3 5 12 1 3 3 4 30 47 10 31 8 2 3 24 0 0 0 0 3 1 2 1 0 0 1 0 0 0 0 0 0 1 0 0 1 3 0 0 0 0 0 0 0 1 0 0 0 0 0 0 0 0 0 0 0 0 0 0 0 1 0 0 0 1 1 1 0 0 0 0 0 0 0 0 0 0 0 0 0 0 0 0 0 0 0 0 0 0 
22 26 18 5 11 19 14 20 11 55 13 41 64 79 79 165 71 49 61 48 76 118 66 100 60 10 49 9 4 2 3 9 25 4 11 8 10 30 47 36 49 2 13 20 22 27 16 12 21 134 18 10 16 7 3 5 1 6 0 15 1 2 0 2 5 1 1 0 0 0 0 0 0 0 7 7 3 6 16 2 5 2 5 4 7 3 0 41 11 0 0 5 1 2 5 3 2 1 2 1 0 2 
49 134 96 25 13 98 48 50 85 46 26 44 56 61 20 74 30 38 42 19 22 28 12 24 18 5 0 14 2 4 1 2 10 2 1 5 4 5 22 26 24 2 7 6 11 10 28 7 18 59 5 10 11 14 2 2 3 9 0 5 0 0 0 2 13 5 3 4 2 6 4 7 2 2 3 3 1 3 22 3 4 1 4 5 2 3 8 18 3 0 0 12 2 1 2 4 0 5 1 2 0 5 
2 3 5 0 0 6 7 4 9 0 0 8 9 3 4 16 26 13 23 9 11 8 5 11 3 0 1 1 0 22 111 126 254 58 94 128 241 119 175 119 82 12 26 44 54 47 50 24 31 244 4 3 10 13 5 1 2 4 0 6 2 9 2 10 17 31 14 24 3 15 6 9 4 1 3 6 0 3 30 8 7 3 4 6 3 13 11 78 16 0 0 27 4 4 1 8 2 5 8 1 1 33 
1 1 0 0 0 0 0 3 1 0 0 2 5 0 1 4 10 5 4 1 0 1 1 11 3 0 0 4 3 102 10 75 99 29 39 25 107 39 64 28 31 4 14 14 20 22 10 2 9 45 5 3 8 2 2 1 0 6 0 3 0 1 1 3 8 23 1 3 1 4 1 3 0 0 0 3 1 3 6 3 2 3 0 3 1 3 1 26 4 0 0 8 4 2 4 5 0 1 0 0 0 4 
1 1 1 2 1 4 1 2 1 1 2 2 6 1 9 27 25 15 12 2 4 2 3 5 3 0 0 5 2 114 83 12 107 23 51 59 162 115 152 91 58 11 34 34 36 36 26 16 17 134 4 4 13 7 1 2 6 5 0 7 2 2 1 9 8 23 5 3 4 2 4 2 2 0 3 5 1 2 25 4 1 4 3 2 1 8 4 25 8 0 0 32 5 7 1 3 0 2 1 0 0 16 
15 19 9 3 1 14 39 6 13 7 3 12 25 5 9 21 50 24 16 14 17 11 16 74 42 2 2 17 3 327 125 135 23 54 107 127 194 166 300 182 177 17 123 95 121 158 151 94 119 816 46 38 77 18 14 6 23 31 0 20 7 8 3 16 11 36 13 13 4 16 22 19 9 4 28 15 1 12 68 7 6 7 8 7 5 14 19 170 28 0 0 54 11 15 16 18 3 9 8 2 1 58 
4 3 3 2 1 1 2 3 2 1 0 4 2 1 2 4 11 11 5 2 0 2 3 6 3 0 4 4 4 83 29 44 51 8 14 10 76 51 91 48 43 17 19 31 33 30 21 20 11 82 10 3 5 8 1 1 5 6 0 8 4 8 3 0 10 19 8 6 4 6 10 11 9 7 5 0 0 2 20 1 6 0 2 3 0 4 1 18 8 0 0 22 1 3 0 4 1 1 1 1 1 13 
5 5 3 0 5 1 5 2 4 3 1 3 8 5 2 8 23 22 17 10 4 2 5 13 12 1 1 17 4 157 58 84 115 21 12 32 144 77 132 113 66 5 44 42 56 57 33 21 25 118 5 10 11 6 0 3 5 11 0 2 0 8 5 15 8 15 4 6 4 7 14 28 10 3 1 6 0 0 19 0 4 1 1 3 1 4 4 21 13 0 0 37 5 8 9 11 2 10 7 2 1 18 
2 2 2 0 0 0 1 3 1 2 0 0 4 2 2 8 22 13 13 5 7 2 10 10 4 0 3 7 4 195 69 130 117 33 32 12 184 42 115 67 34 5 34 28 30 31 37 21 21 158 7 1 13 6 0 0 3 3 0 0 0 2 5 11 5 7 3 5 9 5 3 14 6 7 4 1 1 1 9 0 0 0 0 0 0 3 1 28 9 0 0 18 3 0 6 18 0 4 11 2 0 28 
3 10 2 0 2 6 3 2 8 5 3 5 4 1 1 35 33 27 20 15 27 17 12 38 12 1 5 42 11 539 214 467 386 103 168 192 38 228 544 437 200 62 135 154 176 216 133 93 86 488 19 19 41 24 10 6 13 12 0 0 3 16 15 27 42 53 17 38 14 25 44 42 13 9 17 4 3 3 35 8 3 3 0 13 0 26 16 130 50 0 0 129 20 38 23 39 10 19 20 5 3 77 
7 11 9 0 3 10 11 5 7 10 2 10 10 4 4 2 16 4 10 2 12 6 9 22 9 1 1 26 5 173 61 132 105 43 67 44 107 15 130 144 96 11 89 90 73 77 72 42 47 260 6 9 9 3 2 4 1 3 0 1 3 10 7 13 5 5 1 1 1 4 13 15 5 3 2 2 0 1 8 3 3 3 1 5 0 10 11 54 17 0 0 57 15 10 7 19 0 11 13 0 2 19 
21 44 26 14 7 24 28 42 40 32 23 30 62 17 11 15 62 54 40 29 41 39 41 103 33 2 6 83 19 283 122 284 295 110 138 111 360 136 21 470 283 30 126 135 147 183 138 85 95 573 38 20 55 18 10 15 12 17 0 11 0 13 5 10 41 31 5 16 6 7 37 37 6 9 27 9 2 8 55 4 4 8 5 22 10 20 26 149 48 0 0 134 16 20 19 39 4 24 24 10 6 82 
11 24 11 0 3 6 11 18 10 9 10 15 19 8 8 14 34 14 16 15 12 4 4 39 11 0 3 24 5 101 35 72 155 42 69 54 236 152 372 16 54 26 56 128 67 92 96 52 52 276 10 3 15 2 2 2 2 4 0 2 0 11 4 15 11 6 1 2 0 4 3 6 3 1 7 2 0 0 15 3 3 4 3 8 13 9 16 34 20 0 0 41 7 9 5 9 1 7 3 1 1 34 
16 21 13 1 3 4 6 14 10 18 3 13 10 10 1 6 29 10 12 11 10 15 1 27 13 1 3 31 14 82 22 66 99 32 40 37 126 88 215 53 9 18 55 72 43 99 71 42 29 232 3 4 13 4 1 0 3 4 0 1 3 2 2 4 5 18 6 1 4 4 5 8 2 2 4 6 2 7 11 6 7 5 7 14 8 17 8 18 11 0 0 52 18 12 12 13 2 5 7 1 0 26 
1 2 1 0 0 2 8 3 0 2 1 4 15 1 4 0 1 2 0 0 1 0 1 2 2 0 0 1 0 14 6 3 12 5 7 3 40 16 28 17 8 3 13 50 29 17 19 8 7 45 1 1 2 0 0 0 1 0 0 0 0 0 0 1 0 0 0 3 0 1 2 0 1 0 0 0 0 0 8 0 2 0 1 2 3 10 3 12 5 0 0 9 5 2 4 4 0 2 1 0 0 4 
8 7 2 1 7 5 8 10 16 8 6 4 5 3 10 6 29 7 14 4 9 6 2 7 1 0 0 14 3 53 38 48 96 34 55 27 107 90 115 69 84 16 33 88 91 101 67 65 58 245 11 10 13 15 3 3 3 7 0 2 2 5 0 9 10 4 2 6 0 3 4 7 3 2 23 5 2 6 40 16 20 8 24 78 27 57 41 127 51 0 0 79 22 27 26 51 9 42 39 2 7 128 
13 25 7 4 1 14 9 10 7 9 4 8 6 3 3 13 22 29 14 11 3 9 1 19 11 0 0 14 2 55 26 45 106 46 46 35 131 109 222 219 136 44 89 29 182 279 203 116 108 445 14 5 26 10 3 1 11 16 0 6 3 9 1 7 13 12 3 8 3 2 8 6 5 4 32 9 2 9 61 24 34 27 30 126 94 168 98 193 94 0 0 254 77 109 38 99 20 64 64 21 9 123 
9 11 17 1 5 6 16 8 12 13 7 7 12 2 7 7 22 19 10 7 9 7 4 31 19 0 2 26 0 73 29 63 124 22 32 36 98 92 137 111 75 19 89 188 17 162 132 110 120 453 10 3 21 1 1 2 4 5 0 2 4 5 1 4 9 14 6 2 1 2 4 5 5 2 20 7 2 10 27 9 12 9 11 30 12 50 26 99 20 0 0 71 13 45 17 42 5 25 30 9 0 62 
9 22 9 4 2 7 13 13 15 19 3 12 16 8 3 16 27 24 15 6 10 10 3 60 16 1 2 31 10 79 28 65 155 34 67 49 180 120 271 216 137 23 113 307 209 33 216 251 219 864 17 6 26 14 1 4 4 10 0 4 3 1 3 7 8 13 5 5 0 6 10 5 5 5 44 10 1 8 40 18 23 7 18 53 31 101 58 201 52 0 0 204 38 53 36 60 9 53 58 12 7 114 
4 4 9 1 4 7 10 7 9 5 5 5 4 5 5 13 21 17 11 13 13 10 6 42 8 0 1 30 7 62 21 38 141 32 27 30 104 71 133 113 97 14 59 117 116 217 14 124 111 389 4 5 16 5 0 0 2 5 0 2 1 4 0 2 6 18 1 12 2 7 6 9 0 2 17 8 2 4 28 18 14 12 11 32 23 44 17 129 17 0 0 71 20 30 28 31 4 31 27 7 3 87 
6 0 4 1 5 7 1 1 4 2 1 8 3 5 0 1 6 6 4 1 1 2 2 17 4 0 0 6 4 36 8 16 75 14 17 12 32 24 67 41 24 4 41 90 55 166 108 9 59 413 4 3 9 0 3 3 5 2 0 0 0 0 2 2 7 6 1 1 0 1 3 1 3 1 4 5 1 6 13 1 4 7 5 29 7 14 9 76 12 0 0 48 4 17 6 6 3 9 9 4 1 47 
1 4 9 2 2 6 3 6 1 5 2 5 5 6 1 4 11 7 5 4 5 0 2 11 1 0 0 11 2 36 9 22 124 15 23 10 65 31 61 63 44 6 35 86 52 163 133 71 14 365 6 1 8 3 2 0 2 3 0 0 0 1 0 5 2 10 1 4 3 2 4 3 0 3 6 6 0 10 9 5 5 3 5 11 7 14 9 122 5 0 0 56 9 7 11 7 2 7 9 1 4 43 
51 80 25 4 23 38 33 28 32 36 15 30 34 24 15 32 42 53 47 19 36 20 18 139 44 1 3 96 21 238 48 168 713 74 104 102 329 251 451 321 252 41 169 400 242 507 312 413 342 63 46 20 81 13 14 8 10 19 0 8 3 15 5 15 31 44 13 19 7 3 30 18 9 6 56 37 4 33 107 44 35 47 33 96 41 74 44 525 77 0 0 256 33 80 72 62 20 78 77 16 9 241 
6 8 14 0 0 8 4 3 2 3 3 5 11 7 12 19 9 9 1 0 0 2 1 20 10 0 0 12 2 16 5 11 62 8 7 7 7 6 6 9 6 0 12 13 7 13 5 4 5 56 7 13 46 16 18 5 12 27 0 29 13 2 4 18 17 25 6 17 1 21 7 13 10 14 7 7 0 12 72 16 11 3 10 20 7 7 4 45 14 0 0 10 0 3 4 1 4 16 4 1 2 21 
1 9 1 0 1 4 1 3 1 1 2 3 5 9 8 8 5 1 0 1 1 2 0 5 6 0 0 6 0 4 3 6 29 11 7 1 4 2 4 2 0 1 2 6 0 6 5 2 4 20 14 3 34 19 5 5 6 17 0 14 4 0 2 15 5 12 2 7 2 4 4 9 5 4 4 1 0 4 65 3 7 0 5 10 9 7 4 14 0 0 0 6 4 2 2 1 0 5 2 0 0 15 
6 7 11 1 1 6 14 3 7 7 0 7 8 15 7 18 14 4 4 1 0 1 4 40 4 0 1 14 4 16 7 15 43 15 12 3 9 4 13 10 11 2 14 23 7 15 15 8 8 66 37 32 8 22 16 7 17 30 0 29 5 2 13 26 21 23 10 34 8 28 10 20 10 18 9 8 1 8 134 17 6 1 4 25 14 17 6 51 9 0 0 23 1 22 4 4 0 8 12 1 1 23 
3 3 3 0 0 1 3 7 1 4 2 3 5 6 2 9 7 2 3 2 1 0 4 4 4 0 0 1 3 12 7 14 24 11 4 5 10 0 11 5 5 0 14 9 5 6 4 2 3 19 21 32 36 5 5 11 10 22 0 18 2 2 2 19 5 15 6 11 0 10 4 4 7 6 4 8 5 9 60 5 8 1 2 9 12 4 1 16 3 0 0 3 0 2 0 6 0 3 3 1 0 5 
2 2 5 0 1 3 1 3 1 1 2 2 4 6 5 7 3 0 0 0 0 2 0 3 0 0 0 0 1 4 0 1 10 3 2 3 1 1 4 4 0 0 3 0 0 3 1 0 2 10 8 12 16 6 1 1 9 14 0 4 2 0 2 6 0 6 1 3 2 1 4 8 4 6 2 7 1 6 31 8 1 0 3 12 0 8 3 10 2 0 0 5 0 0 0 0 0 1 1 0 1 6 
0 2 1 1 0 3 2 3 2 2 0 4 1 1 3 1 3 2 1 1 4 0 0 4 2 0 0 0 1 3 1 4 16 2 3 1 2 2 4 1 2 1 0 2 2 0 2 0 1 8 9 8 14 5 2 2 8 15 0 6 2 3 2 2 8 7 3 2 1 9 2 3 1 3 0 3 1 4 32 0 2 0 1 6 1 2 3 6 2 0 0 1 1 5 0 0 3 2 0 0 0 1 
1 6 4 0 0 1 5 3 0 6 2 4 7 8 4 4 8 1 0 0 0 2 2 5 1 0 0 6 2 3 3 5 13 5 3 2 8 4 14 4 4 2 6 4 5 2 3 1 3 15 22 13 23 14 6 7 0 12 0 12 5 2 3 6 2 16 5 10 1 6 4 2 8 7 5 11 3 16 60 8 4 1 2 10 12 5 5 17 4 0 0 7 1 3 3 3 0 5 3 0 0 2 
3 6 8 1 0 12 9 3 5 6 3 5 11 11 8 13 12 5 8 1 1 2 4 4 8 0 0 7 4 8 4 11 25 6 6 4 2 4 13 3 6 2 3 4 2 3 3 0 4 15 22 18 37 27 3 11 7 5 0 34 7 8 9 17 19 22 8 18 4 6 5 8 5 10 20 10 3 11 111 17 12 0 12 33 13 15 9 23 4 0 0 7 0 2 1 3 1 2 6 3 0 4 
0 0 0 0 0 0 0 0 0 0 0 0 0 0 0 0 0 0 0 0 0 0 0 0 0 0 0 0 0 0 0 0 0 0 0 0 0 0 0 0 0 0 0 0 0 0 0 0 0 0 0 0 0 0 0 0 0 0 0 0 0 0 0 0 0 0 0 0 0 0 0 0 0 0 0 0 0 0 0 0 0 0 0 0 0 0 0 0 0 0 0 0 0 0 0 0 0 0 0 0 0 0 
8 13 15 0 4 12 7 2 0 6 1 6 16 12 11 30 14 11 3 4 4 4 4 20 12 0 4 19 13 18 3 4 9 2 0 1 1 7 17 5 5 0 8 2 8 8 1 3 2 25 34 10 40 32 10 9 16 26 0 3 5 8 2 10 16 29 18 15 7 6 18 22 10 23 8 8 1 4 59 5 4 1 11 10 1 5 3 18 5 0 0 6 0 2 0 2 0 4 2 1 1 6 
0 2 1 0 0 1 2 0 1 0 0 1 2 1 0 1 6 0 2 0 0 0 1 1 0 0 0 0 0 8 3 7 10 5 4 0 2 1 3 2 0 1 1 2 3 2 1 2 2 9 7 6 9 4 5 0 7 8 0 4 2 3 0 10 9 16 9 9 3 7 10 7 7 5 6 3 0 4 13 0 2 2 2 5 5 1 0 11 0 0 0 6 1 1 1 0 2 0 1 0 0 1 
3 8 3 0 1 2 2 1 4 2 2 5 5 5 0 6 4 2 3 1 0 1 1 0 4 1 0 0 0 9 7 9 8 4 19 7 23 3 17 18 6 0 5 13 9 9 4 0 8 23 9 4 4 2 1 2 3 7 0 12 9 0 0 10 21 15 2 18 6 13 4 19 2 4 5 0 1 1 17 5 2 0 2 7 2 4 2 19 10 0 0 6 3 0 0 2 0 1 0 0 0 3 
3 0 2 0 1 0 2 2 2 2 0 0 1 0 0 1 2 0 0 0 0 0 0 0 0 0 0 0 2 2 1 2 3 0 0 2 7 0 1 5 1 0 1 0 0 1 0 1 0 4 1 1 2 0 4 0 4 1 0 5 1 0 1 3 9 16 4 8 7 5 4 6 2 1 0 0 1 0 9 2 1 0 1 0 1 1 1 1 1 0 0 0 0 0 0 1 0 1 0 0 0 0 
4 5 2 1 1 3 4 3 4 3 0 3 1 3 0 1 3 3 0 0 0 2 0 0 0 0 0 1 8 17 8 5 6 5 6 8 27 8 16 15 15 1 3 3 5 6 9 9 7 23 8 5 25 8 3 2 10 8 0 12 5 10 3 9 9 59 18 7 3 7 12 21 10 2 7 3 0 6 25 5 9 2 3 1 5 1 1 6 2 0 0 10 3 2 0 1 0 0 0 0 0 2 
6 4 1 0 1 7 10 6 4 1 1 2 5 0 1 2 2 2 1 0 0 1 1 3 0 0 0 2 13 14 32 14 19 3 5 7 18 5 26 12 7 2 13 8 15 13 6 2 9 28 10 3 8 16 3 0 10 14 0 16 5 11 16 7 5 37 17 31 17 30 32 45 27 20 12 7 0 7 27 10 7 3 1 3 4 8 1 4 2 0 0 8 1 0 2 1 0 0 0 0 0 2 
11 9 9 1 4 10 10 2 12 8 2 6 4 1 0 1 2 1 0 1 0 1 0 1 0 0 0 2 8 57 59 51 51 20 17 18 28 17 35 18 14 5 15 17 22 21 12 10 12 74 25 16 25 21 9 1 23 28 0 39 14 24 13 26 39 14 9 39 23 68 68 83 54 46 15 7 2 17 48 6 7 2 7 8 3 12 3 14 8 0 0 5 0 1 0 1 1 2 1 1 0 4 
1 4 6 0 1 2 7 1 2 4 0 0 1 1 0 3 0 0 0 1 0 0 0 0 0 0 0 0 2 8 2 10 11 13 1 7 12 1 8 11 6 2 1 5 6 2 2 3 2 35 4 10 3 15 3 2 4 3 0 10 9 6 6 19 23 12 2 25 15 34 18 42 35 15 2 1 0 2 21 3 1 1 0 3 1 7 0 2 1 0 0 2 0 0 0 1 0 0 0 1 0 3 
3 3 5 0 0 6 5 7 2 5 3 0 1 0 0 0 0 0 0 0 0 0 0 0 1 0 0 0 2 6 8 3 19 4 5 2 23 5 20 4 6 2 0 8 1 7 11 7 5 16 11 9 13 12 5 3 7 5 0 14 7 5 5 7 25 26 7 2 18 19 48 46 14 18 3 3 0 3 22 2 4 0 3 2 0 0 0 8 1 0 0 1 0 1 1 0 0 0 0 0 0 2 
0 1 0 1 0 1 1 0 0 0 2 1 0 0 0 1 0 0 0 0 0 0 0 0 0 0 0 1 5 6 6 10 5 3 2 3 8 2 4 1 1 0 1 1 4 4 2 0 0 14 4 1 7 2 2 0 1 3 0 4 1 0 6 5 8 25 10 8 5 11 23 17 6 10 2 3 0 1 7 0 3 1 0 1 2 0 0 4 2 0 0 1 0 0 0 0 0 0 0 0 0 3 
1 4 1 1 0 2 5 1 4 5 2 0 2 0 0 1 0 0 0 0 0 0 0 0 0 0 0 1 0 4 5 2 11 2 1 2 4 4 13 4 5 0 9 4 4 3 2 5 1 3 7 6 17 3 5 2 7 9 0 6 6 2 1 8 25 50 23 18 15 2 22 38 23 24 5 2 1 1 23 1 1 0 0 3 2 2 0 4 2 0 0 5 1 0 0 0 0 0 0 0 0 0 
1 2 4 0 0 4 3 4 0 0 0 1 2 0 1 1 0 1 0 0 0 0 0 0 0 2 0 0 2 6 9 5 9 2 5 3 14 8 13 4 2 0 1 6 4 10 3 3 3 19 9 1 8 8 2 2 5 7 0 8 4 4 4 5 21 51 9 34 16 29 5 55 4 19 8 1 0 7 15 3 1 0 2 9 3 2 0 1 1 0 0 2 1 0 1 1 1 0 0 0 0 1 
0 2 0 0 2 4 1 6 2 6 1 1 2 0 1 2 0 0 0 0 1 0 0 0 0 0 0 0 1 6 4 2 11 7 13 7 13 5 18 4 7 1 1 4 8 5 6 2 3 21 2 2 13 2 2 3 7 4 0 7 7 5 0 16 25 80 23 31 23 31 43 6 26 27 2 1 1 1 21 1 2 1 4 5 1 5 1 3 1 0 0 5 0 0 0 1 0 0 0 1 0 4 
2 7 2 0 0 2 6 2 2 3 1 4 6 2 2 2 8 1 0 0 0 0 0 0 0 0 0 1 2 8 4 14 12 11 13 9 18 9 13 16 9 3 13 11 22 22 7 12 9 44 14 7 23 12 19 4 14 7 0 13 14 4 9 10 36 66 29 22 9 25 17 63 3 17 6 3 0 3 40 8 4 4 5 8 2 2 3 12 5 0 0 2 1 0 0 2 0 0 0 0 0 0 
0 4 2 0 1 6 6 2 1 4 3 2 0 2 0 3 1 1 0 0 1 0 0 0 0 0 0 0 4 0 1 7 12 8 4 11 18 3 16 10 6 0 1 3 11 14 7 7 3 23 11 12 16 15 9 2 10 3 0 10 11 4 3 5 26 38 9 27 10 74 31 34 15 5 12 7 3 4 38 2 10 1 4 7 2 4 5 11 2 0 0 0 0 0 0 0 0 0 0 0 1 4 
0 2 1 1 0 0 1 1 0 4 6 1 4 3 4 12 2 5 0 3 0 1 0 4 0 0 0 4 0 2 4 3 12 2 2 1 2 4 6 7 9 0 12 7 9 16 7 4 3 39 8 3 8 2 2 1 5 4 0 7 3 1 0 2 4 12 4 1 0 3 3 2 4 3 3 6 1 8 98 10 12 6 8 24 8 9 5 66 16 0 0 8 5 8 3 7 2 4 8 0 0 15 
3 3 3 0 2 0 3 1 4 7 2 2 5 1 2 2 4 4 3 0 1 0 1 4 3 0 0 5 1 11 1 7 12 2 1 5 3 0 8 2 3 0 2 12 2 11 7 4 6 46 10 0 3 6 10 0 4 20 0 10 0 2 7 0 7 7 3 3 1 2 4 1 2 2 2 1 6 14 125 22 21 8 25 40 19 23 6 62 6 0 0 2 4 8 5 5 2 19 9 0 1 12 
0 0 0 0 0 1 1 0 1 3 1 0 1 3 0 2 0 0 0 0 0 0 0 3 0 1 0 2 0 1 1 1 3 0 0 0 1 2 0 0 1 0 0 2 2 0 1 1 0 8 2 0 3 1 1 0 0 4 0 1 0 1 0 0 1 4 1 1 0 0 0 0 2 2 5 6 2 15 29 10 16 4 17 22 8 3 2 9 1 0 0 1 1 2 0 0 0 5 1 1 0 2 
3 2 3 0 0 2 4 3 1 2 0 0 2 2 2 9 2 3 0 0 0 0 1 3 2 0 0 0 0 3 0 2 7 3 6 2 5 2 1 7 1 1 5 11 4 3 1 2 3 17 19 1 12 8 5 0 4 12 0 5 11 3 0 4 4 2 1 5 2 0 5 0 3 4 12 13 8 3 67 17 15 8 5 74 16 4 9 28 15 0 0 7 2 8 4 1 1 3 6 3 0 12 
17 17 21 2 5 10 15 5 11 15 13 11 23 13 15 39 26 10 5 2 1 3 3 20 10 1 2 25 11 35 8 29 53 25 21 11 9 10 40 11 8 4 29 48 18 22 18 19 7 101 131 86 170 84 45 31 53 116 0 41 20 8 7 32 31 58 21 33 21 20 20 28 16 24 275 184 68 92 26 105 89 39 82 247 78 46 17 128 25 0 0 31 9 28 9 11 3 26 7 6 6 27 
1 6 5 3 0 2 1 1 3 4 0 1 0 4 3 6 5 2 1 3 0 0 0 3 1 0 0 4 1 5 2 8 8 3 3 2 2 6 3 7 1 1 9 18 10 17 5 8 5 27 7 4 8 2 2 2 21 12 0 5 3 4 1 7 6 10 1 6 3 0 3 8 2 2 34 22 5 25 73 3 29 7 21 153 52 18 4 69 11 0 0 12 0 15 3 7 0 8 12 0 0 18 
3 2 1 0 0 0 1 1 2 0 0 1 3 0 1 1 1 2 0 0 0 0 0 0 0 0 0 0 2 6 0 4 5 1 1 0 0 2 10 8 6 1 8 11 4 8 7 2 1 44 2 2 15 6 3 1 7 6 0 2 1 0 1 1 5 7 4 4 0 2 4 6 1 3 25 20 7 17 74 20 2 3 18 98 58 27 5 46 11 0 0 15 9 13 4 6 6 18 6 0 0 8 
0 1 0 0 0 0 0 0 0 0 0 0 1 0 2 0 0 0 0 0 1 0 0 6 2 0 0 4 1 7 0 4 10 1 0 0 1 2 4 9 3 1 10 17 8 13 9 9 6 53 5 3 2 0 2 0 3 4 0 8 0 0 2 2 1 2 1 2 0 1 0 1 2 2 11 9 6 7 31 8 12 1 8 66 39 20 6 59 10 0 0 17 3 12 10 14 0 13 5 0 1 28 
1 1 1 1 0 1 0 1 1 1 0 0 0 0 1 0 0 0 0 0 1 0 1 0 2 0 0 2 2 4 0 1 7 1 1 0 0 0 3 3 2 1 8 14 5 16 8 4 3 32 5 1 12 4 2 2 3 14 0 2 0 3 0 0 4 5 1 3 0 2 4 2 7 6 19 12 2 12 43 27 12 4 5 117 58 20 12 54 5 0 0 24 2 11 6 6 2 7 2 5 6 22 
6 6 6 1 0 5 1 5 2 2 1 2 0 0 0 5 2 2 1 0 2 1 0 4 1 1 0 5 3 6 1 3 12 4 1 1 3 4 23 19 16 6 45 71 14 47 25 21 18 117 31 25 44 21 15 9 35 49 0 13 0 4 1 7 3 9 1 2 1 2 5 6 3 6 99 78 15 89 274 181 149 35 185 30 149 68 37 174 25 0 0 66 18 35 24 24 2 36 27 2 6 37 
2 0 1 0 0 0 1 1 0 0 2 0 0 1 1 0 1 0 0 0 0 0 0 0 0 0 0 4 4 4 2 4 5 1 2 0 2 0 7 4 3 1 13 36 6 17 13 6 9 31 10 5 8 5 3 4 4 17 0 4 2 1 0 2 3 5 0 0 0 0 2 2 0 4 20 13 6 26 55 54 91 28 98 215 5 35 24 56 31 0 0 28 6 8 10 15 3 8 15 2 0 17 
4 7 5 0 0 1 3 1 4 6 3 1 1 0 1 5 1 3 2 2 5 1 0 3 8 0 0 4 1 17 5 10 35 7 5 6 20 9 36 12 15 6 51 83 26 52 43 25 28 108 17 10 24 14 0 2 7 16 0 5 2 4 1 3 3 7 4 4 2 1 7 6 4 1 25 14 3 15 54 17 27 21 20 68 44 8 36 109 57 0 0 96 29 29 24 31 6 42 22 8 6 75 
5 5 0 0 3 2 1 2 1 2 1 0 1 0 0 1 5 3 4 3 0 0 1 4 0 0 0 12 6 14 5 6 23 4 4 2 16 9 25 16 13 8 34 78 14 32 19 11 5 79 3 7 11 2 0 0 2 6 0 5 2 2 0 1 1 1 1 0 0 2 6 0 3 1 20 8 3 10 35 9 13 6 9 54 22 19 7 49 19 0 0 61 12 32 22 17 5 13 14 1 2 53 
25 34 27 3 2 10 9 11 10 8 1 4 10 2 6 13 25 16 5 5 10 6 7 59 18 1 4 35 7 125 24 41 239 16 21 21 80 60 166 29 35 11 94 132 63 161 157 95 143 896 43 27 92 13 12 3 18 29 0 13 12 3 2 4 15 16 4 5 0 8 15 11 4 15 63 50 9 48 98 51 44 57 51 146 66 70 45 18 30 0 0 155 35 63 46 78 15 56 62 10 10 308 
3 7 4 1 1 2 3 1 3 0 2 7 2 1 3 0 6 2 1 0 4 0 2 6 1 0 0 3 0 25 3 15 26 10 7 7 26 27 31 26 21 3 28 80 24 34 19 22 11 54 9 7 16 4 2 1 5 1 0 9 2 0 3 2 3 1 1 2 1 0 2 1 2 2 10 9 4 10 25 11 11 9 11 27 13 43 37 56 5 0 0 58 13 16 18 29 14 19 15 5 1 45 
0 0 0 0 0 0 0 0 0 0 0 0 0 0 0 0 0 0 0 0 0 0 0 0 0 0 0 0 0 0 0 0 0 0 0 0 0 0 0 0 0 0 0 0 0 0 0 0 0 0 0 0 0 0 0 0 0 0 0 0 0 0 0 0 0 0 0 0 0 0 0 0 0 0 0 0 0 0 0 0 0 0 0 0 0 0 0 0 0 0 0 0 1 0 0 0 0 0 0 0 0 0 
0 0 0 0 0 0 0 0 0 0 0 0 0 0 0 0 0 0 0 0 0 0 0 0 0 0 0 0 0 0 0 0 0 0 0 0 0 0 0 0 0 0 0 0 0 0 0 0 0 0 0 0 0 0 0 0 0 0 0 0 0 0 0 0 0 0 0 0 0 0 0 0 0 0 0 0 0 0 0 0 0 0 0 0 0 0 0 1 0 0 0 0 1 0 0 0 0 0 0 0 0 0 
6 12 12 0 2 4 11 7 7 4 3 9 10 5 6 9 10 11 4 0 7 2 5 9 4 0 0 19 4 32 17 44 62 25 40 19 90 73 167 63 57 6 77 207 79 165 79 66 73 313 18 12 39 13 8 1 6 11 0 12 1 8 1 5 9 10 3 4 0 4 4 5 1 4 26 10 1 12 89 32 19 16 41 94 47 72 47 200 61 0 0 27 38 49 32 129 22 66 63 11 5 122 
0 4 2 0 1 3 2 1 3 4 1 0 1 0 2 1 2 5 2 1 0 1 0 0 0 0 0 2 2 10 3 7 16 8 8 4 27 11 26 12 4 6 35 54 20 21 17 12 15 38 1 0 1 1 0 0 2 1 0 2 3 2 0 3 2 0 1 0 0 0 0 1 0 0 11 4 0 6 15 11 7 3 3 14 9 19 19 39 23 0 0 65 4 5 13 19 4 18 12 2 0 21 
2 2 1 0 0 0 1 1 0 3 0 2 1 0 1 2 1 1 0 0 1 0 1 1 1 0 0 0 3 13 3 11 22 0 4 4 8 7 19 12 10 5 41 46 16 39 28 10 17 69 2 5 9 7 1 1 2 1 0 0 1 1 0 1 0 0 0 1 0 0 0 0 1 0 14 3 5 1 31 9 8 6 16 41 18 31 16 73 24 0 0 56 17 1 3 19 3 9 4 2 3 37 
1 1 2 2 0 1 3 0 0 0 0 3 0 3 1 1 1 0 0 1 1 0 0 1 0 0 1 0 3 11 4 3 11 7 5 2 8 10 20 5 12 1 23 32 20 30 13 11 13 65 4 3 7 1 1 1 2 4 0 1 0 1 9 2 1 1 0 0 0 1 0 0 1 0 3 4 0 2 19 3 7 6 10 13 12 13 20 44 29 0 0 40 13 6 3 10 4 9 11 1 1 66 
2 1 3 0 0 1 0 1 0 0 1 0 2 1 3 2 0 0 0 0 0 1 0 2 0 0 0 4 0 4 3 3 14 6 3 9 24 6 25 10 14 6 36 60 16 25 10 17 5 77 5 3 5 1 1 0 3 4 0 0 0 0 0 0 1 0 0 0 0 0 1 0 1 0 4 3 0 8 12 8 4 6 9 20 6 19 12 75 18 0 0 78 7 17 19 4 2 23 7 2 2 37 
1 0 1 0 0 1 1 1 0 0 0 0 1 3 0 0 1 1 0 0 0 0 0 1 0 0 0 0 0 2 0 1 6 0 1 0 2 1 2 1 4 0 5 6 4 5 3 3 2 6 1 0 0 0 0 0 1 3 0 0 0 0 0 0 0 0 0 0 0 0 0 0 0 0 2 1 0 0 2 1 1 0 1 6 5 5 2 15 3 0 0 11 0 0 2 6 0 5 0 0 2 6 
1 0 1 1 1 0 0 0 1 0 0 0 0 0 0 1 0 1 0 0 0 0 0 0 0 0 0 0 0 8 1 2 9 0 4 2 9 4 23 6 0 1 18 19 15 25 11 2 11 59 1 3 9 1 1 0 0 1 0 0 0 1 0 1 1 0 0 0 0 0 0 0 2 0 6 2 0 7 12 5 8 7 4 16 11 13 10 54 7 0 0 44 6 8 5 9 0 6 5 0 0 34 
0 3 1 0 1 1 0 1 1 1 0 0 1 2 0 1 1 0 0 0 0 0 0 0 0 0 2 0 0 3 1 6 6 0 7 4 13 5 27 1 7 2 14 30 16 26 19 6 11 49 6 3 9 0 1 0 6 4 0 1 1 0 0 0 0 1 0 0 0 1 2 0 1 0 9 3 0 9 24 5 12 6 7 31 10 11 6 52 12 0 0 36 6 7 9 6 0 8 6 6 1 25 
0 0 0 0 0 0 0 0 0 0 0 0 0 1 0 0 1 0 0 0 0 0 0 0 0 0 0 1 0 0 1 2 4 2 0 2 2 4 5 1 0 0 2 3 2 2 3 3 0 6 0 0 2 0 1 0 1 0 0 0 0 0 0 1 0 0 0 0 0 0 0 0 0 0 1 0 0 0 0 0 0 0 3 5 3 2 2 11 3 0 0 2 0 1 4 2 1 1 1 0 1 5 
0 0 0 0 0 0 0 0 1 0 0 0 1 0 0 0 0 0 1 0 0 0 0 0 0 0 0 0 0 0 1 0 3 0 1 1 2 2 3 0 0 0 3 9 5 9 4 1 2 17 2 0 1 1 0 3 0 0 0 0 0 0 0 0 0 2 0 0 0 0 0 0 0 0 4 0 0 0 6 1 1 0 0 5 1 5 3 13 7 0 0 5 0 5 3 6 0 2 1 2 1 3 
10 17 5 1 2 2 3 1 5 2 0 1 5 2 3 3 7 0 2 2 1 1 0 2 3 1 0 8 1 25 10 16 36 11 9 9 28 22 34 32 16 11 82 68 48 64 52 37 35 211 11 13 33 3 3 1 1 5 0 10 2 1 0 1 6 3 1 1 0 0 1 0 1 2 31 14 2 16 33 13 11 21 17 40 28 46 27 227 65 0 0 90 22 30 35 51 2 40 12 4 2 8 
