0 12 32 24 11 55 34 36 37 37 22 40 53 47 39 68 29 39 37 10 11 12 7 38 12 1 0 21 43 5 0 5 13 1 7 15 5 3 23 32 26 0 1 9 14 17 11 6 10 50 8 5 5 3 1 2 4 8 0 3 1 0 0 5 7 9 4 8 0 0 9 1 1 2 3 1 0 2 17 3 6 2 3 3 1 5 2 28 7 0 0 4 0 1 2 0 0 1 1 0 0 18 
8 10 13 12 11 49 30 25 28 46 17 67 48 53 35 64 39 25 29 19 20 17 15 43 15 0 3 28 61 6 5 7 12 3 8 4 7 6 23 27 31 1 4 18 4 19 12 12 12 50 11 3 14 3 5 1 6 10 0 3 3 2 2 6 6 6 1 3 1 0 4 12 3 5 0 7 0 9 24 4 6 5 5 6 2 5 1 37 2 0 0 4 0 3 6 1 1 1 0 1 0 5 
20 13 10 17 17 31 38 54 57 48 17 40 53 51 61 70 34 26 22 26 15 24 10 21 11 0 3 21 74 6 2 5 9 4 7 2 1 7 13 21 9 5 8 9 12 6 10 9 6 49 13 2 10 12 2 2 5 7 0 0 2 2 3 2 9 2 4 10 3 3 9 6 2 2 7 2 0 5 12 0 5 1 4 8 5 4 2 17 7 0 0 5 1 3 3 1 2 0 0 0 0 2 
9 6 14 1 0 6 14 4 9 5 1 17 13 5 6 11 5 5 1 0 3 3 1 2 2 2 0 0 12 0 0 0 0 1 0 0 0 0 2 2 1 1 3 2 1 1 0 0 0 9 2 1 2 1 0 0 0 2 0 0 1 0 0 0 1 4 0 0 0 0 2 0 1 3 0 0 0 1 2 3 2 0 0 1 1 2 0 3 0 0 0 0 0 0 0 0 0 0 1 1 0 1 
19 18 3 2 4 14 9 11 17 4 13 26 31 17 26 26 16 11 8 4 6 4 5 14 4 0 1 13 14 0 2 1 1 0 0 2 0 1 3 5 4 1 8 1 2 6 0 4 0 19 2 0 1 1 1 0 0 1 0 0 0 0 0 1 1 1 1 4 1 5 4 0 0 2 1 2 0 1 8 1 0 1 0 3 1 12 3 8 1 0 0 7 0 1 0 0 0 3 0 2 0 2 
51 40 88 114 58 8 21 34 38 22 18 41 54 79 34 55 42 31 30 12 18 18 13 27 9 0 1 12 47 3 1 4 12 2 2 0 0 4 17 12 9 16 9 14 7 8 5 5 8 26 2 0 4 3 9 2 3 11 0 4 0 0 1 4 5 5 0 7 0 2 8 4 0 1 8 1 0 1 17 0 1 1 0 4 1 4 1 21 4 0 0 5 4 2 2 0 0 1 0 1 1 10 
33 31 45 12 7 14 10 24 56 28 18 31 59 61 55 62 23 18 30 20 13 10 11 17 2 2 2 11 52 6 4 3 11 0 5 4 1 3 18 36 8 0 5 2 6 8 5 7 1 22 2 4 8 4 1 1 1 7 0 3 0 1 3 5 2 5 3 5 2 2 3 4 2 2 1 1 0 2 25 2 1 0 3 3 0 7 0 13 1 0 0 2 1 1 1 1 0 1 0 0 0 3 
20 22 21 5 8 26 20 12 9 13 18 27 63 45 47 64 44 26 18 13 16 21 20 34 3 1 1 14 18 3 2 0 7 0 4 1 0 6 13 16 11 0 8 6 7 9 4 4 1 36 4 3 5 4 1 2 6 5 0 2 0 0 1 8 8 9 2 6 3 7 2 4 2 2 6 5 1 2 7 0 5 1 3 2 1 3 0 7 2 0 0 3 1 0 2 0 0 2 3 0 0 5 
42 103 186 33 34 145 170 61 17 21 25 51 85 88 52 81 40 37 38 27 17 21 5 26 14 7 3 28 35 7 8 7 1 4 3 2 2 4 22 32 14 6 8 12 3 16 6 11 4 34 4 1 7 2 6 0 4 4 0 5 2 2 0 6 2 14 5 1 4 1 4 3 1 2 3 2 0 4 10 3 1 0 1 5 2 2 1 5 8 0 0 8 1 1 2 1 1 2 1 2 1 2 
34 19 36 17 21 34 43 38 22 7 7 15 47 26 38 62 49 45 16 20 12 10 9 24 8 5 0 22 11 6 1 2 5 7 0 0 2 2 11 13 6 1 3 5 5 7 1 2 5 19 10 11 16 11 11 3 6 20 0 2 2 2 6 3 7 11 1 2 6 3 2 5 1 6 8 8 1 5 19 1 1 2 0 3 0 2 0 0 1 0 0 1 0 0 0 2 0 1 0 0 0 3 
27 42 23 6 31 68 104 62 96 35 3 15 73 37 13 49 40 22 16 18 11 24 8 17 6 1 1 28 18 17 4 7 3 1 1 1 2 6 12 18 9 3 3 3 4 10 6 8 8 43 3 0 5 8 0 0 14 3 0 10 5 0 1 4 3 2 3 2 0 0 4 0 6 4 3 2 0 2 3 4 6 1 0 0 1 0 2 6 0 0 0 5 0 1 0 1 0 0 1 0 1 4 
37 49 23 5 12 35 50 31 61 25 11 6 31 47 35 114 63 49 37 54 22 34 18 62 9 1 4 51 25 12 4 7 22 2 1 0 3 9 23 17 5 3 8 8 8 11 7 6 10 27 2 6 15 7 3 7 8 38 0 9 1 5 0 1 1 4 3 1 1 0 0 4 2 2 6 4 2 4 24 2 1 1 0 2 0 1 0 5 2 0 0 6 0 1 0 3 0 1 1 0 0 3 
56 106 111 9 29 148 263 180 239 92 81 89 8 103 121 111 72 73 71 49 57 37 25 87 28 1 3 66 30 16 14 11 15 2 8 1 0 6 44 39 16 3 7 12 7 10 17 11 13 42 4 10 8 18 1 2 12 11 0 29 7 4 9 6 4 1 0 4 1 1 6 6 0 1 9 4 0 8 23 1 2 2 0 1 0 0 2 5 1 0 0 10 1 4 0 4 0 1 1 2 0 3 
83 126 135 12 32 123 142 105 145 72 33 76 73 7 16 82 126 122 145 71 85 118 47 131 56 9 16 147 40 10 3 7 10 4 7 3 0 10 33 22 21 3 7 7 13 13 3 7 4 39 15 20 14 11 6 7 16 22 0 16 3 5 2 2 2 1 1 1 0 0 3 1 2 3 13 7 1 12 46 6 1 2 1 0 0 1 0 5 3 0 0 4 2 2 2 5 1 3 3 2 0 4 
53 55 69 13 20 79 88 88 74 65 31 25 67 17 4 33 67 53 65 61 63 62 72 115 48 11 23 162 22 21 6 30 7 3 4 1 3 4 22 26 3 1 6 20 7 15 12 6 6 30 13 6 18 7 7 1 8 17 0 10 0 1 0 2 0 1 1 0 0 0 0 3 0 1 10 2 0 6 29 2 2 0 0 0 0 0 0 13 3 0 0 4 5 2 3 7 0 7 0 0 0 0 
53 105 53 10 22 78 83 91 98 84 49 56 96 58 15 11 95 101 114 66 152 85 74 200 63 9 22 165 38 62 21 41 41 17 20 20 30 8 14 40 21 3 22 21 20 25 9 13 7 78 14 11 26 11 8 2 18 13 0 8 4 4 1 2 4 0 0 1 5 0 6 3 0 0 9 7 1 8 30 6 0 6 1 1 1 4 6 15 3 0 0 15 2 1 0 5 1 3 0 1 0 10 
28 47 37 7 13 43 42 52 66 52 17 38 69 75 49 73 14 50 61 47 82 63 71 142 40 5 14 98 25 55 22 65 52 18 20 18 25 10 44 42 42 3 27 18 24 32 24 8 11 79 13 7 12 11 5 0 11 15 0 4 5 6 1 9 7 0 0 2 1 0 3 6 2 0 8 5 3 7 27 3 4 0 0 1 1 3 10 26 7 0 0 7 3 4 1 4 1 1 4 0 1 6 
23 17 18 1 5 27 49 36 34 22 21 40 62 69 49 98 51 9 37 21 56 18 62 95 17 7 3 50 11 31 17 23 30 11 27 18 16 4 44 38 28 8 11 18 33 18 17 16 9 66 8 1 9 18 6 2 4 8 0 3 0 1 4 7 0 1 1 0 0 0 1 0 0 0 2 2 0 3 20 3 1 0 0 0 2 2 5 10 3 0 0 5 0 1 1 0 0 0 0 0 0 1 
23 30 30 4 5 34 35 18 26 27 21 32 61 63 33 93 87 55 7 43 147 63 86 139 45 34 9 73 11 25 15 13 19 14 27 9 12 10 44 28 5 2 9 16 11 16 22 9 8 51 6 2 5 9 10 1 7 9 0 0 0 0 1 2 0 5 0 1 0 0 0 0 0 0 2 2 0 4 17 4 1 0 0 1 2 0 0 17 2 0 0 6 0 0 0 0 1 0 0 0 0 3 
7 13 10 0 5 15 23 22 21 23 10 16 36 58 28 72 26 35 12 4 8 14 23 56 21 15 12 73 7 6 4 15 5 2 4 8 2 6 31 15 11 1 2 7 4 8 1 3 8 23 1 2 4 0 0 0 4 9 0 1 0 4 0 0 0 2 0 0 0 0 0 0 0 0 1 1 0 2 13 1 1 0 0 1 1 2 0 9 4 0 0 1 0 1 0 0 0 0 1 0 1 0 
7 14 18 2 3 9 6 10 16 11 6 16 37 42 37 89 56 34 46 3 11 10 34 77 21 16 64 105 5 7 4 3 14 2 14 14 6 11 38 14 20 1 5 6 6 7 6 2 4 32 0 0 1 2 0 0 0 2 0 3 0 0 0 0 0 0 0 0 0 0 0 0 0 0 0 0 0 0 2 0 1 0 0 1 1 3 0 4 5 0 0 1 1 0 0 1 0 0 0 0 0 1 
9 12 20 2 0 22 12 8 14 21 6 13 52 50 41 60 47 34 37 12 12 2 26 33 9 19 44 99 2 9 3 1 5 2 8 7 9 8 29 8 0 2 5 4 2 5 0 5 2 13 1 1 1 1 2 0 0 8 0 1 1 0 0 1 0 0 0 0 0 0 0 0 0 0 3 1 1 1 2 1 5 0 0 0 0 0 1 11 3 0 0 4 0 1 0 0 0 0 0 0 0 1 
10 19 6 3 8 29 21 16 8 14 16 15 19 42 23 108 53 43 52 19 35 19 6 23 4 18 51 117 0 7 2 4 11 3 4 11 6 14 43 11 10 0 3 7 7 21 5 5 10 32 1 1 8 0 0 0 5 4 0 0 0 1 5 0 0 2 0 0 0 0 0 1 0 0 0 3 1 9 3 1 0 0 7 0 1 3 0 8 2 0 0 2 0 0 0 0 0 0 0 1 0 0 
18 14 8 4 10 22 15 10 17 31 12 25 58 58 58 99 92 40 51 28 40 17 18 10 10 37 60 113 6 8 4 7 26 15 21 10 10 7 46 10 18 3 4 14 17 12 5 10 7 86 6 7 7 6 1 0 7 6 0 3 4 2 2 2 2 1 0 0 0 0 0 0 0 0 3 4 0 2 19 1 3 1 0 1 0 1 2 16 5 0 0 2 0 0 2 2 0 0 0 0 0 0 
19 36 15 2 12 21 12 39 36 63 27 60 72 60 38 91 52 49 68 22 19 28 21 10 8 7 14 60 6 23 9 11 60 8 18 7 16 23 36 54 27 1 12 19 31 18 18 22 25 139 19 11 22 9 2 3 14 17 0 3 0 2 2 1 3 0 0 0 0 0 0 0 0 1 7 4 1 3 32 4 1 0 0 2 0 3 4 60 4 0 0 2 0 1 0 0 1 0 1 0 2 4 
1 1 1 0 4 0 0 2 5 1 0 4 6 4 4 10 9 7 10 10 10 12 9 22 4 0 1 10 0 4 1 0 2 4 0 2 2 1 5 1 0 1 0 0 0 1 4 0 0 6 1 2 0 0 1 0 0 0 0 0 0 0 0 1 0 0 0 0 0 0 0 0 0 0 0 1 0 0 0 0 0 0 0 0 0 0 0 0 1 0 0 2 0 0 0 0 0 0 0 0 0 0 
0 0 1 0 0 2 1 2 0 0 0 5 0 5 6 4 4 3 2 5 8 8 9 24 5 3 1 12 0 0 0 1 0 0 0 0 1 1 3 1 0 0 0 1 0 0 0 0 0 2 1 0 0 0 0 0 1 0 0 0 0 0 0 0 0 0 0 0 0 0 0 0 0 0 0 0 0 0 1 0 0 0 0 0 2 0 0 0 0 0 0 0 0 0 0 0 0 1 0 0 0 0 
24 32 28 20 24 39 26 47 31 51 21 41 112 159 87 156 68 92 74 67 101 87 135 115 61 20 125 7 6 3 1 10 27 6 9 8 9 36 55 50 30 6 18 23 23 33 18 18 20 121 18 10 22 5 4 6 7 8 0 3 0 0 1 1 0 0 1 0 0 0 1 0 0 0 8 8 0 9 25 4 1 1 3 1 0 7 1 45 5 0 0 3 1 0 0 5 0 0 2 0 0 5 
90 166 126 16 30 105 84 53 56 45 23 49 46 85 26 84 36 45 29 16 35 35 11 16 7 1 2 31 4 13 6 8 8 2 2 1 3 11 20 26 20 0 14 22 7 22 17 4 2 54 3 7 28 6 2 7 6 6 0 2 1 0 2 5 7 15 3 13 5 3 13 10 2 3 4 2 1 0 29 1 2 1 0 5 7 9 6 9 5 0 0 8 1 2 2 4 4 5 3 0 0 3 
1 6 4 0 2 6 4 7 2 6 4 15 12 5 10 34 39 34 21 13 10 3 3 11 4 1 0 1 4 28 105 176 330 66 178 149 253 156 227 153 100 10 59 52 61 76 50 30 41 248 4 8 25 8 4 3 11 7 0 5 1 11 3 13 38 32 15 13 11 20 8 11 1 0 9 3 1 11 32 7 10 9 5 9 1 9 9 80 21 0 0 24 6 13 6 17 0 14 8 2 2 31 
1 3 0 1 0 0 1 1 0 3 1 4 6 0 0 6 14 10 7 5 3 3 0 2 5 0 0 1 1 119 4 91 98 23 63 31 89 57 103 37 24 1 16 23 12 24 14 5 12 61 2 0 2 3 1 0 6 4 0 3 2 2 6 9 7 17 7 9 5 4 4 5 7 0 3 2 0 1 9 5 2 1 3 0 4 0 1 15 3 0 0 13 2 8 3 2 0 3 3 0 0 9 
2 6 1 0 0 5 2 6 7 3 2 1 13 1 3 12 53 17 18 4 3 1 0 5 4 1 3 7 0 232 167 15 155 89 117 76 194 124 192 128 70 14 51 41 54 47 42 39 35 150 10 5 11 4 4 2 15 8 0 12 2 9 5 21 8 23 10 16 6 7 2 0 2 0 7 6 1 1 26 8 3 3 1 2 4 13 7 54 20 0 0 33 7 21 4 11 0 6 7 1 0 9 
13 25 10 2 2 8 19 7 6 6 4 8 13 8 14 36 43 40 19 11 13 9 9 50 24 0 2 23 7 354 120 126 20 70 103 118 221 179 247 227 181 34 123 122 141 205 154 103 128 829 35 35 75 32 19 8 19 25 0 23 3 4 4 5 20 46 10 16 9 18 38 30 10 8 37 23 1 11 71 17 4 8 12 19 2 33 31 223 37 0 0 73 14 36 24 29 10 15 8 3 2 50 
0 0 0 1 1 2 7 3 3 2 0 7 3 0 0 13 9 14 12 3 3 2 2 6 11 0 0 6 4 106 44 58 38 2 30 25 80 69 111 83 44 8 40 40 34 40 23 26 29 94 10 7 17 12 5 1 8 7 0 3 2 9 4 1 14 22 3 11 3 13 12 22 4 13 9 3 1 13 32 4 3 0 2 0 2 7 4 22 10 0 0 26 8 10 6 3 0 4 0 0 0 7 
7 7 11 2 0 5 2 4 2 1 0 1 8 1 5 15 25 18 21 12 16 10 5 24 10 0 10 18 3 256 114 129 124 27 9 25 120 67 120 203 58 19 48 55 51 81 37 34 39 158 8 5 16 14 3 3 12 11 0 5 0 11 3 17 10 17 6 24 11 15 23 32 6 3 12 6 0 2 24 8 4 0 0 1 1 7 2 35 20 0 0 50 15 17 6 16 8 10 6 1 1 18 
2 4 1 0 1 1 2 2 0 0 1 0 0 1 0 14 17 24 8 7 9 9 9 10 4 0 1 14 0 270 81 125 140 38 34 14 125 67 132 124 43 6 41 35 39 45 27 30 25 170 3 5 6 5 1 0 3 4 0 2 0 4 10 8 10 18 2 5 4 7 10 13 6 4 0 2 1 5 5 0 1 0 0 1 0 3 4 18 7 0 0 14 10 11 7 10 2 8 3 0 2 11 
13 5 8 0 2 4 3 4 2 9 0 3 3 0 3 44 51 26 39 11 25 31 16 60 20 3 8 37 4 610 291 449 415 157 153 231 26 186 491 498 207 80 161 166 195 211 166 100 108 566 24 22 31 25 2 0 15 17 0 4 4 15 20 52 46 39 16 57 14 20 83 35 18 15 14 2 2 5 35 5 3 3 1 4 2 30 27 108 81 0 0 132 30 62 37 41 6 32 31 3 10 60 
8 9 10 2 1 6 13 5 10 8 3 9 9 6 5 2 18 21 12 6 16 10 15 34 12 0 7 20 2 194 75 223 128 39 67 71 107 19 148 247 110 20 93 115 89 112 53 44 48 259 4 2 9 2 1 1 1 5 0 4 0 6 8 15 17 7 3 6 4 2 24 28 4 1 6 1 0 5 16 2 1 2 2 2 5 23 15 62 31 0 0 53 10 19 6 22 6 8 12 12 8 21 
34 60 25 1 9 32 39 36 58 27 22 59 44 21 5 9 71 61 53 40 64 42 42 148 26 6 29 75 13 420 155 400 352 149 192 116 383 162 33 566 373 61 135 175 184 226 162 128 105 686 24 17 68 13 10 3 18 18 0 3 5 16 10 49 64 56 22 23 16 10 40 49 14 8 30 7 4 19 80 8 4 6 8 22 5 34 36 140 57 0 0 151 19 28 23 44 10 25 37 16 0 72 
14 21 15 2 3 19 17 17 23 15 8 23 19 18 15 18 42 31 22 24 13 6 6 24 6 0 1 28 6 156 64 82 141 56 105 57 216 153 390 15 36 38 54 92 86 123 92 56 85 353 6 9 19 8 3 5 4 6 0 2 5 12 13 11 9 11 1 5 6 1 3 10 4 4 15 5 0 6 22 8 3 10 7 13 17 3 15 29 25 0 0 63 5 8 7 22 0 8 11 1 1 25 
11 15 21 2 5 22 13 12 15 12 6 8 23 11 6 6 34 22 8 6 18 8 7 29 23 0 2 38 6 97 29 95 126 47 55 53 102 108 235 95 7 34 54 80 79 110 76 66 50 293 3 3 11 7 0 1 10 6 0 1 1 0 1 5 9 17 6 3 1 1 11 9 4 1 6 3 1 5 15 6 6 4 12 17 5 21 13 22 27 0 0 53 9 21 16 26 3 10 12 5 1 28 
1 4 1 0 0 2 6 3 3 1 4 4 2 1 1 1 2 2 5 2 0 0 3 4 1 0 0 5 0 15 9 11 10 9 9 5 40 17 33 19 20 1 22 31 30 18 24 21 10 77 1 0 1 0 0 0 0 3 0 1 0 0 2 0 0 0 0 0 0 0 1 0 0 0 1 0 0 0 4 2 2 1 3 9 0 3 1 6 7 0 0 8 3 7 2 3 0 2 6 0 0 4 
7 8 6 0 3 14 11 12 10 15 6 9 9 3 5 12 31 17 14 8 16 7 11 12 7 0 0 22 5 87 41 80 139 40 66 31 113 97 128 87 59 27 7 87 71 108 81 80 90 314 5 9 17 18 3 1 6 10 0 2 1 7 3 8 3 14 0 4 1 8 9 8 3 2 19 13 2 14 28 29 20 16 20 72 60 89 57 101 81 0 0 68 43 54 41 102 7 54 38 15 4 130 
6 39 16 3 5 5 14 13 12 7 4 7 7 5 2 10 25 33 8 7 12 8 15 32 14 2 0 29 7 110 23 79 107 38 53 31 112 124 220 221 99 61 89 32 162 216 143 159 168 481 13 11 34 22 11 3 24 13 0 7 2 6 1 23 10 13 2 8 1 6 12 7 1 6 19 20 3 33 60 37 35 38 26 96 59 156 84 156 80 0 0 215 70 114 52 134 22 82 70 19 7 108 
22 25 14 1 2 12 7 14 10 15 9 4 12 8 5 7 26 30 20 5 9 17 8 21 12 0 0 17 8 55 26 78 125 30 45 30 106 107 134 111 60 27 66 144 7 164 111 134 142 461 16 6 10 4 0 2 1 6 0 4 4 1 4 15 14 11 2 6 2 2 4 5 4 4 17 9 2 5 16 6 13 6 7 17 29 47 17 64 22 0 0 69 17 43 23 43 12 38 35 4 9 49 
19 22 14 2 6 11 16 17 20 13 14 12 16 13 7 19 39 28 21 20 15 7 11 32 11 0 3 28 10 88 31 98 186 43 63 62 157 138 278 217 164 37 103 297 189 22 202 344 255 943 24 10 32 9 5 1 6 7 0 1 4 2 9 22 13 22 11 10 4 4 11 14 7 2 30 11 9 10 52 18 20 18 25 71 63 88 62 162 56 0 0 188 43 58 55 78 14 72 59 5 9 127 
7 13 14 1 3 11 18 16 17 19 7 6 12 3 10 10 24 22 9 3 25 6 13 28 9 0 1 28 0 73 37 82 137 42 31 35 134 95 163 167 117 15 69 182 133 203 27 308 273 579 11 7 22 14 4 2 6 8 0 6 0 6 4 11 9 6 3 5 2 4 13 7 4 1 14 5 1 6 34 8 11 13 14 41 9 66 38 111 43 0 0 115 23 55 37 57 6 31 53 10 11 69 
9 5 8 1 0 1 3 3 3 5 1 5 8 4 0 6 6 6 5 2 4 2 3 11 10 0 4 7 1 31 7 29 57 12 19 13 49 26 68 48 36 5 48 78 65 197 64 13 77 477 3 4 5 1 5 2 1 2 0 2 0 1 1 5 4 7 1 1 0 4 4 0 1 3 2 7 0 3 15 6 4 6 3 13 13 19 7 76 14 0 0 59 4 23 14 18 3 13 11 0 1 23 
9 8 3 0 1 2 1 5 4 4 1 5 20 5 1 7 11 8 6 3 10 3 2 7 4 1 0 7 2 33 12 20 82 11 21 18 49 27 61 60 31 5 52 84 34 158 111 200 14 389 6 0 4 4 0 1 2 5 0 2 0 2 0 2 3 11 9 3 2 0 7 2 1 2 2 7 1 0 17 7 7 7 5 24 5 18 17 58 7 0 0 65 12 13 14 18 0 21 24 4 3 42 
63 68 41 4 25 21 27 37 32 42 22 50 54 22 25 30 80 60 38 18 51 38 31 122 39 5 6 113 13 283 71 210 634 93 121 97 345 302 455 427 314 38 207 431 288 490 281 519 461 52 54 26 102 17 9 9 15 28 0 5 10 8 3 29 45 39 22 15 4 10 32 35 16 12 59 50 9 38 100 59 54 57 42 126 44 128 70 455 65 0 0 276 45 88 65 128 17 157 110 26 12 255 
2 12 12 1 2 9 23 10 3 37 1 27 13 10 12 8 13 11 7 6 7 4 4 12 7 3 1 16 5 31 6 22 44 8 16 6 5 3 14 12 4 1 11 5 9 18 6 13 10 47 6 13 42 37 31 18 42 50 0 64 9 3 9 27 26 28 9 28 6 23 8 40 25 25 15 17 5 11 117 16 13 11 17 37 18 17 3 62 6 0 0 10 6 26 7 12 1 7 9 3 1 11 
3 6 2 0 1 4 1 0 8 6 2 3 8 5 7 8 3 4 4 0 1 1 0 7 3 0 1 6 3 8 7 7 37 11 4 5 10 4 13 5 2 1 7 13 5 4 3 4 2 21 5 1 25 34 36 8 19 24 0 31 5 5 1 9 13 12 5 9 2 21 7 15 4 11 6 3 2 3 75 6 8 4 5 16 3 7 6 15 2 0 0 10 2 5 4 1 2 2 8 0 0 3 
10 28 11 1 4 12 15 9 4 10 1 10 10 13 7 10 8 7 8 22 1 1 1 16 5 0 1 14 4 58 13 22 40 21 14 8 4 5 36 8 7 2 8 23 12 14 11 10 5 77 47 36 12 37 19 13 17 32 0 36 21 4 7 28 30 41 22 27 11 26 18 20 18 15 7 13 1 28 151 15 7 2 13 25 12 20 6 72 15 0 0 20 4 19 3 7 3 13 5 3 0 11 
5 4 10 0 2 1 7 0 0 4 2 3 5 8 4 8 9 3 4 3 1 1 0 4 5 0 0 2 3 11 3 14 14 7 5 3 13 3 10 2 2 1 4 6 6 7 2 4 0 24 23 22 48 4 14 6 15 21 0 16 8 4 3 17 10 24 12 10 4 15 8 8 3 6 11 8 1 13 59 12 5 1 7 11 13 11 7 13 3 0 0 4 1 5 2 3 2 3 2 0 1 9 
2 5 3 2 0 5 5 7 4 0 3 1 2 3 3 4 3 0 1 3 0 1 1 5 1 0 0 4 0 4 2 13 10 2 7 2 6 2 3 3 3 0 3 4 1 2 0 1 5 16 11 10 18 11 2 0 6 16 0 22 3 7 5 10 9 13 1 5 2 4 2 2 5 3 3 10 3 8 47 4 2 1 6 10 5 3 1 10 1 0 0 4 0 2 3 3 0 3 1 1 0 2 
2 2 3 0 3 1 1 0 2 2 0 4 1 2 5 3 6 1 1 4 1 0 1 4 0 0 0 3 2 3 1 6 6 5 2 3 1 0 7 1 1 1 1 4 4 1 3 1 1 7 8 7 14 8 0 3 7 24 0 13 4 1 3 11 15 5 3 7 4 4 8 6 2 5 3 8 2 19 37 6 3 4 1 5 2 1 0 8 1 0 0 1 2 6 2 2 1 4 2 0 0 0 
2 6 5 0 1 2 3 7 0 2 2 6 6 3 8 4 6 7 4 1 4 3 3 1 4 0 0 4 2 9 3 9 13 4 5 4 2 4 14 6 4 2 7 3 5 7 8 11 1 13 13 20 13 23 7 9 3 16 0 18 10 1 4 10 10 15 11 15 3 13 5 12 6 8 10 13 1 11 71 6 2 4 2 13 9 13 13 15 2 0 0 11 3 9 3 4 0 6 6 0 0 8 
11 8 3 1 2 13 6 16 9 11 4 18 12 16 15 22 10 6 8 6 4 1 2 7 4 1 0 7 0 16 7 16 19 13 5 3 7 3 15 2 2 0 5 10 5 9 3 5 5 23 33 23 29 34 18 4 10 5 0 34 4 3 11 17 8 18 24 35 7 12 5 9 9 14 29 26 2 17 133 26 21 4 5 39 13 16 13 23 8 0 0 17 6 7 3 1 1 14 3 2 3 6 
0 0 0 0 0 0 0 0 0 0 0 0 0 0 0 0 0 0 0 0 0 0 0 0 0 0 0 0 0 0 0 0 0 0 0 0 0 0 0 0 0 0 0 0 0 0 0 0 0 0 0 0 0 0 0 0 0 0 0 0 0 0 0 0 0 0 0 0 0 0 0 0 0 0 0 0 0 0 0 0 0 0 0 0 0 0 0 0 0 0 0 0 0 0 0 0 0 0 0 0 0 0 
12 17 11 2 2 6 9 7 1 5 3 13 9 15 16 18 25 13 12 4 5 6 7 21 4 0 0 10 14 11 10 21 17 16 11 0 1 1 19 8 5 1 5 5 7 8 3 3 5 33 41 29 60 50 14 13 16 36 0 4 6 8 4 19 58 53 21 24 6 17 32 40 11 17 28 12 8 12 64 9 8 9 8 10 9 19 4 24 4 0 0 7 3 3 4 4 0 2 1 0 0 4 
4 4 3 0 0 1 4 0 0 0 0 2 1 1 4 3 2 3 0 0 3 0 0 7 0 1 0 0 2 11 10 5 5 3 0 4 2 3 5 2 3 2 4 2 6 4 0 0 2 10 7 4 17 13 5 2 8 11 0 4 0 2 5 5 16 15 8 28 3 18 13 17 10 10 5 8 1 6 26 3 2 1 1 4 3 2 0 14 3 0 0 7 1 2 0 3 1 0 1 0 0 4 
1 2 7 1 1 4 4 4 1 1 1 2 6 5 4 2 11 1 11 1 2 0 0 2 1 2 0 1 1 20 11 10 9 8 17 2 27 9 19 13 7 2 9 7 14 8 5 3 6 34 2 3 2 5 4 3 10 8 0 14 6 0 2 22 27 25 6 16 5 25 14 18 5 9 0 1 7 6 22 6 13 2 5 6 3 4 1 8 10 0 0 9 1 3 5 1 0 1 3 1 0 1 
2 1 0 0 0 1 0 2 3 2 0 1 4 0 1 0 1 0 0 0 0 0 0 2 0 0 0 0 2 1 1 0 8 1 3 2 7 1 6 3 2 0 1 0 0 1 1 0 0 7 1 1 1 1 1 2 1 4 0 5 2 0 1 3 14 11 8 7 0 7 10 11 5 4 2 0 0 3 9 4 6 0 1 1 2 2 1 2 3 0 0 2 0 0 0 1 0 0 2 0 0 1 
5 2 3 0 0 3 10 5 8 2 1 2 2 0 0 0 2 4 1 0 0 0 0 1 0 0 0 1 0 25 4 15 7 2 20 8 21 6 33 12 14 3 2 2 5 12 10 4 7 46 8 17 25 16 12 7 23 14 0 24 5 18 13 3 30 29 16 11 11 26 31 38 8 8 7 3 1 11 37 6 3 5 5 5 7 6 1 10 2 0 0 7 1 2 3 2 2 1 1 0 0 0 
4 9 9 0 0 8 9 8 10 4 3 5 6 0 0 0 3 0 0 0 1 0 0 1 0 0 0 3 2 44 20 24 23 6 12 11 19 17 30 27 16 1 9 10 17 13 3 3 9 32 13 7 26 29 10 12 10 20 0 27 5 13 13 14 9 18 21 31 28 38 61 104 47 32 5 2 1 16 48 8 11 3 3 5 1 9 9 13 5 0 0 4 0 1 3 2 0 0 0 0 0 1 
16 20 6 4 3 15 18 22 6 5 4 8 7 4 0 4 2 0 0 0 0 1 1 0 0 0 0 3 7 84 42 56 35 18 17 12 35 14 50 13 18 2 14 13 15 20 22 17 9 55 23 10 27 24 13 6 17 37 0 62 21 12 13 49 65 18 14 53 48 64 98 134 47 45 11 15 4 12 84 14 17 12 1 10 7 10 4 17 6 0 0 6 4 1 1 2 0 0 1 0 0 10 
3 4 2 1 0 4 3 1 4 6 1 2 1 0 0 0 2 0 0 0 0 0 0 0 0 0 0 1 0 9 7 12 8 6 9 4 5 1 17 0 5 0 5 1 7 9 3 9 3 13 8 7 8 7 3 4 5 6 0 14 9 2 1 17 26 12 4 9 16 36 36 72 26 9 1 4 0 4 16 3 10 4 6 6 12 4 2 5 0 0 0 3 0 1 0 0 0 1 0 0 0 0 
4 3 3 0 1 6 3 4 2 2 3 0 1 0 0 1 1 1 0 0 0 0 0 0 3 0 0 0 0 16 15 6 10 11 5 5 19 10 12 9 3 1 7 4 9 3 2 2 3 15 8 8 26 10 8 5 8 16 0 14 6 9 11 9 43 29 13 4 15 28 69 69 40 16 7 5 1 9 36 5 5 1 3 8 1 3 2 9 1 0 0 3 0 0 0 1 0 0 1 0 0 0 
0 6 5 0 0 4 3 4 2 1 1 0 1 0 0 0 3 0 0 0 0 0 0 0 2 0 0 0 0 8 8 4 11 10 7 4 12 5 13 1 5 1 4 3 4 2 3 2 0 15 0 2 6 2 0 0 2 3 0 8 3 2 3 11 11 37 15 10 3 5 48 60 2 11 0 0 0 5 14 2 4 0 3 5 0 1 0 6 3 0 0 3 0 0 0 1 0 0 0 0 0 0 
2 7 3 0 2 5 5 4 3 2 1 3 0 1 0 0 1 0 0 0 0 0 0 0 0 0 0 0 0 12 4 4 9 10 13 4 8 2 10 6 1 1 0 0 4 3 0 5 1 19 14 7 15 14 9 4 9 11 0 11 5 6 9 14 38 47 17 18 12 7 31 59 18 44 7 3 0 4 33 2 12 1 8 5 4 3 2 6 1 0 0 4 0 2 0 0 0 0 0 1 0 1 
1 3 5 0 1 3 0 7 2 2 1 1 0 2 1 0 0 1 0 0 0 0 0 0 0 0 0 0 0 6 5 3 11 12 12 5 13 7 18 3 0 0 1 6 2 6 7 2 1 18 9 0 8 1 2 5 7 15 0 8 6 6 2 9 25 35 17 23 15 24 6 39 9 23 4 6 1 5 19 4 0 1 2 6 5 1 0 5 1 0 0 5 0 0 0 1 0 0 0 1 0 0 
2 1 7 0 1 1 3 2 1 3 0 2 5 5 0 3 1 1 1 0 0 0 0 0 0 0 0 0 0 9 2 0 13 7 15 2 11 4 18 6 5 0 2 8 2 6 4 5 6 10 6 2 5 5 5 0 7 10 0 10 3 3 8 32 45 49 15 45 31 43 49 5 29 37 3 4 3 2 31 4 8 2 0 7 2 2 0 16 1 0 0 9 1 0 0 0 0 0 1 0 0 1 
9 3 3 5 2 4 7 5 3 5 0 5 3 2 0 5 4 0 0 0 0 0 0 1 0 0 0 1 3 7 7 11 16 11 13 15 32 15 15 16 9 1 15 12 9 9 3 4 4 40 16 14 23 16 21 4 7 10 0 19 24 2 6 23 72 50 14 41 12 59 25 69 5 30 6 2 3 7 47 8 6 6 9 12 5 8 5 25 0 0 0 8 1 0 1 7 0 4 0 0 0 1 
1 4 2 0 2 8 12 5 4 4 3 2 2 1 0 8 0 0 0 0 0 0 0 2 1 0 0 0 2 0 2 2 8 11 10 11 17 19 37 10 13 2 4 6 10 17 5 6 7 62 24 9 23 11 10 2 9 17 0 14 2 4 7 24 45 79 18 61 9 109 61 142 17 3 9 12 1 7 61 12 6 4 9 14 8 10 4 25 0 0 0 8 0 2 3 0 0 3 0 0 0 5 
0 2 3 0 1 1 2 2 1 2 1 1 1 7 4 5 4 3 1 1 1 1 0 1 1 0 0 1 0 11 2 6 13 3 3 2 5 4 6 7 2 2 7 16 6 11 3 3 5 52 9 5 13 6 5 3 7 9 0 4 4 3 1 8 13 6 2 7 1 3 1 6 2 6 5 5 3 28 113 28 13 1 14 47 11 22 5 44 9 0 0 8 1 4 4 3 1 10 7 1 2 12 
0 6 2 0 0 1 2 8 3 1 4 6 3 4 2 6 5 0 1 1 0 0 0 3 4 0 1 6 1 2 2 8 6 5 3 1 2 0 1 6 9 2 4 12 8 6 10 8 8 33 6 0 7 5 1 2 3 22 0 12 1 4 1 3 4 2 7 5 3 4 4 5 4 5 10 5 10 20 111 20 15 5 18 48 24 16 6 45 2 0 0 7 5 11 4 4 3 12 8 6 3 19 
0 1 0 0 0 0 2 4 0 0 3 0 3 1 0 3 0 0 1 0 0 0 0 1 0 0 0 2 0 1 1 2 4 1 0 0 0 1 3 0 0 0 2 0 1 1 1 1 2 5 0 1 4 1 1 1 4 12 0 2 3 0 1 2 1 2 1 0 0 1 1 1 1 0 19 20 0 13 51 9 11 5 5 39 12 2 1 8 3 0 0 0 5 7 7 3 0 1 1 0 0 2 
2 3 1 0 1 4 0 2 1 4 1 3 1 3 0 4 2 2 0 1 0 1 2 1 2 0 0 3 0 5 1 8 4 2 1 1 0 1 4 2 2 0 4 13 8 6 4 1 1 20 5 5 7 6 8 0 6 19 0 2 2 1 0 6 3 13 0 6 3 6 2 3 0 1 48 23 6 3 88 23 15 10 37 99 49 30 10 24 6 0 0 5 4 7 6 5 0 2 6 0 2 8 
12 27 18 3 3 38 26 19 11 18 11 7 8 17 19 50 26 19 15 8 3 17 7 11 7 1 3 17 7 39 24 24 41 21 17 11 10 8 51 11 12 2 24 46 25 19 20 18 20 86 120 87 202 101 93 23 61 142 0 50 16 9 8 30 33 59 16 34 13 28 29 27 27 31 313 231 80 104 16 86 91 31 85 224 70 49 30 99 28 0 0 46 11 28 18 20 3 26 28 4 5 33 
4 3 1 0 1 1 3 2 3 2 2 3 2 2 3 7 2 6 3 0 0 0 2 2 1 0 6 1 1 8 2 3 12 3 5 1 0 4 6 3 7 1 18 37 5 10 11 7 12 53 11 9 12 13 4 2 5 13 0 4 0 1 2 13 19 25 3 5 6 2 4 4 11 5 43 59 21 63 101 7 24 15 28 170 85 33 20 48 10 0 0 16 17 18 15 11 1 11 24 1 8 11 
2 2 1 0 0 0 0 1 1 1 1 0 1 1 0 3 0 1 1 0 1 0 0 4 0 3 0 0 3 8 3 3 3 3 0 1 0 1 5 7 1 3 23 15 4 9 10 5 6 22 7 7 13 3 8 0 6 7 0 6 0 3 1 2 13 13 5 3 0 2 6 5 2 6 31 29 7 19 92 14 7 15 25 81 80 32 13 47 10 0 0 18 4 11 11 3 3 26 4 1 1 11 
5 9 0 3 1 1 0 1 1 1 1 1 0 1 0 2 1 2 1 0 1 1 0 0 1 0 0 1 2 7 2 9 12 6 1 0 2 1 7 9 7 2 12 27 7 13 10 6 13 61 5 4 9 5 2 1 7 6 0 3 4 1 1 2 5 6 2 2 2 8 8 4 3 2 29 23 5 15 41 13 15 4 11 64 18 29 14 70 21 0 0 19 6 17 15 20 2 21 18 7 1 26 
1 2 1 0 0 1 1 2 1 2 0 0 1 1 0 0 1 1 0 0 0 0 0 0 0 0 1 0 0 3 2 3 3 1 2 0 0 0 3 6 6 1 15 8 3 8 5 20 11 46 15 6 6 8 2 0 9 15 0 1 0 5 0 2 15 2 1 2 2 1 6 6 4 5 23 22 2 24 47 26 25 2 2 111 55 23 5 51 15 0 0 18 4 13 4 11 4 9 7 2 0 11 
5 10 4 1 1 2 3 7 2 4 2 2 0 3 1 0 1 1 0 1 0 0 0 1 2 0 0 7 2 13 2 0 14 4 4 2 3 9 16 19 5 3 46 65 17 36 22 29 21 142 33 31 51 26 17 12 35 73 0 10 0 2 1 3 4 13 4 5 6 4 8 9 11 7 133 81 27 135 276 269 144 57 215 20 182 89 39 146 32 0 0 69 31 31 41 26 6 35 20 14 1 43 
2 1 3 1 0 1 1 3 0 4 0 1 0 0 0 0 0 0 0 0 0 0 0 1 0 0 0 4 0 6 0 3 7 1 3 0 2 1 7 12 2 3 23 33 11 28 21 5 12 51 7 10 4 5 7 3 12 29 0 0 0 0 0 1 2 1 2 1 2 2 1 6 0 5 29 17 1 25 80 114 140 47 99 155 5 56 21 71 4 0 0 40 6 19 7 14 2 19 12 3 1 23 
7 2 6 0 0 5 6 2 2 4 0 3 2 0 0 5 2 8 2 2 6 3 3 3 1 0 2 2 1 20 8 16 15 5 12 0 23 21 43 5 9 5 65 91 30 57 54 23 39 145 17 17 16 8 2 5 12 20 0 5 0 2 1 3 8 5 0 4 0 6 4 10 1 0 32 17 4 20 62 23 37 36 31 98 69 7 25 63 55 0 0 113 27 49 17 51 9 39 34 8 5 57 
1 13 3 0 1 4 1 4 3 3 1 1 0 0 0 2 5 4 1 1 4 6 0 5 1 0 1 6 1 14 6 16 16 7 7 5 20 14 31 13 7 7 27 90 12 37 22 15 24 95 7 3 16 2 1 0 2 7 0 9 8 3 0 9 5 2 3 3 0 2 4 5 0 1 15 9 6 21 45 21 28 18 12 62 33 29 6 41 19 0 0 63 13 39 18 40 5 24 16 5 4 31 
26 19 21 6 0 12 14 8 8 6 6 9 14 1 4 8 25 14 9 8 13 10 7 47 26 1 5 43 4 70 29 63 217 31 27 21 79 56 162 53 28 26 140 221 97 171 132 160 163 855 47 25 70 17 13 11 25 30 0 15 5 1 3 7 18 11 6 9 1 7 19 16 6 15 72 36 8 44 126 62 51 49 87 185 87 96 33 20 40 0 0 236 68 108 87 162 22 91 69 17 5 318 
1 3 2 0 2 2 1 1 4 1 1 2 1 0 2 2 3 8 4 2 0 4 2 3 1 0 3 8 1 26 3 16 17 12 15 4 24 24 35 28 6 7 52 85 17 40 20 18 26 77 13 1 13 6 1 1 4 12 0 5 1 1 2 2 4 0 1 2 0 1 1 4 0 4 16 9 2 16 37 10 9 17 22 39 19 51 33 39 17 0 0 65 15 24 18 36 12 27 12 1 4 43 
0 0 0 0 0 0 0 0 0 0 0 0 0 0 0 0 0 0 0 0 0 0 0 0 0 0 0 0 0 0 0 0 0 0 0 0 0 0 0 0 0 0 0 0 0 0 0 0 0 0 0 0 0 0 0 0 0 0 0 0 0 0 0 0 0 0 0 0 0 0 0 0 0 0 0 0 0 0 0 0 0 0 0 0 0 0 0 0 0 0 0 1 0 0 0 0 0 0 0 0 0 0 
0 0 0 0 0 0 0 0 0 0 0 0 0 0 0 0 0 0 0 0 0 0 0 0 0 0 0 0 0 0 0 0 0 0 0 0 0 0 0 0 0 0 0 0 0 0 0 0 0 0 0 0 0 0 0 0 0 0 0 0 0 0 0 0 0 0 0 0 0 0 0 0 0 0 0 0 0 0 0 0 0 0 0 0 0 0 0 1 0 0 0 0 0 0 0 0 1 1 0 0 0 0 
11 15 10 0 5 21 8 5 12 10 5 12 11 7 1 9 18 13 10 5 12 7 5 10 3 0 0 16 5 66 23 67 65 37 49 31 91 79 171 76 58 16 73 179 77 161 75 97 117 405 18 14 46 11 2 1 10 16 0 20 3 6 5 8 9 9 0 4 2 1 10 7 5 3 40 15 3 34 61 39 60 44 55 134 79 91 105 233 121 0 0 21 76 91 61 204 22 92 85 22 8 167 
1 1 1 1 1 2 3 0 0 0 3 1 6 2 2 3 4 1 2 0 0 0 0 1 0 0 0 1 0 23 5 4 10 7 14 5 18 19 16 15 21 4 29 63 15 30 22 23 24 63 3 1 5 3 0 0 2 5 0 12 4 0 0 1 1 0 0 0 0 0 0 1 0 0 5 4 1 13 29 12 21 12 8 21 16 22 14 51 21 0 0 60 3 17 4 29 5 26 12 1 2 39 
3 1 2 0 1 3 2 1 1 2 0 0 4 1 0 3 4 2 0 0 0 0 0 0 0 0 0 0 0 17 5 16 24 4 7 7 14 12 26 14 8 6 30 54 48 31 27 33 30 84 8 3 10 6 1 0 6 6 0 3 3 1 0 3 0 0 0 0 0 0 0 0 1 1 7 13 1 11 33 21 12 11 10 47 26 49 22 56 46 0 0 81 14 3 7 36 5 17 11 4 5 71 
4 2 3 1 0 2 0 0 1 2 0 0 1 0 1 2 2 0 0 0 1 0 0 1 0 0 0 0 4 10 1 18 18 3 5 1 8 11 22 11 7 4 41 21 20 24 15 23 16 67 1 4 8 8 1 3 2 4 0 8 1 0 2 0 1 0 0 0 0 0 1 0 0 1 13 8 0 10 18 8 18 3 12 32 26 13 17 74 26 0 0 44 8 7 5 17 6 13 5 13 20 71 
2 6 3 1 1 1 0 1 0 0 2 1 4 1 0 2 4 0 0 1 0 1 1 0 0 0 0 5 0 16 3 3 12 2 6 9 19 10 26 16 11 5 59 63 30 42 18 9 18 61 3 3 3 5 2 1 1 7 0 0 0 0 0 0 0 2 0 0 0 0 0 1 0 0 10 7 0 6 15 10 6 11 12 32 15 26 7 67 26 0 0 86 19 21 17 4 0 20 12 3 1 61 
2 0 2 0 0 0 0 0 0 0 0 0 0 0 0 0 0 0 0 0 0 0 0 2 0 0 0 0 0 0 0 7 5 0 0 0 1 3 4 0 4 0 2 9 2 3 2 0 1 13 1 0 0 0 0 0 0 0 0 0 0 0 0 0 0 0 0 0 0 0 0 0 0 0 1 0 0 2 3 1 3 2 0 7 1 0 0 21 1 0 0 8 3 1 1 3 1 2 0 0 1 9 
0 0 3 0 0 2 0 2 0 1 0 0 1 0 0 0 1 0 0 0 0 0 0 0 0 0 0 0 0 7 4 0 5 6 4 3 7 6 21 2 4 2 33 34 17 28 16 12 14 81 1 0 3 5 0 0 2 0 0 0 0 1 0 0 0 1 0 0 0 0 0 0 0 0 8 4 2 6 15 8 7 7 11 15 10 15 11 51 12 0 0 47 11 8 4 15 0 4 1 1 2 50 
5 6 0 2 0 3 1 0 3 1 1 2 1 1 1 0 1 0 0 0 1 0 0 1 0 0 0 4 2 6 2 3 11 2 6 0 18 16 21 5 6 2 22 29 25 28 21 10 16 92 3 4 8 4 1 1 0 6 0 7 0 1 0 2 0 1 0 0 0 0 0 0 0 1 10 5 2 2 14 5 10 13 14 26 18 29 13 82 24 0 0 51 6 14 6 16 1 5 8 6 0 17 
0 0 0 0 0 0 0 0 0 0 0 0 0 0 0 0 0 0 1 0 0 1 0 0 0 0 0 0 0 2 0 2 1 0 4 2 0 4 5 1 2 0 4 8 2 4 4 5 1 13 0 1 1 0 1 0 0 1 0 0 0 0 0 0 0 0 0 0 0 0 1 0 0 1 2 0 0 2 0 2 2 0 3 13 7 4 2 13 10 0 0 8 2 1 4 3 0 3 3 1 0 3 
0 1 0 0 0 0 0 0 0 0 0 0 1 0 0 1 0 1 0 0 0 0 0 0 0 0 0 1 0 1 0 0 0 0 1 0 1 4 4 3 2 0 6 9 2 4 3 5 3 9 2 0 2 1 0 0 1 1 0 0 0 0 0 0 0 0 0 0 0 0 0 0 0 0 2 1 0 6 1 4 2 3 3 5 6 6 5 25 5 0 0 7 0 4 3 10 0 4 1 6 0 1 
13 27 18 0 6 11 5 5 8 4 6 9 7 12 1 4 18 8 4 2 2 3 3 7 4 0 0 14 2 30 19 31 49 14 26 18 53 60 113 77 64 14 140 184 106 179 140 95 112 549 51 22 69 19 6 6 24 24 0 8 2 1 1 6 5 5 6 3 2 2 0 4 1 5 49 27 4 20 82 38 52 48 35 97 83 85 57 557 138 0 0 158 40 121 97 109 11 89 46 13 2 26 
