5 11 27 8 10 22 21 8 29 21 17 46 38 103 45 80 37 16 15 10 10 8 1 26 7 1 1 22 102 0 2 4 18 1 3 1 8 6 35 18 12 0 10 8 9 6 10 6 7 62 6 4 5 4 3 1 2 3 0 1 1 2 0 2 3 4 8 1 0 0 2 2 4 2 0 3 1 5 11 0 1 1 5 3 4 6 0 21 3 0 0 2 1 1 1 1 0 0 1 1 1 12 
6 10 24 7 4 35 25 23 31 32 9 40 56 95 53 71 58 29 22 11 10 4 4 27 14 0 0 23 96 2 2 1 21 2 10 7 6 7 32 15 17 3 8 19 16 14 15 6 0 46 5 4 4 2 2 3 0 3 0 1 0 2 2 9 5 10 3 5 2 1 1 3 6 3 1 2 1 0 13 0 5 2 2 11 1 7 4 19 5 0 0 10 0 0 1 2 0 7 3 1 0 7 
18 16 13 7 7 29 24 27 38 30 12 29 44 111 50 62 41 25 24 7 11 8 3 21 7 0 2 20 188 3 2 3 10 3 0 1 3 5 23 20 7 1 5 13 7 4 10 4 5 42 6 7 9 8 1 0 1 7 0 2 3 3 0 4 4 4 2 2 0 1 2 2 8 2 4 2 0 0 15 1 2 2 1 2 1 5 0 12 2 0 0 7 1 3 1 3 0 0 1 0 0 13 
9 4 20 1 5 6 14 12 10 1 9 8 4 16 15 4 4 3 4 2 1 1 0 6 2 0 0 3 27 0 1 0 3 0 0 0 0 0 10 5 0 0 0 2 0 4 1 0 0 7 2 0 1 1 0 1 0 2 0 0 0 3 0 0 0 2 0 0 0 0 0 0 1 0 0 0 0 0 1 0 1 0 0 0 0 1 0 2 0 0 0 2 0 1 0 1 0 0 0 0 0 5 
8 11 10 0 0 15 7 7 11 3 8 10 16 43 15 27 7 5 5 0 4 7 1 8 2 0 1 9 24 3 2 1 1 0 4 1 7 0 9 7 2 0 1 3 2 3 1 3 1 17 1 1 2 2 1 1 3 2 0 1 1 0 0 0 0 0 0 0 0 2 2 3 0 1 5 1 1 0 10 1 1 0 0 1 2 1 0 3 1 0 0 2 0 0 0 0 0 0 0 0 0 0 
33 31 21 25 11 14 20 17 13 12 15 36 40 97 35 62 29 22 21 11 12 19 4 17 2 0 1 14 106 3 4 3 5 4 2 2 3 4 39 8 8 0 15 11 7 7 10 2 3 28 3 5 6 3 0 1 1 5 0 2 0 3 3 5 3 7 2 2 1 0 6 7 2 5 1 1 1 2 15 3 0 1 0 0 0 9 1 6 3 0 0 4 1 1 0 0 0 0 1 0 0 4 
45 58 50 14 10 22 9 42 42 25 14 30 43 74 35 68 36 20 28 5 12 5 4 12 5 0 2 11 91 7 0 1 16 3 2 0 2 6 28 10 8 1 10 2 6 3 5 2 2 32 5 0 8 3 1 2 4 6 0 1 1 4 0 3 0 10 4 2 1 2 2 2 6 4 3 4 0 1 29 1 1 0 1 5 0 11 0 7 2 0 0 6 1 0 1 0 0 0 2 0 1 2 
18 32 26 7 4 10 26 12 21 22 9 22 46 104 58 54 56 17 16 13 11 11 6 17 7 0 0 18 111 0 2 2 3 2 3 1 0 3 21 14 8 3 3 8 9 11 4 5 3 23 3 1 7 4 3 1 2 2 0 1 1 1 0 0 4 7 2 3 1 3 5 4 3 3 0 1 1 0 14 0 0 1 0 5 0 1 1 5 2 0 0 8 2 2 2 0 0 0 2 0 0 5 
28 45 45 11 9 17 38 21 5 11 8 26 43 93 42 81 45 18 21 6 3 8 7 20 2 1 0 16 99 4 1 2 12 2 4 0 5 4 34 11 12 1 13 6 3 10 14 3 4 30 3 7 7 2 2 1 1 5 0 0 0 3 1 4 2 13 2 2 0 1 1 0 1 1 2 1 0 1 7 0 2 1 1 4 0 5 1 0 3 0 0 9 2 1 1 1 0 1 1 0 0 5 
10 13 21 4 5 10 11 12 8 2 4 19 29 42 15 28 18 17 17 1 6 8 2 18 6 0 0 16 41 1 1 0 3 5 2 0 1 0 26 13 7 0 2 1 2 8 13 2 1 24 6 3 7 3 3 2 3 1 0 3 1 0 2 1 4 8 2 4 2 1 4 2 4 2 6 2 1 0 18 1 2 2 0 1 0 0 1 3 0 0 0 3 0 0 3 1 0 0 0 0 0 0 
7 10 10 4 2 11 17 11 31 8 1 12 19 24 13 39 23 3 14 17 9 6 6 10 7 1 1 18 38 5 0 0 5 0 5 0 0 5 19 7 8 2 2 7 4 6 7 8 1 25 3 6 0 2 1 0 1 1 0 0 0 0 0 0 1 1 0 2 0 0 0 0 0 8 3 0 0 0 4 0 0 0 0 0 0 0 0 0 0 0 0 3 1 0 0 0 1 0 0 0 0 3 
20 50 39 8 8 24 28 22 31 25 6 6 25 61 18 73 36 28 23 10 17 7 13 45 13 8 3 41 54 6 3 5 13 1 2 1 1 6 39 19 9 1 6 3 9 9 7 4 6 38 6 2 8 2 3 2 1 1 0 3 2 2 0 0 2 6 2 1 0 0 3 1 1 1 3 1 0 0 13 0 0 0 0 2 0 2 1 2 0 0 0 14 0 1 1 2 1 0 2 0 0 3 
59 90 47 10 10 52 57 45 80 37 16 34 10 75 44 81 54 30 37 21 30 30 10 54 29 2 0 67 58 12 5 9 7 3 2 4 6 4 21 16 10 1 8 14 7 28 12 2 8 39 5 2 8 1 5 0 2 5 0 5 1 3 1 1 1 3 0 0 0 0 0 2 3 2 9 1 4 1 15 0 0 1 0 2 0 0 2 5 0 0 0 2 0 0 4 0 0 0 4 0 0 6 
58 85 63 4 16 39 47 51 44 40 15 31 32 16 16 67 57 50 50 23 51 41 29 69 36 6 7 123 69 8 1 5 10 0 3 1 6 9 19 15 12 1 4 5 7 9 4 2 2 26 13 4 12 8 4 4 3 8 0 5 4 6 0 1 1 1 0 1 2 0 1 1 0 0 6 1 0 0 22 1 0 1 0 0 0 0 0 7 1 0 0 8 0 0 4 0 0 0 0 0 0 7 
53 71 67 3 10 36 39 31 42 25 18 25 37 25 8 26 44 33 32 16 25 24 23 78 46 8 3 108 64 10 1 3 9 4 3 0 1 3 14 13 6 4 5 10 2 6 3 3 2 19 6 4 5 11 2 2 1 4 0 2 2 4 1 1 0 0 2 0 0 0 1 1 0 0 3 3 0 0 15 0 0 0 1 0 1 0 0 7 1 0 0 9 0 1 0 0 0 0 0 0 0 1 
36 47 35 4 9 50 56 39 48 40 23 37 53 44 15 28 58 64 53 28 60 28 31 90 41 6 5 95 76 14 10 16 29 13 13 9 37 6 11 25 26 2 10 26 12 7 19 3 3 36 8 2 14 8 2 5 5 4 0 1 2 3 2 3 4 3 0 1 1 0 3 2 1 4 5 3 0 3 25 2 0 0 0 0 0 5 1 6 8 0 0 10 0 2 1 0 0 1 3 0 0 12 
24 51 17 8 10 30 45 45 36 37 17 54 54 135 40 76 8 44 49 28 50 40 33 82 28 7 8 108 64 31 11 32 40 7 19 12 45 8 63 30 26 4 14 21 32 33 20 10 3 64 11 11 9 7 1 2 6 5 0 3 4 3 4 3 4 0 1 0 0 0 0 1 3 2 6 3 1 6 25 0 1 1 2 1 1 6 3 14 12 0 0 17 5 1 4 1 0 0 3 0 0 11 
21 28 31 1 5 17 23 13 25 16 9 33 58 115 44 107 28 11 44 11 48 16 20 53 21 7 8 74 29 17 8 23 32 10 20 15 18 6 59 22 19 2 22 28 24 20 15 10 3 54 5 2 4 5 1 2 0 4 0 0 1 0 0 2 1 0 1 0 0 0 0 1 4 1 2 1 0 3 8 4 0 0 1 3 0 4 2 13 2 0 0 9 1 1 0 0 0 1 0 0 0 7 
22 26 27 2 7 18 20 24 30 18 6 25 29 97 34 72 45 38 4 22 25 13 20 55 29 12 4 52 39 9 7 12 9 6 10 6 17 4 33 11 7 2 3 12 8 13 7 2 8 33 6 1 10 5 4 0 5 2 0 0 0 2 1 0 0 0 0 0 0 0 0 0 0 0 3 1 1 1 7 1 2 1 0 0 0 2 0 5 1 0 0 6 0 0 0 0 2 0 0 0 0 2 
7 10 11 4 3 17 12 7 11 13 10 13 18 76 22 58 28 24 20 0 12 4 12 28 15 9 12 61 22 4 2 1 5 0 7 3 16 7 28 22 9 0 6 7 4 10 6 4 2 18 3 1 1 1 0 0 0 0 0 2 2 0 0 0 0 2 0 0 0 0 0 0 0 0 1 0 0 1 6 1 0 0 0 1 0 2 1 3 1 0 0 7 0 0 0 0 0 0 0 0 0 2 
11 9 8 1 4 8 11 10 9 5 4 18 49 109 28 102 75 34 33 4 9 6 29 60 22 7 12 64 19 3 5 0 6 0 5 4 17 8 62 17 10 3 17 9 8 7 4 0 5 18 1 2 0 1 0 4 1 0 0 0 0 0 0 0 0 0 0 0 0 0 0 0 0 0 3 1 1 0 3 0 0 0 0 3 0 3 2 4 1 0 0 5 0 0 0 0 0 0 0 0 0 0 
8 18 10 0 4 17 14 10 13 14 3 13 31 115 40 74 49 18 30 5 10 8 13 30 6 18 13 68 42 10 1 2 6 1 3 7 13 5 36 6 6 0 7 7 3 11 4 3 1 28 0 1 0 0 2 0 4 0 0 1 1 0 0 0 0 0 0 0 0 0 0 0 0 0 0 0 0 1 4 0 0 0 0 2 0 2 0 1 0 0 0 0 0 0 0 0 0 0 0 0 0 0 
9 7 3 1 0 8 5 11 5 11 8 23 25 38 28 79 37 16 32 11 38 10 3 20 9 12 7 57 6 2 2 3 8 2 10 1 17 5 45 8 7 0 4 8 3 14 4 3 0 19 1 1 1 2 2 1 0 0 0 0 1 1 0 0 0 0 0 0 0 0 0 0 0 0 0 2 0 2 5 1 0 0 0 4 0 1 1 12 0 0 0 0 0 4 0 1 0 0 0 0 0 1 
9 18 9 4 5 17 8 15 19 25 7 30 42 128 52 147 101 57 63 17 32 20 10 12 11 50 42 97 20 10 5 2 36 2 11 9 52 11 70 26 13 4 12 9 18 15 20 6 1 89 7 0 10 3 3 1 3 5 0 0 1 1 0 0 1 2 0 0 0 0 0 0 1 0 7 1 1 4 22 0 0 0 2 1 0 2 4 7 0 0 0 4 0 0 0 1 0 0 0 0 0 2 
22 34 11 5 6 20 20 15 11 52 7 37 46 91 47 118 49 21 42 16 27 18 7 19 3 8 22 49 13 13 5 12 133 12 17 8 21 11 66 26 38 2 14 22 22 21 13 10 13 154 16 4 18 2 7 1 2 6 0 3 2 2 0 4 0 3 1 0 0 0 0 0 0 1 5 3 0 1 15 1 0 3 0 2 0 2 4 39 4 0 0 15 0 1 0 2 0 0 2 0 0 5 
0 2 1 0 0 0 0 0 2 0 1 2 1 6 5 13 8 7 14 7 10 19 7 28 3 0 4 13 5 1 0 1 1 0 0 0 0 0 6 0 0 0 0 0 2 0 0 0 0 4 0 0 0 0 0 0 0 0 0 0 0 0 0 0 0 0 0 0 0 0 0 0 0 0 0 0 0 0 1 0 0 0 0 0 0 0 0 0 0 0 0 1 0 0 0 0 0 0 0 0 0 0 
1 1 0 0 0 1 0 0 0 2 0 2 5 2 8 15 16 10 9 9 13 10 7 43 13 0 2 34 1 2 1 0 5 0 1 0 6 0 13 0 1 0 0 0 1 1 1 0 0 4 0 0 0 0 0 0 0 0 0 1 0 1 0 0 0 0 0 0 0 0 0 0 0 0 0 0 0 0 3 0 0 0 0 0 0 0 0 5 0 0 0 0 0 0 0 0 0 0 1 0 0 0 
21 34 20 6 20 18 18 19 13 27 10 45 40 149 101 178 75 58 53 51 50 56 39 91 35 22 51 11 17 4 0 7 23 7 10 8 35 20 84 31 41 4 11 29 29 28 29 10 12 98 3 6 8 6 3 3 0 4 0 3 1 1 0 3 4 2 2 0 0 0 0 0 0 0 5 5 1 5 22 0 2 4 3 3 2 3 2 25 1 0 0 9 1 0 0 1 0 2 2 0 0 8 
11 12 21 2 3 12 16 14 7 6 4 8 11 16 10 9 9 2 4 0 1 2 1 5 2 1 0 1 4 0 0 0 0 1 0 0 2 2 3 0 1 0 1 1 2 1 0 1 0 3 0 0 1 2 0 2 0 0 0 1 0 0 0 1 0 3 0 0 0 0 0 0 0 1 0 2 0 0 9 1 0 0 0 0 0 0 0 3 0 0 0 1 0 0 0 1 0 0 0 0 0 1 
0 11 4 0 0 3 9 1 4 3 0 6 14 4 2 26 35 25 25 5 8 6 4 19 6 0 1 2 4 26 72 113 324 64 129 138 507 146 297 119 68 14 55 54 62 63 55 18 25 214 6 7 13 6 8 6 5 11 0 14 5 2 3 16 17 49 10 1 4 7 5 12 3 1 4 1 1 5 39 1 3 4 2 10 2 13 9 49 15 0 0 35 9 5 2 5 0 1 13 0 2 27 
0 2 4 2 0 0 3 2 0 2 0 2 2 0 2 9 25 11 9 0 4 2 0 9 5 0 0 1 3 55 6 73 118 19 45 58 162 58 104 40 19 0 21 10 19 20 10 5 6 52 3 3 2 6 0 0 0 4 0 4 0 2 4 3 9 19 5 8 11 3 1 0 3 0 0 0 0 0 5 0 2 1 3 3 0 0 0 12 3 0 0 15 0 3 1 3 3 0 3 0 0 8 
3 11 6 1 3 3 2 6 2 5 5 5 4 3 6 17 27 14 14 5 5 3 3 2 1 0 2 12 5 107 68 9 106 35 82 70 304 131 275 63 56 11 42 58 48 76 37 8 21 175 5 9 8 5 1 3 6 9 0 6 10 5 1 9 15 17 5 1 1 2 4 2 7 5 8 0 1 0 22 0 1 0 2 4 3 17 5 34 12 0 0 46 4 6 5 1 1 3 7 0 0 20 
18 12 6 2 0 8 4 14 5 9 0 6 10 7 4 15 21 19 9 2 9 4 7 40 13 0 1 15 8 201 68 76 24 30 70 79 235 98 192 108 87 9 60 48 95 99 83 44 46 438 17 16 31 13 8 7 7 14 0 7 1 8 1 3 11 18 7 11 5 9 7 18 7 4 12 4 1 6 35 2 3 8 2 6 7 11 12 69 12 0 0 35 6 8 9 10 2 7 5 1 0 63 
0 7 3 0 0 0 1 1 0 3 0 1 10 2 3 12 13 8 8 0 2 1 2 2 3 0 1 7 10 44 18 26 42 2 39 12 112 37 124 35 38 3 25 27 28 41 19 9 11 85 9 5 16 5 5 4 5 6 0 3 4 20 3 2 5 23 5 4 4 6 7 7 9 15 5 0 2 1 22 4 3 2 1 3 4 4 2 9 4 0 0 27 8 4 5 3 0 2 4 0 0 8 
1 4 1 2 2 3 3 3 1 0 0 2 3 0 3 9 19 16 11 2 6 5 4 8 10 0 1 13 10 140 47 61 112 27 7 28 150 56 150 78 50 3 63 34 64 60 41 12 15 132 4 0 12 4 2 0 8 11 0 2 2 18 1 12 6 14 5 7 5 11 4 13 8 5 2 4 1 1 23 3 1 1 0 4 1 9 0 25 7 0 0 41 10 6 4 8 1 0 2 1 2 15 
3 3 1 0 0 3 0 1 2 1 0 1 0 2 2 8 11 11 11 3 6 1 8 17 9 0 0 12 4 140 50 85 153 21 38 7 191 68 89 51 44 7 25 35 37 36 32 6 9 103 7 1 8 4 2 2 2 1 0 0 0 8 1 3 10 13 1 0 0 4 5 4 7 5 2 1 0 0 6 1 2 1 0 3 0 1 3 19 7 0 0 19 2 7 3 7 1 9 6 0 1 13 
4 6 4 3 2 3 3 1 1 5 0 8 4 1 2 26 37 17 22 4 3 13 5 27 7 1 0 42 4 268 133 176 250 84 147 188 23 120 287 234 125 35 121 133 127 143 82 50 50 352 12 19 29 7 3 3 8 5 0 2 2 16 5 15 9 8 9 10 5 11 18 13 12 7 4 3 0 7 19 4 2 6 1 2 1 19 5 41 20 0 0 55 23 25 20 24 7 21 9 2 4 41 
10 12 9 2 1 10 4 4 2 16 3 7 12 12 1 5 19 15 13 5 5 6 3 16 4 0 4 18 13 155 36 104 140 31 59 53 149 12 173 162 109 18 63 96 98 104 80 28 33 275 8 2 6 2 1 1 1 3 0 2 0 9 3 7 13 3 1 2 2 4 11 3 5 11 3 2 0 1 16 1 1 0 0 4 0 19 14 45 15 0 0 81 16 17 5 11 2 8 6 0 2 30 
14 13 9 2 0 8 7 16 17 19 3 12 16 9 6 9 26 21 9 11 22 12 11 49 12 1 0 29 20 124 46 123 160 62 85 69 250 93 26 227 106 18 73 103 90 152 70 35 31 279 5 5 10 9 2 3 9 7 0 0 2 20 1 20 21 8 4 6 2 2 8 3 7 5 10 3 0 0 24 0 0 1 4 7 5 7 2 49 26 0 0 100 22 16 15 9 1 8 17 0 3 28 
9 14 19 2 4 10 10 8 14 11 4 18 31 4 16 17 48 27 13 11 4 4 4 20 17 1 1 33 37 118 35 60 177 76 108 43 471 175 469 33 45 9 64 120 102 154 100 33 33 294 6 0 10 8 1 2 8 6 0 0 3 11 2 17 9 9 2 4 1 2 7 10 10 6 6 7 0 3 11 1 3 5 3 17 7 4 4 11 16 0 0 61 6 6 5 6 1 5 2 3 0 31 
18 22 11 3 2 10 10 11 6 9 5 12 13 15 3 20 40 21 3 7 8 3 4 28 7 0 0 28 29 83 24 47 130 32 41 35 176 97 291 71 4 18 57 91 50 113 60 36 28 207 5 4 3 1 1 1 3 4 0 0 3 1 0 10 8 19 0 0 3 4 1 6 6 8 6 5 0 5 19 10 4 0 10 12 2 19 13 15 15 0 0 48 15 8 14 14 2 4 5 3 1 20 
2 1 0 0 1 1 1 0 2 1 0 0 3 1 1 1 4 5 0 3 4 3 0 1 1 0 0 1 0 10 2 4 18 9 17 4 78 17 31 18 15 4 32 41 20 27 17 6 7 45 2 1 3 1 0 0 0 0 0 0 0 0 0 2 2 1 1 0 2 3 0 1 3 0 0 0 0 1 0 0 1 0 4 5 2 2 3 7 5 0 0 6 4 0 0 1 0 2 0 0 2 4 
5 11 6 0 1 7 9 1 5 8 3 1 6 3 10 8 25 12 4 7 3 6 5 7 4 2 0 8 13 27 9 51 122 37 51 34 131 95 131 58 46 24 22 88 59 91 76 35 24 149 6 15 7 3 5 0 0 4 0 3 4 5 0 4 9 7 1 0 2 1 4 4 3 5 12 6 1 6 23 15 14 15 19 66 18 49 30 65 41 0 0 81 24 24 23 25 6 27 26 6 4 90 
5 10 12 0 2 12 5 6 7 3 0 3 7 9 1 8 19 15 9 6 3 2 4 18 6 1 0 24 23 59 33 41 89 21 59 25 179 104 156 88 67 33 87 34 129 183 97 60 70 290 7 9 12 4 0 7 4 10 0 6 1 14 2 12 6 6 3 8 5 2 4 6 4 8 22 18 2 12 58 15 12 8 31 74 44 88 39 88 65 0 0 181 33 44 37 83 9 57 32 7 4 94 
11 9 6 1 11 5 5 6 7 7 1 7 5 10 9 5 11 23 12 3 7 5 6 23 17 1 1 22 18 35 13 42 109 32 57 29 152 93 145 107 71 32 71 125 13 155 111 75 75 301 9 6 12 2 4 2 4 1 0 0 2 6 0 16 7 24 2 6 0 0 2 2 4 8 6 5 2 5 27 9 7 13 7 27 15 36 9 62 24 0 0 70 12 16 16 21 4 19 12 4 2 55 
11 13 11 3 5 6 5 8 8 6 11 7 9 7 4 10 26 11 14 9 5 4 4 24 11 0 0 25 17 53 23 29 148 34 50 57 165 73 160 123 52 16 102 198 126 26 139 123 91 433 7 3 18 9 2 1 5 3 0 1 2 4 0 2 8 11 2 4 2 1 3 2 4 5 11 8 1 3 25 7 12 10 10 39 7 52 28 111 22 0 0 107 23 40 20 20 5 16 26 5 4 92 
13 11 8 1 5 8 11 9 13 7 5 8 5 4 8 3 24 16 10 2 7 7 3 20 7 0 0 22 23 52 8 38 169 18 59 36 153 99 163 94 74 15 68 130 118 216 14 72 61 284 15 5 8 12 0 2 4 8 0 1 1 2 1 7 7 18 4 4 1 4 10 8 5 4 8 5 0 5 18 7 2 8 6 28 12 36 18 105 15 0 0 82 19 21 19 19 7 18 12 0 10 88 
4 5 3 0 2 1 2 3 3 5 1 3 3 3 0 5 3 4 4 1 0 0 2 16 2 0 0 10 4 20 3 20 73 11 25 21 89 36 84 49 46 11 37 99 67 216 120 10 46 325 1 6 4 2 2 3 2 1 0 1 0 3 0 2 4 5 1 2 0 4 4 1 2 1 5 1 0 5 10 7 2 4 4 16 5 17 10 71 7 0 0 41 13 11 17 7 1 10 13 3 1 58 
9 9 8 1 1 12 5 0 4 10 10 4 5 12 2 4 9 24 4 1 4 2 0 11 2 1 0 15 11 29 9 33 101 8 19 23 82 39 93 47 39 10 38 98 95 200 135 63 8 449 5 4 6 2 2 2 3 3 0 1 0 3 0 8 2 5 0 2 1 1 1 3 2 1 4 4 1 2 15 7 8 7 6 25 9 14 10 113 11 0 0 85 9 13 16 16 2 15 10 1 2 46 
36 36 38 6 18 24 28 20 28 45 13 29 30 41 11 25 41 44 37 17 18 11 18 128 49 2 6 99 67 166 35 109 716 59 86 92 396 226 471 233 185 29 145 366 287 495 232 186 133 44 42 22 63 9 4 11 6 8 0 2 5 22 3 14 28 44 11 12 7 4 18 13 9 29 40 27 4 16 105 24 22 42 45 112 22 88 37 490 33 0 0 244 23 68 71 39 10 34 48 9 4 333 
6 12 10 1 2 4 6 8 2 11 5 3 6 7 7 24 11 11 6 3 2 3 1 14 9 0 1 23 3 14 1 8 47 10 6 9 18 4 23 8 6 1 8 16 15 22 6 4 3 62 9 8 50 18 8 6 7 21 0 27 19 1 5 21 21 21 10 11 0 9 6 8 14 13 11 5 1 7 140 9 8 11 6 25 9 28 4 48 11 0 0 22 2 7 6 3 0 9 7 0 1 33 
1 8 2 0 1 2 5 1 2 4 0 7 1 6 2 11 8 7 4 0 0 0 0 3 2 0 0 10 4 5 2 2 38 4 8 1 11 4 18 3 2 0 4 12 5 21 5 0 6 30 6 2 33 29 6 5 19 17 0 17 6 2 1 5 14 16 0 8 0 8 5 0 8 14 3 4 0 2 69 7 4 0 6 14 11 20 5 20 3 0 0 13 0 3 5 1 0 0 3 2 0 12 
5 3 16 0 0 7 7 5 1 6 1 6 7 18 11 21 6 10 11 2 0 4 0 29 9 0 2 21 20 8 7 6 58 10 16 12 15 2 58 9 15 0 11 17 13 25 11 5 6 60 30 15 4 16 8 11 16 33 0 39 16 1 3 23 14 43 11 18 6 23 5 6 13 21 4 5 1 2 108 6 8 3 3 25 7 10 8 64 15 0 0 29 3 3 8 9 1 6 14 1 0 19 
1 3 3 2 0 1 10 7 4 9 1 5 5 16 5 5 3 8 7 0 1 3 0 2 4 0 0 0 10 7 2 2 24 5 5 4 14 1 20 5 8 0 5 4 3 5 4 1 3 20 29 15 36 3 11 5 11 22 0 19 12 3 6 13 15 13 5 7 0 3 1 6 3 4 3 6 3 2 75 2 2 2 4 22 5 9 8 13 7 0 0 13 2 5 4 2 0 1 5 0 0 11 
0 2 0 1 5 1 1 7 0 0 0 3 2 4 2 6 1 0 1 0 0 2 0 2 2 0 0 3 8 3 4 5 14 2 1 0 4 3 2 3 2 1 1 3 2 4 0 0 0 3 7 6 18 8 4 0 6 14 0 5 4 0 2 5 0 5 5 5 1 0 2 2 2 7 3 1 0 4 35 7 0 1 3 13 3 4 2 3 0 0 0 2 1 4 1 2 0 1 2 0 0 2 
3 1 0 0 0 0 0 3 0 0 2 2 3 4 5 4 1 3 2 0 0 0 0 1 1 1 0 3 1 5 2 1 4 2 0 1 1 0 4 1 2 0 2 3 4 1 2 0 1 5 5 3 4 3 1 1 6 9 0 15 0 2 1 3 3 5 0 1 0 1 2 1 3 5 3 1 0 2 25 3 1 0 0 10 4 2 2 8 0 0 0 3 1 2 2 4 0 0 0 0 0 2 
1 3 3 0 2 1 1 0 1 4 0 2 3 8 3 10 6 2 2 1 0 0 0 5 0 1 0 1 14 2 1 5 19 3 7 1 5 1 14 6 5 1 5 5 6 7 1 3 1 16 20 18 23 15 12 15 3 10 0 11 8 2 1 10 12 11 3 13 0 7 5 7 1 9 6 15 1 3 44 9 1 0 3 16 5 7 2 15 2 0 0 11 2 2 3 1 0 2 5 0 0 5 
1 5 6 1 0 1 6 4 6 2 3 3 12 16 2 10 7 9 3 1 1 1 2 2 1 0 1 6 13 12 5 5 28 22 6 2 13 2 12 6 4 0 6 7 8 6 10 0 1 14 19 14 22 8 10 8 5 1 0 17 5 8 3 13 6 16 3 13 3 5 7 3 5 11 5 7 2 2 87 19 5 1 6 38 6 10 2 19 3 0 0 15 7 0 8 2 1 1 2 3 0 14 
0 0 0 0 0 0 0 0 0 0 0 0 0 0 0 0 0 0 0 0 0 0 0 0 0 0 0 0 0 0 0 0 0 0 0 0 0 0 0 0 0 0 0 0 0 0 0 0 0 0 0 0 0 0 0 0 0 0 0 0 0 0 0 0 0 0 0 0 0 0 0 0 0 0 0 0 0 0 0 0 0 0 0 0 0 0 0 0 0 0 0 0 0 0 0 0 0 0 0 0 0 0 
8 11 12 1 2 5 6 7 1 2 1 13 18 18 12 27 16 13 5 1 5 2 2 23 13 0 1 18 19 8 4 7 19 7 8 0 5 5 9 8 6 3 3 9 3 7 5 4 1 16 29 13 32 23 8 5 5 26 0 6 4 7 3 7 12 24 12 17 4 9 11 6 19 21 8 11 0 6 39 0 3 4 2 14 5 7 4 17 5 0 0 8 3 0 1 0 1 1 2 1 0 4 
0 1 4 0 0 0 1 1 0 1 0 0 5 3 1 3 0 1 3 0 0 0 4 3 1 0 0 0 2 8 0 4 9 4 0 0 2 2 6 2 3 0 3 0 0 6 3 1 0 8 7 5 9 8 2 3 6 8 0 2 2 6 0 3 4 14 4 3 4 10 7 9 11 2 4 3 0 1 12 2 0 2 2 3 2 3 1 4 4 0 0 3 0 0 3 0 0 0 2 0 0 0 
6 3 4 0 0 0 2 1 4 5 4 9 4 4 4 3 5 1 1 1 6 0 0 0 0 0 0 4 1 8 5 3 5 10 20 8 31 12 14 19 8 4 12 11 9 4 9 9 3 35 6 0 7 8 3 3 6 9 0 7 9 1 3 27 13 17 8 13 0 12 8 11 5 5 4 1 0 3 35 5 3 1 1 8 2 0 2 6 3 0 0 16 1 1 3 0 1 0 0 1 0 1 
0 1 0 0 1 1 1 2 0 1 0 1 1 0 0 0 0 2 0 0 0 0 0 0 0 0 0 0 2 2 1 1 6 2 1 1 12 2 5 1 2 0 0 2 3 0 2 1 1 0 2 0 6 4 1 1 1 0 0 4 0 3 2 0 7 4 2 2 3 1 1 4 3 5 3 0 0 1 6 1 2 0 0 0 0 0 0 3 0 0 0 2 0 0 0 0 0 0 0 0 0 1 
3 4 2 1 0 12 10 1 2 0 0 1 0 1 0 2 1 1 1 1 0 0 0 1 1 0 0 1 4 8 6 4 8 1 11 3 23 7 26 6 1 2 4 6 11 5 4 0 2 25 9 2 18 4 3 4 8 13 0 8 1 24 0 3 5 15 11 1 6 15 3 13 14 8 5 1 1 3 20 3 4 1 0 3 1 1 3 4 2 0 0 9 0 4 1 1 0 0 2 0 0 4 
9 10 7 0 1 3 2 1 3 3 1 5 0 0 0 5 1 2 0 2 0 0 0 2 1 0 0 1 12 28 9 14 23 5 12 7 37 10 24 13 12 4 7 7 10 20 5 8 4 31 19 11 25 18 7 4 12 8 0 22 7 13 15 11 7 46 15 18 11 38 27 35 28 26 5 6 2 2 35 3 5 3 1 8 2 7 4 9 9 0 0 12 3 2 0 1 0 2 3 0 0 7 
21 15 12 2 2 8 11 14 8 7 2 4 5 2 0 2 1 3 0 0 1 0 1 1 0 0 0 4 22 43 45 42 35 20 19 12 65 9 25 17 12 2 7 19 16 21 17 5 4 44 25 15 45 26 14 5 11 23 0 32 25 22 18 36 39 24 11 48 31 53 57 88 63 52 13 7 1 8 60 16 11 4 8 9 6 9 0 12 3 0 0 3 3 4 0 1 0 0 0 0 0 2 
3 1 5 0 2 0 4 2 1 2 0 4 1 0 2 0 0 0 0 0 0 0 0 0 2 0 0 2 4 12 5 16 12 8 7 5 11 11 20 1 3 1 4 3 5 4 3 1 1 19 11 9 7 5 2 4 2 9 0 16 4 8 7 9 11 13 2 1 13 22 12 21 12 14 1 4 0 2 35 2 0 0 0 3 2 4 4 4 0 0 0 2 2 0 0 0 0 0 0 0 0 1 
3 11 2 0 3 3 3 2 3 0 0 1 1 0 1 0 0 0 0 0 0 0 0 0 1 0 0 0 3 13 5 9 16 15 10 6 23 3 8 14 4 2 3 4 6 6 2 3 2 17 4 6 13 8 2 1 7 2 0 13 6 11 3 6 16 33 7 8 9 25 17 37 33 42 5 4 0 1 30 5 1 0 0 1 1 1 3 1 0 0 0 4 0 0 0 0 0 2 0 0 0 1 
0 0 6 0 0 0 2 1 1 1 0 0 0 0 0 0 1 0 0 0 0 0 0 0 0 0 0 0 0 8 1 2 8 9 3 2 13 5 11 2 0 0 1 2 3 3 2 1 0 11 1 0 5 0 0 0 4 0 0 7 4 2 2 6 7 23 8 3 1 4 10 23 11 8 0 2 0 0 12 2 1 1 2 4 0 0 1 2 0 0 0 0 0 0 0 0 0 0 0 0 0 0 
3 7 5 0 1 2 3 2 2 3 1 3 1 1 0 3 4 0 0 0 0 0 0 0 0 0 0 0 4 14 3 4 19 12 15 8 15 4 33 2 3 0 1 3 1 1 2 2 3 15 9 4 14 10 4 4 4 10 0 14 8 20 9 13 31 59 12 24 18 5 34 51 31 46 4 0 2 3 22 3 0 2 1 7 4 1 2 4 0 0 0 0 0 0 0 0 0 0 0 0 0 1 
1 2 1 0 3 2 0 0 0 0 0 1 3 1 2 1 1 0 0 0 0 0 0 0 0 0 0 0 7 6 4 4 18 7 8 8 30 10 28 4 1 3 3 8 2 5 6 4 1 22 5 2 11 5 0 2 5 4 0 16 2 9 6 11 15 42 9 31 19 16 4 60 19 16 6 2 1 3 32 0 3 1 1 2 1 4 2 5 0 0 0 1 1 0 2 0 2 0 0 0 0 1 
2 0 3 0 2 4 1 1 3 3 0 1 0 0 0 2 0 1 1 0 0 0 0 0 0 0 0 0 18 4 3 1 16 21 14 9 22 10 32 2 3 2 3 3 5 6 2 0 1 33 7 1 8 1 5 1 4 10 0 7 11 8 2 13 32 43 15 21 8 32 22 4 33 37 7 0 1 3 17 2 2 2 3 8 0 0 3 4 0 0 0 5 0 0 0 1 0 0 0 0 0 1 
1 3 2 1 2 4 2 4 1 3 2 1 2 0 5 2 4 1 0 0 0 1 0 0 0 0 0 0 2 13 3 13 12 17 11 17 26 18 21 12 7 0 8 14 9 9 6 1 2 26 13 6 18 4 9 4 11 10 0 16 6 11 9 26 33 84 25 35 10 41 25 54 7 27 7 5 0 3 38 8 4 0 5 15 2 7 6 10 7 0 0 5 0 1 1 0 0 0 0 0 0 5 
5 3 3 1 1 1 1 0 3 4 1 0 5 4 0 2 2 1 1 0 0 0 0 1 0 0 0 0 1 4 2 4 10 6 4 3 11 7 22 3 3 1 1 1 4 0 2 0 0 9 23 3 11 2 4 6 4 6 0 20 7 1 2 16 13 32 9 27 3 42 21 33 13 2 7 8 0 2 30 0 3 2 4 7 0 1 3 7 1 0 0 5 2 3 1 1 0 0 0 0 0 3 
0 2 3 0 2 6 0 2 2 0 3 2 4 9 9 7 9 0 0 0 1 0 0 8 7 0 0 6 5 3 0 6 18 4 9 1 13 4 13 4 7 1 12 18 4 13 12 2 7 43 7 2 8 0 2 4 8 23 0 10 3 1 2 8 3 11 1 4 0 2 2 5 5 4 2 10 4 12 175 27 15 6 8 61 8 18 9 60 12 0 0 26 4 5 1 3 2 4 13 0 0 19 
2 0 6 0 2 2 7 0 0 7 0 5 2 6 7 6 12 2 0 0 0 0 2 6 1 0 0 0 3 6 0 1 10 2 1 1 5 1 13 6 6 0 9 13 5 18 9 7 5 41 7 5 6 4 12 4 9 14 0 5 8 1 3 4 6 10 4 3 4 7 3 2 6 1 6 3 4 16 159 31 11 13 18 58 19 14 3 38 6 0 0 8 2 9 5 1 1 7 2 0 1 17 
0 0 0 1 0 0 3 1 4 0 1 0 0 2 2 2 1 3 0 0 0 0 0 0 1 0 0 1 3 3 1 2 3 2 0 0 0 0 1 1 0 0 1 2 2 4 6 1 0 11 0 2 0 2 1 0 1 5 0 2 1 0 3 4 8 5 0 0 0 0 3 0 0 1 4 5 2 8 80 13 5 8 3 25 14 6 1 12 1 0 0 4 3 5 1 0 0 7 1 0 1 3 
1 0 7 0 0 4 4 2 5 0 0 0 2 6 4 8 2 1 3 0 0 0 1 3 3 0 0 1 7 0 1 3 13 4 6 0 1 2 6 3 7 2 11 11 5 8 14 2 2 24 7 1 15 5 6 3 6 26 0 8 0 2 4 8 3 8 0 3 0 6 2 4 3 0 16 20 8 5 98 14 6 3 9 50 11 16 9 31 11 0 0 15 2 1 2 5 0 2 5 2 2 10 
6 15 12 2 6 13 6 4 3 14 2 2 11 31 11 42 26 10 8 2 2 3 2 16 4 0 0 20 17 19 6 7 55 11 12 6 15 8 31 10 9 4 23 37 24 26 17 2 10 61 79 38 77 50 36 34 45 78 0 25 14 10 5 23 18 57 8 13 3 19 8 16 27 30 94 77 53 44 24 73 57 19 28 195 38 40 11 68 18 0 0 49 9 14 23 10 2 13 8 2 1 24 
2 1 13 0 2 0 1 1 3 1 0 0 1 3 6 5 0 2 1 0 0 1 0 3 1 0 0 4 4 1 0 3 10 3 5 3 3 3 4 2 9 2 22 25 7 18 5 0 1 34 7 10 13 9 8 6 6 15 0 5 2 11 2 1 7 9 7 3 0 0 5 2 5 4 19 23 10 21 106 4 27 16 11 99 32 27 7 43 11 0 0 24 7 10 5 11 1 4 13 1 1 11 
0 0 2 0 0 0 1 4 0 0 3 1 0 1 0 3 2 0 0 0 0 0 1 1 0 0 0 1 9 5 1 6 7 0 2 1 3 1 5 8 3 0 10 22 13 13 11 0 2 42 9 3 12 12 5 4 10 8 0 6 0 2 1 2 6 3 5 0 2 2 3 3 9 3 19 13 6 15 84 29 6 12 10 75 43 29 10 34 16 0 0 47 7 8 9 4 2 5 7 3 0 15 
1 1 5 0 0 1 2 0 1 1 0 0 0 0 0 0 0 0 0 0 0 1 0 2 0 0 0 6 0 4 2 1 12 1 1 0 2 1 6 1 10 0 20 10 10 23 11 5 6 44 4 5 4 3 1 0 0 3 0 2 3 1 1 2 2 2 0 1 0 0 1 0 0 3 9 13 5 6 25 13 8 5 10 51 12 15 11 35 5 0 0 14 5 8 3 5 0 4 10 0 0 21 
0 1 3 0 0 1 1 0 0 0 1 0 1 0 0 1 0 0 1 0 0 0 0 2 0 0 0 0 2 1 2 1 2 1 1 1 1 0 2 8 5 1 18 20 5 24 4 2 8 39 7 7 13 8 1 6 1 3 0 3 5 1 4 2 6 5 2 2 2 7 2 4 1 9 9 17 1 11 65 16 23 2 0 94 28 26 3 30 8 0 0 45 3 8 8 6 2 8 7 1 2 26 
2 6 4 0 0 5 1 4 1 4 1 1 0 1 0 0 1 0 0 0 1 1 0 2 1 0 0 2 4 6 2 1 11 4 3 0 6 4 11 18 12 2 42 76 20 46 27 9 18 86 11 15 30 21 7 11 22 38 0 6 5 10 0 4 5 13 1 0 2 4 7 4 1 11 55 51 22 63 182 132 91 24 118 23 111 83 24 126 36 0 0 70 22 27 27 24 8 30 25 3 0 50 
3 1 1 0 0 0 3 2 0 3 0 0 0 0 2 0 0 0 0 0 1 0 0 2 1 0 0 0 3 4 0 1 2 1 1 3 3 3 4 6 7 1 17 43 11 25 16 3 4 36 4 4 7 12 4 1 9 13 0 4 1 2 0 4 0 2 1 0 0 0 2 0 1 4 5 14 2 16 85 29 42 15 25 132 7 60 20 64 16 0 0 81 13 11 6 5 3 10 19 1 5 37 
5 6 6 0 0 8 2 5 2 3 5 1 0 1 2 4 6 4 3 2 0 3 4 6 3 0 0 2 5 18 5 12 36 9 12 5 22 11 50 8 13 5 96 131 41 76 31 20 21 90 9 4 13 9 8 4 5 7 0 5 0 6 2 1 4 3 2 4 0 3 5 5 2 3 23 20 2 18 47 19 12 20 18 77 55 7 41 72 50 0 0 88 28 43 25 33 11 22 26 4 8 52 
4 4 1 0 4 2 1 3 5 0 0 2 1 1 0 2 3 4 2 5 3 0 0 3 2 2 0 14 7 10 2 5 30 6 4 6 27 9 55 24 11 4 42 76 22 53 18 13 3 55 3 3 20 5 1 0 3 4 0 7 1 1 0 6 1 6 0 1 1 0 2 1 0 4 12 12 3 9 33 20 21 18 14 51 23 35 8 34 23 0 0 83 23 24 13 18 6 14 8 2 2 45 
23 26 18 2 1 11 6 7 7 12 4 5 5 10 6 10 22 17 16 5 10 4 8 34 20 1 0 43 14 79 13 45 288 27 35 33 101 66 215 37 48 11 107 195 69 234 137 71 63 665 23 11 41 15 13 5 17 11 0 7 6 14 2 10 6 17 2 3 6 5 14 8 8 17 46 33 2 38 97 37 43 46 57 142 33 112 63 37 45 0 0 293 39 62 92 79 11 61 54 11 9 381 
1 5 2 0 1 8 3 0 4 5 0 2 1 0 0 3 6 11 2 0 1 0 2 8 3 0 0 3 11 18 9 12 37 2 21 11 59 33 59 25 11 10 45 81 26 36 20 5 16 83 8 5 14 5 1 2 3 2 0 3 2 2 0 4 0 2 0 1 2 2 2 1 1 2 13 9 0 5 33 11 20 5 9 30 18 47 16 42 6 0 0 81 6 25 21 20 1 16 18 0 4 81 
0 0 0 0 0 0 0 0 0 0 0 0 0 0 0 0 0 0 0 0 0 0 0 0 0 0 0 0 0 0 0 0 0 0 0 0 0 0 0 0 0 0 0 0 0 0 0 0 0 0 0 0 0 0 0 0 0 0 0 0 0 0 0 0 0 0 0 0 0 0 0 0 0 0 0 0 0 0 0 0 0 0 0 0 0 0 0 0 0 0 0 0 0 0 0 0 0 0 0 0 0 0 
0 0 0 0 0 0 0 0 0 0 0 0 0 0 0 0 0 0 0 0 0 0 0 0 0 0 0 0 0 0 0 0 0 0 0 0 0 0 0 0 0 0 0 0 0 0 0 0 0 0 0 0 0 0 0 0 0 0 0 0 0 0 0 0 0 0 0 0 0 0 0 0 0 0 0 0 0 0 0 0 0 0 0 0 0 0 0 0 0 0 0 1 0 0 0 0 0 0 0 0 0 0 
14 5 5 0 2 6 2 10 3 2 1 1 1 4 2 4 12 4 5 1 0 0 0 2 8 0 0 5 9 9 2 10 24 10 39 14 65 34 96 25 28 3 44 130 34 71 48 43 45 119 12 6 12 0 1 1 10 4 0 5 2 9 1 5 2 4 2 2 1 0 1 1 4 0 6 8 5 11 35 9 11 14 16 47 21 41 27 93 30 0 0 12 36 38 20 41 5 22 16 3 5 75 
0 1 0 1 0 0 3 2 1 0 1 1 5 1 0 2 1 0 2 0 0 1 0 0 0 3 0 3 4 6 5 6 9 8 7 2 31 15 29 11 15 2 34 59 26 33 20 11 7 50 2 1 4 1 1 1 3 2 0 4 4 2 1 1 1 0 0 2 0 1 0 0 2 0 3 2 0 1 16 14 3 4 17 36 2 37 10 35 14 0 0 80 1 8 4 24 2 8 12 3 2 29 
2 1 2 0 2 0 2 1 0 1 0 0 1 0 1 1 2 2 0 0 0 0 0 1 0 0 0 1 2 5 5 7 22 4 14 2 35 20 36 11 14 4 26 59 34 34 21 18 10 60 4 1 9 5 1 4 4 5 0 0 0 1 0 2 1 1 0 0 0 0 0 1 0 0 8 7 1 4 30 6 15 6 12 33 15 40 18 53 15 0 0 66 13 7 6 21 5 10 6 0 1 55 
0 2 0 1 1 0 0 1 0 0 0 1 2 2 1 0 0 0 1 0 0 0 0 2 1 0 0 2 3 8 1 8 9 5 4 8 26 4 23 10 5 1 28 37 25 27 14 8 6 52 8 3 5 0 0 0 2 8 0 1 0 0 0 4 1 0 0 0 0 0 2 0 0 2 1 2 0 8 14 4 5 8 8 24 7 24 14 37 18 0 0 44 24 6 4 9 0 2 4 2 1 43 
0 3 1 1 2 0 1 6 0 3 0 1 5 2 0 1 1 1 1 0 0 0 0 4 1 0 0 1 4 10 4 6 21 6 11 7 26 15 39 12 12 2 41 85 24 46 20 11 5 88 0 1 8 1 1 0 1 2 0 3 0 1 0 1 0 3 0 0 0 0 0 0 0 0 1 4 0 3 14 8 8 5 5 25 9 32 23 65 16 0 0 140 24 10 21 1 2 5 9 1 1 59 
0 0 0 0 0 1 0 0 0 0 0 0 0 0 0 1 0 0 0 0 0 0 0 0 0 0 0 0 0 1 0 0 4 2 0 2 5 0 7 1 2 2 9 17 6 9 2 0 2 14 0 0 2 1 0 0 0 0 0 0 0 0 0 0 0 0 0 0 0 0 1 0 0 0 1 0 0 0 2 1 0 0 0 5 3 1 6 8 3 0 0 11 0 2 2 3 2 1 0 0 1 6 
0 1 0 0 0 8 0 1 2 1 0 1 1 2 0 2 0 0 0 0 0 0 0 0 0 0 0 2 3 2 4 5 12 1 3 3 17 8 20 6 2 4 35 62 31 53 22 9 15 60 0 5 6 6 2 1 1 3 0 1 0 1 0 1 2 2 0 0 0 0 0 1 0 0 9 2 5 3 20 8 16 8 16 34 12 23 5 47 17 0 0 61 12 12 11 26 6 4 4 1 0 37 
1 0 1 1 0 0 2 2 0 3 0 1 0 0 0 1 1 0 1 0 0 0 1 1 0 0 0 2 0 5 0 5 8 1 0 3 25 14 30 0 12 1 15 34 15 51 24 3 5 71 5 2 8 3 3 0 2 3 0 2 0 0 0 2 1 0 0 0 0 0 0 0 0 0 2 7 2 2 14 6 5 11 6 30 10 19 6 42 10 0 0 52 8 7 6 3 0 8 5 1 1 35 
0 0 0 0 0 0 1 0 0 0 0 0 0 0 0 0 0 0 0 0 0 0 0 1 0 0 0 0 0 2 1 1 1 0 3 0 11 1 6 2 1 0 10 9 4 7 5 1 1 13 0 1 0 3 0 0 0 0 0 0 0 0 0 0 1 0 0 0 0 0 0 0 0 0 0 2 0 2 4 1 0 1 2 6 2 4 0 12 3 0 0 10 7 2 1 1 1 5 4 1 0 4 
1 0 0 0 0 1 0 0 0 0 0 0 1 0 0 0 0 0 0 0 0 0 0 0 0 0 0 0 0 1 0 0 2 0 0 2 7 6 3 1 1 0 5 8 2 14 2 4 3 12 0 0 1 0 0 0 0 1 0 0 0 1 0 0 0 0 0 0 0 0 0 0 0 0 1 4 0 0 1 0 0 2 3 3 2 1 0 6 5 0 0 10 5 6 3 11 0 1 2 0 0 3 
2 6 3 0 2 5 2 3 3 2 1 2 2 3 1 3 2 5 0 0 0 1 1 1 0 0 0 7 2 17 1 7 45 5 6 14 36 15 67 8 25 2 40 57 21 68 36 24 15 147 5 1 11 5 3 0 2 5 0 6 0 2 0 1 0 3 0 0 0 0 1 0 0 3 10 6 0 5 20 5 10 18 5 38 7 25 19 139 23 0 0 97 7 19 34 56 6 14 22 4 2 11 
