6 20 33 16 14 64 36 29 42 45 19 35 37 54 57 78 21 29 26 21 17 21 10 21 9 2 3 29 75 2 0 2 9 2 5 1 1 3 18 23 14 1 4 8 9 5 8 9 7 53 7 5 8 9 3 2 2 14 0 5 2 3 2 4 10 13 1 8 0 2 12 5 2 3 0 3 6 4 17 1 1 2 7 1 2 5 8 24 10 0 0 3 5 1 0 4 0 1 1 0 1 6 
13 8 29 21 29 72 47 58 54 49 18 49 59 55 40 89 49 40 30 33 20 18 13 40 9 4 1 28 82 6 6 5 5 4 3 1 1 7 23 24 14 3 3 6 6 11 11 16 8 29 5 8 17 13 3 0 9 19 0 4 4 2 1 11 16 24 8 8 6 5 10 2 2 6 4 2 0 11 33 2 2 5 7 4 2 6 1 30 2 0 0 3 4 5 2 3 0 3 1 2 1 4 
48 14 8 18 13 64 44 59 72 31 17 59 66 56 90 68 28 34 33 10 21 15 14 17 10 0 3 23 82 3 2 3 4 2 5 2 3 4 19 33 14 0 2 8 14 6 13 5 5 31 6 1 9 9 2 2 5 10 0 4 10 1 0 3 11 10 3 5 1 4 7 0 5 1 2 5 1 5 15 3 1 2 4 4 0 8 6 17 2 0 0 2 2 2 1 6 1 0 0 0 0 4 
3 4 15 1 1 10 12 6 5 4 2 8 3 6 4 15 5 6 3 2 0 2 3 5 3 0 0 5 23 0 0 0 0 0 1 0 0 0 3 2 2 0 0 2 0 2 0 0 2 3 0 0 1 2 1 1 0 1 0 1 1 0 1 0 0 0 0 1 0 1 0 2 0 2 2 0 0 0 1 1 0 0 0 0 0 2 0 1 0 0 0 3 0 0 0 0 0 0 0 0 0 1 
10 9 7 5 3 12 11 9 9 12 15 10 26 17 17 33 8 6 4 11 6 16 5 7 2 0 2 6 16 3 2 0 2 0 0 0 1 2 15 6 2 0 2 2 3 0 3 2 2 24 5 0 3 1 1 1 5 4 0 1 0 0 0 0 0 1 2 1 1 1 0 1 1 0 0 1 0 0 10 1 0 0 0 2 1 1 2 4 1 0 0 1 1 0 0 1 0 0 0 0 2 1 
37 48 30 13 3 6 9 31 25 22 23 42 53 47 43 89 49 27 25 17 11 25 11 39 20 0 3 21 63 5 9 6 5 2 2 2 2 8 32 17 10 1 6 2 9 3 7 4 9 32 8 4 11 8 7 1 3 16 0 0 1 0 0 17 5 12 1 4 3 2 1 7 1 5 7 5 0 4 22 1 1 2 2 2 4 9 9 23 1 0 0 5 3 0 1 2 2 3 0 0 1 2 
17 17 23 22 7 11 10 16 35 12 9 27 38 36 18 45 15 15 20 15 8 10 10 7 2 0 2 5 51 4 1 1 8 2 1 1 3 7 20 15 4 0 6 1 4 3 4 2 1 17 4 0 12 10 7 0 5 7 0 0 0 1 0 2 1 6 0 0 1 2 1 1 3 3 1 2 0 4 22 4 0 1 0 1 1 5 1 8 2 0 0 1 0 0 3 0 0 2 1 0 0 3 
36 48 42 10 3 15 24 6 16 15 21 36 72 55 50 96 40 36 24 27 22 7 10 34 9 2 2 18 34 2 3 6 4 4 1 1 1 5 25 25 8 1 4 8 10 9 13 4 6 27 7 2 12 3 3 5 5 11 0 0 1 0 2 4 11 4 4 13 4 2 11 9 2 5 2 3 0 5 13 1 1 0 0 4 4 1 1 13 3 0 0 3 0 3 2 2 0 1 0 0 2 3 
57 77 80 14 17 41 45 27 8 7 13 43 47 46 62 102 62 22 25 34 12 40 17 36 10 7 13 30 41 7 8 1 6 2 1 2 0 7 32 34 23 5 8 6 9 8 12 11 7 42 2 3 1 2 11 0 6 10 0 0 1 0 3 3 8 14 5 3 0 1 1 2 4 4 3 9 0 4 14 0 0 1 1 0 0 2 1 14 3 0 0 4 1 2 1 3 1 2 0 0 0 6 
18 16 31 2 9 25 9 8 2 5 9 20 21 39 24 51 21 22 21 13 2 18 10 32 13 6 2 22 15 5 2 3 4 1 0 1 3 3 12 22 2 0 2 2 5 7 9 0 6 17 8 4 10 15 9 0 7 8 0 3 0 0 2 1 4 3 1 3 3 5 4 3 0 0 3 7 2 2 22 2 2 1 0 4 0 3 1 3 1 0 0 5 2 1 0 1 1 0 0 0 0 2 
5 16 10 1 3 12 14 18 14 12 2 13 19 31 10 33 25 16 9 10 7 12 11 12 4 2 0 11 14 5 1 1 1 0 1 0 0 5 10 7 6 2 1 0 3 7 3 5 1 16 4 4 5 1 0 0 1 3 0 0 1 0 1 1 3 0 0 1 0 0 2 1 0 1 0 3 2 3 9 0 0 0 0 0 0 2 0 5 3 0 0 2 0 1 2 0 0 0 1 0 0 2 
55 70 47 11 12 54 56 55 43 33 12 10 28 68 20 114 54 43 40 29 40 38 11 36 24 1 3 54 30 15 2 8 12 3 0 0 2 11 38 22 13 2 8 5 5 12 9 11 5 38 4 4 9 11 2 3 12 20 0 2 2 6 0 4 1 5 2 5 0 1 0 3 3 10 8 1 0 5 21 3 0 0 4 1 0 0 2 6 1 0 0 7 1 0 1 5 0 7 1 1 1 8 
41 38 49 9 13 46 61 78 85 54 29 34 9 50 48 112 68 37 44 43 39 24 22 64 28 2 7 37 14 6 6 18 10 1 2 3 1 8 23 22 7 3 10 7 4 10 5 7 4 36 5 4 10 5 6 2 7 17 0 8 7 1 4 2 2 3 1 1 0 0 0 2 0 0 12 2 1 6 16 2 1 0 0 2 1 3 0 1 2 0 0 5 0 1 2 1 0 1 2 0 0 3 
90 132 123 43 30 164 153 141 144 116 54 93 59 16 20 128 174 117 110 114 135 129 93 196 73 9 23 145 34 3 3 3 6 4 0 0 0 13 25 33 35 15 12 8 7 3 7 2 5 36 16 9 24 32 12 12 21 41 0 11 6 3 2 3 0 0 0 0 2 1 3 3 0 0 32 10 4 10 57 6 0 1 0 1 0 2 0 5 3 0 0 5 0 2 0 1 1 1 0 0 1 4 
68 109 119 7 19 107 93 77 79 58 35 43 51 21 5 41 73 54 71 54 75 86 90 122 42 2 21 119 26 10 4 7 5 0 2 2 2 8 9 20 8 2 7 4 7 6 5 12 3 33 5 6 10 13 5 1 12 14 0 11 1 0 0 1 0 0 0 0 0 0 1 4 2 1 11 2 0 4 48 0 0 0 1 0 0 2 0 5 2 0 0 3 2 5 1 2 0 0 1 0 0 4 
63 95 64 22 37 105 86 103 78 79 35 77 91 48 27 17 103 110 88 98 193 141 182 258 67 24 33 201 32 54 29 47 31 19 22 10 28 5 18 50 33 1 20 20 26 15 19 24 15 67 24 11 19 15 6 3 18 21 0 5 3 1 1 1 2 3 2 1 0 0 6 8 2 7 12 8 1 9 49 6 4 2 0 2 0 4 5 27 9 0 0 16 1 3 4 1 0 6 3 0 3 5 
42 54 52 14 18 63 63 64 85 94 48 104 98 94 46 141 13 70 72 70 134 82 121 193 59 9 31 137 18 70 20 68 46 23 44 27 30 15 66 56 72 4 24 17 25 35 22 21 21 93 21 7 29 21 6 2 15 13 0 5 0 3 7 4 3 1 0 1 1 0 1 1 0 2 16 11 0 13 49 9 2 0 0 0 0 2 7 16 9 0 0 12 1 4 2 4 1 1 0 1 0 7 
26 32 29 4 13 23 46 34 32 37 28 62 68 102 35 163 47 15 41 42 87 49 65 114 40 2 23 97 9 54 30 33 20 16 31 25 14 22 63 41 29 4 22 25 29 20 24 21 31 79 4 4 14 9 5 3 16 14 0 2 1 1 1 3 2 0 0 0 0 0 0 0 1 0 11 4 2 12 28 10 5 1 0 0 0 5 5 28 7 0 0 9 1 1 0 4 0 0 0 1 0 3 
22 22 31 2 10 32 54 35 29 32 22 66 54 106 44 167 83 50 4 25 92 44 83 121 38 11 13 75 14 42 17 29 17 19 18 12 15 21 41 38 34 1 8 17 28 18 21 15 18 72 5 6 9 5 6 1 14 8 0 0 5 1 0 3 4 0 0 0 0 0 0 0 0 0 5 4 1 3 17 3 3 0 0 0 0 5 6 15 9 0 0 5 1 0 0 0 0 1 0 1 0 2 
13 16 20 5 2 8 22 17 12 16 11 23 36 36 26 87 35 20 19 2 5 15 33 46 39 18 32 75 3 10 2 7 10 1 1 4 5 8 23 13 15 1 3 3 2 6 2 5 2 18 3 2 8 1 1 0 1 9 0 1 0 0 0 0 1 1 0 0 0 0 0 0 0 0 2 1 1 1 9 1 3 1 0 1 0 1 0 3 1 0 0 0 0 0 0 0 0 0 0 0 0 0 
4 6 20 0 2 12 6 7 8 12 3 21 37 38 21 99 33 33 36 7 7 6 30 59 14 14 27 72 2 9 4 2 1 0 6 1 6 4 40 12 7 3 3 7 4 4 3 8 6 20 0 0 4 0 0 1 3 2 0 0 0 0 0 0 0 0 0 0 0 0 0 0 0 0 0 0 0 0 6 0 0 0 0 0 0 1 4 2 1 0 0 2 0 0 0 0 0 0 0 0 0 0 
10 14 15 2 4 10 13 8 17 11 8 28 46 33 29 82 55 22 34 8 5 4 20 57 22 15 25 94 3 4 1 5 2 1 6 6 5 6 23 2 3 1 2 3 8 3 1 6 5 16 1 2 6 0 0 1 0 0 0 0 0 0 0 0 0 0 0 0 0 0 0 0 0 0 0 2 1 2 2 2 0 0 0 0 0 3 0 6 3 0 0 0 0 0 0 0 0 0 0 0 0 0 
1 3 2 0 0 6 6 3 6 5 6 10 12 30 6 76 28 14 19 11 32 4 10 15 3 9 13 79 2 1 3 3 3 2 5 6 5 3 14 3 0 0 0 1 8 2 3 1 2 16 3 0 2 1 0 0 2 0 0 0 0 0 0 0 0 0 1 0 0 0 0 0 0 0 0 0 0 1 2 1 0 0 0 0 0 0 0 8 0 0 0 0 0 0 0 0 0 0 0 0 0 0 
9 5 14 3 5 19 12 16 15 24 11 38 39 37 22 129 53 48 47 16 28 12 22 10 6 28 63 136 1 8 5 3 14 4 6 8 10 15 33 14 9 1 10 6 12 14 9 6 6 42 7 4 4 2 0 2 0 4 0 0 0 0 0 0 0 0 0 0 0 0 0 0 0 0 0 4 1 2 15 3 0 0 0 0 1 2 1 18 2 0 0 4 0 1 0 0 0 0 0 1 0 0 
18 21 13 1 2 29 16 7 17 31 6 17 37 42 27 115 44 20 28 18 22 15 21 6 5 3 26 82 4 13 11 6 19 6 4 4 15 7 23 20 34 1 16 16 27 10 11 13 8 83 9 5 15 8 3 3 6 7 0 2 1 0 0 1 0 0 0 0 1 0 0 0 0 0 2 4 0 2 24 0 2 0 1 0 1 1 3 38 8 0 0 1 1 2 0 1 0 2 0 0 0 0 
0 2 7 2 2 8 1 2 1 0 3 5 4 9 5 19 10 8 10 11 20 15 22 30 3 3 7 14 0 1 0 3 1 0 2 1 1 3 0 1 3 0 1 0 0 1 1 0 0 2 3 0 1 0 1 2 0 0 0 0 0 0 0 0 0 0 0 0 0 0 0 0 0 0 0 0 0 0 6 0 0 0 0 0 0 0 0 1 0 0 0 0 0 1 0 0 0 0 0 0 0 0 
0 2 0 0 2 1 0 1 0 0 0 2 1 2 4 9 1 5 3 2 8 12 4 10 3 3 2 15 0 1 0 0 1 1 1 0 1 1 2 2 0 0 0 0 0 0 0 0 0 0 0 0 1 0 0 0 0 0 0 0 0 0 0 0 0 0 0 0 0 0 0 0 0 0 0 1 0 0 0 0 0 0 0 0 0 1 0 1 0 0 0 0 0 0 0 0 0 0 0 0 0 0 
13 31 28 4 17 17 20 24 19 43 10 46 67 77 84 169 72 44 61 59 80 86 111 142 51 7 71 8 4 2 3 14 8 5 8 7 16 13 54 29 36 4 13 6 22 15 25 17 12 99 11 7 13 4 5 5 2 7 0 1 0 1 1 3 0 1 0 0 0 0 0 0 0 0 12 2 1 0 21 4 5 0 1 4 2 4 1 38 11 0 0 5 0 0 1 5 1 1 0 0 0 1 
91 122 149 30 22 106 90 70 65 31 22 43 58 55 32 72 38 23 43 26 20 25 8 19 4 0 0 23 3 12 2 4 8 3 11 5 3 12 19 24 18 3 11 8 15 16 12 5 13 80 4 9 18 7 1 3 7 23 0 7 2 3 0 2 4 5 12 2 1 1 5 12 3 7 2 1 0 11 21 4 6 2 6 12 5 5 2 6 2 0 0 4 2 1 0 7 0 2 2 0 0 3 
0 1 2 1 0 7 0 6 0 5 3 14 17 1 2 14 43 16 8 9 4 4 17 21 5 2 1 2 1 19 143 165 210 78 99 119 178 145 244 157 119 9 44 44 55 54 56 39 33 242 6 4 13 8 4 2 5 5 0 9 2 1 3 12 29 33 4 10 3 13 9 11 0 0 4 5 4 3 41 4 4 3 9 4 4 8 13 84 18 0 0 26 7 14 7 10 2 7 13 0 5 22 
1 1 0 0 0 0 0 3 0 0 2 5 2 0 4 18 18 3 4 2 1 1 3 2 2 0 1 2 0 201 8 126 76 30 53 49 110 91 85 65 23 3 12 14 25 18 16 7 21 88 0 2 4 2 1 0 4 3 0 7 0 0 1 11 11 18 1 10 3 7 7 7 2 1 5 2 3 1 13 3 4 3 3 0 0 3 5 18 5 0 0 12 0 4 1 5 2 3 2 0 0 6 
0 4 4 0 1 6 8 6 9 1 5 6 12 3 7 39 57 20 9 10 2 4 8 11 8 5 14 8 5 297 141 13 93 71 138 76 234 235 244 178 127 16 61 54 71 69 34 45 63 182 4 7 18 9 12 4 9 25 0 21 4 4 3 15 47 40 14 16 9 16 4 11 1 1 12 12 3 6 34 11 3 3 3 5 1 14 20 59 29 0 0 18 9 14 10 30 0 7 0 0 0 17 
16 23 10 0 4 8 16 15 10 11 8 8 12 5 3 48 55 48 29 15 19 11 21 51 34 6 4 27 3 570 208 233 16 49 188 155 264 241 344 300 228 34 128 117 155 172 159 166 170 886 57 34 79 46 25 10 38 38 0 21 4 1 5 9 37 44 15 22 12 26 40 51 13 10 27 14 5 18 96 12 17 8 7 17 14 38 16 275 59 0 0 58 37 39 25 33 11 15 8 4 2 61 
5 7 4 0 1 3 6 3 4 2 0 1 3 1 2 13 37 30 7 7 6 8 5 5 5 4 3 5 1 213 82 84 42 9 40 24 96 102 147 137 83 15 48 45 55 51 28 45 45 117 18 11 18 13 5 1 11 16 0 12 3 5 4 1 20 25 4 17 11 35 32 31 11 16 11 3 0 5 55 10 3 1 2 0 1 10 6 41 21 0 0 17 4 10 6 19 2 6 5 1 0 8 
5 7 5 0 3 8 21 6 2 3 4 5 5 1 3 29 47 49 36 20 21 19 24 37 20 0 4 21 5 518 258 326 148 54 18 23 194 173 255 340 116 27 95 91 156 116 73 67 109 245 10 20 31 34 9 7 31 26 0 9 3 3 5 13 17 32 12 37 18 22 65 63 17 5 16 7 1 14 52 8 3 2 4 4 0 21 22 67 47 0 0 55 22 29 11 37 4 11 20 4 1 26 
2 4 1 0 0 0 1 3 0 0 0 0 1 2 5 14 45 13 9 5 9 16 3 16 3 0 4 22 2 318 119 168 86 34 23 7 120 91 145 126 52 10 22 30 53 68 28 16 28 110 7 9 3 6 4 2 4 4 0 4 1 2 5 17 7 33 9 12 3 9 15 31 8 7 1 3 0 9 8 2 0 0 2 0 1 5 0 30 8 0 0 17 8 9 6 13 0 4 6 2 1 13 
2 7 4 1 0 4 8 3 4 4 1 2 3 2 0 56 53 24 22 8 14 15 25 45 7 1 5 22 1 694 248 518 254 147 170 176 23 252 619 606 270 58 167 174 235 207 167 150 180 588 15 18 19 26 5 5 22 19 0 5 2 4 12 85 46 56 21 40 14 11 70 54 20 11 5 6 5 4 30 4 2 2 3 3 4 34 25 136 97 0 0 100 35 50 33 70 10 48 34 10 3 40 
11 1 9 1 5 3 4 4 3 13 5 13 13 6 6 10 22 12 19 7 12 10 10 36 10 1 1 18 3 262 105 323 132 92 87 70 97 12 160 268 137 30 102 96 121 120 77 79 74 267 6 1 6 1 1 1 2 5 0 1 1 3 8 20 19 9 2 6 3 4 19 23 8 4 5 2 0 1 11 0 1 1 1 0 3 20 13 84 38 0 0 35 21 13 9 25 0 6 10 5 10 16 
31 37 25 8 15 37 44 38 58 41 27 50 45 23 16 13 54 72 51 55 62 69 41 125 34 3 11 72 10 460 170 373 222 152 175 136 341 141 26 785 425 66 223 222 221 255 175 196 169 690 30 10 54 23 4 8 17 28 0 6 5 5 11 33 42 57 8 17 9 10 63 50 11 13 31 10 2 15 64 13 9 7 10 23 7 51 33 210 59 0 0 128 39 40 27 75 11 52 37 13 9 67 
8 23 24 4 8 34 26 20 29 24 13 44 39 16 16 26 53 29 23 17 23 12 19 43 13 1 9 36 7 223 68 168 122 95 104 69 279 240 652 13 37 27 70 141 125 178 104 137 154 482 4 5 12 13 1 7 4 16 0 3 1 4 0 19 20 15 6 4 3 2 19 13 2 3 13 5 1 3 30 9 6 6 13 25 13 10 10 73 40 0 0 48 15 17 16 42 2 11 8 7 3 24 
10 18 17 6 2 17 19 4 16 19 4 9 21 6 7 13 45 26 4 8 32 10 9 17 18 0 1 16 1 118 25 98 75 59 74 51 116 115 311 67 14 12 45 91 77 117 61 110 121 325 2 0 14 7 1 7 9 8 0 1 0 1 3 5 16 18 0 4 4 3 8 9 0 11 5 8 1 4 8 13 7 4 4 5 5 24 9 25 26 0 0 63 15 19 13 37 12 11 6 6 4 15 
1 0 0 0 0 3 2 1 0 2 2 1 5 0 0 2 7 4 3 2 0 0 0 0 2 0 0 7 0 3 5 12 12 9 3 6 31 17 55 27 9 5 13 39 19 25 17 19 13 56 0 1 0 0 0 0 0 0 0 0 2 0 0 0 0 1 1 1 0 0 2 1 1 0 1 2 0 1 5 0 0 2 4 5 7 5 10 18 7 0 0 15 8 6 0 10 0 1 0 0 0 3 
15 27 7 2 4 9 19 15 10 4 9 7 19 3 5 18 39 31 18 7 12 12 11 10 12 1 2 17 3 120 36 99 62 69 84 45 122 157 208 171 86 39 16 67 132 169 93 164 243 513 9 13 19 10 4 3 8 14 0 4 0 1 3 8 27 14 5 3 5 4 17 10 3 3 43 22 5 26 68 36 31 33 36 92 99 134 73 256 97 0 0 135 58 85 88 154 15 108 73 13 19 93 
11 26 19 2 8 7 12 14 14 9 8 15 14 8 9 24 49 31 17 16 28 21 11 45 14 2 2 30 4 132 59 141 73 55 63 47 132 180 305 364 151 80 96 38 215 380 194 317 486 842 15 7 24 28 13 4 13 28 0 11 1 0 4 20 26 12 4 8 3 3 14 15 4 5 33 34 1 46 104 51 49 28 52 140 107 192 149 286 116 0 0 380 159 222 132 384 55 221 124 15 20 151 
11 30 9 0 13 15 9 10 11 5 2 14 9 1 5 13 20 36 6 10 14 13 13 19 10 1 7 26 2 106 23 80 68 30 33 36 67 83 172 149 77 31 56 147 15 151 127 193 278 458 6 8 10 3 1 0 3 6 0 3 0 2 4 8 23 24 3 6 6 0 13 5 1 5 10 5 3 17 26 11 18 16 7 17 30 73 42 80 27 0 0 81 18 44 22 69 10 51 36 13 7 49 
13 17 14 7 6 9 35 13 19 16 18 26 23 16 11 24 47 37 13 13 24 31 17 40 18 1 1 49 6 126 31 102 114 62 72 61 153 146 288 302 232 44 128 358 188 26 159 558 703 1261 10 10 33 11 7 3 8 8 0 12 2 2 5 13 20 21 7 3 1 3 23 14 2 6 29 17 6 19 59 33 20 15 33 75 47 147 72 338 76 0 0 185 25 96 54 148 25 92 80 18 10 111 
7 10 15 1 3 27 13 17 20 16 2 7 11 7 11 11 38 25 18 7 29 20 12 30 20 0 10 40 3 138 26 94 88 40 54 46 122 125 217 212 145 23 88 203 165 241 17 381 443 695 9 7 22 9 5 0 2 8 0 1 0 0 3 13 11 17 2 8 0 3 12 6 0 1 14 8 0 26 45 21 18 28 30 42 36 94 50 201 51 0 0 100 22 78 55 63 12 51 74 14 9 78 
2 6 3 0 1 12 8 4 1 9 4 5 5 3 0 3 6 3 9 7 9 6 3 8 6 0 2 13 0 25 7 10 37 20 20 12 40 36 74 68 60 11 35 83 84 214 68 10 155 502 4 0 10 4 3 0 1 3 0 2 0 0 0 3 2 4 0 1 2 3 3 6 2 1 4 3 0 8 9 2 4 4 5 16 10 26 13 101 12 0 0 64 6 21 13 26 1 17 25 5 3 23 
9 3 9 0 2 5 2 6 6 4 4 4 8 2 2 5 8 7 3 2 4 4 3 8 4 0 0 11 0 44 10 34 31 15 13 9 36 38 81 47 57 7 44 72 75 181 87 104 12 447 4 2 6 2 1 2 2 4 0 1 1 1 2 2 4 7 2 4 1 0 4 0 2 0 9 2 1 6 16 6 6 6 6 13 19 16 12 86 15 0 0 55 6 18 11 16 2 21 14 8 0 27 
52 82 52 11 24 39 45 32 34 38 31 48 57 27 32 51 96 71 40 42 47 47 39 90 39 2 8 110 10 347 76 271 306 115 134 123 310 410 599 571 377 80 228 409 411 715 346 922 1098 45 47 22 83 33 11 13 21 33 0 7 8 3 1 35 44 55 19 23 2 10 37 25 9 19 74 55 7 54 145 82 65 53 66 157 71 165 104 692 108 0 0 203 57 153 103 139 21 153 137 21 10 158 
6 14 17 0 4 11 12 8 4 7 5 7 6 16 9 21 15 7 8 0 1 1 10 11 10 0 1 14 4 18 9 11 17 14 3 4 7 3 12 11 4 2 3 8 5 7 11 12 10 71 3 17 51 39 14 16 31 60 0 43 13 0 3 23 28 29 9 25 4 18 6 15 13 32 17 9 5 22 116 17 8 2 11 23 17 22 11 44 10 0 0 1 3 9 4 3 1 6 12 2 1 11 
3 5 5 0 0 5 2 3 3 6 4 8 14 6 17 10 9 3 2 3 0 0 5 1 5 0 2 5 0 8 3 8 9 4 8 5 4 3 11 8 5 0 1 4 3 14 2 2 3 26 8 2 47 58 14 6 24 30 0 8 7 2 2 20 14 21 3 12 1 8 6 14 17 7 3 9 1 6 79 3 8 1 7 17 9 10 6 30 6 0 0 3 1 4 6 4 3 5 1 2 0 8 
6 6 6 1 1 12 12 10 6 3 0 9 7 15 8 22 8 8 4 8 1 2 4 16 6 2 1 11 2 23 12 21 19 19 9 3 5 8 18 22 7 1 7 11 18 22 6 14 17 75 69 40 10 36 18 14 22 62 0 32 16 0 14 25 18 35 10 30 8 32 13 19 16 18 15 14 3 24 141 15 17 2 7 30 18 21 13 46 16 0 0 12 2 13 10 4 0 25 7 5 5 9 
3 9 6 3 0 4 3 1 5 5 1 7 5 5 1 14 7 3 2 0 0 4 3 3 2 0 0 3 1 6 2 9 18 13 6 5 3 1 5 8 1 1 3 4 3 4 6 2 3 13 24 15 32 2 8 3 18 24 0 38 5 1 7 25 11 14 5 8 6 15 12 12 5 8 14 7 4 17 75 8 3 2 5 12 3 10 2 18 1 0 0 5 4 3 3 2 0 6 5 2 3 6 
1 2 1 3 1 3 3 1 1 5 3 3 4 1 4 9 3 1 0 1 1 0 2 5 2 0 0 4 1 15 2 4 7 4 1 1 1 1 2 2 3 1 0 3 1 0 4 3 6 11 18 10 22 12 4 1 3 15 0 10 4 1 4 6 9 13 2 9 7 4 2 5 7 3 2 7 2 10 72 7 5 2 7 15 3 6 2 13 3 0 0 3 1 7 0 2 0 8 0 1 0 2 
3 2 5 2 2 2 2 0 2 7 2 1 2 2 1 9 3 2 1 1 1 1 1 5 0 0 1 5 2 6 1 4 6 6 4 1 1 0 4 3 0 1 3 2 0 3 2 2 2 6 11 7 18 4 5 0 8 16 0 18 6 2 3 14 10 8 1 2 2 5 6 5 6 4 4 14 3 14 68 3 2 3 2 13 3 2 2 7 2 0 0 1 1 1 2 1 1 2 3 0 1 3 
7 4 10 0 5 7 7 12 4 4 1 10 8 5 13 14 6 5 1 0 2 2 2 8 1 0 2 11 3 6 0 11 8 5 6 3 4 5 12 5 1 0 4 6 4 3 3 4 7 19 23 20 32 30 18 5 3 11 0 26 7 0 5 10 15 25 6 19 5 10 8 7 12 8 23 26 2 14 90 3 9 0 5 17 16 16 1 34 6 0 0 5 0 4 2 4 0 6 4 0 1 1 
3 14 8 1 0 8 6 11 5 19 3 11 20 13 4 25 10 5 2 3 2 4 2 8 7 1 2 5 3 14 6 7 11 9 12 9 5 5 14 8 2 1 7 6 2 12 2 10 8 23 43 16 60 53 31 18 10 4 0 35 10 4 6 20 26 23 9 25 21 11 24 18 13 11 62 33 8 27 168 13 9 4 15 25 12 16 9 42 10 0 0 8 3 4 1 15 0 8 11 2 4 9 
0 0 0 0 0 0 0 1 0 0 0 0 0 0 0 0 0 0 0 0 0 0 0 0 0 0 0 0 0 0 0 0 0 0 0 0 0 0 0 0 0 0 0 0 0 0 0 0 0 0 0 1 0 0 0 0 0 0 0 0 0 0 0 0 0 0 0 0 0 0 0 0 0 0 0 0 0 0 0 0 0 0 0 0 0 0 0 0 0 0 0 0 0 0 0 0 0 0 0 0 0 0 
4 8 19 4 2 14 12 5 1 4 4 10 8 11 11 44 19 11 3 9 5 3 11 9 7 1 3 16 2 20 12 11 8 8 8 1 0 4 13 7 9 3 5 5 7 3 7 2 3 20 38 35 51 49 19 18 15 53 0 1 6 3 10 23 27 30 18 31 4 23 19 29 5 20 29 32 3 37 66 14 2 4 15 14 9 9 5 29 3 0 0 4 5 1 0 7 0 5 0 1 0 0 
0 1 1 2 1 4 4 1 1 3 2 1 2 4 1 2 3 0 0 0 1 0 1 2 0 0 0 4 0 22 5 10 5 6 6 0 4 3 8 6 1 1 0 2 3 10 2 7 3 14 14 16 19 8 8 4 9 24 0 5 2 6 5 14 34 19 7 26 5 22 22 17 9 16 13 15 4 8 39 4 7 6 2 5 6 7 2 13 4 0 0 1 0 1 0 1 0 1 2 0 0 1 
6 14 16 2 3 14 12 18 10 9 12 26 17 7 11 11 17 9 5 1 2 0 1 3 0 0 1 1 5 59 36 32 20 25 20 20 34 65 45 52 16 4 11 13 33 11 8 12 23 55 15 8 17 26 17 13 18 48 0 25 19 2 0 80 63 75 23 40 11 60 28 51 9 22 13 6 4 12 61 24 20 8 17 20 7 20 6 30 12 0 0 4 5 6 6 5 0 4 3 0 0 2 
1 1 2 0 0 8 2 8 2 7 0 2 3 1 1 1 1 0 1 1 0 0 0 0 0 0 0 0 1 4 0 2 0 2 4 6 6 9 11 3 2 0 1 0 2 3 0 4 2 4 4 4 9 10 5 2 10 24 0 21 2 1 0 5 14 21 10 24 10 17 20 14 6 10 3 2 0 5 48 11 9 2 6 3 1 7 0 1 2 0 0 3 0 0 0 1 0 1 0 0 0 1 
1 19 3 2 3 7 12 7 15 7 4 4 5 0 0 1 6 5 3 1 0 3 0 4 0 0 1 1 2 33 15 13 3 2 20 9 32 14 43 20 20 3 8 14 7 16 6 16 9 31 19 18 41 15 27 12 35 46 0 22 2 4 5 4 21 42 13 26 18 23 46 55 12 12 15 13 1 20 82 8 7 3 7 3 5 5 6 13 5 0 0 4 3 0 1 0 0 1 1 0 0 1 
7 9 6 1 3 3 18 12 3 10 1 3 1 0 0 3 0 1 1 0 0 0 0 0 0 0 0 1 5 36 25 26 21 8 14 7 16 17 26 18 11 1 15 4 12 14 5 10 8 40 16 21 22 23 11 6 28 26 0 31 14 2 20 22 9 30 32 50 18 48 91 89 43 45 12 17 0 18 37 21 25 10 11 4 7 9 5 26 5 0 0 6 0 4 0 0 1 1 1 1 0 2 
3 16 15 1 2 14 19 15 17 12 4 7 5 0 2 2 1 1 1 0 0 1 0 0 0 0 0 1 6 82 40 83 29 33 31 18 40 13 36 32 14 4 6 9 22 15 6 20 25 71 14 18 38 32 15 13 31 31 0 59 28 5 32 31 57 18 18 63 51 97 147 201 64 60 13 15 1 15 66 15 19 23 18 9 5 16 5 29 11 0 0 3 6 2 1 4 0 0 2 0 0 1 
3 1 4 1 0 1 8 2 2 2 4 0 0 0 0 2 0 0 0 0 0 0 0 0 0 0 0 0 2 13 13 4 2 6 3 8 17 8 8 1 3 1 4 2 2 1 5 2 7 8 2 2 11 5 1 1 6 3 0 14 11 2 8 9 26 16 2 6 19 10 27 43 9 6 1 1 0 3 12 1 1 6 4 3 1 0 0 2 4 0 0 3 0 0 0 0 0 0 0 2 0 0 
8 9 5 0 0 5 8 4 5 5 0 3 4 0 1 2 0 0 0 0 0 0 0 0 1 0 0 0 5 26 8 9 3 10 9 6 18 7 15 11 1 0 4 1 8 7 7 3 6 18 5 10 30 19 11 8 24 28 0 31 18 3 4 10 32 45 7 1 12 26 77 99 26 45 15 6 0 6 48 15 7 2 13 5 1 2 1 7 4 0 0 1 0 0 0 0 0 0 1 0 0 1 
1 0 1 0 0 2 3 10 1 4 0 0 4 0 0 4 2 0 0 0 0 0 0 0 0 0 0 0 0 10 2 6 6 12 5 2 8 6 8 4 10 1 0 1 0 0 5 3 0 7 2 2 3 4 3 3 1 3 0 5 4 0 0 8 23 17 22 8 3 9 44 55 6 14 3 2 0 2 12 2 2 0 1 3 1 2 0 1 0 0 0 0 0 0 0 0 0 0 0 0 0 0 
2 2 2 0 0 4 3 8 1 5 1 2 1 0 0 1 0 0 1 0 0 0 0 0 1 0 0 0 1 13 6 4 3 8 11 4 2 5 9 3 3 0 2 2 1 1 2 2 1 4 4 13 9 6 10 1 8 12 0 6 11 0 3 20 33 41 16 14 3 4 78 92 26 40 13 2 0 8 28 2 3 2 3 1 0 0 0 3 1 0 0 0 0 0 0 0 0 0 1 0 0 1 
4 3 2 0 1 5 2 6 0 4 5 2 0 4 0 5 0 2 0 0 0 0 0 0 0 0 0 0 1 10 2 1 10 5 6 5 15 13 16 1 4 4 1 5 9 10 7 8 4 17 6 5 6 5 0 1 6 4 0 18 6 1 2 4 29 42 15 26 21 13 4 68 22 30 3 4 2 7 19 7 1 0 1 2 6 3 1 15 0 0 0 3 1 1 0 1 0 0 1 0 0 0 
0 2 1 1 3 5 3 6 2 3 2 2 3 0 0 2 3 0 0 0 0 0 0 0 0 0 0 0 0 9 3 4 13 9 16 6 14 10 21 2 2 0 1 3 0 5 2 3 10 22 5 3 5 3 3 2 3 3 0 11 7 0 6 22 44 58 19 48 27 37 60 8 40 41 3 3 1 10 34 5 2 1 3 2 0 4 1 13 3 0 0 2 0 0 0 0 0 0 0 0 0 2 
0 2 3 5 2 4 4 4 0 6 3 4 5 2 0 2 3 1 0 0 0 0 0 0 0 0 0 1 0 3 3 2 11 9 18 3 3 8 13 6 3 2 1 3 2 0 1 9 4 16 21 7 16 5 10 2 16 18 0 19 3 1 5 19 28 38 14 24 11 36 49 79 3 18 14 4 1 8 39 3 9 4 3 7 2 1 2 9 2 0 0 0 0 1 1 3 0 0 0 0 0 2 
5 5 5 1 3 9 5 15 3 8 3 7 7 0 3 3 2 2 0 0 0 0 0 1 0 0 0 0 2 3 1 2 5 10 6 17 9 17 17 6 2 0 2 4 3 3 3 2 13 26 21 5 17 13 19 4 5 12 0 32 12 0 7 19 21 67 19 42 24 82 71 95 13 2 10 11 2 16 71 9 15 2 8 1 3 1 3 22 3 0 0 7 0 1 0 0 0 1 0 0 0 4 
0 1 2 3 2 1 1 2 3 2 1 2 5 6 5 4 0 2 1 2 0 0 0 2 2 0 0 6 0 9 2 2 9 3 3 0 5 0 3 3 8 0 3 11 4 2 8 7 6 42 4 11 12 8 4 1 7 21 0 10 4 0 4 13 8 4 1 5 5 3 4 1 2 9 3 6 1 22 125 22 13 7 14 33 9 12 4 55 6 0 0 8 1 20 6 7 0 7 8 1 2 8 
1 4 1 1 3 2 5 1 4 4 1 0 4 3 2 10 5 4 2 3 0 0 1 0 0 0 0 1 1 4 1 6 4 3 4 0 5 3 5 6 1 0 2 6 11 1 14 3 5 45 3 0 14 10 3 3 5 16 0 11 3 0 1 5 4 8 0 3 1 10 4 2 3 4 18 5 10 39 144 38 36 9 30 56 19 14 5 61 10 0 0 9 1 11 6 8 3 16 20 1 1 11 
0 2 0 3 0 1 0 1 0 0 0 1 3 3 0 0 1 0 0 1 0 0 0 2 0 0 0 2 0 1 1 0 1 3 1 0 0 0 0 0 0 0 0 0 3 0 1 4 1 5 1 1 2 1 0 1 0 5 0 6 0 0 1 1 0 1 1 0 2 1 2 2 0 2 5 9 5 7 72 7 10 1 6 9 4 2 3 16 4 0 0 1 1 4 1 1 0 0 1 0 0 3 
4 0 7 0 1 2 3 2 0 2 0 0 10 1 3 6 1 1 2 0 2 0 1 1 2 0 0 0 0 8 1 1 2 3 6 4 1 2 2 4 1 1 14 8 4 7 1 3 5 14 1 5 15 11 7 4 9 20 0 13 2 0 0 12 4 4 0 1 0 5 1 1 1 2 23 22 17 3 72 14 6 14 18 41 21 13 4 40 9 0 0 7 2 3 4 9 1 7 7 2 1 7 
8 14 17 2 3 13 20 15 9 14 14 10 19 13 20 48 24 12 4 19 8 4 16 24 8 1 4 18 7 48 12 40 21 19 16 8 11 11 48 17 9 0 24 33 21 26 11 19 18 117 112 83 155 121 97 51 77 135 0 66 13 6 15 55 37 52 15 43 8 45 36 32 18 54 299 230 75 92 20 62 116 39 84 194 62 50 39 154 35 0 0 32 14 37 12 33 4 17 27 2 3 20 
2 6 1 0 1 0 1 2 0 0 0 3 1 1 0 1 2 1 0 0 0 1 4 0 1 1 0 2 0 9 0 2 4 1 1 0 3 0 6 6 6 9 9 12 15 4 9 4 6 24 10 5 11 12 6 2 3 28 0 4 0 1 3 3 11 9 1 4 5 2 2 2 3 6 33 45 25 44 68 4 14 4 14 84 42 21 7 67 24 0 0 8 5 9 2 7 2 12 27 1 0 15 
1 1 0 1 1 1 3 5 1 0 0 0 0 1 0 1 1 2 2 1 2 0 0 1 0 0 0 2 1 5 0 0 0 3 0 0 0 0 3 4 5 1 8 14 2 6 4 8 5 21 4 1 6 11 0 1 3 4 0 4 3 0 0 11 5 7 2 4 1 7 4 4 2 2 21 15 5 14 87 23 6 6 18 68 37 19 10 47 5 0 0 12 1 7 4 8 2 15 6 1 0 17 
3 2 2 0 0 0 0 3 0 2 1 0 3 4 0 2 2 0 1 0 1 0 0 1 1 0 0 0 1 5 0 5 3 4 1 0 0 1 7 6 6 3 11 19 10 13 10 13 17 42 2 1 4 1 0 1 2 5 0 6 1 0 0 6 1 5 1 0 1 3 8 2 2 2 21 22 4 19 49 18 14 9 8 40 14 29 15 97 20 0 0 28 8 15 7 11 6 31 30 1 2 37 
1 1 0 0 1 0 1 2 0 3 0 0 0 0 0 0 0 0 0 1 0 0 0 0 1 0 0 0 1 3 2 2 4 0 2 0 0 0 2 2 3 4 10 5 1 1 8 6 6 19 5 4 6 2 6 2 9 14 0 1 0 0 0 2 1 3 1 1 1 0 1 1 1 0 19 23 11 25 53 16 13 1 1 105 41 21 6 47 10 0 0 8 6 9 1 8 0 11 6 2 0 9 
3 6 4 0 2 9 11 7 3 2 0 1 1 0 0 0 1 1 1 2 0 0 0 0 1 0 0 0 2 5 6 7 4 6 3 1 0 1 9 11 13 16 56 71 31 44 32 45 32 153 22 19 40 26 17 15 42 49 0 24 3 3 1 5 9 6 6 9 4 4 15 3 6 1 115 72 31 114 283 144 122 53 162 16 186 105 67 243 50 0 0 60 20 34 30 42 9 56 35 8 8 43 
0 2 2 0 0 1 2 2 1 2 1 0 1 0 0 0 0 0 0 0 1 1 0 0 1 0 0 0 2 3 3 2 1 1 2 1 3 4 9 7 2 1 32 28 12 20 10 15 15 41 2 3 9 6 1 2 7 17 0 7 1 1 0 3 5 4 0 1 0 1 4 5 0 1 26 15 1 29 57 43 45 16 33 143 8 51 27 102 19 0 0 35 6 18 7 13 4 17 18 5 4 22 
0 7 4 0 0 2 2 1 1 6 3 1 0 0 2 1 4 6 5 5 5 2 0 4 4 0 0 3 2 21 5 12 12 5 5 6 8 17 43 6 9 5 47 72 21 51 22 32 25 117 15 8 23 10 0 5 15 7 0 9 2 4 0 4 4 8 4 1 0 2 6 3 0 1 23 25 5 22 40 28 35 10 28 84 70 11 18 58 55 0 0 84 23 34 44 32 2 21 18 9 5 47 
4 5 4 1 3 4 1 4 2 0 1 1 0 0 0 4 12 4 1 1 3 0 1 5 3 0 0 1 1 12 1 13 15 2 3 4 12 9 45 10 6 7 30 63 23 39 10 30 32 88 6 9 11 3 0 1 4 12 0 5 3 3 1 3 5 3 2 1 1 0 3 0 1 0 17 13 4 18 32 32 29 12 31 65 27 32 4 46 20 0 0 66 17 42 21 37 10 22 20 3 2 31 
14 21 9 3 8 8 7 8 9 9 0 3 10 3 2 15 13 13 11 4 14 3 2 25 12 0 2 38 0 89 10 55 77 29 20 14 51 63 139 40 33 17 81 132 55 126 96 138 144 681 41 16 60 16 18 7 25 35 0 17 6 1 4 9 19 11 2 4 3 5 9 12 9 2 57 50 15 59 99 54 49 47 58 171 93 93 39 15 28 0 0 152 37 105 64 120 27 99 101 20 15 160 
2 3 3 1 0 1 4 1 0 4 1 1 1 1 0 3 11 6 1 2 7 0 1 8 2 0 0 12 1 17 5 19 16 6 14 8 31 35 57 28 8 12 69 58 19 50 17 49 36 95 3 7 12 11 3 2 5 18 0 4 0 0 0 3 11 1 3 1 1 1 2 1 1 0 12 11 1 23 32 14 19 12 21 56 56 49 37 44 7 0 0 69 12 39 37 68 10 33 48 12 7 33 
0 0 0 0 0 0 0 0 0 0 0 0 0 0 0 0 0 0 0 0 0 0 0 0 0 0 0 0 0 0 0 0 0 0 0 0 0 0 0 0 0 0 0 0 0 0 0 0 0 0 1 0 0 0 0 0 0 0 0 0 0 0 0 0 0 0 0 0 0 0 0 0 0 0 0 0 0 0 0 0 0 0 0 0 0 0 0 0 1 0 0 0 0 0 1 1 0 0 0 0 0 0 
0 0 0 0 0 0 0 0 0 0 0 0 0 0 0 0 0 0 0 0 0 0 0 0 0 0 0 0 0 0 0 0 0 0 0 0 0 0 0 0 0 0 0 0 0 0 0 1 0 0 0 0 0 0 0 0 0 0 0 0 0 0 0 0 0 0 0 0 0 0 0 0 0 0 0 0 0 0 0 0 0 0 0 0 0 0 0 0 0 0 0 0 0 1 0 1 0 2 1 0 0 0 
3 23 16 1 10 15 16 18 17 9 4 13 28 14 4 20 22 14 8 3 3 5 5 12 12 0 4 30 7 94 46 61 63 78 65 28 147 175 277 109 75 17 79 268 197 253 147 244 383 624 19 24 58 16 7 4 30 27 0 18 5 3 0 12 18 14 5 2 3 1 5 8 6 2 47 26 6 48 104 59 70 68 62 151 149 189 164 489 218 0 0 17 64 164 129 651 59 352 170 41 14 204 
2 4 2 1 0 4 1 1 2 3 0 1 3 0 0 2 2 3 1 0 0 0 0 0 0 1 1 3 0 20 1 14 5 11 9 4 23 14 22 10 17 10 44 55 33 44 16 50 44 93 0 2 5 1 1 1 2 3 0 3 2 0 1 1 0 1 0 1 0 0 1 0 0 1 4 8 0 9 13 12 14 11 9 35 21 39 21 94 35 0 0 98 3 18 12 44 5 47 35 12 2 21 
2 2 1 0 0 0 4 0 1 3 2 1 7 4 0 0 2 0 0 0 0 0 3 0 1 0 0 0 0 15 3 12 9 8 14 4 16 9 43 14 11 10 28 84 42 39 17 35 62 125 7 2 10 6 2 1 4 3 0 1 0 0 0 0 1 1 0 0 0 0 0 1 0 0 10 8 3 13 31 21 16 6 19 48 19 45 35 141 52 0 0 82 7 7 4 43 3 33 16 7 4 49 
1 7 1 0 1 4 3 1 0 3 1 2 2 1 2 0 0 0 1 0 1 0 3 0 1 0 0 1 0 24 4 14 7 9 8 7 16 15 34 21 14 8 35 53 36 29 32 42 74 152 6 8 11 5 2 1 6 5 0 4 2 0 1 1 0 0 0 0 0 0 1 0 1 0 10 8 0 16 26 18 22 15 8 49 24 53 31 136 46 0 0 60 12 6 3 28 10 58 18 14 10 78 
2 3 2 1 0 2 2 2 3 1 1 1 1 0 3 1 4 0 0 0 1 0 0 1 0 0 0 2 0 25 0 8 11 3 6 5 15 18 35 16 8 9 43 61 36 55 25 23 44 72 1 4 4 1 0 1 2 1 0 3 1 0 0 1 0 0 0 0 0 0 0 1 0 1 5 11 0 9 22 7 10 7 27 34 17 46 21 119 37 0 0 122 37 40 27 2 5 39 13 6 8 38 
0 1 1 0 0 0 0 0 0 0 0 0 2 1 0 0 0 0 0 0 0 0 0 1 0 0 0 0 0 3 0 0 2 1 0 1 2 0 4 1 2 1 4 4 8 4 4 8 1 7 0 0 1 4 1 0 1 1 0 0 0 0 0 0 0 0 0 0 0 0 1 0 0 1 0 1 0 3 5 6 2 0 1 6 5 9 3 11 10 0 0 13 3 2 2 6 1 2 3 0 0 5 
1 1 1 1 0 0 0 2 0 0 2 0 0 0 0 0 0 0 0 0 0 0 0 0 0 0 0 0 0 5 2 6 1 0 1 4 1 8 14 5 5 5 17 36 20 14 15 18 17 61 2 2 10 2 0 1 4 3 0 0 0 0 0 0 1 0 0 0 0 0 0 0 0 1 10 3 4 1 16 13 9 9 11 16 22 20 17 74 16 0 0 33 11 7 12 32 3 9 5 5 2 30 
3 2 2 3 0 4 1 0 1 2 0 0 1 0 1 3 2 0 0 0 2 0 1 1 1 0 0 2 0 27 1 7 9 2 3 6 13 18 32 5 20 4 39 49 20 36 19 29 25 133 9 3 24 2 0 0 4 5 0 0 0 0 0 0 1 1 0 0 0 0 0 0 0 1 15 9 1 12 31 9 8 7 9 33 23 28 17 91 21 0 0 48 14 10 17 15 2 4 4 0 0 22 
0 0 0 0 0 1 0 0 1 0 0 0 0 0 0 0 0 0 0 0 0 0 0 0 0 0 0 0 0 0 0 0 0 1 0 3 3 0 4 4 2 0 4 5 1 5 0 4 6 6 0 0 1 0 0 1 0 1 0 0 0 0 0 0 0 0 0 0 0 0 0 0 0 0 1 0 0 1 1 2 4 0 4 6 1 5 4 16 2 0 0 7 0 2 5 5 0 1 1 0 0 2 
0 1 1 0 0 0 0 1 0 0 0 0 0 0 0 0 0 0 0 0 0 0 0 0 0 0 0 2 0 1 0 1 1 0 1 0 1 3 17 0 0 0 5 3 2 1 3 0 4 8 0 0 1 0 0 0 2 2 0 0 0 0 0 1 0 0 0 0 0 0 0 0 0 0 2 6 0 3 5 4 3 1 0 3 5 4 1 16 14 0 0 21 0 5 4 7 1 3 4 0 0 3 
11 18 11 3 6 6 6 3 11 4 1 9 6 4 4 8 13 5 8 1 4 2 3 2 2 0 0 14 3 57 21 33 49 16 26 27 59 58 118 54 38 15 112 103 78 82 92 78 101 317 27 9 42 25 3 3 14 16 0 6 4 0 0 3 4 5 4 1 1 1 4 2 3 6 37 15 1 26 63 27 27 33 40 80 41 79 41 384 93 0 0 129 23 101 97 120 8 92 41 8 3 15 
