5 3 12 2 9 21 31 5 29 33 8 31 131 78 45 26 20 12 17 9 3 10 9 62 14 1 0 49 1 0 1 0 26 1 3 6 0 14 6 7 15 0 19 9 27 24 12 4 2 55 6 7 7 6 4 1 1 0 0 1 1 0 1 1 2 15 5 8 1 1 1 1 9 7 0 4 0 1 4 2 2 0 2 3 0 9 0 45 7 0 0 1 1 2 3 2 0 1 0 1 0 16 
1 5 1 4 7 23 22 11 45 27 12 90 102 74 44 40 15 17 28 22 1 15 2 34 18 8 0 38 1 1 2 0 21 1 6 1 6 1 7 10 11 1 8 9 41 9 35 12 11 62 7 6 7 8 4 0 1 3 0 1 0 0 0 5 2 4 1 0 0 1 2 1 2 9 2 2 0 0 4 2 1 4 2 9 0 13 0 19 2 0 0 5 5 0 4 4 0 0 0 2 0 11 
29 6 8 6 21 15 16 13 100 43 32 32 89 88 92 35 15 18 34 23 14 11 3 26 12 2 0 31 2 1 0 1 20 0 0 0 6 1 6 10 18 2 5 5 27 8 10 12 7 61 8 2 3 2 2 0 1 6 0 3 0 0 2 7 8 11 1 2 0 3 3 0 3 4 5 1 0 1 10 0 1 2 2 4 0 7 1 25 1 0 0 7 2 1 0 2 0 0 1 1 1 14 
13 5 6 2 6 6 18 3 22 32 0 17 32 23 8 6 0 7 6 2 1 0 0 7 7 1 0 12 2 0 0 0 0 0 1 1 0 0 1 3 1 0 0 0 5 1 3 0 0 13 3 0 1 0 0 0 0 1 0 0 0 4 0 1 0 0 0 0 0 0 4 1 0 5 2 0 0 0 1 0 0 0 0 0 0 0 0 4 2 0 0 0 1 1 0 0 0 1 0 0 0 6 
11 6 3 0 2 1 8 6 8 19 5 13 27 39 7 10 5 13 1 3 3 3 5 21 25 1 1 20 0 3 1 0 3 0 0 1 2 0 2 1 1 0 4 3 15 7 4 1 2 40 7 0 0 1 0 0 1 0 0 1 0 1 0 0 4 0 0 1 0 0 1 1 3 2 0 0 1 0 0 1 0 0 0 0 0 1 1 12 2 0 0 2 1 1 0 3 0 0 1 0 0 0 
56 51 42 1 4 2 12 10 9 27 19 22 60 59 65 50 21 16 36 15 14 13 17 70 21 4 1 42 12 4 1 1 11 2 0 2 2 5 9 18 23 0 7 7 13 8 12 2 2 61 9 3 4 1 0 0 2 2 0 5 1 0 2 4 1 4 3 12 3 0 0 0 0 10 0 1 2 0 11 1 0 0 0 1 0 2 0 11 0 0 0 10 0 2 0 1 0 0 5 0 0 8 
11 30 36 10 13 1 2 4 33 10 8 34 79 37 27 19 17 9 26 28 1 20 14 28 12 1 0 15 0 1 0 6 14 3 3 0 2 3 1 2 2 6 20 3 8 12 5 0 12 42 7 7 8 1 0 0 0 2 0 2 0 0 0 3 0 5 6 5 5 1 0 2 0 2 2 1 1 1 0 0 0 0 0 0 0 2 0 11 3 0 0 5 1 2 1 0 0 0 4 0 0 7 
26 26 34 0 2 6 8 1 2 15 6 28 86 43 11 39 13 5 22 7 4 5 4 48 18 0 0 52 14 0 1 5 12 0 0 0 0 1 8 6 6 0 8 1 5 8 13 3 4 41 4 0 5 0 1 12 0 0 0 0 0 12 0 5 1 7 2 1 3 0 5 4 2 19 2 1 0 0 1 0 0 1 0 0 0 0 0 12 0 0 0 1 0 2 0 0 0 0 1 0 0 8 
36 22 42 4 7 7 10 3 1 4 5 13 34 19 9 28 27 9 36 19 4 7 3 22 17 1 4 33 17 4 2 1 7 0 0 1 0 2 12 8 4 0 6 8 2 2 14 1 0 41 5 1 4 3 1 0 0 0 0 3 0 0 0 3 3 3 0 1 1 0 1 0 0 32 3 0 0 0 1 0 0 0 0 0 0 0 0 2 1 0 0 1 2 4 0 0 0 0 0 0 0 9 
51 27 4 1 2 4 8 10 7 0 1 3 26 16 12 28 23 1 21 7 2 3 2 31 21 0 1 33 2 0 0 1 2 0 0 0 1 0 1 2 1 0 2 0 0 1 12 3 2 30 5 2 7 2 0 0 1 0 0 0 0 0 0 0 5 3 0 7 0 2 1 0 1 3 1 1 0 0 0 0 0 0 0 0 0 0 2 5 1 0 0 2 0 0 0 0 0 0 0 0 0 2 
15 9 2 9 2 10 6 5 9 11 2 3 17 19 1 11 16 4 15 11 0 28 0 10 2 0 0 13 1 0 0 0 3 0 0 0 0 1 7 1 0 1 5 1 4 2 8 0 1 13 3 0 1 0 0 0 0 1 0 0 0 9 0 0 1 0 0 0 0 0 0 1 0 4 0 1 0 2 0 0 0 0 0 0 0 0 0 7 0 0 0 0 0 0 0 0 0 0 0 1 0 3 
39 44 24 7 10 31 15 23 11 4 3 2 6 24 10 17 17 9 39 11 5 23 4 43 21 3 0 42 7 6 1 0 14 0 0 2 2 2 14 9 1 1 3 0 2 8 9 3 0 44 11 6 2 1 1 0 0 7 0 0 0 2 2 0 0 8 0 0 0 0 4 0 0 7 0 0 0 0 9 0 0 0 0 0 0 0 1 1 4 0 0 1 1 2 1 0 0 0 0 0 0 6 
21 32 21 1 4 59 35 33 36 32 1 0 2 1 5 33 14 9 30 21 13 18 1 35 27 1 1 74 1 8 3 4 11 5 0 0 3 3 4 7 1 0 10 2 4 10 9 3 7 38 4 1 6 1 1 0 0 2 0 7 0 4 6 0 3 0 0 0 1 0 0 0 1 10 4 0 0 0 8 0 0 0 0 0 0 1 0 0 1 0 0 8 0 3 2 3 0 0 0 0 0 10 
24 24 27 4 8 26 6 7 29 22 5 3 18 0 1 6 6 11 18 13 15 20 3 49 49 3 0 98 1 0 0 1 1 0 0 0 0 2 0 1 4 0 1 0 2 1 0 0 0 15 6 6 7 1 0 0 0 14 0 2 0 0 0 0 0 0 0 0 0 0 0 0 0 0 1 1 0 0 1 0 0 1 0 0 0 0 0 1 1 0 0 2 0 1 0 0 0 0 0 0 0 4 
28 37 23 6 6 44 16 40 13 25 6 18 32 2 1 1 4 12 32 7 38 8 11 72 38 9 0 68 4 4 2 2 8 0 0 0 0 0 0 0 1 0 3 1 0 3 0 2 0 29 9 0 2 1 3 0 3 3 0 2 0 3 0 0 0 0 0 0 0 0 0 0 0 3 2 4 0 0 4 0 0 0 1 0 0 0 0 4 1 0 0 3 1 0 0 1 0 0 0 0 0 4 
37 18 17 7 25 27 16 15 10 16 7 27 12 1 1 2 2 16 7 24 25 24 22 59 26 5 0 55 3 10 4 7 23 2 11 2 7 1 1 3 8 0 27 7 14 2 14 2 0 36 5 7 7 6 2 1 1 2 0 0 1 0 1 0 0 0 0 0 0 0 0 0 0 0 5 2 4 0 7 0 1 1 0 0 0 6 2 7 1 0 0 1 3 0 0 2 0 0 0 0 0 3 
38 32 23 3 9 14 23 19 12 66 29 8 30 18 9 9 3 5 33 10 14 22 19 62 26 10 1 43 2 18 13 17 64 4 3 1 3 1 0 30 11 2 35 7 21 19 31 9 15 61 7 0 12 1 2 2 1 2 0 2 0 0 0 0 0 0 0 0 0 0 1 0 2 9 4 1 0 0 9 0 0 0 0 0 0 1 6 17 5 0 0 8 0 0 0 1 0 0 1 0 0 14 
20 18 20 6 8 7 16 8 10 33 8 17 16 17 9 23 3 4 6 4 8 5 4 45 9 4 1 47 0 5 3 8 18 3 3 2 5 0 13 6 13 1 11 4 6 7 14 1 10 82 10 4 21 0 1 0 0 5 0 0 0 2 0 0 1 0 0 0 0 0 0 0 0 0 1 2 0 0 5 0 0 6 0 0 0 0 3 26 1 0 0 1 2 0 0 0 0 0 0 0 0 8 
22 37 18 1 3 18 0 10 2 11 9 6 17 14 12 13 3 2 1 1 8 2 2 44 16 0 0 34 2 5 2 2 25 0 1 0 2 1 4 2 1 0 13 1 12 2 7 1 0 22 0 1 1 1 0 0 2 1 0 0 0 1 0 0 0 0 0 0 0 0 0 0 0 0 0 0 0 0 2 1 0 0 0 0 0 0 0 3 0 0 0 13 0 0 0 0 0 0 0 0 0 2 
28 41 18 7 6 17 9 8 13 19 3 23 9 36 20 42 49 35 13 1 1 2 9 25 9 2 0 57 7 5 4 11 16 1 8 5 5 2 10 13 19 2 3 4 3 7 3 2 10 34 6 2 2 1 3 2 3 0 0 1 0 1 0 0 0 0 0 0 0 0 0 0 0 0 6 1 0 2 5 2 0 0 0 0 0 4 4 8 4 0 0 0 0 0 0 0 0 0 0 0 0 0 
15 9 11 1 0 12 2 11 12 9 9 20 24 65 15 40 46 41 63 4 1 1 3 9 6 8 3 54 5 2 0 2 5 0 2 3 11 9 9 7 17 1 4 5 3 13 2 2 0 19 0 0 2 0 0 0 5 2 0 0 0 0 0 0 0 0 0 0 0 0 0 0 0 0 1 0 0 0 5 0 0 0 0 0 0 3 0 4 2 0 0 0 0 0 0 0 0 0 0 0 0 1 
19 10 29 0 10 6 14 17 7 18 2 13 24 36 27 44 41 26 29 6 0 1 3 12 1 0 2 35 5 9 0 4 7 3 1 1 6 3 11 3 12 0 16 1 8 2 3 1 2 40 4 0 1 7 5 1 0 1 0 0 0 0 0 0 0 0 0 0 0 0 0 0 0 0 5 1 0 0 4 0 0 0 0 0 0 0 0 9 1 0 0 2 0 0 0 0 0 0 0 0 0 0 
18 28 7 5 5 8 4 10 25 29 10 33 39 19 21 101 61 54 66 32 4 8 2 21 7 43 8 99 4 4 1 0 19 9 2 3 2 3 16 7 11 2 1 1 9 6 20 18 5 43 3 12 8 4 0 3 6 2 0 0 0 0 0 0 0 0 0 0 0 0 0 0 0 0 2 3 0 1 5 1 0 0 0 0 0 0 3 8 0 0 0 0 0 0 0 0 0 0 0 0 0 2 
48 52 26 6 9 26 15 38 25 39 30 53 99 116 84 130 147 112 109 20 9 14 9 7 1 11 12 128 4 4 2 1 38 2 8 22 41 6 30 26 11 0 17 3 30 23 19 6 9 90 12 13 9 7 7 2 10 10 0 1 0 2 0 0 0 0 0 0 0 0 0 0 0 0 25 6 0 7 15 0 0 1 0 1 0 11 0 12 1 0 0 1 1 0 0 0 0 0 0 0 0 3 
23 23 11 5 6 21 11 16 15 34 7 27 68 50 35 39 36 66 52 20 4 7 2 10 1 0 2 57 2 12 3 6 36 4 9 4 12 5 12 33 17 3 5 6 24 15 12 6 3 53 15 6 23 2 3 2 6 1 0 1 3 4 0 0 2 0 0 0 0 0 0 0 0 1 6 7 1 20 12 4 2 0 1 0 0 9 4 14 3 0 0 1 0 0 0 0 0 0 0 0 0 0 
6 4 6 1 0 1 0 9 1 7 0 1 3 10 4 12 2 18 18 12 7 10 5 59 7 1 5 13 0 2 0 0 3 0 4 0 0 3 5 1 0 0 0 0 0 0 0 0 0 10 0 0 0 1 0 1 0 1 0 0 0 0 0 0 0 0 0 0 0 0 0 0 0 0 0 0 0 0 0 0 0 0 0 0 0 0 0 2 0 0 0 0 0 0 0 0 0 0 0 0 0 0 
3 7 2 5 0 12 2 3 14 4 7 12 12 28 26 28 66 43 17 52 16 28 10 197 37 1 0 71 0 1 0 1 6 3 0 0 6 1 1 1 5 0 3 2 6 4 1 0 5 21 2 0 13 3 2 1 1 2 0 0 0 0 0 0 0 0 0 0 0 0 0 0 0 0 0 2 0 0 5 1 0 0 0 0 0 4 0 1 0 0 0 0 0 0 1 0 0 0 0 0 0 1 
46 36 24 10 17 30 11 25 22 70 35 47 87 183 149 115 91 98 69 102 76 103 69 126 100 19 13 10 2 6 3 17 55 10 20 11 35 7 35 30 57 2 10 13 42 35 29 10 17 141 16 5 24 11 4 16 7 10 0 2 4 1 2 1 4 0 0 0 0 0 0 0 0 1 4 8 0 2 32 3 3 2 2 2 3 3 6 69 7 0 0 5 3 0 0 0 0 0 2 0 0 11 
1 2 0 0 0 2 1 0 7 2 0 0 0 4 1 4 0 0 0 2 0 0 3 16 1 0 0 8 0 0 0 1 1 0 1 0 0 0 0 2 0 0 0 1 0 0 1 0 0 2 0 0 0 0 0 0 0 0 0 0 0 0 0 0 0 0 0 0 0 0 0 0 0 0 0 0 0 1 0 0 0 0 0 0 0 0 0 0 0 0 0 0 0 0 0 0 0 0 0 0 0 0 
1 8 0 1 3 1 6 7 6 14 1 7 13 1 6 7 28 33 37 12 1 4 1 11 17 0 2 3 2 3 28 46 283 103 219 176 344 197 99 106 92 7 57 55 90 63 59 16 66 369 17 14 25 12 3 5 5 11 0 23 4 9 0 18 12 34 6 8 6 3 0 3 1 0 7 12 12 14 11 4 1 3 2 0 2 19 4 99 15 0 0 16 8 8 3 4 1 6 22 0 1 44 
1 0 3 0 0 1 0 1 0 3 0 1 3 0 0 19 5 21 28 1 1 0 0 5 2 1 0 3 0 39 1 25 97 10 48 59 126 55 18 56 16 0 15 13 36 24 21 6 19 82 5 0 5 0 0 0 1 3 0 4 0 1 3 1 3 5 2 6 1 0 0 1 0 0 0 0 0 3 4 1 1 1 1 0 0 4 0 27 6 0 0 8 0 5 3 0 0 1 12 0 0 20 
9 3 0 3 0 3 0 0 1 1 0 1 5 0 15 8 17 9 6 17 0 9 2 4 3 0 0 5 0 50 14 4 85 4 33 43 117 148 64 37 73 1 58 34 65 35 45 2 15 248 4 4 9 17 3 1 3 2 0 6 0 4 0 1 3 10 4 0 1 7 1 0 0 0 2 3 11 0 22 1 0 1 2 3 0 12 0 62 14 0 0 15 6 4 0 2 0 1 1 1 1 21 
1 4 2 1 0 0 1 0 0 1 0 3 2 1 1 4 1 13 8 0 1 2 0 16 1 1 0 5 0 84 20 12 6 2 7 10 27 35 25 34 31 7 22 9 25 32 39 7 26 176 18 5 13 5 1 3 1 3 0 2 0 1 1 2 1 2 0 1 4 2 1 2 3 4 5 4 0 2 7 3 0 2 1 1 0 6 1 41 3 0 0 8 6 2 2 2 1 6 1 1 1 30 
1 1 0 0 0 1 0 0 1 0 0 0 1 1 0 1 3 1 4 1 0 4 0 14 1 0 0 3 0 24 9 15 31 0 3 8 29 34 11 15 28 1 24 6 16 20 29 7 11 91 12 3 14 3 0 5 1 4 0 0 0 0 0 0 1 6 0 1 1 2 3 3 4 6 2 0 0 0 6 0 1 1 0 0 0 2 3 16 3 0 0 8 1 3 0 1 0 0 1 0 1 24 
8 0 0 0 1 0 0 0 0 0 0 0 3 0 0 0 1 0 5 1 4 1 0 15 3 1 0 11 0 44 15 15 47 0 6 5 36 27 15 29 12 2 14 13 13 8 7 2 4 107 1 0 2 0 0 0 3 0 0 0 1 0 1 0 0 2 1 0 0 1 0 5 0 0 0 0 0 0 6 0 0 0 0 0 0 0 0 8 3 0 0 9 5 4 18 4 0 4 0 2 0 16 
9 4 0 0 0 0 1 0 0 0 0 0 0 0 0 5 2 1 7 0 3 1 3 8 8 0 0 6 0 55 5 19 54 3 3 1 28 13 15 9 11 1 20 4 32 9 25 5 13 61 1 2 2 0 0 0 0 0 0 0 0 0 0 0 1 1 1 0 0 0 1 0 0 2 1 1 0 0 0 0 0 1 0 0 0 5 0 13 0 0 0 5 0 4 0 7 0 2 3 3 0 23 
0 1 0 0 0 0 0 0 0 0 0 0 0 0 0 0 0 1 5 0 0 0 0 2 0 0 0 2 0 46 13 23 46 5 8 4 1 3 39 41 30 8 31 12 25 32 70 13 9 254 2 5 1 2 0 0 1 0 0 0 0 0 0 0 1 3 0 0 0 1 1 2 1 0 0 0 0 2 1 0 0 0 0 0 0 3 2 23 0 0 0 6 7 1 2 5 0 1 10 3 1 33 
1 7 7 0 1 0 5 0 1 2 0 2 4 2 3 0 3 1 0 0 3 3 0 8 6 1 1 2 0 45 8 64 72 9 9 10 16 5 12 24 62 0 53 39 55 30 50 4 27 257 3 0 0 1 0 0 1 0 0 0 0 0 0 4 1 1 0 1 1 0 6 1 4 6 3 0 0 0 1 0 0 5 0 0 0 8 3 35 8 0 0 11 5 2 1 3 1 0 2 0 2 56 
5 8 9 1 12 11 25 2 3 9 0 10 6 3 0 0 1 4 2 3 1 5 1 20 24 2 0 20 1 52 58 41 118 20 27 22 46 26 3 62 73 1 32 37 39 20 51 10 26 207 4 2 9 1 2 0 4 2 0 0 1 6 3 2 4 2 1 0 1 1 5 8 1 17 6 1 0 3 3 2 0 0 1 0 3 9 10 73 2 0 0 16 14 10 4 1 1 2 1 0 3 48 
17 32 17 7 2 6 9 13 15 10 23 11 20 1 0 37 6 15 25 7 2 0 2 28 18 2 0 46 0 88 10 69 210 16 31 25 147 124 73 3 10 5 23 48 65 54 57 10 10 239 20 1 6 3 1 0 4 0 0 0 2 1 1 2 4 9 0 5 0 0 2 1 3 8 4 2 0 1 3 0 4 3 1 2 0 1 9 18 4 0 0 6 19 2 7 1 2 1 2 0 4 32 
25 11 21 0 2 3 0 1 3 10 2 4 2 2 0 10 13 3 2 0 2 1 0 24 8 1 1 22 2 111 12 41 120 15 33 16 67 69 48 14 1 4 10 18 40 31 23 3 10 192 1 1 5 0 1 0 0 2 0 0 1 0 0 4 5 3 0 0 0 2 1 2 1 3 4 1 0 7 4 2 1 6 0 2 6 7 4 10 0 0 0 4 6 0 0 0 0 0 1 1 0 31 
4 12 0 0 0 10 0 1 3 2 0 0 1 3 9 2 0 1 9 1 0 1 0 6 1 1 0 10 0 23 2 7 49 5 7 2 31 8 11 3 3 5 6 19 18 17 4 0 4 53 2 0 1 1 0 0 4 2 0 0 3 2 0 0 1 1 0 0 0 0 0 5 2 12 3 1 0 2 4 3 1 13 1 5 3 0 1 24 10 0 0 2 0 1 3 8 1 3 1 0 1 3 
5 2 7 0 0 2 0 0 0 3 0 2 2 2 1 2 2 2 1 0 13 0 0 4 0 1 1 13 0 36 4 11 73 5 12 4 35 28 9 1 12 1 3 1 4 8 2 2 10 59 5 3 7 1 1 0 0 4 0 1 0 0 1 0 0 0 0 0 0 0 0 1 5 1 12 5 0 0 0 11 2 3 6 6 12 18 2 44 0 0 0 3 5 0 4 10 0 3 3 0 4 100 
4 8 2 1 1 7 2 1 1 1 2 0 1 1 2 0 1 4 3 1 3 1 0 4 1 2 0 13 1 40 17 18 62 7 16 19 38 36 19 10 7 2 10 0 27 22 20 3 9 91 7 0 6 1 0 0 2 0 0 2 2 0 0 1 0 1 0 1 0 0 3 0 1 2 2 9 0 8 12 18 7 6 5 6 16 15 2 46 5 0 0 9 12 4 3 10 1 27 3 4 5 60 
8 6 7 0 1 3 3 2 4 4 1 0 2 3 4 3 4 1 8 2 2 2 0 24 17 1 0 14 1 44 6 23 114 12 16 15 65 53 18 12 22 5 23 3 1 7 8 2 17 99 2 3 7 2 0 3 1 1 0 0 1 0 0 2 6 4 7 0 6 2 2 2 6 4 4 4 0 1 1 0 0 6 0 5 2 22 0 32 1 0 0 1 4 10 0 1 0 1 5 0 3 53 
14 13 9 3 6 14 2 6 4 5 2 2 2 5 0 2 3 8 9 3 2 3 3 20 10 3 2 17 0 30 10 29 185 6 7 34 64 36 36 10 13 4 10 25 2 4 3 6 20 80 16 1 7 5 1 1 0 4 0 0 1 3 0 1 3 7 3 0 0 2 2 2 7 9 1 8 2 0 12 5 1 4 5 5 0 6 10 70 1 0 0 7 0 6 6 5 0 2 2 0 0 65 
10 17 7 2 11 2 3 2 1 3 0 3 19 0 2 6 6 2 3 6 3 2 3 18 9 2 0 22 11 58 11 41 144 13 18 20 70 35 15 16 44 0 21 10 22 15 1 7 5 33 6 1 3 1 1 0 0 3 0 2 0 1 0 0 2 6 4 1 7 0 0 2 2 9 7 6 0 1 13 0 3 6 2 17 4 23 1 104 3 0 0 1 4 14 3 3 0 5 6 0 2 87 
11 15 2 0 2 14 8 4 5 1 7 5 0 3 2 1 1 3 3 3 2 5 0 22 5 7 0 45 0 43 14 15 139 12 14 22 35 15 51 20 17 9 36 33 38 32 31 9 26 101 17 1 7 2 0 0 3 2 0 1 3 0 0 1 2 19 4 2 6 0 5 5 7 4 11 4 1 3 6 2 1 5 8 12 5 7 13 77 13 0 0 8 10 4 2 4 1 6 7 0 13 60 
10 10 9 0 1 8 3 3 0 6 2 0 7 13 0 0 4 19 6 1 4 14 2 35 10 1 0 16 2 33 7 31 123 6 16 21 54 24 31 25 26 2 42 29 47 40 33 12 2 64 21 2 1 3 1 0 1 1 0 3 3 1 0 1 14 20 0 0 2 0 6 1 10 5 14 5 3 3 14 1 2 4 1 17 2 13 2 108 4 0 0 11 4 3 14 10 4 12 8 1 1 73 
43 55 45 15 14 30 34 17 9 25 12 16 11 18 4 5 28 21 20 9 7 7 16 107 42 2 0 59 4 212 34 158 725 31 52 106 318 122 110 69 59 8 75 74 67 61 32 36 47 15 30 6 26 13 6 2 4 5 0 5 6 10 4 7 10 17 3 8 7 2 13 5 18 26 46 36 1 18 28 15 18 23 19 18 7 23 20 360 5 0 0 20 7 6 27 8 0 10 18 1 7 210 
11 13 10 1 4 12 3 2 8 6 0 0 11 17 22 7 16 5 4 5 3 0 2 46 9 11 0 26 0 14 1 11 100 19 8 8 29 4 6 9 10 0 13 8 13 22 11 6 3 58 2 2 4 11 5 1 11 6 0 56 6 0 1 35 31 31 3 21 2 15 9 14 24 63 6 3 4 5 42 9 18 1 4 13 5 43 3 51 6 0 0 5 6 4 8 8 3 6 3 0 0 23 
4 2 2 1 1 1 0 0 1 2 0 1 5 3 4 1 1 1 2 0 0 0 1 16 5 0 0 11 1 7 2 3 71 3 8 5 16 0 6 1 1 2 7 7 4 12 10 1 2 11 6 2 0 3 3 0 3 5 0 15 7 0 0 12 17 22 6 8 3 5 0 2 13 31 17 3 1 0 42 1 0 1 2 12 2 6 1 35 2 0 0 36 2 1 1 1 1 3 0 0 0 12 
1 1 1 0 0 0 3 0 0 3 0 2 1 2 4 2 3 4 7 10 5 4 0 14 4 0 0 5 0 11 0 1 73 6 1 0 17 0 3 0 3 0 1 8 6 5 4 2 3 25 3 1 1 1 1 0 0 0 0 13 5 0 1 11 5 15 2 4 5 10 6 2 4 9 1 2 0 12 7 3 3 1 0 21 3 10 5 30 2 0 0 4 2 4 4 1 1 4 2 0 0 20 
5 24 8 0 5 8 0 2 0 7 1 5 17 1 12 9 6 2 1 0 1 2 0 14 10 0 0 12 0 2 0 9 47 7 7 4 8 2 3 2 7 0 4 4 4 5 5 4 1 23 33 50 1 1 1 0 0 2 0 16 4 3 0 7 6 11 11 15 3 3 12 6 8 32 36 1 1 2 17 2 2 3 0 8 9 9 0 13 4 0 0 7 2 3 0 1 1 1 1 1 2 14 
0 4 1 0 0 1 1 0 9 4 2 3 1 1 6 1 3 1 1 4 0 0 1 13 3 0 0 2 0 12 0 5 21 4 2 0 1 0 6 1 0 0 0 2 1 0 2 2 7 22 16 58 20 0 0 0 0 0 0 16 18 3 0 4 2 2 15 24 18 8 4 2 5 22 10 2 0 0 13 4 1 0 0 11 7 7 0 20 4 0 0 2 0 1 0 1 0 1 0 1 0 6 
2 1 11 0 0 0 0 0 6 1 1 0 1 2 0 1 1 0 0 0 0 0 1 8 3 0 0 9 0 1 0 2 19 0 0 0 2 0 0 0 0 0 2 0 5 4 0 1 0 8 9 9 2 4 0 1 0 28 0 9 1 0 0 3 0 2 1 0 0 6 3 0 1 9 0 0 0 5 7 0 0 0 1 3 0 8 4 6 0 0 0 1 0 0 0 1 0 0 0 0 1 2 
4 1 0 0 0 4 5 0 0 0 0 2 7 8 6 7 6 0 2 1 0 0 0 3 0 3 0 6 0 3 0 7 23 2 3 1 3 0 1 3 1 0 2 0 1 4 1 1 0 12 11 6 7 2 2 0 1 2 0 30 5 0 0 10 4 4 6 8 5 12 4 2 12 11 7 0 1 2 5 2 3 0 4 9 2 4 4 16 2 0 0 0 2 2 3 0 0 1 2 0 0 12 
2 5 1 0 2 9 2 6 19 1 2 4 8 21 7 29 2 4 2 0 0 0 1 12 6 4 0 9 2 3 0 4 31 7 20 18 2 2 1 0 2 0 13 1 18 8 5 2 10 31 17 13 36 12 2 2 0 3 0 10 3 0 3 5 13 9 1 6 2 4 1 1 4 14 4 3 1 6 13 1 0 0 4 22 51 5 0 23 4 0 0 8 2 0 2 2 0 1 7 0 0 22 
0 0 0 0 0 0 0 0 0 0 0 0 0 0 0 0 0 0 0 0 0 0 0 0 0 0 0 0 0 0 0 0 0 0 0 0 0 0 0 0 0 0 0 0 0 0 0 0 0 0 0 0 0 0 0 0 0 0 0 0 0 0 0 0 0 0 0 0 0 0 0 0 0 0 0 0 0 0 0 0 0 0 0 0 0 0 0 0 0 0 0 0 0 0 0 0 0 0 0 0 0 0 
10 7 2 1 1 2 2 1 0 1 2 4 15 7 8 12 25 5 2 3 2 2 1 39 9 1 0 21 2 2 0 1 9 4 0 0 7 0 5 0 1 1 2 8 4 1 2 1 0 10 39 42 13 13 7 5 4 13 0 1 2 5 1 3 13 7 10 5 2 12 7 6 19 62 11 4 0 3 13 1 3 2 0 2 0 4 0 22 0 0 0 0 2 1 1 3 0 1 1 0 2 20 
0 0 0 0 0 0 0 0 0 1 1 0 3 2 0 0 1 0 0 0 0 0 5 0 0 0 0 0 0 3 0 1 0 10 0 0 0 1 0 0 0 1 2 0 1 1 0 0 0 14 17 6 21 6 1 0 3 0 0 1 0 0 0 0 5 29 1 7 1 10 3 0 4 6 8 0 0 1 2 7 0 2 0 0 0 1 1 7 3 0 0 0 0 0 0 0 0 6 1 0 3 3 
0 0 0 0 0 0 0 0 0 1 0 1 0 0 0 0 1 0 0 1 0 0 0 2 0 0 0 0 0 1 0 0 0 1 0 1 0 0 0 4 0 0 4 0 0 0 0 0 0 3 0 1 1 1 0 0 0 0 0 2 0 1 0 2 0 2 0 0 1 1 0 1 0 1 0 0 3 0 0 0 0 0 2 0 0 0 0 2 1 0 0 0 0 0 0 0 0 0 0 0 0 0 
0 0 0 0 0 2 3 0 4 6 3 0 2 3 0 0 0 0 0 0 0 0 1 0 0 1 1 0 0 1 0 0 0 0 0 1 4 1 3 0 1 0 0 3 2 0 1 0 0 6 8 3 3 2 8 4 0 6 0 0 0 1 2 1 5 11 1 2 1 4 0 3 3 3 2 5 0 0 12 2 1 0 0 0 0 2 0 1 0 0 0 0 0 0 1 0 0 0 0 0 0 1 
1 1 0 0 0 2 2 1 1 0 0 0 0 0 0 0 0 1 0 1 0 0 0 4 0 0 0 0 0 3 0 18 6 0 3 1 3 2 11 5 4 0 3 0 0 1 3 1 3 16 24 9 37 10 6 6 4 9 0 4 1 20 0 1 3 10 0 0 5 5 2 6 5 11 4 3 0 1 33 2 0 0 0 0 0 4 0 3 0 0 0 0 0 0 0 0 0 0 0 0 0 3 
6 3 1 0 0 2 0 2 0 1 0 2 0 0 0 0 1 0 0 0 0 0 0 1 2 0 0 1 1 3 6 2 16 3 2 1 3 0 6 4 3 0 3 2 12 1 4 2 6 32 20 2 35 5 5 0 10 6 0 19 10 2 5 3 3 8 2 8 9 11 2 5 17 7 14 12 7 20 14 13 3 1 0 0 0 1 1 12 1 0 0 1 0 0 1 0 0 0 0 0 0 5 
7 11 16 2 2 2 7 6 0 12 1 1 0 0 0 0 0 0 0 0 0 0 0 1 0 0 0 0 0 6 1 1 22 1 2 17 7 2 1 1 10 1 5 7 10 2 24 3 11 39 34 21 28 34 11 12 19 5 0 49 8 8 8 9 2 2 1 9 2 18 16 26 17 49 16 26 3 5 22 2 5 14 0 0 0 0 0 12 0 0 0 2 0 0 0 0 0 0 0 0 0 5 
3 2 3 0 1 0 0 4 0 0 0 1 0 1 0 0 0 0 0 0 0 0 0 0 0 0 0 0 2 5 2 1 10 0 0 0 3 12 1 0 1 0 1 0 0 1 2 1 3 10 2 2 14 3 0 2 0 6 0 21 0 1 5 0 2 1 1 0 8 4 2 3 2 11 3 0 1 2 9 0 4 0 0 2 0 3 0 1 1 0 0 0 0 0 0 0 0 0 0 0 0 0 
16 9 4 0 1 3 0 13 0 0 0 1 0 0 0 0 0 0 0 0 0 0 0 0 0 0 0 0 0 11 5 1 7 2 0 1 5 0 3 0 0 0 5 1 3 2 4 0 4 32 16 4 28 15 10 3 4 7 0 70 5 6 19 13 6 18 1 1 7 1 3 4 4 8 7 1 1 6 5 5 0 3 0 1 0 1 0 16 0 0 0 0 1 0 0 0 0 0 0 0 0 3 
0 2 3 0 1 0 1 0 0 0 1 0 0 0 0 1 0 0 0 0 0 0 0 0 0 0 0 0 0 4 1 6 4 0 0 0 2 0 2 0 0 0 0 2 0 1 0 0 0 4 6 16 17 6 0 0 1 2 0 0 1 4 1 1 4 6 0 6 0 0 1 4 1 9 1 0 0 0 5 0 4 1 0 0 0 0 0 1 0 0 0 0 0 0 0 0 0 0 0 0 0 0 
1 9 5 0 1 4 0 2 17 4 0 1 0 0 0 0 0 0 0 0 0 0 0 0 0 0 0 0 2 8 7 4 13 2 1 3 3 0 5 2 1 0 0 1 1 1 0 0 2 8 26 10 18 29 8 1 11 8 0 20 14 5 4 5 9 21 4 9 3 2 2 0 8 38 3 5 1 3 29 1 2 0 2 0 1 1 0 9 0 0 0 0 0 0 0 0 0 0 0 0 0 4 
8 9 2 1 1 0 0 0 1 9 8 0 4 1 0 2 0 1 0 0 0 0 1 0 0 0 0 0 0 3 0 0 25 11 17 5 11 12 13 7 7 1 8 2 17 4 22 1 5 27 21 12 35 13 11 7 2 17 0 10 8 1 6 8 22 48 4 23 18 27 3 17 19 41 12 8 6 4 29 6 11 3 5 4 8 4 3 4 1 0 0 0 0 0 0 0 0 0 1 0 0 1 
4 2 4 0 0 0 2 2 0 9 1 2 8 0 1 0 2 0 0 0 0 0 0 0 0 0 0 0 1 1 0 0 43 23 2 14 22 3 6 16 1 13 12 1 4 6 7 0 1 25 20 7 7 8 4 0 3 11 0 12 7 2 1 27 20 39 11 18 42 21 0 2 3 31 1 0 1 1 27 6 4 3 3 15 1 1 3 19 2 0 0 0 1 0 0 0 0 0 1 0 0 5 
7 7 4 0 2 9 0 2 1 0 1 0 2 0 0 1 0 0 0 0 0 0 0 0 0 0 0 0 1 0 1 0 4 7 5 3 13 2 2 3 6 0 2 3 13 2 3 0 0 27 46 9 30 19 6 4 7 17 0 24 7 3 0 1 27 16 21 17 14 18 9 7 3 6 12 11 1 7 33 10 6 10 6 7 2 3 2 14 1 0 0 1 0 0 0 0 0 0 0 0 0 4 
1 10 4 1 1 6 2 3 3 2 4 4 7 1 0 0 0 0 0 0 0 0 0 1 0 0 0 0 2 1 0 1 7 5 4 0 10 10 2 0 3 0 1 3 15 6 4 2 4 27 40 16 25 18 9 8 5 13 0 28 32 1 23 24 65 24 5 30 28 45 15 10 8 0 13 4 3 10 22 9 4 4 3 7 4 6 0 13 1 0 0 0 0 0 0 0 0 0 1 0 0 4 
1 1 1 0 0 1 0 1 15 5 2 4 2 2 3 37 1 1 5 1 1 0 0 4 2 1 0 9 0 2 0 3 19 1 2 0 6 1 9 2 4 0 31 9 32 45 2 5 4 42 8 4 5 4 7 2 2 37 0 21 1 2 7 36 6 15 9 12 34 43 4 0 12 12 2 2 22 36 100 88 83 32 77 138 43 57 12 52 53 0 0 8 12 8 10 0 1 7 10 1 1 28 
8 9 2 1 1 2 1 4 11 5 6 10 7 10 6 5 1 1 8 3 1 0 4 20 9 1 1 13 0 15 4 17 28 4 1 10 8 9 3 8 8 5 15 31 14 10 40 6 5 97 17 13 14 9 9 5 9 22 0 36 13 2 7 18 13 22 0 2 3 5 2 0 7 41 3 2 17 25 57 131 32 59 34 175 16 24 4 110 16 0 0 14 12 10 10 5 1 13 21 1 4 33 
0 0 0 2 0 0 0 0 1 0 0 2 10 0 0 3 0 0 3 2 0 0 0 5 0 0 0 1 1 6 1 0 5 0 0 0 0 0 6 1 1 0 4 2 2 1 1 1 1 12 14 1 5 2 0 0 0 4 0 3 1 0 0 1 1 4 1 2 0 0 2 2 1 9 4 5 1 19 52 45 3 5 12 87 17 1 2 31 3 0 0 2 1 5 7 7 0 3 2 0 1 13 
6 8 6 0 0 0 0 1 5 2 0 1 1 1 3 2 3 2 1 0 0 1 0 3 1 0 0 7 0 10 0 5 10 3 2 1 0 5 1 3 7 0 21 16 13 7 15 5 9 55 22 5 25 15 15 14 6 13 0 13 3 3 4 13 2 2 0 2 2 3 8 2 7 42 12 6 0 2 38 47 5 14 14 150 197 16 2 119 8 0 0 5 6 4 11 5 0 12 21 0 4 54 
12 1 0 1 0 1 2 0 5 0 3 0 9 6 10 4 7 29 2 1 1 1 2 37 15 1 1 10 0 24 1 18 40 14 1 1 3 1 2 4 5 0 11 16 6 16 10 4 20 78 53 25 39 28 5 2 6 6 0 2 9 0 3 12 21 18 10 17 19 8 20 14 54 155 12 10 4 2 0 5 4 5 8 81 152 14 23 123 8 0 0 19 5 21 6 6 1 5 5 0 7 28 
0 7 2 0 0 0 1 0 0 0 0 0 0 1 0 1 1 2 2 0 1 0 0 5 2 1 0 4 0 4 4 1 18 1 7 0 1 0 0 6 6 2 10 19 3 7 8 3 9 53 9 1 11 5 6 1 2 0 0 1 0 13 1 5 1 4 0 1 0 8 3 1 4 25 21 5 8 3 3 2 2 10 19 116 263 26 26 80 7 0 0 35 13 18 20 9 2 7 14 3 0 35 
1 0 1 0 0 0 0 0 0 5 0 0 0 0 0 0 0 0 0 0 0 1 2 1 8 0 0 4 0 1 2 1 9 0 3 0 1 0 0 2 3 9 29 12 6 18 10 0 2 44 12 4 5 5 4 0 1 3 0 2 1 5 0 3 2 1 5 2 0 2 1 1 4 39 14 2 1 3 16 6 2 2 29 123 230 33 11 61 4 0 0 13 0 4 6 12 5 16 23 0 9 22 
0 1 1 0 0 8 0 4 1 0 0 0 0 0 0 0 0 1 0 0 0 0 0 0 1 0 0 0 0 5 0 4 8 1 0 0 0 0 0 0 3 0 2 8 5 11 3 0 2 27 2 0 10 0 0 0 3 1 0 1 2 1 0 0 1 5 0 0 2 0 0 0 3 4 4 5 0 4 3 11 1 1 3 27 75 10 5 31 4 0 0 8 6 1 6 9 0 0 6 0 3 34 
2 3 0 0 0 0 0 6 0 3 0 0 0 0 0 0 0 0 0 0 0 0 0 1 0 0 0 0 0 2 0 0 9 0 0 0 0 0 0 4 9 0 11 6 3 11 6 0 1 57 18 2 7 6 0 2 0 5 0 2 2 1 0 1 4 9 1 0 3 0 0 1 2 69 13 23 0 3 34 65 2 3 3 94 90 18 2 59 15 0 0 6 9 19 2 11 1 4 9 2 0 24 
0 1 1 0 0 0 2 0 0 0 0 0 0 0 0 1 0 0 0 0 0 0 0 1 0 1 0 0 0 1 0 0 5 0 0 1 0 0 1 2 2 1 38 4 5 10 0 5 4 30 18 4 9 4 2 2 4 13 0 0 3 0 0 0 1 2 0 7 0 0 0 1 3 25 15 13 9 22 27 34 6 33 11 1 24 23 6 95 6 0 0 18 16 8 13 19 3 20 19 9 10 74 
0 14 3 0 1 0 0 0 0 0 0 0 0 0 0 0 0 0 0 0 0 0 0 2 0 0 0 2 0 2 0 0 12 0 1 0 1 0 0 2 1 1 54 19 20 20 19 8 4 72 20 1 2 10 7 3 9 7 0 2 0 1 0 1 1 1 1 0 0 0 5 8 1 7 13 12 3 17 26 49 21 9 35 9 0 21 26 85 11 0 0 29 12 18 4 13 0 10 11 3 12 82 
3 1 3 1 2 0 0 0 0 0 0 0 0 0 0 0 0 11 2 6 3 0 0 4 1 1 0 0 0 4 0 3 30 1 11 2 1 6 4 0 3 5 42 18 6 22 16 3 18 53 29 16 17 2 1 5 2 2 0 8 0 0 0 0 0 2 0 1 2 0 3 1 1 8 9 17 1 15 11 20 19 13 5 27 21 5 2 47 6 0 0 44 35 11 18 3 0 7 10 8 6 61 
7 9 2 0 3 1 5 0 0 3 0 1 1 0 0 0 1 4 0 0 0 1 1 2 1 0 0 8 0 15 1 7 15 15 2 0 9 8 1 3 1 2 31 29 3 17 7 2 4 41 12 2 3 0 0 0 3 3 0 2 6 2 3 2 4 3 1 1 0 2 1 2 4 11 10 17 1 3 10 10 6 14 9 39 27 1 3 28 6 0 0 37 7 19 17 7 1 4 20 2 5 63 
28 25 11 1 6 8 4 10 2 6 1 1 6 2 1 2 2 11 6 6 7 3 2 24 12 1 0 45 4 87 12 47 178 20 11 19 46 29 37 15 8 4 76 30 29 47 42 22 38 324 29 18 42 15 4 6 13 12 0 15 10 3 1 3 6 13 3 2 1 2 12 2 12 15 58 55 14 28 88 45 17 42 31 52 27 15 8 9 10 0 0 42 29 27 39 51 8 28 26 6 12 361 
4 10 2 0 0 4 2 3 1 8 0 0 0 6 2 2 0 1 2 1 3 4 0 12 21 0 0 9 0 27 3 15 57 3 6 12 22 14 10 6 9 3 56 7 4 12 11 1 1 31 28 8 8 7 6 0 0 1 0 0 1 2 0 2 3 2 4 1 0 3 1 1 1 1 9 7 0 5 6 8 8 5 14 15 34 27 23 27 5 0 0 30 15 31 25 17 2 18 6 3 11 91 
0 0 0 0 0 0 0 0 0 0 0 0 0 0 0 0 0 0 0 0 0 0 0 0 0 0 0 0 0 0 0 0 0 0 0 0 0 0 0 0 0 0 0 0 0 0 0 0 0 0 0 0 0 0 0 0 0 0 0 0 0 0 0 0 0 0 0 0 0 0 0 0 0 0 0 0 0 0 0 0 0 0 0 0 0 0 0 0 0 0 0 0 0 0 0 0 0 0 0 0 0 0 
0 0 0 0 0 0 0 0 0 0 0 0 0 0 0 0 0 0 0 0 0 0 0 0 0 0 0 0 0 0 0 0 0 0 0 0 0 0 0 0 0 0 0 0 0 0 0 0 0 0 0 0 0 0 0 0 0 0 0 0 0 0 0 0 0 0 0 0 0 0 0 0 0 0 0 0 0 0 0 0 0 0 0 0 0 0 0 0 0 0 0 0 0 0 0 0 0 0 0 0 0 0 
0 1 1 0 4 2 0 2 7 1 0 3 2 3 1 1 1 1 0 0 0 0 0 3 1 0 0 3 0 9 4 2 19 0 2 5 9 2 11 5 6 0 2 3 2 3 16 0 8 15 1 3 3 0 0 0 0 0 0 0 9 20 0 5 0 0 0 0 0 2 1 0 0 0 2 2 0 3 3 8 1 3 2 4 8 12 2 44 1 0 0 0 4 8 0 9 0 1 2 0 1 40 
0 7 0 0 1 5 0 0 4 0 0 0 0 0 0 0 0 0 1 0 0 0 1 1 0 0 0 1 0 4 1 8 10 0 1 1 20 19 6 3 1 1 13 27 13 7 15 1 9 29 3 2 6 1 0 0 1 2 0 1 1 0 0 0 1 0 0 0 0 0 0 0 0 1 1 3 0 0 4 3 0 37 0 6 6 16 6 32 5 0 0 28 1 1 1 5 0 3 5 0 8 23 
2 3 1 0 5 1 0 0 1 0 0 0 4 2 1 0 2 0 0 0 0 0 0 3 0 0 0 3 2 11 3 12 25 2 17 9 9 6 6 10 16 0 28 7 26 9 15 2 12 44 7 6 9 4 0 0 4 1 0 0 0 0 3 1 0 2 0 0 0 0 0 0 0 0 19 8 2 8 18 7 3 6 7 14 8 14 19 46 9 0 0 8 1 2 1 5 0 1 0 3 4 75 
0 1 1 0 0 2 1 0 0 0 0 0 1 1 0 0 0 0 0 0 0 0 0 0 0 0 0 0 0 2 2 3 23 2 0 0 16 0 0 2 5 0 19 6 7 0 24 2 10 43 7 2 5 0 0 0 1 1 0 0 0 1 0 0 0 1 0 0 0 0 0 0 0 0 9 11 0 11 2 6 4 10 12 34 2 10 6 42 10 0 0 2 0 0 0 2 0 6 8 0 1 45 
2 8 0 0 2 1 0 0 2 4 2 4 0 1 0 0 0 0 0 0 2 0 0 2 0 0 0 5 0 10 1 4 33 2 5 10 18 5 18 1 11 0 49 31 25 10 18 2 14 25 5 5 11 3 0 1 7 10 0 0 0 0 0 0 1 1 0 0 0 0 1 0 2 0 4 10 1 6 19 4 5 7 9 13 7 21 27 106 10 0 0 55 13 9 2 2 0 4 4 1 2 69 
2 0 0 0 0 0 0 0 0 1 1 0 0 0 0 0 0 0 0 0 0 0 0 0 0 0 0 0 0 9 0 1 1 1 0 4 5 0 3 0 30 0 4 13 15 1 1 0 8 19 6 7 1 2 1 0 0 0 0 0 0 0 0 0 0 0 0 0 0 0 0 0 0 0 4 4 0 1 0 14 0 3 2 1 1 4 5 13 0 0 0 7 0 1 0 1 0 0 0 0 0 12 
1 1 0 0 1 3 15 4 0 0 1 2 0 1 0 1 0 0 0 1 0 0 0 0 0 0 1 1 0 3 0 2 17 4 1 22 34 11 7 1 7 1 63 30 15 19 6 9 13 99 8 3 32 9 10 4 4 4 0 0 1 0 0 3 0 2 1 0 0 0 0 0 1 0 12 12 4 14 13 5 25 19 8 23 20 21 27 80 23 0 0 27 10 2 18 5 0 1 8 5 1 75 
2 3 1 2 1 1 5 0 0 1 0 3 0 1 2 0 0 0 0 0 0 0 1 0 0 0 0 0 2 16 1 1 10 2 0 3 14 1 3 3 4 0 44 18 24 35 29 8 14 133 17 0 18 6 11 4 2 6 0 1 0 0 0 1 0 0 0 0 0 0 0 0 1 0 23 33 2 12 22 35 14 46 16 31 20 31 16 103 10 0 0 53 15 7 9 2 0 1 4 0 3 49 
1 0 0 1 0 1 0 0 3 0 0 1 0 0 0 1 2 0 0 0 0 0 0 0 0 0 0 0 0 7 0 0 4 3 0 2 24 0 0 0 4 0 3 12 6 7 7 3 5 31 0 0 5 7 3 3 0 2 0 1 0 0 0 0 1 1 0 0 0 0 0 0 0 4 6 2 1 13 4 3 3 5 8 16 8 19 0 42 10 0 0 9 36 6 13 9 2 0 8 1 0 7 
0 0 0 0 0 0 0 0 0 0 0 0 0 1 0 0 0 0 0 0 0 0 0 0 0 0 0 0 1 1 0 0 5 0 0 1 1 4 1 0 0 1 2 1 0 4 0 2 1 10 5 0 1 1 0 0 0 1 0 0 1 0 0 0 0 0 0 0 0 0 0 0 0 0 1 2 0 0 1 0 1 1 4 2 0 14 5 2 1 0 0 2 5 0 2 1 0 1 0 0 0 0 
4 4 5 5 0 1 0 0 2 0 0 1 4 2 0 1 1 0 1 0 1 0 0 1 0 0 0 0 2 17 0 13 19 4 14 6 18 13 9 2 7 0 32 26 20 40 27 6 17 53 21 11 9 11 4 2 6 3 0 3 3 4 1 0 0 3 0 2 0 0 1 0 2 1 11 11 1 5 21 16 15 33 8 17 15 22 17 85 15 0 0 25 29 8 9 10 0 6 12 3 0 3 
