11 22 58 5 19 95 77 59 79 47 55 99 96 178 164 122 80 70 83 26 20 19 26 55 11 2 0 65 19 3 3 7 19 6 21 7 10 15 79 46 23 3 28 38 20 27 10 5 6 51 11 2 10 13 5 11 5 11 0 5 5 44 8 28 11 40 9 17 3 2 2 0 4 1 2 4 3 1 12 3 0 7 0 13 1 11 3 33 6 0 0 7 1 2 6 3 0 1 5 0 1 15 
9 15 50 6 30 125 64 100 107 54 37 129 121 233 154 144 73 101 76 35 21 6 10 55 18 11 0 43 28 2 0 5 18 7 16 7 6 6 46 36 52 6 28 41 37 17 18 11 3 65 9 5 14 12 6 4 7 9 0 2 6 48 3 26 17 28 6 12 1 8 2 3 8 1 0 3 1 2 23 3 1 3 2 12 2 3 6 28 7 0 0 24 2 4 13 4 0 0 8 0 0 10 
41 25 11 9 55 65 42 56 154 67 29 145 142 316 181 105 74 53 59 24 25 11 9 23 9 0 0 29 52 3 0 3 13 14 16 4 6 6 52 62 27 5 64 29 23 23 15 2 4 45 17 6 25 4 10 3 14 16 0 1 9 46 3 7 14 34 3 10 1 0 5 1 12 8 1 0 0 0 30 2 3 4 1 14 4 1 0 23 7 0 0 38 10 3 0 3 0 1 4 0 0 22 
15 26 28 3 5 28 23 23 39 6 5 13 2 75 31 14 23 11 1 3 3 1 3 4 0 0 0 10 10 2 0 2 3 8 2 0 0 3 11 1 12 0 6 3 3 5 7 0 0 12 3 0 3 2 1 1 9 2 0 0 1 8 1 2 3 7 1 0 0 1 0 0 1 7 1 0 0 0 8 1 0 1 0 1 1 1 0 2 0 0 0 3 0 5 3 1 0 0 1 0 0 0 
25 18 12 4 5 16 15 16 36 25 2 40 38 110 26 54 32 38 17 11 17 3 11 10 3 0 1 24 4 1 0 2 3 3 1 3 0 2 20 18 1 1 5 11 7 10 2 1 2 22 5 0 9 0 1 0 12 12 0 1 0 26 0 5 9 18 3 0 0 0 2 3 2 3 1 0 0 0 25 0 0 0 2 5 0 0 1 2 12 0 0 17 0 1 1 0 0 0 4 0 0 4 
112 262 114 40 10 22 40 34 93 85 26 212 185 542 230 254 148 141 134 36 37 15 25 63 23 6 0 49 71 8 9 2 15 36 25 2 6 19 69 87 40 5 54 54 21 41 38 2 0 45 28 6 20 4 16 9 13 16 0 9 4 63 12 32 47 72 14 38 5 3 7 7 11 9 0 5 0 3 28 1 2 2 1 19 1 3 2 14 6 0 0 71 22 10 7 0 0 0 1 0 0 10 
81 97 74 11 11 23 12 22 82 70 32 143 177 300 259 144 86 105 103 38 6 29 13 39 8 2 0 26 13 4 13 11 23 19 19 1 2 8 47 55 29 3 33 42 21 66 21 5 3 36 15 16 37 7 5 20 15 6 0 2 14 74 9 58 42 42 9 25 19 12 2 2 20 23 1 4 1 10 33 6 1 1 3 9 10 18 0 8 4 0 0 49 9 4 3 3 0 0 1 0 0 12 
61 107 102 17 7 50 31 30 46 39 34 120 176 350 234 210 124 99 111 39 18 18 10 36 11 3 1 40 18 11 5 4 19 7 11 2 8 2 43 40 30 2 37 20 23 42 28 11 4 46 7 9 9 11 5 8 9 18 0 3 9 50 16 16 38 38 9 27 8 7 1 12 16 31 1 4 0 2 30 5 1 8 0 24 7 1 0 8 1 0 0 42 6 1 6 4 0 0 0 0 1 6 
92 153 140 21 28 93 86 45 52 56 45 112 215 360 210 182 155 103 72 26 20 16 7 38 12 5 0 46 40 11 3 6 16 15 18 1 3 2 76 32 38 12 36 71 25 59 33 1 8 59 12 6 26 2 2 0 7 13 0 1 2 31 9 16 29 58 6 11 8 8 0 9 10 19 6 2 1 0 29 2 2 3 3 7 11 3 2 3 3 0 0 51 12 4 7 4 0 0 0 0 0 7 
80 53 76 15 26 78 56 11 34 4 9 31 41 251 70 128 112 88 99 45 30 9 11 46 12 12 0 51 17 1 0 2 3 5 2 5 1 3 38 45 20 6 18 30 7 28 27 0 6 35 19 6 3 11 3 2 10 4 0 2 2 4 8 18 12 43 3 7 1 3 3 4 5 6 2 13 3 1 10 0 3 0 1 5 0 2 1 15 3 0 0 30 9 0 7 0 0 0 0 0 0 3 
23 85 28 14 25 65 34 20 61 18 7 25 76 98 68 75 83 111 31 35 36 7 20 24 19 0 3 36 24 9 2 3 8 8 4 0 4 3 14 19 26 2 41 14 13 38 13 6 1 24 7 5 9 0 4 2 18 11 0 2 0 28 8 0 6 16 6 1 2 7 0 1 8 14 9 5 8 0 20 6 1 2 0 6 3 1 2 5 1 0 0 24 1 4 2 4 0 0 0 0 0 2 
80 109 113 26 51 132 61 73 98 44 38 27 49 146 88 108 109 187 121 73 48 10 41 76 48 1 1 99 35 15 9 17 19 1 2 1 2 4 25 50 20 5 34 20 24 28 17 17 5 65 24 5 20 8 9 1 10 28 0 4 2 79 8 15 23 39 2 1 2 3 2 2 4 16 4 5 1 2 11 7 1 1 0 0 0 0 0 5 0 0 0 66 2 3 8 0 0 5 0 0 0 7 
64 195 106 25 60 214 88 119 158 86 76 27 16 88 102 127 121 165 103 91 80 20 43 75 36 2 0 124 28 20 6 13 61 5 20 4 0 6 30 60 23 4 60 26 20 36 19 11 14 46 25 2 23 3 6 5 3 7 0 11 14 46 4 5 1 11 2 6 4 2 0 13 26 5 4 0 5 3 28 10 3 0 0 0 0 2 1 0 6 0 0 45 5 8 6 0 7 0 0 0 1 4 
36 55 66 3 38 78 42 36 90 44 42 17 43 12 10 26 37 91 97 104 49 26 63 77 42 3 4 199 22 8 2 1 0 0 1 0 0 2 1 37 24 5 12 10 10 14 4 3 4 41 18 2 13 4 0 0 8 7 0 1 12 14 0 0 1 2 0 0 0 0 1 3 2 3 5 1 0 0 16 0 0 0 0 0 0 0 0 2 0 0 0 16 2 0 13 0 1 0 0 0 0 1 
67 102 123 13 46 122 45 85 93 48 108 84 57 60 8 39 41 49 82 49 52 41 65 104 49 9 8 152 14 6 1 11 14 0 2 0 0 1 14 12 12 0 23 32 4 21 5 9 0 29 13 5 25 5 3 3 10 16 0 2 20 28 0 1 2 3 0 0 0 0 0 0 8 3 3 0 0 3 43 4 1 0 0 0 0 0 0 6 1 0 0 22 4 0 3 0 1 0 1 0 0 5 
59 127 41 14 25 148 39 72 57 58 74 51 56 92 31 14 54 111 96 95 78 29 77 120 45 16 4 166 16 21 21 95 73 20 74 12 66 7 5 34 20 3 48 40 31 40 16 4 7 67 18 3 12 9 3 3 13 14 0 1 9 26 1 4 7 1 1 0 2 1 1 3 5 4 8 11 1 2 23 13 0 0 0 0 0 0 1 18 12 0 0 44 3 3 3 4 0 0 3 1 0 2 
37 73 66 11 33 84 24 47 85 89 82 111 106 271 70 93 7 181 158 102 105 46 104 143 71 9 3 101 9 36 24 161 177 83 203 28 40 6 32 93 38 6 105 54 84 62 37 6 17 144 12 3 20 8 3 8 13 25 0 5 22 23 4 10 1 0 0 0 0 1 0 1 0 12 1 10 1 0 41 6 3 0 0 1 0 2 10 29 1 0 0 76 5 3 3 2 0 3 0 1 1 8 
30 46 44 1 29 65 18 26 48 84 50 89 94 240 81 151 43 9 96 28 79 20 34 95 54 11 2 152 13 28 16 53 88 41 115 17 42 6 52 87 46 11 92 52 50 38 48 5 22 110 10 5 2 8 8 5 22 8 0 3 3 14 3 0 0 0 0 0 0 0 0 0 1 1 0 3 0 5 19 6 8 0 0 1 0 11 1 12 17 0 0 26 6 0 0 0 0 0 0 0 0 7 
34 50 45 5 13 65 22 33 38 33 58 88 93 148 73 104 48 61 6 13 95 32 61 113 43 28 1 74 15 10 2 30 47 42 73 8 29 4 23 29 22 4 27 34 17 32 15 0 3 42 13 1 7 2 1 0 1 6 0 0 1 19 0 2 0 1 0 0 0 0 0 0 0 0 2 1 3 5 10 2 2 0 0 0 0 2 0 5 1 0 0 2 1 1 0 0 0 0 0 0 0 0 
17 22 22 6 19 28 30 32 63 44 37 80 90 217 137 233 138 129 61 6 13 14 28 59 46 13 1 145 13 17 11 23 13 17 52 13 28 11 66 23 23 2 19 19 14 27 22 6 4 32 3 1 4 0 0 2 1 4 0 0 2 12 0 2 0 0 0 0 0 0 0 0 0 0 4 1 1 0 4 1 0 0 1 0 1 6 1 7 3 0 0 6 0 0 1 2 0 0 1 0 0 0 
14 14 35 4 14 50 11 29 34 15 45 127 135 339 246 268 162 256 269 15 16 9 24 56 33 12 10 159 8 6 2 7 16 1 70 13 27 8 75 30 26 6 39 27 18 21 8 17 9 30 1 0 0 0 0 0 11 9 0 1 0 4 0 0 0 0 0 0 0 0 0 0 0 0 1 1 0 0 9 0 0 0 0 2 1 3 2 6 3 0 0 4 0 0 1 0 0 0 0 0 0 3 
33 54 41 4 13 50 31 45 66 27 76 108 112 477 232 322 183 195 182 26 16 10 59 68 10 30 32 155 13 9 5 12 22 4 80 47 49 17 89 18 16 3 24 26 23 27 19 6 9 32 4 2 3 2 4 2 2 4 0 3 0 5 0 1 0 0 0 0 0 0 0 0 0 0 1 2 1 0 7 2 1 1 1 0 0 1 0 8 1 0 0 4 0 0 0 0 0 0 0 0 0 0 
15 16 35 1 6 36 20 17 23 36 33 105 80 230 205 392 320 312 193 78 116 36 6 26 19 17 20 197 6 18 3 23 45 25 148 14 28 36 86 36 27 1 46 38 26 54 8 7 4 53 7 1 14 4 3 12 4 3 0 2 7 8 0 10 0 1 0 1 0 0 0 0 0 0 0 3 0 0 18 2 8 0 1 3 1 1 0 8 12 0 0 18 0 1 5 0 0 0 0 0 0 7 
31 38 56 7 10 45 30 40 47 51 47 137 163 551 319 488 508 501 368 165 204 73 21 16 8 28 40 273 8 14 2 7 74 25 146 28 81 20 132 77 70 2 60 65 55 65 25 12 6 100 11 12 11 6 1 12 17 7 0 0 8 21 1 3 2 0 0 0 0 0 0 0 1 1 7 8 16 1 37 3 4 0 1 1 0 15 2 28 22 0 0 35 1 1 0 0 0 1 5 0 0 3 
24 17 33 8 11 60 35 30 19 60 26 96 90 227 189 238 153 160 159 111 91 41 21 19 8 11 11 125 24 17 8 18 137 22 50 15 56 16 82 48 51 9 35 68 48 58 40 13 9 96 21 2 23 18 5 4 0 11 0 7 5 33 3 5 0 1 1 0 0 0 0 0 0 3 5 2 0 6 17 9 4 1 0 2 1 9 6 56 6 0 0 38 6 2 0 0 0 1 0 0 0 3 
0 4 1 0 0 13 6 3 3 8 5 4 3 24 10 27 18 27 22 20 23 55 23 43 10 1 3 13 0 0 2 4 6 2 2 2 8 1 10 9 3 0 2 3 8 11 6 2 0 0 0 0 1 0 0 1 2 0 0 0 0 0 0 0 0 0 1 0 0 0 0 0 0 0 0 0 0 0 4 0 0 0 0 0 0 0 0 2 1 0 0 0 1 0 0 0 0 0 0 0 0 0 
3 10 1 0 2 4 6 11 5 13 7 5 4 55 120 64 50 41 17 58 59 52 36 85 50 7 1 103 0 3 0 3 5 17 8 2 10 2 23 11 3 0 5 3 2 2 3 0 0 7 3 2 1 1 0 3 5 1 0 1 0 3 0 1 0 1 0 0 0 0 0 0 0 0 0 1 0 0 8 0 0 0 0 0 0 1 0 2 0 0 0 7 0 0 0 0 0 0 0 0 0 0 
29 32 50 6 10 55 17 26 30 52 37 110 136 446 239 320 196 222 207 160 172 95 164 146 102 32 19 9 13 6 5 12 43 27 80 19 63 29 121 64 60 8 55 46 45 67 37 9 21 130 10 2 12 3 6 1 6 12 0 3 1 11 2 7 0 1 0 0 0 0 0 0 0 0 1 3 1 3 21 4 1 2 1 6 1 10 2 49 6 0 0 36 7 2 5 0 2 1 1 0 0 6 
7 4 2 1 0 0 4 14 6 0 3 11 6 13 1 5 7 2 12 0 1 1 1 2 2 0 0 5 0 0 0 0 1 0 1 0 2 0 3 1 3 0 6 1 4 0 0 0 0 8 0 2 1 0 0 0 0 0 0 0 0 0 0 2 2 2 0 0 0 1 0 0 0 0 0 0 0 0 1 0 0 0 0 0 1 1 0 0 0 0 0 0 0 0 0 0 0 0 0 0 0 2 
3 5 6 1 2 6 7 8 17 7 11 25 24 18 8 93 133 151 104 23 10 9 6 23 18 6 0 7 2 24 80 506 996 502 1568 888 1486 450 718 363 229 24 279 330 220 248 135 65 47 424 13 5 43 14 8 4 25 29 0 38 41 313 11 71 154 188 64 81 26 17 8 11 9 1 13 7 2 6 87 16 12 8 4 14 3 32 21 108 39 0 0 313 83 40 34 32 1 3 12 3 0 53 
3 5 2 0 0 5 4 6 4 3 10 14 9 5 2 23 47 66 36 7 6 8 6 10 3 0 0 7 0 93 31 215 374 169 652 286 491 193 236 134 53 9 110 68 46 57 53 7 14 81 12 4 7 2 3 3 3 18 0 27 15 134 12 24 161 174 33 23 7 15 6 3 14 1 4 4 3 10 29 12 1 0 1 6 2 10 3 30 12 0 0 46 27 8 2 5 0 3 2 0 3 15 
3 3 0 2 4 8 3 10 4 6 6 16 18 6 29 63 130 91 92 15 0 0 1 10 8 2 0 7 2 180 173 39 310 203 716 388 1089 471 635 290 196 29 208 253 141 146 110 52 39 312 26 9 19 11 7 7 30 19 0 24 33 141 1 10 86 244 36 17 13 14 8 4 15 1 8 7 3 7 45 19 3 7 1 6 2 13 17 71 40 0 0 186 31 40 22 14 0 2 6 0 3 36 
5 4 4 0 0 1 8 1 2 1 2 6 8 2 7 15 31 60 8 6 1 1 3 11 9 2 0 11 0 174 87 62 15 46 151 85 173 76 141 130 105 21 135 109 76 136 60 37 22 242 22 9 9 9 1 11 2 12 0 7 2 31 1 3 25 40 9 14 8 7 15 9 7 7 8 6 0 3 20 5 3 2 2 7 1 6 3 65 12 0 0 75 7 11 12 3 0 2 4 0 1 43 
7 2 7 0 1 4 4 5 0 6 0 1 9 1 6 11 20 61 33 4 5 1 2 7 7 2 0 19 0 70 45 103 45 12 72 37 226 114 207 112 81 24 179 145 81 63 53 11 21 137 14 5 9 9 7 6 13 24 0 10 2 35 3 1 8 71 41 18 10 33 5 23 28 22 6 2 0 0 26 0 1 0 0 1 0 1 3 28 15 0 0 128 22 20 13 6 1 1 5 0 0 17 
12 4 2 1 0 2 2 1 8 1 9 0 3 1 2 18 17 49 18 5 21 5 3 8 12 0 1 11 4 146 47 233 205 47 20 53 176 72 125 134 56 11 190 64 72 110 61 14 9 157 14 7 8 4 3 10 16 7 0 14 0 19 3 5 13 15 13 20 24 15 8 15 32 13 6 2 1 0 19 14 0 3 1 0 0 3 2 9 11 0 0 101 6 16 23 6 0 1 3 0 1 16 
5 0 0 0 0 3 0 3 2 0 2 1 4 1 0 15 24 44 40 13 13 2 14 11 10 1 0 18 1 238 65 189 186 33 75 27 1049 97 172 190 89 13 123 62 58 78 67 16 6 132 5 3 8 3 0 2 9 5 0 2 12 46 3 8 21 50 7 27 22 11 2 2 33 18 2 0 2 1 16 6 1 0 0 0 0 2 2 31 15 0 0 43 11 10 16 9 4 1 5 0 1 21 
0 1 0 0 0 1 0 1 0 1 2 0 1 0 1 3 4 1 7 3 6 1 2 5 0 0 0 8 0 151 63 201 208 44 94 89 60 63 106 153 112 39 176 93 101 152 85 30 26 272 1 1 2 1 4 1 0 2 0 0 0 27 3 10 7 29 4 14 22 1 9 9 21 17 1 0 0 0 8 2 0 0 0 0 4 8 3 29 21 0 0 165 27 17 20 3 1 2 3 0 0 45 
6 8 2 0 33 16 8 2 5 5 19 4 7 4 5 4 9 11 12 14 20 6 1 20 4 0 0 18 1 118 58 291 296 107 259 49 140 20 134 182 213 25 261 324 252 225 185 49 53 385 5 8 8 1 4 2 3 4 0 0 11 114 5 2 4 19 1 10 3 1 2 3 11 22 2 1 0 0 7 2 0 1 0 2 2 12 12 61 43 0 0 321 42 23 23 12 4 0 2 0 0 42 
16 25 11 3 3 24 21 38 23 34 16 18 40 12 6 14 7 20 14 39 23 3 16 22 11 1 1 61 3 110 51 138 267 116 200 72 238 82 34 157 129 33 272 233 170 157 139 59 26 336 3 3 18 7 1 1 1 5 0 0 3 98 1 9 30 34 8 5 9 2 2 4 17 35 2 2 2 0 27 8 8 0 0 17 2 18 5 64 31 0 0 318 21 31 27 8 1 7 4 0 2 60 
39 60 31 3 6 35 28 68 62 42 76 60 73 115 34 83 129 121 125 54 40 7 18 63 20 1 1 57 8 163 124 384 551 337 1181 162 1056 644 785 31 96 50 263 395 287 484 305 86 115 619 10 5 12 7 7 4 4 11 0 3 11 173 17 54 58 46 13 9 5 10 11 5 15 15 0 6 1 2 38 6 9 9 4 28 9 16 17 41 82 0 0 181 46 48 40 12 0 1 2 9 2 49 
11 13 20 0 5 28 12 11 30 17 18 10 25 51 21 22 43 108 36 53 27 3 11 34 18 2 1 35 11 109 31 186 309 117 464 71 424 357 411 44 13 22 155 165 148 240 178 95 59 390 5 8 8 0 2 0 5 14 0 6 5 87 7 20 18 18 3 1 3 2 5 11 7 7 2 3 2 0 19 5 1 7 2 5 5 11 14 14 23 0 0 86 32 46 22 5 13 0 10 0 0 29 
3 0 3 1 2 2 2 1 0 6 8 2 8 6 2 2 21 9 23 0 1 0 0 6 0 0 0 2 0 20 2 27 42 29 101 8 104 57 76 49 31 5 58 94 42 36 42 13 19 67 5 0 1 0 0 3 8 4 0 0 2 15 0 7 9 7 2 0 4 0 1 1 9 1 2 9 3 3 6 3 19 2 2 11 0 39 3 23 8 0 0 29 12 31 12 2 0 1 1 0 0 16 
8 6 7 0 5 8 3 7 7 2 2 10 9 4 6 12 19 79 16 4 11 0 0 9 3 0 0 13 1 73 14 100 196 85 259 29 190 193 228 111 63 17 18 35 81 81 83 38 47 264 9 17 12 5 2 4 7 5 0 1 3 27 0 12 12 8 3 0 0 1 1 3 6 3 10 9 1 3 30 20 31 29 15 78 27 74 39 105 56 0 0 50 29 38 31 42 11 19 25 1 6 140 
7 9 5 0 0 13 1 7 5 5 4 9 0 6 12 17 36 41 24 7 17 2 3 17 6 2 0 24 3 49 17 85 148 72 159 15 204 189 252 137 99 39 78 79 256 195 140 63 93 542 10 15 17 16 0 3 5 7 0 1 2 36 0 10 20 10 3 2 2 4 2 0 10 10 13 6 2 14 62 29 21 47 6 59 16 117 62 109 45 0 0 210 45 80 67 75 13 7 31 3 4 122 
8 12 9 0 1 23 10 6 20 8 8 8 19 16 10 6 23 62 58 19 10 4 6 26 9 0 0 27 2 63 20 80 169 61 261 56 314 233 280 260 153 55 163 117 118 114 116 53 116 557 6 2 11 6 1 9 1 2 0 5 2 63 0 14 8 33 6 8 0 3 10 10 18 6 4 0 2 0 27 11 9 13 5 54 6 41 18 53 16 0 0 182 76 91 61 33 5 11 30 1 3 87 
7 16 12 2 6 8 11 6 10 5 12 8 11 7 5 10 62 45 44 12 7 1 2 22 4 0 0 28 2 73 21 67 197 62 174 59 240 165 237 160 179 45 147 223 109 25 108 85 61 471 13 1 7 6 2 5 5 4 0 3 4 60 0 10 26 32 5 11 0 2 5 6 15 12 3 4 0 4 19 17 18 11 5 31 18 86 40 128 25 0 0 257 65 77 76 29 13 19 22 2 0 110 
16 12 15 2 2 23 8 16 21 6 17 5 14 6 16 14 43 51 47 6 8 4 11 24 8 0 0 15 1 57 20 76 163 55 200 59 285 160 219 202 208 35 189 229 173 144 42 121 84 276 14 6 14 11 1 7 4 6 0 2 8 58 0 9 12 46 4 9 5 0 1 2 13 7 7 11 0 7 27 11 1 31 10 37 20 85 37 161 28 0 0 185 41 61 45 15 3 24 18 0 4 148 
10 14 2 0 10 3 6 12 9 7 19 11 12 12 28 7 44 50 48 2 17 1 10 16 3 3 0 18 5 46 9 91 144 94 170 39 210 141 296 271 230 43 364 604 391 657 450 20 65 1218 9 4 8 4 0 7 23 8 0 3 7 56 4 21 13 57 4 7 1 0 5 1 5 6 3 5 3 5 16 16 3 17 9 80 13 122 84 146 80 0 0 656 130 172 99 31 3 7 15 2 4 77 
2 11 9 2 6 20 9 9 15 9 29 23 17 36 4 18 72 39 65 9 13 2 10 15 3 0 0 25 10 43 14 103 163 126 244 41 349 184 250 412 210 47 731 958 630 1000 689 463 23 1597 10 9 12 6 7 5 11 14 0 0 2 85 0 43 10 60 13 8 5 4 3 6 7 9 8 2 3 0 30 26 8 29 8 80 25 105 67 271 143 0 0 969 123 267 155 43 15 23 37 1 3 73 
32 40 23 4 28 60 18 27 30 54 49 72 47 79 21 66 79 153 164 27 34 11 14 153 37 2 3 97 19 160 34 207 812 184 438 151 837 464 661 747 520 82 1010 1143 664 926 328 483 148 48 36 22 36 13 5 8 31 10 0 8 24 177 5 54 45 88 25 33 9 13 17 15 28 33 26 22 1 8 88 28 32 35 21 145 37 156 107 639 140 0 0 959 133 199 239 68 7 41 69 3 11 305 
8 8 17 1 9 7 10 23 5 16 3 22 14 52 31 31 34 21 22 7 2 2 2 35 16 0 0 24 6 7 8 21 112 14 59 12 48 17 27 10 7 1 21 31 20 28 16 6 3 52 3 10 104 123 39 30 118 144 0 61 43 44 7 47 46 51 17 24 4 8 4 9 20 26 15 14 8 5 119 23 17 17 7 54 11 22 5 76 16 0 0 24 6 10 9 5 1 3 9 0 1 23 
2 3 3 0 1 4 1 4 8 9 1 15 16 30 18 24 22 8 15 2 0 1 0 14 1 0 0 8 1 5 1 9 50 20 30 15 29 5 22 19 7 0 17 22 16 18 11 5 2 17 36 8 42 50 22 11 83 54 0 44 27 22 5 41 28 60 13 17 1 3 1 4 5 9 15 7 4 4 61 6 10 6 3 45 17 11 1 22 13 0 0 44 0 11 6 2 1 2 5 0 0 21 
6 21 7 3 8 13 4 8 8 18 2 11 30 35 39 32 24 40 13 4 2 1 10 35 5 0 1 12 7 8 4 12 54 23 58 10 36 12 39 33 21 1 25 51 8 38 14 3 5 45 74 15 7 9 9 3 63 53 0 74 35 82 23 36 46 50 12 41 11 24 6 14 14 27 20 26 1 7 82 24 26 4 3 48 7 15 7 54 8 0 0 49 6 11 9 0 0 1 20 0 0 24 
1 15 12 2 8 24 12 8 13 7 11 42 22 92 21 30 15 37 18 6 4 0 1 17 2 0 0 14 0 19 7 26 42 12 40 12 28 4 47 33 13 0 25 45 11 11 26 5 4 26 209 54 49 12 26 13 99 127 0 120 46 61 10 67 54 60 23 25 2 29 8 22 18 16 6 9 9 20 171 28 14 27 9 79 14 29 4 25 17 0 0 35 2 11 16 7 0 0 3 1 0 17 
5 8 15 3 5 9 6 12 3 23 3 11 6 21 18 21 12 10 9 0 2 3 0 10 4 0 0 9 0 4 3 24 44 43 52 4 26 0 5 7 6 0 17 20 1 7 5 1 0 12 134 32 45 12 3 5 12 43 0 43 31 16 22 30 55 16 6 19 0 7 7 3 8 28 13 23 4 5 97 13 14 2 3 33 9 5 1 9 2 0 0 27 6 9 7 3 1 2 3 0 0 6 
6 4 1 0 0 3 1 10 1 1 3 4 4 16 11 2 7 4 3 4 0 4 1 3 1 8 0 8 2 4 0 11 20 2 14 1 3 0 13 1 2 1 13 7 7 17 15 4 0 18 45 10 20 2 2 0 7 31 0 20 15 16 5 39 19 41 2 12 2 6 7 2 6 10 3 22 0 2 37 7 3 1 3 40 3 20 0 7 3 0 0 18 3 5 18 1 0 0 0 0 0 2 
7 8 4 4 4 19 5 6 7 3 6 47 22 58 44 31 35 35 48 5 5 1 1 14 7 0 0 7 2 16 13 29 32 23 100 9 35 6 34 22 22 1 46 50 6 22 16 3 8 22 181 54 45 11 5 5 3 12 0 72 79 115 32 89 87 87 34 35 3 25 15 17 24 37 36 67 18 5 57 12 17 14 10 122 34 12 8 34 5 0 0 70 20 19 12 2 1 1 2 0 0 13 
17 18 32 1 17 58 11 36 18 10 10 39 23 126 42 53 39 43 40 22 7 7 1 14 2 2 0 10 8 26 24 49 77 26 128 4 18 6 33 24 23 2 24 51 10 26 15 1 4 47 153 44 99 24 44 8 19 7 0 129 76 97 45 115 62 79 35 41 12 29 15 21 24 22 73 77 17 17 130 3 17 1 7 169 33 20 13 70 16 0 0 106 5 21 21 3 0 2 3 0 3 10 
0 0 0 0 0 0 0 0 0 0 0 0 0 0 0 0 0 0 0 0 0 0 0 0 0 0 0 0 0 0 0 0 0 0 0 0 0 0 0 0 0 0 0 0 0 0 0 0 0 0 0 0 0 0 0 0 0 0 0 0 0 0 0 0 0 0 0 0 0 0 0 0 0 0 0 0 0 0 0 0 0 0 0 0 0 0 0 0 0 0 0 0 0 0 0 0 0 0 0 0 0 0 
14 26 28 0 3 12 10 6 19 4 3 23 20 72 28 34 60 61 35 19 7 10 5 28 7 4 0 16 2 14 1 30 39 11 26 2 3 4 13 5 9 0 18 31 6 6 6 1 2 12 95 33 50 38 36 10 55 65 0 6 6 74 10 85 131 186 51 40 17 20 34 26 66 47 17 14 3 7 98 13 14 7 2 43 5 8 6 23 4 0 0 67 14 6 4 6 0 0 1 0 0 5 
10 3 5 0 0 4 0 0 1 1 2 1 4 1 2 0 1 0 2 0 0 0 1 2 1 1 0 0 0 15 1 7 8 11 9 2 1 0 5 2 10 1 10 4 4 0 1 0 2 4 29 28 48 18 25 7 21 12 0 4 2 23 6 32 47 104 20 39 28 18 15 10 23 39 0 11 0 7 29 7 2 4 0 15 6 7 6 10 14 0 0 16 4 0 2 1 0 0 0 0 0 1 
0 3 0 0 0 1 0 0 0 0 0 1 0 0 0 0 0 0 0 0 0 0 0 0 0 0 0 0 0 2 0 1 2 2 10 3 2 0 0 0 0 1 8 2 0 0 0 1 0 3 13 2 11 1 1 10 0 1 0 4 2 1 0 1 10 6 9 1 0 2 0 2 1 7 0 1 0 0 5 3 1 1 0 1 0 0 2 0 0 0 0 1 0 0 0 0 0 0 0 0 0 0 
0 3 3 0 0 1 6 2 3 2 1 1 1 0 0 4 7 2 2 0 0 0 5 1 0 0 0 0 0 5 7 4 3 1 10 4 26 1 6 15 7 2 11 6 3 14 6 0 4 3 11 8 15 5 5 3 7 6 0 10 0 1 1 6 48 75 34 14 3 15 2 4 13 4 3 2 0 1 16 7 4 2 0 1 0 2 1 5 0 0 0 10 0 1 1 2 0 0 0 0 0 0 
10 5 4 0 0 20 3 8 4 0 15 0 8 1 0 4 9 1 5 1 0 1 1 3 1 4 0 0 5 4 8 31 8 0 34 27 83 23 39 33 20 0 23 47 9 11 2 1 1 27 39 23 22 24 13 10 21 32 0 52 32 102 4 2 62 199 111 25 24 35 35 28 47 68 6 6 0 7 75 8 10 8 2 17 1 3 2 8 3 0 0 34 0 3 0 0 0 0 1 0 0 5 
7 20 7 1 3 38 9 27 21 5 6 6 2 1 0 12 5 2 0 0 1 0 0 2 1 0 0 3 8 49 26 82 40 25 23 28 74 24 63 50 27 3 56 34 28 26 20 5 5 86 37 35 61 22 16 17 34 21 0 83 47 106 25 22 15 87 196 64 42 75 86 48 119 120 15 8 9 5 58 25 6 5 3 4 5 10 5 14 7 0 0 46 3 0 1 0 0 0 0 0 0 4 
12 28 14 8 8 48 19 30 9 8 2 12 14 1 0 3 0 1 0 0 0 0 0 0 0 0 0 0 2 56 15 101 120 57 71 30 107 29 68 18 12 1 35 69 36 46 12 4 12 52 51 17 54 16 10 21 41 48 0 72 25 206 44 104 49 27 40 75 57 89 60 98 144 150 10 9 4 16 99 46 26 15 5 17 9 13 12 12 7 0 0 29 0 1 1 0 0 0 0 0 0 2 
3 2 3 0 9 9 7 2 11 2 1 9 3 1 0 2 1 0 0 0 0 0 0 1 0 0 0 1 2 18 27 81 67 38 59 22 56 29 16 13 2 3 14 21 10 14 5 10 4 31 16 7 30 17 6 3 7 23 0 21 33 46 41 53 71 50 3 28 34 53 31 52 61 68 4 0 17 1 15 7 7 5 1 8 1 1 2 4 0 0 0 2 0 0 0 0 1 0 0 0 0 5 
6 8 8 0 3 6 3 13 24 1 5 7 3 0 1 2 0 0 0 0 0 0 0 0 0 0 0 0 2 17 19 41 78 47 121 37 82 20 39 10 16 4 20 15 15 19 15 1 5 17 29 20 40 17 30 15 38 27 0 49 98 226 47 92 179 280 128 1 21 66 26 61 89 186 6 6 1 12 58 11 4 9 2 8 2 4 1 7 6 0 0 6 1 0 0 1 0 0 1 0 1 5 
0 2 0 0 1 6 1 4 0 0 0 8 4 0 0 0 0 0 0 0 0 0 0 0 1 0 0 0 0 13 1 21 13 28 46 10 43 9 7 5 3 1 9 9 5 8 8 1 2 8 5 1 9 4 1 1 5 7 0 2 6 97 11 47 134 204 164 40 5 2 29 19 42 33 2 6 0 1 22 2 5 0 1 3 0 9 0 5 4 0 0 7 0 0 0 0 0 0 0 0 0 0 
8 2 8 0 2 8 5 3 15 11 3 2 0 5 0 0 0 0 0 0 0 0 0 0 0 0 0 0 2 22 7 46 72 83 150 13 37 5 19 2 3 0 15 18 1 20 8 2 1 11 42 12 36 18 6 17 8 17 0 43 56 263 29 71 216 386 225 65 17 7 32 55 171 260 6 3 1 2 56 4 4 7 2 7 0 3 3 4 1 0 0 9 0 0 0 1 0 0 0 0 0 2 
6 13 5 1 3 28 4 23 3 11 8 5 3 1 1 20 0 2 0 0 0 0 0 0 0 0 0 0 0 14 22 15 99 116 267 57 155 34 76 49 16 7 33 32 23 24 10 9 2 38 25 8 28 13 12 32 19 27 0 85 63 187 68 108 321 697 304 238 139 127 5 21 76 201 5 2 4 4 46 12 9 8 3 16 0 5 8 18 7 0 0 26 0 1 2 1 0 0 0 0 0 2 
2 3 5 7 4 13 5 11 14 4 2 3 16 10 0 3 4 0 0 0 0 0 0 0 0 0 0 0 3 15 6 14 113 98 208 37 168 47 73 21 8 5 38 45 21 26 12 1 2 37 22 7 30 5 1 5 10 25 0 84 93 218 52 174 381 718 359 299 140 109 15 6 149 277 4 10 11 3 60 12 8 10 8 40 6 4 3 7 3 0 0 39 0 1 1 0 0 0 2 0 0 2 
2 1 3 0 1 4 1 5 9 5 3 4 2 5 2 9 0 1 0 0 0 0 0 0 0 0 0 0 8 1 1 4 13 32 37 18 33 18 18 1 5 1 8 7 4 11 6 6 9 16 16 11 32 20 13 7 17 18 0 31 24 119 14 34 145 226 197 60 38 59 53 20 6 60 4 14 2 4 43 6 4 2 4 21 4 5 0 10 2 0 0 9 1 0 0 1 0 0 1 0 0 3 
2 4 4 1 1 7 11 8 9 7 1 13 2 2 2 5 1 0 1 0 0 0 0 1 0 0 0 0 0 0 0 1 10 32 14 7 22 11 14 6 3 0 2 6 4 5 5 0 0 5 23 5 22 4 8 7 5 16 0 46 27 98 10 29 134 187 28 95 39 89 88 42 41 6 7 10 1 2 67 9 6 5 4 16 6 4 0 8 2 0 0 2 1 0 1 1 0 1 0 0 0 2 
0 1 7 7 1 11 3 5 17 6 5 10 14 51 20 16 21 7 8 3 1 3 3 11 1 1 0 10 5 7 3 18 39 9 31 2 23 6 21 27 26 2 66 60 13 63 25 4 17 65 14 5 29 9 7 8 37 93 0 37 22 42 4 24 38 28 2 21 1 8 8 3 12 17 8 44 18 29 310 90 66 45 32 202 29 40 16 101 17 0 0 96 15 23 38 7 1 8 10 0 1 27 
1 5 7 0 2 6 8 16 22 10 4 13 10 74 22 35 32 5 12 1 1 3 2 14 1 0 0 2 4 13 0 31 28 8 26 3 8 3 36 20 9 2 53 75 36 75 24 5 12 74 18 31 19 17 18 23 73 109 0 43 33 29 7 32 26 38 3 20 4 7 6 7 16 12 17 6 28 28 250 125 58 48 45 266 49 50 18 63 40 0 0 114 20 45 25 12 0 8 15 1 1 18 
1 2 6 0 0 0 0 0 1 6 0 1 3 8 9 4 4 3 1 0 0 3 5 0 1 0 0 0 0 5 1 4 9 6 4 0 6 0 2 3 3 1 6 8 7 5 16 1 3 13 14 0 6 14 4 2 14 28 0 13 10 3 3 36 3 11 1 1 4 5 2 0 1 3 15 18 1 27 71 31 13 13 16 143 9 5 4 14 6 0 0 11 1 14 5 8 0 1 1 0 0 3 
4 7 8 0 13 11 2 9 6 4 2 9 7 50 20 9 15 8 1 2 3 2 6 7 2 0 0 5 3 1 4 17 41 11 56 7 3 2 23 17 14 1 64 141 36 85 41 9 3 51 34 14 53 26 23 35 58 65 0 19 25 74 16 43 44 47 22 25 9 4 7 4 21 39 31 98 14 8 81 67 42 54 21 257 61 50 21 83 28 0 0 136 30 34 27 11 0 1 11 2 2 19 
22 47 24 2 5 19 9 10 8 7 8 24 28 102 62 74 69 43 36 16 6 2 9 29 8 2 0 22 2 38 18 58 93 55 158 9 29 8 44 43 28 2 76 119 31 97 47 9 22 119 156 74 153 58 50 38 59 77 0 50 51 145 38 136 134 173 35 58 29 32 38 29 52 87 118 153 20 12 18 43 33 24 27 359 50 69 35 109 48 0 0 176 27 48 16 20 4 16 14 1 3 40 
3 14 2 2 4 0 3 8 3 7 0 2 1 26 4 19 13 15 6 2 0 1 0 8 9 0 0 8 2 5 6 29 30 27 41 6 1 3 18 17 15 7 151 105 23 55 41 6 4 103 41 4 35 7 19 3 16 10 0 15 12 72 31 45 97 57 12 28 9 8 5 13 20 17 76 107 14 27 88 3 11 53 33 385 105 71 23 94 39 0 0 138 23 48 51 15 20 4 11 1 1 46 
1 10 0 0 0 12 1 3 8 5 0 4 1 3 0 6 7 10 14 1 1 0 1 1 2 1 0 7 9 17 4 3 36 7 20 2 3 3 8 9 8 7 115 111 26 75 33 14 9 125 40 11 23 13 22 7 18 32 0 8 24 56 26 41 54 34 9 4 3 3 5 15 28 18 56 80 22 37 83 47 5 17 20 335 83 72 30 94 37 0 0 189 42 39 48 19 3 18 11 1 1 38 
2 11 6 0 2 4 1 2 7 1 0 0 1 2 0 0 1 1 1 0 0 0 0 3 1 0 0 3 0 0 3 4 25 7 9 2 2 1 16 29 22 2 92 61 32 53 30 15 6 99 11 5 17 4 0 2 17 18 0 7 31 53 7 11 14 28 10 4 2 4 1 18 8 17 22 35 10 22 69 14 25 2 16 157 39 73 27 82 31 0 0 158 27 39 43 22 4 7 24 3 0 47 
7 8 11 0 5 6 0 10 2 0 0 0 0 0 0 6 1 3 1 0 0 0 0 0 0 0 0 3 0 6 2 19 34 9 5 0 0 1 12 27 31 12 131 129 24 50 59 11 15 105 37 18 20 9 25 5 29 22 0 28 23 98 8 34 22 27 11 6 7 13 6 5 23 19 57 88 13 48 112 105 26 30 8 202 149 107 25 100 58 0 0 197 42 56 31 17 1 23 15 1 4 45 
12 1 13 0 0 2 0 3 3 3 0 0 0 0 0 0 0 0 0 0 0 0 0 2 1 0 0 3 3 3 0 3 7 3 0 0 1 0 5 20 22 4 153 165 44 76 40 18 16 152 30 23 36 19 19 8 24 66 0 34 14 88 3 3 5 17 7 2 5 4 4 4 10 8 68 120 57 85 214 202 168 64 133 21 61 121 30 172 33 0 0 184 32 59 43 42 4 13 13 6 1 77 
8 5 11 1 1 25 0 8 2 7 3 0 0 1 0 5 0 0 2 0 0 0 1 0 0 0 0 0 2 7 2 8 13 1 1 1 1 3 19 73 29 35 272 238 88 173 64 14 12 149 28 25 29 18 14 10 40 62 0 34 39 52 8 22 27 38 4 5 10 4 8 2 9 17 36 76 41 47 146 190 170 127 106 236 15 151 93 202 100 0 0 385 80 125 100 39 14 20 25 4 6 68 
14 3 12 1 2 14 4 3 5 5 1 2 0 0 10 2 10 6 19 5 0 0 0 2 5 0 0 2 4 3 1 9 30 9 33 4 38 34 68 21 56 36 228 199 104 156 110 53 39 159 15 15 16 8 7 4 37 48 0 28 17 70 14 18 8 17 9 3 3 0 0 8 10 9 36 54 12 13 80 38 51 43 31 201 73 7 41 119 48 0 0 404 85 101 92 34 4 7 20 4 6 96 
10 5 7 0 9 20 4 1 7 9 0 1 1 1 3 10 7 24 7 1 5 4 1 7 4 0 0 6 1 24 3 25 47 12 28 8 52 38 86 24 63 15 118 279 103 123 70 61 7 159 19 5 11 7 1 10 16 19 0 18 18 35 10 18 20 31 6 6 0 1 1 4 4 4 7 8 4 18 72 38 28 28 22 134 37 56 4 79 54 0 0 380 61 136 86 47 12 16 26 1 1 57 
24 32 16 4 6 18 12 23 15 11 7 6 11 6 10 19 46 35 37 14 7 2 5 54 14 1 0 41 8 95 27 125 279 77 182 75 285 211 283 174 37 54 494 431 159 515 357 143 91 773 59 25 67 22 16 9 35 39 0 34 42 131 10 20 33 79 7 8 3 7 10 16 18 26 68 55 12 38 169 108 84 83 84 357 133 118 73 25 68 0 0 1066 252 341 350 154 32 86 160 11 28 396 
8 7 6 1 1 6 9 2 4 7 10 4 30 8 9 1 18 18 39 3 20 1 3 3 4 0 1 9 4 44 8 66 60 72 171 20 155 144 147 125 63 27 254 141 52 176 73 49 42 155 16 5 20 1 1 3 4 13 0 16 10 48 1 4 24 24 2 7 1 5 1 2 5 3 8 9 4 11 59 33 51 57 19 122 43 176 102 83 7 0 0 477 101 161 110 55 27 25 28 2 13 121 
0 0 0 0 0 0 0 0 0 0 0 0 0 0 0 0 0 0 0 0 0 0 0 0 0 0 0 0 0 0 0 0 0 0 0 0 0 0 0 0 0 0 0 0 0 0 0 0 0 0 0 0 0 0 0 0 0 0 0 0 0 0 0 0 0 0 0 0 0 0 0 0 0 0 0 0 0 0 0 0 0 0 0 0 0 0 0 0 0 0 0 0 0 0 0 0 0 0 0 0 0 0 
0 0 0 0 0 0 0 0 0 0 0 0 0 0 0 0 0 0 0 0 0 0 0 0 0 0 0 0 0 0 0 0 0 0 0 0 0 0 0 0 0 0 0 0 0 0 0 0 0 0 0 0 0 0 0 0 0 0 0 0 0 0 0 0 0 0 0 0 0 0 0 0 0 0 0 0 0 0 0 0 0 0 0 0 0 0 0 1 0 0 0 0 0 0 0 0 0 0 0 0 0 0 
2 1 2 0 2 7 2 3 1 3 2 2 0 4 1 2 1 2 4 0 1 0 0 1 1 0 0 3 3 9 2 16 45 17 78 12 52 39 54 22 18 0 34 101 34 58 50 23 29 86 16 3 7 6 3 3 7 0 0 1 1 19 0 2 5 7 0 0 1 1 0 2 0 0 1 5 0 1 25 12 9 11 8 28 25 74 38 68 24 0 0 9 53 82 38 36 15 15 13 0 3 109 
2 2 4 0 0 0 0 3 2 0 1 2 5 0 3 1 7 1 2 0 0 0 0 0 1 0 0 0 4 9 2 29 25 18 78 7 65 36 58 37 33 6 131 250 70 93 41 35 9 122 10 1 10 2 0 1 3 4 0 4 4 21 1 0 3 1 0 0 0 0 0 0 1 1 5 8 1 2 52 7 9 10 11 35 12 93 41 70 28 0 0 238 10 18 23 43 2 4 14 2 5 41 
1 4 1 2 1 1 3 1 5 0 5 5 3 5 3 5 3 3 0 1 0 0 0 1 0 0 0 0 0 5 0 23 34 23 68 15 86 23 85 42 70 5 198 351 129 204 115 23 23 191 9 10 7 2 0 8 8 8 0 5 1 21 0 5 5 3 0 0 0 0 0 0 0 2 21 16 5 2 41 28 30 26 17 68 57 103 82 125 74 0 0 317 15 16 21 27 4 5 30 2 7 119 
1 0 2 0 0 2 0 3 1 0 1 0 3 3 0 1 0 2 0 0 0 0 0 0 0 0 0 0 1 21 3 15 36 25 43 11 44 10 38 13 22 12 163 204 91 123 81 38 15 179 4 4 4 2 1 2 29 4 0 2 3 5 5 0 1 0 0 0 0 0 0 0 0 0 7 13 1 2 36 18 3 19 6 72 19 118 52 99 55 0 0 198 16 7 2 12 6 5 17 2 2 78 
0 4 9 0 2 6 0 0 3 5 3 24 3 17 2 10 6 1 0 0 1 0 0 0 0 0 1 4 2 21 13 52 57 29 94 24 131 51 120 102 95 22 490 779 230 254 94 64 21 279 7 2 2 2 3 2 8 5 0 5 9 51 0 4 2 4 0 0 0 0 1 2 4 1 4 1 3 11 38 21 11 45 9 64 23 157 54 176 133 0 0 1640 195 60 31 8 14 31 7 0 2 128 
0 1 0 0 1 0 1 0 0 0 3 8 0 0 1 0 0 0 0 0 1 0 0 0 0 0 0 0 0 3 0 1 5 9 24 1 19 5 8 12 16 0 71 110 43 39 10 12 1 43 0 0 2 0 0 0 2 1 0 2 0 2 0 0 2 0 0 0 0 0 0 0 0 0 6 7 0 6 21 6 4 1 7 11 3 22 3 25 10 0 0 127 14 23 20 18 0 1 8 0 9 19 
0 0 2 1 1 5 1 0 0 0 0 14 3 0 0 13 4 0 0 0 0 0 0 2 0 3 0 4 0 9 4 7 15 13 34 4 95 32 74 59 31 14 258 416 140 198 104 36 27 229 7 2 17 4 1 6 4 14 0 9 1 6 0 2 3 7 0 0 0 0 0 1 2 2 12 5 5 8 26 14 19 26 18 90 19 72 47 95 108 0 0 757 123 62 107 105 11 5 24 4 6 133 
2 2 1 2 0 0 1 3 0 7 0 4 4 2 1 1 0 2 0 0 0 0 0 2 1 1 0 2 0 20 6 7 7 14 48 8 90 32 54 25 17 8 285 246 110 148 55 41 24 212 7 4 9 3 4 4 3 16 0 3 6 5 1 6 2 1 7 0 1 0 0 1 0 2 11 12 1 8 44 24 12 35 21 66 16 61 23 75 103 0 0 474 85 52 69 18 5 4 7 3 6 37 
0 1 2 1 0 0 1 0 0 0 0 0 3 4 1 7 0 0 0 0 0 0 0 0 0 0 0 0 0 6 0 1 6 10 12 3 55 20 30 6 29 1 56 117 39 77 29 5 9 78 2 0 3 7 0 0 4 3 0 1 0 2 0 2 0 0 0 0 0 0 0 0 0 0 2 1 0 2 10 5 11 1 4 21 5 17 4 27 23 0 0 188 58 17 52 11 6 6 2 2 0 17 
1 1 0 0 0 0 0 0 0 0 0 7 0 1 0 0 0 0 0 0 0 0 0 0 0 0 0 0 0 0 2 1 1 3 3 6 11 3 18 2 19 0 40 39 12 15 20 4 5 45 0 0 0 1 0 0 0 0 0 2 0 4 0 0 0 0 0 0 0 0 0 0 0 0 5 0 0 1 3 1 3 3 1 18 3 8 20 17 15 0 0 103 13 12 44 9 3 2 3 0 0 3 
4 2 5 1 3 2 1 1 1 5 1 3 3 12 1 3 4 1 0 0 0 0 0 1 0 0 0 3 2 14 7 7 31 13 14 14 53 29 48 53 19 4 116 173 49 154 57 21 13 82 7 4 7 1 0 1 2 1 0 4 1 2 0 1 1 3 0 0 0 0 1 1 1 6 11 8 3 4 20 12 11 12 7 42 19 50 37 151 51 0 0 308 43 67 85 33 12 45 38 2 2 9 
