5 8 20 5 13 31 25 19 15 18 12 25 23 74 46 48 24 17 17 3 5 4 3 23 9 0 1 15 83 2 1 2 14 2 4 0 10 3 28 12 13 0 3 7 9 9 7 2 3 36 3 3 8 2 0 1 6 7 0 3 0 1 1 4 2 5 0 1 1 1 3 3 0 0 0 2 0 1 11 2 0 3 4 3 2 4 2 16 3 0 0 8 1 5 2 3 0 1 1 0 0 4 
8 10 15 6 5 24 26 22 29 26 22 28 38 93 48 64 31 24 32 12 8 10 4 16 13 0 0 27 121 3 0 4 18 6 9 2 3 9 31 18 14 1 7 15 12 13 9 6 6 47 2 2 16 7 5 1 3 4 0 4 1 2 0 3 4 8 2 2 1 4 4 2 0 3 2 0 1 2 17 2 2 3 1 11 4 4 1 29 3 0 0 10 1 0 1 0 0 1 0 0 0 13 
18 18 12 11 3 29 29 21 28 16 19 18 46 67 42 55 32 18 19 8 12 11 3 15 5 1 1 11 149 6 0 2 10 1 7 1 3 13 39 9 9 1 6 12 9 17 7 2 2 43 3 1 9 2 2 0 4 5 0 2 0 5 0 16 7 2 1 1 0 3 1 0 11 2 0 3 0 2 16 0 1 1 3 5 0 2 2 19 3 0 0 6 2 2 2 5 1 0 1 0 0 7 
7 6 18 3 1 9 12 12 17 4 1 0 9 8 5 10 9 4 6 0 3 4 0 4 0 0 0 6 22 2 0 0 1 0 1 0 1 0 6 1 2 0 0 3 2 1 2 1 1 11 0 0 0 0 0 0 0 0 0 0 0 0 0 1 0 2 1 0 0 0 0 0 0 0 0 0 0 0 4 1 0 0 0 0 0 0 0 3 0 0 0 0 1 0 0 0 0 0 0 1 0 0 
5 9 9 3 8 8 8 8 12 11 6 8 11 35 14 31 15 7 7 4 2 13 2 9 2 0 1 6 22 0 0 0 1 0 0 0 1 4 7 7 4 0 3 4 3 3 6 6 4 22 4 1 3 1 0 1 2 1 0 0 0 0 0 0 1 4 1 0 0 0 0 1 1 0 3 0 0 0 3 0 0 1 1 0 0 1 0 1 2 0 0 1 0 0 0 0 0 0 0 1 0 2 
22 20 19 9 7 3 11 18 23 13 16 33 25 111 31 51 28 9 23 8 4 7 6 13 6 0 0 8 104 2 0 1 5 2 1 0 1 3 20 3 10 1 6 6 3 6 5 3 2 24 2 1 6 8 0 2 0 4 0 2 4 7 0 4 4 7 4 0 1 0 3 1 1 1 0 0 0 0 11 2 0 1 2 0 2 0 0 3 1 0 0 3 1 0 0 1 0 0 2 0 0 6 
29 39 50 19 7 26 6 32 42 23 16 18 38 68 31 42 29 19 21 5 10 2 3 5 7 1 1 4 74 6 4 3 14 1 2 0 4 2 23 11 8 1 6 16 5 11 8 4 3 16 5 0 4 2 1 1 1 4 0 0 0 2 0 4 5 11 0 2 1 1 0 0 1 0 0 1 0 3 13 1 1 0 1 1 1 1 1 8 1 0 0 4 0 1 0 2 0 1 0 0 1 4 
29 28 28 10 3 7 37 8 8 16 9 36 42 72 42 58 45 22 24 8 8 8 5 17 7 0 2 6 59 4 2 3 6 0 2 0 1 2 25 13 10 0 11 3 9 4 4 1 7 16 1 4 4 4 2 1 0 2 0 1 1 2 0 3 1 8 6 4 1 1 2 4 2 1 2 0 0 0 13 4 1 2 0 1 1 0 1 6 0 0 0 4 1 1 0 0 0 0 0 0 0 4 
17 40 47 10 8 30 49 24 8 13 26 12 56 80 38 66 40 16 27 8 14 17 2 13 5 0 0 15 67 6 2 4 4 3 1 0 2 5 44 10 5 3 6 8 6 9 9 3 5 18 4 1 4 6 1 0 3 3 0 0 0 2 0 3 5 1 0 2 0 2 1 2 1 3 2 1 0 1 12 1 2 1 0 4 1 4 1 8 1 0 0 4 2 0 5 0 0 1 0 0 0 2 
12 27 18 0 1 12 14 16 11 4 6 10 17 33 12 43 24 17 14 3 4 3 5 9 8 2 1 17 26 4 0 2 2 1 0 1 4 0 17 7 4 0 11 0 1 2 5 0 1 13 4 2 4 4 2 1 3 0 0 3 0 3 0 5 1 4 1 0 1 0 0 1 1 1 3 3 0 0 18 1 2 0 2 3 3 2 0 2 0 0 0 5 0 1 1 2 0 0 0 0 0 3 
11 15 7 1 5 5 10 10 14 9 5 9 21 24 9 52 11 11 24 6 5 6 1 12 2 0 0 12 16 2 1 2 0 0 0 0 0 2 10 7 2 4 2 4 0 6 2 2 1 15 1 0 2 1 0 0 1 4 0 1 0 1 1 1 0 1 1 1 0 0 0 1 0 1 1 1 0 1 2 0 0 1 0 0 0 0 0 1 0 0 0 3 1 0 0 1 0 0 3 0 0 3 
23 44 32 8 7 34 24 32 24 25 12 4 25 69 14 46 24 28 37 13 16 6 12 34 6 1 2 29 48 7 4 19 11 0 5 1 4 3 27 12 4 3 8 6 6 17 10 10 3 31 2 1 6 2 4 0 3 2 0 1 0 2 0 2 3 4 0 0 1 0 1 1 1 1 2 5 3 2 7 0 1 1 0 2 0 0 1 6 0 0 0 7 1 0 1 0 0 0 0 0 0 2 
42 78 53 5 18 40 40 49 57 41 22 30 8 64 27 81 50 31 41 24 21 18 12 64 20 2 1 56 47 6 2 16 21 0 2 0 3 7 30 20 12 4 11 10 5 16 4 5 7 30 8 7 5 5 4 0 5 8 0 7 1 3 2 0 6 3 0 1 1 0 0 1 1 2 4 2 0 0 15 1 2 0 0 2 1 2 0 7 0 0 0 5 5 3 0 0 0 1 4 0 0 5 
44 117 74 13 19 52 61 53 63 39 31 38 44 11 8 66 67 41 70 30 53 45 26 66 35 3 6 106 64 12 1 2 9 2 0 0 0 3 23 15 26 1 2 7 10 6 5 4 3 26 8 4 7 9 3 2 7 10 0 6 1 6 0 1 0 2 0 0 1 0 0 0 0 0 6 1 1 1 21 0 1 0 1 1 1 1 0 6 1 0 0 7 2 0 1 0 0 1 3 0 0 1 
31 67 56 5 8 35 51 26 38 22 15 31 30 23 6 24 41 26 25 18 27 17 23 59 23 3 6 73 48 9 0 3 8 3 1 1 6 7 16 15 4 1 6 6 7 8 9 5 2 33 9 2 11 6 0 2 4 5 0 7 1 0 0 0 0 0 0 0 0 0 2 1 0 1 2 1 0 0 18 0 1 2 0 1 0 0 0 4 3 0 0 5 0 2 0 1 0 1 0 0 0 5 
31 42 44 5 9 31 38 45 55 38 22 35 50 44 19 17 59 31 48 27 53 44 33 103 43 5 3 81 44 19 9 25 35 9 16 8 24 5 32 11 17 3 7 17 9 8 10 6 8 56 7 10 8 10 1 2 2 10 0 4 4 1 1 1 2 1 0 0 2 0 1 0 3 1 2 4 0 1 24 0 1 1 0 1 0 3 1 7 4 0 0 18 1 3 3 1 1 1 1 0 0 5 
28 38 20 4 13 26 38 35 39 28 18 36 49 82 32 65 7 37 49 42 60 42 31 89 26 3 7 81 33 22 12 25 25 15 33 18 44 5 54 41 19 4 17 23 21 47 29 10 8 57 6 5 9 4 3 3 8 9 0 5 5 8 1 1 2 0 0 0 0 1 0 4 2 6 2 5 1 1 32 1 0 0 0 1 1 4 2 11 7 0 0 13 1 3 2 0 0 1 0 2 0 4 
11 28 14 2 5 19 28 14 25 17 12 29 30 82 27 77 36 7 23 13 29 7 14 52 19 5 5 41 23 15 7 9 28 5 14 13 29 11 64 13 18 5 8 11 12 21 11 6 3 43 3 1 8 1 4 1 2 6 0 1 1 1 2 1 0 0 0 0 0 0 1 1 0 0 0 2 3 2 11 2 0 0 1 0 2 4 2 17 8 0 0 8 1 2 0 1 0 0 1 0 0 4 
13 18 12 1 4 19 24 20 11 14 14 29 38 84 29 73 45 19 7 15 36 14 20 42 24 7 2 37 47 18 9 7 10 3 16 6 11 12 30 12 11 2 9 14 10 9 10 9 2 25 0 0 5 3 2 1 5 4 0 0 0 1 0 0 0 0 0 0 0 0 0 0 0 1 1 2 1 0 6 1 1 0 2 1 0 1 7 2 1 0 0 9 0 0 0 0 0 0 0 0 0 3 
5 10 13 1 2 11 11 13 10 11 9 13 28 54 18 57 38 15 14 4 7 6 23 15 15 4 10 57 12 6 5 5 7 2 5 7 8 13 35 14 12 3 2 2 3 9 2 5 1 18 2 0 10 0 1 2 0 4 0 1 1 0 0 0 0 1 0 0 0 0 0 0 0 0 1 1 1 2 10 1 0 0 0 0 0 2 1 6 1 0 0 2 0 0 0 0 0 0 0 0 0 0 
5 14 7 4 4 5 14 4 10 8 10 8 40 74 21 77 60 38 55 7 5 4 12 27 4 12 8 42 15 4 0 0 2 2 3 2 23 6 35 17 12 1 1 7 9 6 7 2 1 17 0 0 0 0 2 0 1 2 0 0 0 0 0 0 0 1 0 0 0 0 0 0 0 0 1 1 0 0 4 1 3 0 1 0 1 1 2 3 0 0 0 4 0 0 0 0 0 0 0 0 1 0 
5 10 7 2 2 10 10 7 22 16 5 13 26 81 38 66 28 23 17 0 5 5 11 31 4 16 5 54 32 3 0 0 5 0 5 2 10 10 41 5 5 0 4 4 3 11 2 2 1 13 4 0 1 0 0 1 0 2 0 4 1 1 0 0 0 0 0 0 0 0 0 0 0 0 0 0 0 0 6 0 0 0 0 0 0 2 0 4 0 0 0 6 0 0 0 0 0 0 0 0 0 0 
3 6 1 0 3 10 4 4 5 12 9 15 18 40 28 74 33 28 20 4 22 6 2 19 4 4 4 37 17 4 3 4 10 1 2 3 7 3 26 9 3 1 3 3 4 2 2 3 0 25 0 2 0 0 0 1 1 2 0 1 0 0 1 0 1 0 0 0 0 0 0 0 0 0 2 1 0 0 2 0 0 0 0 0 0 0 1 6 0 0 0 2 0 1 0 0 0 0 0 0 0 1 
8 11 12 0 4 8 14 12 15 20 6 30 46 80 58 137 91 45 63 16 17 20 17 7 4 26 33 86 25 7 4 2 31 2 4 10 31 17 60 18 12 1 5 7 10 13 9 5 6 72 5 3 7 4 4 1 2 3 0 0 1 0 0 0 3 0 0 0 0 0 0 0 0 2 2 3 0 1 15 1 0 0 2 3 0 1 3 12 2 0 0 11 0 0 0 0 0 0 0 0 0 3 
15 20 11 4 9 13 11 19 11 41 17 23 38 55 42 119 55 40 52 14 12 18 9 25 8 6 22 38 7 19 9 6 98 11 8 10 15 9 47 23 37 3 8 23 18 24 16 14 9 97 12 3 15 3 7 4 1 5 0 0 0 1 2 1 1 1 0 0 0 0 0 0 0 0 2 7 0 4 17 1 3 2 2 2 0 1 5 42 4 0 0 11 1 2 3 2 0 0 0 0 0 1 
1 0 0 0 0 0 0 0 4 0 1 2 5 11 4 14 6 12 6 4 16 11 8 25 3 0 4 11 3 1 0 3 2 0 0 0 4 4 7 1 1 0 0 0 0 2 1 0 1 2 0 0 1 0 0 0 0 0 0 0 0 0 0 0 1 0 0 0 0 0 0 0 0 0 0 0 0 1 0 0 0 0 0 0 0 0 0 0 0 0 0 0 0 0 0 0 0 0 0 0 0 0 
0 1 0 0 1 0 0 1 1 0 0 1 0 6 0 15 11 2 5 2 12 6 3 19 12 1 2 21 0 1 1 0 2 0 0 0 0 2 6 1 0 0 0 0 1 0 0 0 0 6 0 2 0 0 0 0 0 0 0 1 0 0 0 0 0 0 0 0 0 0 0 0 0 0 0 0 0 0 0 0 0 0 0 0 0 0 0 1 0 0 0 1 0 0 0 0 0 0 0 0 0 0 
21 25 13 3 5 10 10 11 14 25 8 26 40 80 58 152 54 41 51 34 59 86 48 90 39 17 60 9 18 2 2 11 20 4 10 5 22 28 69 28 20 6 10 13 19 33 20 4 6 78 9 4 10 2 0 0 4 3 0 0 0 0 1 3 2 0 0 0 1 0 0 0 0 0 4 1 2 1 12 4 2 0 3 1 0 2 2 23 5 0 0 9 3 0 0 0 1 1 1 0 0 9 
19 28 39 6 11 52 27 21 15 17 9 10 19 20 12 23 8 1 7 2 3 8 1 3 0 0 0 6 4 1 4 0 2 1 2 1 0 6 10 5 8 0 4 0 2 3 1 3 1 9 0 0 4 1 0 0 0 3 0 0 0 0 0 0 0 3 1 0 0 0 1 3 0 0 0 0 1 0 6 3 1 2 0 1 0 1 0 1 2 0 0 0 0 0 1 0 0 0 0 0 0 2 
2 0 1 0 0 5 9 3 7 4 3 7 13 5 3 25 47 17 13 4 6 1 1 12 9 0 0 0 7 29 83 112 270 51 140 125 349 132 284 125 73 3 30 51 34 61 33 11 17 181 6 4 12 6 1 3 6 2 0 5 3 9 2 19 24 49 7 9 1 6 3 12 2 0 4 3 0 2 25 1 0 0 1 4 1 9 6 54 10 0 0 37 7 8 13 7 2 3 2 0 1 25 
1 3 0 0 0 3 1 0 1 1 0 0 4 1 0 5 15 10 6 0 1 0 3 6 0 2 0 2 1 90 7 48 87 15 57 40 124 52 83 29 14 1 17 19 19 12 12 3 2 54 1 0 5 1 0 3 2 1 0 1 3 1 7 3 5 14 7 0 3 2 0 11 2 0 1 1 0 0 6 2 1 1 0 3 9 3 1 15 5 0 0 19 0 3 1 2 0 0 2 1 0 8 
0 4 4 2 0 5 3 7 4 0 0 2 7 1 1 19 32 19 6 3 1 0 0 5 4 1 1 4 3 98 59 6 98 31 73 52 228 100 205 75 45 9 46 41 39 50 35 18 15 116 6 4 11 2 3 3 6 1 0 5 1 3 1 5 7 16 5 10 2 4 4 1 2 2 0 0 0 0 16 3 0 0 2 2 1 9 1 38 6 0 0 26 7 0 2 2 0 7 1 1 0 18 
17 22 16 1 4 9 8 10 10 10 5 9 19 8 15 39 53 45 32 10 21 14 13 57 25 0 1 31 3 352 108 137 21 46 155 137 382 178 327 209 211 63 144 126 147 213 150 78 96 852 70 58 85 28 19 13 13 30 0 19 11 13 12 17 32 33 6 16 10 15 17 14 17 11 15 19 5 14 72 7 9 14 6 11 6 26 17 215 31 0 0 73 17 32 14 17 4 14 10 1 2 96 
0 4 3 0 1 1 4 2 0 2 0 1 2 1 0 8 10 4 9 1 0 1 1 4 3 1 0 5 5 48 30 19 43 2 26 20 87 37 100 47 48 9 31 31 20 29 16 12 12 73 6 8 10 4 2 3 7 4 0 8 1 13 5 1 4 14 7 2 2 5 7 11 8 4 2 2 1 0 24 1 4 0 1 2 1 4 3 11 1 0 0 41 0 4 5 11 0 3 2 0 0 8 
5 8 2 1 0 4 4 1 1 2 4 6 6 1 2 11 24 14 9 2 4 6 3 11 7 0 1 7 9 125 50 84 112 17 11 27 146 61 127 89 54 4 53 55 53 61 38 23 18 119 5 1 19 7 6 0 3 4 0 3 2 8 2 5 8 9 5 5 3 6 13 23 7 4 1 2 0 3 23 0 5 0 0 2 3 11 4 22 12 0 0 39 10 11 9 10 0 1 2 4 1 12 
3 1 3 0 1 3 2 1 0 3 0 0 0 2 2 2 20 9 3 1 3 2 3 9 5 0 0 10 8 129 68 68 117 22 48 5 165 49 108 73 33 5 26 23 34 38 46 11 10 92 4 1 7 4 0 0 1 2 0 0 0 10 2 6 9 12 2 6 1 3 6 6 6 5 1 2 1 0 17 0 0 0 0 1 0 3 1 20 8 0 0 33 3 6 5 7 1 4 6 0 0 21 
5 5 7 2 1 3 6 2 1 0 3 2 1 1 1 32 39 18 21 4 11 11 14 26 17 0 4 29 10 339 161 210 250 100 174 269 26 125 351 288 166 43 139 135 144 163 134 59 58 317 14 14 24 7 1 4 10 7 0 0 0 12 6 24 21 14 7 18 13 8 22 24 6 11 10 9 0 4 17 3 1 3 0 1 3 15 21 77 19 0 0 121 24 15 14 15 2 8 12 6 2 33 
11 7 4 2 1 1 9 13 12 11 3 11 11 7 5 8 20 20 8 6 3 3 8 19 9 0 3 17 18 138 36 87 105 28 55 49 127 12 134 181 94 23 79 86 81 115 68 32 22 225 5 6 15 1 0 0 4 2 0 0 1 5 0 10 14 5 2 0 2 2 6 5 5 4 2 0 0 0 6 0 0 1 0 0 3 6 10 59 13 0 0 64 10 8 5 4 1 3 8 0 0 23 
10 15 9 3 2 11 26 11 16 13 4 18 19 11 8 6 32 21 24 7 16 10 11 36 11 1 1 30 16 123 47 100 156 64 88 63 286 80 11 214 139 13 81 93 78 132 83 35 33 266 7 3 11 9 2 2 5 15 0 1 1 6 2 23 11 17 7 5 4 5 21 14 8 14 5 5 0 5 25 3 1 5 4 6 4 19 3 68 22 0 0 81 15 13 10 12 1 9 15 2 0 61 
14 16 8 3 1 6 9 9 18 12 6 13 21 18 5 12 27 24 23 7 10 7 2 22 4 0 0 17 24 94 23 74 137 55 97 44 354 129 425 14 41 16 62 115 62 143 67 38 32 267 4 4 13 4 1 0 1 4 0 0 1 7 1 8 7 9 1 3 2 1 5 9 7 8 5 1 1 1 15 4 3 1 1 19 9 9 7 26 14 0 0 63 6 15 13 12 1 5 3 2 0 28 
10 11 11 4 0 6 6 12 13 12 2 7 8 10 3 14 24 17 6 7 8 9 3 30 11 0 0 24 19 61 22 51 110 36 55 28 176 99 252 51 5 27 49 101 54 144 81 25 18 202 1 0 6 3 2 0 1 6 0 0 0 5 2 3 11 6 1 4 2 2 6 2 5 6 5 3 0 3 13 6 9 6 0 15 2 10 5 15 22 0 0 49 10 11 6 10 0 6 5 1 0 33 
2 0 0 0 0 2 2 1 2 0 0 1 0 0 0 6 3 0 4 1 0 3 1 3 1 1 0 1 2 12 7 4 18 5 9 4 62 16 46 16 13 2 20 33 15 17 11 6 2 31 2 1 3 0 0 1 0 0 0 0 0 1 0 0 2 1 0 2 1 0 2 1 0 0 0 1 1 0 4 2 1 0 2 2 3 9 1 9 10 0 0 6 1 1 5 3 3 2 2 1 0 8 
9 6 5 0 3 10 11 6 11 5 1 5 7 5 8 10 26 11 9 6 4 6 2 7 5 0 0 12 3 35 16 33 86 40 49 19 115 92 103 64 47 25 17 90 70 109 61 33 57 169 8 10 6 4 1 1 4 8 0 3 3 6 3 11 14 8 3 4 2 0 6 5 5 2 17 7 1 6 32 18 10 19 20 61 21 41 35 95 56 0 0 102 26 43 15 61 6 28 20 8 2 99 
6 11 10 4 0 6 10 5 9 6 3 3 10 3 6 11 20 23 20 2 13 1 2 15 7 1 0 19 15 70 17 43 90 34 59 32 149 88 191 132 50 30 94 31 133 214 125 72 73 344 4 12 13 4 7 2 3 4 0 6 1 7 2 5 6 9 3 4 1 3 4 7 4 3 14 12 2 20 55 14 27 26 10 69 29 90 52 111 94 0 0 202 49 42 43 71 10 43 42 5 9 89 
15 22 5 2 4 11 4 6 8 8 2 6 6 7 4 17 20 19 14 0 9 8 2 22 6 0 0 16 22 63 11 39 108 30 45 25 158 75 182 84 59 22 79 167 11 199 127 87 73 349 10 11 18 5 3 2 0 6 0 0 3 3 0 7 10 16 5 0 2 0 5 3 3 7 11 9 0 6 21 6 5 10 12 21 14 22 11 75 32 0 0 84 13 23 17 22 3 12 23 0 3 58 
7 13 15 0 3 8 7 9 11 12 5 10 12 6 3 6 23 22 9 4 7 2 1 20 8 1 5 18 17 60 12 36 131 36 54 42 190 81 187 138 63 13 82 230 124 21 160 148 127 565 11 10 26 8 1 2 11 9 0 0 0 4 1 8 9 10 1 2 2 1 8 11 3 9 9 4 4 8 35 16 12 11 15 50 19 38 33 137 27 0 0 120 13 32 21 26 10 38 31 3 3 118 
9 14 12 2 4 6 6 5 8 7 2 5 5 8 4 11 25 15 20 7 8 6 1 16 13 0 0 22 20 45 13 34 126 30 32 24 137 94 146 111 63 21 63 118 93 269 15 97 69 285 6 4 12 3 2 0 0 7 0 1 0 0 5 3 8 13 5 9 3 0 7 4 6 7 12 5 0 4 25 7 8 9 7 36 11 56 13 133 13 0 0 101 15 15 15 16 3 13 20 2 2 98 
3 4 4 0 2 2 1 3 8 3 2 4 2 5 3 4 6 10 2 5 3 0 3 13 2 0 0 13 5 12 3 12 66 7 17 13 54 34 69 41 41 9 35 73 55 201 104 5 42 307 3 2 4 1 1 0 4 0 0 2 1 1 0 1 2 5 3 0 2 1 5 2 1 0 3 1 1 1 6 3 3 0 4 9 2 10 12 71 11 0 0 65 7 10 9 10 0 8 9 1 0 45 
5 5 2 1 0 5 4 0 3 9 5 6 2 3 0 5 6 7 7 1 3 3 5 21 8 1 3 10 15 17 5 20 103 17 27 5 60 29 92 60 40 6 43 96 39 221 119 70 9 431 5 1 5 3 0 1 5 5 0 0 0 0 0 3 2 3 1 2 0 2 4 1 1 1 9 1 1 2 16 5 6 7 6 23 7 11 5 117 11 0 0 82 6 19 15 7 3 13 13 1 4 47 
26 46 20 4 12 21 17 16 13 32 12 36 19 29 8 31 40 44 33 17 20 6 11 102 28 1 3 81 48 154 23 94 631 73 96 102 328 211 494 196 245 31 139 331 216 517 243 218 200 43 32 18 58 16 7 2 11 19 0 3 10 13 2 17 24 30 6 16 5 3 9 17 6 27 36 25 2 13 71 34 21 45 32 86 26 62 45 547 29 0 0 260 23 57 60 40 10 51 55 5 6 282 
4 7 7 0 3 3 0 0 2 7 2 5 3 14 5 12 10 8 4 1 0 0 1 19 6 3 0 18 8 13 4 7 41 9 7 7 6 3 7 14 4 1 4 12 8 12 14 3 7 55 4 9 52 21 11 8 12 28 0 21 11 0 2 13 6 13 1 11 2 7 3 6 12 15 7 4 1 7 145 10 9 5 3 28 2 14 9 36 6 0 0 18 2 4 2 1 2 6 6 1 1 19 
0 4 2 0 0 4 1 1 1 2 6 7 1 13 7 6 2 1 2 1 0 0 1 5 1 0 0 3 0 2 3 2 15 2 6 3 10 2 5 4 3 0 7 7 1 12 4 1 2 17 2 3 26 25 4 4 13 17 0 10 5 1 2 5 10 13 1 7 2 4 2 3 1 2 3 2 2 10 60 1 2 3 6 11 7 3 8 32 3 0 0 11 0 2 3 1 0 4 5 1 0 12 
6 6 6 1 3 4 5 8 5 6 2 8 5 20 8 24 12 10 8 0 1 1 0 16 2 0 0 5 13 17 7 10 45 15 12 5 11 6 42 9 8 0 7 19 6 14 13 4 4 59 33 22 12 14 10 5 15 30 0 21 9 3 5 22 21 17 5 16 6 15 7 6 7 18 3 2 3 3 131 8 7 3 10 18 6 22 5 66 9 0 0 16 1 8 5 5 0 2 5 0 0 18 
2 4 1 0 1 7 0 0 3 2 1 4 8 17 5 10 8 4 4 0 2 0 0 3 1 0 0 1 4 8 0 1 20 6 7 0 8 2 10 2 6 0 3 3 0 13 3 1 0 7 8 17 38 3 5 2 8 12 0 19 14 3 4 14 9 8 6 7 3 5 5 3 3 7 1 1 2 7 74 3 4 1 4 15 5 12 3 11 5 0 0 14 2 1 1 1 0 3 2 1 0 7 
1 2 1 0 0 1 4 1 1 3 0 1 5 3 1 1 2 1 1 0 0 0 1 3 0 0 0 1 3 5 0 3 9 3 2 0 5 1 6 1 2 0 0 10 0 3 4 1 1 5 13 5 11 9 1 2 8 12 0 11 5 1 1 6 3 8 1 5 1 4 2 2 3 4 2 3 2 6 44 2 6 1 0 7 1 3 0 6 1 0 0 5 1 0 0 2 0 0 1 0 0 4 
0 4 6 0 0 2 3 0 0 1 0 4 2 6 0 1 0 0 2 1 0 1 0 1 2 0 0 1 6 3 1 4 8 3 2 0 3 2 4 3 2 0 2 1 0 4 1 0 0 8 1 9 4 5 5 1 8 10 0 9 2 2 3 5 1 3 0 1 2 2 2 2 0 2 1 2 0 3 34 2 2 1 0 6 2 5 2 4 0 0 0 4 1 1 2 0 0 0 0 0 0 1 
1 8 2 2 2 2 1 7 2 3 0 4 9 8 3 12 5 5 2 1 0 0 0 4 0 0 0 3 7 7 1 4 15 4 7 5 4 2 2 1 0 0 2 4 1 7 2 2 1 13 17 17 20 12 8 13 1 10 0 12 4 2 0 9 11 11 6 5 0 1 7 7 4 5 2 14 0 7 50 6 2 4 3 24 5 8 4 13 2 0 0 8 3 6 6 4 0 1 0 0 1 7 
3 5 4 0 2 7 5 1 2 7 6 6 13 30 8 20 3 6 7 1 1 0 3 5 2 0 0 2 4 11 0 4 17 5 10 0 10 3 7 2 8 0 7 6 2 4 4 1 3 14 21 7 32 18 8 25 12 6 0 8 6 5 4 10 11 19 5 13 3 1 4 6 1 5 9 6 2 6 92 26 9 2 6 33 13 8 0 17 0 0 0 6 0 5 1 4 0 1 0 0 0 7 
0 0 0 0 0 0 0 0 0 0 0 0 0 0 0 0 0 0 0 0 0 0 0 0 0 0 0 0 0 0 0 0 0 0 0 0 0 0 0 0 0 0 0 0 0 0 0 0 0 0 0 0 0 0 0 0 0 0 0 0 0 0 0 0 0 0 0 0 0 0 0 0 0 0 0 0 0 0 0 0 0 0 0 0 0 0 0 0 0 0 0 0 0 0 0 0 0 0 0 0 0 0 
10 14 9 0 1 4 3 4 1 6 1 7 27 21 15 23 12 14 5 8 5 2 2 26 9 0 0 15 29 8 5 6 17 2 1 1 3 5 8 5 0 0 3 3 2 1 8 4 0 18 13 17 31 18 5 7 6 16 0 6 3 1 2 8 17 13 6 11 9 4 5 9 7 4 12 3 1 2 41 5 7 1 7 9 3 9 1 18 0 0 0 6 1 5 0 1 1 2 1 0 0 5 
2 1 2 1 0 2 1 0 0 1 1 1 0 1 2 4 6 1 1 2 2 0 2 1 2 0 0 1 4 5 1 0 6 1 2 0 2 0 3 1 1 1 2 1 2 7 0 0 1 6 5 7 10 5 0 2 5 7 0 3 0 1 1 2 8 11 3 5 4 5 5 8 5 4 5 2 1 1 14 2 1 0 0 4 1 1 2 8 0 0 0 7 0 0 4 2 3 1 0 0 0 1 
2 3 1 0 2 4 3 2 4 3 2 2 4 10 5 4 8 1 1 1 0 3 0 1 0 0 0 6 0 8 0 11 12 10 13 6 20 8 26 8 12 0 4 7 4 5 4 2 7 21 1 3 10 4 1 3 3 5 0 9 1 3 1 7 11 26 8 12 3 14 4 8 6 6 2 2 0 1 24 1 2 0 1 8 0 2 4 7 7 0 0 14 1 0 2 0 0 0 1 0 0 3 
2 1 1 0 0 1 1 0 0 1 0 1 1 0 1 3 0 0 0 0 0 0 0 1 0 0 0 0 2 5 0 1 4 2 4 0 4 3 10 1 3 0 0 0 4 1 4 0 0 7 2 1 1 3 1 0 0 10 0 3 1 0 0 3 7 11 0 10 3 2 6 2 2 2 0 0 0 0 9 3 0 1 0 4 0 3 0 0 0 0 0 0 0 0 2 0 0 0 0 0 0 1 
4 4 3 1 0 5 4 3 0 0 0 1 2 1 0 0 1 1 0 0 0 0 0 3 0 0 1 0 3 6 7 7 9 0 9 1 22 11 25 19 8 1 6 5 1 13 9 2 1 17 14 11 18 8 4 1 8 9 0 5 3 7 7 2 10 19 10 7 6 5 12 15 5 2 11 4 1 0 44 2 1 1 1 2 2 2 1 10 0 0 0 4 1 0 0 0 0 0 0 0 0 3 
1 3 1 0 2 3 6 9 5 2 0 3 1 0 1 1 4 1 1 0 1 0 0 1 0 0 0 1 14 22 9 11 22 8 15 9 38 14 33 21 11 2 6 4 9 11 4 5 2 27 11 10 33 7 4 3 3 9 0 17 3 6 11 12 2 19 23 25 9 21 34 45 15 7 5 3 1 3 45 8 4 4 1 8 3 8 2 17 2 0 0 12 3 1 0 0 0 0 0 0 0 7 
12 13 9 2 2 11 15 10 8 10 0 7 4 1 0 5 0 0 2 1 0 1 1 2 3 0 0 2 13 57 28 29 41 19 23 11 66 16 48 25 11 0 9 12 17 24 14 6 0 62 17 19 34 15 10 9 13 26 0 50 14 34 9 30 34 22 17 46 32 47 48 88 28 68 15 13 0 7 91 11 4 4 8 11 4 8 3 13 7 0 0 10 1 0 0 2 0 4 0 0 0 1 
7 10 2 0 1 2 1 3 1 1 2 1 1 0 0 0 0 1 0 0 0 0 1 0 1 0 0 0 6 8 9 7 9 12 6 8 9 2 11 3 1 0 4 4 2 5 1 4 2 11 3 2 7 4 0 1 5 7 0 10 4 2 4 12 23 26 0 3 14 27 18 23 15 11 1 1 0 0 18 3 2 1 9 1 0 6 1 3 3 0 0 2 0 0 0 0 0 1 0 2 0 0 
1 4 0 0 0 1 2 0 2 3 0 0 0 0 1 0 1 0 1 0 0 0 0 0 0 0 0 0 5 8 12 3 4 10 11 3 26 5 13 2 3 0 2 3 9 9 9 4 2 11 5 5 13 3 4 4 17 9 0 3 8 5 5 7 14 26 3 2 14 17 29 33 13 20 5 0 0 3 26 3 1 0 2 0 0 3 3 6 3 0 0 0 0 0 0 0 0 1 0 0 0 3 
0 0 2 0 0 1 0 3 2 4 0 0 1 0 2 0 1 0 0 0 0 0 0 0 0 0 0 0 1 4 0 0 3 3 6 2 9 4 15 2 1 0 3 0 2 5 1 0 0 12 2 1 5 5 2 1 1 4 0 6 3 5 1 5 12 27 10 6 1 13 27 19 3 10 0 0 0 0 15 3 2 1 0 5 0 0 0 0 1 0 0 2 1 0 0 0 0 0 0 0 0 2 
0 0 2 0 1 1 3 3 2 1 0 0 3 1 2 2 0 0 0 0 0 0 0 1 0 0 0 1 8 11 7 2 6 5 14 3 20 5 22 1 2 0 2 6 1 4 4 0 1 9 7 5 14 15 5 3 3 4 0 11 2 10 11 14 31 45 17 33 7 3 28 43 22 27 1 3 0 1 20 1 1 0 1 3 1 2 1 3 1 0 0 1 0 0 3 0 0 0 0 0 0 2 
2 2 2 0 1 2 2 5 1 0 3 0 0 3 2 1 1 0 0 0 0 0 0 0 1 0 0 2 3 4 2 2 13 1 5 4 26 14 22 3 5 2 5 7 11 8 2 6 2 13 3 4 9 4 0 2 4 4 0 14 0 5 6 10 30 31 17 20 29 15 2 33 10 16 3 0 0 0 19 2 0 0 1 7 0 2 3 3 0 0 0 2 1 1 0 0 0 1 0 0 0 6 
0 2 0 0 0 6 0 0 3 2 1 1 4 2 3 2 1 1 0 0 0 0 0 0 0 0 0 0 6 4 0 1 12 7 10 5 25 8 25 7 6 0 5 2 3 12 2 1 2 10 2 1 4 2 3 3 4 5 0 9 4 5 4 8 24 43 14 32 10 11 25 1 16 23 1 1 0 2 18 1 2 0 1 2 2 1 0 4 0 0 0 1 0 0 1 0 0 0 0 2 0 0 
1 1 4 0 0 2 5 6 2 3 4 5 6 0 1 7 2 1 1 0 0 0 0 1 1 0 0 0 4 9 2 14 14 9 24 9 31 20 18 8 7 0 7 9 7 9 9 5 3 34 14 10 13 6 2 1 6 14 0 14 10 4 6 22 39 61 18 43 18 37 18 49 6 20 6 10 1 2 26 7 4 5 4 11 1 3 5 10 2 0 0 1 2 1 2 0 1 7 2 0 0 1 
0 3 2 0 2 4 0 2 4 4 3 2 2 1 1 2 0 0 0 0 0 0 0 0 0 0 0 0 5 3 4 3 10 6 8 10 9 4 19 7 4 0 9 6 1 7 3 4 2 19 13 7 13 6 5 1 8 8 0 13 5 4 2 13 22 31 9 14 2 30 38 49 11 5 4 1 0 2 40 3 10 2 4 5 2 3 2 9 1 0 0 6 1 2 1 1 0 0 0 0 0 2 
0 2 5 0 1 0 1 3 1 2 1 3 4 10 10 10 4 1 0 0 4 2 1 4 4 0 0 6 3 10 2 2 14 4 8 5 5 3 14 2 5 1 13 15 5 10 12 6 5 39 10 4 11 6 2 2 3 23 0 4 0 4 5 5 6 11 3 4 2 5 3 2 5 5 6 2 1 12 159 9 14 9 14 53 3 19 11 41 11 0 0 11 3 4 5 3 1 6 5 1 1 25 
1 1 0 0 1 0 1 0 0 0 5 2 0 8 2 11 13 1 2 0 0 1 1 1 2 0 0 3 3 4 2 3 5 4 8 3 1 1 0 2 4 0 13 9 9 15 6 2 1 36 8 3 7 2 0 3 3 28 0 10 3 0 1 7 3 2 2 1 3 5 0 1 3 1 4 8 10 9 168 36 16 11 15 55 13 13 6 29 7 0 0 8 2 4 9 1 2 1 5 1 1 16 
0 2 0 0 0 0 1 0 3 0 1 0 0 0 1 1 0 2 0 0 0 2 0 3 0 0 0 0 0 0 2 1 4 0 3 0 2 0 3 0 0 0 4 1 1 2 2 0 1 5 0 0 3 1 2 0 0 5 0 5 1 0 0 0 2 1 0 2 0 4 0 4 2 2 5 2 1 10 52 4 7 5 3 17 4 6 3 11 1 0 0 1 2 3 4 2 0 1 0 0 1 6 
0 0 0 0 0 2 0 1 1 1 1 0 0 3 3 5 1 3 0 1 0 0 0 2 0 0 0 1 1 3 0 4 8 2 2 0 1 3 2 1 2 0 2 10 1 12 10 1 6 16 3 2 14 3 4 5 1 7 0 5 1 1 1 4 6 7 3 3 0 3 2 1 3 1 13 21 8 3 89 21 6 3 9 53 15 12 5 25 3 0 0 11 1 2 2 6 0 1 1 1 0 5 
9 10 6 0 1 6 3 9 3 10 5 11 10 26 13 26 22 7 5 3 5 2 0 15 4 0 0 5 18 32 1 15 38 10 17 4 16 3 21 14 6 1 28 38 13 33 13 10 12 66 46 50 82 56 37 20 25 84 0 30 7 5 2 18 19 24 7 20 8 10 13 16 12 21 82 93 40 56 13 57 50 19 37 125 46 37 10 90 23 0 0 26 9 18 12 12 5 14 12 2 2 25 
0 0 4 0 0 2 0 2 1 3 1 0 2 3 0 6 7 1 0 0 0 1 0 3 1 0 1 1 9 7 0 6 8 2 6 1 5 1 5 2 3 0 9 25 9 11 10 3 1 39 6 12 17 2 1 4 9 22 0 2 1 4 2 6 5 8 2 5 0 2 0 4 1 4 28 24 10 13 125 10 35 11 28 135 49 10 4 41 10 0 0 20 9 3 9 5 1 7 4 0 1 10 
5 3 0 0 0 3 2 0 2 0 0 0 0 0 0 1 0 0 1 1 0 0 0 3 0 0 0 0 0 3 0 3 3 0 2 2 2 0 15 2 4 0 12 27 8 14 9 5 5 27 9 12 12 5 1 1 3 8 0 6 0 2 4 2 3 10 2 1 0 1 0 3 0 8 14 12 7 10 98 21 4 8 18 88 27 15 12 33 8 0 0 16 7 13 7 3 2 8 2 1 1 7 
1 1 1 1 0 1 1 0 1 1 2 2 0 2 0 0 1 0 0 0 0 1 0 3 0 0 0 4 4 5 1 1 7 1 1 0 1 4 9 10 5 1 10 19 3 10 11 6 2 40 3 4 5 4 0 1 0 2 0 2 0 0 3 1 1 3 2 1 0 2 3 2 1 2 8 12 1 8 41 12 12 2 10 33 16 24 5 60 5 0 0 25 6 7 7 5 1 8 10 0 0 28 
2 1 4 0 0 0 2 0 1 1 0 0 0 0 0 0 0 0 0 0 0 0 0 1 0 0 0 2 3 4 0 2 3 1 2 0 1 0 4 2 4 1 12 26 9 22 5 0 4 26 4 5 9 3 3 4 1 5 0 3 4 3 0 3 4 3 0 1 1 0 0 2 1 1 12 4 7 14 82 21 15 3 2 95 36 21 3 49 13 0 0 33 9 7 7 4 2 11 3 1 2 24 
2 6 4 0 3 2 0 4 2 3 1 0 0 1 0 1 0 0 0 1 0 0 1 0 1 0 1 2 4 2 1 6 10 6 4 2 12 2 13 12 13 3 40 74 21 42 19 15 14 108 19 9 40 14 9 2 19 38 0 8 3 5 0 4 2 7 1 4 3 2 6 3 0 9 54 51 18 42 203 95 73 21 115 14 106 85 32 154 24 0 0 84 14 37 27 25 4 36 29 2 2 56 
0 5 1 0 0 1 1 1 1 3 0 0 0 1 0 2 0 0 1 0 0 0 0 0 0 0 0 1 3 3 0 3 6 0 6 0 0 2 3 13 13 3 31 60 6 29 10 3 9 36 2 3 6 9 2 0 6 12 0 3 1 2 1 1 4 3 0 0 2 4 2 2 3 1 8 8 1 13 45 35 27 11 22 110 9 57 17 48 22 0 0 66 7 9 13 2 1 9 4 2 0 29 
1 2 4 0 5 1 5 1 1 4 3 0 2 0 1 2 8 3 3 2 1 2 2 7 1 0 0 4 2 13 1 14 19 5 14 6 23 24 31 6 20 6 73 119 32 69 34 18 23 98 11 7 19 2 3 1 14 8 0 6 2 4 1 3 2 5 1 4 2 2 5 2 3 7 31 13 1 18 51 21 31 25 24 91 47 9 31 100 70 0 0 101 22 41 32 36 5 36 24 3 5 70 
4 1 1 0 0 1 2 1 0 4 1 0 0 2 1 5 3 2 2 0 1 0 2 3 0 0 0 2 6 13 2 5 15 5 10 5 20 11 38 8 12 3 27 66 15 48 18 6 8 64 7 4 10 0 0 1 3 2 0 6 0 0 0 1 4 3 1 1 1 1 0 1 2 7 14 7 2 6 30 8 12 10 13 50 22 27 5 31 36 0 0 72 16 23 22 10 2 12 7 1 1 48 
19 13 11 5 5 6 5 4 5 9 5 7 7 8 3 10 12 8 9 4 7 5 1 25 16 0 0 28 17 46 20 34 219 18 22 26 92 51 148 28 33 14 70 144 50 171 107 51 74 549 18 12 35 7 8 7 6 10 0 7 10 9 1 5 6 11 3 10 3 2 9 5 6 14 32 17 4 22 111 40 33 37 38 110 49 71 28 15 31 0 0 242 41 46 49 41 13 31 49 12 8 337 
2 6 7 0 0 2 3 2 0 3 1 0 3 1 0 8 2 4 0 0 3 1 2 1 4 0 0 4 4 20 4 6 16 1 12 11 40 25 35 23 13 1 39 76 14 38 15 5 12 74 7 4 18 0 1 1 6 6 0 0 3 4 1 3 4 3 1 1 3 2 2 3 0 4 12 5 0 8 22 10 11 8 6 23 7 41 20 32 12 0 0 99 14 32 12 20 5 13 9 2 0 46 
0 0 0 0 0 0 0 0 0 0 0 0 0 0 0 0 0 0 0 0 0 0 0 0 0 0 0 0 0 0 0 0 0 0 0 0 0 0 0 0 0 0 0 0 0 0 0 0 0 0 0 0 0 0 0 0 0 0 0 0 0 0 0 0 0 0 0 0 0 0 0 0 0 0 0 0 0 0 0 0 0 0 0 0 0 0 0 0 0 0 0 0 0 0 0 0 0 0 0 0 0 0 
0 0 0 0 0 0 0 0 0 0 0 0 0 0 0 0 0 0 0 0 0 0 0 0 0 0 0 0 0 0 0 0 0 0 0 0 0 0 0 0 0 0 0 0 0 0 0 0 0 0 0 0 0 0 0 0 0 0 0 0 0 0 0 0 0 0 0 0 0 0 0 0 0 0 0 0 0 0 0 0 0 0 0 0 0 0 0 0 0 0 0 0 0 0 0 0 0 0 0 0 0 0 
4 5 1 0 2 4 5 2 9 3 2 1 9 1 8 3 17 7 7 1 2 1 1 3 3 0 0 12 3 23 5 12 36 15 31 12 79 40 76 33 28 9 50 144 48 82 42 42 29 152 4 3 8 3 3 1 8 12 0 3 1 0 0 4 10 3 0 2 0 0 1 4 3 3 9 5 0 10 20 14 20 11 12 55 18 53 37 104 70 0 0 7 27 44 24 52 5 29 25 1 6 74 
3 3 3 0 1 1 4 3 1 2 3 2 8 6 1 5 1 1 2 0 0 0 0 0 0 0 0 2 2 11 10 6 10 5 10 6 30 19 32 12 16 4 45 54 20 44 16 11 12 59 4 1 4 4 1 0 1 1 0 3 0 1 1 0 1 0 0 0 0 0 2 0 0 2 6 4 0 10 15 15 13 8 7 33 14 27 18 44 19 0 0 68 6 10 5 8 2 14 14 3 0 41 
2 1 1 0 0 0 1 1 1 0 0 1 2 0 1 5 1 0 1 0 1 0 0 0 0 0 0 0 3 5 2 2 18 5 11 9 30 18 25 18 14 5 29 41 24 42 25 12 15 68 4 3 4 2 1 2 2 3 0 1 0 0 0 0 2 1 0 0 0 0 2 0 1 0 7 8 0 17 28 8 8 7 10 27 15 20 10 50 26 0 0 83 8 7 7 17 3 10 12 2 1 38 
2 1 1 0 0 0 4 1 4 1 0 0 0 1 1 2 1 0 0 0 0 0 0 0 0 0 0 0 6 3 1 5 6 1 4 3 13 4 22 7 3 4 19 43 8 18 19 8 9 34 3 3 2 0 1 3 1 2 0 0 0 0 1 1 0 1 0 0 0 0 1 0 1 0 2 1 0 10 11 2 3 3 3 19 7 16 14 33 17 0 0 31 10 5 4 14 3 8 8 1 2 33 
1 1 0 0 0 0 0 1 0 2 1 0 1 1 0 0 2 0 0 0 0 0 0 0 1 0 0 0 5 9 0 2 16 4 5 8 20 9 41 7 8 8 46 80 23 48 16 10 9 68 4 1 4 3 1 0 2 1 0 5 3 0 1 2 0 0 2 1 0 0 0 0 0 0 4 4 0 1 6 5 8 8 1 19 9 22 11 74 19 0 0 99 10 17 11 2 0 12 5 3 1 55 
0 0 0 0 0 0 0 0 0 1 0 0 0 0 0 0 1 0 0 0 0 0 0 1 0 0 0 0 1 1 0 0 3 0 1 0 3 1 10 3 2 0 2 10 8 16 3 0 0 11 0 0 2 2 0 0 0 0 0 0 0 0 0 0 0 0 0 0 0 0 0 0 0 0 2 0 0 1 2 0 0 6 0 5 1 3 1 16 2 0 0 15 0 7 3 0 0 1 1 0 0 8 
3 1 3 0 0 1 1 0 1 1 2 0 0 6 0 1 1 1 0 0 0 0 0 0 0 0 0 0 2 2 1 0 2 2 4 4 16 6 18 6 10 3 12 43 9 32 20 7 6 43 3 3 2 4 1 1 0 2 0 2 1 0 0 2 0 0 0 0 0 0 0 2 1 0 1 3 0 1 14 8 12 11 5 23 8 19 16 56 12 0 0 57 5 11 9 7 1 4 2 0 0 30 
1 3 1 0 1 1 0 0 0 0 0 0 4 1 0 2 0 1 1 0 0 0 0 1 1 0 0 3 3 5 0 2 6 2 1 3 17 8 35 3 6 5 19 37 16 41 20 3 5 47 1 1 3 5 0 0 1 5 0 1 1 0 0 0 1 1 1 0 0 0 0 0 1 0 3 4 0 2 10 4 4 9 3 24 6 8 7 41 6 0 0 72 31 6 6 6 0 1 4 1 1 11 
0 0 0 0 0 1 0 0 0 0 0 0 0 1 0 2 0 1 0 0 0 0 1 0 0 0 0 0 1 0 0 0 0 0 0 1 7 1 3 2 2 0 7 8 6 14 0 2 0 14 0 0 2 0 0 0 1 1 0 0 0 0 1 0 0 0 0 1 0 0 0 0 0 0 0 0 0 0 4 0 1 3 0 1 0 9 1 12 1 0 0 13 6 4 5 2 0 3 2 1 0 6 
0 0 0 0 0 0 0 0 0 0 0 0 1 0 0 0 1 0 0 0 0 0 0 0 0 0 0 0 0 0 0 1 1 0 0 0 8 2 4 0 1 1 5 8 1 7 2 0 2 8 1 0 0 0 0 0 0 0 0 0 0 1 0 0 0 0 0 0 0 0 0 0 0 0 1 0 0 1 1 0 1 1 0 1 0 3 0 3 6 0 0 10 1 3 4 6 0 3 2 1 0 2 
8 7 2 0 2 2 4 3 2 1 1 7 2 3 0 1 7 1 3 2 0 1 1 2 1 0 0 5 1 19 9 12 30 9 13 13 27 20 73 12 12 9 75 83 42 79 45 23 25 146 7 6 20 6 1 2 4 5 0 2 1 0 1 0 5 1 0 0 1 0 1 6 2 1 12 5 0 6 22 8 17 18 10 26 18 45 19 218 40 0 0 134 20 39 42 37 2 29 23 7 4 10 
