8 10 17 11 12 25 15 18 19 12 8 27 34 66 33 71 29 7 23 7 7 6 4 24 11 0 0 25 82 4 1 3 12 6 6 2 6 9 19 10 16 4 11 18 7 20 10 6 5 35 5 3 7 2 0 1 1 2 0 1 1 0 0 4 4 10 3 2 0 2 2 1 6 4 1 1 0 1 15 0 1 1 3 10 1 6 4 22 3 0 0 10 2 0 0 2 1 2 0 0 0 11 
9 9 14 10 12 36 21 40 30 19 11 29 48 82 52 75 47 18 31 8 16 12 3 23 11 1 0 15 97 3 1 2 15 3 7 2 5 6 39 22 11 2 8 24 11 14 11 2 4 38 5 2 8 4 2 7 3 5 0 1 1 1 0 5 3 16 4 6 1 2 2 1 2 6 0 0 0 1 22 4 1 1 0 6 0 2 2 14 3 0 0 13 2 2 0 3 0 0 2 0 0 12 
17 6 8 13 5 17 12 19 30 27 9 37 41 94 52 50 27 16 25 8 8 13 5 23 3 0 1 12 144 6 2 5 18 2 10 0 3 2 20 10 25 1 6 6 11 11 14 0 4 45 9 2 1 2 0 0 2 8 0 1 0 3 1 7 6 3 2 8 2 5 3 2 2 4 1 0 0 2 10 3 2 2 3 10 3 6 0 14 7 0 0 8 2 2 0 3 0 2 0 0 0 4 
4 7 11 4 1 7 13 17 7 6 6 5 9 10 5 11 5 3 2 0 0 1 0 9 0 0 0 3 19 0 0 0 1 0 2 0 0 1 5 2 1 1 0 2 2 3 7 1 3 5 0 0 1 0 0 0 0 1 0 0 0 1 0 1 0 0 0 0 0 0 0 0 0 0 0 1 0 0 1 0 1 0 0 1 0 0 0 2 0 0 0 1 0 0 0 0 0 0 1 0 0 1 
3 4 7 2 1 8 1 5 13 4 5 10 16 23 7 31 6 7 2 0 0 3 3 7 4 0 0 9 31 0 0 0 1 3 1 0 2 0 8 4 3 0 2 4 3 0 2 2 1 15 0 2 2 1 0 1 2 1 0 0 0 1 0 5 1 2 1 0 0 2 0 1 0 0 1 0 0 0 7 1 0 0 0 0 0 2 0 3 4 0 0 2 0 1 0 0 0 0 0 0 0 1 
21 30 17 11 6 9 6 21 23 13 12 37 46 66 34 59 47 19 25 7 8 9 2 30 9 0 0 24 81 0 1 1 1 3 4 0 1 7 27 10 7 0 5 8 7 10 12 1 4 36 1 0 4 9 3 1 1 5 0 1 1 3 0 1 1 6 1 2 1 1 1 2 1 1 1 0 0 2 14 0 0 0 2 5 0 3 0 7 6 0 0 8 0 1 0 3 0 0 0 0 2 7 
30 35 25 6 10 16 10 19 20 19 12 20 35 67 23 50 28 25 14 6 4 6 1 16 9 0 0 7 54 4 2 2 12 4 0 0 2 12 23 9 3 3 14 8 2 9 8 2 2 35 3 3 7 0 0 2 3 1 0 1 1 2 1 1 4 11 1 4 2 1 4 2 2 0 0 0 1 1 11 1 1 2 2 2 0 1 0 3 1 0 0 6 0 0 2 0 0 2 2 0 1 5 
12 16 16 5 11 7 20 14 17 11 6 43 47 57 27 47 31 20 9 7 13 4 5 29 6 0 0 12 38 3 3 6 7 4 2 0 1 1 28 16 9 1 6 8 12 10 10 1 4 14 10 1 5 10 1 2 3 6 0 1 1 5 1 4 1 4 1 1 0 3 1 2 1 1 1 2 0 0 15 0 1 1 0 5 0 1 1 5 0 0 0 2 5 2 2 8 0 0 0 0 0 4 
12 44 25 7 16 24 37 17 7 10 8 27 36 60 33 44 40 28 20 14 18 13 6 23 3 3 2 13 63 2 2 1 10 2 1 0 1 5 35 11 7 2 6 6 8 8 16 1 8 26 2 0 5 3 0 4 1 4 0 1 3 2 1 0 3 5 0 0 0 2 2 2 2 3 2 3 0 1 10 0 0 0 0 1 1 3 0 6 1 0 0 7 2 0 0 0 1 2 0 0 1 6 
22 23 8 2 10 5 6 6 7 5 4 8 19 45 10 22 22 15 9 4 2 8 1 15 6 0 0 18 25 2 0 0 5 1 1 0 3 5 7 6 6 4 2 6 3 5 4 1 2 12 7 1 9 8 1 2 0 1 0 0 0 1 0 2 1 1 1 3 4 0 0 5 4 6 2 2 2 3 6 0 0 1 2 5 1 0 0 3 0 0 0 6 0 0 1 0 0 0 0 0 0 0 
9 16 11 2 5 15 10 10 7 5 3 10 14 35 23 39 12 16 8 7 7 7 5 10 8 1 0 17 23 5 0 2 6 0 2 1 5 7 37 15 9 1 4 10 8 8 9 1 2 30 1 1 3 2 1 0 0 3 0 0 4 1 0 3 2 6 0 2 0 0 0 0 2 2 3 0 0 4 8 0 0 2 0 0 0 0 0 2 1 0 0 2 1 0 1 1 1 1 1 0 0 3 
16 33 24 6 7 28 23 26 32 18 11 4 34 61 20 34 53 24 27 11 13 16 9 38 15 1 2 36 49 4 1 3 10 2 0 0 2 9 28 18 8 1 3 12 5 18 7 7 4 34 3 4 9 6 2 0 1 3 0 4 0 3 0 0 1 5 1 0 0 2 3 0 3 2 0 3 0 0 4 1 0 0 0 3 1 0 0 5 0 0 0 7 2 0 0 1 0 0 1 0 0 3 
28 62 38 7 13 31 41 43 30 22 15 31 8 49 29 66 63 25 33 14 16 20 9 64 13 2 0 50 49 9 3 2 8 1 2 1 1 10 29 19 8 1 3 12 13 10 7 1 3 36 5 3 9 2 3 0 9 7 0 10 2 0 3 1 2 3 0 0 1 3 1 1 3 1 1 1 2 1 11 1 2 0 0 1 0 0 1 3 3 0 0 7 1 3 0 0 1 0 5 1 0 7 
57 100 59 7 22 30 64 52 100 51 23 55 55 6 11 67 58 68 62 37 58 29 23 70 37 2 5 107 55 10 0 5 3 4 3 0 1 9 25 9 19 0 7 12 4 16 3 0 5 38 10 10 13 14 1 4 4 10 0 13 2 3 0 1 0 2 0 1 1 0 1 2 1 1 9 3 2 5 27 3 0 2 0 0 0 1 0 2 1 0 0 5 0 0 0 0 0 0 2 1 0 6 
22 52 47 3 11 37 32 32 33 29 13 22 47 14 5 20 60 25 32 21 21 8 23 63 31 4 9 77 34 4 2 4 10 1 3 2 3 8 13 10 7 3 5 6 7 4 5 4 0 14 2 6 6 6 2 0 5 2 0 3 0 0 1 0 0 0 0 0 0 2 0 1 4 0 8 5 0 2 21 2 0 0 0 0 1 0 1 4 2 0 0 4 1 0 0 0 1 1 0 0 0 4 
30 48 27 9 2 26 46 42 47 36 17 32 44 68 13 16 76 53 56 31 53 31 33 92 49 8 9 125 36 25 6 31 28 9 8 12 37 5 29 33 21 1 7 18 17 10 16 7 12 53 14 11 15 11 5 4 3 7 0 5 2 9 0 2 2 1 2 1 0 1 1 1 1 5 6 1 0 2 24 1 2 3 0 3 1 2 1 10 2 0 0 17 2 0 3 1 0 2 4 2 0 9 
21 33 27 1 4 27 25 33 31 31 13 44 51 85 47 87 13 34 60 22 32 31 25 81 35 4 4 72 31 36 17 23 35 12 26 14 41 13 52 33 31 7 11 23 21 24 30 2 7 64 9 7 15 6 1 1 4 6 0 2 3 0 2 1 0 1 1 1 0 0 0 4 3 3 5 3 2 0 24 1 1 0 0 0 0 0 2 17 6 0 0 16 3 3 0 1 0 0 1 1 0 14 
14 18 11 0 6 16 24 19 30 23 13 42 51 99 54 98 34 9 57 12 36 14 13 47 17 5 0 49 26 24 6 12 23 7 11 24 22 15 68 17 20 2 11 18 17 27 10 6 7 45 7 4 11 0 0 0 1 3 0 6 1 2 1 3 1 2 0 0 0 0 1 2 0 0 3 4 1 3 24 3 0 1 0 2 0 1 3 12 5 0 0 9 2 1 0 2 0 0 0 0 0 7 
18 17 14 6 2 11 11 20 19 16 10 23 39 71 41 71 59 39 5 8 43 19 14 61 16 2 1 62 22 14 14 10 19 5 16 11 20 9 38 16 10 0 6 11 14 13 13 7 5 50 5 4 3 6 1 2 5 2 0 1 0 0 0 0 1 0 0 0 1 0 0 0 0 0 0 1 0 0 13 1 1 0 0 0 0 1 0 6 3 0 0 9 0 1 1 0 0 0 0 0 0 3 
5 14 18 1 0 11 10 13 9 14 10 20 18 38 13 53 30 15 10 4 1 7 10 38 20 11 11 82 12 7 5 5 6 1 4 3 5 9 40 19 9 1 4 9 3 13 6 4 3 20 5 1 2 1 1 0 1 4 0 2 0 2 0 0 0 0 0 0 0 0 0 0 0 1 0 1 1 1 2 0 0 0 0 0 2 1 2 4 4 0 0 4 0 0 0 0 0 0 0 0 0 1 
7 5 13 0 4 6 3 10 8 10 3 19 25 61 19 86 42 31 32 4 4 14 26 33 10 8 12 87 9 2 2 0 11 3 5 0 15 7 41 12 6 0 8 3 12 13 6 2 7 21 0 1 1 1 0 0 0 0 0 2 0 0 0 0 0 0 0 0 0 0 0 0 0 0 1 0 0 0 4 0 0 2 0 2 1 3 0 4 3 0 0 3 0 1 0 0 0 0 1 0 0 2 
7 10 15 1 2 2 12 4 15 13 3 12 25 59 21 56 38 18 14 5 8 6 9 12 4 9 15 54 14 2 2 2 8 3 7 4 8 8 38 5 7 0 6 2 3 9 5 1 3 20 1 0 0 1 0 1 0 1 0 0 0 0 0 1 1 0 0 0 0 0 0 0 0 0 1 0 0 0 6 1 0 0 0 0 0 7 0 3 1 0 0 5 0 0 0 0 0 0 0 0 0 0 
8 9 2 0 3 0 6 3 3 8 4 11 10 34 21 53 33 15 23 6 29 11 4 19 6 7 9 62 7 4 0 1 5 2 5 8 3 7 25 13 5 1 2 12 1 4 3 1 1 19 0 2 5 0 0 1 0 0 0 1 3 0 0 0 0 1 0 0 0 0 0 0 0 0 2 0 0 0 3 1 0 0 0 0 1 0 0 7 0 0 0 2 1 0 1 0 0 1 0 0 1 2 
13 16 7 3 4 8 6 14 25 21 9 36 39 59 29 118 97 38 44 6 30 12 8 9 9 18 21 66 13 5 2 5 30 2 10 7 23 16 47 10 14 1 5 6 12 21 15 6 8 63 7 2 10 3 3 0 4 2 0 2 0 1 0 2 0 1 0 0 0 0 0 0 0 1 0 5 0 0 9 1 0 0 0 0 0 2 0 10 0 0 0 3 0 0 0 2 0 1 1 0 0 3 
18 17 6 4 2 12 9 9 7 22 9 23 34 50 29 78 36 24 35 6 24 10 7 18 11 4 11 30 13 11 8 4 76 6 3 5 17 17 45 9 23 1 10 22 17 30 9 7 12 77 5 5 9 3 2 0 2 3 0 0 0 3 1 0 0 1 0 0 0 0 0 0 0 0 1 0 1 2 18 3 3 0 0 0 0 1 3 35 2 0 0 6 3 3 0 1 0 1 1 0 0 5 
1 1 0 0 0 1 0 0 1 0 2 1 1 4 2 8 10 10 9 5 11 14 5 44 2 3 4 14 0 3 0 1 1 1 0 1 0 3 0 0 0 0 2 3 1 4 0 0 2 3 1 0 2 0 0 0 0 0 0 0 0 0 0 0 4 0 0 0 0 0 0 0 0 0 0 0 0 0 0 0 0 0 0 0 0 0 0 0 0 0 0 0 0 0 0 0 0 0 0 0 0 0 
2 1 0 0 0 1 0 1 0 1 0 3 4 9 7 11 9 9 2 6 20 7 6 28 9 1 0 38 0 0 0 0 0 1 0 0 5 1 7 4 0 0 0 0 0 0 0 0 0 3 1 0 0 0 0 0 0 0 0 0 0 0 0 0 0 1 0 0 0 0 0 0 0 0 0 0 0 0 1 0 0 0 0 0 0 0 0 0 2 0 0 0 0 0 0 0 0 0 1 0 0 0 
23 28 22 4 8 11 4 8 13 25 8 29 44 106 74 115 69 40 69 26 65 86 43 59 38 15 30 12 11 2 2 2 20 3 10 4 27 28 45 23 21 2 11 23 20 19 22 13 5 85 7 5 8 2 2 0 1 1 0 0 1 0 1 2 2 0 0 0 0 0 0 0 0 1 1 1 2 1 13 2 2 0 0 2 2 8 3 28 13 0 0 13 5 1 5 7 0 0 0 0 1 6 
16 44 52 14 10 47 32 32 34 20 11 11 17 27 26 32 16 12 13 3 9 5 2 3 0 1 0 5 0 6 0 2 1 2 2 1 1 5 11 12 4 2 3 3 7 6 0 1 3 10 0 0 4 3 0 3 0 1 0 1 0 0 2 2 6 6 0 0 2 0 6 1 2 1 0 1 0 1 7 0 1 1 0 3 0 1 0 5 3 0 0 2 3 0 1 0 1 0 1 0 0 0 
0 3 0 1 3 2 1 5 1 4 3 4 10 11 2 21 39 26 15 4 3 4 3 14 3 0 2 1 3 20 76 108 210 52 128 125 308 125 223 117 60 12 51 52 39 63 40 18 13 189 12 3 9 7 1 6 1 8 0 10 7 4 3 8 12 22 5 14 7 7 9 8 6 1 5 4 1 1 25 1 5 4 1 5 3 16 6 59 13 0 0 26 1 6 5 7 1 2 6 3 0 25 
0 1 0 0 0 1 1 0 1 3 1 4 7 5 1 7 21 11 5 6 2 2 1 15 3 0 0 4 0 94 8 75 88 20 40 52 141 32 89 35 27 2 22 18 8 32 13 12 10 61 1 5 5 4 0 1 0 8 0 3 3 3 2 9 14 13 2 9 0 3 1 5 1 1 0 0 0 0 11 2 0 2 0 2 0 6 5 12 5 0 0 6 3 2 4 5 0 0 0 0 1 16 
3 5 3 1 0 2 2 7 1 2 4 4 6 3 3 12 41 13 7 3 3 3 2 7 3 0 1 3 7 106 76 10 91 38 60 78 184 99 207 83 48 11 23 34 46 58 40 16 21 144 6 5 8 4 2 1 2 3 0 4 2 5 5 12 16 23 5 5 6 2 3 7 2 2 4 3 2 2 17 2 5 1 1 2 1 8 4 36 8 0 0 36 6 6 3 6 0 1 2 0 2 22 
11 16 10 2 5 6 15 7 9 6 3 10 10 10 7 32 60 20 19 4 16 10 13 67 24 0 4 36 6 257 86 105 25 42 106 96 256 141 265 141 131 11 90 104 98 132 95 57 83 670 31 19 58 30 13 6 12 16 0 13 7 11 3 15 21 32 7 11 3 13 11 28 9 12 17 5 2 3 47 5 9 11 4 9 5 14 16 154 15 0 0 70 8 17 7 15 1 4 5 1 1 63 
4 2 1 0 1 1 2 0 5 1 0 0 5 1 2 2 7 6 4 1 2 0 1 9 4 0 0 4 2 60 28 18 29 5 21 16 59 26 69 40 37 3 25 28 18 31 22 7 15 80 7 5 14 15 3 3 9 9 0 4 3 8 1 2 7 7 2 5 5 6 5 17 11 9 1 1 1 1 30 1 2 1 1 1 1 7 3 12 1 0 0 21 8 3 2 5 1 1 1 0 0 7 
3 8 3 0 0 3 3 2 1 3 1 1 3 0 4 14 24 13 11 4 5 1 0 8 4 0 1 11 3 112 35 84 100 30 12 19 144 65 138 63 56 8 41 30 52 41 39 21 22 118 11 7 6 4 2 1 4 8 0 3 5 10 5 6 4 23 2 5 5 9 12 7 7 8 3 2 2 2 18 1 0 0 0 4 0 5 3 9 10 0 0 37 5 10 8 6 3 3 2 3 1 19 
2 9 1 1 1 2 1 1 2 1 0 2 0 1 2 9 9 7 5 13 4 4 1 6 3 0 1 8 4 128 41 67 103 29 25 6 117 51 78 49 32 1 30 26 35 37 19 11 14 115 4 4 3 5 1 0 2 0 0 1 1 4 4 8 5 6 5 0 4 2 5 8 9 6 2 1 0 0 9 1 0 0 0 0 1 4 1 15 9 0 0 19 6 3 3 10 0 2 5 0 0 19 
3 11 3 0 1 2 6 7 1 2 2 1 7 2 3 27 30 14 20 4 16 15 8 25 6 4 6 22 6 303 113 220 254 97 122 167 25 127 352 282 131 37 86 115 137 150 110 60 49 354 12 12 18 14 0 4 7 12 0 5 0 25 7 23 24 18 9 16 10 3 23 21 18 8 12 4 1 3 14 3 0 5 1 3 4 19 7 54 21 0 0 83 24 22 8 26 5 9 10 1 0 54 
2 5 6 7 1 6 5 2 10 10 5 8 11 8 4 4 11 17 8 7 6 8 6 22 15 3 3 21 12 95 46 91 67 22 52 44 102 15 117 118 88 11 82 84 76 108 68 23 41 224 3 2 6 2 0 2 2 2 0 3 1 4 2 6 6 6 3 4 5 2 7 11 4 10 4 0 0 1 12 2 0 0 0 5 2 12 9 38 13 0 0 67 11 12 8 15 2 7 8 1 0 43 
23 25 23 2 2 13 11 11 19 17 5 17 40 8 7 8 31 35 31 12 27 13 7 52 7 4 2 39 32 175 51 114 217 67 85 67 309 82 17 297 147 23 72 105 70 133 88 56 48 308 7 7 29 12 3 3 3 7 0 2 5 17 5 11 17 16 4 11 4 6 9 14 10 26 12 4 0 4 30 3 4 7 0 19 4 27 7 67 21 0 0 90 19 26 23 23 2 15 15 3 1 69 
11 10 12 3 3 8 11 24 11 12 4 11 12 14 7 21 28 17 13 9 7 6 3 29 7 0 2 28 16 86 29 64 139 59 76 45 257 131 371 17 29 16 54 111 59 122 66 30 36 308 4 3 13 7 2 2 6 7 0 1 0 12 4 13 14 12 0 4 2 3 5 2 7 5 4 3 2 1 14 3 2 2 2 12 7 5 5 12 8 0 0 57 6 3 7 8 5 2 6 1 3 27 
8 10 7 1 5 6 12 9 12 9 4 2 10 8 4 13 25 19 4 11 11 4 2 30 11 1 1 31 10 53 12 43 148 42 32 31 160 93 267 53 8 23 35 78 47 86 78 22 23 256 5 3 11 1 0 0 1 2 0 1 1 11 1 8 10 9 1 1 1 1 5 0 5 2 9 2 0 6 13 1 5 3 3 11 3 5 10 10 7 0 0 44 8 3 13 10 1 1 3 0 0 31 
2 0 0 0 0 1 0 2 0 5 2 0 4 0 0 0 3 3 1 0 2 1 1 7 1 0 1 4 0 5 3 5 18 2 12 3 33 11 14 12 10 1 16 50 16 22 4 7 12 19 1 0 0 0 0 0 0 0 0 0 1 3 0 1 2 3 1 0 0 0 0 0 1 0 1 0 1 0 1 0 0 0 0 4 3 1 6 8 4 0 0 8 1 5 3 4 0 0 1 0 0 6 
4 8 1 0 2 3 9 5 6 6 1 2 7 6 2 5 12 9 9 4 5 1 5 9 6 0 0 11 8 37 14 23 111 27 38 15 94 63 109 49 36 18 23 92 66 69 59 28 29 161 3 6 8 5 1 1 2 4 0 2 5 5 2 2 6 11 1 2 2 2 2 5 3 1 8 3 1 4 31 16 11 2 13 39 18 49 26 58 36 0 0 93 18 23 19 22 5 17 19 6 2 102 
15 8 9 2 0 6 11 5 9 3 5 5 8 4 4 9 26 29 22 1 13 6 2 12 14 2 1 20 12 60 12 47 118 28 53 43 156 100 167 142 77 40 106 16 118 263 122 93 88 373 9 7 24 8 0 2 10 19 0 4 1 5 2 14 4 14 2 5 1 2 5 8 10 6 14 11 7 12 49 19 18 20 6 72 29 108 65 73 87 0 0 216 60 66 31 82 3 48 36 9 7 135 
13 9 5 1 5 7 9 9 6 7 5 7 6 0 5 8 10 15 14 9 9 6 6 23 6 0 1 17 7 51 14 45 112 23 46 39 129 70 128 59 54 20 73 153 9 176 138 100 71 313 11 6 12 8 1 2 0 4 0 2 1 9 2 8 7 10 4 3 2 0 6 6 7 5 4 8 1 2 18 2 14 4 4 19 5 36 22 62 33 0 0 67 17 17 15 19 6 22 19 5 0 69 
10 16 10 2 2 7 3 3 12 13 5 11 7 6 0 9 29 22 30 7 6 5 7 27 14 0 0 31 19 49 16 43 221 29 34 49 160 105 228 120 105 23 68 256 152 32 140 141 134 560 13 9 25 6 0 2 2 8 0 1 1 5 7 11 10 14 5 7 5 0 3 4 19 10 8 8 0 6 28 16 8 11 10 46 13 68 42 87 27 0 0 146 24 24 32 21 6 26 16 10 5 119 
2 8 8 0 2 6 5 9 9 7 6 5 17 6 3 15 22 16 9 14 17 3 2 22 5 3 0 9 23 48 18 20 162 39 40 37 113 71 139 82 60 13 59 119 111 225 21 91 71 307 6 5 16 6 1 3 6 6 0 1 0 5 0 4 6 16 2 6 1 2 6 7 3 3 15 4 2 3 21 6 4 3 6 23 17 39 25 60 11 0 0 71 15 16 16 11 4 21 28 3 8 91 
1 6 1 0 1 3 4 1 1 0 4 13 3 3 1 4 13 6 6 3 2 0 0 10 6 1 0 14 4 24 0 19 82 11 15 16 59 33 74 45 43 4 32 69 64 133 91 10 55 315 8 0 8 1 0 2 1 5 0 0 0 2 0 2 1 11 3 3 1 0 4 1 4 6 1 1 0 2 9 2 1 1 3 22 3 15 7 50 6 0 0 52 10 11 12 2 4 3 13 0 2 43 
5 4 3 1 1 5 6 2 3 2 3 2 8 5 4 6 4 7 10 3 6 0 1 23 3 0 1 6 7 23 4 17 109 9 15 18 73 32 68 62 34 5 38 86 73 196 87 74 15 451 1 4 11 3 0 1 0 3 0 0 2 2 0 6 2 6 1 1 4 0 0 4 5 3 4 1 0 3 14 0 2 6 2 19 6 14 5 59 5 0 0 116 18 18 6 6 6 5 9 0 0 50 
37 59 31 7 15 25 23 21 36 39 10 40 32 37 18 15 61 49 39 17 32 11 11 136 30 5 6 86 33 170 33 101 853 97 112 128 433 244 538 257 242 27 143 382 225 537 248 295 230 50 52 15 51 20 8 10 18 19 0 5 3 26 3 16 24 40 8 11 5 11 16 22 31 21 22 25 2 14 78 33 37 27 29 117 40 88 44 392 44 0 0 267 31 54 59 52 11 61 66 8 7 326 
6 7 3 0 1 3 2 5 1 10 1 10 6 18 8 9 12 4 7 3 4 1 3 30 2 0 0 9 3 5 2 6 45 12 7 5 16 5 28 8 5 0 5 14 9 18 16 3 4 51 6 9 38 11 10 1 11 29 0 38 17 0 4 14 11 38 6 14 3 15 4 7 9 19 7 6 1 10 87 2 6 5 5 26 1 23 7 30 16 0 0 16 8 4 5 5 0 2 4 0 2 26 
3 5 0 2 1 2 4 5 0 1 0 7 6 14 4 8 8 5 6 0 1 1 0 9 2 1 0 1 9 3 3 5 24 1 2 1 5 5 7 3 4 3 5 10 5 12 3 1 5 38 7 8 22 23 9 8 6 14 0 18 1 0 0 7 5 20 4 3 3 5 5 7 6 14 1 3 0 3 69 14 2 0 3 11 5 10 6 12 3 0 0 9 7 3 1 0 0 6 5 0 0 18 
4 8 6 1 2 4 6 7 3 3 1 4 5 25 11 9 11 5 3 2 1 2 3 15 4 0 2 7 21 11 2 9 68 21 9 6 19 8 24 9 13 2 8 17 13 26 8 4 8 55 37 24 6 33 13 3 9 27 0 22 8 7 10 13 28 28 7 16 7 14 15 6 23 8 12 4 1 7 111 6 4 3 2 30 10 13 5 51 6 0 0 27 2 5 8 4 1 3 4 0 1 22 
2 3 4 1 0 2 3 5 2 4 0 6 3 11 5 6 8 4 2 0 2 0 0 8 2 0 0 1 7 9 4 3 15 4 7 2 14 5 8 7 6 0 7 2 5 3 5 0 2 23 4 16 29 5 6 4 9 30 0 27 5 5 3 9 8 22 11 9 1 6 5 0 5 10 3 1 2 4 61 10 3 0 3 14 2 17 4 14 5 0 0 8 0 5 2 1 0 3 0 0 0 8 
0 2 3 0 1 1 0 2 1 4 0 2 2 3 3 2 3 0 1 1 1 1 0 12 4 0 0 5 2 0 2 5 16 1 5 2 0 0 7 6 3 1 3 6 1 5 3 1 0 8 6 7 20 17 1 0 4 14 0 8 3 1 1 3 5 6 3 8 1 3 4 2 6 9 6 5 1 1 60 1 2 1 0 8 1 1 1 7 0 0 0 3 0 1 0 0 1 0 1 0 0 6 
3 5 0 0 0 0 0 2 1 4 0 5 1 4 2 4 3 1 1 1 0 0 2 2 0 1 0 0 2 1 3 1 12 0 2 0 0 0 1 0 1 0 0 2 0 1 2 2 0 8 3 6 7 1 0 0 12 13 0 10 5 1 0 5 4 9 3 4 1 4 5 6 6 0 1 2 4 1 37 2 0 0 4 7 4 5 1 8 1 0 0 2 0 3 1 0 0 1 0 1 0 2 
3 0 2 0 0 3 2 1 3 5 2 3 7 6 4 6 1 6 2 1 2 2 0 5 0 0 0 5 6 7 0 4 15 1 6 1 4 2 12 2 1 1 3 5 5 5 4 0 2 17 11 9 17 10 3 5 1 4 0 15 4 1 5 5 3 11 3 12 1 7 2 2 2 6 4 6 1 5 50 4 1 3 3 16 8 4 2 9 1 0 0 8 2 6 3 2 0 4 1 0 0 4 
3 4 4 0 2 6 3 6 4 8 2 6 5 11 6 15 13 4 2 1 1 1 0 5 1 0 0 2 5 6 6 8 25 5 5 5 6 1 23 4 5 0 3 10 4 10 1 5 1 19 13 13 27 17 7 14 9 8 0 20 7 2 1 10 11 16 11 7 7 7 2 3 2 7 16 10 6 9 117 15 18 2 1 28 8 5 3 18 3 0 0 16 5 6 5 5 1 3 3 0 3 19 
0 0 0 0 0 0 0 0 0 0 0 0 0 0 0 0 0 0 0 0 0 0 0 0 0 0 0 0 0 0 0 0 0 0 0 0 0 0 0 0 0 0 0 0 0 0 0 0 0 0 1 0 0 0 0 0 0 0 0 0 0 0 0 0 0 0 0 0 0 0 0 0 0 0 0 0 0 0 0 0 0 0 0 0 0 0 0 0 0 0 0 0 0 0 0 0 0 0 0 0 0 0 
14 12 5 0 2 1 5 2 6 6 7 6 12 19 16 19 18 10 7 2 5 2 4 20 7 0 0 17 17 8 5 9 17 4 2 0 4 2 12 6 3 1 4 4 4 6 3 0 6 22 25 9 20 17 6 4 10 20 0 0 2 9 2 6 7 26 12 10 6 6 5 10 12 16 7 5 7 1 46 5 4 2 0 16 3 5 2 10 3 0 0 12 3 2 6 2 0 2 2 0 1 12 
1 2 2 0 0 0 1 2 1 3 0 1 1 3 3 5 2 1 1 0 0 0 0 6 1 0 0 0 0 3 3 0 4 2 7 0 1 0 3 6 2 0 2 1 0 1 3 3 0 5 4 2 9 16 3 1 3 5 0 4 2 3 2 3 4 10 4 5 5 8 4 5 3 4 4 3 0 1 12 0 2 1 0 2 0 7 2 9 1 0 0 2 2 0 0 0 0 1 2 0 1 1 
0 1 0 1 0 1 0 4 1 1 0 3 8 4 4 2 5 2 3 1 1 0 0 2 1 0 0 6 2 6 4 3 3 6 7 3 14 4 13 5 2 2 8 6 3 7 2 0 1 23 2 3 0 5 2 1 1 3 0 8 1 3 0 17 13 12 5 4 3 6 3 4 4 5 1 1 1 4 14 3 0 1 2 3 0 1 1 4 1 0 0 11 1 5 1 0 0 6 0 0 0 4 
0 1 0 0 0 0 0 0 1 0 0 2 0 0 0 4 0 2 0 0 0 0 0 3 1 0 0 0 0 2 2 0 3 0 2 1 3 1 5 2 0 0 0 2 1 1 0 1 0 1 1 2 2 3 1 2 0 2 0 3 1 0 0 1 6 5 4 2 0 4 3 3 4 2 2 0 0 1 6 0 1 0 2 4 1 1 0 0 0 0 0 0 0 1 0 0 0 0 0 0 0 0 
3 5 1 0 2 3 0 3 2 1 0 0 0 2 0 2 1 1 1 0 0 1 1 0 2 0 0 2 1 7 5 3 6 1 6 11 27 5 28 9 12 1 1 9 4 4 9 3 4 18 10 9 16 16 3 7 6 7 0 7 5 13 2 5 7 9 7 14 2 5 8 18 13 9 4 3 0 4 23 5 5 0 4 2 3 2 2 5 3 0 0 7 1 0 0 0 0 2 0 0 0 1 
0 5 5 0 1 4 1 4 6 5 0 2 4 0 0 0 2 0 1 0 0 0 1 1 2 0 0 2 5 22 9 10 11 7 8 10 22 7 29 18 8 0 6 8 6 22 5 0 3 25 13 7 17 12 4 5 6 10 0 13 6 7 13 8 5 18 16 24 5 12 19 33 22 16 4 5 2 2 26 5 3 2 3 7 0 7 2 9 4 0 0 7 2 2 0 2 3 0 2 0 0 5 
6 11 5 1 2 4 7 4 10 6 0 6 4 1 1 0 1 0 1 1 0 1 2 3 0 0 0 2 18 44 18 11 22 15 11 12 42 5 48 11 11 0 9 12 12 19 7 7 1 34 25 12 50 19 11 9 16 13 0 38 9 18 11 20 32 22 17 32 18 32 37 42 33 35 11 2 3 6 43 7 8 3 1 3 2 4 4 12 5 0 0 12 1 0 0 0 0 1 1 0 0 5 
0 2 3 0 0 0 2 3 1 0 0 0 2 0 0 0 2 0 0 0 0 0 0 0 0 0 0 0 9 5 3 7 10 1 7 2 13 1 11 7 5 1 4 3 2 2 2 0 4 7 3 3 14 7 1 3 7 7 0 12 6 5 1 13 17 9 4 12 9 9 26 19 19 9 6 0 0 4 17 0 1 0 1 5 0 0 3 2 0 0 0 1 0 0 0 1 0 1 1 0 0 4 
3 3 5 0 0 1 7 1 0 4 0 1 0 5 0 0 0 0 0 1 0 0 0 1 0 0 0 1 5 8 3 5 5 6 6 4 15 4 22 5 2 1 2 6 2 8 2 0 2 22 3 3 10 9 1 2 4 6 0 17 7 5 4 11 16 18 5 3 10 12 26 24 8 18 1 1 0 1 23 1 2 2 1 1 0 3 2 6 1 0 0 1 3 1 1 0 0 0 1 0 0 1 
2 0 1 0 0 2 4 3 0 0 0 1 3 0 6 1 1 0 0 0 0 0 0 0 0 0 0 0 4 2 1 5 4 3 3 0 10 4 6 0 1 1 1 4 5 4 1 0 2 6 0 1 5 3 2 0 3 1 0 4 3 1 1 2 5 18 13 10 5 5 20 14 5 5 1 0 0 0 7 3 2 2 0 2 0 0 1 1 0 0 0 1 1 0 0 0 0 0 0 0 0 0 
0 2 6 0 0 0 1 0 5 1 0 1 0 0 1 0 0 0 0 0 0 0 0 0 0 0 0 0 4 4 3 5 7 9 7 5 5 5 14 2 2 0 5 4 4 6 1 0 2 10 7 1 19 8 3 1 5 2 0 11 8 10 6 15 38 37 15 10 5 0 13 38 23 26 3 1 2 2 19 4 3 0 1 3 5 1 0 12 0 0 0 0 0 0 0 0 0 0 0 0 0 1 
3 3 5 0 0 0 3 3 3 1 1 0 3 0 1 4 1 0 0 0 0 0 0 0 0 0 0 0 1 2 4 5 8 5 8 3 29 7 25 6 4 1 6 2 3 3 4 2 1 20 7 2 9 2 1 0 3 4 0 19 10 4 3 15 16 27 23 20 7 8 5 62 11 18 2 0 0 0 17 1 2 1 2 3 1 1 1 16 1 0 0 3 2 0 1 0 0 0 0 0 0 2 
4 0 1 2 0 3 1 2 1 2 0 3 0 2 0 0 3 0 1 0 0 0 0 0 0 0 0 0 5 11 3 1 15 6 12 10 12 5 19 2 1 0 4 7 8 10 4 0 3 9 5 2 18 10 5 4 2 5 0 5 5 10 7 17 29 44 15 17 8 19 49 6 37 20 2 3 3 1 17 2 0 2 1 5 0 3 0 1 0 0 0 3 0 0 0 2 0 0 0 0 0 4 
0 0 1 3 0 2 2 2 3 4 1 1 1 4 0 3 0 0 0 1 0 0 0 0 0 0 0 0 1 9 1 0 4 15 12 5 12 12 4 2 7 2 1 4 2 6 4 3 2 28 11 6 7 7 1 1 3 7 0 13 7 2 6 9 19 40 11 19 6 15 9 28 7 10 0 3 1 0 34 4 3 3 1 7 2 3 1 6 2 0 0 6 1 0 1 1 0 0 2 0 0 5 
4 2 6 1 3 5 0 2 1 1 1 0 3 0 1 2 2 0 0 0 1 0 0 2 1 0 0 0 1 0 1 0 6 9 11 4 8 7 18 9 10 1 0 5 3 6 3 3 0 24 11 4 8 9 3 1 8 4 0 11 5 5 3 7 17 22 11 21 8 27 34 41 10 2 8 1 1 1 31 7 3 2 2 8 3 1 4 8 2 0 0 2 0 1 0 1 0 0 0 0 0 3 
0 0 2 0 4 1 4 2 2 9 1 3 5 7 6 10 6 5 3 1 0 0 1 10 1 0 0 5 2 3 1 3 21 8 5 0 7 1 14 4 6 0 5 24 5 22 10 3 7 44 5 1 6 7 3 4 2 16 0 16 6 0 2 6 10 9 1 2 1 4 4 1 3 3 6 7 2 11 186 19 17 6 11 72 9 32 8 40 9 0 0 11 4 7 2 2 2 13 9 0 0 24 
1 1 5 0 3 1 1 0 1 1 3 3 6 3 7 6 4 0 3 1 0 1 1 7 5 0 0 9 2 5 0 6 17 5 2 3 2 2 4 4 4 0 7 15 5 12 13 0 7 38 9 4 7 5 3 3 4 9 0 7 4 3 2 7 5 11 1 4 1 0 2 2 5 3 1 7 4 9 127 24 18 8 8 53 4 21 2 56 5 0 0 11 5 10 3 3 0 5 10 1 0 26 
0 0 0 0 0 2 1 1 0 0 0 1 1 0 1 5 4 0 0 0 0 0 0 0 2 0 0 3 1 3 0 0 2 0 1 1 1 0 4 2 2 0 1 0 1 2 0 1 0 3 0 0 0 3 1 0 1 3 0 5 0 0 0 2 1 4 0 0 0 0 1 2 1 0 6 5 1 14 59 4 4 5 0 13 1 2 2 9 2 0 0 0 1 2 1 1 0 2 1 0 0 0 
4 4 4 0 0 1 1 0 1 2 1 2 0 8 0 3 5 0 2 1 0 0 3 8 0 0 0 1 0 5 1 3 17 8 3 3 2 1 2 7 1 1 5 6 3 10 5 11 2 37 5 1 11 7 2 3 4 10 0 7 3 4 0 3 4 8 1 0 1 1 1 6 5 3 19 15 6 1 60 19 8 3 6 60 13 12 7 31 8 0 0 9 2 6 7 0 1 3 8 0 1 8 
10 6 4 2 3 3 7 11 3 15 4 5 8 30 12 37 16 11 15 5 2 1 3 27 6 0 0 6 17 18 5 11 54 13 15 7 16 7 24 16 5 2 18 41 22 32 21 9 5 83 70 50 96 59 34 15 39 100 0 22 19 6 9 22 34 39 13 6 2 18 11 22 14 19 119 84 51 42 20 67 79 19 39 160 30 42 20 74 21 0 0 45 7 20 15 9 3 7 21 1 0 36 
1 3 2 0 0 0 0 0 1 1 0 0 1 3 2 2 4 1 3 1 0 0 0 4 1 0 0 1 0 6 1 4 10 1 3 0 1 0 5 11 2 1 13 20 12 13 6 4 7 37 7 4 17 5 6 0 4 14 0 0 2 2 1 5 4 12 0 1 2 2 3 3 3 3 12 30 5 28 86 4 13 8 14 89 20 28 7 23 14 0 0 18 4 7 1 5 2 2 4 0 0 36 
3 4 0 0 0 1 1 0 1 4 0 0 3 3 0 0 1 5 1 1 0 0 0 1 1 0 0 1 4 8 0 1 7 2 2 1 0 4 5 7 5 0 18 30 7 18 12 6 1 24 8 9 12 1 1 0 1 9 0 4 0 5 2 2 6 5 1 1 4 3 0 2 2 4 19 6 4 6 69 6 7 6 5 73 28 13 7 22 6 0 0 36 7 9 3 5 0 5 1 0 4 18 
1 1 1 0 0 0 1 1 0 1 0 0 0 1 0 3 0 0 0 0 0 0 0 1 4 0 0 2 3 9 1 2 9 2 0 0 2 1 6 8 4 0 11 22 8 20 14 5 10 45 6 1 4 1 0 1 1 5 0 5 3 2 1 2 1 3 0 3 0 4 0 3 2 1 6 8 3 9 35 9 10 3 7 48 16 22 8 41 3 0 0 10 5 5 4 6 0 7 12 0 0 22 
3 3 0 0 1 0 1 0 0 0 0 0 0 0 0 4 4 0 0 0 0 0 0 0 0 1 0 0 2 6 1 2 2 1 2 0 0 1 1 5 4 0 7 26 4 8 5 3 3 36 4 5 6 2 4 4 3 8 0 1 0 1 0 3 4 1 0 0 1 1 2 1 10 2 10 19 0 7 48 10 11 3 3 90 31 14 3 30 1 0 0 46 4 13 8 5 0 12 2 0 0 23 
4 7 5 0 1 4 4 4 1 3 0 0 0 5 0 2 1 0 0 1 0 1 1 2 2 0 0 2 2 6 1 4 16 0 2 2 4 5 31 10 8 5 53 72 21 48 25 30 17 135 26 23 36 14 9 6 26 40 0 15 5 4 3 1 4 3 4 2 3 2 0 3 8 12 55 47 18 44 190 107 80 37 118 12 135 72 28 125 21 0 0 107 23 32 18 14 8 27 15 6 6 56 
0 2 1 0 0 2 3 6 1 1 1 0 0 2 1 0 1 0 0 1 0 0 0 1 1 0 0 3 2 4 2 2 7 0 0 1 0 3 2 16 4 1 17 37 9 20 6 8 8 32 6 5 8 5 1 1 1 15 0 7 1 8 0 1 4 1 2 3 0 0 2 2 6 1 4 4 10 10 53 26 31 10 28 101 4 34 11 37 11 0 0 50 6 9 13 2 7 9 4 1 1 21 
4 3 5 2 0 0 8 5 2 4 0 4 1 0 1 0 6 3 5 6 2 0 0 6 3 0 1 4 4 14 6 8 31 4 9 2 25 18 44 5 3 7 47 109 22 59 28 11 17 85 10 8 30 4 3 4 8 6 0 10 1 1 0 3 1 6 2 1 2 3 2 6 2 3 16 8 1 9 30 9 15 13 9 69 32 5 13 48 27 0 0 78 11 28 18 15 6 22 12 5 2 45 
3 7 0 0 1 4 0 2 0 3 0 0 0 1 0 1 3 4 0 2 5 1 0 6 2 0 1 1 5 8 4 4 27 3 6 1 26 15 36 16 7 3 26 59 13 31 13 11 10 56 4 1 9 0 0 0 1 7 0 4 0 0 3 1 3 4 1 1 0 0 1 1 3 3 6 3 1 6 24 14 7 8 9 51 15 22 10 22 29 0 0 71 15 13 8 7 3 11 17 2 1 49 
11 19 12 2 3 10 8 5 5 7 3 6 6 6 5 12 20 10 8 5 7 6 5 33 17 0 0 40 10 54 8 18 284 17 29 9 86 47 123 31 27 11 95 154 65 177 108 76 84 632 23 9 57 10 5 6 8 18 0 7 11 7 2 8 8 11 3 2 2 3 4 7 10 17 44 23 10 30 111 29 32 33 36 131 66 59 37 20 31 0 0 252 39 45 45 75 7 50 51 9 5 383 
0 0 2 1 2 3 1 2 0 1 1 0 5 5 2 1 8 8 4 4 1 1 2 0 4 0 0 11 2 11 1 5 27 5 6 3 42 30 40 13 9 5 36 58 30 19 17 6 11 76 7 5 5 5 1 2 7 4 0 4 3 6 3 2 0 5 2 1 1 1 1 5 1 1 7 3 2 7 11 6 10 7 10 32 21 35 17 32 5 0 0 33 14 18 20 12 3 11 7 0 1 66 
0 0 0 0 0 0 0 0 0 0 0 0 0 0 0 0 0 0 0 0 0 0 0 0 0 0 0 0 0 0 0 0 0 0 0 0 0 0 0 0 0 0 0 0 1 0 0 0 0 0 0 0 0 0 0 0 0 0 0 0 0 0 0 0 0 0 0 0 0 0 0 0 0 0 0 0 0 0 0 0 0 0 0 0 0 0 0 0 0 0 0 0 0 0 0 0 0 0 0 0 0 0 
0 0 0 0 0 0 0 0 0 0 0 0 0 0 0 0 0 0 0 0 0 0 0 0 0 0 0 0 0 0 0 0 0 0 0 0 0 0 0 0 0 0 0 0 0 0 0 0 0 0 1 0 0 0 0 0 0 0 0 0 0 0 0 0 0 0 0 0 0 0 0 0 0 0 0 0 0 0 0 0 0 0 0 0 0 0 0 0 0 0 0 0 0 0 0 0 0 0 0 0 0 0 
5 8 6 1 3 6 1 6 7 8 3 4 6 3 12 8 6 4 3 2 1 0 0 4 1 0 0 5 8 18 9 22 59 7 30 13 69 62 96 36 36 8 89 157 38 91 55 24 22 181 5 5 16 8 2 3 10 7 0 8 2 21 1 3 3 8 1 2 1 0 3 1 7 4 10 2 2 11 36 16 19 13 19 57 16 61 56 91 59 0 0 19 41 52 24 67 5 29 40 13 5 122 
0 4 2 0 0 2 2 0 2 0 0 1 3 0 1 0 2 2 2 0 0 0 1 0 0 0 0 3 4 2 4 4 12 4 7 7 21 7 13 8 11 5 29 54 15 17 15 3 3 39 2 4 2 5 0 1 2 2 0 0 0 2 0 0 1 2 0 1 0 0 0 2 0 1 2 0 0 2 8 3 5 1 6 26 16 12 13 35 15 0 0 60 7 14 6 21 1 5 3 1 2 30 
2 2 1 0 1 0 0 2 2 1 0 0 0 1 0 1 3 1 0 0 0 0 0 1 0 0 0 3 2 10 5 10 12 4 9 3 13 12 33 14 12 5 37 43 15 35 17 19 11 72 1 4 7 3 0 0 6 3 0 0 0 1 0 0 1 1 0 0 0 0 0 0 1 1 6 9 0 1 21 11 6 8 3 37 15 23 6 37 20 0 0 65 11 10 7 11 2 10 7 2 3 56 
2 4 1 0 0 1 1 0 0 0 0 0 1 0 0 1 2 0 0 0 0 0 0 0 0 0 0 0 3 2 4 4 5 5 2 2 9 1 14 6 10 3 21 36 19 15 15 14 8 55 5 2 3 2 0 0 3 4 0 1 0 2 0 0 3 1 0 0 0 0 0 0 2 0 4 1 0 3 14 3 7 12 5 22 9 10 10 21 14 0 0 34 9 7 8 8 0 13 5 0 1 62 
2 1 2 0 1 2 2 2 0 2 1 2 0 3 1 0 1 1 0 1 0 0 0 3 0 0 0 0 7 10 4 6 21 1 6 3 24 10 22 8 5 2 36 62 29 50 19 7 12 71 0 0 7 0 1 1 3 1 0 2 3 0 0 2 1 0 0 0 0 0 0 2 3 0 2 2 0 2 17 5 9 11 1 19 3 26 24 54 17 0 0 109 15 16 11 6 2 11 3 1 0 59 
1 0 0 0 1 0 0 0 0 1 0 0 0 0 0 0 0 0 1 0 0 0 0 0 0 0 0 0 0 1 0 0 3 1 1 1 5 2 4 3 1 0 9 8 8 6 4 0 1 10 0 0 0 0 0 0 0 1 0 0 0 2 0 0 1 0 0 0 1 0 0 0 0 2 2 1 0 1 2 0 0 1 1 2 1 3 3 12 1 0 0 4 1 0 2 1 1 1 0 0 2 13 
0 1 0 0 0 1 0 2 1 1 0 0 1 2 1 0 0 1 0 0 0 0 0 1 0 0 0 2 3 7 0 0 8 0 4 4 8 7 25 4 3 1 15 50 15 32 13 12 8 72 2 0 5 9 0 0 0 3 0 1 0 0 0 1 1 1 1 3 0 0 0 0 0 0 2 2 2 1 16 2 10 9 4 23 7 25 7 40 16 0 0 43 20 11 5 11 2 5 2 1 1 36 
0 2 1 0 0 1 1 0 0 3 0 0 1 0 2 1 1 0 0 0 1 0 0 0 1 0 0 0 3 5 0 1 2 0 7 2 11 8 33 4 7 3 24 33 16 37 34 6 9 71 2 0 1 3 0 1 1 0 0 3 0 0 0 0 0 0 0 0 0 0 1 2 1 1 4 6 0 2 14 7 2 9 3 31 13 16 8 31 12 0 0 61 7 5 4 6 0 3 1 2 5 17 
0 1 1 0 0 1 0 1 0 1 0 1 0 0 0 0 1 0 2 0 0 0 0 1 0 0 0 0 0 1 0 1 3 0 2 0 11 7 5 0 2 0 3 8 6 12 3 1 3 8 1 0 0 0 2 0 0 1 0 0 0 0 0 0 0 0 0 0 0 0 1 1 0 0 0 0 0 0 1 0 0 2 0 3 0 5 0 9 2 0 0 8 5 2 4 1 0 4 1 1 0 8 
1 0 0 0 0 0 0 0 0 0 0 0 0 0 0 0 0 0 0 0 0 0 0 0 0 0 0 0 0 1 1 3 0 0 0 0 0 1 6 2 3 0 8 6 0 5 3 0 1 6 0 0 0 1 0 0 0 1 0 0 0 0 0 0 0 0 0 1 0 0 0 0 0 0 2 1 0 0 1 0 1 0 2 1 0 2 4 10 0 0 0 7 0 1 1 2 2 2 2 2 0 3 
13 20 14 1 5 8 21 9 4 7 3 7 11 7 9 5 13 8 5 0 1 1 2 10 2 0 1 13 4 53 13 33 151 16 30 30 99 55 165 42 61 9 124 165 111 167 99 72 82 407 25 10 44 17 3 1 11 11 0 16 1 2 0 8 7 7 4 5 0 2 3 3 5 9 24 16 7 20 62 28 27 37 23 86 27 82 49 376 78 0 0 196 22 92 89 87 8 61 34 4 5 12 
