7 10 19 6 4 23 30 26 29 21 15 24 40 76 43 47 31 17 17 8 11 13 5 22 5 0 1 35 72 3 0 4 28 2 4 6 9 2 25 20 29 0 5 17 17 15 10 5 4 62 1 2 1 7 2 2 4 4 0 1 0 1 3 5 5 8 3 3 5 0 4 5 3 2 1 3 1 3 11 1 2 2 5 8 0 5 2 20 5 0 0 4 2 0 1 2 0 0 1 2 0 13 
10 10 16 5 10 32 39 16 27 33 17 31 59 107 37 76 29 23 25 14 7 7 5 30 16 0 1 24 125 9 1 7 19 5 1 1 7 5 31 26 19 2 6 20 5 15 11 4 4 54 4 6 6 6 2 1 3 6 0 2 0 4 2 6 6 19 1 4 1 3 2 2 8 4 3 5 0 3 18 2 2 1 1 3 1 4 0 16 5 0 0 6 0 0 0 1 0 0 1 1 0 13 
18 10 4 9 5 22 38 31 33 20 6 31 37 98 54 56 28 15 17 6 10 14 2 20 11 1 1 28 117 11 1 2 7 3 9 5 3 6 20 23 17 0 8 7 10 12 12 2 4 40 11 1 6 6 5 2 1 5 0 2 0 0 1 1 4 10 9 3 1 1 0 6 2 3 0 2 0 3 19 1 3 0 1 9 1 4 2 23 3 0 0 5 0 2 6 1 1 1 0 1 0 9 
2 8 15 1 9 8 7 19 9 8 8 4 5 14 3 13 7 2 1 0 1 1 0 5 2 0 1 6 24 0 0 1 2 0 0 0 0 1 2 7 2 3 1 1 0 3 0 0 0 11 0 1 1 0 0 0 2 0 0 1 0 2 0 0 1 1 1 1 0 0 1 0 0 0 0 0 0 0 4 1 0 0 1 0 0 0 0 2 0 0 0 0 0 0 0 0 0 0 1 0 0 1 
4 14 5 3 3 8 6 4 10 9 7 9 12 27 11 20 13 7 6 2 2 6 4 15 6 0 0 15 39 0 0 0 5 0 0 2 2 2 14 10 2 0 1 0 3 7 5 0 0 15 0 0 2 0 1 1 0 2 0 0 0 0 0 0 0 2 1 0 0 0 1 1 1 2 1 0 0 0 6 0 1 0 0 1 0 0 1 1 0 0 0 1 0 1 0 0 0 1 0 0 0 1 
13 40 29 11 9 7 17 14 16 16 11 29 56 89 46 73 51 29 31 4 6 9 4 31 10 1 1 19 89 9 2 0 5 2 1 1 1 9 33 15 4 2 12 6 7 15 9 2 6 42 5 2 7 2 3 0 0 2 0 2 0 0 0 4 4 5 1 3 1 1 0 2 3 0 1 0 0 3 11 1 0 2 1 3 2 7 4 11 0 0 0 2 2 0 3 0 0 0 2 2 0 2 
28 21 17 11 3 12 9 16 23 18 7 14 45 66 37 56 27 8 20 6 8 6 9 13 5 0 0 18 70 4 2 2 15 3 2 0 1 8 24 11 17 0 8 8 8 7 2 4 3 20 0 3 8 2 0 2 3 1 0 2 0 1 1 3 4 13 3 4 0 11 1 0 2 0 3 0 0 0 11 1 0 0 0 6 1 1 0 1 3 0 0 5 0 1 0 1 0 0 0 0 0 4 
24 34 30 6 8 12 21 7 14 14 11 17 56 85 45 80 32 13 20 12 17 17 7 14 7 0 0 19 41 2 1 3 8 1 9 2 1 2 29 15 9 2 2 5 12 8 10 1 4 28 5 4 8 3 2 1 1 2 0 0 0 0 3 6 3 9 5 2 3 3 2 0 1 5 3 4 0 0 6 1 0 3 0 3 3 0 2 3 3 0 0 7 0 1 0 1 0 0 1 0 1 2 
22 59 33 6 8 25 43 10 11 42 9 32 56 94 38 93 43 28 25 8 13 16 4 11 12 1 0 16 69 9 0 2 7 2 1 2 4 7 57 15 14 4 4 5 6 10 8 4 3 16 2 3 6 8 0 0 4 9 0 2 0 1 0 5 1 9 1 3 0 0 1 2 2 3 2 2 1 2 16 1 0 3 0 5 0 4 0 11 1 0 0 12 4 0 0 1 0 0 1 0 0 5 
13 12 10 6 7 7 17 5 8 3 6 9 24 67 20 39 29 8 12 9 6 4 1 27 11 0 0 20 24 0 0 1 2 1 3 1 1 5 22 8 5 1 4 2 11 9 9 4 1 16 6 3 4 5 2 3 7 6 0 1 0 1 3 0 3 5 2 3 0 1 4 1 1 3 1 4 0 0 10 1 0 2 0 4 0 1 0 2 0 0 0 4 3 1 0 2 0 1 1 0 0 3 
20 12 6 2 1 6 12 9 15 6 1 11 32 32 11 45 21 13 13 7 2 7 3 13 3 1 1 12 22 2 1 0 6 0 0 0 1 3 24 13 3 0 3 5 9 4 4 8 2 29 3 2 3 0 1 3 1 1 0 2 0 0 0 0 0 1 0 1 0 0 1 5 1 1 0 1 0 0 5 1 0 0 0 2 0 0 0 6 0 0 0 3 0 1 0 0 0 0 1 0 0 7 
23 27 22 5 7 18 23 23 29 22 14 4 52 71 43 60 39 19 23 7 15 8 13 43 20 1 0 19 49 11 1 2 11 4 3 0 4 11 25 18 10 3 9 6 9 20 6 5 1 37 2 4 10 0 0 0 0 5 0 3 2 6 0 1 2 9 0 1 2 0 1 3 2 2 7 2 0 1 16 0 1 0 0 1 0 1 0 4 3 0 0 5 0 3 1 0 0 0 2 0 0 4 
30 46 30 6 14 22 40 39 65 36 23 19 3 76 29 89 54 24 30 12 34 7 19 42 36 1 0 51 64 10 5 9 15 2 4 2 3 2 27 13 13 3 5 9 9 12 16 6 1 39 9 7 3 5 1 1 5 5 0 4 0 2 0 0 1 6 3 2 0 0 4 4 2 4 2 2 1 0 11 0 0 0 0 1 0 2 0 5 0 0 0 6 1 2 1 1 0 0 1 0 0 4 
67 84 80 6 10 57 66 42 87 40 17 45 46 9 10 42 60 52 53 25 46 22 25 87 45 2 7 96 59 6 4 3 14 0 1 1 0 4 21 10 21 5 9 7 6 20 5 4 11 28 5 7 11 17 3 1 4 14 0 7 0 1 0 0 0 0 2 0 1 0 0 0 0 1 5 2 0 1 29 5 0 0 1 1 1 0 0 4 0 0 0 4 0 3 0 0 0 0 0 1 1 7 
33 59 43 7 13 32 30 36 34 42 12 16 41 24 8 21 39 35 33 7 28 16 20 53 14 4 8 84 28 1 6 13 5 1 2 2 1 2 8 12 5 0 14 6 3 5 4 1 3 23 5 6 12 1 0 1 2 5 0 1 2 0 2 0 3 2 0 0 0 0 0 0 1 0 1 2 0 0 19 2 0 0 0 0 0 0 0 8 1 0 0 8 3 2 1 1 0 0 2 0 0 1 
39 54 36 5 13 31 44 56 49 41 23 39 56 47 19 21 71 69 79 43 82 35 35 114 48 6 8 101 54 20 4 13 37 10 19 8 34 3 16 31 28 0 17 20 21 12 10 8 6 53 12 5 17 11 4 3 5 4 0 2 2 1 0 1 2 1 0 0 0 2 2 1 3 1 4 5 0 2 34 3 0 0 1 1 0 2 3 17 1 0 0 12 2 2 2 0 1 0 0 1 1 13 
22 37 20 5 10 24 32 33 35 45 11 32 69 139 46 88 11 36 62 26 51 25 14 64 31 3 3 71 38 31 8 22 58 20 35 10 39 20 79 25 22 1 26 19 31 38 16 8 4 55 13 7 12 10 1 4 7 5 0 3 2 5 0 7 3 0 0 0 0 0 3 3 0 1 0 3 0 3 26 2 0 0 0 1 1 7 3 23 6 0 0 9 4 1 1 0 0 0 1 2 0 15 
11 19 21 0 9 15 16 18 18 29 5 20 37 107 32 94 33 13 44 16 25 22 16 32 24 10 5 48 30 20 3 11 39 8 14 7 30 8 48 27 17 4 8 22 19 18 6 7 8 36 3 0 8 4 1 2 5 5 0 3 0 4 1 1 0 0 0 0 2 0 0 0 1 3 1 2 0 2 10 2 0 1 0 1 0 7 6 20 6 0 0 12 0 3 0 1 1 2 0 0 0 2 
15 29 14 1 3 23 11 11 25 16 10 24 48 80 33 72 39 36 2 8 27 8 9 70 9 4 2 53 20 13 9 6 16 7 15 10 16 14 37 15 7 3 5 13 11 13 20 3 4 32 2 2 5 1 2 1 1 3 0 1 0 0 0 0 1 0 0 0 0 0 0 1 0 1 1 0 0 0 5 0 0 1 0 0 0 1 0 7 3 0 0 7 0 0 0 2 0 0 1 0 0 2 
6 8 7 6 2 11 11 6 8 15 4 13 30 54 28 63 31 23 23 4 10 5 11 33 18 11 6 60 13 7 3 7 5 6 6 13 15 17 41 16 8 3 5 6 12 10 4 3 5 21 1 0 1 0 0 0 3 3 0 2 1 1 0 0 1 0 0 0 0 0 0 0 0 2 3 1 0 0 7 3 0 0 0 1 0 2 1 8 1 0 0 2 1 0 0 2 0 0 0 0 0 2 
6 5 10 4 2 10 5 3 14 11 3 15 29 78 30 118 54 31 54 5 4 5 22 30 16 6 6 53 18 4 0 4 13 1 10 4 17 7 57 18 12 2 13 6 4 16 3 3 5 27 0 0 1 3 0 0 2 2 0 0 0 0 0 0 1 1 0 0 0 0 1 0 0 0 0 1 0 0 4 2 1 0 0 1 0 4 0 2 0 0 0 1 0 0 0 0 0 1 0 0 0 0 
9 20 14 4 1 16 12 14 19 13 9 19 23 58 24 73 29 19 35 5 7 6 10 19 8 11 0 47 19 5 3 1 17 2 6 3 12 16 35 8 4 1 8 4 4 8 4 1 1 23 2 0 0 1 0 0 0 2 0 1 0 0 1 0 0 0 0 0 0 0 0 0 0 0 2 1 0 0 4 0 0 0 0 0 1 0 0 5 6 0 0 0 0 0 1 0 0 0 0 0 0 1 
7 2 3 1 3 7 5 4 6 10 2 8 6 34 26 76 41 27 26 4 28 15 6 15 3 9 4 54 9 2 1 1 9 3 7 7 11 13 37 4 2 1 3 2 10 7 2 1 2 16 5 1 2 1 0 1 0 1 0 0 0 1 1 0 0 0 0 0 0 0 0 0 0 0 0 1 0 0 4 0 0 0 0 0 0 0 0 1 0 0 0 1 0 0 0 0 0 1 0 0 0 1 
14 14 17 1 2 10 17 16 18 25 3 30 46 116 49 183 83 46 68 10 43 17 12 12 12 20 21 90 9 11 6 3 25 4 10 3 34 10 84 16 15 1 2 12 16 19 8 4 8 56 6 2 7 3 0 2 2 0 0 2 2 0 0 0 0 0 0 0 0 0 0 0 0 0 3 3 1 2 12 3 0 0 0 2 1 1 4 15 1 0 0 5 0 0 1 0 0 0 1 0 0 4 
11 24 6 4 8 12 11 11 11 40 5 26 53 65 35 94 44 28 45 15 26 14 14 16 5 2 10 54 8 6 4 4 94 3 9 9 24 11 60 22 41 4 10 16 27 23 22 15 15 163 16 9 28 7 2 1 3 7 0 5 2 0 0 0 0 0 1 0 0 0 1 0 0 0 2 6 0 2 19 1 2 1 0 1 0 7 3 51 1 0 0 5 0 0 2 2 0 0 0 0 0 7 
1 0 1 0 0 3 0 0 0 0 0 1 2 11 2 13 4 11 3 3 8 6 4 44 5 1 1 15 3 0 1 2 0 1 2 0 1 0 3 1 0 0 0 2 1 1 0 0 1 1 0 0 0 0 0 0 0 0 0 0 0 0 0 1 0 0 0 0 0 0 0 0 0 0 0 0 0 0 0 0 0 0 0 1 0 0 1 1 0 0 0 0 0 0 0 0 0 0 0 0 0 0 
0 0 2 0 1 3 0 0 2 0 0 0 2 16 9 16 8 10 4 3 17 22 12 29 13 2 2 48 0 0 0 1 4 0 1 0 5 1 6 3 1 0 1 1 2 0 1 0 0 1 0 0 0 1 0 0 1 0 0 0 0 0 0 0 0 0 0 0 0 0 0 0 0 0 0 0 0 1 0 0 1 0 0 0 0 0 0 0 0 0 0 0 0 0 0 0 0 0 0 0 0 1 
16 17 16 2 12 23 15 16 20 41 20 30 56 146 72 148 116 54 76 54 66 81 70 105 47 8 19 8 10 1 4 8 24 11 11 17 34 33 62 31 31 1 32 21 42 36 22 16 11 108 19 6 21 5 2 4 7 9 0 3 2 1 0 4 5 3 0 0 0 0 0 0 0 0 9 2 0 0 23 3 2 0 2 1 0 2 18 55 7 0 0 11 3 0 1 2 0 0 1 0 1 3 
38 61 61 12 14 51 46 32 35 28 6 26 28 45 20 34 24 22 17 9 14 13 3 14 0 0 0 12 4 3 0 2 4 4 4 1 3 7 24 19 8 0 5 6 10 1 7 5 1 23 2 2 4 3 1 2 3 3 0 1 0 0 2 5 10 2 2 2 0 0 1 1 2 0 2 1 0 0 16 2 3 2 0 4 1 0 1 2 3 0 0 4 1 0 3 1 0 3 0 0 0 0 
0 4 1 0 0 5 3 5 5 3 2 9 8 7 14 26 34 29 12 7 6 2 1 11 4 0 0 3 16 25 104 120 311 61 146 133 411 148 275 119 78 11 56 65 59 92 43 31 31 209 4 3 15 15 0 2 0 7 0 8 3 14 5 9 27 40 6 5 12 9 4 4 3 1 3 4 1 2 46 5 1 1 1 3 4 12 6 73 13 0 0 45 5 8 7 11 0 3 11 0 0 39 
0 3 1 0 1 1 2 2 0 1 2 1 2 0 3 8 22 11 1 3 2 2 0 8 10 2 0 2 2 108 5 56 85 24 62 51 141 52 86 31 21 5 17 19 13 25 8 9 9 42 1 0 5 1 0 2 2 3 0 3 2 5 0 5 75 85 4 4 0 3 7 1 4 1 1 2 0 0 2 1 0 1 0 3 0 2 4 24 2 0 0 21 3 2 1 3 0 4 0 1 2 17 
0 4 2 0 1 1 4 3 2 5 0 4 5 3 1 21 31 17 10 0 1 1 1 8 4 1 1 8 13 136 58 12 100 34 75 56 202 113 214 91 61 5 48 56 43 63 40 13 17 124 4 4 5 8 0 2 6 6 0 6 3 12 0 8 13 28 4 2 1 2 3 5 6 3 3 5 2 5 20 4 0 1 1 6 1 15 3 31 7 0 0 42 2 3 5 4 0 1 4 1 0 20 
6 10 7 2 2 4 5 7 7 3 5 4 9 2 2 20 29 20 3 1 12 2 3 37 14 2 2 19 9 173 55 81 12 30 67 73 193 92 217 124 116 16 105 59 73 109 75 55 58 479 30 19 48 18 13 4 5 11 0 8 8 11 4 7 7 23 11 6 6 11 9 21 10 3 11 3 3 6 41 5 3 6 4 10 2 13 13 126 21 0 0 50 9 14 13 17 0 4 4 1 1 58 
1 6 0 0 1 1 0 4 1 0 0 2 3 2 2 11 8 14 3 1 6 1 1 2 2 0 0 3 2 83 31 39 37 4 24 10 112 44 116 39 38 4 37 26 23 37 23 16 11 79 4 7 6 4 4 3 7 11 0 6 2 9 0 0 8 21 8 2 3 5 3 11 18 10 0 6 0 3 21 5 2 2 1 4 1 5 0 17 8 0 0 28 1 12 2 1 1 1 2 0 0 8 
7 7 4 0 3 9 2 2 0 2 0 0 1 3 3 20 15 12 8 3 10 1 3 12 9 1 4 7 6 109 40 83 111 16 12 31 174 78 153 94 43 8 55 68 49 64 30 13 13 119 8 4 6 8 6 4 5 12 0 2 2 11 4 4 12 17 6 6 4 7 19 14 10 4 2 1 0 4 26 0 0 1 0 1 0 9 5 15 7 0 0 44 9 12 9 4 2 2 2 0 1 17 
6 4 0 1 2 1 2 1 1 4 0 0 0 1 0 12 18 9 2 1 7 6 1 5 4 0 0 4 5 104 51 61 123 18 34 6 145 56 122 40 46 1 26 32 26 54 29 9 10 102 4 1 4 9 2 0 0 2 0 0 0 3 2 5 11 11 2 2 2 5 9 8 11 2 5 0 0 1 6 0 1 0 1 0 0 5 2 23 5 0 0 23 5 7 5 1 1 0 6 0 0 22 
7 9 7 1 0 0 0 1 2 3 1 2 2 2 2 19 37 16 12 10 10 5 10 28 9 0 4 18 13 256 125 207 294 99 159 116 25 120 413 271 141 24 139 143 162 184 101 43 57 370 11 11 13 7 1 1 10 10 0 0 1 16 9 28 32 23 18 5 9 9 30 33 17 6 6 2 1 3 20 3 3 4 3 6 5 16 6 64 30 0 0 106 23 14 12 31 2 14 6 3 2 48 
8 12 5 1 1 8 7 9 8 7 3 6 10 7 3 4 11 14 11 5 9 4 3 26 12 1 0 19 19 141 43 92 122 49 53 56 151 15 192 181 104 19 91 103 77 146 88 28 25 250 3 4 7 2 2 0 3 7 0 4 0 8 0 14 6 9 2 3 1 2 7 10 4 7 3 1 0 0 11 2 1 3 0 0 2 16 5 38 9 0 0 63 9 13 5 12 0 11 2 1 1 35 
4 22 13 3 10 14 20 20 18 17 8 17 34 20 13 18 51 31 21 15 29 13 12 53 26 6 0 36 29 192 74 150 266 83 123 71 464 102 24 375 225 20 144 141 100 156 110 71 56 429 26 7 23 12 2 5 8 9 0 2 1 12 6 10 17 27 11 9 2 8 23 14 16 3 10 8 0 3 59 12 2 5 4 31 7 18 25 135 27 0 0 128 18 22 12 21 5 16 7 5 3 67 
12 17 15 0 4 14 12 9 13 12 10 12 20 14 18 24 31 28 9 5 7 1 4 27 12 1 3 15 34 81 49 84 181 49 76 59 358 191 465 18 51 16 70 124 91 227 95 34 44 298 3 4 22 5 4 2 5 3 0 2 5 10 1 18 8 24 5 5 1 4 7 9 8 7 5 5 0 4 18 4 6 9 6 22 5 8 11 32 14 0 0 62 5 8 7 10 3 1 4 1 0 36 
13 13 6 5 7 7 5 14 9 10 5 5 14 8 2 15 28 17 11 6 12 1 0 41 11 1 0 27 20 65 17 63 159 34 52 46 179 110 258 51 12 22 55 61 44 125 91 35 30 262 5 1 7 2 2 1 2 7 0 1 4 5 0 3 5 8 1 3 3 5 3 7 1 8 4 5 0 7 14 2 7 3 5 10 5 8 9 17 6 0 0 42 7 9 6 12 2 6 6 0 3 29 
0 1 0 1 0 1 2 0 1 5 0 0 1 1 0 4 1 0 1 1 5 0 1 4 0 0 0 1 6 4 3 6 17 1 8 6 50 5 26 31 11 5 16 29 20 22 8 2 7 31 0 0 0 3 1 0 0 0 0 0 0 2 0 3 2 2 2 0 0 0 1 4 3 0 1 0 0 1 2 3 0 2 0 3 0 12 5 11 8 0 0 12 3 2 0 2 0 0 0 0 0 3 
3 7 3 1 1 9 9 8 4 5 4 10 4 5 16 10 17 8 12 5 8 4 1 9 9 1 0 16 6 39 11 39 118 23 40 15 130 76 110 49 51 13 15 67 52 85 48 27 24 180 2 5 16 4 3 2 2 8 0 6 1 8 1 5 3 14 1 4 0 1 3 2 6 5 3 7 0 5 32 17 12 13 9 40 23 58 23 76 28 0 0 87 18 28 26 37 4 18 21 6 4 69 
13 16 6 0 1 6 7 5 10 5 1 8 4 15 7 15 26 27 16 6 9 3 6 13 4 1 0 17 10 47 17 52 110 37 58 25 139 113 189 105 85 31 116 20 164 274 149 78 82 344 17 8 35 5 1 2 6 14 0 6 2 8 2 4 10 23 8 4 0 5 6 5 8 5 14 14 4 10 48 26 17 20 17 76 50 97 72 118 76 0 0 220 54 57 36 60 13 32 34 6 4 110 
11 13 14 0 2 2 7 5 5 7 3 5 7 9 5 9 18 20 6 3 3 6 6 25 9 0 2 15 22 34 16 49 135 23 46 17 128 74 132 65 41 29 70 114 14 164 103 56 30 269 7 2 10 3 3 3 1 5 0 3 0 4 1 7 8 13 2 7 1 3 8 6 10 0 6 7 0 3 14 5 3 5 2 14 8 23 14 54 23 0 0 64 20 22 8 27 3 19 9 4 2 50 
6 10 7 1 1 5 10 2 8 7 3 9 18 11 5 16 36 22 13 4 4 2 6 23 13 1 5 23 24 51 19 42 209 50 40 51 230 87 197 117 124 27 107 258 158 33 197 158 128 588 9 9 16 6 1 1 6 9 0 1 3 6 4 4 9 18 8 8 2 1 9 6 8 3 12 3 4 4 20 10 8 10 11 39 17 55 28 128 32 0 0 140 25 28 25 35 4 21 32 1 5 117 
9 13 9 0 2 9 10 4 7 12 3 5 12 7 5 8 26 23 13 4 5 8 6 18 11 0 0 20 16 41 19 35 179 35 42 41 137 72 150 102 89 32 65 151 94 216 14 104 76 335 7 4 9 3 1 0 2 6 0 1 9 2 0 6 4 16 4 4 1 3 5 8 5 5 15 5 3 4 25 7 2 9 10 41 12 36 10 74 16 0 0 87 18 23 10 15 5 15 22 3 6 123 
2 9 5 1 0 4 6 5 3 4 1 1 10 3 3 1 9 11 7 0 4 1 2 8 4 0 0 9 5 17 5 16 73 12 17 10 54 33 69 39 63 6 43 95 76 268 167 11 76 424 2 2 11 1 0 2 1 1 0 0 0 1 0 4 6 7 1 2 1 2 0 3 4 1 2 0 0 0 19 4 3 3 2 19 2 16 15 83 9 0 0 38 10 15 14 8 1 4 6 2 0 47 
6 6 1 1 2 2 3 5 5 6 2 4 5 6 4 2 9 8 6 1 6 3 0 16 5 1 0 12 5 23 8 11 81 8 21 21 62 43 97 54 40 13 70 108 81 262 142 69 15 459 1 1 11 2 0 1 2 6 0 0 1 2 0 2 4 8 2 6 0 0 1 0 5 1 5 2 0 3 11 3 3 0 5 21 6 13 13 140 13 0 0 79 5 21 16 13 1 7 1 3 2 59 
43 53 33 4 22 20 24 16 29 45 23 24 32 23 16 33 55 47 35 21 26 15 10 175 51 6 6 127 44 179 49 139 851 95 94 99 457 244 541 295 256 42 194 370 248 617 320 296 232 49 37 15 67 14 4 6 19 17 0 8 6 25 4 28 19 40 20 15 6 7 17 21 31 14 42 18 4 16 112 26 29 47 27 100 21 96 53 747 54 0 0 280 44 58 62 60 7 50 63 7 4 316 
2 10 3 2 2 7 2 5 8 6 2 5 3 21 12 16 7 8 2 2 0 0 1 26 4 0 0 18 11 3 8 5 51 11 10 2 15 6 18 9 3 1 4 14 8 16 15 5 11 59 6 3 41 8 10 3 8 32 0 29 8 9 0 19 15 14 6 15 4 13 4 5 19 18 2 4 0 7 150 9 6 2 8 32 4 15 8 44 7 0 0 12 2 4 7 3 1 9 4 0 0 18 
1 1 1 0 1 3 3 2 4 2 0 4 4 9 4 9 8 2 6 0 2 0 0 7 3 0 0 1 2 3 1 5 14 4 5 6 15 1 14 6 1 3 6 10 7 13 2 1 9 22 8 3 39 33 4 10 5 15 0 15 8 2 3 9 7 15 8 9 2 3 3 6 3 4 8 0 0 7 69 2 5 2 7 11 6 5 2 16 2 0 0 7 2 4 1 4 3 2 0 0 0 5 
4 6 12 1 3 6 10 8 5 4 2 5 3 16 11 20 12 11 6 5 1 2 5 18 3 0 0 9 12 9 1 7 65 14 9 1 21 3 39 6 8 1 14 13 10 25 30 9 9 55 36 22 6 24 19 7 16 37 0 27 9 7 0 21 21 25 7 15 9 18 5 1 17 8 6 2 2 10 120 21 4 4 6 37 5 20 10 64 10 0 0 10 1 5 7 4 1 5 7 0 0 35 
5 6 7 1 1 7 1 5 11 6 2 14 6 9 12 19 11 11 10 0 0 0 2 9 1 0 1 2 7 8 9 10 24 12 10 4 15 5 15 14 6 5 15 15 5 9 10 2 1 26 14 36 49 2 7 12 32 19 0 25 14 5 14 20 38 20 19 12 6 7 20 14 10 3 5 2 2 3 114 5 12 5 5 29 4 11 3 16 15 0 0 17 9 21 13 6 1 14 8 0 0 15 
5 0 1 0 0 2 2 5 3 2 1 0 4 3 0 6 1 5 1 1 0 1 0 13 6 0 0 0 0 6 0 3 14 4 2 1 1 3 4 2 0 0 3 1 1 2 2 3 0 10 10 15 30 12 1 6 13 11 0 10 2 6 2 7 7 9 1 4 0 2 3 1 2 4 2 3 1 4 72 5 5 0 3 6 0 1 3 5 1 0 0 8 0 1 3 3 0 0 0 0 0 10 
2 1 1 0 0 2 2 1 3 0 1 2 2 7 1 3 1 1 2 0 0 1 0 5 1 0 0 3 2 2 1 1 9 0 0 0 1 1 2 2 0 0 2 2 1 1 2 3 0 4 10 8 11 1 1 0 6 6 0 13 5 3 4 4 1 5 5 1 0 1 2 1 1 1 0 1 0 2 32 1 3 0 2 5 1 2 1 8 1 0 0 2 1 1 1 1 0 3 2 0 0 0 
1 2 0 0 0 1 1 2 1 5 0 2 5 10 3 6 2 6 0 1 0 0 1 2 3 0 1 4 4 7 2 2 21 7 8 0 13 3 14 3 1 2 6 5 3 6 3 2 3 19 13 22 25 11 8 7 5 11 0 14 2 4 6 8 13 15 7 6 2 6 9 4 1 4 11 6 2 7 58 4 3 2 0 11 4 7 1 18 4 0 0 8 3 3 4 3 0 2 0 0 0 2 
6 4 5 0 2 9 2 3 2 3 8 2 12 19 8 13 10 1 5 4 2 1 0 12 0 0 2 4 3 4 3 6 37 9 5 4 9 2 7 5 1 0 7 10 3 11 12 9 3 15 15 14 40 25 8 8 12 6 0 22 7 10 4 19 12 19 4 6 0 6 3 4 11 7 8 8 0 11 114 20 9 5 9 41 16 11 3 20 3 0 0 14 2 2 7 2 1 2 1 0 1 11 
0 0 0 0 0 0 0 0 0 0 0 0 0 0 0 0 0 0 0 0 0 0 0 0 0 0 0 0 0 0 0 0 0 0 0 0 0 0 0 0 0 0 0 0 0 0 0 0 0 0 0 0 0 1 0 0 0 0 0 0 0 0 0 0 0 0 0 0 0 0 1 0 0 0 0 0 0 0 0 0 0 0 0 0 0 0 0 0 0 0 0 0 0 0 0 0 0 0 0 0 0 0 
8 7 9 1 2 4 5 3 3 4 6 8 18 21 14 21 19 12 14 8 10 4 2 14 19 0 0 18 18 5 3 10 17 3 6 1 5 2 19 7 4 0 4 5 3 3 1 1 5 25 18 10 30 25 14 3 9 24 0 6 4 13 0 15 18 39 12 11 7 6 7 16 14 15 11 6 3 2 69 6 3 1 3 17 1 8 1 23 4 0 0 15 5 1 6 1 1 1 0 0 0 7 
0 0 1 0 0 1 1 0 2 0 0 0 0 0 0 2 0 0 0 0 0 0 0 1 0 0 0 2 2 1 0 6 10 2 3 0 1 1 8 3 3 0 3 2 0 1 3 1 3 8 4 9 4 8 0 1 4 11 0 5 0 6 0 7 4 17 8 8 7 8 5 8 4 3 2 5 1 3 25 2 1 0 1 4 2 0 1 16 0 0 0 0 0 1 0 0 1 0 1 0 0 8 
3 3 1 2 0 2 0 1 1 0 0 3 4 3 0 2 4 5 0 1 0 0 2 0 2 0 0 2 1 3 2 10 6 9 8 4 13 25 20 13 4 2 7 10 5 2 6 2 4 16 2 4 3 3 0 3 1 4 0 12 4 1 1 19 17 20 7 7 3 7 8 4 7 4 1 2 0 2 13 2 3 2 2 3 0 3 3 9 5 0 0 11 0 1 0 0 0 0 1 0 0 2 
0 0 0 1 0 0 0 1 0 3 0 1 0 0 1 0 3 0 1 0 0 0 0 0 0 0 0 0 3 1 2 2 2 2 6 5 11 6 6 1 2 0 3 2 1 1 3 0 0 0 1 2 4 9 0 2 1 0 0 3 1 1 2 2 12 13 3 6 0 4 5 2 5 1 1 1 0 0 4 2 0 0 0 2 1 1 0 3 1 0 0 2 0 0 1 0 0 0 1 0 0 2 
4 4 2 0 1 7 2 8 2 2 2 0 1 0 0 3 3 3 3 0 0 0 1 3 0 0 0 1 7 18 1 3 5 2 10 5 21 12 36 8 4 1 6 6 4 9 13 2 5 26 15 1 12 5 2 1 6 11 0 9 3 20 9 4 5 29 15 11 3 18 10 18 16 3 3 7 1 4 32 1 1 1 4 6 0 2 2 2 0 0 0 7 4 0 2 2 0 2 1 0 1 0 
3 4 7 0 5 1 1 7 10 7 0 2 2 0 0 3 5 1 2 0 0 0 0 1 1 0 0 0 8 33 7 7 22 12 5 7 28 8 39 16 7 4 6 14 14 16 5 4 1 30 9 7 15 14 3 2 6 12 0 14 8 16 9 17 5 35 17 11 11 22 21 27 20 11 6 4 2 2 35 3 10 4 4 3 1 3 0 11 1 0 0 10 2 3 1 1 0 0 0 0 0 3 
3 11 5 1 4 3 6 4 7 4 1 2 4 0 0 3 0 0 0 0 1 0 0 0 0 0 0 1 7 24 12 17 34 27 11 11 38 8 39 15 10 2 12 10 12 15 8 7 3 34 25 12 32 16 6 5 15 19 0 30 7 29 6 21 25 9 10 13 36 49 34 45 34 33 17 5 3 2 53 11 4 6 4 12 4 6 0 16 3 0 0 9 3 1 0 3 0 0 0 0 0 6 
2 0 0 0 1 0 1 0 0 4 0 1 4 1 0 0 0 0 0 0 0 0 0 1 0 0 0 0 0 3 4 12 9 6 2 2 10 2 11 4 2 1 1 1 2 3 1 0 1 19 6 3 8 4 1 0 2 4 0 6 10 3 3 4 18 18 5 6 5 13 10 29 16 7 2 0 0 5 11 1 0 1 1 4 0 3 3 5 0 0 0 0 0 0 0 0 0 0 0 0 0 0 
1 6 5 0 1 2 3 5 1 3 0 5 0 2 0 1 0 1 0 0 0 0 0 0 0 0 0 0 6 4 6 5 17 11 12 2 26 5 22 3 5 2 5 8 4 5 3 3 3 16 10 6 18 3 3 3 6 6 0 11 2 18 6 17 26 38 2 4 6 26 25 31 22 24 3 1 0 2 19 3 1 0 0 1 1 4 1 8 3 0 0 6 2 0 0 0 0 0 0 0 0 1 
2 2 0 0 1 1 1 1 2 1 0 2 0 0 3 3 0 0 0 0 0 0 0 0 0 0 0 0 0 4 3 2 4 6 4 2 9 2 6 2 2 1 0 2 6 1 0 0 1 5 1 3 3 2 2 0 1 1 0 3 0 1 4 4 14 34 13 10 3 5 11 19 8 13 0 1 0 5 12 0 0 0 0 0 3 1 0 2 0 0 0 0 0 0 0 0 0 0 0 0 0 0 
1 4 1 0 0 1 4 0 2 7 1 0 1 5 0 0 1 0 0 0 0 0 0 0 0 0 0 0 3 7 3 1 13 8 8 1 23 1 13 4 1 1 6 3 6 3 2 6 0 12 10 4 12 7 2 4 8 5 0 7 7 6 2 13 23 34 9 19 21 6 17 40 29 20 1 2 0 0 24 6 4 0 1 0 6 1 0 4 5 0 0 2 0 0 1 0 0 0 0 0 0 2 
1 4 3 1 1 2 3 4 3 2 0 2 2 4 1 0 0 0 1 0 0 0 0 0 0 0 0 0 1 4 4 2 20 6 15 5 46 23 39 9 5 0 6 5 3 10 5 5 2 26 6 7 10 2 1 1 4 10 0 7 6 4 5 13 26 71 13 17 9 21 2 41 14 21 5 0 2 2 20 2 1 1 0 9 0 4 1 13 0 0 0 2 1 1 1 0 0 0 0 0 0 6 
1 1 1 0 0 0 1 2 8 2 0 3 3 3 0 1 0 0 0 0 0 0 0 0 0 0 0 0 8 19 1 4 14 12 22 7 25 8 17 4 4 2 5 7 3 9 2 3 3 16 4 1 12 5 4 4 2 12 0 10 14 10 6 20 31 69 15 36 22 50 37 6 51 21 2 7 0 0 39 1 1 3 5 9 2 1 3 4 2 0 0 4 0 0 0 1 0 1 0 0 0 2 
2 2 1 1 0 3 4 2 2 3 0 1 1 2 1 2 0 1 0 0 0 0 0 0 0 0 0 0 2 5 3 8 14 9 18 9 28 5 22 11 5 0 4 11 6 7 4 3 5 18 18 8 32 6 5 6 6 8 0 11 7 5 4 12 31 42 12 23 7 35 11 41 9 19 4 6 1 4 36 6 3 2 3 3 2 2 0 11 2 0 0 4 1 0 0 2 1 0 2 0 0 4 
0 7 3 0 1 5 2 5 5 3 0 3 2 5 1 0 4 1 2 0 0 0 0 0 0 0 0 0 3 2 0 3 12 17 7 6 20 8 27 10 5 1 2 7 3 9 3 1 4 26 11 7 16 6 0 2 5 6 0 21 11 4 5 12 18 53 12 35 8 44 19 39 21 1 12 3 0 2 32 2 6 2 1 7 6 5 4 18 1 0 0 2 0 1 0 1 0 0 1 0 0 2 
2 3 2 0 2 0 7 2 1 4 1 2 4 10 6 6 5 8 2 0 0 0 0 3 3 0 0 4 3 2 1 6 15 9 2 1 2 1 6 6 4 1 7 12 9 22 10 5 5 46 3 2 9 5 5 1 6 20 0 8 4 2 0 5 3 8 6 2 0 3 0 5 1 4 1 7 2 12 219 26 10 7 11 62 14 19 4 73 14 0 0 19 2 4 9 5 2 11 5 0 2 41 
1 2 2 0 0 1 5 0 2 5 1 0 4 9 1 9 4 4 0 0 1 0 2 6 0 0 0 3 2 1 0 4 10 3 3 3 4 5 12 3 7 0 16 10 4 8 10 3 4 44 8 4 10 3 3 5 1 21 0 18 6 0 0 4 3 15 0 1 3 3 2 2 2 3 5 1 8 12 148 24 16 11 8 70 15 16 5 68 7 0 0 20 4 8 4 1 0 12 6 0 2 23 
0 0 0 0 0 0 3 1 1 1 0 2 1 1 0 0 2 0 1 0 0 1 0 0 0 0 0 2 2 1 1 3 0 1 2 0 1 1 2 0 2 0 0 5 1 0 3 0 1 5 0 0 2 0 0 0 1 6 0 0 0 1 0 4 4 1 1 1 0 0 2 0 2 0 4 2 0 8 73 14 10 7 2 28 5 5 0 5 2 0 0 2 2 1 6 0 0 5 2 0 0 3 
0 8 1 1 0 1 2 0 1 4 0 3 3 5 2 3 0 0 2 0 1 0 1 4 0 0 0 3 6 3 1 3 7 2 2 0 0 2 7 7 1 0 19 12 3 13 8 1 5 18 5 2 17 4 1 0 7 18 0 8 0 2 0 3 10 10 2 3 2 5 2 6 0 5 11 12 4 5 92 22 7 10 17 74 10 13 3 36 2 0 0 13 1 6 3 0 1 5 4 2 1 9 
13 11 5 4 3 10 6 15 14 8 5 10 10 43 24 35 19 13 9 4 3 4 1 16 9 2 0 12 18 33 7 22 57 9 20 7 22 8 42 16 7 5 28 35 10 30 26 9 19 87 83 66 140 66 46 26 67 71 0 47 18 21 3 24 23 44 8 22 7 18 23 24 29 23 118 82 28 56 23 77 49 31 41 178 39 67 26 105 28 0 0 59 8 15 19 14 3 14 19 3 3 54 
3 2 2 1 1 1 1 0 3 2 0 1 1 8 1 1 2 1 1 0 1 0 0 2 0 0 0 6 8 2 1 4 3 1 3 1 3 2 13 5 6 6 15 19 5 11 6 2 2 26 9 6 14 5 8 0 4 19 0 4 1 2 2 5 5 13 1 0 2 0 1 4 2 1 12 27 5 17 100 4 19 14 11 135 37 27 6 42 8 0 0 25 7 15 5 7 3 9 4 1 1 26 
0 6 0 0 0 1 0 0 1 2 1 0 1 1 0 1 6 1 0 0 0 0 0 4 1 0 0 1 3 6 1 2 7 0 2 0 0 0 5 7 5 1 18 19 12 15 16 1 4 45 12 4 8 8 0 4 1 8 0 4 2 4 4 6 9 14 5 1 0 3 0 5 1 2 18 10 9 9 94 13 8 8 8 59 29 43 9 45 9 0 0 31 2 12 5 9 1 6 6 0 1 14 
2 4 2 0 1 1 3 2 1 0 0 0 0 2 0 3 1 1 1 2 0 0 1 1 3 0 0 3 5 6 4 4 11 2 1 0 0 1 2 10 6 1 10 26 9 24 10 9 3 63 0 0 9 3 1 0 0 3 0 7 3 1 0 1 0 0 0 0 1 1 1 2 4 2 10 12 2 7 44 10 9 2 7 65 21 17 14 63 8 0 0 26 5 10 4 9 1 13 11 2 0 35 
0 0 0 0 0 0 2 0 0 1 0 0 4 0 0 1 0 1 0 0 0 0 0 3 1 0 0 2 2 1 0 0 7 1 1 1 2 1 8 5 3 0 18 19 6 17 15 5 5 40 5 5 8 3 1 3 4 10 0 2 1 4 0 1 2 0 2 2 1 1 1 4 2 2 15 8 4 13 72 11 5 4 5 113 51 25 12 41 5 0 0 31 7 6 1 4 2 13 6 5 1 23 
1 7 6 0 0 3 3 1 0 4 0 0 1 0 1 1 3 1 0 0 1 0 0 13 0 0 1 6 11 14 0 9 11 2 7 0 7 6 16 17 11 4 68 88 30 66 31 12 27 95 19 8 32 13 7 5 13 36 0 10 6 3 2 4 5 5 2 2 2 1 1 6 3 3 50 48 21 50 225 74 68 35 89 16 128 101 34 163 31 0 0 102 19 33 28 14 3 16 26 13 3 70 
2 2 0 0 0 4 1 0 1 0 0 0 0 0 0 2 0 0 1 0 1 1 0 1 0 0 1 1 2 6 1 3 4 1 0 0 2 0 7 13 10 0 24 40 22 41 9 9 4 37 7 3 8 3 0 7 2 8 0 6 1 2 0 2 2 2 0 2 0 2 1 1 3 3 7 14 3 19 46 34 31 12 5 161 4 46 19 54 17 0 0 49 14 20 11 8 4 15 10 2 1 36 
3 7 8 2 2 4 12 0 4 2 2 0 1 0 2 5 6 6 2 3 1 1 4 3 3 0 0 4 5 13 5 6 22 5 12 3 25 11 40 8 13 3 68 105 35 67 42 16 18 103 9 9 19 9 2 2 5 13 0 4 1 0 3 1 7 4 1 3 3 0 4 5 8 4 17 11 1 16 48 37 21 14 18 89 41 11 25 75 28 0 0 111 23 28 23 18 5 26 22 4 4 52 
1 3 2 0 0 2 2 1 3 0 1 1 2 4 0 1 3 5 3 0 0 3 0 5 2 0 0 6 9 3 2 5 19 3 3 3 25 13 32 9 13 5 47 74 11 45 12 9 1 50 10 6 11 4 3 1 2 6 0 6 6 3 1 2 2 3 1 4 0 3 2 2 1 0 6 8 3 8 21 14 13 7 13 54 16 29 4 32 14 0 0 66 21 19 20 14 1 18 11 2 0 50 
11 18 10 1 3 6 6 6 3 6 2 0 4 3 6 4 11 9 5 5 7 2 3 28 15 0 0 22 11 43 15 26 182 9 16 17 68 37 150 31 20 8 58 132 36 190 70 57 51 337 19 6 40 6 1 2 13 16 0 19 4 6 0 3 3 12 4 4 2 2 3 7 13 6 25 23 5 15 75 28 24 14 31 91 37 45 49 10 21 0 0 172 31 40 28 39 16 34 37 10 4 302 
1 6 3 2 0 2 1 1 2 2 2 1 2 0 0 1 6 9 5 1 2 1 1 9 0 0 0 5 0 15 4 11 35 3 15 8 43 29 33 20 22 2 66 95 14 58 22 9 14 71 5 1 15 4 0 3 4 4 0 2 4 4 1 1 2 5 0 4 0 0 4 2 2 2 15 6 0 5 21 11 14 11 7 39 11 53 19 26 5 0 0 80 18 14 13 18 1 17 13 3 3 59 
0 0 0 0 0 0 0 0 0 0 0 0 0 0 0 0 0 0 0 0 0 0 0 0 0 0 0 0 0 0 0 0 0 0 0 0 0 0 0 0 0 0 0 0 0 0 0 0 0 0 0 0 0 0 0 0 0 0 0 0 0 0 0 0 0 0 0 0 0 0 0 0 0 0 0 0 0 0 0 0 0 0 0 0 0 0 1 0 0 0 0 0 0 0 0 0 0 0 0 0 0 0 
0 0 0 0 0 0 0 0 0 0 0 0 0 0 0 0 0 0 0 0 0 0 0 0 0 0 0 0 0 0 0 0 0 0 0 0 0 0 0 0 0 0 0 0 0 0 0 0 0 0 1 0 0 0 0 0 0 0 0 0 0 0 0 0 0 0 0 0 0 0 0 0 0 0 0 0 0 0 0 0 0 0 0 0 0 0 0 0 0 0 0 0 0 0 0 0 0 0 0 0 0 0 
3 7 5 0 1 6 5 7 8 6 2 4 7 5 7 15 12 5 3 2 0 0 2 1 1 0 1 11 12 29 14 32 56 23 36 21 91 57 119 44 47 10 122 215 70 142 59 29 34 217 6 5 18 14 4 3 8 7 0 8 0 12 4 5 5 8 3 4 0 2 1 1 1 4 13 13 1 5 44 15 16 18 19 92 38 83 36 153 47 0 0 13 56 59 39 70 6 38 38 3 5 126 
0 2 3 0 0 0 0 1 4 5 1 0 1 1 1 2 4 0 1 0 0 0 0 0 0 0 0 0 2 10 2 8 15 6 15 2 22 5 19 8 7 1 37 41 20 34 18 1 4 39 4 1 6 3 0 0 2 2 0 0 0 0 1 1 1 3 1 0 1 0 0 0 0 0 4 0 0 0 16 5 7 8 10 27 12 24 16 26 6 0 0 65 1 12 6 7 2 0 8 1 2 34 
3 3 1 1 0 4 2 0 0 4 0 4 1 1 1 3 2 0 1 0 0 0 1 1 3 0 0 1 0 6 3 12 23 1 10 5 16 12 29 11 20 7 32 88 22 49 21 5 10 79 1 3 4 2 1 0 2 4 0 1 3 2 1 0 0 1 3 0 0 1 0 1 1 0 11 4 0 7 20 4 12 7 6 23 11 40 18 57 13 0 0 73 17 12 6 7 2 8 11 2 0 65 
0 1 0 0 0 1 0 1 1 0 0 1 2 1 0 2 1 0 0 0 1 0 0 1 0 0 0 1 6 4 1 3 17 4 7 3 15 6 21 7 8 7 33 35 14 31 12 7 11 53 3 3 5 3 0 0 4 8 0 2 0 0 1 2 0 2 0 0 0 0 1 0 0 0 9 3 1 2 16 5 8 9 4 22 6 22 21 42 19 0 0 57 7 11 10 3 4 5 11 1 2 58 
0 2 1 0 0 0 1 2 1 2 0 0 3 3 0 0 0 0 0 0 0 0 0 0 0 0 0 1 1 7 1 8 16 4 9 4 30 12 36 8 12 4 55 80 35 56 24 14 7 78 5 4 5 0 1 0 1 6 0 1 1 2 0 1 0 2 0 0 0 0 1 0 3 0 4 2 1 3 9 5 5 9 3 26 5 32 15 78 11 0 0 137 23 13 14 6 2 14 1 1 6 64 
0 0 0 0 0 0 1 0 0 1 0 0 0 0 0 0 0 1 0 0 0 0 0 1 0 0 0 0 0 3 0 3 7 0 1 0 4 0 3 2 1 0 8 9 1 13 4 0 0 1 0 2 0 1 0 0 1 1 0 3 1 1 0 0 0 0 0 0 0 0 0 0 0 1 1 2 1 0 1 2 2 1 2 5 2 10 0 8 0 0 0 9 1 3 1 2 0 1 1 0 0 10 
0 1 2 0 0 0 0 0 1 2 0 3 2 1 0 0 1 1 0 0 0 0 0 0 0 0 0 2 0 8 0 5 5 1 5 1 18 4 22 3 13 0 31 77 24 48 19 9 6 55 1 2 5 2 0 2 3 2 0 3 0 1 0 0 0 1 0 0 0 1 1 0 1 2 7 4 0 2 14 10 14 5 5 17 11 32 15 51 8 0 0 95 12 11 11 26 1 3 3 1 3 51 
0 0 1 0 0 1 0 0 1 1 2 0 0 3 0 2 0 0 0 0 1 0 0 1 1 0 0 1 0 7 1 2 5 3 2 3 27 8 18 5 5 0 33 53 33 45 27 9 7 84 1 4 7 1 0 0 7 4 0 1 0 1 0 1 0 0 0 0 0 0 1 0 1 1 5 4 0 6 17 4 5 10 3 17 8 23 6 53 16 0 0 86 12 10 5 7 0 5 4 2 0 12 
1 0 1 0 0 4 1 0 0 0 0 0 0 0 0 0 0 0 0 0 0 0 0 0 0 0 0 0 0 1 0 0 1 0 2 0 7 2 6 2 1 0 2 13 7 11 4 2 1 5 2 2 2 0 0 0 0 2 0 0 0 0 0 0 0 0 0 0 0 0 0 0 1 0 0 2 0 0 2 0 0 0 3 3 3 3 2 10 3 0 0 17 3 1 0 1 2 5 0 1 0 3 
0 0 0 0 1 1 3 1 0 0 0 1 0 0 0 0 0 0 0 0 0 0 0 0 0 0 0 1 0 1 0 1 1 3 0 0 2 2 5 1 5 0 10 16 8 5 9 6 4 13 1 0 0 0 0 0 1 0 0 2 0 0 0 0 1 0 0 0 0 0 0 1 0 0 1 5 0 1 2 1 1 1 0 10 1 13 3 12 4 0 0 10 1 1 2 3 1 1 1 1 1 0 
11 8 6 6 0 2 10 5 6 5 3 4 8 8 1 4 12 7 2 0 5 1 1 7 1 0 1 10 8 42 8 18 76 8 29 17 74 46 84 37 30 4 101 96 71 105 78 56 50 268 24 15 24 5 3 4 5 11 0 3 3 1 0 4 1 6 0 2 0 1 1 3 0 1 28 14 4 8 51 18 22 27 27 59 26 50 36 363 55 0 0 135 25 55 56 37 3 34 33 4 3 19 
