11 9 17 11 13 34 43 38 29 24 14 18 41 43 42 70 21 28 18 10 13 16 8 34 15 2 0 21 83 1 1 7 10 4 4 2 5 14 24 16 24 2 2 16 6 12 4 3 3 53 6 3 6 5 2 2 1 5 0 1 2 2 3 5 6 7 2 3 0 2 1 1 6 2 0 3 1 3 19 2 3 1 2 8 1 4 0 24 2 0 0 8 1 0 0 2 0 1 2 0 0 10 
10 5 14 14 13 33 18 28 48 25 14 30 57 63 40 61 29 15 28 12 22 10 7 23 14 0 0 18 115 5 1 6 11 5 3 3 1 7 21 12 13 1 7 15 10 16 9 6 0 77 6 1 6 4 1 0 3 7 0 1 0 1 4 8 4 3 3 8 0 9 2 2 3 5 1 3 1 1 16 1 4 2 2 7 3 0 3 21 4 0 0 5 1 2 1 1 0 1 1 0 1 7 
14 17 12 4 22 25 26 26 36 20 10 26 38 81 30 47 22 19 23 8 11 11 7 19 10 2 0 19 151 3 3 4 9 1 6 3 3 3 11 13 10 1 7 9 9 5 4 3 3 36 2 1 8 5 2 3 3 11 0 3 1 2 0 1 3 3 4 1 1 1 3 5 1 1 2 1 0 0 11 1 1 3 3 7 3 2 1 11 0 0 0 4 0 1 1 0 1 0 3 1 0 5 
7 6 11 4 2 9 9 2 13 6 2 7 4 9 4 7 9 7 1 1 2 3 3 6 2 0 0 5 53 2 0 1 2 0 1 0 0 0 9 1 2 0 1 0 1 1 3 1 1 7 0 1 1 1 0 0 0 1 0 1 0 0 0 1 0 0 0 0 0 0 2 0 0 1 0 1 0 0 0 0 0 0 0 0 0 0 0 2 0 0 0 0 0 0 0 0 0 0 0 0 0 1 
3 10 3 2 2 11 7 8 6 6 8 11 20 18 13 17 12 4 4 4 5 1 3 10 6 0 1 15 38 0 0 2 1 1 2 0 2 4 7 7 1 0 1 2 3 3 1 4 3 22 4 0 3 1 2 1 1 0 0 2 1 1 0 0 0 3 1 0 0 0 3 1 2 1 1 2 0 0 4 0 1 0 0 0 0 3 0 8 0 0 0 0 0 0 0 1 0 1 0 0 0 1 
13 35 20 4 4 7 19 19 17 26 5 37 58 149 29 63 33 20 17 6 8 9 6 33 10 0 0 22 113 2 4 0 5 2 3 0 2 7 52 16 14 2 6 6 3 12 5 3 2 33 5 3 8 6 2 0 2 8 0 1 0 2 3 3 3 9 0 8 0 3 0 2 1 3 2 0 0 1 20 2 1 0 0 5 2 5 3 12 3 0 0 4 0 0 0 0 0 2 0 0 0 5 
19 22 18 10 7 12 7 18 30 18 15 15 85 84 24 41 32 22 16 7 11 7 1 4 4 0 0 15 64 1 4 6 14 2 3 0 2 3 22 5 9 0 8 4 1 7 3 4 5 29 2 3 8 4 3 0 3 5 0 1 0 1 0 3 2 8 3 3 3 3 1 2 1 4 1 0 2 0 8 0 1 0 0 3 5 3 0 6 2 0 0 3 2 0 1 2 0 1 2 0 0 5 
23 22 27 1 6 14 25 13 14 22 13 19 84 103 39 71 33 16 15 8 5 28 4 17 8 0 1 14 47 3 5 1 7 5 0 2 5 5 34 18 16 0 15 3 14 10 8 6 4 22 2 0 8 0 1 2 9 3 0 1 1 2 1 4 0 11 7 1 3 0 1 3 1 0 2 3 1 1 12 2 1 3 3 5 3 3 2 4 0 0 0 5 2 0 0 1 0 3 1 1 0 3 
15 40 32 7 5 21 46 14 5 12 15 27 72 101 29 76 28 21 15 9 16 9 2 20 5 4 0 14 49 6 1 2 6 0 2 2 2 3 34 18 12 0 3 8 6 13 10 6 9 30 3 2 1 0 1 1 2 7 0 0 3 1 0 2 1 5 3 4 0 2 3 2 3 2 2 0 0 2 12 0 0 0 0 1 0 1 3 9 0 0 0 9 1 1 4 1 0 0 0 1 0 3 
13 13 11 1 7 9 10 4 17 6 4 11 41 74 21 41 20 11 8 4 9 7 3 27 12 1 2 12 24 3 0 5 6 2 1 0 2 3 26 5 3 0 5 3 6 5 5 0 0 11 13 8 12 6 0 1 2 4 0 5 1 2 1 0 9 8 3 0 0 3 4 3 3 4 6 1 4 0 15 2 2 2 2 2 0 1 2 6 1 0 0 0 1 0 2 3 0 0 2 0 0 1 
7 8 7 4 6 7 11 15 8 6 0 15 24 69 11 45 12 8 7 10 8 8 3 17 4 0 3 17 14 8 0 1 3 1 0 1 1 6 15 7 4 1 1 1 5 5 5 2 2 24 0 0 5 1 2 0 0 3 0 1 0 0 1 3 0 6 0 0 0 0 0 1 0 4 0 1 0 1 4 0 0 0 1 1 0 1 2 5 2 0 0 3 3 1 0 3 0 0 0 1 0 2 
22 36 27 6 5 16 18 27 19 16 12 4 25 94 24 49 32 26 23 8 16 13 6 39 10 2 3 26 41 6 2 3 13 2 3 3 2 9 50 24 4 1 8 7 5 4 6 2 3 24 9 2 9 0 2 2 6 12 0 1 0 0 2 3 6 6 0 0 1 0 3 3 0 0 1 1 0 1 15 0 0 0 0 0 0 3 0 5 3 0 0 4 1 2 0 1 0 2 2 0 1 5 
25 34 17 4 8 28 38 32 65 37 26 15 3 103 34 52 37 34 29 10 14 13 10 43 29 3 3 41 48 10 5 7 11 0 3 3 4 7 39 21 15 2 4 9 14 9 9 3 10 40 0 3 4 2 1 0 2 12 0 4 2 3 1 0 2 3 1 1 0 3 1 1 2 0 3 0 0 1 12 0 0 1 0 0 0 1 0 1 0 0 0 6 1 0 0 0 1 2 0 0 0 4 
65 103 88 7 16 59 49 53 64 68 43 55 58 7 11 47 100 44 73 44 68 52 28 68 44 4 7 113 77 6 3 5 14 4 2 1 3 3 17 20 12 1 11 11 5 23 5 1 6 50 26 8 18 10 1 4 4 12 0 7 0 2 3 1 1 0 0 0 1 0 0 0 2 2 8 1 1 4 23 0 0 0 0 0 0 1 1 9 0 0 0 0 1 3 0 2 0 0 1 0 0 3 
39 46 60 5 14 25 41 37 52 32 18 30 53 17 8 21 44 29 38 23 21 33 12 55 26 3 9 88 28 2 1 8 11 1 3 3 1 2 9 14 12 0 1 10 5 4 4 9 2 19 7 4 7 7 3 1 2 8 0 6 1 0 0 1 0 0 0 0 0 0 0 0 1 1 1 2 0 1 22 1 1 1 0 0 0 1 1 7 1 0 0 3 3 2 1 1 0 0 0 0 0 5 
52 71 35 11 17 44 42 56 59 52 21 36 57 68 19 19 82 78 63 30 81 54 32 145 54 10 9 117 32 23 2 18 49 12 16 11 53 2 24 33 23 1 17 19 20 16 11 2 4 62 10 0 19 6 5 3 9 9 0 3 4 2 2 9 1 4 0 1 0 4 4 0 7 2 6 10 1 1 41 1 1 0 0 1 1 3 0 17 4 0 0 15 1 4 3 3 0 1 2 0 0 7 
19 50 30 4 8 40 40 28 35 26 13 41 57 172 41 78 16 28 69 25 57 32 33 84 26 2 4 59 25 35 23 20 38 10 26 13 38 20 74 42 21 1 9 29 27 31 25 4 16 68 10 6 7 6 5 2 7 8 0 5 0 6 0 2 4 2 1 0 0 0 2 2 2 0 8 1 2 6 20 1 2 0 0 0 1 6 4 18 5 0 0 11 0 2 2 2 1 0 0 0 0 6 
13 24 9 2 2 25 27 17 12 16 10 34 43 118 51 101 42 6 29 25 38 23 22 63 10 5 4 50 20 20 7 19 29 10 30 17 31 11 68 32 21 2 19 14 7 16 16 12 14 49 6 1 10 1 0 0 8 3 0 1 3 2 0 1 1 0 0 0 0 0 0 0 2 1 2 0 0 2 10 0 1 0 2 2 1 1 0 10 4 0 0 16 2 2 0 0 0 0 1 0 0 4 
1 12 15 5 1 14 16 14 22 11 4 26 27 75 29 97 38 22 10 11 21 10 12 40 27 10 3 45 23 4 8 10 32 3 13 7 26 5 43 7 11 3 8 13 12 12 7 9 4 39 1 0 3 5 1 1 2 4 0 4 2 1 0 1 1 0 1 0 0 1 0 0 0 0 1 1 0 0 12 0 1 0 0 0 0 1 2 6 3 0 0 1 1 0 0 0 1 0 0 0 0 1 
5 14 15 1 1 15 15 6 8 6 7 6 16 57 14 50 26 20 13 0 7 2 8 23 17 5 5 68 15 3 5 5 4 2 3 4 5 6 40 8 8 1 2 7 4 13 4 3 4 20 1 1 4 2 0 0 1 1 0 0 0 0 0 0 1 0 0 0 0 0 0 0 0 0 2 1 0 1 11 1 0 1 0 0 0 1 0 2 0 0 0 5 0 0 0 0 0 0 0 0 0 0 
7 13 6 5 1 7 9 8 10 12 5 14 20 108 33 102 38 28 47 0 4 5 18 41 18 5 6 49 11 3 1 1 14 1 5 2 19 0 51 10 8 0 5 5 7 15 3 2 2 25 2 1 2 1 0 0 1 1 0 1 0 0 0 0 1 0 0 0 0 0 0 0 0 0 0 2 0 2 6 1 0 0 0 0 1 0 0 9 0 0 0 4 1 0 0 0 0 0 0 0 0 0 
8 13 13 2 1 4 12 12 24 15 4 17 24 126 22 79 40 20 28 4 5 6 11 20 12 11 6 51 21 3 2 3 8 3 3 7 15 4 40 7 5 2 3 0 2 2 3 1 3 16 0 1 3 0 2 0 0 2 0 2 0 1 0 0 0 0 0 0 0 0 0 0 0 0 1 3 0 0 5 0 1 1 1 0 0 1 0 4 2 0 0 6 0 0 0 0 0 2 0 0 0 0 
2 5 3 1 3 4 2 3 6 8 4 12 14 54 19 80 25 30 20 2 41 9 4 16 12 14 9 51 4 6 0 1 8 0 3 4 13 6 40 4 4 0 4 2 5 4 6 2 1 11 1 1 3 0 0 0 2 1 0 0 0 0 2 1 0 0 0 0 0 0 0 0 0 0 0 0 0 0 2 0 0 0 1 0 0 1 1 5 1 0 0 0 0 0 0 0 0 0 0 0 0 1 
17 10 8 4 5 14 11 11 16 27 11 21 28 103 34 125 72 42 51 24 42 12 9 11 6 29 16 71 5 2 2 6 30 4 10 2 25 9 57 17 18 3 1 7 17 11 18 6 3 94 5 3 6 5 0 1 1 3 0 1 1 0 0 0 1 0 0 0 0 0 0 0 0 1 4 5 1 4 21 1 0 1 1 0 1 3 0 16 2 0 0 3 0 1 1 0 0 0 0 0 0 5 
23 33 9 5 12 28 16 18 19 44 8 39 46 62 39 120 47 37 45 20 23 19 14 18 9 6 12 82 7 27 11 3 99 5 9 7 19 15 47 27 42 5 9 22 30 25 30 29 22 191 36 8 43 15 4 13 3 7 0 3 1 0 0 4 2 2 0 0 0 0 0 0 0 1 2 8 0 9 28 1 1 2 1 3 0 8 1 48 6 0 0 8 0 1 0 8 1 0 1 0 0 7 
0 2 0 0 0 2 0 0 0 2 0 2 1 1 3 8 16 4 11 6 13 27 5 20 1 2 1 6 0 1 0 1 1 0 1 0 8 0 4 4 1 0 1 1 1 0 0 0 0 2 0 0 0 0 0 0 1 0 0 0 0 0 0 0 0 1 0 0 0 0 0 0 0 0 0 0 0 0 0 0 0 0 0 0 0 0 0 1 0 0 0 1 0 0 0 0 0 1 0 0 0 0 
2 0 0 0 0 3 1 0 1 0 0 6 2 6 4 18 8 3 8 3 17 13 6 26 10 1 2 25 1 0 0 0 0 0 0 0 1 0 9 1 0 0 0 0 2 0 1 2 0 2 0 0 0 0 0 0 0 0 0 0 0 1 0 0 0 0 0 0 0 0 0 0 0 0 0 0 0 0 1 0 0 0 0 0 0 0 0 1 0 0 0 2 0 0 0 0 0 0 2 0 0 0 
17 29 20 4 11 14 20 12 25 42 13 32 48 90 68 141 58 46 57 42 73 78 66 91 40 15 35 15 6 7 7 9 28 7 7 10 16 25 54 30 42 5 12 28 31 23 21 13 9 163 14 6 29 1 1 3 5 6 0 0 1 0 0 1 1 0 0 0 0 0 1 0 0 0 10 2 0 3 19 6 2 0 6 4 3 4 8 53 11 0 0 4 0 0 1 4 0 1 0 0 0 10 
45 71 79 13 37 57 66 39 46 31 21 42 31 36 23 39 20 12 30 17 12 18 7 10 12 0 0 14 2 11 6 10 5 3 1 2 1 9 21 21 7 0 11 5 14 13 7 5 2 26 1 1 5 6 1 3 8 6 0 1 0 2 3 1 7 3 6 3 1 1 10 1 0 2 1 1 0 3 19 5 0 0 0 5 2 3 1 2 3 0 0 8 1 2 0 1 0 0 0 0 0 4 
5 5 2 1 0 3 12 6 5 3 2 2 5 9 5 15 40 26 14 3 4 0 5 19 5 0 1 2 9 24 93 108 278 56 112 124 479 138 245 124 77 9 48 60 57 73 38 15 20 212 10 3 15 11 3 4 4 4 0 13 5 6 1 9 11 34 10 9 5 5 3 16 9 0 2 4 0 6 22 0 1 0 1 9 2 12 3 64 17 0 0 24 10 4 3 3 2 5 15 0 0 18 
2 0 0 0 0 2 1 0 1 1 2 1 6 0 5 4 13 6 6 1 1 1 0 6 3 0 0 4 0 76 6 56 113 20 43 46 130 50 65 21 21 3 10 10 12 18 10 4 4 50 4 0 3 1 0 0 1 2 0 3 3 1 1 7 10 19 5 1 4 0 2 2 0 0 5 0 0 2 17 3 0 1 0 1 1 6 0 14 3 0 0 7 1 0 2 2 0 0 0 0 1 6 
2 3 3 0 1 0 1 0 4 4 0 1 4 3 5 16 25 13 7 2 2 0 1 9 8 1 1 1 4 118 78 11 110 28 79 62 355 106 228 76 59 5 37 31 23 36 36 11 11 146 0 8 6 7 5 2 2 2 0 3 1 3 0 4 6 23 4 3 4 3 2 0 9 4 2 1 1 0 13 7 4 1 1 3 4 10 5 40 9 0 0 35 1 4 4 6 1 1 6 1 0 9 
15 12 8 2 1 3 12 9 3 3 5 3 10 10 6 23 35 27 13 5 6 9 8 51 13 1 1 21 4 185 90 59 20 27 55 57 219 80 231 131 145 14 93 62 80 118 104 47 69 491 32 7 58 18 5 1 8 17 0 14 5 6 4 15 11 26 5 7 5 9 11 20 8 2 12 6 0 7 49 9 1 6 5 10 5 13 9 118 24 0 0 38 3 10 11 17 1 6 5 0 3 43 
0 2 2 1 0 1 0 2 3 3 1 0 0 2 2 8 15 4 10 1 3 1 1 4 2 0 1 5 5 61 24 23 41 5 37 13 138 49 120 55 33 6 31 37 28 26 23 15 9 59 13 3 13 8 1 2 1 7 0 6 4 11 2 5 13 23 6 14 8 6 12 10 7 6 4 2 1 1 23 1 4 0 0 0 4 8 3 19 7 0 0 24 4 6 4 3 1 0 0 0 0 6 
5 9 3 1 1 7 3 3 1 3 3 4 3 1 7 17 23 22 14 6 4 0 1 7 7 1 0 15 7 126 47 76 116 22 15 22 196 92 183 99 54 15 57 56 41 65 26 16 29 107 4 6 14 12 3 2 5 11 0 2 3 13 7 4 4 10 7 4 2 7 8 8 10 5 0 3 0 3 17 2 1 0 1 6 3 6 1 31 12 0 0 41 9 5 8 14 1 2 4 2 3 24 
4 1 0 0 0 3 4 0 3 0 0 2 1 1 2 3 15 22 12 4 10 3 2 11 6 0 0 5 7 128 43 43 100 20 29 9 265 52 136 65 35 3 24 34 48 58 30 16 16 113 13 3 4 1 0 1 4 7 0 0 1 6 3 6 8 18 6 9 4 1 7 9 3 6 2 1 0 1 5 0 0 0 1 1 1 3 1 28 5 0 0 24 4 1 5 2 0 0 3 5 0 23 
3 11 4 4 3 5 3 8 1 7 2 0 1 3 1 24 23 18 19 7 20 10 11 24 12 1 3 28 8 331 142 216 283 67 128 142 36 143 416 306 132 26 137 164 129 146 92 44 64 355 14 5 18 23 6 1 6 10 0 7 0 15 6 10 20 22 16 17 8 14 21 19 15 4 7 10 1 4 26 7 2 0 1 8 6 25 26 59 18 0 0 96 26 16 12 23 3 24 12 7 4 50 
11 11 7 4 2 6 8 6 9 14 6 2 9 8 1 1 29 14 10 10 9 9 5 25 12 2 0 26 15 100 45 79 111 36 59 55 216 16 184 161 76 16 79 92 81 89 65 35 29 198 7 1 16 4 3 1 1 3 0 0 3 7 2 2 11 7 3 0 4 2 8 7 7 3 2 0 0 3 12 1 0 1 2 1 1 13 7 32 13 0 0 51 9 11 2 6 0 5 5 0 3 31 
14 28 18 6 2 15 27 19 20 31 9 22 43 19 18 9 50 48 36 24 29 32 24 59 36 5 6 59 17 209 96 185 315 76 94 98 567 124 29 346 195 31 156 191 119 168 107 54 53 446 13 14 27 18 7 2 10 18 0 4 0 14 10 13 24 32 14 8 15 7 16 28 24 7 19 2 0 4 38 7 2 4 2 12 6 19 25 157 19 0 0 128 16 24 3 18 9 15 20 6 4 74 
6 11 10 0 5 10 16 11 25 10 4 14 21 17 11 16 37 25 17 8 13 6 1 26 12 0 3 18 19 70 38 74 140 59 66 49 439 138 473 13 66 17 80 150 71 130 61 39 44 275 9 2 14 15 4 1 3 10 0 0 2 8 4 8 12 12 4 2 0 0 2 4 4 2 2 5 0 1 20 8 2 2 2 13 8 11 6 23 17 0 0 40 10 12 3 12 0 1 4 3 0 45 
8 18 19 1 4 7 15 12 16 16 4 8 9 15 2 18 26 20 12 8 15 8 8 28 16 0 3 22 13 64 24 68 119 35 56 42 203 103 241 66 14 14 68 108 60 110 61 22 35 250 5 1 9 2 3 0 5 3 0 1 1 5 3 8 11 7 2 1 1 4 6 4 5 5 15 5 0 5 7 3 4 5 6 10 6 23 8 22 9 0 0 51 13 11 6 11 3 9 2 1 0 38 
1 1 3 0 0 1 1 1 2 2 1 1 1 1 0 1 3 1 3 0 1 0 0 3 0 0 0 2 2 9 2 8 16 5 8 3 69 15 25 19 12 0 25 33 19 31 13 7 9 22 0 0 1 1 0 0 0 0 0 0 0 0 0 2 2 0 0 0 1 1 3 0 2 0 1 1 0 1 6 0 0 1 1 4 2 2 1 8 4 0 0 8 6 2 5 6 0 1 0 0 0 4 
3 14 9 1 1 8 8 6 4 12 2 8 10 12 5 10 17 15 5 6 9 9 2 6 8 2 0 4 4 41 17 34 90 29 40 27 124 86 139 66 51 17 18 83 42 90 76 36 29 163 10 3 11 8 3 1 1 4 0 2 4 8 1 2 9 8 5 4 2 3 3 4 9 3 7 7 1 9 26 16 15 14 12 41 29 73 28 96 49 0 0 88 18 34 33 33 6 24 26 7 5 80 
7 22 8 2 2 6 8 12 11 8 2 13 12 9 4 13 15 32 15 4 16 3 13 22 14 0 1 11 8 42 15 46 102 42 48 30 185 91 194 126 97 20 96 25 186 282 144 71 67 354 4 6 17 4 2 2 7 6 0 5 1 8 1 7 12 15 5 1 3 3 3 5 8 4 15 10 6 12 60 27 25 14 13 99 43 109 38 191 65 0 0 233 49 45 40 48 21 41 31 16 11 119 
6 6 8 2 1 5 7 6 9 6 3 2 10 3 0 10 17 19 8 5 8 7 1 28 5 0 2 18 7 53 19 27 81 25 30 26 94 75 143 65 56 10 87 150 12 150 82 55 52 286 4 4 23 2 1 1 1 5 0 2 2 5 5 4 7 12 1 4 0 3 5 6 4 2 9 6 0 10 27 4 6 3 5 25 8 22 15 68 12 0 0 59 15 24 19 13 2 6 13 4 3 51 
13 19 10 1 1 17 13 4 9 13 4 12 14 10 7 15 29 19 18 4 10 7 9 35 8 0 1 19 14 60 22 35 154 26 50 61 193 104 245 124 98 29 106 301 230 24 198 174 154 683 11 7 20 9 7 3 2 8 0 1 1 4 1 13 18 16 5 14 1 6 4 17 11 5 17 9 2 8 18 13 16 10 15 46 15 64 39 176 36 0 0 167 26 35 30 22 6 31 26 3 7 133 
4 7 6 0 4 10 6 8 10 4 7 7 12 4 4 12 22 24 11 4 3 8 3 31 13 1 1 19 8 26 14 30 131 18 26 31 132 74 169 104 74 17 64 110 105 236 15 109 70 346 4 8 14 10 2 2 5 7 0 0 2 4 0 8 5 18 4 6 2 2 4 7 6 1 11 9 1 7 23 8 5 6 6 21 16 18 19 123 21 0 0 77 18 13 17 12 2 17 21 6 1 91 
5 7 6 1 2 3 3 1 3 1 2 3 6 1 2 3 16 8 7 1 5 1 1 11 6 0 0 12 0 32 7 12 54 9 14 8 53 29 67 38 30 13 38 121 73 219 105 10 53 371 3 1 2 2 2 0 1 1 0 1 3 2 0 4 3 4 0 4 1 0 1 1 2 3 8 1 0 3 8 0 8 8 3 14 8 20 11 93 17 0 0 44 11 8 7 8 1 7 6 6 4 40 
5 2 2 0 2 1 6 5 5 6 1 4 3 3 7 3 9 9 6 0 4 5 0 12 4 0 0 12 9 15 8 21 102 8 21 18 49 21 67 50 53 5 44 117 59 175 112 106 9 408 12 4 6 3 1 2 3 0 0 3 1 0 0 3 3 4 1 2 0 0 3 1 2 1 4 0 0 1 14 2 3 6 3 9 7 24 10 108 10 0 0 61 6 10 12 10 1 9 12 0 1 50 
39 59 31 5 15 26 22 23 37 51 11 30 36 29 15 26 50 42 30 17 40 13 18 162 49 2 4 124 25 149 48 132 747 56 92 108 361 229 432 279 234 32 179 386 259 595 352 354 271 45 51 15 61 20 11 5 11 19 0 8 6 15 4 23 21 42 8 17 5 6 19 17 13 5 39 20 4 13 89 34 30 35 29 95 37 77 60 594 60 0 0 277 29 50 51 53 7 51 65 15 2 245 
8 7 7 1 0 8 5 7 3 6 2 3 5 17 16 18 16 5 0 1 1 2 3 16 7 0 0 15 2 11 2 12 60 2 14 4 11 6 14 11 3 0 10 11 6 10 15 6 4 75 7 10 62 11 8 4 14 23 0 28 13 0 1 12 14 35 4 9 4 16 4 10 13 6 4 8 1 5 99 7 6 8 5 27 6 11 4 43 8 0 0 12 3 5 6 5 0 5 3 1 0 28 
5 3 1 0 1 2 2 4 3 5 0 4 4 7 7 4 5 5 2 2 0 1 3 6 0 0 0 2 6 3 4 2 27 4 4 5 5 0 8 6 3 0 6 11 3 4 8 5 1 16 6 8 35 21 11 6 1 15 0 21 3 0 1 10 7 9 7 9 2 4 2 1 2 4 3 1 0 5 74 6 4 3 3 13 8 4 2 19 2 0 0 10 1 3 3 1 0 3 5 0 0 10 
5 7 8 1 0 8 11 4 6 13 0 7 10 13 9 18 10 4 2 3 0 2 2 17 11 0 0 12 12 12 7 14 71 13 6 6 13 1 24 13 7 1 12 21 9 21 14 6 4 68 43 31 6 28 8 9 25 28 0 36 6 0 5 20 20 35 10 15 5 16 7 11 10 10 3 3 1 9 123 7 10 5 11 22 6 12 5 61 9 0 0 22 0 5 6 0 1 5 3 0 1 26 
1 6 2 0 0 0 3 4 8 8 3 2 2 10 5 7 9 5 9 1 0 1 1 5 1 0 0 3 2 7 6 6 33 6 11 3 19 2 12 5 7 0 5 10 5 11 6 3 0 14 14 15 45 0 6 4 9 29 0 16 11 5 5 7 6 11 8 6 1 6 7 5 2 5 3 4 1 3 51 6 2 1 2 18 9 9 5 10 1 0 0 5 0 4 0 2 0 4 3 0 0 3 
2 3 2 0 0 2 2 2 1 0 0 0 5 4 0 2 1 3 1 0 0 0 1 3 0 0 0 1 1 3 0 3 15 3 2 0 2 1 6 2 1 1 4 1 2 1 2 0 1 4 9 9 9 12 3 3 5 15 0 15 3 3 0 1 5 2 3 3 1 5 2 0 1 4 2 1 1 2 50 2 2 0 2 3 3 2 0 7 1 0 0 1 2 0 2 1 2 1 1 0 0 3 
0 1 1 1 0 0 1 1 3 0 1 2 2 2 2 6 2 0 0 1 0 0 1 3 1 0 0 1 3 2 1 3 10 4 1 2 5 1 4 1 1 0 0 2 0 1 1 1 0 4 3 1 10 6 0 0 12 8 0 9 1 3 0 1 2 5 1 0 0 6 4 1 0 4 1 1 0 3 41 2 3 1 5 2 5 1 1 7 3 0 0 2 0 2 3 0 0 1 1 0 0 2 
0 3 2 0 1 1 1 5 2 1 4 3 3 5 3 4 8 5 3 1 0 1 0 6 1 0 0 5 3 4 6 8 14 6 5 5 7 4 6 3 4 0 4 9 2 9 6 3 3 18 20 10 36 16 12 9 0 17 0 12 8 1 3 10 16 14 3 7 1 9 3 7 5 3 7 6 1 1 62 10 8 3 3 21 9 6 0 24 1 0 0 9 0 3 3 4 2 3 4 2 1 4 
3 6 5 0 3 3 1 7 3 8 2 5 10 22 7 11 11 10 11 5 2 1 0 5 1 0 0 2 6 4 5 7 31 9 15 4 11 1 23 4 3 2 4 8 6 6 4 3 4 22 27 8 33 17 14 10 14 4 0 26 3 7 4 11 5 14 8 11 1 13 13 6 8 4 13 13 0 14 167 15 10 5 8 32 6 7 7 23 6 0 0 10 2 1 2 1 0 7 6 0 0 10 
0 0 0 0 0 0 0 0 0 0 0 0 0 0 0 0 0 0 0 0 0 0 0 0 0 0 0 0 0 0 0 0 0 0 0 0 0 0 0 0 0 0 0 0 0 0 0 0 0 0 0 0 0 0 0 0 0 0 0 0 0 0 0 0 0 0 0 0 0 0 0 0 0 0 0 0 0 0 0 0 0 0 0 0 0 0 0 0 0 0 0 0 0 0 0 0 0 0 0 0 0 0 
6 12 9 4 4 3 5 8 5 2 1 19 22 31 12 23 11 6 7 3 6 11 2 20 5 5 2 20 15 4 7 12 14 11 6 3 2 2 18 11 7 0 4 8 5 2 6 5 5 23 17 7 35 13 7 5 8 16 0 4 2 6 6 12 16 25 13 7 5 13 8 26 4 12 10 5 1 4 56 4 4 1 0 16 6 8 2 21 1 0 0 7 9 1 1 2 0 2 2 0 0 7 
1 2 0 2 2 1 1 0 1 0 1 1 2 3 2 6 1 0 0 0 0 0 1 0 4 0 0 0 0 7 1 2 5 0 1 0 4 2 5 3 1 1 4 4 3 0 1 0 0 7 5 3 4 10 4 5 1 6 0 9 4 3 2 3 12 15 5 9 3 7 5 11 7 9 3 1 0 2 24 0 2 2 1 7 1 1 2 10 1 0 0 3 3 0 1 2 1 0 0 0 1 3 
1 3 1 0 1 1 4 1 0 2 5 7 0 0 2 1 4 1 2 0 0 2 0 1 1 0 0 0 3 10 8 10 13 7 16 4 14 7 16 17 2 0 8 8 8 3 5 1 1 12 0 4 2 1 2 1 0 7 0 9 4 1 1 8 19 39 11 17 7 14 3 7 9 5 1 0 0 3 12 6 5 0 2 2 6 2 1 13 2 0 0 8 3 0 3 0 1 1 1 0 0 2 
0 1 1 0 0 0 0 1 0 0 0 0 4 2 0 1 1 0 2 0 1 0 0 0 1 0 0 1 2 1 0 3 1 1 6 4 5 6 3 5 2 0 3 0 1 0 1 0 1 0 2 1 5 0 0 0 1 4 0 3 0 2 3 2 10 20 1 1 0 1 6 3 9 3 2 2 0 0 9 0 1 0 0 1 0 1 0 3 2 0 0 2 0 1 0 0 0 0 0 0 0 0 
1 5 3 0 0 2 3 2 4 4 0 0 1 0 0 1 2 0 0 1 1 0 0 2 0 0 0 0 3 8 7 9 8 1 18 5 24 11 24 20 10 2 12 3 7 14 4 2 4 32 24 6 28 14 4 2 8 15 0 10 5 22 2 2 9 39 16 12 4 3 14 24 17 13 12 7 0 1 33 6 1 5 0 2 0 5 4 7 5 0 0 5 0 0 3 2 1 0 0 0 0 1 
1 5 1 1 1 1 5 1 3 2 0 1 1 1 0 0 4 2 0 0 0 0 0 2 3 0 0 0 8 13 12 9 17 8 6 8 37 7 29 15 5 4 5 6 8 10 8 1 0 32 9 5 13 10 2 2 8 6 0 18 2 13 4 11 4 23 33 10 11 32 23 48 24 17 3 1 1 2 33 7 9 4 4 3 1 2 2 12 5 0 0 10 2 1 0 2 0 1 2 0 0 3 
6 5 6 1 3 10 9 17 10 3 3 3 0 1 0 0 0 0 0 1 1 0 0 2 2 0 0 0 10 28 10 16 40 10 13 12 41 7 35 15 12 3 11 12 7 12 14 5 7 47 20 18 22 19 7 5 12 11 0 30 16 17 8 12 22 22 17 17 20 46 44 58 53 38 12 10 1 9 51 9 9 4 10 5 7 9 1 14 5 0 0 4 1 2 0 1 1 0 1 0 0 3 
3 6 2 0 1 1 1 0 3 2 1 1 0 0 2 0 1 0 0 0 0 0 0 0 0 0 0 0 5 3 7 5 7 4 4 3 8 0 5 8 0 0 3 6 1 3 4 1 1 8 3 3 9 7 2 4 7 4 0 10 2 5 3 8 22 11 0 2 13 18 5 19 17 9 0 1 3 0 19 4 4 0 0 2 1 4 0 3 0 0 0 1 0 0 0 0 0 0 0 0 0 1 
5 3 1 0 1 0 6 4 2 1 2 1 0 0 0 1 0 0 0 0 0 0 1 0 0 0 0 1 3 13 7 3 16 8 4 7 15 7 15 9 4 1 5 5 8 3 5 1 4 18 7 5 15 2 4 3 7 12 0 10 6 7 2 8 29 24 5 1 20 11 14 27 18 9 1 3 0 1 24 3 2 5 3 1 0 3 1 6 0 0 0 7 0 0 0 0 0 0 0 0 0 1 
1 3 2 0 0 1 1 1 0 0 0 0 0 0 0 2 1 0 0 0 2 0 0 0 0 0 0 2 0 9 3 4 13 3 1 2 7 3 9 3 2 0 0 3 3 8 5 1 1 2 2 0 2 4 0 0 1 1 0 6 1 1 2 12 9 16 10 6 4 3 12 20 6 5 0 1 0 1 12 1 0 0 1 3 0 1 0 5 1 0 0 2 0 0 0 0 0 1 0 0 0 0 
2 3 6 0 3 1 2 1 2 1 0 2 1 0 0 0 3 1 1 0 0 0 0 0 0 0 0 0 2 5 3 2 14 6 18 3 15 5 17 4 4 0 4 4 1 6 2 0 4 12 3 3 22 5 0 0 6 3 0 9 8 5 2 8 19 62 23 19 12 2 21 53 34 42 3 5 2 5 17 3 3 0 3 5 2 4 1 2 1 0 0 0 0 0 0 0 0 0 0 0 0 0 
0 2 1 0 2 1 1 2 1 1 1 3 4 1 2 0 0 0 0 0 0 0 0 0 0 0 0 0 2 5 1 6 19 6 8 5 28 17 25 4 5 0 6 4 2 0 3 3 3 21 9 2 6 4 0 1 6 4 0 6 6 6 2 18 14 52 20 18 18 30 4 62 16 15 2 1 1 0 18 4 1 4 3 2 3 6 2 4 1 0 0 1 0 0 1 0 0 1 0 0 0 1 
1 1 3 0 0 7 4 1 0 2 0 2 0 0 0 1 4 0 0 0 0 0 0 0 0 0 0 0 7 7 2 5 15 6 3 2 19 4 14 4 2 0 3 6 2 7 5 2 3 16 9 2 7 4 3 4 3 4 0 8 6 8 1 13 34 52 26 23 24 35 40 4 32 26 2 0 0 0 21 7 2 2 1 5 3 3 0 8 0 0 0 5 0 1 0 0 0 1 0 0 0 1 
1 9 3 0 1 2 2 5 4 5 0 2 8 2 2 0 2 1 1 0 0 1 3 0 0 0 0 0 3 4 4 1 17 12 12 11 25 8 22 9 7 1 5 11 13 13 12 3 8 36 26 9 39 6 6 4 1 11 0 15 8 5 8 15 28 40 28 30 15 22 14 41 6 14 10 8 0 3 36 4 6 2 6 11 6 4 4 23 1 0 0 9 0 1 2 5 0 1 0 0 0 4 
2 3 4 0 1 4 1 1 4 6 0 3 2 2 0 2 3 1 0 1 0 0 1 0 0 0 0 0 4 0 1 2 19 16 4 7 7 9 16 9 9 0 3 5 4 8 6 1 3 27 30 5 19 5 7 0 6 5 0 20 11 3 6 7 15 40 11 35 12 43 23 34 20 1 8 9 5 7 34 3 5 5 6 5 1 5 2 9 1 0 0 5 0 0 0 1 1 0 0 0 0 3 
0 1 7 1 1 1 1 1 2 5 1 6 7 10 3 5 2 5 1 0 0 0 2 3 0 0 0 8 4 5 3 2 16 1 3 1 2 5 13 3 4 0 6 18 9 3 8 2 5 43 4 1 12 3 0 1 5 10 0 16 0 0 1 8 8 2 2 0 0 1 5 4 6 6 7 5 4 18 169 14 17 3 8 34 12 20 8 57 5 0 0 11 3 4 8 2 0 10 5 1 3 16 
1 5 1 0 0 1 0 0 1 0 1 2 1 3 3 9 3 1 1 1 0 0 1 9 2 0 0 6 0 6 0 4 11 2 1 0 1 2 4 1 4 0 8 18 3 5 9 4 3 42 4 3 5 1 7 2 10 14 0 7 3 1 1 4 2 2 4 3 0 6 4 1 3 7 8 3 7 9 166 21 8 1 8 48 18 20 2 37 12 0 0 5 2 4 3 1 1 2 2 0 2 11 
0 2 0 0 0 0 1 0 0 0 0 2 3 1 1 4 0 0 1 0 0 1 0 2 0 2 0 0 0 0 2 1 3 0 0 0 0 0 1 0 1 0 2 1 0 0 0 1 1 3 0 0 1 4 0 0 1 0 0 2 0 1 0 0 0 0 1 0 0 1 0 0 0 1 1 2 2 6 84 7 4 1 5 12 7 7 0 8 0 0 0 1 2 2 7 1 0 1 2 0 0 2 
2 1 2 0 0 0 2 2 1 1 0 0 0 9 1 7 1 3 1 0 1 0 0 3 0 0 0 0 4 2 2 3 7 3 2 1 2 0 1 2 6 1 8 5 4 13 6 2 0 28 3 5 8 6 3 4 3 17 0 2 2 3 1 1 2 6 4 3 1 1 1 2 3 4 14 12 6 1 131 22 7 4 7 66 8 8 3 41 2 0 0 4 1 1 2 5 0 4 1 0 0 14 
14 19 10 1 3 15 8 8 6 29 7 5 15 39 17 38 22 11 5 4 1 1 4 16 7 4 1 21 14 21 8 20 51 21 9 15 24 9 39 7 16 1 27 46 15 33 16 9 6 96 99 58 169 40 57 28 60 114 0 36 21 13 8 29 29 36 8 22 18 12 18 33 28 24 139 95 42 52 14 68 71 32 47 206 34 27 29 129 18 0 0 44 10 25 15 16 2 16 13 0 0 46 
2 0 0 0 0 3 0 2 3 1 0 1 2 7 1 2 3 3 0 1 1 0 0 5 1 0 0 1 2 1 2 1 11 2 0 2 1 2 7 3 5 0 12 16 8 10 9 5 7 38 4 4 9 7 2 2 5 19 0 3 0 1 0 6 3 6 4 3 3 2 0 3 6 1 21 15 10 25 80 10 18 12 19 107 33 18 5 43 6 0 0 15 3 7 6 12 0 3 13 1 1 13 
0 2 0 1 0 2 0 1 0 3 0 0 0 0 0 2 3 0 1 0 1 0 0 3 1 0 0 2 4 5 0 2 2 2 0 0 6 1 4 3 4 1 16 32 5 10 11 2 3 30 9 3 5 2 1 0 5 9 0 0 0 1 0 2 2 6 2 2 4 2 2 4 4 0 12 13 4 13 193 24 4 6 20 108 31 23 9 57 12 0 0 14 5 7 6 4 1 1 7 2 1 20 
1 5 3 1 0 0 2 0 1 2 0 0 0 0 1 1 1 0 1 0 0 0 0 3 2 0 1 1 1 4 1 4 18 1 1 0 4 4 9 11 2 0 13 36 4 11 13 9 10 48 2 1 3 4 3 0 1 1 0 1 2 0 0 2 0 4 2 1 0 1 2 8 3 2 12 7 2 7 38 11 8 2 9 54 10 20 6 72 16 0 0 18 2 13 8 4 1 5 8 1 1 32 
4 7 0 1 0 2 1 0 1 1 0 0 0 2 0 0 1 0 0 1 0 0 0 2 1 0 0 0 1 1 0 5 12 1 0 1 1 1 7 6 5 0 19 41 9 11 5 1 2 24 9 2 10 2 0 1 6 8 0 2 3 1 1 1 0 5 2 3 0 0 1 5 3 3 16 8 1 9 128 13 11 6 4 117 50 19 8 51 12 0 0 28 4 8 12 4 8 17 6 0 1 18 
2 8 3 1 1 6 5 3 4 4 1 0 0 0 0 2 2 0 0 0 3 0 0 4 1 0 0 5 10 8 3 4 15 3 1 1 4 3 24 16 18 3 33 92 22 38 25 15 14 134 23 10 33 17 6 6 14 29 0 10 1 3 2 9 7 5 2 6 1 3 8 4 8 2 53 52 9 51 306 99 85 38 81 12 115 75 31 164 31 0 0 74 13 35 31 18 5 15 21 5 3 56 
3 1 1 1 1 0 1 0 2 0 0 1 0 1 0 1 1 0 0 0 1 0 0 0 0 0 0 1 1 3 1 0 2 3 3 0 1 0 6 13 4 2 11 77 4 22 10 7 4 18 8 7 6 1 2 1 7 12 0 5 2 1 0 2 1 3 0 1 0 2 0 1 5 3 15 11 1 17 67 38 29 10 21 119 1 59 15 71 12 0 0 40 11 9 11 6 7 6 6 2 0 28 
2 2 2 0 1 5 2 3 1 8 0 0 3 1 0 1 6 3 6 0 0 2 0 6 1 0 0 2 5 14 6 15 30 2 13 4 30 16 33 10 12 4 41 132 21 38 29 21 14 94 17 13 13 10 1 0 5 6 0 4 1 2 2 1 8 4 0 4 3 4 4 1 1 2 13 10 6 6 34 26 22 12 24 60 48 15 27 99 30 0 0 91 21 29 20 18 4 27 9 6 2 55 
1 5 2 3 0 1 1 3 1 1 1 0 0 1 1 0 3 1 0 1 3 2 0 4 5 0 0 3 3 7 4 9 22 1 4 5 22 4 46 8 13 6 34 94 15 27 17 10 11 61 16 6 4 5 2 2 1 5 0 3 4 2 1 1 3 6 1 3 1 2 0 0 4 3 11 4 0 5 26 16 12 9 10 72 36 39 6 53 28 0 0 62 13 19 17 17 4 13 17 2 2 52 
21 13 10 1 5 1 6 8 9 9 1 6 4 3 0 10 19 1 5 2 4 2 2 32 8 0 0 26 9 51 16 32 124 11 17 12 41 46 117 20 13 12 71 157 37 94 64 58 61 405 23 5 62 9 2 5 11 9 0 7 2 8 3 4 7 9 3 2 1 4 6 0 4 5 28 25 5 22 86 31 35 32 29 116 44 53 32 20 34 0 0 161 25 55 47 59 7 43 30 14 4 250 
0 3 2 0 1 0 3 0 1 2 0 1 1 0 1 2 6 3 4 0 3 1 0 8 1 0 0 3 2 15 1 8 29 3 6 7 29 26 36 25 21 4 73 70 21 30 19 5 10 62 4 7 6 2 1 3 3 7 0 9 0 0 0 0 0 5 0 0 1 2 0 1 4 1 14 8 1 10 21 5 10 8 9 28 16 64 27 41 9 0 0 69 17 17 22 15 3 10 11 2 1 55 
0 0 0 0 0 0 0 0 0 0 0 0 0 0 0 0 0 0 0 0 0 0 0 0 0 0 0 0 0 0 0 0 0 0 1 0 0 0 0 0 0 0 0 0 0 0 0 0 0 1 0 0 0 0 0 0 0 0 0 0 0 0 0 0 0 0 0 0 0 0 0 0 0 0 0 0 0 0 0 0 0 0 0 0 0 0 0 0 0 0 0 0 0 0 0 0 0 0 0 0 0 0 
0 0 0 0 0 0 0 0 0 0 0 0 0 0 0 0 0 0 0 0 0 0 0 0 0 0 0 0 0 0 0 0 0 0 0 0 0 0 0 0 0 0 0 0 0 0 0 0 0 0 0 0 0 0 0 0 0 0 0 0 0 0 0 0 0 0 0 0 0 0 0 0 0 0 0 0 0 0 0 0 0 0 0 0 0 0 0 0 0 0 0 0 0 0 0 0 0 0 0 0 0 2 
3 18 8 2 2 4 10 4 4 5 3 7 10 11 5 10 11 12 3 2 3 0 2 5 6 0 0 18 1 26 11 21 43 30 31 19 104 55 151 52 61 9 79 206 60 144 75 47 47 270 14 9 24 7 1 2 5 9 0 9 5 13 2 3 10 8 1 2 0 4 3 9 4 2 11 5 0 12 46 17 24 17 20 71 43 76 53 170 76 0 0 20 56 50 38 67 14 46 34 8 9 141 
1 2 0 0 1 1 3 0 1 1 0 2 3 3 3 1 3 2 0 0 0 1 1 1 0 0 0 0 1 8 3 4 12 3 8 2 21 15 18 6 16 4 31 91 8 27 11 6 9 36 0 3 4 2 0 0 1 6 0 2 2 1 0 0 2 1 1 0 0 0 0 0 0 1 3 10 0 4 7 5 9 9 5 18 7 35 17 32 13 0 0 58 4 9 9 11 0 8 7 3 1 19 
1 1 0 0 1 3 1 2 1 2 1 2 1 2 1 1 2 2 0 0 0 0 0 0 2 0 0 5 2 4 4 7 15 7 3 8 23 10 27 11 10 2 41 78 24 37 21 10 15 70 3 6 2 3 0 0 4 10 0 4 2 1 1 0 4 1 0 0 0 0 1 1 1 1 9 5 1 1 25 9 17 9 11 33 15 37 24 55 21 0 0 109 14 4 2 17 8 11 7 5 6 49 
1 1 0 0 0 0 2 0 1 4 0 1 0 1 0 1 2 0 0 0 0 0 0 0 0 0 0 0 4 3 3 1 14 3 1 2 22 5 20 8 10 2 19 54 27 34 15 9 16 50 2 3 4 0 0 1 4 4 0 1 1 2 0 0 0 0 0 0 0 0 0 0 1 0 3 2 0 5 14 6 6 4 2 27 10 21 11 38 14 0 0 41 4 12 4 12 1 10 4 3 3 68 
0 1 1 1 0 1 0 3 1 2 1 1 2 5 0 3 0 0 0 0 0 0 0 2 0 0 0 1 3 11 4 6 21 4 4 10 23 11 31 6 18 1 41 80 18 40 19 16 17 64 12 1 2 1 0 0 0 1 0 2 1 1 1 1 2 0 1 0 0 1 0 1 0 0 4 4 1 1 11 3 4 4 7 11 12 19 14 64 27 0 0 104 19 22 16 14 0 12 5 2 3 94 
0 0 0 0 0 0 0 0 0 1 0 0 0 0 0 0 1 0 1 0 0 0 0 1 0 0 0 0 0 1 0 0 5 3 0 0 6 2 8 1 2 0 2 22 3 11 3 0 1 13 0 0 0 3 0 0 0 1 0 0 0 0 0 0 0 0 0 0 0 2 0 0 0 0 0 0 0 1 2 3 1 0 3 2 0 6 6 8 1 0 0 16 3 3 3 3 0 4 0 0 0 6 
1 0 0 0 0 0 1 0 2 4 1 1 1 0 1 2 3 0 0 1 0 0 1 0 0 0 0 2 0 0 0 1 12 3 3 1 8 9 17 2 11 0 16 60 13 33 16 6 12 55 4 4 2 5 0 0 0 0 0 1 0 0 0 0 0 1 0 0 0 0 0 0 0 1 8 6 0 10 20 3 5 9 11 31 5 11 10 48 13 0 0 58 11 15 11 25 2 9 6 4 0 31 
0 3 1 0 0 1 1 0 0 0 0 1 2 1 0 1 2 1 0 0 0 0 0 0 0 0 0 1 0 9 4 5 5 1 2 0 12 5 13 5 4 3 20 67 11 27 15 9 12 64 2 3 5 2 2 1 3 3 0 0 1 0 0 0 0 1 0 0 0 0 0 0 0 2 5 4 2 4 10 4 4 7 9 24 8 18 8 48 10 0 0 59 7 8 2 9 1 0 7 3 0 20 
0 0 0 0 0 0 0 0 0 0 0 0 0 0 0 0 1 0 0 0 0 0 1 0 0 0 0 0 0 0 0 0 3 0 2 0 5 1 4 2 0 0 7 17 4 8 5 1 1 5 1 0 2 1 0 1 0 0 0 1 0 0 0 1 0 0 0 0 0 0 0 0 0 0 1 0 0 0 0 0 3 1 2 7 1 2 0 13 1 0 0 22 1 1 2 2 1 0 2 1 0 3 
0 0 0 0 0 0 2 0 0 0 0 1 1 0 0 0 0 0 0 0 0 0 0 0 0 0 0 0 0 3 0 0 1 0 1 1 5 2 10 3 0 0 6 6 5 4 4 1 2 7 2 0 1 0 0 0 0 0 0 0 0 0 0 0 0 0 0 0 0 0 0 0 0 0 1 0 0 3 3 2 0 5 0 6 1 3 0 8 6 0 0 10 1 5 1 3 0 0 0 1 2 2 
20 25 16 3 1 9 15 12 9 8 10 14 11 15 7 5 16 9 7 5 1 3 9 7 3 1 0 26 6 70 27 34 128 20 22 27 93 66 127 66 81 17 179 179 87 168 149 73 100 486 36 26 64 11 13 2 18 17 0 14 6 3 0 12 9 6 1 5 4 1 5 7 4 4 38 27 3 18 80 27 37 46 46 122 29 98 56 584 94 0 0 205 41 104 113 94 18 81 42 8 0 23 
