11 14 38 16 29 77 61 36 66 73 68 111 145 291 164 103 56 104 53 25 8 7 13 56 20 3 0 34 27 2 5 3 28 29 18 5 11 5 39 54 22 7 21 34 29 30 24 4 6 34 16 4 13 19 7 1 4 8 0 6 4 37 7 5 7 35 14 19 1 7 4 3 5 9 2 2 0 1 19 0 1 5 1 4 1 15 3 31 10 0 0 21 8 0 8 5 0 0 3 0 0 11 
16 20 41 3 20 91 71 38 85 39 51 161 131 223 166 112 124 79 105 24 25 9 15 42 14 1 0 37 35 7 0 1 19 8 23 9 4 8 33 34 46 5 56 54 35 24 17 14 3 68 16 20 12 4 12 19 19 16 0 13 14 41 5 22 25 34 8 9 3 1 3 5 5 9 7 3 2 1 23 0 9 3 1 15 10 6 5 29 7 0 0 52 2 3 5 1 0 3 8 0 0 17 
91 39 16 14 26 61 70 30 170 99 60 115 86 282 207 81 81 82 99 29 23 16 8 34 7 2 1 28 77 2 1 8 19 19 24 16 5 7 41 42 24 1 50 35 28 19 17 12 4 37 14 4 10 6 7 1 5 29 0 0 6 32 1 10 24 51 12 14 5 3 4 1 7 19 3 1 0 2 31 0 24 2 0 7 0 5 3 21 6 0 0 31 15 2 10 1 0 0 2 1 0 7 
32 23 41 1 0 81 18 25 36 19 10 21 23 40 36 29 27 7 8 6 2 2 4 9 2 3 0 14 6 1 0 3 5 1 3 0 1 0 27 4 3 0 2 9 3 9 1 3 0 5 3 0 1 0 1 11 1 5 0 0 0 1 1 8 2 4 1 0 0 1 0 1 1 6 2 1 1 1 0 1 0 2 0 0 0 1 0 3 2 0 0 1 0 3 0 0 0 0 2 0 0 1 
50 38 19 6 5 5 5 16 34 31 11 16 32 90 32 51 12 11 20 4 1 0 5 9 5 1 0 38 7 3 1 0 5 7 4 2 0 0 20 12 3 0 9 9 7 14 1 4 0 13 3 4 8 0 2 0 9 4 0 0 0 8 1 1 14 18 9 8 1 1 4 2 2 1 1 7 0 0 3 0 0 2 0 12 0 3 1 5 2 0 0 15 0 2 3 0 0 0 1 0 0 3 
171 205 149 45 13 79 42 30 129 147 101 117 227 411 214 193 131 137 96 58 32 20 37 70 39 12 0 49 47 10 7 28 28 10 29 1 0 10 58 37 22 3 85 31 49 39 25 10 2 56 38 9 35 6 6 6 1 12 0 9 10 27 3 36 17 88 13 17 3 5 9 3 28 17 8 3 1 1 19 2 1 5 2 18 8 8 4 13 11 0 0 48 16 5 4 1 0 0 2 0 0 8 
85 102 45 14 10 36 39 16 143 200 48 97 218 227 140 125 70 80 86 38 23 24 13 41 5 0 0 17 35 2 9 14 19 26 24 0 2 5 27 60 27 3 50 24 13 32 18 14 0 68 30 4 18 4 4 1 2 6 0 2 8 9 9 17 36 45 24 28 3 9 7 2 5 12 2 10 2 3 7 0 0 3 3 3 1 6 3 13 7 0 0 32 7 1 0 2 0 0 1 0 0 10 
47 144 62 14 48 51 41 35 59 116 90 100 222 231 225 149 79 108 62 43 26 17 14 42 17 0 0 41 25 7 6 28 29 12 7 4 0 7 33 56 21 0 68 24 26 30 33 7 4 48 17 24 9 17 7 12 10 23 0 3 0 16 10 30 66 31 10 34 5 6 10 1 5 10 1 9 0 0 21 1 3 2 1 14 2 1 5 9 0 0 0 40 15 1 4 0 0 3 0 1 1 9 
78 146 108 9 42 85 123 21 65 48 50 101 242 236 194 112 99 80 48 58 25 6 40 22 5 3 9 40 27 3 0 13 22 14 4 0 1 4 57 69 25 4 71 43 20 35 37 6 6 68 15 2 41 1 3 4 3 16 0 4 1 12 1 13 45 47 10 20 7 3 4 1 13 12 3 0 1 1 5 4 0 3 1 14 0 6 1 5 0 0 0 37 3 4 4 0 0 0 2 0 0 6 
61 62 57 10 24 37 31 4 77 32 11 70 105 141 52 107 54 97 51 41 31 26 13 69 19 4 0 33 5 3 2 3 4 4 4 2 3 6 25 25 21 2 7 6 21 26 11 4 1 39 29 4 14 9 5 1 15 23 0 2 2 1 4 9 6 23 2 4 1 5 1 4 5 1 2 6 0 1 14 2 4 0 0 3 0 1 6 4 6 0 0 26 4 2 1 1 0 0 0 0 0 3 
16 67 41 7 33 65 44 7 69 23 5 10 100 75 66 25 47 85 46 36 5 20 34 41 5 1 0 39 14 16 10 8 5 1 0 0 0 1 5 29 21 4 31 13 23 27 9 10 16 37 1 5 9 0 8 0 7 5 0 0 0 3 1 0 11 15 1 4 7 4 1 2 6 6 2 8 0 1 18 0 0 0 2 1 0 0 0 1 10 0 0 20 3 4 1 2 0 0 0 0 0 6 
75 158 69 16 31 121 64 76 126 26 96 23 150 106 45 59 75 130 109 56 29 34 62 84 56 1 2 91 15 27 4 2 11 6 4 1 1 10 18 49 16 9 46 24 37 20 25 33 6 56 28 6 20 1 4 3 16 8 0 0 3 35 3 1 20 30 5 2 5 3 4 1 6 19 2 11 0 0 6 3 2 0 0 0 0 0 0 3 5 0 0 39 2 2 3 3 1 0 2 0 0 6 
75 137 141 57 31 200 175 136 196 97 50 39 65 81 81 108 77 132 87 81 60 29 59 66 34 2 2 97 23 16 5 21 35 8 10 5 5 21 15 35 12 3 51 25 21 17 15 9 7 78 37 18 38 3 11 0 17 20 0 8 4 28 7 19 9 24 3 8 2 1 0 1 12 6 2 3 0 1 8 5 1 0 0 1 0 1 0 1 0 0 0 60 6 20 0 1 1 0 0 0 0 14 
48 50 57 2 16 121 42 48 118 32 40 24 49 49 16 37 42 100 66 117 77 17 75 98 21 9 8 201 16 3 3 1 5 0 0 2 6 3 7 10 3 5 7 1 6 10 7 1 2 26 41 12 13 1 0 0 5 5 0 0 2 3 0 0 0 0 0 0 0 0 0 0 2 2 7 2 0 1 16 0 3 0 0 0 0 0 0 0 0 0 0 14 0 1 1 1 2 0 1 0 0 2 
73 118 102 16 42 175 78 66 62 72 39 54 88 31 24 13 34 57 91 83 60 34 72 71 32 9 5 147 27 7 9 10 5 3 4 6 10 10 7 18 11 1 22 12 18 9 8 1 0 48 26 7 35 5 14 1 13 20 0 3 4 8 0 0 0 1 0 1 2 3 0 2 2 0 7 3 0 1 36 1 2 0 0 0 0 0 0 12 1 0 0 21 2 0 0 0 0 1 0 0 0 6 
50 92 59 9 31 110 48 95 71 59 79 46 52 75 35 37 40 70 122 63 77 51 58 132 51 14 2 129 15 40 11 32 68 18 32 28 65 19 11 18 5 6 41 33 16 28 12 4 25 63 30 3 27 2 11 3 24 12 0 1 4 19 0 1 0 1 0 0 2 0 2 1 4 3 3 9 6 4 19 2 0 3 0 0 0 13 10 12 11 0 0 17 12 1 1 6 0 0 2 1 1 9 
50 122 56 4 38 111 49 42 81 66 91 76 156 146 100 65 42 114 137 92 110 35 54 113 29 4 2 109 14 53 18 126 139 26 114 20 47 16 22 40 33 4 101 43 55 65 44 18 7 117 24 10 14 12 0 7 17 37 0 2 14 29 0 7 1 3 0 0 0 0 0 2 1 14 4 11 2 10 41 5 1 0 0 0 0 8 5 15 15 0 0 53 5 9 1 1 0 0 2 0 0 14 
48 55 62 4 25 112 28 27 36 37 80 68 78 177 96 71 24 9 46 45 33 21 43 112 30 15 4 121 13 31 11 87 107 32 86 18 38 13 26 73 52 3 44 69 70 65 37 2 12 102 22 1 10 2 2 3 10 18 0 1 2 21 1 1 0 0 0 0 0 0 0 0 0 0 3 8 0 0 12 9 2 0 1 0 0 3 3 10 10 0 0 27 3 0 1 1 0 0 2 0 0 4 
30 93 35 4 31 131 12 29 29 38 73 49 100 99 100 80 41 46 12 11 35 16 32 54 27 12 2 92 13 13 5 26 34 20 71 3 23 2 10 7 14 1 25 15 30 36 29 9 2 48 9 0 13 3 2 1 0 20 0 2 0 27 1 2 0 0 0 0 0 0 0 0 0 0 4 3 0 3 15 3 0 0 0 0 0 2 2 8 7 0 0 8 0 0 0 0 0 0 0 0 0 5 
23 52 28 2 5 22 25 31 48 31 122 84 88 196 113 135 103 107 100 9 10 29 41 77 44 25 3 140 13 17 5 19 26 30 57 25 31 6 38 26 28 4 22 24 21 19 20 5 3 35 3 3 0 2 9 2 2 1 0 0 7 4 0 6 0 0 0 0 0 0 0 0 0 1 2 2 0 0 7 0 3 0 0 1 1 0 0 5 10 0 0 1 0 1 0 0 0 0 0 0 0 0 
26 33 31 1 16 27 10 30 29 23 43 104 91 280 161 276 165 213 379 9 13 23 14 36 31 10 15 102 7 5 6 4 17 4 43 17 30 8 53 17 29 4 53 21 35 41 16 12 18 40 1 0 2 1 0 3 3 5 0 3 0 0 0 0 0 0 0 0 0 0 0 0 0 0 0 1 0 0 2 0 0 0 0 2 0 2 7 15 2 0 0 12 1 0 3 0 0 0 1 0 0 1 
53 69 61 4 28 112 32 33 71 58 224 151 121 366 241 247 204 184 266 53 12 15 36 64 16 28 16 161 13 14 15 16 34 32 77 24 45 13 74 15 13 2 29 65 31 48 22 2 7 51 9 0 4 4 1 6 4 3 0 8 0 3 0 1 0 0 0 0 0 0 0 0 0 1 0 5 0 0 16 5 9 2 0 0 0 3 0 10 4 0 0 6 0 0 0 0 0 0 0 0 0 1 
6 9 25 1 8 51 19 13 23 43 50 101 72 176 141 240 217 230 269 117 88 33 8 28 58 17 10 191 11 10 10 14 63 69 201 19 11 9 95 32 26 2 85 27 23 32 28 4 2 44 9 3 4 4 3 0 8 10 0 3 6 7 0 5 0 1 0 0 0 0 0 0 0 0 1 2 1 6 21 9 2 3 2 0 0 2 13 14 4 0 0 15 0 7 2 0 0 0 0 0 0 2 
22 35 52 6 8 58 26 35 44 66 97 182 154 463 343 393 340 379 444 253 246 105 29 54 9 24 20 185 6 15 3 15 91 43 188 38 60 27 144 65 35 2 53 78 83 42 45 17 11 137 7 8 13 6 5 7 13 23 0 2 32 13 0 2 1 0 0 0 0 0 0 0 0 1 8 9 2 7 19 2 1 4 0 2 0 9 1 19 18 0 0 27 2 0 0 0 0 1 2 0 0 1 
22 27 21 3 9 50 15 16 32 54 47 80 126 176 170 143 160 131 149 127 80 29 20 6 9 4 10 104 6 13 5 16 116 16 78 34 37 15 67 22 29 8 23 62 58 61 32 11 14 114 20 5 14 13 5 1 6 7 0 5 2 15 3 10 1 0 2 2 0 1 1 0 0 5 6 11 4 4 34 2 1 2 0 5 2 7 2 49 10 0 0 15 3 0 0 1 0 0 1 0 0 2 
0 0 2 0 0 0 0 6 4 0 5 18 0 22 25 24 9 20 28 21 45 49 14 72 28 2 2 38 0 0 0 4 7 2 9 1 4 6 11 2 3 0 1 0 2 3 0 0 1 2 0 0 0 0 0 0 1 0 0 0 0 0 0 0 0 0 0 0 0 0 0 0 0 0 0 0 0 0 1 1 0 0 0 0 0 0 0 1 1 0 0 2 0 0 0 0 0 0 0 0 0 0 
3 2 1 1 8 1 2 2 5 5 6 11 7 50 64 48 15 30 21 46 73 129 80 114 68 7 5 167 1 5 0 5 4 4 39 20 7 3 29 5 8 0 13 3 6 10 1 3 1 1 1 0 1 1 0 2 0 0 0 11 0 4 2 0 1 0 0 0 0 0 0 0 0 0 1 0 0 0 6 2 0 0 0 0 0 1 0 2 0 0 0 5 1 0 0 0 0 1 0 0 0 1 
30 26 64 7 28 44 16 25 39 69 58 121 166 420 256 281 244 225 166 309 152 161 145 181 100 30 12 22 16 5 7 15 51 10 119 15 81 36 105 56 53 5 37 76 36 77 59 11 13 141 5 2 23 4 1 3 3 8 0 12 3 15 1 7 0 3 0 1 0 1 0 0 0 0 4 3 0 0 9 2 6 1 1 5 1 16 8 40 11 0 0 53 3 1 8 6 0 2 3 0 0 11 
5 5 0 1 0 2 4 0 2 6 4 5 9 19 7 10 3 2 3 1 1 1 2 1 1 0 0 3 0 1 0 0 4 0 1 0 1 0 1 3 1 0 2 1 2 2 2 0 0 7 1 0 0 0 0 0 0 1 0 0 1 0 0 2 0 0 0 0 0 0 0 0 0 1 0 1 0 0 1 0 0 0 1 0 2 0 0 0 1 0 0 1 0 0 0 0 0 0 1 0 0 0 
1 4 12 0 4 4 5 13 13 12 16 42 26 13 13 47 121 201 102 48 11 2 10 28 10 1 0 2 4 33 74 383 825 294 1131 691 1312 422 715 365 240 14 344 305 224 234 162 35 51 433 47 19 37 10 6 21 26 39 0 43 31 152 4 29 173 300 54 52 50 22 5 6 11 3 11 6 3 6 64 6 20 3 3 11 0 24 19 115 48 0 0 298 42 32 52 14 0 7 8 1 0 58 
1 6 2 1 0 3 1 8 5 7 6 7 28 1 6 15 50 78 57 35 10 4 5 8 3 1 0 4 1 66 70 187 266 50 483 257 402 123 158 100 73 14 110 126 47 68 54 9 10 97 11 4 12 9 2 2 6 11 0 15 9 55 1 14 172 227 30 19 27 17 17 1 14 1 0 2 0 4 21 9 1 6 4 4 3 3 10 33 19 0 0 90 26 18 15 7 0 2 4 0 1 18 
4 6 6 0 1 4 1 18 15 5 5 12 14 10 16 50 92 111 88 44 2 0 1 9 9 2 0 14 0 199 118 32 241 93 577 337 883 401 536 211 219 29 264 223 193 175 125 45 40 293 33 20 28 13 9 7 30 29 0 34 15 33 2 2 70 198 77 12 28 9 7 0 9 5 4 14 2 16 75 6 10 9 2 6 3 31 10 76 46 0 0 209 15 36 24 15 7 4 5 0 0 32 
4 0 6 0 0 2 7 1 6 2 2 2 5 2 0 8 11 23 4 17 9 1 4 18 9 2 1 4 0 212 54 69 15 17 110 67 186 79 142 80 72 20 129 106 81 67 77 31 42 257 21 12 10 8 5 6 2 13 0 5 2 6 0 0 18 25 15 5 3 4 8 6 10 16 5 2 0 1 20 4 2 5 1 0 2 13 7 41 11 0 0 72 12 15 5 5 2 2 5 0 0 37 
2 12 6 1 1 10 0 1 2 2 1 1 5 0 0 18 28 49 27 20 5 0 6 12 7 0 2 4 0 82 28 105 59 13 46 52 259 52 115 81 52 8 180 92 71 58 58 24 32 176 22 7 18 12 5 7 5 14 0 3 4 9 3 7 31 48 22 26 10 19 6 10 34 17 4 3 3 1 32 5 2 1 1 1 0 8 4 22 9 0 0 135 10 24 8 7 1 0 5 1 0 25 
2 8 2 1 0 2 3 7 2 0 3 3 3 2 3 5 10 48 8 4 20 2 18 12 17 2 1 6 0 132 71 232 138 27 35 41 186 70 75 105 29 2 124 87 85 39 54 5 14 148 7 7 15 21 2 1 8 13 0 4 0 5 2 6 4 41 14 14 8 5 9 11 23 20 3 6 1 4 10 1 2 0 0 0 0 2 1 9 17 0 0 85 11 20 17 14 0 0 2 0 0 17 
1 10 6 0 0 0 1 1 4 0 3 0 2 2 1 11 22 34 31 23 8 10 40 19 4 0 0 10 0 242 50 149 204 25 51 12 1116 69 167 108 69 8 102 42 79 71 39 28 25 130 2 5 12 6 1 0 3 4 0 1 4 13 1 7 9 38 11 8 8 4 6 10 28 29 1 4 0 5 14 0 0 0 0 0 0 1 1 16 9 0 0 79 19 17 6 6 12 10 9 0 0 40 
2 0 1 0 0 1 0 0 0 0 1 2 1 3 2 8 5 10 1 1 10 2 0 7 2 0 2 6 0 185 67 217 149 39 71 90 164 38 80 136 83 55 115 85 105 116 94 32 36 316 4 0 1 1 1 0 1 1 0 0 0 11 2 5 9 7 2 3 8 2 5 9 16 8 0 0 1 1 3 0 0 0 0 1 0 4 1 29 18 0 0 94 21 29 18 7 0 5 15 0 0 56 
13 8 0 1 4 25 3 1 6 6 13 10 3 1 12 9 3 4 4 12 3 7 18 12 4 1 0 10 1 145 28 272 253 64 155 56 70 25 98 147 162 20 202 183 180 133 120 36 52 419 7 1 4 3 1 0 5 1 0 2 4 50 4 4 2 3 2 8 10 2 2 16 37 14 1 0 3 0 11 5 1 0 0 0 0 28 17 51 21 0 0 160 25 28 9 13 2 2 6 0 0 62 
10 17 15 8 17 30 14 27 13 9 24 10 15 7 11 10 7 11 21 25 26 10 13 22 10 0 0 61 3 127 35 226 202 55 206 55 202 52 76 176 152 32 142 119 99 105 134 56 49 408 13 6 23 5 1 1 8 3 0 2 4 24 2 5 33 25 5 1 1 2 1 8 23 12 1 3 1 0 38 2 2 2 0 7 0 22 22 64 25 0 0 112 27 26 25 11 2 11 25 1 1 70 
46 48 27 9 24 74 32 44 33 22 126 74 69 62 45 39 121 125 58 64 25 3 41 57 20 1 1 39 4 243 87 457 508 236 928 172 800 491 628 63 54 52 308 298 298 322 284 117 90 705 15 7 24 15 12 1 11 11 0 5 14 93 1 43 39 64 8 16 2 6 5 3 36 18 9 6 2 2 25 18 7 14 7 36 6 7 36 52 63 0 0 127 22 19 15 17 1 2 9 1 0 51 
13 26 15 4 6 31 14 9 28 10 41 28 25 38 10 18 74 96 35 67 31 1 11 24 13 0 2 50 5 93 58 244 277 106 341 64 457 264 310 28 13 32 81 129 171 208 140 85 62 468 6 14 4 2 0 6 2 1 0 1 8 62 2 25 25 31 15 3 11 3 3 6 20 9 4 2 0 4 14 5 29 3 4 9 5 22 20 17 11 0 0 40 10 17 13 18 0 0 12 0 0 38 
1 5 2 1 1 1 1 1 2 2 7 6 11 5 0 1 9 6 7 6 5 0 0 3 2 1 0 13 4 18 3 50 96 45 73 12 100 60 43 55 26 3 49 46 35 42 40 19 21 121 4 0 3 2 0 0 2 1 0 0 1 3 0 1 15 7 9 0 6 0 0 3 10 0 2 1 1 0 3 4 8 3 1 3 2 14 10 22 35 0 0 32 13 20 6 15 0 1 2 0 6 19 
11 8 7 1 0 14 1 7 11 1 15 7 0 4 4 17 41 48 34 6 1 0 1 8 16 0 0 28 4 51 18 108 212 116 230 33 184 244 215 60 53 10 29 23 47 63 85 35 42 248 17 17 11 5 1 17 12 10 0 1 0 39 4 15 11 23 2 5 4 1 0 5 6 3 18 7 0 4 24 44 14 13 8 65 14 88 29 115 22 0 0 30 18 56 16 28 3 9 35 5 8 144 
4 22 9 4 1 13 2 16 2 7 20 10 4 5 5 15 15 64 20 11 14 6 1 24 4 2 0 30 1 56 36 92 235 113 202 37 212 198 213 107 60 37 83 55 164 147 170 58 85 489 11 9 20 3 2 8 21 8 0 3 3 53 1 8 19 26 12 9 0 1 2 1 11 7 9 12 4 15 36 32 28 28 6 66 16 163 52 126 41 0 0 124 40 54 36 44 1 10 19 1 10 148 
10 17 6 0 5 27 5 16 20 3 18 36 15 8 10 12 50 62 52 28 13 3 6 23 4 4 1 33 1 71 22 117 235 104 300 28 300 229 215 238 138 31 160 122 286 112 162 82 117 412 4 1 4 11 0 0 3 4 0 5 3 71 1 15 31 70 12 2 7 6 3 6 11 4 4 1 3 3 21 11 10 19 9 28 8 45 18 57 6 0 0 102 65 29 52 26 17 10 35 5 3 69 
10 12 8 4 2 14 2 6 10 9 20 56 12 12 2 26 57 83 32 19 6 3 7 27 5 2 0 10 3 52 30 135 200 57 192 48 271 196 225 111 147 26 100 151 93 23 73 60 56 362 14 6 12 6 1 2 2 15 0 3 6 42 0 8 20 46 9 6 3 2 5 13 7 9 14 6 0 4 21 54 51 11 3 61 21 68 36 117 19 0 0 118 26 44 36 18 9 12 30 4 2 106 
4 15 7 1 10 27 18 6 14 5 17 23 13 12 7 17 40 81 39 11 12 2 1 19 6 0 1 20 3 48 22 101 207 71 230 65 304 200 232 168 127 41 118 181 167 106 55 77 67 244 7 1 17 2 2 7 3 8 0 1 5 57 2 9 16 36 9 3 4 3 1 4 14 11 10 8 0 18 32 37 6 32 4 52 19 76 45 147 21 0 0 96 30 62 27 15 0 13 27 0 5 144 
15 5 9 0 2 13 9 16 9 13 18 16 21 13 13 12 31 67 52 19 10 3 14 31 4 1 0 19 6 47 9 101 193 56 243 44 253 152 275 146 166 40 254 337 279 451 331 12 36 760 11 5 11 1 3 6 7 6 0 4 5 55 2 17 26 44 6 4 4 3 0 3 4 14 4 2 1 10 27 15 13 23 4 54 18 113 128 140 39 0 0 277 89 84 74 19 8 22 30 1 3 78 
11 8 9 0 3 35 6 17 15 25 21 32 15 45 10 14 54 60 58 14 25 1 10 22 7 1 0 26 1 46 20 107 232 115 174 61 345 238 225 267 202 19 362 532 409 549 506 206 17 1085 18 6 13 16 24 1 10 12 0 1 17 75 0 25 21 41 12 14 0 0 4 11 7 8 10 1 1 7 31 10 11 22 9 85 22 105 76 198 69 0 0 442 117 141 192 33 16 16 36 0 1 90 
37 47 36 7 18 72 42 45 41 57 43 59 39 51 20 50 134 188 109 14 26 16 20 147 32 8 0 130 9 217 57 276 867 152 507 168 827 503 693 634 385 62 712 717 489 671 296 334 131 33 31 17 39 13 6 6 16 26 0 10 22 129 6 39 54 109 34 28 9 11 16 15 50 35 25 16 8 11 106 35 31 46 34 137 38 201 66 703 115 0 0 618 139 237 170 53 9 31 73 11 8 358 
16 10 6 0 13 18 3 10 11 12 3 15 28 38 47 55 16 26 11 7 0 0 2 28 16 1 0 25 3 18 2 27 74 28 42 6 31 27 24 18 10 0 30 47 30 41 16 7 6 51 4 6 64 58 37 15 119 82 0 84 36 32 4 43 37 72 8 25 7 15 5 18 31 29 14 26 8 10 106 33 13 14 14 64 7 30 14 69 21 0 0 54 2 9 9 3 1 3 4 0 0 36 
2 4 7 0 3 33 11 6 3 5 2 29 7 18 23 16 14 13 5 2 2 0 1 11 3 0 0 10 0 6 0 14 40 18 69 8 29 3 13 13 6 0 19 27 15 32 22 0 1 11 34 6 21 33 15 4 32 54 0 55 31 24 8 62 54 52 8 5 5 15 1 0 6 12 21 26 0 5 79 9 6 4 5 100 4 15 9 26 3 0 0 41 7 7 3 2 0 4 5 1 1 16 
10 21 6 1 15 35 13 11 10 8 4 20 22 72 27 24 15 17 18 0 5 2 3 25 13 3 0 4 0 8 7 21 65 17 41 7 17 8 24 34 8 2 25 44 12 21 3 6 6 52 61 4 4 11 32 0 19 30 0 51 24 31 3 44 51 63 20 47 12 9 6 15 12 23 25 30 3 24 55 19 17 10 3 79 12 17 8 63 10 0 0 56 6 12 9 8 0 1 3 0 1 28 
9 15 11 4 2 53 15 2 20 34 6 42 20 57 45 42 23 29 23 2 1 0 4 6 1 2 0 7 1 15 8 31 57 16 77 28 28 13 18 38 13 2 56 35 17 34 14 1 2 44 194 66 36 9 19 7 56 53 0 116 67 42 53 101 79 87 26 51 4 24 14 7 12 33 46 32 9 29 108 16 9 2 7 103 4 20 4 24 17 0 0 37 1 16 13 3 4 0 2 0 1 12 
5 10 4 0 1 22 9 33 8 4 2 20 14 39 31 18 18 13 8 3 0 0 1 6 2 0 0 11 2 6 2 21 42 6 59 13 12 1 5 12 2 0 8 31 4 26 3 1 2 13 66 54 33 16 0 0 6 62 0 80 12 33 22 74 53 43 6 20 3 13 5 6 38 23 6 22 0 8 47 3 11 0 4 37 5 3 3 15 6 0 0 17 3 2 7 3 0 1 0 0 0 3 
2 4 2 0 0 8 1 5 1 4 1 3 1 14 20 7 2 9 13 0 0 1 0 3 1 0 0 6 1 3 3 15 17 4 19 0 3 1 7 1 2 0 14 13 8 10 0 4 2 16 31 9 13 15 3 0 3 9 0 15 10 5 0 39 21 20 6 6 6 4 5 2 9 7 9 24 2 11 38 1 6 1 7 9 4 2 4 11 14 0 0 16 2 1 3 1 1 0 1 1 0 2 
7 10 4 0 3 15 1 10 1 10 8 22 40 51 46 32 49 49 15 18 4 7 7 6 5 0 0 1 1 8 13 47 41 27 83 2 22 8 44 39 6 0 46 52 3 9 12 5 3 45 117 38 31 47 2 5 5 8 0 64 52 20 9 59 134 93 32 41 9 20 10 6 37 34 35 34 9 13 42 14 9 12 6 74 14 31 13 31 15 0 0 49 5 20 10 4 2 1 3 0 0 20 
15 27 20 0 26 38 19 37 38 18 7 68 28 132 38 80 44 51 35 30 3 7 3 12 4 1 1 12 7 23 5 37 67 36 116 17 14 13 32 46 9 0 96 57 21 12 16 3 4 67 127 47 72 28 22 3 14 4 0 72 52 10 19 83 148 134 29 40 13 38 17 17 55 12 36 59 9 26 77 22 21 15 6 122 36 29 14 43 23 0 0 104 20 11 18 2 1 2 7 0 0 22 
0 0 0 0 0 0 0 0 0 0 0 0 0 0 0 0 0 0 0 0 0 0 0 0 0 0 0 0 0 0 0 0 0 0 0 0 0 0 0 0 0 0 0 0 0 0 0 0 0 0 0 0 0 0 0 0 0 0 0 0 0 0 0 0 0 0 0 0 0 0 0 0 0 0 0 0 0 0 0 0 0 0 0 0 0 0 0 0 0 0 0 0 0 0 0 0 0 0 0 0 0 0 
11 35 16 0 17 9 12 1 13 3 4 10 40 47 34 58 18 28 17 31 2 7 14 35 18 0 0 12 2 13 4 33 41 13 32 0 3 3 11 17 1 1 27 20 7 13 4 5 0 23 119 31 66 87 11 17 32 87 0 8 4 33 14 59 106 168 60 58 24 20 23 35 29 43 21 23 3 13 36 4 12 10 1 49 5 10 7 28 6 0 0 25 5 6 0 8 1 1 4 0 1 16 
3 2 0 8 0 0 1 2 1 2 0 5 2 3 0 4 1 1 1 5 1 1 0 3 1 0 0 2 0 7 2 1 7 7 6 6 1 7 6 2 2 2 7 20 1 1 3 1 0 4 80 26 32 15 11 5 20 25 0 3 2 14 5 12 30 99 28 20 5 14 5 4 46 38 3 12 0 3 8 4 6 4 1 9 1 12 5 9 3 0 0 11 3 2 0 4 0 1 1 0 0 5 
0 1 0 0 1 0 1 0 0 0 0 0 1 0 2 0 0 1 1 0 1 0 0 0 2 0 0 0 0 3 0 0 0 0 0 1 0 0 1 0 0 0 4 1 0 0 0 1 0 0 4 1 1 4 1 0 1 0 0 2 6 0 0 0 1 21 2 9 9 2 0 0 4 0 2 2 0 2 9 0 3 3 0 0 2 0 0 6 1 0 0 0 0 0 0 0 0 0 0 0 0 0 
3 1 5 0 0 0 2 7 2 1 0 7 1 0 0 0 2 2 0 0 0 0 0 2 0 0 0 0 0 4 1 12 0 14 12 6 14 5 23 13 6 2 12 1 0 13 2 0 2 9 18 12 20 31 2 0 9 10 0 15 9 1 2 2 28 76 56 14 4 10 0 1 15 13 8 4 2 0 7 8 10 3 0 6 0 0 0 2 0 0 0 7 0 0 5 0 0 0 0 0 1 2 
8 11 5 0 3 22 6 15 0 4 2 1 4 1 0 3 6 4 14 0 0 0 0 0 3 2 0 0 8 10 3 14 15 1 23 21 75 9 22 17 5 1 8 11 14 10 26 2 2 43 44 35 60 27 9 15 32 33 0 39 29 51 8 5 48 222 111 23 13 10 13 14 38 62 19 7 2 14 40 11 12 0 4 16 1 2 1 7 6 0 0 22 3 0 1 0 0 0 3 0 0 3 
15 25 1 0 3 53 17 10 11 4 0 2 2 0 0 1 2 0 0 0 0 1 0 2 1 0 0 0 0 18 18 58 29 11 19 19 81 28 65 19 30 9 55 40 24 26 17 10 4 84 112 20 43 46 16 26 28 19 0 82 14 75 27 23 17 112 94 65 28 58 28 13 61 105 7 30 7 3 60 42 9 4 3 11 2 7 3 10 6 0 0 33 4 2 3 1 0 0 1 0 0 6 
6 37 19 2 7 32 7 9 13 5 3 14 9 3 6 1 0 1 0 0 0 0 0 0 0 0 0 0 2 32 16 102 70 22 43 19 88 25 32 16 16 1 27 50 13 24 15 5 6 50 73 37 74 46 6 12 51 29 0 79 16 75 37 53 43 8 36 54 64 76 45 49 122 131 12 17 3 10 83 56 25 18 3 14 9 2 8 10 1 0 0 30 1 1 5 1 0 1 0 0 0 9 
9 4 13 0 3 1 5 4 0 7 0 2 2 0 0 0 0 1 0 0 0 0 0 1 0 0 0 0 9 10 9 63 19 17 42 18 62 19 17 19 3 0 10 8 11 4 12 12 2 25 14 8 21 20 3 10 20 12 0 41 18 19 13 32 45 45 3 26 25 44 20 38 76 65 17 1 1 4 20 0 3 10 0 12 13 1 2 6 1 0 0 3 0 0 0 0 1 0 1 0 0 0 
4 7 7 0 14 30 6 37 4 0 7 9 2 0 1 2 1 0 0 0 0 0 0 0 0 0 0 0 2 9 20 63 51 22 86 12 66 6 17 7 10 1 27 11 15 32 6 1 1 20 34 34 59 28 9 15 36 61 0 86 80 76 68 50 95 266 22 6 18 29 34 35 92 105 2 14 4 2 59 18 17 9 1 16 14 2 0 5 2 0 0 6 0 0 0 0 0 0 1 0 0 1 
0 27 2 0 1 3 1 12 5 13 0 11 8 0 0 0 0 0 1 0 0 0 0 0 0 0 0 0 3 8 1 12 18 6 29 13 30 5 4 4 2 0 5 14 9 2 1 0 0 9 10 1 16 4 1 3 5 10 0 15 5 17 8 15 93 108 66 20 7 15 14 11 15 36 0 8 0 3 32 1 2 4 1 1 2 5 1 2 3 0 0 0 0 1 0 0 0 0 0 0 0 0 
8 8 5 2 5 12 8 4 5 6 4 0 0 4 2 0 0 1 0 0 0 0 0 1 0 0 0 0 0 10 11 51 61 48 131 13 58 19 3 15 3 0 12 7 5 2 3 2 0 25 29 11 39 28 4 15 19 24 0 44 50 120 10 77 130 259 110 63 20 8 28 33 85 336 3 20 9 10 65 14 7 2 2 13 5 1 0 5 0 0 0 2 2 1 1 0 0 0 0 0 0 0 
12 14 6 0 3 31 14 17 14 9 12 35 4 2 6 3 0 3 1 0 0 0 0 0 0 0 0 0 2 14 15 33 160 75 231 51 214 49 83 40 21 3 40 45 18 30 15 4 3 44 32 13 38 14 9 25 36 29 0 108 36 53 87 107 317 653 306 320 82 93 7 17 96 197 9 15 6 9 55 7 6 11 5 26 4 5 8 7 2 0 0 19 2 2 2 0 0 1 0 0 0 4 
5 4 4 0 1 19 6 15 14 7 3 22 2 5 2 16 4 0 0 0 0 0 0 0 0 0 0 0 1 10 5 39 83 125 210 63 151 32 70 28 21 2 32 21 19 21 14 4 5 40 20 15 34 14 12 3 33 24 0 109 73 109 59 123 400 810 343 274 195 89 18 14 103 261 6 25 3 0 54 9 27 2 3 26 7 10 1 3 6 0 0 23 12 1 0 0 0 0 0 0 0 2 
4 3 3 1 0 4 4 2 4 4 2 6 2 3 0 11 1 0 0 0 0 0 0 0 0 0 0 0 3 1 0 6 29 43 48 29 44 10 21 16 16 0 7 4 2 7 7 3 2 31 13 18 26 12 9 5 23 12 0 55 16 84 13 32 131 346 211 92 37 35 35 32 1 29 5 7 1 4 26 7 11 3 0 15 5 4 1 7 1 0 0 6 0 1 0 1 0 0 0 0 0 3 
4 7 5 0 0 8 6 14 6 1 8 5 2 2 0 0 2 0 0 0 0 0 0 0 0 0 0 0 5 0 0 3 12 37 22 7 28 3 20 7 2 0 3 11 6 3 3 2 2 20 10 12 15 25 8 19 10 8 0 45 39 91 13 43 112 228 49 99 57 59 86 37 39 2 6 2 1 2 76 12 12 6 2 9 11 9 0 14 1 0 0 22 0 0 2 0 0 1 0 0 0 1 
2 9 5 0 2 17 9 23 15 15 6 27 10 58 16 17 30 13 34 8 2 0 2 19 2 0 0 10 0 3 4 14 39 17 66 3 14 5 13 32 23 4 98 108 23 43 25 10 13 85 13 11 32 10 10 5 38 95 0 55 19 24 5 38 44 33 4 21 4 12 21 4 12 30 4 45 30 162 271 100 89 57 64 252 46 67 31 105 34 0 0 88 9 29 27 7 6 9 9 0 1 31 
4 3 6 0 10 11 10 27 24 8 10 21 13 39 9 23 28 4 14 7 1 3 1 18 2 0 0 12 0 11 1 24 38 8 48 13 6 7 22 29 26 1 61 69 20 72 19 5 9 101 21 15 28 7 15 10 56 110 0 58 47 30 1 21 28 46 4 21 6 14 16 5 24 19 29 5 48 55 260 124 82 81 54 256 39 69 19 115 21 0 0 80 22 39 20 10 4 10 10 1 2 32 
0 1 13 0 0 1 2 3 1 4 0 4 0 17 5 8 13 0 1 4 0 1 3 3 1 0 0 2 0 3 2 16 12 0 2 0 3 0 4 1 2 1 7 11 4 4 17 7 1 14 2 7 8 8 2 1 7 16 0 24 15 4 2 5 9 7 3 4 2 2 1 1 3 1 8 52 1 37 59 30 35 13 14 78 14 8 3 31 2 0 0 16 3 15 12 4 0 6 2 0 0 4 
3 11 12 1 3 25 19 0 6 11 2 21 3 44 29 36 37 39 23 15 0 0 1 5 1 0 0 6 3 4 9 31 29 17 41 4 0 1 6 21 16 0 59 124 43 54 27 8 10 92 64 33 40 13 15 13 18 50 0 33 24 29 29 33 37 43 7 50 3 13 8 6 20 26 57 128 7 6 65 90 32 25 50 285 40 48 32 76 38 0 0 98 40 34 45 17 0 3 11 5 1 20 
35 55 24 6 10 33 8 22 4 7 1 29 20 82 38 50 65 67 32 25 4 4 7 18 17 9 0 22 6 37 22 75 150 41 152 4 20 2 31 45 20 6 94 160 46 85 42 19 17 80 152 74 97 69 34 32 26 72 0 37 33 51 24 135 161 123 33 82 37 65 25 14 89 57 97 148 29 28 18 24 50 28 30 244 40 60 38 118 68 0 0 178 40 51 31 16 3 7 8 1 2 44 
5 7 0 0 8 20 2 2 2 0 0 1 4 45 9 10 5 7 30 2 0 0 1 5 2 0 0 5 0 3 18 28 55 33 33 1 3 0 32 50 30 21 94 102 43 81 57 26 11 164 50 10 46 5 15 8 14 23 0 12 27 15 10 52 51 51 23 36 6 18 27 13 21 13 57 61 13 78 37 5 15 47 36 437 144 58 36 140 36 0 0 227 40 35 71 24 1 6 22 0 2 41 
15 6 1 2 5 8 0 4 2 4 2 1 0 10 0 15 1 14 8 4 1 0 4 2 0 4 1 11 0 2 1 21 27 13 28 3 1 2 10 39 41 12 104 89 56 58 47 10 17 102 59 28 45 26 4 1 18 10 0 7 26 16 13 86 47 77 48 37 10 46 8 8 27 18 24 95 21 61 60 40 5 13 40 379 371 74 24 110 21 0 0 151 35 88 54 23 26 10 6 1 4 22 
2 5 6 0 0 12 2 5 1 2 0 0 0 0 1 1 1 1 0 0 0 0 0 2 1 0 0 1 1 1 6 12 24 9 4 1 1 4 5 14 14 3 81 53 36 47 24 11 10 80 16 3 6 5 5 7 12 10 0 4 6 35 15 16 17 36 6 16 0 1 0 3 6 10 18 41 10 36 39 30 16 2 5 132 85 64 20 102 16 0 0 126 30 54 30 22 1 15 14 0 0 36 
6 4 10 0 0 19 6 2 2 2 4 0 1 0 0 0 3 1 1 0 0 0 1 1 1 0 0 4 4 9 3 23 37 2 21 0 2 1 3 17 19 8 105 88 46 50 53 8 17 135 65 13 34 7 9 13 23 16 0 41 13 34 11 31 26 46 23 52 9 9 4 3 15 37 36 98 13 65 87 126 57 12 19 264 278 101 22 96 50 0 0 158 27 81 47 15 11 9 25 3 1 56 
0 8 6 0 2 3 5 13 2 6 0 0 1 1 0 0 1 0 1 1 0 0 0 6 0 0 0 6 3 5 0 6 12 0 0 0 3 0 1 16 11 11 88 89 32 57 36 21 15 138 52 16 65 46 9 12 35 76 0 28 19 48 5 3 19 6 4 5 4 3 2 1 15 13 73 105 19 98 144 225 71 67 86 39 58 116 30 180 42 0 0 170 66 87 48 26 16 20 30 1 2 67 
7 11 8 5 0 9 1 5 1 6 1 0 0 0 0 1 0 0 0 0 0 0 2 0 1 0 0 3 0 17 3 9 8 1 4 5 4 13 1 23 34 13 165 212 126 125 39 18 35 128 83 29 57 19 9 4 70 38 0 26 28 29 16 20 32 27 14 12 4 7 8 1 19 6 24 88 46 51 147 227 140 113 66 223 4 247 81 174 91 0 0 243 41 141 114 29 16 20 27 2 3 76 
4 13 9 0 2 14 1 3 10 3 4 0 11 0 2 8 7 14 7 2 0 0 0 1 3 0 0 4 0 10 3 11 40 17 37 7 25 37 56 16 37 3 150 157 76 122 119 46 28 150 35 12 45 5 2 0 49 23 0 26 10 37 4 13 11 20 5 10 6 0 3 6 4 20 25 46 4 12 49 30 19 56 28 97 94 9 9 73 71 0 0 276 67 89 78 21 11 32 24 3 1 102 
10 7 5 0 1 24 4 5 7 7 3 1 2 1 3 7 3 26 25 1 8 1 2 6 1 0 0 2 2 8 2 52 34 24 64 7 44 45 98 37 54 16 170 168 51 84 54 25 36 195 16 2 27 14 3 4 16 13 0 22 6 69 18 12 20 16 7 7 0 6 1 3 3 3 28 36 9 16 77 36 35 36 17 96 68 56 12 52 38 0 0 226 53 86 73 22 6 24 21 1 4 115 
23 40 18 3 14 22 11 28 11 9 8 3 4 6 14 12 57 63 35 22 20 6 5 60 10 0 2 37 9 81 40 125 240 77 207 58 301 178 223 114 23 27 420 230 144 310 219 117 93 794 40 23 57 15 13 6 31 42 0 31 34 112 18 23 21 45 4 15 4 7 15 13 25 22 56 67 40 48 158 76 88 90 82 222 110 153 75 37 63 0 0 633 169 290 228 186 21 105 147 7 14 475 
6 9 4 1 3 1 5 2 3 3 10 5 5 5 10 8 24 44 20 12 19 0 1 7 3 0 0 15 1 18 4 69 98 51 163 16 168 136 92 96 77 23 289 200 40 123 57 15 37 208 21 11 18 15 0 1 6 32 0 21 17 38 2 14 16 35 3 2 3 0 1 0 9 7 23 45 5 8 84 36 40 25 25 90 19 221 68 53 13 0 0 269 48 134 83 33 14 12 46 2 12 137 
0 0 0 0 0 0 0 0 0 0 0 0 0 0 0 0 0 0 0 0 0 0 0 0 0 0 0 0 0 0 0 0 0 0 0 0 0 0 0 0 0 0 0 0 0 0 0 0 0 0 0 0 0 0 0 0 0 0 0 0 0 0 0 0 0 0 0 0 0 0 0 0 0 0 0 0 0 0 0 0 0 0 0 0 0 0 0 0 0 0 0 0 0 0 0 0 0 0 0 0 0 0 
0 0 0 0 0 0 0 0 0 0 0 0 0 0 0 0 0 0 0 0 0 0 0 0 0 0 0 0 0 0 0 0 0 0 0 0 0 0 0 0 0 0 0 0 0 0 0 0 0 0 0 0 0 0 0 0 0 0 0 0 0 0 0 0 0 0 0 0 0 0 0 0 0 0 0 0 0 0 0 0 0 0 0 0 0 0 0 0 0 0 0 0 0 0 0 0 0 0 0 0 0 0 
7 3 2 0 0 3 0 3 0 1 6 4 2 1 0 0 5 2 4 0 0 1 0 1 0 0 0 2 3 9 8 19 49 17 46 8 56 28 61 10 26 0 44 65 23 32 30 33 19 66 9 1 1 0 2 8 11 5 0 9 1 26 1 1 0 1 0 0 0 0 0 2 1 3 3 13 3 2 36 6 11 15 12 30 20 89 35 85 14 0 0 34 14 34 23 41 6 18 15 1 4 92 
1 0 0 0 0 0 2 0 5 1 3 5 1 2 9 5 1 19 1 0 1 0 0 0 0 0 0 1 1 9 3 30 63 28 69 15 93 42 58 16 47 0 141 200 49 44 56 20 28 127 23 5 13 0 2 10 5 2 0 7 3 12 0 0 3 0 0 0 0 0 0 0 0 0 3 4 2 5 38 15 11 22 9 39 11 55 53 75 40 0 0 130 11 12 8 39 9 1 7 2 0 43 
3 1 4 0 1 0 2 0 6 2 6 3 11 11 12 10 4 0 0 0 0 0 0 1 1 0 0 3 1 5 4 30 58 24 96 18 85 45 86 26 48 8 132 226 127 150 93 26 35 227 4 8 12 4 10 8 4 13 0 9 0 28 0 3 3 1 0 0 0 0 0 0 3 2 6 23 10 11 39 35 16 21 29 64 20 166 93 116 76 0 0 280 30 31 6 44 4 11 8 5 16 107 
0 8 2 1 1 10 0 0 1 3 2 3 13 6 0 1 3 0 0 0 0 0 0 0 1 0 0 1 1 11 3 25 26 17 62 11 47 11 32 18 19 3 140 109 71 94 57 34 32 204 8 5 9 7 4 2 15 11 0 8 1 23 0 1 0 0 0 0 0 0 0 0 0 1 7 7 2 10 24 24 17 16 2 64 21 108 95 102 31 0 0 166 18 19 4 9 1 0 10 1 9 88 
3 4 2 1 0 2 3 3 1 10 5 5 3 4 7 11 3 2 1 1 1 0 0 1 1 1 0 12 1 8 10 57 50 25 120 27 151 43 99 74 40 18 369 504 130 144 135 42 41 233 9 4 11 1 4 5 2 8 0 10 5 52 0 9 4 1 0 0 0 0 1 1 2 2 5 3 2 8 35 23 22 45 7 86 14 147 84 167 95 0 0 702 96 72 16 9 7 15 11 4 5 108 
0 2 0 0 0 0 6 0 1 1 3 0 2 0 0 6 0 0 0 0 0 0 1 0 0 0 0 0 0 8 0 2 16 7 16 1 33 2 12 4 25 1 73 92 39 38 16 23 1 48 2 0 3 0 0 0 0 0 0 3 0 4 0 0 1 0 0 0 0 0 0 0 1 0 1 11 4 10 3 6 0 11 4 14 3 29 28 21 9 0 0 38 21 7 19 15 3 2 6 0 1 18 
2 4 1 0 0 2 0 1 7 2 2 8 2 2 6 0 2 2 1 0 0 0 0 1 0 1 0 1 0 10 3 10 18 20 86 5 86 43 73 30 47 7 160 378 119 174 67 45 64 216 11 4 18 5 4 3 2 18 0 2 0 23 0 2 2 4 0 0 0 0 0 0 1 2 10 9 1 18 52 26 11 44 8 109 21 111 49 144 56 0 0 307 55 55 53 66 1 9 27 4 17 113 
4 4 3 1 0 2 0 2 2 1 1 4 1 4 1 1 2 1 9 0 1 0 0 0 0 0 0 2 1 12 4 11 13 22 33 17 81 31 58 12 35 12 177 243 139 120 107 23 49 262 11 2 6 1 2 2 4 15 0 2 9 20 1 3 0 0 2 0 0 0 0 0 1 1 15 12 3 5 62 19 5 35 17 83 39 134 21 131 74 0 0 309 55 22 30 51 1 4 1 0 11 57 
0 0 0 1 0 0 0 1 0 0 0 0 0 1 1 4 0 0 0 0 0 1 0 0 0 0 0 0 0 22 0 3 3 21 16 5 41 8 15 28 20 1 53 91 46 44 12 11 13 49 1 1 3 1 0 3 9 16 0 2 0 4 0 1 0 0 0 0 0 0 0 0 0 0 2 1 1 1 9 6 0 2 3 30 5 39 14 31 16 0 0 91 13 14 25 15 1 4 4 1 0 24 
0 0 1 0 0 0 1 0 2 0 0 0 2 0 0 2 0 0 0 0 0 0 0 0 0 0 0 0 1 2 0 5 2 2 6 2 18 2 20 3 3 1 29 52 33 26 6 5 3 42 2 0 2 2 0 0 1 1 0 0 0 3 0 0 0 0 0 0 0 0 0 0 0 0 5 0 0 1 3 6 3 8 1 15 12 21 6 21 19 0 0 138 18 26 17 29 1 6 0 2 1 2 
2 3 2 0 0 1 5 2 1 2 0 6 2 2 0 8 6 4 0 0 2 1 0 2 0 0 0 0 0 13 6 5 33 7 33 13 47 36 41 18 11 3 117 162 79 106 50 33 12 83 3 4 4 5 2 0 12 2 0 3 2 10 0 1 5 0 0 0 0 0 0 1 1 1 8 3 2 3 28 5 12 12 8 36 14 64 24 140 48 0 0 190 31 34 80 53 8 28 14 6 1 4 
