3 7 25 5 3 20 33 19 16 21 12 38 40 66 28 65 18 29 18 14 11 8 8 26 7 0 2 24 72 2 0 4 18 1 2 0 5 4 15 14 9 0 1 6 7 15 9 3 3 45 6 5 4 1 4 1 1 5 0 0 2 1 0 3 4 5 5 0 0 0 2 4 4 3 2 6 1 4 11 1 1 1 2 1 1 3 3 25 5 0 0 7 2 2 0 1 0 3 0 0 0 15 
12 9 16 9 13 36 25 30 28 34 8 44 58 86 34 78 35 19 27 11 10 6 2 28 18 0 2 24 97 6 1 4 20 2 1 1 6 5 24 15 14 0 12 8 8 18 15 4 9 44 5 1 11 4 1 2 3 5 0 2 2 3 1 7 3 9 5 1 2 1 1 2 2 3 1 3 0 2 13 2 0 0 0 8 2 1 2 13 3 0 0 6 2 7 2 4 0 1 0 1 1 10 
12 14 10 5 9 19 14 31 45 28 7 25 40 107 50 53 26 14 19 14 10 14 7 14 7 4 2 28 114 3 1 2 12 3 2 2 9 8 17 15 12 0 8 11 12 10 8 6 8 47 5 2 11 6 3 2 6 11 0 1 2 3 2 5 3 8 5 2 0 2 0 1 4 2 1 2 0 1 22 2 2 2 1 5 0 0 2 9 4 0 0 8 0 2 1 0 0 0 2 0 0 5 
3 15 25 2 1 5 9 11 6 4 2 5 11 10 8 15 10 2 4 0 5 2 2 1 2 0 0 2 39 0 0 0 0 4 0 0 1 0 6 1 2 1 3 0 1 1 0 0 0 11 3 1 1 1 0 0 0 2 0 0 0 0 0 2 0 1 0 1 1 0 0 1 0 0 0 0 0 0 0 1 1 0 1 0 0 0 0 5 0 0 0 1 0 0 0 0 0 0 0 0 0 1 
2 7 15 1 1 11 10 7 7 21 7 11 30 23 12 34 15 13 2 0 6 4 4 23 6 0 1 6 28 1 0 0 1 1 0 1 3 2 3 5 0 2 3 5 3 7 2 4 3 25 1 4 7 1 0 1 0 1 0 0 0 2 0 0 1 1 1 0 0 0 0 1 0 1 2 0 0 2 13 0 3 0 0 2 2 0 0 7 0 0 0 6 0 3 0 0 0 2 0 0 0 1 
11 31 21 9 8 7 15 8 19 18 9 32 51 180 40 52 23 22 23 10 12 9 8 19 11 2 0 22 107 8 4 2 8 0 0 2 0 5 42 14 3 0 4 11 2 13 5 0 1 34 8 1 7 3 2 0 2 5 0 0 0 1 1 4 3 9 2 2 1 2 1 3 3 1 0 1 2 0 18 2 0 0 0 1 0 8 0 10 3 0 0 9 0 1 0 0 1 1 0 1 0 5 
25 35 28 5 4 11 6 13 29 27 8 28 64 121 41 38 25 23 27 6 5 10 3 14 2 0 0 7 69 5 0 1 5 2 3 0 2 4 30 10 5 1 9 4 2 11 11 0 4 12 5 0 6 6 2 0 6 1 0 2 0 2 3 1 2 4 0 6 0 3 3 4 1 4 4 1 1 3 24 0 1 2 1 0 1 2 0 6 0 0 0 5 2 0 1 0 1 1 0 0 0 7 
13 15 17 5 2 12 19 5 16 20 9 23 73 108 37 71 38 21 25 9 6 14 2 20 10 1 0 12 52 4 0 4 9 2 2 0 2 6 25 11 14 2 5 9 3 14 16 1 2 33 1 2 5 2 1 1 7 5 0 2 0 3 0 4 1 10 3 2 0 1 3 1 0 3 2 1 0 4 10 1 1 1 1 0 1 0 0 10 2 0 0 8 0 3 0 0 2 2 0 0 0 2 
15 36 34 8 8 14 35 19 5 7 13 35 70 102 25 71 38 15 20 7 12 8 1 24 13 0 0 13 55 3 1 1 7 1 4 1 3 4 54 14 22 1 7 8 7 9 10 3 2 32 2 4 5 6 0 1 2 4 0 0 0 1 1 2 2 7 2 1 1 1 3 5 2 3 4 6 1 1 14 0 2 0 0 4 1 4 0 5 1 0 0 5 1 0 1 0 0 0 0 0 0 0 
10 23 5 4 6 12 8 9 7 2 6 13 41 55 20 42 18 9 10 3 2 9 1 22 5 3 1 6 31 1 2 2 8 3 0 2 0 0 28 10 9 1 1 4 1 0 1 2 2 16 14 2 8 5 2 1 0 1 0 0 0 2 3 1 4 6 2 1 0 0 4 3 3 3 3 3 0 0 21 1 2 0 0 4 0 2 0 2 4 0 0 3 0 1 0 2 0 0 0 0 0 0 
13 6 7 2 11 10 10 11 15 8 5 13 16 33 7 41 25 13 14 4 7 8 4 15 3 0 1 12 42 5 1 0 4 0 1 0 1 1 27 9 6 0 2 1 8 6 3 2 1 23 0 1 3 1 1 2 1 1 0 0 0 1 0 3 1 2 1 2 1 0 2 1 2 4 3 0 0 0 5 0 0 0 0 1 1 3 0 4 1 0 0 8 1 0 0 1 0 0 1 0 0 2 
19 40 30 4 8 31 23 25 25 25 7 7 29 69 20 57 38 24 31 9 19 14 10 30 13 0 3 37 51 4 2 5 11 1 3 2 3 5 30 19 7 1 7 5 6 11 12 5 5 39 4 3 8 5 2 2 1 2 0 0 2 2 5 3 1 8 0 0 3 2 1 4 4 2 2 3 0 2 10 2 0 0 0 1 0 0 0 10 0 0 0 6 1 0 2 0 1 0 2 0 0 2 
15 36 31 6 11 42 38 36 61 49 14 15 5 59 49 69 37 27 37 12 30 10 13 52 24 3 4 52 37 15 1 5 7 6 4 1 6 2 40 12 6 2 8 14 10 10 10 6 5 27 3 1 3 8 3 1 8 10 0 6 1 1 0 2 6 4 1 1 0 0 1 4 0 0 3 3 1 2 9 1 0 0 0 0 0 1 0 8 3 0 0 8 2 2 0 0 0 3 0 0 0 7 
67 93 57 7 8 48 54 50 75 42 25 29 49 12 14 69 55 66 75 34 46 27 17 92 46 2 10 131 78 4 1 3 11 5 2 0 2 6 19 18 24 0 5 5 8 6 4 5 3 30 7 24 18 16 3 0 8 14 0 4 3 2 0 5 0 3 1 2 0 1 3 3 4 1 6 2 1 5 38 1 0 2 0 0 0 1 0 7 0 0 0 5 2 2 1 0 0 3 1 0 1 4 
36 56 42 6 9 31 48 31 30 28 12 32 50 22 5 23 30 27 29 30 35 27 9 69 26 2 7 82 37 5 1 4 5 1 3 3 1 2 13 15 7 1 6 10 0 9 10 7 5 27 7 2 7 11 1 3 3 7 0 2 1 5 0 0 0 1 0 0 0 1 2 0 0 2 2 0 0 1 18 1 2 0 1 0 0 1 2 7 1 0 0 4 0 1 0 2 0 0 0 0 0 5 
39 79 36 3 16 42 55 51 78 52 20 67 78 77 12 26 73 76 70 35 73 44 55 133 56 13 6 121 58 30 4 21 44 12 20 12 65 8 28 28 19 4 21 25 21 18 12 7 7 35 14 4 16 10 2 3 2 15 0 5 1 6 0 2 1 0 2 1 0 0 4 1 4 2 2 6 0 5 46 3 1 0 0 1 0 2 2 25 3 0 0 13 4 1 2 2 0 3 3 0 1 4 
26 43 25 4 11 31 31 29 37 35 15 33 49 149 43 89 11 53 75 36 53 23 26 68 35 5 5 56 25 31 19 17 55 13 32 15 37 14 77 28 18 2 12 21 12 29 26 12 6 70 7 4 9 6 4 1 4 6 0 2 1 1 3 0 3 1 0 1 0 1 1 2 0 1 8 3 1 2 17 2 2 0 0 1 1 2 0 19 6 0 0 19 3 1 0 0 1 0 0 0 0 9 
7 24 14 0 5 11 11 17 27 20 6 14 50 101 27 118 40 9 40 11 36 21 18 33 19 4 4 31 19 18 8 8 28 11 12 10 18 8 50 20 19 5 11 29 20 19 20 5 10 59 1 2 7 2 1 2 5 10 0 1 0 2 0 3 1 0 0 0 0 1 0 0 0 2 2 2 1 2 24 4 1 0 0 1 0 4 1 15 4 0 0 4 1 0 0 0 0 0 0 0 0 2 
13 23 13 1 3 22 22 14 14 14 13 15 50 101 32 82 40 31 7 10 44 9 10 40 23 3 2 46 23 17 14 2 28 4 14 7 17 10 27 15 10 4 7 14 8 8 13 3 4 45 1 3 5 6 2 1 2 3 0 4 0 1 0 1 0 0 0 0 0 0 0 1 0 0 0 0 0 0 8 1 0 0 0 0 0 6 1 6 2 0 0 3 0 0 0 1 0 0 0 1 0 2 
9 12 12 1 2 11 13 6 10 12 4 14 28 105 17 64 26 26 22 2 4 6 15 19 17 9 6 63 10 8 4 2 7 5 5 5 10 14 49 11 7 1 2 4 7 6 4 7 3 21 2 4 3 2 2 0 3 4 0 1 1 2 0 1 0 0 0 1 1 0 1 0 0 0 1 1 0 2 5 2 1 0 1 1 0 1 0 3 2 0 0 4 0 0 0 0 0 0 0 0 1 2 
5 5 6 3 1 13 12 8 6 17 7 13 29 123 32 98 49 26 62 0 2 4 7 34 8 12 13 39 14 3 2 2 11 1 4 5 23 10 55 8 7 2 3 12 4 8 6 2 3 18 0 0 1 0 0 0 1 0 0 1 0 0 0 0 0 0 0 0 0 0 0 0 0 1 0 0 1 0 3 0 2 0 0 0 1 3 0 2 1 0 0 3 0 0 0 0 0 0 0 0 0 2 
10 7 10 5 5 9 9 7 26 13 6 13 29 131 25 76 33 21 34 3 4 9 7 14 6 12 4 53 10 2 1 3 9 0 3 2 15 4 41 2 4 0 4 1 1 5 6 1 4 20 3 0 3 0 3 0 0 1 0 2 0 0 0 1 0 1 0 0 0 0 0 0 0 0 0 0 0 0 3 1 0 0 0 0 0 1 2 8 2 0 0 4 0 0 0 0 0 0 0 0 0 0 
8 3 0 3 1 5 1 3 3 5 5 12 20 90 31 89 31 18 36 9 32 16 1 15 8 7 2 33 9 1 2 2 8 2 2 0 12 3 56 3 7 0 1 2 3 3 3 1 0 21 1 1 3 0 0 0 2 2 0 0 0 1 1 1 0 0 0 0 0 0 0 0 0 0 1 1 1 1 3 0 0 0 0 0 0 1 0 6 0 0 0 2 0 0 0 0 0 0 0 0 0 0 
11 19 11 1 7 7 12 6 14 20 6 22 37 200 43 132 75 50 81 14 46 14 5 13 13 17 15 84 12 4 4 4 30 1 10 3 26 12 95 16 12 3 6 15 6 16 9 7 7 80 5 7 7 2 0 0 2 5 0 2 1 0 0 2 1 0 0 0 1 0 0 0 0 2 2 2 0 0 10 1 0 0 0 0 0 1 2 16 2 0 0 3 1 0 1 0 0 0 0 1 0 4 
17 22 18 0 1 13 9 19 16 45 10 28 43 69 39 93 45 31 34 20 27 13 10 12 10 7 8 43 8 12 10 7 93 8 6 10 20 13 48 21 50 3 13 18 27 31 21 22 26 144 13 13 43 7 4 2 7 8 0 1 0 0 0 0 0 1 0 0 0 0 0 0 0 0 11 2 1 5 27 5 1 5 3 1 3 5 3 57 6 0 0 8 1 1 2 0 0 0 1 0 0 3 
2 2 1 0 0 1 1 0 3 6 0 1 3 11 0 10 9 6 7 6 17 12 3 21 5 1 1 5 0 0 0 2 7 0 0 0 1 0 20 0 4 1 0 0 0 0 0 0 0 3 0 0 1 0 0 0 0 0 0 0 0 0 0 0 0 0 0 0 0 0 0 0 0 0 0 0 0 0 0 0 0 0 0 3 0 0 0 0 0 0 0 1 0 0 0 0 0 0 0 0 0 0 
0 1 1 0 0 0 0 2 0 0 0 1 2 27 5 9 6 1 0 7 32 23 5 21 13 1 2 38 0 2 0 0 2 1 1 0 1 2 6 0 1 0 0 4 0 4 1 0 2 4 1 0 0 1 0 0 0 0 0 0 0 0 0 0 0 0 0 0 0 0 0 0 0 0 0 2 0 0 2 0 0 0 0 0 0 0 2 1 0 0 0 0 0 0 0 0 0 0 0 0 0 0 
30 33 25 5 7 25 11 16 21 26 12 27 39 116 61 111 83 41 66 41 63 70 48 128 43 12 24 14 11 4 1 4 24 6 10 6 17 18 83 26 40 2 8 16 24 24 32 15 21 134 19 4 12 13 1 6 4 3 0 2 0 1 1 1 1 1 1 0 0 0 1 0 0 0 9 4 2 1 20 3 4 1 0 1 0 4 4 43 11 0 0 7 1 1 0 2 0 1 2 0 1 6 
46 60 83 17 18 73 45 42 57 31 17 29 39 51 29 60 31 21 26 14 10 18 8 14 6 0 0 5 4 3 0 5 5 3 1 4 3 2 27 18 11 4 3 9 8 3 11 12 2 36 1 5 8 6 4 0 5 3 0 2 4 0 0 6 7 6 5 5 2 2 0 1 1 2 2 1 0 1 28 4 0 3 1 7 4 1 3 13 9 0 0 9 0 1 1 3 2 1 0 0 1 4 
3 7 2 0 1 1 5 6 4 4 0 3 10 7 10 21 47 21 11 3 3 4 1 11 4 1 0 5 3 39 91 113 339 60 141 123 567 157 266 102 91 9 30 55 45 68 49 19 18 240 3 11 15 15 1 2 4 14 0 13 3 19 4 11 16 47 16 9 6 6 6 13 4 0 9 2 5 1 23 4 3 4 1 8 1 13 19 77 22 0 0 33 4 7 8 8 0 8 8 1 0 26 
1 0 0 0 0 0 0 2 0 1 1 0 3 0 1 11 14 12 4 3 2 1 1 3 2 0 0 0 6 84 3 74 139 26 40 54 164 42 88 20 24 3 12 15 14 24 11 8 6 28 2 2 3 1 2 0 2 10 0 4 2 1 1 0 13 10 5 2 4 7 3 1 5 0 0 2 0 0 15 1 0 0 0 0 2 0 0 19 2 0 0 10 11 2 1 4 0 2 4 0 0 7 
1 3 1 0 1 2 3 4 1 3 0 5 5 4 5 8 29 12 6 2 4 0 0 4 1 0 1 3 13 124 58 13 127 29 88 70 370 123 263 61 44 1 46 49 29 49 26 18 18 91 4 4 13 3 0 0 5 12 0 4 2 4 0 8 12 26 1 1 7 4 3 6 9 0 1 5 0 3 15 0 1 1 1 2 1 8 6 43 7 0 0 24 8 3 2 5 0 4 4 0 0 11 
12 11 8 2 2 6 5 5 7 4 3 7 6 3 5 16 28 17 13 4 4 5 7 44 20 2 1 20 9 213 79 80 28 37 60 94 232 91 223 136 102 12 73 69 85 87 84 58 65 529 16 17 53 11 6 10 12 13 0 8 1 15 3 12 17 23 10 4 2 7 12 12 14 2 14 2 0 4 35 6 4 8 2 7 6 19 22 142 16 0 0 44 6 10 11 8 0 6 4 0 1 42 
1 2 1 1 0 6 0 0 0 2 3 1 0 1 3 6 16 7 9 3 3 1 1 5 3 0 0 4 8 59 24 35 48 3 32 28 155 44 128 54 45 6 31 40 39 40 20 10 6 65 10 4 15 11 4 1 8 8 0 6 1 7 3 2 9 11 8 7 2 5 6 28 12 6 2 2 1 3 19 2 1 1 1 2 0 1 2 18 8 0 0 18 4 5 8 3 0 1 1 0 0 14 
2 3 3 2 2 4 8 0 5 3 3 0 2 2 1 31 15 15 21 12 5 6 4 11 10 0 0 14 13 129 34 101 114 24 13 24 227 92 170 105 50 5 64 56 45 67 35 12 20 121 6 5 10 3 2 5 4 4 0 5 0 9 2 15 10 15 9 8 7 10 10 16 17 4 1 0 1 1 21 11 0 3 0 0 3 18 7 21 14 0 0 33 7 9 8 9 1 2 5 1 0 12 
3 1 2 0 1 2 3 3 2 0 0 0 2 3 3 12 19 7 10 2 2 4 5 9 2 0 1 9 11 123 30 49 110 14 28 6 278 56 125 52 43 6 30 29 32 49 29 9 13 96 3 4 7 0 1 0 2 4 0 0 1 3 0 6 5 5 4 2 2 5 8 10 8 3 0 0 0 2 11 0 0 0 0 1 0 7 3 20 8 0 0 21 3 4 6 3 1 2 2 0 0 22 
3 4 3 0 0 3 4 6 2 8 3 0 6 0 0 21 31 13 24 5 7 2 7 25 10 2 2 19 3 300 138 197 293 62 129 122 23 129 428 265 145 31 105 166 129 188 97 44 68 355 10 9 16 20 4 3 4 3 0 4 2 23 5 22 25 30 8 15 10 14 29 20 16 14 10 2 0 3 33 6 3 1 0 5 0 32 11 93 30 0 0 108 14 7 13 28 5 30 4 3 2 44 
8 11 4 1 8 5 4 2 8 5 2 10 8 3 7 7 16 12 10 3 10 7 6 32 4 4 1 37 15 109 38 98 128 35 62 40 171 15 167 138 91 20 103 84 78 97 81 29 39 216 5 2 9 3 2 0 2 4 0 1 1 9 7 7 6 4 2 0 1 3 2 8 8 12 0 1 0 0 9 1 1 1 0 5 3 9 6 47 9 0 0 73 11 10 9 16 1 9 15 1 3 27 
16 28 15 3 4 19 17 22 24 29 10 19 44 22 12 20 43 40 30 9 36 18 8 56 23 3 6 78 17 217 63 146 272 88 126 91 519 119 21 362 212 24 138 176 120 179 146 67 79 458 8 12 37 14 5 6 8 14 0 3 11 9 4 29 41 33 14 10 4 14 10 29 18 5 16 6 4 7 44 8 3 10 3 23 4 21 18 168 25 0 0 141 16 24 20 27 5 11 18 6 2 58 
15 20 11 5 4 11 14 13 12 13 5 12 20 15 19 20 33 23 19 6 10 7 0 16 23 2 1 21 11 98 32 80 168 47 118 51 409 159 479 17 49 23 73 154 83 162 88 36 35 274 3 4 14 4 2 0 6 3 0 0 0 14 3 10 17 11 6 7 1 5 5 5 3 9 1 1 0 4 17 1 1 5 2 17 16 6 6 32 22 0 0 55 8 11 8 20 7 3 4 3 2 38 
6 16 5 4 2 8 10 11 8 7 5 6 10 12 3 11 19 17 11 6 2 3 4 27 15 0 0 19 13 62 31 54 120 23 53 39 216 89 265 49 13 13 51 93 66 91 67 36 25 233 3 0 8 2 0 2 0 8 0 0 2 7 0 13 7 9 0 3 0 4 5 3 8 4 1 1 1 2 12 3 11 4 8 16 5 17 9 22 10 0 0 32 12 15 6 9 2 7 6 2 2 31 
1 4 3 0 0 2 0 1 1 1 2 1 2 1 0 1 7 5 2 0 0 2 0 2 0 0 0 2 0 7 2 6 18 5 11 1 59 8 37 20 13 1 31 38 29 25 13 6 4 26 1 1 1 0 1 0 0 0 0 0 0 0 0 1 0 1 0 0 0 0 2 2 2 1 1 0 0 0 2 2 0 1 0 3 1 10 2 22 6 0 0 9 4 3 6 0 0 0 1 0 0 7 
2 5 3 0 2 4 7 10 9 7 3 4 7 7 5 7 15 10 7 2 4 2 1 15 3 0 0 10 3 44 9 54 112 21 45 19 127 60 147 68 64 18 16 92 66 79 55 38 35 168 8 4 10 9 2 1 5 9 0 3 4 5 3 4 6 11 6 1 2 2 4 9 7 1 22 7 0 5 22 19 10 23 26 48 24 77 25 108 39 0 0 86 18 40 25 37 4 23 18 9 5 86 
5 13 8 1 2 4 5 6 7 8 6 5 9 6 15 22 22 15 14 2 7 6 5 19 4 1 0 20 8 49 11 50 104 29 57 28 176 102 207 112 121 26 113 26 178 294 148 66 60 414 8 9 15 4 5 2 3 3 0 2 1 9 1 13 8 12 2 7 6 2 7 9 6 4 25 13 3 16 63 14 13 20 16 108 35 100 66 158 72 0 0 232 46 46 32 59 9 38 26 10 5 113 
8 24 12 1 1 5 5 8 5 7 2 8 9 8 6 10 18 17 8 2 7 4 4 21 7 0 0 34 13 41 17 32 95 26 28 23 136 58 117 55 79 15 95 163 16 165 91 57 42 274 8 10 12 5 0 1 1 3 0 0 0 2 3 5 7 14 3 6 4 2 4 4 8 2 2 1 0 5 12 2 12 12 7 16 9 19 12 61 12 0 0 74 19 13 15 23 3 14 13 1 2 45 
11 12 9 3 5 12 8 4 10 12 8 8 17 12 2 11 16 24 20 7 16 4 7 29 14 0 0 10 21 59 25 59 146 37 44 41 190 106 225 118 134 21 88 273 196 26 208 207 122 630 8 3 17 11 2 4 1 5 0 1 3 4 0 6 15 14 10 4 2 3 3 5 12 1 12 3 2 5 34 9 10 14 14 43 25 59 33 201 41 0 0 184 23 25 26 32 6 22 26 1 5 132 
4 10 7 1 3 3 7 9 6 7 1 2 6 8 8 11 27 21 15 3 4 6 3 27 8 2 0 22 5 48 21 35 144 24 37 34 121 65 133 103 78 16 79 127 140 270 20 100 84 338 11 6 14 5 5 1 0 6 0 1 0 3 3 5 6 9 0 4 3 1 6 4 4 4 8 4 3 3 27 5 6 10 7 28 19 49 22 137 23 0 0 89 14 18 12 22 3 13 17 5 0 79 
5 10 0 0 2 3 2 4 3 4 3 2 1 5 4 3 4 3 7 1 2 5 1 8 5 0 0 8 11 11 2 13 68 16 19 9 69 24 70 49 31 4 42 104 106 252 104 16 61 447 3 5 5 4 2 1 1 2 0 1 1 3 1 2 2 9 0 3 0 1 2 1 0 2 3 2 0 3 10 4 4 4 4 19 9 10 9 118 7 0 0 69 11 9 12 7 3 7 8 3 0 56 
5 8 8 0 1 2 3 7 1 6 1 2 10 6 0 2 11 2 2 0 9 1 2 19 1 1 2 11 6 17 6 15 87 11 21 20 69 43 92 37 39 7 51 128 123 207 112 92 21 471 6 1 5 1 3 1 2 1 0 1 0 1 0 3 5 3 0 4 2 0 2 1 3 6 3 4 0 3 12 3 6 11 3 20 7 18 11 130 7 0 0 68 9 23 16 7 0 6 6 4 1 51 
41 60 39 11 18 29 20 22 42 43 13 24 42 26 23 35 51 47 51 15 25 17 15 136 40 3 0 134 32 206 50 129 769 63 118 114 342 261 493 274 263 37 189 392 301 611 363 341 244 41 48 20 83 18 8 5 5 15 0 10 6 14 3 27 23 42 8 14 9 9 27 13 27 12 53 20 1 20 76 25 30 38 29 134 37 110 46 657 53 0 0 259 41 44 73 59 11 54 47 11 9 267 
5 7 7 0 4 6 4 4 2 13 3 3 3 17 5 16 20 2 3 3 3 0 1 27 7 0 0 17 2 12 0 10 45 14 6 5 11 6 23 12 8 2 11 11 4 13 12 7 8 65 6 6 61 20 11 9 22 27 0 31 5 4 3 22 22 16 4 18 1 16 13 15 21 14 5 7 1 2 123 12 12 3 16 32 7 11 7 62 13 0 0 17 2 5 7 7 1 3 8 2 0 28 
7 3 2 0 1 2 1 1 3 4 1 10 12 6 3 4 6 3 4 0 1 0 1 9 1 0 0 6 1 4 1 3 25 8 2 3 11 2 7 6 4 0 3 2 5 5 2 3 1 28 6 9 48 20 10 3 4 16 0 15 3 1 3 4 15 12 1 6 3 7 3 4 9 12 3 1 0 4 68 5 5 1 1 13 5 8 4 12 3 0 0 9 2 3 4 2 0 3 5 0 1 11 
6 5 16 0 1 5 4 4 5 12 0 4 4 14 8 29 9 3 2 4 3 2 1 20 9 0 1 12 7 11 1 6 42 8 6 5 13 6 23 7 9 1 13 17 9 14 10 10 15 70 37 18 10 20 9 7 16 40 0 21 8 5 4 18 10 28 8 36 7 25 7 8 25 8 2 3 2 3 106 11 13 9 4 33 8 14 7 69 10 0 0 14 1 6 15 6 1 10 8 0 0 24 
1 7 3 0 0 1 2 2 3 4 1 5 7 15 6 7 11 6 2 1 0 0 1 5 0 0 2 1 5 4 9 5 18 3 4 4 14 2 20 7 5 1 7 5 0 3 5 2 1 14 7 16 40 6 10 1 14 29 0 13 1 1 2 7 13 25 3 10 2 7 3 1 5 3 2 5 1 9 80 6 2 1 3 19 4 4 6 10 4 0 0 15 1 3 4 0 0 2 3 0 0 7 
4 3 6 1 1 0 0 2 0 1 0 0 4 7 3 1 1 2 2 2 0 0 0 2 2 0 0 0 1 0 1 3 10 0 3 0 5 0 8 4 1 1 1 0 0 4 4 1 1 4 6 4 31 9 0 2 1 12 0 9 3 3 2 4 4 5 6 4 3 2 2 1 2 1 5 6 1 5 48 0 2 3 0 5 3 5 5 5 1 0 0 2 0 0 1 1 0 0 1 0 0 3 
0 2 3 0 0 3 3 0 1 1 6 4 2 4 1 3 0 1 0 1 0 1 0 2 0 0 0 2 4 0 1 2 4 2 3 0 0 1 2 2 1 1 2 3 2 0 2 0 0 9 9 3 6 3 5 1 9 9 0 5 6 0 1 0 4 4 4 3 1 1 3 3 4 2 0 3 0 1 36 3 4 0 0 1 2 4 2 13 0 0 0 4 0 0 2 2 0 1 2 0 0 1 
0 1 5 0 4 0 2 0 2 3 0 1 9 16 5 7 3 3 4 0 1 0 0 4 0 0 0 0 7 3 1 12 15 6 5 2 8 0 14 5 3 0 1 7 6 4 2 0 1 15 18 11 31 8 6 8 4 16 0 12 11 3 1 11 9 14 7 9 1 9 2 6 7 4 5 5 0 4 60 8 3 4 1 17 13 9 3 12 0 0 0 6 2 3 2 1 2 1 10 0 0 7 
1 9 9 0 1 3 4 2 5 3 1 4 13 40 7 13 9 5 0 3 1 1 0 8 3 0 0 3 8 10 3 6 35 3 11 1 7 3 17 4 3 0 7 7 6 7 2 2 4 23 27 15 36 19 16 9 4 3 0 31 11 6 7 15 7 20 5 6 7 13 3 11 8 8 11 13 1 8 131 21 12 4 1 46 12 11 4 29 2 0 0 11 4 3 1 5 1 1 4 0 0 4 
0 0 0 0 0 0 0 0 0 0 0 0 0 0 0 0 0 0 0 0 0 0 0 0 0 0 0 1 0 0 0 0 0 0 0 0 0 0 0 0 0 0 0 0 0 0 0 0 0 0 0 0 0 0 0 0 0 0 0 0 0 0 0 0 0 0 0 0 0 0 0 0 0 0 0 0 0 0 0 0 0 0 0 0 0 0 0 0 0 0 0 0 0 0 0 0 0 0 0 0 0 0 
3 5 13 2 3 5 13 8 1 2 2 9 12 31 23 28 11 17 5 5 15 2 1 16 15 0 0 16 10 7 6 7 15 5 3 1 5 6 12 11 2 0 1 4 6 13 2 6 0 16 19 13 27 14 9 5 5 16 0 6 0 5 5 10 18 22 10 14 2 8 10 6 7 15 12 4 0 4 65 9 3 2 3 24 2 8 1 15 2 0 0 7 2 1 1 4 0 1 1 0 0 7 
1 2 2 0 0 0 0 2 1 1 0 1 1 5 2 0 0 0 1 0 0 0 0 0 0 0 0 0 2 3 3 2 3 3 4 1 6 0 3 1 3 0 0 1 5 1 6 5 0 4 7 2 15 3 8 2 6 5 0 3 0 2 1 4 12 18 11 5 1 4 2 12 6 2 1 2 1 1 15 1 4 4 0 4 2 3 0 10 2 0 0 2 2 2 1 0 0 0 0 0 0 4 
2 3 1 0 1 4 2 3 0 2 1 4 1 3 0 3 7 2 1 1 0 0 0 0 1 0 0 3 1 6 0 7 9 11 13 1 15 17 10 12 6 0 6 9 11 11 5 3 2 15 2 4 5 3 1 4 5 5 0 6 3 4 0 12 18 24 4 7 6 16 5 8 3 3 1 2 0 0 22 5 2 0 1 7 4 4 1 4 3 0 0 6 2 0 1 2 0 0 0 0 0 0 
0 0 2 0 2 2 0 2 2 2 0 2 3 0 0 2 0 3 1 0 0 0 0 0 0 0 0 0 2 10 1 1 2 1 3 0 5 2 10 4 1 0 1 2 1 4 2 1 0 2 3 0 2 3 1 1 3 2 0 3 2 0 3 1 10 15 5 5 0 5 1 1 1 1 3 0 0 1 5 0 1 1 0 1 1 3 0 2 1 0 0 3 3 0 2 0 0 0 0 0 0 2 
2 5 3 0 1 4 5 4 3 0 0 1 2 0 0 3 5 1 2 0 0 0 0 0 3 0 0 2 6 10 3 10 10 1 14 6 38 14 29 10 5 1 4 2 7 14 6 4 1 27 10 3 19 14 6 1 5 9 0 10 4 9 2 5 16 48 26 8 6 20 17 15 19 10 10 2 1 1 48 4 1 2 0 2 4 1 4 7 1 0 0 5 0 1 1 3 0 2 1 0 0 0 
2 12 7 1 3 3 1 6 1 2 2 3 2 0 1 2 2 0 0 1 0 0 0 0 0 0 0 2 10 12 9 19 13 9 4 2 48 16 46 13 5 3 8 11 10 11 4 3 7 27 13 3 13 8 1 5 10 7 0 13 11 13 10 8 7 31 46 22 20 28 21 27 27 10 9 4 2 4 37 3 3 3 1 2 2 1 1 13 2 0 0 11 0 1 0 0 1 3 0 0 0 5 
3 10 7 2 1 4 10 9 6 3 0 9 0 0 1 2 1 0 0 0 2 0 0 0 0 0 0 1 8 35 19 27 21 21 15 11 68 9 30 12 10 0 10 11 13 13 12 9 7 35 18 8 34 12 4 7 15 25 0 25 9 28 10 15 38 13 21 21 25 56 43 59 54 18 16 13 0 10 45 5 4 1 2 9 3 7 3 15 3 0 0 10 0 2 0 4 0 1 0 0 1 5 
0 6 1 0 0 0 4 2 1 0 0 0 0 0 0 5 1 0 0 0 0 0 0 0 0 0 0 0 3 2 2 8 5 6 1 0 9 2 9 1 1 2 3 1 4 3 1 3 1 8 3 3 6 6 1 1 1 4 0 8 11 2 6 11 14 12 0 5 8 20 9 13 22 13 0 0 3 3 17 0 2 1 2 3 0 2 1 0 0 0 0 1 0 0 0 0 0 0 0 0 0 1 
6 4 1 0 1 3 3 4 2 4 0 0 0 0 1 0 0 1 1 0 0 0 1 0 0 0 0 0 8 5 3 8 14 7 12 4 41 7 20 4 1 1 3 4 7 3 1 3 3 22 6 4 24 5 3 4 9 12 0 13 11 11 4 7 18 32 5 4 9 20 18 41 27 23 1 1 0 2 25 1 2 0 1 3 1 5 1 8 1 0 0 3 0 0 0 0 0 0 0 0 0 2 
0 2 1 0 0 0 1 0 0 3 0 0 0 1 1 1 0 0 0 0 0 0 0 2 0 0 0 1 3 3 2 3 2 3 2 2 13 3 10 2 2 0 0 2 4 4 0 0 0 4 2 3 5 3 0 0 0 7 0 4 3 2 1 2 15 37 18 12 2 8 12 14 2 3 0 0 0 0 10 1 3 0 0 1 0 1 0 2 1 0 0 1 0 0 0 0 0 0 0 0 0 0 
3 2 1 1 2 0 2 1 1 2 0 3 1 0 0 6 2 1 0 0 0 0 0 0 0 0 0 0 1 12 4 4 14 8 6 4 9 7 17 4 1 0 0 0 1 2 5 0 0 11 10 6 18 4 3 2 11 3 0 8 8 11 4 8 22 45 27 15 12 4 19 50 26 24 1 4 0 3 21 0 6 2 0 2 3 3 2 0 0 0 0 0 1 2 0 1 0 0 2 0 0 0 
1 2 4 0 0 1 2 1 1 2 1 0 3 2 0 1 0 0 0 0 0 1 0 0 0 0 0 0 5 3 1 3 20 4 6 2 54 15 16 4 5 0 4 0 4 4 1 1 1 24 3 6 6 9 2 3 9 4 0 7 12 3 5 14 28 41 29 21 12 14 1 45 9 19 0 1 0 4 13 1 1 0 2 4 1 0 1 8 0 0 0 1 0 0 0 2 0 1 0 0 0 3 
1 3 2 0 0 7 1 2 5 6 0 3 5 2 2 0 1 0 1 0 0 0 0 0 0 0 0 1 3 3 1 3 25 14 19 5 28 7 17 6 4 0 2 4 2 5 5 2 3 10 16 6 10 4 5 4 6 6 0 14 12 6 2 10 38 53 30 27 18 39 36 2 35 21 4 2 1 2 22 0 1 3 0 7 3 3 0 11 2 0 0 1 0 0 0 0 0 0 0 0 0 2 
5 5 3 0 0 0 6 1 3 6 3 3 3 3 1 2 8 0 0 0 0 0 0 0 0 0 0 0 5 3 4 6 11 15 20 2 31 15 22 8 14 0 6 8 0 8 3 4 6 40 27 5 29 5 3 3 5 10 0 12 6 5 7 18 28 52 32 21 10 25 25 36 6 20 7 3 0 2 28 3 3 2 4 8 5 3 1 9 2 0 0 8 1 0 1 0 1 4 3 0 1 3 
6 4 1 0 1 5 4 4 0 5 0 2 2 1 0 1 3 1 0 0 0 0 0 0 0 0 0 0 6 3 1 2 6 7 8 6 23 7 32 1 4 0 3 2 8 4 4 4 3 24 12 9 19 4 6 1 6 12 0 16 8 1 0 4 20 49 12 25 10 58 13 41 15 2 11 2 1 4 32 1 5 0 9 5 4 8 6 8 0 0 0 3 0 0 1 2 1 0 0 1 1 5 
0 1 1 1 1 1 1 0 4 2 0 2 2 11 5 5 2 1 4 0 1 0 0 3 1 1 0 5 1 5 1 3 20 2 3 7 3 2 5 1 4 0 10 21 10 15 15 4 5 46 8 5 9 5 2 0 6 12 0 9 5 1 1 10 8 9 3 3 1 2 1 4 3 6 5 8 3 7 225 19 8 6 9 69 6 9 12 74 4 0 0 6 2 7 4 14 2 3 5 1 2 18 
0 6 1 0 0 1 2 1 1 2 3 3 6 10 4 4 6 2 2 2 1 1 0 11 1 0 0 4 0 3 1 6 17 2 2 0 4 0 3 1 0 0 15 16 7 13 11 3 6 43 4 3 9 4 3 1 10 13 0 2 2 1 0 5 2 10 0 4 4 1 3 2 1 4 9 1 5 21 224 19 10 9 12 38 8 13 4 43 6 0 0 13 2 4 3 1 1 5 5 0 0 18 
1 1 0 0 0 0 0 0 0 0 0 1 0 2 1 3 1 1 0 0 0 0 0 1 0 0 0 2 1 2 0 1 2 0 0 0 1 0 1 3 0 0 0 2 1 2 2 0 2 4 3 0 2 2 0 1 1 3 0 2 0 0 1 1 4 5 0 1 0 0 1 2 1 1 4 4 0 7 70 7 3 3 1 13 3 9 1 5 0 0 0 7 1 2 1 1 0 0 1 0 0 0 
2 2 4 0 0 1 0 1 2 1 0 1 1 8 5 4 1 2 0 0 0 0 0 1 0 0 0 0 3 4 0 6 11 0 3 2 3 2 3 3 2 0 5 21 6 2 4 3 3 23 10 5 11 4 1 3 9 10 0 9 2 3 1 3 4 6 9 4 0 3 3 2 4 7 9 11 0 0 99 27 7 3 5 60 14 16 4 29 14 0 0 11 5 9 0 3 0 0 7 1 0 13 
4 20 15 0 1 14 6 10 13 14 3 6 14 72 19 36 25 10 8 3 3 2 4 28 6 2 1 15 13 17 7 24 57 22 10 9 27 5 51 16 14 2 20 41 12 31 17 9 12 78 107 47 146 75 42 19 49 118 0 39 11 8 8 26 32 50 14 20 9 36 24 23 19 28 138 109 35 55 24 84 79 24 44 217 43 51 25 125 9 0 0 43 15 29 20 15 4 15 8 3 0 44 
1 0 2 0 0 1 3 1 1 1 0 3 1 16 2 5 6 1 1 0 1 1 1 5 0 0 0 1 2 2 0 0 8 0 4 1 1 1 6 6 5 1 18 24 7 17 11 3 5 33 3 4 10 6 1 2 6 21 0 0 2 1 0 1 8 5 2 1 4 3 4 5 7 2 12 14 2 15 123 5 16 14 17 129 28 16 8 48 11 0 0 15 7 7 12 10 2 5 7 3 0 18 
1 1 2 0 1 0 1 0 0 1 0 2 4 0 0 3 2 1 1 0 0 0 0 2 1 0 0 2 3 1 3 4 1 2 1 1 2 1 7 4 5 1 8 32 7 13 6 4 4 33 4 4 16 5 1 1 2 7 0 3 0 3 0 6 3 11 3 3 0 2 6 1 2 3 10 14 4 7 135 15 5 7 18 95 22 24 8 46 5 0 0 21 6 11 5 3 1 5 7 1 0 20 
3 1 1 0 0 2 3 3 1 2 0 0 0 0 1 0 1 0 0 0 0 0 0 6 5 0 0 5 2 5 1 3 13 2 4 0 1 0 6 6 4 1 11 24 11 10 13 3 8 84 4 2 8 2 4 1 2 6 0 1 2 0 0 2 3 3 0 0 1 1 3 1 5 1 4 11 3 8 39 13 6 4 5 50 13 13 2 49 13 0 0 9 6 10 14 5 5 8 7 0 1 30 
0 2 0 0 0 1 1 1 1 2 0 0 0 0 0 0 0 0 2 0 4 0 0 1 1 0 0 1 3 4 1 4 7 0 3 0 0 1 0 3 0 2 25 32 6 13 7 5 2 30 5 1 9 3 0 0 1 10 0 3 1 2 0 2 2 3 2 2 0 2 2 9 1 3 9 12 2 3 135 21 11 3 4 106 35 23 11 55 11 0 0 32 4 10 11 1 2 15 8 3 2 16 
4 2 3 0 1 2 4 3 2 8 3 0 0 0 1 1 2 0 0 0 4 0 2 0 0 0 0 5 7 6 0 2 17 4 1 5 9 0 22 13 26 5 52 96 32 48 21 12 23 115 21 14 31 10 5 3 27 37 0 11 6 4 1 2 4 6 4 3 2 4 7 3 4 5 58 53 14 41 228 75 61 23 87 12 81 75 29 187 28 0 0 104 22 28 24 24 3 29 25 6 4 48 
2 1 2 2 1 0 4 2 1 1 1 0 0 0 0 0 0 0 1 0 1 0 0 0 0 0 0 0 0 3 0 0 3 3 1 0 0 1 8 9 1 2 18 48 13 26 15 4 5 30 2 7 10 6 0 1 8 9 0 2 1 0 0 1 2 4 0 1 0 0 2 1 3 4 13 5 5 12 125 38 47 12 38 127 5 58 12 69 9 0 0 57 9 13 16 6 2 14 13 1 2 22 
1 3 6 1 1 3 1 2 1 4 0 2 1 1 0 4 2 7 2 4 2 0 0 2 2 0 2 5 0 8 3 7 28 4 7 6 27 13 25 3 9 4 60 91 25 56 29 14 15 95 6 3 23 9 1 1 3 8 0 7 3 3 1 2 2 4 0 4 0 1 1 0 0 2 16 10 0 12 48 17 17 19 18 64 38 17 25 71 28 0 0 79 17 26 18 22 5 21 13 5 3 41 
2 4 6 2 0 2 4 1 0 2 0 0 0 0 2 2 6 4 0 1 0 0 0 9 2 0 0 5 4 9 2 9 15 8 9 0 33 13 26 16 15 4 44 65 30 64 26 10 4 53 12 1 13 1 2 0 2 4 0 10 2 0 3 1 1 1 0 1 0 1 0 2 2 6 11 13 0 1 22 10 9 10 15 41 21 38 2 45 21 0 0 66 1 23 13 13 5 9 12 1 1 41 
14 17 6 2 2 7 6 1 3 5 2 8 2 4 7 4 4 5 9 1 7 2 1 25 15 0 3 25 10 49 7 29 157 7 13 16 79 43 118 29 19 4 65 122 41 109 68 38 46 351 17 15 30 6 4 9 9 11 0 13 5 9 1 4 7 6 4 6 0 2 7 3 6 4 30 25 4 25 81 16 25 19 31 131 44 44 32 18 27 0 0 194 18 41 28 56 13 44 31 9 4 244 
1 4 2 0 0 2 2 7 2 1 0 1 0 5 3 3 5 5 2 0 2 0 0 8 1 0 0 0 2 12 5 7 39 12 5 4 50 21 32 21 23 6 45 76 23 27 21 7 8 69 8 8 5 3 4 1 3 0 0 3 4 2 1 0 1 2 1 1 1 1 0 0 1 0 11 5 3 7 23 12 12 8 8 37 8 46 28 42 7 0 0 68 16 15 15 26 6 7 4 0 1 44 
0 0 0 0 0 0 0 0 0 0 0 0 0 0 0 0 0 0 0 0 0 0 0 0 0 0 0 0 0 0 0 0 0 0 0 0 0 0 0 0 0 0 0 0 0 0 0 0 0 0 0 0 0 0 0 0 0 0 0 0 0 0 0 0 0 0 0 0 0 0 0 0 0 0 0 0 0 0 1 0 0 0 0 0 0 0 0 0 0 0 0 0 1 1 0 0 0 0 0 0 0 0 
0 0 0 0 0 0 0 0 0 0 0 0 0 0 0 0 0 0 0 0 0 0 0 0 0 0 0 0 0 0 0 0 0 0 0 0 0 0 0 0 0 0 0 0 0 0 0 0 0 0 0 0 0 0 0 0 0 0 0 0 0 0 0 0 0 0 0 0 0 0 0 0 0 0 0 0 0 0 0 0 0 0 0 0 0 0 0 0 0 0 0 0 0 0 0 0 0 0 0 0 0 0 
5 12 8 0 3 7 3 3 7 7 1 4 9 9 2 7 20 9 6 1 3 1 6 4 5 0 0 13 9 45 9 32 56 37 35 23 119 48 159 61 58 10 93 192 61 165 78 52 53 224 6 3 21 10 4 3 4 19 0 3 3 7 2 11 11 10 3 2 0 0 2 13 5 1 12 7 5 15 54 29 26 19 29 106 40 122 56 181 59 0 0 38 44 70 24 77 10 51 43 6 7 131 
1 2 3 1 0 4 4 0 1 1 0 1 1 1 3 1 4 0 0 0 0 0 0 1 0 0 0 0 0 5 5 3 11 5 10 7 17 10 25 10 10 5 37 71 19 22 18 9 9 50 1 1 4 1 2 0 1 1 0 1 1 0 1 0 1 0 0 2 0 0 2 2 0 1 2 1 1 2 9 10 5 8 2 24 11 20 15 30 13 0 0 62 10 12 6 5 2 7 6 1 1 31 
0 2 4 0 1 4 1 2 3 1 1 4 0 1 1 1 6 2 0 0 0 0 0 2 0 0 0 0 3 15 3 4 16 3 8 7 21 19 36 8 19 2 33 71 19 46 20 13 19 80 6 3 16 3 3 0 3 8 0 1 0 0 0 1 0 0 0 0 0 0 0 9 1 0 13 0 0 5 20 6 11 4 9 28 10 40 13 62 20 0 0 83 11 8 3 20 3 16 13 4 3 62 
0 1 0 0 0 0 1 0 0 2 0 0 0 1 0 1 0 0 0 0 0 0 0 2 2 0 0 0 4 2 0 5 10 7 5 6 20 5 23 9 10 0 20 34 16 35 25 6 8 55 2 1 8 4 1 1 5 1 0 3 2 1 1 1 0 1 1 0 1 0 2 0 0 1 5 1 2 1 20 8 3 4 6 17 7 19 11 39 24 0 0 44 17 4 1 15 2 12 7 1 2 48 
1 3 2 0 1 0 1 0 0 1 0 3 0 3 0 0 3 1 0 1 0 0 1 1 0 0 0 4 3 8 5 8 17 5 3 3 27 10 30 5 6 5 58 107 27 54 18 11 14 70 2 2 6 4 0 1 0 3 0 2 0 1 0 1 0 4 0 0 0 0 0 0 0 1 6 1 0 0 13 5 5 3 3 28 14 24 15 100 28 0 0 130 18 18 16 1 5 22 7 3 2 58 
1 0 0 0 0 0 0 0 1 3 0 0 0 0 0 0 0 0 0 0 0 0 0 0 0 0 0 0 0 2 1 1 7 1 1 0 1 2 7 1 3 0 6 14 5 7 4 1 3 7 0 1 0 1 0 0 0 0 0 0 0 1 0 0 0 0 0 0 0 0 0 0 0 0 1 1 0 0 1 3 5 0 0 8 3 5 2 9 2 0 0 12 4 4 5 3 0 1 0 0 0 6 
1 1 0 0 0 1 2 0 2 1 0 1 0 0 1 0 2 0 2 0 0 0 1 2 0 0 0 0 0 6 2 0 8 6 2 5 14 3 38 2 4 3 42 59 15 48 18 12 14 70 5 3 4 6 1 0 2 3 0 0 0 2 0 0 1 0 0 0 0 0 0 0 1 1 2 1 1 2 10 7 8 9 7 25 3 19 9 59 5 0 0 67 12 7 4 14 3 6 3 1 1 45 
1 3 0 0 0 0 0 1 1 1 0 0 0 0 0 0 1 0 0 0 0 0 0 0 0 0 0 2 0 10 1 5 6 1 1 4 17 4 21 2 10 3 28 76 22 39 19 13 6 47 1 0 3 1 2 0 1 0 0 1 1 0 0 0 0 1 0 0 0 0 0 0 1 0 3 6 0 4 21 12 19 8 9 25 15 11 7 53 17 0 0 52 6 9 27 0 1 2 4 1 0 25 
0 1 0 0 0 0 0 2 0 0 0 0 0 2 0 0 0 0 1 0 0 0 0 1 0 0 0 0 0 2 0 1 2 0 1 0 0 0 7 0 1 0 2 21 2 17 2 0 6 8 0 0 1 2 1 1 1 1 0 2 1 0 0 0 0 0 0 0 0 0 0 0 0 0 0 2 0 0 1 1 0 2 2 3 3 3 0 9 3 0 0 19 0 1 3 9 1 1 3 0 1 4 
0 0 2 0 0 0 3 0 0 0 0 0 0 0 0 0 0 0 0 0 0 0 0 0 0 0 0 0 0 2 1 0 2 0 1 0 5 1 3 1 0 0 4 5 4 7 1 1 3 8 2 0 4 0 0 0 0 0 0 0 0 0 0 1 0 0 0 0 0 0 0 2 0 0 2 1 0 1 0 0 0 0 1 10 5 3 2 12 4 0 0 12 2 3 4 0 1 2 0 0 0 5 
10 17 9 1 1 3 8 5 6 3 2 6 4 5 9 1 3 1 3 1 2 0 2 2 2 0 0 10 3 29 7 16 68 13 10 10 40 30 55 29 40 3 90 110 41 79 62 34 27 210 17 8 20 11 1 0 7 8 0 8 0 1 0 1 3 1 0 2 0 1 0 0 2 2 22 9 1 3 38 14 18 16 18 51 28 45 30 240 61 0 0 103 12 51 51 61 5 30 19 1 2 16 
