1 29 33 8 17 91 61 40 53 49 28 45 60 67 54 86 38 50 38 15 19 24 12 38 22 5 1 40 91 3 1 3 7 3 8 5 3 3 24 24 22 0 5 9 15 13 13 11 7 72 13 6 6 16 7 4 4 10 0 3 5 0 1 8 11 16 9 8 1 3 8 7 2 8 3 1 2 6 44 1 2 1 2 8 12 2 3 37 7 0 0 3 4 0 0 3 1 1 1 0 0 15 
12 9 24 14 24 86 45 54 101 55 30 55 60 68 71 88 32 39 58 34 16 23 10 44 23 0 3 40 90 8 2 2 15 4 7 3 3 7 23 34 18 4 7 4 18 15 11 25 12 58 27 5 14 22 10 5 3 15 0 4 0 0 2 6 14 12 3 3 6 1 9 9 1 6 2 10 1 4 37 2 10 1 7 7 15 9 2 16 4 0 0 8 2 6 2 2 2 2 0 1 0 10 
51 47 7 17 18 73 39 68 100 55 12 71 64 65 67 59 44 38 34 24 22 32 9 31 17 0 3 29 88 7 10 7 7 7 4 3 2 3 26 49 27 1 7 11 10 14 11 3 6 32 7 1 10 9 8 6 3 10 0 6 3 6 3 5 9 10 4 7 4 0 12 3 10 8 3 4 3 3 27 2 2 11 2 4 3 8 6 15 4 0 0 4 3 0 5 6 0 0 2 0 0 8 
9 10 18 0 2 19 11 24 5 5 5 6 5 12 9 11 4 2 3 2 0 1 0 7 2 0 0 20 20 1 0 0 1 0 1 0 0 1 1 1 0 0 1 0 0 2 0 0 0 6 0 1 2 0 2 0 0 0 0 1 2 0 0 0 1 1 0 0 0 0 0 0 0 0 2 1 0 0 2 0 0 0 0 1 2 0 1 1 0 0 0 0 0 1 1 1 0 0 1 3 0 0 
14 14 14 15 1 19 19 15 7 10 8 10 22 25 19 36 18 9 14 13 3 11 6 11 4 0 4 6 24 6 0 0 2 1 0 0 1 2 8 1 3 0 3 6 4 2 2 2 1 13 1 1 7 2 2 2 2 7 0 0 0 0 2 3 1 7 1 0 0 1 3 1 1 7 2 3 0 1 13 4 1 0 2 0 2 1 0 10 1 0 0 4 1 1 0 1 0 1 0 0 0 1 
43 47 48 22 7 3 8 24 36 18 17 58 67 76 52 109 50 25 50 24 27 31 21 53 25 1 4 35 53 9 2 3 3 3 6 0 3 11 34 39 14 10 10 11 17 12 7 8 11 43 4 2 13 19 12 1 5 11 0 3 6 0 3 7 14 25 3 4 3 4 10 2 1 6 6 2 3 9 24 1 2 3 3 8 2 5 3 22 5 0 0 8 2 0 2 0 0 2 3 0 0 21 
36 31 33 15 6 16 2 18 30 21 10 27 64 43 36 65 24 18 36 17 7 11 3 12 3 0 1 12 62 8 3 4 13 2 11 2 1 5 19 13 5 0 6 7 8 7 10 6 1 15 4 1 7 9 5 3 7 7 0 9 1 0 6 2 5 8 5 4 0 2 4 7 1 3 6 0 1 9 14 0 0 9 4 2 2 10 2 10 6 0 0 5 0 5 2 1 0 4 0 0 0 4 
57 73 44 11 31 23 19 15 21 30 12 50 85 94 66 111 46 42 29 13 12 19 20 26 13 2 1 11 52 7 1 3 9 2 3 2 1 12 32 17 10 0 7 6 3 4 17 6 12 41 8 3 11 7 11 5 2 12 0 1 1 0 5 12 18 10 4 13 0 3 8 5 2 7 4 10 1 2 29 3 3 1 2 5 0 5 0 14 4 0 0 3 1 0 1 6 0 1 0 0 2 1 
56 103 83 15 28 44 67 32 8 12 15 43 79 73 54 104 49 25 31 27 14 22 30 35 16 4 8 35 44 13 1 6 7 2 1 1 3 6 34 31 19 2 10 7 5 6 7 8 15 27 5 0 5 6 1 2 4 10 0 2 1 0 1 4 6 9 2 8 2 3 3 13 3 7 3 4 0 4 18 0 3 3 1 2 2 1 0 13 1 0 0 5 2 1 1 3 0 1 0 1 0 3 
28 37 21 11 8 28 20 12 7 5 5 43 26 39 37 68 51 42 30 19 14 17 14 42 18 1 4 34 12 7 2 2 4 2 1 2 0 7 30 5 7 2 1 4 5 5 5 7 4 13 4 1 8 17 8 2 7 5 0 0 0 2 4 7 4 8 2 3 0 2 4 2 4 1 9 9 0 6 21 0 2 2 0 6 2 2 1 5 1 0 0 1 0 1 1 2 1 5 1 0 0 2 
27 22 16 3 1 8 21 21 24 11 1 15 29 40 28 64 25 28 12 13 13 16 19 9 14 2 3 20 10 4 0 3 2 1 1 0 0 1 15 16 14 0 5 2 4 5 3 3 8 14 0 1 4 5 2 1 2 3 0 3 0 0 0 2 2 0 0 2 0 0 7 3 1 1 2 1 0 4 7 0 0 0 1 0 0 0 0 2 0 0 0 7 2 1 0 3 1 0 0 1 0 0 
39 82 60 14 19 106 78 75 85 33 20 11 40 79 67 112 107 83 66 33 42 38 45 90 28 6 11 79 22 15 10 6 11 0 1 1 1 10 26 35 17 6 4 6 12 20 10 11 16 41 3 6 13 14 2 3 8 21 0 6 6 1 1 0 4 8 1 1 1 3 13 5 3 9 4 2 1 8 32 1 2 0 0 0 0 1 1 1 2 0 0 9 1 2 2 9 0 8 1 0 0 2 
52 80 78 7 23 172 239 242 224 105 64 66 7 107 55 110 63 114 77 55 61 47 18 81 25 3 5 63 26 26 5 18 8 5 6 2 2 15 37 45 11 1 16 10 8 13 11 6 8 35 6 2 20 13 10 2 12 16 0 21 10 1 9 3 3 6 0 2 0 0 2 5 1 3 7 3 0 10 33 2 1 0 1 0 0 0 0 6 0 0 0 7 2 2 2 1 0 3 5 0 1 6 
109 179 163 37 58 231 193 256 249 190 80 157 95 14 19 160 224 187 160 166 191 193 104 282 103 14 31 284 37 9 1 7 9 3 3 4 1 16 37 39 27 5 7 6 15 20 16 10 7 44 27 13 37 27 14 9 32 45 0 24 11 2 5 2 2 5 1 3 0 1 1 2 2 1 27 18 1 15 81 12 1 1 1 1 0 3 3 9 7 0 0 6 4 0 1 11 0 2 3 3 0 6 
59 112 98 26 41 123 150 122 126 99 42 70 84 21 8 61 117 118 89 83 118 113 146 155 55 9 37 157 20 26 7 38 8 3 7 4 1 6 13 26 7 1 14 2 8 11 6 14 8 35 7 15 25 22 9 3 23 16 0 9 1 0 0 2 2 2 0 0 1 1 0 0 1 0 4 9 1 17 49 4 2 0 0 2 0 0 0 11 4 0 0 13 1 2 0 1 0 1 6 1 0 4 
81 103 71 22 46 94 117 155 148 109 39 108 133 74 21 24 124 169 129 192 242 189 173 275 93 15 38 241 28 101 33 88 39 23 34 17 33 6 28 62 51 3 35 18 30 22 30 12 34 92 21 16 40 25 14 2 5 27 0 7 2 2 3 5 5 5 1 4 1 2 9 18 0 1 17 19 1 4 41 3 3 1 3 0 0 8 8 24 15 0 0 16 2 9 4 8 0 10 2 2 1 9 
52 76 71 19 24 97 105 83 128 101 44 114 159 129 76 170 9 94 87 120 162 144 173 327 73 12 34 171 21 117 35 69 45 31 44 27 51 17 99 88 60 8 32 18 46 48 31 25 43 126 10 4 40 24 14 6 19 38 0 22 3 1 3 4 3 2 0 0 0 1 5 3 2 1 15 14 0 13 65 7 4 0 0 1 1 8 2 36 27 0 0 15 12 3 4 1 0 2 0 1 1 6 
30 43 38 4 22 44 56 73 50 106 63 100 136 158 89 257 103 13 86 87 165 109 169 221 65 23 33 134 21 81 39 42 34 25 38 36 26 16 108 58 47 11 18 34 42 31 37 20 47 101 26 5 23 17 2 2 14 16 0 12 2 2 3 7 1 0 0 0 0 0 0 0 0 0 13 4 0 7 41 5 4 0 5 2 0 9 12 40 18 0 0 19 3 2 2 2 0 0 0 0 1 6 
40 29 31 9 13 69 43 45 50 58 26 81 77 145 82 244 167 93 7 73 179 95 154 251 62 18 23 106 12 58 28 51 23 27 37 23 23 20 82 42 22 5 12 24 21 33 19 31 21 108 4 7 15 12 6 3 12 13 0 6 3 0 2 5 1 0 0 0 0 0 2 0 0 1 9 11 1 4 30 8 1 1 0 0 0 7 10 19 13 0 0 7 1 0 0 2 0 0 0 2 0 0 
19 23 18 3 8 9 22 17 11 20 5 24 44 46 26 103 53 40 34 6 14 13 43 68 34 24 23 101 7 14 5 8 7 2 4 7 6 6 36 16 13 1 6 3 9 7 6 21 3 27 5 4 6 0 0 1 0 7 0 4 0 0 1 0 0 0 0 0 0 0 0 0 0 0 0 2 1 1 12 3 1 0 0 0 0 0 4 5 6 0 0 0 0 0 1 0 0 1 0 0 0 1 
8 5 7 0 2 15 19 11 21 21 5 31 61 53 37 143 57 65 56 2 7 14 57 102 23 33 38 99 3 11 5 3 2 0 10 2 11 13 26 26 10 4 10 5 5 7 6 5 5 24 1 0 5 0 1 0 0 4 0 3 0 0 0 2 0 0 0 0 0 0 0 0 0 0 1 2 0 1 4 0 1 1 0 1 0 2 1 6 3 0 0 1 0 2 0 2 0 0 0 0 0 0 
9 22 11 2 2 9 18 11 25 27 16 25 55 48 37 101 57 52 53 17 6 3 36 72 16 10 40 93 3 7 0 4 2 2 12 7 12 7 19 4 0 0 3 4 1 4 1 2 4 12 1 3 3 2 1 0 2 2 0 4 1 0 0 0 0 0 0 0 0 0 0 0 0 0 0 0 0 2 4 1 0 0 0 0 0 3 0 1 1 0 0 0 0 1 0 0 0 0 1 0 0 0 
3 2 3 0 0 5 1 7 4 11 5 11 15 17 27 94 45 21 31 14 36 10 3 11 7 2 22 103 1 4 1 1 6 2 7 2 2 6 11 5 9 0 1 5 3 7 1 3 9 17 3 0 1 2 0 0 0 5 0 1 0 0 0 1 0 0 0 0 0 0 0 0 0 0 0 0 0 2 1 0 0 0 0 1 0 1 2 4 0 0 0 1 0 0 0 0 0 0 0 0 0 0 
7 8 20 6 8 20 18 20 13 41 9 44 32 43 38 168 68 49 54 31 35 26 19 8 15 36 86 114 6 9 8 5 13 8 8 8 10 14 31 14 11 1 6 8 20 11 9 12 15 38 3 0 6 1 0 1 3 5 0 1 2 0 0 2 2 0 0 0 0 0 0 0 0 0 8 2 0 2 16 4 0 0 0 0 2 4 1 19 4 0 0 5 0 1 0 1 0 0 1 0 0 4 
13 31 16 4 21 30 12 19 17 35 8 39 59 47 29 107 46 50 40 28 38 30 19 10 4 6 40 129 2 17 14 5 37 13 12 8 10 7 36 16 33 1 18 14 20 26 10 15 10 67 18 16 15 9 1 5 6 12 0 1 1 0 0 2 2 3 0 1 2 0 0 0 0 1 5 5 1 6 24 6 5 0 0 2 1 7 3 45 6 0 0 5 1 1 0 2 0 2 0 0 0 2 
1 1 3 3 0 2 1 2 2 1 3 4 2 5 5 14 11 7 13 6 17 19 21 29 4 0 2 25 0 3 0 2 0 0 8 0 0 2 5 0 6 0 0 4 1 0 0 0 3 6 2 1 0 3 0 1 0 1 0 0 0 0 2 0 0 0 0 0 0 0 0 0 0 0 2 1 0 1 3 0 1 0 1 0 0 0 0 3 0 0 0 0 0 0 0 0 0 0 0 0 0 0 
0 1 0 0 2 1 1 1 1 0 0 5 1 2 1 5 2 1 2 5 15 4 7 22 5 5 1 30 0 0 0 0 0 0 0 0 0 2 2 0 1 1 0 0 1 1 0 0 0 5 1 0 0 0 0 0 0 1 0 1 0 0 0 0 0 0 0 0 0 0 0 0 0 0 0 1 0 0 0 0 1 1 0 0 0 1 1 3 0 0 0 0 0 0 0 0 0 0 0 0 0 0 
24 33 22 4 15 33 18 26 18 65 22 55 86 122 86 230 89 71 83 74 126 139 149 161 78 21 49 6 3 4 8 16 24 5 17 3 18 23 77 32 25 5 12 23 23 23 20 49 14 77 5 9 16 4 7 6 4 9 0 2 2 0 1 4 1 0 0 0 0 0 1 0 0 0 14 9 1 10 29 1 3 2 1 0 4 4 3 35 12 0 0 10 1 2 0 8 1 2 2 0 1 5 
113 149 115 22 22 113 92 66 75 50 21 60 69 65 34 82 30 37 26 4 18 36 9 24 11 0 0 13 2 5 1 13 6 9 6 6 6 13 44 22 45 0 5 6 15 16 27 5 21 64 4 6 12 8 1 2 12 7 0 5 2 1 4 13 6 8 1 9 1 4 2 7 2 3 5 3 1 8 12 4 2 1 3 5 2 8 7 19 10 0 0 3 0 6 1 6 0 1 2 0 0 6 
1 2 0 0 3 5 11 6 2 4 5 6 24 4 2 25 57 28 16 6 8 12 6 13 7 2 1 5 1 19 156 211 287 114 186 180 288 220 294 205 119 33 47 53 107 62 58 34 63 294 19 5 15 17 5 0 5 20 0 11 2 2 8 22 38 59 15 20 6 27 19 6 1 0 12 7 1 10 44 22 7 4 2 6 3 14 14 104 26 0 0 18 8 9 11 21 4 10 10 17 2 15 
1 4 1 1 0 2 1 0 2 0 1 3 7 0 6 4 13 18 4 8 3 4 1 6 2 0 2 4 1 164 8 149 100 60 66 51 101 62 130 56 21 2 17 21 23 33 14 16 14 62 0 2 2 3 0 2 9 16 0 15 0 1 7 9 24 19 0 9 1 3 6 13 3 0 7 0 0 2 20 4 1 9 2 0 3 5 6 19 13 0 0 15 1 6 3 5 1 5 5 1 1 4 
3 6 6 1 0 2 3 10 6 5 2 8 12 3 3 36 69 38 28 7 1 5 1 14 9 7 2 10 4 379 231 16 166 104 156 122 288 331 325 202 133 26 98 62 90 81 73 56 74 237 26 5 9 23 10 4 15 14 0 24 5 5 15 11 56 59 25 25 11 22 8 13 2 0 10 12 0 4 49 8 18 5 5 8 4 17 15 97 48 0 0 42 12 25 14 27 4 7 4 2 0 9 
12 17 12 0 2 20 12 16 10 13 5 10 23 6 6 52 83 51 20 9 23 10 14 72 42 3 3 33 2 583 220 240 16 57 171 156 276 220 372 248 212 27 124 131 144 148 138 121 147 770 46 35 72 47 12 5 26 39 0 25 2 1 2 14 44 54 19 33 13 47 45 60 10 7 26 14 6 16 77 12 26 9 10 13 6 33 21 206 43 0 0 64 14 30 18 30 13 9 15 8 6 44 
10 9 12 0 1 10 7 14 6 2 1 7 5 3 1 28 55 17 7 2 6 8 14 16 9 1 4 7 3 269 139 131 75 8 40 27 117 120 196 150 77 26 36 64 61 74 39 47 47 159 17 12 17 15 10 0 18 24 0 6 6 11 3 1 21 32 6 20 12 26 50 69 14 21 19 8 0 17 57 13 3 5 4 0 0 9 8 49 27 0 0 28 3 19 7 27 3 16 5 4 0 12 
5 5 8 2 2 6 12 7 4 5 0 1 8 2 7 29 81 63 40 28 24 13 37 63 26 1 8 25 7 610 277 386 157 79 23 31 164 187 311 410 125 33 123 134 132 101 90 88 103 291 24 19 21 26 8 9 23 57 0 17 7 4 6 19 15 46 15 43 34 47 60 81 23 11 13 3 6 8 64 9 7 2 2 3 1 24 7 57 39 0 0 38 37 33 24 46 6 45 21 6 2 22 
6 8 2 0 0 1 3 3 2 1 0 0 1 5 0 28 30 25 18 10 10 17 11 22 6 5 10 8 2 339 168 202 137 78 56 9 137 120 185 134 57 14 36 36 40 76 31 43 35 139 6 1 5 4 6 3 3 11 0 3 1 4 5 22 29 20 6 17 5 10 32 48 8 4 1 8 0 7 11 1 0 0 0 2 0 4 5 31 9 0 0 27 23 17 11 11 0 8 8 2 3 7 
7 7 8 0 1 3 7 2 4 7 1 2 3 2 1 55 43 27 27 22 27 27 19 45 21 2 4 33 2 959 413 725 344 200 222 198 29 224 588 645 313 70 164 168 249 240 131 140 124 593 21 17 17 24 6 1 11 14 0 2 2 2 42 52 45 55 24 39 14 13 78 62 24 12 10 4 1 0 23 2 6 2 3 8 4 35 25 134 79 0 0 135 56 75 42 65 13 49 38 8 4 43 
10 16 5 8 2 2 12 12 16 9 6 10 8 8 4 3 16 18 24 10 20 10 13 47 14 3 6 26 4 355 141 439 164 106 124 109 114 14 131 330 191 31 147 124 156 128 87 104 105 386 2 11 11 2 1 0 6 4 0 2 2 2 16 27 21 9 4 10 1 4 31 23 6 5 4 3 1 0 15 2 0 1 0 1 2 21 23 113 52 0 0 75 17 24 15 33 6 22 14 4 3 25 
31 38 36 10 14 71 36 49 64 49 33 61 67 19 16 17 80 63 54 38 89 83 58 137 55 6 13 107 16 505 174 541 352 179 219 134 362 148 39 727 487 57 197 230 223 241 201 205 172 770 35 13 44 17 5 8 53 33 0 1 6 8 22 48 52 49 22 29 13 13 65 60 16 12 29 23 2 16 55 13 6 6 6 20 10 42 67 219 82 0 0 132 31 54 18 70 10 43 34 15 9 70 
20 29 27 1 13 37 34 30 51 18 7 50 60 25 11 44 62 50 16 23 24 10 30 43 23 3 4 21 11 227 70 154 156 90 123 81 326 271 600 21 43 29 93 174 140 190 121 131 142 515 9 11 14 18 3 3 15 15 0 6 0 1 8 21 28 16 6 7 0 3 21 11 3 2 12 5 0 3 33 5 14 13 8 16 20 13 21 74 47 0 0 78 12 28 14 61 16 15 11 2 2 13 
8 22 20 3 2 20 22 16 25 18 12 20 32 36 7 18 52 26 16 18 34 20 19 47 16 4 0 39 4 133 39 105 100 60 66 59 144 172 428 118 18 20 58 139 127 180 108 140 156 389 4 4 7 6 2 2 1 6 0 0 2 1 9 21 26 16 3 4 4 4 16 11 5 2 5 8 2 17 26 17 12 7 9 13 8 51 33 36 56 0 0 89 21 45 17 52 10 27 29 11 5 34 
1 2 1 0 0 6 2 3 4 5 3 0 2 1 2 2 6 4 2 3 2 2 1 1 1 0 0 0 1 11 4 16 16 5 9 9 49 19 49 26 24 5 11 54 28 41 23 25 30 61 1 0 2 0 0 1 1 0 0 0 0 0 3 2 2 3 0 1 0 1 6 8 0 1 0 0 0 3 4 2 7 1 3 2 6 5 15 14 14 0 0 15 1 2 0 13 0 4 3 0 2 2 
14 37 34 6 6 6 19 20 8 10 13 19 32 7 8 11 80 25 49 23 37 15 8 28 12 0 1 31 6 157 63 128 124 83 92 50 163 157 272 234 129 36 31 112 166 219 118 232 284 620 13 19 28 23 4 3 16 18 0 11 2 0 5 15 18 15 9 11 0 2 23 31 1 5 40 22 4 30 50 71 87 33 53 133 126 112 92 266 177 0 0 155 95 134 162 297 33 162 101 31 40 100 
14 28 26 3 1 25 34 20 14 6 7 10 20 5 9 28 38 46 18 15 16 21 4 46 19 2 1 69 3 138 49 188 100 83 76 33 157 246 302 583 189 106 111 35 230 459 187 327 416 965 13 7 34 26 16 7 16 32 0 3 0 2 0 13 18 20 5 9 3 8 13 17 3 5 50 22 3 44 97 83 73 41 60 174 145 262 180 284 130 0 0 387 160 326 197 399 65 217 99 40 23 139 
12 22 7 1 2 14 13 13 18 12 3 6 10 4 4 20 31 24 19 8 30 9 9 36 14 4 2 40 3 119 34 106 101 53 52 27 98 121 210 203 120 33 78 195 11 215 135 199 218 517 8 6 15 4 1 4 2 8 0 5 1 1 1 21 20 14 5 9 3 4 12 16 4 2 16 13 1 21 29 30 24 22 15 38 34 58 33 77 28 0 0 108 32 86 39 88 19 95 53 24 8 53 
11 21 11 4 2 15 27 22 15 19 17 23 42 8 11 13 27 48 27 24 28 15 14 46 22 1 3 49 6 131 45 133 156 60 70 69 172 170 269 305 235 28 129 344 221 38 152 508 617 1136 21 14 35 9 7 2 15 16 0 6 0 2 5 18 32 18 8 10 6 8 21 17 5 5 33 23 1 25 57 40 47 30 35 96 59 123 90 307 97 0 0 215 49 111 56 121 16 104 67 23 13 114 
16 23 16 1 2 16 26 38 34 25 11 11 20 8 8 17 56 34 21 10 24 12 9 20 13 1 7 64 1 127 27 118 99 31 74 47 147 171 278 341 193 53 96 280 280 270 22 483 566 848 12 11 25 7 3 7 8 14 0 2 0 1 8 6 14 22 6 8 1 3 10 9 5 2 20 13 4 25 42 24 55 19 32 70 41 163 78 221 55 0 0 139 48 102 80 84 10 93 79 14 11 98 
4 6 8 0 0 10 4 5 4 8 6 6 8 2 3 3 11 9 13 6 6 3 2 15 3 2 2 6 1 27 12 17 53 13 17 23 38 60 110 65 71 12 52 107 107 304 121 11 134 525 2 1 4 5 2 0 1 1 0 0 1 1 0 0 4 5 2 0 0 5 5 1 0 2 7 2 0 6 7 8 8 4 7 22 16 25 29 118 22 0 0 62 14 22 19 30 15 21 27 4 4 30 
5 8 13 2 0 3 1 6 4 5 5 2 7 0 2 5 27 7 3 5 10 7 5 9 12 0 3 16 3 45 10 38 52 34 27 15 45 60 73 107 55 15 54 96 63 262 113 152 15 507 9 0 10 1 5 2 2 4 0 0 1 0 1 4 9 5 1 1 0 2 4 5 3 3 15 7 1 4 11 15 14 6 9 21 20 38 11 120 15 0 0 74 17 41 19 15 7 32 29 4 7 13 
52 62 34 15 22 37 38 28 43 40 33 49 57 21 21 42 82 72 42 36 53 42 42 83 54 1 8 106 10 358 85 253 381 108 162 106 304 304 556 496 328 69 206 453 375 647 335 727 828 36 44 26 93 26 8 10 21 33 0 11 8 3 4 30 37 43 10 17 4 9 36 36 13 16 74 40 5 46 101 74 79 67 61 170 90 151 111 662 106 0 0 240 67 134 104 120 21 133 155 27 26 151 
14 19 16 4 5 14 8 9 6 16 9 16 32 21 21 33 17 10 14 8 6 8 15 18 16 0 0 19 3 25 15 19 36 25 17 6 5 9 14 30 9 7 8 15 13 14 13 14 9 47 4 47 112 110 40 9 72 115 0 90 25 6 8 53 58 45 23 47 11 47 33 36 15 28 14 21 2 32 235 18 33 5 17 48 34 48 12 69 26 0 0 21 5 11 11 8 0 15 8 4 5 19 
6 4 2 1 0 8 13 2 2 3 4 7 8 8 5 20 5 3 5 2 0 1 19 5 1 1 0 7 0 9 1 11 19 2 5 3 4 2 13 6 3 6 0 13 2 6 3 10 1 24 15 8 61 89 41 15 31 46 0 38 4 3 3 24 11 19 9 14 5 10 3 12 13 12 9 14 1 14 92 10 21 2 7 23 10 18 8 33 2 0 0 7 2 5 1 4 2 9 7 1 1 12 
7 12 7 0 4 13 14 4 8 4 0 8 10 15 6 11 14 11 5 7 5 3 5 17 10 0 0 18 2 32 9 20 30 17 19 7 2 3 27 12 17 1 14 14 11 13 14 21 11 45 62 52 5 41 30 8 33 60 0 57 12 3 8 33 27 37 12 34 8 29 13 17 12 18 24 19 7 25 155 23 14 7 6 37 19 28 29 52 6 0 0 14 7 9 3 8 3 19 9 6 0 14 
6 8 1 2 1 9 3 10 0 7 3 2 3 6 3 9 7 7 0 4 4 0 3 29 0 0 0 10 0 15 6 8 7 12 5 1 2 6 8 4 2 2 6 7 2 5 7 0 2 18 57 30 49 8 18 6 14 17 0 29 2 3 3 11 12 20 7 12 1 13 10 8 6 16 3 9 6 23 138 4 6 3 3 31 14 8 2 17 4 0 0 4 0 5 3 1 1 9 4 1 1 16 
19 3 3 0 0 3 2 3 2 4 1 0 3 3 12 12 3 2 2 2 1 0 8 5 1 0 0 8 3 7 1 3 6 0 3 1 0 2 10 6 3 0 5 0 0 1 6 2 7 7 33 13 32 22 1 2 6 26 0 23 4 1 1 12 24 10 5 15 1 16 2 21 7 11 19 18 3 23 80 11 4 0 15 4 5 3 4 6 2 0 0 1 1 6 4 0 0 0 5 0 0 1 
5 5 1 3 2 2 2 6 2 4 0 2 1 9 6 10 3 2 1 1 0 3 0 1 5 0 1 3 1 8 2 3 11 8 6 2 1 1 4 4 1 2 4 5 0 2 8 3 2 18 20 3 14 18 9 0 12 21 0 17 6 3 3 7 14 18 2 11 5 12 7 3 4 7 7 18 3 10 74 8 3 0 3 13 1 8 2 8 2 0 0 2 1 5 4 1 0 2 3 5 0 1 
4 17 8 1 8 8 14 8 10 4 19 16 9 17 10 29 10 8 5 1 0 5 2 3 3 0 1 9 2 19 8 10 11 15 14 2 5 3 8 7 2 2 19 14 2 8 4 10 15 32 50 24 78 80 26 10 3 15 0 50 28 2 14 15 17 40 8 34 8 24 9 16 8 25 39 28 1 28 133 10 17 4 10 40 25 21 8 48 10 0 0 14 0 6 14 9 0 13 18 1 1 12 
5 18 32 0 14 12 12 16 6 17 6 13 8 18 9 14 7 17 12 3 5 6 8 7 6 0 2 8 6 25 12 25 25 10 17 8 6 3 21 10 5 2 10 20 9 8 4 3 5 38 61 30 95 66 46 25 11 9 0 42 11 7 14 27 43 35 21 37 25 23 18 22 10 20 52 83 14 60 204 22 15 7 15 71 30 17 11 62 10 0 0 8 2 5 4 1 0 7 6 4 0 11 
0 0 0 0 0 0 0 0 0 0 0 0 0 0 0 0 0 0 0 0 0 0 0 0 0 0 0 0 0 0 0 0 0 0 0 0 0 0 0 0 0 0 0 0 0 0 0 0 0 0 0 0 0 0 0 0 0 0 0 0 0 0 1 0 0 0 0 0 0 0 0 0 0 0 0 0 0 0 0 0 0 0 0 0 0 0 0 0 0 0 0 0 0 0 0 0 0 0 0 0 0 0 
10 17 8 1 5 9 12 6 5 4 2 10 24 22 8 44 14 28 10 8 5 10 3 12 5 1 1 21 4 18 14 18 12 14 11 5 5 3 15 6 10 3 8 7 7 2 3 7 6 14 40 30 36 52 31 12 31 50 0 2 2 3 18 46 70 47 27 25 8 24 36 34 10 37 37 25 8 24 92 5 6 7 14 18 15 11 5 32 4 0 0 8 4 1 3 6 1 4 3 1 0 12 
8 8 3 1 1 7 7 10 14 3 1 4 0 6 7 7 2 1 1 0 0 1 1 4 2 1 0 0 3 8 11 18 7 7 5 1 6 3 22 7 4 1 4 2 7 1 2 3 5 24 21 10 20 21 16 6 32 37 0 13 2 3 7 17 19 37 9 38 7 26 19 20 10 27 10 19 11 25 54 4 7 13 5 5 4 8 3 16 3 0 0 3 2 0 5 1 0 1 4 0 0 6 
14 13 13 4 11 19 28 25 8 13 6 20 38 10 14 21 22 9 8 2 2 0 0 8 3 1 8 3 2 93 37 79 39 29 35 23 36 53 83 73 31 10 30 17 32 20 10 9 26 65 14 12 32 31 12 18 27 69 0 53 24 4 0 95 72 86 35 55 17 93 72 67 20 36 13 27 0 9 102 27 26 15 18 25 17 22 8 57 14 0 0 7 4 19 1 8 1 6 7 1 6 8 
6 7 2 0 0 4 8 19 1 0 0 0 6 0 0 0 5 3 2 1 0 0 0 1 0 0 0 0 0 10 6 0 6 3 6 11 18 7 9 5 2 0 0 1 2 0 1 3 0 12 7 2 18 14 6 8 10 19 0 15 3 0 2 3 16 27 15 16 10 15 26 22 11 11 9 2 0 14 29 8 12 4 7 1 5 5 3 4 2 0 0 3 0 0 0 0 0 0 0 0 0 1 
4 12 3 2 4 21 18 10 16 6 6 1 5 0 0 3 4 5 2 0 0 0 5 1 3 0 2 1 4 29 6 11 8 1 12 12 24 19 46 12 12 2 7 14 11 4 5 12 11 24 32 28 52 48 27 9 28 58 0 43 13 5 12 3 25 50 34 39 9 58 49 69 38 28 20 24 18 17 84 18 10 6 13 3 2 8 6 15 3 0 0 11 4 1 1 2 0 2 1 0 0 3 
15 8 5 2 3 11 19 29 13 7 3 5 4 0 0 3 2 0 0 1 0 0 1 3 0 0 0 0 2 46 61 46 37 16 12 5 21 25 39 23 24 4 11 11 14 10 16 8 9 39 24 18 39 27 12 3 40 45 0 56 26 4 21 33 4 31 27 68 57 71 96 141 57 44 13 8 3 13 78 23 29 4 7 7 7 7 5 30 11 0 0 2 7 0 0 0 0 1 1 0 0 6 
9 22 11 3 8 38 22 46 22 21 12 31 30 0 0 6 0 0 0 0 1 0 1 0 0 0 0 2 10 158 88 135 63 42 42 44 71 28 66 49 16 2 10 18 35 17 12 35 29 130 24 27 51 51 15 14 63 78 0 96 43 5 70 100 75 14 26 85 84 213 252 323 85 109 10 22 5 19 179 20 15 28 33 33 36 21 14 43 27 0 0 7 4 7 0 8 2 0 3 0 0 4 
3 4 0 0 1 2 5 1 7 6 0 6 1 1 0 1 1 0 0 0 0 0 0 0 0 0 0 0 2 16 12 17 12 9 9 5 18 6 20 3 4 1 7 3 7 10 14 3 1 15 2 7 16 8 2 1 6 3 0 17 7 4 12 22 35 6 4 11 17 31 54 94 18 15 7 5 1 8 21 10 5 3 6 2 1 6 2 3 1 0 0 4 0 0 0 1 0 0 0 0 0 0 
8 5 4 0 2 8 8 8 3 3 3 5 3 0 2 1 3 0 0 1 0 0 0 0 0 1 0 0 2 27 12 9 12 17 14 9 25 13 23 7 4 1 5 16 4 13 5 6 9 34 13 14 39 32 11 8 12 37 0 29 20 3 13 24 43 36 14 3 28 32 111 119 13 55 15 3 2 20 48 12 11 4 8 5 2 9 1 12 3 0 0 1 1 0 0 0 0 2 0 0 0 1 
0 1 2 0 0 2 3 3 2 2 0 2 0 1 0 2 2 0 0 0 0 0 0 0 0 0 0 0 0 9 5 8 3 8 13 1 12 8 8 0 0 1 2 2 6 3 1 3 3 9 3 1 4 4 2 3 5 5 0 10 3 1 3 13 26 31 25 10 1 14 63 86 11 11 0 4 1 7 15 6 1 1 5 6 3 2 0 5 0 0 0 3 0 0 1 0 0 0 0 0 0 0 
1 1 3 0 0 5 5 1 4 1 1 0 0 0 0 0 0 0 0 0 0 0 0 0 0 0 0 0 0 18 10 11 8 12 20 5 12 2 8 0 2 0 1 1 0 5 2 1 3 9 6 3 15 22 6 1 9 7 0 16 12 7 9 12 38 52 24 32 11 4 71 70 26 42 7 1 2 4 32 3 9 1 3 1 2 1 0 4 1 0 0 1 0 0 1 0 0 1 0 0 0 1 
0 7 3 0 3 3 17 3 3 1 0 2 3 0 0 0 0 1 0 0 0 0 0 0 0 0 0 1 0 3 5 7 22 17 12 6 19 8 15 3 7 0 4 2 4 8 2 5 7 18 4 3 11 4 3 2 4 4 0 14 14 2 1 14 22 48 12 25 20 26 3 77 18 48 3 1 1 7 30 3 7 0 3 6 3 1 3 15 1 0 0 2 1 2 0 0 0 0 0 3 0 0 
1 1 3 1 4 3 3 2 5 5 10 8 6 0 1 1 1 0 0 0 0 0 0 0 0 0 0 0 2 9 4 6 28 8 13 2 21 13 15 11 6 0 2 7 11 8 5 4 8 25 9 5 7 7 3 2 4 9 0 16 3 2 8 37 45 71 23 67 53 56 82 1 43 32 9 5 0 3 28 10 7 6 1 6 6 8 0 8 0 0 0 3 2 0 0 0 0 1 0 0 0 1 
4 3 11 0 1 4 2 6 4 4 2 2 2 2 1 1 2 0 0 1 0 0 0 0 0 0 0 1 2 26 4 2 4 10 18 3 9 10 26 2 4 2 6 9 3 2 6 4 3 16 14 4 19 9 6 4 9 32 0 10 6 3 5 32 50 49 32 48 11 76 82 129 3 34 6 5 2 10 57 5 18 4 6 10 4 2 2 9 1 0 0 1 1 0 1 1 1 0 1 0 0 2 
4 16 4 7 6 4 14 5 4 8 5 1 5 1 1 3 3 1 1 0 0 0 0 0 0 0 0 0 3 2 0 10 8 27 9 4 21 27 48 7 11 1 2 2 14 9 5 9 5 37 22 5 25 14 16 8 16 20 0 25 18 6 8 25 55 76 21 84 24 149 125 125 27 3 29 11 0 17 129 14 5 3 12 12 4 10 3 34 8 0 0 6 0 0 2 0 0 2 0 0 0 4 
0 2 1 0 1 1 2 4 3 3 3 5 10 6 1 8 4 0 6 2 1 0 3 5 1 0 0 5 0 9 2 4 7 4 4 4 2 0 5 8 6 1 14 16 10 4 11 3 4 56 9 9 15 19 10 3 14 32 0 18 0 1 2 16 13 14 1 3 1 3 6 2 2 9 5 9 2 27 159 34 16 12 31 45 19 22 10 71 7 0 0 11 1 12 5 8 2 9 10 1 4 9 
1 1 1 1 5 3 1 7 3 4 6 0 5 3 3 15 15 1 2 1 2 2 2 2 5 0 0 8 1 5 2 4 10 5 5 3 2 2 4 9 4 1 16 8 7 4 10 3 10 48 17 4 11 17 4 12 19 34 0 15 6 0 0 16 10 37 2 5 1 8 11 11 2 6 26 4 39 79 217 42 26 8 55 70 39 37 12 68 6 0 0 12 4 18 6 2 3 12 13 3 2 9 
1 0 0 0 0 0 2 1 1 1 2 1 0 0 0 0 0 0 0 0 0 2 0 1 0 0 0 0 0 1 0 0 2 0 0 0 1 0 3 1 1 1 1 4 6 2 4 0 1 5 4 3 3 1 2 0 2 9 0 2 1 0 1 0 2 1 1 0 3 5 1 0 0 4 7 10 1 18 56 7 17 13 3 14 5 2 2 15 0 0 0 0 2 1 4 1 0 1 0 1 0 0 
1 2 3 1 1 0 2 1 0 3 3 0 3 2 8 4 1 2 1 0 1 0 1 2 1 1 0 4 4 7 3 1 4 2 4 0 0 2 3 5 8 1 2 3 7 8 9 7 9 11 6 6 17 10 2 3 9 13 0 8 1 3 2 4 9 11 0 4 2 5 3 0 0 4 52 59 12 7 67 19 19 5 21 67 22 21 11 47 8 0 0 10 3 1 7 10 3 8 7 1 0 5 
12 16 29 7 8 19 29 13 13 34 12 19 29 37 25 62 35 25 11 1 5 9 9 29 9 1 0 15 5 48 14 45 37 23 18 8 9 7 39 28 14 5 23 53 16 27 12 31 33 90 137 82 188 179 85 47 120 151 0 72 26 4 19 45 58 72 28 29 13 39 34 56 30 43 393 293 89 121 27 81 124 37 86 247 90 81 46 171 35 0 0 28 11 34 29 38 3 26 31 4 3 28 
0 1 3 0 1 1 1 8 0 4 0 4 2 3 1 0 3 4 8 5 0 0 1 6 1 0 0 5 1 6 3 12 3 1 1 1 2 2 32 5 4 5 23 16 4 13 10 13 13 29 22 2 13 9 6 4 14 20 0 6 1 0 2 7 14 27 0 11 3 5 2 10 3 9 48 86 30 66 132 4 18 17 64 146 58 38 15 93 22 0 0 24 2 16 10 19 6 21 9 2 1 16 
2 3 3 0 1 1 4 2 1 2 1 0 1 0 0 1 1 2 1 0 0 0 0 0 0 0 0 6 0 7 2 10 1 0 2 0 1 0 6 6 3 0 21 11 8 8 4 9 10 25 5 5 17 4 7 0 8 7 0 7 0 0 12 6 8 13 4 10 4 6 3 2 3 2 45 21 18 38 131 14 3 7 24 90 38 17 12 55 14 0 0 11 1 4 8 8 1 17 13 3 0 11 
1 6 2 0 0 1 0 3 1 0 0 0 0 0 0 1 1 0 0 0 0 1 0 2 0 0 0 1 0 8 2 2 1 4 1 3 0 2 1 6 15 2 23 19 10 13 11 13 29 49 1 2 2 2 2 0 2 8 0 7 2 2 1 5 1 2 1 0 2 6 3 2 2 4 19 31 6 24 60 26 15 1 8 55 36 23 17 69 13 0 0 16 9 21 20 25 2 28 16 0 2 18 
1 1 1 0 0 1 1 3 0 0 0 0 0 0 0 3 1 0 0 0 0 0 0 2 0 0 0 0 0 12 1 2 2 0 2 1 1 1 7 5 4 3 18 16 18 5 2 3 8 27 5 0 11 14 1 3 8 12 0 5 1 0 1 2 3 4 1 1 1 2 1 2 2 2 23 22 16 33 59 28 22 0 8 124 45 18 18 63 26 0 0 23 7 18 2 7 5 12 12 8 2 10 
6 8 3 0 1 15 5 9 6 4 2 1 1 1 0 4 2 2 2 2 1 2 2 2 2 1 1 1 3 8 6 15 8 3 2 4 3 6 14 17 9 5 72 91 26 54 39 50 65 153 45 44 66 44 25 15 73 87 0 19 4 2 1 3 8 13 2 7 5 7 8 16 2 8 158 109 22 159 360 235 232 84 219 20 213 177 104 251 52 0 0 78 44 49 34 47 17 56 33 28 3 30 
0 9 2 0 0 2 2 3 0 3 2 2 1 0 0 0 1 0 0 0 0 1 0 2 0 0 0 1 4 0 1 2 7 1 3 0 0 4 2 14 3 7 25 24 11 26 10 18 23 48 6 6 16 13 5 4 4 17 0 3 5 0 0 2 3 8 0 6 1 1 8 4 3 2 30 16 8 24 79 46 50 20 37 164 7 71 25 105 16 0 0 64 9 11 11 9 5 27 22 3 9 12 
8 8 5 1 1 13 2 3 1 5 4 1 2 0 0 2 7 6 3 1 10 0 1 6 0 0 1 5 6 25 4 14 22 1 14 11 15 22 51 18 13 24 62 116 49 76 47 55 37 210 11 13 25 23 4 3 21 24 0 28 11 0 3 9 6 3 2 1 3 2 11 6 4 3 38 21 1 24 60 44 53 14 45 118 76 4 27 98 56 0 0 124 41 83 52 58 19 45 43 13 5 49 
4 8 0 1 0 8 4 1 3 4 1 0 1 0 0 4 6 2 2 2 3 2 4 3 3 0 0 4 1 15 3 15 13 5 6 2 21 18 28 28 12 4 45 100 32 63 41 59 31 122 10 5 17 2 2 1 10 6 0 6 0 0 0 4 4 7 5 1 0 1 3 4 0 1 23 8 2 19 41 15 26 25 24 74 64 18 13 64 54 0 0 91 31 51 35 25 11 45 25 11 9 42 
10 28 20 1 7 10 10 4 4 6 5 9 8 3 2 10 15 25 6 6 8 5 11 28 23 1 3 40 3 68 12 34 89 37 25 12 36 54 140 33 17 23 121 178 75 163 92 105 150 558 24 18 67 12 2 1 36 31 0 22 3 1 0 8 12 18 4 3 1 5 6 7 3 5 61 51 7 49 97 57 44 37 68 152 95 84 38 23 45 0 0 154 35 83 62 136 25 65 94 26 13 160 
2 2 5 0 4 3 5 1 2 3 0 1 3 4 1 3 9 4 2 9 6 13 5 9 4 1 2 6 1 41 12 38 21 28 22 8 24 35 47 63 19 12 47 93 15 55 23 32 52 124 6 4 9 3 1 11 9 26 0 3 1 1 0 6 7 3 0 2 2 0 4 6 0 0 24 23 2 27 47 19 18 24 52 56 39 105 74 61 9 0 0 97 32 71 58 85 22 49 61 10 10 41 
0 0 0 0 0 0 0 0 0 0 0 0 0 0 0 0 0 0 0 0 0 0 0 0 0 0 0 0 0 0 0 0 0 0 0 0 0 0 0 0 0 0 0 0 0 0 0 0 0 0 0 0 1 0 0 0 0 0 0 0 0 0 0 0 0 0 0 0 0 0 0 0 0 0 0 0 0 0 0 0 1 0 0 0 1 0 0 0 0 0 0 0 0 0 0 0 0 1 0 0 0 0 
0 0 0 0 0 0 0 0 0 0 0 0 0 0 0 0 0 0 0 0 0 0 0 0 0 0 0 0 0 0 0 0 0 0 0 0 0 0 0 0 0 0 0 0 0 0 0 0 0 0 0 0 0 0 0 0 0 0 0 0 0 0 0 0 0 0 0 0 0 0 0 0 0 0 0 0 0 0 0 0 0 0 0 0 0 0 0 0 0 0 0 0 0 0 0 0 0 0 0 0 0 1 
7 27 21 3 3 38 25 22 15 21 16 18 18 15 6 23 31 12 5 2 5 9 4 18 4 0 1 13 6 128 60 112 79 63 79 40 184 213 358 135 74 32 81 323 175 248 190 327 338 769 28 29 49 29 16 3 16 30 0 21 2 5 5 14 35 19 0 2 1 0 9 20 1 1 40 44 7 45 134 73 75 66 88 124 183 234 159 586 280 0 0 23 84 224 110 676 64 355 251 45 38 226 
2 5 5 0 0 22 5 12 4 4 3 4 10 2 1 6 5 3 0 0 0 0 1 1 0 0 1 7 0 35 4 26 5 16 19 6 31 40 42 43 25 20 36 93 61 34 31 83 84 149 3 0 5 9 2 3 4 7 0 5 3 0 1 1 2 0 0 1 0 0 0 0 0 0 10 17 1 16 32 7 30 45 17 62 50 58 36 131 96 0 0 149 11 12 32 121 45 84 46 22 7 79 
0 3 1 0 0 2 7 4 1 4 0 1 6 1 1 1 1 1 1 0 0 0 5 2 0 1 0 1 1 25 10 23 25 5 18 6 26 16 54 30 25 3 61 95 66 67 24 92 117 188 4 4 19 4 5 1 22 10 0 6 0 0 0 2 0 1 1 0 0 0 1 0 0 0 18 14 8 25 40 27 21 20 49 69 53 83 47 218 103 0 0 152 12 10 15 135 11 70 40 20 17 44 
2 8 4 0 0 2 1 0 0 8 0 10 9 1 1 5 3 2 0 0 0 0 0 2 0 0 0 1 1 32 21 21 13 23 6 6 33 29 52 17 30 15 52 91 67 69 56 67 99 201 4 3 11 11 1 1 10 20 0 9 0 0 0 3 1 1 0 0 0 0 0 0 0 0 20 14 6 30 31 25 28 20 24 74 52 68 64 188 72 0 0 75 17 13 12 70 12 109 51 28 42 114 
2 7 2 0 1 0 3 1 1 5 2 4 4 1 0 2 2 0 0 1 0 1 0 2 1 0 0 1 1 21 5 10 13 6 11 11 22 19 52 34 20 9 84 118 38 57 29 28 42 103 1 2 2 7 1 2 2 8 0 2 0 0 1 2 1 0 1 0 0 0 0 0 1 1 12 9 1 21 22 36 20 27 16 46 27 49 36 144 64 0 0 98 48 26 23 5 10 42 20 11 2 49 
0 1 0 0 0 0 0 0 0 0 0 1 0 1 0 0 0 0 0 0 0 0 0 0 0 0 0 1 0 5 1 0 4 0 1 0 2 1 10 1 5 0 4 13 6 4 3 6 10 8 0 0 0 1 1 1 0 1 0 0 0 1 0 0 1 0 0 0 0 0 0 3 0 0 2 0 0 0 6 2 1 1 0 3 6 13 9 32 7 0 0 16 0 3 3 3 3 3 1 1 1 8 
0 1 0 0 0 1 2 0 0 3 0 1 0 0 0 1 1 1 0 0 0 0 0 0 0 0 0 0 0 6 3 3 3 0 7 1 7 5 22 4 3 4 24 52 19 18 12 15 21 61 2 1 6 0 1 0 1 6 0 2 1 0 0 0 3 0 0 0 0 0 0 0 0 0 11 8 1 6 18 7 5 9 12 26 11 19 13 87 21 0 0 74 7 15 21 35 0 4 2 7 1 26 
1 6 2 0 0 0 1 0 1 5 4 0 3 1 0 1 0 1 0 1 0 0 0 0 0 0 0 6 2 15 7 4 10 2 10 12 8 16 51 7 14 0 43 47 34 47 40 29 34 167 3 6 12 3 1 0 4 8 0 1 1 0 1 1 1 0 0 0 0 0 0 5 0 1 8 9 5 13 20 17 11 21 10 37 34 38 14 102 28 0 0 61 8 14 13 13 1 15 3 9 2 23 
0 0 0 0 0 0 0 0 0 0 1 0 0 0 0 0 0 0 0 0 0 0 0 0 0 0 0 0 0 0 2 0 0 0 2 2 6 0 3 3 0 1 8 14 3 6 1 1 5 6 1 0 2 0 0 1 0 0 0 0 0 0 0 0 0 0 0 0 0 0 0 0 0 0 0 0 0 1 2 6 2 2 7 9 1 4 1 32 3 0 0 19 1 15 20 3 1 1 1 0 2 3 
1 0 1 0 0 0 0 1 0 1 0 0 0 0 0 0 1 0 0 0 0 0 0 0 0 0 0 0 0 5 0 2 0 1 1 1 3 3 4 3 4 0 4 5 5 2 4 6 5 4 0 0 1 0 0 0 2 1 0 2 5 0 0 0 0 0 0 0 0 0 0 0 1 0 1 0 1 2 1 3 4 6 0 8 3 23 4 36 9 0 0 15 1 5 4 6 0 4 4 3 0 2 
9 15 11 0 0 10 8 5 4 6 2 4 12 5 8 1 8 12 7 3 1 1 1 0 0 0 0 9 3 41 9 20 21 8 15 13 35 31 75 32 44 8 119 105 79 111 90 77 66 330 23 17 24 21 4 2 4 12 0 8 2 1 2 5 2 4 1 1 0 1 1 1 0 5 41 17 7 19 49 27 22 21 27 78 40 64 40 339 96 0 0 123 41 104 105 158 12 82 57 9 5 11 
