1 8 39 13 10 42 56 26 42 46 15 49 59 54 39 63 27 34 39 19 20 20 4 32 14 1 1 20 54 4 2 2 8 3 3 10 2 4 17 19 13 0 16 9 9 6 5 7 5 49 5 2 9 6 3 0 5 8 0 2 1 1 2 5 12 6 2 3 2 0 8 1 5 1 4 5 0 0 15 2 3 2 1 8 2 9 3 30 5 0 0 3 1 3 0 1 0 0 3 1 0 8 
6 10 19 9 14 58 34 32 47 38 31 50 51 58 42 77 29 36 31 20 19 10 14 40 8 1 6 28 51 5 1 6 11 4 3 9 2 6 24 19 12 1 11 6 15 10 16 4 10 41 3 7 11 5 7 1 6 8 0 5 1 1 0 3 9 14 1 6 2 3 7 2 5 9 1 7 3 8 25 8 0 1 2 4 2 4 1 22 5 0 0 5 1 4 1 7 0 4 1 0 0 10 
40 27 7 7 17 53 42 61 46 43 25 40 49 79 50 54 49 32 30 15 18 20 10 31 10 2 7 28 88 0 1 4 14 1 12 2 3 6 14 26 12 1 7 17 11 11 10 7 8 35 10 8 14 7 2 2 3 7 0 2 1 0 1 8 5 7 2 5 2 1 13 1 3 1 3 3 1 5 15 0 3 2 6 7 6 4 4 18 6 0 0 5 1 1 2 5 1 0 3 0 0 5 
6 8 13 0 1 8 8 8 5 2 2 12 27 8 6 17 5 7 0 0 5 1 5 3 1 1 0 2 8 1 0 0 2 0 0 0 0 1 3 4 1 0 0 0 2 1 1 1 2 6 0 0 0 1 3 1 0 0 0 1 0 0 0 2 1 3 0 0 0 1 1 0 0 2 0 0 0 1 1 0 2 0 4 0 1 0 0 3 0 0 0 0 0 0 0 0 0 0 0 0 0 0 
13 7 8 1 3 10 4 10 14 4 21 19 36 14 11 15 16 12 17 8 15 3 3 15 5 0 1 10 6 2 0 0 2 1 2 4 2 0 8 14 5 2 7 3 7 2 2 13 1 29 3 4 2 0 3 1 2 8 0 1 2 0 0 0 1 6 0 3 0 3 2 1 0 1 1 0 1 0 11 4 0 0 0 0 0 15 3 17 0 0 0 5 0 0 0 2 1 0 0 0 0 0 
60 54 84 85 30 8 17 37 32 30 24 50 90 102 57 57 40 39 74 19 27 24 14 46 14 3 1 20 56 3 5 4 9 2 2 1 0 2 35 13 19 40 16 20 11 5 7 7 11 39 2 2 10 9 2 1 7 17 0 9 3 3 2 3 10 5 0 11 0 3 5 4 4 5 4 2 0 5 19 0 3 2 0 5 0 4 4 16 3 0 0 11 1 2 1 0 0 3 2 0 0 13 
33 50 43 17 13 18 15 25 42 32 20 37 62 59 46 62 22 25 25 24 12 8 9 22 4 2 3 8 58 6 1 3 15 3 5 1 1 3 20 29 6 2 6 9 7 14 9 4 3 26 2 3 9 6 10 0 3 13 0 4 1 3 1 4 5 8 2 1 6 2 4 10 3 5 1 1 0 5 14 3 1 2 2 2 3 3 1 10 1 0 0 5 4 2 1 1 0 5 1 0 0 1 
34 29 25 17 2 27 29 4 12 17 4 35 54 58 54 79 32 28 17 25 16 26 9 29 9 2 2 14 22 4 1 5 10 1 2 0 1 2 26 16 7 1 7 8 5 6 6 2 4 34 4 5 16 5 6 2 1 10 0 2 0 3 3 4 8 10 7 12 1 4 2 3 1 7 0 4 2 1 23 2 0 1 2 0 5 6 3 12 1 0 0 6 2 3 2 2 1 1 0 0 1 5 
44 77 166 34 27 95 140 62 14 16 28 40 98 83 48 71 52 41 44 25 17 32 6 38 23 0 4 35 33 4 8 5 13 2 4 1 5 9 18 21 9 1 6 10 7 5 13 3 7 42 1 5 9 2 12 1 3 10 0 0 2 1 1 2 1 10 2 2 2 3 2 4 1 0 3 1 2 4 9 4 0 2 1 1 7 2 2 10 9 0 0 1 1 2 1 0 0 2 1 0 1 3 
73 30 70 12 31 57 44 53 21 13 3 28 48 29 28 40 30 43 27 19 10 16 6 24 9 1 3 21 25 1 1 2 6 4 3 1 2 2 25 21 4 1 8 5 7 8 2 8 10 19 7 5 15 13 13 4 8 21 0 1 2 1 6 0 5 14 2 5 6 0 2 3 1 9 8 4 2 9 20 1 1 2 0 3 2 1 0 4 1 0 0 1 0 0 1 1 0 1 1 2 0 4 
19 37 36 8 28 70 104 53 102 31 5 22 60 22 38 57 30 27 17 22 11 13 14 31 9 3 3 35 6 11 3 2 4 2 2 1 2 7 14 20 9 1 4 10 10 16 12 9 10 43 5 1 3 6 1 0 11 11 0 8 9 0 4 0 1 1 2 5 2 0 5 4 1 4 8 2 0 4 9 3 6 0 0 1 1 0 0 10 0 0 0 2 0 2 0 5 0 3 0 1 0 2 
31 62 35 3 15 41 56 43 54 28 12 14 26 52 35 113 77 61 43 59 40 25 25 65 8 2 7 50 22 13 2 11 10 1 1 2 5 5 25 19 14 2 9 1 9 11 7 8 11 33 2 11 4 11 5 3 4 25 0 4 1 0 1 1 4 2 2 1 1 7 7 11 1 1 4 5 1 7 25 3 0 0 0 1 0 0 1 1 4 0 0 7 0 2 2 2 0 3 0 0 0 3 
61 97 124 6 39 150 192 150 199 75 71 126 12 100 131 85 69 79 75 58 57 54 21 87 47 3 2 68 13 14 8 21 14 6 8 1 0 17 40 34 11 3 10 9 6 20 8 4 7 46 5 5 22 21 7 2 20 14 0 20 8 4 7 5 3 2 3 0 1 0 4 10 1 5 22 3 1 11 24 3 3 1 0 1 0 5 0 7 3 0 0 9 1 6 3 5 1 2 0 2 0 9 
88 124 151 10 21 117 133 106 140 107 49 84 80 18 20 77 140 108 138 78 87 116 40 120 58 5 12 151 53 9 4 8 10 4 0 3 3 3 37 36 23 3 4 8 15 12 9 8 7 49 13 14 19 18 4 3 13 21 0 10 3 7 0 0 0 5 2 3 2 0 2 0 0 3 9 6 0 17 63 3 2 2 0 1 0 1 1 7 2 0 0 8 2 4 2 1 0 0 2 1 0 6 
71 90 65 30 22 88 90 103 79 58 29 52 56 19 3 26 61 79 58 92 60 70 99 135 44 9 38 123 21 4 2 21 9 2 16 1 0 2 20 39 12 0 18 30 8 16 12 6 3 27 13 3 13 17 5 2 7 16 0 14 0 1 0 0 1 1 0 3 0 0 11 1 0 0 7 4 2 7 42 1 0 0 0 1 0 0 3 12 1 0 0 3 10 1 0 5 1 3 1 0 1 4 
62 95 51 11 32 115 77 82 85 88 32 65 108 51 27 23 86 116 85 97 147 93 103 180 76 9 27 166 35 55 23 29 43 24 24 25 17 7 28 54 19 6 14 21 27 24 17 12 19 85 16 13 28 11 6 2 24 10 0 7 0 1 2 4 3 4 1 1 4 0 3 2 3 2 14 11 1 5 46 4 5 0 1 2 1 2 4 9 8 0 0 17 1 8 2 2 4 4 1 0 0 13 
30 50 34 5 19 41 52 55 78 73 25 47 105 71 50 80 8 58 93 49 125 65 66 206 25 4 8 100 11 67 27 59 58 19 27 24 29 13 42 50 46 7 23 37 30 44 29 16 22 85 9 9 11 9 3 3 16 20 0 6 9 1 3 3 5 3 0 0 0 0 3 1 0 2 15 9 1 5 30 6 0 1 0 0 0 3 7 25 5 0 0 10 3 3 0 4 0 1 1 1 0 11 
25 38 34 2 4 45 44 45 51 38 31 54 78 100 42 102 71 11 42 33 64 32 77 126 36 5 11 49 13 47 10 24 46 17 20 22 14 13 58 47 35 3 23 25 39 35 19 12 13 63 10 3 7 16 5 3 10 4 0 3 0 2 4 3 1 0 2 0 0 0 0 2 0 0 2 2 1 2 19 10 1 0 1 0 1 8 5 18 16 0 0 9 0 2 1 3 0 0 0 0 0 3 
15 37 23 3 2 29 49 35 32 27 35 33 62 74 44 114 134 28 9 42 120 53 90 179 32 28 4 71 17 28 18 16 10 8 17 13 10 4 39 25 10 4 13 6 18 19 9 12 9 50 2 4 11 6 9 2 6 5 0 3 1 3 1 2 0 0 0 0 0 0 0 2 0 0 1 1 0 4 13 1 2 0 0 1 1 4 0 14 2 0 0 4 2 0 0 2 0 0 0 0 0 1 
12 18 13 3 8 11 32 21 23 24 3 20 36 62 21 82 36 20 26 2 8 20 17 61 28 16 14 79 5 13 9 17 13 2 6 10 9 12 30 28 12 1 8 3 6 13 8 3 6 21 2 3 5 0 0 1 3 5 0 1 0 0 0 0 0 1 0 0 0 0 0 0 0 0 1 0 1 1 17 0 2 0 0 0 0 5 4 11 8 0 0 0 0 0 0 1 0 2 1 0 0 0 
4 13 11 0 3 10 16 8 19 8 9 23 60 41 30 98 68 51 55 3 3 7 40 93 19 22 42 83 6 6 1 3 7 1 14 8 3 16 47 14 13 3 5 7 12 5 2 2 1 25 1 1 2 0 0 0 0 1 0 0 0 0 0 1 0 0 0 0 0 0 0 0 0 0 1 1 0 0 9 0 1 1 1 0 1 4 1 1 6 0 0 5 0 0 3 2 0 0 0 0 0 0 
9 20 18 4 2 18 14 23 37 37 7 30 52 57 60 80 72 31 35 9 9 7 19 35 12 12 46 102 3 5 6 2 8 0 3 6 6 5 32 11 4 1 0 1 7 1 4 5 2 13 1 0 3 1 7 1 0 13 0 1 0 0 0 0 0 0 0 0 0 0 0 0 0 0 0 2 1 0 5 0 1 0 0 1 0 0 2 7 1 0 0 0 0 1 0 0 0 0 0 0 0 0 
7 13 2 12 12 37 26 13 8 16 18 23 18 49 33 87 55 35 43 22 46 23 7 21 6 15 37 127 8 2 2 2 6 0 7 2 7 16 41 13 14 0 4 9 6 10 5 3 5 33 0 2 5 3 2 0 3 3 0 0 0 0 2 0 1 3 0 0 0 0 0 0 0 0 0 0 0 5 5 0 0 0 9 1 0 1 6 10 0 0 0 2 0 0 0 1 0 0 0 0 0 1 
28 23 19 2 6 20 24 27 17 38 11 43 46 42 79 157 78 62 47 26 49 29 26 13 8 35 71 157 2 6 3 7 19 1 20 10 13 8 37 15 17 2 1 7 19 10 8 16 12 61 8 3 5 3 3 1 4 5 0 4 3 0 0 9 0 0 0 0 0 0 0 0 0 1 5 2 0 1 18 2 1 0 1 0 0 4 3 30 5 0 0 2 0 0 0 0 0 2 3 0 0 1 
28 28 23 3 11 28 13 30 21 46 18 33 28 56 39 78 48 47 83 21 34 22 36 19 7 4 15 50 2 18 8 11 50 8 12 5 11 7 39 31 27 1 9 13 30 17 20 13 16 111 26 8 21 4 4 1 4 11 0 8 1 0 1 3 0 1 0 1 1 0 0 2 0 1 12 3 3 4 34 5 6 1 1 1 1 7 2 46 7 0 0 3 0 1 0 0 0 1 1 0 0 0 
1 2 1 0 1 1 0 0 4 4 2 2 3 7 6 11 9 12 5 16 11 12 12 36 1 0 0 18 0 1 1 0 0 1 1 1 0 3 5 1 0 0 0 0 0 2 3 1 2 5 0 0 0 0 0 1 0 6 0 1 0 0 0 0 0 0 0 0 0 0 0 0 0 0 0 0 0 0 1 1 1 0 0 0 0 0 0 2 0 0 0 0 0 1 0 0 0 0 0 0 0 0 
0 0 0 0 4 0 0 1 1 3 1 2 5 6 4 7 0 1 3 2 14 4 6 17 2 3 1 29 0 6 0 0 0 0 0 0 0 0 1 0 1 0 1 0 0 0 0 1 1 0 1 0 0 0 0 0 0 0 0 1 0 0 0 0 0 0 0 0 0 0 0 0 0 0 0 0 0 0 0 0 0 0 0 0 0 1 0 1 0 0 0 0 0 0 0 1 0 0 0 0 0 0 
13 25 32 7 12 32 25 35 41 54 27 70 102 95 100 194 106 82 83 96 179 185 198 166 63 15 107 18 6 3 8 11 31 9 15 7 15 35 62 45 45 9 22 17 20 27 18 13 10 139 13 7 17 4 10 4 9 17 0 0 4 1 2 2 1 1 0 0 0 0 0 0 1 0 5 6 2 6 28 5 6 3 3 2 0 6 3 42 7 0 0 10 0 1 0 6 1 0 4 0 0 6 
72 149 118 27 36 97 78 68 50 42 22 68 34 72 51 72 33 32 33 27 24 31 4 18 9 0 7 17 3 4 3 4 8 9 13 2 3 11 32 40 16 1 9 22 16 18 16 3 18 77 2 5 9 2 1 0 8 8 0 5 3 2 0 11 4 4 5 1 1 0 3 10 0 6 3 0 0 2 31 5 0 2 6 8 2 5 3 10 8 0 0 4 14 0 3 5 0 1 8 0 0 10 
2 5 4 1 4 3 2 7 7 5 4 10 22 5 6 36 36 27 19 10 5 11 5 14 2 0 1 2 2 27 126 214 322 103 181 144 235 170 239 160 78 6 56 43 78 73 38 47 38 238 11 13 15 6 6 5 10 10 0 13 4 19 6 14 37 26 13 18 15 15 12 14 3 0 5 12 5 13 37 8 2 1 1 7 10 11 9 86 29 0 0 31 6 18 6 14 3 12 15 2 2 34 
0 1 0 0 0 2 5 1 1 1 1 3 4 1 3 5 8 13 7 3 7 2 2 7 6 0 1 3 2 149 9 127 118 39 61 47 101 68 88 46 18 8 23 14 13 34 9 13 9 59 6 0 8 1 2 0 6 1 0 4 0 1 3 12 13 12 4 8 5 5 4 8 1 0 2 1 1 1 11 6 2 2 1 2 2 3 5 15 3 0 0 8 4 4 1 5 0 1 0 1 0 8 
3 5 2 0 0 2 3 13 2 2 3 9 12 5 7 18 56 20 19 4 3 9 1 6 6 0 1 9 0 198 117 17 138 92 105 86 188 141 244 115 76 10 51 41 44 64 45 29 46 177 12 5 13 16 1 1 7 14 0 11 4 9 5 23 16 29 14 15 7 10 4 11 1 0 7 6 1 3 33 19 12 2 4 2 4 16 8 56 17 0 0 28 5 16 2 11 0 3 2 1 0 8 
12 30 8 2 1 10 14 9 8 12 3 7 11 7 6 32 77 24 15 7 24 14 12 46 34 1 2 26 3 364 120 139 17 33 100 95 200 217 245 233 158 27 125 113 133 192 114 103 120 683 48 14 69 20 20 3 21 39 0 27 4 6 1 9 15 50 3 43 8 21 29 37 0 11 17 6 6 6 86 6 9 5 8 11 2 28 17 187 48 0 0 48 14 44 25 36 4 17 8 5 2 41 
2 3 1 0 0 1 7 6 0 2 0 2 0 1 3 1 23 10 11 4 2 0 6 10 5 0 2 2 0 142 32 67 64 4 28 39 81 51 122 76 41 7 48 27 28 46 32 21 25 96 13 8 8 7 7 1 10 12 0 9 9 3 9 2 10 11 6 8 8 18 15 29 9 13 5 8 0 10 24 6 5 2 1 1 0 9 1 40 8 0 0 18 3 8 5 5 1 5 2 0 0 5 
6 12 5 2 0 6 3 6 6 2 2 4 7 0 2 14 25 34 25 23 19 8 17 19 18 15 11 11 10 305 123 168 137 21 6 18 122 72 163 207 66 13 56 55 56 79 25 46 38 170 5 2 11 15 8 5 9 12 0 5 2 14 4 7 11 11 14 25 16 23 27 30 11 4 6 6 0 3 21 2 6 0 0 4 1 13 5 24 24 0 0 39 23 26 24 26 2 10 11 2 2 14 
2 6 4 1 0 1 3 5 1 1 1 1 0 2 2 8 27 28 20 2 9 13 11 11 4 0 2 5 5 276 76 141 106 45 53 4 167 68 105 119 63 14 34 34 40 73 33 33 28 153 2 4 5 9 0 0 4 3 0 1 0 7 18 7 9 14 1 19 3 4 6 16 7 8 1 2 0 2 14 2 1 0 0 1 0 6 2 30 10 0 0 16 8 13 0 8 1 8 7 3 1 25 
8 9 5 3 3 4 5 4 2 2 1 4 2 3 4 36 44 36 33 16 28 42 22 56 23 7 4 53 3 595 319 509 442 158 174 214 32 187 551 513 232 91 156 192 214 220 133 123 88 607 17 24 36 22 8 2 7 16 0 1 2 21 21 31 46 50 16 52 8 9 57 61 23 22 17 5 0 4 28 3 2 1 2 7 1 36 25 107 61 0 0 123 39 49 37 35 8 40 13 10 6 58 
5 11 4 2 3 9 9 13 12 9 4 6 12 5 2 1 11 18 14 5 15 7 10 34 10 3 4 27 6 220 75 221 117 91 73 59 104 11 128 201 102 35 130 102 99 106 61 42 55 273 5 3 16 5 4 0 0 6 0 1 0 15 5 20 7 4 1 4 1 5 21 26 6 4 5 1 0 4 10 0 0 1 0 6 1 17 14 91 34 0 0 66 17 17 6 22 6 13 14 3 5 27 
44 51 51 5 7 39 37 40 54 45 34 43 31 27 8 17 71 72 48 40 53 67 41 137 38 3 13 87 29 474 118 446 305 144 166 134 353 204 35 569 382 50 187 210 229 229 148 137 123 708 22 21 77 16 5 7 24 14 0 9 3 17 25 41 52 44 29 24 13 7 47 33 22 16 33 11 2 6 66 5 7 6 5 13 9 33 45 175 56 0 0 119 28 40 25 68 19 38 52 6 3 70 
16 31 18 3 5 17 23 22 34 15 9 7 27 40 16 20 42 20 17 10 15 10 8 26 6 1 0 28 10 116 63 94 142 44 119 67 232 154 395 18 31 16 75 104 102 111 96 76 92 316 8 5 4 3 1 1 5 8 0 1 2 15 5 5 14 10 1 4 2 1 8 8 7 4 10 6 0 8 30 7 6 2 4 13 15 5 11 26 33 0 0 40 10 14 8 30 0 5 5 1 1 20 
11 22 13 2 2 14 19 18 18 6 2 13 17 12 17 16 57 18 13 14 18 12 6 27 14 3 0 35 7 123 32 74 127 57 68 45 127 162 287 57 13 34 52 74 74 103 91 57 53 314 4 3 9 3 1 1 5 1 0 2 0 3 1 12 8 13 6 8 0 3 10 14 9 1 6 6 0 5 18 2 9 3 10 13 3 20 16 22 30 0 0 56 16 21 16 30 2 10 5 6 4 29 
0 1 1 1 1 0 5 4 11 7 6 4 5 0 3 1 7 1 0 2 1 2 0 2 1 0 0 0 0 9 15 10 11 10 11 6 37 12 29 24 18 6 29 48 29 20 32 18 7 66 2 0 5 2 2 1 0 1 0 0 0 0 4 3 0 2 0 0 0 0 1 0 0 0 3 0 0 0 6 2 3 0 4 9 4 2 7 24 9 0 0 9 3 4 2 4 1 5 13 1 0 4 
9 11 9 2 7 13 17 16 14 6 7 13 14 8 13 8 49 29 11 9 17 9 14 23 4 0 5 22 1 92 56 93 97 58 70 55 113 128 146 113 61 32 22 89 86 115 89 66 96 370 4 9 14 6 3 4 8 11 0 6 6 2 5 6 8 11 6 7 0 1 21 5 3 1 28 7 2 16 40 28 26 21 22 93 64 64 59 126 85 0 0 78 43 54 34 101 23 68 48 11 6 123 
7 25 17 3 3 8 5 13 10 9 4 9 11 2 11 13 27 24 14 4 10 8 5 31 13 0 1 33 2 108 33 92 98 65 71 47 115 140 213 279 92 64 90 32 161 300 145 155 174 528 12 9 20 26 5 2 17 17 0 2 6 14 1 13 13 17 9 5 1 2 5 8 3 5 34 20 2 36 78 48 38 22 23 108 68 133 110 139 106 0 0 247 118 191 73 211 22 77 85 23 12 120 
7 25 9 2 1 15 7 11 13 4 4 7 8 8 4 11 34 26 12 10 6 13 7 17 13 0 2 28 2 90 26 59 111 23 62 29 80 89 179 156 70 31 53 157 19 192 115 153 136 382 8 8 8 9 0 2 9 6 0 2 2 1 1 12 11 7 6 8 3 1 5 4 5 2 19 8 2 15 26 4 15 11 7 23 22 44 33 82 24 0 0 95 26 41 27 70 23 54 31 9 6 59 
10 25 14 1 2 17 13 17 18 16 11 19 18 11 10 19 30 39 29 20 21 13 10 39 9 1 4 24 15 109 47 75 182 39 64 75 156 169 222 230 128 49 109 319 190 33 175 341 280 1000 16 9 33 14 6 8 8 19 0 2 2 2 2 19 22 23 1 9 4 2 17 13 7 12 28 12 4 15 39 23 29 21 30 83 59 112 35 154 46 0 0 185 36 82 47 56 10 99 65 12 12 170 
13 21 22 4 0 10 12 8 6 5 14 13 14 6 4 8 32 27 16 11 17 15 8 27 11 0 1 26 8 71 30 73 105 37 64 49 119 90 156 170 119 10 72 208 131 184 10 284 220 548 14 8 10 5 5 1 8 4 0 4 3 2 3 10 16 12 3 2 3 4 10 7 8 0 18 9 2 13 37 15 17 18 18 38 31 76 26 104 38 0 0 103 23 49 23 35 7 43 50 7 1 60 
6 6 5 2 3 6 2 5 8 8 4 7 3 2 1 6 8 8 2 6 4 8 1 7 2 1 1 11 0 17 6 17 61 14 25 16 40 33 64 45 50 9 40 74 67 166 88 18 77 396 6 5 12 4 1 0 1 4 0 6 0 0 0 2 2 3 1 1 0 0 0 6 1 3 15 3 1 2 16 2 1 4 5 29 17 27 6 52 13 0 0 66 9 31 18 21 7 20 27 1 1 27 
8 9 0 0 1 4 4 3 3 2 1 2 12 1 0 7 10 11 3 8 7 5 10 17 3 0 0 4 0 50 8 32 89 11 21 21 45 39 52 60 36 11 41 82 58 154 111 160 8 416 7 3 6 4 1 0 2 3 0 2 1 0 1 4 3 10 4 2 0 3 2 4 2 2 7 4 0 3 15 4 7 10 3 12 9 17 6 69 14 0 0 64 11 22 13 21 3 23 20 2 4 35 
55 57 30 6 10 33 38 32 16 31 23 37 41 21 14 25 82 51 50 15 50 31 26 120 63 2 5 125 17 267 64 171 527 106 152 103 326 260 498 441 323 29 160 461 272 545 320 463 452 41 41 20 87 24 9 10 18 25 0 11 6 12 4 27 33 44 16 18 6 14 27 20 15 12 82 40 6 36 114 65 36 51 48 110 42 147 75 452 63 0 0 254 26 88 96 87 16 126 137 31 11 270 
7 15 6 0 1 5 6 9 0 11 4 11 10 20 17 24 19 12 12 3 9 3 7 20 7 1 1 9 6 30 17 19 39 7 16 3 7 7 21 23 2 0 10 8 14 15 5 12 9 44 4 11 41 41 38 12 48 70 0 56 14 3 4 55 47 46 10 21 8 35 21 17 26 30 28 19 9 24 120 29 30 9 19 60 12 16 10 41 13 0 0 10 3 8 6 6 4 6 7 3 3 11 
2 7 7 0 0 10 2 3 2 6 2 2 11 8 2 5 10 9 2 4 2 1 6 9 2 0 2 6 1 9 5 13 22 2 5 6 3 1 14 3 2 1 9 9 4 6 4 2 4 16 7 5 40 49 32 13 9 31 0 28 6 2 4 13 13 21 17 14 0 4 6 9 10 8 1 2 0 8 86 6 6 3 10 15 6 6 6 13 6 0 0 8 4 7 5 0 0 3 1 0 2 9 
5 14 11 3 5 14 13 10 5 4 6 12 17 11 10 25 12 10 5 7 1 3 2 12 3 0 0 13 4 43 18 22 37 21 17 10 8 8 32 11 9 0 17 16 7 13 10 8 20 70 54 32 7 38 21 7 23 34 0 51 27 4 8 28 27 47 23 38 19 27 20 17 9 14 14 18 1 6 159 31 7 3 17 43 12 12 6 52 18 0 0 21 3 8 4 11 6 18 12 3 0 18 
0 4 8 0 0 4 9 2 4 8 0 4 3 10 9 15 6 7 1 2 1 0 2 3 1 1 0 7 4 10 4 11 15 11 10 6 7 3 6 11 3 1 4 4 2 10 5 2 3 15 21 20 44 4 7 2 14 21 0 26 7 3 6 29 14 22 7 11 1 20 10 14 17 4 8 7 1 10 79 4 11 0 3 32 5 7 3 8 4 0 0 7 2 8 5 4 1 5 4 0 0 3 
1 3 5 0 1 7 4 6 2 3 2 2 1 4 4 5 11 12 2 1 0 0 2 8 1 0 0 4 0 11 1 9 13 3 4 3 3 2 4 2 6 0 1 5 2 1 2 1 2 8 20 15 21 8 0 2 12 21 0 16 5 7 10 29 17 7 5 6 1 4 3 4 1 4 1 8 2 15 55 8 5 2 3 17 5 3 2 10 4 0 0 8 2 4 3 2 0 1 1 1 0 2 
0 2 2 1 2 3 4 5 2 1 7 1 4 2 3 3 4 7 1 3 1 0 0 2 4 0 0 2 0 5 0 11 7 2 1 4 1 1 11 3 1 1 4 3 1 1 2 1 2 12 14 3 12 8 1 3 11 22 0 10 1 5 1 6 8 12 2 4 4 7 11 9 5 5 6 6 0 13 41 11 2 0 2 8 10 3 0 7 2 0 0 6 2 3 0 3 0 3 0 0 0 0 
4 4 10 0 0 4 10 8 2 5 3 4 6 4 12 13 11 7 3 1 3 2 6 3 6 0 0 7 4 12 1 11 21 8 7 8 1 2 5 2 4 1 4 6 4 8 5 15 4 16 35 18 29 30 10 3 4 8 0 19 11 6 4 13 11 22 9 7 2 7 6 12 12 6 10 6 3 18 62 8 6 1 7 19 8 10 10 17 2 0 0 8 3 3 5 6 0 4 4 1 1 5 
4 6 4 3 3 33 9 11 5 5 3 14 19 11 3 13 9 2 5 3 0 2 4 10 3 0 0 6 4 19 6 21 24 9 19 5 5 2 16 2 4 0 6 11 5 8 2 2 4 21 26 21 69 41 12 10 12 5 0 17 5 4 6 17 17 18 12 18 6 10 3 10 0 16 23 37 1 20 134 14 17 6 9 29 26 8 4 33 6 0 0 18 2 8 6 5 0 11 6 1 2 5 
0 0 0 0 0 0 0 0 0 0 0 0 0 0 0 0 0 0 0 0 0 0 0 0 0 0 0 0 0 0 0 0 0 0 0 0 0 0 0 0 0 0 0 0 0 0 0 0 0 0 0 0 0 0 0 0 0 0 0 0 0 0 0 0 0 0 0 0 0 0 0 0 0 0 0 0 0 0 0 0 0 0 0 0 0 0 0 0 0 0 0 0 0 0 0 0 0 0 0 0 0 0 
11 11 11 1 2 5 10 4 3 3 5 9 17 11 10 28 26 24 9 5 4 10 5 25 2 4 2 9 11 22 6 7 14 10 1 1 6 5 12 7 3 4 4 7 1 7 2 0 11 25 31 30 51 71 28 17 17 51 0 4 4 5 10 24 23 48 14 19 7 19 45 26 8 20 39 10 7 10 67 7 9 8 5 18 1 12 4 27 8 0 0 6 0 6 3 7 0 2 0 0 0 4 
1 0 3 1 0 3 5 1 2 1 0 1 1 1 2 7 2 1 1 1 3 1 1 6 0 0 3 1 1 22 9 6 15 1 2 1 2 5 4 8 2 0 7 6 3 3 4 5 7 7 14 1 17 14 7 3 13 20 0 8 1 0 4 8 12 23 13 25 4 30 16 21 10 5 9 6 0 4 27 2 4 4 6 6 3 5 2 19 5 0 0 8 2 0 1 5 0 3 2 1 0 3 
0 2 5 1 0 6 5 7 8 0 4 3 10 0 4 2 12 3 4 0 0 0 0 3 1 1 1 3 1 28 25 17 15 13 15 3 23 11 18 19 13 4 7 7 5 5 12 7 7 33 8 3 6 11 5 1 9 10 0 13 4 6 1 27 42 24 23 17 5 18 13 17 16 12 2 5 5 12 27 6 10 4 5 9 4 5 9 11 4 0 0 13 2 12 2 2 0 1 3 1 0 4 
0 1 1 0 1 1 2 1 4 1 0 3 1 0 2 1 0 1 0 0 0 0 0 2 0 0 0 0 1 6 6 2 3 0 5 0 7 10 3 3 4 1 2 1 0 4 1 0 0 11 5 2 5 3 3 1 2 3 0 6 4 0 1 5 4 16 1 4 3 3 8 6 4 3 0 0 0 5 19 0 0 0 2 1 2 2 4 2 1 0 0 0 0 0 1 0 0 0 0 1 0 1 
4 5 6 1 1 7 6 12 9 4 1 5 4 0 0 5 9 1 1 0 0 0 1 2 2 0 0 1 1 22 8 14 10 3 7 11 25 8 27 15 8 1 11 3 8 8 4 5 3 28 17 7 27 30 5 4 10 13 0 7 7 11 11 3 14 32 7 11 3 28 26 29 12 7 22 7 0 11 66 9 7 9 0 5 2 1 5 12 3 0 0 7 2 2 0 2 0 2 1 0 0 6 
6 6 8 0 0 12 18 11 8 4 1 7 4 1 1 3 1 0 0 0 0 0 0 0 0 2 0 2 4 66 26 32 39 11 6 4 16 17 51 27 19 4 14 11 16 13 13 11 6 36 20 4 29 28 9 9 29 31 0 38 11 10 18 15 5 21 15 31 29 53 78 111 48 44 10 6 2 16 55 12 9 9 6 4 7 23 8 15 6 0 0 5 0 1 0 2 1 1 1 0 0 3 
5 19 8 0 4 27 8 17 15 6 2 11 12 1 2 1 2 2 2 0 0 0 0 0 0 0 1 0 1 81 50 56 26 30 22 17 40 14 54 23 13 1 18 26 13 27 12 3 14 66 23 16 32 16 18 3 13 31 0 51 42 30 28 32 63 13 20 60 46 101 111 165 42 61 26 23 3 11 79 9 7 11 7 13 4 10 6 23 3 0 0 8 0 1 2 2 0 3 1 0 0 6 
2 4 7 1 0 23 11 2 4 3 4 0 2 1 0 3 0 0 0 0 0 0 0 0 0 0 0 0 1 15 7 14 7 14 11 4 8 8 18 6 0 0 3 7 5 9 2 10 4 11 5 4 8 8 9 2 17 2 0 30 35 1 5 24 27 18 1 12 19 33 67 104 42 12 2 0 3 8 34 7 7 4 6 13 4 2 2 7 1 0 0 2 0 0 1 0 0 1 0 0 0 2 
4 3 4 1 3 6 3 6 7 6 1 0 1 0 0 0 0 0 1 0 0 0 0 1 0 0 0 0 2 24 11 12 10 23 7 6 19 8 15 7 2 0 4 2 5 5 3 10 7 18 5 6 16 7 8 4 12 12 0 23 6 3 12 16 32 26 10 1 30 37 94 111 27 25 9 4 3 4 46 2 6 2 5 5 5 3 2 11 2 0 0 1 0 0 0 0 0 0 0 0 0 0 
0 2 0 0 0 3 6 6 1 0 3 0 2 0 0 4 0 0 0 0 0 0 0 0 1 0 0 0 3 8 6 2 7 10 6 4 3 4 6 3 3 1 0 1 6 4 3 2 7 5 3 0 5 4 0 0 2 6 0 3 4 1 6 7 16 34 7 9 1 19 37 56 6 9 4 2 0 3 10 3 1 0 3 5 1 2 1 1 1 0 0 1 0 0 0 0 0 0 0 0 0 1 
1 9 1 0 3 5 8 1 0 9 0 2 2 1 0 4 0 0 0 0 0 0 0 0 0 0 0 0 0 11 4 10 16 11 9 8 10 6 14 5 7 0 1 1 1 4 1 2 0 8 7 7 28 15 7 3 9 16 0 16 20 7 5 24 35 62 18 18 15 6 34 74 21 35 4 1 0 2 35 3 9 1 5 4 2 1 10 5 1 0 0 2 0 0 0 0 0 0 1 0 0 3 
1 3 8 0 0 5 2 0 4 2 5 6 4 2 0 2 1 0 0 0 0 0 0 1 0 0 0 0 1 10 3 5 15 9 13 8 14 8 18 8 2 0 1 6 3 5 6 7 0 18 4 2 6 4 7 3 7 13 0 11 7 4 3 9 29 28 15 18 17 20 3 52 13 23 3 11 1 2 24 2 4 2 4 3 2 0 0 6 0 0 0 1 0 0 2 0 0 2 0 0 0 1 
2 3 3 0 2 2 3 8 5 3 1 0 4 0 1 7 4 3 0 1 0 0 1 2 0 0 0 0 0 5 1 1 26 8 10 11 19 8 29 8 7 0 3 12 5 4 4 5 7 12 13 3 8 9 6 1 9 10 0 11 5 5 6 15 46 52 17 46 32 43 51 6 24 35 4 2 3 1 32 3 3 2 0 5 3 9 0 4 1 0 0 1 1 2 0 2 1 2 0 0 0 2 
4 6 5 1 2 4 10 8 6 9 0 2 7 0 0 4 7 1 0 0 0 1 0 1 0 0 0 0 2 12 9 11 15 13 24 11 22 21 23 12 6 2 8 10 12 15 7 3 7 34 17 11 27 13 13 6 11 33 0 57 10 3 6 58 46 92 29 53 26 77 64 79 5 36 3 7 2 4 96 11 13 4 6 14 4 6 3 23 1 0 0 11 0 0 2 6 0 1 0 1 0 0 
3 6 1 0 4 7 8 11 4 7 4 4 6 0 3 5 6 0 0 1 0 0 0 1 0 0 0 0 1 1 2 5 10 20 5 12 19 8 25 12 9 0 3 3 7 9 5 9 2 41 14 12 28 11 15 5 12 19 0 30 21 5 6 14 51 78 29 65 14 96 73 135 17 0 17 13 2 7 51 7 12 4 14 20 7 8 5 29 1 0 0 2 0 0 0 1 0 1 1 2 0 12 
1 0 1 0 1 3 2 2 2 2 0 0 3 2 3 7 4 4 1 0 1 0 1 5 1 0 0 3 0 8 1 0 10 1 7 2 1 0 6 4 4 0 18 27 5 11 8 10 8 36 10 5 8 4 5 4 8 22 0 10 5 1 4 15 10 6 1 5 0 2 3 3 4 8 5 2 5 28 136 61 19 7 31 57 19 28 10 49 10 0 0 10 1 5 3 5 2 8 9 1 2 13 
2 3 1 1 4 3 4 2 4 3 6 7 5 2 2 7 3 2 0 0 0 3 2 3 2 0 0 8 0 4 2 4 7 3 5 2 2 2 6 8 4 3 7 15 25 7 6 3 10 30 8 9 12 18 1 2 24 42 0 8 2 0 0 7 10 14 6 2 3 6 12 9 5 5 25 1 21 37 134 30 19 29 30 93 33 22 13 58 13 0 0 5 0 4 1 3 4 9 7 1 2 14 
0 1 0 0 1 4 1 2 1 1 3 0 5 0 0 3 2 0 1 0 0 0 0 3 1 0 0 1 0 2 0 14 1 0 0 0 0 0 2 0 1 0 0 1 4 0 0 0 1 5 2 1 3 0 1 0 4 4 0 1 4 0 0 2 0 1 0 0 0 1 1 0 2 1 16 30 2 17 58 12 5 9 5 28 19 1 2 8 2 0 0 1 12 6 3 2 0 5 2 3 0 4 
0 1 2 1 1 6 0 2 0 2 1 3 1 0 2 6 4 2 2 1 0 0 2 1 0 0 0 5 2 4 2 4 2 7 2 2 4 0 4 6 3 1 7 8 3 6 8 5 6 20 3 5 10 6 3 0 12 19 0 2 4 0 1 4 5 7 4 5 0 2 5 3 4 2 27 28 12 10 69 27 29 12 29 88 20 21 7 21 5 0 0 12 4 8 3 6 0 10 9 1 2 12 
12 22 16 3 3 22 23 13 11 22 12 11 18 43 24 46 23 27 11 5 2 7 10 15 13 1 1 17 16 54 21 19 39 29 19 6 10 8 35 34 11 5 20 51 21 29 23 25 16 87 120 85 150 97 72 47 69 124 0 52 14 16 28 50 35 61 17 44 11 35 47 36 28 34 368 253 64 110 23 91 112 41 80 249 103 59 24 139 22 0 0 47 18 47 22 19 5 20 22 5 1 25 
1 4 1 0 0 3 4 3 3 0 0 1 2 2 3 8 3 10 3 0 3 2 1 2 3 0 2 3 0 16 4 11 12 2 2 1 3 3 12 4 3 0 13 31 3 17 12 11 2 46 16 2 12 10 7 8 7 27 0 7 1 1 1 6 14 28 3 13 12 4 8 6 13 8 38 73 29 47 123 10 28 16 51 180 65 35 14 48 25 0 0 20 12 22 14 12 3 12 17 1 9 15 
2 4 7 0 0 2 4 9 0 0 0 0 1 0 1 1 2 3 1 0 1 0 0 1 1 0 0 6 1 8 0 4 4 0 1 1 2 3 4 6 3 2 12 18 3 5 6 4 9 30 11 9 11 4 4 3 3 8 0 3 1 3 9 4 7 12 7 10 2 6 6 4 3 3 20 19 4 25 105 20 4 12 33 107 98 31 7 40 21 0 0 20 9 14 10 3 3 13 8 2 0 9 
4 5 5 0 0 1 4 1 2 0 0 0 0 0 0 4 0 0 2 1 0 1 0 1 3 0 0 4 0 4 0 12 10 1 1 0 1 3 2 4 8 2 17 17 7 10 12 8 10 65 5 3 3 2 1 0 5 10 0 5 3 1 2 3 5 5 7 3 3 10 8 7 3 4 20 23 7 21 59 10 13 4 20 74 37 30 15 68 15 0 0 32 6 8 11 31 3 36 16 3 3 29 
2 0 2 2 0 1 2 0 0 1 0 0 0 1 0 1 1 0 0 0 0 0 2 4 0 0 0 0 0 4 2 1 3 2 1 0 1 0 5 10 2 0 11 14 10 13 16 8 4 36 20 4 4 8 5 2 12 11 0 3 1 2 0 1 9 4 0 3 1 1 1 3 3 1 20 24 8 22 78 29 24 2 3 96 57 19 10 58 15 0 0 30 6 11 7 10 3 11 6 3 0 18 
9 10 5 2 1 3 8 6 6 5 0 0 0 3 1 3 1 0 1 2 0 1 1 4 0 0 2 0 9 11 4 5 10 2 4 1 5 4 16 12 20 6 43 87 29 53 23 36 13 134 45 22 61 30 23 14 54 82 0 24 1 4 1 6 13 12 2 12 9 10 6 15 7 4 107 67 26 117 252 231 159 62 235 22 166 93 45 176 46 0 0 82 27 34 29 27 4 51 45 7 3 52 
1 2 4 0 0 0 1 1 2 7 0 0 0 0 0 0 0 1 0 0 1 0 0 0 0 0 0 1 0 4 0 0 5 0 0 0 0 1 5 15 14 1 24 46 15 25 11 10 8 49 6 6 9 13 4 4 18 26 0 14 2 0 0 1 0 3 0 3 0 2 3 4 1 4 20 9 2 38 97 87 117 33 79 169 6 78 19 62 20 0 0 39 8 11 11 9 6 15 12 9 2 18 
9 10 2 0 1 8 2 4 13 1 4 1 1 0 2 2 4 9 5 1 3 4 3 7 3 0 0 6 0 28 7 20 34 8 12 10 23 16 29 11 15 9 79 119 22 81 61 41 45 141 15 13 30 16 1 6 11 17 0 13 0 3 3 1 11 6 3 4 0 8 8 4 2 2 27 18 4 11 68 39 34 20 36 95 89 15 19 52 62 0 0 91 37 45 24 65 9 63 36 11 15 61 
3 7 3 0 4 4 8 4 1 5 0 2 11 1 1 2 23 3 1 3 19 10 3 6 3 1 0 8 3 20 5 7 18 4 6 4 14 21 39 10 7 8 43 72 20 40 34 25 14 85 11 3 11 4 3 3 9 3 0 7 5 1 3 4 3 2 2 3 1 1 4 8 0 1 23 13 1 11 37 14 35 15 9 71 53 46 9 35 44 0 0 76 24 46 25 55 3 38 13 14 2 19 
21 20 20 4 4 11 9 8 9 13 5 8 8 6 4 16 26 13 5 6 24 6 7 44 17 0 1 23 3 80 22 47 156 14 23 27 63 68 150 49 44 25 130 152 78 181 110 113 129 801 38 28 78 13 7 10 16 36 0 25 6 6 3 2 9 18 3 6 6 6 14 15 2 9 70 46 7 51 135 53 64 62 65 164 95 78 51 22 53 0 0 186 41 108 82 115 13 73 67 15 6 284 
4 7 8 2 1 4 2 11 3 1 16 2 1 0 0 4 9 11 5 2 2 14 0 7 5 1 1 5 3 35 4 23 21 10 11 7 23 36 53 31 12 17 48 87 19 49 17 17 15 88 8 15 12 6 3 3 6 4 0 7 2 0 1 2 1 10 0 10 1 2 1 0 1 2 19 5 1 14 26 21 41 11 37 49 35 64 40 35 12 0 0 76 27 23 20 36 16 40 32 1 1 61 
0 0 0 0 0 0 0 0 0 0 0 0 0 0 0 0 0 0 0 0 0 0 0 0 0 0 0 0 0 0 0 0 0 0 0 0 0 0 0 0 0 0 0 0 0 0 0 0 0 0 0 0 0 0 0 0 0 0 0 0 0 0 0 0 0 0 0 0 0 0 0 0 0 0 0 0 0 0 0 0 0 0 0 0 0 0 0 0 0 0 0 0 0 0 0 0 0 0 0 0 0 0 
0 0 0 0 0 0 0 0 0 0 0 0 0 0 0 0 0 0 0 0 0 0 0 0 0 0 0 0 0 0 0 0 0 0 0 0 0 0 0 0 0 0 0 0 0 0 0 0 0 0 0 0 0 0 0 0 0 0 0 0 0 0 0 0 0 0 0 0 0 0 0 0 0 0 0 0 0 0 0 0 0 0 0 0 0 0 0 0 0 0 0 0 0 0 0 1 0 0 0 0 0 0 
4 16 10 0 4 16 29 8 11 4 10 10 12 9 6 5 20 13 9 6 13 1 3 11 7 0 2 10 3 86 17 73 63 54 44 20 96 93 201 110 81 20 73 193 100 193 124 123 144 422 22 19 42 11 4 3 10 15 0 10 1 3 1 11 8 9 4 3 1 1 7 9 0 2 41 25 4 33 94 38 51 51 66 115 103 133 94 303 123 0 0 13 89 122 47 212 23 117 93 21 15 161 
1 5 8 0 1 2 0 4 1 0 2 0 0 1 1 0 4 1 0 1 1 0 0 1 0 0 0 0 3 22 8 12 16 9 14 12 22 21 39 25 27 20 46 77 19 24 24 29 34 77 9 2 4 2 1 0 7 6 0 6 3 0 2 1 3 3 1 0 0 0 0 1 0 0 7 6 1 12 21 15 14 14 9 27 16 26 37 73 30 0 0 68 4 32 3 34 3 30 8 127 17 100 
1 2 5 0 8 2 2 7 6 2 1 2 4 1 1 1 4 3 0 0 0 0 1 1 0 0 0 0 0 32 13 9 21 4 11 10 31 16 23 17 15 7 44 73 26 48 24 44 31 123 6 2 10 7 2 0 13 2 0 1 1 0 0 0 0 0 0 0 0 0 4 0 0 0 9 8 3 9 32 24 7 16 12 46 34 88 21 88 57 0 0 88 12 4 2 43 4 25 7 14 3 86 
1 2 3 0 1 2 0 3 0 2 0 2 2 0 1 1 6 1 0 0 0 0 1 0 1 0 0 1 0 25 6 9 14 5 10 6 15 9 34 10 8 2 48 43 31 23 13 15 29 116 1 4 8 2 0 1 4 3 0 4 1 0 1 0 0 0 1 0 0 0 0 0 0 0 12 5 1 11 17 13 26 11 16 33 48 30 24 90 28 0 0 62 17 8 3 16 0 27 22 11 5 60 
0 5 1 1 0 5 0 2 1 2 1 0 2 0 0 0 0 2 0 0 0 0 0 2 0 0 0 4 1 12 3 4 18 8 16 13 11 10 33 13 15 9 47 81 28 47 13 19 22 69 1 0 11 5 3 5 5 8 0 3 0 0 0 1 0 2 0 0 0 0 0 1 0 1 6 6 3 5 25 19 4 6 14 39 26 25 23 105 38 0 0 117 16 35 10 7 10 43 7 11 7 65 
0 2 0 0 0 3 0 1 0 0 0 0 0 0 0 0 1 0 0 2 0 0 0 1 0 0 0 0 0 1 0 2 1 0 1 0 1 0 2 6 4 0 2 11 2 7 4 2 5 12 0 0 1 0 0 1 0 1 0 0 0 0 0 0 0 1 0 0 0 0 0 0 0 0 1 0 1 1 5 0 2 0 1 8 3 2 4 39 4 0 0 10 1 2 0 4 0 0 0 1 0 8 
1 1 7 0 0 3 0 1 1 0 0 2 0 0 0 1 0 0 0 0 2 0 0 0 3 0 0 1 0 4 4 6 11 1 3 1 9 3 16 2 3 1 27 22 14 25 15 14 18 56 3 3 4 3 0 0 1 4 0 2 0 0 0 1 0 0 0 0 0 0 0 0 1 0 9 5 1 1 12 3 8 12 8 25 12 14 15 48 13 0 0 66 12 6 9 11 0 1 3 1 1 41 
1 3 0 1 0 4 2 2 0 4 0 4 1 3 1 0 0 1 2 0 0 1 1 3 0 0 0 3 0 9 2 5 9 6 7 11 13 13 26 10 9 1 27 39 13 30 21 9 16 81 4 4 5 2 6 0 5 4 0 4 0 0 0 0 0 1 0 0 0 0 1 0 0 0 14 3 2 11 18 10 3 12 3 21 22 21 13 89 22 0 0 45 9 7 8 10 0 4 2 5 1 20 
0 1 1 0 0 0 0 0 0 1 0 0 1 0 0 0 1 0 0 0 0 0 1 0 0 0 0 0 0 0 0 1 1 3 0 1 1 4 3 0 4 0 5 7 5 4 4 0 3 13 0 1 2 1 1 0 0 1 0 0 0 0 0 0 0 0 0 1 0 0 1 0 0 0 1 1 0 1 3 6 1 1 0 3 2 1 3 17 3 0 0 10 2 1 3 4 1 1 7 0 3 1 
0 1 1 0 0 0 0 0 0 2 0 0 0 0 0 0 1 0 0 0 0 0 0 0 0 0 0 0 0 1 1 0 0 1 0 2 3 0 1 1 4 0 8 3 3 5 1 7 0 11 0 2 0 0 0 0 0 0 0 0 0 0 0 0 0 0 0 0 0 0 0 0 0 0 0 7 1 3 1 2 0 0 3 4 2 5 5 12 10 0 0 4 0 9 1 11 0 3 3 1 0 2 
22 26 9 0 5 9 10 5 3 3 3 5 14 6 3 9 19 9 4 5 5 0 0 10 3 0 0 16 2 71 20 23 48 26 36 23 36 51 72 63 56 11 148 140 108 141 151 98 110 526 29 26 47 20 7 0 18 13 0 15 2 2 0 7 5 4 3 1 1 2 12 4 0 3 42 24 2 20 54 31 36 31 32 96 73 100 51 501 116 0 0 151 31 93 80 101 20 76 56 17 4 21 
