9 49 71 17 42 104 109 83 77 41 34 96 148 251 146 168 80 52 81 18 16 6 12 56 20 5 0 54 59 7 2 2 11 17 6 8 6 5 78 32 25 1 24 23 22 22 15 7 5 59 14 6 15 11 2 14 6 7 0 2 2 43 2 8 18 36 4 13 2 1 1 5 9 3 3 1 1 3 21 1 14 0 3 9 5 8 5 52 2 0 0 9 3 0 9 1 0 1 0 0 0 9 
16 15 29 12 13 58 60 78 99 43 17 82 96 294 165 145 103 58 70 34 7 9 2 32 16 0 0 37 43 3 1 4 15 14 15 9 11 6 80 35 29 0 26 25 31 28 27 5 4 55 11 9 12 4 10 16 14 21 0 2 6 96 5 20 19 34 6 11 0 5 1 1 6 5 0 2 3 2 29 5 3 0 2 15 5 10 11 22 14 0 0 29 5 4 9 3 0 2 3 0 0 10 
33 23 17 14 28 71 96 103 88 50 25 81 97 289 178 102 87 54 83 14 20 11 6 29 5 0 1 45 118 0 0 6 10 26 15 5 9 10 60 51 44 3 32 14 22 27 17 7 2 55 8 1 10 5 9 19 2 21 0 3 5 45 15 10 14 46 8 6 2 6 0 5 4 3 1 1 2 6 22 8 4 1 0 21 3 6 2 32 6 0 0 39 11 2 5 4 0 0 0 0 0 10 
9 34 49 2 1 15 27 36 26 8 17 27 15 35 37 24 15 6 7 4 0 0 2 10 3 4 1 7 12 6 0 0 1 3 12 1 1 0 17 7 6 0 6 5 0 8 1 1 4 10 2 0 2 2 1 0 2 4 0 0 2 5 0 11 4 4 1 0 0 0 0 0 1 5 0 0 0 0 15 2 0 0 0 2 0 1 0 2 2 0 0 2 0 2 0 0 0 0 0 0 0 0 
35 23 10 3 11 12 23 25 35 10 3 27 28 105 41 54 31 30 13 22 22 4 4 13 7 2 0 17 14 1 1 2 2 3 2 4 1 4 23 19 5 1 7 8 5 12 15 2 1 23 0 16 5 9 2 0 2 22 0 1 3 7 1 7 1 10 5 0 1 0 0 3 1 3 0 0 2 0 14 1 0 1 0 1 0 4 0 3 0 0 0 6 0 6 4 1 1 0 3 0 0 3 
71 209 156 47 17 3 22 30 42 48 31 124 129 470 268 191 202 97 106 44 31 35 18 59 9 0 1 42 65 9 6 5 9 8 23 2 4 15 171 83 39 1 42 56 23 46 30 1 4 54 16 8 21 18 11 8 11 10 0 11 9 54 21 27 18 60 16 24 1 8 18 17 10 7 2 3 3 3 36 0 1 1 3 14 1 10 8 17 11 0 0 29 3 7 8 2 0 1 1 0 1 4 
48 122 77 23 18 39 14 34 65 54 18 80 132 263 159 101 92 91 86 29 11 10 10 41 17 0 1 22 54 16 5 4 21 18 24 4 2 11 59 71 46 4 61 57 23 36 21 0 4 43 7 8 30 4 4 14 5 8 0 2 2 49 15 49 28 44 9 7 6 4 11 1 5 13 0 3 0 6 18 0 1 3 3 15 6 8 2 12 3 0 0 41 8 7 13 3 0 0 0 0 0 5 
29 92 104 18 14 35 30 4 23 39 30 108 168 320 171 226 106 68 55 30 21 32 27 32 9 3 1 33 32 2 1 21 10 8 5 1 2 2 58 97 30 3 27 33 15 38 24 6 5 31 16 3 17 9 10 6 7 5 0 3 8 34 1 25 22 35 24 3 13 4 1 3 12 8 3 2 1 4 13 1 4 0 0 11 2 3 1 7 2 0 0 50 13 2 2 3 0 0 0 0 0 5 
61 149 153 22 63 123 110 74 9 15 35 157 165 388 185 201 121 68 75 42 30 31 10 31 13 7 3 44 63 3 3 4 19 10 14 1 9 22 120 74 54 12 56 27 30 27 30 3 6 41 3 11 12 2 4 6 4 10 0 0 24 26 14 19 15 52 6 10 3 1 2 5 8 8 2 0 1 0 32 2 1 0 0 7 1 0 1 4 11 0 0 18 3 4 5 2 0 0 1 1 0 1 
61 78 55 7 32 51 50 20 24 4 8 57 77 306 116 94 97 82 59 25 20 13 9 44 11 4 1 32 43 6 0 7 9 8 1 0 0 2 56 31 53 8 21 26 14 27 10 6 2 27 4 5 12 8 3 3 8 7 0 3 2 15 4 9 13 16 6 14 0 1 3 6 3 7 4 3 1 1 23 0 0 1 0 12 0 5 0 10 0 0 0 11 11 0 4 0 0 0 2 0 0 2 
22 27 32 25 87 27 53 18 45 36 2 21 59 157 68 96 56 40 45 34 9 7 10 23 8 1 0 37 31 5 5 4 3 1 2 0 2 1 41 36 16 3 39 24 7 40 10 12 10 21 3 0 9 2 0 3 5 2 0 0 1 32 6 14 9 13 5 6 14 1 3 0 3 4 2 4 0 0 20 1 3 0 1 1 0 1 2 2 5 0 0 34 1 8 1 3 0 0 0 0 0 1 
75 131 97 21 53 70 62 62 95 53 32 17 56 153 120 155 151 149 101 59 26 13 32 61 22 0 4 75 40 11 3 11 16 4 2 0 1 3 43 51 31 11 26 35 18 28 14 6 2 32 19 6 8 4 4 0 27 20 0 0 2 70 9 10 4 26 2 6 5 1 11 1 14 10 1 9 2 1 21 0 1 1 0 1 0 0 0 6 2 0 0 34 9 3 4 2 0 1 1 0 0 13 
59 84 94 14 85 115 83 112 128 111 49 45 6 83 108 121 94 121 144 33 65 40 13 72 34 4 3 98 44 16 6 13 28 8 9 0 3 9 36 49 21 17 38 45 11 56 27 16 3 40 10 8 11 2 2 2 5 16 0 16 7 69 6 8 4 3 2 9 5 3 2 7 4 7 4 4 0 0 34 3 2 0 0 1 0 0 0 5 3 0 0 44 5 3 2 0 1 4 6 0 1 7 
25 59 62 6 59 97 47 59 102 58 17 49 30 21 25 69 68 100 110 60 44 29 23 83 34 4 2 173 18 0 2 2 4 0 0 1 0 4 7 22 16 6 20 8 9 10 6 6 4 13 11 3 6 1 0 5 1 14 0 2 4 25 0 1 2 0 0 0 0 0 0 0 3 3 5 2 0 0 35 0 0 5 0 1 0 1 0 2 0 0 0 15 0 12 0 1 1 0 0 0 0 6 
64 65 130 5 51 94 52 104 117 121 67 80 87 40 7 31 103 69 105 58 46 30 45 87 26 6 2 186 25 7 5 14 13 1 2 0 1 4 9 21 8 1 21 29 8 60 6 4 0 44 13 7 21 7 3 2 14 6 0 1 1 23 1 0 8 5 0 0 1 0 0 1 1 3 4 4 0 3 40 3 0 0 0 0 0 2 3 7 0 0 0 26 6 0 0 1 0 0 4 1 0 2 
64 79 40 4 26 70 34 51 71 54 28 67 68 117 26 9 60 131 160 82 69 22 59 94 30 9 1 111 35 17 3 68 80 31 70 24 95 0 4 27 25 1 33 53 31 36 13 4 5 52 12 10 4 1 4 4 15 23 0 6 0 37 1 7 0 2 0 0 0 0 2 2 6 2 2 17 3 5 60 3 2 0 0 0 0 3 0 27 9 0 0 47 4 2 0 0 0 0 2 0 0 3 
36 67 55 4 26 78 31 72 93 66 68 111 119 332 107 104 9 177 161 99 144 31 60 133 36 4 4 94 18 30 12 75 116 54 129 38 51 26 82 76 48 11 102 76 50 89 65 12 6 109 27 7 16 11 2 25 4 10 0 1 11 91 4 20 6 0 0 0 1 0 1 0 3 2 1 14 4 0 38 25 2 1 0 1 0 3 2 23 14 0 0 76 10 4 2 2 2 0 0 1 0 7 
20 37 70 10 16 42 34 33 54 72 47 106 121 273 91 192 30 13 54 43 97 19 45 88 36 16 4 92 43 47 8 54 62 34 121 20 47 9 83 44 44 7 50 95 52 62 45 2 7 81 7 0 7 4 3 1 10 23 0 0 0 27 1 0 0 0 0 0 0 0 0 0 0 1 3 2 0 1 34 1 3 0 1 1 1 4 3 22 17 0 0 41 7 0 0 1 0 0 2 0 1 3 
27 51 49 4 12 57 10 30 38 38 34 55 77 204 74 130 82 65 6 21 148 55 61 152 48 12 5 90 15 13 3 27 39 26 61 15 34 7 33 4 14 1 26 37 26 27 12 1 3 41 2 0 0 0 1 0 9 6 0 3 0 18 0 4 0 0 0 0 0 0 0 0 0 0 3 1 1 1 16 1 0 2 0 2 0 3 1 6 3 0 0 5 2 0 1 1 0 0 2 0 0 2 
14 19 19 6 21 27 18 41 55 28 29 82 70 219 150 188 165 119 87 5 9 16 46 46 23 10 8 171 11 10 12 15 26 23 71 12 24 16 90 26 13 2 30 23 18 29 16 6 8 31 1 1 5 0 1 5 0 3 0 5 1 2 0 2 0 0 0 0 0 0 0 0 0 1 0 1 0 1 8 0 0 0 2 1 1 5 3 4 4 0 0 24 0 0 1 1 0 0 2 0 0 1 
10 18 19 2 15 37 16 41 32 32 24 87 90 339 227 323 261 265 176 2 6 5 37 62 32 11 36 123 4 9 3 10 7 8 86 16 38 10 104 40 30 6 44 17 15 35 13 4 8 42 0 5 1 1 1 0 0 1 0 1 0 7 0 2 0 0 0 0 0 0 0 0 1 0 1 0 0 0 4 0 0 0 2 1 0 10 0 15 3 0 0 5 1 0 0 0 0 0 1 0 0 1 
13 28 26 5 13 22 15 48 65 32 60 99 72 472 219 338 242 289 144 12 10 12 41 56 51 30 55 203 19 16 5 5 30 15 43 14 54 30 140 44 18 2 27 25 21 39 28 2 4 36 2 4 1 0 3 1 6 4 0 4 1 1 0 1 0 0 0 0 0 0 0 0 0 0 1 1 0 2 8 1 1 0 0 0 0 4 0 4 2 0 0 5 0 0 0 0 0 1 0 0 0 1 
20 14 26 3 7 23 5 17 20 31 24 53 39 263 300 346 225 320 254 76 136 27 7 38 13 27 24 215 1 5 3 10 24 19 110 25 32 35 113 54 25 2 55 67 32 37 14 14 5 23 6 0 6 1 2 4 10 5 0 3 4 17 0 7 0 0 0 0 0 0 0 0 0 0 1 1 0 3 11 0 1 0 0 1 0 1 2 12 1 0 0 30 1 1 1 0 0 0 1 0 0 2 
19 37 43 2 13 28 23 28 62 62 39 135 75 479 245 420 480 303 264 136 163 59 24 19 19 44 39 213 12 14 2 5 64 14 94 34 85 16 165 70 48 1 32 77 36 78 37 3 4 92 18 2 12 6 1 6 9 13 0 3 5 29 1 1 0 0 0 0 0 0 0 0 0 1 4 5 0 1 21 0 3 1 0 4 1 4 2 17 4 0 0 12 0 0 0 0 0 1 1 0 0 3 
33 36 33 3 11 33 21 51 36 63 29 73 110 234 152 253 134 164 137 99 90 18 29 13 7 11 9 130 22 16 5 18 151 11 78 36 58 8 95 67 58 5 25 35 41 64 20 5 6 148 31 4 22 4 4 7 5 10 0 3 2 6 0 6 0 3 0 0 0 0 0 0 0 2 5 4 2 6 38 3 6 2 1 5 0 14 5 47 3 0 0 18 1 1 1 1 1 1 1 0 0 5 
0 0 1 0 1 2 0 0 2 1 5 2 3 40 3 40 14 16 15 14 41 51 22 57 6 2 2 18 0 2 1 0 10 5 9 3 7 0 3 4 0 0 2 2 2 5 0 3 6 4 0 0 0 0 0 0 0 0 0 0 0 1 0 0 0 0 0 0 0 0 0 0 0 0 1 0 0 0 0 0 0 0 0 0 0 0 0 0 0 0 0 1 1 0 0 0 0 0 0 0 0 0 
2 1 0 0 3 2 1 0 2 5 9 13 6 41 74 69 67 15 13 42 55 24 24 63 22 7 3 151 0 1 0 5 3 3 36 3 12 1 29 19 4 0 3 1 2 0 4 0 1 3 0 2 0 0 1 5 2 0 0 0 0 0 0 2 1 1 0 0 1 0 0 0 0 0 0 0 0 0 3 0 0 0 0 1 1 1 0 1 0 0 0 6 0 0 0 0 0 0 0 0 0 0 
35 28 43 3 11 35 21 18 36 48 38 84 148 423 225 371 284 188 195 122 202 203 204 205 127 21 28 9 12 3 3 13 51 35 47 29 96 33 150 88 32 2 25 40 43 61 32 14 11 122 18 2 16 4 2 5 4 4 0 5 2 4 0 1 0 5 0 0 0 0 0 0 0 0 6 0 1 0 21 4 0 4 1 2 2 6 4 46 9 0 0 14 5 0 2 1 2 2 1 0 0 12 
13 10 3 2 0 4 2 3 9 1 4 13 5 26 9 11 4 5 4 1 3 0 4 4 3 0 0 4 0 0 0 0 1 0 0 1 2 0 4 5 0 0 2 0 3 2 1 0 1 3 0 0 4 3 0 0 0 1 0 1 6 2 0 0 8 0 0 0 0 0 0 0 0 0 0 1 0 0 3 2 1 0 0 1 0 0 0 5 0 0 0 0 1 1 0 0 0 0 0 0 0 0 
2 9 3 2 6 9 4 9 7 4 11 25 31 16 14 91 128 120 122 12 12 5 8 19 5 1 0 6 6 32 118 445 1127 588 1426 591 1442 409 687 377 188 45 286 350 177 176 126 34 49 335 23 12 47 12 11 13 21 29 0 31 32 241 13 61 111 187 44 39 13 17 9 8 7 1 13 7 4 6 64 13 14 14 3 8 1 30 18 99 47 0 0 216 47 23 35 15 1 11 7 0 0 53 
2 1 11 2 1 13 1 7 3 8 1 18 10 9 4 29 48 70 66 8 6 5 2 4 5 0 0 2 2 59 20 223 542 224 596 242 597 145 178 142 72 8 67 86 49 75 32 4 8 100 5 2 10 11 3 10 1 11 0 12 10 166 6 10 55 101 32 17 9 12 2 4 13 2 3 2 2 6 18 8 2 3 0 3 1 7 4 27 10 0 0 99 10 10 10 0 2 0 2 0 0 11 
0 8 3 1 2 0 1 9 4 6 2 11 21 10 13 80 108 91 80 14 6 1 5 8 2 3 2 8 1 176 198 14 372 286 1036 388 994 446 666 304 210 14 313 273 155 224 112 65 21 230 22 15 33 10 4 14 24 15 0 36 17 130 2 15 79 144 29 13 25 6 4 6 9 2 10 6 9 4 65 7 4 2 1 8 2 12 9 52 52 0 0 201 53 17 35 12 9 5 13 0 0 22 
5 5 4 0 1 3 3 2 2 1 1 0 3 5 2 4 38 26 11 2 5 1 4 14 8 3 0 9 3 140 145 62 10 55 189 74 291 115 178 111 92 16 131 112 86 137 68 25 42 194 8 7 9 6 4 12 4 8 0 15 5 13 2 7 16 50 7 5 6 8 5 15 11 4 4 9 1 2 34 2 0 3 0 2 0 5 5 70 14 0 0 107 3 5 7 4 0 4 1 0 1 41 
4 3 1 1 2 4 2 1 1 1 0 0 5 0 3 26 53 49 21 3 1 2 3 10 5 0 0 12 1 81 63 94 80 8 125 81 243 135 224 126 77 9 142 154 74 96 64 25 13 128 18 8 22 9 1 6 4 13 0 7 7 48 2 0 10 67 12 11 11 18 10 18 37 40 6 1 0 2 27 7 4 2 0 3 1 3 2 25 15 0 0 138 30 37 17 3 0 1 6 0 0 20 
3 2 2 1 1 5 5 17 0 1 7 1 0 0 4 17 48 19 15 2 12 4 8 4 7 0 0 7 0 181 90 198 215 87 14 27 182 88 171 143 70 10 129 101 55 99 73 12 11 131 16 2 8 1 2 2 2 4 0 1 1 62 2 7 19 38 9 9 7 11 11 11 23 18 3 3 1 2 27 2 0 0 0 0 0 15 3 25 13 0 0 118 17 26 11 13 0 2 2 3 0 18 
5 6 2 0 0 6 1 1 3 2 3 0 0 0 6 18 62 45 36 6 10 9 14 13 7 6 1 15 2 220 98 205 243 92 66 10 487 100 145 140 82 9 155 41 46 112 72 28 14 120 2 4 7 4 2 4 2 5 0 5 1 54 8 10 15 28 3 7 4 5 3 4 9 14 0 2 2 2 12 1 0 0 0 1 0 1 2 25 6 0 0 107 18 14 5 13 0 0 4 0 0 17 
2 0 0 0 0 0 1 1 0 2 0 0 4 0 7 13 10 3 5 0 4 4 1 7 4 0 0 3 4 187 96 182 241 102 136 104 28 58 108 250 128 35 131 135 108 155 108 47 25 244 7 2 1 1 0 0 0 2 0 0 0 48 4 26 14 18 4 3 1 0 2 5 16 14 1 1 0 0 6 3 0 0 1 1 0 12 3 32 13 0 0 159 19 28 13 11 2 1 4 0 2 31 
3 11 3 0 13 9 9 8 5 10 8 17 11 29 3 2 17 14 28 8 11 7 4 25 6 0 0 25 2 149 33 282 295 175 284 77 243 21 155 335 213 23 268 272 142 238 98 38 18 368 7 1 6 1 1 4 13 1 0 0 7 114 2 20 6 17 3 7 1 1 3 3 15 13 5 4 0 1 5 1 1 1 0 4 1 12 10 55 45 0 0 361 29 34 14 17 1 2 15 0 0 50 
27 11 18 6 16 17 19 19 26 32 16 19 12 3 8 8 35 18 18 14 34 8 4 32 5 7 0 40 0 128 43 132 246 145 321 59 346 72 49 367 183 44 250 246 133 202 126 43 23 358 4 4 21 3 1 3 4 4 0 2 13 130 19 22 17 29 6 6 10 1 9 27 13 20 2 5 0 6 19 1 7 1 0 4 6 30 9 69 40 0 0 279 44 44 36 11 0 4 16 0 0 45 
29 56 25 1 14 38 18 49 46 30 23 62 47 78 49 99 123 127 81 21 18 2 22 42 15 2 0 48 9 172 75 278 361 274 1057 213 1173 541 1016 21 140 38 399 372 241 465 324 88 83 629 14 2 12 8 4 3 13 11 0 0 25 240 16 36 32 56 6 21 5 4 6 6 21 11 9 5 4 2 30 5 4 7 9 18 6 6 10 30 73 0 0 157 30 26 45 7 3 0 4 1 0 42 
7 16 20 5 6 18 7 15 41 10 9 14 17 33 10 61 64 71 27 15 17 5 9 36 12 3 1 36 10 85 28 151 201 96 242 70 480 268 471 51 13 18 183 250 160 302 160 50 62 390 1 5 2 0 2 2 1 4 0 2 7 78 5 7 18 33 0 1 3 1 4 16 2 5 3 3 0 6 22 4 20 10 1 12 6 14 13 20 26 0 0 92 17 23 11 19 0 0 8 0 1 33 
3 3 0 0 0 1 0 1 11 6 1 4 4 12 0 2 12 9 9 2 2 1 0 6 2 1 0 9 7 17 7 24 55 12 35 16 140 52 66 50 49 6 71 88 49 103 24 21 29 91 1 13 2 0 0 0 2 4 0 2 2 19 0 3 1 12 2 2 0 0 1 1 10 13 2 2 0 3 1 6 2 5 0 6 4 16 10 23 34 0 0 29 17 11 7 0 0 1 2 0 2 13 
9 6 7 3 1 13 5 10 7 3 5 17 7 1 18 13 22 45 14 2 1 1 4 9 1 0 0 5 5 45 14 85 132 41 112 20 184 187 226 130 62 13 15 46 115 108 101 36 31 247 15 8 22 9 1 5 7 1 0 1 9 50 6 12 11 12 2 2 1 0 1 4 9 3 5 10 1 4 24 17 9 15 16 73 21 76 28 118 40 0 0 68 43 53 33 34 21 10 42 1 0 124 
4 12 10 0 15 7 4 8 12 7 6 21 4 6 3 17 43 49 44 4 7 5 3 18 9 3 0 13 1 48 18 58 116 75 141 41 193 201 261 179 130 74 107 38 404 293 143 98 97 413 15 3 18 3 3 4 8 4 0 12 0 48 0 14 21 23 4 6 0 3 3 2 5 4 4 5 1 2 39 30 13 34 6 73 49 130 47 92 60 0 0 267 63 75 74 82 9 11 52 3 3 153 
8 13 6 3 2 17 5 4 10 18 6 36 7 18 7 26 56 42 58 4 9 9 6 16 10 1 0 24 5 50 20 87 143 80 202 38 389 177 273 257 151 54 260 169 54 207 96 128 85 580 11 12 12 1 1 5 0 9 0 4 2 58 1 15 23 37 16 5 2 2 6 7 20 15 5 6 3 3 30 5 5 8 4 38 8 29 16 56 20 0 0 285 58 50 56 33 2 19 30 1 3 59 
10 9 6 1 5 6 9 14 9 9 4 22 21 17 19 13 30 55 44 4 16 2 1 24 7 0 0 14 10 46 13 52 162 99 168 49 357 162 214 237 164 20 239 308 130 31 67 135 86 437 19 3 5 2 0 3 1 5 0 4 2 43 2 24 28 37 1 4 1 5 1 8 5 13 6 6 0 4 34 14 6 10 11 41 21 33 32 132 34 0 0 279 43 68 60 20 8 17 14 2 4 113 
16 9 16 2 8 15 8 13 30 9 6 14 7 7 6 41 35 54 45 1 4 13 4 29 7 1 0 18 6 41 12 66 184 126 151 40 312 190 261 210 162 54 208 291 250 130 24 126 123 355 12 10 15 5 4 2 2 6 0 2 5 29 1 8 19 24 6 3 5 1 3 3 8 10 6 11 1 4 27 10 6 10 9 42 14 48 25 133 32 0 0 215 43 62 53 19 4 29 16 3 5 97 
7 7 5 0 2 7 8 5 3 4 14 16 17 13 3 27 38 19 49 7 14 1 2 21 4 0 3 10 2 37 7 68 140 81 165 46 271 143 355 272 212 38 356 646 612 1010 455 16 71 1324 13 2 5 2 0 3 1 12 0 0 5 17 1 12 14 23 2 4 3 1 1 1 5 9 3 0 0 6 28 11 8 17 5 73 24 60 50 119 57 0 0 571 84 111 131 23 1 11 24 1 2 76 
12 12 9 1 1 20 16 4 12 21 8 17 14 34 8 26 41 55 57 16 10 2 6 33 6 2 0 20 6 51 12 74 128 89 165 49 369 154 293 381 158 42 540 1072 957 1368 760 407 20 2286 15 10 16 4 1 10 2 5 0 2 3 17 2 15 10 36 6 5 4 1 1 3 7 4 4 7 0 0 41 10 22 10 7 110 14 43 55 187 78 0 0 973 111 220 272 77 8 27 27 1 7 77 
33 48 39 13 14 33 18 15 45 39 27 40 22 45 19 101 102 150 85 17 28 5 22 150 37 4 0 117 14 196 49 187 847 173 326 138 776 495 768 678 397 83 752 1240 691 1290 480 518 141 35 45 17 49 16 5 17 8 26 0 11 10 80 8 45 24 81 22 13 12 11 11 14 37 20 33 19 7 7 90 22 29 48 29 123 35 135 119 640 144 0 0 1134 146 207 317 68 8 43 63 10 6 308 
2 7 21 0 5 5 8 14 11 8 6 14 28 42 22 40 23 12 7 1 3 2 2 33 10 1 0 14 3 8 5 15 77 22 38 9 40 9 13 15 5 0 11 28 9 29 9 7 4 53 6 11 84 82 47 29 70 72 0 87 23 63 5 49 41 56 9 26 2 20 3 10 16 18 15 26 0 4 175 17 26 11 8 45 5 23 11 43 12 0 0 14 5 7 7 2 0 2 15 1 1 26 
2 4 5 0 1 18 3 5 15 1 3 10 19 48 18 18 13 3 8 0 1 0 0 14 1 0 0 6 6 2 3 5 31 10 26 11 21 4 16 15 6 1 37 17 4 29 6 6 4 25 49 5 51 37 28 21 46 43 0 37 25 41 7 30 27 40 7 26 1 4 2 0 12 10 2 4 0 3 75 7 10 2 3 25 10 8 1 28 5 0 0 18 3 9 8 0 1 4 3 0 2 10 
6 11 3 1 6 13 7 24 4 10 8 14 18 53 26 39 38 38 19 0 0 1 3 23 8 2 0 11 2 10 10 10 60 27 52 14 29 3 38 13 9 2 13 53 9 20 17 0 1 35 117 25 7 15 20 14 56 82 0 47 20 58 23 48 43 53 24 40 9 19 7 2 16 19 9 19 0 11 102 15 5 4 2 59 8 17 6 47 22 0 0 31 9 4 9 3 1 2 19 1 1 17 
6 21 10 2 4 24 14 9 2 6 6 11 24 87 44 45 37 25 11 2 6 2 0 9 6 0 0 3 17 16 5 20 59 38 45 10 19 11 21 21 7 0 22 21 6 13 14 7 7 15 293 73 61 5 26 16 62 109 0 123 30 81 25 85 60 72 16 46 7 14 11 8 18 10 15 12 5 7 193 20 26 3 10 51 11 27 13 22 9 0 0 49 6 17 13 8 0 3 4 0 1 16 
4 6 4 3 3 22 5 13 10 16 4 10 22 27 11 9 7 11 5 1 2 2 1 10 2 0 0 1 2 13 0 3 27 19 31 5 12 1 7 21 3 0 9 16 2 8 1 1 1 17 46 36 43 9 1 0 39 79 0 46 38 42 33 44 31 23 7 16 3 8 2 0 14 16 3 9 0 9 115 7 10 14 6 27 9 2 3 15 3 0 0 14 1 5 6 1 0 3 2 0 0 6 
3 3 5 2 0 7 1 1 2 3 0 4 2 27 6 10 8 6 7 0 3 0 0 3 4 0 1 7 4 4 4 7 24 5 23 4 5 0 6 14 1 0 4 11 2 6 2 5 0 10 16 20 20 15 11 2 28 43 0 41 15 20 11 18 5 25 4 9 2 8 0 1 6 6 2 8 0 4 81 6 1 1 1 15 4 1 0 7 3 0 0 5 0 0 1 0 0 0 0 0 0 1 
3 5 4 0 2 27 1 9 0 3 10 8 17 56 27 37 39 19 24 1 3 3 2 12 4 0 0 8 2 19 4 24 31 29 72 6 28 0 41 22 7 1 33 32 7 27 18 5 2 19 86 14 53 10 14 37 4 28 0 54 32 76 20 92 75 66 17 9 3 12 12 7 18 18 16 30 1 10 51 6 7 14 4 76 13 23 0 24 9 0 0 37 6 6 7 4 1 0 3 1 1 15 
6 21 24 0 4 23 20 36 17 4 19 43 36 154 27 45 50 40 28 18 6 0 2 15 2 1 2 10 9 38 4 65 54 22 135 14 22 3 55 21 7 2 34 68 9 20 12 17 9 38 105 41 130 45 22 23 12 7 0 106 67 172 33 101 91 88 14 39 10 11 12 20 41 27 33 48 17 14 164 14 6 12 13 88 11 18 6 27 19 0 0 50 12 8 12 9 1 3 0 0 1 23 
0 0 0 0 0 0 0 0 0 0 0 0 0 0 0 0 0 0 0 0 0 0 0 0 0 0 0 0 0 0 0 0 0 0 0 0 0 0 0 0 0 0 0 0 0 0 0 0 0 0 0 0 0 0 0 0 0 0 0 0 0 0 0 0 0 0 0 0 0 0 0 0 0 0 0 0 0 0 0 0 0 0 0 0 0 0 0 0 0 0 0 0 0 0 0 0 0 0 0 0 0 0 
9 14 20 1 4 5 3 7 5 0 4 20 21 57 29 43 20 54 35 12 15 0 3 41 15 1 1 23 5 16 14 43 18 22 47 0 4 12 11 22 7 2 10 40 5 9 15 1 2 14 57 25 55 35 16 29 39 35 0 4 28 137 34 83 107 119 42 62 13 14 8 41 59 59 8 15 7 10 82 12 3 3 2 56 9 13 6 36 15 0 0 36 2 3 4 10 1 0 2 0 0 5 
2 0 1 0 2 3 1 0 1 0 0 0 1 17 0 5 2 4 3 0 0 0 0 1 0 0 0 3 6 5 2 13 8 3 35 2 12 3 13 4 4 0 0 15 2 2 1 0 0 8 15 11 36 14 6 6 11 13 0 5 3 60 18 15 44 103 25 20 17 10 10 12 15 25 3 6 2 9 22 5 4 2 0 10 1 6 6 14 7 0 0 6 4 2 0 6 0 0 0 0 0 6 
0 0 0 0 0 0 0 1 1 0 1 2 0 0 1 0 1 1 0 0 0 0 0 0 1 1 0 0 0 0 0 1 1 1 2 3 2 2 3 2 0 0 3 3 0 1 2 2 1 3 11 0 5 1 0 5 10 10 0 2 8 0 0 2 8 4 3 4 2 10 0 2 1 1 0 0 0 0 4 5 1 3 6 0 0 0 0 0 0 0 0 2 0 0 0 0 0 0 1 0 0 2 
1 4 6 0 0 1 10 10 0 7 0 0 1 0 2 0 0 4 1 0 0 0 0 0 0 0 0 0 0 2 9 1 2 0 17 4 20 22 8 9 8 1 7 3 5 0 6 0 0 6 9 5 5 5 0 9 3 8 0 6 4 1 1 7 41 84 13 8 6 18 3 5 11 19 3 2 0 0 29 6 1 5 1 0 0 0 1 4 1 0 0 10 0 0 3 1 0 0 0 0 0 0 
2 2 5 0 1 5 2 10 2 1 1 1 3 1 0 0 4 1 3 1 2 6 0 0 0 0 0 1 3 14 8 25 8 1 56 31 82 27 34 15 8 3 22 51 11 29 24 2 3 30 28 11 26 18 9 9 26 23 0 48 18 217 5 1 39 126 20 22 40 14 12 43 55 40 6 3 2 5 54 3 8 2 1 6 4 1 2 7 2 0 0 15 1 1 4 1 0 0 0 0 0 6 
7 14 11 0 3 19 6 23 5 5 2 8 3 0 0 2 28 3 0 0 1 0 0 3 0 0 0 1 7 33 10 107 63 33 28 15 47 9 84 64 30 0 36 49 24 41 22 9 3 38 29 21 35 18 13 29 20 32 0 31 31 288 30 52 11 81 62 75 24 70 59 31 65 70 15 14 9 5 55 12 15 3 0 12 1 7 3 14 10 0 0 26 1 1 1 1 0 1 4 0 0 4 
9 18 9 5 10 34 4 19 7 6 7 14 7 2 5 0 1 0 0 0 0 0 0 0 1 0 0 2 16 70 18 78 86 69 88 41 128 11 79 30 32 0 18 59 22 13 25 8 9 32 38 28 48 22 5 15 29 42 0 68 59 243 49 154 120 21 25 73 82 90 93 94 132 123 19 14 2 9 103 27 19 9 10 21 12 13 2 19 3 0 0 17 4 0 2 0 0 0 1 0 0 9 
10 10 8 1 3 9 8 34 6 2 1 6 2 13 1 14 0 0 0 0 0 0 0 1 0 0 0 0 4 42 12 58 32 24 48 20 59 5 26 23 9 2 10 20 9 5 9 4 9 14 26 9 31 11 4 3 9 8 0 29 51 66 48 77 122 54 4 16 82 67 55 78 143 67 3 2 2 1 47 12 10 2 2 9 0 7 0 8 8 0 0 2 0 0 1 0 0 0 0 0 0 2 
5 11 12 0 4 7 3 9 13 1 14 8 2 1 1 4 0 0 0 0 0 0 0 0 0 0 1 0 8 27 10 31 52 42 106 20 111 9 46 22 13 18 4 17 8 24 6 4 3 27 37 10 42 12 7 10 31 26 0 40 45 160 34 53 175 268 22 3 32 51 64 64 133 117 4 5 6 3 78 6 2 2 0 10 1 4 1 11 4 0 0 8 1 0 0 0 0 0 1 0 0 4 
0 2 1 0 0 5 1 1 0 0 1 2 2 1 0 2 0 0 0 0 0 0 0 0 0 0 0 0 0 11 9 22 10 21 83 9 51 7 22 1 2 1 6 6 2 1 3 1 0 14 8 1 16 6 0 3 2 1 0 10 1 69 24 42 69 138 62 11 3 14 23 45 31 43 3 3 1 8 23 2 4 2 2 8 0 2 2 0 4 0 0 0 0 0 0 0 0 0 0 0 0 0 
2 2 8 0 0 1 2 6 2 4 1 3 0 0 1 0 0 0 0 0 0 0 0 0 0 0 0 0 1 24 8 22 40 71 84 8 48 11 17 13 19 0 3 11 1 4 2 4 1 9 16 11 38 22 13 14 10 23 0 38 31 217 27 81 189 391 81 67 37 7 30 71 198 283 7 16 3 4 55 6 3 3 0 10 1 4 0 11 2 0 0 3 0 0 0 0 0 0 0 0 0 0 
4 6 1 2 5 7 5 12 6 1 5 17 3 2 7 32 2 1 0 0 1 1 0 0 0 0 0 0 1 16 11 20 75 45 137 36 208 40 150 44 14 6 18 16 16 31 4 3 6 39 18 4 22 4 17 12 11 25 0 80 64 166 34 101 237 475 200 199 112 110 4 52 166 203 8 7 3 3 57 7 9 12 3 13 2 16 0 4 2 0 0 13 0 0 1 1 0 0 0 0 0 0 
0 2 1 2 5 15 9 17 6 4 0 26 5 1 0 11 0 0 0 0 0 0 0 0 0 0 0 0 4 16 2 8 80 65 150 37 106 29 73 27 24 4 34 14 10 18 13 6 2 31 23 9 27 9 4 16 17 17 0 65 35 261 28 142 269 335 155 228 120 118 29 6 121 252 3 16 1 3 53 4 3 2 4 9 6 2 1 5 2 0 0 20 0 2 0 0 0 0 0 0 0 0 
5 6 5 1 3 3 3 2 5 4 3 1 0 1 1 3 1 0 0 0 0 0 0 0 0 0 0 0 3 0 0 1 11 25 46 15 36 10 33 6 4 1 3 14 8 14 9 2 4 26 9 9 9 4 3 11 16 17 0 22 22 116 22 44 132 183 72 32 38 52 52 41 6 57 8 3 2 5 45 2 6 2 2 6 2 6 1 10 3 0 0 1 0 0 1 0 0 0 0 0 0 0 
3 7 0 1 0 5 4 1 2 1 0 0 8 1 0 0 1 2 1 0 0 0 0 1 1 0 0 0 1 1 0 2 11 29 11 4 23 19 5 2 4 0 3 3 4 7 2 2 0 12 22 7 14 15 12 11 8 7 0 54 31 105 28 42 89 162 31 54 25 57 47 44 88 7 7 7 0 1 49 6 3 4 22 14 6 9 1 12 0 0 0 3 3 0 0 0 0 0 2 0 0 3 
1 2 3 0 7 3 1 26 8 17 2 8 17 50 29 21 26 12 9 6 1 2 2 6 3 1 2 7 7 8 1 20 43 10 33 4 23 4 23 30 22 5 58 98 13 51 35 8 3 78 10 6 19 8 6 21 49 63 0 62 24 35 10 43 31 39 7 14 0 3 8 5 7 12 6 27 8 26 426 99 59 25 32 225 20 70 29 74 27 0 0 58 12 28 20 9 2 7 12 0 0 47 
1 6 3 1 1 5 10 11 23 7 1 9 8 63 20 47 30 7 13 7 2 1 0 7 1 0 0 7 5 4 6 18 29 11 33 12 21 5 10 9 23 0 38 79 17 71 45 5 8 71 16 15 36 9 22 36 65 99 0 46 31 54 4 37 27 61 2 15 6 4 8 5 11 6 12 6 19 16 327 109 55 35 46 197 34 59 28 103 29 0 0 66 7 31 25 7 1 15 6 2 0 25 
0 4 0 0 2 0 0 7 1 2 0 2 0 5 0 4 3 5 0 0 0 0 0 7 1 0 0 3 2 4 2 5 10 2 7 0 8 0 11 2 7 1 11 7 5 3 7 1 0 10 4 0 5 8 2 3 18 24 0 22 5 3 1 7 3 8 0 4 2 0 2 6 3 2 11 22 1 15 97 27 26 8 9 67 5 5 1 19 0 0 0 18 2 7 3 0 0 3 0 0 0 4 
2 6 6 0 4 9 6 7 2 4 2 7 4 33 9 15 16 26 23 1 1 0 7 8 2 0 0 15 3 2 3 10 23 13 46 27 6 2 19 22 23 1 42 104 46 53 25 12 2 66 25 17 75 24 34 5 30 84 0 41 19 62 14 45 57 34 2 8 2 7 6 11 14 19 43 133 12 3 102 57 39 55 36 254 35 42 14 94 32 0 0 141 21 44 13 21 0 1 6 1 1 23 
19 22 22 8 14 41 5 11 8 10 3 44 17 125 73 47 60 34 57 24 6 3 11 24 12 4 2 23 10 46 20 44 92 52 87 8 23 6 42 46 25 6 82 183 33 51 36 8 14 94 64 53 104 63 51 36 77 140 0 64 48 154 37 116 92 167 13 63 13 28 15 28 58 68 99 143 31 23 26 32 28 45 19 325 60 74 25 126 61 0 0 224 31 66 20 18 1 7 14 3 3 45 
1 10 3 0 1 4 1 4 11 4 1 2 1 24 6 9 20 16 12 1 2 1 0 4 1 0 0 7 9 9 5 32 18 10 43 2 7 2 34 29 29 4 93 152 54 93 28 7 10 82 18 15 27 9 7 12 13 25 0 12 9 58 32 30 35 37 15 17 2 14 7 8 8 17 37 108 21 31 113 7 25 48 45 301 65 51 26 97 39 0 0 161 22 66 48 6 1 11 14 1 1 26 
4 10 7 0 4 5 0 2 1 2 2 2 2 14 5 16 5 16 4 0 0 1 1 5 1 0 0 1 5 13 12 9 26 13 24 1 1 0 6 22 12 9 76 137 41 49 26 10 7 74 25 14 20 15 4 1 14 32 0 14 18 66 40 39 59 37 17 5 4 3 7 5 13 13 29 49 31 21 114 65 7 28 20 303 73 51 27 77 46 0 0 181 33 45 36 7 1 7 11 2 0 33 
5 6 4 3 1 0 1 2 0 1 1 1 1 5 0 6 1 0 2 0 0 0 0 4 0 0 0 1 0 4 9 2 28 3 9 0 0 0 13 25 25 3 89 71 65 62 20 13 7 62 9 4 11 6 1 3 8 16 0 15 6 71 11 22 20 16 5 10 1 2 1 6 7 14 18 40 14 21 65 21 24 2 12 152 29 51 30 85 50 0 0 203 47 62 26 14 6 5 10 2 0 34 
4 3 6 13 6 4 2 4 1 1 2 2 0 1 0 2 1 1 0 0 0 0 0 2 0 0 0 0 0 11 6 8 28 17 3 0 3 1 13 34 42 15 78 111 12 57 41 8 11 102 39 11 35 8 8 7 9 35 0 23 9 77 13 20 27 40 10 22 5 7 4 7 17 32 29 39 13 27 229 56 38 9 6 251 67 82 17 80 26 0 0 215 45 61 39 11 4 11 8 3 2 40 
4 3 9 1 0 2 3 3 2 29 0 0 0 0 1 0 2 0 0 0 0 0 1 5 0 0 0 2 5 0 2 2 5 7 1 0 5 3 6 35 23 10 102 138 53 87 31 20 12 96 39 21 59 13 18 10 26 34 0 31 8 90 0 6 9 26 3 3 7 3 6 8 12 10 68 78 18 68 208 130 82 56 76 26 64 100 51 119 42 0 0 291 42 67 48 30 4 18 17 3 1 78 
8 7 1 3 3 9 3 2 3 9 1 0 0 0 0 6 0 0 0 0 0 1 0 1 0 0 0 1 2 12 2 7 2 5 4 0 1 14 25 52 26 8 233 265 71 185 71 20 14 137 25 32 25 13 11 7 27 39 0 38 9 98 6 17 8 32 7 1 5 6 2 6 7 7 23 27 13 27 199 166 156 107 117 294 17 130 62 199 70 0 0 424 66 99 102 29 11 32 29 3 3 72 
1 9 7 3 0 3 1 1 5 0 3 0 0 3 8 2 15 13 1 0 5 1 0 9 1 0 0 2 10 10 2 17 37 23 30 6 56 31 61 12 15 15 178 258 41 171 114 43 12 226 6 5 18 9 5 11 23 21 0 19 10 75 10 4 7 17 5 4 1 3 2 4 5 10 6 26 1 17 71 35 38 39 21 170 54 9 16 83 82 0 0 393 76 111 102 31 6 15 27 2 7 69 
6 7 1 1 2 7 4 5 3 14 0 1 2 1 1 12 7 19 3 1 3 1 1 6 4 0 0 17 7 12 6 14 39 14 49 9 92 46 79 36 30 8 162 259 67 127 44 29 10 169 11 9 15 2 2 4 19 18 0 24 7 34 2 9 8 26 5 2 1 4 1 0 8 5 14 9 4 11 58 30 26 45 10 164 74 58 6 71 44 0 0 351 74 91 82 26 5 24 32 1 6 72 
27 38 32 7 5 25 10 27 9 20 4 7 10 15 13 50 55 60 50 10 10 4 6 50 34 1 0 66 11 91 33 137 284 72 209 71 362 178 335 148 61 43 531 696 187 584 329 140 119 841 45 27 53 20 14 10 48 49 0 36 41 104 14 21 44 40 6 14 1 10 15 18 20 23 74 46 14 33 226 95 79 104 62 342 142 151 66 25 156 0 0 1210 194 386 277 144 39 60 115 10 28 438 
8 6 0 0 0 4 7 23 2 2 3 14 20 4 3 17 32 29 24 3 7 1 1 2 0 0 0 4 2 35 4 46 74 49 127 22 179 98 164 134 56 47 283 231 51 169 43 32 21 167 14 8 19 7 1 6 8 9 0 11 3 66 6 6 8 12 2 4 3 2 4 4 4 3 12 11 2 8 67 26 27 16 19 107 43 134 72 54 12 0 0 520 139 163 108 35 6 17 27 2 10 114 
0 0 0 0 0 0 0 0 0 0 0 0 0 0 0 0 0 0 0 0 0 0 0 0 0 0 0 0 0 0 0 0 0 0 0 0 0 0 0 0 0 0 1 0 0 0 0 0 0 0 0 0 0 0 0 0 0 0 0 0 0 0 0 0 0 0 0 0 0 0 0 0 0 0 0 0 0 0 0 0 0 0 0 0 0 0 0 0 0 0 0 0 0 0 0 0 0 0 0 0 0 0 
0 0 0 0 0 0 0 0 0 0 0 0 0 0 0 0 0 0 0 0 0 0 0 0 0 0 0 0 0 0 0 0 0 0 0 0 0 0 0 0 0 0 0 0 0 0 0 0 0 0 0 0 0 0 0 0 0 0 0 0 0 0 0 0 0 0 0 0 0 0 0 0 0 0 0 0 0 0 0 0 0 0 0 0 0 0 0 0 0 0 0 1 0 0 0 0 0 0 0 0 0 0 
1 1 2 1 1 3 2 4 3 7 3 6 3 8 3 6 0 12 1 0 5 0 1 3 0 1 0 7 0 10 7 11 27 25 84 12 66 27 46 29 17 1 54 134 51 63 34 7 16 79 4 4 6 0 1 2 1 1 0 1 0 13 1 4 6 1 0 0 0 0 0 1 1 0 10 6 0 6 23 9 18 14 0 26 24 65 20 88 31 0 0 10 75 78 17 61 31 14 22 2 1 85 
2 5 1 0 1 2 0 0 3 1 1 1 1 1 2 1 4 2 1 0 0 0 0 0 1 0 0 0 0 13 3 20 27 16 69 15 61 23 47 30 23 3 160 210 29 49 56 24 18 98 6 0 5 2 0 2 0 1 0 5 1 17 0 3 0 2 1 0 0 1 0 1 0 0 2 5 0 3 19 6 4 6 9 30 6 59 44 77 40 0 0 264 8 12 16 15 2 10 7 2 4 43 
1 1 1 2 1 1 1 1 1 0 2 9 7 14 3 10 2 1 0 0 0 0 0 2 1 1 0 0 1 8 1 24 28 46 63 14 119 35 52 25 67 9 195 299 106 184 82 43 22 215 3 3 7 1 2 1 6 10 0 3 3 11 0 6 6 0 1 0 0 1 0 0 1 0 4 11 2 6 48 12 20 22 14 98 12 96 71 108 79 0 0 504 43 10 8 58 5 13 22 4 10 107 
0 0 3 1 0 0 0 1 2 1 2 2 1 2 0 3 0 1 0 0 0 2 0 0 0 0 0 1 0 11 3 17 27 12 24 13 82 12 25 16 30 10 188 238 44 145 68 28 18 162 4 5 7 5 2 0 8 0 0 0 1 5 0 2 1 3 0 0 0 0 1 1 0 1 10 7 3 2 12 4 7 7 11 72 11 64 53 89 56 0 0 250 48 7 5 6 1 2 15 0 0 86 
4 7 11 2 1 8 2 1 1 0 1 8 3 16 2 9 4 1 0 0 0 1 1 3 0 1 0 2 7 15 4 27 35 32 125 20 154 49 131 162 76 16 581 666 174 248 84 37 36 248 9 3 5 2 0 6 5 9 0 3 1 11 1 5 3 1 0 0 2 0 1 1 4 1 6 3 2 6 27 19 8 24 14 98 17 82 79 169 109 0 0 2203 249 198 89 7 11 16 13 3 4 136 
2 0 0 0 0 0 0 1 0 0 1 2 0 0 0 0 1 1 0 0 1 0 0 0 0 0 1 0 0 4 0 0 2 6 10 0 24 7 28 16 19 2 59 100 26 32 13 11 2 33 0 0 0 0 1 1 0 1 0 1 1 1 0 0 0 0 0 0 0 0 0 0 0 1 1 1 0 6 7 5 6 2 4 34 2 22 6 32 9 0 0 151 15 18 40 32 4 1 3 2 2 19 
0 0 1 0 0 4 2 1 3 5 0 1 1 17 2 8 5 0 0 0 0 0 0 3 0 0 0 3 3 11 4 6 35 21 43 7 66 24 64 32 43 9 337 524 150 238 167 50 28 250 8 5 8 8 1 4 4 11 0 6 3 7 0 3 0 0 0 0 0 0 0 0 0 1 13 15 10 10 28 9 18 32 22 132 34 59 55 117 59 0 0 912 163 130 138 97 6 10 18 2 9 131 
1 1 1 0 0 0 0 2 0 1 2 4 2 1 1 8 4 0 0 0 0 0 0 0 0 0 0 0 0 1 2 6 5 12 10 9 45 18 56 33 39 9 198 227 106 165 107 54 35 195 4 2 8 2 6 3 6 6 0 1 2 5 0 2 1 0 0 0 0 0 0 0 2 3 6 4 1 5 25 17 13 17 11 64 20 77 43 84 72 0 0 390 39 112 90 21 6 1 6 1 1 69 
0 0 0 0 2 0 0 0 1 1 0 0 2 3 1 4 1 0 0 0 0 0 0 0 0 0 0 2 1 7 1 0 7 0 3 3 30 7 31 13 31 5 33 114 48 65 35 7 11 44 3 2 0 3 1 1 1 3 0 0 1 1 0 0 0 0 0 0 0 0 0 0 0 0 1 0 2 2 6 7 3 3 8 27 2 12 1 36 24 0 0 122 23 43 67 6 9 3 9 1 1 8 
0 0 0 0 0 3 0 0 0 0 0 0 2 0 0 1 0 0 0 0 0 0 0 0 0 0 0 0 0 0 1 0 2 1 4 0 6 9 18 16 5 0 44 72 26 30 15 2 5 37 1 0 0 0 0 0 0 1 0 0 0 0 0 0 0 1 0 0 0 0 0 0 0 0 3 0 5 0 2 5 0 6 2 16 6 10 7 32 27 0 0 148 53 18 37 28 0 1 4 0 1 0 
13 11 9 1 5 12 4 2 8 5 2 5 19 9 8 2 17 15 6 3 3 0 2 2 1 0 0 15 5 37 10 22 54 20 24 58 141 54 127 34 45 10 219 277 92 220 140 42 38 226 23 6 26 11 6 10 2 6 0 10 5 2 0 7 4 5 0 2 0 0 0 0 1 1 21 14 2 10 47 16 22 30 16 88 25 93 37 278 46 0 0 358 69 90 126 59 8 27 41 6 1 12 
