5 10 43 24 37 143 57 51 76 98 52 80 86 79 86 108 51 40 57 30 31 39 38 55 30 2 0 41 73 3 0 2 24 2 7 2 5 4 29 61 22 2 7 14 18 8 8 9 13 62 12 2 11 11 4 4 5 21 0 9 6 1 2 17 19 9 4 10 4 4 15 22 17 3 5 7 1 5 28 2 10 5 8 10 4 12 7 41 2 0 0 5 3 1 5 3 1 4 0 0 0 3 
20 7 39 47 36 152 73 62 88 49 31 125 80 76 61 86 49 76 61 38 18 37 16 55 10 3 1 30 67 4 3 15 6 2 9 3 4 4 40 33 15 1 11 28 16 12 15 7 10 61 8 5 21 12 4 2 10 12 0 1 9 1 3 3 7 10 6 6 6 6 4 10 3 3 1 4 0 7 19 4 3 4 7 11 2 11 0 32 4 0 0 7 4 4 3 5 1 0 3 1 0 5 
36 35 6 16 6 72 54 51 79 43 19 91 78 83 68 72 43 55 48 24 15 33 8 28 8 0 0 28 70 6 3 2 4 2 5 4 5 5 29 23 9 0 7 6 6 23 14 12 5 37 21 3 9 18 1 1 13 6 0 5 3 0 4 8 17 7 8 4 0 3 9 2 2 2 2 5 0 4 16 2 1 5 2 8 3 14 2 21 2 0 0 8 0 2 2 1 1 1 1 0 0 4 
10 16 13 1 2 26 12 15 20 5 4 16 9 16 5 10 4 1 5 2 4 2 3 13 2 0 0 5 14 1 0 1 2 0 0 0 1 4 8 5 0 0 1 0 0 3 0 0 1 17 3 1 2 1 3 0 1 0 0 1 2 3 0 0 2 3 0 0 0 0 0 1 0 2 0 2 0 1 4 0 0 0 2 2 0 0 0 6 0 0 0 1 0 0 0 1 0 0 2 0 0 0 
37 31 25 13 2 11 11 8 29 16 10 12 29 14 19 44 31 43 10 9 4 10 13 25 2 1 6 10 13 5 1 0 5 0 2 0 0 1 10 8 2 6 10 8 3 2 1 4 1 21 2 2 3 2 0 0 2 13 0 0 0 0 1 0 3 5 0 0 1 1 4 2 0 4 0 1 0 1 8 3 1 0 1 2 0 0 0 12 0 0 0 3 1 1 1 0 0 0 1 0 0 0 
39 70 77 26 7 11 10 22 31 57 33 87 104 93 70 157 85 59 71 56 30 60 36 29 26 1 5 23 81 13 4 2 7 3 8 0 3 10 61 47 20 1 10 13 28 7 7 10 12 31 19 16 25 14 2 2 14 10 0 1 0 2 3 13 22 13 6 8 11 12 7 12 2 9 2 3 0 3 17 2 2 0 1 7 7 7 8 17 2 0 0 8 9 1 0 10 0 5 2 0 1 20 
27 41 34 12 9 22 6 20 45 25 13 29 58 67 33 62 27 18 28 29 16 15 7 24 6 2 0 7 52 5 2 4 12 6 6 3 0 3 25 19 9 0 9 6 7 13 6 5 3 29 2 3 9 4 11 1 1 10 0 1 1 0 3 1 8 25 3 5 0 1 4 11 4 6 16 3 1 6 14 0 1 1 1 2 0 2 1 12 0 0 0 6 3 2 0 0 0 9 5 0 0 6 
25 45 48 10 9 13 26 6 17 19 12 48 88 83 53 84 44 39 37 24 22 21 10 45 14 2 4 29 35 5 0 9 5 9 5 2 1 6 27 23 4 4 7 8 7 12 7 4 12 30 11 4 18 8 2 5 3 17 0 2 0 2 1 2 11 14 5 8 11 2 2 9 1 15 10 5 1 3 10 0 0 3 0 6 4 2 3 14 1 0 0 7 0 2 2 4 0 2 1 0 0 6 
61 79 132 24 43 88 119 33 8 58 55 166 268 197 95 92 68 58 27 18 24 33 18 47 19 1 11 29 45 11 7 7 6 3 1 10 4 25 39 33 8 1 8 20 17 12 16 10 5 47 13 2 11 10 12 0 3 12 0 5 2 0 1 8 9 14 6 6 3 0 8 10 2 7 6 6 1 3 31 0 0 2 26 8 1 4 1 11 0 0 0 9 0 1 1 3 0 1 1 1 0 1 
16 22 26 10 8 50 51 35 28 2 11 34 65 47 30 45 38 63 20 11 17 21 11 35 8 2 7 16 24 3 8 2 2 2 1 0 1 2 27 16 11 0 5 2 8 3 0 3 3 21 9 5 11 13 9 0 7 10 0 2 1 2 3 3 6 4 1 8 4 2 4 13 9 3 14 7 5 2 10 3 7 1 1 3 0 2 0 4 1 0 0 3 1 1 2 5 0 1 1 0 0 0 
12 20 22 8 14 19 16 19 27 11 3 29 19 26 21 58 30 48 25 36 28 34 22 25 9 4 12 42 10 10 3 3 3 0 0 1 1 4 11 33 11 1 11 3 12 14 6 12 10 36 3 3 3 5 2 1 6 9 0 1 0 0 0 7 4 2 3 6 1 0 3 2 0 1 1 1 0 4 11 0 2 1 1 0 2 7 1 8 1 0 0 6 8 0 0 1 0 6 1 0 0 3 
47 72 66 13 14 84 128 75 89 46 21 10 32 70 42 101 60 59 63 88 42 51 56 108 25 5 11 64 27 27 12 15 13 2 2 4 2 5 41 37 5 6 6 8 7 19 9 12 17 53 10 16 16 17 6 1 9 15 0 10 0 2 8 3 14 14 10 6 13 2 12 14 3 4 7 6 1 4 23 3 2 0 0 0 0 1 0 2 4 0 0 6 2 9 0 2 0 1 1 0 0 7 
49 91 116 18 30 140 197 180 204 122 71 75 10 82 83 111 136 105 103 53 90 109 37 108 42 0 7 81 36 22 10 21 20 5 6 1 2 15 51 21 15 2 12 3 10 11 17 10 7 36 4 4 11 17 7 1 13 18 0 40 2 2 5 2 5 3 8 3 1 1 3 9 8 1 4 4 1 6 28 4 2 1 0 3 1 2 1 7 3 0 0 5 2 9 1 1 0 1 3 0 0 4 
97 138 144 25 25 136 196 162 166 138 69 80 69 4 31 95 159 164 164 118 166 162 89 192 90 4 21 225 48 15 4 2 13 2 1 2 1 12 34 53 25 1 12 6 13 17 6 13 12 66 12 8 16 36 9 6 31 66 0 21 6 1 1 1 3 2 2 0 1 2 3 2 0 2 24 6 4 13 71 7 0 0 0 1 1 2 4 8 1 0 0 5 1 1 2 5 0 0 5 0 0 6 
66 76 121 10 26 127 151 99 136 86 51 54 68 28 15 49 94 56 66 101 107 92 107 175 64 14 26 168 32 13 1 11 9 5 4 5 1 6 13 41 17 1 9 8 11 10 7 6 5 19 11 7 14 17 6 8 11 8 0 16 2 2 1 2 1 2 0 0 0 0 9 2 0 0 15 8 1 4 37 2 1 0 0 2 0 0 0 8 3 0 0 9 2 3 1 1 0 2 1 1 0 0 
76 106 80 6 26 73 96 108 131 113 52 75 118 59 16 24 118 130 111 129 218 127 178 273 109 14 28 208 34 44 28 61 41 21 29 24 42 7 17 43 30 4 11 17 20 14 13 9 11 65 7 12 34 24 14 1 13 30 0 25 4 1 1 2 2 4 0 1 2 5 15 3 3 4 14 9 5 5 44 3 1 1 1 1 1 3 1 25 6 0 0 9 2 4 1 2 3 2 1 0 0 2 
41 65 38 0 31 54 73 75 95 81 27 95 108 133 38 121 11 51 101 94 155 111 122 267 68 12 25 136 15 93 40 101 67 23 36 24 34 25 70 72 59 7 36 41 28 42 38 29 21 107 15 15 20 19 5 9 17 28 0 3 10 8 1 8 1 1 2 0 3 1 1 3 0 0 7 7 2 6 46 16 7 1 0 2 1 10 5 36 9 0 0 20 6 1 1 4 0 1 1 0 1 10 
22 39 45 5 14 36 55 44 43 53 16 60 84 119 43 134 56 10 39 46 118 57 119 212 49 13 20 59 15 64 43 37 29 18 29 22 16 26 75 57 47 1 23 30 42 25 13 14 27 86 1 3 10 10 7 1 6 13 0 10 5 3 0 6 2 0 0 0 0 0 1 3 0 1 8 5 1 3 36 8 0 0 2 2 1 5 6 21 14 0 0 11 2 1 0 4 3 0 0 0 0 5 
23 38 46 5 7 38 40 36 59 50 48 74 94 116 92 173 175 75 11 60 232 119 171 194 56 13 11 89 7 46 32 29 24 15 20 14 26 19 50 36 15 9 16 30 17 28 28 20 20 77 14 10 13 8 8 0 10 7 0 3 0 2 1 7 0 0 0 0 0 0 1 0 0 1 5 4 3 3 16 5 0 1 0 0 0 5 5 14 10 0 0 12 0 0 0 9 0 0 0 0 0 0 
7 25 11 2 7 16 18 13 26 22 9 24 41 45 26 85 51 27 29 4 13 11 34 66 29 10 25 75 8 23 6 8 8 2 6 8 10 14 32 22 10 3 4 5 12 11 8 5 13 25 0 1 5 1 4 0 4 5 0 1 0 0 0 0 0 0 0 1 0 0 0 0 0 0 3 1 1 1 11 4 2 0 0 1 0 1 1 11 2 0 0 2 0 0 0 0 0 1 0 0 0 1 
5 17 17 0 3 11 6 5 6 22 11 45 70 81 45 124 79 65 64 3 4 13 70 75 60 33 54 77 6 12 2 5 3 5 7 12 17 15 46 17 15 1 2 11 13 11 9 8 11 25 2 0 0 0 3 1 5 2 0 3 0 1 0 0 1 0 0 0 0 0 0 0 0 0 3 0 0 0 8 1 1 3 0 0 1 6 5 7 6 0 0 9 0 0 0 0 0 0 0 0 0 0 
16 23 18 1 8 13 22 15 31 21 13 54 49 52 39 88 46 37 44 17 23 7 74 70 31 49 72 97 9 8 3 4 7 3 4 11 7 7 40 4 2 2 2 1 8 7 2 8 4 29 2 2 1 0 0 0 0 2 0 3 1 0 0 0 0 0 0 0 0 0 0 0 0 0 1 2 0 1 1 2 0 1 0 0 0 0 0 9 5 0 0 1 0 0 0 0 0 0 0 0 0 1 
3 8 6 3 3 11 15 11 12 19 15 26 23 29 38 78 60 55 60 32 38 29 4 32 6 22 46 124 2 6 2 1 13 7 6 2 14 12 44 10 9 4 1 6 3 11 4 5 5 25 0 0 2 3 1 1 4 5 0 8 2 0 1 1 0 0 0 0 0 0 0 0 0 0 0 0 1 0 3 2 0 1 1 0 0 0 1 4 1 0 0 2 0 0 0 0 1 0 0 0 0 0 
28 20 9 2 12 49 28 22 16 38 12 54 69 63 55 158 142 63 87 34 40 31 16 20 12 70 187 124 4 12 3 3 23 9 14 17 14 17 53 31 12 2 7 17 13 19 5 21 14 80 8 1 7 3 3 1 6 10 0 2 1 0 1 1 2 0 1 2 0 0 0 0 0 0 2 6 2 2 21 3 1 0 0 3 0 2 1 17 7 0 0 5 0 0 0 0 0 0 1 0 0 2 
16 27 20 8 10 18 34 15 21 47 11 52 62 53 60 86 53 46 57 36 57 22 43 19 7 16 112 109 2 15 8 14 36 11 17 9 13 20 37 39 38 3 12 17 25 17 16 11 17 105 13 5 27 11 9 2 2 15 0 0 0 1 0 2 3 1 0 0 1 0 0 0 0 0 3 10 0 4 22 6 6 1 1 2 1 3 2 44 3 0 0 8 0 0 0 1 0 0 2 0 0 4 
2 0 2 2 0 0 0 2 7 5 2 1 5 5 12 6 10 13 12 10 18 16 15 34 3 2 3 21 0 8 1 4 5 0 0 2 0 1 9 2 1 1 2 1 0 0 1 1 1 2 0 1 1 0 0 0 1 2 0 0 0 0 0 0 0 0 0 0 0 0 0 0 0 0 0 0 0 0 8 0 0 0 1 0 0 0 0 1 0 0 0 0 0 0 0 0 0 0 0 0 0 0 
2 0 0 0 0 0 3 2 0 2 0 1 0 4 3 8 3 0 2 6 14 12 7 22 4 2 5 20 0 1 0 1 2 1 0 1 1 5 3 1 1 1 0 2 0 1 0 0 0 2 0 1 0 0 0 0 0 0 0 0 0 0 0 0 0 0 0 0 0 0 0 0 0 0 1 0 0 0 1 0 0 0 0 0 0 0 1 1 0 0 0 0 0 0 0 0 0 0 0 0 0 0 
27 41 34 3 27 40 28 47 32 65 36 90 120 165 155 269 119 112 101 90 134 152 144 185 65 30 90 8 6 10 5 11 33 8 18 10 13 31 52 52 50 7 10 29 29 23 12 28 17 114 12 5 19 11 8 4 5 4 0 0 1 1 0 3 1 0 0 3 0 0 0 0 0 0 9 5 0 4 35 6 3 3 5 2 1 5 4 29 6 0 0 4 1 2 1 4 0 2 1 0 1 4 
111 134 120 15 43 93 71 59 69 57 30 63 59 75 40 81 19 26 41 20 20 23 11 25 7 3 2 18 2 9 7 6 8 3 8 10 4 9 20 30 13 0 18 6 5 19 12 7 11 61 10 2 21 8 3 1 7 9 0 7 11 0 4 14 15 1 6 6 0 3 8 13 1 3 5 1 0 5 24 8 0 2 4 4 2 16 5 17 1 0 0 4 3 1 1 2 2 1 1 0 0 4 
3 3 1 1 0 2 5 5 7 8 11 24 16 5 6 26 64 40 23 5 10 10 9 10 12 0 0 4 2 39 108 212 291 76 189 168 308 215 311 185 84 17 51 62 76 64 40 44 42 219 9 10 16 9 3 1 7 13 0 17 5 7 8 15 44 26 16 24 6 19 10 14 3 2 6 3 3 13 37 6 15 2 4 8 5 15 7 93 30 0 0 26 11 6 3 17 1 14 10 6 1 26 
4 8 1 0 0 5 2 1 3 1 1 1 3 1 2 13 24 15 4 4 2 2 4 4 6 0 1 1 0 214 6 163 142 39 94 54 110 57 103 64 34 2 25 25 10 23 18 11 13 45 3 2 4 4 6 0 2 6 0 1 2 5 6 7 21 33 4 18 6 2 4 11 2 0 0 3 0 2 16 8 2 1 1 1 2 6 4 20 4 0 0 19 0 3 4 10 0 0 2 2 0 9 
3 3 2 0 1 1 3 1 7 1 3 8 12 3 6 41 66 40 13 9 7 5 5 10 6 3 4 9 2 221 111 15 142 50 126 133 273 224 271 247 164 19 70 69 68 105 49 65 59 204 12 2 21 18 8 2 15 37 0 29 4 6 4 13 64 62 37 26 8 15 12 9 0 2 10 12 0 16 45 6 5 3 11 5 6 16 13 68 32 0 0 50 8 25 33 25 2 9 1 11 0 17 
16 13 5 0 3 7 17 11 4 9 3 12 20 6 7 32 59 48 23 6 17 11 21 35 18 1 3 28 3 437 180 143 20 32 103 125 191 181 267 227 139 38 105 105 131 139 95 88 98 570 47 18 62 31 23 5 15 36 0 22 7 3 1 14 26 38 8 12 15 31 37 32 11 7 25 15 3 10 72 13 10 11 11 8 8 20 11 184 40 0 0 64 20 23 11 18 2 3 9 2 1 34 
0 3 8 0 1 5 5 9 4 5 1 4 6 1 3 27 44 26 18 7 2 4 3 9 6 0 2 14 0 214 72 93 54 15 34 39 97 84 114 107 79 13 57 46 59 47 34 43 41 160 19 11 22 14 13 3 9 10 0 18 2 8 3 2 12 26 11 17 15 41 20 41 15 10 4 3 1 13 27 15 3 0 2 2 0 15 5 31 15 0 0 28 10 16 4 7 0 8 4 5 0 13 
4 12 10 0 2 5 4 5 3 1 1 3 7 3 2 30 53 39 24 27 17 15 17 48 13 0 1 23 1 578 211 307 156 53 15 35 157 124 223 368 106 43 128 150 106 113 63 88 63 271 19 16 22 28 12 2 19 40 0 8 2 11 10 28 15 26 13 27 21 43 65 88 14 5 13 3 2 2 64 3 5 1 1 2 2 16 8 55 65 0 0 79 38 40 13 31 5 29 32 1 1 32 
2 9 2 0 0 3 1 2 1 0 0 1 1 1 4 17 27 16 23 13 13 7 11 24 4 4 3 16 3 372 168 200 158 44 50 8 138 101 176 176 83 12 46 64 53 79 38 36 25 216 5 11 8 7 0 0 4 3 0 2 0 4 5 7 11 15 15 16 2 15 27 33 7 4 3 3 2 3 16 0 0 1 0 0 0 3 4 37 17 0 0 39 15 15 7 12 1 7 13 4 0 20 
4 9 7 1 1 1 10 4 7 5 1 6 10 1 2 45 45 27 35 34 21 31 15 52 8 2 6 43 1 838 412 632 468 149 247 188 28 209 630 612 258 92 178 195 217 219 167 121 145 583 16 17 34 22 10 1 11 19 0 4 11 7 26 45 42 51 19 52 11 22 87 95 17 19 16 5 2 6 27 1 4 4 2 11 4 26 19 137 54 0 0 151 40 43 38 66 11 42 43 12 3 46 
2 15 8 2 3 12 19 19 7 17 2 11 22 5 8 7 15 12 26 19 13 24 14 36 10 3 5 38 10 280 118 289 165 94 104 76 95 22 133 285 213 45 151 126 148 126 114 54 81 343 9 4 18 4 1 3 4 11 0 7 0 2 15 18 26 14 2 15 5 4 29 26 4 6 6 6 0 3 14 2 2 0 1 3 2 25 28 90 64 0 0 78 27 23 5 24 4 41 13 3 8 38 
48 46 25 7 18 38 65 39 53 49 31 50 73 27 8 19 69 60 40 42 67 44 57 127 35 8 20 96 20 549 181 580 358 181 230 154 432 125 28 777 400 59 218 255 261 286 193 137 159 755 29 9 67 27 7 1 18 31 0 7 3 7 12 29 76 58 18 21 12 15 69 55 23 18 18 6 5 18 71 21 13 13 9 20 9 50 46 191 96 0 0 181 50 61 25 67 10 45 34 12 6 118 
21 29 27 1 19 14 29 28 29 17 24 35 31 18 10 21 59 31 21 17 20 16 20 43 18 0 2 42 10 196 93 179 144 70 150 95 282 195 501 22 40 35 92 154 138 208 123 149 145 479 12 12 12 13 0 1 9 11 0 4 0 3 7 16 23 18 2 7 8 12 18 13 9 4 21 12 4 5 31 10 7 7 11 16 26 7 17 40 57 0 0 56 13 23 6 36 0 14 11 4 3 24 
8 27 31 0 8 12 14 11 18 17 10 10 18 43 19 21 45 29 18 10 20 9 11 35 10 1 5 33 9 136 52 117 118 60 58 46 152 131 276 77 7 19 57 130 74 138 142 107 117 401 7 6 12 6 1 1 6 6 0 3 0 2 1 8 21 13 8 4 0 6 13 8 3 1 8 2 1 3 10 10 11 6 5 12 11 24 21 24 39 0 0 54 17 13 20 46 4 16 9 2 0 29 
2 1 1 0 0 3 8 0 4 7 2 7 3 10 1 0 2 6 6 2 5 3 1 2 0 0 0 6 0 21 10 14 14 12 18 7 45 23 45 38 24 2 24 49 39 40 26 18 39 79 0 1 0 5 0 2 1 2 0 1 0 1 0 5 3 2 1 2 0 0 1 5 1 0 1 0 0 4 3 1 5 2 3 5 5 5 6 15 9 0 0 14 3 11 7 16 0 4 2 1 0 1 
8 10 20 1 2 19 22 15 22 4 9 15 19 9 15 26 58 37 23 11 11 6 6 20 13 3 2 20 7 133 67 111 144 71 85 61 136 181 232 185 73 42 27 115 128 210 124 157 223 619 7 17 14 25 4 5 11 18 0 5 1 4 2 7 18 11 4 14 5 2 12 21 6 3 42 18 2 24 41 48 29 41 51 121 88 149 106 202 130 0 0 130 75 116 82 188 27 106 75 21 16 144 
11 17 7 1 9 9 13 15 14 18 6 6 16 11 8 15 43 35 26 12 9 16 13 27 12 1 3 24 6 116 33 100 85 44 73 41 127 182 285 281 119 86 94 19 142 304 133 187 262 686 15 7 17 20 4 4 22 28 0 7 1 2 3 17 22 12 7 7 4 6 23 16 7 0 33 26 1 31 84 42 37 20 38 138 106 164 115 196 103 0 0 250 97 140 76 211 38 129 109 21 15 109 
15 19 14 4 8 12 15 7 14 15 11 18 10 9 3 14 34 37 20 9 7 19 12 22 11 1 3 38 6 86 31 94 129 40 56 54 102 112 161 160 91 56 93 336 17 200 122 218 176 498 6 7 10 8 1 4 4 3 0 2 5 0 1 10 14 16 6 9 3 8 8 20 7 8 10 8 1 15 34 13 8 9 13 35 43 37 51 83 28 0 0 107 18 85 27 75 21 49 42 18 16 58 
21 25 15 3 4 10 21 18 15 14 14 20 29 10 10 9 38 43 20 12 22 15 15 33 15 3 1 42 3 108 32 87 183 54 91 40 170 174 294 284 186 43 123 321 189 29 161 396 409 1133 26 6 30 27 8 1 9 16 0 8 7 3 7 14 19 24 6 10 4 0 16 18 8 4 29 27 1 20 66 32 30 25 19 65 54 160 85 202 94 0 0 225 38 113 55 102 16 70 87 13 16 149 
9 58 19 0 5 8 18 12 27 4 6 15 17 5 7 14 39 29 21 14 23 13 5 28 11 0 1 27 3 80 23 81 145 40 40 48 131 139 167 264 148 31 77 217 156 286 24 324 292 682 13 9 22 11 2 1 7 16 0 2 2 0 1 5 13 15 11 2 3 2 14 8 3 2 40 12 4 14 43 31 27 17 35 52 37 70 44 142 52 0 0 137 28 88 26 76 20 76 66 16 4 90 
3 5 4 0 2 3 3 7 0 9 1 7 12 3 1 6 14 8 5 1 2 6 8 18 2 1 2 9 1 45 12 22 71 25 16 18 49 37 94 54 57 17 52 98 108 219 122 13 392 586 3 4 7 0 0 1 11 7 0 4 0 0 3 6 11 3 3 2 3 1 9 0 1 3 8 3 0 3 12 4 4 5 6 21 13 44 21 111 30 0 0 58 12 17 13 21 6 21 21 1 5 32 
4 7 4 1 1 8 3 3 2 9 5 5 6 5 2 23 8 15 6 6 10 5 9 4 4 0 0 11 2 33 14 40 83 21 18 13 42 38 80 105 67 9 60 100 68 203 108 113 15 448 2 1 10 1 0 0 3 3 0 0 2 1 1 3 11 10 6 5 1 0 5 1 2 1 7 10 0 3 17 9 8 7 17 16 25 28 12 61 16 0 0 78 11 28 18 20 4 14 10 4 6 37 
46 63 38 1 19 34 48 45 31 43 16 54 51 21 15 44 83 118 38 29 36 35 34 114 49 4 4 102 19 290 79 239 546 114 168 110 312 308 476 480 351 39 204 477 335 625 331 563 599 39 49 15 90 18 8 3 17 28 0 8 9 5 8 39 35 62 17 22 7 20 33 41 14 6 68 31 9 45 116 73 56 60 48 140 55 130 58 508 80 0 0 242 52 108 109 100 24 103 104 20 12 210 
6 18 16 1 13 14 23 30 15 13 3 19 15 25 9 20 13 18 9 5 2 3 5 26 10 1 2 8 1 33 10 40 52 11 8 16 8 9 18 26 8 2 12 23 8 15 13 6 9 56 6 24 96 131 84 23 71 68 0 69 36 3 15 55 30 54 22 27 7 49 38 25 25 34 27 33 5 29 211 31 34 7 25 45 23 34 12 81 11 0 0 17 11 13 3 9 1 15 11 3 3 17 
7 11 5 0 1 8 8 20 10 5 5 5 10 6 6 7 5 11 4 2 0 0 15 7 4 1 0 12 2 11 16 6 21 11 7 8 7 4 16 11 4 2 10 10 5 10 16 7 7 32 20 7 58 126 88 14 27 45 0 39 13 5 3 18 25 34 3 8 1 12 9 14 5 18 8 5 0 10 101 14 5 4 12 20 9 10 4 34 7 0 0 2 1 8 3 1 3 6 5 0 0 4 
5 10 13 0 2 10 17 11 10 6 2 13 22 24 13 9 13 9 5 3 3 2 4 11 10 1 4 8 3 27 11 30 38 15 26 12 8 13 24 15 8 1 13 27 22 20 9 6 11 77 68 35 11 53 16 7 41 70 0 53 18 8 3 38 36 46 24 30 11 28 16 27 14 15 17 10 6 29 178 27 27 3 6 41 12 31 14 65 16 0 0 14 12 11 2 11 8 21 14 1 3 28 
6 9 6 2 2 20 19 7 8 7 1 2 8 14 5 11 16 7 2 5 0 3 3 5 6 0 0 5 2 15 2 10 13 11 9 6 4 5 8 9 2 0 9 17 5 5 12 9 4 11 23 23 53 5 24 6 12 34 0 38 10 4 9 17 30 15 11 24 9 53 22 28 5 10 10 4 3 16 83 10 10 1 8 18 11 9 4 14 7 0 0 10 7 5 11 5 3 9 1 2 0 4 
2 7 9 6 2 6 6 13 8 2 2 0 4 5 7 9 1 2 3 1 1 0 4 14 1 0 0 6 1 11 2 4 4 2 1 2 3 4 4 6 4 0 3 3 0 3 2 0 3 4 16 9 24 5 1 4 8 23 0 21 13 2 6 9 19 9 6 5 2 12 6 2 9 9 7 4 3 16 74 12 3 0 13 20 13 9 3 11 1 0 0 3 0 1 2 0 0 1 1 0 0 5 
11 4 9 0 2 1 2 4 13 3 2 0 3 2 1 3 1 2 11 0 2 1 0 1 6 0 0 13 3 4 2 9 9 6 2 0 1 1 3 4 1 0 4 4 10 2 3 5 1 16 12 5 17 6 4 2 11 9 0 12 0 4 2 9 13 8 4 15 4 3 1 8 4 4 10 3 1 7 54 5 0 1 2 4 16 2 3 8 2 0 0 1 2 1 4 6 1 4 0 1 0 1 
3 2 3 0 5 5 5 6 6 2 2 9 5 11 11 14 15 9 10 0 0 0 1 7 4 0 2 2 2 25 3 13 11 3 13 8 4 1 8 6 3 3 3 10 4 7 3 7 4 14 36 10 27 18 10 5 1 12 0 29 4 1 3 18 14 44 6 11 4 12 10 11 20 16 27 24 5 26 91 13 9 7 10 20 10 9 4 27 4 0 0 5 3 5 10 4 1 3 4 0 0 9 
5 11 12 5 0 9 6 14 7 9 7 8 6 11 15 34 14 7 6 4 4 1 3 7 5 0 1 5 8 19 6 13 21 9 11 5 8 4 27 10 5 1 8 8 2 15 2 4 14 28 32 23 49 45 56 37 10 10 0 51 14 2 17 24 19 17 10 23 5 18 13 17 10 18 34 30 8 28 143 17 33 2 20 39 18 6 10 35 1 0 0 10 0 2 2 8 0 9 14 2 4 12 
1 0 0 0 0 0 0 0 0 0 0 1 0 0 0 0 0 0 0 0 0 0 0 0 0 0 0 0 0 0 0 0 0 0 0 0 0 0 0 0 0 0 0 0 0 0 0 0 0 0 0 0 0 0 0 0 0 0 0 0 0 0 0 0 0 0 0 0 0 0 0 0 0 0 0 0 0 0 0 0 0 0 0 0 0 0 0 0 0 0 0 0 0 0 0 0 0 0 0 0 0 0 
11 16 11 0 6 6 12 7 3 5 5 11 25 20 19 37 20 21 13 6 13 13 6 19 3 0 0 19 11 17 5 25 16 11 3 3 2 4 10 9 6 0 8 5 2 10 8 5 4 20 40 25 71 47 33 10 20 47 0 8 0 4 5 18 56 50 16 21 4 26 57 82 18 31 25 22 3 28 81 4 8 11 7 24 6 7 4 36 7 0 0 15 1 3 9 2 0 5 0 0 0 7 
0 6 3 1 1 1 4 0 1 5 0 4 6 3 2 4 3 7 2 2 1 0 3 8 0 0 0 4 5 18 5 7 10 4 16 3 7 14 9 7 3 3 2 3 1 1 8 1 3 7 12 19 25 34 8 5 44 22 0 8 0 1 4 6 22 33 9 36 5 38 30 46 9 14 15 21 8 11 55 3 4 5 16 12 8 8 2 18 2 0 0 3 2 0 2 1 0 1 3 1 1 1 
0 9 6 1 4 8 12 10 5 2 9 15 8 2 6 8 16 3 5 6 0 0 1 9 3 0 0 0 0 57 30 41 13 17 21 21 21 37 33 38 14 4 11 12 13 21 11 5 20 36 6 8 10 6 8 4 21 53 0 31 10 0 0 36 38 40 24 39 14 39 31 32 14 22 9 10 1 10 55 12 17 12 9 25 7 19 2 21 9 0 0 12 3 5 3 4 3 5 4 1 1 2 
0 0 1 1 0 0 7 1 2 0 0 2 0 0 0 1 1 1 0 2 0 1 0 2 0 0 0 3 1 2 4 4 4 3 6 3 5 6 8 3 2 1 3 2 0 3 3 1 2 9 11 0 8 11 2 2 6 17 0 7 5 3 1 6 22 26 5 12 3 15 12 12 7 1 5 0 8 10 23 4 3 0 1 3 2 1 2 3 0 0 0 1 0 0 0 1 0 0 1 0 0 3 
5 10 10 0 3 22 23 10 5 4 5 6 0 0 0 7 14 3 1 0 0 0 0 7 2 0 1 1 6 41 10 14 9 3 6 17 27 13 50 24 13 2 7 20 16 8 10 7 8 51 27 17 34 62 12 9 33 43 0 39 12 22 11 2 26 37 27 33 15 40 56 102 19 33 11 10 1 20 87 13 18 5 8 9 6 12 1 11 5 0 0 7 0 2 0 2 1 1 0 0 0 0 
13 8 12 0 4 7 27 16 7 4 5 4 4 1 0 2 2 1 3 0 0 0 1 2 4 0 1 2 4 58 66 33 28 21 20 8 28 13 61 24 21 1 14 9 9 21 21 10 9 53 28 35 40 27 17 11 63 48 0 53 21 4 22 33 15 36 35 89 63 88 117 177 62 60 24 11 18 22 90 17 25 4 15 8 6 11 10 15 5 0 0 10 1 3 1 0 0 0 0 0 0 3 
8 15 19 0 3 19 32 25 10 8 3 7 6 0 0 0 0 0 0 0 2 0 1 2 1 0 0 3 3 82 82 76 39 55 24 21 31 8 55 21 21 2 18 17 17 40 12 11 16 70 14 20 36 40 13 10 53 54 0 58 26 8 28 76 77 17 20 107 77 154 172 230 88 66 15 36 2 16 98 17 18 12 19 13 4 12 10 18 4 0 0 14 2 1 0 0 2 3 3 0 1 6 
2 2 7 1 0 3 5 5 5 5 1 4 0 0 0 3 0 0 0 0 0 0 0 1 0 0 0 0 1 48 10 28 5 14 5 3 9 9 21 10 10 0 4 2 5 13 4 3 7 17 13 7 10 13 3 0 8 1 0 22 8 1 19 31 66 18 6 43 59 43 77 105 33 15 2 3 0 1 29 4 7 1 5 3 4 7 2 2 1 0 0 4 1 0 0 0 0 0 0 1 0 0 
4 3 8 1 3 2 10 5 12 4 4 5 2 0 0 0 0 0 0 0 0 0 1 0 2 0 0 1 4 32 12 12 11 21 12 11 16 10 19 6 7 0 5 8 7 20 6 4 4 19 21 6 32 11 4 1 16 24 0 19 15 5 11 15 45 58 4 3 19 46 118 115 25 37 12 8 2 10 45 5 9 2 2 4 10 6 3 9 0 0 0 4 0 0 0 0 0 0 0 0 0 2 
0 1 2 0 0 6 7 4 4 2 3 2 1 0 2 1 2 0 0 0 0 0 0 0 2 0 0 0 0 16 12 17 6 9 14 6 9 5 12 5 6 0 0 7 5 6 5 2 11 14 1 1 5 5 1 3 6 4 0 13 13 5 4 11 33 34 8 16 1 12 52 75 7 8 3 4 0 4 20 2 1 7 9 2 2 2 5 5 2 0 0 2 0 0 0 0 0 0 0 0 0 0 
3 0 3 0 0 5 7 4 3 1 0 0 1 1 0 3 0 0 0 0 0 0 0 0 1 0 0 0 0 15 11 18 17 14 18 22 3 6 16 4 2 0 1 1 2 1 2 3 2 16 12 19 27 12 2 4 19 11 0 15 10 1 9 29 42 83 19 29 20 1 58 135 18 55 4 4 0 6 38 4 5 1 5 6 5 4 1 4 0 0 0 2 0 0 0 1 0 0 0 0 0 0 
3 1 2 1 0 3 10 4 3 2 0 7 2 0 0 2 0 0 0 0 0 0 0 1 0 0 0 0 0 8 7 5 13 13 8 7 13 10 14 14 7 0 5 1 2 5 3 2 5 20 6 3 14 9 2 2 6 11 0 12 9 3 4 15 37 64 16 36 28 20 4 62 20 39 9 9 1 11 45 14 4 3 3 11 1 4 1 4 1 0 0 2 1 1 0 0 0 0 0 0 0 1 
0 2 4 1 0 8 2 7 4 4 2 1 6 0 3 2 1 0 0 0 1 0 0 0 0 0 0 0 1 5 1 5 15 13 22 6 19 8 30 2 3 0 6 4 2 8 6 5 8 11 7 2 9 9 4 5 7 10 0 21 10 7 6 17 41 51 22 41 31 43 56 7 23 32 6 3 6 7 28 7 5 1 2 2 6 5 7 10 4 0 0 2 1 1 1 3 0 0 0 0 0 0 
1 6 6 2 2 5 9 8 5 7 1 2 5 0 2 3 2 1 0 0 0 0 1 0 0 0 0 1 2 6 6 10 16 20 30 11 16 15 34 12 11 2 3 6 5 14 8 6 8 24 15 11 18 10 13 7 7 23 0 20 13 5 9 26 50 76 26 48 13 80 63 110 3 38 6 10 3 12 60 12 12 10 6 20 5 6 6 11 1 0 0 3 1 1 1 3 1 0 1 0 0 3 
7 11 0 1 6 8 24 37 15 16 15 7 5 2 0 4 9 2 0 1 0 0 0 0 2 0 0 0 0 1 0 9 18 21 15 13 19 18 43 12 6 3 5 6 7 9 11 9 8 38 27 15 38 19 13 11 5 20 0 49 26 0 5 17 69 132 30 126 28 172 123 155 22 8 13 13 0 14 113 7 16 9 163 26 14 14 5 31 1 0 0 4 0 2 1 3 1 1 5 0 0 3 
0 3 1 0 1 1 1 2 2 4 3 3 1 4 1 11 3 1 3 3 2 0 0 3 3 0 0 5 0 8 1 2 8 4 3 0 2 1 4 3 5 2 8 19 3 3 7 6 6 32 7 7 6 7 5 15 15 22 0 7 3 0 0 6 7 22 4 9 1 2 4 15 9 6 2 7 4 59 150 40 25 11 24 63 19 15 7 46 10 0 0 5 7 12 2 7 0 15 3 0 2 10 
0 1 0 1 0 2 12 5 5 4 8 14 6 4 5 7 12 2 0 4 0 5 2 7 4 0 0 6 1 12 1 7 7 1 1 1 2 4 6 9 3 0 9 16 11 16 11 7 9 46 14 8 13 11 9 1 9 29 0 15 2 0 0 5 14 17 0 2 6 1 7 6 8 6 11 0 22 36 159 44 19 24 30 71 17 28 13 56 6 0 0 16 2 10 4 10 7 16 8 6 0 17 
0 1 0 0 0 2 0 0 0 2 2 3 0 2 3 1 1 0 0 0 0 0 0 1 1 0 0 0 0 5 0 7 2 2 0 0 0 0 0 0 0 0 1 3 0 4 5 1 1 5 2 0 1 3 0 1 1 4 0 2 3 0 2 2 3 6 15 1 0 1 0 0 1 0 23 97 2 7 51 4 5 9 1 15 11 2 2 18 1 0 0 2 1 1 3 3 0 2 1 0 0 3 
3 2 2 0 0 1 2 3 3 3 2 2 0 2 1 8 1 2 0 0 1 0 0 4 1 0 0 4 0 8 1 2 6 2 5 0 2 0 1 4 7 1 8 5 5 4 3 9 5 16 10 3 16 12 2 3 5 11 0 7 1 2 0 14 7 14 0 2 1 1 0 4 6 2 41 53 22 3 103 16 27 10 15 84 37 10 11 38 4 0 0 11 8 6 5 8 6 5 5 2 1 10 
10 36 17 6 7 22 22 25 20 21 18 13 23 35 26 50 30 9 8 8 6 4 10 36 13 0 4 33 8 71 15 34 59 19 26 5 21 7 34 23 9 6 38 44 28 33 19 15 25 99 124 112 222 121 86 39 93 133 0 98 24 12 9 66 53 85 19 46 22 40 36 34 28 40 340 260 106 92 25 77 106 29 83 207 96 64 53 135 28 0 0 31 19 33 21 21 8 29 25 7 1 27 
1 2 1 1 1 0 8 4 3 5 1 4 3 4 3 4 3 9 6 2 1 1 2 1 0 1 0 3 0 14 10 8 5 3 8 1 1 1 7 10 2 0 17 16 5 11 9 8 5 39 12 9 21 11 3 2 4 19 0 5 6 1 0 7 18 35 3 7 1 6 10 9 6 4 72 129 15 52 85 3 36 23 53 157 67 21 24 57 16 0 0 33 2 13 25 11 4 16 9 4 6 13 
0 7 3 0 1 1 2 1 1 2 0 1 0 2 1 2 1 1 1 0 0 1 0 1 0 0 0 3 3 10 5 4 11 3 1 1 3 1 4 6 3 8 11 23 8 5 6 1 14 26 10 3 9 8 11 3 7 18 0 6 0 0 2 12 18 12 3 3 5 6 15 10 15 4 63 27 24 21 95 11 7 7 23 103 69 21 21 47 21 0 0 18 2 17 10 12 2 9 12 2 0 23 
1 5 6 0 0 0 2 2 0 1 0 1 1 0 0 3 1 0 2 1 1 0 1 3 0 0 0 2 0 7 3 6 8 5 1 0 1 4 5 8 6 4 27 24 16 23 14 14 8 84 8 1 5 5 5 0 4 15 0 8 2 0 11 5 4 9 5 4 0 4 4 4 2 5 26 23 7 20 89 30 14 2 11 100 53 57 15 93 11 0 0 39 7 22 22 17 1 35 15 4 2 31 
2 2 1 0 1 0 2 1 1 0 1 1 0 0 0 0 0 0 0 0 0 1 0 1 1 0 0 0 0 2 1 2 6 0 1 0 0 0 0 8 4 0 24 26 9 13 12 13 5 52 11 4 7 2 5 3 5 15 0 4 1 3 1 4 4 14 3 1 3 0 6 3 2 5 35 28 9 29 82 44 30 4 2 100 31 27 7 46 15 0 0 29 7 20 6 9 1 23 10 0 2 19 
6 16 8 2 3 19 5 7 8 4 2 0 0 1 0 1 4 0 1 0 1 1 4 3 2 0 0 7 2 15 5 7 10 6 3 0 2 11 22 18 10 3 62 92 41 42 33 38 36 120 28 40 45 41 13 11 41 116 0 35 6 4 2 6 6 14 3 12 4 5 11 20 7 8 120 97 36 107 318 239 156 58 253 14 219 108 47 208 58 0 0 64 22 48 45 46 8 47 31 11 4 35 
1 1 1 0 1 0 0 1 2 6 1 1 0 0 0 0 0 0 0 0 0 0 1 0 0 0 0 3 4 4 1 5 4 0 1 0 2 2 5 3 13 7 29 42 18 36 13 13 13 53 11 7 9 7 4 3 22 17 0 3 1 0 1 1 3 3 2 7 4 3 2 6 2 3 25 32 15 44 130 105 123 22 97 163 2 56 29 107 16 0 0 44 11 19 28 7 3 11 21 5 1 27 
8 10 7 0 0 2 4 4 1 7 2 0 1 0 1 1 4 2 7 3 3 3 1 6 3 1 1 3 7 16 5 26 16 4 4 3 18 27 59 8 12 14 87 131 26 85 60 41 61 172 13 11 22 16 1 5 8 29 0 18 15 0 2 1 8 6 1 2 5 2 6 8 5 6 41 20 6 26 71 31 35 22 49 115 86 6 11 77 56 0 0 148 63 69 33 46 6 36 42 16 11 79 
4 11 3 0 0 4 1 6 0 1 1 1 1 1 1 1 7 18 4 3 2 0 3 4 4 0 0 5 2 11 11 13 10 9 11 7 10 32 43 16 11 7 64 87 30 62 29 49 15 84 10 9 7 4 2 1 9 15 0 3 3 2 0 5 4 4 6 4 1 3 10 2 1 1 19 14 2 17 40 28 38 25 41 80 66 14 11 48 69 0 0 88 28 74 40 54 22 48 35 5 4 22 
21 21 16 7 4 8 5 4 3 8 1 7 4 1 2 9 33 18 2 6 10 7 4 30 15 0 1 37 3 75 18 48 130 20 32 16 46 50 145 50 15 25 88 141 55 127 100 99 109 583 26 11 62 13 5 7 12 26 0 16 7 3 0 4 7 9 1 5 3 2 8 4 2 6 52 43 7 46 92 64 33 32 56 143 107 72 56 21 43 0 0 165 45 90 69 101 20 72 75 25 9 228 
3 3 7 0 0 1 0 1 1 1 1 0 4 0 2 7 6 9 3 4 9 5 0 7 2 1 0 7 1 24 8 23 22 19 17 10 22 33 67 43 30 9 54 67 20 36 16 35 25 100 2 4 18 6 1 1 2 6 0 10 3 0 2 0 1 2 1 2 0 0 3 5 1 2 12 8 2 14 40 19 12 8 25 49 20 77 23 50 10 0 0 84 20 44 27 46 5 22 26 27 6 40 
0 0 0 0 0 0 0 0 0 0 0 0 0 0 0 0 0 0 0 0 0 0 0 0 0 0 0 0 0 0 0 0 0 0 0 0 0 0 0 0 0 0 0 0 0 0 0 1 0 0 0 0 0 0 0 0 0 0 0 0 0 0 0 0 0 0 0 0 0 0 0 0 0 0 0 0 0 0 0 0 0 0 0 0 0 0 0 0 0 0 0 0 0 0 0 0 0 0 0 0 0 0 
0 0 0 0 0 0 0 0 0 0 0 0 0 0 0 0 0 0 0 0 0 0 0 0 0 0 0 0 0 0 0 0 0 0 0 0 0 0 0 0 0 0 0 0 0 0 0 0 0 0 0 0 0 0 0 0 0 0 0 0 0 0 0 0 0 0 0 0 0 0 0 0 0 0 0 0 0 0 0 0 0 0 0 0 0 0 0 0 0 0 0 0 0 0 0 0 0 0 0 0 0 0 
10 14 10 1 2 12 16 19 8 8 4 12 16 14 12 13 34 10 7 4 9 4 3 18 5 0 6 21 7 96 21 96 96 41 62 38 117 142 271 104 62 13 96 268 87 219 100 159 209 502 15 12 45 26 7 2 21 45 0 13 5 5 9 11 18 12 7 7 1 2 2 7 1 1 29 15 5 32 90 46 69 49 77 170 127 155 96 346 139 0 0 18 117 170 75 347 38 168 116 29 27 185 
1 4 8 0 0 2 2 2 2 3 0 1 0 2 2 1 7 2 0 1 0 1 0 2 0 0 0 1 0 22 8 12 24 13 15 12 25 23 35 17 11 5 33 66 24 35 22 41 28 93 1 3 5 8 0 1 5 10 0 4 0 1 1 2 1 2 2 0 0 1 0 2 0 2 15 7 0 13 22 17 19 6 9 35 16 38 29 68 43 0 0 79 7 8 18 36 13 27 21 33 31 33 
3 4 3 1 2 3 2 2 3 3 0 2 1 1 1 1 3 4 2 0 0 0 1 2 0 0 0 5 0 19 6 23 21 10 11 18 26 19 71 21 12 7 47 88 55 52 31 48 44 123 7 9 9 7 9 0 12 7 0 7 2 0 0 0 2 0 0 0 3 0 0 0 0 1 11 9 11 14 22 27 21 20 24 53 36 50 53 153 75 0 0 87 3 2 5 34 2 33 22 14 6 78 
5 11 2 0 2 0 0 10 3 3 3 5 3 0 2 1 2 0 0 0 0 0 1 0 0 0 0 2 0 25 5 11 15 9 11 13 16 13 41 17 34 7 18 67 26 43 45 41 39 142 9 4 4 4 5 4 7 9 0 5 0 0 3 2 1 1 0 0 0 0 0 0 0 1 8 10 2 9 18 12 12 17 14 51 28 57 24 124 40 0 0 46 8 6 7 26 7 35 10 21 9 97 
1 4 2 0 1 1 2 0 3 9 4 2 6 0 2 1 3 1 0 0 1 0 0 1 0 0 0 3 1 6 3 15 14 10 8 8 19 9 28 20 18 3 65 94 55 68 31 39 17 87 1 0 12 4 5 1 1 0 0 7 2 0 2 4 0 0 0 1 0 0 2 0 0 1 13 4 5 10 20 12 14 13 6 32 22 52 36 126 49 0 0 129 24 40 19 0 16 53 14 7 9 65 
0 0 0 0 0 0 0 1 0 1 0 0 0 0 0 0 0 0 0 0 0 0 0 0 0 0 0 2 0 1 0 3 1 0 3 1 3 0 2 1 1 0 4 14 4 9 2 9 5 5 2 0 2 2 2 0 0 0 0 0 0 0 0 0 1 0 0 0 0 0 0 0 0 0 3 1 0 1 4 1 1 6 1 6 2 3 1 21 4 0 0 15 2 1 2 5 1 2 0 1 0 10 
2 4 2 0 0 2 2 0 0 2 0 0 2 0 1 1 2 0 0 0 0 0 0 0 0 0 0 0 1 4 0 2 7 1 5 3 3 6 11 3 5 1 27 35 16 27 11 11 8 62 5 3 7 4 1 0 1 4 0 3 0 0 0 0 1 0 0 0 0 0 0 0 0 0 8 10 3 5 15 9 10 10 10 29 18 17 10 50 15 0 0 63 13 16 20 19 1 5 0 1 0 45 
5 4 5 0 0 0 1 1 0 0 1 1 5 1 3 3 5 1 0 2 2 0 1 11 1 0 0 4 0 14 1 4 15 3 4 3 14 8 34 11 1 6 42 27 26 36 12 27 19 96 12 5 20 8 3 1 0 1 0 1 0 0 1 2 1 1 0 0 0 0 0 1 2 2 13 9 5 13 23 5 9 6 6 32 18 30 18 116 24 0 0 68 16 30 13 9 0 6 3 25 2 31 
0 0 1 0 1 0 1 1 0 0 0 0 0 0 0 0 0 0 0 0 0 0 0 0 0 0 0 1 0 3 0 1 2 0 1 0 3 1 7 1 4 0 19 11 6 8 0 3 3 5 2 2 0 2 2 0 0 1 0 1 0 0 0 0 0 0 0 0 0 0 0 0 0 0 1 0 0 2 10 2 2 1 2 7 2 3 5 22 8 0 0 8 7 5 6 11 0 2 1 0 3 4 
0 0 1 0 0 0 0 0 0 0 0 0 1 0 0 0 1 0 0 0 0 0 0 0 0 0 0 0 0 3 1 8 1 0 0 1 6 1 3 3 29 4 8 13 3 9 8 1 4 11 0 1 3 1 0 0 0 1 0 1 0 0 0 0 1 0 0 0 0 0 1 0 0 0 5 3 0 3 0 6 2 0 3 17 6 12 10 14 24 0 0 11 8 11 6 20 0 6 4 3 1 2 
17 16 11 1 2 3 7 2 3 7 4 6 3 7 3 5 8 2 2 1 5 0 4 5 4 0 0 15 3 48 19 27 42 15 19 26 54 36 85 37 33 5 90 104 72 119 76 67 78 331 31 17 41 12 4 2 4 20 0 6 2 0 1 5 4 8 1 4 0 0 1 2 1 3 40 16 3 16 46 29 29 39 35 82 50 63 40 352 82 0 0 124 16 78 58 89 14 52 42 12 0 16 
