6 5 25 5 5 14 42 11 16 11 2 21 35 47 54 43 20 19 22 3 6 12 5 23 9 0 0 19 68 1 4 3 16 3 8 1 6 4 21 12 14 1 11 11 8 15 11 8 7 48 8 4 4 1 3 2 2 10 0 1 0 1 1 0 4 7 0 1 1 1 0 4 1 1 1 0 0 2 12 0 0 1 0 2 0 2 1 14 2 0 0 4 1 2 0 1 0 0 2 0 0 13 
11 3 12 7 10 35 30 22 29 24 12 33 46 56 54 68 28 21 17 10 8 5 3 24 4 1 1 21 95 5 2 2 10 1 8 5 3 5 17 18 8 3 8 21 14 16 11 5 6 44 4 6 3 5 6 1 4 5 0 2 3 1 0 2 4 8 3 3 0 0 0 5 2 1 3 3 0 2 21 3 0 2 0 4 1 1 3 16 3 0 0 10 0 0 0 0 1 3 2 0 0 9 
18 14 4 6 5 19 21 13 40 17 11 29 23 75 52 48 37 13 26 13 9 10 7 21 1 0 0 8 115 2 3 6 10 2 6 4 5 8 34 11 13 0 3 6 9 7 8 3 5 36 1 2 4 7 1 2 0 4 0 0 4 1 1 10 0 11 1 0 1 0 6 0 1 3 3 0 0 4 10 1 1 1 0 5 2 0 2 13 1 0 0 8 2 0 0 2 0 1 1 0 0 10 
5 12 13 2 1 10 15 3 0 2 1 5 6 12 8 7 5 1 1 0 1 0 0 5 0 0 0 2 21 0 0 0 0 0 3 0 0 0 1 3 6 1 1 0 2 3 1 2 1 3 1 0 2 2 0 0 1 0 0 0 0 1 0 0 0 0 0 1 0 0 0 0 0 0 1 0 0 0 1 0 0 0 0 0 0 0 0 3 0 0 0 0 0 0 1 0 0 0 0 0 0 2 
5 9 10 1 4 9 8 5 3 4 1 12 15 25 6 15 7 7 5 6 6 1 0 7 4 0 1 11 20 0 1 1 3 0 1 2 2 7 9 3 2 0 1 2 1 1 2 2 0 10 0 1 4 0 1 0 1 2 0 0 1 0 0 0 1 2 1 2 0 2 2 2 0 1 1 0 0 2 1 0 0 0 1 0 0 0 0 4 1 0 0 1 0 0 0 1 0 0 0 0 0 4 
23 19 28 12 6 6 11 11 19 16 18 26 41 52 35 69 35 21 16 7 10 10 2 24 9 3 1 16 87 3 1 3 6 1 2 0 0 4 25 11 2 1 9 7 6 13 8 2 5 35 5 0 9 8 1 1 2 3 0 4 1 1 1 3 1 11 3 2 2 5 1 6 1 2 1 1 1 2 9 1 2 1 0 4 1 6 1 8 0 0 0 9 0 2 0 0 0 0 2 0 0 5 
19 44 40 9 2 25 6 22 31 26 6 14 45 47 22 55 31 16 8 8 10 7 1 12 4 0 1 9 70 2 4 2 4 2 0 0 2 3 23 22 5 2 6 5 6 4 7 2 2 22 1 2 7 8 2 1 0 9 0 0 1 1 2 5 7 5 6 0 0 1 2 2 0 2 2 1 2 3 13 2 4 0 1 3 0 6 0 7 0 0 0 6 0 2 0 3 0 3 1 0 0 10 
14 13 33 13 2 12 19 7 8 21 10 28 47 74 40 52 32 9 13 11 7 10 12 24 8 0 0 15 63 4 0 3 6 3 3 0 2 1 25 17 2 1 7 5 7 8 8 5 8 20 1 3 5 0 0 0 1 1 0 0 1 0 3 1 4 5 3 3 0 4 2 1 2 3 1 0 1 0 11 1 0 0 0 3 1 3 2 1 0 0 0 12 2 1 0 1 0 0 1 0 0 1 
15 42 31 8 14 25 54 13 15 10 13 22 44 79 30 74 32 18 20 4 10 12 12 22 6 7 0 18 67 4 1 3 10 2 1 0 1 3 30 19 6 2 1 8 7 3 10 5 9 29 2 1 3 5 0 1 0 4 0 1 1 2 1 3 4 4 0 2 7 1 1 2 1 2 1 2 0 2 11 4 3 1 0 4 2 1 3 7 1 0 0 6 2 2 0 0 0 0 1 0 1 6 
13 15 14 4 7 11 15 5 7 3 5 19 34 31 14 29 30 9 9 5 9 4 2 17 5 1 1 17 40 1 0 1 1 0 1 1 2 2 15 10 5 1 5 6 2 4 3 6 1 13 11 2 7 3 5 2 7 11 0 2 0 2 1 1 2 5 1 4 0 1 2 3 0 2 6 2 0 2 22 2 0 1 0 3 1 0 0 4 0 0 0 3 1 0 1 1 0 0 1 0 0 1 
10 9 8 2 10 6 13 10 12 10 3 9 13 30 6 33 19 12 11 4 4 7 2 17 4 1 0 13 12 6 2 3 4 0 2 0 0 3 19 8 3 2 1 1 7 5 8 1 3 16 2 1 1 2 0 0 0 6 0 2 0 2 0 2 0 0 0 1 0 0 0 1 0 0 1 1 0 1 5 0 0 0 0 2 0 0 0 2 0 0 0 2 1 2 0 0 0 0 0 0 0 0 
23 31 43 5 11 41 37 30 19 13 8 6 31 62 25 47 26 36 32 8 7 14 8 25 11 0 1 30 43 7 2 2 6 0 3 0 1 7 17 16 11 2 2 11 4 6 7 6 3 26 8 2 9 2 1 0 6 3 0 4 0 0 1 2 3 13 0 2 3 1 3 3 2 3 1 0 1 0 10 0 0 0 0 1 1 2 0 0 0 0 0 10 3 0 0 4 0 0 2 1 0 7 
42 68 39 6 17 36 54 64 80 42 21 70 2 90 44 89 72 34 28 10 33 19 19 57 32 6 3 47 45 7 4 10 7 6 3 4 3 6 23 18 6 1 8 9 9 14 8 5 2 26 10 5 14 4 3 1 4 9 0 4 0 0 2 0 2 2 4 1 0 1 2 2 0 1 8 2 1 4 19 1 0 0 0 1 1 0 2 4 1 0 0 8 2 2 0 0 2 0 3 0 0 7 
71 98 79 7 12 43 50 67 65 44 30 54 33 15 14 81 72 53 50 34 34 37 26 57 34 13 4 114 51 9 3 3 11 2 0 0 2 6 26 19 30 0 6 8 6 23 8 5 2 44 10 10 16 4 6 3 1 11 0 11 1 2 1 4 0 0 0 0 2 1 3 1 0 1 3 3 1 1 28 3 0 2 3 0 0 1 2 4 1 0 0 9 3 3 2 0 0 1 1 0 0 6 
39 61 36 4 9 39 35 30 38 32 9 26 35 17 5 21 53 34 33 29 33 22 21 77 28 0 3 92 37 6 0 0 6 0 2 1 0 1 12 9 5 1 7 9 4 4 6 2 2 11 2 1 13 9 3 0 4 4 0 4 1 0 0 0 0 1 0 0 1 0 2 0 0 0 1 2 1 1 12 0 1 0 1 0 0 0 0 5 1 0 0 3 0 2 0 0 1 0 0 0 0 4 
45 46 34 7 17 30 27 46 52 43 14 35 59 50 18 21 52 65 55 35 51 47 30 107 42 5 3 102 61 26 10 10 33 9 15 14 44 9 32 26 13 4 13 6 9 18 4 5 4 50 5 7 9 7 4 3 0 9 0 3 1 2 1 5 2 1 0 4 0 0 0 0 2 1 4 5 0 6 26 1 0 1 1 0 1 5 2 13 5 0 0 10 2 4 0 0 0 4 2 0 2 13 
29 33 24 5 12 32 25 49 66 37 29 33 55 114 35 88 8 78 64 54 71 19 43 104 26 6 7 86 33 42 21 30 31 25 18 19 33 19 58 28 30 0 18 25 16 31 16 10 9 62 12 6 22 11 0 0 9 10 0 4 1 2 1 3 3 1 0 0 1 0 1 2 4 3 2 3 2 5 25 2 1 1 0 2 0 4 2 17 8 0 0 10 2 5 0 2 0 2 0 1 0 6 
18 21 7 1 5 15 21 13 23 24 19 32 40 102 33 108 39 11 61 15 42 27 18 39 12 2 2 41 17 19 3 8 27 17 24 11 29 5 68 18 28 2 10 14 19 22 17 6 4 42 4 4 7 5 2 3 3 9 0 1 0 3 0 1 0 0 0 1 0 0 0 2 0 0 5 2 1 2 16 5 1 0 1 2 0 3 3 5 9 0 0 7 2 2 0 2 0 0 0 0 0 10 
9 14 13 1 6 23 12 11 18 21 2 28 48 80 26 67 68 77 4 20 45 24 31 57 20 7 0 34 30 15 7 6 11 2 12 8 24 12 44 11 8 1 5 16 10 16 10 4 5 32 1 1 11 8 0 3 0 2 0 2 1 1 0 0 0 0 0 0 0 0 0 0 0 0 3 0 1 0 7 1 1 0 0 0 0 4 0 1 0 0 0 6 1 0 0 0 0 1 0 0 0 2 
7 13 10 0 4 9 7 8 13 16 17 14 27 32 27 65 44 13 15 4 11 5 12 30 19 8 10 54 8 10 4 3 4 3 7 3 7 9 46 7 13 1 6 11 8 8 4 4 5 26 3 0 3 2 0 1 0 3 0 1 0 1 0 3 0 0 0 0 0 0 0 1 1 0 4 1 1 1 10 2 0 0 0 0 2 2 1 6 5 0 0 5 0 0 0 0 0 1 0 0 0 2 
5 4 9 1 3 8 9 6 3 14 9 19 18 48 23 120 47 20 28 5 2 9 17 26 9 17 12 54 17 7 2 2 6 2 13 5 18 5 48 4 9 1 2 4 14 14 7 4 2 15 0 0 1 0 1 1 0 1 0 1 0 0 0 0 0 0 0 0 0 0 0 0 0 0 0 2 0 0 3 0 0 0 0 2 0 4 0 9 5 0 0 3 0 0 0 0 0 0 0 0 0 1 
2 5 6 2 2 11 5 11 17 8 5 22 26 48 28 57 42 25 24 4 11 4 15 25 4 9 13 34 11 3 0 1 5 4 2 2 12 6 29 6 3 1 3 6 5 2 3 1 0 17 1 1 1 3 0 0 0 0 0 1 0 0 0 0 0 0 0 0 0 0 0 0 0 0 0 0 0 0 2 0 0 1 1 0 0 1 2 2 0 0 0 2 0 0 0 0 0 0 0 0 0 0 
8 5 1 0 4 4 1 5 6 6 5 7 11 36 28 83 28 21 14 5 30 13 6 24 8 0 5 34 7 0 2 1 7 1 3 6 9 6 29 6 6 1 3 5 7 5 4 6 1 11 0 1 2 0 0 0 0 1 0 1 1 0 0 0 0 2 0 0 0 0 0 0 0 0 1 0 0 0 5 0 0 0 0 0 0 1 1 6 0 0 0 2 0 0 0 0 0 0 0 0 0 2 
10 16 5 1 2 5 8 12 6 20 5 15 45 46 51 110 70 24 58 26 26 13 19 10 4 15 19 89 18 8 7 4 18 3 6 4 12 18 49 15 12 1 6 7 9 18 9 2 7 59 6 3 7 3 2 1 1 5 0 2 0 0 0 1 0 0 0 0 0 0 0 0 0 0 0 3 0 2 15 0 1 4 0 0 0 1 0 13 2 0 0 3 1 0 1 2 0 0 0 0 0 5 
11 14 11 2 2 9 11 6 6 23 12 13 42 55 28 99 41 20 34 16 26 15 10 19 8 3 6 38 5 9 3 6 87 9 11 5 9 15 55 21 19 2 9 14 27 21 15 19 6 89 12 12 13 5 1 4 1 2 0 0 1 0 1 3 1 0 0 0 0 0 0 0 0 2 2 1 0 1 15 1 2 3 0 0 0 1 6 38 1 0 0 8 1 1 0 2 0 0 0 0 0 5 
3 0 1 1 0 2 1 2 1 2 0 1 2 8 3 10 6 8 10 3 13 12 7 32 4 0 5 10 4 0 0 0 0 1 1 0 2 3 5 3 0 1 0 0 0 1 1 0 1 3 0 1 0 0 0 0 0 0 0 0 1 0 1 1 0 0 0 0 0 0 0 0 0 0 0 0 0 1 0 0 0 0 0 0 0 0 0 1 0 0 0 0 0 0 0 0 0 0 0 0 0 2 
1 0 0 0 0 0 0 2 2 0 0 1 1 2 6 8 7 3 3 6 11 5 3 32 5 1 1 20 0 1 0 1 3 0 0 0 1 4 7 1 0 0 0 2 1 0 1 1 0 6 0 0 1 0 0 0 0 0 0 0 0 0 0 0 0 0 0 0 0 0 0 0 0 0 0 0 0 0 0 0 0 0 0 0 0 0 0 1 1 0 0 0 0 0 0 0 0 0 0 0 0 0 
17 20 19 2 8 16 8 11 12 32 10 22 35 116 62 124 71 47 79 29 60 63 66 74 41 3 35 9 15 5 3 4 28 4 10 4 33 20 61 15 21 4 14 11 15 14 12 11 9 90 6 4 9 3 1 3 0 6 0 1 3 1 0 2 1 1 0 1 0 0 1 0 0 0 1 3 1 6 8 5 3 0 3 0 0 3 5 26 1 0 0 12 1 4 1 2 0 1 2 0 0 5 
18 37 35 14 9 46 32 35 25 17 11 17 17 20 13 31 10 6 12 1 3 5 2 10 2 0 0 12 3 6 0 2 2 0 4 1 0 2 13 10 4 0 3 2 0 3 2 4 2 15 0 1 4 4 0 1 0 5 0 3 1 0 2 3 3 1 0 0 0 1 0 0 0 0 0 2 0 3 0 1 0 0 3 0 1 0 0 2 0 0 0 2 1 1 0 1 0 0 0 0 0 4 
1 4 0 0 1 0 4 1 5 6 0 3 6 2 8 17 39 16 12 12 2 2 0 9 5 1 1 6 7 16 76 84 178 43 109 103 294 122 214 91 64 12 36 44 52 37 26 23 24 176 8 6 19 13 3 0 2 3 0 7 4 14 5 3 16 23 11 2 2 6 2 6 2 0 4 6 4 1 22 3 3 2 1 1 1 11 5 23 8 0 0 48 3 10 7 6 2 8 3 0 0 24 
0 3 1 0 3 1 1 1 1 0 1 2 3 3 2 6 18 16 6 1 1 2 2 9 2 0 0 2 4 111 9 54 84 28 46 36 113 49 77 27 18 0 12 14 15 22 14 9 9 44 4 2 3 3 1 2 1 1 0 4 1 1 0 0 2 13 2 4 2 5 5 3 0 1 0 3 0 1 9 2 0 1 1 4 0 5 1 4 3 0 0 19 1 2 1 0 0 1 3 0 0 10 
3 5 4 1 0 1 2 1 4 3 2 2 9 3 1 6 31 17 6 2 3 3 1 3 9 1 0 8 12 160 83 9 82 37 73 78 201 86 184 62 45 3 18 46 39 47 29 13 12 84 4 1 8 6 2 2 9 1 0 7 5 4 2 8 7 13 3 5 3 5 7 4 2 1 4 5 0 2 30 12 1 3 0 5 1 8 6 19 11 0 0 27 4 8 2 4 0 1 5 0 0 10 
7 8 6 1 2 7 5 7 6 9 3 4 8 12 8 17 35 20 22 4 7 3 10 36 22 2 0 24 15 267 94 100 21 30 72 83 228 128 291 128 121 18 46 68 77 121 107 48 60 584 40 15 39 22 9 6 13 21 0 8 12 8 3 15 14 25 7 7 7 7 9 7 12 9 14 6 1 5 58 6 5 3 3 6 1 14 8 102 20 0 0 48 10 10 10 8 3 12 5 0 1 80 
2 4 2 0 0 0 3 1 0 5 0 2 0 2 0 4 10 7 9 4 1 1 0 8 3 2 0 3 4 66 34 32 27 5 23 24 104 32 78 49 19 3 23 25 15 33 22 21 7 64 6 13 19 9 5 4 3 6 0 3 2 5 0 1 14 16 4 3 5 3 5 12 6 5 6 7 0 2 22 2 2 1 0 1 2 5 3 9 3 0 0 35 9 3 9 5 0 1 4 0 0 10 
3 3 4 0 2 0 2 1 2 1 2 0 2 1 3 20 25 16 14 2 8 3 4 19 4 0 4 18 4 144 56 96 90 22 8 24 175 90 155 90 43 6 34 53 43 54 36 5 22 142 2 2 3 2 5 1 9 8 0 5 1 10 1 6 8 15 5 5 4 9 5 14 4 4 1 1 0 2 29 1 0 0 0 2 0 7 2 21 8 0 0 52 7 4 9 7 0 4 3 4 0 16 
2 3 3 1 0 1 4 2 1 4 0 1 1 3 4 11 16 13 9 1 5 3 3 7 4 1 0 12 4 138 54 77 106 18 28 6 144 54 115 65 37 6 21 34 34 47 16 14 12 123 5 4 8 4 2 0 3 1 0 0 2 7 2 5 6 11 1 3 0 4 6 6 6 1 0 1 0 2 11 0 2 1 0 2 2 1 0 27 7 0 0 26 5 5 6 9 0 2 1 0 0 27 
8 4 6 0 0 1 7 1 1 3 0 3 5 2 1 27 32 25 16 9 15 9 10 24 8 1 2 35 8 346 128 180 282 106 171 337 25 137 410 258 133 28 113 133 106 166 136 47 37 356 20 11 22 13 6 2 8 2 0 5 3 10 10 27 15 37 5 17 7 16 20 20 6 4 5 6 2 0 31 1 2 0 3 10 2 29 12 58 26 0 0 90 27 27 19 32 2 16 12 1 1 63 
10 13 4 1 1 3 5 7 2 9 7 6 7 10 4 5 23 5 10 17 10 8 4 26 11 2 5 17 21 127 43 102 89 38 57 43 112 13 141 154 87 15 63 71 68 74 63 34 26 220 5 6 9 4 1 1 1 2 0 2 0 2 1 11 4 8 0 1 0 5 13 5 7 4 8 2 0 1 13 1 0 2 0 3 1 13 10 38 14 0 0 85 5 12 10 11 1 13 5 0 3 44 
6 18 10 4 3 7 21 10 22 16 9 13 30 8 10 5 34 46 11 22 25 10 11 44 19 0 3 23 17 157 43 132 164 80 82 74 330 83 22 236 159 14 82 104 85 150 94 27 48 351 9 9 32 4 1 1 2 8 0 2 5 15 8 23 14 17 3 6 5 3 14 10 7 11 5 2 0 3 32 2 0 8 1 10 4 10 11 56 15 0 0 90 7 13 7 7 1 18 14 3 1 49 
9 10 11 3 8 13 6 13 19 15 3 9 29 22 13 13 19 21 29 8 7 0 4 25 11 1 0 20 18 71 26 56 114 28 62 58 236 139 390 14 48 16 53 122 69 120 75 40 32 270 6 9 9 7 2 0 3 6 0 0 2 6 3 16 9 17 3 1 0 0 2 9 3 2 4 3 1 6 17 0 3 1 2 14 5 5 5 21 13 0 0 44 4 9 5 7 1 1 1 1 1 30 
9 13 2 3 5 6 6 6 12 9 3 8 10 6 4 16 22 13 5 9 9 9 3 19 11 0 1 33 22 41 29 54 103 35 46 24 149 84 275 63 6 15 39 90 47 111 61 31 29 246 4 2 13 3 4 0 1 6 0 2 5 8 2 7 6 6 1 3 0 0 3 7 7 3 6 1 0 3 11 2 2 7 1 6 6 15 15 11 16 0 0 43 9 7 8 9 0 1 4 0 1 18 
0 1 1 0 0 1 0 0 0 1 1 0 1 0 1 2 3 3 0 0 0 1 0 1 1 0 0 3 2 4 1 9 12 5 4 7 41 9 20 24 16 2 22 34 15 24 13 7 3 28 0 0 1 2 0 0 0 1 0 2 0 1 0 0 4 6 0 1 0 0 0 1 0 0 0 0 0 1 1 2 0 1 4 8 3 3 2 6 5 0 0 12 1 4 4 3 0 0 0 0 0 5 
7 5 4 0 2 4 10 4 5 6 1 1 13 8 6 11 21 19 15 9 8 4 1 9 3 0 0 5 14 35 9 26 97 12 30 13 97 68 129 63 41 29 13 169 87 109 65 30 37 177 7 7 12 6 1 3 4 3 0 2 2 5 3 7 9 5 2 2 0 0 1 2 5 1 2 6 0 3 33 15 13 22 8 34 23 52 34 85 57 0 0 169 21 34 25 42 9 28 14 2 3 105 
10 9 2 1 0 11 1 4 6 3 1 5 14 10 2 15 22 18 13 3 9 1 4 11 11 1 0 17 13 49 29 53 70 42 50 28 143 68 179 134 83 54 87 30 128 242 130 82 73 365 14 13 19 12 2 2 4 14 0 8 0 7 2 5 5 9 1 3 0 0 9 1 2 5 27 8 2 12 43 18 13 13 19 88 28 99 69 115 85 0 0 249 63 55 30 71 18 58 34 4 4 119 
11 13 3 1 1 5 6 7 11 16 3 8 12 5 7 4 19 13 7 3 6 4 3 21 11 0 4 18 11 36 19 47 88 25 37 26 135 65 165 74 61 28 66 148 38 244 132 89 104 329 15 3 14 7 1 1 2 7 0 1 1 4 1 5 7 6 4 8 2 2 2 4 2 2 6 6 1 1 15 3 12 5 7 28 10 40 22 84 29 0 0 55 16 16 21 22 4 31 14 5 12 70 
8 15 11 2 6 4 3 4 10 8 6 10 6 10 4 5 24 16 17 0 8 6 7 39 8 1 0 31 22 63 19 30 128 36 41 45 137 86 164 138 110 25 64 239 171 52 158 201 152 537 9 4 33 4 0 3 7 4 0 1 5 5 1 7 7 12 3 8 1 2 4 11 9 4 19 4 0 6 31 10 11 18 14 52 21 36 27 112 33 0 0 108 15 34 25 36 8 41 38 6 4 132 
9 16 4 1 6 6 9 8 9 9 2 8 8 8 5 8 17 13 11 4 3 5 5 21 8 3 1 20 15 42 21 38 123 10 27 19 128 88 136 89 61 21 50 118 97 261 61 128 111 339 7 4 16 9 0 3 2 9 0 3 2 6 1 11 8 16 3 2 4 4 7 9 4 2 12 2 2 5 23 6 5 5 9 34 19 29 15 81 19 0 0 76 8 26 19 11 4 22 21 2 0 88 
3 9 3 0 1 1 2 0 2 2 1 6 4 7 0 1 3 13 7 0 2 1 1 11 4 0 0 7 2 10 7 16 72 12 12 8 70 27 102 46 28 8 33 67 55 180 106 18 60 373 2 1 1 1 2 1 5 4 0 2 1 3 0 4 1 1 1 2 1 1 3 1 3 1 1 1 0 6 6 4 2 3 2 8 4 12 15 70 14 0 0 51 6 7 17 11 0 9 5 3 2 38 
5 2 5 0 2 5 2 2 3 6 1 2 4 4 1 2 3 6 9 1 5 4 0 13 3 1 0 6 7 15 9 24 102 6 23 15 59 40 101 34 29 4 46 109 53 216 142 181 19 481 3 4 5 2 0 0 2 6 0 0 0 1 2 4 5 18 1 0 2 1 1 3 2 0 1 0 1 2 14 5 5 1 4 24 6 11 14 74 4 0 0 90 19 10 13 9 2 12 2 1 0 55 
38 41 28 2 17 21 18 17 19 39 14 23 30 32 5 32 65 35 43 18 26 12 19 119 29 4 2 69 66 143 35 109 684 82 107 105 292 229 450 248 199 32 149 286 180 486 268 267 251 63 33 10 59 15 7 11 12 13 0 2 5 9 3 17 21 35 11 13 1 9 9 12 22 23 24 22 4 17 85 21 22 29 37 89 22 59 33 331 47 0 0 260 34 57 65 50 4 43 51 12 2 282 
5 7 6 0 3 5 2 2 0 13 2 9 11 16 3 20 6 3 5 2 1 0 0 20 4 0 0 6 4 5 1 4 42 7 12 1 10 3 23 8 8 0 12 10 7 17 7 4 7 70 3 17 44 27 6 2 24 24 0 20 6 4 0 7 9 14 4 4 4 14 3 4 8 14 5 4 0 5 90 8 4 6 11 25 6 7 2 32 12 0 0 9 2 3 2 0 2 2 6 0 0 20 
6 1 3 0 2 3 5 2 0 1 0 1 4 10 1 8 8 1 7 3 1 1 2 6 2 0 0 6 5 4 2 0 20 5 1 9 12 1 9 8 4 0 0 5 4 4 10 1 1 20 3 3 39 26 19 5 10 16 0 13 3 2 1 6 9 2 2 4 1 5 0 1 2 7 4 0 0 3 67 2 3 1 8 30 8 13 3 11 2 0 0 5 1 3 2 0 0 0 6 0 1 12 
1 8 8 0 1 2 5 3 4 9 2 7 9 23 15 16 13 8 8 3 1 4 0 20 1 1 1 14 12 16 3 5 40 10 5 2 10 4 38 7 6 1 5 11 10 18 16 10 3 74 26 26 6 25 13 6 12 34 0 25 7 6 3 22 12 16 6 13 9 22 6 13 8 6 8 6 0 8 95 14 5 6 9 36 6 11 8 41 13 0 0 23 7 7 4 3 0 6 9 2 1 26 
0 3 4 0 3 4 2 0 0 6 0 0 9 17 3 10 8 10 9 2 1 1 0 3 3 0 0 4 1 7 1 3 13 7 6 5 6 1 9 3 5 1 6 4 5 7 7 3 0 15 9 18 35 1 7 3 10 19 0 21 3 6 7 6 5 9 5 2 4 7 3 3 3 7 1 3 4 5 61 3 2 2 2 18 2 5 0 8 1 0 0 10 0 3 0 4 0 3 2 0 0 7 
1 0 0 0 0 0 2 2 2 6 0 4 2 3 1 10 1 0 2 0 0 0 0 14 0 0 0 5 2 8 2 5 11 3 2 1 2 1 1 1 1 0 1 4 0 1 4 5 0 3 13 14 20 9 1 2 5 11 0 15 0 0 2 6 4 11 3 2 1 6 2 2 5 1 2 2 1 7 64 4 1 2 2 13 4 3 0 9 8 0 0 3 1 0 1 1 2 2 3 0 0 2 
0 2 1 0 0 2 0 0 4 1 0 3 2 0 3 0 2 1 0 0 0 0 0 3 0 0 0 3 0 1 0 1 12 1 0 1 4 2 2 0 1 0 0 1 1 2 3 0 0 8 2 5 16 6 1 0 4 15 0 17 2 0 0 3 4 7 8 1 0 3 1 1 1 3 1 3 0 3 48 3 5 0 4 13 0 2 2 6 4 0 0 2 0 1 6 0 0 0 1 0 1 4 
1 1 4 1 2 4 3 2 4 0 0 3 3 5 2 7 3 0 2 1 0 0 0 1 0 0 0 2 3 3 1 4 15 4 3 2 4 0 9 2 4 1 2 8 1 4 3 2 2 25 14 12 20 21 11 12 2 21 0 11 4 3 4 8 5 16 1 4 0 8 3 9 3 7 1 2 0 4 66 4 1 0 2 13 13 8 2 10 3 0 0 16 2 5 3 1 0 3 2 0 0 4 
6 7 1 0 0 1 2 10 4 1 3 5 8 15 6 23 7 3 2 0 1 0 1 4 2 0 0 6 11 3 4 6 17 12 7 1 7 0 19 8 0 0 5 10 6 9 7 2 2 28 27 3 34 22 6 11 17 6 0 26 4 3 2 16 10 8 5 4 0 6 10 8 2 7 10 8 0 22 122 20 14 2 9 28 14 8 6 22 5 0 0 8 1 1 1 0 1 1 1 1 0 17 
0 0 0 0 0 0 0 0 0 0 0 0 0 0 0 0 0 0 0 0 0 0 0 0 0 0 0 0 0 0 0 0 0 0 0 0 0 0 0 0 0 0 0 0 0 0 0 0 0 0 0 0 0 0 0 0 0 0 0 0 0 0 0 0 0 0 0 0 0 0 0 0 0 0 0 0 0 0 0 0 0 0 0 0 0 0 0 0 0 0 0 0 0 0 0 0 0 0 0 0 0 0 
5 8 5 6 1 4 6 5 0 5 6 13 17 21 14 25 14 12 3 3 7 7 2 19 4 1 0 11 18 5 4 6 12 0 2 0 6 2 8 5 7 1 5 9 5 9 2 3 5 28 25 8 21 17 9 7 7 16 0 7 1 8 3 10 13 34 9 9 9 10 10 6 12 15 8 5 2 4 47 3 1 4 6 7 4 7 1 18 3 0 0 8 1 1 1 3 0 1 0 0 0 10 
0 1 1 0 0 1 0 1 2 0 0 1 1 3 0 2 3 1 0 0 0 0 1 3 0 0 0 0 0 3 2 5 6 1 0 0 1 4 7 5 0 0 1 2 1 2 3 0 3 10 6 3 8 7 3 2 7 9 0 2 2 2 2 6 4 3 4 5 5 1 8 6 2 12 5 1 0 3 22 0 0 1 0 1 5 2 0 8 1 0 0 10 4 0 0 1 0 0 2 0 0 2 
3 1 3 0 0 3 6 1 7 7 2 7 5 9 4 1 4 1 2 0 1 0 2 1 0 0 0 2 0 16 3 9 12 13 15 4 30 17 18 8 4 0 1 5 2 10 3 3 2 10 8 3 4 1 3 5 4 8 0 12 2 6 2 13 23 17 6 9 2 16 6 4 5 5 1 2 1 3 17 4 7 0 2 5 1 1 2 7 1 0 0 8 1 1 0 0 0 1 0 0 0 4 
2 1 0 0 0 0 0 1 5 0 0 0 4 0 0 0 0 0 0 0 0 0 0 0 0 0 0 1 1 1 1 0 3 3 1 3 4 1 4 6 0 0 0 0 0 5 0 1 0 2 1 1 4 0 4 1 1 2 0 6 0 1 0 3 5 5 6 6 3 5 2 2 0 4 0 0 0 0 8 2 1 0 1 1 0 3 1 4 0 0 0 2 0 0 0 0 0 0 0 0 0 0 
1 8 1 0 2 0 4 21 2 0 0 1 0 1 0 4 1 1 1 0 0 0 0 3 2 0 0 0 6 8 6 4 2 0 11 4 22 5 15 10 10 0 3 6 10 16 3 4 5 20 11 5 11 12 3 4 8 15 0 4 3 13 4 1 15 18 10 10 7 12 6 13 7 5 5 8 1 3 26 5 6 1 14 4 2 1 1 5 0 0 0 7 1 0 0 3 0 0 0 0 0 2 
3 2 3 1 1 1 3 4 4 1 0 2 2 1 1 3 2 0 1 0 1 0 0 0 0 0 0 0 5 35 9 5 11 5 8 14 24 8 25 14 24 2 6 12 15 19 8 1 3 30 15 6 18 11 9 4 8 14 0 13 9 18 8 6 4 20 14 24 13 27 26 42 17 21 5 4 0 3 49 1 2 2 1 5 3 7 6 5 0 0 0 5 0 1 2 2 0 1 3 0 0 3 
10 9 12 1 6 6 8 6 8 11 2 3 8 2 0 1 2 1 0 0 0 0 0 2 0 0 0 0 13 55 23 20 36 23 24 22 61 9 34 21 13 4 10 19 14 23 15 11 7 51 17 14 48 16 7 9 23 12 0 35 16 18 8 33 48 9 16 50 45 57 45 74 29 40 14 2 0 8 82 16 11 1 4 8 8 3 1 8 5 0 0 10 2 0 2 1 0 0 3 0 0 8 
3 2 1 0 5 5 7 2 0 3 1 0 1 0 0 2 0 0 0 1 0 0 0 0 0 0 0 0 5 9 3 3 6 5 2 2 13 2 16 0 1 0 0 3 3 2 4 2 2 12 6 2 13 7 0 1 2 1 0 12 5 2 8 8 16 22 0 8 11 17 23 31 13 4 2 0 0 2 17 3 0 1 3 5 1 3 3 3 0 0 0 4 0 0 0 0 0 0 0 0 0 0 
6 4 2 0 0 0 0 0 3 0 0 0 1 2 0 0 0 0 1 0 0 0 0 0 0 0 0 0 3 8 1 1 11 5 5 4 17 4 14 5 3 1 4 2 4 5 9 2 2 11 9 4 16 9 1 3 10 6 0 8 6 5 4 11 15 24 8 6 7 11 26 36 12 12 0 1 0 1 21 1 1 2 1 9 4 4 0 9 0 0 0 1 0 0 0 1 0 0 0 0 0 3 
2 4 4 0 0 1 1 0 1 0 0 1 2 0 0 2 3 0 0 0 0 0 0 1 0 0 0 0 0 6 2 5 8 3 4 6 7 6 16 6 1 0 1 4 2 2 6 5 1 9 2 0 4 3 1 0 2 5 0 1 4 12 4 7 12 39 8 10 3 3 24 51 8 12 0 0 2 2 13 1 2 1 4 4 1 2 3 0 2 0 0 1 0 0 1 0 0 0 0 0 0 0 
2 3 0 1 0 0 4 5 3 2 1 5 1 4 0 1 0 4 1 0 0 0 0 0 0 0 0 0 1 9 2 2 14 3 6 6 8 2 12 0 5 0 2 0 2 3 1 2 0 10 4 2 10 3 3 1 5 5 0 7 4 4 6 17 18 37 13 13 4 4 26 39 8 27 0 8 2 4 26 1 1 1 2 5 1 0 1 1 0 0 0 0 1 0 1 0 0 0 0 0 0 0 
2 3 2 0 1 2 0 3 2 0 0 4 5 1 0 2 2 0 0 0 0 0 0 0 0 0 0 0 4 8 0 2 10 6 10 3 26 9 22 4 2 0 2 6 4 6 6 1 1 12 7 1 13 6 2 0 1 11 0 15 5 7 1 4 12 27 7 16 15 12 1 48 15 10 1 2 0 1 28 2 0 0 0 6 2 3 2 7 0 0 0 3 1 0 0 0 0 0 0 0 0 0 
1 2 3 0 0 0 1 2 1 2 0 1 3 0 0 2 0 0 0 0 0 0 0 0 0 0 0 1 4 4 1 4 13 10 6 5 24 11 21 4 2 0 3 9 2 1 3 0 4 10 6 0 7 5 1 0 7 1 0 11 2 11 5 15 22 23 18 24 12 18 26 4 11 17 5 3 1 1 19 2 2 1 6 9 1 4 1 7 1 0 0 1 0 0 0 1 0 0 0 0 0 5 
0 4 5 0 0 8 1 3 3 2 1 5 3 1 2 4 2 5 0 0 0 0 0 0 1 0 0 0 4 10 7 5 6 21 7 6 23 11 27 10 5 3 7 10 7 6 12 2 3 35 4 6 10 4 7 4 4 3 0 10 6 3 2 15 33 41 16 28 8 35 27 74 6 13 1 3 2 5 27 4 1 2 2 11 1 2 3 6 1 0 0 1 2 1 0 1 0 0 0 0 0 4 
1 2 2 1 0 6 4 3 1 3 1 1 1 1 1 2 2 0 2 0 0 0 0 1 0 0 0 0 2 3 2 5 9 6 7 5 11 6 15 6 4 0 5 7 7 1 3 4 1 15 4 5 12 5 2 2 5 5 0 22 6 4 2 17 27 37 10 23 1 23 27 33 5 1 3 0 0 6 31 2 3 2 1 7 0 1 1 5 2 0 0 4 0 1 0 0 0 2 2 0 0 3 
0 1 1 1 1 1 1 1 1 2 0 4 5 15 9 12 5 2 1 0 0 0 0 8 3 0 1 7 0 1 2 2 19 4 7 2 8 2 13 6 1 2 8 15 8 16 5 4 2 32 5 1 9 2 3 3 2 11 0 12 7 3 0 6 14 6 0 3 0 1 5 2 1 6 0 8 1 11 156 10 8 7 16 57 7 23 7 31 7 0 0 16 0 2 5 4 0 6 4 0 0 29 
1 2 2 0 2 1 1 7 1 6 0 5 0 5 3 7 4 1 1 0 1 0 2 2 3 0 0 5 5 0 0 7 5 0 1 2 0 1 8 4 3 0 6 14 8 10 9 1 6 45 6 3 7 4 6 0 7 10 0 11 3 2 1 2 9 7 2 3 0 2 2 4 3 6 9 1 5 22 105 13 5 5 22 52 6 11 2 34 8 0 0 19 2 8 2 5 2 3 1 1 1 12 
0 2 0 0 0 1 3 2 1 1 0 0 4 0 1 1 0 0 0 1 0 0 1 1 1 0 0 2 0 1 0 3 2 0 0 2 1 0 0 0 0 0 2 0 1 2 0 1 1 7 0 1 3 0 0 1 0 3 0 2 1 2 0 7 1 0 1 2 0 1 6 0 1 0 3 5 0 9 45 6 2 5 5 24 0 2 0 4 1 0 0 0 0 2 0 0 0 2 1 0 0 4 
2 2 2 2 0 5 3 2 1 1 2 0 0 7 2 7 0 4 1 0 0 1 1 1 3 0 0 0 4 5 3 3 13 5 2 5 6 1 4 0 3 4 4 16 4 8 10 2 3 30 8 6 28 16 7 1 7 11 0 3 3 1 1 3 4 5 5 3 1 2 7 3 4 2 18 14 14 0 95 21 18 16 6 75 20 23 5 41 13 0 0 19 0 11 1 3 0 12 4 2 0 12 
8 12 17 1 5 9 7 5 12 9 5 6 10 25 13 36 10 9 8 1 2 6 2 23 4 0 0 22 17 6 12 24 53 18 12 4 15 7 59 10 7 0 24 35 17 34 27 12 5 76 64 48 92 64 53 23 48 83 0 25 9 12 2 14 22 30 8 13 2 16 11 10 9 14 111 108 35 61 16 43 45 23 40 173 48 29 12 91 14 0 0 34 5 17 11 10 3 13 9 3 1 35 
0 4 2 0 2 0 0 1 1 3 1 0 2 5 3 6 6 2 3 0 0 0 0 1 2 0 0 1 2 3 3 3 7 3 3 0 4 2 6 9 3 1 4 20 7 16 9 9 5 36 4 3 16 10 4 1 5 8 0 1 1 4 1 5 9 13 2 4 0 2 1 3 1 3 21 21 9 28 108 2 16 10 13 99 36 14 12 31 6 0 0 22 4 13 8 10 2 1 3 0 1 17 
3 2 2 0 2 1 0 0 2 0 1 1 1 0 0 1 0 0 2 0 0 1 0 2 0 0 1 3 4 1 0 3 10 1 1 0 3 1 2 6 1 0 11 21 9 15 7 0 5 23 5 2 8 3 3 5 3 10 0 1 0 1 3 6 3 8 2 2 2 0 2 3 2 2 18 15 2 15 77 21 1 16 14 87 45 17 10 28 2 0 0 16 8 13 6 6 0 2 2 1 0 18 
3 0 2 0 1 2 2 1 0 0 0 0 0 0 0 0 0 3 2 0 0 0 0 3 0 0 0 2 0 2 0 2 7 0 1 1 0 2 3 3 1 0 11 14 10 12 11 4 4 41 4 2 4 5 0 0 0 4 0 0 0 0 0 3 1 4 1 3 0 0 4 3 3 1 8 14 1 6 47 8 11 3 13 37 14 26 9 22 4 0 0 12 9 4 6 3 1 6 8 0 0 21 
4 2 2 1 0 0 0 0 1 3 0 0 0 0 0 0 2 0 2 0 0 0 0 0 0 0 0 0 2 5 1 3 5 1 0 1 0 0 3 7 6 0 8 10 1 20 6 1 2 27 5 2 14 3 4 1 3 6 0 3 0 4 0 3 5 2 0 1 0 0 2 7 3 3 8 11 6 5 50 9 11 1 7 90 28 16 3 34 5 0 0 31 3 0 8 2 0 9 4 1 0 21 
3 2 8 1 0 3 2 0 0 5 1 0 0 2 0 0 2 2 0 0 3 1 1 5 0 0 0 2 5 6 2 0 9 1 2 2 7 7 28 12 7 4 32 77 12 43 33 13 14 103 16 23 31 10 11 3 20 25 0 6 8 4 2 3 3 13 2 10 0 1 7 8 3 3 52 58 10 39 181 93 75 38 122 17 165 81 22 119 39 0 0 99 19 34 23 15 2 16 21 2 3 63 
1 0 1 0 0 4 0 1 0 3 1 0 0 0 0 0 0 0 3 0 0 0 0 0 0 0 0 1 3 1 0 1 3 2 0 3 1 1 7 4 3 0 31 32 4 26 17 4 3 29 2 2 11 1 0 6 4 11 0 3 1 2 1 0 2 2 1 4 1 1 0 1 0 1 9 11 7 18 54 50 32 10 43 179 6 28 15 40 9 0 0 47 7 8 9 8 0 12 12 3 2 31 
2 5 0 0 1 1 8 1 2 2 2 1 1 1 1 0 7 7 3 1 1 1 0 6 3 0 0 2 3 12 2 9 23 8 8 5 32 16 43 9 9 4 56 125 25 61 39 16 23 116 7 4 14 4 1 2 8 11 0 2 3 3 0 1 5 3 2 5 2 1 5 5 3 6 22 13 7 5 62 25 29 20 26 86 51 4 24 71 47 0 0 120 32 43 31 31 13 32 34 11 6 68 
2 5 0 0 3 0 3 2 3 0 4 0 0 1 1 4 5 2 3 0 3 0 1 3 2 0 0 9 4 10 1 6 22 4 3 4 16 7 33 9 3 3 24 63 15 42 10 8 15 65 11 5 9 0 1 1 2 7 0 4 1 4 1 2 1 3 0 1 0 1 6 0 3 3 7 3 4 5 39 12 12 12 22 48 10 28 10 55 29 0 0 68 15 9 14 21 4 8 9 3 4 54 
25 18 11 2 6 8 8 5 11 8 5 5 6 12 4 7 19 14 10 6 6 4 7 45 17 1 1 41 17 50 31 44 289 32 34 31 87 85 204 42 56 19 183 263 95 268 158 124 120 815 31 14 65 22 6 7 12 18 0 19 3 9 5 11 8 9 3 8 6 4 7 4 11 13 41 46 6 27 147 40 52 54 65 183 64 153 75 27 67 0 0 360 49 74 53 59 11 39 55 8 6 375 
2 5 3 0 2 3 0 2 1 3 2 3 2 0 1 1 3 3 3 0 4 2 1 10 5 0 0 2 1 7 5 5 34 2 10 4 38 27 42 25 6 6 40 81 14 33 21 7 13 75 4 3 14 3 2 1 2 5 0 8 1 1 3 1 4 4 0 1 2 1 1 1 1 0 3 7 3 7 29 13 6 10 22 33 11 38 26 47 7 0 0 68 20 19 12 15 5 11 10 1 6 62 
0 0 0 0 0 0 0 0 0 0 0 0 0 0 0 0 0 0 0 0 0 0 0 0 0 0 0 0 0 0 0 0 0 0 0 0 0 0 0 0 0 0 0 0 0 0 0 0 0 0 0 0 0 0 0 0 0 0 0 0 0 0 0 0 0 0 0 0 0 0 0 0 0 0 0 0 0 0 0 0 0 0 0 0 0 0 0 0 0 0 0 0 0 0 0 0 0 0 0 0 0 0 
0 0 0 0 0 0 0 0 0 0 0 0 0 0 0 0 0 0 0 0 0 0 0 0 0 0 0 0 0 0 0 0 0 0 0 0 0 0 0 0 0 0 0 0 0 0 0 0 0 0 0 0 0 0 0 0 0 0 0 0 0 0 0 0 0 0 0 0 0 0 0 0 0 0 0 0 0 0 0 0 0 0 0 0 0 0 0 0 0 0 0 0 0 0 0 0 0 0 0 0 0 0 
4 9 6 0 1 5 1 8 5 3 3 4 3 2 0 4 5 6 6 0 4 1 0 15 0 0 0 7 13 24 3 15 43 21 36 14 113 45 98 49 36 4 59 175 53 108 51 23 36 193 4 6 10 3 2 0 14 15 0 6 2 8 0 5 8 8 2 0 0 1 5 2 11 0 5 4 2 11 53 18 24 11 19 73 30 56 36 93 62 0 0 22 52 83 26 84 5 38 40 4 3 97 
0 0 4 0 0 2 1 1 0 2 1 1 0 1 1 1 1 2 0 0 0 0 0 0 0 0 0 1 0 7 1 3 11 3 5 3 23 7 26 7 15 4 20 51 18 24 16 8 6 46 2 0 2 1 0 0 2 0 0 3 9 2 0 0 1 2 1 0 0 0 1 3 2 0 0 4 1 5 12 3 4 5 11 19 12 34 20 31 14 0 0 66 5 12 14 16 23 13 16 2 0 31 
2 3 1 0 0 0 0 0 2 0 0 2 1 1 1 0 1 2 0 0 0 0 1 1 1 0 0 3 1 3 3 9 17 2 9 3 24 11 35 8 6 2 27 32 14 30 18 21 12 71 4 0 7 12 2 0 0 2 0 4 1 0 1 2 0 0 1 0 0 0 0 0 2 0 7 7 0 6 16 9 4 6 12 31 3 29 13 50 5 0 0 93 9 3 10 23 1 15 11 1 7 65 
1 1 1 0 1 0 0 0 1 2 0 0 0 0 1 1 2 0 0 0 0 0 0 1 0 0 0 2 4 4 0 5 14 5 6 2 12 6 20 6 6 2 25 28 5 15 16 13 9 52 1 3 9 3 0 1 2 2 0 0 1 1 0 2 0 0 0 0 1 0 0 0 0 1 2 2 4 0 17 1 5 7 5 8 8 16 18 35 16 0 0 58 13 6 7 13 3 7 6 2 1 61 
1 6 0 0 1 0 1 1 0 0 0 3 0 1 0 2 0 0 0 0 0 0 0 2 2 0 0 2 2 2 5 2 22 2 7 6 22 13 22 3 4 3 42 69 20 34 18 18 8 53 1 0 7 1 1 0 1 3 0 0 0 1 0 4 3 1 0 1 0 0 0 1 0 0 4 0 0 2 16 7 4 6 4 21 5 20 19 56 22 0 0 124 12 12 20 4 0 20 2 1 4 56 
0 0 0 0 0 1 0 0 0 0 0 0 1 0 0 0 1 0 0 0 0 0 0 0 0 0 0 0 1 0 0 2 1 0 2 3 2 2 12 3 0 0 4 6 7 5 1 0 2 8 0 1 0 0 1 0 0 0 0 0 0 0 0 0 0 0 0 1 0 0 0 0 0 0 0 0 0 0 2 1 2 1 0 7 0 0 2 10 3 0 0 8 1 4 0 0 0 0 1 0 0 9 
1 2 0 0 0 0 0 0 0 0 0 0 1 0 0 1 1 0 1 0 0 0 0 1 1 0 0 0 4 3 0 1 8 1 2 1 9 4 22 4 4 4 28 45 12 28 12 10 5 46 2 2 7 5 1 1 2 1 0 1 0 0 0 0 0 0 0 0 0 0 0 0 1 1 4 1 1 4 13 5 2 3 4 24 8 22 6 29 17 0 0 65 6 9 5 26 2 4 0 3 2 51 
3 0 2 1 0 0 0 0 0 2 0 1 1 0 1 1 0 0 0 0 1 0 0 2 0 0 0 2 1 3 0 0 1 0 1 2 16 4 16 1 6 0 25 32 14 30 11 8 7 51 1 1 3 3 0 0 2 1 0 0 0 0 0 1 0 0 0 0 0 0 0 0 1 1 2 4 2 3 10 8 2 6 3 14 3 9 13 41 5 0 0 39 10 8 10 10 0 7 4 1 0 28 
0 0 0 0 0 0 0 0 0 1 0 0 1 0 0 0 0 0 0 0 0 0 0 0 0 0 0 0 0 1 0 2 4 0 1 0 4 0 2 3 1 0 5 6 6 7 1 0 0 10 0 0 1 0 0 0 1 0 0 1 0 0 0 0 0 0 0 0 0 0 0 0 0 0 0 1 0 0 3 1 1 2 0 10 0 4 1 6 2 0 0 15 0 2 2 1 0 1 2 2 0 6 
1 0 0 0 0 0 0 1 0 0 0 0 1 1 2 0 0 0 0 0 0 0 0 0 0 0 0 0 0 3 0 2 0 0 1 0 2 0 3 2 0 0 4 10 2 5 0 0 0 11 0 0 0 1 0 0 0 2 0 0 0 0 0 0 0 0 0 0 0 0 0 0 0 0 0 0 0 1 0 0 0 3 1 1 5 1 3 8 4 0 0 3 0 1 2 3 1 1 1 2 0 3 
2 13 4 1 0 1 1 5 2 1 3 2 4 2 1 5 3 4 2 1 0 0 0 3 3 0 0 3 3 19 8 17 39 5 8 12 29 17 49 23 20 3 63 77 44 67 55 27 29 180 6 13 18 10 3 0 2 6 0 5 2 1 0 2 2 3 2 0 0 0 0 2 1 0 7 11 1 13 38 13 10 18 13 54 28 35 24 173 46 0 0 89 11 25 42 47 5 37 16 8 2 9 
