8 16 30 13 40 74 54 33 57 36 18 66 68 59 58 112 41 43 54 22 20 29 18 44 15 1 1 27 73 6 2 3 15 4 4 7 3 4 23 24 12 4 7 4 14 15 13 13 9 52 12 0 11 22 4 2 3 20 0 3 2 0 0 6 5 2 2 5 0 4 6 8 2 4 4 3 1 5 37 1 5 14 9 10 2 10 9 34 4 0 0 8 3 3 5 2 1 0 1 1 0 14 
13 3 22 18 30 118 53 48 68 31 23 52 92 60 62 69 50 45 46 24 17 29 11 33 25 2 1 31 76 11 1 10 13 11 4 3 4 6 21 40 10 0 16 15 13 15 11 7 10 52 6 6 17 4 4 3 6 14 0 6 1 4 1 12 11 8 6 4 6 1 11 7 2 3 6 4 4 10 22 7 2 3 7 10 6 5 2 22 5 0 0 8 4 5 3 2 1 1 1 0 0 9 
48 38 7 17 10 67 47 54 97 27 20 64 69 84 74 72 48 26 41 25 8 36 15 33 16 1 3 33 69 5 1 7 6 4 10 2 2 12 23 23 15 7 6 15 17 12 5 5 8 56 12 3 5 21 3 3 7 11 0 3 1 0 0 6 6 7 5 7 2 5 5 8 8 4 2 4 1 3 20 4 0 0 2 4 5 6 1 15 6 0 0 12 1 0 4 1 0 1 1 1 0 6 
5 11 15 1 2 22 14 7 19 14 16 14 11 12 8 13 12 8 4 2 2 2 2 8 3 0 0 5 18 5 1 1 1 0 1 1 1 2 4 14 1 0 0 1 1 1 1 2 0 4 1 1 0 0 3 2 0 0 0 8 0 0 0 0 2 0 1 1 0 0 0 1 0 0 0 1 0 3 8 3 0 0 1 1 0 0 0 4 0 0 0 0 0 0 0 1 0 0 0 0 0 0 
13 13 11 10 4 13 6 10 12 11 32 20 42 17 19 27 20 11 14 10 7 14 8 11 3 1 2 11 14 2 0 0 0 1 0 0 0 0 5 5 2 1 4 9 2 5 5 6 3 16 1 1 2 3 1 2 0 11 0 3 0 0 0 0 0 2 0 0 0 1 6 3 2 0 3 2 0 1 8 1 1 0 2 4 2 0 4 3 1 0 0 4 0 0 0 0 0 0 1 0 0 1 
49 55 65 29 10 7 13 35 31 34 57 69 130 91 66 98 56 35 45 23 14 33 20 46 11 6 2 25 48 5 2 3 5 1 4 0 2 10 30 32 22 3 12 10 6 10 4 12 8 44 7 8 17 12 8 0 4 11 0 7 1 2 1 14 16 9 11 7 8 4 7 9 1 12 0 4 0 7 17 3 3 3 4 3 5 4 5 19 6 0 0 5 8 20 2 2 0 0 0 0 0 4 
39 59 57 26 32 53 12 30 32 29 19 58 66 52 69 51 46 25 36 19 9 15 3 28 14 2 10 5 71 6 0 5 10 6 6 3 0 3 34 14 11 1 4 3 8 7 6 4 4 35 12 6 8 5 11 0 0 10 0 6 0 1 2 12 5 22 6 13 0 5 2 8 3 4 25 3 2 16 12 0 4 6 2 4 0 3 2 11 1 0 0 6 2 4 1 1 0 4 2 0 0 3 
21 37 28 18 15 20 19 8 12 13 9 54 57 66 51 97 53 31 45 26 20 10 14 41 12 2 6 11 33 5 5 17 6 3 8 1 2 2 30 24 7 0 3 5 13 10 12 3 3 23 2 3 8 8 8 5 2 16 0 3 0 1 1 6 5 7 7 6 2 2 4 12 0 2 3 3 2 1 19 0 1 1 2 8 1 0 1 6 2 0 0 8 1 4 0 3 0 1 1 1 0 0 
67 105 102 24 15 73 90 22 10 58 30 66 112 108 72 102 54 44 33 24 28 29 21 32 9 5 5 30 54 12 1 4 7 0 3 3 1 6 26 23 15 7 5 11 10 7 7 9 8 42 0 2 6 10 15 5 6 9 0 1 2 0 4 8 3 9 2 5 2 3 13 3 3 4 8 7 8 9 21 1 0 2 2 3 5 3 1 7 5 0 0 6 0 9 0 3 1 3 0 1 0 4 
22 27 23 7 16 18 39 18 9 2 8 38 47 40 19 49 36 36 19 14 12 18 7 40 10 1 2 26 16 4 2 2 1 0 0 2 4 0 27 7 3 0 0 3 6 3 5 3 3 16 12 2 8 10 6 4 2 15 0 0 1 0 6 4 2 3 4 2 1 1 13 9 8 4 8 6 7 15 10 1 1 0 2 5 2 1 4 2 0 0 0 4 0 0 0 1 0 0 1 0 0 4 
15 17 20 4 7 16 26 15 11 8 1 13 27 21 21 59 45 27 18 34 11 26 8 23 13 3 7 34 19 2 1 1 5 3 1 0 2 3 21 16 15 0 8 3 5 2 4 11 8 24 3 4 1 5 2 1 4 7 0 0 0 0 1 1 2 4 0 3 0 2 1 2 0 1 1 1 0 0 11 1 1 0 0 1 0 2 2 1 2 0 0 5 0 0 0 0 0 2 1 0 0 5 
45 90 56 8 16 80 108 66 92 44 12 6 29 64 56 127 86 75 81 68 32 31 57 79 20 7 3 59 25 17 5 25 10 1 1 1 3 7 51 24 9 2 9 11 7 11 6 11 16 38 3 5 13 9 8 1 7 20 0 7 2 0 1 6 5 9 0 3 2 1 12 7 1 3 6 9 1 3 27 2 0 0 1 0 0 2 1 11 0 0 0 12 0 5 0 4 0 2 0 0 0 1 
48 101 77 6 21 106 174 180 142 94 46 55 9 75 50 124 97 77 98 41 71 74 43 101 43 1 5 65 27 28 14 9 18 3 10 2 3 10 39 29 8 5 17 7 14 12 6 15 9 57 5 9 12 14 7 1 15 22 0 21 3 1 4 3 9 9 1 1 1 0 6 3 0 4 12 2 6 5 31 4 0 0 0 0 0 2 0 6 9 0 0 13 0 3 1 2 0 2 0 0 0 5 
105 147 165 24 34 180 221 183 195 197 70 122 59 11 13 130 154 148 213 147 152 162 82 179 93 9 22 205 52 9 4 9 16 1 0 0 2 10 32 33 36 4 14 6 7 20 12 9 14 52 18 7 23 34 6 2 28 43 0 21 5 0 3 1 1 1 0 2 0 0 8 2 1 1 29 8 2 11 83 11 1 1 0 1 0 0 1 10 4 0 0 18 2 4 4 4 3 2 1 0 0 2 
69 97 102 16 24 107 125 93 103 59 45 59 61 21 6 29 51 65 61 104 83 121 92 151 56 7 11 131 26 11 1 12 7 5 12 3 3 8 15 31 14 7 14 8 6 9 10 5 1 39 15 3 14 15 6 6 14 16 0 13 1 0 2 1 2 2 0 1 0 0 6 0 0 1 12 9 10 3 41 8 1 0 0 0 0 3 1 5 5 0 0 6 1 7 0 3 0 1 0 0 0 4 
69 108 60 25 40 100 112 159 118 114 60 83 122 77 15 18 120 137 127 139 244 170 161 244 118 15 28 181 21 56 31 48 38 18 23 18 43 4 23 45 27 2 30 30 9 24 11 8 11 74 15 13 24 13 10 6 20 39 0 23 2 1 5 4 1 2 0 1 1 1 15 10 8 5 13 17 2 9 40 6 5 0 7 1 0 3 2 26 3 0 0 6 3 3 1 5 0 4 4 0 0 4 
34 69 55 7 20 50 78 68 92 74 24 89 85 92 47 123 8 72 91 106 183 122 108 253 50 9 24 143 4 84 43 93 41 33 37 34 27 23 50 69 69 16 32 36 33 36 23 21 19 120 17 16 20 15 5 7 15 18 0 8 1 2 2 1 4 1 0 0 2 1 5 2 0 1 11 21 3 6 40 5 3 0 0 0 2 11 5 37 6 0 0 14 4 2 2 1 2 3 0 0 0 10 
36 36 37 1 10 43 39 42 49 42 24 55 93 126 43 204 71 13 51 47 132 79 122 178 61 17 25 108 19 56 40 40 38 23 44 31 27 16 52 51 60 3 35 32 21 32 19 20 21 76 0 3 16 10 8 4 14 10 0 2 0 0 1 13 8 0 0 0 0 0 0 3 0 0 6 1 1 3 37 6 1 2 1 1 4 2 4 25 22 0 0 10 1 0 0 1 0 0 0 0 0 1 
20 43 31 3 11 46 35 48 36 49 34 63 85 101 58 170 157 72 6 93 261 136 222 222 54 19 15 81 14 34 26 45 30 33 13 22 17 17 45 40 20 5 9 17 20 35 25 15 22 70 9 10 6 2 8 3 10 10 0 11 2 1 1 11 1 1 0 0 0 0 2 3 0 0 8 4 3 4 25 6 6 1 0 0 0 5 2 26 8 0 0 7 0 1 0 0 0 1 0 0 0 1 
17 24 13 2 6 12 28 22 24 31 12 30 51 59 34 94 88 39 40 8 11 26 86 128 64 37 49 103 5 28 12 13 5 4 13 14 7 11 39 37 11 4 1 5 7 20 5 3 7 12 3 1 2 1 1 1 5 4 0 2 0 1 0 5 0 0 0 0 0 0 0 0 0 0 0 3 2 2 25 2 0 0 1 1 0 3 0 9 2 0 0 4 0 0 0 0 0 0 0 0 0 1 
7 19 8 2 5 23 17 14 11 15 11 31 58 82 52 145 143 49 60 7 7 8 48 74 27 21 43 75 1 6 0 4 8 5 5 17 13 14 31 9 15 2 6 3 5 15 5 3 12 23 0 2 0 1 2 0 3 0 0 0 1 0 0 0 0 1 0 0 0 0 0 0 0 0 2 2 0 1 3 2 2 1 1 0 0 7 0 6 9 0 0 2 1 0 1 1 0 0 0 0 0 1 
4 18 11 5 2 16 34 9 15 27 10 22 45 54 29 87 36 39 27 11 22 1 132 94 38 24 30 86 1 3 0 6 12 0 3 11 8 4 22 8 6 1 5 1 10 5 1 3 3 16 2 0 1 1 0 2 2 0 0 1 0 0 1 0 0 0 0 0 0 0 0 0 0 0 4 1 0 1 2 1 0 0 0 0 0 2 4 3 0 0 0 2 0 1 0 0 0 0 1 0 0 0 
6 14 10 1 2 5 4 6 5 10 6 20 26 32 51 88 67 53 47 25 35 20 2 24 5 7 36 96 2 3 0 1 12 4 6 2 11 7 21 7 6 3 3 2 0 4 2 1 4 22 2 1 4 1 0 1 0 6 0 1 1 0 0 1 0 0 0 0 0 0 0 0 0 0 2 1 0 2 3 1 1 0 0 0 0 1 2 7 2 0 0 6 1 0 0 1 0 0 0 0 0 1 
18 32 18 4 11 12 19 14 19 29 10 30 42 59 48 156 89 68 66 29 45 27 19 16 18 71 157 127 4 16 1 4 18 8 16 13 17 14 33 17 23 3 5 7 16 16 13 10 4 70 5 3 7 2 1 0 4 14 0 4 1 0 0 1 1 1 0 0 0 0 0 0 0 0 0 3 1 1 9 2 1 0 0 0 0 2 5 29 5 0 0 2 0 1 0 1 1 1 0 0 0 2 
30 28 29 11 12 31 24 35 36 48 16 38 73 48 62 123 59 72 59 35 67 26 26 10 6 10 42 85 1 31 8 11 51 7 23 10 12 15 35 43 32 3 7 18 21 22 19 16 16 130 33 6 20 10 4 1 6 10 0 3 3 1 0 5 1 1 0 0 1 0 0 0 0 1 2 6 1 2 41 7 3 1 0 2 0 7 2 50 5 0 0 11 2 1 2 2 0 1 1 0 0 2 
1 3 4 0 0 2 0 0 5 4 9 5 7 4 6 9 12 6 21 12 21 25 13 17 3 1 7 21 0 0 0 2 3 0 1 0 0 1 3 1 2 0 1 0 3 2 1 1 1 2 0 0 0 0 0 0 0 3 0 0 0 0 0 0 0 0 0 0 0 0 0 0 0 0 0 1 0 0 5 0 0 0 0 0 0 0 0 3 0 0 0 0 0 0 0 0 0 0 0 0 0 0 
0 0 0 0 0 0 1 0 0 1 2 1 2 2 2 12 3 6 4 1 9 6 9 18 10 7 0 26 0 0 0 0 0 1 0 0 2 1 2 0 3 0 1 0 1 4 1 0 2 2 0 0 0 0 0 0 0 0 0 0 0 1 0 0 0 0 0 0 0 0 0 0 0 0 0 0 0 0 0 0 0 0 0 0 0 0 0 1 0 0 0 0 0 0 0 1 0 0 0 0 0 0 
29 34 16 9 13 31 26 24 40 53 23 53 101 161 141 236 104 93 77 106 91 143 142 180 63 16 66 9 14 12 4 11 34 6 20 9 17 23 98 40 45 5 14 23 24 21 20 27 17 110 15 10 18 10 2 9 8 11 0 6 1 1 2 0 1 1 0 0 1 0 0 2 0 0 7 4 3 7 30 2 4 2 1 5 2 3 2 48 9 0 0 6 2 2 1 2 0 2 2 1 0 5 
90 121 109 30 28 116 82 59 86 44 27 64 48 63 23 64 27 34 33 22 14 31 9 14 8 0 2 17 4 7 2 4 12 8 12 5 2 12 26 40 26 1 7 18 13 11 11 14 15 63 10 3 21 10 0 3 6 13 0 7 1 2 4 13 16 6 5 5 1 3 8 11 5 3 1 1 0 4 45 5 9 2 11 5 0 6 5 16 9 0 0 10 1 0 0 6 0 4 1 0 1 6 
1 3 0 1 1 0 9 5 6 8 2 21 14 3 7 29 50 30 27 6 8 17 3 16 7 2 4 6 6 27 134 169 336 79 187 176 291 175 266 179 109 14 66 67 67 65 45 73 49 277 9 4 17 7 5 6 8 14 0 13 1 1 4 21 23 36 15 14 16 17 9 11 1 0 6 6 1 6 36 12 10 0 4 12 8 11 10 98 29 0 0 29 3 15 10 16 2 7 6 3 4 23 
1 3 1 0 0 1 3 1 1 3 2 3 3 1 4 4 17 25 11 1 2 0 2 7 2 0 0 1 0 157 5 129 109 17 63 37 120 52 109 76 30 6 24 15 22 20 20 10 10 64 2 2 4 3 4 0 0 7 0 1 2 2 4 8 19 12 7 8 7 8 0 10 2 0 3 2 0 3 16 3 5 5 0 0 2 5 7 18 7 0 0 18 4 9 6 5 1 4 2 1 0 17 
4 3 0 0 0 1 4 7 2 4 0 8 10 3 12 25 56 48 24 14 5 7 9 7 4 2 4 9 2 282 166 20 178 75 146 128 276 243 304 178 130 13 77 62 90 84 57 49 66 211 15 12 12 23 4 2 14 20 0 25 1 0 8 19 44 77 37 24 6 23 8 10 2 1 9 10 2 14 40 13 6 6 11 3 6 19 31 81 43 0 0 43 20 29 22 22 0 13 3 4 0 10 
23 35 15 2 2 22 35 27 30 21 11 23 30 12 10 51 108 94 39 20 30 26 12 93 43 0 4 38 7 717 251 271 32 60 188 221 336 285 423 350 285 44 179 158 197 227 184 136 205 1166 65 39 117 49 30 18 39 51 0 37 9 3 7 17 63 62 40 32 27 41 77 56 16 16 36 17 8 20 140 24 28 11 16 9 17 39 24 317 74 0 0 102 23 43 44 44 3 18 5 3 6 43 
2 6 2 0 0 4 10 4 2 1 0 3 3 1 4 23 36 27 12 8 3 3 11 8 4 0 0 9 2 217 86 89 49 8 27 57 88 80 142 103 69 9 38 41 58 56 37 24 41 120 14 5 16 9 4 0 7 19 0 9 5 7 3 5 8 17 6 9 7 16 19 27 6 5 13 2 0 2 27 7 4 0 1 1 2 6 2 31 16 0 0 19 10 9 8 15 1 8 3 1 0 7 
3 11 6 1 2 4 5 3 3 4 0 4 6 1 3 25 38 45 33 32 18 17 33 36 17 0 4 15 4 459 215 318 154 59 13 20 151 103 261 307 98 46 72 88 106 106 57 86 72 266 14 13 12 17 6 4 10 27 0 5 2 9 13 21 27 24 21 37 7 28 47 40 11 6 12 5 0 14 56 4 2 1 1 3 3 18 16 53 32 0 0 57 21 22 10 18 5 26 14 2 1 15 
4 0 2 0 0 1 1 1 1 0 0 1 1 0 3 16 18 17 14 11 8 19 15 14 4 3 0 15 5 383 138 210 191 39 46 21 143 92 180 142 75 9 41 35 45 94 28 44 25 163 5 8 3 4 1 4 4 4 0 3 2 5 16 13 11 21 4 18 6 18 14 27 12 3 1 0 0 2 6 1 0 0 1 1 0 7 5 30 14 0 0 50 14 11 14 14 2 14 8 2 1 10 
9 12 13 0 3 2 3 0 2 4 2 3 5 1 1 45 47 33 33 15 20 9 22 54 14 2 8 40 4 835 399 594 430 170 176 220 20 196 528 636 295 80 184 152 236 261 169 122 140 693 16 33 39 19 5 3 8 7 0 5 3 8 34 39 39 62 21 45 17 14 64 75 18 14 9 7 0 5 43 5 0 2 1 4 7 36 19 131 63 0 0 133 44 51 27 51 5 33 44 12 6 45 
2 12 17 2 1 8 5 12 10 13 7 12 11 8 4 2 16 20 9 8 23 16 11 29 18 2 1 32 4 220 113 306 133 99 105 69 119 15 156 295 137 19 150 100 120 122 93 55 87 273 3 5 10 2 1 0 3 5 0 5 0 7 6 22 20 11 5 8 11 4 18 20 6 5 7 1 0 4 14 3 1 1 3 4 0 16 18 113 25 0 0 75 19 28 12 20 4 17 17 6 3 36 
28 50 19 7 5 24 44 41 59 52 30 48 49 20 11 16 67 82 46 31 67 41 58 127 45 11 14 108 11 444 156 480 329 154 213 147 378 129 33 671 459 54 172 203 195 255 153 126 119 717 24 19 52 28 4 1 12 26 0 7 3 11 11 54 58 57 26 19 15 24 59 53 17 14 20 11 2 17 97 16 7 2 9 26 10 41 43 212 58 0 0 137 31 43 22 58 10 39 29 13 7 90 
12 33 29 2 16 22 19 25 32 34 14 28 32 15 10 22 41 44 13 3 30 15 14 38 15 7 2 32 10 184 82 124 157 62 111 92 299 150 452 37 38 34 82 144 121 174 117 107 115 435 12 9 11 14 0 1 7 14 0 3 0 1 6 16 14 16 3 8 6 11 11 15 1 4 6 7 0 3 20 6 6 11 9 18 20 8 10 56 32 0 0 49 9 21 11 37 0 10 7 1 0 26 
18 33 28 4 3 16 32 22 38 22 10 7 21 6 10 20 50 43 15 19 22 28 13 68 18 5 1 42 4 144 43 135 123 60 69 56 160 139 378 85 11 26 71 124 126 148 99 147 110 392 6 12 14 4 0 5 17 7 0 1 3 0 1 11 18 17 5 4 1 4 18 14 5 7 12 2 0 4 20 8 16 9 8 9 17 47 30 23 56 0 0 56 45 47 28 41 9 11 15 2 1 41 
3 1 1 0 0 2 6 1 2 7 3 9 1 5 2 16 11 5 3 1 4 0 0 3 3 0 0 5 0 15 9 9 15 12 9 10 50 29 67 30 26 3 11 45 34 45 32 23 23 56 0 14 0 6 1 1 0 0 0 0 1 0 6 0 6 1 5 2 1 0 1 0 1 0 5 0 0 2 4 2 12 2 0 7 3 8 8 13 12 0 0 11 4 3 7 6 1 3 10 0 0 13 
22 11 38 1 2 31 18 15 14 14 6 12 28 4 17 18 39 47 20 18 17 17 4 11 9 0 3 20 1 121 74 76 111 64 112 47 154 210 246 194 71 40 24 110 121 178 115 156 239 520 11 10 19 16 9 1 11 23 0 2 1 4 2 13 15 21 6 9 5 2 13 21 2 2 24 22 2 23 48 58 39 39 58 102 100 158 99 199 146 0 0 123 64 101 89 246 26 70 77 11 8 95 
9 22 14 6 6 12 19 11 9 11 5 8 17 6 10 17 33 42 18 15 14 10 9 31 22 0 1 25 7 105 26 102 89 54 72 30 139 157 262 271 112 61 82 29 174 321 150 214 243 668 11 19 35 20 4 6 8 21 0 3 1 3 4 19 10 21 4 5 12 4 9 9 1 2 38 24 3 39 80 44 47 31 47 84 84 131 109 155 124 0 0 323 86 141 95 263 33 145 101 32 19 157 
13 16 18 3 6 9 19 11 12 11 6 16 17 8 6 19 34 34 23 7 16 8 16 39 12 0 10 24 2 114 38 84 115 50 67 54 121 124 194 189 104 51 73 264 13 199 108 201 248 509 12 4 3 6 1 0 5 7 0 1 1 1 1 6 12 9 4 16 2 3 6 9 1 6 12 5 0 23 29 13 8 13 8 25 34 55 33 80 34 0 0 76 46 83 32 66 36 52 63 9 8 70 
18 22 28 1 5 14 15 14 14 20 8 14 18 8 15 20 49 40 22 16 25 17 14 41 9 6 1 26 11 108 40 77 132 46 63 47 160 173 277 289 198 55 138 392 240 25 158 411 399 1160 29 17 32 10 3 0 12 8 0 7 1 5 5 7 15 14 3 17 2 4 16 20 2 7 24 17 2 25 47 31 15 29 40 83 67 111 94 234 73 0 0 220 35 103 65 114 35 79 99 17 6 107 
12 22 14 2 5 14 17 13 12 22 6 16 28 7 6 17 40 30 30 14 13 9 13 29 15 0 0 33 7 93 44 87 132 30 49 39 134 120 188 231 138 41 101 230 165 248 20 247 290 667 7 14 21 17 2 0 6 8 0 4 4 2 1 4 8 19 6 6 2 4 7 18 8 4 14 14 7 11 31 26 23 9 30 47 60 76 41 148 49 0 0 126 33 67 26 58 16 51 53 18 5 63 
5 3 13 0 0 6 7 5 3 3 4 16 16 3 0 3 15 8 6 5 5 3 2 12 5 2 2 10 1 23 21 19 55 25 22 12 50 42 102 68 60 17 49 122 101 236 91 15 269 543 5 2 18 4 2 1 2 8 0 1 1 0 0 6 7 8 3 3 0 1 3 2 0 0 2 9 1 6 18 7 9 5 11 22 18 36 15 90 30 0 0 55 14 44 15 39 2 16 16 14 2 48 
7 4 10 2 1 4 5 6 6 7 4 6 8 2 3 13 10 15 5 2 6 5 9 13 4 0 0 9 1 31 12 21 51 15 23 19 47 41 79 97 41 11 52 113 85 231 194 236 15 499 4 3 11 3 3 0 2 3 0 4 0 1 2 1 9 5 1 5 1 1 4 5 0 1 8 3 0 7 13 5 6 9 5 25 19 30 16 82 14 0 0 84 20 17 22 21 1 24 16 9 3 37 
45 61 43 15 24 34 37 38 44 38 14 41 68 26 19 29 83 79 49 28 28 21 26 114 46 6 15 108 11 303 84 228 525 112 136 115 314 302 494 518 399 36 210 441 329 592 300 602 655 44 45 27 100 19 13 4 18 37 0 8 11 6 5 27 42 41 14 31 7 12 40 38 11 9 56 51 4 53 97 51 34 42 46 133 63 120 68 497 62 0 0 231 54 129 107 119 18 123 124 29 8 188 
5 22 22 1 3 15 39 21 10 10 4 10 36 18 11 19 22 21 5 5 2 3 4 28 6 0 5 11 1 44 10 33 38 18 15 9 12 2 11 17 6 1 8 27 14 13 14 13 16 66 4 36 104 78 65 27 60 54 0 70 25 13 19 27 39 64 40 39 5 41 34 38 20 35 21 22 3 24 212 50 26 9 27 62 19 40 13 90 15 0 0 17 2 21 14 6 1 10 10 2 1 15 
1 25 4 1 2 13 13 10 15 4 4 10 11 12 7 8 9 5 1 0 8 1 14 13 4 0 7 9 2 17 19 9 22 13 18 7 12 2 11 5 2 5 17 8 4 7 4 2 1 36 10 4 59 169 108 22 41 41 0 38 10 1 17 21 24 35 10 14 5 18 40 30 24 12 18 4 5 13 105 14 11 10 15 27 6 9 8 48 6 0 0 15 2 8 6 5 2 2 6 1 0 5 
2 16 12 2 1 6 10 11 16 9 4 13 8 17 11 32 21 13 9 5 2 4 5 22 6 0 13 19 7 23 7 22 30 15 28 6 7 5 23 9 3 0 10 15 7 16 15 15 13 57 71 39 19 43 19 7 34 40 0 40 10 5 6 35 46 41 18 30 9 32 16 18 10 11 9 15 2 29 158 16 11 7 7 29 15 17 13 56 15 0 0 14 12 8 10 6 1 24 13 2 0 21 
5 7 4 0 1 19 5 6 8 4 1 1 5 12 9 10 14 13 6 4 2 4 4 6 2 0 0 4 3 25 13 8 16 6 13 6 4 5 4 8 1 1 14 7 6 11 7 2 2 22 29 25 33 3 52 6 26 49 0 33 6 1 14 22 22 33 15 25 10 19 10 20 11 10 15 7 4 25 104 9 9 8 1 15 17 5 8 17 4 0 0 13 0 3 4 5 1 8 9 2 0 9 
2 4 7 1 0 4 4 10 8 10 8 3 2 6 3 11 9 4 4 0 1 2 3 4 0 1 0 5 0 11 5 7 13 3 3 6 1 2 2 1 3 1 1 3 1 5 2 6 6 10 13 17 25 10 1 0 7 29 0 22 10 1 5 15 27 11 3 6 7 9 21 12 3 7 6 10 1 8 57 12 4 2 15 15 10 6 1 10 1 0 0 5 0 2 1 1 0 1 1 1 0 7 
1 6 3 3 1 3 7 4 2 6 3 1 3 6 3 2 4 1 0 4 0 2 1 6 2 0 1 11 1 8 3 6 11 2 3 2 0 0 14 8 0 0 1 8 3 4 4 5 1 13 20 5 25 8 2 1 11 23 0 19 7 3 5 9 5 12 3 3 0 13 6 12 2 9 26 14 2 22 72 6 2 1 7 19 9 1 13 10 2 0 0 2 2 7 6 3 1 7 1 0 0 4 
7 9 7 0 7 10 6 3 19 4 3 9 14 7 5 27 9 4 8 1 2 0 4 7 6 1 1 8 3 28 12 17 18 7 7 1 9 2 9 7 0 3 6 9 7 6 0 3 6 15 54 50 31 35 20 13 3 20 0 39 8 4 7 18 16 23 20 21 3 15 18 10 6 5 24 32 14 13 148 12 8 7 10 26 28 15 4 41 11 0 0 8 5 8 9 3 2 5 4 1 0 16 
5 10 4 4 0 5 11 15 15 2 7 7 6 27 11 37 17 8 10 1 1 5 4 7 18 1 5 9 1 17 9 24 19 13 12 2 8 4 18 9 2 1 2 12 8 7 9 4 5 36 31 24 58 45 17 17 13 8 0 37 11 3 20 27 18 20 6 25 10 29 12 10 8 10 30 25 24 60 206 29 22 4 12 61 21 13 5 34 5 0 0 8 3 9 4 2 0 4 7 0 0 13 
0 0 0 0 1 0 0 0 0 0 0 0 0 0 0 0 0 0 0 0 0 0 0 0 0 0 0 0 0 0 0 0 0 0 0 0 0 0 0 0 0 0 0 0 0 0 0 0 0 0 0 0 0 0 0 0 0 0 0 0 0 1 0 0 0 0 0 0 0 0 0 0 0 0 0 0 0 0 0 0 0 0 0 0 0 0 0 0 0 0 0 0 0 0 0 0 0 0 0 0 0 0 
10 8 17 3 2 5 10 15 6 3 4 16 21 15 17 43 34 24 10 10 5 13 6 42 8 2 1 21 13 29 6 10 26 10 3 1 1 4 15 8 8 1 4 9 4 0 3 4 4 22 49 29 49 48 53 9 35 49 0 1 3 8 13 33 31 68 32 16 10 28 23 57 11 22 12 16 6 29 62 11 8 5 10 16 12 12 6 37 10 0 0 11 6 4 2 2 0 4 1 0 0 6 
3 5 4 2 0 8 7 3 4 2 2 3 6 7 1 26 12 10 1 0 2 0 0 9 1 0 0 3 5 14 15 8 5 8 3 2 5 1 12 6 5 2 7 3 5 2 11 0 2 17 10 11 21 42 19 3 47 35 0 40 3 4 3 17 35 36 27 36 10 29 40 44 15 18 22 18 4 14 70 11 16 9 8 11 15 8 6 24 8 0 0 5 10 3 2 4 1 4 2 1 4 5 
4 13 5 5 2 8 13 8 5 0 10 11 5 6 2 4 7 3 6 3 0 1 1 2 3 0 0 2 3 55 24 32 16 22 26 22 23 22 35 26 9 4 9 9 15 15 17 5 12 49 6 23 7 21 3 4 13 22 0 20 7 3 1 28 47 42 7 48 11 36 15 35 15 13 10 11 2 7 38 15 4 26 9 23 1 5 2 24 11 0 0 14 7 0 4 4 0 5 7 1 0 2 
1 1 9 0 0 1 3 3 5 11 2 0 0 1 1 1 1 1 1 0 0 0 0 1 0 0 0 1 0 6 5 1 6 1 2 2 5 3 7 4 5 0 2 3 1 7 0 0 3 10 4 5 13 10 8 2 7 13 0 14 2 0 0 9 12 16 5 23 5 11 8 9 6 3 6 1 3 7 21 8 9 0 1 1 3 1 1 6 1 0 0 0 0 0 0 0 0 0 0 0 0 4 
4 18 4 4 0 19 23 11 9 2 3 0 1 1 1 5 17 0 0 1 1 0 1 1 5 0 1 1 4 42 13 22 10 1 10 14 16 14 39 22 17 2 5 15 9 15 8 11 11 36 18 13 42 42 17 7 29 40 0 49 7 8 5 5 36 42 19 35 30 31 62 82 18 12 10 13 4 16 111 26 21 2 10 17 0 8 2 9 6 0 0 14 2 7 3 2 0 3 0 1 0 1 
12 11 16 0 3 11 13 31 17 6 5 7 2 0 0 4 2 2 1 0 1 0 0 1 0 0 1 0 8 95 85 59 32 16 24 13 38 23 62 22 30 1 7 10 14 15 15 3 12 38 17 24 47 27 19 10 31 27 0 36 35 8 28 27 4 62 36 95 58 81 110 202 64 62 7 8 2 28 76 8 13 7 16 7 11 13 5 10 14 0 0 2 6 1 1 7 0 0 3 0 0 1 
8 21 21 2 7 27 30 33 19 15 3 14 5 0 1 2 1 0 0 1 2 0 0 3 1 0 0 2 9 89 132 161 56 57 38 37 48 16 68 52 37 4 18 23 35 22 16 6 11 54 23 20 38 47 28 11 48 81 0 93 23 22 56 94 60 20 25 118 77 183 252 274 79 74 13 16 2 16 115 23 26 22 24 29 18 25 2 25 20 0 0 14 1 2 2 0 0 3 1 0 0 1 
5 5 3 1 2 21 8 9 2 4 6 3 2 0 2 2 3 0 0 0 0 0 0 0 0 0 0 0 1 24 13 18 9 12 8 10 22 8 20 3 5 0 0 2 6 6 6 5 6 12 5 5 12 16 2 0 13 10 0 20 15 7 26 26 44 25 1 13 34 42 68 108 44 14 1 3 0 5 22 7 19 0 13 7 3 3 3 12 1 0 0 1 0 0 0 1 0 0 0 0 0 0 
6 2 16 1 1 8 6 2 6 1 2 6 3 0 0 2 2 0 0 0 0 0 0 0 1 0 0 1 4 29 18 18 22 20 7 8 26 8 25 6 1 0 1 5 5 7 3 3 3 24 13 5 25 24 8 2 11 16 0 24 19 4 5 15 45 48 11 1 26 47 168 143 16 47 17 4 1 10 59 9 6 3 3 1 0 1 1 18 2 0 0 5 0 0 0 0 0 0 0 0 0 0 
0 3 4 2 0 4 6 1 3 2 3 0 6 0 0 1 0 0 1 0 1 0 0 0 0 0 0 0 0 27 6 13 11 14 9 7 7 4 9 4 7 4 3 1 3 6 3 3 2 5 1 0 18 13 0 0 1 9 0 9 5 6 3 15 41 42 13 15 7 14 71 91 23 7 0 7 0 6 15 1 1 4 4 5 3 3 3 8 1 0 0 0 0 0 0 0 0 0 0 0 0 0 
1 1 6 1 0 19 7 5 3 4 0 1 1 0 0 4 0 0 0 0 0 0 0 0 0 0 0 0 3 12 8 11 13 12 21 10 10 2 16 1 0 2 1 3 10 4 0 3 0 7 13 19 35 16 2 4 16 14 0 19 12 1 22 41 66 102 29 50 10 4 55 97 19 47 5 7 1 7 51 6 5 1 11 4 6 7 6 5 2 0 0 0 0 0 0 1 0 0 0 0 0 0 
3 2 2 0 0 1 2 9 3 3 0 2 0 1 0 0 0 0 0 0 0 0 0 0 0 0 0 0 0 3 7 8 12 13 12 5 13 17 20 8 2 1 3 3 9 13 2 8 2 17 2 4 5 8 1 1 4 4 0 22 4 3 4 19 32 56 18 25 34 19 5 54 25 36 7 3 0 4 38 10 4 0 0 4 2 4 0 5 1 0 0 1 0 0 1 0 0 0 0 0 0 1 
2 4 2 0 5 2 3 8 6 5 3 0 7 0 1 1 3 0 0 0 0 0 0 0 0 0 0 0 0 6 4 5 16 13 13 6 12 7 26 5 5 3 3 5 5 5 5 5 1 20 8 12 28 14 3 5 6 2 0 15 9 5 5 27 37 43 28 39 26 38 74 4 34 28 10 5 2 3 31 4 3 3 4 15 4 7 2 11 3 0 0 4 0 1 0 3 0 0 0 0 0 1 
1 4 4 3 4 1 9 4 2 3 4 1 6 1 1 0 1 0 0 0 0 0 0 0 0 0 0 0 3 5 5 4 11 21 27 12 13 20 18 18 8 1 3 1 7 4 4 4 9 27 18 10 14 12 20 6 10 17 0 17 20 2 9 13 52 75 27 35 13 95 66 79 1 38 4 7 3 8 49 16 9 5 4 7 6 7 3 12 2 0 0 3 0 0 0 1 1 1 1 0 0 3 
4 6 4 7 8 16 13 18 14 9 8 4 6 1 3 4 8 0 1 0 0 0 0 1 0 0 0 0 1 0 4 4 14 19 6 9 10 22 47 18 21 0 7 16 14 17 9 10 11 54 22 13 23 26 9 3 6 15 0 39 7 7 15 32 42 108 20 82 31 175 148 159 24 7 12 19 0 21 93 3 19 4 35 13 6 8 10 39 3 0 0 3 2 1 0 1 0 1 0 0 0 3 
1 1 0 0 1 1 3 2 0 1 0 1 0 6 1 7 5 6 2 0 1 0 0 5 0 0 4 4 0 6 2 3 8 4 7 0 2 2 10 7 7 1 4 9 7 9 6 4 2 30 9 8 7 2 2 5 11 17 0 8 2 1 1 6 12 18 5 0 2 7 1 2 11 5 6 3 3 22 132 23 24 15 24 51 14 20 7 63 10 0 0 9 10 7 2 3 0 11 8 3 2 7 
1 4 2 0 0 11 3 4 5 4 14 5 13 4 5 13 15 1 1 7 1 3 1 3 2 0 0 5 0 3 5 4 7 2 2 3 2 3 5 5 9 4 8 5 8 15 4 3 5 61 12 4 10 33 11 3 24 37 0 15 8 1 2 6 8 16 1 5 5 8 18 5 7 3 21 2 15 64 199 71 31 43 41 88 34 28 13 78 17 0 0 17 3 9 11 5 4 12 4 4 2 30 
0 0 1 0 0 0 0 2 0 0 1 1 0 1 1 5 0 0 0 0 0 0 0 0 0 0 0 1 1 4 0 5 4 1 0 1 2 1 1 2 1 0 3 2 2 0 1 0 1 8 2 0 5 2 2 9 2 8 0 5 1 1 0 0 2 4 4 2 0 3 1 3 0 1 23 33 1 13 79 9 6 9 5 11 7 6 2 13 0 0 0 2 2 0 1 0 0 0 0 0 0 3 
1 3 5 1 0 1 1 2 1 4 1 4 1 4 0 4 1 2 1 1 1 0 2 4 0 0 0 4 1 5 1 6 3 2 2 0 3 1 7 3 0 0 6 9 9 3 8 6 4 25 5 14 12 6 6 2 7 13 0 12 1 1 1 7 3 7 2 5 1 5 1 8 3 1 29 99 28 6 91 28 17 8 50 56 32 13 13 40 12 0 0 7 3 6 8 3 7 5 12 3 1 19 
10 17 18 6 7 30 33 22 13 12 9 11 12 36 38 37 15 27 19 12 3 11 7 22 10 1 8 21 4 38 15 34 70 25 29 7 11 5 41 21 7 4 32 32 34 33 16 14 23 90 139 101 196 164 57 50 78 143 0 54 41 8 16 70 52 95 16 43 14 40 37 32 28 41 288 262 99 83 18 86 111 43 118 257 105 82 39 144 23 0 0 32 19 35 14 12 6 27 28 6 2 38 
4 9 1 0 0 2 8 5 1 6 1 17 4 7 4 7 10 6 4 4 4 4 2 4 0 2 0 5 2 15 9 20 10 4 8 3 8 2 6 6 4 5 15 32 9 92 29 9 14 31 14 5 41 32 8 2 12 27 0 18 9 1 2 16 14 37 0 7 1 7 8 4 4 11 95 92 23 82 154 9 44 31 137 255 223 29 28 70 19 0 0 32 6 17 17 9 4 14 15 4 3 14 
2 3 0 0 0 2 3 2 5 2 0 5 0 0 1 3 4 8 1 0 0 1 1 4 0 0 0 1 4 5 4 3 11 5 6 7 3 1 6 7 22 17 15 22 3 6 9 8 8 21 13 1 18 19 24 5 6 11 0 4 1 0 3 5 24 13 9 14 5 16 11 6 1 6 47 40 6 18 146 27 3 4 21 147 75 23 18 36 13 0 0 26 8 8 9 9 2 19 11 3 0 23 
0 5 6 0 0 3 7 6 1 3 0 3 0 0 0 1 2 0 2 0 0 0 0 1 1 0 0 3 1 10 1 8 8 1 2 1 0 1 4 9 5 5 34 28 8 16 12 19 9 75 0 7 1 6 9 0 4 37 0 8 7 0 1 4 4 11 2 12 4 7 10 4 2 8 20 27 5 28 119 40 26 2 15 128 56 53 31 79 28 0 0 34 13 27 14 17 6 31 28 2 0 26 
4 5 4 2 3 2 1 0 3 5 0 0 2 0 0 3 0 0 1 0 0 0 0 1 0 0 0 0 0 3 3 1 8 2 1 0 0 1 3 4 10 3 35 29 7 13 11 4 9 53 5 2 15 1 1 2 1 7 0 1 1 1 1 7 5 3 2 1 1 1 6 5 1 1 23 13 2 26 84 39 19 2 2 104 32 25 10 56 18 0 0 26 8 32 9 9 6 18 8 1 1 15 
2 9 10 0 2 16 4 6 2 4 0 1 2 0 1 0 2 4 0 0 1 1 1 2 5 0 0 7 1 10 5 8 18 6 5 1 7 5 21 19 29 15 72 88 36 49 27 42 54 133 40 24 57 55 22 13 48 106 0 44 3 3 3 8 10 11 1 11 6 8 23 18 5 14 169 135 36 157 323 269 212 88 309 27 232 123 80 230 46 0 0 97 30 44 47 56 11 40 58 20 12 47 
0 4 1 0 0 3 0 1 1 2 3 1 0 1 0 1 1 2 0 0 0 0 0 0 2 0 1 4 0 6 1 3 2 1 2 1 0 2 4 7 14 4 29 42 8 26 26 15 7 41 5 12 22 12 4 3 15 16 0 6 1 1 2 2 0 4 1 1 2 0 1 4 2 2 19 21 12 52 94 91 97 32 109 156 5 52 27 89 16 0 0 47 6 19 13 21 2 16 16 6 1 18 
6 11 6 2 5 1 5 7 4 3 3 2 3 1 0 7 4 5 6 0 2 0 3 1 2 0 1 5 12 22 7 17 23 7 8 7 22 17 35 10 17 7 100 141 24 64 42 44 60 188 19 20 18 11 7 8 14 16 0 15 4 2 3 6 12 8 1 7 1 1 8 7 2 1 40 20 4 21 97 44 39 36 72 114 105 8 24 71 82 0 0 139 48 42 50 71 32 53 36 7 5 56 
4 8 7 1 2 2 8 7 4 2 3 1 2 2 3 2 11 7 6 1 0 2 5 3 2 0 0 11 1 23 8 23 15 9 8 8 22 15 36 31 17 4 53 115 22 40 41 46 30 98 8 3 21 8 5 0 8 11 0 4 2 0 0 5 7 3 7 1 0 2 7 5 0 2 18 10 5 20 53 27 19 12 47 63 75 29 5 56 34 0 0 89 18 84 44 54 10 56 25 11 5 50 
13 26 14 4 8 6 7 5 4 8 1 3 7 1 2 15 16 18 8 2 11 10 15 19 18 0 2 35 0 84 13 49 122 23 22 21 59 62 132 46 20 21 85 141 49 141 94 95 99 526 30 19 55 16 2 4 14 17 0 11 6 2 2 3 6 6 1 3 1 1 8 3 5 8 42 35 8 44 104 54 44 43 46 138 110 85 42 19 38 0 0 170 41 91 63 98 15 103 85 20 11 215 
2 3 1 2 1 2 2 4 3 3 0 1 3 1 0 5 8 10 3 7 4 0 14 7 5 0 1 7 2 73 15 16 33 13 14 10 24 26 49 55 45 37 49 93 29 51 18 45 44 108 6 6 11 8 4 3 5 8 0 14 0 1 0 2 6 2 1 1 1 1 5 4 3 4 21 9 3 16 37 20 22 17 27 58 32 82 76 49 10 0 0 104 22 59 40 77 14 32 27 5 11 46 
0 0 0 0 0 0 0 0 0 0 0 0 0 0 0 0 0 0 0 0 0 0 0 0 0 0 0 0 0 0 0 0 0 0 0 0 0 0 0 0 0 0 0 0 0 0 0 0 0 0 0 0 0 0 0 0 0 0 0 0 0 0 0 0 0 0 0 0 0 0 0 0 0 0 0 0 0 0 0 0 0 0 0 1 0 0 0 1 0 0 0 1 0 0 0 0 0 0 0 0 0 0 
0 0 0 0 0 0 0 0 0 0 0 0 0 0 0 0 0 0 0 0 0 0 0 0 0 0 0 0 0 0 0 0 0 0 0 0 0 0 0 0 0 0 0 0 0 0 0 0 0 0 0 0 0 0 0 0 0 0 0 0 0 0 0 0 0 0 0 0 0 0 0 0 0 0 0 0 0 0 0 0 0 0 0 0 0 0 0 1 0 0 0 0 0 0 0 0 0 0 0 0 0 0 
5 24 15 1 2 17 17 13 6 19 19 11 16 10 12 18 29 10 13 7 6 5 2 16 5 0 4 12 3 97 28 75 75 58 63 36 105 139 237 181 80 20 90 299 119 234 160 179 243 529 24 24 33 28 6 1 11 42 0 16 6 6 4 15 13 11 2 5 4 3 11 7 3 2 41 26 9 22 98 46 61 55 72 116 100 226 157 441 192 0 0 21 125 257 75 378 37 190 162 47 35 218 
0 2 11 0 0 1 5 2 1 5 2 1 5 1 5 2 18 1 1 1 0 1 0 0 1 0 2 2 0 24 5 23 16 12 19 19 25 19 27 26 22 15 34 119 57 38 22 50 22 98 2 2 9 5 1 1 2 4 0 1 0 0 3 4 5 0 1 0 0 1 0 0 0 0 11 16 1 11 23 10 3 4 12 46 17 62 25 114 57 0 0 89 5 4 19 66 9 43 17 5 23 20 
6 11 1 3 3 2 3 2 2 2 0 3 2 0 2 2 4 1 1 0 0 0 0 7 1 0 0 1 1 16 9 30 17 14 7 13 20 20 62 29 27 22 57 90 71 66 63 33 58 168 8 5 7 3 3 0 6 3 0 5 1 0 0 1 1 4 1 0 0 0 0 1 0 0 22 15 9 11 48 18 19 18 15 53 48 72 75 163 104 0 0 113 12 3 5 99 18 41 29 41 12 93 
4 1 2 0 1 2 4 2 2 2 0 1 4 0 1 0 4 1 0 0 2 1 0 1 1 0 0 0 1 17 6 14 16 13 19 7 17 9 52 14 29 8 39 56 49 49 28 52 42 150 8 3 4 4 1 7 8 14 0 2 0 1 0 2 2 2 0 0 0 1 0 0 0 1 12 6 4 11 25 14 25 12 17 42 40 58 24 158 37 0 0 47 15 3 7 15 9 36 23 7 7 120 
2 10 3 0 1 0 8 0 4 2 3 1 5 1 3 2 6 2 0 0 0 0 1 1 3 0 0 4 0 19 3 15 14 8 17 4 27 21 42 20 16 8 71 96 39 69 26 30 21 87 4 2 12 3 1 1 3 2 0 4 0 0 0 4 1 1 0 0 0 0 2 2 0 1 10 5 3 11 27 12 14 8 16 48 40 46 30 118 57 0 0 117 24 25 26 7 11 43 30 9 0 50 
0 0 0 0 0 1 0 0 0 0 0 1 0 0 0 0 0 0 0 0 0 0 0 0 0 0 0 0 0 2 0 1 1 2 2 1 2 4 7 0 8 0 7 11 5 10 4 1 3 12 4 0 0 0 0 0 1 1 0 1 0 0 1 0 0 0 0 0 0 0 0 0 0 0 0 1 0 2 4 1 11 1 2 7 0 5 2 20 6 0 0 12 2 3 2 5 1 1 0 0 0 14 
0 2 1 0 0 0 0 0 2 0 1 0 3 0 3 0 0 0 0 0 0 0 0 0 0 0 0 0 1 7 3 2 4 1 4 3 5 5 16 5 4 2 32 37 20 24 20 15 12 50 1 2 3 6 1 2 1 1 0 0 1 0 0 0 0 0 0 0 0 0 0 0 0 0 7 3 0 7 12 10 9 10 13 26 10 27 21 76 17 0 0 50 8 14 11 16 3 2 2 3 0 29 
2 10 1 3 1 1 2 1 2 3 0 3 6 0 2 2 1 0 0 0 0 0 0 2 1 0 0 2 1 6 2 3 8 2 14 8 13 12 46 13 6 3 57 63 29 45 15 14 29 121 5 5 16 6 3 0 1 5 0 2 0 0 0 6 1 1 0 1 0 0 0 0 0 1 10 16 1 16 23 9 19 24 19 47 24 40 26 126 30 0 0 74 13 16 21 26 3 8 5 10 2 38 
0 0 0 0 0 0 0 0 0 0 0 2 0 0 1 0 0 0 0 0 0 0 0 0 0 0 0 0 0 3 0 7 1 0 1 4 3 2 5 5 0 0 2 11 5 4 4 1 3 9 0 0 2 1 0 0 0 1 0 0 0 0 0 0 0 0 0 0 0 0 0 0 0 0 2 1 0 0 1 0 2 1 7 8 2 8 6 13 8 0 0 9 1 1 1 7 0 1 0 0 0 3 
0 3 0 1 0 0 0 0 0 0 2 0 0 0 0 1 0 0 0 0 0 0 0 0 0 0 0 0 0 1 0 3 4 0 0 2 4 1 3 4 5 0 40 10 5 4 3 3 3 19 0 0 0 1 0 0 0 1 0 0 1 0 0 0 0 0 0 0 0 0 0 0 0 0 2 3 0 3 6 1 8 1 1 12 7 18 8 24 12 0 0 36 8 17 9 18 18 16 5 3 0 1 
9 15 6 0 2 7 11 2 6 1 1 5 8 2 5 2 10 6 2 1 1 2 2 1 3 0 1 15 0 54 5 17 34 12 23 10 23 32 79 30 26 17 116 131 66 100 63 63 84 307 29 11 27 12 1 0 10 10 0 6 0 0 1 2 1 8 0 1 0 0 4 2 2 2 23 14 3 27 43 23 26 28 30 60 47 58 39 329 75 0 0 93 19 85 60 88 9 60 54 9 5 11 
