12 12 38 15 24 75 76 59 50 65 33 62 69 74 73 103 45 45 57 28 21 24 12 35 14 2 0 27 85 6 1 6 11 3 7 4 2 6 26 26 21 2 10 20 21 14 10 21 4 51 8 2 7 13 9 8 5 12 0 5 0 0 1 6 12 11 0 6 0 1 5 5 4 1 1 4 2 3 36 5 5 17 15 7 5 11 15 51 0 0 0 6 1 5 1 2 1 2 1 1 0 4 
15 9 30 22 42 128 64 67 87 51 24 87 99 83 96 94 42 41 37 45 22 24 18 58 5 4 3 29 80 17 2 8 11 9 7 3 3 6 32 25 12 2 12 15 16 21 12 17 4 76 11 4 16 9 12 2 5 9 0 1 3 1 0 4 12 12 19 8 3 5 6 21 1 4 4 4 0 12 16 4 0 3 5 12 0 8 1 31 5 0 0 6 5 18 5 9 1 3 3 1 0 9 
41 33 9 14 12 71 50 56 65 59 21 76 75 73 59 70 39 43 54 25 15 17 12 29 15 1 3 25 71 1 1 6 10 4 3 3 1 11 17 16 15 6 4 10 9 9 7 22 8 53 9 3 8 28 3 0 8 8 0 4 4 3 1 4 12 8 2 16 2 4 8 8 4 7 1 2 0 7 14 1 3 2 5 8 6 2 7 21 2 0 0 12 7 2 1 2 0 0 3 0 0 3 
8 12 20 3 4 25 8 9 20 11 9 15 12 9 5 11 6 4 3 0 2 5 1 5 2 0 0 1 15 1 1 1 1 0 2 0 0 1 4 7 2 0 1 2 3 0 1 2 0 13 2 0 0 1 0 0 0 3 0 3 4 0 0 0 1 1 0 0 0 0 1 2 0 0 2 0 0 1 4 0 0 0 2 1 0 0 0 5 3 0 0 0 0 0 0 0 0 0 0 0 0 2 
35 23 26 7 5 12 14 11 14 9 26 21 19 33 26 35 21 21 6 4 3 14 4 15 5 0 6 19 17 3 2 0 2 0 4 0 0 1 11 5 6 0 5 2 2 8 6 4 4 20 6 0 10 2 0 0 0 7 0 0 1 0 0 0 0 7 1 1 0 2 5 4 0 1 0 3 0 1 7 0 0 0 0 1 1 1 2 7 0 0 0 4 0 0 0 0 0 0 1 0 0 1 
57 39 57 21 9 6 9 26 58 47 47 96 101 102 63 130 73 56 50 40 20 35 22 48 28 3 3 17 69 15 3 1 10 4 4 0 2 5 33 26 15 5 7 14 22 7 6 10 11 32 20 6 17 22 7 2 18 11 0 14 0 1 1 14 23 18 8 7 13 5 9 7 0 3 1 0 2 6 25 1 7 3 1 11 6 4 7 13 4 0 0 8 7 7 0 7 0 3 2 0 0 5 
36 45 39 16 5 32 20 44 46 17 14 44 61 56 44 84 24 28 17 22 6 18 6 18 7 2 7 12 70 3 1 5 10 4 2 2 1 9 23 25 11 0 8 4 7 12 9 6 6 37 5 18 3 9 12 0 4 10 0 1 2 1 3 7 10 23 5 2 1 4 0 10 0 2 7 4 1 13 19 0 0 3 0 0 0 5 2 8 1 0 0 8 4 2 3 1 1 2 7 0 0 5 
37 44 35 13 3 11 19 7 22 24 3 34 85 58 53 84 41 48 36 14 18 24 8 47 8 5 6 13 45 8 1 18 8 0 5 3 2 11 25 12 5 0 7 7 7 9 8 3 4 17 6 3 12 5 3 6 2 20 0 1 1 1 0 7 6 10 1 6 3 3 0 4 6 5 6 3 1 3 26 2 1 0 1 5 1 5 1 10 4 0 0 12 0 3 1 0 1 1 0 0 0 0 
68 101 134 34 24 95 126 27 11 76 38 89 159 171 79 95 54 50 43 24 31 21 12 31 22 2 18 40 40 17 2 8 8 9 3 1 0 9 34 24 20 4 5 9 16 7 8 9 5 43 4 5 13 3 16 7 18 16 0 1 10 1 2 3 3 11 7 5 0 4 1 3 1 4 10 10 1 9 23 2 0 5 8 3 2 6 0 16 3 0 0 4 2 2 1 3 0 2 1 0 0 1 
34 30 38 8 26 44 77 28 30 8 8 35 56 72 29 61 32 34 22 8 12 20 7 39 2 0 3 19 23 8 3 6 4 2 0 1 1 5 15 9 2 0 8 6 1 7 3 0 5 16 9 4 10 23 3 3 7 16 0 1 1 0 2 3 4 4 4 2 0 1 3 7 23 1 11 5 2 5 16 1 1 1 1 3 1 1 1 7 4 0 0 3 0 0 3 1 1 1 0 1 0 1 
12 21 23 7 14 20 35 29 32 5 3 10 20 27 22 37 23 32 13 22 17 16 15 24 8 2 11 19 10 13 2 4 7 0 0 1 2 7 22 12 14 0 8 6 4 7 5 13 8 25 1 1 4 9 2 3 2 6 0 5 0 0 0 0 4 1 1 3 0 1 3 0 1 3 3 2 0 2 12 0 0 0 0 1 1 0 0 9 2 0 0 2 4 2 2 1 0 2 0 0 1 2 
30 85 72 6 15 86 94 76 82 32 15 5 38 67 48 116 70 55 82 76 42 30 56 84 16 4 7 56 23 27 5 15 20 2 0 1 3 14 32 34 11 2 6 10 8 19 8 20 6 47 6 7 8 4 9 0 2 11 0 8 1 1 1 2 4 12 4 1 5 1 14 7 1 6 13 3 0 2 25 1 0 0 1 0 0 1 0 7 0 0 0 8 1 5 1 4 0 2 3 0 0 1 
42 79 91 8 25 96 154 146 198 99 56 61 5 94 74 101 121 96 107 43 65 95 37 94 26 1 10 64 34 28 6 14 15 5 9 1 7 10 46 20 15 3 12 14 9 22 6 8 8 59 13 8 13 14 2 0 15 22 0 13 7 3 5 3 4 3 2 3 5 0 3 3 5 3 11 3 9 3 34 7 1 0 0 0 0 1 0 7 1 0 0 11 0 7 1 4 1 2 2 0 0 7 
116 129 155 26 52 194 205 203 189 169 106 83 84 16 13 114 190 156 174 106 174 166 103 164 93 7 23 227 46 14 1 0 5 0 1 0 0 20 28 32 19 0 25 7 11 15 6 7 7 75 18 19 23 18 3 4 35 40 0 12 7 1 3 2 1 1 2 1 0 3 6 2 0 1 22 4 0 14 75 5 2 0 0 0 0 0 0 12 4 0 0 11 0 9 5 2 0 1 0 0 1 3 
111 114 117 11 36 81 142 87 103 61 62 59 73 20 13 29 89 65 75 90 99 97 107 129 48 9 20 181 38 13 0 13 6 4 8 2 3 3 20 21 17 4 12 12 10 3 6 4 7 29 11 6 25 17 4 6 14 17 0 11 0 0 1 3 2 2 0 0 0 1 5 0 0 3 13 6 3 2 51 0 0 0 0 3 0 2 0 6 5 0 0 15 5 3 0 3 0 0 1 1 0 3 
73 121 70 12 34 102 93 129 120 86 45 105 122 67 19 28 118 160 108 126 249 127 146 275 120 17 32 204 21 60 27 48 35 22 17 16 40 3 18 52 25 3 12 16 20 16 9 6 15 63 16 12 29 15 15 3 12 28 0 8 5 1 2 7 3 1 1 0 1 2 15 2 3 0 15 24 0 10 43 7 1 2 3 1 0 2 6 25 9 0 0 15 2 1 3 5 3 0 1 1 1 9 
40 53 40 3 15 61 83 61 107 73 20 73 81 114 50 111 15 57 89 106 151 110 86 221 44 7 29 113 20 91 48 85 48 26 39 37 36 20 83 58 69 11 25 27 38 40 31 18 22 93 8 14 23 14 2 5 14 35 0 5 6 10 1 8 2 3 0 1 0 1 5 5 1 4 9 8 2 8 42 11 4 0 0 1 4 5 3 27 11 0 0 18 5 3 1 3 0 8 0 1 3 6 
21 25 33 1 6 55 50 33 52 60 23 57 60 97 39 126 64 11 34 46 108 90 114 201 65 11 18 90 6 43 29 42 43 24 27 21 21 17 79 49 57 7 21 23 37 34 19 32 18 77 4 2 12 12 7 3 8 11 0 12 2 3 2 5 7 1 1 0 0 0 4 1 0 0 12 7 0 1 30 8 2 1 0 0 0 2 1 18 13 0 0 9 0 2 1 1 0 0 0 0 0 4 
20 55 41 5 4 45 34 35 54 46 48 59 114 119 91 152 190 71 9 66 267 119 192 180 51 10 8 70 5 45 30 40 29 22 24 21 15 15 48 39 14 10 9 19 6 24 17 16 19 67 8 2 18 4 2 1 5 12 0 9 0 3 3 5 2 1 0 0 0 0 1 4 1 0 1 4 2 3 24 5 3 0 1 0 0 8 5 26 8 0 0 10 0 0 0 1 0 0 1 0 0 0 
7 34 20 9 11 16 29 16 20 20 6 29 44 56 27 91 70 37 29 6 10 15 64 89 58 25 30 81 7 22 8 18 10 1 5 5 9 20 27 22 18 5 2 4 9 14 9 10 15 20 1 0 2 1 0 0 6 6 0 5 2 0 0 0 2 0 0 0 0 0 0 0 0 0 0 3 1 2 9 4 1 0 0 1 0 0 0 9 2 0 0 1 1 0 0 0 0 0 0 0 0 1 
9 12 20 0 4 19 7 13 14 19 11 36 70 79 57 114 113 71 59 7 4 14 48 104 31 28 33 103 2 11 5 2 11 1 12 11 18 11 56 17 17 3 6 5 8 21 5 7 8 35 2 0 0 1 1 1 2 1 0 4 0 2 1 0 0 1 0 0 0 0 0 0 0 0 1 3 0 0 10 2 1 2 1 1 1 1 3 6 15 0 0 5 0 0 0 0 0 0 0 0 0 1 
16 29 25 5 6 17 28 18 18 22 20 29 60 44 26 69 45 25 21 18 17 7 124 84 25 22 39 112 5 2 1 2 17 3 8 15 7 4 29 9 3 0 9 5 4 2 3 9 3 17 0 0 5 1 2 0 0 0 0 3 0 0 0 2 0 0 0 0 0 0 0 0 0 0 0 0 0 0 9 0 0 0 0 0 1 1 0 10 1 0 0 0 1 0 0 0 0 0 0 0 0 0 
4 4 4 1 4 10 12 14 5 5 10 21 28 37 41 85 65 47 54 31 32 31 4 14 13 13 36 122 5 2 13 1 7 6 4 4 11 11 24 18 11 4 2 3 5 4 3 3 2 23 2 1 4 4 1 0 1 0 0 2 1 0 1 2 1 0 0 0 0 0 0 0 0 0 0 0 0 3 5 0 0 0 0 0 0 1 3 4 2 0 0 1 0 1 0 0 0 0 1 0 0 0 
13 19 18 4 16 13 18 16 16 37 9 52 73 39 54 140 107 70 61 31 41 19 15 15 10 59 139 112 5 11 2 5 19 4 18 12 30 11 35 38 21 3 8 6 14 14 12 10 6 77 6 5 11 3 0 3 1 21 0 3 0 1 1 1 2 1 0 0 0 0 0 0 0 1 3 1 1 1 13 5 1 1 1 1 0 4 3 21 3 0 0 2 1 0 0 0 0 0 0 0 0 0 
32 34 23 5 16 17 25 26 32 51 19 63 59 37 54 119 57 22 66 38 44 23 16 11 10 13 87 116 6 15 5 12 56 8 16 15 15 17 32 32 36 0 21 8 19 21 16 10 18 65 13 6 22 7 8 2 6 13 0 1 0 0 1 6 0 2 0 0 0 0 0 0 2 1 6 14 0 2 21 9 3 4 1 2 1 5 6 51 7 0 0 6 0 3 1 2 0 2 2 0 0 0 
1 2 2 2 0 1 0 1 7 3 2 5 4 4 5 15 16 5 5 13 12 14 10 39 1 0 3 29 0 1 0 2 3 0 2 2 0 7 5 2 1 0 1 0 1 4 1 0 1 3 2 1 0 1 0 2 0 2 0 0 0 0 2 0 0 0 0 0 0 0 0 0 0 0 0 3 0 0 5 2 1 0 0 0 0 0 0 0 0 0 0 0 0 1 0 0 0 0 0 0 0 1 
5 0 0 0 0 1 3 1 0 1 0 0 0 4 3 21 8 5 7 1 11 5 3 14 5 5 2 17 0 2 0 1 0 2 0 0 0 1 2 1 3 0 0 0 1 2 1 0 0 3 0 0 0 0 0 0 2 0 0 0 0 0 0 0 0 0 0 0 0 0 0 0 0 0 0 0 0 0 0 0 0 0 0 0 0 0 0 1 0 0 0 0 0 0 0 1 0 0 0 0 0 0 
37 41 32 2 27 27 34 39 34 49 31 61 121 211 136 275 96 125 68 112 118 157 163 204 89 44 94 14 10 4 6 11 26 5 9 4 14 32 97 37 43 7 17 23 26 28 19 32 17 108 9 7 16 6 7 2 6 4 0 5 1 0 3 0 3 2 0 0 0 0 0 0 0 0 6 6 2 5 23 2 3 2 4 5 2 7 3 38 2 0 0 11 2 1 0 2 1 1 4 0 1 2 
90 155 118 24 25 96 73 63 54 51 28 52 58 54 22 77 35 25 31 18 27 19 4 26 5 0 1 20 8 8 3 8 10 1 12 6 6 13 33 32 21 2 10 14 16 23 14 10 9 64 5 5 18 9 0 3 9 9 0 8 0 0 4 9 11 10 5 2 4 3 5 11 0 1 0 4 0 1 35 1 1 1 3 14 8 6 7 16 4 0 0 4 1 2 0 11 2 4 0 0 0 6 
2 1 1 1 0 9 4 6 5 4 2 16 12 4 5 37 50 51 33 9 10 9 2 9 9 1 1 4 0 19 121 165 287 104 172 190 298 191 282 155 104 13 42 65 66 62 51 51 37 238 6 19 12 3 4 4 9 15 0 12 3 6 4 17 46 37 13 24 5 13 26 7 2 3 5 5 1 16 43 6 13 2 5 7 4 11 7 85 34 0 0 31 14 6 6 14 3 13 6 1 1 20 
0 4 3 0 0 4 5 0 6 0 2 4 6 0 2 13 18 11 6 1 2 2 1 9 0 0 0 0 1 175 13 171 122 43 47 43 99 56 110 54 36 1 36 15 19 17 29 11 8 46 6 1 4 4 2 2 1 4 0 4 4 2 2 10 12 14 10 11 4 4 3 16 1 1 3 1 1 2 13 6 0 1 0 3 0 8 2 16 6 0 0 15 0 5 3 2 2 4 4 1 1 7 
2 4 4 0 2 2 6 4 5 6 2 8 5 2 10 29 70 35 21 7 4 2 2 6 3 3 2 11 3 248 154 15 131 63 139 113 262 248 265 216 167 14 67 77 64 83 42 46 43 218 15 8 17 25 4 6 13 29 0 16 4 4 12 30 46 76 24 19 12 14 10 7 1 1 12 16 2 12 26 11 6 4 5 4 3 17 15 98 27 0 0 35 9 26 21 26 3 2 13 8 1 13 
17 28 11 2 1 13 24 16 16 14 1 11 12 8 12 30 67 67 27 5 16 11 15 76 35 0 4 25 7 569 230 193 30 53 154 151 270 208 376 275 187 35 157 136 155 183 137 130 155 810 68 28 88 31 22 9 24 42 0 25 9 9 3 13 38 43 6 20 17 32 45 64 14 5 34 16 2 12 102 10 25 14 13 18 8 29 18 200 56 0 0 100 12 26 21 35 3 10 10 2 4 36 
6 3 8 2 1 2 11 3 5 4 1 0 5 3 4 14 44 20 19 3 5 2 6 11 6 1 2 14 8 185 67 101 62 10 47 40 90 87 148 116 89 16 47 54 41 47 34 47 31 140 10 9 12 14 3 3 12 14 0 10 6 3 3 0 16 22 9 18 19 28 15 37 8 4 5 3 2 7 19 9 4 0 1 4 1 16 3 47 14 0 0 27 10 16 9 10 1 5 4 4 0 7 
5 10 6 0 1 6 5 4 5 5 2 6 7 1 4 20 46 39 25 20 27 15 31 30 13 2 2 17 3 490 242 331 169 53 15 24 149 112 231 323 122 35 86 108 100 99 75 96 64 224 9 6 19 28 11 5 18 20 0 6 2 8 8 27 18 31 15 29 14 37 53 63 12 8 13 2 2 10 66 4 1 2 2 1 5 26 12 63 48 0 0 70 30 36 11 36 6 24 17 2 1 25 
1 7 1 0 0 1 3 1 3 2 0 4 0 0 1 15 24 25 15 10 12 8 19 20 5 2 1 8 3 377 160 220 161 44 55 7 135 119 184 152 90 7 39 31 45 76 35 41 38 172 4 5 8 6 1 0 6 4 0 1 1 0 6 23 11 20 16 17 6 10 21 27 10 12 5 1 0 1 3 0 0 0 0 1 1 10 0 33 17 0 0 35 19 15 9 19 4 26 6 4 3 11 
13 10 9 2 2 4 11 2 4 5 2 4 3 3 5 42 34 38 32 15 25 19 13 50 17 3 3 47 5 818 408 605 445 163 218 202 22 203 571 637 253 84 169 142 226 248 182 117 172 669 21 22 40 17 4 5 12 11 0 9 1 16 29 53 62 57 26 64 26 25 79 72 18 20 15 4 3 1 43 1 3 1 3 8 6 39 23 128 75 0 0 141 53 46 28 62 11 40 38 18 4 54 
8 9 5 1 5 4 12 9 5 12 6 6 11 4 6 4 22 11 13 15 16 17 15 30 15 2 7 28 1 291 113 301 142 76 79 68 110 24 121 277 143 22 141 121 133 138 90 61 92 303 8 4 11 4 1 0 6 4 0 5 1 3 13 24 11 15 8 6 4 2 25 29 8 8 5 6 0 2 18 5 1 1 1 5 2 19 21 82 43 0 0 55 28 27 10 28 2 27 16 3 1 35 
39 53 19 6 9 38 42 36 67 41 27 36 54 20 12 14 73 78 55 43 69 49 57 110 50 7 14 100 14 461 178 558 316 153 217 163 370 128 38 749 421 45 184 243 218 289 160 164 164 724 17 24 38 22 5 5 20 29 0 9 4 9 11 34 65 50 15 25 8 17 80 42 17 11 21 15 1 16 61 11 15 8 11 18 13 47 37 201 73 0 0 151 30 61 22 48 8 44 36 16 13 95 
14 33 14 0 13 25 21 28 33 13 10 35 36 19 12 27 57 42 17 18 23 10 6 50 13 1 1 33 9 159 69 145 183 76 110 86 267 212 488 19 46 30 89 162 117 143 113 103 140 403 12 8 24 15 3 1 6 9 0 11 4 7 1 13 12 14 4 6 3 10 10 16 4 7 12 7 4 11 26 8 13 6 8 25 16 9 12 44 54 0 0 64 10 13 7 32 0 20 8 6 2 28 
13 28 22 5 4 9 14 10 27 18 7 7 13 24 25 21 35 48 7 21 23 20 10 48 10 1 0 36 8 143 55 115 130 54 70 54 150 129 292 76 10 14 60 99 78 146 84 108 96 403 3 8 15 2 3 0 2 2 0 4 1 3 3 9 20 13 8 2 2 2 7 5 1 7 10 1 1 6 16 6 9 4 8 19 14 28 16 28 44 0 0 81 21 23 13 31 5 19 14 4 4 26 
1 3 1 0 0 0 7 1 4 4 1 0 2 7 0 2 9 2 8 1 4 1 0 3 0 0 0 2 1 11 9 14 12 8 18 8 52 16 41 29 20 8 15 47 37 27 27 20 27 70 0 0 1 4 0 0 1 2 0 0 0 0 1 5 4 2 0 2 0 2 1 2 0 0 0 0 0 1 6 3 8 0 1 11 7 10 7 19 5 0 0 7 1 8 7 8 0 4 2 0 0 10 
11 17 21 0 2 25 8 9 15 12 8 14 19 12 17 22 41 34 31 17 21 9 14 10 19 0 0 24 8 127 67 107 134 74 81 56 138 179 204 201 82 27 18 125 149 200 124 175 244 514 7 11 31 17 4 2 11 16 0 10 0 3 6 5 20 8 5 7 5 4 10 21 2 1 35 20 2 27 52 53 32 25 50 114 85 111 90 193 131 0 0 164 80 123 98 233 28 91 81 10 18 113 
14 15 14 1 1 4 12 5 13 10 8 11 17 7 10 16 37 27 11 9 19 9 12 38 11 1 1 33 8 127 35 110 107 49 80 33 128 176 296 277 100 86 97 18 162 289 135 208 200 643 10 16 35 17 8 4 17 25 0 6 1 2 2 10 21 16 8 7 9 5 16 17 3 0 25 21 2 40 86 47 41 24 47 113 83 155 83 174 105 0 0 289 106 121 89 221 40 144 105 23 12 113 
16 19 22 0 7 10 22 11 10 16 6 12 20 4 3 21 31 36 20 4 11 8 16 28 5 1 9 29 3 101 36 112 94 45 62 53 111 98 180 153 75 53 63 267 12 187 117 172 213 527 9 4 18 5 1 4 3 6 0 0 4 0 1 8 20 12 4 10 2 2 7 7 7 4 18 15 2 13 29 8 9 16 13 24 36 50 30 98 27 0 0 96 26 68 19 56 26 73 43 7 18 61 
17 20 24 3 7 10 19 15 16 14 9 19 28 6 17 12 35 37 34 9 32 12 16 32 17 0 5 37 11 120 35 92 167 49 83 74 183 152 264 249 195 44 129 388 212 21 182 432 366 1094 20 6 22 15 3 2 4 18 0 6 0 6 9 7 23 17 4 13 2 3 16 12 2 7 18 12 1 20 65 33 26 35 24 74 51 103 89 210 90 0 0 217 42 133 70 88 27 100 77 17 7 118 
11 30 10 3 5 12 17 9 23 7 5 22 30 9 9 15 43 40 14 11 22 17 11 25 6 0 1 21 2 86 37 95 125 47 47 40 139 123 180 230 153 42 79 172 136 227 20 243 313 591 16 9 20 5 2 3 10 12 0 5 3 1 4 8 13 18 8 7 4 4 10 11 5 6 18 10 6 17 26 22 23 15 35 61 56 61 43 136 39 0 0 130 29 95 33 60 12 76 69 5 5 72 
8 3 3 1 3 1 5 1 4 6 1 12 9 4 5 3 8 10 3 4 5 4 6 19 6 1 0 20 4 27 6 30 57 12 20 7 50 44 83 65 80 16 61 103 103 230 112 10 339 565 4 3 15 4 3 1 4 8 0 2 0 0 0 0 10 5 2 4 0 2 6 2 5 1 6 1 3 2 12 5 6 5 4 26 10 27 25 102 13 0 0 51 23 26 16 25 8 24 18 11 2 46 
6 17 3 0 1 6 5 3 2 11 6 4 12 5 0 13 14 26 4 6 7 8 10 10 6 0 0 7 3 44 26 43 54 21 26 17 48 45 90 120 61 14 54 128 92 195 134 148 8 512 7 1 10 4 0 0 3 6 0 1 2 2 0 5 12 6 1 3 0 2 1 5 1 2 2 6 1 4 16 16 12 18 17 22 23 48 26 89 12 0 0 86 39 49 11 19 5 26 30 10 1 54 
41 59 39 9 11 38 45 44 28 46 18 42 37 15 18 37 75 72 46 23 36 23 42 128 59 1 5 106 12 292 87 254 483 117 146 128 397 327 551 455 311 39 212 463 338 600 297 619 698 50 63 35 90 24 8 13 20 35 0 5 9 3 3 42 45 54 23 29 4 7 34 40 9 5 66 42 2 43 117 74 39 55 52 142 55 123 61 565 83 0 0 279 59 126 93 116 14 120 124 21 15 175 
12 19 25 1 3 7 29 22 31 11 21 23 23 31 20 28 12 21 3 2 3 0 7 31 19 0 2 13 5 47 6 34 36 24 6 16 7 3 24 31 11 11 12 22 11 12 21 6 13 64 8 29 96 106 74 31 65 61 0 98 23 4 21 44 40 98 18 32 6 54 37 56 28 52 21 25 5 27 192 52 38 2 36 45 15 39 17 78 13 0 0 17 5 11 15 17 1 10 10 4 0 16 
4 8 9 1 2 8 12 27 10 7 4 13 15 11 5 8 12 6 4 1 5 0 6 10 2 0 3 13 5 12 3 9 26 5 9 4 7 4 13 5 2 1 19 9 6 8 10 1 4 30 7 1 49 123 109 31 36 39 0 49 7 2 6 33 31 49 5 36 1 26 24 41 7 12 6 11 1 13 105 14 16 7 14 23 5 10 6 35 8 0 0 3 3 6 1 6 5 8 3 1 1 15 
7 6 10 4 2 19 11 9 18 18 8 17 9 16 11 27 13 11 2 0 2 1 5 12 6 1 0 14 3 22 13 21 42 17 17 4 9 4 25 13 8 2 11 27 12 13 11 13 14 60 65 37 5 34 19 5 38 52 0 47 20 1 4 30 50 60 14 24 13 22 15 32 10 19 11 8 1 26 183 21 12 6 16 23 16 34 13 60 15 0 0 11 6 12 6 8 2 8 5 2 0 13 
4 11 8 0 2 11 3 6 5 10 4 5 2 15 12 14 14 6 5 4 0 1 1 5 1 0 0 4 0 15 2 19 14 13 9 2 2 0 8 8 3 0 5 3 6 5 3 4 2 21 18 33 39 4 40 11 11 34 0 48 6 2 8 11 21 36 12 16 6 22 15 25 14 6 8 6 7 10 86 8 10 9 7 22 4 8 6 18 2 0 0 1 3 2 5 6 1 3 6 2 0 9 
1 1 0 4 0 7 3 16 6 1 2 2 1 2 4 7 6 11 4 0 2 1 2 14 0 0 0 7 1 4 3 5 5 0 5 3 3 3 5 5 1 0 1 7 3 4 1 2 3 7 19 16 30 14 1 2 5 16 0 18 3 0 1 13 24 9 2 2 12 13 11 4 4 6 8 14 2 22 71 19 5 0 11 14 12 6 2 5 2 0 0 6 0 5 0 6 0 1 1 1 0 2 
0 5 3 0 0 1 3 5 7 5 2 3 2 4 3 5 4 6 5 1 0 2 2 1 2 0 1 4 0 9 3 5 10 3 1 0 0 0 5 6 4 0 1 4 2 4 8 3 1 10 5 3 19 7 5 1 10 19 0 13 2 6 3 4 12 9 2 5 0 3 2 11 3 6 6 5 1 7 51 4 0 0 5 14 11 2 1 9 0 0 0 0 0 2 3 4 1 1 1 0 0 0 
6 1 5 0 7 3 0 6 2 6 5 7 6 5 7 12 15 8 9 1 3 0 4 5 4 0 0 12 0 14 4 11 11 7 7 1 1 1 12 5 0 5 7 11 3 7 4 6 6 11 30 16 32 18 18 1 0 20 0 40 8 10 6 24 22 26 4 10 4 8 12 11 10 6 15 29 11 13 120 13 1 11 20 29 23 12 6 14 3 0 0 8 2 7 7 6 1 4 2 0 0 18 
7 4 4 5 3 13 9 9 20 11 10 10 9 18 8 29 18 8 1 0 1 3 2 14 8 0 3 9 8 24 11 15 21 14 12 5 3 3 17 5 2 4 8 10 4 12 10 3 9 18 34 31 65 39 37 24 15 11 0 41 11 2 24 18 16 24 16 23 7 25 13 18 6 10 38 34 24 46 182 44 20 3 24 49 13 15 6 32 2 0 0 10 1 11 4 2 1 12 5 0 2 9 
0 0 0 0 0 0 0 0 1 0 0 0 0 0 0 0 0 0 0 0 0 0 0 0 0 0 0 0 0 0 0 0 0 1 0 0 0 0 0 0 0 0 0 0 0 0 0 0 0 0 0 0 0 0 0 0 0 0 0 0 0 0 0 0 0 0 0 0 0 0 0 0 0 0 0 0 0 0 0 0 0 0 0 0 0 0 0 0 0 0 0 0 0 0 0 0 0 0 0 0 0 0 
6 18 10 1 8 7 8 10 6 1 3 14 21 23 23 38 25 28 6 6 8 9 0 20 5 1 2 22 5 18 9 18 13 15 10 6 1 3 13 10 10 0 11 14 6 6 8 4 6 32 42 20 50 39 36 10 48 35 0 1 7 3 13 42 51 40 19 30 14 26 39 64 21 22 29 20 9 26 71 7 8 19 9 20 8 8 4 32 3 0 0 13 2 2 1 2 1 4 4 0 1 6 
4 4 4 1 0 0 2 2 0 1 0 1 1 6 2 15 6 5 1 1 0 0 2 12 3 0 0 2 3 17 2 9 11 8 7 1 2 3 7 3 4 3 6 5 3 6 10 4 3 8 16 11 19 24 13 4 39 16 0 19 4 5 3 19 20 33 29 35 6 33 39 41 17 15 27 19 1 7 56 6 8 6 8 11 19 15 1 20 3 0 0 1 8 3 1 5 0 0 3 0 3 2 
1 6 5 0 8 14 8 16 4 5 12 14 11 4 3 4 7 4 5 2 1 1 0 1 3 0 0 3 4 41 39 24 28 18 13 14 16 29 33 26 9 0 12 10 7 16 7 2 10 40 12 7 9 8 9 4 13 24 0 34 17 3 2 43 35 41 7 44 12 34 22 32 14 16 2 10 3 13 38 17 10 9 15 16 2 7 8 29 8 0 0 15 2 6 3 5 0 5 0 0 0 4 
0 5 7 0 0 2 2 1 4 3 1 1 0 0 1 0 3 0 1 0 0 0 0 1 2 0 0 1 0 6 4 4 1 3 5 3 8 5 5 1 3 0 5 0 0 5 1 1 4 8 2 4 15 12 4 1 6 7 0 18 0 2 0 2 15 15 16 30 5 15 11 14 5 2 6 3 2 7 26 4 4 2 6 1 3 2 3 4 1 0 0 2 0 0 0 1 0 1 0 0 0 0 
12 8 11 1 3 15 20 17 5 5 1 2 2 1 0 1 7 1 5 3 0 1 0 3 0 0 0 2 4 29 9 8 13 1 12 6 22 21 37 39 11 3 7 19 6 13 9 7 18 43 17 23 32 54 21 5 38 44 0 33 8 13 2 3 21 30 21 39 24 50 67 78 22 28 18 11 1 19 95 16 20 4 13 5 1 13 1 5 6 0 0 4 0 1 4 0 0 0 2 1 0 3 
10 2 12 0 1 7 15 17 12 11 6 4 2 1 0 5 6 2 0 1 2 1 0 2 1 0 1 2 10 70 78 46 23 13 19 11 39 20 41 41 30 1 10 13 9 15 12 4 3 48 23 40 29 25 25 14 27 45 0 39 15 8 21 19 3 32 29 82 56 78 133 164 49 52 15 29 5 17 68 10 18 6 10 3 15 11 5 14 5 0 0 5 3 2 1 5 0 1 0 0 2 4 
8 13 11 2 7 25 25 24 18 9 3 8 10 0 0 3 1 0 0 0 0 0 0 0 0 0 0 4 4 85 53 74 43 39 35 24 36 18 57 26 27 8 15 22 39 23 17 12 23 66 22 18 48 40 5 11 36 70 0 77 39 10 26 72 51 20 16 92 55 139 191 204 65 71 16 19 7 19 126 11 17 7 15 20 9 20 8 41 9 0 0 17 2 0 2 1 1 2 2 0 1 2 
3 5 8 1 2 1 4 4 5 2 5 9 2 0 0 2 0 0 0 0 0 0 0 0 0 0 0 0 1 23 6 16 12 27 8 8 20 5 18 10 1 1 4 3 4 9 2 4 5 14 3 9 16 29 2 1 8 3 0 18 13 2 14 30 55 21 1 23 42 31 74 85 37 14 5 4 0 9 17 7 7 1 6 3 2 7 2 7 1 0 0 10 2 0 0 0 0 0 0 0 0 0 
6 2 9 0 5 7 11 11 12 4 1 18 3 0 1 2 1 0 0 0 0 0 0 0 0 0 0 0 1 19 14 17 16 20 15 6 10 6 19 1 4 1 9 5 9 9 3 13 4 15 14 6 26 27 5 4 15 16 0 39 25 9 8 23 70 37 6 0 19 36 89 139 27 33 18 5 2 6 35 6 12 3 7 2 2 5 1 13 3 0 0 0 0 0 0 1 0 0 0 0 0 0 
2 5 2 1 1 5 8 6 4 2 2 2 2 0 0 4 1 0 0 0 0 0 0 0 0 0 0 0 0 30 8 18 8 15 5 5 7 3 13 5 6 1 1 1 1 6 3 6 5 5 2 2 6 8 2 0 7 4 0 8 14 11 1 11 21 40 19 13 3 15 61 63 8 11 3 2 0 3 23 2 2 3 5 2 1 4 5 5 2 0 0 1 0 0 0 0 0 0 0 0 0 1 
0 2 0 0 0 1 10 2 2 2 3 1 0 0 0 1 0 0 0 0 0 1 0 0 0 0 0 0 0 18 9 17 12 24 24 12 6 7 10 3 3 0 4 1 3 3 1 1 1 13 12 5 12 12 10 2 16 13 0 17 12 4 7 35 58 52 25 31 7 2 41 111 18 50 3 3 2 7 49 5 8 3 3 5 3 1 0 7 1 0 0 2 0 1 0 1 0 0 1 0 0 0 
4 1 5 0 1 7 5 11 3 0 1 5 1 0 2 3 0 1 0 0 0 0 0 0 0 0 0 0 2 7 8 5 18 6 11 7 15 11 19 9 4 0 2 0 3 8 3 6 2 17 7 1 16 9 9 1 3 7 0 19 10 5 3 15 19 60 22 33 24 19 2 47 20 29 2 4 2 3 26 14 7 2 1 9 2 2 0 12 2 0 0 3 1 0 0 2 0 1 2 0 0 2 
2 3 5 0 0 3 1 7 3 5 0 3 9 1 0 5 1 1 1 0 0 0 0 0 0 0 0 0 1 8 1 7 15 21 26 14 15 12 15 6 4 1 0 13 4 5 6 3 4 20 4 5 18 15 8 1 2 8 0 16 7 8 5 23 42 50 19 39 38 52 69 5 26 49 3 10 1 6 39 7 7 2 2 5 1 4 2 14 3 0 0 1 1 0 1 0 0 1 0 0 0 1 
2 4 4 1 2 5 8 5 10 9 1 2 6 1 0 4 0 1 0 0 0 0 0 1 0 0 0 0 4 5 9 12 17 17 12 4 9 19 32 21 7 2 4 5 8 9 2 9 5 20 18 9 11 14 8 7 11 15 0 16 3 0 9 20 64 81 23 38 6 62 70 86 2 29 1 5 0 6 48 8 17 2 14 13 9 0 1 20 0 0 0 0 0 0 1 1 1 3 0 0 0 2 
6 3 4 2 2 6 21 20 14 11 7 7 6 2 1 6 9 1 0 0 1 0 0 2 1 0 0 0 0 2 1 2 21 16 15 12 19 13 27 8 9 1 9 15 6 14 9 10 10 22 17 8 31 21 12 4 8 12 0 34 9 4 18 25 49 83 24 84 35 134 104 142 14 5 12 12 4 17 79 4 18 9 54 9 2 10 8 49 0 0 0 11 0 2 1 1 0 4 1 2 0 3 
0 4 1 0 1 3 4 1 1 4 2 11 4 3 5 8 0 5 1 2 1 2 3 7 1 0 0 4 0 8 6 4 9 7 8 0 3 2 10 3 0 2 12 7 5 17 7 3 6 37 5 9 14 8 1 11 24 20 0 10 4 1 0 17 17 16 3 5 1 6 1 0 5 8 4 7 8 24 166 29 16 11 14 75 13 23 5 53 10 0 0 6 5 11 3 2 0 16 16 3 4 12 
1 0 2 0 4 3 6 5 3 15 7 3 8 5 3 24 13 4 2 7 1 7 1 3 3 0 1 0 1 16 5 3 6 3 0 4 1 0 7 3 9 0 7 7 11 5 8 1 4 39 14 5 10 10 16 3 14 36 0 38 7 1 0 7 13 25 0 3 6 14 17 3 2 5 15 8 12 52 148 55 38 23 33 63 31 21 10 60 5 0 0 6 2 8 3 4 10 13 3 4 1 13 
1 0 0 0 0 1 0 0 0 6 1 1 0 1 1 4 0 2 0 1 0 0 0 0 1 0 0 1 0 3 0 7 2 2 0 0 1 1 0 1 0 0 2 2 2 0 2 1 0 5 1 1 3 2 0 2 4 4 0 5 0 0 2 1 2 4 11 2 0 2 0 1 0 3 23 39 2 14 48 5 5 2 6 13 8 2 0 18 4 0 0 4 0 0 1 3 0 0 0 0 0 1 
0 4 2 0 1 2 0 1 0 3 1 0 2 5 1 5 4 6 1 1 1 1 0 1 2 0 0 6 0 10 1 3 16 2 4 1 4 0 2 4 2 0 5 7 5 3 10 7 1 19 14 9 17 6 5 2 16 12 0 7 3 3 1 13 8 5 3 6 1 1 4 4 9 7 26 122 25 5 88 26 18 9 23 47 24 14 5 39 9 0 0 7 1 8 3 5 3 4 13 1 0 4 
14 27 17 8 4 16 21 31 11 14 7 24 12 31 20 58 31 20 12 7 10 5 5 24 11 1 5 28 14 52 13 28 50 18 34 10 13 6 51 13 8 3 12 51 22 25 19 16 16 103 143 96 182 103 93 34 54 115 0 78 38 9 12 48 40 79 18 50 18 51 39 44 15 56 307 251 92 83 31 84 110 41 106 234 94 56 38 145 26 0 0 40 10 32 28 11 1 17 19 6 2 27 
3 7 5 2 0 4 3 2 1 2 1 11 1 3 5 4 9 5 4 4 1 0 2 3 0 6 0 5 0 2 8 6 7 4 5 2 4 1 11 7 7 2 15 28 7 12 6 5 14 28 17 3 11 14 4 2 5 23 0 10 9 0 0 25 16 28 3 9 2 5 9 10 8 4 65 127 18 100 126 2 37 14 67 221 170 49 23 69 17 0 0 26 6 16 23 17 9 15 10 2 5 21 
0 4 0 0 0 0 2 1 2 2 1 0 1 0 0 1 1 5 3 1 0 2 1 2 0 0 0 2 2 9 3 3 9 2 1 1 1 2 5 6 13 18 22 32 11 15 6 4 8 26 5 7 11 8 22 2 8 12 0 10 2 2 0 8 12 7 3 4 3 10 17 9 3 4 40 26 19 27 105 14 0 6 19 111 62 32 7 45 27 0 0 23 3 4 8 15 0 11 4 2 1 30 
3 5 2 1 0 0 1 3 3 3 0 0 0 1 1 1 3 1 2 1 0 0 5 2 0 0 0 1 1 11 1 4 8 3 0 2 5 2 4 16 8 3 47 39 23 23 11 16 15 91 7 7 7 2 5 1 2 11 0 5 1 0 2 6 2 4 11 18 4 3 3 3 2 6 39 52 2 53 99 56 46 5 16 99 67 50 25 80 13 0 0 65 15 30 23 20 9 20 29 6 0 32 
0 5 2 2 0 1 6 0 1 2 0 0 0 0 0 0 0 0 0 0 0 0 3 1 0 0 0 2 0 0 2 3 9 0 0 0 1 0 4 10 3 1 16 23 6 18 11 12 5 54 7 6 7 4 4 2 4 8 0 3 0 1 6 2 5 6 1 1 1 1 8 3 4 5 20 16 7 16 67 38 20 1 3 90 55 24 9 62 26 0 0 29 10 25 21 13 2 18 8 3 0 20 
4 10 3 1 1 12 12 0 4 3 0 1 0 0 1 0 2 0 0 0 4 2 1 3 0 0 1 4 2 11 3 16 11 0 3 1 4 7 22 20 14 7 59 75 36 48 48 29 40 136 33 24 75 41 11 7 50 82 0 37 2 1 6 7 7 13 1 10 4 5 14 8 4 8 128 80 24 126 343 232 202 71 304 15 203 130 56 207 42 0 0 75 20 42 39 50 10 39 48 4 0 42 
1 0 0 0 2 3 3 1 1 2 0 1 0 0 0 1 1 1 0 0 0 0 0 1 1 0 0 1 0 1 1 4 0 1 0 0 0 0 7 9 9 4 44 35 7 32 10 20 10 68 3 9 12 20 2 0 11 35 0 6 0 0 0 0 5 0 0 3 1 0 2 6 2 1 20 30 12 71 129 130 144 40 102 175 3 67 21 74 29 0 0 39 10 16 17 12 4 29 7 4 5 16 
3 11 5 1 2 3 6 4 3 2 2 1 5 0 1 1 7 2 3 1 1 2 0 6 2 0 1 8 2 28 5 22 25 9 11 8 21 22 47 14 12 19 84 131 37 77 46 45 53 148 11 16 25 9 2 5 8 23 0 13 7 1 1 3 7 6 1 9 1 2 5 6 3 1 36 34 5 21 61 41 44 30 58 114 100 7 24 75 66 0 0 144 33 64 55 54 10 57 23 8 12 54 
6 9 1 0 1 4 2 1 3 1 0 1 2 0 1 2 10 9 0 1 0 3 0 3 8 0 2 3 0 15 6 19 19 6 10 7 5 23 43 29 20 6 42 87 29 47 31 43 10 89 4 11 16 6 8 2 7 5 0 6 4 2 0 1 8 3 1 3 0 1 6 12 2 0 9 8 4 12 46 17 43 15 41 81 69 30 9 49 42 0 0 75 17 57 29 33 13 36 43 3 4 34 
13 18 14 1 9 8 11 7 3 12 1 10 5 1 2 12 14 10 7 3 8 6 8 26 24 1 1 46 3 78 17 40 136 21 26 16 38 38 134 46 14 14 70 138 54 139 99 103 89 531 32 16 35 6 2 5 14 30 0 18 4 3 3 10 13 16 3 3 3 5 6 10 12 3 70 30 9 45 119 57 48 37 73 159 102 64 50 23 32 0 0 165 39 85 82 97 20 96 95 12 11 212 
4 6 2 0 0 0 4 2 4 2 0 1 1 0 1 1 9 12 0 2 1 1 1 7 2 0 0 4 5 42 10 9 38 14 10 9 22 21 43 49 29 19 62 65 12 30 20 37 43 100 8 6 10 4 1 1 9 4 0 7 1 1 1 1 4 3 0 3 0 3 2 1 3 0 17 14 0 15 49 17 16 9 25 44 21 85 48 50 7 0 0 100 28 66 38 64 5 22 28 4 3 43 
0 0 0 0 0 0 0 0 0 0 0 0 0 0 0 0 0 0 0 0 0 0 0 0 0 0 0 0 0 0 0 0 0 0 0 0 0 0 0 0 0 0 0 0 0 0 0 0 0 0 0 0 0 0 0 0 0 0 0 0 0 0 0 0 0 0 0 0 0 0 0 0 0 0 0 0 0 0 0 0 0 0 0 0 0 0 0 0 1 0 0 0 0 0 0 0 0 0 0 0 0 0 
0 0 0 0 0 0 0 0 0 0 0 0 0 0 0 0 0 0 0 0 0 0 0 0 0 0 0 0 0 0 0 0 0 0 0 0 0 0 0 0 0 0 0 0 0 0 0 0 0 0 0 0 0 0 0 0 0 0 0 0 0 0 0 0 0 0 0 0 0 0 0 0 0 0 0 0 0 0 0 0 0 0 0 0 0 0 0 0 0 0 0 0 0 0 0 0 0 0 0 0 0 0 
9 13 8 0 2 20 7 18 11 9 5 8 20 7 13 22 38 7 21 6 14 4 4 23 1 0 5 10 6 85 25 77 75 49 57 25 96 122 242 122 70 18 78 223 102 173 107 154 150 577 21 19 23 27 17 4 9 27 0 14 3 1 6 6 13 14 2 10 2 2 11 7 3 2 41 16 5 26 84 42 55 61 61 140 102 178 118 343 161 0 0 23 90 204 71 359 38 167 89 27 29 222 
1 6 6 0 0 0 2 5 2 4 2 1 2 1 0 3 10 2 0 0 0 0 1 1 1 0 0 1 0 16 5 14 16 6 12 8 20 10 29 22 10 7 20 93 29 47 24 27 26 85 6 6 4 5 2 1 6 4 0 0 0 0 0 0 3 6 0 0 0 0 0 1 0 2 4 7 0 12 24 15 15 9 17 32 16 46 16 103 40 0 0 72 6 10 10 43 11 32 28 18 20 26 
3 1 2 4 1 0 3 1 0 0 0 3 2 3 3 1 3 0 0 0 0 0 0 0 0 0 0 4 1 15 15 26 23 15 14 6 33 22 32 19 7 10 46 87 45 57 48 51 53 105 9 9 8 8 1 2 25 10 0 3 0 2 2 2 2 0 0 0 1 0 0 0 0 2 8 8 12 11 38 41 18 17 15 57 34 60 73 145 89 0 0 96 9 7 9 44 9 42 11 16 4 77 
1 3 2 0 1 2 3 1 2 2 2 1 4 0 0 2 2 2 0 0 1 0 1 4 0 0 0 3 2 24 3 9 14 11 15 7 13 16 37 19 29 8 41 78 30 60 27 50 47 140 13 3 9 1 7 3 2 10 0 4 0 0 2 3 1 0 0 0 0 0 0 2 0 0 20 1 1 10 26 16 11 17 8 45 18 58 38 111 43 0 0 42 15 2 2 15 8 30 22 15 8 69 
0 2 1 0 0 0 4 2 1 4 1 2 7 1 0 0 1 0 0 0 1 0 1 2 1 0 0 6 4 7 0 9 14 9 5 11 23 16 33 31 12 10 84 90 46 52 14 23 21 74 8 5 4 2 0 2 0 6 0 4 0 0 0 3 2 0 0 0 0 0 1 1 0 2 6 0 1 11 27 6 12 7 10 44 24 24 32 129 41 0 0 124 25 30 19 4 11 54 15 10 9 80 
0 0 0 0 1 0 0 0 0 0 0 0 0 0 0 0 0 1 0 0 0 0 0 1 0 0 0 0 0 2 0 1 2 0 0 0 1 2 5 1 1 1 6 14 3 13 7 3 5 14 3 0 1 0 0 0 0 0 0 1 0 0 0 0 1 0 0 0 0 0 0 0 0 0 3 0 0 1 2 2 11 1 2 7 7 3 2 31 4 0 0 20 1 3 0 2 3 4 1 1 0 8 
0 2 0 0 0 0 0 1 5 1 1 0 5 0 1 0 1 0 0 1 0 0 0 0 1 0 0 1 1 7 1 3 5 1 5 6 8 5 19 0 5 5 31 41 10 40 12 15 22 58 5 5 7 0 0 0 0 4 0 1 1 0 1 1 0 0 0 0 0 0 1 1 0 1 5 5 1 4 12 4 9 15 18 35 22 25 13 77 6 0 0 67 10 16 6 22 0 3 3 5 0 31 
1 6 1 0 2 1 5 1 1 8 1 4 1 7 1 1 2 3 2 1 0 0 0 4 1 0 0 6 2 17 5 8 11 2 4 11 17 16 44 6 10 1 43 51 28 41 28 24 48 115 10 1 12 6 0 0 2 7 0 4 0 0 0 1 0 0 0 0 0 0 0 0 1 2 27 11 2 16 30 10 15 20 14 58 19 27 15 146 33 0 0 68 14 22 4 20 2 9 4 4 2 45 
0 0 0 0 1 1 0 1 0 0 3 0 0 0 0 0 0 0 0 0 0 0 0 0 0 0 0 0 0 0 0 2 0 0 2 0 4 3 7 0 0 1 9 13 5 0 1 4 7 16 0 0 0 1 0 0 1 2 0 1 0 0 0 0 0 0 0 0 0 0 0 0 0 0 3 0 0 2 3 1 5 0 2 6 1 6 0 16 6 0 0 10 5 3 4 5 0 0 1 0 0 7 
0 0 0 0 0 0 0 0 0 1 1 0 2 0 0 0 0 0 0 0 0 0 0 0 0 0 0 0 0 4 0 4 2 7 1 0 14 1 5 2 13 4 26 23 4 16 5 12 7 22 2 2 4 8 0 0 0 0 0 2 5 0 0 0 0 0 0 0 0 0 0 0 0 0 0 5 1 5 10 2 4 0 2 13 14 57 32 33 28 0 0 50 26 58 37 35 5 14 6 4 0 7 
16 8 6 0 1 12 6 5 1 2 0 3 7 3 6 4 7 2 3 0 2 2 0 5 1 0 0 8 2 25 13 20 48 17 17 14 28 38 81 38 19 7 63 98 49 90 80 49 43 211 20 16 34 7 2 1 10 8 0 12 4 0 1 2 2 3 3 2 0 0 1 3 1 1 26 22 0 20 38 18 24 21 27 64 36 52 31 268 71 0 0 106 23 57 41 81 16 47 25 12 1 8 
