10 9 7 5 14 34 33 11 51 44 20 94 79 99 98 36 48 30 27 12 4 17 8 69 9 0 0 51 2 7 3 3 26 1 3 5 17 7 24 26 16 16 33 18 26 19 15 7 7 49 13 2 1 1 4 0 1 16 0 0 0 0 0 0 11 26 9 5 5 0 10 3 4 4 0 6 0 7 9 6 2 6 1 4 0 7 7 38 7 0 0 6 4 5 1 4 0 2 6 0 0 13 
7 6 9 1 10 64 37 4 78 58 32 78 149 149 64 74 20 32 33 45 6 5 6 45 16 5 0 24 4 2 2 0 20 5 4 1 5 0 11 28 45 0 23 10 37 32 21 4 11 67 11 16 8 5 5 2 3 11 0 1 1 0 0 0 13 10 8 8 1 2 3 0 3 5 0 0 1 0 9 0 1 2 8 5 1 10 5 28 5 0 0 10 6 7 4 1 0 0 0 1 0 19 
18 14 6 11 14 39 29 14 207 85 36 56 172 125 95 28 28 26 35 41 17 14 17 38 11 6 0 34 6 1 0 3 18 3 2 0 1 1 18 17 18 0 29 11 19 14 18 10 6 91 11 6 6 12 1 2 2 2 0 1 1 0 1 6 8 23 8 3 1 7 6 0 4 0 1 4 2 4 6 0 3 0 0 4 0 5 5 37 5 0 0 13 6 7 1 0 1 1 8 1 2 16 
8 7 15 3 7 33 18 4 42 18 21 5 14 50 12 3 3 1 15 9 0 4 1 2 2 0 1 4 1 1 3 0 2 1 2 0 3 4 1 0 3 2 6 0 8 4 1 0 4 7 1 0 4 0 0 0 0 4 0 0 0 0 0 1 1 1 0 0 0 0 0 0 2 2 0 0 0 0 14 0 0 1 1 0 0 1 0 2 2 0 0 1 4 0 0 0 1 0 3 0 0 3 
17 5 6 3 1 16 14 6 25 52 9 19 38 80 9 10 10 14 8 8 6 1 1 13 6 5 4 24 0 1 0 5 1 1 0 1 0 0 2 8 2 0 8 5 4 5 5 1 3 23 0 0 4 0 0 1 0 1 0 0 0 0 0 1 1 3 0 0 0 0 0 2 3 22 3 0 0 0 4 0 0 0 0 0 0 1 0 9 0 0 0 2 2 0 2 4 0 0 4 0 0 6 
44 97 25 4 14 14 31 6 116 129 23 70 252 215 56 60 44 25 40 40 9 25 11 56 22 2 2 28 14 4 0 2 5 0 2 1 2 7 17 19 14 11 24 10 28 15 13 16 2 61 17 4 10 10 5 1 2 14 0 2 0 5 0 3 14 8 4 12 8 9 3 8 7 19 0 0 2 1 1 1 1 0 0 2 0 3 1 12 8 0 0 17 0 3 2 0 0 0 1 0 0 10 
20 26 17 4 1 5 2 1 77 99 14 32 197 74 54 26 15 8 15 6 5 10 13 12 16 0 1 15 3 5 1 7 18 7 4 3 0 0 4 3 4 5 20 11 3 4 15 0 5 56 9 3 7 0 0 0 7 3 0 2 0 1 1 7 6 5 9 8 4 0 2 0 4 21 0 1 0 1 13 0 0 0 0 2 0 4 1 7 1 0 0 5 0 16 1 4 0 0 0 0 0 5 
24 34 13 3 1 33 3 4 6 42 12 23 197 90 28 47 18 19 66 21 14 16 7 38 13 3 0 19 0 0 1 11 4 1 0 1 1 1 13 1 6 5 18 3 9 10 12 2 8 32 11 6 8 0 1 2 1 9 0 0 0 1 0 14 13 11 2 10 1 0 5 2 8 51 2 5 0 0 1 0 0 2 0 0 1 0 0 17 1 0 0 0 1 1 0 1 0 0 0 0 0 9 
36 39 37 10 3 17 14 5 8 12 11 29 123 50 14 56 20 13 44 5 18 20 5 25 13 3 2 18 6 0 0 0 7 0 1 2 2 3 9 13 11 0 10 2 5 3 13 3 3 42 9 2 5 2 0 0 0 1 0 1 0 0 1 10 2 9 0 7 0 0 1 1 0 28 3 0 0 0 2 0 0 0 0 0 1 1 3 4 0 0 0 7 3 0 1 0 0 1 0 0 0 2 
40 38 6 0 4 32 5 3 53 2 0 10 35 59 10 23 8 28 20 13 9 13 1 44 19 2 0 29 3 2 0 0 2 0 0 0 0 3 1 7 2 0 5 0 4 10 7 1 2 28 3 3 2 3 2 3 0 0 0 0 0 0 0 0 0 5 1 3 0 0 0 2 1 25 0 0 0 6 3 0 0 1 1 0 0 0 3 5 0 0 0 1 0 0 0 0 0 0 1 1 0 3 
37 60 7 3 8 53 5 4 36 16 1 5 50 15 11 10 15 8 34 3 1 1 2 28 3 0 0 16 1 2 0 0 3 0 0 0 1 1 13 4 3 6 5 1 14 4 10 3 3 51 9 2 2 0 0 0 0 0 0 0 0 0 2 0 0 0 0 0 0 0 0 2 0 14 2 3 0 1 1 0 0 0 0 0 0 0 0 0 0 0 0 9 1 1 1 0 0 0 0 0 0 3 
47 71 46 17 20 55 13 21 86 35 17 1 12 20 23 31 9 14 24 21 9 15 6 46 29 6 0 65 1 14 3 0 14 1 0 0 1 4 5 6 6 0 6 2 2 14 7 1 0 42 7 1 0 9 1 2 1 1 0 0 1 1 1 4 2 9 0 2 0 0 3 0 0 6 5 1 0 0 2 0 0 0 0 0 0 0 0 3 0 0 0 1 1 0 0 0 0 0 1 0 1 8 
26 38 24 3 13 85 39 20 125 76 21 16 3 5 5 24 23 19 30 29 17 31 5 38 47 2 0 99 2 2 7 6 21 2 2 0 0 1 5 9 13 9 7 3 19 7 10 8 9 66 7 1 3 4 0 2 0 0 0 0 1 1 0 0 2 0 0 0 1 0 1 2 1 7 2 1 0 0 14 1 0 0 0 0 0 0 0 7 1 0 0 0 0 0 0 3 0 0 0 0 1 15 
37 44 52 12 4 97 13 8 69 87 4 11 26 2 4 10 18 13 26 19 26 12 7 36 35 6 1 110 2 3 0 1 11 0 0 1 0 0 1 13 33 1 3 1 1 0 12 0 0 22 5 4 35 6 2 0 0 3 0 9 0 0 0 0 0 0 0 0 0 0 0 0 0 0 2 1 1 1 0 0 0 0 0 0 0 0 0 2 0 0 0 0 0 1 0 0 0 0 1 0 0 1 
44 39 47 5 9 53 20 30 82 87 13 4 54 6 2 1 15 14 54 26 12 17 7 70 39 15 3 96 3 1 11 1 8 1 1 1 0 2 1 0 6 1 10 3 1 4 6 1 0 13 11 0 10 2 0 2 1 14 0 3 1 1 0 0 0 0 0 0 0 0 0 0 0 4 0 14 0 1 2 1 0 0 0 0 0 0 0 3 0 0 0 0 0 0 0 0 0 0 0 0 0 10 
59 43 43 3 13 24 18 20 35 28 2 13 21 14 12 0 11 10 61 9 20 10 27 51 35 2 1 56 4 5 3 22 25 2 4 9 5 2 1 6 3 1 11 1 2 6 7 2 3 33 20 2 11 4 1 0 3 2 0 2 0 0 0 1 0 0 0 0 0 0 1 0 0 7 16 4 0 0 25 0 0 0 1 0 0 2 0 11 1 0 0 1 4 1 1 1 0 0 2 0 0 5 
41 54 15 5 4 28 14 14 26 46 4 54 37 42 14 30 1 19 52 30 28 43 11 100 32 5 4 52 2 33 20 22 45 9 8 5 25 14 9 17 16 2 23 11 15 20 31 1 17 122 14 1 38 4 1 1 3 4 0 4 0 0 0 0 0 0 0 0 0 0 0 0 1 9 2 1 0 12 9 2 1 0 0 0 0 3 6 28 3 0 0 9 0 4 2 8 0 0 4 0 0 14 
21 35 26 0 11 28 7 8 13 11 7 16 40 5 20 21 4 2 32 22 14 12 2 35 31 7 0 62 2 27 3 2 53 3 21 2 4 4 7 21 17 5 4 21 14 16 35 13 4 74 21 6 10 4 0 0 2 2 0 5 1 3 0 0 0 0 0 0 1 0 0 0 0 0 4 4 0 0 7 0 0 0 0 0 0 8 2 31 2 0 0 3 0 0 0 0 0 0 0 0 0 7 
37 53 33 1 13 44 14 11 18 28 3 15 12 27 12 22 6 8 0 2 8 5 3 52 19 3 0 49 2 10 3 3 14 0 1 1 2 1 3 0 0 0 3 3 9 5 8 0 2 54 9 1 1 2 1 0 1 1 0 7 0 3 0 0 0 0 0 0 0 0 0 0 0 0 1 1 1 1 2 0 1 0 0 0 0 2 0 2 0 0 0 0 0 0 0 0 0 0 0 0 0 2 
32 39 19 5 10 24 12 20 16 18 11 38 41 64 29 77 35 92 66 3 1 9 6 56 9 5 1 85 9 11 2 15 16 3 10 1 8 10 10 14 21 7 11 7 7 9 9 7 9 66 5 6 8 5 0 4 3 5 0 1 0 0 2 0 0 0 0 0 0 0 0 0 1 0 6 0 0 5 21 1 0 0 0 0 0 9 4 14 11 0 0 1 0 0 0 0 0 0 0 0 0 3 
18 39 21 4 12 12 5 13 10 10 10 48 49 68 50 80 84 94 128 9 6 4 2 18 10 1 5 55 1 3 2 1 9 1 12 1 31 2 17 17 23 1 7 5 6 8 1 3 9 24 1 0 0 0 0 2 0 0 0 13 0 0 0 0 0 0 0 0 0 0 1 0 0 0 3 0 0 0 0 0 0 0 0 0 0 7 0 12 3 0 0 1 0 0 0 0 0 0 0 0 0 0 
32 35 37 6 21 28 25 11 5 30 17 25 40 62 32 64 60 94 84 8 12 7 6 35 4 7 1 90 3 24 4 3 23 1 11 11 13 9 7 11 6 1 4 4 13 10 4 8 6 65 8 1 4 0 0 0 2 4 0 0 1 0 0 0 0 1 0 0 0 0 0 0 0 0 1 1 0 4 5 0 0 0 0 0 0 0 0 9 0 0 0 0 0 0 0 0 0 0 0 0 0 0 
26 15 7 8 18 10 11 19 15 29 32 36 53 74 80 127 99 191 150 71 14 40 3 13 8 6 0 96 4 18 0 5 13 2 3 13 17 7 15 2 6 9 8 1 13 8 15 4 14 61 11 2 7 2 2 4 5 8 0 0 2 0 0 1 0 0 0 0 0 0 0 0 0 0 2 5 1 5 4 0 0 0 0 0 1 1 5 4 0 0 0 1 0 1 0 0 0 0 0 0 0 1 
34 54 26 5 10 35 19 28 27 46 28 65 101 150 58 153 184 243 238 94 12 43 3 5 4 20 7 120 4 4 9 7 47 3 5 10 45 4 28 23 12 1 9 5 20 28 19 8 7 154 19 19 15 9 3 3 2 5 0 2 1 0 2 1 0 0 0 0 0 0 0 1 0 0 5 5 0 1 24 2 1 8 0 0 1 6 0 20 0 0 0 3 0 1 0 0 2 2 1 0 0 1 
41 35 29 10 6 36 23 31 28 35 28 52 100 88 66 110 55 66 69 54 13 18 13 2 0 0 6 65 0 17 5 16 58 10 12 3 19 12 16 26 17 1 16 20 34 33 12 10 10 89 20 3 13 15 3 1 9 15 0 0 1 0 1 1 2 1 0 0 0 0 0 0 0 0 3 11 1 5 21 4 0 2 0 4 0 7 6 43 10 0 0 1 2 1 1 0 0 0 0 0 0 5 
2 6 0 0 1 0 2 0 1 4 0 0 3 11 5 9 3 3 27 39 14 24 3 100 14 0 0 19 0 0 0 1 6 1 0 12 0 0 3 0 1 0 0 0 4 0 1 0 0 4 0 0 0 0 0 2 0 1 0 0 2 0 0 0 0 0 0 0 0 0 0 0 0 0 0 0 0 0 1 0 0 0 0 0 0 0 0 0 0 0 0 0 0 0 0 0 0 0 0 0 0 0 
0 2 3 0 6 1 1 6 25 20 1 9 7 19 20 23 26 19 37 71 12 55 24 175 51 3 0 127 0 2 0 2 7 0 10 1 2 1 11 4 4 0 0 4 5 4 3 0 2 23 3 2 4 0 1 0 4 3 0 0 1 0 0 0 0 0 0 0 0 0 0 0 0 0 0 0 0 0 1 3 0 0 0 0 0 0 0 3 9 0 0 3 6 0 1 1 0 0 0 0 0 0 
65 56 40 9 15 53 14 29 37 58 53 71 105 219 203 169 106 115 84 122 51 92 116 159 108 27 13 5 5 1 0 16 39 4 11 6 49 27 43 31 49 4 37 37 84 34 31 10 17 131 30 6 10 9 21 11 4 5 0 0 2 2 0 0 0 0 0 0 0 0 0 0 0 0 8 8 0 3 34 5 1 3 2 4 4 35 2 46 14 0 0 13 3 2 0 0 0 0 1 0 1 8 
5 2 3 1 4 1 1 0 1 3 1 1 3 2 2 0 2 0 2 0 0 0 1 0 0 0 0 1 1 0 0 0 0 0 0 0 0 0 0 0 0 0 3 2 1 1 0 0 0 3 0 0 0 0 0 0 0 0 0 0 0 0 0 0 0 0 0 0 0 2 2 0 0 0 0 0 0 0 0 0 0 0 1 0 0 0 0 1 0 0 0 0 0 0 0 0 0 0 1 0 0 1 
1 13 2 0 1 6 5 5 4 2 5 10 7 4 13 25 31 33 20 9 7 6 10 19 17 2 0 4 2 18 46 128 384 109 367 337 599 171 175 149 131 12 116 64 157 80 103 29 53 444 58 8 34 19 7 8 6 5 0 14 4 8 10 17 32 51 20 18 6 4 0 3 4 0 10 11 1 13 19 7 5 5 2 2 5 33 2 104 23 0 0 45 15 16 3 6 6 10 4 0 2 59 
0 1 0 0 0 2 2 1 0 1 2 2 0 0 2 9 6 16 20 10 1 2 0 10 0 0 0 1 0 10 2 58 104 7 107 75 174 37 48 38 21 3 69 8 31 16 17 6 21 85 16 8 1 3 0 0 0 2 0 1 1 1 0 37 26 14 2 5 3 14 0 4 1 0 1 2 0 1 4 0 1 0 0 0 1 3 3 26 1 0 0 10 3 13 0 3 0 0 1 0 0 23 
4 4 0 0 0 2 1 1 5 0 4 3 20 1 2 16 38 12 4 10 2 1 1 5 3 0 0 6 0 80 49 6 84 25 155 106 260 215 111 41 66 13 79 41 89 61 49 16 39 267 11 12 12 1 5 6 3 9 0 8 0 1 1 1 3 29 6 2 6 7 2 0 0 0 2 1 1 1 9 2 3 2 1 0 2 17 2 57 16 0 0 18 8 0 16 10 0 1 4 4 2 25 
7 1 1 0 0 2 1 3 1 2 0 0 1 0 2 7 8 5 4 5 1 0 1 19 8 1 0 5 0 99 43 24 3 2 20 17 61 49 54 44 58 4 35 28 39 38 48 19 23 247 25 2 13 4 1 2 2 4 0 2 0 2 0 2 2 1 3 4 3 1 3 2 4 3 1 5 2 2 15 5 3 2 1 3 1 4 1 67 7 0 0 20 7 4 3 8 1 3 1 0 0 38 
6 1 3 0 0 1 0 0 2 0 0 0 3 1 0 0 8 10 29 1 0 0 0 10 4 0 0 8 0 55 9 23 26 1 5 1 55 53 28 34 25 1 60 12 41 26 44 17 9 141 18 4 23 6 2 5 1 8 0 1 0 4 0 0 2 8 2 2 0 5 5 3 4 6 5 4 0 0 8 0 1 1 0 0 0 4 8 15 13 0 0 15 11 7 6 2 1 0 0 0 4 24 
1 1 0 0 0 0 0 0 0 0 0 0 4 0 0 1 6 0 19 1 1 3 9 12 1 0 0 7 1 62 3 31 78 3 6 15 58 46 27 18 15 1 27 13 23 23 17 5 20 94 10 8 1 0 0 0 0 0 0 0 0 0 1 1 0 1 0 0 1 2 1 3 3 3 0 0 1 0 11 1 0 0 0 0 0 3 1 14 3 0 0 6 2 8 0 3 2 1 10 0 3 18 
1 5 0 0 1 0 0 0 0 0 0 0 1 1 0 3 2 5 10 14 4 2 2 9 3 0 0 3 0 96 21 18 92 14 2 3 125 41 28 33 33 1 19 17 13 18 32 1 25 103 4 8 3 6 0 0 0 7 0 0 0 6 0 1 2 4 2 2 3 0 1 1 2 8 1 0 0 0 3 0 0 0 0 0 0 0 0 13 4 0 0 11 3 10 3 4 0 0 3 2 0 28 
1 0 2 0 0 0 0 0 0 0 0 0 0 0 0 1 2 2 8 3 0 0 0 4 1 0 0 3 0 135 26 57 92 2 12 23 5 6 29 38 54 7 50 14 30 26 69 22 17 210 0 1 1 3 0 1 0 0 0 0 0 0 0 1 0 6 1 0 0 6 3 3 0 8 0 0 0 0 1 0 0 0 0 1 0 5 3 17 1 0 0 16 8 0 1 2 0 1 0 4 0 24 
6 7 0 1 3 0 0 0 0 0 0 2 1 1 0 1 1 0 0 20 1 1 1 5 2 0 0 7 0 78 9 95 93 16 14 56 28 5 29 44 50 2 70 61 40 54 60 12 24 245 3 1 0 1 0 0 1 0 0 0 0 4 0 1 0 0 0 0 0 0 4 0 0 5 1 3 0 1 0 1 0 0 0 1 1 6 4 32 9 0 0 14 5 2 5 2 4 4 11 0 0 43 
13 9 9 1 4 4 3 2 15 7 0 12 2 4 1 2 2 9 4 23 8 3 2 20 7 0 0 22 1 107 10 98 140 11 20 97 82 15 7 83 67 5 50 36 48 39 55 8 18 311 7 3 15 2 1 2 4 1 0 12 0 2 1 0 2 1 2 0 0 1 8 0 8 10 10 2 0 3 15 1 0 0 0 1 2 15 7 66 6 0 0 30 9 4 1 2 0 3 2 0 0 55 
33 37 23 8 17 10 19 10 16 12 8 35 11 5 3 4 4 18 42 27 5 4 1 44 15 2 0 55 0 189 31 107 259 50 65 47 174 123 76 1 16 5 54 117 82 86 166 10 84 319 30 9 10 21 1 0 1 1 0 0 2 3 1 5 16 7 3 6 2 2 6 0 9 10 6 7 0 3 4 0 2 11 0 6 2 0 19 24 15 0 0 21 11 2 3 1 0 0 1 0 4 43 
35 17 21 2 8 7 13 11 9 9 5 21 5 9 5 15 9 21 4 3 3 5 12 28 10 4 2 38 4 120 11 131 150 30 32 42 101 76 48 10 5 7 32 24 14 41 46 12 30 230 6 0 5 1 1 1 0 4 0 0 0 1 0 8 19 8 0 0 0 0 1 0 5 12 2 0 0 14 3 0 5 8 0 0 0 4 16 9 5 0 0 3 0 0 1 6 0 2 6 1 0 41 
0 0 2 0 0 1 0 4 0 1 1 3 0 0 11 1 1 2 0 3 1 0 0 6 1 0 0 5 0 22 4 40 39 7 27 7 49 21 16 10 14 1 16 38 22 17 13 4 8 40 2 1 1 1 0 0 3 1 0 0 0 0 2 1 3 2 0 2 0 0 0 0 0 7 6 0 0 0 0 17 5 10 1 11 2 7 7 9 7 0 0 0 16 2 5 3 0 1 2 0 2 12 
6 12 0 0 20 3 5 2 2 7 2 2 2 3 0 2 1 2 3 1 4 1 0 5 2 1 0 10 10 50 3 28 97 12 26 19 50 49 33 4 23 0 11 2 8 18 15 2 12 86 2 3 9 2 0 0 1 5 0 0 0 5 6 0 1 4 0 0 0 0 0 0 0 25 14 4 2 5 20 6 3 5 4 6 13 30 23 53 5 0 0 1 0 4 5 5 1 10 11 0 20 124 
15 8 13 0 1 4 9 3 1 3 2 3 3 1 0 1 6 10 5 9 2 0 2 19 6 1 0 22 0 43 22 32 118 28 18 15 44 77 61 4 45 1 12 5 34 20 35 3 32 112 14 5 14 4 0 1 7 1 0 1 4 4 0 4 9 14 0 0 9 1 2 0 3 4 18 14 2 11 15 7 13 17 5 19 19 45 12 92 4 0 0 20 13 10 7 22 0 12 7 1 5 157 
19 10 13 0 1 12 9 8 5 4 0 9 1 2 1 2 7 19 8 5 4 3 1 20 23 2 0 20 0 91 9 77 180 19 40 30 121 70 50 16 39 11 29 13 11 44 16 15 48 141 3 0 15 0 0 1 2 0 0 1 4 4 1 2 6 24 4 2 0 1 1 1 4 14 11 4 1 3 12 4 2 5 3 19 7 27 21 51 1 0 0 15 1 6 1 8 1 7 3 0 5 82 
22 14 5 1 3 7 2 4 3 10 8 5 2 11 2 4 6 16 3 1 6 2 3 18 9 0 0 14 1 47 7 48 200 15 33 48 104 59 43 15 32 8 19 29 11 2 11 16 26 130 9 2 3 7 0 1 2 1 0 2 6 2 0 0 10 16 0 0 5 1 1 0 6 4 8 3 0 18 12 4 3 4 1 2 3 17 5 96 0 0 0 20 6 4 4 6 0 5 21 0 2 100 
14 24 4 1 7 21 12 3 4 4 5 16 2 1 1 1 9 8 13 6 1 6 8 25 4 3 1 30 2 54 7 60 205 11 40 36 96 43 34 23 36 4 17 13 39 48 3 10 12 66 23 2 5 4 1 0 2 0 0 2 0 2 1 2 3 11 1 3 3 0 1 6 4 14 13 3 1 2 13 4 5 10 3 9 3 29 9 113 2 0 0 12 4 7 4 3 2 5 8 0 6 77 
7 30 10 14 19 9 7 11 6 6 8 11 6 4 0 0 17 11 14 8 2 10 0 23 15 2 0 46 8 73 9 71 169 25 31 65 86 51 84 24 30 8 42 38 28 100 56 22 36 225 10 14 15 8 4 2 1 11 0 2 12 2 4 4 1 12 3 9 3 1 7 7 3 7 13 17 0 2 8 3 7 7 8 18 13 24 12 109 3 0 0 32 14 17 6 3 1 9 14 3 9 77 
13 12 14 0 12 19 3 20 17 5 23 12 3 16 2 2 3 15 5 16 2 2 1 20 14 8 0 23 2 65 23 50 199 25 63 30 88 74 41 35 51 3 57 73 51 53 104 40 2 150 12 2 19 7 2 1 3 18 0 3 23 1 1 1 3 20 1 4 1 2 9 2 7 10 9 7 2 5 13 4 2 24 3 7 8 40 13 124 4 0 0 56 5 37 7 9 2 8 23 1 0 91 
65 60 38 4 23 50 26 21 24 30 37 32 22 28 15 13 45 45 45 16 12 5 6 136 25 2 1 92 9 223 37 248 863 94 167 98 425 258 210 135 120 24 119 130 119 125 67 55 39 12 55 19 60 15 8 1 9 8 0 4 10 19 7 9 35 38 14 34 3 7 11 14 21 41 35 46 4 50 31 50 32 46 19 52 13 101 20 439 14 0 0 35 15 63 19 25 8 11 49 3 2 327 
27 11 20 5 3 13 6 2 7 8 3 4 12 29 24 12 25 10 7 21 2 1 5 48 11 0 0 24 3 13 3 15 88 13 11 3 18 4 6 15 5 1 16 21 23 18 10 6 10 54 2 2 23 3 7 4 19 8 0 42 6 5 2 36 12 29 7 15 4 8 6 8 24 52 21 5 2 21 35 6 0 9 5 23 4 39 5 53 6 0 0 18 1 6 5 1 1 10 1 1 2 26 
2 13 3 2 0 2 0 1 1 3 1 5 13 24 17 9 4 3 15 11 1 0 0 7 4 0 0 5 1 4 1 19 58 4 18 5 24 8 7 9 11 0 13 16 18 28 14 5 3 15 5 2 6 4 6 0 5 2 0 22 3 1 2 18 15 25 7 18 7 8 2 11 17 9 11 1 0 1 24 2 3 3 3 7 1 6 3 40 5 0 0 25 10 8 6 0 0 2 3 0 0 19 
5 5 3 0 2 3 3 3 0 2 0 3 14 17 19 7 12 7 7 13 1 4 3 24 16 0 1 7 1 8 6 5 82 11 7 3 33 4 5 9 2 0 25 8 8 9 24 11 6 60 2 9 1 1 0 1 7 7 0 12 2 0 4 19 25 25 8 22 13 20 7 5 19 32 9 5 3 14 7 1 5 3 3 7 4 29 9 54 6 0 0 19 3 13 5 3 1 2 3 0 0 31 
10 10 26 0 7 4 1 1 5 14 1 5 11 16 23 14 9 8 7 1 2 0 1 12 3 0 0 9 6 2 4 15 68 11 5 5 21 2 10 7 8 0 17 19 10 19 4 1 0 23 13 65 3 0 3 0 4 11 0 19 11 2 0 21 18 24 33 18 1 21 5 8 5 46 6 12 4 31 54 3 4 9 2 31 4 22 2 14 19 0 0 46 5 4 2 0 0 1 3 1 0 28 
5 16 4 1 0 8 1 2 6 7 0 2 3 6 1 2 1 1 1 3 0 0 0 22 3 0 0 9 2 5 0 2 31 9 5 1 6 5 5 2 0 0 1 1 4 5 5 3 0 13 28 131 9 5 1 2 2 5 0 11 3 6 0 13 9 8 1 10 4 7 16 1 5 8 0 6 0 4 17 0 3 0 0 13 1 5 0 27 6 0 0 2 1 8 1 4 0 0 1 0 0 5 
1 6 5 1 3 0 1 3 1 0 2 0 1 1 1 0 2 2 2 1 0 0 0 4 1 0 0 5 0 1 1 0 12 2 0 1 1 0 0 0 3 0 1 1 0 4 1 0 0 3 3 9 8 4 2 0 1 11 0 9 11 0 0 4 10 7 3 0 4 3 4 0 3 6 0 1 1 1 4 0 0 0 2 13 0 1 0 9 1 0 0 1 2 8 0 1 0 0 2 0 0 1 
1 3 10 0 3 2 0 0 1 0 0 1 19 5 11 2 8 3 1 1 0 2 1 1 0 3 0 1 0 0 1 5 39 4 4 0 10 0 10 7 4 0 3 6 2 12 2 1 3 16 6 6 5 7 1 0 0 0 0 38 4 4 2 22 10 22 18 17 0 9 3 4 5 11 11 3 2 7 4 1 0 1 9 29 3 3 1 23 8 0 0 12 1 6 7 4 2 0 0 0 2 13 
12 10 4 0 4 32 8 4 5 1 1 7 26 24 9 18 1 6 0 5 1 0 0 23 2 2 0 15 3 12 5 12 93 9 13 0 8 1 12 3 3 1 8 7 5 4 10 3 3 61 25 5 39 15 2 2 1 2 0 22 16 2 14 9 20 24 7 13 0 14 5 5 12 73 10 16 0 7 20 25 1 0 2 10 16 8 1 26 9 0 0 4 1 6 3 1 0 5 8 0 0 16 
0 0 0 0 0 0 0 0 0 0 0 0 0 0 0 0 0 0 0 0 0 0 0 0 0 0 0 0 0 0 0 0 0 0 0 0 0 0 0 0 0 0 0 0 0 0 0 0 0 0 0 0 0 0 0 0 0 0 0 0 0 0 0 0 0 0 0 0 0 0 0 0 0 0 0 0 0 0 0 0 0 0 0 0 0 0 0 0 0 0 0 0 0 0 0 0 0 0 0 0 0 0 
6 7 3 1 5 1 9 1 2 4 1 2 23 12 9 14 5 9 5 6 3 8 4 24 8 1 0 10 0 8 0 7 24 3 1 0 0 0 1 1 1 0 6 2 3 0 3 0 2 9 33 11 9 19 9 7 5 9 0 1 0 13 2 8 18 52 13 15 15 7 8 9 12 92 4 7 0 0 9 3 2 1 0 8 2 20 7 12 1 0 0 7 1 0 0 1 0 0 3 0 1 12 
0 1 1 1 0 0 0 0 0 2 1 1 2 5 0 0 15 0 0 0 0 0 0 2 0 0 0 5 0 0 0 0 2 2 0 0 0 2 1 1 1 0 6 2 1 2 0 0 0 2 9 7 11 1 3 1 1 6 0 7 0 0 0 1 5 5 5 18 3 9 6 4 4 28 2 2 0 0 11 0 0 3 0 0 0 1 2 8 4 0 0 2 0 0 1 0 0 0 0 0 0 5 
0 0 0 0 0 0 0 1 0 1 0 0 0 0 0 0 0 0 0 0 0 0 0 0 0 0 0 0 0 0 0 0 1 0 0 0 0 0 0 6 0 0 3 0 1 0 0 0 0 4 5 0 0 0 1 0 0 0 0 3 1 0 0 0 0 2 0 0 2 0 0 0 0 1 0 0 0 2 0 0 0 0 0 0 0 0 1 4 1 0 0 2 0 0 0 0 0 0 0 0 0 1 
1 0 0 0 1 15 1 1 3 1 2 0 4 0 0 0 2 0 2 0 0 0 0 1 0 0 0 2 9 4 1 9 2 2 0 1 2 6 3 0 5 0 8 4 0 0 1 0 0 2 6 3 11 5 0 6 0 6 0 4 1 0 3 1 13 14 1 3 2 4 4 1 0 5 1 4 0 0 16 0 1 0 0 0 0 3 1 1 1 0 0 2 0 1 0 0 3 0 0 0 0 3 
4 6 0 0 0 3 0 0 2 0 1 2 0 0 0 0 0 0 1 1 0 0 0 0 0 0 0 1 0 10 1 9 5 1 13 1 19 18 1 3 1 1 3 13 4 12 10 0 0 17 10 34 27 28 18 7 6 26 0 8 3 7 0 0 2 10 1 6 1 4 6 2 10 21 1 2 0 4 20 2 1 1 0 2 0 1 0 4 0 0 0 0 2 0 1 0 0 0 0 0 1 2 
3 24 1 0 0 5 0 6 2 4 0 0 0 0 0 0 1 0 0 0 0 0 0 3 0 0 0 3 0 4 1 19 14 6 4 3 8 3 5 6 2 2 11 5 15 12 9 2 9 62 22 11 25 27 9 1 6 2 0 11 10 13 15 18 0 16 3 10 11 27 1 8 21 16 14 5 0 2 40 4 18 2 0 0 0 9 0 9 12 0 0 2 0 0 0 1 0 0 0 0 0 6 
14 9 5 6 3 4 6 3 4 4 2 2 0 0 0 0 1 0 0 0 0 0 0 0 0 0 0 0 0 21 5 13 21 2 2 5 6 5 8 0 3 1 11 2 12 9 16 4 4 65 50 34 32 26 11 13 22 18 0 65 6 6 4 9 8 2 3 15 45 22 11 20 21 47 19 31 4 11 42 4 12 2 1 4 3 4 2 10 0 0 0 0 0 1 1 0 0 0 0 0 0 9 
0 1 12 1 1 4 3 1 1 0 0 0 0 0 0 0 0 0 0 0 0 0 0 0 0 0 0 0 0 11 3 2 12 2 1 1 13 1 1 0 2 2 5 1 5 1 3 1 2 15 16 1 22 4 0 4 2 1 0 11 1 2 1 9 2 2 0 0 3 9 4 3 8 12 3 0 0 3 24 0 1 0 0 1 0 3 3 5 0 0 0 2 0 0 0 0 0 0 0 0 0 0 
6 20 5 0 0 3 2 1 0 3 2 1 0 0 0 0 0 0 0 0 0 0 0 0 0 0 0 0 0 14 4 4 13 0 1 2 9 0 3 3 3 0 4 4 4 8 2 0 4 29 29 31 52 26 4 6 4 13 0 32 5 4 12 7 12 27 1 4 1 9 8 14 3 41 9 3 1 12 12 9 9 1 0 4 6 4 1 1 1 0 0 1 0 0 0 0 0 0 0 0 0 1 
2 0 0 0 0 0 2 0 0 0 2 0 0 2 0 0 0 0 0 0 0 0 0 0 0 0 0 0 3 3 3 2 8 5 3 0 5 3 5 0 0 0 0 10 14 1 0 0 0 14 5 11 9 15 6 0 0 5 0 1 2 0 1 7 11 6 3 10 3 8 6 0 4 11 0 0 1 0 11 2 1 1 1 1 0 2 0 3 1 0 0 1 0 0 0 0 0 0 0 0 0 0 
10 2 9 0 2 5 0 2 0 3 0 1 0 0 0 1 0 0 0 0 0 0 0 0 0 0 0 0 1 19 4 0 14 11 4 7 5 4 0 4 1 0 2 1 7 3 6 0 1 14 62 24 38 28 12 21 7 13 0 10 21 11 6 10 19 38 18 11 2 2 6 8 17 125 2 11 1 12 44 2 2 2 2 2 1 6 0 12 1 0 0 0 0 0 0 0 0 0 0 0 0 1 
11 25 9 1 0 4 14 1 2 4 1 14 0 2 1 0 0 0 0 0 0 0 1 0 0 0 0 1 1 8 8 28 37 21 17 13 31 8 7 17 2 6 8 16 9 3 17 2 5 52 37 4 11 15 13 7 4 39 0 22 21 3 3 17 22 84 11 105 29 32 0 11 16 109 4 13 0 7 44 5 16 6 2 19 2 16 2 6 3 0 0 2 0 0 1 2 0 0 0 0 0 0 
0 15 3 0 0 1 7 5 1 11 0 8 7 0 0 0 1 0 0 0 0 0 0 0 0 0 0 0 5 2 3 0 36 15 31 13 60 22 34 2 9 10 10 16 16 5 16 0 1 40 50 23 25 15 5 10 2 14 0 10 13 2 3 30 49 89 54 52 46 38 2 5 9 39 25 4 1 8 14 4 5 3 2 13 1 32 5 8 8 0 0 1 0 1 0 0 0 0 0 0 0 2 
2 5 8 0 0 12 3 7 0 3 0 3 0 0 0 7 1 0 0 0 0 0 0 0 0 0 0 0 0 1 0 1 9 18 1 6 15 4 4 5 3 1 1 6 5 4 2 10 3 32 34 12 34 12 5 10 10 26 0 12 15 5 16 4 65 34 20 10 10 10 7 1 2 11 2 20 2 10 28 8 8 9 1 2 4 5 1 7 0 0 0 5 0 0 0 0 0 0 0 0 0 1 
4 5 6 2 0 8 5 17 1 1 12 2 3 4 0 0 0 1 0 0 0 0 0 0 0 0 0 1 0 1 0 1 18 10 2 4 20 5 1 2 1 0 2 6 3 1 1 1 3 12 59 18 42 21 11 16 4 19 0 39 13 5 9 16 42 46 9 16 8 39 38 8 16 2 7 4 0 11 64 17 4 12 8 22 5 7 0 11 1 0 0 7 3 1 0 0 0 0 0 0 0 6 
2 2 1 0 0 2 10 1 2 19 1 13 11 10 6 3 11 4 11 16 0 1 0 19 4 1 0 16 0 6 0 8 20 11 10 4 9 1 6 14 10 2 44 21 10 23 13 3 6 74 9 2 9 1 2 0 2 26 0 13 11 1 5 12 17 6 8 0 1 4 2 4 8 14 3 7 5 25 80 97 17 16 30 117 9 48 11 80 13 0 0 18 15 18 20 7 0 7 12 1 1 34 
7 5 5 0 0 0 1 2 20 20 0 4 3 10 10 12 10 8 6 6 1 1 2 16 2 1 3 8 1 17 1 20 20 4 4 3 9 5 8 13 5 0 30 19 13 28 16 4 18 96 46 11 19 10 4 6 16 34 0 14 11 1 1 22 20 26 1 2 0 0 7 6 3 16 2 2 35 38 88 89 19 56 41 119 20 56 10 105 11 0 0 17 14 20 20 10 2 20 7 1 4 30 
3 0 1 0 0 1 2 2 9 0 0 1 0 1 2 1 0 0 2 6 0 0 0 14 0 0 0 7 1 5 2 1 16 2 0 1 1 0 3 1 9 0 3 5 7 1 2 2 3 29 7 1 1 9 4 0 0 6 0 9 1 0 0 16 1 10 0 2 4 0 5 3 6 15 6 2 1 41 64 61 5 9 12 51 5 4 2 29 4 0 0 0 5 7 5 3 2 1 5 0 0 3 
1 23 2 2 0 1 0 0 2 22 1 0 7 16 12 9 4 3 0 3 0 3 0 5 11 0 0 22 3 5 2 4 25 11 0 0 2 2 2 1 5 0 23 4 11 20 29 5 15 67 11 4 19 12 4 0 1 16 0 21 5 6 5 23 7 17 1 6 2 10 4 5 5 70 18 15 2 1 12 73 2 22 43 119 30 40 8 120 23 0 0 15 17 9 12 19 1 10 6 4 3 32 
6 22 6 0 1 8 7 5 23 4 4 3 19 12 26 11 9 11 8 28 1 0 4 24 3 2 1 13 2 15 2 6 85 8 4 1 4 0 5 8 8 0 27 25 11 21 20 8 10 81 63 37 41 35 12 5 8 8 0 13 3 1 1 18 33 26 37 27 16 26 12 8 24 171 16 10 27 6 4 39 12 13 39 69 17 19 11 80 19 0 0 27 22 17 10 27 1 3 6 2 8 26 
4 11 5 0 0 1 0 0 0 0 0 0 1 3 0 5 1 1 0 3 3 0 0 3 1 0 0 3 0 5 3 0 16 1 5 0 3 5 14 6 11 2 31 16 3 15 8 7 8 70 18 24 19 2 3 0 6 1 0 4 3 3 1 7 3 31 1 19 3 2 6 3 18 73 22 18 6 11 12 3 10 17 35 91 40 23 12 80 12 0 0 19 15 9 21 17 2 22 12 6 0 26 
2 3 0 0 0 2 1 2 1 1 0 0 2 0 0 0 0 6 0 4 0 0 1 3 0 0 0 1 0 4 3 8 12 2 6 0 3 1 0 0 7 5 19 23 9 13 21 4 19 72 19 8 8 1 0 0 10 0 0 1 11 1 1 5 2 21 12 3 2 8 7 5 0 43 12 5 3 24 15 23 3 5 27 86 33 38 16 48 13 0 0 18 5 16 8 3 2 6 14 0 0 37 
2 2 3 0 1 3 0 1 0 0 0 0 0 0 0 0 0 0 0 0 0 0 0 2 1 0 0 1 0 1 0 4 11 1 0 0 2 0 2 2 11 0 11 4 12 6 26 1 6 68 1 0 2 3 3 1 2 10 0 4 2 0 0 0 9 2 1 0 0 3 0 0 2 20 1 8 1 1 4 16 2 1 2 16 26 11 3 50 5 0 0 18 4 7 5 9 0 3 13 0 0 31 
3 4 1 0 0 1 0 0 0 1 0 1 0 0 0 0 0 0 0 0 0 1 0 0 0 1 0 4 3 6 1 0 5 1 3 0 0 0 0 1 4 1 28 8 9 5 21 4 18 78 21 2 9 2 4 6 4 4 0 7 3 4 1 1 0 0 0 1 2 1 0 8 4 131 16 7 2 8 29 48 6 1 0 53 135 27 8 68 16 0 0 19 1 9 9 10 1 5 10 1 3 43 
0 7 3 0 0 0 0 0 0 9 0 0 0 0 0 0 0 1 0 0 1 0 0 0 0 0 0 0 0 3 1 1 5 2 2 0 2 0 0 1 0 2 23 10 8 10 3 3 7 93 15 3 15 11 4 0 1 2 0 3 5 1 0 1 0 0 0 2 0 1 0 4 1 8 16 21 4 42 54 52 6 12 25 7 57 39 8 124 1 0 0 22 26 16 3 24 1 12 14 0 0 72 
3 0 11 0 0 0 0 6 1 4 0 0 0 0 0 0 1 0 0 1 0 0 0 3 0 0 0 4 0 0 1 0 5 2 0 0 2 0 0 6 1 3 58 51 37 21 27 2 11 83 23 9 3 8 6 8 15 4 0 4 0 0 0 1 7 1 0 0 0 0 2 1 5 22 29 25 4 40 39 99 28 20 23 48 1 26 34 139 7 0 0 31 12 12 9 9 4 11 27 3 3 71 
5 5 4 1 4 1 2 3 0 0 1 0 0 0 8 1 4 0 7 3 3 0 3 6 0 0 0 6 0 8 3 22 17 2 9 2 18 13 6 0 15 4 51 28 1 27 34 4 10 84 58 6 19 9 5 4 4 9 0 4 6 0 0 2 2 8 1 3 1 9 0 7 7 17 13 24 4 21 44 4 10 11 9 32 34 4 4 88 14 0 0 37 16 14 24 9 1 1 14 0 15 91 
8 10 2 3 6 6 1 0 0 2 1 0 0 0 0 0 1 1 1 1 2 1 2 3 0 0 0 2 2 7 1 30 31 4 9 3 16 13 8 5 18 0 25 46 1 25 22 5 2 124 23 6 12 1 1 0 3 3 0 4 2 1 0 0 6 2 3 0 0 0 0 8 6 10 10 10 1 7 21 29 13 18 6 44 25 12 2 34 9 0 0 33 12 17 11 4 4 5 17 0 5 53 
24 20 16 5 1 20 5 2 7 10 9 6 5 4 2 2 8 13 7 12 6 3 1 25 8 0 0 50 1 88 16 52 208 25 40 34 83 79 52 22 8 5 87 43 19 50 51 26 46 331 25 18 55 13 9 2 10 23 0 8 12 9 2 2 16 20 16 5 1 5 9 6 9 26 54 39 13 52 99 51 32 59 36 87 44 41 10 15 12 0 0 56 39 30 53 63 12 49 78 7 14 403 
5 22 3 0 1 3 3 0 3 0 0 1 0 0 1 2 8 11 5 12 5 0 0 11 0 0 0 3 0 45 2 21 60 8 39 12 38 33 18 14 28 3 64 18 11 15 30 3 7 58 15 2 13 9 3 0 0 6 0 4 1 2 2 2 5 5 5 0 0 1 0 1 1 3 39 5 2 66 17 3 17 17 4 25 5 35 40 44 1 0 0 46 17 16 32 19 3 8 8 0 7 95 
0 0 0 0 0 0 0 0 0 0 0 0 0 0 0 0 0 0 0 0 0 0 0 0 0 0 0 0 0 0 0 0 0 0 0 0 0 0 0 0 0 0 0 0 0 0 0 0 0 0 0 0 0 0 0 0 0 0 0 0 0 0 0 0 0 0 0 0 0 0 0 0 0 0 0 0 0 0 0 0 0 0 0 0 0 0 0 0 0 0 0 0 0 0 0 0 0 0 0 0 0 0 
0 0 0 0 0 0 0 0 0 0 0 0 0 0 0 0 0 0 0 0 0 0 0 0 0 0 0 0 0 0 0 0 0 0 0 0 0 0 0 0 0 0 0 0 0 0 0 0 0 0 0 0 0 0 0 0 0 0 0 0 0 0 0 0 0 0 0 0 0 0 0 0 0 0 0 0 0 0 0 0 0 0 0 0 0 0 0 0 0 0 0 0 0 0 0 0 0 0 0 0 0 0 
7 0 1 0 6 4 1 1 2 0 0 0 1 1 0 0 0 1 0 0 0 0 0 4 0 0 0 3 1 4 0 5 25 2 5 8 21 22 20 2 15 0 5 11 1 9 8 2 12 30 7 1 7 2 2 0 4 2 0 0 1 0 0 4 0 0 0 0 0 0 0 0 0 0 6 2 1 5 3 4 3 10 5 6 9 16 12 54 3 0 0 3 0 16 1 17 1 4 2 1 2 55 
1 2 2 0 0 4 1 1 1 0 2 0 2 0 0 0 0 1 0 0 0 0 0 0 0 0 0 0 0 14 0 23 28 2 6 8 28 16 10 10 0 1 20 13 9 9 12 1 9 47 4 0 3 2 2 0 2 0 0 1 0 0 0 0 0 4 0 0 0 0 0 0 0 0 2 3 0 5 3 15 1 3 5 31 6 17 22 38 5 0 0 2 1 1 8 14 0 14 8 2 5 38 
1 6 2 0 0 0 3 11 1 1 2 1 1 2 0 1 0 0 0 0 0 0 0 0 0 0 0 1 0 24 1 11 34 2 16 5 25 6 7 3 9 1 49 40 18 19 31 0 18 86 10 10 5 7 1 0 3 6 0 0 0 0 1 1 0 0 0 0 0 0 0 0 0 3 18 22 11 5 31 21 1 10 6 7 16 41 21 67 25 0 0 35 7 4 0 5 0 14 21 2 9 88 
0 1 0 0 0 0 0 0 0 1 0 3 1 3 1 0 0 0 0 0 0 0 0 0 0 0 0 0 0 7 2 8 14 1 1 1 20 7 2 2 12 1 17 32 19 3 5 6 13 112 11 4 6 2 1 0 0 3 0 2 1 1 0 0 0 0 0 0 0 0 0 0 0 0 3 7 1 8 11 8 9 11 10 13 3 18 37 61 12 0 0 13 5 0 1 0 0 3 9 5 7 49 
4 1 2 0 2 1 1 0 0 8 1 6 0 1 0 1 3 0 0 0 1 0 0 0 0 0 0 0 1 11 15 11 36 8 10 19 38 8 12 4 7 3 97 98 35 26 23 17 20 38 8 7 25 2 0 3 2 12 0 3 1 4 2 1 5 1 0 0 0 0 0 0 6 1 5 6 0 2 10 15 4 11 12 16 10 33 94 103 16 0 0 109 10 26 5 3 0 7 2 0 23 80 
1 9 1 0 0 0 0 1 0 0 1 0 1 0 0 2 0 0 0 0 0 0 0 0 0 0 0 2 0 10 4 1 5 1 5 1 10 1 1 0 5 0 19 23 9 2 14 4 4 16 4 1 2 0 0 0 0 1 0 1 0 0 0 0 0 0 0 0 0 0 0 0 0 2 2 3 0 2 16 2 4 14 1 3 9 20 9 18 2 0 0 15 0 0 4 9 1 0 0 0 0 16 
2 0 0 0 6 11 8 2 1 2 6 3 1 0 1 1 0 1 0 0 0 0 0 1 0 0 0 3 3 1 1 8 13 3 7 7 21 15 19 5 2 2 38 36 28 43 28 7 31 122 19 5 10 15 9 2 4 5 0 1 2 2 0 1 1 4 0 0 1 0 0 0 0 2 21 8 0 17 26 6 12 25 23 26 8 54 41 113 24 0 0 50 14 15 29 24 0 3 0 1 4 73 
4 6 2 4 0 1 0 0 0 0 2 1 0 0 1 1 0 0 0 0 0 0 0 0 0 0 0 0 0 7 1 4 5 3 12 5 29 11 21 3 4 1 34 27 69 29 30 12 35 168 8 6 19 14 1 2 8 9 0 2 5 1 0 0 0 0 0 0 0 0 0 0 0 0 13 32 2 19 30 21 18 54 21 48 24 49 11 76 12 0 0 35 16 12 12 5 0 1 6 0 2 49 
2 0 0 0 0 1 1 0 1 0 1 0 0 1 0 0 0 0 0 0 0 0 0 0 0 0 0 0 0 8 5 0 4 1 24 2 16 1 2 2 0 0 10 5 13 10 10 1 11 40 3 2 14 7 1 1 1 2 0 0 0 0 0 0 0 0 0 0 0 0 0 0 0 0 9 0 0 2 5 3 1 4 5 23 11 24 3 48 6 0 0 12 52 15 2 18 2 1 38 3 1 8 
0 0 1 0 0 2 0 0 0 1 0 0 0 0 0 0 0 0 0 0 0 0 0 0 0 0 0 0 2 1 0 1 1 0 2 0 4 3 0 1 0 0 3 5 4 3 2 1 1 10 0 0 0 0 1 0 0 0 0 0 0 1 0 0 0 0 0 0 0 0 0 0 0 0 5 0 0 1 3 1 2 2 4 5 4 15 5 22 1 0 0 0 1 1 11 0 0 2 2 0 1 0 
2 3 2 0 1 3 1 0 0 3 3 0 0 3 1 0 1 1 0 0 0 1 2 1 0 0 0 2 0 6 0 11 23 5 7 3 18 22 11 5 11 0 31 29 36 22 22 21 23 28 14 5 4 1 8 1 5 5 0 1 1 2 0 0 0 1 0 0 0 0 0 0 0 2 6 6 6 12 22 10 14 26 6 14 6 28 8 98 11 0 0 28 26 6 12 17 1 17 8 1 4 4 
