5 3 14 16 14 42 34 8 60 52 9 19 135 85 78 54 42 18 34 13 12 14 6 77 31 2 0 55 7 2 0 1 29 2 2 3 3 6 12 13 24 5 16 9 35 20 18 5 15 72 11 8 11 2 4 1 0 2 0 1 0 1 3 3 2 6 4 7 0 5 1 1 20 14 3 6 1 1 4 3 0 2 4 1 2 5 4 37 5 0 0 4 2 8 3 0 0 3 2 0 0 33 
2 4 4 3 14 15 23 6 14 20 5 83 85 96 68 42 11 15 23 24 4 35 1 47 15 7 0 39 22 1 0 0 27 0 9 1 1 3 2 26 9 1 8 8 23 9 16 15 8 69 12 0 4 12 4 0 1 0 0 1 1 1 0 3 3 4 0 5 0 2 4 2 3 18 0 0 0 0 3 3 3 2 0 5 1 5 0 44 0 0 0 3 6 0 3 1 0 0 2 0 0 16 
55 3 9 5 23 7 21 9 56 31 34 39 127 83 84 37 16 17 42 25 11 25 5 57 22 8 0 56 3 3 0 4 26 1 1 2 8 5 11 14 23 2 33 5 22 19 25 4 9 75 10 4 11 2 5 0 0 5 0 2 0 0 0 7 5 7 1 3 1 2 3 5 8 4 1 4 3 4 3 0 0 3 1 3 0 5 1 27 7 0 0 13 2 2 1 1 1 0 2 1 0 18 
29 7 4 1 1 4 12 5 7 24 1 10 14 11 5 11 6 10 4 4 1 0 0 10 4 3 0 15 1 0 1 0 5 1 0 0 0 5 0 1 6 1 0 2 6 5 3 4 0 20 2 1 2 4 0 2 0 0 0 1 0 1 0 1 1 0 0 0 1 1 1 0 1 2 0 1 1 0 0 0 0 0 0 0 0 0 0 4 2 0 0 0 2 2 1 0 0 0 1 0 0 6 
23 15 7 1 1 1 11 3 3 6 14 16 16 23 11 9 5 1 7 2 1 2 3 38 23 0 0 27 0 2 2 1 4 0 0 0 1 0 2 16 1 0 2 3 10 5 4 0 1 32 7 1 4 0 0 0 0 3 0 2 0 1 0 1 2 0 0 0 0 0 1 0 4 1 0 1 0 0 1 1 0 0 0 0 0 1 0 3 0 0 0 1 3 0 0 2 0 0 1 0 2 5 
49 38 19 3 2 4 3 1 18 2 20 18 50 36 44 19 21 19 22 21 7 11 9 61 17 0 0 37 0 1 0 1 15 0 1 0 0 0 5 9 9 0 10 4 8 5 5 5 1 56 2 2 7 5 2 2 0 1 0 7 0 0 0 4 0 2 0 3 1 1 2 0 1 2 3 1 3 0 4 1 0 1 0 0 0 3 1 5 0 0 0 3 1 0 1 0 0 0 1 0 0 15 
22 24 16 5 14 1 2 0 21 4 6 32 54 46 23 35 15 9 14 27 10 21 4 37 38 4 0 15 5 2 0 16 7 3 3 1 1 0 11 1 2 2 23 6 14 11 10 1 1 38 3 5 5 0 0 4 0 0 0 0 0 0 0 2 9 9 4 1 1 1 2 1 0 10 1 2 0 2 1 0 0 0 0 0 0 0 0 7 0 0 0 4 2 1 0 2 1 0 5 0 0 12 
22 26 52 1 4 9 8 5 0 10 2 15 32 34 23 20 15 10 25 4 6 2 1 45 35 3 0 54 12 2 2 0 8 0 1 2 0 0 3 7 9 0 13 2 2 10 18 6 5 46 1 1 7 0 1 0 0 2 0 0 0 8 0 11 0 6 3 2 3 0 5 2 0 32 2 1 0 1 3 0 0 3 0 0 0 0 0 4 0 0 0 1 5 0 0 0 0 1 1 0 0 3 
52 27 22 5 6 9 11 1 3 5 10 15 21 17 9 20 28 15 30 14 10 11 7 34 18 1 1 35 4 4 1 1 6 0 0 0 1 0 7 12 6 0 6 1 7 9 10 8 5 39 1 0 10 3 0 2 0 0 0 0 0 0 0 1 2 1 0 0 0 0 0 1 0 3 1 0 0 1 2 0 0 0 0 0 0 1 1 5 1 0 0 1 0 2 0 0 0 0 0 0 0 6 
38 32 3 5 3 10 6 9 4 3 2 8 19 5 6 7 16 2 5 8 1 6 6 37 22 4 2 33 0 2 0 0 2 0 0 0 0 0 4 1 2 2 3 2 5 2 2 1 1 33 6 1 4 1 0 0 0 0 0 0 0 2 0 0 2 1 0 9 0 3 1 0 0 2 0 1 0 1 0 0 0 0 0 2 1 0 0 5 0 0 0 0 0 0 0 0 0 0 1 0 0 4 
19 15 4 5 8 11 3 9 8 2 1 4 5 16 9 8 7 13 4 8 0 18 6 24 7 0 0 16 8 2 0 0 1 0 0 0 0 0 5 5 3 1 7 1 1 3 16 1 3 22 1 0 0 1 0 1 0 0 0 0 0 2 2 0 0 0 0 0 0 1 0 0 0 7 0 0 0 4 0 0 0 0 0 3 1 2 0 4 0 0 0 1 1 0 0 0 0 0 0 0 0 7 
39 37 35 11 10 26 19 24 6 6 2 4 4 13 6 9 16 15 5 5 5 12 2 58 26 5 1 29 4 5 1 1 4 0 0 0 0 2 7 9 8 1 2 1 9 3 5 2 3 42 7 5 2 2 1 0 0 1 0 1 0 1 7 0 2 8 0 1 0 0 2 0 1 4 4 0 0 0 1 0 0 0 0 1 0 0 0 3 2 0 0 0 0 0 0 0 0 0 0 0 0 8 
38 29 20 0 12 36 24 20 15 19 2 1 4 6 5 31 5 19 11 11 8 16 2 38 26 1 1 60 5 16 10 1 9 2 0 0 5 2 0 7 12 0 3 0 7 4 6 3 8 50 4 1 6 0 3 0 0 2 0 3 0 3 9 0 0 2 0 0 6 0 0 0 1 2 6 0 0 0 18 0 0 0 0 0 0 0 0 6 1 0 0 1 4 5 0 2 0 0 0 0 0 11 
24 30 36 2 11 11 9 2 36 26 2 7 2 3 0 2 6 7 13 16 12 9 7 41 45 1 8 95 2 3 0 0 2 1 0 0 0 0 0 0 5 0 1 0 0 2 3 0 0 11 6 1 9 0 0 0 0 4 0 4 0 0 0 1 0 0 0 0 0 0 1 0 0 2 0 0 0 0 2 0 0 1 0 0 0 0 0 3 0 0 0 6 1 0 0 0 0 0 0 0 1 1 
46 49 39 6 11 50 17 40 19 24 6 15 8 4 4 2 6 21 38 9 19 19 7 68 38 3 0 98 0 1 0 2 4 0 0 0 0 1 0 1 1 0 3 0 1 2 1 1 1 16 9 1 3 1 1 0 2 0 0 0 0 4 0 0 0 0 0 0 0 0 0 0 0 1 1 2 1 0 11 0 0 0 0 0 0 0 0 3 0 0 0 0 1 0 0 0 0 0 0 0 0 10 
29 15 11 8 11 28 11 12 3 14 6 15 4 1 1 4 4 13 4 7 14 18 26 44 21 4 1 56 1 7 0 10 21 1 2 1 6 3 0 1 9 2 13 8 7 2 9 0 1 33 8 1 10 2 4 1 5 0 0 0 0 0 0 2 0 0 0 0 0 0 0 0 0 1 2 4 0 0 7 1 0 2 0 1 0 9 0 13 4 0 0 0 0 0 0 3 0 1 0 0 0 5 
52 35 22 1 9 18 18 22 16 34 9 18 26 17 19 10 3 5 34 16 12 27 18 104 13 14 6 97 0 19 10 11 36 4 6 3 6 1 6 11 15 2 40 4 25 7 20 3 14 91 11 3 14 1 1 2 0 3 0 3 0 2 0 0 1 0 0 0 0 0 0 0 0 9 3 4 0 1 5 0 0 0 0 0 0 1 4 17 2 0 0 7 3 1 0 2 0 1 3 0 0 18 
31 29 24 4 1 6 20 11 10 25 7 3 9 12 10 28 3 4 4 0 8 9 4 49 19 9 4 48 0 3 4 5 28 1 13 1 4 0 4 10 10 0 5 0 6 5 25 1 10 133 11 2 6 0 1 0 2 6 0 2 1 0 0 0 0 0 0 0 0 0 0 0 0 0 1 6 0 1 13 0 0 0 0 0 0 1 1 16 0 0 0 0 1 1 0 0 0 0 0 0 0 10 
27 38 18 6 14 32 4 4 7 13 24 3 3 16 11 5 8 1 1 5 3 4 16 35 14 9 0 46 3 3 0 3 6 0 0 0 0 0 5 3 2 0 2 4 23 1 2 0 3 27 0 1 2 5 0 0 3 3 0 1 0 0 0 0 0 0 0 0 0 0 0 0 0 0 0 2 0 0 0 2 0 0 0 0 0 1 0 2 0 0 0 0 0 0 0 0 0 0 0 0 0 2 
24 38 15 3 3 17 7 10 5 9 5 8 6 41 11 29 42 20 6 1 1 3 6 23 9 3 3 77 6 5 1 4 11 1 4 3 3 2 7 15 10 3 0 4 1 3 2 5 3 25 10 3 9 3 0 0 3 3 0 1 0 1 0 0 0 1 0 0 0 0 0 0 0 2 8 2 0 3 8 3 0 0 0 1 0 1 0 5 0 0 0 0 0 0 0 0 0 0 0 0 0 1 
12 6 7 1 1 20 3 10 20 23 8 13 15 22 16 35 30 20 14 6 1 0 1 8 9 2 4 53 7 12 1 0 5 0 0 2 2 4 4 7 7 2 4 1 4 4 4 0 4 18 2 3 2 0 0 0 4 1 0 0 0 0 0 0 0 0 0 0 0 0 0 0 0 0 1 1 0 0 2 0 0 0 0 0 0 7 0 4 0 0 0 0 0 0 0 0 0 0 0 0 0 1 
24 40 29 0 3 12 6 18 5 9 1 25 25 52 20 41 40 22 18 2 0 1 2 12 2 2 2 47 0 3 0 1 13 2 5 4 2 4 10 1 14 0 11 1 4 6 9 4 2 37 3 0 3 1 4 2 1 2 0 0 0 0 0 0 1 1 0 0 0 0 0 0 1 0 4 3 0 0 1 0 0 0 0 0 0 0 0 7 1 0 0 0 1 0 0 0 0 0 0 0 0 2 
19 18 14 2 10 10 3 6 19 11 13 43 25 24 35 76 79 65 102 23 3 14 4 19 7 32 1 159 10 2 4 3 9 17 0 1 2 3 16 7 15 0 2 4 6 4 10 3 12 48 14 5 9 9 7 2 4 2 0 2 0 0 0 0 1 0 0 0 0 0 0 0 0 0 3 4 0 2 4 0 3 0 0 0 0 4 0 8 0 0 0 1 0 1 0 0 0 0 0 0 0 4 
20 44 16 9 12 23 10 31 20 40 28 45 61 72 60 116 112 99 68 8 10 14 6 6 3 7 7 95 1 3 7 0 20 0 4 25 34 2 23 10 30 0 3 5 16 16 19 11 12 69 15 2 14 3 2 3 8 5 0 3 0 0 0 0 1 0 0 0 0 0 0 0 0 1 12 5 0 2 23 0 1 0 1 0 0 6 1 15 1 0 0 1 0 2 0 0 0 0 0 0 0 1 
58 36 11 8 12 30 17 14 14 49 6 36 93 94 53 57 30 71 46 24 11 13 1 1 2 1 3 89 1 11 8 6 38 12 5 6 23 5 11 24 22 0 8 7 30 12 27 11 5 95 38 9 11 13 11 6 5 6 0 4 1 5 0 1 1 2 0 0 0 0 0 0 0 3 8 0 1 4 16 2 4 1 0 2 0 11 1 21 2 0 0 0 1 1 0 0 0 0 0 0 0 4 
9 2 5 0 1 9 0 2 1 19 2 4 3 7 4 13 5 27 20 3 11 12 6 40 9 0 1 15 0 2 0 0 2 0 3 2 2 1 5 1 0 0 0 1 3 1 0 0 3 13 0 0 0 0 0 2 0 1 0 0 0 0 0 0 0 0 0 0 0 0 0 0 0 0 0 0 0 0 1 2 0 0 0 0 0 0 0 2 0 0 0 1 1 0 0 0 0 0 0 0 0 0 
4 2 3 3 2 9 11 6 4 7 9 17 13 22 34 49 59 48 17 41 22 38 13 117 51 0 2 98 0 2 1 0 8 0 1 0 8 2 0 8 4 0 1 4 7 4 4 0 4 32 9 3 28 1 4 0 0 13 0 0 0 2 0 0 1 0 0 0 0 0 0 0 0 0 0 5 0 0 6 0 0 0 0 2 0 0 0 11 0 0 0 0 0 0 0 0 0 0 0 0 0 0 
52 71 31 34 21 44 16 28 33 70 51 49 139 189 160 88 114 106 90 82 55 132 72 136 79 18 5 4 1 2 1 22 66 12 14 10 46 15 33 35 56 5 20 27 47 32 24 7 16 205 20 4 17 12 10 13 7 21 0 4 6 1 1 1 2 1 0 1 0 0 0 0 0 0 3 10 1 3 38 4 3 8 0 6 3 11 8 77 8 0 0 6 4 1 2 0 0 1 3 0 1 12 
7 3 2 0 0 3 0 2 3 2 2 1 0 3 0 2 0 2 1 1 0 0 1 6 0 0 1 3 0 0 0 0 1 0 0 0 1 0 0 0 1 0 2 0 1 0 0 2 0 0 1 0 0 0 0 0 0 0 0 1 0 0 0 0 0 0 0 1 1 0 0 0 0 0 0 0 0 0 0 0 0 0 0 0 0 0 0 0 0 0 0 0 0 0 0 0 0 0 0 0 0 1 
2 9 8 0 1 5 3 12 6 2 2 10 13 5 9 16 15 12 37 7 6 5 1 13 7 0 0 4 0 13 20 21 369 87 136 188 334 166 111 82 100 7 46 70 105 70 51 16 46 378 32 12 23 14 7 4 4 3 0 11 2 14 0 13 4 31 5 4 18 8 1 2 2 0 11 6 13 4 30 0 3 3 4 1 0 24 5 135 31 0 0 22 20 9 6 6 1 4 13 0 2 58 
1 0 3 0 1 6 1 0 0 1 0 4 9 1 0 10 7 6 5 1 3 0 3 6 3 0 0 2 0 12 1 13 82 25 18 28 83 29 10 18 25 1 9 17 18 12 6 3 7 41 3 1 2 1 0 0 0 2 0 2 0 0 0 1 2 5 0 3 0 1 0 0 2 1 0 0 0 12 2 5 3 0 0 0 0 1 0 11 0 0 0 1 1 3 0 0 0 0 1 0 0 14 
3 0 0 2 0 0 1 1 1 0 1 1 8 0 16 13 18 16 10 11 0 2 0 8 0 0 0 4 0 39 7 4 99 3 42 35 149 100 60 31 60 0 43 36 28 30 33 3 13 242 10 3 19 2 3 0 5 3 0 5 0 3 0 2 12 3 2 0 1 15 1 0 2 1 4 5 5 0 9 0 0 1 1 1 0 7 2 61 4 0 0 14 2 7 1 12 0 2 1 0 1 24 
1 6 1 0 1 3 2 1 2 2 0 4 4 0 1 9 7 12 4 5 0 1 0 21 5 0 0 11 0 94 18 14 6 2 5 19 34 28 34 40 62 11 42 36 31 50 40 20 28 273 26 6 15 4 3 0 5 2 0 6 1 0 0 3 0 3 0 1 1 1 2 1 0 0 8 5 0 5 19 2 2 4 1 1 4 7 2 44 2 0 0 20 2 4 4 7 1 2 1 0 3 34 
2 3 1 0 0 0 0 0 1 0 0 0 0 2 0 2 1 0 5 0 0 0 0 5 3 0 0 2 0 32 4 6 21 4 2 1 12 44 15 29 36 1 31 4 17 24 22 2 7 83 18 1 21 4 0 0 2 5 0 1 0 0 0 0 0 1 0 2 2 2 2 1 3 1 4 3 2 0 5 0 0 2 0 0 0 2 1 19 4 0 0 8 1 1 1 1 0 0 0 0 5 12 
1 0 0 0 0 1 0 0 1 0 0 0 2 0 0 2 5 1 2 6 0 3 4 5 4 1 1 8 0 46 7 6 37 1 6 2 38 11 6 15 15 4 18 3 30 12 28 1 4 94 3 1 4 1 0 0 1 0 0 1 0 0 0 0 0 0 0 1 1 0 1 2 1 2 1 0 0 0 1 1 0 0 0 0 0 0 1 17 1 0 0 12 3 0 2 1 0 2 0 0 0 12 
3 2 1 0 0 0 0 0 0 0 0 1 0 0 0 3 2 0 3 5 2 3 2 7 5 0 0 9 0 41 11 23 71 2 1 3 38 12 12 13 16 0 17 7 23 3 19 3 7 54 2 4 2 2 1 0 0 0 0 0 0 0 1 1 1 0 1 2 0 0 1 1 0 10 1 0 0 0 0 0 0 0 0 0 0 1 5 9 3 0 0 6 1 0 0 4 0 5 4 1 1 14 
2 0 0 0 0 0 0 0 0 1 0 0 0 0 0 0 0 0 2 1 0 0 0 3 2 0 0 0 0 54 8 15 60 11 9 9 7 2 23 36 13 9 22 11 23 24 47 6 25 189 1 1 1 2 0 0 0 1 0 0 0 0 0 2 0 2 0 0 0 2 1 0 1 1 0 0 0 3 1 2 0 0 0 0 0 1 1 15 5 0 0 3 4 8 0 0 6 6 16 2 2 32 
0 7 2 0 1 4 1 0 1 1 0 0 1 1 0 0 1 0 1 1 0 6 1 2 3 0 0 11 0 48 17 49 65 4 4 4 5 2 12 22 29 5 35 35 71 34 64 3 34 338 7 0 1 2 1 1 0 1 0 0 0 0 0 10 0 0 0 0 0 0 2 0 1 2 5 0 0 0 4 0 0 1 0 0 1 3 1 40 8 0 0 9 2 9 1 3 0 1 1 0 0 45 
2 13 6 1 15 4 1 2 6 7 2 7 6 2 0 4 0 3 1 2 2 1 0 34 16 6 0 25 1 52 64 51 109 9 9 19 39 7 8 42 45 5 27 31 36 26 66 9 25 268 9 2 15 0 0 0 3 0 0 1 2 3 2 2 2 1 1 0 0 1 2 3 0 22 2 1 1 0 0 0 1 1 1 1 0 4 1 70 1 0 0 10 16 2 3 1 0 18 7 0 0 59 
13 11 15 3 4 8 4 14 4 5 18 5 17 3 0 12 5 14 20 10 12 0 0 35 16 7 0 29 0 84 10 44 154 14 45 20 89 51 61 8 5 6 14 43 79 65 40 11 15 188 10 3 4 4 0 0 0 1 0 0 1 2 0 1 3 3 0 1 3 0 0 0 3 5 1 1 1 3 3 0 2 1 1 1 5 1 9 8 7 0 0 3 6 4 0 1 0 1 0 0 2 38 
22 4 14 0 1 1 3 7 1 5 2 12 3 5 0 19 7 6 2 0 3 3 1 13 4 0 0 16 2 56 6 19 103 11 6 13 37 41 32 17 1 1 13 5 43 9 30 2 9 171 3 1 2 0 1 0 0 1 0 0 1 10 0 2 1 10 2 0 0 0 0 0 3 5 3 1 0 1 6 0 1 13 1 6 1 3 9 10 1 0 0 4 2 0 4 0 0 1 0 1 1 22 
0 6 5 0 0 30 0 1 1 0 0 1 0 8 2 2 0 1 0 1 0 0 1 5 2 0 0 10 0 25 1 10 35 14 5 1 33 9 10 1 3 0 5 10 13 8 13 0 8 50 0 0 2 0 1 0 5 3 0 0 9 6 0 2 1 2 0 0 0 0 0 1 0 0 2 0 0 0 1 2 1 8 0 5 1 1 1 14 5 0 0 1 0 2 2 1 0 2 5 0 1 7 
4 5 7 0 1 4 4 1 0 2 1 0 4 1 1 1 0 2 0 0 4 0 0 6 5 0 0 5 4 24 2 10 84 3 6 5 36 14 13 5 1 6 8 2 1 8 3 8 6 42 5 3 4 1 0 0 0 2 0 0 0 2 1 0 0 3 1 0 0 0 0 0 0 1 22 3 1 3 5 6 3 3 4 2 11 17 0 33 5 0 0 2 4 5 5 4 1 4 0 0 2 76 
7 5 1 0 0 4 1 2 1 2 0 1 1 0 0 0 1 3 2 1 0 0 0 14 2 1 0 11 1 38 12 18 53 1 11 7 29 29 10 7 0 3 15 3 19 7 11 4 6 59 20 3 4 1 0 0 0 1 0 0 0 0 0 0 0 1 0 2 0 0 0 0 0 3 3 5 0 3 10 10 8 5 1 23 7 17 2 46 0 0 0 3 7 4 0 18 0 5 3 2 4 53 
6 9 6 1 3 1 3 2 1 1 0 0 3 5 0 3 10 5 9 0 1 0 0 16 8 1 0 18 1 55 4 17 90 10 5 8 40 25 8 22 15 1 23 12 6 14 5 2 7 54 2 2 3 1 0 0 0 0 0 0 1 1 0 1 7 4 0 2 1 1 1 3 1 1 2 5 0 2 2 0 4 1 0 0 2 15 1 24 1 0 0 1 2 8 6 4 0 5 7 1 2 29 
29 11 5 0 4 10 5 2 4 5 2 0 2 2 0 3 3 12 15 3 2 5 4 30 11 1 0 19 0 45 9 29 130 6 13 26 60 61 19 19 13 0 4 23 10 5 2 9 8 60 10 4 6 5 0 1 1 2 0 1 0 5 0 1 1 3 1 0 1 0 8 2 6 2 3 6 3 5 9 7 2 3 4 11 3 4 0 69 0 0 0 0 0 3 1 3 0 5 1 2 1 82 
13 17 12 2 2 3 3 1 4 1 0 10 7 3 1 10 6 6 7 1 2 4 0 20 25 3 0 27 1 83 11 32 176 13 18 32 79 34 19 34 25 1 21 4 14 10 6 7 11 22 7 4 3 2 3 0 2 0 0 0 0 1 0 0 1 5 3 1 16 1 2 4 1 9 6 6 1 5 6 2 4 4 2 8 1 18 0 80 1 0 0 7 16 5 6 3 0 5 0 0 0 83 
16 18 5 0 3 7 5 2 2 5 3 9 0 2 2 0 5 1 8 4 8 0 2 35 9 7 1 42 0 47 8 32 113 12 9 15 44 20 28 20 13 10 29 31 23 18 17 6 3 89 14 2 5 0 0 2 9 0 0 0 6 0 1 0 0 10 1 1 3 0 3 9 1 3 9 20 1 1 3 1 0 4 7 3 5 8 15 65 6 0 0 4 17 7 6 3 0 10 3 1 5 58 
6 13 9 1 0 4 1 7 8 5 3 2 3 14 1 4 1 3 6 0 1 5 0 24 15 1 0 15 1 44 17 22 170 3 12 12 48 47 32 22 30 1 30 51 35 38 46 8 9 57 21 4 6 1 2 0 4 1 0 0 5 1 0 0 3 9 1 3 1 1 6 3 4 2 6 4 0 1 7 3 1 10 4 7 5 13 3 96 4 0 0 14 4 12 9 4 2 7 8 0 0 67 
58 65 45 8 12 22 29 9 14 31 15 17 15 17 3 10 16 23 24 8 9 11 10 103 43 1 2 107 5 255 36 119 810 34 50 90 298 166 95 71 97 9 69 62 36 72 34 21 23 16 38 10 37 8 3 3 7 11 0 8 1 4 1 5 24 29 7 9 1 3 21 7 20 25 30 29 1 22 24 16 11 37 19 18 8 49 16 404 13 0 0 23 10 13 13 5 1 16 15 1 6 229 
10 5 15 1 8 8 8 13 14 10 0 6 9 18 9 5 4 7 4 2 0 4 5 48 15 4 0 24 3 10 1 13 106 27 4 8 30 3 1 13 8 0 7 13 13 19 25 2 4 61 4 5 10 2 7 2 14 6 0 65 12 5 0 24 31 28 1 19 0 7 18 13 24 69 12 4 2 4 31 9 2 3 9 13 3 36 1 55 7 0 0 11 9 10 5 6 1 5 6 0 2 30 
3 4 2 1 1 1 2 0 1 0 0 2 5 3 1 4 4 1 4 1 1 0 1 17 6 0 0 10 2 4 2 4 66 3 0 0 8 0 0 6 0 0 7 15 3 8 15 1 0 12 12 2 0 2 1 1 1 6 0 13 3 0 1 13 8 6 5 5 0 7 1 4 15 14 1 0 0 2 36 0 0 1 1 21 0 6 1 33 5 0 0 12 2 3 0 1 0 1 0 0 0 11 
7 7 2 0 0 2 1 2 0 1 1 2 1 10 3 5 4 2 5 6 2 0 1 20 10 0 0 14 0 5 1 0 82 1 6 1 19 2 1 0 1 2 4 4 1 5 2 1 2 20 7 3 4 1 0 0 1 0 0 8 2 1 0 3 3 7 5 10 5 20 1 3 5 19 1 2 0 1 3 11 4 0 1 5 1 10 3 35 3 0 0 2 2 2 8 0 1 1 3 0 0 22 
6 14 9 0 3 9 1 2 2 5 2 1 12 6 6 5 8 0 0 2 0 3 3 17 2 1 0 5 0 2 2 3 52 5 12 3 11 3 3 6 0 1 7 6 5 10 21 3 2 12 15 34 0 3 1 0 2 6 0 25 4 2 1 21 4 18 10 9 3 8 13 4 8 46 2 2 3 0 23 3 2 0 2 16 19 6 0 22 5 0 0 8 2 3 0 1 0 2 3 0 4 15 
1 9 2 0 3 1 5 1 7 4 3 1 1 2 6 2 0 1 2 1 0 1 1 12 4 1 0 11 0 6 1 5 21 4 6 0 0 0 2 6 0 0 4 0 0 3 1 0 3 34 20 101 17 2 3 0 0 2 0 18 2 4 0 0 6 8 7 11 18 9 3 5 16 17 5 2 0 0 9 11 3 0 0 8 2 0 3 11 2 0 0 1 1 1 1 1 1 3 0 0 0 16 
1 0 7 0 2 5 0 0 2 1 0 0 0 0 0 1 1 0 0 1 1 1 0 3 2 0 1 3 0 3 1 1 10 0 0 0 2 0 0 1 0 0 2 2 2 1 1 0 1 11 10 18 5 0 0 2 1 8 0 5 0 0 0 3 0 3 2 2 0 4 3 3 3 12 1 0 1 1 7 0 0 0 6 7 0 0 11 5 3 0 0 0 0 0 1 3 0 3 1 0 0 4 
4 1 1 0 0 1 0 0 0 0 1 3 1 17 4 2 1 3 5 0 0 3 0 13 0 3 0 6 0 4 1 4 22 1 4 0 3 0 2 3 5 0 2 1 0 3 1 0 0 10 10 3 6 1 0 0 1 0 0 10 0 0 0 10 1 13 2 10 8 8 0 0 7 9 8 2 0 7 6 1 0 1 2 8 9 8 1 9 0 0 0 1 0 1 1 1 0 0 4 0 0 9 
0 5 3 0 1 4 1 10 8 1 0 3 13 9 1 2 1 1 1 1 1 0 0 18 4 1 0 7 0 2 1 6 26 10 11 4 2 2 4 0 2 0 8 7 3 7 6 10 12 28 46 35 29 9 1 0 0 1 0 10 1 1 1 7 10 3 16 15 0 10 3 2 6 8 5 5 0 4 5 1 2 1 0 29 4 6 0 27 1 0 0 2 0 1 1 4 0 1 3 0 1 15 
0 0 0 0 0 0 0 0 0 0 0 0 0 0 0 0 0 0 0 0 0 0 0 0 0 0 0 0 0 0 0 0 0 0 0 0 0 0 0 0 0 0 0 0 0 0 0 0 0 0 0 0 0 0 0 0 0 0 0 0 0 0 0 0 0 0 0 0 0 0 0 0 0 0 0 0 0 0 0 0 0 0 0 0 0 0 0 0 0 0 0 0 0 0 0 0 0 0 0 0 0 0 
11 4 4 1 2 2 3 1 0 1 0 3 16 1 5 5 10 4 3 2 2 3 2 35 12 0 0 24 1 5 0 3 4 1 0 0 10 0 3 0 1 3 2 0 2 3 2 3 0 10 27 46 21 13 9 4 0 11 0 1 0 4 2 4 7 10 3 6 8 6 6 6 27 21 10 6 0 1 10 3 3 2 1 1 0 4 0 14 0 0 0 1 1 0 0 5 0 0 2 0 1 17 
0 3 0 0 0 0 1 0 0 0 0 0 3 1 0 0 1 0 0 0 0 0 0 4 1 0 0 1 0 5 0 0 2 4 0 0 1 0 0 0 0 0 0 0 2 4 0 2 0 22 25 7 22 4 3 2 1 3 0 0 1 3 0 1 3 12 5 13 1 8 1 0 5 9 3 2 0 0 5 1 0 1 1 0 1 2 0 7 5 0 0 0 1 1 0 0 1 0 0 0 6 7 
0 0 0 1 0 1 1 1 0 0 0 1 0 0 0 0 0 0 0 0 0 0 0 4 0 0 0 0 0 1 0 0 0 0 0 0 2 0 0 4 0 0 0 0 1 0 0 0 0 6 1 0 0 0 1 0 0 0 0 0 0 1 0 0 0 1 1 2 1 0 0 0 0 0 1 0 1 1 1 0 0 3 0 0 1 0 0 2 2 0 0 0 0 0 0 0 0 0 0 0 0 2 
0 0 0 0 1 0 1 0 1 0 0 0 1 0 0 0 0 0 0 0 0 0 0 0 0 0 0 0 0 2 0 0 0 0 0 3 10 4 3 1 2 1 0 1 1 0 1 1 0 6 11 2 13 4 11 9 0 7 0 2 0 0 1 0 3 1 5 1 4 4 0 1 1 3 1 0 0 1 12 0 1 0 0 0 0 3 0 4 0 0 0 0 0 0 0 0 1 0 0 0 0 0 
4 0 0 0 0 6 0 0 6 0 0 0 0 0 0 0 0 0 0 0 0 0 0 0 3 0 0 0 0 3 2 1 4 0 2 0 5 1 4 8 2 0 3 0 2 2 4 1 2 13 30 16 31 10 13 2 1 10 0 4 2 1 0 1 1 11 1 3 6 8 2 2 5 9 4 3 0 2 34 2 0 2 0 0 0 0 0 5 0 0 0 3 0 0 1 0 0 0 0 0 0 0 
7 4 2 0 0 0 1 0 1 2 0 0 0 0 0 0 0 1 0 0 0 0 0 2 0 0 0 1 0 10 4 5 9 0 0 2 0 1 3 1 7 1 4 0 7 6 6 3 12 26 11 1 11 5 9 3 3 3 0 12 14 1 0 4 7 7 2 9 4 18 2 1 33 8 7 6 0 9 10 21 2 2 1 3 1 2 0 6 5 0 0 0 0 1 0 0 0 0 0 0 0 4 
3 9 11 0 9 6 8 3 2 2 0 0 0 0 0 0 0 0 0 0 0 0 0 0 1 0 0 0 0 8 2 2 14 1 4 2 6 0 2 6 3 4 3 2 11 4 13 4 14 41 35 14 22 13 13 9 17 12 0 25 9 8 3 8 2 3 1 9 2 6 11 18 12 41 18 11 2 1 20 7 5 2 2 0 2 2 1 7 0 0 0 0 0 0 0 0 0 0 0 0 0 6 
1 0 4 0 2 3 0 0 0 0 0 0 0 1 0 0 0 0 0 0 0 0 0 0 0 0 0 0 0 3 0 1 10 0 0 0 2 3 2 0 2 0 0 0 3 0 0 1 4 7 1 11 11 4 0 0 0 11 0 16 1 5 2 0 0 0 1 1 3 3 0 4 2 1 1 0 5 1 10 0 1 0 2 1 0 0 0 3 0 0 0 0 1 0 0 0 0 0 0 0 0 3 
10 3 1 0 1 3 1 6 1 0 0 0 0 0 0 0 0 0 0 0 0 0 0 0 0 0 0 0 0 19 0 1 12 3 2 2 5 0 0 3 0 0 2 2 8 5 3 2 5 20 28 5 27 23 8 5 5 11 0 36 6 2 9 2 4 9 0 0 15 2 7 4 6 18 10 2 1 9 6 1 3 3 0 0 0 1 1 7 1 0 0 0 0 0 0 0 0 0 0 0 0 5 
0 0 0 0 0 1 0 1 1 0 0 0 0 0 0 0 0 0 0 0 0 0 0 0 0 0 0 0 0 3 0 1 2 1 0 0 6 0 8 1 0 0 1 0 2 1 1 0 0 6 5 4 4 6 2 1 3 3 0 2 1 0 0 1 6 5 1 6 0 1 7 9 5 9 1 0 0 0 3 0 2 0 0 0 0 0 0 1 0 0 0 0 0 0 0 1 0 0 0 0 0 0 
2 7 17 2 2 1 3 1 1 0 1 0 0 0 0 0 0 0 0 0 0 0 0 0 0 0 0 0 0 9 4 6 17 6 1 4 5 1 3 2 2 0 0 1 2 1 1 6 2 15 37 5 24 14 9 9 13 2 0 25 14 4 4 2 12 18 3 5 2 1 0 2 10 22 2 4 0 0 55 2 1 0 2 1 2 2 0 3 0 0 0 0 0 0 0 0 0 0 0 0 0 0 
18 10 6 0 1 3 0 2 1 2 1 1 5 3 0 1 0 1 0 0 0 0 0 0 0 0 0 0 0 3 2 3 21 28 2 12 15 4 8 2 5 4 2 4 9 4 8 3 4 43 22 12 28 4 9 21 3 24 0 12 19 10 8 10 19 56 2 27 15 26 1 6 23 52 15 8 10 5 28 6 14 4 8 5 3 2 2 16 1 0 0 0 0 1 0 0 0 2 0 0 0 5 
4 2 8 0 0 3 0 2 1 4 0 0 8 2 0 0 0 0 0 0 0 0 0 0 0 0 0 0 3 0 0 0 26 12 13 4 14 2 4 4 3 0 2 1 3 2 9 3 5 29 15 8 7 9 9 1 5 5 0 7 5 1 0 12 27 29 8 14 50 24 0 1 4 23 4 2 0 0 44 5 1 0 0 6 0 3 1 7 1 0 0 2 0 0 0 1 0 0 0 0 0 7 
3 5 5 2 0 11 0 9 3 2 1 1 0 0 1 0 0 0 0 0 0 0 0 0 0 0 0 0 1 2 0 0 8 26 2 1 5 1 3 1 4 1 4 0 18 0 4 2 1 38 42 16 29 24 6 4 4 6 0 20 14 0 5 3 34 44 11 4 3 17 16 12 1 5 33 16 0 2 54 11 6 11 5 12 4 4 3 18 2 0 0 0 0 0 1 0 0 0 1 0 0 5 
3 3 0 2 0 8 0 1 2 3 2 7 3 0 0 0 0 0 0 0 0 0 0 1 0 0 0 0 0 0 0 0 8 8 11 3 2 3 5 3 1 0 1 3 2 1 0 0 4 20 36 20 21 3 5 8 7 7 0 21 8 1 5 19 13 9 4 3 2 21 6 16 4 1 6 3 7 4 40 3 2 1 1 2 0 5 0 10 1 0 0 1 0 0 1 0 0 0 1 0 0 3 
0 1 0 0 0 6 2 5 12 3 0 7 10 3 10 26 1 0 1 0 1 0 2 6 4 1 2 17 0 11 0 4 20 1 5 1 15 0 3 5 5 0 12 6 28 42 9 4 2 66 10 4 6 4 9 4 6 21 0 13 0 2 13 41 6 11 6 6 20 37 8 0 7 21 4 5 15 20 109 61 77 22 108 142 42 38 3 85 29 0 0 5 15 8 7 1 3 4 13 0 0 41 
9 8 1 0 0 1 1 1 17 3 5 7 6 1 1 5 4 3 4 11 0 2 4 21 7 2 1 13 0 12 9 3 30 3 2 5 7 5 2 5 4 0 20 26 21 17 23 8 7 110 24 21 11 6 5 2 2 13 0 24 8 2 7 15 5 7 0 3 5 1 7 2 6 14 5 2 16 36 66 125 15 35 28 180 21 19 3 143 25 0 0 16 15 11 19 9 3 12 24 4 3 30 
2 0 1 1 0 1 0 0 0 0 0 0 4 0 0 9 0 1 0 0 0 0 0 1 0 0 0 0 0 3 0 1 6 0 0 0 0 0 5 0 6 0 14 0 1 3 1 2 2 9 10 0 2 3 0 2 0 3 0 5 1 1 0 2 1 3 0 0 0 0 5 0 5 4 3 4 1 34 30 41 7 6 19 44 44 0 4 37 2 0 0 2 6 4 2 0 1 2 2 1 1 12 
0 8 3 0 0 0 1 0 3 1 0 0 0 2 6 4 2 0 1 0 0 0 0 11 7 0 0 9 0 3 2 4 10 0 0 0 0 1 1 1 8 2 18 10 14 14 31 3 1 57 15 9 20 15 19 8 9 16 0 33 3 11 1 6 4 9 2 3 0 8 2 2 5 22 11 6 1 0 26 36 3 8 15 114 146 6 7 94 6 0 0 10 12 5 7 7 0 6 13 0 4 31 
5 6 1 1 3 3 2 0 3 1 0 3 8 6 2 3 8 5 2 0 1 1 0 22 14 1 1 13 0 25 2 7 33 1 0 1 2 0 4 4 4 0 27 14 5 17 8 7 11 76 26 23 23 21 17 4 5 4 0 7 6 4 1 16 13 16 5 15 6 21 23 10 17 79 9 11 1 0 9 8 0 23 17 56 124 8 8 127 11 0 0 13 7 31 6 6 1 3 8 1 16 68 
1 1 1 0 0 0 0 0 1 0 0 0 1 0 0 0 0 0 0 1 0 0 0 2 3 0 0 4 0 13 1 2 21 3 7 0 1 0 1 3 4 3 16 14 4 15 7 1 7 66 8 1 25 4 1 2 0 0 0 1 0 3 0 6 6 6 0 1 0 3 1 0 8 9 1 7 7 3 4 10 4 3 11 86 224 36 11 51 6 0 0 21 14 12 16 9 1 4 12 3 1 50 
2 0 0 0 0 0 0 1 0 2 0 0 0 0 0 1 0 0 0 0 0 0 0 2 3 0 0 6 0 1 2 2 6 1 2 0 1 0 0 5 2 11 23 15 3 9 8 2 3 62 13 19 11 5 1 1 3 6 0 3 0 8 0 1 1 3 4 2 3 5 4 0 7 32 22 4 0 0 18 3 5 3 15 72 155 21 9 67 6 0 0 11 6 9 3 15 0 15 15 2 6 29 
0 1 0 0 0 1 0 1 0 0 0 1 0 0 0 0 0 0 0 0 0 0 0 0 0 0 0 4 0 4 0 1 6 0 0 0 0 0 0 0 5 0 6 6 3 9 9 1 1 44 0 0 1 4 0 2 2 1 0 1 8 0 0 0 0 1 0 0 1 0 0 0 3 2 2 3 2 4 7 1 0 3 1 22 47 18 1 33 5 0 0 8 4 5 4 5 1 4 8 1 2 37 
1 3 0 0 0 0 0 1 0 1 0 0 0 0 0 0 0 0 0 0 0 0 0 1 2 0 0 1 3 0 0 0 4 0 0 0 0 0 0 2 9 0 18 8 2 9 5 1 4 48 13 5 2 1 0 0 1 4 0 4 0 1 1 20 0 6 0 1 0 0 0 3 4 58 13 10 1 4 6 31 1 4 1 64 36 13 1 86 11 0 0 7 11 7 0 4 2 2 7 5 2 33 
0 6 0 0 0 1 0 0 0 0 0 0 0 0 0 0 0 0 0 0 0 0 0 0 0 1 0 3 0 1 0 0 1 0 0 0 1 0 0 0 0 4 46 4 7 8 7 7 3 31 25 3 9 5 2 1 1 10 0 0 0 3 0 1 0 1 0 2 0 2 1 2 0 16 15 6 12 12 28 42 3 10 10 4 9 32 4 57 18 0 0 24 20 6 6 5 6 10 28 12 4 57 
2 1 3 1 0 0 1 0 0 0 0 0 0 0 0 0 0 0 0 0 0 0 0 1 1 0 0 2 0 0 0 1 7 0 0 0 1 0 1 2 2 2 59 25 6 33 15 2 2 49 6 3 3 10 3 0 5 3 0 11 0 2 0 0 1 0 0 0 0 0 1 9 4 8 22 8 2 12 16 75 10 6 11 10 4 24 24 80 23 0 0 22 25 15 10 15 4 4 21 0 18 69 
6 2 2 1 1 5 0 2 0 0 2 0 0 0 0 1 0 4 2 0 3 1 0 7 4 0 1 5 1 7 2 3 34 0 1 1 3 0 14 1 2 2 41 11 4 13 6 3 10 52 14 2 11 2 1 3 3 3 0 8 0 1 0 0 0 2 4 0 0 1 0 2 1 3 14 5 0 8 16 5 13 10 1 11 11 4 1 36 7 0 0 35 20 9 13 5 0 13 7 4 15 65 
3 6 0 0 3 0 1 0 0 1 0 0 2 0 0 1 1 0 1 0 0 1 1 8 0 0 0 5 0 21 0 3 11 8 0 1 13 9 1 2 2 4 20 40 0 10 16 2 8 35 10 7 3 1 0 1 0 3 0 3 5 3 1 0 6 2 0 0 2 1 0 1 0 7 12 19 0 4 20 11 6 4 8 36 20 0 8 19 4 0 0 25 4 10 17 0 0 4 14 0 0 58 
23 21 8 1 8 9 7 9 3 3 2 3 4 5 4 3 3 10 7 7 1 0 4 30 12 1 2 57 2 101 16 30 153 7 4 25 37 24 37 14 8 1 40 31 18 51 48 18 41 292 29 10 51 4 2 4 3 6 0 10 7 6 1 1 6 11 1 2 0 1 5 6 8 8 42 37 14 23 60 32 17 51 42 64 34 26 4 9 5 0 0 34 25 17 32 36 8 26 24 11 8 272 
4 1 1 1 0 1 5 1 0 0 0 0 1 7 2 1 0 0 2 12 0 1 0 5 5 0 0 3 0 16 0 7 51 0 8 3 32 6 8 10 6 2 40 9 0 8 5 3 1 24 8 3 9 2 1 0 0 1 0 4 2 2 1 0 0 1 0 1 0 1 0 1 0 1 15 3 1 3 5 3 11 3 5 10 7 14 48 23 3 0 0 19 2 6 8 18 0 14 17 1 12 63 
0 0 0 0 0 0 0 0 0 0 0 0 0 0 0 0 0 0 0 0 0 0 0 0 0 0 0 0 0 0 0 0 0 0 0 0 0 0 0 0 0 0 0 0 0 0 0 0 0 0 0 0 0 0 0 0 0 0 0 0 0 0 0 0 0 0 0 0 0 0 0 0 0 0 0 0 0 0 0 0 0 0 0 0 0 0 0 0 0 0 0 0 0 0 0 0 0 0 0 0 0 0 
0 0 0 0 0 0 0 0 0 0 0 0 0 0 0 0 0 0 0 0 0 0 0 0 0 0 0 0 0 0 0 0 0 0 0 0 0 0 0 0 0 0 0 0 0 0 0 0 0 0 0 0 0 0 0 0 0 0 0 0 0 0 0 0 0 0 0 0 0 0 0 0 0 0 0 0 0 0 0 0 0 0 0 0 0 0 0 0 0 0 0 0 0 0 0 0 0 0 0 0 0 0 
2 2 0 0 0 3 0 2 14 1 0 0 0 2 0 0 1 0 0 0 0 0 0 1 0 0 0 2 0 6 1 0 22 0 1 1 11 1 7 3 4 0 1 4 5 6 14 1 4 9 0 1 2 1 1 0 2 0 0 0 3 2 0 2 1 0 0 0 0 0 0 0 1 1 2 7 0 1 6 3 1 6 2 7 8 12 3 41 5 0 0 4 6 1 0 6 0 0 1 1 0 35 
1 5 1 0 0 2 0 0 0 0 0 0 0 0 1 0 0 0 0 1 0 0 0 0 0 0 0 2 0 7 0 0 15 0 4 4 11 17 6 1 3 0 8 39 5 7 8 0 14 23 10 0 5 0 0 0 1 3 0 0 0 0 0 0 0 0 0 0 0 0 0 0 0 2 4 2 0 1 3 18 5 16 2 14 5 13 6 38 1 0 0 9 1 0 0 7 0 1 4 1 13 27 
2 3 0 0 6 0 0 0 1 1 0 1 0 1 3 0 2 0 0 0 0 0 0 1 1 0 0 2 0 8 1 5 27 1 5 6 14 2 4 1 16 0 18 5 15 7 8 3 13 25 13 7 4 3 0 0 0 6 0 0 0 0 0 1 1 1 0 1 0 0 1 1 0 1 13 14 5 12 23 15 2 10 5 8 2 11 22 51 5 0 0 13 4 0 0 4 0 0 3 0 4 62 
0 3 0 0 0 0 0 0 0 0 0 1 0 1 0 0 0 0 0 0 0 0 0 1 0 0 0 0 0 2 1 2 15 0 0 0 6 0 1 1 8 0 19 4 1 2 18 3 2 39 10 10 5 0 0 0 1 5 0 0 0 2 0 0 0 0 0 0 0 0 0 0 0 0 7 7 0 4 5 8 14 8 2 17 5 8 2 42 8 0 0 5 1 0 1 1 2 6 4 0 2 44 
2 2 4 0 0 1 0 0 1 1 1 0 1 1 1 0 0 0 0 0 0 0 0 2 0 0 0 1 0 10 3 12 33 2 4 5 15 7 18 3 8 0 29 42 11 17 14 2 12 24 14 3 7 3 2 1 2 6 0 0 0 0 0 1 1 2 0 0 0 0 1 0 1 0 5 3 0 7 6 4 2 5 7 10 2 12 22 68 5 0 0 29 6 5 0 5 0 3 3 0 1 39 
0 0 0 0 1 0 0 0 0 0 0 0 0 0 0 0 0 0 0 0 0 0 0 0 0 0 0 0 0 1 0 0 8 0 0 11 4 1 1 0 16 0 4 20 8 1 0 0 10 5 6 21 2 0 0 0 0 0 0 1 0 0 0 0 0 0 0 0 0 0 0 2 0 0 1 4 0 1 1 6 0 3 0 1 0 1 4 14 1 0 0 6 0 0 0 3 0 1 0 0 0 11 
0 4 1 0 0 7 4 7 0 0 1 0 0 1 0 1 2 0 0 0 0 0 0 0 1 0 0 3 1 7 0 8 17 0 2 10 20 3 11 1 5 0 38 30 22 16 6 1 3 62 8 4 12 6 1 3 2 2 0 4 0 0 0 2 1 2 1 0 0 0 0 1 0 2 11 22 1 6 9 13 13 20 3 20 5 18 19 54 6 0 0 13 4 2 13 1 0 5 2 2 1 58 
0 3 3 1 0 1 3 0 0 0 0 2 0 2 0 1 0 0 0 1 0 0 0 1 0 0 0 0 0 23 5 0 13 1 0 5 27 2 3 3 1 2 65 30 18 32 28 10 6 152 17 1 13 11 11 13 3 14 0 1 0 3 0 0 3 2 0 0 0 0 0 0 1 0 20 28 0 11 25 35 17 64 17 48 15 35 21 144 16 0 0 65 11 6 17 1 1 0 2 1 2 73 
0 0 0 1 0 1 0 0 1 0 0 0 0 0 3 0 0 0 0 0 0 0 0 0 0 0 0 0 0 3 0 0 3 1 0 2 7 2 1 1 2 0 3 2 8 5 4 3 4 23 0 0 5 3 1 0 0 0 0 1 1 0 0 0 0 0 0 0 0 0 0 0 0 3 3 3 0 4 8 9 0 2 3 5 5 9 0 50 6 0 0 15 23 5 5 15 3 1 6 3 2 6 
0 2 1 0 0 2 0 1 0 0 0 0 0 0 0 0 0 0 0 0 0 0 0 0 0 0 0 0 0 1 0 2 8 0 0 0 0 1 2 0 0 0 8 2 1 8 0 0 11 6 9 0 0 3 0 0 0 2 0 0 0 0 0 0 0 2 0 0 0 0 0 0 0 1 4 5 0 0 3 4 8 1 0 2 1 8 0 19 2 0 0 4 0 2 3 3 0 0 0 0 0 4 
3 3 0 0 0 0 1 0 0 0 1 0 0 1 0 2 0 0 0 0 0 0 0 1 0 0 0 1 3 23 0 2 13 6 4 3 11 10 7 1 8 0 20 25 24 33 10 10 11 27 18 2 10 5 2 3 6 7 0 0 0 3 1 0 0 2 0 0 0 0 0 0 1 6 6 8 1 3 17 9 4 44 5 11 15 12 20 58 8 0 0 13 7 6 11 15 1 5 7 1 0 1 
