2 7 9 5 8 14 12 12 8 19 8 19 10 9 25 12 8 12 7 1 1 6 0 1 3 0 1 3 8 0 0 1 7 1 4 3 0 1 4 5 3 0 5 1 1 8 2 2 3 8 2 0 1 1 3 0 0 1 0 1 0 0 0 2 3 4 0 1 0 1 4 1 1 2 1 2 0 1 10 1 0 1 1 1 0 1 2 11 1 0 0 0 0 3 0 3 0 0 0 0 1 0 
7 3 8 17 25 57 12 35 27 35 9 32 18 28 29 24 13 12 23 8 6 5 4 8 1 1 0 14 6 12 3 6 1 2 2 0 2 10 9 13 0 0 5 3 9 1 7 11 9 12 1 2 3 0 4 0 3 8 0 6 0 0 4 2 0 5 4 5 1 0 2 0 0 2 2 3 0 1 14 2 3 1 4 4 4 1 1 16 1 0 0 2 0 6 1 1 0 1 0 0 1 2 
8 6 3 10 4 19 6 9 20 14 7 19 20 18 15 22 9 6 16 1 3 3 3 5 4 0 2 5 12 0 1 2 3 0 0 1 0 3 6 4 4 1 1 1 4 4 2 2 3 6 4 2 5 2 0 0 0 0 0 0 0 0 2 1 1 6 0 1 0 0 5 1 0 2 0 2 1 0 6 8 3 2 1 0 0 1 2 5 0 0 0 1 0 0 1 1 1 0 1 0 0 2 
3 4 7 0 1 1 2 0 2 0 3 2 3 1 3 2 2 2 1 1 1 0 1 0 0 0 0 1 3 0 0 1 0 1 0 0 0 0 0 2 1 0 0 0 2 0 0 0 2 2 1 0 0 0 0 0 0 2 0 2 0 0 0 1 0 0 0 0 0 0 0 0 0 0 0 2 0 0 0 0 0 0 0 0 1 0 0 0 0 0 0 0 0 0 0 0 0 0 0 0 0 0 
9 10 3 2 1 7 1 1 2 1 1 7 5 4 3 5 4 1 2 2 0 1 3 1 2 0 0 1 1 0 2 0 1 0 1 0 0 2 2 0 0 0 1 0 0 0 0 1 1 3 0 0 2 0 0 0 0 0 0 0 0 0 0 0 1 0 0 0 0 0 0 0 0 0 0 1 0 3 3 0 2 0 0 0 0 1 1 2 0 0 0 0 0 0 0 0 0 1 0 0 0 0 
19 26 23 21 1 2 4 10 19 12 7 23 24 10 24 24 18 11 8 3 3 3 10 7 3 0 2 3 3 1 2 2 5 0 2 1 2 3 10 11 3 1 3 8 2 0 6 3 7 17 8 1 8 5 0 0 5 8 0 0 0 0 1 0 0 7 1 3 0 1 3 1 0 1 1 1 1 5 10 2 2 0 0 2 1 1 0 8 1 0 0 1 0 1 0 2 0 0 1 0 0 0 
12 29 7 20 7 5 2 7 15 12 9 5 21 18 20 14 14 3 6 7 6 3 3 5 2 0 0 8 16 6 0 5 1 2 0 1 1 3 5 11 7 0 0 2 4 2 5 1 4 6 5 0 14 2 1 4 2 7 0 0 1 0 2 1 1 2 0 6 0 1 3 2 0 0 3 4 0 3 7 1 0 0 1 0 1 0 0 6 2 0 0 3 2 0 0 0 0 2 0 0 0 0 
13 24 35 6 10 20 8 1 8 14 10 24 28 16 31 25 22 8 10 6 8 18 2 6 5 0 0 10 8 3 1 5 4 0 2 0 0 3 10 14 3 3 1 1 0 7 2 3 7 13 2 0 5 3 0 1 0 3 0 0 2 0 0 6 6 6 1 1 0 4 2 2 1 0 0 2 1 1 3 0 0 2 1 3 6 2 0 3 0 0 0 1 1 0 0 0 0 1 1 0 0 0 
17 41 39 11 8 21 29 14 5 4 5 18 33 23 21 25 19 12 7 5 4 9 3 22 3 0 1 9 7 8 0 3 8 1 1 0 2 4 6 26 2 1 1 4 3 1 8 11 0 12 2 4 0 5 2 0 6 1 0 3 1 1 0 1 2 1 0 2 0 1 2 1 1 0 5 2 2 2 3 0 0 0 1 1 1 0 0 4 4 0 0 1 0 1 1 2 1 1 0 0 0 0 
9 13 12 7 4 26 14 6 2 2 4 8 15 13 17 18 6 17 8 8 2 10 7 4 9 0 2 3 0 4 1 2 1 1 1 0 0 2 4 21 2 0 1 1 1 2 3 3 5 9 2 1 5 7 1 0 6 6 0 0 0 0 0 1 5 6 1 4 0 2 3 3 0 0 7 7 1 9 6 0 1 1 0 0 1 2 1 4 0 0 0 0 1 0 0 1 0 1 0 1 1 2 
6 5 3 0 1 5 6 6 5 5 0 8 9 6 6 10 12 16 0 2 6 3 3 7 1 1 1 2 3 1 0 1 0 0 0 0 1 1 3 3 2 0 2 1 3 0 3 0 3 3 2 1 1 0 0 0 1 0 0 0 0 1 0 0 1 0 0 0 0 0 0 0 1 5 5 4 0 0 0 0 0 0 0 0 0 0 0 1 0 0 0 0 0 0 0 6 0 1 0 0 0 0 
15 30 25 1 13 32 30 39 38 10 16 5 29 17 23 35 22 18 15 10 14 10 16 12 5 2 2 17 3 4 1 7 3 0 0 0 0 4 16 23 6 2 2 0 8 4 4 4 12 19 4 2 6 8 0 2 4 3 0 4 0 1 1 4 3 3 2 3 0 4 2 3 2 0 2 2 0 1 8 0 0 0 0 0 0 1 1 7 0 0 0 18 0 1 0 3 1 0 7 0 0 1 
17 54 23 9 9 22 31 46 27 10 17 14 8 6 9 43 42 16 19 26 25 24 10 41 9 3 2 38 4 9 9 6 1 2 3 1 0 3 12 21 7 2 4 3 5 8 4 3 6 20 7 8 6 4 3 0 3 7 0 6 0 0 0 4 1 5 0 1 1 0 2 3 0 3 5 6 0 1 5 4 0 0 0 0 0 1 0 3 2 0 0 3 1 1 1 11 0 0 0 0 0 1 
41 77 69 13 25 90 76 61 71 70 25 86 59 12 8 43 63 83 47 53 65 76 41 86 29 6 5 87 5 4 1 5 0 1 1 0 1 13 7 14 4 1 1 1 3 2 1 2 0 10 7 2 9 10 2 4 10 18 0 10 1 0 0 0 1 0 0 0 0 0 0 0 0 0 9 4 4 4 25 8 1 0 0 1 0 0 0 1 1 0 0 0 1 0 0 1 0 0 0 0 0 2 
16 42 40 20 15 55 33 39 45 22 19 26 16 2 3 12 22 15 7 15 27 20 41 39 27 2 15 62 2 2 1 1 0 0 2 2 2 0 4 5 7 1 1 2 2 3 5 6 1 10 13 1 6 2 4 2 4 4 0 4 0 0 1 0 0 2 1 0 0 0 0 0 1 0 0 2 0 1 12 3 0 0 0 0 0 0 0 8 2 0 0 2 0 0 0 0 0 1 0 0 0 0 
52 102 82 14 47 100 88 109 104 85 64 92 112 48 24 19 129 111 75 87 110 103 107 180 70 16 26 220 7 71 24 49 44 18 32 28 19 1 13 56 24 4 15 12 30 20 23 19 27 54 15 5 17 20 5 4 21 28 0 7 1 0 0 8 2 2 3 5 3 2 9 4 2 0 10 13 2 9 34 5 3 0 7 1 0 4 7 29 8 0 0 9 3 12 4 6 0 5 1 1 0 5 
20 36 11 0 4 41 14 22 28 34 14 29 28 32 18 41 2 18 21 28 33 29 38 105 12 12 5 67 0 18 7 18 10 8 17 14 3 5 13 24 13 2 12 16 18 10 22 8 18 25 6 7 9 2 1 1 2 2 0 17 2 1 0 2 2 0 1 0 0 1 3 0 0 2 1 3 1 1 9 3 3 0 0 0 0 3 4 21 7 0 0 4 0 1 0 3 1 1 0 0 0 0 
14 37 15 4 5 32 19 21 36 20 6 28 34 25 19 63 26 7 19 28 27 21 48 64 27 10 13 47 1 26 9 8 11 5 10 7 3 3 14 18 16 3 9 10 9 19 12 5 9 35 3 3 8 11 2 3 5 3 0 3 1 1 2 0 0 0 1 0 0 0 0 0 0 0 1 1 2 5 19 4 2 1 0 0 0 3 1 11 4 0 0 2 2 1 0 2 0 1 1 0 0 0 
13 19 12 3 5 23 12 18 16 19 9 31 43 39 18 51 94 17 5 27 40 17 53 61 20 12 10 61 2 26 7 24 6 3 11 5 8 7 24 14 16 5 2 3 9 10 8 5 6 29 6 1 5 6 9 0 1 6 0 1 1 0 0 1 1 0 0 0 0 0 1 0 0 0 2 0 0 1 11 0 1 0 3 0 1 2 1 15 4 0 0 1 0 0 0 1 0 0 0 0 0 1 
3 6 8 1 1 8 8 10 5 5 1 9 10 15 13 14 18 7 9 0 5 3 5 16 10 10 16 50 1 3 1 1 4 0 1 3 2 3 12 3 6 0 0 1 1 2 2 2 2 8 1 0 2 0 0 1 2 2 0 3 0 0 0 1 0 0 0 0 0 0 0 0 0 0 3 1 0 2 4 0 0 0 0 0 0 0 1 5 0 0 0 0 0 0 0 0 0 0 0 0 0 0 
2 7 6 2 3 14 4 9 6 16 4 11 22 16 19 50 17 17 15 2 2 7 68 73 15 13 52 119 0 1 0 4 6 2 3 9 2 5 13 8 7 2 9 0 3 1 1 5 4 6 1 0 0 0 0 2 1 3 0 0 0 0 0 1 0 0 0 0 1 0 0 0 0 0 0 0 0 1 5 0 1 0 0 0 0 2 1 5 1 0 0 1 0 0 0 0 0 0 0 0 0 0 
1 5 5 1 1 6 6 2 2 7 1 4 10 16 15 22 17 19 2 3 3 4 9 13 5 6 6 28 0 3 1 0 5 2 3 5 0 0 9 7 1 0 0 0 1 5 3 5 1 3 2 2 0 0 0 1 0 1 0 1 0 0 0 0 0 0 0 0 0 0 0 0 0 0 0 0 0 0 0 0 0 1 0 0 0 2 0 0 0 0 0 0 0 0 0 0 0 0 0 0 0 0 
2 1 4 0 0 7 3 0 2 4 2 7 7 4 10 13 18 8 7 3 8 3 1 4 5 6 19 31 0 1 1 2 2 0 0 3 2 4 6 3 1 0 2 0 1 2 0 0 1 10 0 0 0 0 1 0 1 1 0 1 0 0 0 0 1 0 0 0 0 0 0 0 0 0 0 1 0 1 1 1 1 0 0 0 0 1 0 1 0 0 0 0 0 0 1 0 0 0 0 0 0 0 
0 3 4 2 0 2 1 5 2 12 2 12 10 11 10 31 26 14 15 14 10 6 8 6 9 14 41 66 1 3 3 2 4 2 0 1 1 3 8 6 0 0 2 0 4 2 3 2 0 9 0 0 0 0 0 0 0 11 0 3 0 1 0 0 0 0 0 0 0 0 0 0 0 0 0 0 0 1 1 0 2 2 0 0 0 1 1 1 1 0 0 0 0 0 0 0 0 0 0 0 0 0 
0 3 3 1 1 5 0 3 3 3 2 4 7 4 3 23 13 9 11 7 3 7 7 5 2 0 7 20 0 0 1 2 5 1 4 0 0 2 3 3 1 0 3 3 1 4 3 2 1 2 4 0 1 0 0 0 2 0 0 0 1 0 0 0 0 0 0 0 0 0 0 0 0 0 1 0 0 1 2 0 0 0 0 0 0 0 0 7 4 0 0 1 0 0 0 1 0 0 0 0 0 0 
0 0 0 0 0 0 0 1 0 0 0 0 3 0 0 3 4 3 2 1 3 2 1 6 1 0 3 2 0 2 0 1 0 0 0 0 0 2 0 0 0 0 0 0 0 0 0 0 0 0 0 0 0 0 0 0 0 0 0 0 0 0 0 0 1 0 0 0 0 0 0 0 0 0 0 0 0 0 1 1 0 0 0 0 0 0 0 1 0 0 0 0 0 0 0 0 0 0 0 0 0 0 
0 0 0 0 0 0 0 0 0 0 0 0 0 0 3 4 0 3 0 4 0 3 4 12 1 0 4 8 0 0 0 0 1 0 0 0 1 0 0 4 0 0 0 0 0 0 0 0 0 0 0 0 0 0 0 0 0 0 0 0 0 0 0 0 1 1 0 0 0 0 0 0 0 0 0 0 0 0 1 0 0 0 0 0 0 0 0 0 0 0 0 0 0 0 0 0 0 0 0 0 0 0 
5 6 1 0 2 1 2 7 1 8 9 8 12 15 23 24 17 24 11 21 19 17 29 31 19 8 15 2 0 2 1 5 3 4 1 1 1 6 10 9 3 6 5 4 5 5 4 7 4 12 6 0 0 1 1 2 1 1 0 1 0 0 0 2 1 0 0 0 0 0 0 0 1 1 1 4 0 9 2 1 0 1 0 0 0 2 2 10 1 0 0 0 0 0 0 1 0 0 2 0 0 0 
121 189 299 38 56 142 132 88 62 39 43 79 59 45 31 42 21 12 22 21 18 11 11 9 6 0 0 14 0 5 0 8 3 4 7 4 0 5 8 16 7 3 5 7 8 13 12 6 11 31 0 2 21 1 3 1 8 8 0 6 3 3 4 6 7 2 4 8 4 0 8 0 1 1 2 2 3 5 14 8 2 0 3 4 3 5 5 11 2 0 0 2 1 0 0 8 0 2 0 0 0 0 
1 6 3 1 0 1 2 5 8 1 9 7 11 1 5 10 28 16 8 2 2 3 5 5 6 0 0 3 0 10 86 115 100 43 43 66 82 79 69 72 40 7 17 25 21 28 27 23 25 73 5 4 3 7 5 0 2 12 0 6 2 1 6 11 17 23 5 10 6 13 10 14 0 0 1 5 2 5 12 12 1 0 1 1 1 4 4 41 8 0 0 6 5 10 1 7 1 4 14 3 0 1 
1 2 0 0 0 1 5 0 1 0 1 0 1 0 0 1 15 5 4 0 2 1 3 0 2 0 0 0 0 81 4 50 49 12 18 46 42 21 23 39 12 3 7 15 11 19 3 4 3 18 1 1 0 3 0 0 0 5 0 5 0 0 4 4 7 6 1 6 1 3 6 5 3 3 1 1 0 0 6 1 0 2 1 0 0 3 6 17 0 0 0 3 4 0 2 1 0 1 5 0 0 3 
15 2 8 2 4 3 0 1 12 1 0 3 1 1 2 9 27 5 1 1 1 2 2 2 3 0 0 7 0 82 54 6 17 20 54 41 45 62 67 57 30 6 24 17 16 22 14 16 21 65 6 1 6 9 2 0 7 12 0 3 1 1 1 8 16 5 3 1 1 3 6 9 1 5 4 1 0 5 13 4 3 0 3 3 1 9 4 18 10 0 0 7 5 4 0 9 0 4 1 1 1 0 
18 21 16 5 4 14 5 9 5 2 1 12 8 2 5 24 17 18 4 7 7 13 5 21 7 0 3 20 0 178 90 86 9 27 69 68 58 111 123 119 72 11 72 42 71 77 71 70 94 369 50 30 44 23 25 4 13 16 0 5 5 1 1 7 19 21 7 9 5 11 30 21 5 7 18 10 1 2 40 9 3 4 3 3 1 15 11 96 24 0 0 21 12 25 7 18 7 9 8 3 1 7 
1 1 6 0 2 5 2 2 0 2 2 3 2 0 0 8 6 9 2 1 1 1 3 3 1 0 0 8 0 134 44 48 14 5 12 26 18 37 41 53 23 3 12 11 9 19 16 24 21 49 3 3 16 2 0 2 3 8 0 3 1 1 1 0 8 18 3 6 1 6 9 14 1 7 6 1 0 5 14 1 2 3 1 1 0 3 4 20 9 0 0 7 7 10 2 5 1 1 3 0 1 0 
5 5 4 0 3 8 5 7 5 2 0 4 4 2 3 4 21 1 5 6 4 10 17 12 4 0 1 29 0 176 65 100 24 19 10 23 24 66 46 115 58 25 55 33 51 62 20 42 40 107 7 3 6 16 4 2 7 8 0 3 1 5 4 1 5 8 5 13 6 17 20 18 9 5 6 3 0 5 19 3 2 0 4 1 0 15 8 39 14 0 0 21 3 15 6 26 0 6 6 0 1 6 
2 0 4 0 1 0 3 7 0 0 0 2 0 0 0 11 14 4 0 4 8 7 5 6 1 0 0 5 1 141 38 73 16 14 11 6 16 56 55 49 34 7 17 12 16 27 27 16 12 55 2 3 2 1 0 0 5 4 0 0 1 0 0 8 14 3 1 6 2 4 10 3 1 3 1 0 0 4 3 1 0 0 0 3 0 9 0 13 6 0 0 6 2 3 4 9 1 5 2 0 0 1 
3 7 5 0 1 3 4 4 2 3 1 5 4 1 0 35 70 19 15 10 19 18 11 33 10 6 4 26 0 407 190 359 102 104 121 134 13 148 222 447 187 52 101 96 128 118 82 89 84 265 8 13 10 11 6 4 8 11 0 0 2 2 14 30 39 43 19 54 8 13 49 38 13 9 2 10 1 8 14 6 3 3 0 1 4 19 22 97 60 0 0 30 21 32 18 38 1 27 23 9 3 6 
3 3 2 1 0 2 6 8 5 3 4 12 21 7 1 2 13 8 2 10 6 16 19 10 3 4 0 15 1 184 100 160 73 40 58 79 42 8 43 174 63 11 42 62 45 61 72 28 57 152 3 3 10 2 1 0 0 2 0 0 0 1 6 13 11 6 2 5 0 5 16 17 3 7 3 3 1 1 3 2 0 0 0 1 0 6 3 54 36 0 0 13 8 15 11 21 1 7 4 3 1 6 
27 66 32 4 21 43 29 63 42 53 27 56 52 24 14 6 93 85 47 34 57 78 78 70 37 7 15 106 6 439 127 353 183 164 172 183 243 116 25 804 409 45 115 162 172 215 152 140 159 458 25 13 43 20 4 1 19 27 0 8 12 10 9 38 75 49 17 25 8 23 40 30 19 23 19 18 2 21 61 9 6 1 22 9 12 38 55 181 59 0 0 54 31 56 25 78 12 26 22 18 19 26 
14 22 6 2 7 12 15 12 17 10 4 23 16 6 1 12 29 13 2 7 5 9 4 10 10 1 2 15 0 89 20 90 43 22 37 44 58 103 177 11 16 13 40 58 43 63 78 65 76 200 2 7 11 10 3 1 11 5 0 0 2 1 8 9 15 11 3 5 1 5 6 8 0 5 4 7 1 5 12 7 15 6 6 8 8 3 2 23 24 0 0 13 14 6 11 33 1 7 6 0 1 5 
2 5 5 2 5 7 7 0 6 2 8 5 2 4 3 3 12 13 2 4 0 3 3 5 2 1 2 3 1 39 12 46 40 35 15 17 34 54 62 28 6 24 17 16 18 42 34 29 38 123 7 0 6 2 1 0 3 4 0 1 0 0 0 2 6 5 1 1 1 0 5 1 0 0 6 3 0 1 6 1 6 1 1 3 4 8 8 8 4 0 0 6 5 5 2 10 0 4 3 0 1 4 
1 0 0 0 0 1 2 0 0 1 0 0 1 1 0 0 4 4 1 3 1 2 1 0 0 0 0 0 1 12 3 7 6 3 2 3 10 14 19 16 6 2 5 10 14 9 11 14 14 18 2 0 1 0 0 0 1 1 0 0 0 0 0 1 2 1 0 1 0 1 1 0 0 1 0 0 0 0 1 2 2 1 4 1 1 0 2 8 5 0 0 2 2 3 2 5 1 7 0 1 1 1 
3 12 6 0 1 4 7 13 4 5 5 8 9 0 3 3 15 9 4 2 4 6 4 7 2 3 0 13 2 45 26 51 16 24 17 29 33 48 87 64 35 14 18 30 27 55 49 90 103 133 7 1 7 7 3 3 4 5 0 3 1 7 2 10 9 9 4 3 1 4 3 5 1 0 16 5 1 33 25 14 22 4 21 46 31 37 45 82 54 0 0 10 31 42 15 73 6 46 34 7 10 18 
6 14 7 1 5 12 18 5 12 5 7 7 4 2 5 8 24 15 9 3 3 10 7 16 12 0 0 27 1 52 12 73 30 33 25 23 52 108 99 198 88 58 33 20 111 139 129 163 212 321 2 8 18 10 5 1 8 16 0 5 3 0 1 7 5 5 6 5 1 1 4 11 1 3 14 12 5 22 47 28 38 9 32 53 42 124 96 135 96 0 0 91 75 106 40 150 12 84 54 12 6 29 
2 14 5 1 4 2 5 5 2 1 4 2 8 1 2 6 19 24 8 6 4 3 4 11 2 0 2 5 1 36 10 38 26 20 13 13 35 61 65 65 35 20 35 55 4 58 57 103 136 146 6 2 4 2 2 0 1 2 0 0 1 0 2 3 6 8 0 3 1 2 4 5 0 4 2 2 0 16 17 2 5 5 10 11 16 26 17 29 22 0 0 15 6 27 15 36 4 24 17 2 2 16 
7 25 4 5 1 12 13 8 9 5 9 10 10 2 5 13 32 29 10 10 7 10 4 12 1 1 1 14 1 65 30 79 48 33 26 34 65 96 143 203 132 22 69 117 133 12 134 440 508 642 19 4 17 12 5 1 15 10 0 1 1 1 2 5 12 16 7 10 5 4 6 11 3 4 19 9 1 15 22 25 24 13 18 44 33 80 71 185 60 0 0 54 33 64 27 84 9 40 41 7 3 44 
1 4 3 1 2 10 2 6 5 0 1 8 6 3 1 3 11 13 7 1 3 4 5 10 10 0 1 2 0 29 11 20 25 8 6 9 27 29 45 56 29 8 13 36 41 37 5 109 104 164 6 2 0 5 1 1 1 7 0 1 3 0 0 5 5 2 2 3 0 0 3 5 1 0 4 1 1 4 6 10 7 3 3 9 16 14 9 86 22 0 0 14 9 9 1 14 2 20 17 2 2 10 
0 3 4 0 2 2 0 3 0 0 1 4 2 0 1 0 11 11 2 2 5 0 3 3 1 1 0 1 0 9 8 21 21 7 13 8 16 35 28 37 39 4 13 27 41 95 56 6 96 219 4 4 2 0 2 0 2 4 0 1 0 0 0 1 0 1 1 3 0 1 3 0 0 1 2 3 0 4 8 1 3 5 11 9 10 6 6 55 10 0 0 19 7 12 13 11 2 14 13 0 2 10 
2 3 4 1 1 5 1 2 2 2 3 1 5 2 1 1 6 2 3 1 1 1 3 1 1 0 0 3 0 25 3 13 13 3 8 10 19 18 27 39 27 11 18 16 27 46 26 52 8 109 2 1 1 1 0 1 1 1 0 0 1 0 1 3 4 3 1 1 0 0 0 1 3 2 1 1 0 4 8 1 4 0 7 7 11 10 5 60 11 0 0 12 1 11 6 9 1 5 10 2 2 13 
20 30 31 3 16 27 22 24 16 31 15 40 41 19 13 34 69 48 32 13 24 23 26 29 15 2 5 47 0 150 58 116 171 77 61 58 146 187 314 317 191 49 102 228 263 402 280 694 1072 27 21 17 40 15 6 5 8 24 0 2 4 1 2 28 26 22 5 7 3 5 18 22 12 8 25 22 7 31 47 28 38 25 36 76 50 113 88 446 81 0 0 86 55 81 83 109 8 77 94 25 13 45 
0 1 2 0 3 3 2 2 5 3 6 2 3 3 2 5 3 1 5 2 1 3 0 3 1 0 0 6 0 4 1 1 4 2 3 1 0 0 1 3 1 2 0 6 1 2 3 6 2 5 3 14 12 21 7 4 12 17 0 10 4 1 4 4 6 6 0 2 0 2 5 3 0 3 7 4 0 4 24 0 3 1 6 6 1 11 2 23 7 0 0 3 0 0 2 3 1 3 0 0 0 2 
3 0 0 1 2 4 1 2 0 2 1 2 0 5 0 1 3 3 4 0 0 2 0 1 6 0 1 0 0 4 0 2 4 4 0 3 0 1 0 2 1 0 1 3 1 4 5 0 0 8 5 0 15 44 12 11 16 22 0 6 1 3 2 6 3 10 1 6 1 4 6 2 1 0 9 3 1 3 61 4 9 1 12 13 14 6 5 24 1 0 0 2 1 2 5 1 1 0 2 0 0 1 
2 6 1 0 5 7 6 1 4 4 1 5 5 5 11 10 5 1 0 1 1 0 1 3 4 0 1 4 0 9 2 10 7 12 1 3 3 1 13 9 0 3 0 8 3 9 6 7 4 17 82 71 4 56 34 9 16 39 0 14 9 2 4 8 10 14 7 5 1 10 6 8 2 2 9 8 4 14 45 11 14 3 12 10 8 19 5 35 7 0 0 4 1 4 2 4 0 7 2 1 1 2 
0 3 5 0 2 6 3 1 1 1 1 6 4 3 5 3 3 5 2 1 0 0 0 1 0 1 0 0 0 6 2 3 2 2 4 3 1 0 9 1 0 1 5 2 0 1 7 0 2 8 17 17 15 5 11 4 9 20 0 19 2 0 4 20 3 15 3 4 1 8 3 3 3 5 2 0 0 13 18 1 5 1 7 7 9 2 5 14 2 0 0 5 1 1 2 2 0 2 0 0 0 1 
0 0 0 0 0 2 0 0 0 0 0 2 2 0 0 1 1 4 0 0 1 0 0 0 0 0 0 0 0 2 3 3 0 3 0 4 0 0 0 0 0 1 0 2 0 2 0 2 0 2 0 4 7 3 0 1 3 5 0 3 0 2 0 2 5 0 0 3 1 1 3 1 0 0 1 3 1 9 6 1 0 0 3 1 1 2 1 0 0 0 0 2 1 0 0 0 0 0 0 0 0 0 
1 3 0 0 0 3 3 0 1 4 2 1 1 0 0 1 0 0 0 2 0 0 0 2 0 0 0 0 0 1 0 1 0 1 0 0 0 3 0 1 0 0 0 1 0 1 0 0 0 2 4 2 4 0 1 0 0 2 0 2 0 0 0 2 1 3 0 2 0 2 0 0 0 2 2 0 3 1 4 1 0 1 0 0 4 0 0 2 0 0 0 1 1 0 0 0 0 1 0 1 0 0 
1 1 1 0 1 1 2 6 0 0 3 1 2 0 1 2 1 3 0 0 1 1 1 0 0 1 2 2 0 8 2 3 2 2 2 1 0 1 2 0 2 0 4 1 3 1 2 0 0 5 17 4 12 5 7 0 0 1 0 3 0 3 1 1 2 12 1 7 3 5 4 3 0 1 11 4 3 10 15 0 0 1 5 9 4 4 0 12 0 0 0 1 1 4 1 1 0 1 5 0 1 0 
1 4 1 2 1 9 7 4 6 3 1 2 6 1 6 3 4 3 2 0 2 1 2 2 1 1 1 4 0 3 3 13 4 6 7 2 5 1 7 5 4 0 6 7 3 7 1 3 4 6 41 24 34 31 17 22 10 5 0 17 5 1 2 11 18 18 2 7 2 4 3 8 18 2 38 28 1 24 83 20 25 5 13 23 16 15 6 26 7 0 0 4 0 9 0 3 0 0 3 0 0 2 
0 0 0 0 0 0 0 0 0 0 0 0 0 0 0 0 0 0 0 0 0 0 0 0 0 0 0 0 0 0 0 0 0 0 0 0 0 0 0 0 0 0 0 0 0 0 0 0 0 0 0 0 0 0 0 0 0 0 0 0 0 0 0 0 0 0 0 0 0 0 0 0 0 0 0 0 0 0 0 0 0 0 0 0 0 0 0 0 0 0 0 0 0 0 0 0 0 0 0 0 0 0 
8 13 9 2 2 3 4 4 0 0 4 9 8 5 5 11 5 3 2 9 4 4 3 8 3 0 4 9 0 24 2 5 3 9 2 0 1 0 7 7 0 0 1 4 2 3 1 2 2 5 10 12 17 12 8 3 12 18 0 2 6 2 2 4 22 13 1 12 4 6 20 8 5 9 10 7 4 9 16 4 3 5 5 5 4 6 5 15 4 0 0 1 0 1 0 4 0 0 1 1 0 1 
0 1 2 1 1 0 0 0 0 0 0 0 1 1 1 1 1 3 3 0 0 0 2 0 0 0 0 0 0 1 2 2 1 3 0 0 0 0 2 2 0 0 1 0 1 2 2 1 0 2 3 5 5 4 2 0 3 8 0 3 1 2 1 1 3 4 1 7 0 0 4 2 2 2 1 1 0 0 5 1 0 1 1 2 0 0 0 4 1 0 0 0 1 0 0 2 0 0 0 0 0 0 
1 1 5 0 0 2 4 7 1 4 4 2 1 1 2 0 4 0 0 0 0 0 0 0 0 0 0 0 0 7 6 6 0 4 4 0 2 5 9 5 3 2 7 1 2 1 1 4 2 5 0 0 1 4 1 2 7 5 0 2 0 0 2 5 10 7 3 9 4 2 8 13 2 2 0 1 0 6 10 0 0 7 6 5 1 1 4 6 1 0 0 0 1 0 0 0 0 1 1 0 0 1 
1 1 1 0 0 1 0 1 1 0 3 0 2 0 0 0 1 0 0 0 0 0 0 1 1 0 0 2 0 2 3 2 0 0 0 3 0 0 6 2 1 0 0 4 1 0 1 0 0 3 2 1 2 0 1 1 5 10 0 2 0 1 0 1 14 16 0 4 2 5 2 8 2 7 2 3 1 3 5 2 2 0 0 1 0 0 2 6 1 0 0 0 1 1 0 0 0 0 0 0 0 0 
6 13 6 2 4 4 8 7 1 3 5 5 0 1 0 3 4 0 1 1 0 3 1 1 0 0 0 4 0 16 11 11 3 0 10 6 18 11 11 16 16 1 3 5 4 5 1 11 7 20 11 13 19 12 2 2 8 31 0 17 2 2 1 1 6 24 7 19 3 34 21 28 8 20 23 7 1 13 23 9 5 8 7 1 0 0 1 13 2 0 0 3 0 0 0 3 0 3 2 1 0 1 
2 5 1 1 5 7 3 3 3 1 0 3 0 0 0 2 0 0 0 0 0 0 0 1 0 0 5 0 0 20 15 13 4 4 3 1 5 1 7 15 2 2 1 1 4 4 4 7 5 17 5 10 10 7 4 2 5 11 0 8 2 2 2 20 2 25 8 11 8 24 32 28 15 23 2 6 1 6 31 3 0 0 5 2 0 2 0 9 1 0 0 0 0 1 0 2 0 1 0 0 0 3 
1 4 7 0 4 4 17 2 6 3 3 0 1 1 0 1 0 0 0 0 0 0 1 0 0 1 0 0 0 16 20 19 6 8 13 5 2 1 3 10 2 0 2 1 5 8 7 6 11 18 4 10 11 7 10 2 10 14 0 23 8 2 8 14 15 5 13 29 13 23 32 52 19 24 6 7 5 5 31 10 3 3 1 2 4 4 3 9 1 0 0 1 0 1 1 3 0 2 1 0 0 0 
3 2 1 1 0 4 0 1 0 2 0 1 0 0 0 0 0 0 0 0 0 0 0 0 0 0 0 0 0 6 2 10 1 5 6 2 0 1 1 2 0 0 3 0 0 2 1 3 0 3 0 3 7 12 3 0 8 3 0 9 4 0 7 2 7 6 0 8 4 11 27 26 16 6 2 1 0 8 13 2 7 1 1 1 0 0 0 0 2 0 0 0 0 0 0 1 0 1 0 0 0 0 
0 6 5 0 0 2 2 4 0 4 1 0 2 0 0 0 2 0 0 0 0 0 0 0 0 0 0 0 0 10 3 3 1 2 2 5 2 0 1 5 1 0 4 0 4 4 1 0 5 14 5 6 10 9 3 2 5 12 0 9 5 0 9 4 20 9 4 3 6 4 41 39 8 26 3 0 2 5 22 3 0 1 1 0 0 0 2 1 0 0 0 1 2 0 0 0 0 0 0 0 0 0 
0 0 4 0 2 0 1 0 1 0 0 0 0 0 0 2 2 0 0 0 0 0 0 0 0 0 0 0 0 3 5 2 3 3 4 3 3 5 1 0 2 0 1 2 1 3 0 0 0 1 0 0 5 1 1 0 2 8 0 9 1 0 5 3 6 13 13 11 0 1 28 26 3 2 1 1 0 1 6 0 1 0 2 2 0 1 0 1 1 0 0 0 0 0 0 0 0 2 0 0 0 0 
0 0 1 0 1 0 0 0 0 0 0 3 1 0 0 0 0 0 0 0 0 0 0 0 0 0 0 0 0 1 4 1 3 1 2 0 0 3 2 2 2 0 0 0 0 3 1 0 5 0 5 2 8 1 6 0 2 4 0 2 1 1 0 6 11 12 8 6 4 1 17 27 11 12 0 3 0 2 8 1 1 2 0 3 1 0 2 0 1 0 0 0 0 0 0 0 0 0 0 0 0 0 
2 3 1 2 2 1 3 2 1 0 1 2 1 0 1 0 0 0 0 0 0 0 0 0 0 0 0 1 0 6 1 3 9 7 0 3 3 2 10 4 2 0 3 3 5 0 2 2 1 5 7 1 3 2 2 0 4 6 0 13 0 0 3 3 14 14 9 13 2 19 2 4 4 18 0 0 0 0 11 3 4 1 1 2 1 0 0 5 0 0 0 1 0 0 0 0 0 0 0 1 0 0 
1 6 1 3 4 6 6 4 0 3 2 9 0 0 0 1 0 1 0 0 0 0 0 1 1 0 0 0 0 19 4 7 7 12 4 6 15 4 4 6 8 0 1 2 3 1 0 1 3 11 2 2 2 3 2 2 9 11 0 8 4 2 1 13 12 52 22 21 20 52 105 1 40 55 0 1 0 3 17 2 4 3 1 2 1 3 0 4 2 0 0 2 0 0 1 1 0 1 0 0 0 0 
0 4 1 0 0 1 0 2 0 1 0 0 0 0 0 1 0 0 0 0 0 0 0 0 0 0 0 0 0 2 1 1 1 3 2 1 0 1 1 4 1 0 0 1 2 3 1 1 7 3 6 1 2 2 0 1 3 2 0 6 4 0 1 7 12 10 8 18 10 4 8 14 2 4 1 2 1 0 1 2 5 0 3 3 0 0 0 4 1 0 0 0 0 0 0 0 0 0 0 0 0 0 
2 3 2 0 0 1 4 2 1 0 0 2 2 0 0 1 1 0 0 0 0 0 0 0 0 0 0 0 0 0 0 2 1 2 3 2 1 1 3 8 0 0 0 0 0 2 0 2 1 6 3 4 1 3 3 1 1 10 0 2 8 0 0 6 2 17 6 4 3 21 17 17 1 0 1 1 0 4 10 1 1 0 3 2 3 0 2 3 0 0 0 1 0 1 0 0 0 0 2 0 1 0 
0 0 1 0 0 0 0 1 4 2 1 0 0 2 1 1 1 0 0 1 0 0 0 1 0 0 0 3 0 1 2 2 3 0 1 2 0 4 2 1 1 0 5 3 0 4 1 4 5 4 4 1 2 6 1 0 0 3 0 1 0 1 1 5 6 3 1 0 0 0 4 2 0 2 2 3 0 6 12 2 6 1 4 11 3 5 0 17 0 0 0 5 1 2 1 1 0 5 0 0 1 1 
0 1 0 0 0 1 0 0 0 1 0 2 0 2 3 3 0 2 0 0 0 0 0 0 1 0 0 1 0 1 1 3 2 0 1 0 0 0 0 1 2 1 3 0 2 3 2 3 3 12 3 0 3 1 4 2 1 6 0 3 5 0 0 4 1 5 1 1 1 0 1 0 0 0 7 0 5 12 16 7 2 5 18 15 7 5 2 19 3 0 0 0 2 4 0 1 0 1 2 0 0 1 
0 0 0 0 0 1 0 0 0 1 0 1 1 0 0 1 0 0 0 0 0 1 0 0 0 0 0 0 0 0 0 4 0 0 0 0 0 0 2 1 0 0 0 0 0 1 0 0 0 0 1 0 2 1 0 0 0 2 0 0 0 0 0 1 0 0 0 3 0 0 0 0 0 2 0 3 0 1 6 3 3 1 2 7 3 3 0 4 3 0 0 2 1 1 0 1 0 1 0 0 0 0 
7 1 1 0 0 0 0 1 0 1 0 1 0 0 2 1 0 1 1 0 0 0 2 2 0 0 1 2 0 1 1 1 2 2 0 0 0 0 5 2 6 0 1 1 2 2 7 4 0 8 3 2 4 3 1 1 4 1 0 2 2 1 1 2 4 2 0 3 1 0 1 1 0 2 19 7 8 9 20 3 9 0 11 18 5 20 3 15 1 0 0 0 1 0 2 1 0 8 3 3 0 0 
6 26 12 7 8 16 18 10 15 19 7 11 17 7 18 38 15 9 4 2 2 5 12 7 3 0 3 13 0 42 13 23 12 11 13 9 8 9 20 26 9 6 26 27 16 12 15 18 26 61 138 95 167 110 86 51 99 124 0 57 13 10 7 26 24 45 13 24 7 37 25 29 4 8 315 323 106 106 13 91 163 57 105 153 84 45 36 112 21 0 0 10 6 30 12 16 7 18 11 5 2 10 
0 1 1 1 0 0 0 0 1 3 1 1 0 5 0 0 4 5 0 1 0 2 0 2 0 0 0 0 0 3 4 4 2 0 0 0 0 0 1 3 0 2 6 6 4 4 2 1 2 11 4 2 6 5 0 1 4 3 0 0 2 1 0 3 1 2 0 2 0 1 4 1 0 1 17 20 17 14 19 2 7 4 10 21 23 6 9 22 3 0 0 3 3 7 5 9 2 7 5 2 0 3 
0 1 1 1 0 1 0 1 0 0 0 1 0 0 0 0 0 0 0 0 1 0 0 1 0 0 0 0 0 1 0 1 1 0 0 0 0 0 0 5 4 0 7 3 2 7 1 3 3 15 1 0 2 1 5 0 0 1 0 0 4 0 0 0 1 2 0 3 0 0 0 1 0 0 14 16 3 8 26 2 2 3 9 19 12 12 5 22 5 0 0 2 4 8 9 5 2 5 4 1 0 1 
1 0 0 0 0 0 0 0 0 0 0 0 0 0 1 0 0 0 0 0 0 0 1 0 0 0 0 0 0 2 2 1 1 1 0 0 0 0 0 8 1 1 7 6 2 9 3 5 1 8 3 1 6 5 0 0 3 4 0 0 0 0 3 0 1 2 0 0 0 0 0 1 0 2 6 23 4 13 8 13 14 0 3 10 19 8 4 24 7 0 0 5 2 7 3 6 3 6 3 1 0 3 
0 0 0 1 0 0 0 0 3 1 0 0 0 0 0 0 0 0 0 0 0 0 0 0 0 0 0 1 0 1 0 0 0 0 0 0 0 0 2 0 1 0 3 3 1 3 4 0 3 10 5 2 2 1 0 0 2 5 0 0 2 0 0 2 2 3 0 1 1 0 3 2 1 0 8 11 4 12 17 10 6 1 3 20 14 8 8 20 6 0 0 5 2 7 2 7 0 8 3 1 3 1 
2 4 3 2 1 7 4 8 2 1 1 0 0 1 0 0 2 0 0 0 0 0 0 2 1 0 0 3 0 2 2 2 3 4 0 1 1 1 6 10 8 3 13 25 10 17 13 16 22 67 19 15 20 22 8 7 32 24 0 14 5 1 0 2 3 3 6 1 0 3 8 4 1 1 70 60 20 66 127 82 97 29 164 8 110 63 23 106 40 0 0 7 14 46 21 34 2 19 15 1 2 6 
0 1 4 0 0 3 2 3 0 6 0 1 1 0 1 0 0 0 0 0 0 0 1 1 0 0 0 1 0 0 2 1 0 0 0 1 0 0 2 10 5 0 17 17 6 10 5 5 9 19 9 4 6 5 2 0 12 6 0 5 1 1 4 0 0 1 0 3 1 1 1 1 1 2 14 8 4 11 26 28 26 6 42 25 3 34 20 48 24 0 0 9 2 15 4 10 0 10 9 4 3 5 
0 7 0 2 1 9 3 2 5 1 0 0 1 0 1 1 5 6 4 0 1 3 1 1 2 0 0 0 0 14 8 7 2 2 7 0 5 11 18 8 8 3 10 32 26 21 26 17 16 56 10 6 14 6 0 3 9 7 0 4 1 0 0 3 4 3 0 3 1 1 1 1 1 2 16 11 2 19 30 26 35 16 45 53 49 10 6 46 27 0 0 18 8 42 9 38 2 23 22 5 9 10 
1 2 0 0 0 2 2 2 0 1 0 0 1 0 1 1 0 1 0 2 0 1 0 0 0 0 0 6 0 5 5 8 6 3 3 2 3 8 5 11 5 0 9 14 7 12 12 9 12 25 1 5 5 1 2 0 1 2 0 5 3 0 1 3 12 4 0 1 0 1 3 0 0 1 12 11 0 4 19 10 12 7 12 16 18 7 1 42 16 0 0 2 10 12 9 18 3 14 11 1 0 6 
9 17 13 0 4 10 4 3 8 9 0 1 14 5 9 1 12 9 2 8 0 3 2 3 8 1 0 17 0 38 19 37 53 18 20 9 24 52 80 40 22 21 137 132 104 169 141 126 155 666 53 27 32 12 2 3 14 19 0 17 3 0 0 2 13 13 5 9 0 4 6 12 5 3 36 54 5 37 68 58 47 44 38 115 90 105 55 19 48 0 0 119 41 106 40 120 11 48 51 13 9 58 
0 4 0 0 0 2 1 1 2 0 0 2 2 0 1 1 0 1 1 0 1 2 1 3 1 0 0 2 0 5 1 6 3 1 5 1 8 14 10 10 3 1 16 12 10 11 14 15 10 23 2 5 4 7 0 2 4 5 0 2 1 0 3 3 1 2 0 0 0 0 1 1 0 3 4 5 0 4 14 5 12 11 6 12 13 12 11 16 1 0 0 15 6 12 8 19 3 10 3 2 4 5 
0 0 0 0 0 0 0 0 0 0 0 0 0 0 0 0 0 0 0 0 0 0 0 0 0 0 0 0 0 0 0 0 0 0 0 0 0 0 0 0 0 0 0 0 0 0 0 0 0 0 0 0 0 0 0 0 0 0 0 0 0 0 0 0 0 0 0 0 0 0 0 0 0 0 0 0 0 0 0 0 0 0 0 0 0 0 0 0 0 0 0 0 1 0 0 0 0 0 0 0 0 0 
0 0 0 0 0 0 0 0 0 0 0 0 0 0 0 0 0 0 0 0 0 0 0 0 0 0 0 0 0 0 0 0 0 0 0 0 0 0 0 0 0 0 0 0 0 0 0 0 0 0 0 0 0 0 0 0 0 0 0 0 0 0 0 0 0 0 0 0 0 0 0 0 0 0 0 0 0 0 0 0 0 0 0 0 0 0 0 0 0 0 0 0 0 0 0 0 0 0 0 0 0 0 
4 9 13 1 5 12 13 13 10 8 6 10 8 17 8 10 24 14 6 16 5 3 3 6 5 1 1 7 1 65 22 46 32 62 36 29 52 86 126 85 72 28 66 155 67 126 113 124 198 318 8 19 9 12 3 1 21 28 0 17 5 0 2 18 12 7 1 3 0 2 11 3 2 4 15 11 4 21 44 39 52 21 52 104 74 145 118 387 123 0 0 11 74 112 52 443 25 263 98 12 25 76 
1 1 10 0 0 1 0 2 1 1 1 1 15 0 0 2 0 0 0 0 0 0 0 0 0 0 0 2 0 2 0 2 1 0 4 1 3 6 16 9 11 1 11 8 7 13 24 13 23 11 2 0 3 5 0 0 1 2 0 0 1 0 0 0 1 2 0 0 1 0 0 1 0 1 6 0 4 2 4 6 17 11 20 12 11 11 10 29 17 0 0 9 0 5 3 62 5 27 8 7 16 6 
0 0 1 0 0 5 0 2 1 0 1 0 0 0 1 3 3 1 0 0 2 0 0 0 0 0 0 0 0 9 4 7 3 2 3 2 6 12 13 7 9 3 14 15 16 11 8 13 21 53 6 2 2 3 2 0 2 4 0 2 0 0 0 0 1 0 0 0 0 0 1 0 1 1 7 1 3 4 21 3 6 7 7 31 16 19 13 52 22 0 0 15 6 3 5 36 4 29 18 5 1 6 
2 0 0 0 0 0 0 0 0 0 0 1 0 2 0 1 0 0 0 0 0 0 0 0 0 0 0 0 0 9 0 2 0 0 4 0 6 4 4 10 10 5 6 9 8 14 18 17 15 40 1 0 1 1 1 0 2 4 0 0 0 0 0 2 1 0 0 0 0 0 0 0 0 0 3 4 0 10 6 8 1 3 4 14 9 20 12 39 20 0 0 6 3 6 2 26 0 21 9 10 3 19 
2 2 0 0 0 3 0 1 0 1 1 2 1 1 0 1 2 3 0 0 2 0 0 0 0 0 0 1 0 6 1 4 13 1 1 6 7 7 16 7 9 1 17 19 18 24 17 8 15 38 0 0 4 2 0 0 4 0 0 0 0 0 1 4 0 0 0 0 0 0 0 0 0 0 0 6 1 3 14 3 6 5 7 18 8 11 16 67 28 0 0 24 14 12 7 4 0 38 9 5 4 19 
0 0 1 0 0 0 0 0 0 0 0 0 0 0 0 0 0 0 0 0 0 0 0 0 0 0 0 0 0 1 0 0 0 0 0 0 0 0 2 1 0 0 0 3 2 2 1 2 1 5 1 0 0 1 1 1 1 1 0 0 0 0 0 0 0 0 0 0 0 0 0 0 0 1 1 2 0 1 7 1 1 0 0 5 3 2 0 4 0 0 0 0 0 0 2 0 0 2 1 0 0 0 
0 1 1 0 0 0 0 0 0 0 0 0 0 0 0 0 1 0 0 0 1 0 0 0 0 0 0 0 0 3 2 4 3 2 2 1 1 1 4 4 3 2 10 6 9 5 5 4 8 18 1 2 2 0 0 0 0 0 0 1 0 0 0 0 0 0 1 0 0 0 0 0 0 0 2 5 2 3 4 5 9 4 5 10 10 8 2 29 13 0 0 3 3 3 3 7 2 3 1 0 1 4 
0 0 1 0 0 0 0 1 0 0 0 0 2 0 0 0 0 0 2 0 0 0 0 0 0 0 0 3 0 4 3 2 5 1 0 0 7 8 3 6 2 0 8 10 3 8 9 6 8 19 4 1 4 2 1 1 3 3 0 0 1 0 0 0 0 1 0 0 0 0 0 0 0 2 2 3 0 3 7 7 5 5 3 9 12 21 7 31 2 0 0 9 0 4 3 7 1 6 5 1 1 5 
0 0 0 0 0 0 0 0 0 0 0 0 0 0 0 0 0 0 0 0 0 0 0 0 0 0 0 0 0 1 0 1 0 0 0 0 0 1 1 0 0 1 0 3 0 0 0 0 0 3 0 0 0 0 0 0 0 0 0 0 0 0 0 0 0 1 0 0 0 0 0 0 0 0 0 0 0 1 0 1 0 1 0 2 4 4 0 6 1 0 0 1 0 1 3 0 0 0 1 1 0 0 
0 0 0 0 0 0 0 0 1 0 0 0 0 0 0 1 0 0 0 0 0 0 0 0 0 0 0 0 0 0 0 0 1 0 0 0 0 0 1 0 1 0 1 1 1 0 0 0 1 1 2 0 0 0 0 0 2 0 0 0 0 0 0 0 0 0 0 0 0 0 0 0 0 0 3 0 0 0 1 0 1 1 3 3 1 2 1 4 3 0 0 2 0 3 1 3 0 1 0 0 0 0 
1 2 0 0 0 2 2 0 3 0 0 3 0 1 1 1 1 0 2 0 0 0 1 1 0 0 0 1 0 5 0 4 5 1 5 6 3 5 8 3 2 1 13 10 13 11 8 8 10 26 3 2 1 0 2 0 0 1 0 2 0 0 0 0 0 1 0 0 0 0 0 1 1 0 3 1 0 1 8 1 3 7 0 12 5 7 5 51 13 0 0 12 7 13 6 13 3 1 9 5 1 0 
