14 20 40 18 25 67 59 63 67 68 19 94 83 84 97 107 68 41 51 44 23 30 10 39 11 1 5 36 84 3 0 4 5 3 9 4 3 5 19 22 13 3 11 13 11 14 26 17 16 66 9 7 5 16 6 2 5 19 0 5 0 2 1 4 12 12 6 7 0 1 13 5 0 0 1 3 0 4 26 7 7 3 10 6 5 10 3 29 8 0 0 10 1 3 1 4 5 0 1 0 0 16 
16 12 27 24 22 82 46 75 78 48 68 76 90 58 43 89 69 39 58 39 11 26 9 38 16 1 2 22 63 6 1 13 10 9 13 1 0 8 26 32 19 2 19 11 13 18 10 13 16 61 4 5 14 8 6 4 7 19 0 3 0 2 7 13 32 16 5 13 4 2 14 6 0 6 4 6 0 4 17 5 5 3 0 14 5 3 4 41 6 0 0 7 3 4 2 6 0 1 2 1 0 7 
89 46 6 20 11 72 75 72 97 37 20 89 83 82 89 75 47 49 48 24 16 28 9 40 17 0 4 40 95 2 4 2 10 5 8 4 2 5 19 22 16 2 6 9 12 14 13 10 13 29 7 8 15 18 5 2 7 8 0 4 0 1 4 6 12 8 6 12 0 2 7 7 9 4 3 8 3 8 25 1 3 2 5 7 7 1 2 22 6 0 0 5 1 2 3 2 0 1 2 0 0 2 
15 18 19 3 3 28 13 11 7 6 6 25 13 11 6 13 10 5 8 4 2 3 1 7 3 0 0 10 18 1 1 1 0 0 0 0 1 1 2 5 1 0 0 2 1 1 1 0 4 8 5 0 0 2 1 0 2 2 0 2 0 0 0 0 0 0 0 0 0 0 2 0 0 2 2 0 0 2 5 0 0 0 3 3 1 0 0 4 2 0 0 0 0 0 0 1 0 0 0 0 0 0 
28 27 18 19 5 16 11 21 11 8 52 22 45 16 40 35 13 12 22 3 9 3 7 10 5 0 7 18 26 3 0 0 1 1 0 0 1 2 15 3 4 0 3 8 2 7 3 9 5 16 5 0 2 5 1 0 7 12 0 0 0 0 0 0 2 4 2 3 0 2 14 7 4 0 3 1 1 1 9 2 0 0 2 2 2 4 1 10 0 0 0 0 0 2 0 0 0 1 1 0 1 2 
38 46 44 10 6 3 13 32 44 47 40 55 139 80 81 106 68 43 50 24 17 40 30 44 14 4 7 20 54 3 3 3 6 8 4 1 3 5 17 39 22 3 11 4 13 11 17 12 12 40 16 15 15 9 8 0 5 13 0 6 4 1 0 17 21 8 4 9 4 3 9 2 4 10 3 1 0 5 22 0 4 0 4 7 5 11 2 14 3 0 0 9 0 4 0 4 0 0 1 1 0 3 
40 50 58 26 19 44 13 28 38 39 33 55 78 65 51 84 53 26 21 25 12 9 5 45 6 2 5 6 65 7 1 4 8 3 2 1 4 2 24 22 14 2 4 7 7 5 9 2 4 27 2 2 3 10 13 0 6 13 0 3 1 0 2 2 5 14 2 7 2 4 10 9 3 5 20 9 2 1 16 5 3 5 2 13 0 5 1 14 2 0 0 5 3 5 0 2 3 6 0 0 0 0 
39 52 40 13 1 26 17 5 17 19 4 55 78 62 52 92 39 49 37 22 18 21 10 28 9 7 6 20 41 9 5 8 8 2 5 0 1 10 28 30 4 2 17 10 13 6 8 8 9 42 8 3 14 2 6 6 1 7 0 3 0 0 1 9 7 4 4 5 8 5 9 10 1 7 3 4 1 1 19 0 2 3 1 3 5 2 2 18 6 0 0 8 1 4 1 7 0 0 0 0 0 3 
48 125 130 32 19 60 86 28 10 34 33 44 158 100 75 119 63 73 36 31 21 38 11 35 10 4 6 34 39 11 0 9 10 6 3 4 1 16 37 21 11 2 10 18 11 12 11 7 7 57 2 3 6 7 7 1 4 14 0 2 5 0 1 21 8 11 2 5 1 4 7 3 1 4 9 8 0 11 32 3 1 5 0 1 2 1 1 6 4 0 0 6 1 7 0 13 0 3 3 0 0 4 
21 22 29 10 16 65 57 41 33 0 2 43 61 44 41 66 39 41 26 19 22 18 15 31 8 0 1 36 16 4 0 5 2 3 1 1 0 5 16 14 6 3 6 7 2 3 2 5 3 18 8 13 11 17 12 2 3 18 0 1 0 1 3 3 3 7 3 7 2 2 5 5 0 1 7 8 0 4 18 4 1 1 6 4 2 4 1 8 2 0 0 2 0 0 0 0 1 0 2 0 0 2 
13 23 25 10 5 26 51 34 17 11 3 17 29 23 24 58 22 25 25 40 23 24 19 29 18 0 6 39 9 5 1 1 8 0 1 0 1 5 13 10 8 2 3 10 3 16 1 4 11 33 3 0 2 2 2 1 5 6 0 1 0 1 1 2 1 2 0 2 0 1 1 2 0 3 3 0 1 2 9 0 0 2 0 0 0 5 0 4 1 0 0 2 3 2 2 0 0 2 2 1 0 1 
35 94 82 6 29 83 106 84 98 37 33 8 36 79 53 131 124 62 94 67 35 50 69 126 21 5 1 76 33 19 2 12 6 5 2 0 1 11 41 39 8 2 11 21 6 7 6 20 15 33 3 11 14 6 11 0 12 24 0 10 4 1 4 2 6 7 10 10 4 1 26 10 4 6 13 4 2 5 37 0 0 0 0 0 0 1 0 7 3 0 0 10 0 1 1 8 0 3 2 0 0 4 
48 86 79 4 32 149 169 166 157 98 44 57 12 86 64 108 150 126 108 48 69 68 53 106 48 6 5 60 23 13 15 22 17 2 5 1 1 14 36 30 11 9 12 10 8 20 5 6 3 39 10 7 8 18 5 3 13 20 0 12 3 0 2 2 4 6 5 2 0 0 2 12 1 4 7 4 2 8 40 2 3 0 0 0 0 1 1 13 2 0 0 13 5 1 1 3 0 1 1 0 0 2 
112 147 145 28 36 211 221 206 195 159 88 107 77 14 20 135 176 183 194 173 168 147 113 260 112 17 18 237 41 20 3 3 12 3 0 2 1 21 35 41 62 9 15 8 15 9 8 7 29 59 17 13 32 29 13 6 31 56 0 21 1 0 9 2 2 1 0 2 0 0 2 3 1 0 19 11 2 19 76 12 2 0 0 2 0 2 0 13 5 0 0 9 2 3 2 5 1 3 2 0 0 7 
76 105 101 20 25 101 107 115 101 72 53 60 88 22 8 27 78 86 80 114 91 131 146 154 47 7 10 172 26 16 5 10 12 3 23 2 3 7 14 27 17 5 18 8 11 22 13 5 3 38 10 10 18 18 5 5 8 20 0 12 1 0 2 0 1 0 0 0 2 0 4 1 2 1 17 8 0 10 38 8 0 0 1 1 0 1 1 10 5 0 0 10 2 5 1 7 0 3 0 9 1 1 
110 164 84 19 50 131 108 181 132 149 74 103 112 99 40 22 158 180 191 219 299 210 259 318 131 14 28 252 37 86 61 103 48 36 29 26 40 2 35 93 42 7 28 45 18 28 17 30 15 99 23 14 36 30 13 8 16 60 0 19 4 0 17 2 8 3 9 4 5 2 18 35 6 5 18 17 2 11 47 6 6 1 0 4 0 2 25 18 11 0 0 18 7 12 1 5 5 8 2 0 2 4 
43 63 62 15 21 101 90 74 184 131 46 98 88 117 60 112 19 75 93 136 211 151 154 352 59 5 61 158 27 112 62 154 47 50 42 39 25 11 83 93 97 3 37 25 52 53 49 25 28 86 19 11 26 23 2 7 15 22 0 9 2 4 5 2 6 0 3 0 0 0 4 4 3 3 15 20 7 27 59 5 2 1 1 2 0 23 6 45 23 0 0 14 1 3 1 0 2 5 1 1 1 10 
36 46 58 7 22 65 66 85 63 73 83 122 168 156 92 253 92 9 55 90 225 135 199 307 125 36 24 203 21 122 47 92 75 47 46 47 21 31 74 118 79 12 37 60 66 55 35 31 47 148 7 4 19 19 3 2 28 36 0 10 0 3 2 9 2 0 0 0 2 0 3 0 1 0 11 1 1 24 53 7 14 2 1 3 3 18 26 25 51 0 0 25 2 3 1 3 0 0 2 0 0 5 
35 47 38 5 10 42 43 64 88 65 55 99 153 159 121 231 209 147 10 131 323 218 262 323 73 14 14 150 18 68 22 70 50 39 40 60 36 25 63 69 13 21 9 23 48 38 32 14 45 126 6 10 13 7 6 7 20 14 0 8 3 1 0 3 5 2 0 0 0 0 1 1 0 0 7 2 1 9 30 12 12 2 0 2 1 25 4 25 3 0 0 25 1 0 0 2 0 1 2 0 0 0 
13 21 25 5 6 19 20 29 22 29 9 43 55 62 41 78 106 35 40 8 19 32 112 197 62 42 60 100 6 27 14 17 14 3 7 17 9 13 29 34 12 2 2 9 8 21 5 8 10 31 2 3 2 2 1 0 10 7 0 4 0 1 0 1 0 1 0 0 0 0 0 0 0 0 0 4 0 1 17 3 1 1 2 0 0 4 2 10 3 0 0 2 0 1 0 0 0 0 0 0 0 0 
3 11 34 2 4 16 10 7 20 16 4 19 60 72 48 170 109 65 58 7 7 13 48 77 31 34 61 54 6 10 0 2 2 2 8 11 12 13 36 14 24 0 6 8 13 17 4 8 9 31 1 0 0 1 0 0 1 2 0 0 0 1 1 0 0 0 0 0 0 0 0 0 0 0 3 0 0 0 6 5 9 3 0 0 0 1 3 13 6 0 0 1 0 0 0 0 0 0 0 0 0 4 
9 28 21 2 5 10 29 14 20 19 7 36 43 58 30 100 48 46 50 30 34 15 95 88 23 28 42 127 3 9 2 9 7 6 1 4 14 4 24 6 6 0 3 4 7 2 2 4 7 10 1 0 2 3 0 1 2 2 0 0 0 0 0 0 0 0 0 0 0 0 0 1 0 0 4 2 0 0 2 0 0 0 0 0 0 5 0 5 2 0 0 2 0 0 0 0 0 2 1 0 0 0 
7 6 7 4 1 9 11 8 9 15 9 15 51 46 25 83 51 57 40 32 39 26 3 23 5 8 20 91 2 4 9 1 8 0 14 6 12 10 30 8 12 2 1 9 4 6 3 2 5 25 6 2 0 0 1 0 0 8 0 1 2 0 1 0 0 0 0 0 0 0 0 0 0 0 0 2 1 3 7 0 0 0 0 0 0 0 3 6 3 0 0 0 0 0 0 0 0 0 0 0 0 0 
15 25 9 4 15 25 15 22 26 43 15 45 38 52 50 150 96 54 62 30 47 29 24 8 14 88 344 118 5 5 5 4 11 5 13 7 18 6 46 25 4 2 10 4 11 12 11 12 12 50 4 1 4 1 1 4 3 6 0 3 0 0 0 2 0 0 1 0 0 0 0 0 0 1 3 10 0 1 24 3 2 3 1 2 0 1 2 20 3 0 0 8 0 0 1 0 0 1 0 0 0 0 
17 29 10 2 5 31 18 24 27 40 9 32 62 47 58 143 58 39 64 42 64 24 49 26 6 3 53 91 5 18 11 9 35 7 10 20 20 16 40 45 24 3 10 12 26 19 20 15 13 107 20 11 22 6 1 1 2 13 0 2 0 0 4 1 4 0 1 0 0 0 1 0 0 0 7 4 1 3 34 9 2 1 0 4 1 9 3 42 4 0 0 7 0 0 1 3 0 1 0 0 0 1 
0 6 5 1 1 3 2 1 2 3 6 0 2 4 5 17 8 5 8 13 16 23 11 18 3 1 4 26 0 2 0 2 0 0 6 0 2 0 9 1 0 0 0 1 0 3 0 0 0 3 0 0 0 0 0 0 1 2 0 0 0 0 2 0 0 0 0 0 0 0 0 0 0 0 0 1 0 0 4 0 2 0 0 1 0 0 0 0 1 0 0 0 0 0 0 0 0 0 0 0 0 0 
0 0 0 0 0 0 1 1 4 0 1 1 2 2 6 11 0 8 1 3 14 4 5 13 4 4 3 41 0 0 0 1 0 1 0 0 0 0 3 1 1 0 0 0 1 1 0 0 0 2 1 0 1 0 0 0 0 0 0 2 0 0 0 0 0 0 0 0 0 0 0 0 0 0 0 0 0 0 0 0 0 0 0 0 1 0 0 1 0 0 0 0 0 0 0 0 0 0 0 0 0 0 
18 41 20 7 13 28 15 24 22 41 16 81 136 130 132 210 88 82 82 78 101 99 141 127 70 18 87 10 8 6 5 20 18 7 12 10 23 21 70 49 38 2 14 20 24 15 14 16 15 87 17 3 17 11 7 0 4 3 0 2 1 0 1 3 2 0 1 0 0 0 0 0 0 0 11 3 0 4 24 6 1 0 8 2 3 5 4 39 8 0 0 9 1 0 0 10 1 1 1 0 0 2 
64 142 118 18 27 115 75 53 70 56 26 62 61 54 28 68 42 34 28 23 23 23 7 20 8 3 2 26 6 14 4 6 11 8 4 4 9 16 33 21 20 0 7 5 24 26 22 6 4 67 3 6 18 4 3 3 8 3 0 4 1 0 9 8 19 5 3 11 1 3 2 4 2 6 1 0 0 8 26 2 5 3 4 7 3 9 5 15 6 0 0 4 1 2 2 7 0 2 1 0 0 4 
1 3 0 1 3 5 5 2 6 5 5 14 18 4 12 27 48 49 15 7 7 18 5 20 9 1 1 3 1 25 159 168 317 81 195 164 297 190 258 174 107 15 56 53 66 65 48 47 45 261 10 9 13 8 2 4 7 15 0 6 3 5 5 17 24 47 16 6 13 19 16 20 2 0 12 4 3 5 38 9 19 3 3 5 7 18 9 115 21 0 0 29 13 24 15 15 3 11 9 0 1 18 
1 2 1 0 0 2 3 2 3 2 1 4 10 1 1 9 40 24 13 5 3 0 2 6 14 1 1 2 0 158 4 125 135 34 77 55 92 56 122 57 43 4 19 24 21 20 17 17 17 48 0 4 12 3 5 2 3 14 0 4 2 2 0 8 16 22 7 17 3 2 25 4 3 1 1 2 1 5 16 5 0 2 3 4 0 4 7 20 7 0 0 21 3 4 2 2 1 6 2 1 1 9 
3 3 6 1 2 4 11 16 7 3 10 9 12 1 17 24 75 53 24 14 6 4 13 8 6 0 1 9 4 344 213 18 178 140 169 125 290 245 335 208 136 22 91 68 97 92 59 60 61 194 15 4 19 22 12 3 14 31 0 17 2 1 14 17 75 126 25 26 12 28 12 10 3 1 8 15 1 7 61 8 7 5 6 4 5 31 13 72 35 0 0 41 32 42 15 33 2 8 14 5 3 12 
22 43 21 4 6 11 30 14 32 26 6 21 45 7 8 87 124 94 79 21 32 38 24 128 46 1 4 71 5 896 362 312 34 78 212 228 418 401 502 443 349 44 256 193 225 285 202 175 216 1325 89 41 132 52 26 14 45 78 0 29 11 9 4 34 55 78 42 43 21 45 68 120 26 9 60 25 3 53 136 39 19 19 23 26 17 31 35 321 95 0 0 102 40 49 37 45 4 20 15 4 1 27 
7 7 11 0 2 3 10 3 10 6 1 1 7 1 6 29 38 35 24 5 5 11 9 18 5 7 0 7 2 212 69 108 57 15 42 31 101 89 135 134 90 21 42 61 47 47 19 46 36 129 3 9 32 7 9 0 7 31 0 14 4 6 7 1 12 17 8 42 13 56 52 43 10 10 10 4 2 5 48 4 3 1 6 0 2 13 1 37 23 0 0 23 5 16 4 20 0 14 16 2 1 6 
2 13 8 0 1 7 8 3 12 3 3 6 5 2 4 33 58 93 42 33 46 13 32 57 20 16 3 32 3 673 254 344 177 59 12 25 187 228 285 447 135 30 101 112 145 143 91 83 105 306 12 18 14 43 13 9 15 44 0 32 5 3 13 27 27 44 37 63 20 32 67 95 15 16 13 3 0 7 76 8 2 1 3 2 5 23 10 69 58 0 0 86 35 34 19 34 7 24 17 1 5 43 
3 6 1 3 5 0 1 3 1 0 1 0 0 2 4 18 21 31 22 6 12 17 19 28 7 1 2 21 7 416 212 279 183 44 62 7 173 110 179 172 95 14 57 41 47 83 53 39 30 175 6 3 10 18 0 2 8 2 0 1 1 5 13 31 14 34 10 17 12 12 24 44 8 5 9 1 0 1 9 1 1 0 0 2 0 7 4 40 17 0 0 41 11 10 8 32 1 14 11 2 1 18 
11 11 6 2 4 1 4 9 5 6 1 2 6 1 2 40 36 42 30 18 40 32 22 61 13 4 9 35 8 925 381 649 435 197 176 256 20 213 545 700 339 84 145 175 243 282 181 133 129 621 21 22 40 22 8 10 35 16 0 1 3 10 28 47 42 62 19 60 14 14 65 73 30 11 8 6 2 4 26 3 1 3 1 4 4 37 48 154 56 0 0 124 49 42 30 64 8 32 35 18 7 63 
6 13 8 3 5 7 7 13 17 9 9 12 14 7 7 3 29 10 29 12 28 11 7 18 18 1 3 30 5 319 109 410 178 118 103 79 102 13 146 324 196 38 216 117 107 141 93 105 74 330 10 2 6 5 4 2 2 18 0 0 1 4 20 22 21 15 3 19 12 6 43 43 5 9 5 2 0 2 21 2 2 0 1 1 3 25 12 98 38 0 0 61 30 32 13 35 3 20 9 5 4 49 
26 46 38 2 8 49 55 37 87 69 28 59 62 29 5 15 84 93 48 47 91 52 69 115 49 6 13 115 15 493 172 508 321 186 210 153 430 129 39 800 464 51 172 242 209 252 151 171 167 673 37 25 59 22 16 6 16 29 0 11 5 2 16 40 76 84 30 33 22 11 121 50 21 16 28 12 1 19 69 11 7 7 17 28 12 42 60 184 80 0 0 130 57 41 39 73 27 60 57 21 11 95 
15 38 14 4 3 32 18 30 37 18 9 50 37 10 5 17 64 53 16 20 25 17 12 34 18 3 3 43 8 193 86 157 160 86 111 126 277 215 469 18 41 20 91 133 151 169 124 83 131 445 15 12 19 9 3 1 6 12 0 7 2 10 6 18 22 21 3 9 6 3 16 16 10 2 24 14 3 14 32 4 17 5 7 22 19 21 18 46 32 0 0 75 11 35 10 45 2 14 6 3 0 26 
19 20 22 2 6 46 15 28 26 25 14 16 52 12 8 22 55 57 28 43 35 20 19 45 32 0 10 69 3 197 49 180 119 77 67 52 186 237 407 117 14 34 133 169 148 207 147 219 142 536 5 18 20 0 1 4 8 9 0 5 4 1 7 7 25 31 8 13 2 5 8 27 9 5 11 5 0 6 27 25 28 11 3 32 35 80 56 68 85 0 0 83 54 65 35 75 19 23 23 6 3 51 
4 1 4 0 0 5 5 1 4 7 4 18 5 3 2 9 17 9 4 1 2 3 0 1 3 0 0 6 1 26 9 18 14 10 7 7 83 33 46 44 17 3 14 64 32 52 25 42 24 88 0 2 1 1 0 0 1 6 0 0 0 0 4 1 11 0 1 2 1 1 4 3 0 0 1 3 0 1 5 6 15 0 2 6 13 13 8 16 27 0 0 10 6 11 17 5 1 9 8 0 0 10 
34 25 49 1 8 37 28 18 16 12 33 30 32 8 30 20 81 46 24 24 29 28 6 12 9 0 3 21 9 170 101 125 165 101 131 69 170 227 288 235 123 30 29 120 207 246 139 199 287 747 11 13 29 17 10 5 23 48 0 6 6 3 3 19 36 38 8 4 5 4 28 39 2 4 55 23 3 32 65 62 58 60 85 127 135 176 94 327 172 0 0 165 109 184 100 311 31 136 120 18 22 149 
16 29 17 1 6 27 16 26 6 9 11 8 22 8 5 19 51 33 31 19 9 22 13 31 9 0 0 48 3 158 40 133 125 68 97 43 154 184 269 350 139 89 96 25 190 333 195 270 379 967 13 19 37 21 11 6 19 30 0 14 10 11 11 16 20 29 15 4 12 9 25 15 5 14 49 27 2 30 107 61 67 36 90 166 100 205 122 261 126 0 0 295 112 155 109 323 53 208 122 41 27 181 
11 22 18 2 2 25 15 23 14 9 10 10 28 3 9 16 34 33 23 11 15 17 33 38 12 0 3 32 8 135 58 145 109 50 67 71 99 125 231 223 139 51 114 269 23 216 152 207 287 581 14 3 21 8 1 0 5 11 0 8 3 2 4 11 11 27 6 14 0 2 20 19 1 6 14 11 2 15 22 23 17 27 12 28 57 65 65 106 34 0 0 104 43 77 35 67 34 119 64 18 11 72 
8 21 17 9 3 17 20 20 26 34 18 21 29 17 17 23 42 47 34 22 29 9 17 49 10 3 2 36 3 130 41 115 172 50 108 64 188 194 305 379 289 74 210 442 248 34 203 586 573 1363 21 27 24 12 2 2 15 22 0 7 9 7 4 12 18 22 19 16 6 5 17 19 6 4 41 31 1 21 50 51 26 39 28 110 85 197 91 264 125 0 0 262 52 146 118 118 18 161 104 24 7 152 
7 36 20 2 4 18 22 9 23 18 8 16 28 9 9 15 60 34 23 15 17 7 15 37 6 0 2 38 6 123 42 84 143 51 60 34 157 126 170 260 213 39 101 228 192 285 16 264 377 724 14 7 22 6 4 2 8 10 0 2 0 2 1 8 10 31 8 11 2 1 5 8 7 2 12 10 5 14 49 33 21 20 29 50 62 107 76 180 46 0 0 138 37 98 30 94 14 57 106 16 9 92 
4 12 12 3 0 1 3 6 4 3 0 23 7 2 3 3 13 5 2 3 7 3 7 8 8 1 1 11 2 39 10 37 73 11 15 21 61 42 87 70 67 11 55 180 90 236 102 20 218 508 3 13 12 18 3 0 5 12 0 4 1 1 0 9 9 9 4 8 0 4 7 4 3 2 6 7 2 11 11 5 5 11 8 19 20 33 18 106 11 0 0 85 17 34 16 31 5 24 17 3 3 56 
6 5 5 0 0 8 21 3 9 3 5 4 10 3 1 9 15 5 11 3 9 3 9 8 2 0 3 8 1 51 16 18 78 28 33 9 44 48 80 82 40 12 61 139 102 208 270 297 12 535 2 2 9 3 0 0 4 5 0 2 2 1 0 4 5 8 4 5 0 1 2 2 2 1 11 2 0 5 16 10 7 13 8 22 11 51 19 82 22 0 0 87 13 26 26 22 2 34 30 14 0 33 
32 70 55 7 10 31 39 42 32 43 16 26 39 27 21 33 75 69 31 21 34 34 33 81 31 3 6 122 9 307 101 221 474 99 148 104 251 334 497 466 357 50 168 478 338 619 290 609 629 42 58 23 89 15 7 7 9 30 0 4 4 1 8 23 35 61 18 28 7 10 29 24 15 11 64 53 5 38 89 65 58 43 50 135 61 129 78 585 77 0 0 191 58 122 92 108 21 122 138 25 20 163 
25 14 16 1 2 31 33 19 17 16 5 22 35 35 28 29 23 13 19 17 0 4 4 28 14 0 0 21 3 31 8 31 52 23 19 8 9 6 13 16 10 2 13 19 13 13 11 20 27 65 7 55 88 147 73 27 89 119 0 125 17 5 19 33 28 47 35 46 7 43 34 45 26 25 19 20 2 42 275 49 60 11 34 56 14 28 16 83 18 0 0 12 0 25 25 8 2 27 16 2 0 38 
2 23 3 0 1 5 13 9 11 7 3 11 13 10 9 19 11 14 3 10 3 1 20 9 5 0 2 5 1 14 18 16 37 8 10 5 9 2 7 1 0 2 5 13 4 4 5 4 7 23 7 6 66 206 131 32 51 69 0 28 29 0 8 33 34 28 16 15 5 15 27 25 18 11 17 10 2 15 134 9 18 1 13 28 19 27 5 34 6 0 0 14 2 12 3 11 1 3 6 3 1 7 
9 13 6 8 9 38 14 10 6 9 4 23 19 17 10 19 26 13 7 3 5 4 6 23 5 0 10 16 7 29 7 12 42 19 11 11 15 5 20 21 5 1 17 15 10 19 10 12 14 76 77 42 6 59 23 8 40 81 0 53 15 2 12 38 24 49 13 35 9 20 22 27 8 30 18 11 3 37 155 13 14 5 14 55 23 25 19 75 16 0 0 15 10 11 9 5 3 24 9 2 2 18 
3 11 4 0 1 12 6 3 13 7 0 3 15 10 5 21 18 12 1 3 0 2 1 12 9 0 0 8 0 11 13 9 17 16 15 6 10 0 4 12 2 1 10 8 3 7 5 1 6 19 33 46 60 7 50 16 12 47 0 41 5 5 8 19 23 24 6 23 10 20 13 19 10 13 5 5 5 27 118 19 25 1 7 21 31 13 7 26 11 0 0 6 1 4 2 5 0 6 7 10 0 7 
5 7 6 5 6 15 5 5 8 16 6 3 17 4 12 13 5 4 2 2 4 0 17 6 1 2 1 3 2 14 6 6 9 6 2 4 3 2 6 6 4 1 1 14 1 1 5 1 6 12 36 23 25 19 7 0 6 29 0 42 8 2 4 13 15 8 5 12 5 11 17 8 4 6 18 36 0 25 113 37 10 0 5 28 13 9 2 18 4 0 0 1 2 6 2 0 1 1 5 1 0 2 
5 4 1 4 2 4 6 9 3 14 4 6 3 14 9 11 4 3 1 0 1 6 11 8 7 0 0 8 1 34 5 18 16 6 4 1 3 7 24 10 1 1 8 19 6 5 3 4 11 16 32 37 44 40 23 3 21 127 0 125 6 3 22 15 9 20 11 12 2 15 13 5 3 14 22 39 14 35 235 7 5 2 16 31 19 12 5 27 5 0 0 6 7 9 9 5 0 9 6 0 1 5 
11 13 8 1 7 13 7 27 13 14 6 38 20 14 15 19 7 7 4 2 3 2 7 5 4 0 3 10 5 18 9 17 14 8 6 3 6 2 23 24 4 3 6 15 7 7 3 7 4 22 88 58 69 103 48 10 6 30 0 55 18 1 16 21 19 31 18 34 3 23 23 26 31 24 111 79 19 62 247 26 38 5 24 78 34 39 12 62 13 0 0 9 8 13 11 6 0 10 3 0 0 7 
9 16 12 4 11 20 7 18 7 22 12 22 8 27 9 23 21 7 7 14 9 10 9 17 17 0 3 6 8 30 4 28 22 9 24 10 8 2 13 10 0 1 9 11 6 16 9 6 5 23 64 22 61 94 42 28 7 2 0 34 28 3 16 39 23 32 8 47 11 29 20 21 5 19 68 79 23 38 214 48 27 6 29 45 31 21 5 50 9 0 0 11 2 20 4 8 0 9 2 6 2 11 
0 0 0 0 0 0 0 0 0 0 0 0 0 0 0 0 0 0 0 0 0 0 0 0 0 0 0 0 0 0 0 0 1 0 0 0 0 0 0 0 0 0 0 0 0 0 0 0 0 0 0 0 0 0 0 0 0 0 0 0 0 0 0 0 0 0 0 0 0 0 0 0 0 0 0 0 0 0 0 0 0 0 0 0 0 0 0 0 0 0 0 0 0 0 0 0 0 0 0 0 0 0 
12 21 17 5 2 10 12 10 4 4 1 9 22 27 21 45 25 15 12 15 11 12 10 19 4 0 1 17 4 26 13 20 11 12 5 0 2 11 12 16 3 2 4 4 4 6 2 6 6 28 57 14 56 60 36 20 32 81 0 2 0 7 13 28 56 51 37 20 5 29 25 66 23 25 24 11 7 28 82 5 8 5 9 19 9 15 4 20 4 0 0 7 0 2 4 3 0 0 3 0 0 5 
7 16 21 2 2 8 5 3 3 1 1 7 18 7 1 23 15 11 3 0 3 0 6 3 2 0 0 1 3 46 13 31 12 8 5 4 7 5 20 5 4 0 5 9 10 2 15 12 12 28 18 24 31 43 11 17 35 72 0 21 4 2 8 29 42 43 26 45 8 32 35 56 19 23 24 18 8 16 65 23 11 29 11 7 18 8 5 28 4 0 0 2 1 12 0 6 1 1 11 1 2 4 
17 44 35 0 12 19 32 26 16 10 13 34 19 17 13 18 28 16 13 5 2 2 14 11 1 0 2 7 3 151 54 60 51 55 64 17 57 82 99 90 22 4 48 14 20 19 30 16 36 56 13 18 45 39 17 12 24 56 0 50 15 5 3 118 202 159 53 114 68 143 101 142 54 30 24 19 2 27 117 37 23 52 37 36 20 32 35 76 15 0 0 6 7 11 15 10 0 5 3 1 0 8 
3 5 1 0 1 2 3 4 3 13 2 6 1 0 0 0 3 1 0 1 0 0 4 1 0 0 0 0 3 10 7 5 4 2 3 3 12 4 7 7 6 0 0 0 2 7 3 1 2 14 6 14 10 7 4 0 9 10 0 24 3 3 2 8 11 28 15 23 2 11 22 9 10 8 6 1 1 3 34 5 4 1 3 2 2 2 1 5 10 0 0 0 1 1 0 2 0 0 0 0 0 0 
11 19 11 0 1 24 27 26 18 12 3 5 0 0 1 5 20 5 7 2 0 0 5 3 1 0 8 4 3 32 14 7 9 1 14 23 50 34 51 22 24 3 18 15 14 22 10 8 9 26 38 22 40 40 8 7 51 50 0 45 10 6 7 2 27 85 42 45 32 67 70 96 19 28 21 14 1 24 126 28 24 5 7 12 1 4 4 8 3 0 0 10 0 6 1 3 0 1 1 0 0 0 
15 16 13 2 1 17 10 23 26 12 8 10 6 1 1 11 0 1 4 1 1 1 2 1 1 0 0 1 4 101 80 81 28 27 18 30 39 29 76 29 47 11 23 26 24 20 14 7 11 50 22 48 31 36 32 9 83 42 0 54 26 11 34 35 3 50 34 99 98 119 194 187 50 63 33 11 2 33 133 38 23 13 35 9 19 1 11 45 25 0 0 11 2 1 1 3 2 2 0 0 0 4 
21 19 26 2 10 29 36 48 40 38 7 28 15 2 1 4 5 1 1 1 2 0 0 1 0 0 0 12 14 171 182 251 76 66 52 52 75 35 106 68 39 5 9 22 30 49 26 38 22 103 39 33 60 58 24 15 51 91 0 128 63 21 68 162 84 20 30 218 117 264 281 454 144 96 26 38 5 24 157 51 49 42 32 29 34 40 11 42 17 0 0 15 4 3 0 3 0 1 2 1 0 6 
12 3 14 6 0 18 14 8 4 2 2 9 3 1 0 3 1 0 0 0 0 1 0 0 0 0 0 0 1 36 18 30 8 16 8 15 19 5 22 13 3 1 6 1 8 10 12 8 3 29 11 6 13 37 14 2 20 7 0 14 11 13 18 37 48 28 3 9 52 66 103 163 66 16 1 0 2 12 31 10 22 4 8 10 6 16 2 4 6 0 0 4 2 0 0 0 0 1 0 0 0 0 
7 5 4 0 0 17 12 9 5 3 1 3 3 0 2 2 0 0 0 0 0 0 0 0 0 0 0 0 4 57 18 12 11 17 14 22 16 8 45 4 5 0 5 4 15 10 4 3 6 16 11 8 28 22 8 6 17 26 0 26 19 13 14 25 57 53 21 6 28 48 212 172 32 48 12 4 3 14 82 20 4 6 7 7 7 4 0 18 3 0 0 2 0 0 0 0 0 0 0 0 0 3 
2 2 3 3 0 9 3 3 0 0 2 3 5 0 0 1 0 0 0 0 0 0 0 1 1 0 1 0 1 58 14 14 11 8 13 3 46 7 13 7 6 0 3 3 7 5 4 0 7 16 5 6 5 19 7 2 12 15 0 18 9 4 7 19 21 59 27 15 3 6 87 102 23 21 3 6 1 8 32 20 0 3 12 2 9 1 4 21 1 0 0 0 1 0 0 1 0 0 1 0 0 0 
2 2 2 0 1 2 3 4 2 3 9 1 1 0 0 1 0 1 0 0 0 0 0 0 0 0 0 0 0 22 35 16 14 13 12 3 17 9 17 4 2 0 5 3 7 4 5 4 5 10 9 17 40 11 21 4 11 8 0 32 16 4 21 32 68 111 40 45 15 1 85 143 30 53 6 10 1 17 40 12 16 10 10 10 3 7 3 4 3 0 0 2 0 0 0 0 0 0 0 0 0 1 
3 3 0 0 1 3 2 5 1 1 5 2 0 2 0 4 1 2 0 0 0 0 0 1 0 1 0 0 1 7 6 2 8 9 10 13 14 18 24 9 1 0 2 4 4 4 3 8 5 20 6 0 8 19 8 10 8 10 0 36 7 2 2 13 42 55 14 27 37 15 4 76 35 43 6 8 3 6 34 6 5 0 5 2 6 0 1 9 1 0 0 5 0 0 0 0 0 0 0 0 0 3 
2 5 1 1 3 10 3 4 5 2 5 15 6 0 3 3 1 1 0 0 1 0 0 0 0 0 0 1 0 6 6 4 24 17 24 5 20 11 17 4 8 0 6 3 8 1 6 29 5 17 15 13 13 15 7 3 7 9 0 32 7 0 3 22 43 55 31 51 22 46 93 5 28 49 6 7 0 4 47 10 2 4 1 5 5 9 20 15 13 0 0 8 0 2 0 0 0 2 0 0 0 1 
10 1 6 1 1 3 7 8 8 6 4 9 6 0 0 1 0 1 0 0 0 0 0 0 0 0 0 2 1 9 9 3 12 12 19 9 8 12 35 8 19 4 8 5 6 14 6 4 10 29 8 8 29 21 18 8 28 19 0 31 17 1 5 20 77 87 47 48 10 119 81 129 0 40 8 19 2 8 53 14 16 7 5 19 7 5 1 11 0 0 0 3 0 2 0 1 1 0 2 1 0 3 
9 3 17 7 4 25 8 15 11 7 5 7 3 1 2 0 6 0 0 0 0 0 1 3 0 0 0 1 4 1 0 3 18 32 12 24 12 25 56 12 18 2 10 10 11 26 4 23 6 65 27 9 24 13 11 8 11 22 0 50 21 2 13 34 82 123 40 144 34 258 179 216 31 7 13 21 0 23 102 16 30 25 40 8 9 11 7 28 5 0 0 6 2 3 3 5 1 1 3 0 0 5 
0 5 2 0 2 1 2 6 3 2 2 6 3 7 2 6 12 7 2 6 1 1 2 3 2 0 1 15 0 9 4 6 13 2 4 2 5 0 7 27 3 1 7 15 13 15 4 4 9 37 10 19 18 14 7 4 13 39 0 11 2 0 4 16 11 6 2 5 3 2 8 12 2 6 3 8 6 32 155 27 19 18 35 60 24 25 14 70 8 0 0 12 2 13 5 3 0 8 6 9 0 11 
1 9 1 1 0 4 5 32 4 5 6 8 9 7 2 27 14 2 5 6 3 4 0 19 1 1 0 5 2 9 3 9 8 2 8 3 6 0 11 12 4 7 16 22 10 14 17 4 5 44 24 4 42 13 18 13 34 88 0 42 5 0 1 9 23 28 0 5 4 11 26 25 12 5 41 5 18 99 286 94 69 49 99 86 62 55 20 89 52 0 0 15 4 11 6 11 11 18 20 2 5 24 
1 6 2 0 1 2 1 0 1 2 0 3 0 0 1 2 0 1 0 1 0 0 0 2 1 0 0 0 0 5 0 3 3 3 0 1 1 1 3 0 0 0 3 5 10 3 0 4 1 7 2 0 2 1 1 2 2 10 0 2 0 2 0 0 2 3 3 4 0 4 1 3 0 2 18 18 2 4 72 6 7 5 4 19 4 13 3 21 1 0 0 1 0 6 0 1 0 2 0 1 0 2 
2 3 7 0 1 2 2 1 2 3 1 4 2 5 5 1 2 1 0 0 2 0 0 0 0 2 0 3 1 3 1 1 1 2 7 0 1 1 4 9 3 2 5 8 6 4 3 4 4 26 8 14 13 19 5 5 13 12 0 4 4 0 1 11 4 6 0 6 0 6 2 7 8 3 42 109 37 6 100 37 21 11 55 105 35 18 10 42 13 0 0 21 3 10 8 7 5 8 8 1 1 15 
21 30 24 6 8 23 38 17 29 23 9 19 18 41 17 32 39 23 24 15 14 10 6 22 9 0 5 32 12 47 12 55 59 26 28 8 19 10 65 25 13 3 39 52 32 23 21 21 39 122 138 99 221 177 113 86 58 164 0 89 17 3 13 58 58 102 35 52 32 76 43 62 23 40 369 288 98 107 29 73 117 57 134 303 131 71 45 180 40 0 0 49 9 19 22 31 7 50 25 5 2 32 
5 7 1 1 0 3 4 4 3 4 1 7 6 3 3 9 11 19 5 1 1 0 0 2 1 2 0 2 4 24 7 21 14 3 6 4 0 2 8 10 7 4 16 28 18 98 20 21 13 46 25 10 25 20 8 7 13 19 0 10 4 6 8 9 36 31 2 10 3 2 7 4 6 14 114 89 21 71 151 3 46 17 89 245 159 53 24 95 29 0 0 36 9 20 16 14 2 18 20 8 2 14 
0 4 5 0 0 2 4 2 2 0 0 2 2 0 0 7 4 4 1 0 0 2 0 2 0 0 0 12 0 7 1 4 6 10 2 2 1 0 11 8 16 9 19 30 9 16 7 2 7 30 7 8 17 12 13 1 11 7 0 9 0 0 3 8 22 26 7 6 5 8 6 14 0 9 44 38 6 29 133 16 5 7 35 95 87 27 15 61 21 0 0 40 5 25 14 10 0 12 9 0 1 24 
1 8 9 0 0 3 4 1 2 2 2 0 0 0 0 0 2 2 0 4 2 0 0 2 0 0 0 4 1 8 5 8 10 3 0 1 1 4 10 13 8 17 14 32 9 30 19 10 6 100 5 7 7 7 8 0 5 18 0 3 1 1 3 4 8 14 1 8 2 7 10 5 1 7 29 24 5 24 83 27 28 4 10 111 84 39 33 112 22 0 0 30 15 25 22 18 9 53 56 8 4 42 
2 3 1 2 0 3 1 1 0 1 0 0 0 1 0 1 1 0 0 1 0 0 0 1 0 0 0 3 6 11 6 1 4 3 0 0 0 0 7 3 11 2 35 20 10 24 6 9 3 44 4 1 15 2 3 17 15 7 0 6 1 3 0 1 1 4 1 0 0 6 2 8 1 5 35 20 9 33 70 23 13 6 1 109 46 26 23 56 16 0 0 31 7 15 14 5 10 19 11 2 0 14 
2 25 12 0 1 8 12 11 1 12 1 2 0 2 1 0 1 1 0 2 1 3 7 3 1 0 0 4 3 26 6 17 10 5 2 0 3 17 29 29 13 18 89 114 36 58 33 50 57 170 52 33 84 65 37 18 70 129 0 32 4 1 0 11 9 20 2 22 5 10 21 26 7 12 211 174 59 257 492 359 302 113 383 25 236 122 103 307 128 0 0 111 32 57 42 86 13 84 57 33 8 44 
1 3 3 0 0 3 3 2 2 2 3 0 0 0 0 0 3 0 0 1 0 0 1 0 2 0 0 0 4 4 1 3 2 0 2 2 2 2 3 9 10 5 43 44 18 21 35 16 14 48 16 12 20 12 15 6 25 28 0 1 4 1 0 3 2 3 0 6 0 0 2 3 3 2 20 36 23 56 174 104 102 33 95 186 7 63 57 94 28 0 0 60 9 29 23 25 3 23 11 5 6 17 
7 15 7 0 1 4 2 6 2 1 2 1 2 0 0 10 7 13 6 3 3 0 3 1 6 1 0 5 18 30 8 26 27 4 8 3 24 29 33 12 12 23 82 157 27 64 40 74 58 218 23 12 25 16 6 13 19 19 0 18 0 2 3 9 13 9 9 8 1 8 5 8 5 9 67 38 2 41 95 75 69 54 58 160 104 19 20 95 81 0 0 169 44 56 59 81 20 67 31 21 15 62 
7 5 3 3 2 1 6 7 6 4 1 0 3 0 0 2 13 10 4 8 6 0 4 0 4 0 0 4 0 32 10 28 16 8 8 7 15 19 50 37 20 8 65 109 27 68 35 64 51 122 16 6 21 5 0 3 7 6 0 8 7 0 3 1 6 5 14 0 0 2 13 7 2 1 36 12 7 21 63 35 28 23 49 69 103 40 8 54 67 0 0 104 27 61 45 46 20 81 29 4 21 43 
14 23 23 3 3 7 10 7 4 7 0 9 3 1 1 8 20 22 3 11 5 6 7 28 6 0 1 32 0 69 12 50 103 25 19 17 45 39 116 35 28 23 88 156 61 121 84 94 110 467 17 7 46 7 3 2 13 16 0 12 3 1 0 4 9 11 7 3 2 3 6 7 6 9 54 34 16 51 114 63 56 36 45 131 104 74 49 8 33 0 0 166 34 67 60 86 18 105 67 17 12 191 
5 9 5 0 1 2 7 2 5 1 1 5 9 0 3 6 11 16 4 18 2 2 9 8 6 4 2 7 2 74 18 36 42 27 15 4 40 45 73 95 41 27 89 93 28 53 27 53 55 138 10 5 10 17 2 4 11 12 0 4 0 0 2 2 11 4 1 0 1 2 4 5 5 0 21 17 2 9 43 18 17 16 26 84 66 113 85 84 10 0 0 114 24 82 31 117 32 40 37 7 2 52 
0 0 0 0 0 0 0 0 0 0 0 0 0 0 0 0 0 0 0 0 0 0 0 0 0 0 0 0 0 0 0 0 0 0 0 0 0 0 1 0 0 0 0 0 0 0 0 0 0 0 0 0 0 0 0 0 0 0 0 0 0 0 0 0 0 0 0 0 0 0 0 0 0 0 0 0 0 0 0 0 0 0 0 0 0 0 0 0 0 0 0 0 0 0 1 0 0 0 0 0 0 0 
0 0 0 0 0 0 0 0 0 0 0 0 0 0 0 0 0 0 0 0 0 0 0 0 0 0 0 0 0 0 0 0 0 0 0 0 0 0 0 0 0 0 0 0 0 0 0 0 0 0 0 0 0 0 0 0 0 0 0 0 0 0 0 0 0 0 0 0 0 0 0 0 0 0 0 0 0 0 1 0 0 0 0 0 0 0 0 0 0 0 0 1 0 0 0 0 0 1 0 0 0 0 
4 39 15 0 4 24 23 25 14 21 18 17 48 18 15 15 46 25 8 3 12 13 4 17 5 0 2 48 13 123 51 118 140 101 70 33 139 190 366 171 93 11 79 386 202 296 165 326 293 736 19 24 61 38 9 19 22 46 0 34 1 4 11 13 27 12 4 11 4 4 12 20 5 3 51 41 8 66 163 65 119 89 82 163 160 303 222 611 302 0 0 30 125 303 109 736 91 341 215 54 65 323 
7 3 12 0 0 6 7 12 6 13 4 7 2 2 0 5 7 3 0 0 1 0 2 1 0 0 5 2 4 35 4 28 17 27 10 19 41 38 60 55 28 18 62 119 59 73 31 94 72 134 7 6 10 7 0 0 12 6 0 2 0 0 1 3 5 1 0 0 1 0 2 1 0 0 8 11 2 18 25 45 40 26 41 66 34 91 60 209 77 0 0 136 6 12 20 92 9 115 42 23 28 55 
1 9 0 0 2 0 6 5 12 2 4 2 7 5 2 0 2 0 1 0 0 0 0 1 1 0 0 1 2 24 17 27 35 13 24 18 25 30 82 44 30 29 73 119 80 78 79 82 133 246 11 5 9 10 4 2 5 6 0 6 0 2 1 1 0 1 0 2 0 0 0 1 1 1 10 20 1 14 41 21 35 11 17 60 92 106 102 252 129 0 0 137 5 9 6 139 22 64 54 17 4 113 
1 7 0 0 1 2 1 4 4 3 3 8 2 2 0 5 4 0 2 0 0 0 1 1 3 0 0 2 2 34 20 26 20 6 21 8 24 9 59 31 37 7 56 60 59 55 39 54 60 186 9 8 9 6 3 0 11 6 0 9 0 0 0 4 2 0 0 0 0 0 1 1 0 0 15 9 1 21 17 38 37 24 21 68 52 54 35 173 53 0 0 74 18 4 4 43 9 42 25 38 16 118 
0 1 1 0 1 2 3 3 1 2 1 5 0 0 4 1 3 0 3 1 0 0 1 2 1 0 0 3 2 20 23 35 13 7 10 8 24 22 48 30 24 10 76 145 54 61 34 38 54 122 7 5 3 1 2 3 7 8 0 2 0 2 1 1 0 0 0 1 0 0 0 1 0 0 7 7 0 26 16 19 61 12 14 70 28 30 24 117 81 0 0 145 23 40 21 3 4 50 31 6 3 87 
0 0 2 0 1 0 0 0 0 0 0 0 17 1 0 0 0 0 0 0 0 0 0 0 0 0 0 0 0 1 1 1 0 1 1 8 1 6 9 2 4 0 32 16 6 25 9 11 12 13 0 4 3 2 2 0 1 0 0 0 0 0 0 0 0 0 0 0 0 0 0 0 0 0 0 1 0 5 12 9 20 7 6 9 3 7 5 34 11 0 0 42 6 11 3 12 2 4 2 4 2 11 
2 0 1 0 0 0 2 1 1 0 0 1 2 0 0 1 2 0 1 0 0 0 0 2 0 0 0 0 1 5 0 0 3 2 7 1 4 4 31 5 6 0 29 44 18 41 24 24 12 72 3 4 5 3 0 1 2 2 0 1 0 1 0 0 0 0 0 0 0 0 0 0 0 0 7 6 2 9 15 7 13 12 14 52 21 28 11 70 14 0 0 72 5 13 12 23 1 8 5 4 2 40 
6 8 3 0 0 2 0 3 1 2 0 2 5 1 1 1 1 2 0 0 2 1 1 2 1 0 0 5 0 14 1 15 5 3 7 9 16 19 37 4 26 5 61 51 21 49 29 16 40 126 4 0 15 4 1 2 3 10 0 7 1 1 0 2 1 2 1 0 0 0 1 0 1 0 22 14 3 25 23 18 11 26 35 35 27 46 18 109 30 0 0 74 14 19 9 14 1 8 3 6 2 38 
0 2 1 0 0 0 0 0 0 0 0 2 0 0 0 0 0 0 0 0 0 0 0 0 0 0 0 0 0 2 0 8 2 0 0 2 6 7 8 4 1 1 6 13 7 5 4 9 3 12 1 0 0 0 0 0 0 1 0 0 0 0 0 0 1 0 0 0 0 0 0 0 0 0 0 0 10 2 0 2 1 0 1 5 3 5 2 21 3 0 0 8 6 3 4 5 0 1 2 0 0 7 
0 0 1 0 0 0 0 0 0 2 2 0 0 0 0 0 1 0 0 0 1 0 0 0 0 0 0 1 0 3 0 2 2 2 2 0 2 3 3 1 8 2 28 8 3 8 4 6 4 15 1 1 0 2 2 0 0 1 0 2 0 0 0 0 0 0 0 0 0 0 0 0 0 0 0 7 0 0 8 4 2 3 10 9 11 21 5 64 14 0 0 10 8 11 5 35 10 9 11 3 2 1 
18 15 7 0 2 7 4 3 2 5 2 4 5 5 4 2 8 6 3 0 2 1 1 3 3 0 0 5 0 34 12 16 21 19 19 22 27 32 77 38 39 13 109 119 55 133 95 60 99 322 26 21 38 11 7 3 11 10 0 10 2 1 0 5 5 4 1 0 0 0 3 0 0 1 41 22 5 31 55 28 22 33 38 64 43 69 35 361 85 0 0 127 19 79 57 76 10 63 42 13 3 13 
