0 0 0 5 3 2 3 12 15 1 1 4 27 18 23 5 10 1 3 1 2 3 2 13 0 0 0 11 3 1 0 0 8 0 0 1 1 1 2 7 0 0 1 1 4 5 2 0 0 20 1 2 4 2 1 0 3 0 0 0 0 0 0 0 0 0 1 0 0 0 0 1 1 0 0 1 0 0 0 0 0 0 2 0 0 0 0 8 0 0 0 0 0 0 0 0 0 0 0 0 0 6 
4 1 1 1 1 12 3 5 6 2 0 8 22 23 23 8 2 5 8 4 1 4 0 22 8 0 0 12 0 0 0 0 6 0 3 0 11 1 4 4 4 0 2 1 1 9 7 0 1 21 4 0 6 3 0 0 0 0 0 0 0 0 0 0 0 5 0 0 0 1 0 2 3 0 0 0 0 1 0 1 0 0 1 0 0 0 1 7 0 0 0 3 5 0 1 0 0 0 0 0 0 9 
4 2 3 0 1 8 7 19 16 12 19 8 23 28 23 7 10 14 19 3 0 9 3 6 0 0 0 11 7 1 0 0 4 0 0 0 10 0 1 1 15 0 2 3 10 4 3 1 0 21 7 0 4 0 0 0 0 2 0 0 0 0 0 1 0 4 4 0 0 6 0 0 0 2 0 0 0 1 2 0 0 0 0 0 0 3 1 14 0 0 0 0 0 0 0 0 0 1 1 0 0 5 
6 2 3 0 0 1 1 3 4 0 0 1 1 1 1 0 6 3 0 2 0 0 0 5 0 0 0 5 0 0 0 0 1 0 0 0 0 0 1 0 1 0 0 0 4 3 0 1 0 5 2 0 1 0 0 0 0 1 0 0 2 0 0 0 1 0 0 0 0 0 4 0 0 5 0 0 0 0 0 0 0 0 0 0 0 0 0 3 1 0 0 2 0 0 0 0 0 0 0 0 0 0 
11 5 0 0 0 0 6 0 4 0 1 1 11 5 6 0 2 2 3 2 1 0 0 12 4 0 1 15 0 0 0 0 1 1 1 0 0 0 0 3 0 0 0 1 0 4 2 1 0 7 1 0 0 0 0 0 0 1 0 0 0 0 0 0 0 0 0 1 0 0 1 1 0 1 0 0 0 0 0 0 0 0 0 0 0 0 0 6 0 0 0 3 0 0 0 0 0 0 0 0 1 5 
22 7 17 4 2 2 0 1 1 1 4 2 7 13 10 6 6 2 17 2 0 4 0 14 6 0 0 8 2 1 0 0 2 0 0 0 0 1 0 0 8 0 5 1 10 5 7 0 1 23 1 0 1 0 0 0 0 0 0 0 0 0 0 2 0 2 0 0 0 0 0 0 0 0 0 0 0 0 0 0 0 0 0 0 0 1 1 3 0 0 0 1 0 0 0 0 0 1 0 0 0 4 
8 6 3 2 3 6 2 0 1 0 0 0 3 0 5 0 4 0 3 1 3 0 2 17 3 2 1 12 1 1 0 0 9 0 0 0 6 0 0 0 3 2 1 2 0 0 0 0 0 12 0 0 0 1 0 0 0 0 0 0 0 0 0 1 1 0 0 0 0 0 1 0 0 2 3 0 0 0 0 0 0 0 0 0 0 1 1 2 1 0 0 0 0 0 0 0 0 2 7 0 0 8 
25 8 0 1 6 3 3 0 0 1 0 9 16 8 3 4 15 9 3 3 0 5 1 15 12 0 0 10 4 1 4 0 3 0 0 0 0 0 2 0 0 2 4 0 1 1 2 1 0 27 4 1 1 1 0 2 0 0 0 0 0 0 0 0 0 1 0 1 20 1 1 1 0 20 1 0 0 0 1 0 0 0 0 0 0 0 0 3 0 0 0 1 0 0 0 1 0 0 0 0 0 6 
15 5 25 0 2 4 5 0 0 0 1 0 3 3 3 3 14 1 5 12 4 1 5 6 3 0 0 3 1 0 0 0 3 0 0 0 1 0 0 9 3 0 2 0 0 4 2 0 1 11 0 0 1 1 1 0 0 0 0 0 0 0 0 0 0 0 0 0 2 1 0 0 0 0 0 0 0 0 0 0 0 1 0 0 1 0 0 0 0 0 0 0 1 1 1 0 0 1 0 0 0 2 
7 7 12 0 6 5 6 1 0 0 0 1 0 1 4 0 2 5 4 2 0 1 4 15 2 0 0 8 0 0 0 0 3 0 0 0 0 0 0 0 0 0 1 0 0 0 0 1 2 11 2 0 0 0 0 0 0 0 0 0 0 0 1 0 0 0 0 0 0 1 0 0 0 1 2 1 0 0 0 0 0 0 0 0 0 0 0 0 0 0 0 3 0 1 0 0 0 0 0 0 0 0 
3 1 1 1 3 7 3 2 2 0 0 2 4 5 1 2 0 3 0 0 0 1 1 6 2 0 0 2 0 1 0 0 1 0 0 0 0 0 1 0 0 0 3 0 0 11 1 0 0 7 4 0 0 0 0 1 0 0 0 0 0 0 0 0 0 0 0 0 0 0 0 0 0 0 0 0 0 0 2 0 0 0 0 0 0 0 0 0 0 0 0 0 0 0 1 0 0 0 0 0 0 0 
3 14 4 0 4 21 3 11 2 3 1 0 0 1 1 18 6 1 6 1 0 8 0 18 8 2 0 13 1 0 0 0 2 0 0 0 0 0 0 0 3 0 1 0 2 0 0 0 0 21 1 0 2 0 0 0 0 1 0 0 1 0 0 0 0 3 0 0 0 0 0 0 0 0 0 1 0 0 0 0 0 0 0 0 0 0 0 1 0 0 0 0 0 0 0 0 0 0 0 0 0 4 
16 7 7 1 10 7 18 14 4 5 5 1 0 6 8 12 4 5 11 4 4 1 0 15 2 0 0 10 1 4 0 0 2 1 0 0 0 0 5 1 1 1 1 0 0 0 0 1 2 27 0 1 0 0 0 0 1 0 0 2 0 0 0 0 0 0 0 0 0 0 0 0 0 1 0 0 0 0 0 0 0 0 0 0 0 0 0 0 1 0 0 0 1 0 0 0 0 0 0 0 0 2 
5 3 4 0 2 1 4 2 1 2 0 3 1 0 1 2 0 3 1 2 2 0 0 17 5 0 1 59 0 1 0 0 0 0 0 0 0 1 1 0 0 0 2 0 1 0 0 2 0 3 2 1 1 0 1 0 0 0 0 0 0 0 0 0 0 0 0 0 0 0 0 1 0 0 2 0 0 0 0 0 0 0 0 0 0 0 0 0 0 0 0 1 0 1 0 0 0 0 0 0 0 0 
9 11 2 1 12 6 1 16 0 3 1 2 1 0 0 0 0 0 1 1 1 7 2 12 6 0 0 27 0 0 0 0 0 0 0 0 0 0 0 0 0 0 0 0 0 0 0 1 0 3 0 0 0 0 0 0 13 1 0 0 0 1 0 0 0 0 0 0 0 0 0 0 0 0 6 0 0 0 4 0 0 0 0 0 0 0 0 0 0 0 0 0 1 0 0 0 0 0 0 0 0 0 
5 8 1 1 3 8 1 15 1 3 2 2 3 1 1 0 1 0 0 0 2 2 2 19 14 1 2 12 1 6 0 0 10 0 0 0 1 0 0 3 1 0 2 1 1 0 2 0 0 12 9 0 4 0 0 0 0 1 0 3 0 0 0 0 0 0 0 0 0 0 0 0 0 0 3 0 0 0 5 0 0 0 0 0 0 0 0 2 0 0 0 0 0 0 0 0 0 0 0 0 0 3 
10 7 3 1 0 0 13 22 5 2 1 5 6 8 4 0 0 1 4 0 4 2 19 19 4 4 0 19 1 13 3 10 14 1 5 0 1 1 0 5 4 0 3 3 8 1 5 1 5 22 7 1 3 1 0 0 0 0 0 1 0 0 0 0 0 0 0 0 0 0 0 0 1 0 0 0 0 0 0 0 0 0 0 0 0 11 0 4 0 0 0 0 0 0 0 0 0 0 0 0 0 1 
5 3 15 3 0 3 0 8 6 7 3 1 5 0 4 2 1 1 0 0 8 1 3 13 7 0 0 19 1 4 1 1 14 0 0 0 1 0 0 0 4 1 0 0 4 1 3 2 6 24 0 2 1 0 0 0 0 0 0 0 2 0 0 0 0 0 0 0 0 0 1 0 0 0 1 1 0 0 2 0 0 0 0 0 0 0 0 5 0 0 0 0 1 0 0 0 0 0 0 0 0 0 
5 6 8 1 1 3 2 12 0 0 1 3 1 2 1 0 1 0 0 0 11 0 1 8 19 4 0 5 0 2 20 2 4 0 2 1 1 0 2 0 1 0 0 1 6 1 2 0 0 12 5 3 5 0 0 0 1 0 0 0 0 0 0 0 0 0 0 0 0 0 0 0 0 0 0 0 0 2 0 1 0 0 0 0 0 0 0 1 0 0 0 0 0 0 0 0 0 0 0 0 0 3 
8 7 11 0 2 3 0 7 0 3 3 10 2 5 3 5 5 0 1 2 0 1 2 17 8 3 0 16 1 9 0 0 4 0 2 0 1 0 0 1 3 0 0 0 0 2 0 0 1 8 0 2 2 1 1 0 0 0 0 1 0 0 0 0 1 0 0 0 0 0 0 0 0 0 3 1 0 0 4 0 0 0 0 0 0 0 0 1 0 0 0 0 0 0 0 0 0 0 0 0 0 0 
6 5 0 0 1 2 2 3 0 2 1 1 3 6 0 2 3 1 2 0 0 0 1 8 1 2 1 16 0 2 0 0 3 0 0 0 2 0 1 6 1 0 2 0 0 0 0 0 0 2 0 0 0 0 0 0 1 0 0 0 0 0 0 0 0 0 0 0 0 0 0 0 0 0 0 0 0 0 0 0 0 0 0 0 0 0 0 2 0 0 0 0 0 0 0 0 0 0 0 0 0 0 
6 5 5 1 1 7 2 1 1 1 1 10 8 4 3 11 2 3 5 2 0 0 0 10 5 1 1 26 1 0 0 0 7 1 0 0 0 0 1 1 0 0 1 0 5 0 4 3 1 11 0 0 0 0 0 0 1 3 0 0 0 0 0 0 0 0 0 0 0 0 0 0 0 0 0 0 0 0 0 0 0 0 0 0 1 0 0 2 1 0 0 0 0 0 0 0 0 0 0 0 0 0 
6 3 5 6 2 6 1 4 1 1 12 1 4 1 9 12 10 15 16 2 15 1 1 5 7 6 1 28 1 7 0 0 3 1 0 0 2 0 1 0 6 0 0 0 11 4 2 0 9 19 3 5 2 3 2 0 0 0 0 0 0 0 0 0 2 0 0 0 0 0 0 0 0 0 0 0 0 0 1 0 0 0 0 0 0 1 0 0 1 0 0 1 0 0 0 0 0 0 0 0 0 0 
9 6 4 1 1 5 9 7 6 14 1 5 14 11 14 10 12 4 17 1 20 0 1 2 0 5 5 33 1 1 0 0 9 0 0 3 4 1 4 2 7 0 0 1 7 1 6 1 8 28 4 0 1 2 4 0 1 0 0 1 0 6 0 2 0 0 0 0 0 0 0 0 0 1 0 0 0 0 4 0 0 0 0 0 0 4 0 2 0 0 0 0 0 0 0 0 0 0 0 0 0 0 
16 9 4 1 3 4 3 20 4 20 4 5 24 49 35 9 7 18 8 1 2 4 0 0 0 0 3 27 2 3 3 0 11 2 3 4 4 1 2 1 14 0 9 3 6 3 4 3 0 24 14 3 2 0 1 0 1 8 0 0 0 1 0 1 1 0 0 0 0 0 0 0 0 0 2 4 0 0 2 3 1 1 0 0 0 2 0 3 0 0 0 1 0 0 0 0 0 0 0 0 0 0 
0 0 1 0 0 1 0 0 0 0 4 0 2 8 4 1 7 6 4 1 3 3 2 10 2 0 0 6 0 0 0 0 1 0 0 0 1 0 1 0 0 0 0 1 0 0 0 0 0 1 0 0 0 0 0 2 0 0 0 0 0 0 0 0 0 0 0 0 0 0 0 0 0 0 0 0 0 0 0 0 0 0 0 0 0 0 0 0 0 0 0 0 0 0 0 0 0 0 0 0 0 0 
2 1 0 0 0 0 1 1 0 2 1 2 11 0 17 7 1 3 1 3 4 8 3 25 4 0 1 25 0 1 0 1 5 0 1 0 0 0 0 1 2 0 0 0 2 3 1 0 0 9 7 0 4 0 0 2 0 0 0 0 0 1 0 0 0 0 0 0 0 0 0 0 0 0 0 0 0 0 0 0 1 0 0 0 0 0 0 1 0 0 0 0 0 0 0 0 0 0 0 0 0 1 
4 20 8 5 8 10 3 5 5 20 4 10 30 39 41 16 19 12 16 21 25 22 10 36 15 7 2 2 1 0 0 1 6 4 2 1 8 1 6 8 10 2 4 5 12 10 4 2 7 40 8 7 3 3 2 1 2 1 0 1 0 0 0 0 0 0 0 0 0 0 0 0 0 0 2 2 0 0 4 1 0 3 0 0 1 0 1 20 2 0 0 0 0 0 0 0 0 0 0 0 1 0 
2 18 1 0 0 0 0 0 0 0 0 4 0 0 3 0 0 0 4 1 0 0 0 6 0 0 0 1 0 0 0 0 0 0 0 0 0 0 0 0 2 0 0 0 2 0 0 0 0 2 3 0 0 0 0 0 0 0 0 0 0 0 0 0 0 0 0 0 0 0 0 0 0 0 0 0 0 0 0 0 0 0 0 0 0 0 0 1 0 0 0 0 0 0 0 0 0 0 0 0 0 0 
2 3 0 0 0 0 0 3 0 0 0 1 0 0 0 2 0 1 7 1 3 1 0 1 1 0 0 0 0 4 1 3 81 6 26 46 59 26 9 13 13 3 13 10 49 11 19 4 8 161 3 1 11 2 2 2 0 1 0 3 0 0 0 1 0 6 0 0 1 0 0 1 0 0 1 2 0 0 3 1 0 0 0 0 0 2 0 32 4 0 0 5 3 1 1 1 0 0 0 0 2 30 
0 0 0 0 0 0 0 0 0 0 0 1 1 1 0 1 0 1 0 0 0 1 0 3 0 0 0 0 0 0 0 0 21 1 13 8 19 7 13 6 3 0 13 1 2 12 4 0 7 28 1 1 3 0 3 0 0 0 0 0 0 0 2 0 1 0 0 0 0 14 0 0 1 0 1 0 2 0 0 0 0 0 0 0 0 1 0 8 1 0 0 1 0 0 11 1 0 0 0 0 0 5 
0 0 1 0 0 1 0 0 0 0 1 0 2 1 0 4 5 0 0 0 0 2 0 1 1 1 1 1 0 14 9 2 23 0 18 15 28 18 30 14 19 8 14 20 33 18 5 3 7 45 3 1 0 0 1 0 2 2 0 3 0 0 0 1 0 0 0 0 0 0 2 0 0 0 1 3 0 0 1 0 0 4 0 0 0 4 0 15 2 0 0 2 0 2 0 1 1 0 2 0 2 14 
4 3 5 0 0 1 0 0 2 3 0 0 6 1 0 3 4 4 3 3 4 0 2 10 17 0 3 13 0 37 20 9 1 5 4 18 38 17 9 18 48 5 17 10 25 33 34 15 19 243 33 11 31 6 3 5 5 10 0 2 0 0 0 2 3 0 0 0 0 3 4 1 0 1 13 3 0 0 4 0 2 1 3 0 1 4 2 30 3 0 0 5 0 4 1 4 3 9 4 1 0 20 
1 0 0 0 0 0 0 0 2 0 0 0 0 0 0 0 1 0 0 1 0 0 0 3 2 0 0 1 0 4 0 1 2 0 0 4 2 0 2 13 5 1 19 3 0 1 3 9 4 31 1 0 4 4 0 0 0 0 0 0 0 0 0 0 0 1 0 0 0 0 1 1 0 2 2 3 0 0 1 0 0 0 0 0 0 0 0 6 1 0 0 0 0 0 0 0 0 0 0 0 0 4 
0 0 0 0 0 0 0 0 0 0 0 0 0 0 0 0 0 0 1 0 0 0 0 5 0 0 0 2 0 6 0 0 26 2 0 1 6 1 2 7 7 1 2 2 3 5 2 0 2 25 2 0 0 1 0 0 1 0 0 0 0 0 1 0 0 0 0 0 0 0 0 1 0 0 1 0 0 0 3 0 0 0 0 0 0 0 0 9 1 0 0 4 3 0 0 5 0 1 1 0 0 17 
0 0 0 0 0 0 0 0 0 0 1 0 0 0 0 0 0 0 0 1 0 0 0 4 0 0 0 2 0 9 2 1 17 2 0 2 31 4 8 3 6 4 4 1 3 2 1 1 5 52 1 2 4 1 0 0 0 1 0 0 0 0 0 0 0 0 0 0 0 0 1 0 1 0 0 0 0 0 3 0 0 1 0 0 0 2 0 2 0 0 0 4 3 0 0 4 0 1 2 1 1 10 
0 1 0 0 0 0 0 0 0 0 0 0 0 0 0 0 3 1 0 0 3 0 0 0 1 0 0 0 0 25 2 2 15 5 1 1 0 0 4 7 8 4 5 3 16 5 5 1 4 56 1 0 2 1 0 0 0 0 0 0 0 0 0 0 0 0 0 0 0 0 1 0 0 0 0 0 0 0 1 0 0 0 0 0 0 0 0 8 1 0 0 3 10 2 0 0 0 0 0 0 0 20 
0 0 0 0 0 2 0 0 0 0 0 0 0 0 1 0 1 0 0 0 0 0 0 3 0 0 0 2 0 32 3 28 34 5 1 4 7 1 1 7 18 0 4 13 22 8 30 4 7 155 2 1 0 0 0 0 0 1 0 0 0 1 0 0 0 0 0 0 0 0 0 0 0 1 1 0 0 0 0 0 0 0 0 0 0 0 4 29 17 0 0 0 9 0 1 0 0 0 2 0 0 13 
1 0 5 0 1 5 3 0 0 4 0 2 0 0 1 0 0 0 0 0 2 3 7 15 2 0 0 4 0 39 18 18 39 10 8 7 6 3 1 15 31 1 14 31 11 17 38 2 25 110 1 0 2 6 0 0 1 0 0 0 0 0 3 1 2 1 0 0 0 0 1 0 0 11 0 1 0 0 0 0 0 0 0 0 0 0 0 48 2 0 0 2 0 1 2 2 0 9 1 0 0 21 
6 6 7 1 0 1 0 9 0 4 2 8 3 5 0 2 0 2 1 6 4 0 0 13 9 0 0 9 1 23 2 16 38 4 12 8 25 14 4 0 0 0 3 6 14 4 9 1 9 99 3 0 0 0 0 0 1 1 0 0 0 4 0 0 1 3 0 0 0 0 0 1 2 0 0 3 2 0 0 0 3 1 0 1 8 1 0 5 0 0 0 2 3 0 2 3 0 0 1 0 2 5 
9 1 6 0 0 2 0 1 1 1 0 5 1 15 3 0 1 0 1 0 2 1 0 5 2 0 0 6 2 49 0 20 53 3 2 3 7 15 22 0 0 1 5 1 0 5 1 0 3 52 0 0 0 0 0 0 1 0 0 0 0 0 0 1 0 2 0 0 2 0 0 0 1 1 2 1 0 0 1 1 2 2 0 0 1 0 0 3 1 0 0 0 3 1 5 0 0 0 0 0 0 4 
1 0 1 0 0 53 0 0 0 3 0 2 0 3 0 0 0 0 0 2 0 0 0 3 0 0 0 2 0 6 0 0 31 1 1 1 14 9 6 2 1 0 1 2 4 5 3 1 0 44 0 0 2 1 0 0 0 0 0 0 0 0 0 0 0 0 0 0 0 0 0 2 0 0 1 0 0 0 1 1 0 5 0 1 0 0 0 12 2 0 0 0 0 3 0 2 0 0 0 0 0 7 
0 14 1 0 0 0 0 0 0 1 1 0 1 1 0 0 0 0 0 2 0 0 0 2 0 0 0 4 0 4 8 1 25 0 1 0 20 4 4 0 1 0 0 1 0 0 1 2 1 13 7 1 1 1 0 0 0 0 0 0 0 0 0 0 4 0 0 0 0 0 0 0 0 2 0 17 2 0 4 2 3 0 0 20 5 1 0 17 0 0 0 0 3 1 0 2 0 10 2 0 0 30 
8 2 0 0 0 9 0 0 0 2 0 0 0 0 1 0 0 0 0 0 0 1 0 6 1 0 0 2 0 4 5 1 24 0 7 1 21 5 15 3 0 4 3 1 1 3 1 0 3 8 5 0 3 2 0 0 0 0 0 0 0 0 0 0 2 1 0 1 0 0 0 0 1 0 1 1 0 2 3 1 0 8 0 5 17 11 1 14 0 0 0 0 1 3 2 6 0 1 1 4 0 32 
9 5 2 1 0 2 0 0 0 0 0 0 0 0 0 0 2 0 1 0 4 0 0 10 6 0 0 6 5 12 4 7 28 0 11 4 17 10 4 8 2 0 0 3 2 2 3 1 1 14 1 0 3 2 0 0 0 0 0 0 0 0 0 0 1 0 0 0 0 1 1 5 1 0 5 1 0 1 3 0 0 0 0 1 2 2 0 4 0 0 0 0 0 0 0 2 0 1 2 0 2 14 
4 3 0 0 3 4 0 3 1 1 0 0 1 1 0 2 3 0 5 0 0 3 0 5 3 1 2 11 0 14 4 9 83 2 3 12 23 16 10 7 17 1 1 14 2 1 4 1 6 12 6 3 3 1 1 0 0 0 0 1 1 0 0 0 0 1 0 1 1 0 0 0 1 2 1 2 0 0 2 3 2 0 0 1 0 2 0 16 0 0 0 15 2 1 0 0 0 0 0 1 1 22 
0 1 1 0 0 0 7 0 1 1 0 1 0 0 0 1 3 1 1 1 2 0 0 8 6 0 0 6 0 2 2 5 25 2 1 9 11 5 4 5 10 1 1 1 2 0 1 1 0 4 0 1 0 0 0 0 0 0 0 0 0 1 0 0 0 1 0 0 0 0 0 0 0 1 4 5 1 1 2 0 1 0 1 1 0 0 0 17 0 0 0 0 1 0 0 0 0 0 0 0 0 10 
1 4 1 0 0 0 2 0 1 3 1 0 0 0 0 0 1 1 2 1 3 2 0 6 2 3 0 12 0 7 0 2 35 0 1 3 21 4 6 10 3 0 15 2 13 3 3 5 3 16 1 0 5 3 0 0 1 0 0 0 0 1 0 0 0 0 2 1 0 0 0 0 1 3 4 2 0 3 1 2 0 4 0 7 3 0 4 22 1 0 0 0 13 2 0 21 0 6 1 6 0 18 
7 16 1 0 2 2 0 1 15 2 0 0 0 0 1 0 3 3 0 1 0 1 3 12 5 1 0 24 0 10 1 23 42 2 0 10 12 16 9 6 6 3 17 2 10 4 12 7 1 14 4 1 0 0 0 0 2 1 0 1 3 0 0 0 1 1 1 0 0 0 0 0 0 0 4 1 0 0 0 2 2 1 1 4 0 1 1 13 4 0 0 4 0 0 0 1 0 0 17 0 0 19 
9 4 6 0 6 2 3 2 0 6 2 0 9 4 1 2 3 7 4 2 1 3 1 33 7 1 0 18 0 45 4 20 182 3 8 16 62 34 24 16 7 1 8 17 6 10 23 17 9 2 8 1 8 5 2 1 0 0 0 2 0 0 0 2 1 5 1 1 1 2 1 2 2 5 5 4 0 4 2 3 5 2 1 7 3 3 2 75 2 0 0 3 2 3 2 3 1 24 6 1 0 38 
2 3 1 0 2 0 1 2 1 7 0 0 5 0 1 3 3 2 1 2 0 0 0 17 2 1 0 4 0 3 0 4 41 4 8 7 8 0 1 0 1 1 2 1 1 10 1 1 1 25 2 0 0 10 3 0 9 0 0 24 7 4 1 2 7 7 1 7 0 4 2 3 14 13 5 4 0 0 5 6 1 1 4 14 0 7 0 15 5 0 0 0 0 2 4 1 1 1 0 2 0 20 
0 2 0 0 0 1 1 0 0 0 0 0 1 0 1 1 0 0 0 0 0 0 0 3 6 0 0 3 0 0 0 1 29 0 0 2 3 0 0 2 0 0 3 0 11 3 3 6 2 1 2 0 1 13 1 0 1 2 0 7 4 0 0 3 4 2 1 0 0 1 0 0 2 2 0 0 0 4 3 0 2 1 0 3 7 3 3 13 3 0 0 6 1 2 0 1 0 9 1 0 0 15 
0 0 0 0 0 1 0 0 0 0 0 1 0 1 0 0 0 1 0 1 1 0 1 3 2 0 0 0 0 0 3 0 11 0 4 0 0 0 0 1 1 0 2 0 0 4 0 1 0 21 0 0 0 0 0 0 0 0 0 3 0 0 1 1 1 3 0 0 0 0 0 1 0 2 0 0 0 0 1 0 0 0 0 4 0 2 0 10 0 0 0 0 0 0 0 0 0 1 0 0 0 7 
1 2 15 0 0 1 1 0 0 0 0 0 2 5 1 2 1 0 0 3 0 0 3 11 10 0 0 5 0 2 0 4 14 1 0 2 7 1 1 1 2 0 4 0 3 0 1 0 0 24 8 10 0 2 1 0 0 1 0 4 0 0 0 4 2 14 9 0 0 5 0 1 2 1 0 0 0 0 5 0 1 0 5 0 15 3 13 1 1 0 0 1 3 1 0 0 0 0 0 0 1 14 
0 2 2 0 0 0 0 0 0 1 0 0 1 0 2 0 0 0 0 4 2 0 0 5 3 0 0 2 0 3 0 4 7 0 0 0 2 0 1 0 0 0 1 1 0 0 2 4 4 5 22 23 14 1 1 0 0 0 0 32 0 2 0 4 1 0 0 1 0 3 1 0 4 12 4 1 0 1 9 3 0 0 0 0 0 0 0 4 2 0 0 0 0 0 0 0 0 5 0 0 0 8 
0 0 1 0 12 1 0 0 0 0 0 0 0 0 0 0 0 0 0 0 0 0 0 1 0 0 0 0 0 2 0 0 3 0 2 0 0 0 5 0 0 0 0 1 1 2 0 0 0 6 3 18 1 0 0 1 0 0 0 14 0 8 0 4 0 5 0 1 0 0 0 0 0 4 0 0 0 0 1 1 0 0 0 1 0 0 0 1 0 0 0 0 1 0 0 0 0 1 0 0 0 2 
0 0 0 0 0 0 0 0 0 0 0 1 5 0 0 7 0 0 0 0 2 0 0 3 1 1 0 0 0 0 0 0 11 1 0 1 0 3 1 1 0 1 1 0 1 0 0 0 0 4 0 0 9 1 0 0 0 0 0 1 0 0 0 0 1 1 13 0 0 3 0 4 6 2 5 8 0 0 0 0 0 1 0 0 2 2 0 4 2 0 0 0 0 0 0 0 0 0 1 0 0 5 
1 6 1 0 0 1 0 0 0 0 0 1 10 3 0 3 0 1 2 0 0 0 0 6 2 0 0 0 0 1 0 1 21 8 0 0 1 1 0 0 3 0 10 0 0 0 2 0 0 17 14 3 2 3 2 0 0 0 0 8 1 1 0 0 0 5 1 6 0 4 0 4 1 5 0 0 0 0 1 0 0 0 1 5 0 8 0 13 0 0 0 10 1 0 1 0 0 0 0 0 0 5 
0 0 0 0 0 0 0 0 0 0 0 0 0 0 0 0 0 0 0 0 0 0 0 0 0 0 0 0 0 0 0 0 0 0 0 0 0 0 0 0 0 0 0 0 0 0 0 0 0 0 0 0 0 0 0 0 0 0 0 0 0 0 0 0 0 0 0 0 0 0 0 0 0 0 0 0 0 0 0 0 0 0 0 0 0 0 0 0 0 0 0 0 0 0 0 0 0 0 0 0 0 0 
1 6 0 1 0 0 1 0 0 0 0 2 0 0 1 0 1 2 2 0 0 1 1 5 11 0 0 4 0 3 0 0 5 2 0 0 0 0 1 0 1 0 3 0 0 0 0 0 1 1 3 2 2 6 5 1 4 4 0 0 0 0 2 3 0 5 2 10 0 0 0 1 1 4 1 0 0 0 1 0 0 3 0 0 0 1 0 1 0 0 0 0 0 2 0 0 0 0 1 0 0 4 
0 1 0 0 0 0 0 0 0 0 0 0 1 0 0 0 0 0 0 0 1 0 0 0 1 0 0 2 0 0 0 0 0 0 0 0 0 0 0 1 0 0 0 0 0 1 1 0 0 1 3 0 2 3 2 0 1 0 0 0 1 0 0 0 0 0 0 7 0 0 1 0 0 1 0 0 0 0 0 0 1 0 0 0 0 0 0 2 0 0 0 0 0 0 0 0 0 0 1 0 0 1 
0 0 0 0 0 0 0 0 0 0 0 0 0 0 0 0 0 0 0 0 0 0 0 1 0 0 0 0 0 0 0 0 0 0 0 0 0 0 0 1 0 0 0 0 0 0 0 0 0 0 0 0 0 0 0 0 0 0 0 0 0 1 0 0 0 1 0 0 0 0 0 0 0 0 0 0 2 0 2 0 0 0 0 0 0 0 0 0 0 0 0 0 0 0 0 0 0 0 0 0 0 0 
0 0 0 0 0 0 0 0 0 0 0 0 0 0 0 0 0 0 0 0 0 0 0 1 0 0 0 0 0 1 0 0 1 0 0 0 0 0 0 0 0 0 0 0 0 0 1 0 0 0 3 0 0 0 0 0 0 5 0 0 0 0 0 0 1 0 0 2 1 1 0 0 0 0 2 1 1 0 1 0 1 0 0 0 0 5 0 0 0 0 0 0 0 0 0 0 0 0 0 0 0 1 
1 2 0 0 0 0 3 0 0 0 0 0 8 0 0 0 0 0 0 0 0 0 0 0 0 0 0 0 0 0 0 0 2 0 0 0 0 0 1 1 0 0 1 1 2 0 1 0 1 12 5 6 4 0 0 0 1 0 0 1 0 0 0 0 0 1 0 0 0 1 1 6 0 3 6 0 0 0 15 0 0 0 0 0 0 0 0 2 1 0 0 0 0 0 0 0 0 0 0 0 0 3 
2 1 0 0 0 0 0 0 0 0 1 0 0 0 0 0 0 0 0 0 0 0 0 1 0 0 0 0 0 0 0 1 5 0 0 1 3 0 0 2 0 0 3 0 6 1 0 0 0 24 6 4 2 2 6 2 0 1 0 2 0 0 0 0 0 3 0 0 0 3 0 5 1 3 2 1 0 0 2 9 0 1 0 0 0 0 1 3 1 0 0 1 0 0 0 0 0 0 0 0 0 4 
5 0 2 1 0 0 0 4 0 0 0 0 0 0 0 0 0 0 0 0 0 0 0 1 0 0 0 0 0 8 1 1 3 0 0 1 0 0 0 0 2 0 1 0 1 1 4 1 0 16 22 17 12 1 2 5 11 5 0 21 0 2 0 3 0 1 0 4 5 1 3 16 1 7 6 2 2 1 14 6 0 0 0 0 0 0 0 9 1 0 0 2 2 1 0 0 0 0 0 0 0 6 
14 0 0 0 0 0 0 0 0 0 0 1 0 0 0 0 0 0 0 0 0 0 0 0 0 0 0 0 0 1 0 1 0 1 0 0 1 0 1 0 0 0 1 0 2 0 0 0 0 6 0 0 7 0 0 1 0 0 0 1 0 10 0 0 0 0 0 0 0 0 1 0 0 1 1 0 14 0 2 0 0 0 0 0 0 0 0 1 0 0 0 0 0 0 0 0 0 0 0 0 0 0 
4 0 0 0 0 0 0 5 0 0 0 0 0 0 0 0 0 0 0 0 0 0 0 0 0 0 0 0 0 2 0 0 7 1 0 0 0 0 3 0 0 0 0 0 2 0 1 0 1 12 7 2 5 2 1 0 0 5 0 4 6 6 0 2 1 0 0 0 1 3 0 1 0 15 11 0 0 2 6 0 2 0 1 1 0 0 0 3 0 0 0 0 0 0 0 0 0 0 0 0 0 0 
1 0 0 0 1 0 0 0 0 0 0 0 0 0 0 0 0 0 0 0 0 0 0 0 0 0 0 0 0 1 0 6 2 0 0 0 0 0 1 0 0 0 0 0 0 0 0 0 2 3 1 0 3 3 0 0 0 1 0 2 2 0 1 1 0 0 4 0 0 0 3 2 0 1 0 0 0 0 4 0 4 0 0 0 0 0 0 0 0 0 0 1 0 0 0 0 0 0 0 0 0 0 
3 10 0 2 0 0 0 0 0 3 0 0 0 0 0 0 0 0 0 0 0 0 0 0 0 0 0 0 0 1 0 0 4 1 0 0 0 0 0 0 0 0 0 0 0 2 1 0 0 2 15 1 14 4 9 9 0 1 0 1 8 1 0 1 0 5 0 5 0 0 0 0 1 4 0 0 0 0 22 0 0 1 0 0 0 0 2 1 0 0 0 0 0 0 0 0 0 0 0 0 0 0 
4 3 2 0 0 0 0 0 0 0 13 2 0 0 0 2 0 0 0 0 0 0 0 0 0 0 0 0 0 1 2 0 10 9 5 0 8 0 2 1 0 0 2 0 1 0 3 1 3 13 9 2 8 6 2 3 0 7 0 8 12 3 2 4 7 18 3 10 13 2 2 0 1 2 0 2 0 0 11 1 2 2 0 0 5 0 1 6 0 0 0 0 0 0 0 0 0 0 0 0 0 2 
2 0 12 0 1 0 0 0 1 0 0 0 1 1 0 0 0 0 0 0 0 0 0 0 0 0 0 0 0 2 2 0 8 2 2 1 12 0 1 0 0 4 3 0 5 1 4 0 3 10 9 0 0 1 1 0 0 1 0 17 1 0 1 4 2 17 0 7 2 8 0 0 0 0 1 1 0 3 4 0 0 1 0 0 1 1 0 3 0 0 0 2 0 0 0 0 0 0 0 0 0 2 
0 0 1 0 0 0 0 1 0 0 0 0 0 1 0 0 0 0 0 0 0 0 0 0 0 0 0 0 0 0 0 0 4 0 0 0 2 0 0 0 0 0 0 0 1 0 0 0 0 10 9 2 3 1 1 2 1 3 0 3 2 0 1 1 0 3 0 5 0 13 1 1 1 1 0 1 0 6 4 2 3 0 4 0 0 0 0 2 0 0 0 3 0 0 0 0 0 0 0 0 0 0 
2 0 3 0 1 0 0 0 0 1 1 1 0 0 0 0 0 0 0 0 0 0 0 1 0 0 0 0 2 0 0 0 3 3 3 1 5 6 1 0 2 0 7 2 0 0 0 1 1 7 7 5 4 1 4 3 0 3 0 8 2 0 1 0 1 1 0 0 4 14 8 1 1 2 6 0 1 0 3 0 0 1 0 0 0 2 0 6 0 0 0 0 0 0 0 0 0 0 0 0 0 3 
0 1 0 0 0 0 0 0 1 0 0 0 4 0 0 0 0 0 0 1 1 0 1 1 0 0 0 4 0 1 0 1 6 3 0 1 2 1 4 0 0 0 9 1 0 2 0 1 0 27 1 0 4 4 0 0 0 2 0 5 0 11 1 1 1 0 3 0 0 0 0 0 0 4 0 1 2 1 24 4 2 2 11 30 0 5 1 24 5 0 0 0 1 0 4 0 0 1 5 2 0 15 
0 1 1 0 0 2 1 6 0 0 3 0 3 0 0 0 3 0 0 0 0 0 0 4 4 0 0 11 0 4 0 6 12 4 0 0 10 0 0 2 1 0 2 11 2 2 8 0 3 39 37 4 6 4 5 0 0 9 0 8 3 1 0 9 0 1 3 1 2 1 0 0 10 5 3 2 1 3 42 12 8 3 17 47 4 6 1 40 2 0 0 2 7 4 3 4 1 4 9 0 1 11 
0 0 0 0 0 0 0 0 0 0 0 0 12 0 0 0 0 0 0 0 0 0 0 0 0 0 0 1 0 2 0 0 0 0 0 0 2 0 0 0 0 0 2 0 1 0 0 0 0 7 1 0 2 1 1 1 0 0 0 3 0 0 0 0 1 0 0 2 0 3 0 0 0 11 0 4 0 1 3 20 2 1 1 14 0 0 0 14 2 0 0 1 1 0 0 2 0 0 0 0 0 5 
0 0 0 0 0 4 0 0 0 0 0 0 2 0 0 2 1 0 3 0 0 0 0 3 2 0 0 3 0 7 2 2 5 0 0 0 0 0 0 0 0 1 16 22 8 6 2 1 4 80 7 2 9 1 0 0 5 4 0 0 7 5 0 10 1 2 0 3 0 4 4 0 2 9 8 2 3 1 2 0 15 2 2 39 20 3 19 42 6 0 0 2 8 3 5 23 0 3 8 0 7 20 
1 13 1 0 0 2 0 5 0 0 0 0 0 0 1 1 3 2 3 0 1 1 2 16 10 0 0 8 0 13 0 10 15 2 1 0 3 0 0 1 2 1 7 8 3 2 2 2 5 52 8 4 9 8 3 2 0 1 0 0 16 1 4 1 0 27 17 9 1 12 8 7 10 12 5 4 1 0 1 1 4 4 0 60 11 5 3 61 10 0 0 13 1 2 7 2 0 2 3 0 2 29 
1 0 0 0 0 0 0 0 0 1 0 0 0 2 0 0 0 0 0 0 0 0 0 0 0 0 0 1 0 2 1 0 0 0 0 0 0 1 11 0 4 0 8 4 3 6 2 0 1 22 2 12 1 5 5 0 0 0 0 0 0 0 0 1 0 1 1 2 1 3 1 0 0 0 5 0 0 2 0 1 1 0 2 40 5 20 1 34 2 0 0 1 23 1 9 4 0 3 7 0 2 20 
0 0 0 0 0 4 0 0 0 0 0 0 0 0 0 0 0 1 0 1 0 0 0 0 0 0 0 0 0 0 0 1 5 0 0 0 1 0 0 3 0 0 20 17 0 6 2 2 12 38 4 0 2 5 0 0 2 0 0 0 0 7 0 1 0 2 0 0 6 0 1 0 8 1 2 2 0 1 6 2 1 1 1 20 17 16 0 27 2 0 0 7 5 3 0 0 0 3 11 0 1 17 
0 0 0 0 0 0 0 0 0 0 0 0 0 0 0 0 0 0 0 0 0 0 0 0 0 0 0 0 0 1 0 3 3 0 0 0 0 0 1 0 0 0 1 0 0 0 0 0 0 8 0 0 1 0 0 0 0 4 0 0 1 0 0 0 0 0 0 0 0 0 0 0 2 0 0 1 1 1 0 0 1 1 0 4 6 2 2 10 2 0 0 0 0 0 3 0 0 0 1 0 0 10 
2 1 0 1 0 1 0 0 0 0 0 0 0 0 0 0 0 0 0 0 0 0 0 0 0 0 0 1 0 1 0 1 1 0 0 0 0 0 2 3 1 0 5 7 4 4 2 0 5 26 13 6 13 0 5 0 0 6 0 6 0 0 0 0 13 0 0 0 0 0 0 0 1 10 8 3 1 0 7 1 2 0 1 7 3 3 1 54 5 0 0 15 4 6 0 6 0 3 6 0 0 18 
0 3 0 0 0 0 1 0 0 0 0 0 0 0 0 0 0 0 0 0 0 0 0 0 0 4 0 0 0 1 0 0 2 0 0 0 0 0 0 4 1 1 6 19 0 8 1 1 0 9 4 5 18 1 3 0 1 0 0 0 0 0 0 0 0 2 0 0 0 3 0 0 0 14 6 6 2 2 14 5 1 4 0 0 1 16 2 45 2 0 0 3 18 14 10 3 0 7 2 1 4 18 
0 0 1 1 0 0 0 0 0 0 0 0 0 0 0 0 0 0 0 0 0 0 0 0 0 0 0 0 0 1 0 0 0 0 0 0 0 1 0 1 3 0 54 10 14 28 0 1 1 28 5 0 2 0 0 0 1 0 0 0 0 0 0 0 0 1 0 0 0 2 0 0 1 0 7 11 0 11 11 16 23 1 6 3 0 1 2 55 2 0 0 24 7 1 4 1 0 5 8 0 0 30 
2 1 0 0 0 0 1 2 0 0 0 0 0 0 0 0 0 0 1 0 0 0 0 1 0 0 0 1 0 1 0 4 9 4 0 0 1 0 0 0 1 0 11 2 6 1 0 0 11 3 7 0 2 0 0 0 3 1 0 0 0 2 0 0 0 0 0 0 0 0 1 0 0 5 4 3 1 2 5 4 2 1 0 4 3 2 0 7 4 0 0 10 15 3 24 2 3 0 3 0 1 17 
1 3 3 0 0 2 0 0 1 2 0 0 0 0 0 0 0 1 2 0 0 1 0 2 1 0 0 3 0 2 0 0 15 0 0 0 5 1 1 1 0 0 8 1 0 2 2 0 3 10 0 1 3 0 0 0 0 0 0 1 1 0 0 0 0 0 0 0 2 1 0 0 0 6 1 5 1 0 8 3 3 5 1 5 0 1 0 4 3 0 0 18 1 7 1 0 0 9 5 0 2 16 
9 12 10 0 2 3 3 3 2 3 0 2 2 3 2 2 5 5 5 0 3 1 1 7 7 0 0 11 0 25 7 8 59 4 2 9 14 5 26 2 1 0 14 13 7 32 27 12 14 166 33 7 47 9 1 0 0 3 0 4 1 2 2 1 3 0 4 1 1 1 3 2 0 3 19 31 9 9 24 2 12 25 11 16 5 9 2 2 4 0 0 10 2 7 5 27 2 18 6 0 5 122 
1 0 0 0 0 0 0 1 0 0 0 0 0 0 0 0 1 0 0 0 1 1 0 0 2 0 0 1 0 16 0 1 11 0 0 0 8 1 3 1 1 0 13 1 2 2 1 0 2 11 4 0 1 1 0 0 0 0 0 2 0 1 0 0 0 0 0 0 0 0 1 1 0 0 3 2 0 4 1 3 1 2 0 2 11 4 9 8 1 0 0 10 15 1 2 6 2 0 1 2 2 27 
0 0 0 0 0 0 0 0 0 0 0 0 0 0 0 0 0 0 0 0 0 0 0 0 0 0 0 0 0 0 0 0 0 0 0 0 0 0 0 0 0 0 0 0 0 0 0 0 0 0 0 0 0 0 0 0 0 0 0 0 0 0 0 0 0 0 0 0 0 0 0 0 0 0 0 0 0 0 0 0 0 0 0 0 0 0 0 0 0 0 0 0 0 0 0 0 0 0 0 0 0 0 
0 0 0 0 0 0 0 0 0 0 0 0 0 0 0 0 0 0 0 0 0 0 0 0 0 0 0 0 0 0 0 0 0 0 0 0 0 0 0 0 0 0 0 0 0 0 0 0 0 0 0 0 0 0 0 0 0 0 0 0 0 0 0 0 0 0 0 0 0 0 0 0 0 0 0 0 0 0 0 0 0 0 0 0 0 0 0 0 0 0 0 0 0 0 0 0 0 0 0 0 0 0 
0 0 0 0 0 1 0 0 2 0 1 0 1 0 1 0 0 0 0 0 0 0 0 0 0 0 0 1 0 1 0 0 2 1 4 1 1 1 0 0 1 0 1 0 0 1 1 0 1 3 1 0 1 1 1 0 0 0 0 0 0 2 0 2 0 0 0 0 0 0 0 0 0 0 0 2 0 1 2 0 1 0 2 0 0 7 3 29 0 0 0 2 1 0 0 6 0 0 1 0 0 23 
1 3 1 0 0 0 0 0 0 0 0 0 2 0 0 0 0 0 0 0 0 0 0 0 0 0 0 0 0 2 0 1 0 0 1 2 4 0 2 0 0 0 1 0 3 0 0 0 1 2 5 0 9 0 0 0 0 0 0 2 0 0 1 0 0 0 0 0 0 0 0 0 0 0 3 0 0 0 0 3 0 0 1 5 3 2 3 8 1 0 0 4 2 0 0 1 0 1 1 0 0 7 
0 1 0 0 0 0 0 0 0 0 0 0 0 1 3 0 0 0 0 0 0 0 0 0 0 0 0 1 0 2 0 1 7 2 1 0 0 2 3 0 0 0 1 16 1 2 0 2 2 20 2 1 2 1 0 0 0 1 0 0 0 0 0 0 0 0 0 0 0 0 0 0 0 0 6 2 7 1 5 3 0 4 1 13 8 2 3 13 5 0 0 0 1 0 0 6 0 0 0 0 2 23 
0 1 0 0 0 0 0 0 0 0 0 0 0 0 0 0 0 0 0 0 0 0 0 0 0 0 0 0 0 3 1 1 5 0 1 2 0 0 0 0 0 0 0 1 2 1 0 2 0 8 8 3 3 0 1 0 1 1 0 0 0 0 0 0 0 0 0 0 0 0 0 0 0 0 3 3 0 9 15 1 0 2 2 3 2 1 2 12 2 0 0 2 2 0 1 0 0 1 0 0 0 22 
0 2 0 0 0 1 0 0 3 1 0 0 1 0 1 1 0 0 0 0 0 0 0 1 0 0 0 4 0 1 0 7 11 0 7 5 6 4 2 1 13 0 14 16 2 1 3 0 2 21 1 1 2 0 7 1 1 1 0 0 0 0 0 0 0 0 0 0 0 0 0 1 0 0 1 3 2 1 3 6 2 6 0 3 0 1 4 26 0 0 0 0 4 0 0 1 1 3 0 0 0 31 
0 0 1 0 0 0 0 0 0 0 0 0 0 0 0 0 0 0 0 0 0 0 0 0 0 0 0 0 0 0 0 0 1 0 0 0 0 0 0 4 1 0 11 18 0 2 3 1 1 8 4 0 0 0 0 0 0 0 0 0 0 0 0 0 0 0 0 0 0 0 0 1 0 0 0 1 0 1 0 5 0 0 0 0 0 10 4 9 0 0 0 4 0 0 0 0 0 0 0 0 0 1 
0 2 0 0 0 1 0 0 0 0 0 4 0 0 0 0 0 0 0 4 0 0 0 0 0 0 0 1 1 5 0 0 5 0 0 2 20 1 1 4 5 1 4 1 1 1 11 1 1 26 1 0 9 0 10 1 0 0 0 1 0 0 0 0 0 0 0 0 0 0 0 0 0 1 2 6 1 0 16 3 9 11 0 7 5 7 0 28 2 0 0 1 0 0 0 0 0 0 1 0 1 23 
1 2 0 0 0 2 0 0 0 0 0 14 0 1 1 1 2 1 0 0 0 0 0 0 0 0 0 0 0 2 0 0 1 0 0 1 2 2 1 0 1 2 12 10 0 4 1 0 3 35 4 4 2 1 6 1 6 3 0 0 3 0 0 0 1 0 0 0 0 0 0 0 0 1 20 6 1 6 12 9 7 25 1 16 6 7 0 67 2 0 0 9 1 0 9 0 0 1 0 0 1 10 
0 0 0 16 0 1 0 0 2 0 0 0 0 0 0 1 0 0 0 0 0 0 0 0 0 0 0 0 0 2 0 0 0 1 0 0 0 1 0 0 2 0 8 17 1 0 1 1 1 24 1 0 11 0 0 0 2 0 0 0 1 0 0 0 0 0 0 0 0 0 0 0 0 0 4 1 0 0 1 3 1 4 0 1 2 1 0 11 1 0 0 20 2 2 2 2 0 0 0 0 0 4 
0 0 0 0 0 10 0 0 0 0 0 0 0 0 0 0 0 0 0 0 0 0 0 1 0 0 0 0 0 1 0 0 2 0 0 0 1 5 0 0 1 0 2 8 1 6 1 0 9 2 11 0 0 0 0 0 0 0 0 1 0 0 0 0 0 0 0 0 0 0 0 0 0 0 0 3 0 0 0 1 16 0 2 1 2 1 0 3 1 0 0 14 0 0 0 2 0 0 0 0 0 0 
0 1 0 1 0 10 0 0 1 1 0 0 0 0 0 0 1 0 0 0 0 0 0 0 0 0 0 0 0 7 4 0 4 3 0 0 4 2 0 2 15 0 3 6 2 3 6 1 8 6 1 4 2 4 0 1 1 0 0 0 0 0 0 2 0 0 0 0 0 0 0 0 0 4 2 8 0 6 8 4 8 13 3 4 3 1 0 32 7 0 0 27 1 3 1 0 0 1 0 1 0 1 
