4 11 19 3 8 19 24 17 21 28 15 30 36 39 28 56 20 10 11 12 13 9 2 19 5 0 0 22 76 2 1 6 17 3 6 1 8 5 18 14 8 1 6 8 4 14 6 5 3 43 4 3 4 1 0 1 4 5 0 1 0 1 1 3 4 4 2 3 0 1 2 1 1 2 0 1 1 2 11 2 2 3 1 2 2 2 0 16 0 0 0 3 2 0 0 2 0 1 1 1 2 9 
5 9 22 4 13 23 19 13 35 27 8 33 36 67 50 65 29 14 22 15 9 8 6 13 5 0 0 17 143 5 1 2 14 2 8 6 1 6 18 17 11 3 10 10 15 13 11 6 2 34 3 5 9 1 1 3 3 3 0 1 1 3 6 4 3 11 2 3 0 1 6 2 3 2 0 1 0 4 18 2 1 3 3 9 0 4 5 16 5 0 0 6 2 3 0 0 0 4 2 1 0 11 
22 13 5 8 8 19 11 15 22 23 8 24 25 57 43 60 11 15 18 8 5 8 5 15 7 0 3 21 133 1 0 2 6 5 1 2 3 1 21 12 11 0 3 3 4 11 3 5 3 24 4 0 10 6 1 0 1 6 0 0 1 0 1 4 0 11 0 2 1 0 4 5 1 1 1 0 0 3 21 0 2 1 2 7 4 2 5 13 2 0 0 6 0 0 1 2 0 0 1 0 0 8 
5 5 19 0 1 1 13 10 6 3 3 3 6 19 4 8 1 0 3 2 2 2 0 4 1 0 0 1 19 0 0 0 0 0 1 0 0 1 3 4 5 1 0 1 0 1 2 0 1 5 1 1 1 0 0 0 0 0 0 0 1 0 0 1 1 1 0 0 0 0 0 0 0 0 0 3 0 1 2 1 0 0 1 0 0 0 1 2 1 0 0 0 2 1 0 0 1 0 0 0 0 1 
13 8 6 0 6 8 10 10 16 5 5 14 18 20 11 14 4 7 2 1 3 1 3 8 0 1 0 5 21 0 0 1 3 0 1 3 0 4 8 5 0 0 1 5 3 4 3 1 2 14 2 1 1 0 1 0 1 3 0 0 0 0 2 0 3 0 0 0 0 0 0 1 1 0 1 0 0 0 3 0 0 0 1 0 0 2 1 1 0 0 0 3 1 1 1 0 0 0 0 0 0 6 
14 22 33 14 6 9 23 19 19 10 12 37 27 73 38 42 41 19 20 10 4 8 5 14 3 0 0 16 94 0 3 4 4 4 2 0 2 3 17 13 7 0 2 11 2 8 5 7 3 29 1 1 6 1 2 0 2 3 0 1 1 2 0 1 5 7 3 2 0 0 0 4 0 3 2 1 0 3 11 0 0 0 1 2 0 3 0 8 3 0 0 3 1 3 0 2 0 1 0 0 0 3 
29 41 27 11 7 19 10 33 35 16 8 24 51 52 32 40 29 16 20 8 6 7 0 9 4 0 1 14 59 4 4 3 11 3 0 0 5 7 27 23 7 2 6 5 4 9 10 1 0 20 1 5 8 2 0 3 1 1 0 6 1 0 3 2 4 9 5 1 4 0 2 4 2 4 2 2 1 3 17 1 2 0 1 3 0 2 2 6 1 0 0 4 2 0 0 0 0 0 0 0 1 11 
20 31 20 5 6 9 14 6 10 9 17 28 53 50 30 64 35 6 16 7 9 13 3 7 5 0 0 9 52 5 3 3 4 1 1 6 1 4 20 14 6 1 4 2 6 11 10 2 0 19 2 0 9 1 2 2 4 4 0 0 0 0 0 0 6 5 2 2 0 0 0 2 2 2 2 1 1 1 7 1 0 1 0 3 1 4 0 2 1 0 0 1 4 0 1 3 0 0 0 0 0 6 
16 31 35 9 4 13 35 18 8 17 8 23 56 59 31 63 28 12 21 1 7 6 4 15 5 2 0 17 57 0 0 2 7 0 1 5 1 2 31 6 9 3 4 5 5 5 10 5 8 29 3 1 5 5 1 2 2 9 0 1 1 3 0 0 4 5 0 0 1 1 0 7 3 2 1 3 0 0 9 0 0 0 3 3 1 4 0 7 4 0 0 8 0 0 3 2 0 0 0 0 0 4 
10 24 7 3 7 9 23 11 3 2 3 10 32 26 21 37 17 10 12 8 0 5 1 11 2 0 1 16 20 4 0 3 2 1 4 2 2 3 27 6 4 2 2 2 5 5 9 1 0 14 6 4 10 4 2 3 1 10 0 0 0 1 0 2 0 3 1 3 2 3 0 2 0 2 6 1 1 0 7 0 0 0 2 1 0 2 0 2 2 0 0 3 0 0 0 0 0 0 0 0 0 2 
8 19 6 1 0 6 9 4 25 5 1 8 18 13 9 32 16 17 7 3 4 4 3 8 6 2 1 18 11 2 2 1 3 0 1 0 2 2 12 9 1 0 5 4 5 7 4 3 1 12 3 0 2 1 0 0 1 6 0 0 0 0 0 1 2 0 0 1 0 0 0 0 2 0 0 0 0 1 2 0 0 0 0 1 0 2 0 0 2 0 0 7 1 0 0 0 0 0 1 0 0 5 
17 40 32 1 14 22 25 21 31 29 13 5 21 50 11 55 29 24 30 14 14 13 6 33 19 0 3 31 44 11 1 5 3 2 2 0 5 4 16 24 7 0 7 4 4 4 3 2 2 31 5 2 17 2 2 0 4 4 0 2 1 1 1 0 2 2 0 0 0 0 3 2 0 2 3 1 3 0 9 1 0 0 1 0 0 0 0 2 0 0 0 10 0 0 1 0 0 0 1 0 0 6 
42 60 34 6 12 32 48 41 66 42 16 19 17 86 25 70 64 37 40 22 28 15 12 61 26 2 2 54 35 8 6 5 5 2 4 3 4 4 31 10 14 2 7 18 8 9 8 4 2 34 7 7 9 9 5 8 4 3 0 6 1 4 0 1 6 3 0 2 0 1 0 0 1 1 10 2 0 3 13 2 4 0 0 0 1 0 0 5 1 0 0 6 0 0 1 2 0 0 2 2 0 12 
36 75 57 7 20 43 50 41 50 54 30 52 48 6 9 77 72 67 50 24 60 47 24 54 46 4 3 116 70 11 2 2 6 0 1 0 1 12 24 9 13 1 7 7 4 9 8 5 3 44 9 8 11 9 0 6 2 9 0 6 2 3 0 1 1 3 0 0 0 3 2 0 1 2 8 4 0 1 17 2 1 0 0 1 1 0 0 2 0 0 0 4 0 1 0 3 0 2 3 0 1 8 
42 46 53 4 18 44 41 44 38 26 18 32 51 27 8 27 36 34 28 23 45 28 14 55 21 5 4 79 39 9 2 2 17 2 3 1 3 5 26 8 9 2 5 6 6 5 6 3 3 19 1 2 12 4 2 0 0 3 0 3 0 1 0 2 1 0 0 0 0 0 1 1 0 0 4 1 0 2 21 1 3 0 0 0 0 0 2 2 3 0 0 4 3 0 0 0 0 1 0 0 0 1 
32 53 33 6 18 31 46 38 40 39 26 33 72 44 20 14 73 47 42 31 54 37 23 95 36 5 5 85 46 21 8 7 32 7 10 10 47 5 19 22 16 1 5 9 15 21 10 10 2 45 9 2 5 7 8 0 8 7 0 6 0 1 1 2 2 5 0 0 1 2 1 2 0 0 1 5 0 4 33 1 2 0 0 1 0 0 1 10 3 0 0 19 0 1 0 0 1 1 1 0 0 9 
24 41 20 4 8 29 33 32 35 51 16 39 36 88 35 80 9 55 52 24 65 32 30 88 23 5 5 74 33 35 6 28 29 9 13 6 29 18 54 27 26 1 19 24 18 20 19 12 4 66 10 6 5 8 5 0 8 8 0 3 0 4 2 2 0 0 0 0 1 0 2 3 1 2 3 0 0 1 23 2 2 0 1 0 1 6 1 12 7 0 0 8 2 1 0 0 0 1 1 0 0 6 
10 21 11 2 3 8 12 10 10 17 3 23 31 74 19 94 36 6 31 10 31 18 15 38 17 3 3 30 27 22 4 16 36 4 11 9 19 16 43 16 18 1 16 9 8 19 17 3 3 35 1 1 4 4 1 2 0 3 0 3 0 0 1 0 0 0 0 0 0 0 2 0 0 0 2 1 0 0 8 1 1 1 0 0 0 2 2 12 1 0 0 6 1 0 1 1 0 0 0 0 0 8 
10 18 11 3 0 22 20 8 11 14 13 20 38 72 61 97 84 49 4 25 54 29 29 69 17 4 2 46 22 19 7 7 8 3 9 1 22 12 45 11 16 0 3 12 8 16 8 5 11 29 2 5 5 4 1 0 1 7 0 4 0 2 0 1 1 1 0 0 0 0 0 0 0 0 0 2 2 0 12 0 0 0 0 0 0 2 1 6 7 0 0 3 1 0 0 0 0 1 0 0 0 2 
12 17 12 2 4 14 15 8 17 18 12 9 28 46 26 47 32 26 19 1 4 8 12 25 13 5 14 55 19 8 4 4 4 3 9 10 7 6 33 7 12 1 4 2 5 9 4 2 1 16 2 1 5 1 2 0 1 2 0 1 1 0 0 0 0 0 0 0 0 0 0 0 0 1 1 1 0 1 7 1 2 0 0 1 0 1 3 6 2 0 0 2 0 0 0 0 1 1 0 0 0 2 
2 11 4 2 2 3 3 17 8 10 3 17 34 56 22 91 43 42 38 2 3 5 15 36 14 14 9 48 23 3 3 1 14 0 9 10 9 4 31 6 10 2 1 4 8 2 9 1 3 13 3 1 0 1 0 0 5 2 0 1 0 0 0 2 0 0 0 0 0 0 0 0 0 0 0 0 0 0 3 0 0 0 0 1 0 1 0 2 1 0 0 1 0 0 0 1 0 0 0 0 0 1 
0 14 6 2 3 9 7 6 9 11 2 19 18 42 26 59 32 18 20 7 1 7 16 13 5 11 7 50 14 3 1 1 6 0 3 2 6 4 32 3 5 0 2 7 4 4 5 0 1 15 1 0 1 0 2 0 0 1 0 2 0 1 0 0 0 0 0 0 0 0 0 1 0 0 1 0 0 1 3 0 1 0 1 1 0 2 1 2 1 0 0 1 0 0 0 0 0 0 0 0 0 0 
2 2 7 0 1 6 7 5 3 5 7 14 8 31 28 58 19 16 27 4 28 4 13 12 2 0 5 61 3 1 0 2 5 0 1 6 11 5 32 8 2 2 4 0 2 4 3 2 3 19 1 1 3 0 0 0 0 2 0 1 0 2 0 0 0 0 0 0 0 0 0 0 0 0 1 1 0 0 2 0 1 0 0 1 0 1 0 1 0 0 0 0 0 0 0 0 0 0 0 0 0 3 
10 20 6 1 0 11 2 10 14 19 6 24 39 65 40 109 71 47 69 15 23 6 15 8 7 24 23 70 17 7 4 4 26 5 7 5 16 21 48 19 8 1 5 8 9 14 13 4 6 51 7 5 8 5 2 0 1 1 0 3 1 5 0 0 1 0 0 0 0 0 0 0 0 0 4 2 1 0 8 1 5 0 1 2 1 4 1 15 1 0 0 10 1 0 0 0 0 0 0 0 0 4 
6 10 12 0 9 18 16 8 16 30 0 26 36 57 35 120 34 22 31 17 29 13 9 8 7 3 10 34 7 9 1 2 96 8 7 9 17 9 65 20 29 2 13 24 12 23 15 12 7 94 6 7 13 10 5 1 4 7 0 2 1 2 1 2 1 0 0 0 0 0 0 0 0 1 4 6 1 1 17 1 0 0 0 2 1 4 7 32 2 0 0 8 0 2 0 1 0 1 4 0 0 5 
3 0 1 0 0 0 1 4 3 3 1 1 3 2 4 5 12 18 9 5 15 15 15 33 5 1 6 19 0 0 0 0 1 1 2 0 3 0 4 0 2 0 0 3 0 0 1 0 1 1 0 0 2 0 0 0 0 0 0 0 0 0 0 0 1 0 0 0 0 0 0 0 0 0 1 0 0 1 0 0 0 0 0 0 0 0 0 0 0 0 0 0 0 0 0 0 0 0 0 0 0 0 
0 0 1 0 0 0 0 2 0 3 0 2 2 3 3 13 6 2 8 2 15 5 9 18 4 0 0 17 1 0 0 0 0 0 0 0 4 0 5 1 0 0 0 0 0 0 1 0 2 4 0 0 2 0 0 0 0 0 0 0 0 0 0 0 0 0 0 0 0 0 0 0 0 0 1 0 0 0 1 1 0 0 0 0 0 0 0 0 0 0 0 1 0 0 0 0 0 0 0 0 0 0 
16 15 12 5 9 13 8 4 9 20 12 21 35 110 51 126 73 44 59 30 57 55 54 60 36 13 54 13 11 5 1 7 21 10 9 2 25 16 61 12 31 3 6 18 12 29 12 8 8 76 10 1 10 4 2 3 2 2 0 2 1 1 2 1 0 0 0 1 0 0 0 0 0 0 3 2 2 1 19 0 1 1 2 0 0 2 3 24 1 0 0 7 0 0 1 1 0 1 3 0 0 17 
19 39 26 9 11 36 16 22 30 13 7 14 19 20 22 20 13 18 6 4 1 5 3 2 2 0 0 1 4 2 2 1 3 1 0 0 2 3 6 6 4 0 5 3 0 3 4 0 2 4 1 1 2 0 0 0 0 0 0 6 1 1 0 0 1 2 1 0 0 1 0 1 1 0 0 0 0 1 4 0 2 0 0 2 0 1 0 3 0 0 0 3 0 0 1 1 0 1 0 0 0 3 
1 6 0 0 0 2 3 2 6 3 1 4 13 4 6 12 23 17 14 2 4 2 0 10 3 0 0 4 4 28 83 121 279 46 116 118 338 139 258 92 66 3 39 41 46 51 28 15 23 167 7 3 15 12 2 5 4 7 0 6 4 4 3 10 19 30 4 7 2 7 2 7 0 1 1 6 0 0 22 7 0 3 1 5 2 4 6 38 11 0 0 41 10 3 8 8 3 6 7 2 1 30 
0 3 1 0 0 3 0 5 6 0 1 8 9 1 4 10 15 4 4 2 2 5 3 13 1 0 0 1 1 51 5 93 105 21 60 45 148 52 103 34 13 2 11 27 24 20 11 9 3 39 2 1 2 1 2 0 0 1 0 2 0 2 2 4 10 10 1 5 3 6 1 0 0 0 0 1 0 2 9 1 2 0 1 1 1 3 4 11 3 0 0 12 3 0 3 2 0 1 0 0 0 6 
0 2 3 0 0 3 1 4 2 1 4 0 14 2 3 15 23 9 7 0 2 0 0 2 1 1 0 0 8 118 58 10 125 27 74 59 221 104 238 62 53 4 20 32 41 63 31 13 10 91 14 4 6 5 3 3 2 5 0 3 4 3 0 18 6 22 2 4 4 4 1 2 0 1 2 3 2 3 12 4 1 2 0 7 0 3 5 17 10 0 0 30 4 7 4 4 1 4 2 1 0 11 
32 23 5 4 4 5 16 9 8 12 5 11 23 14 8 25 45 31 21 6 10 4 11 62 26 2 5 33 11 340 135 97 18 52 121 134 311 161 307 182 169 14 116 115 102 177 145 75 93 906 45 32 78 32 14 9 22 33 0 16 5 18 5 13 14 36 9 17 10 18 35 29 9 8 20 11 4 15 79 13 12 10 8 13 10 25 13 154 21 0 0 51 18 25 9 23 4 8 14 3 1 104 
4 3 2 0 0 2 1 2 0 1 1 1 2 1 0 14 19 2 2 1 1 0 0 1 3 1 1 4 3 50 19 41 46 4 19 27 87 43 114 40 29 8 18 21 24 28 24 13 13 74 11 4 7 12 1 3 1 7 0 5 3 10 2 2 12 18 1 5 4 4 9 11 8 5 3 1 1 2 21 4 3 1 1 1 0 3 2 9 5 0 0 19 3 3 4 5 0 0 3 0 1 8 
7 4 4 0 1 7 2 9 2 0 2 5 2 2 5 15 14 10 6 5 6 7 5 15 3 2 1 8 4 151 53 79 108 31 12 31 179 80 136 113 41 10 43 45 36 45 32 23 17 121 9 0 13 2 1 1 1 16 0 2 1 15 3 11 12 19 2 3 3 5 15 26 7 3 3 3 0 2 18 1 1 0 2 5 3 4 4 19 9 0 0 35 4 11 4 7 0 1 5 2 1 14 
4 4 6 1 1 0 1 1 1 0 0 2 0 0 5 9 15 13 8 2 3 1 4 9 9 0 1 8 0 127 56 78 120 34 52 5 155 57 122 62 31 6 10 23 42 45 19 16 12 103 4 0 1 0 0 0 3 7 0 0 1 6 4 18 9 18 1 5 1 1 5 4 5 4 1 1 0 0 6 0 0 0 0 1 1 3 0 16 7 0 0 19 7 6 8 9 1 1 0 0 0 21 
6 10 8 0 1 8 3 1 5 3 0 3 3 5 3 25 48 22 15 9 7 4 17 24 17 0 1 29 4 311 150 203 265 99 177 327 23 127 425 270 132 45 116 153 123 157 120 34 49 338 13 18 12 21 3 1 7 17 0 2 1 16 14 34 19 17 14 17 9 2 20 24 12 7 3 6 1 3 28 5 0 3 0 5 2 17 12 64 21 0 0 86 21 22 13 17 2 16 13 5 2 49 
2 13 9 2 1 4 7 8 10 8 3 3 5 10 1 2 22 10 11 5 11 8 6 24 2 0 0 18 16 115 42 83 93 22 59 49 139 18 140 130 96 8 67 72 74 78 68 18 35 220 4 1 10 5 0 0 4 4 0 1 0 14 3 3 7 7 3 2 2 2 8 4 2 6 2 3 0 0 7 1 0 0 0 3 2 15 6 34 17 0 0 55 15 7 6 7 2 1 11 2 0 39 
6 7 10 0 1 15 14 9 14 15 12 22 21 13 5 7 24 29 21 10 23 27 13 40 10 3 1 18 27 145 54 124 177 64 73 60 268 99 23 241 144 26 83 92 76 107 86 36 28 283 10 3 13 2 3 1 7 18 0 1 2 6 4 24 17 16 8 15 4 4 9 10 2 7 7 3 1 6 21 4 2 2 3 14 4 13 25 69 15 0 0 74 11 13 21 16 4 4 9 2 0 42 
8 12 13 1 8 9 9 8 5 14 12 13 24 12 6 28 25 14 13 14 10 3 3 19 9 0 1 22 18 89 20 40 109 41 60 32 288 149 472 26 47 15 56 96 59 130 69 39 37 237 7 4 18 8 1 1 6 1 0 5 3 9 2 8 8 5 2 0 2 1 2 1 1 5 9 1 1 1 15 1 4 4 11 19 4 9 3 37 11 0 0 38 5 10 11 8 0 4 3 0 0 27 
12 11 15 1 3 6 2 7 11 14 4 11 10 9 6 24 28 18 20 7 7 6 2 29 13 0 0 16 22 66 14 40 109 28 39 24 142 121 279 60 9 23 60 99 42 104 56 30 25 190 7 2 4 9 3 0 1 1 0 1 2 4 6 10 6 13 0 3 2 5 3 9 4 2 4 1 1 3 18 2 2 4 5 11 9 10 10 25 22 0 0 45 12 14 13 7 2 5 6 0 0 19 
1 1 0 0 1 0 0 1 1 0 0 0 0 1 0 0 1 0 1 0 1 1 0 4 1 0 0 2 3 11 0 2 22 3 9 4 46 16 53 14 13 5 26 36 10 30 12 5 3 29 0 0 2 0 0 0 1 1 0 1 0 1 0 0 0 1 0 0 0 0 0 0 0 0 1 1 0 0 1 2 0 4 1 5 4 6 2 14 10 0 0 15 4 4 2 3 1 2 1 0 0 10 
5 4 5 0 2 5 5 4 8 7 2 3 11 6 4 7 30 10 11 5 8 19 4 5 2 0 0 14 6 42 14 27 64 20 38 25 97 65 146 86 48 24 35 128 69 126 61 33 46 217 6 0 9 4 1 0 2 7 0 6 1 3 1 4 4 11 1 5 0 1 5 2 3 3 12 1 1 3 28 10 10 9 20 48 25 57 41 144 89 0 0 174 30 28 20 47 5 36 14 3 2 87 
10 7 9 1 2 2 3 8 13 5 2 4 5 3 6 12 39 17 12 0 5 1 3 9 5 3 0 19 16 41 16 34 87 27 41 19 127 88 187 112 91 38 78 41 122 249 117 76 83 342 13 8 22 13 7 1 6 7 0 2 2 5 0 4 6 8 1 5 3 2 8 3 3 8 23 12 1 10 49 17 21 20 19 75 31 90 54 175 97 0 0 249 54 47 32 65 7 41 34 2 5 140 
10 16 11 2 3 10 5 8 1 8 3 6 7 6 1 8 12 23 10 5 5 3 5 34 11 0 2 23 6 60 17 37 95 18 36 27 132 93 148 92 50 26 55 167 40 228 95 91 82 341 14 3 18 4 0 0 3 3 0 1 1 1 0 8 6 10 3 7 1 3 3 7 8 7 5 8 0 4 30 3 4 16 7 38 15 27 21 69 26 0 0 64 16 14 14 26 7 17 23 2 3 60 
5 19 6 2 1 5 2 3 15 6 3 7 14 6 2 16 22 23 24 6 3 6 2 27 5 2 1 18 14 54 10 43 128 22 36 44 159 84 151 155 86 28 95 251 125 35 139 160 131 519 5 13 24 5 5 0 3 9 0 3 0 4 3 12 7 12 4 8 0 6 6 2 7 1 15 3 1 3 28 13 5 17 12 54 14 63 18 132 35 0 0 148 22 36 13 34 7 32 23 4 11 118 
11 11 5 3 5 8 4 5 4 2 7 10 7 6 9 11 11 15 5 7 9 3 4 21 4 0 0 14 15 39 14 44 115 25 25 21 122 67 151 91 69 16 51 144 67 278 25 96 101 312 6 8 16 4 3 1 2 3 0 3 0 3 1 10 11 5 3 1 2 1 4 4 2 2 6 5 1 6 21 10 7 7 13 31 21 48 27 118 15 0 0 78 16 22 17 15 5 14 19 2 3 108 
1 5 2 1 0 2 2 2 1 4 2 3 1 2 4 1 4 2 3 7 3 0 1 10 3 0 0 5 4 13 1 9 63 9 8 7 49 28 62 36 23 0 26 64 45 189 111 12 44 293 3 0 9 0 1 0 0 3 0 1 0 2 4 1 2 5 1 3 0 0 1 2 0 2 2 1 0 4 9 1 3 3 3 25 3 13 9 99 7 0 0 38 4 8 7 18 1 7 5 3 1 44 
4 2 3 1 2 2 0 1 4 3 2 0 9 4 6 5 5 6 7 1 2 2 3 13 5 0 0 11 8 18 5 11 86 12 27 23 58 53 85 52 28 10 37 87 40 187 109 64 12 409 1 1 5 2 0 1 1 2 0 2 1 2 1 4 3 9 1 5 0 0 2 2 3 3 7 1 0 3 11 4 2 1 2 20 7 12 10 117 2 0 0 76 5 18 12 5 5 4 5 3 0 55 
40 56 33 9 8 17 13 12 18 29 9 35 35 22 6 36 39 28 34 15 8 9 10 101 31 2 5 66 45 163 37 96 670 52 77 90 297 217 508 223 219 16 111 318 165 503 243 233 202 40 26 13 71 12 4 4 4 16 0 12 0 12 2 25 25 28 13 10 2 8 10 21 23 36 30 16 1 9 80 17 20 45 22 98 16 63 28 438 34 0 0 237 29 58 57 44 13 53 61 10 4 260 
4 10 5 0 1 5 0 6 4 8 2 9 4 15 8 24 14 2 9 1 2 1 2 11 7 0 1 7 3 8 4 9 30 5 3 4 9 5 17 3 4 1 7 11 10 11 9 2 4 57 1 19 38 11 6 3 10 23 0 17 7 1 2 16 11 18 2 8 0 9 8 5 16 12 4 8 0 1 115 14 7 0 4 23 8 10 3 27 9 0 0 11 2 9 5 2 1 3 9 0 1 18 
3 3 1 0 2 3 1 0 3 3 3 3 5 6 3 8 1 3 1 0 2 0 0 7 2 0 0 1 5 1 1 4 18 7 2 2 3 0 11 1 4 0 3 11 2 3 8 1 1 16 7 4 45 33 13 2 11 11 0 10 1 1 2 6 7 11 3 5 1 11 0 1 4 4 2 3 0 2 91 2 2 1 4 6 3 8 8 9 3 0 0 6 0 0 3 1 0 3 4 0 1 8 
3 5 1 1 1 3 3 7 1 3 1 2 6 14 10 23 8 4 4 2 3 0 0 17 5 0 0 5 14 9 2 6 47 13 12 3 22 3 19 9 7 1 7 12 9 19 13 11 6 46 24 23 6 25 19 5 17 31 0 24 6 5 3 20 17 18 9 12 3 11 6 2 6 9 2 4 2 2 104 10 4 7 7 27 7 16 8 36 10 0 0 14 2 2 3 6 0 5 7 0 0 23 
3 0 3 0 0 1 4 3 0 5 3 2 9 19 0 8 9 6 6 2 1 0 0 5 2 0 0 2 1 4 1 7 10 3 3 4 6 0 13 5 2 3 9 11 1 8 5 1 1 9 9 35 42 2 7 4 9 20 0 17 4 3 0 5 12 17 5 3 5 7 6 2 0 8 2 2 1 9 75 2 4 2 7 16 3 7 2 10 2 0 0 2 0 1 2 1 0 4 2 0 0 16 
1 2 3 0 1 1 2 2 2 4 2 1 4 4 2 2 0 0 0 1 0 0 2 4 1 0 0 5 5 0 1 6 6 3 2 1 4 0 2 1 0 0 0 4 1 6 0 0 0 3 8 1 9 11 1 0 7 18 0 15 7 0 4 3 5 7 2 1 2 3 5 1 2 4 3 3 1 4 62 1 7 0 4 11 1 7 4 3 2 0 0 2 0 2 1 0 1 0 0 0 0 5 
1 1 2 0 0 1 1 4 5 2 1 1 1 5 1 2 2 3 0 0 0 0 0 1 0 0 0 2 6 1 2 2 6 3 3 2 3 3 2 1 0 0 4 1 2 1 2 2 2 6 5 7 11 2 2 4 3 15 0 5 6 0 1 1 2 3 1 1 0 3 2 0 2 1 2 3 0 1 30 1 0 0 2 6 0 2 1 6 3 0 0 1 0 0 1 1 0 1 0 0 0 1 
3 1 4 0 0 1 2 3 2 1 0 7 5 8 2 4 3 1 4 0 3 0 1 1 1 0 0 2 2 7 1 4 11 6 5 0 3 0 9 1 1 0 2 2 5 2 5 2 2 9 14 7 23 14 2 13 3 12 0 12 4 1 0 7 8 8 2 8 0 2 8 2 7 3 1 4 0 0 48 6 2 0 6 27 7 2 3 8 0 0 0 1 1 5 3 2 1 4 1 0 0 3 
3 2 2 0 0 0 4 2 0 6 2 4 5 22 3 5 6 2 4 0 1 0 0 1 1 0 0 1 6 7 1 3 23 11 6 7 8 1 14 6 3 1 2 8 3 3 3 3 2 13 9 10 26 23 8 5 10 4 0 20 1 2 2 15 13 14 3 6 3 6 7 4 3 5 9 6 2 8 137 12 6 2 10 35 4 7 6 9 1 0 0 15 1 3 1 2 1 2 0 0 0 6 
0 0 0 0 0 0 0 0 0 0 0 0 0 0 0 0 0 0 0 0 0 0 0 0 0 0 0 0 0 0 0 0 0 0 0 0 0 0 0 0 0 0 0 0 0 0 0 0 0 0 0 0 0 0 0 0 0 0 0 0 0 0 0 0 0 0 0 0 0 0 0 0 0 0 0 0 0 0 0 0 0 0 0 0 0 0 0 0 0 0 0 0 0 0 0 0 0 0 0 0 0 0 
5 6 5 1 1 4 7 2 3 3 2 8 14 25 11 24 13 8 6 6 3 6 1 23 5 0 2 11 17 2 2 7 14 3 3 1 2 1 13 3 2 1 6 5 3 1 2 4 6 22 26 16 30 14 7 10 4 17 0 0 2 7 1 6 9 26 10 4 2 8 11 12 7 6 3 0 5 7 53 1 3 2 2 6 4 8 3 13 2 0 0 5 1 0 1 0 0 2 1 1 2 2 
0 1 1 1 0 1 1 2 0 1 1 2 1 4 0 1 3 0 1 1 0 0 0 2 2 0 0 1 1 2 1 2 8 3 7 0 1 0 3 1 0 0 3 3 3 2 2 2 0 8 4 1 6 7 1 4 6 7 0 6 0 7 5 4 7 15 4 5 1 1 8 9 3 3 8 4 0 1 22 3 4 0 3 2 1 5 0 3 1 0 0 2 2 0 1 0 0 0 0 2 0 0 
2 1 1 0 3 4 3 2 1 0 4 2 4 4 0 2 1 0 3 1 1 0 2 2 1 0 0 4 1 14 5 10 10 9 9 9 21 11 23 17 4 0 7 3 7 12 9 3 2 14 1 1 15 4 5 5 2 2 0 13 3 1 0 16 11 17 4 9 1 20 6 4 2 4 0 1 1 1 20 3 3 1 2 7 2 3 3 3 1 0 0 3 1 0 1 1 0 0 0 0 0 1 
0 3 1 0 0 1 1 0 1 1 0 1 0 1 0 3 0 1 0 0 0 0 0 0 0 0 0 1 1 1 2 0 3 1 2 3 3 5 5 3 0 0 0 0 0 2 1 0 0 0 2 1 2 1 1 0 0 4 0 7 4 0 0 1 7 5 3 3 3 2 6 5 0 1 0 0 0 0 7 0 1 0 0 1 2 2 0 4 1 0 0 3 0 1 0 3 0 0 0 0 0 0 
0 3 7 0 2 3 3 0 2 2 0 3 3 1 0 1 0 0 1 0 0 0 0 0 2 0 0 1 3 7 5 2 6 3 11 1 22 7 15 8 4 0 1 4 5 6 6 7 3 18 13 16 14 13 3 2 16 3 0 10 2 5 1 3 6 16 8 10 3 8 7 16 5 8 3 11 0 7 22 9 1 2 0 3 3 4 0 1 2 0 0 6 1 1 0 0 0 1 2 0 0 2 
0 0 2 0 2 2 8 5 4 2 0 0 2 0 1 3 3 0 0 0 0 1 0 2 0 0 1 0 3 20 6 15 15 7 11 11 29 12 46 12 8 5 7 9 12 16 9 8 7 30 7 7 26 5 9 10 5 10 0 16 5 9 16 6 5 15 17 21 16 28 12 31 10 8 2 2 2 5 41 2 3 4 5 11 1 1 3 3 4 0 0 4 0 1 2 3 0 0 1 0 0 8 
14 20 14 0 0 6 6 5 9 10 2 8 4 3 0 3 4 0 0 1 0 0 1 5 0 0 0 2 8 38 22 24 30 22 25 19 31 7 39 22 18 3 7 11 6 15 10 11 7 41 20 14 26 21 8 5 16 25 0 28 12 10 22 32 31 17 18 51 35 38 61 68 32 30 8 10 0 9 80 13 5 8 9 16 6 9 5 15 3 0 0 11 3 3 0 1 0 1 3 3 0 7 
7 0 5 1 2 1 0 1 1 1 5 0 1 0 1 0 0 0 0 0 0 0 0 0 1 0 0 0 9 17 7 6 9 5 1 5 15 3 14 4 1 0 3 3 2 2 3 2 2 10 7 4 5 2 2 1 5 1 0 8 4 2 3 11 18 12 3 6 12 27 13 37 10 15 3 2 0 2 11 0 0 2 0 1 2 2 0 3 0 0 0 2 0 1 0 1 0 0 0 1 0 1 
2 4 1 1 1 2 3 1 10 4 0 0 2 3 0 1 0 0 1 1 0 0 0 0 1 0 0 1 5 13 4 7 12 10 5 3 20 3 23 2 4 2 0 4 2 9 6 2 4 19 15 2 24 7 2 6 8 6 0 8 10 7 5 11 20 26 6 5 22 16 26 32 12 16 3 1 2 7 30 1 3 2 0 5 1 1 4 1 0 0 0 3 1 0 1 0 0 0 1 0 0 2 
0 0 3 0 1 0 0 0 0 1 1 1 1 1 1 0 1 0 0 0 0 0 0 0 0 0 0 0 0 5 4 4 7 4 0 3 8 4 9 3 4 0 0 1 0 4 0 2 2 5 4 1 4 3 0 1 0 9 0 3 3 10 1 2 11 18 11 16 1 6 27 23 2 6 0 2 0 2 10 1 0 0 1 0 0 0 2 3 0 0 0 4 0 1 0 0 0 0 0 0 0 0 
2 2 1 0 0 0 5 1 0 5 0 2 0 0 0 0 2 1 1 0 0 0 0 0 0 0 0 0 10 10 2 4 6 4 1 9 10 8 22 3 3 1 3 4 1 2 2 0 6 10 4 2 10 14 3 2 2 5 0 10 3 9 1 15 24 35 21 20 13 2 21 36 5 36 1 1 0 2 25 4 2 0 2 4 3 0 1 6 0 0 0 3 0 0 0 0 0 2 0 0 1 0 
0 0 0 0 0 3 4 1 0 1 1 0 0 0 1 0 4 0 1 0 0 0 0 0 0 0 0 0 9 4 1 1 12 5 10 2 22 10 15 2 6 0 2 2 2 8 2 0 2 14 3 2 5 1 1 1 2 6 0 1 7 5 1 7 17 27 11 20 17 22 4 51 9 8 4 4 0 3 12 2 4 3 0 5 1 1 0 2 0 0 0 2 0 0 0 0 0 0 0 0 0 4 
2 0 2 0 0 2 0 4 1 2 0 3 2 0 0 3 1 1 0 0 0 0 0 0 0 0 0 0 1 7 2 1 20 9 8 1 22 2 15 4 2 0 2 4 2 4 4 3 0 9 7 2 3 5 0 0 2 8 0 12 2 5 6 12 29 25 8 22 15 22 18 2 23 21 2 1 1 6 20 4 0 4 6 2 1 0 1 6 2 0 0 5 0 0 1 1 0 0 0 0 0 0 
1 1 3 0 0 4 6 4 2 6 0 2 3 0 1 3 1 2 0 0 0 0 0 0 1 0 0 0 1 6 7 5 12 19 21 7 21 9 35 14 5 1 6 15 3 14 6 3 5 26 11 10 20 10 3 11 6 9 0 10 6 3 5 21 29 67 21 31 7 35 17 72 2 28 3 5 0 5 24 9 5 2 2 8 4 7 5 8 0 0 0 4 0 2 0 1 0 1 0 0 0 2 
0 6 1 0 2 7 2 2 4 2 1 4 1 0 0 2 4 2 0 0 2 0 0 2 3 0 0 0 1 4 2 2 7 10 10 3 14 6 22 6 9 0 2 7 5 9 6 0 1 13 13 6 15 1 7 0 3 5 0 14 6 6 0 10 19 36 8 23 15 24 14 33 8 1 1 2 1 3 37 0 3 0 3 9 0 3 1 5 1 0 0 4 0 0 1 0 0 0 1 1 0 5 
0 1 3 1 0 2 3 0 2 2 1 3 3 8 4 8 8 1 3 0 1 0 1 6 2 0 0 1 0 6 0 2 16 4 4 1 4 6 9 1 6 0 7 15 6 10 5 5 7 39 2 2 6 1 1 0 2 5 0 10 2 0 1 0 4 5 3 1 0 2 1 2 0 8 4 6 5 9 133 9 14 6 9 43 5 8 8 32 13 0 0 19 4 8 2 1 4 5 4 1 0 23 
1 6 1 0 0 0 0 3 1 4 1 2 1 4 1 5 3 0 0 0 0 1 0 5 0 0 0 2 3 1 2 0 1 4 1 2 9 1 9 1 10 1 2 7 6 5 8 0 3 24 6 1 14 6 6 3 5 9 0 7 2 0 0 2 1 11 0 1 0 0 2 4 5 0 10 2 4 20 112 23 12 12 10 51 22 14 3 38 3 0 0 14 5 7 3 2 1 6 5 0 0 11 
0 0 0 0 1 0 1 3 1 2 10 1 0 0 0 2 0 0 0 0 0 0 0 1 0 0 0 0 0 2 2 2 3 0 0 2 3 1 3 0 1 1 2 1 0 5 1 1 0 7 1 0 1 1 2 0 0 5 0 2 0 1 0 0 0 2 0 1 0 1 0 2 0 0 5 6 0 11 48 5 8 3 4 13 2 8 5 9 5 0 0 4 0 0 0 0 0 0 1 0 0 2 
2 1 1 0 2 1 2 0 1 3 1 3 1 4 0 7 3 1 2 0 1 0 0 0 1 0 0 1 6 3 0 4 6 1 2 1 3 2 3 1 1 1 3 6 4 6 5 2 0 15 2 1 15 3 5 0 7 10 0 4 4 0 2 2 2 7 1 1 1 1 1 0 0 1 10 9 5 2 70 13 7 5 5 47 9 5 6 30 0 0 0 13 3 11 6 0 1 0 3 2 0 8 
6 6 2 2 2 6 10 12 9 12 3 6 6 24 18 32 19 9 7 3 2 3 1 13 10 0 0 14 19 15 9 13 33 10 13 11 17 8 34 13 7 0 20 20 14 25 28 8 11 68 62 49 115 51 37 21 55 106 0 29 18 9 5 31 21 35 10 18 7 14 6 7 17 19 89 105 51 65 18 53 60 20 38 124 56 35 24 86 16 0 0 41 6 13 11 4 1 8 4 7 0 46 
2 1 1 0 0 0 0 0 4 2 0 0 7 2 1 6 1 4 1 2 1 1 4 0 1 0 0 1 8 2 1 3 1 0 3 3 2 1 6 10 3 0 12 16 8 15 5 0 5 33 2 9 14 5 2 2 9 15 0 5 0 2 3 4 4 9 2 2 2 1 0 2 9 1 20 14 6 17 98 0 13 8 19 99 47 11 7 35 1 0 0 25 6 7 8 6 0 3 5 3 0 30 
0 2 1 0 0 1 0 1 0 1 0 0 1 0 1 2 1 1 1 0 0 0 2 1 0 1 0 1 0 2 0 4 3 2 4 0 2 0 7 2 4 1 5 11 4 8 9 4 1 38 5 6 6 5 2 1 2 7 0 4 1 0 0 2 5 8 0 0 1 2 2 1 1 4 12 12 1 5 88 21 3 7 28 68 80 18 6 20 5 0 0 31 4 5 3 3 0 4 4 0 0 21 
0 2 1 0 1 0 2 2 0 2 0 0 0 3 0 1 0 0 0 1 0 1 0 1 0 0 0 0 6 4 2 3 8 1 0 2 1 3 5 2 8 2 10 19 5 13 7 13 8 38 1 2 5 1 0 0 2 7 0 2 0 0 2 2 2 8 1 1 2 0 3 1 2 2 6 12 4 17 38 12 11 6 12 50 6 16 5 43 8 0 0 25 2 9 4 6 0 11 6 0 0 19 
1 4 0 0 1 0 0 0 1 1 0 0 0 0 0 0 0 0 0 0 0 0 0 0 0 0 0 0 0 2 0 1 7 2 0 1 2 0 4 7 2 1 7 10 5 11 6 2 4 23 4 1 4 1 2 3 4 16 0 3 2 0 0 1 0 6 2 1 3 0 0 1 2 4 17 17 4 11 57 21 21 4 2 113 56 23 6 41 6 0 0 20 8 8 6 0 0 2 4 0 3 22 
7 2 4 3 3 2 0 4 1 1 1 2 1 0 0 0 0 1 1 0 1 0 0 1 0 0 0 2 5 8 3 2 6 1 1 1 6 6 9 19 5 2 39 58 20 43 30 9 9 130 24 20 23 12 11 9 18 32 0 14 3 4 0 2 5 6 5 0 5 7 5 2 5 7 57 46 29 57 234 102 65 21 112 12 103 62 26 123 20 0 0 100 15 27 24 24 5 31 22 0 3 69 
0 1 0 0 0 1 0 1 3 3 0 0 0 0 0 1 0 1 0 0 0 0 0 0 0 0 0 0 3 1 0 0 1 0 1 1 1 2 11 10 2 3 15 22 7 18 10 2 5 24 5 2 5 5 1 1 9 6 0 2 2 0 1 2 2 2 0 0 0 1 3 4 0 1 6 12 5 13 52 29 29 6 30 169 3 37 10 64 6 0 0 50 7 14 4 4 2 13 3 0 0 21 
4 3 2 1 2 3 3 3 1 3 4 0 1 2 0 2 3 3 2 3 3 0 1 1 4 0 0 3 2 12 3 13 20 3 9 2 20 27 45 9 16 4 83 96 35 59 31 30 25 105 14 8 17 3 4 1 7 11 0 13 1 1 0 2 2 10 2 6 0 1 3 3 0 4 25 17 3 22 50 19 15 16 37 76 55 9 35 88 73 0 0 94 25 36 26 21 6 26 17 5 5 69 
0 6 1 0 0 1 2 2 1 4 1 0 3 3 0 1 9 1 3 1 1 0 0 7 1 0 0 2 4 13 6 13 19 4 3 2 22 16 33 10 12 7 29 89 12 58 12 11 9 50 8 6 11 4 0 2 2 6 0 3 3 1 1 0 11 1 1 4 0 0 0 3 0 3 11 4 3 8 27 15 8 6 14 48 21 69 9 75 31 0 0 88 22 28 11 15 0 15 12 1 2 46 
23 20 10 4 6 5 5 5 8 5 1 2 3 3 4 9 18 8 8 1 7 7 5 31 16 0 1 32 4 48 19 28 157 14 24 22 84 48 151 20 21 4 66 166 46 144 87 54 83 452 24 9 41 7 7 5 5 21 0 9 6 4 3 3 7 10 4 2 3 5 3 5 7 20 34 24 4 22 99 46 35 24 25 127 38 50 39 14 30 0 0 183 20 50 36 58 13 21 38 6 15 273 
5 8 4 0 0 1 2 1 2 0 0 0 2 2 1 1 5 1 1 1 2 1 2 4 1 0 0 2 4 7 4 4 27 11 14 7 30 25 36 27 6 8 33 70 23 29 14 10 12 65 5 6 10 1 4 0 2 2 0 3 0 2 3 1 9 2 1 2 0 0 2 2 1 0 6 10 3 6 33 9 5 4 10 29 25 47 29 47 6 0 0 92 20 23 23 17 4 5 7 0 0 61 
0 0 0 0 0 0 0 0 0 0 0 0 0 0 0 0 0 0 0 0 0 0 0 0 0 0 0 0 0 0 0 0 0 0 0 0 0 0 0 0 0 0 0 0 0 0 0 0 0 0 0 0 0 0 0 0 0 0 0 0 0 0 0 0 0 0 0 0 0 0 0 0 0 0 0 0 0 0 0 0 0 0 0 1 0 0 1 0 0 0 0 0 0 0 0 0 0 0 0 0 0 0 
0 0 0 0 0 0 0 0 0 0 0 0 0 0 0 0 0 0 0 0 0 0 0 0 0 0 0 0 0 0 0 0 0 0 0 0 0 0 0 0 0 0 0 0 0 0 0 0 0 0 0 0 0 0 0 0 0 0 0 0 0 0 0 0 0 0 0 0 0 0 0 0 0 0 0 0 0 0 0 0 0 0 0 0 0 0 0 0 0 0 0 0 0 0 0 0 0 0 0 0 0 0 
5 4 4 0 2 1 3 5 5 2 1 7 4 2 11 4 7 2 2 1 3 1 0 3 3 0 1 4 10 16 12 12 38 20 26 19 49 46 100 36 19 3 50 154 36 97 51 32 36 148 7 3 11 3 1 1 3 9 0 4 2 7 2 7 0 4 1 0 1 1 3 4 2 1 8 2 1 6 42 14 14 13 22 62 35 49 47 153 55 0 0 16 43 35 23 52 6 46 27 5 6 81 
1 0 0 0 0 3 1 2 1 3 0 0 2 3 0 2 1 0 4 0 1 0 0 0 0 0 0 1 0 5 0 7 6 0 8 10 30 13 24 6 10 4 37 71 13 26 20 6 6 42 0 3 1 1 0 0 0 2 0 10 0 2 0 0 1 0 0 0 0 0 0 0 0 0 2 7 0 2 12 2 3 0 5 30 8 14 9 35 13 0 0 95 4 5 8 16 2 25 11 3 4 33 
2 3 4 0 2 1 1 1 0 0 0 2 2 0 0 1 1 0 2 0 0 0 0 0 0 0 0 2 1 9 0 1 17 2 6 3 20 14 35 9 9 3 27 51 23 38 14 14 6 53 1 4 4 1 0 1 1 4 0 1 4 0 0 3 0 0 0 0 0 0 0 0 0 0 3 3 0 0 10 15 9 4 11 36 7 25 23 64 17 0 0 83 9 3 4 20 2 14 8 1 1 55 
0 0 2 2 0 0 2 0 2 2 0 1 0 1 1 0 2 0 0 0 1 0 0 1 0 0 0 0 1 4 0 4 11 3 3 5 10 4 22 4 4 0 15 23 12 22 21 5 9 59 0 0 1 1 0 0 0 2 0 0 0 0 0 0 0 0 0 0 0 0 0 1 2 1 6 3 1 6 10 6 2 3 6 21 7 14 10 36 9 0 0 48 7 9 5 14 0 11 4 2 0 40 
1 1 2 1 0 2 0 4 1 3 0 1 2 1 2 0 1 0 0 0 1 1 1 0 0 0 0 0 0 4 1 6 14 4 9 12 29 8 36 9 13 1 21 56 15 31 11 12 3 60 2 1 2 1 1 0 2 1 0 2 0 1 0 1 1 0 1 0 0 0 0 0 0 0 0 1 0 1 18 3 4 2 6 19 9 19 16 52 14 0 0 121 19 16 13 0 4 8 4 2 4 60 
0 1 0 0 0 0 1 1 0 4 0 0 0 0 0 0 1 0 0 0 0 0 0 0 0 0 0 0 0 4 0 1 0 0 0 0 2 0 8 0 2 0 4 6 0 6 6 0 0 10 0 0 0 0 0 0 0 1 0 1 0 0 0 0 1 0 0 0 0 0 0 0 0 0 0 3 0 0 3 1 2 1 0 2 1 4 3 20 2 0 0 8 1 1 2 1 2 1 3 0 0 5 
1 3 2 0 0 0 0 0 0 0 0 0 1 0 0 1 0 0 0 0 0 0 0 0 0 0 0 1 4 6 1 2 5 1 2 1 9 12 39 3 4 0 18 35 7 19 17 13 2 54 5 0 6 5 0 1 1 1 0 3 0 0 0 0 0 1 0 0 0 0 0 0 1 1 6 4 0 2 9 2 4 6 5 20 9 14 10 37 7 0 0 68 5 11 5 16 0 5 2 1 3 36 
4 2 0 0 1 0 1 0 0 0 0 2 1 0 1 0 0 1 1 0 0 0 0 0 0 0 0 1 3 3 0 1 1 2 1 5 16 7 24 4 5 1 10 33 12 19 10 6 5 53 1 2 2 4 2 1 0 0 0 0 0 0 0 0 1 2 0 0 0 0 0 0 0 0 5 0 0 0 8 5 3 3 2 19 3 6 8 32 10 0 0 40 5 4 9 6 2 5 3 1 0 16 
0 0 0 0 0 0 0 0 0 0 0 0 0 0 0 0 1 0 0 0 0 0 0 0 0 0 0 0 0 1 0 1 0 2 1 1 4 0 6 1 1 0 10 7 2 4 4 0 1 3 0 0 1 0 1 0 1 0 0 0 0 0 0 0 0 1 0 0 0 0 0 0 0 1 1 0 0 1 2 0 0 0 4 4 0 5 0 2 0 0 0 7 0 0 0 0 0 5 2 1 2 4 
0 1 0 0 0 0 0 1 0 0 0 0 0 0 0 0 0 0 0 0 0 0 0 0 0 0 0 0 0 1 0 0 0 1 0 0 3 0 3 0 1 0 6 4 2 6 2 2 5 6 0 0 1 0 0 0 0 0 0 0 0 0 0 0 0 0 1 0 0 0 0 0 0 0 0 0 0 2 2 1 1 0 0 2 0 3 4 9 6 0 0 14 1 0 0 6 0 1 1 0 1 2 
7 10 8 5 1 5 4 3 3 2 1 7 5 3 3 5 5 2 1 1 2 4 2 4 2 0 0 4 6 37 10 26 50 8 21 20 39 30 91 38 25 11 96 124 82 117 84 34 39 290 10 8 18 5 2 1 10 9 0 9 1 2 0 3 2 5 0 2 0 0 1 2 1 2 18 8 2 8 43 13 12 15 19 61 25 50 28 248 45 0 0 145 16 89 49 49 9 47 24 8 6 17 
