3 4 2 3 9 14 5 7 8 11 10 12 9 3 11 13 14 4 2 3 1 3 3 2 0 0 2 4 1 0 0 1 2 0 3 0 0 2 3 4 1 0 1 3 1 2 1 2 0 3 1 0 4 0 2 1 0 0 0 0 0 1 0 4 3 2 2 0 0 0 0 1 0 1 0 0 1 3 3 0 1 0 1 3 0 1 0 5 0 0 0 1 0 0 0 0 0 0 3 1 0 0 
3 3 8 15 21 75 26 43 23 26 33 37 21 21 37 27 10 3 7 9 5 4 7 3 3 0 0 10 0 7 0 5 5 2 1 4 1 3 7 9 6 1 5 0 1 8 0 4 3 7 2 1 3 3 1 0 5 8 0 3 1 1 14 0 8 3 3 1 1 0 3 1 0 1 2 0 0 7 16 6 4 1 0 2 3 1 2 6 1 0 0 0 0 2 1 0 0 1 1 0 0 2 
7 6 1 8 2 13 10 10 13 5 2 13 13 14 33 12 5 5 9 2 4 1 6 1 2 0 0 3 9 3 0 1 3 0 0 0 0 1 7 4 2 0 1 0 3 3 1 2 2 6 0 0 5 0 1 1 0 0 0 0 1 0 3 3 3 2 0 0 0 0 1 2 1 2 0 0 0 3 4 3 1 0 2 0 1 1 0 10 2 0 0 2 0 3 1 0 0 0 0 0 0 0 
2 8 5 1 2 0 2 1 3 1 1 4 1 0 1 2 0 0 1 0 0 0 1 0 0 0 0 3 3 0 0 0 0 0 0 0 0 0 0 0 0 0 0 0 0 1 1 0 0 0 0 0 0 0 0 0 0 0 0 0 0 0 0 0 0 0 0 0 0 0 0 0 0 0 0 0 0 0 1 0 0 0 0 0 0 0 0 0 0 0 0 0 0 0 0 0 0 0 3 0 0 0 
3 7 2 1 0 5 2 2 1 4 3 1 5 3 3 3 7 1 0 0 0 4 0 2 1 0 0 2 0 0 1 0 3 0 0 0 0 0 0 2 0 1 0 0 0 0 0 0 1 0 0 1 0 0 0 0 0 1 0 0 0 0 0 0 0 0 0 0 1 0 0 0 0 1 0 0 0 1 1 1 0 0 0 0 2 0 1 0 0 0 0 0 0 0 0 0 0 0 0 0 0 0 
16 18 13 2 0 3 6 14 12 20 10 18 35 12 22 18 18 10 14 2 9 6 8 4 3 0 0 2 1 4 0 4 1 2 3 1 0 2 6 15 3 0 1 10 3 1 4 3 2 6 4 1 0 4 5 0 0 2 0 0 3 0 1 1 7 8 0 2 2 0 0 6 0 0 0 0 1 12 6 5 0 0 4 2 2 2 8 6 0 0 0 2 0 0 3 1 0 1 0 0 1 0 
6 14 12 14 5 1 2 11 6 7 4 15 14 16 13 10 8 5 1 1 5 1 0 2 1 0 0 5 1 3 1 1 0 0 0 4 1 1 2 7 1 0 3 1 3 1 0 1 1 11 1 0 2 4 1 0 2 3 0 5 5 0 0 1 2 7 0 3 1 0 2 0 0 1 0 5 0 1 2 0 1 0 0 1 2 3 0 6 1 0 0 0 2 0 0 0 0 0 0 0 0 0 
13 15 19 6 7 12 5 4 3 11 12 25 27 17 33 27 15 6 7 4 5 11 2 5 1 0 0 5 4 3 1 0 0 0 0 0 0 0 10 10 3 1 7 3 1 3 3 2 3 7 0 1 2 2 0 0 1 3 0 0 2 0 0 2 4 4 1 3 1 2 1 0 0 2 2 1 0 0 6 0 2 0 0 1 9 2 1 6 3 0 0 1 1 1 3 1 0 0 0 0 0 0 
21 34 36 10 14 27 26 14 4 7 23 23 48 26 22 15 17 5 2 5 5 8 6 7 1 1 0 8 5 4 1 3 0 2 0 0 0 5 10 14 2 1 1 4 1 2 2 3 1 12 4 0 3 4 0 3 6 5 0 7 0 0 0 0 2 3 2 3 0 0 2 0 0 0 2 0 0 1 2 1 0 1 0 2 2 1 1 0 1 0 0 2 2 2 0 0 0 0 0 0 0 2 
6 17 35 2 2 12 5 6 3 4 3 8 7 6 11 18 14 8 3 6 2 3 3 6 3 0 1 7 1 4 0 2 2 1 0 1 0 1 7 9 0 1 1 0 1 0 0 4 1 5 3 6 3 1 0 0 0 1 0 6 0 1 0 1 1 3 0 2 0 1 3 0 2 2 4 4 0 3 10 2 1 3 2 0 0 0 0 3 2 0 0 3 0 0 0 0 0 0 0 0 0 0 
0 7 8 1 3 5 1 5 1 1 0 0 12 2 6 2 5 2 4 2 2 9 0 9 0 2 0 0 0 0 7 2 0 0 0 0 0 0 2 8 0 0 5 0 0 1 1 1 4 2 2 5 0 1 0 1 0 9 0 0 0 0 0 4 0 0 0 0 0 0 1 0 0 0 5 1 0 1 0 0 0 0 0 0 0 2 0 2 1 0 0 0 0 0 0 4 0 0 0 0 0 0 
12 27 21 1 12 28 32 28 26 10 7 5 27 19 18 26 16 7 9 14 7 14 14 16 5 0 2 16 0 10 1 1 1 1 1 2 0 3 13 19 6 0 4 4 3 5 9 3 4 9 4 0 3 3 2 2 3 3 0 6 0 0 0 5 4 3 2 5 1 2 2 0 0 1 2 3 0 0 4 2 0 0 0 0 0 0 3 5 2 0 0 0 0 2 0 0 0 4 3 0 1 0 
9 28 24 5 13 38 27 44 35 23 23 19 6 11 25 34 31 17 23 12 21 15 6 26 20 1 7 21 4 6 1 5 4 0 1 0 0 3 7 16 8 1 4 0 3 10 2 4 2 11 3 0 0 5 0 0 1 6 0 2 0 0 0 6 2 6 0 1 0 0 1 3 0 0 0 0 2 8 5 0 2 0 0 0 0 0 0 4 0 0 0 1 1 1 2 2 0 2 0 0 0 1 
90 212 199 33 71 459 144 210 213 153 74 149 127 15 20 72 214 117 71 200 202 183 112 360 124 30 78 195 9 2 1 3 0 0 2 0 0 2 2 13 10 2 1 1 8 3 3 0 1 14 24 8 11 21 16 2 31 84 0 60 1 3 4 1 0 3 1 0 0 0 0 0 0 0 34 27 8 32 141 29 1 0 0 6 0 0 0 2 3 0 0 3 0 0 0 3 1 0 1 1 2 0 
14 33 38 9 12 49 25 46 29 22 18 13 14 2 2 18 27 20 8 13 19 22 36 44 30 2 23 46 1 10 0 3 1 1 0 1 1 2 4 9 4 4 2 0 3 1 4 3 0 6 5 3 3 9 1 2 4 5 0 3 2 0 0 0 0 0 0 0 0 1 1 0 0 2 0 4 1 2 27 3 0 0 0 1 1 4 2 1 2 0 0 0 0 0 2 2 2 0 0 0 0 3 
54 99 74 12 36 125 70 104 61 79 60 117 100 58 13 13 125 144 56 83 114 90 143 191 46 7 33 175 12 64 21 48 36 13 26 37 13 6 5 41 33 4 11 12 16 40 12 16 22 59 15 7 10 20 8 1 7 21 0 6 3 0 5 7 4 3 1 4 0 2 10 3 1 6 10 5 1 11 31 5 1 0 2 0 3 6 9 18 8 0 0 6 1 7 1 9 1 1 3 0 0 3 
9 17 15 1 6 37 13 20 45 24 14 19 38 23 32 28 2 13 26 19 39 32 49 95 18 2 14 36 1 22 8 7 13 9 15 2 1 3 10 20 13 2 12 5 10 13 18 22 8 21 6 2 9 2 1 0 3 6 0 9 0 0 0 4 0 0 0 0 0 0 3 0 2 0 1 1 1 5 11 2 2 0 0 0 1 2 1 11 7 0 0 1 2 0 0 7 0 3 1 1 0 2 
6 17 17 1 1 12 14 17 15 19 4 17 29 20 25 44 20 2 14 35 16 25 48 54 16 2 2 33 0 21 11 8 5 2 2 4 1 3 14 17 8 4 5 5 5 17 12 2 4 23 2 3 2 4 2 0 7 3 0 1 0 0 1 0 1 0 0 0 0 0 1 1 0 0 0 0 3 2 11 0 1 0 0 0 0 4 2 9 8 0 0 2 1 0 0 3 0 0 1 0 0 0 
9 17 22 1 6 16 9 14 15 11 4 27 23 24 30 45 52 24 3 15 32 19 36 64 20 9 2 38 1 9 5 13 4 11 8 8 1 6 15 15 5 1 4 5 6 21 9 2 5 28 0 5 8 1 5 2 4 3 0 0 1 0 0 1 3 0 0 0 0 0 0 1 0 0 1 1 0 3 3 0 0 0 0 0 1 1 0 9 6 0 0 3 1 0 3 1 0 0 1 0 0 0 
8 4 6 2 2 4 3 5 3 7 1 11 7 5 9 10 12 4 6 3 1 1 13 16 23 6 12 39 0 2 2 1 0 0 2 1 0 3 7 2 3 1 2 1 2 2 1 2 2 8 2 1 2 1 0 0 1 1 0 0 0 0 0 0 0 0 0 0 0 0 0 0 0 0 1 0 0 1 2 0 0 0 0 0 0 0 0 5 1 0 0 0 0 0 0 0 1 0 0 0 0 0 
1 1 4 0 1 7 6 3 4 8 2 13 14 8 18 22 29 15 24 3 0 8 78 51 30 5 19 41 0 3 1 3 4 6 3 3 0 2 8 6 3 1 5 2 12 4 1 2 0 7 0 1 1 0 1 0 1 4 0 2 0 0 0 0 0 0 0 0 0 0 0 0 0 0 0 1 0 5 4 0 1 0 0 0 0 0 1 10 1 0 0 4 0 0 0 0 0 0 0 0 0 0 
1 4 3 4 0 5 0 5 3 7 2 7 8 9 7 16 18 4 3 5 8 1 5 16 8 3 9 45 1 6 2 3 2 1 1 4 1 1 4 4 1 0 1 1 2 2 4 2 0 1 1 0 1 0 1 0 0 0 0 0 1 0 0 1 0 0 0 0 0 0 0 0 0 0 0 1 0 0 2 0 0 0 0 0 0 0 1 1 0 0 0 0 0 0 0 0 0 0 0 0 1 0 
0 1 2 2 1 4 2 4 3 1 2 4 4 8 13 8 11 9 3 2 5 2 0 7 3 5 8 18 2 0 1 0 2 1 1 0 0 3 4 3 2 0 0 1 2 2 2 0 1 2 0 0 0 1 0 0 1 0 0 0 0 0 0 0 1 0 0 0 0 0 0 0 0 0 0 0 0 0 1 0 0 0 1 0 0 0 0 3 0 0 0 0 0 0 0 1 0 0 0 0 0 0 
1 2 5 2 1 1 2 3 3 6 1 8 9 17 14 19 14 6 10 11 7 5 8 5 3 20 26 69 0 2 0 0 2 2 1 0 1 3 10 4 3 0 0 1 0 4 3 1 0 3 0 0 1 0 1 0 0 0 0 0 1 0 0 1 0 0 0 0 0 0 0 0 0 0 0 1 2 0 2 1 1 0 0 0 0 0 0 4 0 0 0 0 0 0 0 0 0 0 0 0 0 0 
1 3 2 1 1 2 5 1 4 2 3 4 1 3 5 14 9 7 4 10 3 5 4 2 0 2 5 14 0 0 1 5 3 1 1 1 0 0 2 6 2 0 0 0 3 1 1 0 3 2 0 1 1 0 0 1 0 2 0 0 1 0 0 0 0 1 0 0 0 0 0 0 0 0 0 1 0 0 0 0 0 1 0 0 0 0 0 1 0 0 0 0 0 0 0 0 0 0 0 0 0 0 
0 0 0 0 0 2 0 0 0 1 0 1 0 0 0 1 0 2 2 0 2 1 1 3 0 0 2 2 0 0 0 0 0 1 0 0 0 0 0 0 0 0 0 0 0 0 0 0 0 0 0 0 0 0 0 0 0 0 0 0 0 0 0 0 0 0 0 0 0 0 0 0 0 0 0 0 0 0 0 0 0 0 0 0 0 0 0 0 0 0 0 0 0 0 0 0 0 0 0 0 0 0 
0 1 0 0 0 0 0 0 0 0 0 0 0 0 0 1 0 0 1 1 0 1 0 9 3 2 0 3 0 0 0 0 4 0 0 0 0 0 0 1 0 0 0 0 0 0 0 0 0 0 0 0 0 0 0 0 0 0 0 0 0 0 0 0 0 0 0 0 0 0 0 0 0 0 0 0 0 0 0 0 0 0 0 0 0 0 0 0 0 0 0 0 0 0 0 0 0 0 0 0 0 0 
4 5 5 0 3 7 2 3 0 1 1 4 15 15 17 19 11 19 14 11 28 24 25 14 28 6 33 0 1 2 0 3 3 1 1 0 0 5 8 5 6 1 2 0 3 6 3 1 6 8 0 0 2 3 0 0 0 1 0 1 1 0 0 0 1 0 0 0 0 0 0 0 0 0 0 0 0 1 6 0 0 0 0 0 0 1 0 10 0 0 0 0 0 2 0 0 0 0 1 0 0 0 
94 202 516 36 58 134 98 97 55 40 51 33 63 34 36 32 31 10 30 7 4 14 3 7 3 0 0 7 4 5 3 8 8 8 8 9 0 4 9 8 11 0 2 5 5 8 7 0 6 17 3 1 22 7 1 0 1 12 0 6 3 1 0 5 12 23 4 10 1 8 2 4 2 1 3 4 0 3 8 6 6 3 8 3 5 1 5 5 5 0 0 4 0 1 0 5 0 2 0 0 2 0 
4 3 2 0 1 4 1 1 2 7 1 4 13 2 3 6 15 19 3 11 4 2 10 4 3 0 1 8 0 10 59 178 78 44 79 61 87 78 58 51 27 8 9 19 7 22 12 11 21 57 4 1 5 2 1 0 9 5 0 5 8 0 3 13 35 29 6 14 2 3 6 10 2 0 0 6 1 2 22 5 3 1 5 1 1 2 4 40 10 0 0 4 4 1 2 5 1 3 1 0 0 5 
2 1 1 0 0 1 2 1 1 0 0 1 1 0 1 2 10 5 5 1 0 2 1 3 1 0 0 0 0 113 2 56 24 22 22 29 31 25 20 36 6 1 3 2 3 8 7 5 4 17 1 0 1 1 2 0 1 1 0 2 0 1 0 4 3 5 0 5 1 4 4 2 1 0 0 1 1 3 1 1 1 0 1 0 0 5 4 12 2 0 0 1 0 1 0 1 0 1 0 0 0 0 
2 3 1 0 1 5 1 2 1 3 1 2 7 0 2 3 8 4 3 2 2 3 3 0 3 0 2 4 0 65 30 6 30 17 29 26 27 46 60 40 26 4 13 12 18 16 10 11 12 40 1 1 5 6 1 2 9 0 0 5 3 0 1 9 14 4 10 3 0 11 3 1 1 2 2 0 0 2 20 3 0 1 4 1 1 3 2 25 14 0 0 6 0 2 3 5 1 4 4 0 0 4 
21 26 8 2 3 13 14 9 7 5 4 20 17 3 8 27 38 26 14 15 12 7 3 9 13 1 2 24 3 287 118 142 7 47 107 107 136 110 122 149 58 13 68 80 64 98 73 79 74 372 34 31 38 28 5 2 16 21 0 12 5 0 3 17 31 31 11 16 5 23 34 24 5 8 10 8 5 10 39 10 10 3 7 9 5 14 12 88 41 0 0 21 11 16 12 21 2 10 8 7 5 4 
2 3 5 1 0 4 2 2 2 1 3 1 2 0 5 8 22 18 9 6 3 0 1 0 1 0 5 5 1 99 20 40 13 5 27 32 20 43 45 57 11 7 14 9 8 15 11 11 21 48 7 2 5 3 1 3 6 9 0 5 0 2 1 4 8 14 4 6 3 8 6 8 3 4 3 1 0 1 20 1 1 0 0 0 0 0 0 12 2 0 0 9 2 7 5 6 0 2 2 0 0 0 
0 8 6 2 1 4 3 3 3 0 0 8 3 0 12 10 14 10 5 7 3 4 10 8 3 0 0 19 1 361 142 257 17 31 3 18 27 42 73 95 24 8 29 29 41 29 25 27 26 73 5 9 7 8 3 3 12 13 0 5 0 1 5 45 11 12 1 6 0 6 21 19 7 18 8 2 0 1 20 3 5 1 4 0 2 4 3 22 24 0 0 9 7 11 6 9 1 4 9 3 0 1 
2 7 1 0 1 2 0 2 2 2 0 2 1 0 21 7 11 8 4 13 2 3 3 6 5 0 0 5 0 84 28 38 14 24 13 2 28 98 63 45 18 4 9 10 7 14 10 13 16 42 1 1 4 3 1 0 1 4 0 1 0 0 2 14 13 4 1 2 0 3 14 4 0 1 5 1 0 0 0 1 0 0 0 0 0 1 7 14 6 0 0 3 3 7 2 8 0 1 1 1 0 1 
3 1 10 1 0 2 6 1 1 3 0 4 2 0 2 61 27 21 13 9 15 10 17 35 8 1 10 21 0 717 199 556 112 145 130 148 6 202 447 693 217 49 82 109 132 120 119 95 83 282 9 8 10 6 4 1 4 2 0 1 0 3 4 75 63 72 23 41 16 44 76 39 14 10 6 3 2 4 14 0 1 1 5 4 5 26 28 101 66 0 0 31 48 43 39 62 12 33 37 13 3 13 
4 7 5 0 1 14 4 5 3 3 0 3 7 1 3 2 11 11 6 5 8 6 7 7 3 0 3 14 0 172 79 164 78 49 58 62 20 8 30 146 44 9 32 38 38 54 44 43 43 129 2 2 3 6 1 0 4 8 0 0 2 0 0 16 22 15 4 13 2 6 17 3 4 6 0 4 0 3 3 0 1 0 0 1 0 10 5 50 25 0 0 18 3 20 3 20 4 8 6 1 1 5 
28 53 35 6 10 67 30 31 42 51 25 49 46 18 8 8 89 71 24 46 59 63 43 70 53 6 32 76 1 334 180 348 171 159 143 182 195 102 30 609 286 47 120 111 141 216 122 135 140 400 26 16 30 12 7 8 17 15 0 9 5 4 13 48 50 47 11 19 14 8 34 24 9 30 7 5 0 10 53 11 10 2 12 11 14 43 44 140 54 0 0 53 24 34 32 72 5 46 38 4 7 27 
5 13 3 1 1 7 10 13 16 10 4 10 17 4 3 17 28 22 1 6 16 7 7 13 1 2 0 12 0 48 27 63 26 33 44 27 36 82 135 9 16 21 19 30 44 55 49 34 53 159 6 4 5 5 3 1 1 5 0 0 1 0 0 13 10 8 3 5 2 3 3 2 1 1 6 0 1 4 17 7 8 4 8 8 13 3 6 25 12 0 0 14 6 9 8 23 0 6 5 1 3 6 
4 11 2 0 1 7 8 4 3 2 1 2 4 4 2 6 9 13 6 1 6 3 2 7 2 0 0 6 0 24 15 31 20 13 24 15 26 40 42 14 2 6 9 15 27 20 29 35 38 82 1 0 5 1 1 0 3 2 0 1 0 2 1 2 5 6 2 0 0 4 2 5 2 3 1 2 1 1 2 1 3 1 3 0 1 4 1 11 2 0 0 5 3 8 2 9 2 9 2 1 1 3 
2 0 1 0 0 0 1 1 1 0 1 0 1 1 1 0 3 1 4 1 0 1 0 1 0 0 0 0 0 2 2 6 2 5 3 3 9 10 10 4 5 0 1 3 7 6 6 7 12 15 0 0 0 0 0 0 0 1 0 0 0 0 0 1 1 0 0 0 0 0 0 0 0 0 1 2 0 0 1 0 6 1 6 1 6 3 4 6 3 0 0 2 0 4 2 2 0 2 2 0 0 0 
2 13 7 0 0 6 7 5 7 4 3 7 7 3 7 4 20 10 5 1 2 1 2 4 2 2 0 3 0 31 18 35 22 10 20 18 40 40 39 63 39 16 8 18 28 39 27 46 57 127 2 3 5 7 2 0 5 5 0 3 4 1 1 6 16 2 5 4 0 0 14 12 0 2 8 1 0 8 21 18 13 8 14 26 33 43 31 63 30 0 0 12 18 26 16 86 5 44 23 9 5 10 
2 5 9 2 0 11 6 13 6 11 2 4 5 1 8 8 10 19 12 3 8 10 7 26 5 0 4 12 0 40 19 32 18 24 27 26 27 73 107 114 45 27 21 16 64 114 79 137 173 237 8 5 9 4 2 5 7 21 0 2 5 1 4 2 10 5 3 7 2 4 2 1 1 2 5 9 1 19 45 34 32 11 29 50 53 115 66 136 62 0 0 51 46 68 38 145 18 72 57 14 9 25 
2 2 6 1 1 10 3 0 4 8 4 1 7 2 6 11 16 17 9 4 3 5 3 14 1 0 1 2 1 47 10 27 14 14 19 7 33 44 73 80 57 29 36 52 5 50 46 123 124 166 3 3 9 1 0 0 4 8 0 2 0 0 0 8 13 4 5 2 4 1 3 0 1 1 2 2 0 14 13 16 6 8 21 19 37 48 21 55 30 0 0 26 21 14 23 50 7 47 30 14 5 11 
1 9 13 2 3 14 9 8 23 12 12 18 18 4 12 26 41 33 12 17 8 22 24 16 5 0 6 21 1 79 22 83 62 44 52 33 128 138 151 336 174 49 86 235 146 14 131 509 581 765 12 2 12 9 9 7 10 11 0 6 2 0 2 6 19 10 4 5 0 1 15 5 10 1 7 12 2 24 57 38 50 24 54 57 91 147 84 263 118 0 0 51 43 110 47 104 15 96 53 37 9 33 
3 2 4 0 1 13 4 3 13 3 2 7 5 2 0 2 12 6 4 4 3 2 0 0 0 0 0 1 0 22 6 22 25 15 8 8 15 25 50 76 41 8 21 48 36 33 7 95 112 102 1 4 3 1 0 0 2 6 0 1 1 0 1 1 5 5 0 3 3 0 1 7 1 1 4 5 1 12 8 9 8 6 9 12 21 24 6 100 12 0 0 7 28 20 9 16 1 9 12 3 4 10 
1 3 6 0 2 4 1 1 3 1 0 8 7 1 2 0 13 2 0 1 2 3 2 2 3 0 0 4 0 9 6 15 19 10 9 9 12 20 29 28 23 4 14 18 23 72 36 6 70 172 1 1 4 2 1 0 1 2 0 0 0 0 1 6 5 2 0 2 1 2 3 2 1 2 1 4 0 4 6 8 5 2 2 15 7 14 23 53 20 0 0 13 5 19 12 20 1 5 13 1 0 7 
5 5 2 0 1 2 2 2 2 2 2 0 4 0 1 3 6 4 0 1 1 2 5 2 2 0 0 4 0 8 3 8 12 6 5 1 6 20 18 29 17 3 13 37 29 36 14 33 5 94 1 1 3 0 0 0 1 2 0 0 2 0 0 1 1 1 1 3 0 0 2 0 1 0 4 3 1 3 5 3 3 2 3 3 12 3 8 54 5 0 0 14 3 4 4 15 4 9 9 1 0 7 
32 26 15 1 6 19 18 24 10 35 15 21 26 9 15 24 58 52 16 16 24 12 17 36 8 2 3 25 2 138 40 126 139 48 65 73 105 204 198 275 164 40 93 189 275 365 259 679 988 21 13 11 16 10 15 1 13 24 0 2 3 2 4 21 20 21 4 8 3 3 26 17 5 7 23 12 4 23 57 41 48 33 29 33 34 88 58 444 99 0 0 70 31 89 46 126 11 66 76 15 11 50 
1 5 1 0 0 3 1 0 0 2 1 2 2 1 4 1 1 3 1 0 0 2 0 1 0 0 2 0 0 3 0 5 2 1 1 0 0 1 0 0 2 0 0 2 2 1 2 3 2 5 1 9 5 17 8 3 4 19 0 6 2 0 1 2 6 4 0 1 0 2 1 1 0 4 7 5 0 2 21 1 2 1 9 10 3 6 0 32 4 0 0 2 0 3 0 1 0 1 0 0 0 1 
3 1 1 2 3 1 1 2 1 3 2 1 0 2 6 2 1 2 0 0 0 0 0 0 4 0 0 1 0 3 0 3 6 2 2 0 0 0 2 2 2 0 0 4 1 2 1 1 2 8 1 0 9 26 8 2 13 13 0 2 5 0 1 4 1 10 0 4 0 2 5 2 0 4 6 2 0 2 20 6 3 0 5 6 4 5 0 27 1 0 0 1 0 2 1 2 0 0 1 0 0 1 
1 1 5 1 1 4 2 2 6 2 6 2 4 2 5 1 1 1 2 0 0 2 0 4 0 0 0 0 2 4 1 4 10 1 2 3 0 1 8 6 1 0 2 5 0 6 1 6 1 9 64 37 6 34 23 3 15 30 0 8 4 0 1 7 7 5 1 11 0 5 4 6 2 1 10 4 0 20 60 20 6 3 12 16 5 12 4 32 3 0 0 0 1 5 4 3 1 1 3 3 0 3 
2 3 1 0 0 2 2 5 3 0 1 2 2 0 1 7 2 0 2 3 0 0 0 1 1 0 0 0 0 10 3 3 1 2 1 0 3 1 1 1 0 1 4 3 0 1 1 2 0 4 8 12 9 4 15 3 5 19 0 7 4 1 0 5 5 13 3 2 1 9 2 2 1 1 1 0 0 8 15 4 4 6 8 3 3 3 2 13 1 0 0 1 0 0 1 0 0 0 1 0 0 0 
0 0 1 0 0 1 0 0 0 1 0 1 4 0 2 1 0 0 0 0 0 0 1 0 0 0 0 1 0 0 1 2 0 4 0 1 3 0 0 2 0 0 0 0 1 1 0 2 0 2 4 1 3 3 0 2 3 3 0 1 3 1 0 2 4 3 1 1 0 1 6 2 0 1 0 2 0 7 9 1 0 1 2 6 0 1 0 6 0 0 0 0 1 0 0 1 0 0 0 0 1 0 
0 0 0 1 1 1 1 1 0 1 0 0 0 2 2 2 1 0 0 0 0 0 0 0 0 0 0 0 0 1 0 0 0 1 0 0 0 0 1 1 0 0 0 0 0 0 0 0 0 0 3 0 1 4 2 0 3 6 0 1 0 0 1 3 1 0 0 1 0 1 1 5 1 0 2 0 0 0 6 0 0 0 0 2 1 0 4 1 0 0 0 0 0 0 0 0 0 1 0 0 0 0 
2 3 1 1 0 0 9 0 0 4 0 2 1 1 0 5 8 2 0 0 0 0 0 0 0 2 1 1 0 0 1 2 0 0 1 5 1 0 0 2 0 0 5 0 3 1 2 0 0 0 7 1 7 10 1 5 1 1 0 14 0 2 2 0 3 3 0 2 1 1 2 1 3 0 5 5 4 4 13 2 4 1 1 15 10 1 1 10 0 0 0 1 0 1 2 1 0 0 0 0 0 1 
1 6 2 0 1 3 11 6 10 1 3 2 4 2 6 3 5 3 0 0 0 2 2 3 0 0 0 1 1 4 7 11 1 6 7 1 0 1 1 5 2 0 8 0 1 2 1 1 4 2 45 9 24 26 19 4 5 7 0 12 2 2 6 5 8 10 2 5 0 4 2 15 1 2 15 11 7 19 49 15 19 7 7 8 10 7 5 17 3 0 0 1 1 4 1 0 1 3 2 0 0 1 
0 0 0 0 0 0 0 0 0 0 0 0 0 0 0 0 0 0 0 0 0 0 0 0 0 0 0 0 0 0 0 0 0 0 0 0 0 0 0 0 0 0 0 0 0 0 0 0 0 0 0 0 0 0 0 0 0 0 0 0 0 0 0 0 0 0 0 0 0 0 0 0 0 0 0 0 0 0 0 0 0 0 0 0 0 0 0 0 0 0 0 0 0 0 0 0 0 0 0 0 0 0 
6 7 5 3 2 11 0 5 3 2 2 3 8 9 8 10 11 6 3 3 4 4 4 3 2 0 1 2 0 6 5 4 5 4 5 3 0 1 1 7 1 1 3 0 0 0 0 1 2 4 5 18 14 13 8 6 15 36 0 4 5 1 4 10 3 17 10 4 4 6 19 8 1 3 12 8 0 3 23 3 5 1 6 10 9 4 6 11 1 0 0 1 1 0 0 1 1 0 1 0 0 0 
1 4 2 0 0 1 0 0 1 1 0 2 0 1 0 1 1 0 1 0 0 1 1 0 0 0 0 0 0 0 0 3 1 0 0 1 0 6 3 2 0 0 3 0 0 0 0 0 0 1 2 4 4 4 3 2 1 9 0 1 0 3 0 2 2 2 2 2 1 4 5 3 3 3 3 0 0 2 2 0 1 2 1 1 0 0 0 4 1 0 0 0 0 0 0 0 0 0 0 0 0 1 
2 3 4 0 0 0 2 0 0 1 0 1 1 1 0 1 2 0 0 1 0 0 0 0 0 0 0 0 0 8 4 8 2 3 5 1 0 3 5 6 2 0 1 0 3 4 5 4 2 7 0 0 3 3 0 1 4 4 0 3 9 3 7 5 4 7 1 6 0 0 2 6 0 4 1 0 1 8 8 3 2 1 2 6 1 3 1 2 1 0 0 0 4 1 0 3 0 1 0 0 0 1 
10 0 0 0 1 10 9 5 3 1 1 1 0 0 2 2 0 0 0 0 0 0 0 0 0 0 0 1 0 2 3 1 1 2 0 1 0 0 3 1 1 0 2 1 0 1 1 2 0 2 1 0 1 0 1 0 1 2 0 9 8 0 2 0 7 13 2 5 4 10 4 5 1 1 1 1 0 4 13 3 4 0 0 0 0 0 0 3 0 0 0 0 0 1 2 1 0 4 0 0 0 0 
7 5 3 1 1 5 3 1 2 2 2 0 3 0 0 11 2 1 0 2 0 1 0 3 1 0 1 1 0 12 8 5 5 1 9 3 9 3 13 21 4 2 3 4 2 5 6 7 5 10 5 3 22 17 3 5 16 17 0 16 3 2 5 7 16 18 12 9 8 9 28 19 14 24 7 9 1 8 27 9 5 5 3 1 5 1 2 5 4 0 0 3 1 1 1 2 0 1 0 0 0 0 
2 2 2 0 2 4 1 6 3 2 0 1 0 0 0 0 1 1 0 0 0 0 0 0 0 0 0 0 0 10 3 7 4 1 1 8 7 0 5 3 2 2 2 0 3 4 1 5 0 6 7 1 4 8 4 3 9 15 0 19 4 0 4 6 7 13 12 9 8 7 19 14 9 12 2 2 1 5 17 7 2 0 2 0 2 3 1 5 1 0 0 2 0 0 0 0 1 0 0 0 0 0 
2 4 3 0 1 9 4 5 2 0 0 0 0 0 0 1 0 0 0 0 0 0 0 0 2 0 0 0 0 23 10 16 3 13 7 3 3 5 7 7 5 2 1 1 3 4 1 1 6 12 7 6 15 10 11 10 11 15 0 10 3 1 2 3 22 15 3 30 9 28 24 57 11 9 3 3 0 9 21 5 3 1 3 3 4 1 4 7 2 0 0 0 1 1 2 0 0 0 0 0 0 2 
2 3 0 0 0 3 0 1 1 0 0 1 0 0 0 1 0 0 0 0 0 0 0 1 0 0 0 0 0 4 1 2 0 4 1 0 0 0 1 1 1 0 1 0 0 1 2 0 2 4 6 4 5 5 1 0 1 9 0 3 1 0 2 3 5 1 0 2 2 3 9 11 1 8 0 0 0 2 8 1 0 5 1 0 1 1 0 5 0 0 0 0 0 0 0 0 0 0 0 0 0 1 
1 1 2 2 0 3 2 7 3 1 0 1 1 0 0 0 0 0 0 0 0 0 0 0 0 0 0 0 0 8 1 1 0 5 1 4 1 6 5 2 0 0 1 2 3 1 1 3 0 12 9 1 7 7 1 4 7 7 0 7 1 0 3 4 12 5 1 4 1 10 27 29 7 23 2 0 0 3 15 3 1 1 0 1 0 3 1 2 0 0 0 0 0 1 0 0 0 0 0 0 0 0 
1 3 0 0 0 0 0 1 0 1 0 0 0 0 0 1 0 0 0 0 0 0 0 0 0 0 0 0 0 4 2 4 0 1 2 0 2 0 2 1 1 0 1 1 0 1 0 0 0 1 0 0 0 1 1 0 2 3 0 2 1 2 1 0 14 17 2 4 2 1 20 13 5 5 0 2 0 1 0 1 1 0 0 0 0 1 0 1 0 0 0 0 0 1 1 0 0 0 0 0 0 0 
1 2 0 0 0 2 0 0 2 5 0 0 0 0 0 0 0 0 0 0 0 0 0 0 0 0 0 0 2 5 2 4 4 1 1 0 1 0 0 1 1 0 1 0 0 0 0 0 0 1 5 1 2 4 1 0 0 12 0 5 2 1 1 1 7 16 2 2 1 4 21 14 7 11 0 2 1 1 16 0 1 0 0 0 1 0 1 1 0 0 0 0 0 0 0 0 0 0 0 0 0 0 
0 4 0 0 0 0 1 0 3 18 0 2 2 0 0 0 0 0 0 0 0 0 0 0 0 0 0 0 0 2 2 0 2 2 3 1 1 1 6 4 0 0 4 1 1 3 3 0 1 0 2 1 1 1 0 0 3 3 0 4 4 0 0 1 10 13 3 10 8 9 6 13 4 6 0 1 2 0 4 1 3 0 0 2 3 1 0 0 0 0 0 1 0 1 1 0 0 0 0 0 0 0 
0 0 1 0 0 2 0 2 0 3 1 8 0 0 1 2 2 0 0 0 0 0 1 0 0 0 0 0 0 8 4 5 4 14 18 7 11 12 15 4 1 1 2 0 1 3 1 10 2 11 4 3 4 4 4 2 5 6 0 5 6 2 3 16 32 22 19 28 12 36 96 0 32 45 5 4 1 1 12 4 2 4 1 3 1 2 0 2 0 0 0 0 0 0 0 0 0 0 0 0 0 0 
0 0 1 0 0 1 0 2 0 1 1 1 1 0 0 0 0 0 0 0 0 0 0 3 1 0 0 0 0 0 7 0 1 2 1 0 1 0 1 1 2 0 2 0 3 1 1 1 0 1 4 0 0 2 2 1 5 2 0 2 1 0 2 1 2 11 4 8 2 4 2 7 0 3 0 0 0 2 4 0 0 0 1 0 0 0 0 0 0 0 0 0 0 0 0 0 0 0 0 0 0 0 
0 2 1 0 0 2 7 1 0 1 0 4 4 0 0 0 1 0 0 0 0 0 0 0 0 0 2 0 0 0 0 1 0 1 0 1 2 7 1 2 1 0 2 3 0 1 1 1 1 11 2 0 4 3 1 1 1 7 0 4 2 0 0 4 3 11 3 12 2 15 12 17 5 2 0 0 0 1 12 0 2 4 1 2 0 0 0 3 3 0 0 0 0 0 0 0 0 0 0 0 0 0 
1 0 0 0 0 0 0 0 0 0 2 0 1 1 2 0 0 0 0 0 0 0 0 0 0 1 0 0 0 0 0 0 1 1 0 0 0 0 1 2 1 0 3 2 1 4 2 1 0 5 2 1 1 1 3 0 1 8 0 0 1 0 1 2 0 2 1 0 0 0 0 0 1 1 1 6 3 4 11 5 3 2 3 7 1 4 1 15 0 0 0 1 0 1 0 5 0 1 1 0 0 2 
0 0 2 0 0 0 0 3 0 1 0 4 2 2 2 0 0 1 0 0 0 3 0 1 0 0 0 1 0 0 0 0 0 0 0 0 9 0 1 1 0 0 1 2 4 0 1 2 0 5 7 0 0 0 0 0 0 3 0 1 0 0 2 0 2 1 0 1 1 1 4 2 0 0 4 1 3 9 13 3 0 1 4 9 4 1 0 14 0 0 0 1 1 4 0 1 0 0 0 0 0 0 
0 0 0 0 0 0 0 0 0 2 1 0 0 0 0 1 1 0 1 0 0 0 0 0 0 0 0 0 0 0 0 0 0 0 0 1 0 0 0 0 0 0 0 0 0 0 0 0 1 0 2 0 1 3 2 0 0 1 0 0 0 0 0 0 0 0 0 0 0 0 0 1 0 0 7 0 0 2 3 1 2 2 3 3 3 4 2 5 0 0 0 0 0 0 1 0 0 1 3 0 0 0 
2 0 0 0 0 1 1 0 3 1 2 1 0 2 0 0 0 1 0 0 0 1 0 0 0 0 0 0 0 1 1 0 2 0 2 0 0 0 0 1 0 0 0 1 0 3 2 1 1 6 1 0 3 1 2 0 0 4 0 4 0 0 0 3 8 6 0 1 0 1 1 4 1 1 18 19 23 3 2 9 3 1 9 16 5 12 2 20 7 0 0 1 2 1 1 3 0 0 4 0 1 1 
15 24 14 10 25 37 16 11 15 21 9 10 22 9 23 16 11 5 3 2 0 4 7 10 2 3 2 7 1 22 6 27 12 16 11 5 4 3 18 11 8 11 13 15 11 12 16 18 8 37 141 92 117 73 105 68 82 154 0 75 18 13 9 24 28 51 13 14 13 20 18 11 11 9 373 393 91 114 19 126 159 64 168 174 104 41 25 72 22 0 0 12 4 23 17 8 1 14 8 6 3 4 
0 1 0 0 0 0 0 1 0 1 0 1 0 0 0 0 2 0 1 0 1 0 1 0 0 0 0 1 0 1 1 3 2 0 1 0 0 0 0 2 3 0 2 6 3 4 4 3 4 3 2 2 3 3 1 0 0 3 0 0 0 0 2 3 5 7 1 2 0 0 7 0 0 0 13 11 4 9 18 1 2 7 15 10 18 14 6 21 8 0 0 0 0 3 2 6 0 3 8 1 0 0 
1 1 1 1 0 0 0 0 0 0 0 1 0 1 0 0 1 0 0 0 0 0 3 2 1 0 0 1 0 3 0 1 0 0 0 0 0 4 1 3 1 4 5 2 2 1 4 3 3 6 2 2 4 0 2 1 0 0 0 1 0 0 0 1 4 2 0 0 1 0 4 2 1 1 5 9 2 10 13 5 0 2 7 9 7 9 3 15 5 0 0 0 1 4 2 1 0 1 4 2 0 1 
0 0 0 0 1 0 1 0 0 1 0 0 0 1 0 0 0 0 0 0 0 0 0 0 0 0 0 0 0 2 0 0 0 0 0 0 0 0 1 2 1 2 4 1 2 4 1 2 2 7 1 0 2 0 1 0 0 2 0 2 0 0 0 1 1 9 0 1 1 0 0 0 0 0 5 2 0 12 8 2 2 1 1 3 4 5 2 14 5 0 0 4 0 2 7 4 0 3 3 0 2 1 
2 1 0 1 0 0 0 0 1 0 0 0 0 0 0 0 0 0 0 0 0 0 0 1 1 0 0 0 0 0 2 0 0 2 0 0 1 1 3 3 3 0 1 2 6 0 7 0 4 9 2 2 3 3 0 1 2 8 0 0 0 0 0 0 4 3 0 1 0 0 1 1 0 0 6 11 2 10 22 9 4 6 0 6 9 3 9 20 6 0 0 1 1 3 1 1 0 5 2 0 0 2 
0 3 4 1 1 6 4 2 6 8 1 2 1 0 0 0 3 1 0 0 1 0 3 0 0 0 0 3 0 4 1 1 2 2 2 2 1 1 3 18 6 1 15 18 10 10 9 6 14 32 14 5 15 19 5 3 12 39 0 11 5 0 1 3 4 5 2 0 2 1 1 1 4 1 38 49 14 36 115 107 75 29 133 4 63 57 21 84 29 0 0 12 8 27 8 16 0 19 9 5 2 5 
2 0 1 1 0 3 5 4 0 0 1 0 0 0 0 1 1 0 0 0 0 0 0 0 0 0 0 0 0 1 0 3 1 0 1 0 0 2 1 4 7 1 9 15 5 6 7 7 6 21 1 10 4 1 5 0 5 2 0 1 1 0 0 0 0 2 0 2 0 0 2 2 0 4 6 10 2 22 39 24 21 7 24 14 1 20 10 22 23 0 0 8 5 11 3 4 2 8 11 0 1 1 
2 12 4 0 1 0 2 1 2 2 0 0 2 1 2 1 1 4 0 2 1 0 1 3 1 0 0 1 0 11 6 14 6 5 2 2 8 9 13 3 7 5 24 33 15 14 19 18 24 75 7 9 2 3 1 1 2 9 0 2 1 0 0 3 2 3 3 4 2 2 5 0 1 1 14 11 2 17 28 17 24 13 30 40 28 2 5 36 37 0 0 24 21 25 10 36 3 24 10 5 1 10 
0 2 0 0 1 1 0 0 1 3 0 1 1 0 0 1 0 0 0 2 1 0 2 1 1 0 0 3 0 4 0 3 5 2 2 1 2 7 11 13 6 3 8 13 3 7 9 15 8 31 2 2 4 3 1 1 1 9 0 2 1 0 0 2 4 0 0 0 0 1 1 3 0 0 7 4 2 9 17 20 10 5 8 27 23 5 4 14 15 0 0 15 12 10 2 12 0 14 8 0 0 2 
10 13 8 2 1 3 3 8 5 6 3 6 8 4 3 1 10 10 6 9 4 6 14 11 12 1 2 20 1 40 10 41 53 20 18 19 26 51 40 17 18 16 49 61 27 103 95 67 102 369 25 16 24 12 3 2 14 18 0 6 6 0 1 1 8 9 5 5 6 3 8 9 2 7 20 18 4 46 55 22 28 23 30 80 35 42 30 8 27 0 0 47 16 41 34 66 9 54 38 12 4 34 
1 0 3 0 2 1 0 0 1 1 0 0 0 1 2 3 1 2 1 0 0 1 1 2 1 0 0 6 0 11 1 5 2 1 2 1 4 7 11 10 3 1 9 8 12 5 6 8 5 21 3 5 0 4 3 0 3 3 0 3 1 0 0 0 2 3 0 0 0 0 1 1 0 0 2 2 0 9 14 7 4 2 3 9 1 10 4 11 5 0 0 6 3 8 6 21 0 6 7 1 3 2 
0 0 0 0 0 0 0 0 0 0 0 0 0 0 0 0 0 0 0 0 0 0 0 0 0 0 0 0 0 0 0 0 0 0 0 0 0 0 0 0 0 0 0 0 0 0 0 0 0 0 0 0 0 0 0 0 0 0 0 0 0 0 0 0 0 0 0 0 0 0 0 0 0 0 0 0 0 0 0 0 0 0 0 1 0 0 0 1 0 0 0 0 0 0 0 1 0 0 0 0 0 0 
0 0 0 0 0 0 0 0 0 0 0 0 0 0 0 0 0 0 0 0 0 0 0 0 0 0 0 0 0 0 0 0 0 0 0 0 0 0 0 0 0 0 0 0 0 0 0 0 0 0 0 0 0 0 0 0 0 0 0 0 0 0 0 0 0 0 0 0 0 0 0 0 0 0 0 0 0 0 0 0 0 0 0 0 0 0 0 0 0 0 0 0 0 0 0 0 0 0 0 0 0 0 
2 16 9 1 1 15 10 10 6 2 12 15 21 4 9 12 25 13 5 10 1 4 3 5 1 2 2 8 1 47 23 53 24 25 32 28 44 79 124 83 85 20 80 100 86 143 99 110 195 305 5 8 12 10 7 2 13 29 0 8 1 1 3 10 10 5 0 2 0 2 3 7 1 1 26 8 1 29 41 27 69 22 42 70 70 81 106 243 119 0 0 13 62 129 45 394 11 184 78 35 13 36 
0 1 0 0 0 1 0 0 1 0 0 0 1 0 0 1 2 1 0 0 0 0 1 0 0 0 0 0 0 2 1 3 4 1 2 1 2 5 2 4 6 2 14 6 10 7 4 4 3 16 0 4 1 0 0 0 0 0 0 1 0 0 0 0 1 0 1 0 0 0 0 0 0 0 2 2 0 2 2 4 5 1 2 10 6 6 5 22 7 0 0 7 1 6 2 15 4 9 9 0 1 2 
2 4 0 0 0 0 1 0 4 0 4 2 1 0 0 0 1 0 0 0 0 0 0 0 1 0 0 0 1 6 2 12 6 1 2 2 11 5 11 6 0 1 17 15 6 19 7 15 17 38 3 2 0 2 1 1 5 0 0 0 3 0 1 0 0 0 0 0 0 0 0 0 0 0 3 2 0 4 22 7 7 5 8 18 22 11 24 35 20 0 0 10 3 1 1 42 11 11 21 9 4 5 
0 1 1 0 0 0 0 0 0 0 1 0 0 1 0 4 1 0 0 1 0 0 0 0 0 0 0 0 0 10 0 1 3 3 2 1 5 1 4 3 8 0 5 13 7 13 8 13 14 25 2 1 2 1 0 0 1 3 0 1 0 0 0 1 0 0 0 0 0 0 0 0 0 0 1 2 0 6 8 3 5 5 11 10 9 8 14 38 10 0 0 5 1 5 0 32 2 24 5 6 1 12 
1 0 1 0 0 2 0 1 3 1 3 0 0 0 0 0 1 0 0 0 0 0 0 2 0 0 0 0 0 5 0 5 3 1 3 4 2 9 7 9 10 5 20 17 9 13 11 21 21 17 0 0 4 3 0 0 2 3 0 0 0 0 0 0 0 0 0 2 0 0 0 0 0 0 0 0 0 2 9 2 6 8 7 5 8 15 9 37 12 0 0 14 12 27 8 4 1 26 21 4 13 9 
0 1 0 0 0 0 0 0 0 0 0 0 0 0 0 0 0 0 0 0 0 0 0 0 0 0 0 0 0 2 0 1 0 0 0 1 1 0 2 0 0 0 2 0 1 0 0 0 1 1 0 0 0 0 0 0 0 2 0 0 0 0 0 0 0 0 0 0 0 0 0 0 0 0 0 0 0 0 0 1 1 1 0 0 0 1 0 5 0 0 0 0 0 0 1 1 0 0 1 0 1 1 
0 0 0 0 1 0 0 0 0 0 0 0 0 0 1 0 0 0 1 0 0 0 0 0 0 0 0 1 0 0 0 0 1 0 1 0 0 2 4 2 1 0 5 4 5 5 3 8 5 19 1 1 1 0 0 0 2 1 0 0 0 0 0 0 1 0 0 0 0 0 0 0 0 0 2 1 2 3 7 8 2 0 8 9 3 5 7 18 3 0 0 5 3 5 4 8 0 1 1 4 1 9 
0 2 0 0 0 0 3 0 1 2 1 2 1 0 0 1 2 0 0 0 0 0 1 0 0 0 0 0 0 6 0 2 2 0 1 4 1 2 8 5 7 1 6 12 9 2 9 4 8 7 1 4 2 1 0 0 5 4 0 0 2 0 0 0 0 0 0 0 0 0 0 0 0 0 2 3 2 3 5 6 0 3 13 14 11 2 4 30 4 0 0 1 3 5 2 8 1 1 0 0 1 3 
0 1 0 0 0 0 0 0 0 0 0 0 0 0 0 0 0 0 0 0 0 0 0 0 0 0 0 0 0 0 0 1 0 0 0 0 0 2 1 0 0 0 1 1 2 0 0 1 0 0 2 0 2 0 0 0 0 0 0 0 0 0 0 0 0 0 0 0 0 0 0 0 0 0 0 0 0 0 0 0 1 2 0 2 2 0 1 1 0 0 0 0 0 0 3 3 1 1 0 1 1 0 
0 0 0 0 0 0 0 0 0 0 1 0 0 0 0 0 0 0 0 0 0 0 0 0 0 0 0 0 0 0 0 1 1 1 0 0 1 2 0 2 0 0 0 1 1 1 0 1 1 1 0 0 0 0 0 0 0 1 0 0 0 0 0 0 0 0 0 0 0 0 0 0 0 0 1 0 1 1 2 1 1 0 0 1 1 1 1 8 2 0 0 0 0 3 0 0 2 0 0 0 0 0 
1 2 0 0 1 2 0 1 0 1 0 4 6 1 1 1 4 5 2 0 2 1 4 0 0 0 0 3 0 11 1 13 13 5 2 6 10 12 16 14 7 6 49 47 22 36 57 25 30 83 5 8 8 5 4 1 5 4 0 0 0 0 1 0 0 1 0 0 0 0 1 0 1 0 6 4 0 4 25 12 7 13 11 25 21 20 25 100 47 0 0 38 10 43 44 52 5 36 14 4 1 3 
