2 5 18 15 9 34 8 11 14 10 7 27 17 16 22 27 25 11 15 8 3 12 4 7 3 2 0 11 12 6 3 5 3 0 3 0 1 0 12 18 11 1 4 2 4 6 4 5 2 22 2 2 0 2 1 1 0 1 0 2 0 0 1 2 4 6 2 0 1 1 2 1 1 0 1 0 0 1 5 2 4 3 1 0 4 5 1 15 1 0 0 1 1 0 0 0 0 1 2 0 0 1 
6 5 15 13 10 31 37 36 50 32 7 35 31 15 28 40 26 13 24 7 14 9 7 20 6 0 0 18 5 2 2 5 2 0 3 1 0 6 6 25 4 1 5 3 4 13 5 8 6 34 3 3 11 4 3 0 1 9 0 3 1 3 2 5 3 5 4 0 6 1 3 4 2 3 6 4 0 2 7 1 0 1 4 3 1 3 3 31 3 0 0 0 2 1 1 1 0 1 2 1 0 5 
5 4 3 15 7 7 12 20 23 19 4 20 30 19 33 33 25 23 9 7 6 9 3 8 2 0 0 6 16 0 2 1 3 0 1 0 0 1 8 13 3 0 5 6 4 2 5 6 6 12 6 0 1 1 2 0 1 1 0 0 2 1 0 2 5 6 0 1 0 1 1 1 0 2 2 1 1 4 6 2 4 0 3 1 0 4 0 14 2 0 0 2 0 1 0 0 0 0 2 0 0 0 
4 7 4 3 0 9 2 0 3 0 2 3 1 5 4 2 3 0 2 0 0 0 1 1 0 0 0 5 5 0 0 1 0 0 2 0 0 1 1 0 0 0 0 0 0 0 0 2 0 1 0 0 0 0 0 0 0 0 0 0 0 0 0 1 3 1 0 0 0 0 0 0 0 0 0 0 0 0 2 0 0 0 0 0 0 0 0 4 0 0 0 0 0 0 0 0 0 0 0 0 0 0 
13 8 5 12 3 7 3 2 4 2 0 10 3 7 9 10 6 2 2 0 2 2 1 4 1 0 0 5 1 1 0 1 2 0 0 1 0 0 2 2 2 1 0 1 0 0 0 1 0 6 1 0 5 0 0 1 1 0 0 0 0 2 1 3 2 1 0 0 0 1 1 0 0 5 1 2 0 0 1 0 0 0 0 0 0 0 0 2 0 0 0 0 1 1 0 0 0 0 0 0 0 0 
18 29 22 6 5 2 13 10 15 3 11 21 35 37 24 31 12 21 14 4 4 18 7 11 3 1 1 12 10 2 0 1 3 1 3 3 0 2 7 8 5 2 5 6 8 3 5 3 2 15 7 2 7 7 2 0 0 17 0 1 0 0 0 3 0 6 1 2 1 0 6 2 0 1 1 0 1 3 12 1 0 1 2 1 1 1 0 7 0 0 0 1 5 1 1 1 2 1 0 0 0 1 
9 16 7 8 5 4 2 14 12 8 5 16 20 20 17 22 16 16 12 4 5 4 1 3 2 0 0 4 9 3 0 0 2 6 0 2 0 2 10 6 5 2 4 2 5 3 2 2 4 10 3 4 3 5 2 1 1 11 0 1 0 0 0 3 4 2 1 2 1 0 1 0 1 4 1 1 0 1 1 0 2 1 0 1 0 0 1 5 4 0 0 1 0 0 1 2 1 1 0 0 0 3 
11 28 28 6 7 18 10 5 7 7 6 17 26 29 12 31 19 11 10 12 7 4 2 20 2 0 0 6 7 7 2 5 2 2 4 0 0 3 8 11 4 2 3 4 4 8 8 1 1 7 4 3 2 2 2 1 0 3 0 0 1 0 0 2 3 1 1 2 0 2 1 3 1 1 3 1 0 1 3 1 1 1 0 5 1 1 0 5 0 0 0 1 1 0 0 1 0 0 1 1 0 1 
16 34 32 5 7 23 22 18 5 7 9 17 20 32 17 35 22 10 11 8 8 7 5 4 5 1 0 8 8 0 6 4 2 0 0 1 0 3 11 15 9 0 5 3 9 9 5 2 4 30 1 3 3 4 1 1 6 3 0 0 2 0 0 5 1 6 3 0 0 1 2 1 0 3 2 3 0 0 4 0 0 0 0 1 0 2 1 3 0 0 0 0 0 2 0 0 0 2 0 0 0 1 
9 7 10 1 5 7 5 2 4 2 8 9 13 6 12 27 9 10 9 7 5 6 8 14 2 0 0 5 4 3 0 1 0 0 0 0 0 0 5 8 2 5 1 3 4 0 2 2 0 7 10 4 7 1 2 0 1 9 0 2 1 1 0 1 4 2 0 3 0 0 2 3 0 3 0 6 0 0 11 1 0 0 4 2 1 1 0 6 1 0 0 2 3 1 0 0 0 0 2 0 0 1 
11 6 9 0 3 7 5 9 11 0 1 6 7 9 6 11 7 1 5 2 6 2 4 6 0 0 1 5 1 1 0 0 0 0 0 0 0 0 6 10 1 0 1 0 2 7 5 6 3 14 1 0 0 0 1 0 0 2 0 1 0 0 0 0 0 0 0 1 0 0 0 0 0 2 0 1 0 0 2 0 0 0 1 0 0 0 0 0 1 0 0 2 0 0 0 1 1 0 0 0 0 0 
25 38 33 4 4 16 25 25 28 12 12 7 18 20 11 44 35 11 10 24 9 14 16 26 9 0 4 17 1 8 2 4 3 0 1 1 0 10 16 19 7 1 1 3 6 5 5 2 11 18 3 4 2 6 2 0 1 4 0 1 0 0 1 2 2 3 1 0 0 1 3 4 1 1 5 1 3 3 7 0 0 0 0 0 0 0 0 6 2 0 0 2 0 0 0 2 0 1 0 1 0 0 
24 31 34 4 6 40 38 46 31 30 11 18 4 30 18 66 35 35 23 8 19 22 17 24 13 2 1 32 6 19 5 9 4 3 0 3 0 1 8 17 6 2 2 6 1 15 8 2 3 16 2 5 1 16 0 0 7 9 0 7 0 0 0 1 0 2 0 0 2 0 0 5 2 1 4 4 8 5 4 1 0 0 0 0 0 1 1 3 1 0 0 0 0 3 0 2 0 0 2 0 0 2 
35 48 54 13 20 89 91 93 85 58 35 69 62 3 8 49 79 75 59 61 58 55 24 73 26 4 10 77 4 5 1 0 2 1 2 0 0 6 10 12 7 3 1 1 9 4 4 4 4 14 8 5 11 16 4 0 6 18 0 3 1 0 0 0 0 0 0 0 0 0 0 2 0 1 10 5 2 6 20 6 1 0 0 0 0 2 2 7 2 0 0 0 0 2 2 0 0 0 1 0 0 1 
18 30 40 4 5 44 31 39 27 27 14 18 21 11 3 18 25 25 22 13 32 24 36 38 12 5 1 64 4 3 1 2 3 2 1 2 1 3 13 4 6 2 3 1 5 6 3 3 3 13 11 7 9 7 0 1 6 9 0 5 2 0 0 0 0 0 0 0 0 2 4 1 0 0 1 4 1 4 9 1 0 0 0 0 0 1 0 10 2 0 0 3 0 0 0 2 1 0 0 0 0 1 
55 83 73 19 20 97 90 107 80 85 42 89 79 32 20 15 107 109 58 91 154 112 119 177 58 23 24 169 12 60 23 31 18 16 18 22 16 2 7 57 33 1 16 18 21 18 13 5 18 74 16 11 29 21 9 2 14 19 0 4 2 2 1 3 6 1 2 2 3 3 10 4 1 3 12 10 4 13 38 3 2 1 0 0 1 4 1 21 7 0 0 6 6 9 0 5 0 7 4 0 0 2 
15 24 28 10 3 38 30 25 31 16 13 31 43 43 20 60 4 29 32 40 48 34 36 90 21 1 4 52 3 39 10 33 9 17 14 14 8 9 31 27 20 6 4 4 17 23 13 6 11 35 7 6 5 9 4 0 4 4 0 0 2 1 3 6 1 1 0 0 0 0 0 0 2 1 1 5 0 3 13 1 0 0 0 0 0 2 2 15 11 0 0 6 3 0 0 1 0 0 2 2 0 0 
6 17 10 3 5 17 22 37 22 10 9 27 48 25 26 73 40 7 38 26 37 35 35 77 16 10 6 49 0 33 13 10 6 20 10 10 9 9 26 22 15 1 6 9 15 11 11 9 19 40 4 6 4 3 5 1 7 7 0 1 1 0 0 0 1 1 1 0 0 0 0 0 0 0 5 0 1 6 13 6 2 0 0 1 0 8 0 16 8 0 0 2 0 0 0 1 2 0 0 1 0 0 
6 28 18 2 5 18 19 30 12 15 16 28 73 51 20 85 81 61 8 39 121 43 61 90 28 6 17 54 0 29 12 6 10 16 13 10 4 8 25 15 11 2 4 4 8 16 19 2 6 32 4 5 2 4 1 1 1 6 0 5 0 0 1 0 0 0 0 0 0 0 0 0 0 1 2 0 0 3 9 4 0 0 0 0 0 3 2 9 2 0 0 0 2 4 0 1 0 0 0 1 0 0 
0 11 6 1 4 6 8 11 10 11 3 9 11 18 20 35 25 5 5 4 7 5 14 18 20 9 29 42 1 11 5 6 2 1 2 1 1 3 10 17 11 2 0 0 1 1 2 1 0 7 1 0 3 1 0 0 0 4 0 1 0 0 0 0 0 0 0 0 0 0 0 0 0 0 1 0 0 1 2 0 0 0 0 0 0 0 2 2 0 0 0 0 0 0 0 0 0 0 0 0 0 0 
3 3 4 2 4 11 5 9 8 13 1 13 22 20 32 54 44 26 27 6 1 16 39 48 17 17 25 59 0 4 2 4 2 1 2 3 2 5 20 14 4 1 0 1 3 2 5 6 3 14 1 2 0 0 1 0 1 1 0 2 2 0 0 0 0 0 1 0 0 0 0 0 0 1 0 1 0 0 8 0 0 0 0 0 1 2 0 5 4 0 0 0 0 0 0 0 0 0 0 0 0 0 
3 11 7 1 2 3 10 5 4 3 4 6 9 14 12 20 25 10 11 2 6 7 6 16 11 9 8 26 1 6 0 0 2 0 2 2 0 1 7 3 0 1 0 0 3 2 1 1 1 4 0 0 1 0 0 2 1 1 0 0 1 0 0 0 0 0 0 0 0 0 0 0 0 0 0 1 1 0 1 0 0 0 0 0 1 0 2 5 1 0 0 0 0 0 0 0 0 0 0 0 0 0 
5 4 1 0 1 3 3 6 4 6 8 6 9 9 3 40 21 10 7 9 14 4 3 10 5 1 8 41 1 4 0 0 1 2 2 1 1 1 3 4 5 0 1 0 0 8 1 3 0 9 1 0 0 0 0 0 0 1 0 2 0 0 0 0 1 0 0 0 0 0 0 0 0 0 0 0 0 0 4 0 0 0 1 0 0 0 1 5 3 0 0 0 0 0 1 0 0 0 0 0 0 0 
2 2 4 0 2 5 9 1 7 12 8 20 14 22 15 53 52 21 25 12 14 8 12 8 2 21 37 82 1 5 2 4 2 2 2 1 3 5 14 9 3 1 0 3 6 4 4 1 6 25 0 0 0 1 0 0 1 1 0 0 0 0 0 0 1 1 0 0 0 0 1 0 0 0 0 1 0 1 3 0 0 0 0 0 1 1 0 6 2 0 0 0 1 0 1 0 0 1 0 0 0 0 
2 8 3 1 3 4 2 2 8 13 5 6 12 12 13 26 12 14 6 5 6 7 4 4 2 7 7 36 0 4 0 6 5 4 2 1 3 4 5 3 3 1 1 2 8 3 3 3 2 12 3 2 4 0 4 0 1 2 0 0 1 1 0 0 0 0 0 0 0 0 0 0 0 0 1 2 0 2 9 0 0 0 0 1 0 2 2 15 3 0 0 0 0 1 0 0 0 0 1 0 0 0 
1 0 0 1 0 3 0 3 1 4 0 0 1 2 3 13 5 3 4 3 8 7 14 8 4 1 1 2 0 1 0 1 2 0 0 1 0 0 0 2 0 0 0 0 0 0 0 0 1 2 0 0 0 0 0 0 0 0 0 0 0 0 0 0 0 1 0 0 0 0 1 0 0 0 0 0 0 0 0 0 0 0 0 0 0 0 0 0 0 0 0 0 0 0 0 0 0 0 0 0 0 0 
0 1 0 0 0 0 2 0 1 1 0 1 1 0 4 6 3 1 1 1 1 5 5 4 3 3 3 17 0 1 0 0 2 0 0 0 0 0 1 2 0 0 0 0 1 0 0 0 1 1 0 1 0 2 0 0 0 0 0 0 0 0 0 0 0 0 0 0 0 0 0 0 0 0 0 0 0 0 0 0 0 0 0 0 0 0 0 0 2 0 0 0 0 0 0 0 0 0 0 0 0 0 
8 13 8 1 8 7 8 9 8 12 3 15 16 22 25 39 29 25 29 37 34 38 38 48 23 1 39 1 1 0 0 3 5 1 5 3 4 11 17 12 16 1 7 5 8 4 4 5 2 23 5 1 1 2 0 3 3 2 0 0 0 1 0 0 0 1 0 0 0 0 0 0 0 0 5 3 1 0 6 0 0 0 1 1 0 2 4 25 3 0 0 3 0 0 0 1 0 0 0 0 0 1 
91 133 158 31 23 125 92 50 60 32 14 60 49 51 32 45 34 16 20 9 18 15 17 22 4 1 1 7 3 6 4 12 3 5 2 4 0 13 9 27 13 2 10 7 12 19 12 5 6 28 1 2 8 10 6 0 5 6 0 1 0 0 2 5 16 4 12 5 1 3 1 3 5 4 3 0 0 0 13 5 5 1 0 5 9 3 3 16 2 0 0 1 0 4 2 1 0 3 2 0 3 1 
3 10 2 0 0 5 0 1 2 3 3 4 10 5 6 10 28 17 3 2 3 6 4 5 7 0 1 4 1 16 79 184 110 54 72 109 101 111 112 124 80 4 30 23 34 40 17 25 28 129 4 3 10 3 5 2 2 5 0 2 2 2 6 18 26 36 8 7 2 9 6 6 4 0 9 5 0 5 20 7 3 1 5 2 4 9 5 69 4 0 0 18 5 8 5 14 1 3 8 2 0 6 
0 1 1 0 0 2 3 0 0 2 1 3 3 0 1 3 6 3 5 2 2 5 2 1 1 0 1 3 1 73 6 61 37 11 23 15 62 36 28 62 19 3 6 5 24 4 9 4 6 36 2 0 2 2 1 0 1 4 0 2 0 0 0 6 5 2 1 12 0 7 2 3 0 1 4 0 1 4 6 2 0 2 3 2 1 0 4 24 2 0 0 2 5 2 0 2 0 1 3 0 1 3 
2 2 3 1 0 2 2 1 2 2 5 7 3 2 7 19 26 11 0 3 4 1 3 2 1 0 2 5 0 109 48 5 35 24 38 41 59 84 78 86 55 9 24 17 24 23 28 26 23 85 1 2 9 5 2 2 6 8 0 6 1 0 0 6 15 19 5 3 0 2 4 1 5 1 2 3 1 5 15 1 2 0 1 2 0 7 5 40 5 0 0 8 1 5 2 8 0 3 1 2 0 5 
10 32 20 1 2 7 13 10 5 7 6 3 9 5 9 24 41 30 9 8 10 20 9 24 26 3 1 31 0 313 104 123 12 39 101 119 135 138 196 209 181 23 99 92 147 176 147 111 135 698 86 56 69 43 16 11 29 34 0 21 3 4 3 7 35 21 10 17 10 14 31 30 6 7 29 20 6 20 69 14 15 8 7 9 8 26 20 181 48 0 0 38 20 29 24 30 2 15 10 6 2 22 
0 1 1 0 1 1 2 0 1 1 0 0 1 0 1 8 7 4 14 1 1 1 0 3 1 1 1 4 1 103 40 27 15 3 12 21 21 40 59 52 29 8 14 10 16 23 11 20 21 59 7 6 8 6 2 0 8 4 0 5 1 2 3 2 4 17 7 20 2 8 5 12 10 6 10 3 2 7 10 18 4 0 0 0 0 4 5 21 6 0 0 7 0 6 6 6 1 2 3 1 1 2 
8 7 4 0 1 0 3 6 1 1 0 4 2 1 0 15 14 10 10 6 12 7 5 14 5 0 2 11 0 238 102 92 37 18 14 12 38 50 81 110 51 8 35 23 44 46 41 37 43 128 14 11 3 10 1 5 9 11 0 3 1 4 2 9 8 11 1 13 2 10 12 25 8 5 7 1 0 0 11 2 5 1 3 2 1 11 3 35 16 0 0 20 5 15 6 17 0 8 2 2 2 3 
0 1 3 0 1 1 1 2 0 3 0 0 1 1 1 7 15 6 9 0 4 3 2 4 1 0 0 4 0 141 46 63 30 19 20 4 41 48 53 68 44 5 13 14 27 26 11 15 23 85 2 2 3 2 1 0 1 0 0 1 3 0 2 8 2 11 3 1 3 1 2 8 2 3 1 1 0 2 3 0 0 0 0 1 0 4 3 22 14 0 0 2 3 7 1 10 0 1 1 4 1 3 
2 4 6 1 0 4 2 1 3 4 0 2 4 0 1 16 35 16 8 14 15 15 10 33 12 1 3 20 0 371 173 311 74 85 101 170 14 98 221 327 154 57 88 88 140 114 81 71 97 340 7 13 16 12 4 2 6 10 0 0 4 1 12 37 23 39 16 29 10 11 25 29 7 13 11 2 2 2 15 2 3 1 3 5 3 18 31 66 51 0 0 33 30 26 22 39 4 14 20 4 1 9 
3 4 3 0 2 11 3 7 6 1 2 7 12 11 5 2 8 5 7 6 8 6 2 9 4 0 1 10 0 139 73 122 54 47 63 66 46 4 55 171 73 20 46 52 49 52 50 42 45 157 4 1 6 5 1 1 2 5 0 0 0 2 6 14 17 8 6 5 1 2 13 9 2 10 2 2 0 0 8 8 3 1 0 0 1 16 9 59 24 0 0 14 8 12 4 21 6 20 5 0 1 9 
17 36 36 3 13 34 33 26 31 34 6 42 39 18 13 19 75 72 53 34 63 39 44 74 36 1 10 73 4 328 149 313 160 134 151 156 253 97 12 616 390 31 125 134 177 184 127 115 126 501 12 12 32 16 0 9 19 23 0 6 6 5 4 32 29 29 12 28 17 18 38 26 8 11 19 7 6 7 52 17 10 6 5 12 11 39 40 184 69 0 0 62 26 36 16 57 11 30 22 9 9 33 
10 14 13 3 8 17 12 7 19 13 6 12 23 6 5 16 37 14 4 14 8 8 10 19 7 0 1 21 0 96 40 79 44 41 42 45 82 106 186 9 18 17 37 31 70 55 64 52 83 232 5 4 8 6 6 0 4 0 0 1 0 1 2 3 5 10 5 5 3 3 6 6 2 5 8 4 1 6 13 2 8 8 4 6 12 3 8 23 27 0 0 15 3 4 3 39 2 4 5 4 5 3 
10 15 9 0 1 6 3 5 3 5 5 3 10 1 1 9 11 8 2 4 12 4 3 11 9 2 3 7 0 45 21 42 36 18 12 28 35 75 69 16 8 14 15 16 23 37 33 37 51 128 8 1 4 3 0 1 0 5 0 1 1 1 3 6 5 3 3 0 0 3 3 1 2 1 9 0 0 1 6 6 1 0 4 9 2 6 5 15 11 0 0 16 2 5 2 11 1 9 4 0 2 8 
0 2 0 0 0 2 1 1 0 0 1 2 2 1 0 0 5 3 1 1 2 1 0 2 0 0 0 2 1 7 1 4 11 3 6 2 15 14 30 13 15 1 7 23 17 15 15 18 22 33 0 0 2 0 1 0 0 0 0 0 0 0 0 1 0 1 0 2 0 0 1 1 0 0 0 0 0 1 1 1 2 0 8 2 1 8 7 15 8 0 0 4 2 5 1 2 0 7 4 1 0 0 
6 7 1 0 0 9 8 6 3 4 1 6 13 0 4 10 8 12 5 3 14 2 6 8 6 1 0 4 1 45 18 36 30 36 33 22 42 63 73 53 31 14 14 34 41 47 28 53 57 159 4 5 13 6 2 1 7 12 0 7 3 1 3 5 10 1 2 1 0 0 8 6 0 2 9 4 0 16 17 16 14 15 30 28 21 58 30 99 58 0 0 24 29 33 27 66 6 51 29 5 5 9 
6 13 10 0 5 6 8 6 5 5 1 1 6 2 3 14 21 13 8 2 7 4 4 5 4 0 1 9 0 53 20 64 27 24 16 16 47 94 99 114 68 51 38 15 113 148 105 123 183 278 7 15 12 14 6 4 5 15 0 7 0 1 2 12 11 9 2 1 2 3 11 7 1 1 34 10 0 9 34 22 27 15 17 54 48 113 106 132 86 0 0 96 42 66 45 119 12 74 41 17 12 36 
3 6 7 0 5 5 4 4 4 7 2 4 10 1 2 8 9 8 10 5 8 6 9 9 2 0 1 18 1 64 17 44 22 21 29 12 39 49 67 73 27 11 30 50 5 89 87 102 162 260 4 5 9 1 0 0 0 1 0 3 1 0 1 3 1 5 4 5 3 0 6 2 2 1 4 2 2 7 16 11 10 6 2 22 8 25 28 55 29 0 0 25 13 16 19 44 2 29 19 4 2 10 
6 9 9 1 3 10 16 14 11 8 3 7 7 5 3 16 18 14 7 4 11 13 9 15 8 1 1 14 0 69 28 65 49 27 23 34 85 91 102 137 118 32 50 165 108 16 116 275 288 524 5 9 19 8 7 0 8 10 0 3 0 4 1 10 6 7 2 6 1 3 18 7 0 1 14 15 0 12 22 19 16 5 16 33 27 79 62 184 43 0 0 70 34 47 28 88 5 25 54 12 5 22 
4 7 10 2 1 6 7 2 6 4 0 14 12 2 0 5 15 5 5 2 4 4 6 6 3 0 0 12 0 44 6 30 34 12 18 18 36 45 43 69 52 9 23 46 45 48 5 116 158 218 1 5 10 5 0 0 1 0 0 0 0 0 1 3 6 5 1 0 0 1 5 3 0 4 4 3 3 9 4 12 5 6 6 17 2 33 13 120 15 0 0 26 13 24 8 23 2 25 19 3 0 9 
1 9 4 0 0 4 3 3 3 1 4 7 6 0 3 6 7 7 1 1 6 6 2 4 5 0 0 5 0 15 7 10 13 16 8 7 25 25 48 31 21 4 34 44 53 106 49 7 96 269 3 1 5 4 2 1 0 3 0 0 0 1 1 0 4 4 1 1 3 5 3 2 0 0 5 3 1 6 11 3 2 2 2 16 8 7 10 108 5 0 0 26 7 10 8 24 3 11 8 0 2 10 
2 2 5 1 4 2 3 4 0 2 2 0 5 4 2 1 3 1 1 6 5 0 3 4 2 2 0 5 1 28 1 14 12 16 16 4 19 18 27 45 20 2 29 12 24 69 49 59 13 152 5 1 2 1 2 0 2 5 0 0 1 0 0 3 4 3 0 4 0 0 2 3 1 2 6 1 1 2 8 3 6 1 7 12 10 13 4 83 5 0 0 11 7 6 5 21 1 10 16 2 4 5 
21 54 40 3 10 31 28 13 27 24 11 31 43 24 20 30 52 39 32 21 27 24 15 38 32 3 2 71 3 194 64 146 167 81 67 67 144 205 256 267 246 31 119 188 222 368 267 551 696 39 36 13 56 13 7 3 11 27 0 4 0 7 2 25 32 21 8 15 6 5 16 23 6 6 39 22 2 26 60 33 41 18 30 87 34 79 61 582 71 0 0 72 36 68 54 108 13 95 85 26 17 69 
8 8 5 0 4 2 3 3 3 3 1 8 10 4 7 4 13 3 1 0 1 1 1 7 2 0 0 4 2 9 1 4 6 4 8 2 2 3 6 8 1 2 6 8 8 2 5 2 6 23 3 9 17 20 13 8 21 20 0 12 4 1 1 13 10 15 5 10 2 8 9 17 1 7 9 4 2 11 39 0 3 3 13 9 11 4 5 36 3 0 0 2 3 2 0 2 3 6 4 1 0 1 
0 2 1 0 5 5 4 1 4 3 2 3 0 0 5 3 7 1 1 0 2 0 0 2 0 0 3 2 0 6 6 11 6 4 1 0 0 0 3 6 2 1 4 2 3 4 3 2 3 17 12 4 14 29 8 2 9 15 0 9 4 1 2 7 16 16 1 9 3 5 11 2 1 2 4 9 1 3 36 3 9 2 5 5 11 8 5 16 1 0 0 3 0 4 2 1 0 1 3 0 1 0 
1 5 4 2 5 9 12 4 6 6 3 7 2 1 7 13 7 1 1 5 0 3 0 3 3 0 0 4 1 19 6 8 10 7 4 3 1 1 6 10 2 1 3 7 3 6 3 4 9 22 64 51 6 35 29 4 14 26 0 20 6 1 2 13 12 25 10 14 5 12 5 13 3 6 9 3 4 11 62 8 12 4 4 16 10 9 5 47 6 0 0 3 3 10 3 9 0 5 5 1 0 1 
2 7 7 0 0 3 7 4 0 5 0 3 8 6 5 6 3 6 1 0 0 1 2 1 0 0 0 0 0 10 2 1 7 5 2 5 3 3 1 3 0 0 2 3 1 2 2 3 3 10 24 13 18 5 15 4 11 19 0 24 9 1 0 11 9 11 2 7 2 8 0 4 1 2 5 2 4 3 35 2 6 0 5 13 14 8 5 18 4 0 0 5 1 3 0 2 0 4 4 1 0 1 
0 2 3 0 0 1 1 1 0 2 3 1 0 1 2 1 0 1 2 0 0 0 1 0 0 0 1 1 0 0 0 5 0 4 2 2 0 0 0 0 0 0 1 2 2 0 1 1 2 2 7 7 16 5 4 5 1 10 0 10 0 0 0 2 9 3 0 2 0 2 1 5 0 1 5 8 0 3 25 0 1 0 1 3 0 1 4 6 0 0 0 0 0 0 0 1 0 1 0 0 0 0 
0 0 1 1 0 1 2 3 1 2 1 0 0 0 1 3 0 2 1 1 0 0 1 3 0 0 1 0 0 0 1 2 2 2 0 1 0 0 1 1 0 0 0 0 3 0 3 0 0 5 6 1 5 1 0 1 2 4 0 3 2 1 1 2 3 2 0 4 0 2 1 3 1 3 1 3 1 3 16 1 3 0 2 3 0 2 0 10 1 0 0 1 0 0 0 0 0 2 3 0 0 0 
4 2 2 0 1 3 3 1 2 1 2 0 4 2 0 5 3 2 2 0 0 0 2 1 1 0 0 0 0 6 0 4 2 4 3 1 1 3 6 2 0 0 0 2 0 6 0 0 0 7 8 2 14 5 4 2 1 5 0 3 1 2 0 3 11 8 4 2 0 4 6 8 3 6 8 11 6 6 32 1 3 1 3 8 10 2 1 9 1 0 0 1 0 3 2 0 1 0 0 0 0 0 
1 3 9 5 3 6 5 3 8 1 1 3 3 9 5 15 8 3 4 1 1 2 2 1 1 0 0 2 1 10 1 10 3 1 3 1 4 1 5 4 2 1 5 3 2 3 3 4 10 11 29 21 35 22 18 14 11 3 0 15 7 2 1 7 10 14 2 9 0 14 6 8 3 1 23 22 6 12 90 12 15 2 5 23 13 10 3 28 5 0 0 3 1 1 5 5 0 2 6 2 0 0 
0 0 0 0 0 0 0 0 0 0 0 0 0 0 0 0 0 0 0 0 0 0 0 0 0 0 0 0 0 1 0 0 0 0 0 0 0 0 0 0 0 0 0 0 0 0 0 0 0 0 0 0 0 0 0 0 0 0 0 0 0 0 0 0 0 0 0 0 0 0 0 0 0 0 0 0 0 0 0 0 0 0 0 0 0 0 0 0 0 0 0 0 0 0 0 0 0 0 0 0 0 0 
3 11 6 1 1 5 8 4 1 2 4 7 8 2 9 10 9 9 2 2 4 5 4 5 6 1 1 3 2 10 1 5 6 4 3 1 0 5 7 6 0 0 1 1 2 1 2 3 5 11 24 12 17 13 12 0 11 20 0 3 5 1 3 6 11 15 10 15 3 11 14 9 6 9 8 8 4 6 31 3 0 1 4 8 3 4 1 18 0 0 0 1 1 0 0 2 0 3 0 0 0 2 
0 0 1 0 0 2 0 0 0 0 0 0 0 5 0 0 0 0 0 0 1 0 0 4 0 0 0 2 0 4 2 4 1 2 0 1 0 0 0 2 0 1 3 0 2 1 0 0 0 0 4 8 4 9 6 0 3 8 0 4 2 3 1 3 7 9 0 2 0 7 3 5 3 3 1 6 0 3 6 1 0 1 0 4 0 3 2 8 0 0 0 0 0 0 0 0 0 0 0 0 0 0 
1 2 3 1 0 0 1 2 2 0 2 3 0 0 0 1 1 6 2 0 0 0 0 0 1 0 0 0 0 10 4 9 4 14 7 7 6 11 4 9 5 0 3 5 4 2 5 2 7 10 4 2 2 1 1 3 2 5 0 10 2 1 2 8 14 15 1 6 2 9 5 16 3 3 1 1 0 6 11 2 0 0 5 4 1 3 1 12 2 0 0 1 1 2 0 2 0 1 1 1 0 0 
2 2 3 0 0 4 2 0 1 1 0 1 6 0 0 1 3 0 0 0 0 1 0 1 0 0 0 0 0 2 4 8 0 0 2 2 0 2 3 3 0 0 0 0 1 0 0 2 1 0 1 1 4 3 1 2 1 5 0 2 1 1 0 2 7 18 7 7 2 10 3 8 1 1 1 2 0 4 11 4 0 0 2 1 0 3 1 2 0 0 0 0 0 0 0 2 0 1 0 0 1 0 
3 7 6 2 0 1 3 7 3 1 1 4 2 0 1 2 2 2 2 1 0 0 0 0 1 0 0 1 0 13 4 5 3 1 10 2 5 9 17 11 11 1 12 4 3 6 6 8 5 16 13 6 22 23 4 6 11 18 0 13 4 2 2 1 16 17 7 8 10 20 18 35 8 19 19 5 2 6 24 7 4 2 7 1 0 2 3 5 2 0 0 7 0 0 1 3 0 1 1 0 0 1 
1 2 1 0 0 1 3 7 6 1 0 2 1 1 0 2 0 0 0 0 0 0 0 0 0 0 0 1 1 16 18 7 8 4 2 3 6 3 12 9 2 1 4 2 3 7 3 5 8 16 11 8 7 12 7 3 10 18 0 17 3 1 12 8 4 16 8 10 9 23 26 34 16 29 7 5 1 3 18 5 6 4 1 0 1 1 3 7 0 0 0 0 0 0 0 2 0 1 0 0 0 1 
9 11 1 0 2 6 9 8 6 8 2 5 1 0 1 0 0 0 1 0 0 0 0 0 0 0 0 1 0 34 22 31 6 5 3 1 11 6 21 20 4 0 3 3 12 8 4 4 13 19 9 9 32 7 2 4 9 8 0 22 13 4 11 16 30 5 14 31 35 46 59 76 23 26 6 1 1 7 42 13 4 2 3 3 2 6 2 13 2 0 0 1 1 0 1 1 0 1 0 0 0 0 
0 4 0 1 0 3 1 4 3 5 0 0 1 1 0 0 0 0 0 0 0 0 0 0 0 0 0 0 0 7 7 9 2 2 4 4 0 3 7 1 2 1 0 1 1 1 4 2 2 5 1 1 3 5 0 2 8 6 0 4 4 1 2 6 8 3 2 2 9 11 22 19 20 1 0 0 0 2 6 2 1 3 0 0 0 0 3 4 1 0 0 0 0 0 0 1 0 0 0 0 0 0 
2 5 2 0 3 3 5 2 0 5 0 0 0 0 1 1 0 0 0 0 0 0 0 0 0 0 0 0 1 16 6 5 3 1 2 2 3 2 5 1 1 0 0 5 3 3 3 0 3 13 6 4 8 13 4 2 12 8 0 13 6 3 1 11 22 11 7 3 4 17 34 38 10 16 2 1 0 7 20 5 7 0 2 1 1 5 1 10 2 0 0 0 0 2 0 0 0 0 0 0 0 0 
2 1 3 0 0 0 3 4 1 1 2 0 1 0 0 0 0 0 0 0 0 0 0 0 0 0 0 0 0 4 1 7 0 8 1 2 3 4 4 2 5 0 2 0 4 0 0 0 0 3 1 0 2 3 11 3 0 3 0 5 2 2 3 8 18 38 6 14 1 4 31 25 1 5 1 2 0 0 10 0 1 0 1 0 0 0 3 2 3 0 0 0 0 0 0 0 0 0 0 0 0 1 
0 0 2 0 0 0 2 2 2 1 0 0 0 1 0 1 0 0 0 0 0 0 0 0 0 0 0 0 0 1 3 0 1 0 1 1 0 1 0 1 4 0 0 1 2 1 2 2 0 2 4 4 7 7 1 0 2 10 0 4 4 0 5 6 12 20 8 9 7 4 17 35 6 12 0 3 2 11 12 4 1 0 2 0 0 2 0 2 1 0 0 1 0 0 0 0 0 0 0 0 0 0 
2 2 1 1 0 1 1 4 0 2 2 1 0 0 1 1 1 3 0 0 0 0 0 0 0 0 0 0 1 6 0 3 3 12 9 2 4 2 12 1 4 0 1 3 0 2 2 2 6 12 1 3 2 4 1 0 1 4 0 7 3 0 7 4 10 16 9 23 13 18 0 34 11 23 3 1 0 5 16 3 3 1 3 0 1 2 5 10 0 0 0 0 1 0 1 0 1 0 0 0 0 0 
2 4 3 0 4 8 2 3 1 2 0 4 2 0 1 3 1 1 0 0 0 0 0 0 0 0 0 0 0 8 2 2 7 19 3 4 8 2 10 6 4 1 0 4 3 1 0 1 5 8 3 0 4 11 0 0 3 9 0 13 6 2 6 12 33 44 28 45 46 34 94 2 47 76 2 3 1 4 5 2 5 1 5 4 4 0 1 8 0 0 0 2 0 0 0 2 0 1 1 0 0 0 
1 1 0 0 2 5 0 2 1 1 0 0 4 0 0 0 0 0 0 0 0 0 0 0 0 0 0 1 1 0 1 1 3 7 0 2 2 4 3 1 0 1 1 1 3 0 0 3 7 6 7 4 4 3 4 1 2 4 0 6 6 1 1 2 12 13 3 14 2 10 20 32 4 8 2 2 0 7 8 3 2 0 4 0 2 3 0 6 0 0 0 0 0 0 0 0 0 0 0 0 0 3 
0 4 2 0 1 6 3 1 0 1 3 3 5 0 0 1 0 0 0 0 0 0 0 0 0 0 0 0 1 0 0 1 1 9 4 1 4 2 11 1 6 0 0 0 2 0 0 2 5 4 5 2 8 5 5 0 2 2 0 9 2 1 0 11 12 40 3 30 7 44 52 41 6 1 10 3 0 7 16 3 0 1 3 3 2 1 0 8 1 0 0 1 1 2 0 0 0 0 0 0 0 0 
0 2 0 0 1 1 1 2 2 0 0 4 1 2 2 5 4 0 1 1 0 2 0 0 0 0 0 1 0 3 0 6 4 2 0 2 0 1 4 1 3 0 3 3 0 5 1 7 3 20 11 6 2 4 1 4 5 4 0 7 3 1 0 4 2 5 1 2 0 1 8 2 1 2 2 4 4 4 34 12 4 8 13 26 10 11 8 28 6 0 0 0 3 9 4 4 0 4 6 0 0 1 
0 0 0 0 0 0 0 1 1 3 0 3 1 0 2 0 1 0 1 0 0 1 0 1 1 0 0 0 0 1 0 5 3 2 1 0 1 1 2 4 2 0 2 6 4 2 5 6 5 24 2 3 2 2 0 1 1 10 0 4 2 2 2 2 3 3 0 2 0 0 4 3 1 5 7 1 5 15 51 12 4 8 12 16 13 7 3 29 3 0 0 4 1 1 0 0 0 2 6 1 1 0 
0 0 0 1 0 2 0 1 0 0 1 0 1 0 0 0 0 0 0 0 0 0 1 0 0 2 0 1 0 0 0 0 1 0 0 0 0 0 2 0 0 0 0 1 0 1 0 0 0 2 0 1 0 1 1 0 2 0 0 1 1 0 0 0 1 1 0 0 1 1 2 0 0 2 1 3 1 9 23 5 1 2 1 2 3 3 0 5 1 0 0 1 1 1 2 0 0 0 1 0 2 0 
0 3 1 0 0 7 1 1 2 0 0 0 0 0 1 6 1 0 0 0 1 0 0 1 0 0 0 1 1 1 0 1 0 2 0 1 1 2 0 0 1 1 7 7 2 2 3 2 6 9 3 1 7 4 2 4 7 5 0 2 1 0 3 0 0 5 0 2 0 0 2 2 1 5 11 26 18 4 28 5 10 2 6 22 6 15 10 25 6 0 0 1 0 2 2 6 1 3 5 1 0 2 
14 11 19 0 7 19 18 18 18 16 1 26 18 13 19 31 12 13 3 1 3 4 7 15 2 0 1 11 2 32 9 26 14 16 10 3 5 3 17 15 7 3 13 25 19 23 24 11 15 63 112 85 142 85 59 38 91 114 0 70 28 3 9 34 25 35 9 26 6 26 46 32 8 25 261 250 84 97 22 99 121 41 85 123 76 59 24 110 15 0 0 16 1 23 13 19 3 15 8 10 2 13 
2 0 1 0 1 2 0 3 0 1 0 2 2 1 0 0 2 3 0 0 0 0 0 1 0 0 0 1 0 3 0 1 0 0 1 0 0 0 5 3 1 2 2 7 1 4 10 4 7 19 5 2 2 5 5 2 1 8 0 2 3 1 0 3 4 5 1 3 0 3 3 0 0 1 30 21 13 24 27 3 13 8 11 51 29 12 3 27 6 0 0 1 0 10 3 3 1 2 5 0 0 2 
0 1 1 0 0 1 0 0 0 2 1 1 0 0 0 3 0 1 0 1 2 0 0 1 0 0 0 0 0 5 0 4 2 1 0 0 1 0 2 1 0 1 5 5 5 2 1 7 0 15 3 2 8 10 5 0 1 1 0 0 2 1 1 0 4 3 0 2 5 0 1 3 0 0 11 15 8 18 37 10 1 2 11 12 24 12 9 34 11 0 0 6 1 9 5 5 1 6 1 0 1 1 
0 1 1 0 1 1 0 0 0 2 0 0 0 0 0 0 0 1 0 0 0 0 0 0 0 0 0 0 0 3 0 1 1 0 0 1 0 0 0 2 1 0 2 13 2 5 9 3 5 17 4 2 4 1 0 0 0 1 0 1 0 0 0 0 1 1 0 1 0 1 1 0 0 0 12 11 1 9 11 6 3 1 6 16 8 11 11 36 4 0 0 10 1 7 7 6 1 8 13 3 1 6 
0 3 0 0 0 1 0 0 1 1 2 0 0 0 0 0 2 0 0 0 0 0 1 0 0 0 0 0 0 0 0 2 1 0 2 0 0 0 0 2 1 0 1 1 2 2 4 2 0 5 11 3 4 3 4 2 0 2 0 2 0 0 0 0 2 2 1 0 0 1 3 1 3 2 10 22 0 9 19 17 5 1 2 34 22 20 16 28 8 0 0 5 1 7 2 4 1 9 8 2 0 2 
5 4 11 0 1 6 0 1 1 3 1 1 0 0 0 1 1 0 0 0 0 0 3 1 3 0 2 1 1 7 4 6 5 2 0 1 0 2 6 12 7 5 22 32 12 13 11 18 27 72 20 10 30 22 6 3 26 32 0 2 1 0 1 1 5 1 0 2 2 0 11 3 0 4 69 42 15 65 107 109 117 52 229 10 189 71 40 126 22 0 0 15 6 35 11 24 3 29 31 4 5 5 
0 2 2 0 1 3 1 1 1 0 0 1 0 0 0 1 0 0 0 0 0 0 0 0 0 0 0 1 0 0 1 1 1 0 1 0 0 2 1 3 1 0 9 16 11 6 8 7 10 25 6 2 6 3 7 0 14 13 0 3 1 2 2 1 5 5 1 0 0 0 4 0 1 3 5 10 2 20 42 34 45 13 26 49 9 22 17 55 21 0 0 13 9 12 10 14 2 17 10 2 2 0 
2 5 1 0 1 2 3 1 8 1 0 1 0 0 0 1 8 1 2 1 7 0 1 2 0 0 1 7 0 5 4 22 8 6 8 5 9 11 21 9 8 4 35 36 14 32 27 29 18 59 10 7 15 10 1 0 4 7 0 3 1 0 3 1 4 2 1 1 4 2 6 4 0 0 18 9 1 16 25 18 25 13 27 43 40 10 7 59 32 0 0 25 11 18 20 32 1 24 14 4 3 11 
1 0 2 0 2 0 2 0 1 2 0 0 0 0 1 1 3 1 0 3 1 0 0 2 1 0 0 2 0 7 3 8 3 3 3 3 5 3 15 7 9 0 12 17 3 20 14 17 15 43 2 3 5 1 2 0 1 5 0 2 1 0 0 2 1 0 0 1 1 1 1 0 1 0 10 4 0 11 21 11 27 8 7 22 25 9 5 28 32 0 0 24 8 25 27 18 0 15 13 1 0 3 
8 10 6 0 4 8 9 3 5 6 1 6 4 1 2 7 10 9 2 5 2 2 4 3 6 0 3 13 3 31 16 19 45 13 22 22 18 29 73 18 26 14 91 108 69 159 127 121 182 639 33 23 37 12 6 0 8 12 0 7 4 1 0 6 5 3 1 5 2 8 6 12 1 4 36 31 5 45 46 36 38 26 44 98 69 122 68 19 61 0 0 95 46 106 51 94 10 64 39 13 6 37 
2 5 0 0 2 1 3 1 4 1 0 0 1 1 2 0 4 1 2 0 2 0 1 3 1 2 0 5 0 7 6 4 6 3 2 3 8 10 10 9 4 5 10 29 9 14 13 11 19 47 0 3 4 5 2 1 2 4 0 1 0 0 0 2 1 3 0 1 0 0 1 0 0 1 6 12 2 7 16 8 11 7 9 14 13 13 11 21 2 0 0 12 9 11 6 26 5 15 13 2 1 7 
0 0 0 0 0 0 0 0 0 0 0 0 0 0 0 0 0 0 0 0 0 0 0 0 0 0 0 0 0 0 0 0 0 0 0 0 0 0 0 0 0 0 0 0 0 0 0 0 0 0 0 0 0 0 0 0 0 0 0 0 0 0 0 0 0 0 0 0 0 0 0 0 0 0 1 0 0 0 0 0 0 0 0 0 0 0 0 0 0 0 0 0 0 0 0 0 0 0 1 0 0 0 
0 0 0 0 0 0 0 0 0 0 0 0 0 0 0 0 0 0 0 0 0 0 0 0 0 0 0 0 0 0 0 0 0 0 0 0 0 0 0 0 0 0 0 0 0 0 0 0 0 0 0 0 0 0 0 0 0 0 0 0 0 0 0 0 0 0 0 0 0 0 0 0 0 0 0 0 0 0 0 0 0 0 0 0 0 0 0 0 0 0 0 0 0 0 0 1 0 0 0 0 0 0 
4 5 9 1 3 11 10 7 14 7 3 7 16 5 3 11 16 8 4 1 1 1 2 2 2 0 1 10 0 55 13 38 30 47 30 24 62 64 109 60 45 15 54 163 92 135 88 92 124 329 18 8 19 27 3 0 19 14 0 14 1 2 3 8 8 5 3 2 1 3 5 8 2 4 17 14 0 9 34 44 54 18 38 92 91 107 97 281 140 0 0 8 67 134 48 322 31 174 105 12 11 45 
0 0 0 0 0 0 2 1 4 0 1 0 1 1 1 0 2 0 0 0 0 0 0 1 0 0 0 1 0 3 4 4 1 1 2 2 5 9 12 1 3 3 11 25 17 10 8 13 8 30 3 0 0 0 0 2 1 2 0 1 0 0 0 0 0 0 0 0 0 0 2 0 0 0 2 3 0 1 9 9 6 9 3 13 8 13 20 43 16 0 0 27 1 6 6 34 0 13 7 2 6 5 
0 1 1 0 1 2 1 1 0 0 0 0 3 0 2 1 3 0 0 0 0 0 0 0 0 0 0 0 1 8 5 6 5 0 4 2 11 3 12 7 3 6 11 25 18 13 13 18 18 57 1 2 3 4 0 1 3 0 0 0 1 0 0 0 0 3 1 0 0 0 0 0 2 0 10 4 1 10 9 13 24 5 10 18 16 14 18 57 16 0 0 35 5 4 6 28 7 7 14 8 2 9 
1 1 1 0 0 0 1 2 1 1 0 0 2 0 0 1 0 2 0 0 0 0 0 1 0 0 0 1 0 5 1 6 1 0 2 0 5 6 9 3 2 1 5 13 11 8 10 22 18 47 0 2 0 1 2 0 1 8 0 0 0 0 1 0 0 0 0 0 0 0 0 0 0 0 6 2 0 4 8 7 6 5 11 9 5 19 15 55 11 0 0 14 7 3 8 13 3 17 10 2 6 14 
1 4 3 0 0 1 0 2 1 1 0 0 0 0 0 3 0 0 0 2 2 0 0 0 0 0 0 1 0 4 7 2 4 2 4 9 10 4 9 13 4 3 18 25 20 15 14 8 16 29 1 2 5 5 0 1 0 1 0 0 0 0 0 0 1 1 0 0 0 0 1 0 0 1 5 0 0 6 6 3 12 5 5 26 10 8 14 95 17 0 0 40 14 14 8 3 0 38 6 6 3 18 
0 0 0 0 0 0 0 0 0 0 0 0 0 0 0 0 0 0 0 0 0 0 0 0 0 0 0 0 0 0 0 0 0 1 0 1 0 0 2 0 0 0 0 0 3 2 3 1 0 6 0 0 1 0 0 0 0 0 0 0 1 0 0 0 0 0 0 0 0 0 0 0 0 0 1 2 0 1 0 0 4 1 2 0 0 3 2 14 2 0 0 4 2 2 1 2 1 0 0 0 0 1 
1 0 3 1 0 1 1 0 0 0 1 0 0 0 0 0 0 0 0 0 0 0 0 0 0 0 0 0 0 3 1 3 2 1 5 0 5 1 6 0 1 0 9 5 4 12 9 10 19 30 2 3 6 2 1 0 3 1 0 0 0 0 0 0 0 1 0 0 0 0 1 0 0 0 7 2 1 5 1 7 11 2 5 9 10 4 3 59 10 0 0 12 2 4 3 10 0 4 2 1 3 7 
6 2 5 0 1 2 1 1 1 0 0 1 3 0 0 0 0 0 0 0 0 1 0 1 0 0 0 0 0 6 1 3 0 2 1 0 4 8 20 7 5 1 11 8 14 9 8 8 14 56 1 1 8 0 1 0 0 2 0 0 0 0 0 3 0 2 0 0 0 0 0 0 0 0 4 3 1 9 14 8 4 6 13 22 16 9 3 57 19 0 0 15 6 6 5 6 2 4 1 4 3 7 
1 0 0 0 0 1 0 0 0 0 1 0 0 1 0 0 1 0 0 0 0 0 0 0 0 0 0 0 0 2 0 0 0 0 0 1 0 1 0 1 0 0 1 2 3 3 2 1 1 4 0 0 1 0 0 0 0 2 0 0 1 0 0 0 0 0 0 0 0 1 0 0 0 0 0 0 0 1 1 0 0 0 1 3 1 2 0 11 0 0 0 2 0 0 1 1 0 0 0 0 0 1 
0 0 0 0 0 0 0 0 0 0 0 0 0 0 0 0 1 1 0 0 0 0 0 0 0 0 0 0 0 1 0 1 2 0 0 0 1 1 4 0 1 1 3 3 0 3 1 0 0 3 0 1 2 0 0 0 0 1 0 0 0 0 0 0 1 1 0 0 0 0 0 0 0 0 1 0 0 0 2 1 0 2 1 7 3 7 2 11 5 0 0 6 0 6 1 3 0 2 2 0 1 2 
7 17 16 0 1 11 6 8 3 10 1 14 7 4 2 5 10 4 2 2 1 1 2 2 0 2 0 18 1 57 7 32 36 18 18 30 38 62 53 52 29 11 93 77 58 91 72 58 64 260 33 11 24 9 5 2 18 11 0 8 4 0 2 8 4 7 5 1 0 0 8 3 1 4 21 23 4 11 35 24 25 12 33 64 34 48 33 249 91 0 0 61 27 61 66 119 8 73 39 4 5 11 
