6 8 18 4 8 21 32 19 20 20 11 34 33 76 44 54 28 8 19 14 9 9 0 16 7 3 0 28 68 3 0 2 18 3 2 2 6 4 46 17 17 4 8 11 6 10 6 3 12 50 8 3 10 4 2 2 1 3 0 0 0 0 0 3 5 5 5 4 3 2 2 1 1 2 1 1 2 3 18 1 2 0 1 4 1 4 1 19 4 0 0 2 2 2 0 3 0 0 0 0 0 16 
10 9 24 5 9 25 31 19 19 25 10 29 54 104 37 92 42 24 20 13 7 3 5 17 16 0 2 29 138 2 1 6 14 2 8 2 8 6 42 12 16 0 5 10 9 8 11 3 3 53 7 6 10 2 0 1 9 6 0 0 0 2 2 6 7 11 3 5 2 3 0 1 7 0 1 2 0 2 24 1 3 4 1 7 1 3 2 9 2 0 0 9 1 2 5 5 0 0 0 1 0 8 
28 19 9 7 13 22 29 18 25 18 10 26 31 70 52 50 28 30 21 10 7 11 6 25 9 0 2 16 143 1 0 2 12 3 1 2 9 8 35 12 10 2 13 7 11 13 12 1 5 38 9 2 12 3 3 1 5 4 0 1 3 1 0 4 4 13 3 4 0 0 2 2 0 2 1 0 0 0 31 1 2 1 3 3 1 3 1 6 0 0 0 16 8 0 2 1 2 2 1 0 0 7 
5 6 25 1 3 5 6 4 8 1 1 6 5 12 3 13 6 5 1 0 1 3 1 4 2 0 0 11 27 0 0 0 3 1 1 0 1 1 1 4 2 0 0 1 1 0 0 2 1 8 1 0 2 0 1 0 0 0 0 0 0 2 0 1 1 1 0 0 0 0 0 0 1 1 2 0 0 0 3 0 0 0 0 2 0 0 0 1 1 0 0 0 0 0 0 0 0 0 1 0 0 0 
10 9 9 4 3 13 9 8 4 8 5 7 10 29 12 20 13 3 3 1 8 3 3 7 1 0 0 5 28 2 0 0 1 0 0 2 0 5 10 8 8 0 3 4 1 2 2 1 1 19 3 1 4 2 0 0 1 1 0 0 0 2 0 1 1 3 0 0 0 2 0 0 2 4 2 1 0 0 8 0 1 1 0 0 0 0 0 3 0 0 0 4 0 0 1 2 0 0 1 1 0 1 
21 24 35 11 8 9 14 11 19 24 8 24 35 92 30 55 31 18 19 5 11 9 2 14 6 2 0 13 81 4 0 1 6 1 4 4 5 7 30 17 6 2 15 6 6 7 6 5 1 25 1 5 4 1 2 0 4 2 0 1 3 4 2 1 4 3 1 2 0 3 3 5 0 0 2 2 0 1 17 2 0 0 0 5 0 2 0 6 2 0 0 4 0 2 0 0 0 0 1 0 0 6 
36 60 41 19 10 18 7 30 53 40 18 17 45 61 27 64 30 25 22 12 6 11 2 21 4 1 0 8 60 7 3 3 10 1 1 2 2 0 33 19 9 0 7 5 7 4 5 2 2 22 8 1 5 14 0 1 2 7 0 1 2 4 1 3 11 9 1 3 1 0 1 1 3 2 2 3 0 1 15 0 0 0 0 3 0 3 2 4 0 0 0 6 1 2 2 1 0 0 2 0 0 6 
16 35 34 4 4 12 16 6 8 20 16 26 52 80 46 68 32 18 15 8 9 9 8 7 5 1 0 11 47 3 2 6 6 2 1 3 0 4 37 18 5 0 8 6 8 10 2 2 4 28 2 8 1 5 2 0 4 4 0 2 2 2 0 5 5 9 0 3 2 0 2 2 0 5 1 2 0 3 17 0 0 1 1 4 3 6 3 4 1 0 0 11 1 1 2 2 0 0 0 0 1 2 
16 26 34 6 10 16 40 28 11 9 13 34 44 90 24 60 36 29 15 7 5 11 5 16 7 0 0 14 70 7 3 3 8 3 1 2 1 7 27 11 4 3 8 6 2 10 8 7 7 26 2 2 6 4 1 1 2 6 0 0 0 0 1 5 4 4 2 1 1 1 2 0 0 3 0 0 0 1 20 0 2 0 1 2 0 1 2 6 1 0 0 9 1 2 0 0 0 0 1 0 0 4 
14 14 18 4 5 15 11 5 7 4 6 13 14 48 16 46 20 19 10 1 2 7 8 20 14 1 0 15 32 2 1 2 6 2 1 1 2 0 11 8 4 3 5 2 2 10 5 2 3 16 11 8 9 2 3 0 1 5 0 5 2 3 0 0 3 4 2 2 2 2 2 3 3 2 3 0 1 0 15 2 2 2 0 2 0 0 0 5 0 0 0 2 0 1 1 0 0 0 0 0 0 2 
10 13 9 2 3 11 4 8 13 11 3 25 20 15 4 35 10 11 13 5 3 7 4 12 8 2 1 12 17 5 0 0 4 0 2 0 1 5 16 11 5 1 7 3 5 11 3 4 0 15 5 0 3 4 3 0 0 2 0 4 1 0 0 0 0 2 0 0 0 1 0 1 2 1 0 3 0 2 6 0 0 1 0 0 0 0 0 3 0 0 0 3 0 1 0 1 1 1 1 0 0 1 
32 33 30 4 10 21 26 27 21 23 9 7 15 44 26 32 33 15 14 11 15 22 10 36 12 8 0 33 82 9 6 5 5 1 1 0 1 3 21 18 2 1 6 3 6 9 4 2 4 36 5 4 7 3 0 0 1 2 0 3 0 2 2 1 1 3 1 0 0 0 6 3 3 2 3 0 1 1 12 1 0 0 0 2 0 3 1 8 1 0 0 3 0 5 2 1 1 1 4 0 0 3 
33 69 52 2 11 34 43 44 55 23 29 29 4 57 23 78 50 28 28 13 20 12 7 59 25 3 2 58 46 10 4 7 15 2 1 1 3 11 28 15 18 3 3 9 5 20 6 3 3 14 6 7 10 4 4 2 4 7 0 3 0 4 0 0 3 0 2 0 0 1 2 2 2 4 3 2 0 1 16 0 0 0 1 1 0 1 1 3 2 0 0 12 1 1 2 1 0 1 3 1 0 7 
60 93 65 4 11 42 43 42 65 30 13 44 39 9 8 68 82 59 51 31 56 45 24 86 44 4 5 144 57 6 2 2 6 0 6 0 4 9 8 11 8 1 6 7 9 11 10 4 4 31 8 6 12 10 1 3 12 6 0 5 0 3 0 2 0 1 0 0 0 0 0 1 1 3 10 3 1 0 27 0 1 0 0 0 0 0 0 4 1 0 0 5 0 1 1 4 1 3 1 1 0 1 
42 62 50 9 16 28 29 29 40 21 13 24 38 20 7 25 48 36 27 18 22 25 16 66 44 7 5 100 50 10 5 0 12 3 2 1 0 1 11 10 3 1 3 11 5 3 3 3 4 20 5 10 18 7 3 3 3 1 0 2 0 2 1 0 0 0 0 0 2 0 0 0 0 1 7 3 1 0 14 0 0 0 0 1 0 3 0 2 1 0 0 7 0 2 2 0 0 4 1 0 0 6 
24 59 27 6 17 31 38 58 43 29 12 38 53 31 23 19 48 40 50 27 57 30 32 87 37 6 11 79 55 20 6 21 34 9 12 8 41 3 20 21 28 2 16 11 15 19 17 1 5 67 9 5 8 2 3 2 7 8 0 0 0 3 3 1 5 5 0 0 1 0 0 0 0 2 11 4 0 4 25 3 0 0 1 2 0 4 2 10 3 0 0 13 5 0 2 2 0 1 0 0 1 9 
20 39 29 7 12 36 26 42 42 28 12 31 40 103 38 71 14 40 40 20 49 40 45 76 25 4 5 71 40 37 18 27 40 18 16 12 36 15 55 50 29 6 16 18 21 27 29 10 4 65 5 13 5 11 3 2 1 8 0 2 0 2 2 5 0 1 0 0 0 0 0 0 0 3 3 1 0 2 33 1 1 1 0 3 0 8 2 23 7 0 0 11 2 3 1 1 0 1 2 0 2 15 
21 23 9 1 7 14 22 17 20 21 10 26 64 100 28 84 40 10 41 13 30 12 16 45 13 4 4 66 34 16 9 11 25 9 16 13 15 11 43 16 22 3 13 9 18 33 8 10 12 59 3 8 9 2 1 2 4 7 0 0 0 1 0 2 2 0 0 0 0 0 2 1 0 0 2 1 0 1 13 2 2 0 0 1 0 3 2 10 7 0 0 6 0 2 0 0 0 2 0 0 0 3 
11 19 11 1 4 13 9 16 28 10 5 21 33 74 25 78 39 19 7 14 26 9 19 49 16 8 0 57 39 13 12 6 14 8 8 6 18 8 27 17 6 1 6 15 6 22 16 7 6 24 2 4 6 1 1 0 2 5 0 4 0 2 0 0 0 0 0 1 0 0 0 0 0 0 1 2 0 0 8 0 2 0 0 3 1 2 1 5 3 0 0 7 0 0 0 0 1 0 0 0 0 1 
10 15 10 1 6 8 12 6 6 14 7 15 18 53 22 46 39 15 15 10 4 10 13 45 11 10 7 63 15 4 2 6 4 3 5 1 12 4 28 8 7 0 9 2 7 7 7 1 1 18 5 1 6 1 1 2 2 3 0 1 0 0 0 0 0 0 0 0 0 0 0 0 0 0 2 0 0 1 5 4 1 1 1 0 0 0 0 3 2 0 0 3 0 0 0 0 0 0 0 0 0 1 
8 8 3 1 9 10 12 7 10 12 7 20 26 80 57 94 72 42 46 1 8 5 11 30 14 10 12 99 15 3 0 3 12 2 1 3 15 7 42 6 14 1 9 3 5 3 9 1 4 23 2 0 0 1 0 0 0 0 0 0 0 0 0 0 0 1 0 0 0 0 0 0 0 0 0 0 1 0 3 0 0 0 0 0 0 6 0 7 0 0 0 7 0 0 0 1 0 0 1 0 0 1 
3 16 11 4 4 9 11 19 13 12 11 14 18 63 23 67 41 14 34 5 9 8 9 39 6 9 13 64 35 3 5 0 3 2 2 0 10 8 31 3 7 4 4 4 8 8 6 2 2 21 0 0 5 1 1 2 1 3 0 2 0 0 0 1 0 0 0 0 0 0 0 0 0 0 2 0 0 0 5 0 0 0 0 1 0 1 1 5 1 0 0 0 0 0 0 0 0 0 0 0 0 0 
2 13 3 2 2 4 8 8 15 11 7 28 16 46 33 60 29 17 27 11 31 15 6 18 6 12 9 70 6 2 2 4 11 7 4 2 11 5 23 4 8 0 7 6 5 10 11 2 4 20 2 1 4 0 0 0 0 1 0 0 0 1 0 0 0 0 0 0 0 0 0 0 2 2 0 1 0 2 4 2 1 0 1 1 1 1 0 4 1 0 0 1 0 0 0 0 0 0 0 0 0 1 
10 17 10 2 5 15 11 13 22 27 9 32 56 111 39 107 93 36 50 20 23 13 11 8 8 33 38 97 18 6 7 7 32 8 12 8 25 20 55 17 10 2 6 5 11 22 10 5 6 107 8 6 5 4 5 1 1 5 0 1 3 0 0 1 0 1 0 0 0 0 0 0 0 1 3 4 1 1 17 0 0 0 0 0 0 4 2 19 2 0 0 7 0 0 0 2 0 0 0 0 0 2 
17 21 17 4 10 11 11 8 14 46 16 34 54 79 50 116 55 36 33 20 19 20 12 12 13 8 15 91 16 10 7 4 90 9 11 8 22 14 75 27 24 3 9 15 29 35 21 13 11 147 22 4 25 11 8 2 1 9 0 4 2 2 0 3 0 0 0 0 0 0 0 4 0 1 8 6 0 2 15 5 2 1 1 2 0 5 2 44 6 0 0 7 2 1 0 2 0 0 0 0 0 4 
0 0 1 0 1 0 0 2 4 1 1 1 3 7 3 8 14 9 9 2 15 18 7 23 5 3 1 15 0 1 0 2 1 0 0 0 4 2 0 1 1 0 0 1 2 1 2 0 2 1 0 0 0 0 0 0 0 0 0 0 0 1 0 0 0 0 0 0 0 0 0 0 0 0 0 0 0 0 0 0 0 0 0 0 0 1 0 1 0 0 0 1 0 0 0 0 0 0 0 0 0 0 
0 0 0 0 0 0 0 0 0 0 0 4 2 11 3 27 5 5 7 4 14 4 10 26 13 0 3 35 1 1 0 0 0 1 1 1 4 2 6 0 0 0 0 0 1 1 1 0 0 7 0 1 0 0 0 0 0 0 0 0 0 0 0 0 0 0 0 0 0 0 0 0 0 0 0 0 0 0 0 0 0 0 0 0 0 0 0 3 0 0 0 1 0 0 0 0 0 0 0 0 0 0 
28 19 21 4 8 19 5 7 22 26 13 43 52 126 85 165 84 36 61 40 65 59 50 98 44 7 35 7 14 2 2 5 33 5 14 5 34 17 78 22 29 3 9 15 21 21 23 5 9 78 10 7 21 3 1 1 2 6 0 1 0 2 1 2 2 0 0 0 0 0 0 0 0 0 4 2 0 1 13 3 0 1 0 4 0 1 3 25 7 0 0 15 1 0 0 3 1 1 2 0 0 7 
4 15 30 2 9 22 18 14 6 3 8 9 13 13 15 15 7 3 9 2 3 2 0 1 0 0 0 6 1 0 0 0 2 0 1 0 1 2 7 3 2 0 5 1 1 1 0 2 0 3 1 0 1 0 0 0 0 1 0 3 1 0 0 2 3 1 1 2 0 0 0 0 0 0 0 1 0 0 1 1 0 0 0 1 0 0 1 0 0 0 0 1 4 1 1 0 0 0 0 0 0 0 
0 4 4 0 2 4 6 3 3 2 3 6 8 7 5 22 38 29 10 11 7 2 1 9 5 3 0 3 9 20 101 95 260 51 145 140 401 151 269 109 60 4 46 35 40 69 42 15 29 203 7 2 10 3 3 1 3 6 0 10 5 13 2 17 10 37 7 9 2 3 2 12 3 1 5 3 2 6 29 2 2 6 1 4 1 20 6 47 8 0 0 59 3 4 11 4 0 1 8 1 1 28 
1 1 0 0 0 1 1 2 1 0 0 1 5 3 3 11 17 8 8 0 0 1 3 7 0 0 0 1 5 74 6 67 122 30 51 27 137 41 98 38 22 2 14 8 14 15 11 9 5 47 7 1 5 2 0 0 1 2 0 4 1 0 1 2 11 11 1 3 0 3 0 2 3 0 1 1 1 0 15 1 3 3 3 1 1 4 1 16 2 0 0 23 2 6 1 2 0 0 3 0 0 6 
0 1 0 0 0 3 2 4 0 1 1 4 5 2 5 14 25 15 13 6 1 3 1 0 4 0 0 5 8 129 51 11 124 32 67 64 282 109 214 77 53 11 41 37 51 65 27 13 23 132 3 4 8 2 0 2 6 5 0 5 5 6 2 3 10 22 1 0 2 10 5 1 1 2 4 2 0 2 19 1 2 3 2 1 2 5 10 32 13 0 0 27 9 10 2 2 0 4 2 0 0 9 
6 10 8 2 1 4 6 6 7 6 3 10 11 8 1 17 30 19 13 4 12 9 10 41 11 0 1 25 9 203 84 89 20 32 78 97 298 95 251 116 101 9 88 77 92 107 101 41 63 457 22 8 40 16 14 2 6 13 0 18 5 6 3 2 13 26 6 6 6 1 20 7 6 8 11 7 2 6 32 5 7 5 8 11 4 17 9 80 17 0 0 36 12 11 7 6 2 5 9 2 1 47 
1 8 1 0 1 3 3 2 2 2 0 2 3 0 1 8 11 5 4 3 1 1 2 3 1 0 1 6 4 63 23 31 54 6 26 16 74 31 131 39 26 7 24 31 32 39 42 11 9 71 8 6 13 5 2 2 6 9 0 2 2 8 2 5 6 17 3 10 3 9 4 17 8 9 2 7 0 4 14 1 1 1 1 2 1 7 4 10 0 0 0 27 3 8 3 4 1 0 0 0 1 10 
7 5 2 1 2 9 6 0 2 6 3 7 4 4 2 9 20 16 12 9 4 2 6 9 7 2 2 13 6 123 42 89 102 20 13 32 156 74 146 77 50 8 31 44 44 49 38 12 12 163 7 6 17 4 6 0 7 3 0 3 0 7 2 8 12 12 5 9 7 8 7 13 11 2 2 1 1 4 26 2 0 0 1 2 1 12 4 11 11 0 0 20 2 11 9 13 2 4 3 0 0 12 
5 2 4 1 0 2 2 0 1 3 0 2 1 6 2 7 8 15 3 2 6 6 2 8 9 0 0 12 3 133 65 63 132 14 35 11 155 56 119 71 37 5 26 25 27 38 23 15 23 126 3 1 8 3 3 1 2 0 0 1 0 6 2 9 9 9 1 2 1 4 7 10 5 3 2 1 0 0 6 1 1 0 0 1 0 4 2 16 6 0 0 25 7 8 5 5 0 2 8 0 0 17 
1 7 2 1 0 5 5 1 1 3 1 1 6 1 1 16 26 20 11 7 16 12 6 17 12 0 1 33 6 304 135 188 238 69 142 219 16 90 333 217 161 36 149 118 127 140 111 41 45 331 13 9 22 12 6 3 6 6 0 2 3 11 8 20 19 23 5 16 9 5 22 11 10 9 10 3 0 2 19 1 3 2 1 2 2 8 14 52 19 0 0 85 21 22 9 18 2 12 14 2 1 33 
6 4 8 2 0 10 7 8 5 4 4 9 12 14 2 4 21 19 8 1 4 6 2 23 6 2 1 23 16 115 45 113 96 33 51 55 132 16 146 172 102 15 77 77 91 77 61 39 24 255 3 3 9 3 1 0 3 3 0 2 1 6 4 12 4 3 3 1 0 2 6 1 2 9 2 2 0 0 12 1 1 0 0 1 1 18 3 41 23 0 0 79 12 14 22 13 0 14 6 1 0 30 
16 17 15 1 6 14 12 10 12 18 8 14 15 8 5 9 26 25 15 3 27 9 11 27 10 3 2 26 14 123 49 93 160 56 103 49 267 96 19 185 114 14 84 104 82 135 84 40 41 250 9 12 9 5 3 1 3 2 0 2 2 12 7 14 16 22 7 3 2 4 13 11 11 5 2 1 0 11 24 5 1 0 3 4 4 14 14 63 23 0 0 74 10 20 15 13 4 6 13 4 0 36 
16 17 14 3 5 13 13 16 15 8 2 6 16 16 8 20 20 24 10 7 11 2 3 20 14 0 1 17 25 113 23 66 130 42 90 68 360 166 468 20 38 18 57 124 71 143 74 32 32 237 5 7 10 1 2 1 3 5 0 0 3 8 3 10 8 11 0 4 1 3 1 3 4 6 9 8 1 3 19 4 0 1 2 8 8 11 4 26 7 0 0 43 7 9 1 14 1 2 2 0 2 27 
4 13 6 3 2 4 7 4 11 11 2 4 8 13 4 8 24 22 10 4 5 4 3 37 10 0 1 30 23 79 22 64 129 36 51 38 164 113 249 68 9 10 52 91 39 107 68 34 25 251 6 1 5 9 2 0 3 8 0 0 3 7 2 2 5 9 5 6 0 2 7 8 4 10 7 3 0 4 15 8 8 9 2 10 8 13 9 18 9 0 0 61 14 14 6 7 3 9 8 2 2 18 
1 5 1 0 0 3 1 2 4 0 2 0 1 2 0 2 4 1 3 2 0 0 2 1 0 0 0 3 2 3 1 10 15 7 11 6 50 9 26 14 10 1 14 34 15 24 15 4 5 25 1 0 1 1 0 0 1 0 0 0 0 0 1 3 2 0 2 0 0 0 1 1 2 0 0 1 0 1 1 1 1 0 2 5 0 4 7 5 4 0 0 13 5 6 1 1 1 2 1 0 0 11 
8 4 9 0 3 7 8 6 7 5 5 6 8 3 4 8 23 13 2 5 3 4 1 8 5 1 0 9 13 30 16 35 100 24 59 22 130 68 137 81 57 41 17 85 55 85 70 39 39 168 5 7 10 4 2 1 3 4 0 0 0 3 1 3 6 15 2 2 3 4 2 3 6 1 3 5 2 4 29 12 19 15 20 39 23 56 34 93 54 0 0 93 27 34 19 30 4 23 16 2 2 77 
9 8 14 0 2 8 14 8 6 13 2 4 7 4 8 14 27 11 7 5 6 1 1 19 4 0 0 24 20 56 28 39 82 23 60 23 134 102 219 111 66 21 68 18 128 242 104 61 64 370 9 6 18 4 4 2 6 14 0 7 1 6 0 10 3 9 0 3 2 2 3 8 5 6 25 11 2 11 59 20 38 28 16 91 28 110 49 89 66 0 0 185 31 38 43 79 15 44 35 4 7 125 
9 10 8 0 5 8 8 11 9 5 3 5 4 8 6 14 17 14 12 6 9 5 2 20 8 0 4 20 15 49 20 38 112 27 46 30 153 86 169 94 61 37 65 159 15 157 96 68 63 362 5 5 13 2 5 1 4 6 0 4 0 3 1 6 9 11 6 4 1 1 7 6 14 8 3 7 2 4 22 8 8 3 7 16 6 27 13 61 23 0 0 55 9 17 23 20 2 23 12 1 7 70 
16 12 12 1 5 5 7 9 10 12 5 8 8 9 1 12 30 21 13 7 6 2 9 22 7 0 0 23 25 52 18 43 125 18 58 45 173 84 202 116 94 19 68 194 123 23 164 140 126 504 6 3 14 6 1 0 3 4 0 0 1 5 0 9 7 13 2 5 6 1 3 6 9 5 13 9 1 15 33 17 7 12 8 42 16 56 28 95 31 0 0 108 18 41 25 25 4 34 28 7 8 117 
7 10 4 1 4 5 10 6 13 6 2 9 8 9 7 11 17 13 16 4 4 4 2 20 15 0 1 29 30 42 15 49 143 11 44 26 136 68 160 91 65 15 67 125 83 243 13 70 65 320 10 7 13 4 4 0 1 4 0 1 2 4 0 6 15 10 3 2 1 2 2 7 2 3 12 5 3 2 22 10 10 16 7 43 16 27 16 96 16 0 0 76 8 25 16 14 2 28 22 5 2 78 
2 2 2 0 0 4 2 1 4 3 1 6 6 6 5 1 9 6 2 2 2 1 2 11 3 0 1 11 5 23 3 19 79 14 15 13 50 32 67 38 50 10 29 74 72 204 97 6 59 278 4 2 9 0 0 3 1 2 0 1 1 2 0 2 4 4 2 4 0 0 2 1 3 3 7 3 0 0 17 6 4 7 3 8 9 21 14 71 7 0 0 41 6 8 9 5 1 5 4 1 1 47 
4 6 1 0 2 3 0 4 5 2 2 5 5 5 1 2 12 10 7 4 3 0 0 10 3 1 1 6 9 16 5 19 128 17 30 18 81 27 59 49 35 11 53 108 54 166 126 61 11 332 2 2 7 1 1 0 2 5 0 1 0 1 0 2 4 7 0 1 2 0 3 1 1 0 3 2 0 3 12 4 4 13 10 17 7 16 13 116 4 0 0 80 26 8 15 12 4 6 16 2 1 60 
36 46 26 8 12 19 15 18 15 39 12 19 32 26 10 25 45 42 33 16 20 15 15 104 36 1 3 103 67 178 36 88 783 66 100 114 348 232 517 208 211 46 181 328 210 489 252 231 156 47 34 21 71 13 4 5 12 15 0 3 4 17 2 23 18 35 18 9 8 2 17 11 12 27 35 26 3 14 78 26 31 38 37 97 22 76 44 528 32 0 0 251 36 45 58 38 4 37 52 7 6 306 
5 14 9 4 3 11 8 5 1 8 2 6 8 9 8 20 15 1 6 0 1 1 4 19 8 0 0 11 7 4 2 12 45 9 9 5 20 0 27 11 5 0 7 11 9 23 8 3 7 58 3 6 43 12 12 5 10 20 0 32 13 4 1 14 5 25 6 8 1 15 5 6 9 17 12 4 1 8 118 13 10 1 4 47 6 8 2 54 3 0 0 11 2 3 8 2 1 6 8 0 0 27 
0 5 6 1 0 3 3 5 1 5 1 11 7 6 2 7 3 3 8 0 0 1 0 5 1 0 0 5 9 5 0 2 24 9 6 5 8 0 16 6 5 0 1 9 3 14 5 1 1 32 4 2 29 14 6 1 9 15 0 8 6 2 3 2 4 12 5 7 4 5 4 8 5 1 0 1 0 1 72 2 6 1 2 11 1 9 3 24 2 0 0 10 5 2 2 0 0 0 1 1 1 12 
3 4 4 2 1 6 4 6 2 5 1 7 12 17 8 14 17 9 7 1 4 2 1 13 4 0 0 9 7 14 5 8 63 6 9 2 13 6 59 8 11 3 6 15 18 26 17 6 3 64 17 12 8 20 14 1 7 22 0 25 13 9 8 15 20 21 5 11 1 7 9 11 9 15 3 6 0 11 116 9 7 1 10 23 4 13 10 48 12 0 0 15 0 4 7 2 1 3 3 2 0 19 
4 3 5 1 4 5 2 4 3 6 1 4 5 14 5 9 5 4 4 0 1 1 0 2 2 0 0 2 4 6 2 5 25 10 3 8 8 0 9 6 1 0 3 9 5 4 6 2 3 22 17 16 27 3 1 3 12 26 0 21 4 0 9 11 8 14 6 11 6 3 2 5 6 7 4 3 1 3 74 4 6 2 6 11 7 9 0 16 6 0 0 13 1 2 1 0 0 3 3 0 0 12 
1 0 0 0 2 0 1 1 0 5 1 2 1 6 3 5 6 1 1 1 0 1 0 1 1 0 0 4 4 5 0 1 9 1 5 0 3 0 3 0 0 0 8 2 0 4 3 1 2 7 7 11 14 8 0 1 4 8 0 11 3 1 0 3 11 8 4 2 2 1 1 2 1 8 4 2 0 1 43 3 1 0 5 6 0 1 1 10 0 0 0 20 2 3 2 0 0 1 0 1 0 2 
0 1 2 0 2 1 0 1 0 0 1 0 4 8 0 0 3 1 1 2 3 0 0 1 0 1 0 2 1 0 2 2 6 0 3 0 6 0 0 1 1 0 0 6 1 3 0 0 2 9 4 4 3 2 1 1 5 3 0 4 4 5 2 5 4 5 1 5 5 0 5 0 3 1 0 3 1 1 36 2 3 0 1 8 3 5 1 13 3 0 0 3 0 0 2 0 0 1 1 0 0 4 
3 1 0 0 0 4 8 1 2 3 0 3 4 9 5 5 9 2 0 1 1 2 1 1 1 0 0 3 7 2 2 4 18 6 6 3 5 1 11 3 0 0 4 10 2 7 2 4 3 14 19 10 24 19 6 9 5 15 0 8 5 5 1 8 12 12 4 8 0 9 4 10 6 3 2 11 0 5 48 10 4 2 1 16 7 5 2 18 4 0 0 5 3 6 2 4 1 1 1 0 0 5 
0 3 4 0 1 5 6 6 7 9 3 3 1 21 2 8 16 4 6 1 3 2 2 6 4 0 0 3 12 7 2 6 20 5 9 2 3 2 15 3 4 1 3 12 1 5 6 0 4 15 15 9 16 13 6 4 7 6 0 23 9 9 4 13 11 19 5 10 1 3 9 3 5 6 13 12 2 14 77 12 3 0 4 33 9 9 4 10 3 0 0 13 0 7 1 1 1 0 2 0 1 5 
0 0 0 0 0 0 0 0 0 0 0 0 0 0 0 0 0 0 0 0 0 0 0 0 0 0 0 0 0 0 0 0 0 0 0 0 0 0 0 0 0 0 0 0 0 0 0 0 0 0 0 0 0 0 0 0 0 0 0 0 0 0 0 0 0 0 0 0 0 0 0 0 0 0 0 0 0 0 0 0 0 0 0 0 0 0 0 0 0 0 0 0 0 0 0 0 0 0 0 0 0 0 
4 5 10 3 0 7 6 4 1 5 6 6 10 22 10 29 27 7 13 2 3 5 2 20 7 0 0 16 24 10 5 6 9 6 3 1 3 0 10 7 7 1 12 14 7 6 3 3 1 24 24 16 28 15 9 8 14 12 0 2 4 8 4 7 16 27 8 12 7 8 15 8 14 18 9 4 3 7 36 1 5 2 2 8 6 6 4 14 0 0 0 14 3 0 1 0 0 2 0 0 0 5 
1 1 5 0 0 2 0 1 1 2 0 1 2 6 0 2 1 0 2 0 0 0 1 0 0 0 0 2 2 3 0 2 3 2 1 0 3 0 8 2 1 0 4 4 3 1 3 0 0 3 10 3 1 6 4 2 3 10 0 4 0 4 1 2 5 14 1 3 1 4 1 3 12 8 2 3 0 2 18 2 0 1 2 5 3 3 3 11 0 0 0 5 5 3 1 0 0 0 0 0 0 1 
3 3 2 1 1 4 1 1 2 5 2 5 6 9 4 3 6 3 1 0 0 0 0 1 0 0 1 2 2 7 3 11 8 20 14 6 19 8 27 11 11 3 10 7 8 8 6 7 3 33 7 6 6 1 0 4 5 7 0 6 3 4 2 17 34 26 7 14 2 17 7 6 5 3 5 3 1 5 23 5 1 2 2 4 0 2 4 14 3 0 0 12 0 3 4 3 0 2 0 0 0 2 
4 1 0 0 1 0 0 1 1 0 0 0 2 0 0 3 0 0 0 0 0 0 0 1 0 0 0 0 2 2 1 0 2 4 2 1 10 3 2 2 2 0 4 2 0 2 0 1 0 3 1 0 2 5 1 0 3 10 0 7 5 0 1 1 7 10 2 1 3 2 2 3 1 8 1 5 0 1 6 1 1 0 0 0 0 0 1 2 0 0 0 0 0 0 0 0 0 0 0 1 0 1 
1 2 4 2 0 4 2 1 4 2 0 0 0 1 0 1 0 3 0 0 3 0 0 1 1 0 0 4 4 11 0 9 8 0 8 5 22 6 23 17 13 0 4 7 8 13 5 3 1 21 8 8 14 13 3 2 2 9 0 13 5 9 2 3 7 19 5 3 7 7 6 15 5 8 8 3 0 1 29 3 1 0 0 1 0 3 2 4 0 0 0 6 1 1 2 0 0 1 0 1 0 1 
2 3 8 3 1 4 1 7 2 6 0 5 1 1 0 3 1 1 0 0 0 0 0 1 2 0 0 0 13 31 13 10 32 10 13 8 30 13 32 10 17 2 6 14 15 11 4 3 6 26 19 15 11 5 1 2 18 18 0 11 5 18 4 8 9 30 14 18 9 34 32 37 25 20 6 2 2 1 53 6 4 2 4 7 2 9 4 7 6 0 0 3 0 3 4 0 0 0 0 0 0 1 
9 20 16 0 4 6 8 8 8 4 6 3 4 2 1 1 0 0 0 0 0 0 0 2 2 0 0 1 10 63 26 41 46 19 13 5 36 3 32 28 6 2 23 14 20 25 5 9 5 52 33 21 44 27 12 0 15 21 0 35 19 12 17 25 34 17 20 28 32 59 49 63 58 50 16 9 4 9 54 16 11 3 8 9 5 3 4 10 5 0 0 12 3 2 2 1 0 2 0 0 0 6 
1 2 4 1 2 1 5 1 2 2 1 2 1 0 0 0 0 1 0 0 0 0 0 0 0 0 0 0 12 11 2 9 8 10 4 4 14 8 14 0 6 1 3 5 5 3 3 3 4 15 1 4 16 8 0 1 5 3 0 14 8 3 3 13 12 8 2 9 8 22 28 22 22 12 2 0 0 1 8 4 1 0 3 2 0 6 3 5 2 0 0 1 0 0 0 0 0 0 1 0 0 3 
2 2 1 0 0 2 6 2 0 1 2 1 2 1 0 0 1 0 0 0 0 0 0 0 0 0 0 0 6 11 7 2 7 10 11 2 30 2 22 2 3 0 1 5 4 6 4 0 3 20 6 6 14 9 2 1 3 20 0 13 5 6 2 12 24 20 6 2 10 22 17 28 17 31 5 1 0 1 23 4 4 3 3 1 2 0 0 4 3 0 0 5 0 0 0 0 0 0 1 0 0 1 
1 0 0 0 0 2 0 2 1 1 0 0 0 0 0 0 0 0 0 0 0 0 0 0 0 0 0 2 3 6 3 5 7 6 4 5 10 3 16 3 1 0 2 2 2 5 0 0 0 4 2 7 4 6 0 0 4 4 0 4 3 0 2 5 8 25 3 7 1 20 27 22 4 6 2 4 2 0 9 1 1 1 0 2 1 0 0 3 0 0 0 1 0 0 0 0 0 0 1 0 1 0 
1 5 1 0 0 0 1 1 1 2 0 2 3 4 0 2 2 2 0 0 0 0 0 0 0 0 0 0 3 17 7 3 11 7 6 5 22 5 9 5 2 0 2 2 1 6 3 0 1 4 9 2 21 5 2 0 6 7 0 6 5 2 4 5 29 65 24 20 9 5 44 27 37 39 4 5 0 2 25 4 4 0 0 6 0 0 0 7 0 0 0 6 1 0 0 0 0 0 0 0 0 0 
0 2 2 0 0 1 1 0 0 2 0 2 0 3 0 0 2 0 0 0 0 0 0 0 0 0 0 0 5 5 6 2 16 8 11 7 31 10 26 2 2 3 3 7 2 4 4 4 4 19 8 1 7 6 0 4 4 2 0 13 6 4 3 15 16 39 6 21 13 12 5 31 23 16 0 4 0 3 25 1 4 2 2 6 0 1 1 4 1 0 0 5 0 0 0 1 0 0 0 0 0 3 
2 1 1 0 0 4 4 3 0 2 0 0 0 0 1 0 3 0 1 0 0 1 0 1 0 0 0 0 10 7 1 2 15 9 16 6 21 10 17 6 2 0 3 4 3 5 2 1 1 21 5 4 11 2 0 4 3 6 0 14 7 5 8 12 21 42 18 23 8 18 17 5 27 14 1 2 2 1 24 1 6 0 3 3 3 1 1 6 0 0 0 3 0 1 0 0 0 2 0 0 0 1 
2 4 2 0 2 12 6 2 3 3 2 7 10 1 0 10 3 1 0 0 0 0 0 0 0 1 0 0 3 8 8 12 12 12 21 11 22 21 35 10 3 3 5 14 11 12 2 4 2 25 11 6 10 5 2 9 7 9 0 16 9 6 9 20 33 51 24 27 9 44 38 30 3 24 5 8 0 2 39 1 4 5 13 6 0 5 2 6 0 0 0 2 1 1 0 1 1 3 1 0 0 3 
7 2 2 0 0 2 1 3 1 6 4 6 3 3 3 0 3 0 0 0 0 0 0 1 0 0 0 0 2 1 4 5 3 13 5 5 7 5 17 2 5 0 1 9 6 4 2 1 1 14 18 3 13 5 4 2 7 6 0 22 4 4 0 12 18 54 9 24 12 35 18 26 22 7 3 3 0 3 25 1 3 3 4 8 3 6 1 10 1 0 0 3 0 2 2 0 2 2 0 0 0 6 
3 0 2 1 1 0 0 1 3 5 6 0 6 14 7 8 4 5 1 0 0 4 1 3 0 0 0 3 4 5 2 2 10 1 7 4 6 2 18 4 6 0 8 10 12 15 7 2 5 36 4 6 5 3 0 1 2 10 0 10 4 2 1 12 4 5 1 4 0 2 1 1 4 7 5 4 2 11 135 21 10 7 14 48 11 23 5 59 7 0 0 27 4 8 7 0 1 1 4 0 2 18 
3 4 0 0 3 3 0 0 1 4 2 3 4 10 0 1 5 3 0 0 1 1 0 4 3 0 0 6 5 3 1 5 16 3 6 1 9 7 11 3 2 1 5 9 8 5 8 0 3 28 10 0 4 4 7 0 3 20 0 4 1 0 1 4 2 5 8 4 2 4 1 0 1 2 4 2 8 13 124 28 14 13 9 62 18 17 11 44 7 0 0 21 5 10 9 1 1 6 5 4 2 16 
0 0 0 0 0 3 4 2 4 0 1 4 0 0 2 2 2 1 2 0 0 0 1 0 2 0 0 1 0 3 0 1 3 1 7 1 7 0 1 1 3 0 1 3 3 2 6 0 0 7 1 0 6 2 1 0 0 5 0 2 1 0 0 3 5 11 2 0 0 1 2 1 0 1 3 3 0 9 46 9 6 8 9 20 9 9 0 9 2 0 0 10 0 5 2 5 0 2 0 0 0 4 
0 2 3 0 2 1 0 3 0 4 3 0 0 3 1 5 0 1 4 1 0 0 0 0 3 0 0 2 2 1 2 2 11 3 2 1 2 0 10 2 11 0 8 12 4 13 12 3 1 24 4 8 8 4 6 3 5 19 0 2 3 0 3 1 8 6 1 0 3 2 3 4 0 0 13 18 4 0 78 22 13 6 9 40 10 11 4 28 6 0 0 21 4 3 1 5 0 3 4 1 1 11 
7 10 12 2 7 4 5 3 7 6 2 4 11 29 10 21 20 5 6 4 0 0 1 22 9 2 3 17 25 16 8 12 46 15 11 3 12 8 32 21 15 0 15 45 14 32 21 10 13 73 62 39 77 41 27 25 32 103 0 29 14 8 11 19 12 43 6 20 6 10 12 18 14 29 87 99 40 49 27 47 54 9 28 145 44 21 20 93 12 0 0 52 9 14 21 4 1 9 5 0 7 30 
2 4 4 0 4 0 1 1 0 1 0 5 3 4 1 6 4 4 3 3 0 0 0 1 1 0 0 2 2 8 2 0 10 4 6 1 3 1 7 3 9 3 13 33 5 13 14 2 1 27 6 2 22 11 1 6 9 15 0 2 0 3 1 4 8 16 2 2 2 2 2 0 0 4 13 25 8 29 121 9 17 11 16 93 39 36 5 41 24 0 0 21 7 20 6 9 0 5 1 1 2 28 
2 2 2 1 0 1 2 1 0 0 0 2 0 3 2 3 1 3 2 0 0 0 1 1 2 0 0 0 9 4 2 2 12 1 0 1 2 0 3 2 4 0 13 24 8 19 7 3 12 30 12 2 16 1 0 2 3 6 0 7 0 5 1 2 1 10 2 2 0 0 3 4 2 0 11 13 4 17 77 25 8 5 21 66 23 28 5 32 10 0 0 39 3 6 4 7 1 5 13 0 0 23 
0 4 1 0 1 1 1 2 0 3 0 1 0 1 0 3 0 0 0 0 1 1 0 3 2 0 0 1 3 5 0 2 14 2 2 2 1 0 8 4 9 0 7 19 13 14 6 6 13 40 3 4 5 5 1 1 1 11 0 4 0 0 1 2 5 6 2 1 1 0 0 4 0 1 17 10 4 8 31 18 12 1 13 43 11 21 3 46 6 0 0 13 9 12 13 5 0 7 9 1 1 12 
3 3 2 0 0 2 2 1 0 2 0 0 0 0 0 0 0 2 0 0 0 0 0 1 0 0 0 1 2 2 0 0 3 3 0 1 4 1 0 6 5 1 16 30 7 21 9 3 3 33 1 3 7 6 2 0 0 7 0 5 1 1 3 2 3 11 0 4 0 2 3 4 2 3 21 11 4 11 46 22 5 4 4 106 35 21 6 35 9 0 0 29 8 4 12 8 3 8 5 0 1 15 
4 8 5 0 1 4 0 6 5 2 1 1 0 2 0 3 2 1 1 1 0 1 2 4 1 0 0 1 1 8 3 5 22 3 1 2 5 10 22 14 16 3 50 68 22 42 35 16 19 81 18 15 29 25 7 10 13 26 0 8 3 4 2 0 1 6 1 3 0 3 8 6 3 5 51 44 8 54 227 97 64 35 130 9 96 68 35 117 37 0 0 95 13 14 22 25 4 21 23 3 3 62 
2 0 2 0 0 0 2 1 1 1 0 0 0 0 0 0 0 0 1 0 1 1 0 0 0 0 0 1 6 1 0 1 2 4 0 1 1 1 8 5 5 1 26 45 11 19 13 2 4 28 8 12 10 7 3 1 3 6 0 4 1 0 0 1 1 2 0 1 0 1 2 5 2 0 6 8 3 20 59 27 44 6 33 111 7 43 16 65 7 0 0 48 11 17 15 10 0 10 7 4 2 32 
3 4 5 1 2 8 0 1 3 7 1 2 1 1 1 3 10 4 1 1 1 2 1 15 1 0 0 11 3 13 2 14 25 10 16 4 29 18 48 11 18 10 65 109 39 78 48 22 14 119 10 4 16 5 1 2 13 9 0 8 4 7 1 7 5 9 0 2 0 3 5 6 3 8 29 22 3 9 47 25 21 22 22 102 38 7 36 44 63 0 0 94 32 38 25 24 9 52 31 5 6 46 
3 5 3 0 0 1 4 2 0 2 1 0 0 1 1 0 5 2 1 1 3 2 0 3 2 0 0 4 2 11 5 6 20 1 6 7 17 14 52 13 13 9 22 79 13 30 9 17 8 45 5 6 9 5 0 0 3 5 0 5 2 1 0 2 2 4 0 0 0 2 0 3 0 8 13 13 0 7 42 19 13 4 5 52 19 39 9 41 13 0 0 81 18 22 21 17 2 15 5 1 5 34 
9 26 17 3 1 2 9 8 4 12 6 7 4 8 6 5 17 15 9 8 13 2 3 49 11 3 2 36 21 63 28 28 254 24 18 13 98 63 209 29 26 9 96 163 63 178 99 67 59 546 23 6 41 12 3 6 7 25 0 15 7 7 1 3 7 10 1 8 4 2 5 11 10 20 36 33 8 42 112 35 34 45 29 109 57 75 43 33 26 0 0 237 17 53 68 76 10 41 53 8 8 303 
3 2 5 0 2 3 3 2 0 0 0 1 0 1 0 2 6 6 1 0 4 0 0 4 3 0 1 12 6 16 6 7 26 5 11 6 49 25 47 15 15 4 42 68 18 40 13 10 10 54 8 6 8 5 2 2 6 3 0 7 2 2 1 2 2 2 0 1 3 3 1 2 4 1 5 14 0 13 20 3 12 4 6 34 16 35 17 27 5 0 0 92 9 20 21 15 0 15 14 1 4 42 
0 0 0 0 0 0 0 0 0 0 0 0 0 0 0 0 0 0 0 0 0 0 0 0 0 0 0 0 0 0 0 0 0 0 0 0 0 0 0 0 0 0 0 0 0 0 0 0 0 0 0 0 0 0 0 0 0 0 0 0 0 0 0 0 0 0 0 0 0 0 0 0 0 0 0 0 0 0 0 0 0 0 0 0 0 0 0 0 0 0 0 0 0 0 0 0 0 0 0 0 0 0 
0 0 0 0 0 0 0 0 0 0 0 0 0 0 0 0 0 0 0 0 0 0 0 0 0 0 0 0 0 0 0 0 0 0 0 0 0 0 0 0 0 0 0 0 0 0 0 0 0 0 0 0 0 0 0 0 0 0 0 0 0 0 0 0 0 0 0 0 0 0 0 0 0 0 0 0 0 0 0 0 0 0 0 0 0 0 0 0 0 0 0 0 0 0 0 0 0 0 0 0 0 0 
0 4 7 0 3 3 4 6 4 2 4 4 12 9 2 3 7 8 7 1 2 2 0 5 2 0 0 11 5 16 9 14 35 17 37 20 68 51 108 33 27 3 42 128 51 59 33 37 23 141 4 4 11 9 3 3 7 14 0 9 1 12 0 5 8 8 2 0 0 1 0 2 3 2 5 4 2 2 38 16 14 17 16 60 29 54 38 84 53 0 0 11 35 38 24 43 11 23 27 6 2 55 
3 1 2 0 0 1 0 0 0 4 0 0 1 2 1 2 2 0 0 3 0 0 0 0 0 0 0 3 3 18 3 6 16 6 1 8 28 11 33 13 18 7 44 60 20 32 17 8 6 37 0 6 3 3 1 0 1 3 0 0 0 2 0 0 2 1 1 0 0 0 1 0 0 2 5 1 1 3 18 8 6 4 9 20 15 25 19 25 21 0 0 60 2 10 13 14 1 13 23 1 4 24 
4 0 0 0 0 3 0 0 4 4 2 3 1 1 1 1 3 0 0 0 0 0 0 0 0 0 0 1 2 11 2 6 14 5 13 6 30 7 27 13 10 5 23 58 23 39 24 13 7 51 6 4 11 6 0 0 4 4 0 7 1 2 1 0 1 0 0 0 0 0 0 0 0 0 5 6 1 5 21 20 4 15 16 34 19 30 16 46 15 0 0 63 14 9 3 10 4 15 14 0 1 41 
0 1 0 0 1 0 0 0 0 0 0 1 1 3 1 0 0 0 1 0 0 0 0 1 0 0 0 0 3 9 1 2 13 2 5 2 19 9 20 10 2 7 28 25 27 26 17 9 8 56 3 0 2 2 0 3 4 4 0 1 0 2 0 1 0 1 0 0 0 0 0 1 0 0 2 2 0 2 7 3 8 5 9 24 7 21 6 41 16 0 0 24 11 6 9 8 5 6 5 1 3 30 
2 4 0 0 0 0 3 1 1 0 0 2 3 1 0 1 1 1 0 0 0 0 0 2 0 0 0 1 5 10 1 7 18 5 16 5 32 9 34 6 10 7 37 95 25 53 18 4 11 60 4 1 5 2 0 2 3 3 0 0 1 1 0 0 1 1 0 0 0 0 0 1 0 1 1 3 0 4 12 3 4 10 5 32 7 16 12 61 13 0 0 83 10 13 7 6 1 13 5 1 3 64 
0 0 0 0 0 0 1 0 1 0 0 0 0 1 0 0 1 0 0 0 0 0 0 0 0 0 0 0 0 1 0 0 3 0 1 1 3 0 1 0 1 0 2 12 4 6 3 3 0 14 1 0 1 2 0 0 0 0 0 0 0 0 0 0 2 0 0 0 0 0 1 0 0 0 1 0 0 1 0 1 1 2 0 4 1 0 5 11 5 0 0 16 0 4 1 2 0 3 3 2 0 6 
0 1 0 1 0 0 0 0 0 0 2 1 0 1 0 1 1 0 0 0 0 0 0 1 0 0 0 2 0 3 0 0 8 2 2 2 14 9 27 2 3 3 19 48 18 24 21 6 9 57 4 3 7 3 0 0 2 1 0 2 0 1 0 1 0 0 1 0 0 0 2 1 0 0 8 0 0 8 20 1 12 10 8 25 9 26 13 33 10 0 0 61 11 5 7 34 0 3 5 1 2 46 
0 0 0 0 0 0 2 0 1 1 0 0 1 0 0 0 0 0 0 0 1 0 0 0 0 0 0 0 3 7 3 1 5 0 1 4 16 10 18 4 8 2 30 31 24 32 22 10 9 64 9 1 4 1 0 0 4 1 0 1 1 0 0 1 0 0 0 0 0 0 0 0 0 0 0 4 1 5 12 3 3 2 4 20 13 17 7 36 7 0 0 56 9 6 11 5 1 3 6 1 3 12 
0 0 0 1 0 0 2 0 0 0 0 0 0 1 0 0 2 0 0 0 0 0 0 0 1 0 0 0 0 4 1 0 2 0 1 0 7 1 7 2 1 1 11 18 11 5 13 0 1 17 1 0 4 1 0 0 0 0 0 0 0 0 0 0 0 0 0 0 0 0 0 0 0 1 2 1 0 0 6 1 0 0 2 4 0 3 1 19 1 0 0 16 1 1 1 0 0 6 1 0 1 9 
2 0 0 0 0 0 0 0 0 0 0 0 0 0 0 0 0 0 0 1 0 0 0 0 0 0 0 0 1 1 0 0 2 1 4 0 7 0 3 0 0 0 4 9 3 9 1 3 3 9 0 0 0 0 0 1 0 0 0 0 1 0 0 0 0 0 0 0 0 0 0 0 0 0 1 0 0 2 3 4 1 0 1 5 1 7 1 16 1 0 0 26 3 5 2 4 0 2 1 1 2 1 
1 6 6 2 2 4 6 1 3 1 0 0 6 5 3 0 5 1 1 2 1 1 2 4 2 0 0 5 7 17 12 4 32 5 16 12 39 27 88 20 22 2 82 68 46 69 53 23 32 168 5 2 13 4 1 1 3 4 0 5 0 2 0 4 1 0 0 3 0 2 1 2 2 3 23 6 1 6 28 7 6 17 5 40 12 38 22 164 31 0 0 91 22 25 34 30 1 25 24 4 1 7 
