2 4 4 1 5 10 3 4 6 5 0 6 4 3 10 7 5 2 4 4 1 2 1 0 2 0 0 3 0 1 0 1 1 1 1 0 2 2 2 0 1 0 0 2 1 1 0 0 2 1 1 0 1 0 0 0 0 2 0 0 1 0 0 0 3 3 2 2 0 0 0 0 0 0 0 0 0 2 4 0 0 0 0 0 0 0 0 0 0 0 0 0 0 1 0 0 0 0 2 0 0 0 
2 2 16 9 12 40 7 18 19 15 6 19 12 13 19 14 15 4 2 0 4 5 4 2 2 0 3 7 2 4 0 3 4 1 1 1 0 0 6 5 6 0 1 2 2 3 2 1 0 12 2 0 1 3 1 0 3 9 0 1 0 0 2 0 5 0 3 0 2 1 0 0 1 3 0 0 0 0 3 0 0 0 0 2 0 2 2 1 0 0 0 0 0 0 0 0 0 1 0 0 0 0 
10 4 1 10 4 19 3 5 5 11 8 7 13 8 9 7 6 3 6 0 13 6 1 4 3 0 0 0 1 0 0 0 1 0 3 1 0 0 0 0 1 0 3 4 1 1 0 5 2 2 3 0 2 1 0 0 0 4 0 0 0 0 0 0 2 2 0 3 1 0 0 0 0 0 0 1 0 0 5 1 0 0 2 0 2 0 0 3 0 0 0 2 0 0 0 0 0 0 0 0 0 0 
4 5 2 0 0 2 1 1 1 2 0 2 1 1 3 3 2 1 0 0 0 0 0 0 0 0 0 0 2 1 0 0 0 0 0 0 0 0 0 0 1 0 0 0 1 1 0 0 0 2 0 0 0 0 0 0 0 0 0 0 1 0 0 0 0 0 0 0 0 0 0 0 0 0 0 0 0 0 0 0 0 0 0 0 0 0 0 0 0 0 0 0 0 0 0 0 0 0 0 0 0 0 
3 5 7 1 0 2 5 1 2 1 2 5 5 5 3 7 3 1 4 0 0 1 0 2 1 0 0 0 0 2 0 0 0 1 0 0 0 0 1 0 1 0 0 1 0 1 0 0 0 2 0 0 0 0 0 0 0 2 0 1 0 0 0 0 3 1 0 0 0 0 0 0 0 1 0 2 0 0 0 0 0 0 0 0 0 5 0 1 0 0 0 0 0 0 0 0 0 0 0 0 0 0 
9 19 21 6 1 2 2 6 12 6 7 19 7 17 16 15 7 3 3 3 8 3 3 1 1 0 0 3 4 1 1 0 0 0 0 0 0 1 6 6 1 0 0 0 2 0 0 0 1 5 3 3 0 1 1 0 0 2 0 1 0 3 0 2 9 0 2 1 1 1 2 0 0 0 0 0 0 0 4 5 0 0 2 8 0 1 1 1 1 0 0 0 0 0 4 2 0 0 0 0 0 0 
8 17 12 11 1 1 8 5 8 6 1 10 12 9 9 12 16 7 6 0 5 5 3 2 4 0 1 0 0 0 2 0 0 0 1 0 0 3 5 2 1 1 3 0 1 3 1 1 4 6 0 0 2 0 1 0 1 5 0 2 2 0 0 1 3 3 2 1 1 0 1 0 0 0 0 1 1 0 6 1 5 1 1 1 0 4 1 3 0 0 0 0 2 0 0 2 0 1 1 0 0 0 
12 6 27 10 7 12 7 1 4 2 6 19 18 9 18 18 12 10 7 5 6 6 2 1 0 0 1 11 0 2 1 2 1 1 1 0 0 1 6 7 1 0 8 5 4 6 1 0 1 5 2 0 2 1 1 0 1 4 0 0 0 0 0 1 4 1 1 0 0 1 2 0 0 0 3 2 0 1 2 0 0 1 1 6 0 1 1 5 0 0 0 0 0 0 0 0 0 0 0 0 0 0 
31 40 37 11 7 23 14 0 5 0 2 14 26 11 17 15 9 5 4 12 3 4 3 9 0 3 0 7 1 3 1 1 2 2 0 1 0 2 10 5 1 0 0 7 0 4 1 9 3 7 2 0 2 0 0 0 0 4 0 0 1 0 0 1 0 1 2 1 0 1 0 0 0 1 1 0 0 2 0 0 0 1 0 2 1 2 1 0 0 0 0 0 2 0 0 0 0 0 0 0 0 0 
6 15 8 1 5 5 19 4 3 1 1 6 11 14 10 14 8 6 7 3 0 3 3 4 1 0 0 0 0 0 0 0 1 0 1 0 0 0 3 2 0 0 0 0 2 1 1 3 4 1 0 2 1 4 2 0 2 4 0 1 0 1 0 0 0 3 0 1 2 4 0 3 0 0 2 0 0 2 8 0 0 2 2 4 0 0 1 1 1 0 0 1 0 0 0 1 0 0 0 0 0 0 
4 5 10 0 0 2 2 2 2 1 1 1 5 5 1 8 7 6 4 7 0 0 2 5 1 0 0 1 0 1 1 0 0 1 0 0 0 0 0 2 1 0 0 3 2 1 0 2 1 2 1 0 1 1 1 1 0 2 0 0 0 0 0 0 1 0 0 0 0 0 0 1 0 0 0 1 2 0 0 0 0 0 1 0 0 5 0 1 0 0 0 0 0 0 0 0 0 0 0 0 0 0 
11 15 21 3 7 37 19 29 21 6 10 5 7 15 14 24 14 12 8 6 2 31 15 13 3 0 0 13 3 2 1 7 1 1 0 0 0 2 9 10 3 2 4 0 1 5 3 2 6 7 4 0 2 2 0 1 1 3 0 1 0 0 1 3 3 5 1 1 0 0 2 1 1 2 1 3 0 1 4 0 1 0 0 0 1 0 2 2 2 0 0 0 0 1 1 1 0 1 0 0 1 0 
8 26 23 6 13 69 29 53 48 33 25 22 2 14 23 29 18 17 11 13 20 19 12 16 9 5 2 15 2 7 0 2 3 0 2 0 6 1 11 7 7 1 5 2 2 4 2 6 2 5 9 3 8 3 1 2 5 2 0 8 2 1 0 3 2 2 0 1 0 0 0 3 1 0 2 1 0 2 3 1 1 0 0 0 0 0 0 6 1 0 0 1 2 1 1 1 0 0 1 0 0 0 
29 62 78 11 11 123 48 81 54 60 25 30 47 5 4 28 76 44 29 36 48 53 44 69 24 8 15 60 9 2 0 2 0 0 2 1 0 0 2 8 2 0 1 0 2 5 3 2 5 5 6 3 3 2 1 2 14 24 0 10 1 0 0 0 2 1 0 1 0 0 1 0 0 0 8 6 1 5 20 3 2 0 2 0 0 3 0 1 0 0 0 0 0 1 0 0 1 1 0 0 0 0 
8 13 28 2 11 35 13 34 13 22 8 19 16 3 0 6 16 18 15 8 17 17 25 20 10 3 8 18 0 5 1 1 4 0 0 0 0 2 2 13 2 1 3 1 3 0 3 2 0 3 0 0 2 0 3 0 3 4 0 1 0 0 0 0 0 0 0 0 0 0 1 0 0 0 1 1 0 0 8 2 0 0 0 0 0 0 0 1 0 0 0 1 1 0 0 0 0 0 2 0 0 0 
48 99 69 18 28 114 73 104 73 81 50 112 91 58 20 13 104 122 82 102 112 101 105 140 53 7 19 171 3 47 13 33 34 16 18 20 5 3 7 51 17 3 16 18 17 9 23 15 13 48 13 4 11 14 6 2 12 42 0 9 2 0 0 4 2 5 0 3 0 0 6 7 3 3 6 5 0 6 32 0 2 0 0 0 1 2 3 19 4 0 0 5 7 9 2 8 1 7 5 0 2 3 
8 22 8 0 3 28 14 17 12 16 7 12 21 12 17 21 6 13 11 18 33 25 28 32 23 2 12 30 0 28 6 8 4 3 4 7 2 4 9 10 11 1 7 7 4 4 7 7 8 24 4 1 3 2 2 0 2 4 0 2 0 0 1 0 0 1 2 0 0 0 0 0 2 0 0 3 0 1 4 2 0 0 0 0 0 6 0 4 0 0 0 1 0 1 0 1 0 1 1 1 0 0 
11 15 8 1 2 19 9 21 12 22 3 16 12 12 11 36 15 1 6 10 16 12 18 38 12 2 3 17 1 12 4 8 4 1 5 2 0 2 5 14 9 1 2 2 11 8 6 3 8 18 2 1 3 1 3 0 3 1 0 0 0 0 0 0 1 0 0 0 0 0 0 0 1 0 1 1 0 0 10 0 0 0 0 0 1 3 4 11 4 0 0 2 0 0 1 0 0 3 2 0 0 1 
4 14 8 2 1 17 9 10 7 11 10 16 23 18 15 27 44 18 4 35 18 21 26 58 18 6 7 35 0 4 4 7 6 5 3 4 1 8 13 7 4 1 1 5 4 5 2 3 2 12 1 1 1 2 1 2 3 6 0 0 0 0 0 2 1 0 0 0 0 0 0 0 0 0 0 0 0 1 3 1 0 0 0 0 0 0 0 6 0 0 0 1 1 0 0 0 0 1 1 0 0 0 
1 4 3 1 2 9 5 7 9 5 4 6 9 7 6 12 12 2 4 3 3 4 5 7 23 2 8 31 0 8 0 1 0 1 0 1 0 5 2 3 1 0 1 1 2 2 0 0 1 1 1 0 0 0 1 1 5 0 0 1 0 0 0 0 0 0 0 0 0 0 0 0 0 0 1 2 0 0 3 0 1 0 0 0 0 0 0 4 1 0 0 0 0 0 0 0 0 0 0 0 0 0 
7 3 4 0 1 7 3 3 4 4 6 11 14 10 29 26 38 11 13 5 3 2 65 33 8 14 27 41 0 1 4 4 0 0 0 4 1 3 10 7 3 2 0 4 2 19 4 3 1 7 0 2 0 0 0 0 0 3 0 2 1 0 0 0 0 1 0 0 0 0 0 0 0 0 1 0 0 0 6 0 0 0 0 0 0 34 1 0 1 0 0 1 0 0 1 0 0 0 1 0 0 0 
3 5 1 0 0 3 2 6 5 3 2 2 5 8 4 8 10 5 1 4 1 1 8 9 6 5 3 29 0 2 7 0 0 2 3 0 2 2 3 4 1 0 0 0 0 0 0 1 0 1 0 0 0 0 0 0 0 0 0 1 0 0 0 0 1 0 0 0 0 0 0 0 0 0 0 0 0 0 5 0 0 0 0 0 0 0 0 2 0 0 0 0 0 0 0 0 0 0 0 0 0 0 
1 1 1 0 0 1 2 0 1 5 1 2 0 1 2 10 4 4 2 3 2 6 1 3 1 4 2 19 0 1 0 1 2 1 0 2 1 0 1 4 0 1 0 0 1 3 0 1 0 2 0 1 0 1 0 0 1 1 0 0 0 0 0 0 1 0 0 0 0 0 0 0 0 0 0 0 0 0 1 0 0 0 0 0 0 0 2 3 0 0 0 0 0 0 0 0 0 0 0 0 0 0 
2 7 0 1 0 3 3 4 5 1 1 8 1 2 14 20 9 12 9 9 6 7 9 2 3 15 20 50 0 4 0 1 2 2 1 1 1 5 4 3 7 0 0 0 1 1 0 1 0 2 0 0 0 0 1 0 0 1 0 0 0 0 0 0 1 0 0 1 0 0 0 0 0 0 0 1 2 0 3 0 0 0 0 0 0 2 0 0 0 0 0 1 0 0 0 0 0 0 0 0 0 0 
0 0 1 0 0 1 3 1 7 4 0 2 1 4 4 5 11 5 0 3 3 3 0 6 2 0 1 16 1 0 0 1 2 0 2 0 0 0 2 0 0 0 0 0 2 0 1 0 0 0 0 0 0 0 0 0 0 2 0 0 0 0 0 0 0 0 0 0 0 0 0 0 0 0 0 0 0 1 1 0 0 0 0 0 0 1 0 2 0 0 0 0 0 1 0 1 0 0 0 0 0 0 
0 0 0 0 0 2 0 0 0 0 0 0 0 0 0 0 0 0 0 0 3 5 0 4 1 0 0 2 0 0 0 0 1 0 0 0 0 0 0 0 0 0 0 0 0 0 0 0 0 0 0 0 0 0 0 0 0 0 0 0 0 0 0 0 0 0 0 0 0 0 0 0 0 0 0 0 0 0 0 0 0 0 0 0 0 0 0 0 1 0 0 0 0 0 0 0 0 0 0 0 0 0 
0 0 0 0 0 0 0 0 0 1 0 1 0 0 0 0 0 0 2 0 2 1 3 6 1 0 0 2 0 0 0 0 0 0 0 0 0 0 0 0 0 0 0 0 0 0 0 0 0 0 0 0 0 0 0 0 0 0 0 0 0 0 0 0 0 0 0 0 0 0 0 0 0 0 0 0 0 0 0 0 0 0 0 0 0 0 0 0 0 0 0 1 0 0 0 0 0 0 0 0 0 0 
1 3 1 0 4 2 0 4 1 5 3 6 6 4 18 13 10 4 15 16 8 18 12 11 8 2 5 0 0 2 0 0 4 0 1 3 1 1 7 2 1 0 1 5 1 0 0 1 2 6 5 2 0 0 0 1 0 0 0 0 0 0 0 0 0 0 0 0 0 0 1 0 0 0 1 0 0 0 1 0 0 0 0 0 0 0 0 1 2 0 0 1 0 3 0 1 0 1 1 0 0 0 
87 188 368 46 57 159 79 58 34 36 24 41 50 22 24 24 26 31 24 10 5 8 5 3 2 1 0 9 2 10 1 5 7 4 5 4 0 3 6 4 4 5 6 1 4 8 3 1 2 13 2 0 4 0 0 2 7 8 0 2 4 0 0 2 12 9 1 3 2 0 8 2 2 1 1 2 0 1 12 0 6 7 0 2 0 2 3 0 0 0 0 0 0 1 0 5 2 0 0 0 0 0 
0 7 0 1 2 10 2 0 2 6 1 5 2 1 0 2 7 2 2 8 4 3 5 6 1 0 0 4 0 8 41 84 57 27 21 48 65 34 57 52 22 3 6 12 4 6 5 10 10 38 4 3 5 1 1 1 2 9 0 2 2 1 7 7 22 10 5 11 1 5 6 5 1 0 0 1 0 3 14 5 2 1 1 0 0 4 4 20 7 0 0 0 2 5 0 4 4 2 5 1 1 0 
1 0 0 0 1 0 1 1 1 0 1 0 1 0 0 0 9 4 0 2 0 0 0 3 2 0 0 1 0 69 4 46 28 13 14 9 11 10 14 30 8 2 7 10 8 15 5 3 2 23 1 1 1 0 1 0 1 2 0 2 0 1 1 1 5 3 0 2 3 4 4 1 2 0 1 1 0 0 3 1 1 0 0 0 0 2 6 6 1 0 0 2 0 3 4 3 0 1 1 0 2 0 
1 1 0 0 0 0 1 1 1 1 0 1 3 1 0 2 6 10 2 0 1 3 3 9 0 0 1 2 0 48 18 8 22 9 25 24 23 40 31 32 17 3 11 7 12 16 9 7 19 23 1 3 1 4 3 0 2 7 0 3 0 0 2 11 12 4 5 4 0 4 3 1 0 2 1 1 2 1 7 2 3 1 2 1 0 8 0 19 7 0 0 4 8 1 0 7 0 3 4 0 0 2 
8 17 11 0 3 9 1 5 7 0 4 11 12 4 0 22 28 15 10 5 10 6 6 10 8 0 0 17 0 154 50 63 10 20 61 70 73 65 101 125 56 12 38 39 51 86 50 35 55 278 17 14 26 26 11 5 10 25 0 2 5 0 1 11 10 15 5 15 10 11 10 8 6 5 15 4 0 12 20 1 6 1 1 6 2 18 9 57 22 0 0 20 5 17 8 16 2 5 8 1 4 4 
0 5 1 0 1 5 1 0 2 0 0 1 0 1 1 2 7 11 3 1 0 2 3 1 1 0 2 2 0 59 24 31 11 1 18 16 26 20 24 36 17 3 8 12 13 10 7 6 14 26 0 3 3 3 0 1 4 8 0 5 0 0 0 1 1 5 3 5 0 3 9 2 4 4 2 1 1 2 7 2 0 0 0 0 0 3 4 9 4 0 0 9 3 3 1 3 2 1 4 0 1 0 
3 3 7 0 1 5 8 5 1 5 1 1 1 1 1 8 14 17 2 5 2 4 6 5 1 0 2 14 0 100 61 70 23 17 4 8 18 36 40 90 27 6 28 25 26 34 16 21 21 76 9 15 2 6 4 1 7 8 0 6 0 0 2 8 2 11 2 6 1 2 12 23 6 0 4 3 0 4 13 2 1 0 3 1 0 12 2 23 18 0 0 4 5 10 6 11 2 7 5 2 2 5 
1 2 5 0 0 0 1 3 4 1 0 2 1 0 1 4 5 1 2 3 3 2 5 2 1 0 0 7 0 79 20 31 19 12 6 2 20 22 37 28 11 5 12 8 7 21 13 4 2 34 2 0 5 3 1 0 2 3 0 0 0 0 0 8 7 4 2 3 0 2 8 10 1 1 0 0 0 0 3 0 0 0 0 0 2 3 1 16 2 0 0 7 1 5 1 5 0 2 3 0 0 1 
2 1 2 0 0 4 1 0 0 4 0 2 6 2 0 17 25 8 6 5 8 7 8 17 0 0 0 11 0 256 91 191 40 55 42 58 11 91 167 247 105 30 48 45 68 71 56 39 39 142 5 4 3 4 0 0 4 1 0 6 0 1 2 26 24 17 10 13 1 9 23 16 5 9 3 8 0 2 9 2 0 0 3 4 2 13 10 49 37 0 0 24 13 12 27 29 2 17 11 7 2 7 
3 5 5 3 4 23 5 3 15 7 4 15 14 5 8 1 16 4 5 7 1 14 9 4 5 1 2 13 1 134 63 159 48 42 36 78 23 5 31 179 70 16 46 33 46 60 43 29 36 115 2 5 5 4 0 0 1 3 0 0 0 0 12 12 22 13 4 11 0 1 18 14 10 9 1 1 0 3 3 3 0 1 3 7 4 9 10 30 31 0 0 12 15 10 10 20 5 3 6 2 1 2 
32 56 27 10 13 63 55 60 73 34 40 77 94 13 6 10 112 61 36 52 63 74 83 71 41 11 21 98 1 316 146 360 189 166 140 239 166 88 26 605 240 40 91 136 127 170 108 116 141 382 17 20 24 12 7 2 20 31 0 5 7 1 7 42 67 57 13 31 23 10 50 39 9 28 17 5 2 13 31 14 6 1 18 12 4 45 45 163 48 0 0 43 26 41 28 79 11 35 30 8 15 9 
3 5 7 0 3 12 5 18 9 6 4 17 16 5 7 20 16 10 5 11 14 5 8 8 4 1 1 16 0 67 30 44 35 32 42 23 37 64 124 4 9 11 18 25 21 51 31 46 58 105 4 2 1 4 0 1 5 4 0 2 2 0 2 7 7 13 5 2 2 0 3 4 2 0 1 0 0 7 15 5 1 5 5 7 10 4 4 14 9 0 0 11 6 8 7 20 1 5 3 1 1 5 
4 8 2 0 0 1 3 6 6 0 3 4 3 3 1 5 4 4 3 4 3 1 1 1 2 0 1 5 0 29 8 28 21 12 15 6 17 39 46 11 2 7 7 10 14 24 11 41 17 64 3 2 3 1 0 0 4 2 0 0 0 0 0 4 7 5 0 2 0 3 5 1 0 0 1 2 1 4 3 3 0 0 2 7 6 1 3 15 5 0 0 1 0 1 2 5 1 1 2 0 2 4 
0 0 0 0 0 0 4 0 0 0 0 0 0 0 0 0 2 0 1 1 0 0 0 2 1 0 0 0 0 4 5 3 3 4 1 1 3 6 7 5 2 0 1 6 5 1 8 3 6 8 0 0 0 0 0 0 0 0 0 0 0 0 0 0 0 2 0 0 0 0 0 0 0 0 0 0 0 0 7 0 5 2 0 3 3 1 4 5 3 0 0 0 1 2 2 5 0 1 3 0 0 1 
0 14 5 0 1 11 8 8 7 0 2 9 12 2 6 10 13 16 3 8 5 7 5 3 0 2 0 2 0 40 8 40 26 17 14 23 33 48 41 71 37 9 5 11 18 44 30 45 62 86 4 1 4 1 0 3 2 6 0 3 2 0 1 3 10 6 1 10 3 1 7 4 0 0 7 6 1 3 12 18 19 7 19 41 36 53 36 54 43 0 0 15 18 38 20 50 15 27 28 3 3 10 
1 3 5 1 0 7 11 6 2 9 3 8 6 1 4 9 14 15 8 4 3 2 10 21 7 1 7 12 0 24 14 43 23 15 10 16 15 61 86 66 34 12 23 8 61 80 48 81 95 157 7 4 4 2 3 1 7 13 0 3 2 2 3 3 4 8 0 3 1 2 3 1 0 0 12 8 1 15 41 11 21 9 17 30 27 91 50 98 46 0 0 37 29 39 22 67 5 48 26 8 7 11 
3 5 3 0 2 1 0 3 9 2 2 3 2 1 2 8 4 8 6 0 3 2 3 8 3 0 2 4 2 17 7 21 6 9 13 4 28 31 26 27 14 6 20 15 0 36 33 55 80 93 1 5 5 0 2 4 2 6 0 0 2 0 1 2 7 4 0 2 2 0 3 0 1 1 7 2 2 4 9 1 15 3 5 15 11 12 9 40 13 0 0 14 6 11 8 16 1 22 7 1 1 2 
3 8 7 4 2 7 5 12 10 6 3 10 19 5 6 16 36 22 8 12 7 8 8 16 4 1 1 7 1 52 13 49 32 27 23 42 68 62 81 145 74 30 55 81 65 11 71 254 278 403 11 8 6 5 0 2 3 7 0 1 0 1 4 5 10 8 3 6 3 2 9 3 2 3 2 7 0 14 22 8 18 10 19 28 22 54 69 138 30 0 0 26 20 39 35 46 4 64 43 9 3 16 
1 5 2 1 0 1 2 4 1 2 2 4 1 6 1 5 11 7 5 2 2 4 4 3 1 0 0 3 0 26 5 16 25 13 11 15 14 20 31 33 27 9 12 20 19 25 6 51 82 89 2 1 4 1 0 1 1 6 0 0 0 0 0 7 2 3 0 2 1 2 0 2 0 0 0 1 1 4 4 4 6 1 3 7 3 13 15 78 12 0 0 10 3 4 7 16 2 11 6 8 0 6 
2 1 3 0 2 0 1 4 2 2 0 1 3 0 0 4 13 2 1 2 2 2 4 1 0 0 0 9 0 8 2 7 10 7 3 5 12 18 31 19 26 6 12 21 36 57 20 3 77 150 0 1 3 1 0 0 4 3 0 0 0 0 1 3 1 0 3 0 1 0 1 0 0 0 0 0 0 0 7 2 2 4 3 5 3 14 11 54 11 0 0 13 2 14 7 13 1 13 7 1 4 11 
2 4 4 0 0 3 1 1 3 2 2 2 2 0 0 0 2 0 3 1 0 2 0 0 2 0 0 6 0 3 6 8 9 8 4 6 7 26 19 18 10 10 10 13 11 27 32 30 0 69 2 3 2 0 3 1 0 1 0 0 0 0 0 0 1 0 0 0 0 0 0 2 0 0 2 2 2 2 3 1 0 1 7 2 3 9 4 60 6 0 0 9 0 17 5 6 1 6 5 1 0 2 
14 18 13 4 9 25 15 14 14 15 6 16 16 8 19 19 46 24 15 16 8 11 13 29 9 1 1 21 2 112 31 106 147 40 57 62 126 152 171 194 155 26 87 135 138 317 215 584 787 29 9 7 12 7 3 2 8 16 0 2 1 3 2 19 22 20 6 12 4 4 16 9 3 3 15 15 3 20 46 36 28 15 35 34 32 49 53 402 70 0 0 44 27 94 37 84 10 88 69 6 6 21 
0 0 0 0 0 3 1 1 1 3 0 2 3 1 1 2 1 0 2 0 0 0 0 1 1 0 0 0 0 2 0 0 1 10 3 0 0 1 0 0 0 0 3 4 1 0 1 1 1 2 0 5 8 6 6 0 8 4 0 2 0 0 0 3 2 4 0 2 2 0 5 1 0 5 1 3 0 7 18 0 1 2 9 1 4 3 2 15 1 0 0 0 2 0 3 6 0 0 0 0 0 1 
2 1 1 0 1 1 0 0 2 3 0 0 0 2 0 0 0 1 1 2 0 0 0 0 1 0 0 0 0 2 1 0 2 8 0 1 0 0 0 1 0 0 0 2 0 2 1 2 1 1 2 2 9 20 1 2 4 4 0 6 1 0 0 3 3 3 0 3 2 2 2 2 3 3 4 3 0 2 26 2 7 1 2 4 6 3 4 20 0 0 0 1 1 1 0 0 0 0 0 0 0 0 
0 2 2 0 0 1 4 4 3 1 0 4 5 1 5 3 0 3 1 2 1 0 0 0 2 0 0 3 0 6 4 3 2 10 0 3 0 2 2 3 0 0 3 0 1 1 3 1 1 6 82 37 4 32 20 8 19 25 0 9 2 0 0 9 3 7 3 7 2 4 1 6 0 2 5 5 2 2 36 10 9 1 8 8 3 3 4 22 3 0 0 0 0 2 1 2 1 0 1 1 1 1 
1 1 0 0 0 2 2 0 0 1 1 2 2 0 4 2 3 4 1 0 0 1 0 2 0 0 0 0 0 0 0 0 1 2 0 0 0 0 0 1 0 0 1 3 1 0 3 1 0 0 7 5 7 1 4 1 6 11 0 2 0 2 0 3 2 3 0 6 0 2 2 2 0 0 2 1 0 10 12 2 1 1 7 8 3 2 0 7 0 0 0 0 0 0 0 0 0 0 1 0 0 0 
0 0 2 0 1 1 1 3 1 1 0 1 1 1 1 2 0 1 0 0 0 0 0 0 0 0 0 0 0 0 0 4 2 0 0 0 0 0 0 0 0 0 1 0 0 0 1 0 0 1 1 1 2 1 0 1 4 1 0 3 1 0 0 1 2 1 1 0 1 0 0 1 3 0 0 2 0 1 7 2 3 0 11 0 1 1 0 2 0 0 0 1 0 0 0 0 0 1 0 1 0 0 
0 0 0 1 0 0 0 0 0 0 0 1 0 0 0 1 2 0 0 1 0 0 0 0 0 0 0 0 0 1 1 0 0 0 2 0 0 0 0 0 0 0 0 0 0 0 0 0 0 0 4 1 1 0 1 0 2 0 0 5 0 3 0 0 1 0 0 1 1 0 0 0 0 3 1 0 0 0 3 1 1 0 0 0 1 2 0 2 0 0 0 1 0 1 0 1 0 0 0 0 0 0 
1 2 1 0 0 3 5 3 0 5 0 0 2 2 2 3 4 0 0 1 0 1 0 0 0 0 0 1 0 4 3 0 1 0 2 2 1 0 0 1 0 0 0 3 0 1 5 0 0 0 18 6 6 1 4 1 0 0 0 2 3 0 5 9 4 3 1 1 2 5 3 2 0 2 2 11 4 6 9 0 3 2 2 7 4 2 0 2 3 0 0 0 0 1 0 0 0 0 0 0 0 0 
0 1 6 3 1 9 0 6 7 2 4 9 10 1 5 2 5 1 3 0 0 0 0 1 0 0 0 0 0 9 2 3 2 2 2 2 0 0 0 4 0 1 3 1 3 0 1 4 1 3 15 5 20 13 12 8 3 0 0 2 0 2 0 4 6 3 1 3 3 1 2 10 2 0 9 12 4 13 24 11 8 4 21 15 8 7 2 9 0 0 0 4 0 1 1 0 0 0 7 1 0 0 
0 0 0 0 0 0 0 0 0 0 0 0 0 0 0 0 0 0 0 0 0 0 0 0 0 0 0 0 0 0 0 0 0 0 0 0 0 0 0 0 0 0 0 0 0 0 0 0 0 0 0 0 0 0 0 0 0 0 0 0 0 0 0 0 0 0 0 0 0 0 0 0 0 0 0 0 0 0 0 0 0 0 0 0 0 0 0 0 0 0 0 0 0 0 0 0 0 0 0 0 0 0 
12 14 7 1 0 13 5 0 2 0 4 1 5 13 7 6 7 4 8 2 3 8 2 2 2 0 0 7 0 3 2 8 6 2 1 0 0 2 2 5 0 0 1 0 0 1 1 0 2 5 9 8 12 21 6 4 5 28 0 7 1 1 1 9 7 12 8 4 0 0 7 7 2 3 4 3 1 5 20 6 6 2 14 6 12 5 3 11 2 0 0 0 0 2 1 0 0 0 0 0 0 0 
0 4 2 0 0 0 0 0 0 0 0 1 0 0 0 1 2 0 0 0 0 0 0 0 0 0 0 1 0 0 0 0 0 0 0 0 0 1 2 3 0 0 1 0 0 1 0 0 0 3 5 4 2 2 1 0 2 4 0 0 0 0 0 1 1 0 4 2 0 2 0 3 1 1 3 0 0 0 2 1 0 0 0 0 0 2 0 7 1 0 0 0 0 0 0 0 1 0 0 0 0 0 
0 5 1 1 0 1 2 0 0 3 2 0 0 1 1 0 0 0 0 0 0 0 0 0 0 0 0 0 0 13 0 5 0 5 12 1 0 5 0 16 0 0 1 1 3 1 1 3 3 6 3 1 6 8 0 1 7 7 0 7 8 9 0 8 10 6 2 1 0 4 3 4 1 1 2 0 0 10 3 3 6 1 0 3 1 4 1 4 0 0 0 0 2 1 1 4 0 0 0 0 1 0 
0 0 0 0 0 0 0 1 1 0 2 1 0 0 0 0 0 0 0 0 0 0 0 0 0 0 0 0 0 0 5 4 2 0 0 0 0 0 0 3 2 0 1 0 0 0 0 0 0 2 2 0 0 0 1 0 4 3 0 3 1 0 1 5 1 10 2 2 0 2 4 1 0 0 0 3 0 1 6 1 4 0 0 1 0 0 0 2 0 0 0 1 1 0 0 1 0 0 0 0 0 0 
2 5 2 0 2 8 1 2 0 0 0 1 0 8 1 1 2 0 1 0 1 0 2 8 0 0 0 1 0 16 8 7 2 2 4 4 6 2 14 8 8 2 1 3 6 6 4 6 11 9 8 13 6 11 2 1 7 10 0 15 6 0 2 6 7 11 9 4 5 9 26 34 9 11 1 3 1 6 22 2 3 5 1 0 5 3 2 9 0 0 0 2 1 1 0 3 0 1 2 0 0 0 
0 2 0 0 1 6 1 1 0 6 1 0 0 0 0 0 0 0 0 0 0 0 0 0 0 0 1 0 0 11 7 3 5 2 2 2 0 3 9 4 2 0 0 1 4 2 3 1 2 4 5 3 2 4 1 0 4 7 0 7 0 1 4 3 3 17 2 9 2 3 8 17 6 9 1 0 1 9 11 7 1 0 0 1 1 0 1 3 1 0 0 1 0 0 2 1 2 0 0 1 0 0 
0 3 0 0 0 3 2 6 0 0 0 1 1 0 0 0 0 0 0 0 0 0 0 0 0 0 0 0 0 14 1 5 5 5 0 6 1 0 2 9 2 1 2 2 5 1 1 2 2 10 5 9 3 7 1 3 4 9 0 6 4 1 16 4 3 8 1 8 8 5 18 21 11 18 0 0 1 1 18 1 5 1 3 1 1 2 2 4 0 0 0 0 0 0 0 2 0 0 1 0 0 0 
1 0 0 0 0 0 0 2 0 1 0 0 0 0 0 0 0 0 0 0 0 0 0 0 0 0 0 0 0 5 2 2 1 2 0 2 0 2 1 2 1 0 1 0 1 0 1 0 0 0 1 2 3 6 4 0 2 3 0 4 2 0 2 1 2 2 4 4 2 1 9 7 6 4 0 0 0 0 6 1 1 1 0 0 0 0 0 2 1 0 0 0 0 0 0 0 0 0 0 0 0 0 
0 0 1 0 0 3 3 4 1 2 0 1 0 0 0 1 0 0 0 0 0 0 1 0 0 0 0 0 0 2 3 1 4 3 0 1 3 0 3 1 1 0 2 3 4 2 0 4 1 5 1 3 5 0 2 0 2 4 0 3 2 0 2 1 4 6 3 2 4 6 25 18 4 9 1 1 0 1 4 1 3 0 1 0 2 1 0 0 0 0 0 1 0 0 0 0 0 0 0 0 0 0 
0 1 0 0 1 1 1 1 0 0 0 0 0 0 0 0 2 0 0 0 0 0 0 0 0 0 0 0 0 3 3 5 4 1 3 2 2 2 5 0 0 0 0 0 0 1 0 0 0 1 2 0 0 0 1 0 2 6 0 2 1 0 2 2 13 12 5 2 0 2 12 5 2 5 0 1 0 0 3 0 1 0 1 0 0 1 0 0 0 0 0 0 0 0 0 0 0 0 0 0 0 0 
0 0 0 0 0 0 0 2 0 0 0 1 0 0 0 0 0 0 0 0 0 0 0 0 0 0 0 0 1 4 4 3 0 0 0 0 1 1 1 0 2 0 1 1 0 0 0 1 0 2 8 1 3 2 3 1 0 2 0 8 2 1 1 2 6 23 5 9 0 0 18 11 13 5 3 0 0 0 4 0 0 0 0 1 0 0 1 1 0 0 0 0 0 0 0 0 0 0 0 0 0 0 
0 0 0 0 0 0 1 0 1 2 0 3 0 0 1 0 0 0 0 0 0 0 0 0 0 0 0 0 0 1 0 0 3 3 3 1 2 1 7 4 1 0 4 1 0 4 1 1 0 2 2 1 1 1 1 0 0 1 0 1 0 0 1 4 7 9 2 14 3 5 2 3 0 3 0 0 0 2 3 5 1 0 1 1 0 0 0 1 0 0 0 1 1 0 0 0 0 0 0 0 0 0 
0 0 1 0 0 0 1 7 0 0 1 1 0 1 0 2 0 0 0 0 0 0 0 0 1 0 0 0 0 10 5 4 4 19 4 3 2 8 4 5 8 0 14 6 3 1 2 5 1 7 1 3 2 1 1 2 2 3 0 0 7 0 2 10 12 23 15 15 10 39 73 5 34 28 0 2 0 3 12 0 1 0 1 4 2 0 2 2 0 0 0 0 0 0 0 1 0 0 0 0 0 0 
0 1 0 0 0 1 2 0 2 0 0 0 0 0 0 0 0 0 1 0 0 0 0 0 0 0 0 0 0 0 1 0 0 4 0 0 0 1 2 1 4 0 1 0 4 1 1 0 0 1 0 0 1 0 0 0 1 2 0 2 0 0 1 8 6 10 4 5 1 2 4 3 2 4 0 0 0 0 8 0 0 0 1 1 0 0 0 0 0 0 0 0 0 1 0 0 1 0 0 0 0 1 
0 0 0 0 0 0 1 0 1 0 0 1 0 0 0 0 0 0 0 0 0 0 0 1 0 0 0 0 0 0 0 1 1 4 1 1 4 0 1 0 0 0 1 1 1 0 0 0 0 3 7 1 3 2 0 1 2 3 0 6 1 1 1 1 11 8 1 10 3 13 5 7 3 0 1 4 0 0 17 1 0 0 0 0 0 0 0 0 0 0 0 0 0 0 0 0 0 0 0 0 0 0 
0 0 0 0 0 1 0 0 0 0 0 0 0 0 0 1 0 1 0 1 0 0 0 0 0 0 0 0 0 1 1 1 0 2 0 0 0 0 0 0 0 0 1 0 0 2 1 0 0 7 1 1 0 0 0 0 3 0 0 1 0 0 0 2 0 0 0 0 0 1 0 0 0 0 1 7 1 1 5 2 1 0 2 6 3 4 0 17 2 0 0 0 0 1 0 0 0 1 0 0 0 0 
0 0 0 0 0 0 0 0 0 2 2 3 1 0 4 3 1 0 0 0 0 0 0 0 1 0 0 0 0 1 0 1 0 0 1 0 0 0 1 1 0 0 7 1 0 1 0 3 0 5 4 4 0 1 1 1 1 3 0 0 0 0 0 5 0 1 0 1 1 2 0 0 0 0 7 0 1 11 15 13 4 4 5 5 1 5 1 14 1 0 0 3 0 1 0 0 0 0 0 1 1 1 
1 0 0 0 0 0 0 1 0 0 0 0 0 0 0 0 0 0 0 0 0 0 0 0 0 0 0 0 0 0 0 0 1 0 0 0 0 0 0 0 0 0 1 0 0 0 0 0 0 0 0 0 1 0 0 0 2 0 0 1 0 0 0 0 0 2 0 0 0 0 2 0 0 0 1 2 1 2 6 1 2 0 6 4 1 4 1 2 0 0 0 0 0 0 0 0 0 0 1 0 0 0 
0 0 0 0 0 1 1 1 0 0 0 0 1 0 0 4 1 0 0 0 0 0 1 1 1 0 0 0 0 1 0 3 0 2 0 0 0 0 1 1 1 0 1 2 2 3 1 0 0 3 3 4 2 2 1 6 1 3 0 0 1 2 0 1 3 1 0 2 1 0 1 2 0 0 7 13 7 1 4 3 6 0 12 15 8 6 4 9 2 0 0 0 1 3 2 1 0 2 3 0 0 0 
5 28 9 5 11 48 10 19 10 15 10 9 18 4 14 34 8 8 4 3 3 3 4 11 4 0 1 4 0 24 2 22 3 19 14 2 1 2 14 6 6 5 7 13 9 14 7 8 12 33 91 55 88 79 56 36 77 73 0 47 20 4 11 17 23 36 21 14 12 14 10 14 4 18 196 252 89 82 23 78 119 47 112 143 97 45 14 63 15 0 0 21 2 15 14 19 0 12 4 2 4 1 
0 1 1 0 1 0 0 0 0 0 1 0 2 1 1 0 1 1 0 0 0 1 1 0 0 0 0 1 1 2 0 0 1 0 0 0 0 2 0 1 0 0 4 4 7 0 1 1 2 7 1 2 1 2 2 0 0 4 0 3 0 1 1 1 1 3 0 3 1 1 2 1 0 1 10 9 5 13 4 1 8 2 11 12 6 3 2 18 2 0 0 2 1 4 4 1 0 2 5 1 0 3 
0 1 0 1 0 0 0 0 0 1 1 0 0 0 0 0 1 0 0 0 1 0 0 0 0 0 0 2 0 0 2 0 0 0 0 0 0 2 0 1 1 0 4 3 0 0 1 3 4 6 3 3 1 0 2 0 0 2 0 3 1 1 2 1 1 5 0 0 0 0 0 0 0 0 7 4 1 3 13 2 3 0 6 8 11 6 5 13 5 0 0 4 1 0 2 2 0 0 3 2 0 1 
2 4 1 0 0 1 0 0 0 2 0 0 0 0 0 0 0 0 0 0 0 0 0 0 0 0 0 0 0 0 0 1 0 0 1 0 0 2 0 2 0 1 3 4 1 2 2 1 3 8 0 0 0 0 0 0 1 0 0 2 0 0 0 0 0 3 0 1 0 0 0 0 0 0 4 9 0 0 4 2 3 2 3 4 3 0 1 4 3 0 0 0 1 1 2 11 3 0 1 0 0 1 
0 0 2 0 2 1 1 0 0 0 0 0 0 0 0 0 0 1 0 0 0 1 0 0 2 0 0 0 0 1 0 0 3 0 0 0 0 0 0 5 0 1 1 1 0 2 1 1 2 7 2 3 6 3 1 1 7 2 0 5 0 1 0 1 2 3 0 1 0 0 2 2 0 0 3 6 1 13 9 11 9 5 1 11 8 4 2 19 7 0 0 0 0 5 0 5 0 2 3 1 0 3 
2 2 8 0 1 8 1 2 2 2 1 1 0 1 0 0 0 0 0 0 0 0 1 1 0 0 0 0 0 7 0 1 2 3 0 0 0 1 0 9 1 3 11 22 10 12 9 3 11 35 9 3 6 9 12 0 20 22 0 10 5 1 0 1 2 12 5 3 1 1 1 3 0 1 37 37 18 101 150 94 110 23 148 5 42 38 23 56 9 0 0 8 8 18 6 22 3 20 14 2 3 7 
1 0 2 0 1 2 2 0 0 3 2 0 0 0 0 0 0 0 0 0 0 0 0 0 0 0 0 0 0 1 0 0 0 0 0 0 1 0 3 3 3 0 8 12 1 2 8 1 7 10 3 1 2 3 4 0 5 7 0 2 0 0 1 0 1 1 2 0 0 1 0 0 0 0 4 8 0 11 25 17 23 4 18 8 6 24 6 31 12 0 0 5 0 13 7 9 5 7 7 0 2 0 
1 2 1 0 0 2 1 2 0 1 1 1 2 0 1 3 11 1 0 1 1 1 1 1 0 0 0 1 0 6 2 8 2 2 0 2 1 6 11 6 5 6 20 26 12 18 17 15 24 39 10 10 9 5 2 0 4 5 0 4 0 2 0 2 5 4 0 2 0 0 2 2 4 2 7 13 2 6 30 15 17 12 13 32 35 4 5 37 21 0 0 21 21 27 9 26 4 17 16 1 1 8 
0 0 1 0 2 1 1 1 1 1 0 0 2 0 0 0 2 0 0 1 2 0 0 0 0 0 0 0 0 5 1 7 4 2 2 0 2 4 14 6 5 1 4 15 3 11 7 10 7 35 0 4 5 0 0 0 1 5 0 2 0 1 0 1 0 1 0 0 1 1 0 2 1 0 3 12 0 3 12 9 5 6 7 15 20 7 3 17 6 0 0 12 8 17 10 10 2 5 11 1 1 2 
7 5 3 0 0 4 5 5 4 4 0 2 2 1 3 0 8 13 0 6 2 5 3 7 2 2 0 4 0 26 10 32 27 9 12 14 14 21 39 12 10 7 18 28 21 72 60 56 36 246 11 11 19 11 0 0 5 14 0 4 6 1 1 3 5 5 0 4 0 0 4 3 1 0 6 12 6 16 36 13 24 9 23 38 28 27 6 7 10 0 0 31 7 24 12 39 2 24 20 4 13 22 
0 1 2 0 0 2 1 1 0 0 0 0 1 0 2 7 3 0 0 0 0 2 0 2 1 0 0 0 0 15 3 2 0 1 2 0 6 8 5 4 4 2 7 5 6 8 5 5 10 21 3 1 1 2 0 0 2 0 0 1 0 0 0 0 0 2 0 0 0 0 0 0 0 0 1 5 0 11 9 1 6 2 9 6 6 20 3 10 3 0 0 5 2 18 12 8 3 5 7 1 3 3 
0 0 0 0 0 0 0 0 0 0 0 0 0 0 0 0 0 0 0 0 0 0 0 0 0 0 0 0 0 0 0 0 0 0 0 0 0 0 0 0 0 0 0 0 0 0 0 0 0 0 0 0 0 0 0 0 0 0 0 0 0 0 0 0 0 0 0 0 0 0 0 0 0 0 0 0 0 0 0 0 0 0 0 0 0 0 0 0 0 0 0 0 0 0 0 0 0 0 0 0 0 0 
0 0 0 0 0 0 0 0 0 0 0 0 0 0 0 0 0 0 0 0 0 0 0 0 0 0 0 0 0 0 0 0 0 0 0 0 0 0 0 0 0 0 0 0 0 0 0 0 0 0 0 0 0 0 0 0 0 0 0 0 0 0 0 0 0 0 0 0 0 0 0 0 0 0 0 0 0 0 0 0 0 0 0 0 0 0 0 0 0 0 0 0 0 0 0 1 0 0 0 0 0 0 
6 5 13 1 4 5 3 20 13 4 11 12 7 4 6 9 9 8 3 5 6 2 3 14 4 1 1 2 1 40 23 46 34 26 36 21 58 93 148 96 56 32 88 176 75 184 121 162 193 351 6 10 11 20 4 1 13 15 0 4 0 0 3 7 10 15 1 2 0 1 2 3 1 1 29 13 2 47 44 40 40 20 53 87 102 179 131 349 171 0 0 6 60 138 81 456 44 219 202 36 44 44 
0 0 1 0 0 0 0 0 0 0 0 0 0 0 0 0 1 1 0 0 0 0 0 0 0 0 0 0 0 2 0 1 10 0 3 0 3 0 7 3 2 4 9 8 6 5 2 4 1 13 2 0 4 1 0 0 1 0 0 1 0 0 0 0 0 0 0 0 0 0 0 0 0 0 1 0 1 2 0 6 3 1 3 3 5 15 4 16 9 0 0 7 0 3 2 19 1 10 4 1 0 3 
2 0 0 0 0 1 0 1 0 1 0 0 0 0 0 0 1 0 2 0 0 1 3 1 0 0 0 1 0 4 1 6 0 4 1 1 3 9 9 6 1 0 16 10 5 8 7 8 10 32 2 3 0 1 0 0 4 2 0 1 0 0 0 0 1 1 0 0 0 0 0 0 0 1 4 1 6 9 11 4 14 2 14 7 19 20 20 32 17 0 0 19 3 1 1 36 4 10 18 8 1 6 
0 0 0 0 1 0 0 1 0 0 0 1 0 0 1 0 0 0 0 0 3 0 0 0 0 1 0 0 0 1 2 2 1 0 2 1 0 7 1 4 6 0 7 8 4 12 6 5 17 21 2 1 1 0 0 1 1 0 0 1 0 0 0 0 0 0 0 0 0 0 0 2 0 0 2 0 2 4 3 3 3 1 8 5 12 7 3 14 12 0 0 8 7 4 1 20 1 9 4 4 3 6 
0 0 0 0 1 0 0 1 0 1 0 0 0 0 0 0 1 3 0 1 0 0 1 1 0 0 0 1 0 5 1 3 3 2 0 1 5 5 7 6 5 2 9 10 4 9 8 7 12 27 2 1 5 2 0 0 2 0 0 1 0 0 0 2 0 0 0 0 0 1 0 0 0 0 1 1 0 2 9 8 2 1 8 13 7 4 9 32 12 0 0 9 4 16 2 0 0 13 7 1 6 7 
0 0 0 0 0 0 0 0 0 0 0 0 0 0 0 0 0 0 0 0 0 0 0 0 0 0 0 0 0 0 0 1 0 0 0 0 0 0 0 0 1 0 1 1 0 0 0 1 3 1 0 0 0 0 1 0 0 0 0 0 0 0 0 0 0 0 0 0 0 0 0 0 0 0 0 0 0 1 1 0 0 0 2 1 1 0 0 8 0 0 0 2 0 0 0 0 0 1 0 1 0 0 
0 0 0 0 0 1 0 0 0 0 0 0 1 0 0 1 1 0 0 0 0 0 0 0 0 0 0 1 0 2 2 0 3 0 1 3 1 6 9 0 2 0 6 4 5 11 5 2 10 15 1 2 0 0 0 0 0 0 0 0 0 0 0 0 1 0 0 0 0 0 0 0 1 0 2 0 1 1 2 4 5 2 4 2 5 5 4 34 4 0 0 6 0 0 3 8 0 2 0 1 4 2 
1 0 0 0 2 0 0 0 0 0 1 0 1 1 1 0 1 0 0 0 0 0 0 0 0 0 0 0 0 2 0 2 3 1 1 0 1 2 0 3 2 1 2 9 6 2 1 7 4 12 0 1 0 0 1 0 0 1 0 0 0 0 0 0 0 0 0 0 0 0 0 0 0 0 1 2 0 4 11 3 1 2 6 7 8 4 9 12 5 0 0 5 1 1 1 2 1 1 3 1 0 2 
0 0 0 0 0 0 0 0 0 0 0 0 0 0 0 0 1 0 0 0 0 0 0 0 0 0 0 0 0 0 0 1 0 0 0 0 0 1 0 0 0 0 3 0 3 1 1 0 0 0 0 0 0 0 0 0 0 0 0 0 0 0 0 0 0 0 0 0 0 0 0 0 0 0 0 0 0 1 0 0 0 0 2 3 0 0 0 1 1 0 0 0 0 0 0 1 0 1 0 1 0 0 
0 0 0 0 0 0 0 0 0 0 0 0 10 0 0 0 0 0 0 0 0 0 0 0 0 0 0 0 0 0 0 0 0 0 0 0 0 0 0 0 0 0 0 0 1 1 0 2 0 2 0 0 0 0 0 0 0 0 0 0 0 0 0 0 0 0 0 0 0 0 0 0 0 0 1 0 0 0 0 0 0 0 3 3 0 0 1 3 1 0 0 1 1 0 0 1 0 2 0 0 0 1 
6 3 3 2 2 2 0 1 2 5 2 2 4 2 3 13 12 12 4 7 5 3 4 4 0 0 0 7 0 44 6 19 21 29 26 23 33 60 49 51 15 11 128 106 50 91 66 64 64 255 8 8 12 6 12 0 6 14 0 0 0 0 0 2 0 0 0 0 0 0 0 1 0 0 13 14 0 17 116 42 31 34 25 61 74 50 44 174 113 0 0 84 31 80 114 148 16 85 45 4 7 10 
