8 9 35 9 31 91 66 56 105 30 17 60 93 88 72 98 70 68 53 26 31 20 25 45 13 0 1 30 76 5 2 4 12 3 6 4 2 10 17 38 34 2 16 7 17 11 11 18 10 62 5 6 18 4 3 4 7 14 0 9 1 1 0 8 14 9 7 10 0 9 11 4 1 0 5 2 3 4 27 2 1 3 8 11 4 6 3 46 4 0 0 11 2 2 4 6 1 2 0 0 0 10 
25 5 47 26 27 120 62 70 100 51 66 112 76 82 89 119 84 74 68 36 16 26 28 41 22 2 3 29 51 8 1 5 15 9 10 4 3 13 31 23 17 2 7 12 10 16 14 11 10 84 2 8 7 10 5 0 6 33 0 19 2 0 1 11 15 13 5 9 1 4 3 3 0 5 0 5 0 2 44 5 9 1 15 14 3 10 8 34 5 0 0 3 2 1 8 5 0 0 1 1 0 6 
46 45 9 14 7 55 50 57 96 45 30 83 65 61 58 75 39 49 44 34 17 30 12 42 12 0 0 53 81 9 4 8 12 1 11 3 6 4 30 32 15 1 5 10 7 9 8 13 7 44 4 8 23 14 4 4 5 6 0 6 2 0 7 4 3 3 4 7 5 0 7 6 3 4 5 3 0 15 17 3 0 1 1 8 8 12 1 17 6 0 0 3 3 5 1 2 0 2 1 0 0 4 
7 9 24 0 1 21 23 15 26 10 3 14 9 7 8 19 2 4 6 2 2 10 8 10 0 0 1 7 17 4 0 1 2 0 0 0 0 1 2 5 0 0 2 0 1 1 5 0 3 10 0 0 4 2 2 0 0 1 0 1 0 0 0 1 1 1 0 1 0 1 0 0 1 0 0 0 0 0 4 0 0 0 3 0 0 1 1 2 0 0 0 0 0 0 0 0 0 0 1 0 0 0 
35 20 21 11 2 8 10 5 48 13 12 19 39 21 16 27 27 33 9 4 5 25 7 20 4 0 0 11 15 2 3 0 3 0 1 1 1 3 7 7 4 5 7 2 4 10 2 8 2 19 6 3 2 3 3 0 1 14 0 1 0 0 0 2 3 6 0 2 0 6 1 0 0 2 6 0 0 3 19 7 0 0 1 4 0 3 1 5 2 0 0 5 1 0 1 2 0 0 0 0 0 0 
39 81 78 38 17 12 11 40 41 49 37 89 138 68 64 147 101 47 81 80 59 39 32 36 29 0 4 53 44 14 1 1 20 7 5 2 1 9 49 63 29 26 8 13 29 10 7 11 13 45 10 20 25 19 5 1 9 17 0 2 1 2 1 12 27 13 8 10 1 5 14 4 3 7 3 0 1 3 28 1 16 2 9 7 12 10 24 36 8 0 0 6 8 6 0 8 1 2 3 1 0 23 
24 39 43 12 3 16 15 22 35 41 12 57 67 56 59 74 35 24 29 26 12 19 4 11 4 3 2 10 59 7 3 5 13 4 6 1 1 1 23 17 7 0 10 4 4 6 5 5 6 29 1 6 9 3 9 0 0 8 0 3 0 1 1 4 5 17 2 3 4 3 8 9 1 3 1 3 1 5 8 2 1 1 2 2 0 3 6 13 2 0 0 7 0 5 0 0 3 5 1 0 0 2 
44 39 58 17 12 22 18 4 19 34 4 48 61 68 55 85 65 33 44 17 24 19 9 33 8 0 2 16 37 3 2 6 9 5 2 1 1 6 27 39 10 1 9 23 8 10 6 4 10 33 8 1 6 13 3 1 3 20 0 3 3 1 5 8 14 12 5 9 7 1 2 16 3 4 4 12 3 1 13 0 0 1 4 6 2 3 2 12 0 0 0 5 1 3 1 3 0 0 0 1 0 0 
50 70 81 15 31 65 75 40 12 51 21 92 138 170 83 86 74 46 39 41 21 38 13 38 27 1 13 28 33 18 1 6 5 6 9 11 0 16 30 23 24 1 4 10 16 23 20 8 11 46 6 12 11 11 14 3 3 10 0 1 1 0 2 5 15 9 12 11 1 3 12 15 0 2 2 2 0 5 20 1 1 1 3 5 0 3 1 4 2 0 0 5 2 1 2 4 0 0 1 1 1 2 
22 17 34 13 6 31 61 39 159 3 13 22 44 47 40 50 46 57 45 15 13 19 9 31 12 1 13 29 22 5 2 3 3 0 3 0 2 4 29 12 9 1 3 6 3 7 2 3 8 22 17 9 11 15 10 1 8 12 0 0 1 3 2 1 11 9 3 0 4 1 3 9 5 1 7 5 4 6 33 2 2 0 2 3 1 2 0 8 1 0 0 2 1 0 2 1 1 0 0 0 0 3 
8 21 27 7 8 15 37 26 20 17 3 25 25 26 29 69 28 50 24 28 27 24 7 22 15 1 7 36 12 16 4 6 5 0 2 0 2 8 18 27 13 0 12 7 9 10 8 9 9 41 3 0 1 7 5 1 3 7 0 3 1 2 0 1 1 0 0 6 2 0 7 3 0 1 0 2 0 3 15 1 0 0 0 1 0 0 0 4 0 0 0 7 1 1 1 2 0 2 0 0 0 5 
34 99 77 14 26 75 138 99 79 33 26 14 35 60 55 87 97 83 59 86 42 54 48 88 21 9 9 68 31 25 10 8 5 4 1 3 1 17 29 24 12 4 7 11 13 20 10 18 18 76 7 17 13 18 9 2 14 14 0 8 0 4 1 5 5 15 9 7 7 2 17 28 5 1 2 8 1 2 26 0 1 0 0 1 0 0 0 9 1 0 0 16 2 7 2 2 0 1 3 0 0 9 
63 87 84 1 37 113 142 143 167 84 54 69 9 86 78 96 90 97 90 38 88 92 29 121 32 3 2 76 44 17 11 13 19 5 10 2 3 11 47 35 21 6 32 5 9 17 14 18 10 54 10 15 17 15 11 1 18 19 0 19 2 2 3 0 5 2 3 4 2 0 3 7 3 4 7 5 2 4 37 3 0 0 0 1 2 1 0 7 8 0 0 11 2 14 0 3 0 1 2 0 0 5 
92 143 155 23 26 137 228 157 167 127 67 107 77 14 19 104 157 177 132 123 163 158 81 188 61 12 21 202 41 7 1 2 8 1 3 2 3 15 28 41 36 7 12 6 7 7 9 8 11 42 13 26 36 30 7 6 33 42 0 23 5 4 0 1 0 2 8 0 0 4 2 5 1 1 22 11 0 23 94 16 2 0 0 1 0 1 0 7 5 0 0 9 1 3 4 2 1 0 4 0 0 3 
87 121 146 13 27 112 150 114 104 86 42 56 52 31 14 30 98 59 88 82 102 79 125 178 91 12 102 185 25 10 2 10 14 7 6 4 0 4 22 38 9 4 14 11 4 9 6 6 8 35 19 7 18 28 5 21 21 30 0 19 0 0 1 0 1 1 0 2 2 1 5 2 0 1 5 15 0 1 62 3 2 1 1 1 0 0 1 8 3 0 0 7 3 7 2 0 0 1 1 2 0 9 
69 92 78 15 41 94 106 112 156 107 61 105 115 58 20 23 119 138 114 149 223 146 147 281 80 12 46 190 31 42 33 70 44 40 21 23 38 3 23 42 33 3 23 19 11 32 14 8 20 76 21 19 35 21 9 5 27 35 0 17 2 3 4 4 2 4 4 2 4 2 8 3 5 0 13 10 1 9 57 7 4 1 0 2 0 3 6 30 5 0 0 18 2 3 15 4 3 4 3 0 0 8 
45 74 38 8 15 97 72 61 131 75 37 85 124 120 57 105 17 65 83 80 167 109 112 260 62 7 13 122 23 87 38 90 64 33 37 32 35 27 55 61 59 11 17 40 38 45 28 31 23 117 9 5 19 13 1 9 17 39 0 7 19 7 6 9 7 0 0 0 1 0 1 4 4 0 8 6 4 12 61 10 6 1 0 0 2 13 5 37 15 0 0 19 4 4 0 5 0 1 3 0 0 5 
17 39 46 6 8 41 57 45 37 63 15 38 76 90 41 125 62 17 62 45 107 36 87 166 49 18 23 80 8 69 28 35 47 20 51 19 24 14 76 53 52 5 12 41 30 36 25 14 18 79 2 4 14 9 9 5 11 11 0 5 4 0 4 4 4 0 0 0 0 1 1 1 1 0 11 6 0 16 30 4 3 0 1 2 1 2 2 31 11 0 0 5 0 2 0 1 0 1 0 0 0 6 
20 45 41 6 3 37 50 43 73 35 28 89 99 131 79 157 160 95 8 75 232 132 152 263 69 22 15 95 11 50 33 36 30 19 19 21 21 16 50 45 24 1 23 25 16 22 23 18 21 81 3 3 12 10 6 2 6 8 0 2 1 1 1 3 1 0 0 0 0 0 0 2 1 0 6 2 0 7 42 4 1 0 1 1 4 5 1 10 12 0 0 11 0 0 0 6 0 0 2 0 0 2 
11 23 11 2 2 12 17 18 19 20 16 28 36 57 32 66 42 26 33 4 14 10 30 75 19 8 11 85 3 25 5 11 5 2 4 4 6 10 18 17 8 2 2 6 9 7 7 3 7 25 3 0 4 1 2 0 7 3 0 1 0 1 1 2 0 0 0 0 0 0 0 0 0 0 1 3 1 0 12 3 0 0 0 0 1 2 3 12 2 0 0 7 0 0 0 1 0 0 2 0 0 0 
9 13 18 1 4 15 16 10 30 26 15 42 84 95 59 164 110 68 85 9 10 18 76 134 38 59 66 113 4 18 7 5 16 5 21 13 10 9 42 26 16 2 1 7 12 25 6 17 23 20 2 1 1 2 0 0 3 2 0 4 0 0 0 0 0 1 0 0 0 0 0 0 0 1 0 0 0 1 8 0 0 2 1 0 0 2 4 7 8 0 0 2 0 0 0 0 0 0 0 0 0 0 
8 23 19 2 6 18 28 9 27 36 10 26 54 46 29 75 60 26 29 21 25 10 18 60 12 27 87 84 3 6 6 7 5 3 7 5 3 6 28 4 3 3 3 5 6 13 1 4 6 31 4 1 2 3 1 0 0 4 0 0 1 1 0 1 0 0 0 0 0 0 0 0 0 3 0 2 0 0 6 2 0 0 0 0 0 1 0 5 0 0 0 2 0 0 0 1 0 0 0 0 0 0 
7 11 9 5 1 14 12 9 18 17 10 33 25 36 58 101 102 52 51 29 52 21 2 27 13 15 54 122 6 5 11 2 6 6 4 7 12 16 29 17 6 3 7 6 7 16 2 4 1 32 0 1 2 0 1 0 0 2 0 5 1 0 1 1 0 3 0 0 0 0 0 0 0 0 0 2 1 2 4 1 1 0 0 1 1 2 2 8 4 0 0 0 0 0 0 0 0 0 0 0 0 2 
20 26 20 0 10 51 15 22 19 36 11 45 70 75 63 160 134 63 58 31 62 23 18 15 6 72 134 111 7 15 4 4 31 11 23 8 14 14 53 40 27 2 4 20 16 9 5 14 15 52 3 4 9 1 6 1 3 11 0 4 1 0 0 0 0 0 0 0 0 0 0 0 1 0 7 5 0 1 17 3 2 2 0 2 0 2 1 19 15 0 0 4 0 0 0 1 0 1 0 0 0 2 
14 33 11 6 20 23 35 23 35 21 25 61 39 68 75 98 63 53 52 19 54 32 43 17 14 19 91 142 4 23 7 14 31 17 13 12 22 35 50 32 37 5 14 10 30 22 20 13 10 99 23 12 16 10 5 4 5 9 0 3 0 0 0 2 1 0 0 0 0 0 1 2 0 0 9 4 2 3 31 3 3 1 0 1 2 5 1 33 2 0 0 2 0 1 0 0 1 2 0 0 0 0 
0 1 0 3 0 4 1 2 2 5 0 1 5 3 15 7 7 14 16 13 18 17 21 41 6 0 5 19 0 0 2 1 1 1 3 0 0 1 2 4 0 0 1 2 0 3 4 2 0 6 1 1 0 1 1 0 1 0 0 1 1 0 0 0 0 0 0 0 0 0 0 0 0 0 1 0 0 3 9 0 0 0 1 0 0 0 2 3 2 0 0 0 0 0 0 0 0 0 0 0 0 0 
0 0 0 0 0 0 1 1 3 0 2 2 0 1 3 12 1 0 2 1 14 7 5 18 3 3 2 12 1 0 0 1 2 1 2 0 4 0 0 0 2 1 0 0 0 0 0 2 1 2 0 0 0 0 0 0 0 0 0 0 0 0 0 0 0 0 0 0 0 0 0 0 0 0 0 0 0 0 2 0 0 0 0 0 0 0 0 2 0 0 0 0 0 0 0 1 0 0 0 0 0 0 
29 43 26 5 12 37 25 28 34 50 23 67 111 258 198 266 101 87 99 59 147 147 155 233 78 23 92 13 8 6 7 11 22 11 16 13 12 37 111 59 45 10 17 17 27 24 15 24 32 93 19 7 27 8 4 5 4 10 0 1 1 1 1 2 4 1 0 0 0 0 0 0 0 0 3 17 1 2 43 4 0 1 2 3 4 6 7 41 10 0 0 8 1 0 0 7 0 3 2 0 1 6 
71 138 119 22 36 120 90 43 82 56 28 52 44 61 42 67 35 26 42 34 35 30 11 24 8 0 1 26 4 10 3 8 6 5 11 0 7 7 24 30 28 3 13 9 9 14 15 9 14 47 2 5 22 6 0 3 5 8 0 3 0 0 4 2 9 13 9 4 2 2 8 15 0 2 3 0 0 6 36 1 5 3 4 8 1 4 4 11 5 0 0 1 0 0 0 6 2 3 1 0 1 9 
1 7 1 1 1 6 7 4 1 6 8 22 17 4 7 24 78 35 27 8 16 4 7 20 3 1 0 5 3 21 132 223 309 101 222 183 336 191 275 227 121 17 79 77 107 77 54 52 49 285 7 15 17 9 4 2 4 16 0 17 4 1 5 31 35 52 19 20 5 17 8 26 2 2 4 7 2 16 39 9 11 5 6 10 5 19 4 79 35 0 0 36 9 14 13 16 0 17 7 4 4 27 
1 8 0 0 1 1 1 3 8 1 1 2 4 0 2 27 20 11 6 2 3 10 4 3 5 0 1 4 1 269 6 232 142 52 83 56 109 61 118 55 30 7 24 21 24 13 20 20 21 79 4 0 4 4 6 1 1 5 0 7 8 3 9 8 18 20 5 9 8 8 1 20 0 0 1 0 0 2 17 6 7 2 0 1 4 7 11 16 7 0 0 20 0 3 7 1 0 2 1 4 0 3 
7 1 2 0 1 3 12 4 6 2 4 12 10 1 9 35 54 28 19 8 3 3 2 15 6 8 14 10 2 285 125 8 125 78 140 138 224 197 301 182 138 21 49 60 84 118 46 49 53 241 15 7 20 21 13 2 18 18 0 14 2 10 8 18 44 49 18 19 4 11 7 3 1 1 5 12 0 8 28 12 10 4 4 3 7 20 15 75 19 0 0 36 14 26 16 21 1 3 10 8 3 16 
12 11 7 0 1 8 17 14 4 9 6 7 10 4 4 30 56 46 29 9 12 9 20 44 17 1 3 20 3 407 230 179 24 46 120 109 207 242 303 227 199 32 143 99 154 162 91 103 115 689 47 18 44 16 11 6 19 31 0 24 5 6 1 8 26 38 7 29 13 42 20 56 12 6 15 20 4 15 59 12 9 9 9 10 8 31 14 207 39 0 0 47 11 18 9 29 3 6 10 2 1 31 
1 4 10 0 1 5 2 4 2 5 1 5 5 1 1 14 32 17 34 8 2 3 12 13 14 0 1 12 3 220 67 95 65 10 40 33 109 78 132 92 91 21 65 54 62 49 29 37 33 113 18 9 20 6 3 2 10 20 0 12 2 6 3 0 9 27 10 15 15 26 20 28 9 7 7 2 2 23 49 8 7 3 2 4 3 12 3 30 8 0 0 43 7 12 3 11 2 1 2 0 1 8 
7 23 9 0 2 6 6 4 4 2 0 1 5 1 9 34 61 40 34 22 29 15 22 52 11 1 3 36 6 568 209 289 179 58 16 43 181 128 192 352 136 24 131 112 116 120 56 104 86 258 15 21 11 31 10 4 36 35 0 5 4 5 8 19 22 30 25 49 16 41 66 69 14 5 9 8 0 6 61 4 2 2 1 5 4 11 17 54 66 0 0 69 46 42 16 18 5 16 23 3 2 33 
4 7 3 3 0 3 1 1 4 0 0 2 1 0 1 11 63 20 10 21 14 19 6 39 16 4 2 23 2 350 152 213 160 51 56 9 211 100 176 161 74 6 53 51 68 87 44 49 47 220 12 4 9 4 2 2 6 9 0 2 4 2 8 18 14 20 5 13 1 15 22 33 14 4 1 1 0 2 12 0 1 0 0 1 0 3 0 39 19 0 0 31 14 10 4 17 1 9 10 2 2 20 
8 10 10 1 3 4 7 7 1 4 1 0 3 1 3 51 49 38 28 30 31 23 16 56 18 4 4 42 12 832 419 664 492 179 209 203 19 201 560 580 297 85 192 166 225 239 154 106 123 626 31 21 38 19 12 5 15 17 0 0 5 7 36 51 39 44 18 45 21 18 76 85 20 21 11 11 0 10 35 3 1 2 2 8 5 30 24 119 68 0 0 128 59 45 34 68 5 52 33 17 12 67 
5 13 11 1 1 10 18 10 7 16 12 5 23 9 6 2 13 9 18 12 19 22 12 27 15 2 5 47 12 302 92 273 179 104 101 84 133 25 149 331 175 35 144 164 132 131 113 46 74 390 8 2 7 10 3 0 8 7 0 3 3 8 11 14 15 28 5 13 5 7 25 15 5 8 1 2 1 4 10 1 2 4 1 1 5 25 14 90 68 0 0 59 28 32 9 32 7 19 9 3 0 35 
25 54 38 8 11 52 42 48 71 37 23 45 57 35 11 14 75 70 70 53 82 51 60 117 32 12 6 101 12 591 175 587 372 184 240 195 452 168 25 734 448 59 244 217 243 264 165 183 119 826 31 17 53 32 1 5 16 23 0 8 8 17 10 63 80 60 19 37 17 16 62 57 25 24 34 17 3 25 65 20 12 8 6 18 8 46 43 233 94 0 0 140 53 42 18 73 17 47 34 18 8 102 
21 29 17 5 13 45 20 21 39 20 10 37 36 24 16 30 74 34 19 9 25 15 25 33 24 4 3 36 12 180 90 152 166 77 125 97 268 205 517 27 59 45 81 168 96 174 111 119 132 433 10 4 13 14 4 1 8 14 0 1 1 4 5 24 20 20 4 12 1 3 11 12 7 6 12 8 3 4 26 11 11 3 7 29 16 10 14 40 49 0 0 71 21 15 12 31 2 13 8 3 5 25 
13 18 35 3 3 9 24 19 21 31 10 11 22 27 8 17 39 24 15 16 23 9 14 29 18 0 4 35 8 133 53 131 144 57 62 75 135 126 328 71 10 17 56 103 75 134 86 96 120 439 6 7 19 7 1 1 7 3 0 5 2 2 4 6 19 16 9 2 0 4 13 19 0 4 14 10 3 7 24 8 6 6 11 13 17 25 22 34 27 0 0 76 17 35 18 27 0 6 16 3 2 18 
0 6 3 0 1 1 5 0 3 6 1 2 2 6 2 2 6 8 7 1 5 4 1 8 0 0 0 2 1 16 4 14 15 6 22 7 58 35 60 56 35 3 20 63 25 45 29 27 30 68 0 1 0 4 0 0 1 2 0 0 0 1 0 4 3 3 1 2 0 2 4 0 0 1 1 0 0 1 2 5 5 3 4 10 7 4 6 21 12 0 0 4 16 3 10 19 0 7 4 2 0 9 
8 18 13 1 4 16 22 15 22 15 19 8 13 7 22 32 47 31 29 9 26 11 12 15 8 0 3 15 8 139 84 128 126 75 82 67 136 183 202 193 93 34 21 115 165 238 115 179 239 615 12 12 24 23 5 0 16 30 0 5 0 5 1 13 15 27 6 9 7 4 18 21 7 6 40 15 2 23 42 53 49 49 47 125 107 138 83 211 136 0 0 123 89 139 95 184 38 114 87 26 16 133 
16 22 16 1 6 16 11 9 8 17 12 11 26 7 7 22 58 48 28 13 16 12 20 30 18 1 2 26 11 125 54 94 103 60 78 36 139 186 263 305 124 95 82 24 185 341 177 226 255 734 8 13 28 14 6 6 24 34 0 13 1 8 7 8 11 18 15 9 3 17 19 17 3 2 30 25 2 36 94 54 49 38 51 119 101 216 101 207 111 0 0 290 121 140 82 246 77 162 95 23 18 135 
15 27 21 4 4 13 21 9 17 19 7 16 16 4 8 20 31 19 23 5 10 8 10 32 10 1 6 32 6 131 37 95 127 46 68 34 105 86 194 146 92 56 86 348 19 226 144 200 198 515 19 3 23 12 2 3 9 9 0 5 2 2 0 9 17 14 4 10 2 1 9 12 4 5 18 4 1 13 39 14 6 11 15 49 33 45 47 78 32 0 0 103 31 82 32 80 23 56 53 15 8 70 
28 22 17 4 9 14 24 24 21 20 11 36 32 14 7 11 48 65 29 21 27 20 13 39 22 4 0 39 3 111 46 104 192 57 52 65 202 123 309 279 188 58 105 337 183 26 198 451 401 1112 14 13 41 11 13 2 10 17 0 7 1 2 4 11 21 15 5 5 3 1 18 15 2 12 31 38 3 43 50 39 42 23 35 90 47 158 63 205 115 0 0 225 49 115 70 95 19 96 64 15 12 141 
10 28 15 1 3 7 16 11 18 13 2 18 14 8 6 18 54 29 16 10 20 16 13 32 15 0 3 19 6 81 37 70 142 37 51 48 138 133 183 259 124 32 83 199 183 219 22 390 310 680 9 4 21 9 7 2 6 12 0 4 2 0 3 8 14 23 11 0 7 3 16 14 14 3 10 7 2 12 41 53 30 14 26 52 42 81 37 147 45 0 0 106 33 90 48 59 15 63 38 8 9 80 
6 6 4 1 0 6 3 1 4 6 2 9 3 0 0 4 13 14 7 3 3 3 14 14 4 0 1 12 6 41 9 36 61 13 18 11 51 48 86 68 49 17 51 108 91 211 118 15 170 536 4 5 13 2 0 0 5 14 0 2 1 0 0 6 1 16 5 0 0 2 10 9 4 4 6 3 2 4 13 11 2 5 5 22 13 24 26 89 22 0 0 71 5 29 20 28 8 12 24 7 1 40 
5 6 0 1 0 4 5 5 16 6 8 2 13 7 3 24 18 17 3 4 10 8 8 16 5 0 0 8 5 44 34 47 84 32 39 23 50 65 71 112 61 13 72 104 93 171 108 113 7 426 3 2 12 0 2 0 11 8 0 3 7 2 0 2 14 10 3 4 0 1 8 3 4 3 9 5 3 6 15 5 8 11 11 30 27 18 19 92 18 0 0 68 18 42 18 33 3 20 17 11 0 47 
56 50 51 11 19 34 38 46 46 35 18 58 54 30 23 32 86 69 40 36 50 24 45 144 49 3 10 111 13 312 85 260 567 114 169 121 320 304 581 444 345 48 159 466 311 667 338 589 578 42 53 28 99 26 5 12 20 35 0 4 7 10 2 15 38 54 17 29 4 8 46 29 21 10 80 32 9 43 100 58 52 59 62 165 59 105 73 502 86 0 0 269 59 130 75 111 30 139 134 19 13 237 
8 16 23 0 5 30 20 16 6 6 0 17 17 24 11 17 13 11 7 3 2 2 2 19 9 0 0 14 7 55 12 27 47 6 15 3 7 7 26 9 4 4 10 13 14 10 14 5 19 68 7 19 90 89 90 4 67 73 0 65 28 8 11 26 41 58 16 23 5 65 39 21 20 27 17 17 6 26 249 21 23 12 24 38 31 44 13 86 23 0 0 17 8 14 6 12 0 8 12 6 2 27 
2 14 2 0 1 1 14 9 16 6 2 7 5 9 10 8 7 7 1 2 1 3 2 5 10 0 0 11 0 7 4 6 31 3 6 9 5 1 13 6 5 3 8 7 0 8 7 8 3 27 17 4 50 145 61 9 25 36 0 32 14 0 8 14 37 28 16 18 5 13 9 9 10 13 9 5 3 8 105 10 10 4 28 17 12 16 7 29 11 0 0 1 3 5 6 2 3 5 4 0 3 6 
8 30 8 4 7 11 14 8 9 11 5 18 25 14 12 11 16 7 10 5 5 1 12 20 7 0 1 6 3 24 14 25 41 21 27 11 9 5 30 17 7 1 19 18 14 19 15 12 12 52 63 35 11 45 21 17 32 62 0 50 21 3 9 54 45 61 19 50 10 40 24 30 17 14 17 17 1 31 160 19 20 7 16 34 18 22 17 70 10 0 0 25 4 12 7 4 4 23 12 2 1 22 
5 4 9 3 1 8 7 5 6 4 0 1 7 17 4 12 8 11 3 1 2 0 2 7 14 0 1 12 5 22 1 7 15 6 8 7 5 1 10 6 0 1 7 12 8 3 9 2 4 29 25 41 45 5 39 8 14 33 0 58 11 1 19 25 29 35 21 28 9 21 44 17 9 13 12 2 6 22 122 11 7 3 1 17 15 11 2 16 11 0 0 3 1 6 6 5 0 7 6 3 1 8 
6 6 4 1 1 3 2 7 3 3 6 2 6 1 1 6 5 4 3 1 0 1 3 8 2 0 0 7 2 15 3 8 12 3 2 2 2 0 6 5 0 1 4 2 2 4 6 2 3 11 22 17 21 6 1 2 12 40 0 36 13 1 3 19 24 13 14 5 5 14 7 6 9 6 13 15 4 6 87 9 5 0 5 14 12 10 6 12 2 0 0 3 3 3 1 0 0 6 9 1 0 3 
9 4 8 0 0 3 4 2 7 2 7 4 2 1 1 2 2 3 3 3 2 0 0 6 0 0 1 5 3 2 3 6 10 9 1 1 2 4 2 3 3 0 7 6 7 1 6 3 14 10 8 2 20 3 3 2 6 18 0 12 0 2 0 10 7 19 0 6 1 9 7 12 2 11 6 7 2 11 78 2 2 3 2 11 8 3 1 25 3 0 0 3 3 1 3 1 0 1 0 1 0 0 
4 1 1 1 0 21 9 14 5 5 3 6 10 11 15 20 9 7 3 6 1 1 4 16 8 0 5 8 2 14 5 15 11 12 11 7 3 1 8 7 0 2 5 6 2 8 2 6 2 16 30 26 26 17 14 6 7 15 0 24 4 4 7 22 40 22 3 15 1 10 7 11 17 15 23 15 7 18 103 18 9 6 7 20 15 9 6 19 4 0 0 6 2 8 5 7 2 3 4 1 1 8 
3 12 9 1 1 9 12 6 12 10 1 15 16 17 17 24 17 6 5 11 2 2 5 15 4 0 1 8 11 24 15 30 26 18 26 8 4 3 13 8 1 1 6 6 3 11 7 2 7 30 29 19 58 54 149 36 8 8 0 45 10 2 9 18 31 32 5 16 2 16 7 13 9 27 65 32 16 36 127 21 21 8 11 46 16 6 7 39 5 0 0 12 0 8 2 6 0 5 8 0 4 11 
0 0 0 0 0 0 0 0 0 0 0 0 0 0 0 0 0 0 0 0 0 0 0 0 0 0 0 0 0 0 0 0 0 0 0 0 0 0 0 0 0 0 0 0 0 0 0 0 0 0 0 0 0 1 0 0 0 0 0 0 0 0 0 0 0 0 0 0 0 0 0 0 0 0 0 0 0 0 0 0 0 0 0 0 0 0 0 0 0 0 0 0 0 0 0 0 0 0 0 0 0 0 
11 9 13 1 2 11 5 4 5 5 3 9 21 17 24 35 16 18 12 7 8 9 6 22 4 1 1 13 10 28 8 25 20 6 9 7 2 1 21 10 7 1 10 1 5 8 4 7 2 38 42 25 48 35 31 10 28 49 0 5 3 4 8 32 40 45 26 33 10 29 61 51 16 25 19 15 3 19 74 8 9 9 14 16 4 13 6 23 10 0 0 10 2 2 5 3 1 5 1 0 0 9 
2 0 3 5 0 4 5 4 2 3 1 1 3 1 0 6 6 4 0 0 1 1 1 1 2 0 1 0 2 15 9 10 7 4 9 2 7 3 3 6 5 0 3 2 2 5 2 3 2 13 21 15 44 22 7 6 39 20 0 8 7 0 3 8 20 43 20 29 5 25 31 40 15 15 15 10 5 17 60 10 3 4 9 6 7 18 6 28 3 0 0 1 1 2 0 5 0 1 2 1 0 3 
2 8 10 2 2 20 19 25 15 3 4 21 15 5 3 3 24 9 4 2 0 0 1 2 3 0 1 2 2 71 26 80 38 39 22 22 30 31 70 51 12 5 11 24 9 35 15 4 15 47 2 10 6 5 3 9 22 24 0 30 16 3 1 30 64 43 12 45 18 34 33 47 18 12 15 6 1 4 61 22 8 8 18 29 8 9 9 31 13 0 0 18 2 2 3 7 0 8 3 2 0 0 
2 1 1 0 1 3 6 0 3 1 0 0 2 0 0 0 0 0 0 0 0 0 0 0 0 0 0 0 1 6 3 1 3 3 7 1 10 4 10 6 4 0 3 2 1 2 1 0 0 5 2 5 8 16 0 1 11 13 0 12 2 4 2 5 19 29 4 22 13 8 18 4 3 6 5 2 8 9 19 5 6 0 1 4 3 1 4 2 0 0 0 3 0 0 0 0 0 0 0 0 0 0 
4 14 10 0 0 11 20 14 4 3 6 3 1 1 0 4 9 5 6 1 0 0 0 2 2 0 0 4 6 32 10 21 14 2 9 20 24 19 36 20 8 1 8 12 21 20 6 16 7 42 26 13 38 65 19 13 32 40 0 28 14 13 4 4 23 42 14 27 21 70 66 78 24 37 20 10 4 14 113 30 29 7 19 6 2 15 1 11 2 0 0 6 1 3 0 4 2 3 0 0 0 2 
10 17 14 0 1 13 19 18 6 6 6 7 4 0 0 2 1 2 3 0 0 0 0 1 3 0 1 0 2 79 92 48 27 21 16 13 22 18 72 43 27 1 15 10 10 15 21 14 10 44 38 26 33 23 24 12 60 38 0 52 14 9 19 29 7 43 23 70 76 103 138 175 104 76 26 19 5 36 84 21 26 9 10 9 1 17 10 23 6 0 0 9 2 1 1 0 0 2 1 0 0 3 
18 15 8 1 3 31 24 22 26 14 5 14 7 1 1 4 2 1 5 0 1 2 3 3 1 0 0 4 9 121 95 86 50 82 19 11 52 18 48 35 30 2 22 12 25 27 17 12 26 77 34 15 41 47 15 9 44 43 0 71 32 14 35 143 105 16 28 133 80 196 196 340 98 96 13 26 5 20 134 15 19 10 9 25 8 6 10 24 12 0 0 6 7 2 1 3 0 4 0 0 0 2 
9 6 6 0 0 11 4 7 15 4 1 2 3 0 0 0 2 1 1 0 0 0 0 0 1 0 0 0 4 31 12 57 13 30 10 11 19 6 13 5 6 0 4 6 1 2 4 5 7 14 5 3 13 14 1 4 11 5 0 22 16 3 29 80 126 52 7 58 71 65 136 143 76 36 0 2 0 4 22 4 9 3 8 1 2 3 0 3 3 0 0 3 2 0 0 0 0 0 0 0 0 1 
10 4 10 0 3 4 13 12 3 2 3 1 0 0 1 0 0 0 0 0 0 0 0 0 0 0 0 0 1 36 15 12 23 13 10 16 27 9 27 7 10 1 2 7 15 10 2 5 4 29 12 7 28 19 7 1 14 21 0 11 13 7 7 30 41 56 16 8 15 48 118 156 23 43 10 16 4 12 54 4 9 4 10 7 11 6 8 10 3 0 0 2 0 1 0 0 0 1 1 0 0 0 
2 2 2 0 0 6 4 5 4 2 2 0 1 0 1 2 0 0 0 0 0 0 0 0 1 0 0 0 1 8 9 5 3 9 7 5 14 4 15 3 4 1 3 6 2 6 4 1 13 14 4 4 6 7 3 2 9 9 0 9 5 1 4 12 26 38 15 15 2 11 48 78 6 16 4 1 0 7 25 4 3 2 6 11 3 0 5 8 1 0 0 0 0 0 0 1 0 0 0 0 0 0 
5 3 1 2 0 5 2 3 2 0 1 2 0 0 0 0 1 0 0 0 1 0 1 0 0 0 0 0 0 18 8 15 9 22 11 17 20 6 7 3 10 0 1 2 2 3 1 1 3 24 8 11 26 17 1 4 16 17 0 23 5 3 14 25 62 55 24 36 8 3 68 108 19 57 14 3 2 5 51 17 5 1 12 5 0 7 2 6 1 0 0 2 0 1 0 1 0 0 0 0 0 1 
3 4 5 1 1 16 7 11 2 1 0 4 0 0 0 2 1 0 1 0 0 0 0 0 0 0 0 0 1 5 3 5 15 9 11 6 20 12 19 3 4 1 2 3 4 7 3 2 10 21 1 8 15 10 2 1 2 8 0 15 3 1 3 10 34 46 16 19 22 22 8 50 27 40 5 3 0 2 40 7 4 1 5 8 2 11 0 14 1 0 0 6 0 0 1 0 0 0 0 0 0 3 
0 5 0 4 2 3 5 2 5 4 4 3 4 2 1 0 1 0 0 0 0 0 0 1 0 0 0 0 2 8 2 6 12 24 17 4 18 10 20 5 5 1 3 1 8 5 4 2 4 14 16 18 12 7 3 0 2 7 0 7 7 11 9 10 42 55 38 42 28 59 49 10 28 30 5 4 1 4 26 7 9 3 3 4 3 2 3 10 1 0 0 1 3 0 3 1 0 2 0 0 0 0 
1 16 7 3 2 8 7 6 6 12 4 5 6 2 1 6 4 1 1 0 0 0 0 0 0 0 0 2 1 4 8 7 15 29 27 12 34 20 33 23 11 1 8 8 8 7 0 8 7 23 11 7 33 21 20 4 17 28 0 22 12 9 11 18 94 123 55 46 21 125 73 132 5 43 5 4 2 9 57 12 6 2 9 15 6 4 6 15 3 0 0 6 0 1 0 4 2 2 0 0 0 1 
8 20 8 0 6 22 70 118 50 11 28 18 30 5 0 2 19 1 1 0 1 0 0 0 0 0 1 0 2 1 1 4 18 44 24 26 30 57 64 45 20 5 6 12 17 9 13 8 12 62 19 29 34 33 18 16 22 41 0 112 34 3 17 30 92 151 52 202 48 285 149 289 19 9 27 21 17 36 263 42 127 45 329 78 30 38 9 39 18 0 0 6 1 2 2 4 1 1 0 0 3 0 
0 2 1 0 2 0 2 0 2 2 1 1 3 2 0 10 4 3 5 2 0 0 1 9 1 0 0 0 0 5 2 2 9 5 4 3 5 3 8 6 5 2 12 9 7 7 4 5 6 38 10 7 13 8 3 0 4 16 0 7 2 0 1 6 9 15 1 8 2 5 2 11 3 7 2 12 5 41 117 23 17 3 21 84 24 27 6 45 10 0 0 13 6 7 2 2 1 12 6 2 1 12 
2 14 9 0 4 1 9 6 15 19 9 19 15 12 3 24 29 5 19 2 0 3 1 3 0 0 3 7 0 15 3 16 11 6 6 3 2 2 9 12 7 0 11 13 17 9 18 20 6 45 10 5 11 15 26 13 24 42 0 17 4 0 2 39 30 35 4 4 6 4 25 4 6 5 45 4 28 48 195 72 54 26 50 113 25 60 11 64 15 0 0 21 9 10 6 23 3 18 4 1 0 19 
0 1 0 0 0 1 1 0 0 1 0 1 0 1 2 1 1 0 0 1 0 1 0 0 5 0 0 0 0 4 0 3 1 0 1 0 1 0 0 1 1 0 2 3 3 1 4 1 1 12 1 1 1 0 4 0 4 5 0 3 0 0 2 2 6 11 16 1 0 3 1 0 0 2 46 177 1 16 42 12 8 10 11 31 13 1 8 16 0 0 0 3 0 1 4 4 0 1 2 0 1 3 
1 2 3 0 0 1 2 4 1 7 2 0 4 2 4 2 7 1 1 0 0 0 2 1 2 0 0 2 1 3 0 9 4 4 0 0 2 1 6 2 4 0 11 5 9 11 7 7 2 18 7 4 17 5 7 2 6 17 0 5 2 0 1 8 7 10 3 7 4 5 1 0 7 6 52 52 23 4 70 18 21 7 17 74 40 11 5 33 4 0 0 11 13 6 9 6 7 2 7 2 0 10 
23 30 19 0 11 13 23 25 16 20 13 24 14 34 28 41 19 28 13 4 6 2 5 27 17 0 2 30 9 48 12 26 48 27 30 13 13 11 47 13 15 8 24 61 26 18 16 24 20 89 131 101 194 138 65 22 85 145 0 56 22 14 9 42 60 74 20 44 15 41 32 34 13 27 400 256 78 93 18 94 130 37 82 231 81 57 39 143 37 0 0 40 12 33 27 21 1 22 21 3 4 31 
3 1 1 1 2 1 1 3 3 5 0 2 1 1 3 6 3 1 3 2 1 0 0 5 0 2 0 3 1 9 4 14 4 4 8 2 0 1 5 8 4 0 27 31 11 17 11 14 8 43 16 11 13 18 1 5 3 17 0 6 0 1 1 6 21 20 4 18 4 5 7 6 5 4 84 129 27 76 126 10 32 18 45 174 73 30 19 58 20 0 0 14 2 17 8 4 0 9 23 3 6 13 
0 2 2 0 1 1 2 9 1 2 0 0 2 0 1 3 0 4 3 0 1 0 1 4 1 0 0 1 1 8 8 5 8 2 1 0 1 2 6 3 10 2 18 36 11 6 8 5 2 20 5 10 11 5 8 1 7 15 0 5 2 3 4 13 9 16 1 3 5 3 11 4 7 12 47 39 18 27 107 22 2 12 22 122 67 43 30 57 21 0 0 33 7 18 10 6 0 14 16 5 0 13 
5 5 3 4 2 1 2 3 0 0 0 2 0 1 0 3 1 0 2 1 0 0 0 0 1 0 0 8 0 10 3 7 8 5 3 1 0 0 8 13 5 1 16 24 20 12 6 11 12 62 13 5 6 5 5 2 5 16 0 5 0 2 4 11 12 2 0 0 0 4 12 6 0 0 38 56 8 18 90 23 13 2 11 121 57 69 30 96 23 0 0 28 7 14 24 26 4 22 18 7 4 21 
0 2 2 0 1 1 1 0 1 0 1 0 0 1 0 1 0 2 2 0 0 0 0 1 0 0 0 1 0 3 1 2 3 0 1 0 0 2 9 8 6 4 12 22 7 23 8 6 7 45 13 12 9 8 2 3 10 7 0 2 0 1 0 3 3 6 0 3 4 5 6 5 5 7 39 34 2 26 87 41 28 4 4 104 53 14 19 55 19 0 0 44 11 18 9 13 0 15 7 6 6 11 
1 21 12 1 3 16 7 3 6 10 0 2 0 0 1 0 2 1 2 1 2 2 1 4 0 0 0 2 1 8 2 4 6 3 6 0 4 6 25 30 21 4 46 87 41 56 35 31 33 163 30 27 55 44 21 12 57 118 0 30 5 3 1 10 6 17 2 10 3 5 15 6 6 11 145 79 32 117 346 266 173 59 258 19 187 127 63 212 39 0 0 91 25 59 46 38 10 54 43 12 4 45 
3 5 4 0 0 1 1 4 1 3 0 0 0 1 0 1 0 0 0 2 1 0 0 0 0 0 0 0 0 3 2 0 2 2 1 2 2 3 5 6 2 3 27 50 12 30 22 12 15 24 4 10 9 7 6 0 19 22 0 5 1 0 1 1 5 2 0 7 3 3 3 4 1 4 14 22 7 38 104 47 88 19 63 128 7 63 26 85 18 0 0 57 15 16 15 19 3 17 24 8 0 17 
9 9 4 0 1 4 13 17 1 8 1 0 1 0 3 2 11 4 1 7 1 2 0 7 3 0 1 6 1 21 5 23 22 7 9 5 30 19 42 12 15 18 70 99 31 84 51 54 55 151 15 9 28 20 6 1 16 23 0 12 4 2 1 5 4 7 5 5 0 3 7 4 0 5 31 37 3 23 72 48 61 31 47 144 111 9 24 114 92 0 0 139 46 64 50 61 9 44 36 14 12 48 
1 8 5 1 2 5 2 7 5 2 0 3 3 0 0 0 12 14 6 4 4 2 0 3 2 0 0 6 4 26 9 15 24 10 9 3 18 28 45 50 31 15 77 125 36 49 33 55 34 125 11 22 16 10 4 1 15 18 0 2 3 0 1 5 5 6 5 0 3 6 4 4 1 3 30 10 1 32 77 41 53 32 21 96 57 36 5 61 95 0 0 106 48 71 59 72 30 67 33 9 12 47 
23 18 15 1 2 15 8 6 2 12 1 3 7 2 3 9 24 19 4 8 15 17 3 27 17 0 0 29 4 100 20 57 169 17 30 28 61 69 159 79 31 20 117 200 62 180 137 133 157 777 33 17 60 20 2 6 15 30 0 13 12 4 2 6 6 10 3 6 2 3 6 10 5 4 62 36 10 59 133 57 49 43 69 145 98 141 106 35 34 0 0 238 56 118 90 125 22 116 96 22 11 235 
2 10 7 0 2 5 3 1 2 1 0 2 3 2 2 4 6 14 4 1 5 2 0 5 4 0 0 7 3 30 10 33 35 11 10 11 18 38 61 35 20 27 50 75 18 34 15 24 32 86 11 6 15 4 3 4 4 11 0 3 3 0 0 0 2 2 0 2 0 1 3 0 5 0 9 12 4 15 24 10 14 14 25 57 31 73 36 47 7 0 0 79 24 33 29 50 3 30 22 13 2 37 
0 0 0 0 0 0 0 0 0 0 0 0 0 0 0 0 0 0 0 0 0 0 0 0 0 0 0 0 0 0 0 0 0 0 0 0 0 0 0 0 0 0 0 0 0 0 0 0 0 0 0 0 0 0 0 0 0 0 0 0 0 0 0 0 0 0 0 0 0 0 0 0 0 0 0 0 0 0 0 0 0 0 0 2 1 0 0 0 0 0 0 0 0 0 0 0 0 0 0 0 0 1 
0 0 0 0 0 0 0 0 0 0 0 0 0 0 0 0 0 0 0 0 0 0 0 0 0 0 0 0 0 0 0 0 0 0 0 0 0 0 0 0 0 0 0 0 0 0 0 0 0 0 0 0 0 0 0 0 0 0 0 0 0 0 0 0 0 0 0 0 0 0 0 0 0 0 0 0 0 0 0 0 0 0 0 0 0 0 0 0 0 0 0 0 0 0 0 0 0 0 0 0 0 0 
11 15 12 0 5 8 17 7 18 12 20 13 16 9 7 16 27 30 7 5 9 4 2 11 7 0 7 24 2 104 24 91 79 43 62 25 111 143 232 100 56 23 90 270 107 246 116 164 200 507 19 12 57 30 8 2 15 39 0 28 2 2 0 14 20 14 7 1 1 0 11 12 3 3 35 15 5 26 88 50 67 62 79 146 122 168 115 403 149 0 0 16 111 215 85 428 33 186 105 63 30 213 
3 10 8 0 0 3 4 5 5 4 1 4 4 0 1 4 8 3 0 1 0 0 0 1 1 0 0 1 2 21 16 15 18 11 15 6 24 17 44 17 12 6 46 73 28 47 26 31 21 102 6 4 8 7 0 0 11 7 0 8 2 0 0 1 2 1 0 2 0 0 1 0 0 0 12 7 0 4 26 14 21 6 7 26 27 44 30 86 49 0 0 81 5 7 12 30 9 33 21 32 51 33 
0 4 1 0 2 2 1 1 5 4 1 6 2 0 1 1 3 1 1 0 0 0 0 2 0 0 0 2 0 17 11 13 23 25 12 6 25 23 43 18 21 11 39 89 54 54 40 57 45 139 3 6 12 7 8 2 9 18 0 7 0 0 1 3 2 2 0 1 0 0 0 1 0 0 21 16 8 25 25 43 21 11 21 72 42 63 60 102 63 0 0 86 10 5 5 43 6 40 24 18 10 81 
0 2 0 0 0 1 0 0 3 1 3 3 2 5 3 2 3 0 0 0 0 0 0 0 0 0 0 0 0 12 5 19 28 4 8 9 28 8 45 10 17 2 35 72 31 53 37 42 48 147 6 6 8 10 2 0 3 3 0 7 2 0 0 1 3 2 0 0 0 0 0 1 0 0 9 4 0 8 29 24 14 15 12 42 29 53 56 142 50 0 0 63 17 1 8 17 4 44 22 14 10 164 
1 4 1 0 0 1 2 0 1 1 3 1 1 4 0 3 6 0 0 0 0 1 0 2 0 0 0 5 0 9 10 21 21 7 6 4 10 22 29 15 14 8 67 50 31 80 18 27 13 85 7 3 14 12 2 0 5 1 0 6 1 3 0 2 0 1 0 0 0 0 0 1 0 0 16 5 6 21 39 10 13 10 11 42 26 53 21 114 50 0 0 118 17 29 22 7 25 85 12 9 5 58 
0 0 0 0 0 1 0 1 0 0 0 1 0 0 0 1 0 0 0 0 0 0 0 0 1 0 0 1 0 2 1 2 4 0 0 1 5 6 5 2 0 1 5 6 4 10 3 9 6 17 2 2 2 1 1 0 0 1 0 0 0 0 0 1 0 0 0 0 0 0 0 0 0 0 3 1 0 2 5 3 0 2 1 6 2 5 1 24 4 0 0 12 1 3 0 1 1 4 3 0 1 12 
1 4 1 1 0 1 7 3 1 1 0 1 7 0 0 1 2 0 0 1 0 0 0 0 0 0 0 3 0 5 1 3 5 2 4 4 8 7 22 2 5 5 30 59 13 27 12 19 24 53 2 2 5 5 1 1 1 0 0 2 0 0 0 0 2 0 0 0 0 0 0 0 0 1 5 4 5 8 12 7 12 7 13 24 15 26 19 73 22 0 0 59 9 14 9 27 1 5 1 3 1 36 
1 6 4 2 1 1 1 2 1 3 1 2 3 2 0 3 2 4 0 2 0 0 1 1 0 0 0 10 0 9 6 5 19 4 14 4 7 13 39 10 5 4 39 64 18 26 19 15 14 120 9 1 17 2 2 0 4 5 0 2 0 0 0 0 2 2 0 0 0 0 2 1 0 0 12 8 0 18 30 4 9 15 10 49 11 21 15 101 37 0 0 72 18 22 11 8 0 3 3 38 2 30 
0 0 0 0 0 0 0 0 0 0 0 0 0 0 0 0 0 0 0 0 0 0 0 0 0 0 0 0 0 2 0 2 0 0 0 0 3 2 3 3 3 0 4 16 4 5 0 3 5 14 1 1 0 0 0 0 1 2 0 0 0 0 0 0 1 0 0 1 0 0 1 0 0 0 2 10 1 4 1 0 11 0 23 8 23 1 5 17 4 0 0 12 3 0 2 5 0 1 4 1 2 6 
1 0 0 0 0 0 0 1 0 0 1 1 0 0 0 0 0 0 0 0 0 0 0 0 0 0 0 0 0 1 1 0 2 0 2 0 1 1 9 1 2 0 4 9 1 8 3 8 2 12 1 0 1 2 0 1 1 0 0 0 5 0 0 0 0 0 0 0 0 0 0 0 0 0 0 4 0 3 3 3 4 1 1 12 7 2 3 24 1 0 0 14 6 8 2 8 1 2 2 1 0 1 
12 27 10 1 0 10 8 4 6 8 8 5 15 5 2 12 12 7 3 5 2 0 0 11 1 0 0 15 1 48 14 37 45 13 25 32 51 49 81 56 54 8 131 169 101 148 114 75 96 446 38 20 39 20 6 1 9 16 0 12 2 1 3 5 3 1 0 3 2 0 3 5 4 2 23 18 2 18 49 26 25 32 34 105 55 78 53 440 128 0 0 132 31 109 88 90 15 64 34 11 4 13 
