13 21 71 7 28 32 66 60 74 37 31 61 96 199 140 87 75 34 46 8 10 11 17 60 15 0 1 44 123 3 1 4 32 19 6 7 8 10 41 20 15 2 20 25 26 20 12 6 7 55 12 3 9 4 2 7 7 13 0 0 2 8 4 1 11 24 2 4 2 2 6 5 0 4 3 11 0 5 15 1 0 1 4 5 4 4 4 51 3 0 0 3 0 1 7 6 0 0 0 1 0 22 
13 7 31 6 21 36 73 76 97 34 16 79 97 188 129 125 69 50 47 11 13 10 10 43 14 0 0 32 81 6 1 2 25 7 10 3 14 8 48 35 25 5 17 19 21 29 18 6 7 65 6 2 5 3 4 7 3 6 0 4 9 11 1 10 6 23 12 9 4 1 2 2 6 8 2 2 2 2 40 0 1 3 5 15 5 3 5 25 5 0 0 14 0 1 4 0 0 3 3 0 1 6 
22 24 20 9 17 75 78 74 105 49 22 71 102 226 111 77 76 38 35 10 13 13 4 34 9 2 0 43 172 2 1 5 15 6 5 4 7 7 23 33 20 1 21 16 16 25 25 15 9 49 10 3 7 2 6 9 3 8 0 2 4 23 2 9 3 27 6 4 2 5 2 2 9 3 2 3 0 1 19 0 5 1 0 14 1 8 1 18 3 0 0 14 17 2 5 2 0 4 2 0 0 12 
14 30 39 2 7 17 27 20 34 6 7 7 12 40 31 30 3 7 7 2 2 3 1 4 6 0 0 5 11 1 0 0 0 2 1 5 1 2 17 4 0 0 2 1 2 6 6 0 0 7 0 0 1 1 1 3 1 1 0 0 0 13 1 1 0 12 0 0 0 0 0 0 1 6 1 1 0 0 7 0 0 1 0 1 0 1 0 5 0 0 0 1 0 0 0 0 0 2 0 0 0 3 
24 22 21 1 4 11 27 15 16 5 16 24 16 53 38 52 23 7 9 13 3 6 4 25 6 1 0 10 9 0 0 1 6 3 0 8 1 2 24 9 5 0 6 5 2 3 14 0 2 28 4 4 1 1 0 5 0 1 0 0 7 5 0 7 1 7 1 0 1 2 0 1 2 7 0 0 0 8 12 0 0 0 1 0 1 0 0 5 1 0 0 3 2 0 0 1 0 0 0 0 0 2 
80 106 71 7 18 8 22 21 62 38 13 126 119 387 161 170 172 97 73 17 26 13 12 40 11 1 0 52 114 4 3 2 15 21 11 1 1 9 91 31 20 6 32 18 15 8 14 1 4 32 7 9 16 8 7 8 8 11 0 6 6 56 2 14 10 54 5 2 3 9 0 12 6 7 6 2 0 1 31 1 4 5 2 15 2 2 0 13 5 0 0 19 3 4 12 1 0 1 3 1 0 4 
64 60 51 13 25 20 9 62 57 44 28 44 143 228 128 86 81 45 53 18 10 13 5 21 13 0 0 19 63 2 2 4 14 15 11 2 3 4 46 38 18 6 23 8 27 34 14 2 4 40 15 3 9 6 9 8 11 18 0 1 6 62 13 19 20 28 2 4 2 1 4 3 2 8 3 2 0 4 25 0 0 1 1 4 1 11 2 12 8 0 0 35 4 0 2 4 0 2 2 0 1 7 
25 56 63 37 19 30 43 10 9 50 17 86 118 322 110 172 109 46 94 11 18 11 10 17 12 0 0 13 63 1 2 8 8 14 7 5 3 23 73 38 17 5 13 16 13 15 12 4 3 22 7 2 10 1 4 9 12 12 0 1 0 67 1 14 35 21 3 3 2 4 1 1 8 8 1 3 0 2 28 0 0 1 0 10 3 3 2 9 2 0 0 28 4 2 0 1 1 1 2 0 0 8 
74 78 110 11 32 60 80 31 10 14 41 120 121 287 162 161 147 60 69 15 17 36 16 28 8 4 2 28 89 1 5 9 16 7 9 1 4 13 122 55 29 4 13 20 9 28 20 1 5 40 5 11 11 7 3 20 6 3 0 3 1 41 8 18 12 56 5 10 2 3 1 1 2 9 1 0 1 0 15 0 1 0 1 4 5 2 4 8 5 0 0 31 3 2 3 0 0 0 2 0 0 7 
20 43 52 11 11 27 28 7 20 3 11 37 41 162 74 88 145 66 61 20 27 8 4 39 12 0 0 36 29 6 0 1 10 2 0 0 2 3 69 38 26 2 7 13 8 6 18 4 6 18 2 8 8 2 3 7 2 7 0 1 1 58 3 3 5 27 3 3 0 1 0 2 2 6 2 1 0 1 22 0 0 1 0 20 0 1 2 5 0 0 0 3 5 2 0 0 0 0 0 0 0 5 
18 23 36 7 25 25 20 26 31 14 3 17 31 113 40 70 76 38 47 10 9 5 26 12 5 9 2 26 28 4 4 2 3 1 1 0 0 1 73 21 13 1 10 17 8 17 8 5 1 20 9 4 4 2 1 1 16 4 0 1 0 25 1 6 4 5 2 1 1 0 2 5 2 2 0 1 2 0 7 1 0 1 0 0 0 0 0 3 0 0 0 10 2 0 2 0 0 0 1 0 0 2 
48 72 93 14 46 52 51 57 66 30 23 16 54 114 53 147 122 77 137 23 23 19 25 58 28 3 1 60 46 7 4 9 5 1 6 1 2 7 89 59 31 5 28 6 8 19 13 4 2 40 5 4 11 2 2 2 5 16 0 4 4 105 7 1 5 33 4 2 0 3 0 6 5 5 2 4 2 1 9 0 0 0 0 0 0 1 1 2 2 0 0 10 3 1 6 0 0 0 2 0 0 6 
36 67 57 13 39 89 61 48 76 70 22 26 11 102 48 124 116 88 160 52 47 28 24 63 32 6 2 83 53 13 2 8 19 17 13 1 7 8 42 55 38 4 11 17 12 19 15 3 8 33 8 4 14 8 2 7 21 13 0 4 11 79 2 1 4 6 5 1 1 1 2 3 3 5 0 1 3 2 48 3 1 0 0 0 0 0 0 11 7 0 0 29 5 5 2 1 0 0 4 0 0 11 
44 46 52 8 13 54 32 48 59 25 12 27 27 11 12 43 58 55 154 27 43 38 47 65 37 7 2 185 37 16 1 1 4 0 1 1 0 12 44 16 20 6 10 8 7 2 6 0 7 24 13 2 6 4 8 6 12 10 0 3 1 15 0 2 0 1 0 0 0 0 1 0 1 0 5 1 0 1 14 0 0 0 0 0 0 1 0 2 0 0 0 19 2 0 1 1 1 0 0 0 0 9 
48 74 85 22 38 70 63 84 90 100 25 82 46 38 8 26 50 76 100 41 53 22 35 67 40 8 7 129 42 4 4 20 16 4 7 4 0 1 22 18 26 3 14 15 10 10 7 3 6 25 5 5 6 8 0 9 10 9 0 4 6 50 2 2 0 0 0 0 0 0 1 0 3 3 4 3 3 5 41 0 0 0 0 0 0 2 0 3 0 0 0 8 2 2 0 1 0 0 1 0 0 2 
39 44 45 20 7 66 31 72 77 62 33 53 36 117 13 14 90 71 110 59 84 42 36 102 58 13 8 129 41 28 2 32 44 31 70 17 115 1 12 39 16 2 16 47 35 14 12 5 4 30 12 4 6 2 8 12 5 4 0 0 0 16 0 12 2 1 1 3 1 0 1 1 2 2 2 4 3 3 31 4 0 0 0 0 1 5 5 11 8 0 0 22 1 15 4 1 0 0 5 0 0 15 
23 32 31 3 22 42 34 46 64 46 41 63 74 309 91 122 12 81 110 18 101 51 52 100 31 3 5 98 37 27 14 23 65 54 113 25 105 19 104 117 73 3 56 75 59 56 34 9 15 68 13 2 12 10 5 1 10 8 0 4 9 28 1 8 4 1 0 0 0 1 0 1 0 2 10 7 2 2 40 9 2 0 1 2 0 7 7 13 4 0 0 37 4 3 2 1 0 0 0 1 0 14 
21 41 27 4 8 36 34 31 28 56 45 82 93 235 84 134 39 12 78 13 42 18 36 76 32 5 3 88 21 32 9 20 46 48 56 33 70 6 123 69 19 4 32 32 38 36 22 8 5 58 11 8 9 0 2 1 5 5 0 13 1 8 1 6 1 1 0 0 0 0 0 0 1 1 3 3 0 0 19 3 0 0 0 2 0 5 1 17 21 0 0 21 4 1 0 1 0 0 1 0 0 3 
28 49 40 11 13 35 27 29 53 42 17 54 55 229 81 95 56 30 3 8 34 24 57 67 31 11 2 77 26 13 7 12 35 18 37 6 23 9 50 10 12 1 10 23 10 13 20 0 4 29 6 6 1 2 5 0 3 2 0 0 1 6 0 6 0 1 0 0 0 0 0 0 0 0 0 0 0 1 5 2 1 0 0 1 0 4 0 6 0 0 0 3 0 1 0 0 0 2 1 0 0 0 
12 33 15 6 9 19 14 13 28 21 21 61 54 134 118 176 182 83 82 10 6 13 10 38 23 15 2 131 26 6 5 6 28 3 20 16 16 27 86 25 15 2 19 7 28 13 6 0 4 18 2 3 5 0 1 3 1 3 0 1 1 5 0 0 0 0 0 1 0 0 0 0 2 0 7 0 1 0 3 0 0 0 0 1 0 2 7 4 1 0 0 12 0 0 0 0 0 0 1 0 0 1 
12 14 19 0 4 14 3 15 23 19 11 50 71 303 131 377 196 142 104 4 6 6 21 19 14 8 20 84 6 6 14 4 10 2 24 17 48 16 134 33 22 7 18 9 11 18 10 2 2 29 0 0 0 0 0 1 0 0 0 2 0 0 0 0 0 0 0 0 0 0 0 0 0 0 2 1 0 0 5 0 0 1 0 0 0 5 1 16 2 0 0 3 0 0 4 0 0 0 0 0 0 1 
24 26 16 2 13 34 12 19 32 36 29 72 115 461 205 317 244 100 132 13 17 8 36 30 22 35 16 197 9 10 3 2 24 13 25 17 52 32 162 12 19 4 7 16 14 18 17 4 14 38 1 0 3 3 0 3 1 2 0 5 0 2 0 1 1 0 0 0 0 0 0 0 0 0 1 0 2 0 8 1 0 0 1 0 0 2 0 10 1 0 0 3 1 0 0 0 0 0 2 0 0 0 
7 6 15 5 2 11 12 14 25 27 8 45 62 154 192 303 181 137 175 37 82 23 2 10 11 20 5 191 11 1 9 3 26 9 43 16 42 14 138 28 6 0 10 15 14 25 16 4 3 25 4 1 14 5 1 1 1 1 0 0 2 2 1 3 0 0 0 0 0 0 0 0 0 0 3 0 1 0 6 1 2 0 0 1 0 0 0 5 0 0 0 9 0 1 0 0 1 0 0 0 0 2 
20 20 25 3 12 21 13 38 12 64 23 85 94 337 226 449 446 263 240 71 121 46 20 12 9 67 18 187 10 10 4 3 39 20 70 24 63 30 175 47 36 2 21 23 30 47 35 3 11 113 13 1 13 6 4 7 7 5 0 1 0 7 0 0 1 0 0 0 0 0 0 0 0 0 8 1 1 2 18 0 2 0 2 1 2 2 2 16 7 0 0 13 1 1 1 0 0 0 4 0 0 4 
29 20 15 5 8 26 10 24 15 49 13 44 75 141 102 153 106 103 111 46 75 9 22 12 10 11 17 99 15 20 3 9 122 9 28 13 63 14 65 36 53 8 21 24 34 62 23 8 8 124 23 5 30 7 1 4 2 13 0 3 3 3 2 2 0 1 0 0 0 0 0 0 0 1 7 6 2 1 34 3 1 1 1 5 4 6 4 56 2 0 0 23 0 1 2 1 2 3 2 0 0 10 
0 2 1 0 0 1 0 1 0 2 1 1 3 8 14 24 17 10 36 19 17 26 8 42 3 1 1 26 0 1 3 0 9 0 1 0 2 1 18 0 0 0 1 1 0 0 3 2 0 1 0 0 0 0 0 0 0 0 0 0 0 0 0 0 0 0 0 0 0 0 0 0 0 0 0 0 0 0 1 2 0 0 0 0 0 0 0 0 0 0 0 0 0 0 0 0 0 0 0 0 0 0 
1 1 3 0 2 1 1 4 3 6 2 3 10 31 18 65 53 50 9 19 48 31 20 77 30 8 3 143 0 2 0 2 4 2 3 1 15 4 35 1 5 0 2 8 3 0 4 0 0 6 1 0 0 1 0 0 0 0 0 0 0 6 0 1 1 0 1 0 0 0 0 0 0 0 0 1 0 1 4 0 0 0 0 0 0 0 1 5 0 0 0 3 0 0 0 0 0 0 0 0 0 0 
25 33 49 5 16 28 13 25 37 49 6 43 85 236 213 257 257 127 154 93 139 88 123 123 55 25 20 21 15 4 7 6 50 10 38 10 105 31 99 43 42 2 39 37 46 50 45 19 14 150 13 6 16 11 6 2 6 8 0 3 3 2 1 2 4 1 0 0 0 0 0 0 0 0 4 6 1 3 23 6 1 3 2 2 0 9 2 33 6 0 0 24 2 1 1 1 0 1 2 0 1 12 
5 5 12 0 0 7 3 3 5 2 4 3 3 6 4 11 8 4 2 0 2 2 0 2 0 0 0 4 1 0 1 0 0 0 8 0 0 0 0 1 2 0 0 0 3 0 1 0 0 2 0 0 0 0 0 0 0 1 0 0 1 1 0 0 1 0 0 1 0 0 1 0 0 0 0 0 0 0 2 0 0 0 0 0 1 1 0 0 0 0 0 0 0 0 0 0 0 0 0 0 0 0 
4 5 6 0 3 4 15 9 9 10 11 13 16 14 15 127 99 75 59 13 8 10 7 23 7 0 0 5 5 26 131 283 877 471 1163 529 1448 468 650 306 155 22 154 171 132 146 119 28 36 335 13 6 15 22 5 8 16 31 0 26 26 219 7 70 76 162 19 43 19 9 7 10 11 1 6 5 2 7 56 4 2 16 4 6 1 31 8 119 39 0 0 116 25 20 30 16 6 5 16 1 0 42 
1 0 0 0 0 4 4 1 1 2 6 2 10 5 3 22 33 33 23 3 2 2 0 8 1 0 0 3 7 54 11 152 292 114 377 192 501 142 166 84 48 5 62 40 30 48 25 8 8 80 4 4 16 8 2 6 2 7 0 12 19 107 4 14 49 69 18 13 11 8 0 1 6 1 18 2 0 3 16 1 2 0 1 1 2 8 6 27 6 0 0 48 5 6 15 1 0 2 12 0 0 7 
1 8 5 1 0 4 1 7 3 3 1 8 21 4 12 99 153 60 35 7 1 1 1 8 1 0 0 8 4 186 130 16 257 101 544 246 961 390 743 259 159 28 125 136 84 116 93 20 32 212 18 12 15 3 2 5 15 5 0 20 8 182 5 17 63 113 14 14 5 2 0 11 8 3 4 4 2 2 38 9 10 2 1 5 1 17 6 53 31 0 0 135 22 24 12 13 0 1 9 0 1 24 
4 4 4 0 0 5 3 7 2 1 1 4 5 2 13 18 33 24 10 2 0 1 8 11 10 0 3 15 2 183 88 91 24 28 161 68 301 116 259 133 88 19 99 64 62 100 73 32 19 220 20 9 16 8 6 10 7 12 0 12 2 45 1 3 11 51 5 6 5 3 9 10 5 4 6 5 1 1 26 1 5 4 1 5 0 10 3 66 15 0 0 42 15 11 12 5 0 2 0 0 3 30 
2 3 1 0 2 0 2 0 1 0 0 18 4 3 1 32 48 28 39 2 5 4 1 9 9 0 1 7 2 113 22 83 47 5 35 50 239 130 328 179 64 6 95 80 56 80 40 15 12 133 8 4 20 14 5 2 6 15 0 3 1 93 6 0 20 52 17 12 7 14 18 26 27 13 1 2 0 4 43 2 5 3 1 8 0 3 1 20 11 0 0 102 22 5 15 6 4 2 3 0 0 15 
2 6 2 0 0 3 0 3 0 1 3 0 4 2 13 16 27 32 40 1 17 7 2 22 5 3 0 18 4 149 42 132 141 56 9 18 186 55 265 170 88 10 77 102 47 59 29 10 12 76 7 0 9 7 5 3 6 12 0 3 7 145 0 14 5 40 0 3 3 7 13 11 23 6 4 1 0 0 16 0 0 0 0 0 0 6 1 24 15 0 0 68 19 6 5 8 1 4 2 0 1 15 
2 8 1 1 0 4 3 1 1 2 1 1 2 2 2 17 34 53 25 4 9 12 0 15 4 1 0 8 4 169 38 134 195 56 58 11 307 96 109 108 86 12 87 103 43 69 51 14 7 98 3 2 7 3 0 3 4 1 0 5 14 67 9 6 14 10 5 1 2 5 6 6 7 3 1 0 0 0 15 2 0 0 0 2 0 4 8 25 2 0 0 63 10 8 13 6 0 2 2 0 1 13 
2 2 0 0 0 0 6 0 1 1 0 0 0 1 0 10 11 6 13 4 8 0 4 5 15 0 1 10 1 201 74 165 206 76 96 112 22 65 242 250 152 50 145 128 87 134 135 40 15 204 2 3 4 6 0 1 2 3 0 0 3 29 7 8 6 7 4 8 2 4 6 5 12 9 0 0 0 0 5 0 0 0 0 0 0 11 3 32 7 0 0 146 12 38 8 6 1 0 6 4 0 33 
7 11 7 1 2 3 1 11 12 23 1 5 5 19 3 2 16 25 22 6 9 9 19 19 9 0 0 26 2 172 34 161 245 145 184 45 223 22 190 403 188 37 267 323 154 215 120 21 30 285 4 3 2 2 0 4 1 4 0 0 2 87 5 24 12 8 4 9 1 4 3 11 11 17 3 1 0 1 11 1 1 1 2 0 2 15 4 77 45 0 0 303 40 42 17 8 0 4 7 0 0 33 
5 14 15 3 5 7 13 7 17 16 5 12 17 46 5 7 23 16 38 7 20 13 5 24 11 0 0 36 3 90 59 148 179 109 167 73 471 84 14 354 235 38 200 372 149 269 176 42 22 288 4 1 10 6 2 6 3 1 0 22 11 111 10 45 19 28 9 2 4 2 8 12 17 11 1 5 0 9 20 3 6 3 1 4 0 16 7 76 59 0 0 343 62 50 17 14 3 4 18 1 2 42 
30 36 16 0 7 32 20 27 32 22 40 34 49 108 37 84 100 52 111 28 12 13 19 39 19 0 3 37 12 119 65 268 302 339 672 224 1359 501 1203 31 83 98 325 615 271 597 295 108 79 429 9 7 12 6 2 3 4 8 0 1 12 106 2 59 30 28 7 4 6 0 6 7 10 12 6 4 1 2 15 17 3 5 3 13 8 5 9 37 61 0 0 227 42 26 16 20 0 2 4 2 1 45 
12 11 21 0 8 8 4 11 16 8 7 23 12 43 22 40 94 57 28 9 7 3 11 40 17 4 1 45 17 73 29 90 196 112 204 81 557 253 535 61 11 16 137 232 111 419 157 78 32 248 6 4 8 0 2 1 2 1 0 0 3 42 0 21 8 26 8 2 3 3 7 4 7 2 1 3 0 2 3 2 1 2 4 7 3 6 12 12 34 0 0 105 19 32 56 10 0 9 10 0 0 27 
6 3 2 0 0 1 1 1 1 9 1 4 6 12 3 0 17 9 5 15 7 0 1 8 0 0 0 4 2 13 7 7 21 20 23 10 113 47 112 39 33 1 51 91 52 66 30 6 3 62 1 1 6 0 0 1 2 2 0 0 0 3 0 6 2 5 2 0 2 0 1 0 6 0 5 0 1 0 4 2 0 2 3 15 0 21 3 40 20 0 0 55 7 11 7 10 0 5 3 0 0 14 
5 7 2 1 4 6 9 10 13 8 4 3 12 2 7 33 40 19 15 3 4 6 1 9 9 0 1 9 2 37 7 63 132 48 137 29 219 162 227 99 33 9 14 60 90 172 74 43 25 183 13 5 14 5 2 4 5 2 0 1 6 15 3 17 12 13 2 9 0 1 2 2 2 3 6 7 6 3 22 11 19 16 30 50 32 53 28 148 58 0 0 100 31 42 41 18 7 13 39 1 8 132 
6 20 15 0 4 1 3 8 7 2 4 2 6 4 11 30 37 18 19 4 13 2 1 14 6 0 1 14 3 36 7 52 103 47 131 29 231 147 306 185 73 20 62 21 283 273 145 39 70 381 15 6 18 8 4 2 5 10 0 5 2 8 0 15 14 14 2 0 0 0 2 2 7 6 11 9 6 3 30 19 11 26 14 109 33 93 40 88 43 0 0 332 50 109 112 50 7 22 34 7 8 111 
18 11 17 0 3 7 1 15 10 9 3 3 8 15 3 18 53 26 21 6 5 2 2 36 15 0 0 20 4 50 24 62 145 59 147 59 297 151 231 231 142 42 199 152 29 273 140 101 72 492 6 3 14 1 3 2 0 2 0 1 2 21 4 4 5 13 11 0 0 1 5 6 3 4 2 2 3 5 14 6 4 8 9 44 15 27 15 60 18 0 0 275 33 88 58 33 1 5 17 4 1 69 
5 13 10 0 3 12 5 12 6 5 4 12 13 6 2 35 32 48 19 8 4 5 2 20 9 0 0 24 3 38 8 53 142 48 93 26 241 135 229 289 156 26 200 277 99 11 100 114 80 399 14 4 10 5 1 5 9 3 0 1 2 17 1 7 5 16 6 3 3 0 4 4 3 9 5 5 0 5 12 12 7 11 4 23 19 36 33 108 16 0 0 244 70 63 45 43 3 9 28 2 2 81 
10 12 8 1 4 9 10 10 10 8 7 10 7 11 14 26 17 19 27 5 5 8 2 27 9 0 1 35 15 50 20 47 198 47 100 46 245 131 225 259 174 33 173 364 204 169 17 113 82 296 14 13 11 4 2 4 5 7 0 2 0 23 4 13 8 15 4 9 3 2 1 1 5 2 7 7 0 5 21 6 3 14 6 41 11 66 38 107 18 0 0 203 60 59 72 20 4 16 19 2 0 112 
5 9 8 2 2 8 6 12 9 5 1 10 7 15 3 33 19 22 26 3 2 3 1 16 4 1 1 18 3 19 8 36 108 10 57 26 152 100 255 243 230 38 412 791 332 1022 428 15 54 1104 3 1 10 0 1 2 0 17 0 1 1 14 1 6 5 14 4 6 0 0 0 4 7 7 10 3 1 3 18 6 1 5 3 26 8 43 48 126 62 0 0 612 79 115 77 21 5 5 27 0 0 59 
16 16 8 0 6 5 8 8 11 9 5 11 8 14 1 19 34 33 30 4 6 1 5 21 9 0 0 22 12 33 16 46 147 42 99 38 176 105 195 287 190 54 582 1427 547 1753 965 267 12 2365 16 1 12 2 2 5 4 8 0 1 1 13 3 12 11 45 1 6 3 2 1 2 6 4 11 1 2 3 21 5 8 15 6 58 16 56 26 176 83 0 0 782 68 168 106 64 10 20 24 5 1 71 
30 31 25 3 21 38 14 28 40 49 25 50 25 53 18 49 89 103 82 14 15 10 22 143 27 1 1 86 23 154 48 161 898 105 239 132 575 322 575 433 468 72 783 1506 563 1662 568 415 145 43 38 26 54 17 4 12 12 14 0 3 12 43 1 42 20 59 7 29 9 6 11 10 16 20 40 27 9 8 90 25 19 45 26 104 31 144 68 647 167 0 0 832 121 157 204 48 4 32 71 7 3 265 
6 7 19 0 9 11 5 19 7 12 1 8 15 40 13 34 11 11 7 0 3 3 2 30 7 0 0 28 3 7 3 13 61 28 16 13 34 5 19 10 12 1 11 22 17 15 23 5 2 42 6 7 107 58 19 29 33 81 0 53 12 26 14 30 20 42 11 9 2 6 2 4 26 11 13 9 1 1 123 14 10 6 13 28 7 18 9 57 14 0 0 14 3 7 13 5 0 6 8 1 1 29 
5 2 2 0 1 7 10 5 3 10 0 6 6 24 8 17 8 8 5 0 0 1 0 9 2 0 0 13 4 4 0 6 32 13 24 10 20 2 7 12 5 0 20 9 7 10 8 1 1 22 23 2 29 18 5 6 35 23 0 46 5 18 1 10 13 28 9 22 4 6 5 2 6 10 3 4 0 5 70 10 3 2 9 30 9 3 4 28 9 0 0 23 5 2 2 2 1 0 5 0 0 14 
8 11 16 1 0 5 16 9 10 7 11 9 9 22 16 27 26 20 13 0 0 3 5 26 8 0 1 19 12 10 5 9 77 17 25 9 29 6 31 17 8 2 18 24 17 28 16 2 4 72 36 14 3 18 16 14 20 68 0 64 16 31 13 26 16 59 4 29 7 14 6 8 16 18 7 8 4 15 132 18 15 4 6 54 6 20 5 59 10 0 0 18 8 10 7 3 2 8 13 0 0 27 
5 6 10 4 4 5 9 5 5 6 7 8 12 34 20 39 22 9 11 1 0 7 2 10 5 0 0 6 5 10 5 11 31 22 27 9 26 6 36 18 10 5 20 22 7 16 5 2 5 15 58 53 36 11 36 23 37 81 0 80 12 59 20 47 38 57 17 19 5 13 15 10 9 12 2 11 6 10 137 11 21 3 6 67 5 19 6 25 2 0 0 31 8 6 2 4 0 9 8 0 0 12 
3 5 5 5 1 7 2 13 4 6 2 3 2 11 7 13 10 4 3 0 1 1 0 8 3 0 0 4 2 5 1 10 21 5 12 5 7 0 4 6 0 0 6 4 3 4 3 1 4 10 17 33 37 7 1 10 20 48 0 30 22 51 8 24 25 27 2 8 0 8 1 4 3 7 3 12 3 11 76 14 5 5 3 33 0 5 0 10 4 0 0 10 1 8 2 2 0 0 1 0 0 8 
1 2 1 0 0 1 0 1 5 0 1 0 2 13 5 3 2 16 0 0 1 1 1 4 0 0 0 7 1 1 1 4 20 12 14 0 7 1 9 13 1 0 1 5 1 6 4 2 1 8 14 5 16 6 0 3 4 8 0 19 4 40 7 13 0 9 6 7 2 1 2 0 7 4 0 4 0 4 66 4 3 1 0 10 0 5 1 14 0 0 0 5 1 1 2 0 0 0 0 0 0 2 
7 2 4 0 12 19 1 2 3 3 1 21 18 38 21 21 28 18 6 2 6 2 0 12 3 0 0 11 3 10 0 6 41 20 54 2 18 4 18 15 2 0 16 14 5 19 7 2 5 32 41 13 46 17 15 6 8 15 0 36 36 108 3 50 44 53 8 11 1 7 2 9 8 14 12 16 3 12 89 11 10 2 3 74 10 13 8 29 3 0 0 18 2 3 13 4 0 6 4 0 1 14 
3 7 11 6 22 48 9 29 18 7 5 36 12 81 23 55 36 13 37 10 0 5 2 7 7 1 0 13 19 13 6 27 43 43 84 5 10 5 29 17 2 4 13 21 8 12 20 3 2 33 45 16 83 32 41 31 9 9 0 82 35 270 35 49 60 87 12 31 6 13 6 20 12 13 18 66 6 16 174 16 12 12 4 99 15 12 8 23 16 0 0 46 3 9 17 4 0 2 0 0 0 13 
0 0 0 0 0 0 0 0 0 0 0 0 0 0 0 0 0 0 0 0 0 0 0 0 0 0 0 0 0 0 0 0 2 0 0 0 0 0 0 0 0 0 0 0 0 0 0 0 0 0 0 0 0 0 0 0 0 0 0 0 0 0 0 0 0 0 0 0 0 0 0 0 0 0 0 0 0 0 0 0 0 0 0 0 0 0 0 0 0 0 0 0 0 0 0 0 0 0 0 0 0 0 
12 36 28 2 4 9 16 3 7 3 2 22 19 80 20 56 55 32 16 6 10 4 5 25 11 1 1 23 7 15 22 16 19 21 43 3 3 3 12 14 6 3 4 23 11 7 6 3 1 11 48 19 68 29 28 52 35 28 0 2 8 115 23 61 79 102 25 33 18 17 13 11 23 21 11 9 4 3 102 3 1 6 6 27 6 15 2 25 8 0 0 18 11 4 8 4 0 3 1 2 1 12 
3 1 3 0 0 3 0 0 0 0 1 0 8 7 0 0 2 1 1 0 0 1 1 3 3 0 0 1 2 11 1 4 11 7 12 2 1 3 13 1 3 0 3 3 4 2 0 0 0 12 19 8 25 6 8 13 8 13 0 4 2 68 24 26 26 45 21 26 17 12 9 15 26 10 9 2 0 4 28 3 3 1 2 11 2 3 4 15 6 0 0 5 1 2 1 1 2 2 0 0 0 2 
1 0 0 0 0 0 1 2 0 1 2 0 0 2 0 0 0 0 0 0 0 0 0 0 1 0 0 0 0 3 1 2 3 2 2 2 9 2 4 2 0 0 1 1 0 2 2 1 0 5 3 1 7 0 1 4 1 1 0 2 6 1 0 2 1 18 5 5 7 4 0 2 2 0 0 0 0 1 10 1 0 1 0 0 1 0 0 4 3 0 0 0 0 0 1 1 0 0 0 0 0 1 
2 35 1 2 0 0 1 2 1 2 0 1 1 6 2 1 0 2 0 0 0 0 0 1 0 0 0 3 1 6 2 2 3 3 7 7 22 10 5 5 4 0 3 2 2 2 2 0 1 5 14 20 6 12 8 11 10 8 0 5 6 0 1 21 40 67 13 15 7 6 5 1 6 13 1 4 1 0 10 3 5 1 0 0 0 5 1 5 1 0 0 6 0 1 0 0 0 0 0 0 0 0 
5 5 2 0 0 1 1 3 3 1 1 2 1 1 0 0 2 4 2 1 2 0 0 0 1 0 0 0 3 9 8 8 12 2 34 17 77 33 52 18 14 0 15 14 5 17 11 4 1 26 20 14 21 16 13 19 35 18 0 21 13 365 7 0 18 85 16 8 12 17 8 36 35 13 8 6 3 13 40 10 2 0 1 9 2 1 0 3 6 0 0 5 2 1 0 1 0 1 1 0 0 4 
5 14 9 0 4 11 5 13 4 4 2 0 15 6 0 2 5 1 2 0 0 0 0 0 0 0 0 2 4 23 12 40 82 29 28 16 90 12 95 17 14 1 20 14 21 19 31 8 1 33 25 12 30 18 18 18 23 24 0 27 24 306 35 40 9 58 30 54 15 60 54 43 96 46 10 5 10 8 65 12 8 5 5 10 3 6 1 14 12 0 0 16 1 0 4 0 0 1 0 0 0 14 
8 9 10 3 4 4 14 14 6 2 3 22 1 1 1 1 1 0 0 0 0 0 0 3 1 0 0 1 6 32 19 44 64 31 64 32 80 32 66 13 9 2 11 15 21 18 15 7 4 40 43 20 35 20 11 11 16 44 0 51 68 420 63 83 39 18 18 47 39 65 60 78 132 116 7 8 7 6 121 8 22 4 3 8 4 8 6 14 2 0 0 11 1 1 0 0 0 0 0 0 0 4 
2 5 3 0 0 3 3 2 5 2 1 1 2 0 0 2 0 0 0 0 0 0 0 0 0 0 0 0 2 6 10 31 31 5 20 13 35 10 32 12 3 0 7 9 8 4 7 1 2 7 15 4 21 5 3 2 3 10 0 26 22 143 26 60 66 35 6 13 27 33 66 36 71 50 6 0 2 3 21 6 4 0 1 4 0 3 5 1 1 0 0 0 0 1 1 0 0 0 1 0 0 2 
8 7 3 1 2 6 3 10 4 3 0 3 1 1 0 1 0 1 0 0 0 0 1 1 0 0 0 0 12 15 17 19 44 31 66 20 88 11 19 7 3 4 5 8 10 10 6 2 5 23 12 10 43 11 7 22 11 24 0 20 59 232 46 41 106 93 11 4 9 32 47 51 80 149 3 2 3 3 56 5 4 5 1 8 5 4 2 8 4 0 0 2 0 1 0 0 0 0 1 0 0 4 
3 4 3 1 0 4 2 2 0 0 1 0 0 0 0 0 0 1 0 0 0 0 0 0 0 0 0 0 1 7 2 2 27 5 11 4 7 1 10 0 1 0 2 1 2 8 7 0 3 3 5 2 13 3 0 0 2 12 0 8 5 61 5 21 49 69 28 8 1 9 22 30 24 23 1 3 0 2 19 4 1 0 3 1 2 3 1 2 2 0 0 0 0 0 0 0 0 0 0 0 0 0 
3 2 5 0 1 1 3 8 2 1 1 2 0 0 0 2 0 0 0 0 0 0 0 0 0 0 0 0 7 6 11 18 30 34 83 16 16 4 10 4 3 1 1 8 3 2 1 3 0 11 12 14 48 9 9 11 13 10 0 18 23 301 28 67 173 205 43 36 18 8 23 58 109 210 7 2 0 2 36 3 3 6 4 9 2 1 0 6 2 0 0 3 0 0 0 1 0 0 0 0 0 0 
6 7 4 1 4 4 7 7 6 3 5 1 2 3 2 7 0 1 0 0 0 0 1 0 0 0 0 1 4 3 2 6 56 54 74 17 94 18 56 17 12 2 5 26 9 21 12 7 1 41 14 6 36 11 2 9 16 22 0 50 33 135 29 77 153 300 63 84 68 88 1 54 91 92 1 3 1 2 39 3 4 7 2 25 2 9 4 10 3 0 0 17 0 0 2 1 0 0 0 0 0 2 
7 4 4 2 1 2 9 5 0 4 0 7 3 2 3 3 1 0 0 0 0 0 0 0 1 0 0 0 7 14 2 5 36 72 85 27 59 15 45 10 10 0 12 18 7 26 7 2 2 24 24 5 22 6 8 8 5 4 0 48 29 112 22 92 201 272 72 143 29 63 23 4 98 135 9 4 3 1 38 5 2 6 2 19 6 14 1 8 2 0 0 5 1 2 0 0 0 0 0 0 0 1 
5 5 9 0 5 3 5 2 5 0 0 1 0 0 0 3 0 0 1 0 0 0 1 0 0 0 0 0 3 3 2 2 18 31 20 15 18 5 19 4 8 0 4 2 5 3 3 1 0 25 18 15 15 6 9 6 7 11 0 21 13 60 8 39 57 172 47 51 24 57 39 64 7 46 8 6 3 1 42 3 5 6 0 6 2 2 0 13 0 0 0 3 1 1 0 0 1 0 0 0 0 3 
2 3 4 0 0 5 1 4 3 4 0 1 6 4 2 1 3 0 0 0 1 0 0 1 0 0 0 0 2 0 1 1 3 16 22 11 21 4 11 3 11 1 3 3 3 6 2 1 0 15 24 9 15 12 6 8 10 8 0 38 21 27 5 21 52 152 19 44 12 80 38 57 72 3 12 7 1 6 30 2 7 4 8 12 3 4 1 9 4 0 0 1 0 0 1 0 0 0 1 0 0 4 
1 2 3 1 2 1 2 2 4 13 3 5 8 31 21 14 9 8 4 3 1 1 0 6 1 0 0 9 3 6 8 7 45 7 24 4 12 3 21 10 12 3 26 38 18 39 19 4 5 69 8 4 6 7 6 38 33 51 0 49 9 18 10 21 10 37 4 11 1 4 6 3 12 7 6 19 8 26 389 74 39 20 34 162 25 50 4 91 11 0 0 53 11 21 20 7 2 25 6 1 2 41 
2 4 6 0 5 2 3 6 17 14 3 13 6 23 15 19 10 4 0 1 0 1 1 9 3 0 0 8 5 10 0 14 24 6 10 5 9 2 14 14 20 1 33 49 18 45 30 5 7 55 19 4 24 14 10 44 52 133 0 49 26 27 2 16 11 35 1 2 3 7 5 9 5 17 3 5 10 30 484 90 64 34 49 192 40 47 26 82 12 0 0 46 12 20 14 7 1 11 10 2 0 17 
0 1 1 0 0 2 5 2 0 3 1 0 6 1 1 4 4 1 2 1 0 0 0 4 0 0 1 1 0 5 0 1 4 4 4 1 2 4 6 2 0 0 9 3 15 4 1 1 1 11 4 5 3 12 7 11 23 22 0 13 3 5 0 3 10 10 0 2 1 0 0 3 3 2 12 11 1 21 192 40 21 3 19 60 16 0 6 16 4 0 0 17 0 5 2 2 0 4 0 0 0 4 
4 8 5 6 6 5 9 11 9 1 3 4 8 17 4 16 19 8 8 0 2 0 3 4 2 0 0 6 4 9 0 15 12 10 12 5 3 1 7 11 3 2 27 57 20 40 20 3 5 33 12 9 42 19 9 27 51 63 0 41 8 103 15 34 9 28 4 10 6 6 8 10 7 3 36 56 27 3 175 51 25 12 15 207 43 43 16 87 20 0 0 48 9 21 22 4 3 3 9 0 1 25 
15 18 6 18 5 10 4 7 15 5 5 17 13 47 41 75 43 22 21 10 3 2 3 18 5 2 0 26 15 21 10 26 86 51 62 11 13 6 35 23 19 5 37 91 36 32 29 12 5 65 66 79 96 39 32 60 51 85 0 60 29 266 45 117 67 163 42 48 12 30 14 23 37 35 67 95 27 23 14 27 34 24 25 312 43 45 17 111 34 0 0 77 19 32 35 8 3 8 16 5 3 30 
2 4 2 0 1 1 1 0 0 1 0 0 4 10 10 4 16 11 6 1 1 0 1 16 0 0 0 9 5 11 2 4 14 6 10 1 5 7 18 11 29 2 78 74 18 50 19 5 10 67 19 8 20 7 7 15 25 18 0 9 7 80 22 23 16 44 12 19 0 6 4 0 8 10 23 50 25 26 132 4 23 30 31 353 75 69 16 69 14 0 0 67 21 24 20 7 5 6 9 1 0 44 
1 9 2 1 6 2 2 4 1 5 2 2 5 2 2 5 1 1 3 0 1 1 0 4 0 0 0 7 4 6 5 2 23 7 4 0 2 0 10 17 14 8 43 98 23 35 33 8 4 69 7 10 11 11 9 3 26 25 0 5 5 54 12 19 26 30 2 7 4 4 5 3 14 5 22 42 5 14 244 46 4 24 11 228 78 47 17 63 19 0 0 105 18 31 21 10 6 14 10 2 3 38 
2 5 7 0 6 2 5 1 1 1 1 0 0 1 0 2 2 0 1 0 0 0 0 3 0 0 1 2 0 2 1 0 13 2 7 1 0 2 11 7 11 3 55 66 22 43 18 12 4 58 13 0 1 5 4 3 9 13 0 4 3 32 4 16 2 14 2 1 4 0 6 4 2 5 5 17 9 12 36 19 20 0 4 111 19 43 12 67 24 0 0 70 13 16 18 3 3 4 6 4 2 36 
4 5 1 0 4 0 2 1 1 3 0 0 2 0 1 1 0 2 1 1 0 0 0 1 1 0 0 1 2 7 0 7 14 2 4 0 1 0 7 9 25 2 68 145 16 47 63 9 8 80 17 9 26 4 3 12 8 21 0 23 8 58 0 21 4 6 7 8 4 6 3 4 9 8 26 65 3 18 232 56 36 10 4 270 88 66 21 76 43 0 0 129 27 37 33 13 0 10 15 0 1 32 
3 5 7 0 0 4 0 4 9 7 0 0 0 0 0 0 1 0 2 0 1 0 0 2 0 0 0 3 1 4 2 2 9 6 2 1 0 2 15 22 16 4 129 194 27 80 21 17 6 106 17 12 20 19 6 17 34 21 0 33 9 45 1 1 5 20 1 5 8 2 0 1 12 8 45 63 18 46 263 99 53 28 61 10 56 91 15 124 53 0 0 226 50 55 41 29 3 14 26 8 3 62 
6 4 1 1 1 3 0 6 6 2 2 0 1 0 0 0 0 0 0 1 0 2 0 1 0 0 0 0 7 2 2 5 9 4 1 2 1 5 21 25 29 22 200 402 46 89 62 25 16 80 18 5 18 19 10 7 39 21 0 13 8 40 0 7 5 13 2 2 3 0 1 4 9 5 18 38 6 31 201 54 76 23 55 166 7 144 42 138 78 0 0 370 30 99 74 36 4 13 15 3 3 50 
7 11 0 1 0 4 1 1 4 3 0 0 0 1 1 4 3 3 5 3 3 3 0 6 0 0 0 8 3 13 2 6 25 7 14 2 41 17 54 8 24 14 219 430 59 193 144 29 27 105 19 11 18 3 5 7 13 10 0 25 4 17 1 9 5 12 2 0 0 1 1 1 5 3 18 25 10 15 66 46 46 28 16 175 51 4 12 78 63 0 0 458 69 106 58 17 8 21 23 5 8 77 
8 6 3 1 0 6 4 1 2 2 3 1 0 2 1 3 13 6 2 9 0 0 0 4 1 0 0 7 4 9 4 12 30 5 14 3 34 30 92 44 35 11 179 373 58 110 55 26 9 82 5 5 16 4 1 4 9 11 0 15 6 11 7 8 7 8 0 0 1 0 2 3 5 5 13 14 5 7 38 21 19 29 37 152 33 55 8 43 46 0 0 336 56 114 95 18 4 20 10 5 1 76 
29 36 21 4 8 16 8 12 8 15 3 4 8 17 8 20 52 36 36 11 5 6 5 50 26 1 1 65 9 107 24 59 230 42 105 49 242 147 284 122 54 55 455 780 165 576 272 100 77 671 34 20 56 14 7 17 32 35 0 39 24 51 13 26 21 30 16 13 8 5 11 15 12 13 75 33 17 34 159 70 62 58 78 306 83 123 80 19 71 0 0 1246 166 330 197 95 25 72 102 9 12 393 
2 4 1 1 1 14 1 5 1 2 1 0 10 5 2 23 11 10 6 2 0 1 2 3 3 0 1 6 1 15 1 18 56 26 52 19 91 38 99 93 64 28 213 249 37 179 65 16 26 122 4 3 12 3 4 3 6 8 0 10 3 13 0 3 3 8 0 0 1 2 0 5 2 0 11 7 0 7 32 17 21 19 17 97 15 95 77 50 10 0 0 542 86 107 81 52 8 12 21 2 2 86 
0 0 0 0 0 0 0 0 0 0 0 0 0 0 0 0 0 0 0 0 0 0 0 0 0 0 0 0 0 0 0 0 0 0 0 0 0 0 0 0 0 0 0 0 0 0 0 0 0 0 0 0 0 0 0 0 0 0 0 0 0 0 0 0 0 0 0 0 0 0 0 0 0 0 0 0 0 0 0 0 0 0 0 0 0 0 0 0 0 0 0 0 0 0 0 0 0 0 1 0 0 0 
0 0 0 0 0 0 0 0 0 0 0 0 0 0 0 0 0 0 0 0 0 0 0 0 0 0 0 0 0 0 0 0 0 0 0 0 0 0 0 0 0 0 0 0 0 0 0 0 0 0 0 0 0 0 0 0 0 0 0 0 0 0 0 0 0 0 0 0 0 0 0 0 0 0 0 0 0 0 0 0 0 0 0 0 0 0 0 0 0 0 0 0 0 0 0 0 0 0 0 0 0 0 
0 8 2 0 6 2 2 8 1 4 1 11 0 3 3 3 7 7 2 3 0 0 0 3 1 2 0 2 6 7 7 10 32 5 24 6 28 22 41 46 20 3 37 102 45 70 46 12 18 74 7 4 6 3 0 2 8 0 0 8 1 9 0 2 4 3 0 1 0 0 0 0 3 2 3 5 1 1 21 7 12 5 10 50 19 29 15 82 33 0 0 6 37 84 26 25 4 4 15 16 1 76 
1 2 2 0 1 1 0 4 2 0 1 2 1 4 5 1 1 0 1 0 0 0 0 0 0 0 0 0 3 8 3 4 21 7 28 10 40 33 24 31 18 3 132 215 33 65 30 10 38 64 3 2 3 5 0 2 2 1 0 2 1 4 0 2 0 1 0 0 0 0 0 0 0 0 3 1 1 5 16 5 8 9 5 21 10 19 21 47 40 0 0 205 2 25 10 27 1 5 6 1 2 39 
0 2 2 0 1 1 1 1 0 0 0 3 2 1 0 8 0 0 0 0 0 0 0 0 2 0 0 2 4 6 4 9 12 3 36 16 54 17 64 22 56 10 138 357 72 187 59 35 17 125 11 4 13 6 1 1 7 5 0 0 1 2 0 5 8 0 0 0 0 0 1 0 0 1 7 7 2 3 27 10 9 14 12 69 14 46 26 74 52 0 0 472 39 8 3 29 5 11 15 1 8 96 
2 2 0 0 0 3 0 3 0 2 0 2 0 2 1 5 2 1 0 0 0 0 0 0 0 0 0 0 0 9 1 3 13 7 21 7 39 10 42 34 32 6 159 245 82 162 48 8 24 112 1 2 6 3 2 2 3 3 0 3 1 4 1 3 0 0 0 0 0 0 1 0 0 1 2 6 0 0 15 9 10 13 14 42 12 39 25 66 49 0 0 299 25 18 3 7 2 6 8 1 2 82 
4 3 4 0 1 2 0 5 0 3 0 8 1 8 0 7 1 7 0 0 0 0 0 3 0 0 0 2 1 8 3 25 25 19 53 25 70 29 61 147 59 18 413 965 132 210 77 23 21 136 7 1 3 2 3 2 6 5 0 11 2 7 2 1 0 1 2 0 0 0 0 0 1 3 15 4 4 17 32 6 4 17 14 62 12 59 43 146 98 0 0 2444 181 254 116 7 2 21 12 1 10 131 
0 0 0 0 0 0 0 1 0 1 1 0 0 2 1 0 0 0 1 0 0 0 0 0 0 0 0 1 0 5 0 0 4 4 7 1 12 8 7 6 14 2 31 105 30 24 7 5 2 23 0 0 5 0 0 6 0 1 0 0 0 0 0 0 1 1 0 0 0 0 0 0 0 0 2 4 0 1 4 3 0 1 1 27 8 6 9 23 20 0 0 169 35 10 38 2 2 4 2 8 4 9 
3 1 1 0 1 2 0 0 1 5 0 2 5 0 0 0 3 1 0 0 0 0 1 2 2 0 0 3 7 9 1 5 14 2 27 9 38 29 48 15 22 17 293 592 77 154 124 15 29 138 13 3 13 4 4 4 4 5 0 7 0 2 1 0 1 0 0 0 0 0 0 0 1 1 15 14 5 4 48 9 17 11 17 61 15 68 35 81 56 0 0 1239 179 91 164 74 3 3 13 2 1 84 
1 2 1 0 0 2 2 0 3 3 0 2 3 1 1 0 1 0 0 0 0 0 0 1 0 0 0 1 0 6 0 9 8 2 17 5 65 13 47 5 14 12 174 264 93 156 82 23 30 123 4 8 8 5 4 3 11 5 0 0 0 1 0 0 0 1 1 0 0 0 0 0 0 4 4 7 5 4 24 15 4 21 10 34 15 46 17 96 29 0 0 432 97 70 38 17 0 8 6 3 0 36 
0 0 0 0 0 0 0 1 0 1 0 0 4 0 3 0 0 1 1 0 0 0 0 1 0 0 0 1 0 3 0 2 5 0 11 1 22 9 19 12 9 1 44 84 22 29 18 5 6 19 0 0 0 1 1 0 0 0 0 0 0 1 0 1 0 0 0 0 0 0 0 0 1 1 2 0 3 0 8 5 3 1 5 8 2 12 1 29 4 0 0 127 48 25 25 12 2 2 1 1 1 9 
0 0 0 0 0 0 0 0 0 2 0 0 0 0 0 0 0 1 0 0 0 0 1 0 0 0 0 0 1 3 1 0 2 2 2 2 6 1 9 4 5 1 20 56 16 25 18 3 4 17 1 1 1 0 0 0 0 3 0 1 0 0 0 0 0 0 0 0 0 0 0 0 0 0 5 1 0 0 1 1 6 4 1 8 0 8 3 21 8 0 0 59 15 10 24 20 3 3 2 0 1 3 
10 14 2 1 0 3 1 2 0 4 3 4 1 4 1 1 5 2 4 0 1 0 1 3 0 0 0 3 1 18 3 13 40 6 12 4 57 26 54 18 45 5 124 165 53 91 64 20 25 88 6 3 17 6 3 4 2 4 0 4 1 3 0 0 2 3 0 0 1 0 3 1 1 3 11 11 3 5 23 16 8 22 8 42 17 49 25 242 51 0 0 249 61 102 141 88 9 31 34 4 5 12 
