3 15 48 26 35 85 65 54 83 62 55 110 119 280 183 87 121 77 76 26 15 15 12 46 27 1 0 59 10 0 1 7 25 14 22 4 6 11 68 36 16 6 27 20 27 32 19 9 4 48 14 4 4 25 3 8 5 25 0 3 2 30 5 11 15 39 18 19 0 2 1 3 6 6 1 3 1 2 32 0 0 7 2 11 6 7 4 38 8 0 0 18 0 3 7 1 0 2 3 0 0 10 
36 23 45 9 28 95 75 61 107 55 51 155 138 244 169 118 99 108 84 23 31 13 10 46 19 10 0 45 40 4 1 4 21 11 25 3 9 15 42 37 44 4 40 36 47 28 15 17 9 73 14 5 13 7 5 6 13 17 0 1 30 54 7 21 12 37 6 14 0 4 1 6 8 5 1 3 0 1 15 2 1 4 2 11 3 2 5 34 4 0 0 27 2 4 6 2 0 2 8 0 0 11 
30 37 21 21 34 97 57 48 155 57 50 154 111 282 196 116 70 57 87 25 21 24 13 33 11 3 0 23 89 1 0 4 13 17 24 4 10 4 50 76 15 4 65 48 32 23 16 6 5 70 18 4 9 7 4 4 9 14 0 1 4 68 2 7 23 30 8 12 0 1 5 0 6 24 1 5 0 1 33 0 10 2 2 13 3 6 5 21 9 0 0 38 14 6 9 2 0 1 6 2 0 15 
21 26 27 4 2 26 18 33 39 14 6 21 12 93 34 17 21 15 3 4 3 3 8 7 6 2 0 13 10 2 0 0 0 4 8 1 1 1 12 4 9 0 8 4 2 5 8 1 1 10 1 0 2 1 0 0 3 2 0 1 0 14 3 0 1 13 0 0 0 0 1 0 12 2 0 0 0 0 4 0 0 0 0 3 0 0 0 4 0 0 0 4 0 3 0 0 0 0 1 0 0 1 
43 43 28 2 4 11 14 11 21 15 4 25 55 99 48 54 34 41 18 10 6 3 4 10 8 1 1 24 5 0 0 2 1 12 0 3 1 2 23 19 6 0 5 6 6 22 5 0 0 7 11 4 9 2 3 0 14 7 0 0 0 36 0 2 15 24 8 2 0 1 5 1 3 1 0 1 0 0 13 0 1 2 1 2 0 0 0 11 3 0 0 17 0 3 0 1 0 0 0 0 0 3 
132 201 115 43 18 34 26 41 142 129 45 160 191 492 249 181 119 126 98 37 20 11 43 73 20 4 0 54 66 4 6 11 15 28 24 2 4 18 55 70 20 3 50 61 27 35 23 4 3 46 30 8 17 5 6 1 8 13 0 1 6 46 10 30 25 62 17 21 9 8 5 9 10 15 3 3 0 11 19 3 4 8 0 13 1 10 2 12 8 0 0 53 19 10 3 1 0 0 3 1 0 5 
73 88 77 7 12 29 18 22 108 127 34 112 161 264 225 132 115 87 108 41 14 30 13 31 9 1 1 33 27 0 5 17 29 17 18 2 2 5 33 53 29 8 38 33 30 43 14 10 4 32 23 10 17 6 8 11 8 2 0 2 9 30 21 40 31 65 16 18 25 6 2 2 7 30 1 14 1 13 29 1 1 0 3 7 3 8 1 16 3 0 0 40 6 4 0 0 0 5 0 1 0 6 
43 147 100 21 7 39 43 30 59 68 49 97 211 300 228 181 127 91 107 34 14 10 13 44 7 2 1 32 26 16 1 10 27 7 20 6 0 6 32 36 28 1 39 25 11 42 38 4 3 33 18 10 16 4 9 5 20 28 0 4 5 29 16 23 37 75 9 20 6 15 7 6 12 27 1 14 2 1 13 1 6 2 0 17 3 1 8 9 2 0 0 26 5 0 15 5 0 0 1 0 0 4 
103 130 136 35 43 79 92 32 60 38 50 107 203 287 196 148 115 109 77 21 24 19 9 24 9 1 2 27 27 11 11 7 20 13 25 2 0 2 48 53 27 3 44 41 21 40 34 2 7 62 20 2 22 3 3 7 8 12 0 0 2 16 4 16 40 65 8 7 7 4 1 2 13 17 4 0 3 1 22 4 0 4 0 6 2 1 1 10 1 0 0 49 5 4 4 1 0 0 0 0 0 6 
117 64 75 14 35 51 45 4 35 1 16 40 72 224 51 89 124 153 53 52 22 20 8 52 19 4 0 58 11 3 2 1 3 4 5 11 0 4 31 39 24 6 24 21 12 28 16 6 2 41 33 8 7 8 5 2 8 4 0 2 0 5 10 14 14 28 3 3 3 3 0 2 20 2 2 7 9 0 13 3 1 1 0 6 0 3 1 6 2 0 0 26 4 1 1 1 0 0 0 0 0 4 
19 80 25 16 34 49 27 12 62 12 4 20 66 88 69 66 54 94 35 37 24 21 22 25 11 0 0 22 27 15 1 3 5 6 3 0 1 1 18 16 18 2 29 16 18 51 24 9 2 29 10 3 7 2 8 2 6 6 0 0 0 25 6 0 11 15 6 4 3 12 3 6 5 9 14 9 0 0 20 11 1 0 0 1 3 1 1 0 1 0 0 17 2 7 3 3 0 0 1 0 0 5 
88 111 102 29 20 145 67 58 82 63 55 28 88 131 57 62 80 128 91 81 64 24 51 88 32 1 0 89 15 4 3 19 18 7 2 1 1 3 32 33 16 5 27 21 32 24 22 21 7 53 39 16 59 15 10 1 16 9 0 1 1 51 3 8 13 41 9 0 1 4 4 0 7 12 4 4 0 0 9 5 0 0 1 0 0 1 0 1 1 0 0 58 0 0 6 0 1 0 2 0 0 9 
70 165 130 45 47 166 119 99 173 85 78 18 19 88 103 102 93 156 97 99 82 20 55 81 23 7 0 125 33 21 1 14 49 9 16 1 2 5 22 46 23 3 68 30 14 24 10 9 5 65 32 10 25 5 9 2 14 12 0 10 3 37 4 10 3 13 8 8 3 4 1 10 6 6 9 1 2 0 24 3 1 0 0 0 0 0 0 4 6 0 0 69 4 2 1 3 4 0 1 0 1 13 
60 59 70 4 21 73 33 36 119 52 59 14 41 25 11 37 44 55 88 138 74 24 69 88 23 4 9 179 11 2 3 3 2 0 1 1 2 3 2 11 7 7 28 3 9 22 7 1 5 46 12 5 11 5 1 0 14 10 0 2 11 15 0 0 0 0 0 0 0 1 0 2 0 2 1 1 0 1 18 0 0 0 0 0 0 0 0 3 5 0 0 16 1 0 5 0 1 0 3 0 0 4 
83 107 139 6 46 164 63 70 65 83 85 44 76 50 12 39 53 61 81 62 46 26 78 113 44 8 4 163 10 3 2 12 13 0 1 3 1 6 16 14 8 0 15 28 4 13 8 1 0 24 8 6 18 1 5 1 10 30 0 3 12 40 0 0 0 0 0 0 0 0 1 1 3 0 0 1 0 0 32 2 0 0 0 0 0 0 1 10 0 0 0 25 2 1 1 0 0 0 0 0 0 3 
52 128 48 9 34 176 39 77 57 44 85 46 61 86 19 13 41 63 110 80 61 31 84 175 44 10 8 142 16 21 21 59 65 16 63 10 81 8 5 17 18 5 28 46 31 26 30 2 8 68 17 4 22 4 1 2 25 8 0 7 12 24 1 2 4 1 0 0 1 0 1 2 2 3 8 22 1 4 17 12 0 0 0 1 0 0 3 12 8 0 0 40 7 2 12 1 0 0 0 0 0 7 
47 57 54 6 41 76 26 49 78 92 109 76 116 222 73 71 8 169 188 88 90 66 116 144 57 3 4 84 14 46 36 136 162 61 215 21 32 8 39 57 51 8 136 65 84 56 52 27 11 115 12 7 22 12 2 9 24 15 0 2 16 30 2 14 0 1 0 0 0 0 0 1 2 11 7 6 1 5 42 18 1 0 0 1 0 12 15 12 5 0 0 69 15 4 4 0 0 0 4 0 0 21 
31 46 53 2 30 112 25 48 42 51 68 66 87 175 88 165 48 22 80 23 64 20 34 125 47 12 2 100 11 45 24 70 128 50 113 15 47 8 32 51 60 10 89 83 66 38 58 3 15 106 19 6 7 9 5 2 22 2 0 0 2 21 0 2 0 1 0 0 0 0 0 2 0 0 2 1 1 0 19 6 2 1 1 0 0 8 2 8 7 0 0 11 3 2 0 0 0 0 2 0 0 3 
35 67 25 3 8 58 20 39 58 40 44 76 113 140 80 96 56 55 6 18 88 41 59 69 33 21 3 75 15 4 6 29 72 45 76 5 15 2 14 18 18 2 17 33 17 28 12 2 1 36 3 5 9 1 3 3 2 5 0 1 0 11 0 6 1 0 0 0 0 0 0 0 0 0 0 2 0 10 12 3 1 0 0 0 0 1 4 14 7 0 0 11 0 0 0 0 0 0 0 0 0 0 
22 26 12 4 11 27 40 32 45 38 60 73 91 211 161 212 128 127 78 7 12 19 33 46 30 11 5 146 19 15 5 13 15 17 60 15 40 14 57 25 30 3 28 22 11 15 29 3 6 36 3 0 6 0 0 2 1 1 0 2 5 3 0 3 0 0 0 0 0 0 0 0 1 0 4 3 0 1 6 0 1 0 0 0 0 2 1 10 1 0 0 5 0 0 0 0 0 0 0 0 0 0 
14 19 28 3 25 28 22 27 29 21 46 147 116 389 239 214 207 252 336 11 14 13 24 50 27 12 8 127 5 12 3 5 24 15 55 16 49 6 74 29 34 4 54 26 15 26 15 12 10 31 0 0 3 0 0 0 3 7 0 0 0 1 0 0 0 0 0 0 0 0 0 0 0 1 1 0 1 0 4 0 0 0 0 3 0 4 7 8 8 0 0 5 0 0 1 1 0 0 0 0 0 0 
48 43 45 5 20 56 24 57 63 47 137 165 134 530 290 350 173 195 240 27 11 18 76 104 17 23 25 185 9 7 7 10 27 14 104 30 57 21 57 19 11 5 27 47 17 33 22 1 13 34 10 0 3 1 7 1 0 1 0 4 0 2 0 2 0 0 0 0 0 0 0 0 0 0 0 1 0 0 12 5 2 1 1 0 0 13 1 8 0 0 0 3 0 0 1 1 0 0 0 0 0 3 
8 31 16 3 5 33 16 17 49 29 40 150 87 249 202 352 273 339 288 100 133 45 8 42 25 33 12 154 10 20 2 14 54 20 187 14 15 24 85 36 23 2 49 26 23 29 24 4 1 60 7 3 4 2 1 7 12 5 0 5 2 4 2 11 0 0 0 0 0 0 0 0 0 0 1 2 0 1 19 2 3 4 2 5 0 4 1 11 3 0 0 20 0 2 4 0 0 0 0 0 0 5 
24 41 46 4 18 44 21 34 56 64 59 145 155 559 289 414 445 417 398 192 156 103 23 35 11 23 29 224 14 6 4 6 61 24 143 36 83 31 144 53 52 3 50 62 59 65 32 16 15 88 12 9 11 10 2 15 11 6 0 3 8 23 1 1 5 1 0 0 0 0 0 0 0 0 5 10 2 1 41 0 8 0 0 1 1 8 4 21 12 0 0 39 0 0 1 2 0 0 0 0 1 1 
16 33 22 4 8 45 17 32 22 49 27 96 115 274 178 198 109 174 176 129 89 30 34 6 8 5 7 91 9 18 1 21 117 35 114 24 37 22 69 42 60 16 27 55 46 48 37 11 19 108 11 11 21 4 6 1 8 8 0 2 4 25 0 3 2 1 2 0 0 0 0 0 0 0 4 7 3 7 27 9 1 2 2 4 2 11 7 52 14 0 0 19 6 2 0 1 0 0 0 0 0 3 
3 0 3 1 0 13 1 0 9 7 2 3 2 28 14 56 29 28 20 11 27 71 24 64 17 1 1 31 0 2 0 3 3 7 9 1 7 2 9 12 0 0 4 3 2 7 0 0 1 1 1 0 0 0 0 0 1 0 0 0 1 0 0 0 0 0 0 0 0 0 0 0 0 0 1 0 0 0 1 0 0 0 0 0 0 0 0 1 4 0 0 0 0 0 0 0 0 0 0 0 0 0 
2 1 2 1 4 0 10 4 4 14 1 5 6 58 79 67 45 30 22 64 49 65 46 88 42 5 4 117 0 3 0 12 5 2 6 6 11 13 6 11 3 0 7 1 10 6 16 2 2 8 1 0 1 2 0 2 1 0 0 5 0 2 0 0 0 0 0 0 0 0 0 0 0 0 0 0 0 0 6 1 0 0 0 0 1 1 0 2 0 0 0 10 0 0 0 0 0 0 0 0 0 0 
24 27 38 4 13 41 24 13 45 51 42 113 112 390 261 292 182 245 207 210 155 132 140 147 100 20 5 11 14 3 1 21 38 14 87 10 67 24 131 68 33 1 50 53 44 65 40 6 6 122 5 1 13 7 3 1 3 8 0 10 1 12 1 8 0 0 0 0 0 0 0 0 1 0 6 7 1 1 37 7 4 0 0 2 1 11 8 49 7 0 0 38 5 1 3 0 3 0 6 0 0 8 
6 10 0 0 0 0 3 6 9 4 2 7 5 23 7 14 11 3 1 2 0 1 0 3 2 0 0 3 1 0 1 0 0 0 0 0 0 0 1 2 1 0 2 1 3 2 1 1 0 15 0 2 3 0 0 0 0 3 0 0 1 0 0 0 4 1 3 0 0 0 0 0 0 0 0 0 3 0 2 0 0 0 4 0 0 1 0 3 3 0 0 10 0 2 0 0 0 0 1 0 1 0 
4 7 5 0 1 1 10 13 15 4 15 30 33 11 13 87 122 200 99 32 8 1 2 34 11 6 0 6 1 41 81 468 897 419 1356 891 1413 418 742 363 260 30 318 291 207 239 178 38 55 427 35 11 44 19 15 12 20 37 0 55 48 265 4 75 171 262 64 46 37 22 9 12 12 4 7 2 2 5 72 11 8 7 1 7 4 20 14 73 34 0 0 272 52 48 45 27 1 5 12 1 0 43 
1 6 2 0 1 0 3 5 6 5 6 13 8 3 8 21 81 69 45 9 12 11 1 15 5 1 0 2 0 115 33 188 392 112 548 247 472 152 236 122 67 14 95 82 47 54 51 19 4 106 19 4 6 2 5 0 6 13 0 11 7 112 9 14 158 156 39 43 24 25 13 0 18 3 2 3 1 2 26 6 3 3 0 5 7 10 4 18 6 0 0 47 41 11 2 1 0 0 2 0 1 23 
4 5 1 3 0 5 1 26 8 9 5 18 14 5 16 47 108 109 84 21 1 1 1 11 3 1 0 5 3 165 150 25 287 173 641 358 949 438 566 327 210 20 278 249 149 137 116 48 35 321 25 15 32 11 5 7 26 29 0 27 11 115 3 5 91 245 60 22 20 18 20 4 17 6 5 11 3 7 42 32 10 8 2 10 2 20 17 71 29 0 0 171 22 43 15 20 2 7 3 0 1 20 
3 1 4 2 1 2 4 1 2 1 1 1 5 1 4 24 30 54 5 11 2 0 3 6 5 0 2 12 0 198 65 72 4 31 170 90 173 71 130 131 93 23 163 74 55 112 66 47 29 220 16 16 11 5 6 9 2 9 0 7 3 9 1 1 32 38 7 7 4 5 4 4 6 4 4 4 0 2 20 6 1 4 1 2 1 8 11 40 20 0 0 78 8 10 9 7 0 1 4 0 3 33 
5 1 8 0 1 17 3 4 5 11 1 1 9 0 0 11 16 59 40 5 6 0 5 8 6 1 0 7 1 76 43 95 44 10 55 32 259 113 169 102 77 11 182 174 66 54 52 23 19 152 13 9 22 15 20 10 13 17 0 4 8 26 1 3 10 77 33 17 12 25 9 19 30 24 6 4 0 0 24 2 1 1 0 1 2 4 5 17 7 0 0 179 40 32 9 6 0 1 0 0 0 17 
1 8 4 1 0 2 4 1 4 2 6 0 6 0 3 23 14 74 25 6 19 0 7 8 21 0 0 13 0 153 74 221 158 40 20 62 166 74 101 175 70 17 166 90 85 82 45 14 6 160 17 11 7 8 1 5 8 22 0 5 1 22 7 3 13 24 7 8 32 19 4 14 37 16 3 1 1 0 12 12 0 0 0 0 0 7 0 9 7 0 0 101 7 27 28 5 0 1 2 0 1 30 
6 4 4 1 0 0 2 2 1 2 1 1 3 0 2 21 38 36 47 12 23 11 9 13 8 2 0 10 0 196 61 163 196 30 46 15 1336 122 138 212 73 10 107 70 79 87 44 25 7 180 9 7 22 1 1 2 12 2 0 4 1 18 6 9 25 62 5 8 9 0 5 8 36 22 0 1 2 1 11 7 0 0 0 1 0 2 2 19 20 0 0 77 9 19 7 12 8 2 2 0 0 32 
1 0 2 0 1 0 0 1 0 2 0 0 3 1 3 3 5 3 2 4 3 3 4 7 1 0 0 5 1 168 58 194 198 53 101 48 78 40 82 178 105 63 127 107 89 110 103 14 45 274 2 0 4 1 5 1 1 1 0 0 0 21 3 6 14 7 2 3 11 3 12 13 17 9 3 1 0 0 2 1 0 3 0 3 2 7 1 30 12 0 0 198 24 13 16 6 1 2 8 0 1 30 
10 7 6 1 13 17 6 7 8 6 19 4 7 7 6 6 10 10 10 19 12 5 3 22 5 1 0 14 1 157 37 264 201 81 172 65 127 22 153 159 210 36 199 303 220 248 157 47 53 396 2 5 12 2 0 1 3 3 0 2 1 116 6 3 4 6 1 10 4 2 7 8 34 12 0 1 0 1 4 2 0 0 0 2 0 26 10 76 41 0 0 292 31 21 17 11 3 2 6 0 2 39 
17 22 15 0 5 21 30 40 14 27 30 15 25 10 4 5 7 17 10 19 21 6 19 14 8 3 0 49 2 134 44 136 238 102 243 62 250 74 41 190 166 36 221 181 158 141 98 45 34 372 5 5 31 6 2 15 6 5 0 0 11 57 1 4 51 24 10 16 6 7 5 12 14 18 7 2 0 0 23 13 3 0 3 18 0 19 15 62 23 0 0 208 27 24 16 11 4 6 6 0 1 44 
34 52 35 10 10 54 36 65 64 30 73 83 102 104 30 65 113 115 133 54 30 11 17 76 30 0 0 62 6 161 82 408 571 325 1045 179 1022 577 718 34 83 59 261 374 295 402 333 99 98 707 12 7 9 8 3 6 6 12 0 2 14 151 6 69 58 42 24 5 6 4 6 2 21 25 2 9 0 3 31 9 6 13 4 41 10 12 18 57 65 0 0 126 23 40 30 16 0 0 4 7 0 39 
25 20 27 4 7 29 17 8 33 17 19 22 32 71 18 29 46 117 34 45 31 2 15 32 13 3 0 39 11 105 51 188 310 135 440 86 473 304 398 46 17 38 132 142 115 213 158 76 71 447 1 3 6 5 0 0 1 6 0 7 6 77 7 23 31 16 7 0 9 3 3 8 8 6 1 6 1 9 14 6 7 19 2 10 6 22 8 16 22 0 0 51 25 24 16 9 40 1 8 1 0 38 
1 2 2 1 2 2 1 2 0 0 11 7 5 4 1 1 28 13 8 8 0 0 1 10 2 0 0 1 0 27 4 69 34 35 148 12 113 67 79 47 28 1 69 114 62 55 47 6 23 89 1 3 0 2 0 0 0 0 0 0 0 14 0 0 6 4 6 1 1 0 0 0 1 0 5 5 1 0 4 2 1 2 2 18 1 18 10 15 8 0 0 32 8 16 19 11 0 2 2 0 1 25 
4 13 10 0 3 21 2 8 4 7 2 11 7 8 16 16 29 50 21 18 1 0 1 10 4 0 0 15 0 34 12 124 246 77 341 31 220 170 238 99 63 9 31 42 81 83 77 46 52 240 18 6 7 11 0 9 10 3 0 1 6 39 0 13 16 8 5 3 0 0 1 2 8 1 15 8 4 2 28 30 20 24 10 65 24 97 38 88 39 0 0 41 22 33 32 39 6 19 37 1 3 132 
6 7 3 0 2 19 1 6 5 3 3 6 4 5 12 23 29 42 26 3 11 5 2 19 7 1 0 19 1 45 14 78 200 102 180 23 166 193 281 128 80 31 80 80 276 184 149 48 68 544 11 11 9 4 0 5 13 9 0 1 4 72 4 13 26 13 12 4 3 3 2 3 9 5 16 10 3 12 45 25 22 40 9 91 32 120 51 103 46 0 0 191 58 51 51 59 5 16 17 5 5 141 
7 7 8 0 2 21 6 12 14 11 26 41 9 17 15 15 23 88 28 16 6 7 8 38 6 1 0 22 2 81 15 92 211 72 301 48 321 185 261 231 136 46 183 164 143 103 123 96 116 455 11 3 15 5 0 0 4 3 0 4 2 55 1 15 10 25 3 5 4 2 8 3 16 5 3 2 1 4 21 14 5 4 6 34 7 36 32 61 19 0 0 140 37 69 70 47 6 14 31 2 3 85 
10 10 8 1 0 10 1 4 10 22 14 15 9 16 5 13 38 83 24 13 11 5 6 30 9 0 0 16 1 45 11 72 210 64 199 65 244 168 233 162 133 34 95 200 106 22 114 88 48 399 12 2 7 2 1 2 2 9 0 0 3 91 2 14 23 24 11 7 4 4 0 7 6 4 2 2 2 2 20 15 11 10 7 34 18 70 44 140 20 0 0 181 81 59 51 34 3 15 22 0 3 127 
19 13 15 2 9 22 14 7 23 14 15 14 8 15 24 25 76 62 40 4 8 5 4 10 7 0 0 13 3 84 11 90 141 55 207 67 278 170 238 239 162 26 142 188 163 127 28 113 79 294 8 4 14 5 1 8 9 3 0 3 20 64 0 8 16 44 3 6 5 3 2 3 7 7 12 15 1 7 25 20 7 19 3 31 20 91 45 146 26 0 0 150 57 57 38 23 5 22 25 1 5 133 
9 6 6 2 6 11 11 12 8 9 15 18 8 15 20 18 37 52 44 4 6 3 17 17 5 0 0 16 4 40 6 58 125 72 246 47 218 167 231 239 185 38 285 523 292 491 497 20 45 1073 6 1 5 4 4 5 14 14 0 3 5 87 1 15 14 43 4 7 1 1 2 2 7 12 6 4 1 2 30 12 9 13 12 67 17 116 48 163 82 0 0 582 132 147 115 24 0 4 16 4 5 77 
10 5 9 1 1 20 9 13 7 12 39 31 13 24 4 24 37 45 58 4 20 0 13 23 6 0 0 32 6 47 12 92 209 129 207 57 315 198 216 354 219 30 539 765 535 778 566 345 32 1360 8 4 25 6 6 6 7 24 0 3 19 111 1 19 8 36 15 9 4 2 6 8 6 11 1 6 2 5 62 22 4 27 5 78 31 130 75 212 68 0 0 868 146 267 203 68 10 24 29 0 1 92 
29 46 27 10 18 71 21 38 60 62 52 94 32 63 23 68 79 133 135 30 15 14 20 155 27 4 0 85 22 184 34 247 805 164 414 158 811 487 695 780 457 95 961 918 611 798 322 475 154 26 37 27 43 14 10 12 33 24 0 11 25 141 5 62 38 95 38 34 17 9 16 6 40 25 37 31 2 11 106 48 31 60 28 166 35 208 88 698 169 0 0 817 131 221 216 43 3 42 63 5 6 336 
5 25 10 1 10 17 8 14 9 7 4 22 16 32 29 42 57 21 11 6 2 1 5 53 8 0 0 19 1 8 3 33 62 20 52 7 38 8 20 14 6 0 31 27 15 41 13 5 4 51 4 8 107 59 27 29 134 108 0 81 56 46 2 34 57 62 24 29 1 11 9 14 16 31 13 10 4 8 108 32 17 16 12 66 16 16 4 62 15 0 0 57 5 14 8 6 0 3 6 1 0 37 
3 2 5 2 2 3 2 5 3 5 0 19 23 32 9 21 9 7 13 3 0 2 1 14 0 0 0 8 2 2 0 10 48 17 56 12 51 3 15 14 2 0 31 24 9 18 11 5 0 18 39 8 58 55 19 3 73 37 0 33 46 28 15 68 27 46 11 20 2 6 4 1 16 9 17 19 15 3 78 23 7 4 3 78 10 13 4 26 13 0 0 61 0 15 23 0 0 0 3 1 0 27 
5 19 10 8 8 21 7 3 12 7 1 9 20 31 22 28 20 34 9 4 3 0 6 27 1 1 0 16 8 6 3 15 64 9 65 13 28 4 24 30 17 4 19 55 18 31 13 3 2 48 53 5 4 13 8 2 44 52 0 50 43 82 19 39 39 44 15 49 7 21 13 7 22 22 25 41 1 10 94 11 11 6 5 69 10 11 7 56 7 0 0 68 8 13 1 4 1 1 8 1 2 24 
7 23 15 2 5 13 23 5 21 8 7 32 9 86 36 28 26 34 18 8 1 2 2 10 3 0 0 9 3 12 8 32 51 15 71 28 33 7 35 35 17 3 43 48 13 20 10 7 1 31 171 52 47 9 14 9 63 96 0 114 63 55 34 82 68 45 17 25 3 31 8 16 20 27 10 18 9 27 110 31 20 5 10 120 9 21 3 32 19 0 0 58 4 13 14 7 0 4 1 0 0 23 
6 15 4 2 6 18 3 8 14 11 4 16 6 34 13 20 13 17 9 0 0 0 0 8 4 1 0 5 3 16 2 17 50 24 50 4 13 5 7 9 4 2 13 20 5 13 8 0 0 14 93 39 24 26 2 0 18 42 0 40 17 28 27 27 37 36 14 22 2 21 5 4 18 18 10 20 1 7 74 10 9 2 1 31 12 5 2 12 3 0 0 21 13 5 7 1 0 0 5 2 0 6 
5 3 5 0 0 0 1 5 0 1 4 11 0 15 7 1 4 12 3 2 0 0 0 7 1 3 0 8 1 1 0 17 13 1 13 4 3 0 6 1 4 1 8 8 2 8 1 11 0 11 41 9 25 6 3 0 10 21 0 28 32 14 5 44 11 23 1 10 2 3 4 1 15 7 1 49 2 2 36 7 4 2 5 19 1 5 4 8 5 0 0 10 1 4 6 0 1 1 3 0 2 4 
13 9 10 0 15 19 1 14 13 0 6 29 33 74 46 48 29 55 32 8 6 0 1 13 3 0 0 6 0 25 23 26 57 18 68 10 36 5 40 39 13 0 27 55 7 24 13 0 15 26 144 56 42 20 5 3 7 4 0 78 78 45 31 85 96 96 53 28 6 45 9 16 27 35 30 45 13 5 55 14 11 18 13 102 26 19 14 36 3 0 0 50 9 8 12 4 0 1 0 1 0 10 
29 24 28 0 24 38 4 34 25 12 1 59 10 164 73 55 32 57 27 15 7 2 7 21 2 1 1 15 7 20 18 47 74 39 140 8 18 18 28 21 29 3 34 60 23 20 7 3 2 42 188 61 110 29 37 6 28 9 0 116 60 56 56 92 103 91 35 82 8 19 11 31 35 19 46 57 10 14 117 3 8 13 28 177 35 18 16 66 19 0 0 116 6 15 14 3 1 3 5 0 1 9 
0 0 0 0 0 0 0 0 0 0 0 0 0 0 0 0 0 0 0 0 0 0 0 0 0 0 0 0 0 0 0 0 0 0 0 0 0 0 0 0 0 0 0 0 0 0 0 0 0 0 0 0 0 0 0 0 0 0 0 0 0 0 0 0 0 0 0 0 0 0 0 0 0 0 0 0 0 0 0 0 0 0 0 0 0 0 0 0 0 0 0 0 0 0 0 0 0 0 0 0 0 0 
14 43 25 1 6 3 7 3 16 0 1 10 25 44 33 27 38 38 31 11 3 4 4 29 9 2 1 14 3 16 0 34 29 17 25 2 0 7 16 12 5 1 19 30 1 6 6 3 1 20 79 37 69 53 22 17 56 72 0 9 16 32 13 78 131 213 59 42 20 15 46 17 40 51 26 42 3 6 63 7 9 13 0 56 7 13 5 29 0 0 0 53 8 3 4 6 0 0 2 0 0 12 
3 9 4 1 0 6 0 2 5 0 1 1 2 6 4 2 2 1 1 0 0 0 0 1 1 0 0 2 1 5 2 6 3 5 0 5 6 1 7 2 2 2 8 2 17 1 0 0 0 8 40 22 39 9 15 8 32 34 0 6 0 25 7 26 45 126 29 37 17 32 7 6 41 35 4 19 1 2 11 6 4 8 1 10 6 7 5 11 10 0 0 13 6 2 1 0 0 0 0 0 0 3 
0 1 0 0 2 1 0 0 0 2 0 0 0 2 0 0 1 0 0 0 0 0 0 0 1 0 0 0 0 2 0 1 0 1 8 1 0 2 0 3 1 0 1 3 3 0 0 0 0 3 2 2 2 1 0 0 2 1 0 6 4 1 0 0 5 6 8 4 1 2 0 2 1 5 0 2 0 0 5 2 1 1 0 1 0 1 2 3 0 0 0 0 0 0 0 0 0 0 0 0 0 1 
0 3 2 0 0 0 6 6 2 2 3 0 2 0 0 4 2 1 0 0 0 0 7 1 1 0 0 0 0 8 0 6 7 5 9 7 22 8 6 10 6 3 13 6 2 14 10 2 0 7 19 3 24 16 0 3 9 15 0 10 4 0 0 4 50 78 42 11 8 12 3 2 15 5 2 2 0 1 20 11 1 3 0 1 0 0 1 0 0 0 0 9 0 1 3 0 0 0 0 0 0 1 
11 9 9 0 1 20 4 21 3 1 7 0 5 0 1 10 14 1 9 2 0 1 0 2 1 2 0 0 7 7 11 34 7 2 32 18 87 25 36 35 8 0 30 14 7 16 5 9 2 16 53 27 30 13 11 10 30 49 0 36 15 36 1 9 68 245 134 25 11 21 43 26 45 89 9 8 1 7 69 15 12 3 5 14 4 2 5 4 4 0 0 28 1 4 1 1 0 0 1 0 0 1 
9 17 2 0 10 53 4 28 23 1 5 14 3 1 1 2 1 0 1 0 0 0 0 0 0 0 0 3 3 38 21 80 40 24 23 26 68 32 59 38 33 16 48 34 30 24 15 7 8 86 43 27 60 29 9 18 39 26 0 88 23 88 17 24 13 131 180 81 53 74 36 25 86 99 13 18 9 3 40 29 6 6 1 9 4 9 8 11 4 0 0 45 4 1 0 0 0 0 0 0 0 3 
5 32 24 7 5 32 13 30 12 5 2 16 13 11 2 0 0 0 0 0 0 0 0 1 2 1 0 2 2 62 20 95 82 45 80 26 95 18 68 28 17 0 54 34 23 32 14 6 15 63 54 23 82 36 10 22 45 41 0 109 37 147 49 76 79 13 29 83 71 114 63 49 146 175 3 10 3 15 79 48 24 15 3 16 8 7 4 16 5 0 0 35 1 0 0 0 0 0 0 0 0 4 
6 4 3 0 5 13 7 3 1 0 1 8 2 0 0 0 1 0 0 0 2 0 0 0 0 0 0 0 3 12 18 70 44 17 32 16 48 27 21 8 7 3 15 18 10 3 11 3 1 13 11 15 21 18 10 2 25 16 0 31 52 37 19 41 42 49 6 34 23 46 26 35 89 84 3 0 0 2 26 4 3 4 1 5 6 6 6 4 1 0 0 5 0 1 0 0 0 0 0 0 0 4 
4 8 12 0 0 13 5 13 11 1 6 29 5 1 1 1 1 0 0 0 0 0 0 0 0 0 0 0 5 24 27 44 69 55 116 28 88 14 28 7 14 6 11 16 11 17 9 2 3 23 34 25 22 18 32 14 14 35 0 63 85 128 56 79 127 287 108 3 12 52 24 47 89 189 7 12 2 8 37 9 5 5 0 10 4 3 5 7 4 0 0 2 0 2 0 0 0 0 0 0 0 2 
0 4 0 0 0 4 2 9 0 3 0 2 6 0 0 3 0 0 0 0 0 0 0 0 0 0 0 0 0 15 7 36 27 19 49 9 33 13 5 4 1 0 7 20 5 10 5 0 2 5 6 4 9 5 1 2 1 7 0 14 7 40 13 39 148 209 91 46 0 9 18 25 21 21 1 15 1 1 15 9 7 1 2 3 1 5 0 2 1 0 0 2 0 0 0 0 0 0 0 0 0 1 
3 5 7 1 5 13 6 4 9 7 1 0 3 2 2 1 0 0 0 0 0 0 0 0 0 0 0 0 2 18 14 47 81 96 116 15 48 7 10 5 8 0 6 7 2 8 2 2 1 15 34 10 36 18 9 23 11 20 0 49 57 202 32 91 207 409 218 38 20 5 26 73 131 289 16 13 3 3 46 3 9 5 3 12 6 1 0 6 0 0 0 9 0 1 0 0 0 0 0 0 0 1 
11 16 11 2 2 37 7 15 11 7 7 19 7 1 0 11 0 5 0 0 0 0 0 0 0 0 0 0 3 11 14 33 140 171 241 59 158 40 101 35 10 2 26 35 24 23 18 12 3 41 30 9 31 13 8 30 26 22 0 70 83 124 69 122 307 666 336 281 114 97 9 21 81 186 3 10 3 2 47 13 4 11 2 37 2 7 5 6 6 0 0 23 1 0 1 0 0 0 0 0 0 2 
4 8 19 5 2 22 9 15 6 2 0 5 8 4 0 14 16 0 1 0 0 0 0 0 0 0 0 0 4 19 13 30 93 98 246 47 103 52 49 36 7 6 34 64 10 38 11 3 2 30 28 9 16 10 6 5 12 22 0 86 80 149 45 164 363 677 406 273 117 84 7 5 106 246 3 10 3 3 42 16 12 8 7 29 9 5 2 9 0 0 0 30 1 1 0 0 0 0 2 0 0 2 
1 2 2 0 0 1 5 4 5 5 4 3 4 5 1 4 0 0 0 0 0 0 0 0 0 0 0 0 5 0 0 5 15 24 29 23 43 12 17 8 13 1 11 8 3 10 4 12 7 25 15 19 28 12 6 5 11 31 0 37 10 103 10 34 128 271 242 72 35 79 34 38 4 43 3 5 1 1 42 5 8 2 1 16 4 6 0 11 1 0 0 6 0 2 0 1 0 0 0 0 0 0 
1 4 3 0 2 9 11 10 3 2 3 27 3 1 0 1 1 0 1 0 0 0 0 1 0 0 0 0 1 2 0 0 5 22 19 8 21 8 13 15 1 0 3 10 9 4 5 2 2 17 22 11 20 6 11 9 9 13 0 56 31 85 11 30 97 199 26 75 33 91 71 33 53 3 3 4 0 2 71 4 11 3 7 21 3 4 2 9 4 0 0 2 2 0 0 0 0 0 0 0 0 7 
1 1 4 5 1 11 10 11 20 16 7 10 16 52 16 8 18 10 13 5 2 1 0 10 1 1 0 10 4 4 4 12 31 13 25 4 16 7 30 44 27 3 77 86 25 70 26 7 8 72 15 11 45 9 7 32 50 88 0 40 20 48 2 37 39 48 3 26 2 9 13 4 7 19 7 54 24 36 298 123 87 69 56 246 55 65 8 123 35 0 0 107 26 22 36 11 3 3 17 1 0 51 
2 5 6 0 0 6 7 30 20 12 8 17 7 51 28 35 19 11 15 10 0 7 1 14 1 0 1 12 0 15 2 33 25 8 21 6 12 2 28 12 18 0 57 80 27 85 31 2 8 83 36 18 25 9 23 27 82 102 0 47 31 41 13 41 29 40 3 26 8 5 12 11 19 20 18 2 31 35 270 99 64 68 59 286 41 67 17 83 31 0 0 118 21 56 25 10 0 5 5 2 0 20 
1 0 9 0 0 2 0 4 2 3 0 12 4 3 7 3 1 12 1 0 0 7 3 5 1 0 0 0 0 2 1 8 6 4 1 1 4 0 24 3 2 1 14 3 10 3 4 0 1 15 10 5 12 16 3 4 9 28 0 28 23 3 1 14 6 9 2 5 8 1 0 1 0 4 11 26 3 40 81 38 8 10 12 114 8 9 6 19 3 0 0 8 2 18 3 3 0 0 6 0 2 2 
2 19 6 0 3 23 11 13 4 12 0 9 7 49 13 14 23 5 3 2 3 0 9 7 0 0 0 9 5 12 4 29 24 37 60 10 4 1 16 18 28 3 63 149 39 82 16 11 5 48 48 23 64 30 36 10 45 49 0 28 10 48 30 54 36 28 16 24 16 4 13 4 14 34 31 119 4 9 69 67 39 39 18 269 66 47 20 85 63 0 0 119 33 43 34 11 2 4 6 2 0 23 
16 38 19 0 1 44 4 31 7 10 11 42 40 131 40 78 96 35 44 23 7 2 12 19 18 6 1 31 1 35 22 81 116 43 132 13 17 7 34 24 23 2 82 163 31 92 45 24 19 88 205 107 146 57 40 43 85 84 0 36 34 98 39 193 128 164 41 70 53 34 36 30 93 78 100 152 22 22 24 41 28 30 30 289 45 75 23 102 51 0 0 206 42 52 36 16 4 7 11 0 1 74 
3 26 1 0 8 6 1 8 6 6 0 5 4 47 12 25 22 12 7 2 1 0 0 9 10 1 0 7 0 9 10 21 39 23 27 15 5 3 15 20 21 5 172 106 34 72 33 3 11 140 28 20 62 9 37 5 19 20 0 6 8 76 17 75 111 51 19 44 3 9 5 12 19 10 106 99 20 44 56 3 8 77 43 384 107 89 41 74 36 0 0 181 20 59 36 15 17 2 7 2 0 42 
5 3 5 0 2 18 2 2 5 11 2 8 3 2 0 12 5 7 9 0 2 0 1 0 0 5 0 5 3 15 3 10 38 15 27 3 0 8 20 9 34 17 133 74 39 39 21 18 8 122 66 20 18 15 10 7 11 40 0 9 14 41 35 49 46 48 16 10 6 12 3 9 24 14 42 105 20 21 58 49 8 19 23 315 129 94 25 101 33 0 0 220 43 57 40 46 1 19 11 2 3 34 
2 13 6 0 1 16 2 2 2 1 2 0 0 4 0 2 2 1 0 1 0 1 0 2 1 0 0 2 1 2 4 11 17 3 9 0 4 0 5 27 11 1 96 58 36 57 31 9 5 79 14 10 10 5 1 3 16 13 0 8 13 40 10 16 10 19 3 4 2 1 2 2 8 9 18 33 12 29 52 15 13 7 9 146 47 57 35 70 47 0 0 140 50 42 40 13 3 12 20 5 0 44 
5 7 5 1 4 6 1 4 2 2 0 1 0 2 0 4 1 0 3 0 0 0 11 0 0 1 0 2 0 6 0 22 21 13 17 1 5 2 20 21 32 7 138 111 36 86 59 8 7 113 36 16 25 6 12 4 36 12 0 35 15 79 25 23 35 29 10 14 5 7 4 1 29 25 40 98 8 35 106 98 37 31 13 183 191 76 23 101 52 0 0 263 50 46 31 10 9 11 12 3 4 53 
0 2 12 0 1 4 2 23 1 5 0 1 1 0 0 2 0 0 0 0 1 0 0 5 0 0 0 4 1 4 2 2 13 3 0 0 2 2 3 13 20 13 162 134 40 93 61 16 20 92 43 20 51 25 13 8 32 57 0 30 24 112 0 4 7 15 5 3 6 0 6 5 26 13 51 126 29 98 163 212 129 58 142 30 53 102 38 139 50 0 0 187 45 72 63 35 6 12 30 0 3 67 
6 6 15 5 1 6 2 9 3 13 0 0 1 0 0 4 1 0 1 0 0 0 1 1 0 0 0 0 2 9 2 11 15 6 5 1 0 2 7 68 30 41 219 197 94 180 86 19 16 183 37 25 41 17 13 14 59 52 0 30 28 55 21 22 28 31 9 4 6 4 3 3 11 20 28 109 25 39 167 176 140 118 86 237 22 189 90 194 100 0 0 335 105 145 96 31 12 32 24 2 6 86 
4 5 10 2 0 9 3 3 7 2 2 0 0 0 5 6 22 10 18 2 2 1 3 2 4 0 0 4 5 3 5 14 31 13 45 11 21 33 67 16 41 11 160 208 73 141 96 50 42 129 22 14 25 4 7 4 41 27 0 24 28 64 4 13 14 44 8 4 5 1 6 7 2 18 40 65 8 19 71 30 30 42 18 146 53 14 30 82 57 0 0 352 90 86 91 31 3 24 29 3 7 70 
6 7 9 1 3 11 0 0 8 10 0 1 1 1 2 10 26 25 18 1 11 0 0 8 5 0 0 14 1 14 5 37 41 20 59 9 49 43 98 28 60 18 110 222 97 121 53 49 17 158 10 4 9 2 3 17 13 15 0 18 10 40 16 11 22 14 3 5 1 4 1 2 6 14 14 22 5 23 61 38 37 39 25 144 40 52 7 75 34 0 0 323 47 105 107 35 8 9 23 2 1 65 
37 37 25 0 4 20 11 18 8 7 7 6 9 13 13 18 47 39 44 14 4 9 15 45 9 1 1 36 6 94 17 123 269 75 159 55 309 174 232 152 34 46 445 367 118 399 238 118 95 705 30 22 53 30 13 3 29 28 0 47 38 113 11 16 25 40 6 15 2 4 5 9 13 16 53 69 5 38 195 106 79 80 72 268 83 113 81 17 58 0 0 860 195 372 299 165 37 73 166 6 24 410 
4 7 2 0 0 3 6 9 12 5 16 2 22 3 6 9 31 40 24 3 14 2 7 11 2 0 0 13 3 25 8 79 96 63 156 25 147 164 129 101 73 24 270 172 45 109 65 21 33 173 7 6 17 1 0 3 5 11 0 11 7 59 0 10 29 25 3 4 2 8 0 2 4 2 10 12 5 18 62 44 29 39 19 81 40 160 92 94 10 0 0 355 72 140 103 51 53 16 36 1 14 131 
0 0 0 0 0 0 0 0 0 0 0 0 0 0 0 0 0 0 0 0 0 0 0 0 0 0 0 0 0 0 0 0 0 0 0 0 0 0 0 0 0 0 0 0 0 0 0 0 0 0 0 0 0 0 0 0 0 0 0 0 0 0 0 0 0 0 0 0 0 0 0 0 0 0 0 1 0 0 0 0 0 0 0 0 0 0 0 0 0 0 0 0 0 0 0 0 0 0 0 0 0 0 
0 0 0 0 0 0 0 0 0 0 0 0 0 0 0 0 0 0 0 0 0 0 0 0 0 0 0 0 0 0 0 0 0 0 0 0 0 0 0 0 0 0 0 0 0 0 0 0 0 0 0 0 0 0 0 0 0 0 0 0 0 0 0 0 0 0 0 0 0 0 0 0 0 0 0 0 0 0 0 0 0 0 0 0 0 0 0 0 0 0 0 0 0 0 0 0 0 0 0 0 0 0 
6 1 2 0 0 4 1 2 2 0 2 7 3 1 1 0 1 4 2 0 1 0 0 2 1 0 0 0 1 8 2 15 37 19 73 6 62 55 58 26 17 0 26 141 27 62 37 32 28 129 9 5 9 2 2 1 2 1 0 3 2 18 0 1 6 6 0 0 0 1 1 1 1 3 3 1 2 1 31 22 11 27 11 32 19 78 56 62 10 0 0 10 54 53 34 37 11 14 20 1 1 85 
4 1 3 0 0 1 0 0 5 1 1 5 6 0 3 0 2 3 0 0 0 0 0 0 0 0 0 1 6 10 5 34 20 18 52 9 78 51 68 38 43 5 173 264 62 83 58 38 21 122 7 3 6 1 0 2 4 5 0 6 2 33 0 1 1 1 0 0 0 0 1 1 0 0 5 2 2 5 15 11 5 12 7 45 7 84 46 56 63 0 0 226 7 12 13 32 2 4 4 2 4 41 
2 2 3 2 2 0 1 2 8 1 1 3 4 5 4 2 3 0 0 0 0 0 0 0 1 0 0 1 1 12 1 30 55 22 93 7 95 34 74 29 82 12 194 322 144 193 159 40 44 245 10 4 5 4 4 11 7 14 0 1 3 20 0 3 5 3 0 0 1 0 0 0 1 1 10 12 6 7 38 22 35 26 17 92 43 105 95 98 66 0 0 283 26 24 13 27 6 8 24 6 4 124 
1 0 1 0 1 5 2 0 1 0 0 3 7 3 0 0 0 1 0 0 0 0 0 0 1 0 0 1 1 13 3 18 21 10 40 24 67 12 25 35 31 21 150 229 63 154 79 41 13 149 4 7 5 0 2 4 6 10 0 1 2 6 2 0 1 2 0 0 0 0 0 0 0 0 5 3 2 5 28 18 7 19 4 62 21 94 54 103 38 0 0 175 11 10 2 10 1 5 20 0 4 63 
5 5 4 2 1 6 1 1 2 0 1 14 5 17 1 10 4 1 1 1 0 0 0 0 2 0 0 4 3 16 8 53 42 39 88 23 129 64 113 90 92 25 390 661 181 224 92 51 37 214 14 8 7 1 3 6 9 8 0 8 17 31 3 3 0 1 0 2 0 0 0 2 5 1 3 4 1 7 39 24 10 37 6 84 18 131 87 154 110 0 0 1073 116 96 41 4 3 25 18 6 10 113 
0 0 0 1 0 0 0 0 1 0 3 0 0 0 0 1 0 0 0 0 0 0 0 0 0 0 0 0 0 6 0 1 13 4 14 1 11 2 11 18 13 1 72 131 32 21 29 23 0 60 0 0 1 0 0 0 0 0 0 1 0 3 0 0 3 0 0 0 0 0 0 0 1 0 6 5 0 3 11 6 2 9 5 15 7 29 5 30 9 0 0 86 15 12 9 19 0 0 7 0 3 11 
1 3 1 0 1 3 3 2 0 0 3 22 2 3 4 6 6 0 0 0 0 0 0 1 0 4 0 0 0 13 3 12 30 24 42 8 75 35 48 67 37 9 249 534 130 175 107 24 18 213 8 4 18 3 1 3 6 13 0 4 1 5 0 1 6 4 0 1 0 0 0 0 3 0 8 6 7 9 21 18 18 36 23 81 23 91 70 108 84 0 0 566 137 46 68 71 4 6 16 1 3 134 
4 1 6 0 0 2 0 3 3 3 0 5 2 3 0 1 1 4 1 0 2 0 0 0 0 0 0 2 1 19 1 8 3 8 43 11 77 30 38 20 31 18 264 241 93 138 95 59 35 191 4 4 7 1 3 9 11 8 0 4 4 11 2 6 2 0 0 0 0 0 0 0 0 1 4 7 3 3 53 22 8 34 11 59 18 73 33 119 85 0 0 447 75 46 66 16 3 4 4 0 7 45 
0 0 0 0 0 0 0 1 2 1 0 1 1 4 1 12 0 1 0 0 0 0 0 1 0 0 0 0 0 3 0 2 5 27 11 3 34 18 35 9 24 1 49 117 51 44 18 11 4 67 3 1 1 2 1 10 2 5 0 0 0 0 0 2 0 0 0 0 0 0 0 0 0 1 1 0 1 4 12 2 9 8 3 21 6 11 1 47 19 0 0 158 45 34 55 15 0 3 6 2 0 14 
0 0 0 0 0 0 1 0 1 0 0 11 0 1 0 0 0 0 0 0 0 0 0 0 0 0 0 0 2 1 1 0 5 0 8 2 12 2 9 11 7 1 44 47 6 15 18 7 11 54 1 0 0 0 0 0 0 2 0 1 0 1 0 1 0 0 0 0 0 0 0 0 0 1 1 5 0 1 10 8 1 5 3 5 2 8 6 25 16 0 0 113 16 16 36 18 0 1 4 1 1 3 
2 0 2 0 0 2 0 2 0 0 0 4 6 11 0 4 7 1 2 1 1 0 0 0 0 0 0 4 0 14 1 4 19 8 16 7 37 19 42 27 20 2 105 138 71 124 66 18 18 65 8 4 4 6 3 3 2 2 0 3 2 3 1 8 0 3 0 0 0 0 0 0 0 5 6 9 1 7 26 7 9 13 7 19 12 35 25 124 39 0 0 219 48 44 85 37 9 16 18 2 0 11 
