5 8 13 6 19 13 12 13 27 14 12 24 19 30 27 44 12 11 12 9 6 11 8 9 2 0 1 8 25 2 0 2 4 3 1 0 0 5 5 16 6 1 5 1 8 5 4 2 4 29 2 3 6 4 0 0 3 4 0 0 0 3 0 3 4 6 5 1 1 0 5 1 0 5 1 1 0 2 15 1 0 0 3 2 3 3 2 35 7 0 0 2 2 1 0 2 0 0 2 0 0 3 
10 6 5 5 7 29 18 15 20 22 11 42 37 19 33 45 20 16 30 16 3 10 7 9 6 1 0 21 41 3 2 3 2 3 0 2 1 1 7 18 14 0 2 2 10 8 8 8 6 23 4 7 2 3 2 2 4 7 0 1 1 0 0 2 1 1 2 5 0 3 0 0 1 2 0 5 0 4 18 0 1 0 2 5 0 2 2 19 1 0 0 1 1 4 2 2 0 2 0 0 0 3 
14 14 5 12 6 28 18 12 25 23 12 23 25 22 22 30 16 20 9 5 8 10 4 5 2 0 0 14 52 3 0 1 4 0 2 0 2 1 4 11 9 0 5 1 5 2 5 1 4 23 5 1 6 10 3 1 1 3 0 0 1 0 1 1 4 3 1 5 1 5 3 1 6 1 0 0 0 1 2 0 1 0 0 1 1 0 0 10 2 0 0 1 0 0 0 2 0 2 0 0 0 2 
3 7 10 5 2 13 6 8 3 0 1 5 7 5 3 3 2 5 2 1 0 0 2 4 1 0 0 3 20 1 0 0 0 0 0 0 0 1 0 4 0 0 0 0 1 0 0 0 0 1 0 2 0 0 0 0 0 0 0 3 1 0 0 0 0 0 0 1 0 0 0 0 0 0 0 0 0 0 0 0 1 0 2 0 0 2 0 0 1 0 0 0 0 1 0 0 0 0 0 0 0 0 
8 2 10 0 3 9 1 2 8 3 5 9 9 5 11 15 4 5 6 2 0 4 3 3 1 0 3 7 12 3 0 0 2 0 0 1 0 2 4 1 4 2 1 0 1 0 5 0 0 6 1 0 3 1 1 1 2 4 0 0 0 0 0 1 0 1 0 0 0 0 1 0 1 0 0 3 0 0 2 0 0 0 0 0 0 0 3 3 0 0 0 1 0 0 0 0 0 0 0 0 0 0 
17 36 19 10 9 3 8 15 18 15 6 31 19 29 24 38 18 11 8 12 7 14 8 9 4 0 0 6 41 4 1 0 5 2 1 0 1 5 5 9 0 1 4 6 2 4 1 5 3 23 5 2 7 8 2 0 3 4 0 2 1 0 0 1 5 6 2 5 0 2 5 1 0 2 2 1 0 6 14 0 2 0 0 1 0 3 0 8 2 0 0 3 2 2 0 1 0 0 0 0 0 0 
24 19 22 10 14 7 4 18 18 11 8 17 30 24 21 25 11 12 13 7 4 6 1 9 2 0 0 6 20 6 2 2 3 1 2 0 1 0 8 5 3 0 3 1 7 1 2 2 3 9 7 5 6 7 2 0 2 10 0 4 2 0 2 2 6 8 0 4 1 0 4 2 2 2 2 0 1 1 3 3 1 0 1 0 6 1 2 8 0 0 0 1 1 2 0 2 0 0 0 0 0 0 
14 14 34 10 7 12 19 8 5 8 12 31 43 49 29 51 32 11 12 22 14 12 9 15 3 0 0 10 21 7 0 3 1 2 1 0 4 12 5 16 5 2 3 0 9 6 1 3 13 13 2 3 4 0 0 0 1 7 0 2 0 0 2 1 8 8 2 0 0 1 4 2 2 4 4 4 0 0 6 1 1 1 1 1 0 3 0 10 1 0 0 0 0 0 3 1 1 0 1 1 1 0 
26 42 128 26 16 132 122 8 7 45 82 181 248 200 65 78 16 15 12 3 10 14 5 12 3 1 2 15 20 5 0 11 0 11 1 0 1 2 16 14 5 0 1 2 7 4 9 5 3 14 2 1 3 6 2 4 23 16 0 1 4 3 12 5 1 5 1 3 0 1 2 1 2 3 1 0 0 5 23 1 3 1 1 0 0 2 0 7 0 0 0 2 1 2 0 2 1 0 2 1 0 1 
7 16 15 4 12 18 20 16 5 0 5 18 42 29 15 27 16 7 7 7 2 9 5 13 5 0 1 8 5 2 0 2 1 0 0 0 0 3 11 5 4 3 1 2 7 2 1 5 1 2 3 5 7 12 1 1 2 8 0 0 1 1 1 0 1 1 1 5 1 4 0 3 1 0 3 5 0 4 14 1 1 1 1 1 3 1 0 2 1 0 0 0 4 0 0 1 0 0 0 0 0 0 
13 10 11 0 2 23 4 8 9 2 2 15 5 10 13 27 8 8 9 2 4 8 7 5 1 0 2 8 8 4 2 0 1 0 0 0 2 1 9 12 6 1 0 1 2 14 5 0 0 11 0 2 0 2 0 6 2 1 0 0 0 1 0 0 0 1 1 0 2 0 1 1 0 1 0 0 0 2 2 0 0 0 0 0 0 0 0 5 0 0 0 0 0 0 0 1 0 1 0 0 0 0 
22 28 13 6 7 30 29 33 29 28 3 10 19 38 19 70 23 10 16 10 8 12 7 36 5 0 6 33 10 8 6 5 1 2 0 0 4 3 23 8 1 2 2 2 6 9 6 3 10 25 6 1 4 6 2 1 1 5 0 1 0 0 1 2 3 5 0 2 0 1 2 3 0 1 3 3 0 1 7 2 0 0 0 0 0 0 0 3 0 0 0 3 0 1 2 4 1 0 0 0 0 0 
26 38 35 7 13 51 57 71 55 27 22 30 11 36 30 78 35 27 23 23 21 21 17 25 18 1 5 22 8 17 3 5 7 1 3 0 1 1 19 6 4 0 3 6 7 9 7 3 5 27 4 2 1 10 0 0 5 2 0 8 2 0 0 0 4 0 1 0 2 0 2 1 1 3 7 1 0 6 7 3 0 0 0 0 0 1 0 2 0 0 0 3 1 1 1 4 0 0 3 1 0 1 
45 66 49 7 19 67 85 56 55 49 32 60 46 2 6 51 51 45 60 43 53 71 30 56 20 4 10 58 10 2 0 1 3 0 0 2 1 11 11 12 12 1 3 2 2 8 5 2 6 17 10 7 18 7 8 4 13 24 0 4 0 0 0 0 0 4 0 0 0 0 0 0 1 4 11 6 0 9 30 6 0 0 0 1 0 1 0 2 1 0 0 2 0 0 0 2 0 0 0 0 0 0 
17 39 28 5 11 34 47 29 19 22 19 21 33 11 6 16 26 18 23 29 27 22 33 40 10 4 8 60 8 2 0 3 0 1 2 1 0 2 9 6 3 0 1 1 3 4 1 2 9 9 2 1 9 4 2 1 6 8 0 5 0 1 2 0 0 0 0 0 0 0 0 2 0 0 4 3 0 3 9 0 2 0 0 0 0 0 1 6 4 0 0 0 0 1 0 0 0 0 0 0 0 0 
51 79 64 12 32 80 94 76 67 60 35 78 73 40 14 14 63 88 70 69 150 73 98 161 81 8 17 167 14 40 11 46 28 12 16 14 14 0 12 35 15 1 4 8 30 14 14 19 14 69 21 4 32 17 5 4 9 22 0 6 2 1 2 5 3 6 1 0 1 0 10 4 0 2 7 9 0 3 28 3 4 0 1 2 0 1 0 24 12 0 0 5 3 6 2 4 0 1 1 1 0 2 
16 27 28 2 3 18 30 22 49 41 22 43 55 47 34 108 11 29 34 48 56 26 40 78 19 4 5 60 4 31 7 29 13 7 13 9 14 8 42 23 11 3 11 11 15 9 17 20 10 51 8 9 13 10 2 0 5 13 0 4 0 2 2 1 5 0 0 0 0 0 1 2 0 0 8 1 3 2 16 1 0 1 0 0 0 8 5 16 6 0 0 6 3 2 1 1 0 2 2 0 0 1 
17 22 21 2 8 27 31 36 24 24 10 24 22 33 13 82 24 8 23 10 28 23 33 74 15 10 8 47 1 22 11 14 5 11 7 9 3 7 17 23 13 2 10 10 22 8 3 9 14 49 4 3 3 5 1 0 9 9 0 1 1 0 0 1 1 0 0 0 0 0 1 0 0 0 5 1 0 6 9 5 2 0 0 0 0 1 6 13 6 0 0 7 0 1 0 0 0 0 0 0 0 2 
8 31 14 2 3 25 17 18 22 12 8 29 30 35 16 82 51 24 6 15 43 23 29 61 32 5 8 48 3 15 9 13 5 5 3 6 5 5 20 11 10 0 0 9 14 17 8 9 6 33 3 0 5 5 0 0 5 11 0 0 0 2 0 1 1 1 0 0 0 0 1 0 0 0 0 1 1 3 6 3 0 1 3 0 0 0 0 3 1 0 0 0 1 1 1 1 0 0 5 0 0 2 
3 12 7 2 4 6 7 4 5 5 13 16 9 20 17 39 8 5 10 4 5 2 11 19 9 7 14 37 1 2 2 3 2 1 5 4 3 9 12 11 1 1 1 3 2 4 0 6 7 5 2 0 1 0 0 0 0 7 0 1 0 1 0 0 0 0 0 0 0 0 0 0 0 0 2 0 0 2 0 0 0 0 0 0 0 0 0 4 0 0 0 1 0 0 0 0 0 1 0 0 0 0 
2 7 5 0 6 8 2 10 9 12 8 12 20 25 13 53 35 23 31 2 5 3 35 29 17 9 23 65 1 3 1 1 0 1 2 1 0 5 29 9 7 2 1 3 7 4 1 2 4 16 0 0 1 3 0 0 1 2 0 2 1 1 0 0 2 0 0 0 0 1 0 0 3 0 0 0 0 1 4 2 0 1 0 0 0 2 1 8 2 0 0 1 0 0 0 1 0 0 0 0 0 0 
2 11 9 3 4 6 9 10 5 7 5 11 7 25 22 44 21 14 6 4 2 6 11 13 0 10 14 32 1 2 2 1 1 1 0 4 2 1 14 2 1 0 4 0 2 1 1 2 4 8 1 0 0 2 2 1 0 3 0 0 0 1 0 0 0 0 0 0 0 0 0 0 0 0 0 1 0 2 6 1 0 1 0 0 0 0 2 2 0 0 0 0 0 0 0 1 0 0 0 0 0 0 
2 3 3 1 1 1 2 5 2 5 6 8 4 7 5 53 17 8 20 8 22 8 1 10 10 6 8 46 0 2 0 0 3 2 0 1 2 3 10 3 3 1 0 1 5 7 1 1 2 6 1 0 1 0 0 2 1 0 0 1 1 0 0 0 0 0 0 0 0 0 0 0 0 0 0 1 0 2 17 0 0 0 0 0 1 0 0 0 0 0 0 0 1 0 0 0 0 0 0 0 0 0 
1 6 6 1 1 12 6 14 17 15 9 16 18 22 29 92 48 30 13 17 18 20 13 11 7 14 60 73 3 2 3 1 4 5 1 0 4 3 23 10 7 0 5 5 9 0 4 6 10 17 0 1 0 2 0 0 1 1 0 0 0 0 0 0 0 0 0 0 0 0 0 0 0 0 1 2 0 2 8 0 1 0 0 1 0 4 0 16 0 0 0 4 0 1 0 1 0 0 0 0 0 0 
3 7 5 0 1 5 6 3 10 11 3 9 18 18 20 42 17 12 11 5 11 6 5 7 3 4 10 36 0 4 5 5 12 1 5 7 3 5 18 9 9 5 7 7 13 6 4 7 6 36 5 6 1 3 1 5 4 4 0 0 0 0 0 0 2 0 0 0 0 0 0 0 0 0 0 1 0 2 8 0 1 2 0 0 0 2 1 29 2 0 0 0 0 0 0 2 0 0 1 0 0 0 
2 1 0 1 0 0 0 0 0 0 0 8 5 4 1 5 5 1 1 4 12 7 9 28 6 1 3 10 0 1 0 0 0 0 0 0 0 0 3 1 0 0 0 1 0 0 0 1 0 0 0 0 2 0 0 0 0 0 0 0 0 0 0 0 0 0 0 0 0 0 0 0 0 0 0 0 0 1 1 0 4 0 0 0 0 0 0 0 0 0 0 0 0 0 0 0 0 0 0 0 0 0 
0 1 0 1 0 1 2 0 3 0 2 1 2 5 0 9 0 4 2 5 14 4 1 16 4 2 2 12 0 1 0 1 1 1 0 1 1 0 0 2 0 0 0 0 0 1 1 0 0 2 0 0 0 1 0 0 0 0 0 0 0 0 0 0 0 0 0 0 0 0 0 0 0 0 0 0 0 0 0 0 0 0 0 0 0 0 1 0 2 0 0 0 0 0 0 0 0 0 0 0 0 0 
6 11 11 4 6 4 6 12 15 19 9 15 25 51 38 73 25 41 37 33 35 55 60 56 17 7 52 8 4 1 1 3 7 7 6 2 4 12 21 17 24 2 10 7 13 10 10 14 6 47 5 5 4 0 7 1 3 3 0 2 2 0 0 1 1 4 0 0 0 0 0 0 0 0 6 1 0 1 13 1 0 1 0 2 0 0 3 27 3 0 0 6 2 1 0 3 0 0 0 0 0 3 
78 118 131 10 25 108 63 69 65 32 19 33 33 35 31 46 13 28 21 7 15 14 5 16 3 0 5 19 4 3 2 15 2 0 9 2 1 11 9 17 22 0 8 5 8 12 8 4 8 52 10 7 10 3 4 1 5 7 0 3 0 0 0 4 12 14 2 9 4 2 2 3 1 0 5 2 0 1 8 2 2 1 8 1 3 0 0 14 2 0 0 2 3 5 0 5 0 1 0 2 0 0 
2 1 1 0 2 4 4 4 6 3 2 6 5 3 3 15 18 20 9 2 3 4 0 6 3 1 0 2 0 18 108 106 117 39 55 78 103 65 87 85 60 5 19 12 35 36 23 15 22 132 18 3 13 9 3 2 1 2 0 6 1 2 0 5 32 21 7 6 5 6 3 10 1 0 1 2 3 3 25 1 5 1 3 4 5 5 11 72 10 0 0 15 5 12 3 4 2 4 4 0 0 4 
0 1 1 0 1 1 2 0 0 0 3 0 5 1 4 4 8 4 8 8 2 3 5 2 1 0 0 3 0 117 5 59 49 10 15 21 54 34 22 27 24 5 11 7 11 6 7 5 12 49 1 3 2 4 0 2 1 0 0 1 3 2 2 6 4 3 3 12 0 2 2 3 0 2 2 1 0 2 5 2 4 0 0 0 1 5 4 18 1 0 0 0 3 3 2 7 0 2 2 0 0 2 
1 1 1 0 0 4 2 3 3 2 4 2 7 1 6 10 22 10 4 6 3 3 2 2 3 0 2 9 0 119 69 8 33 19 41 42 108 82 160 72 37 9 20 19 42 23 29 33 22 97 4 3 6 9 0 0 5 7 0 5 1 0 2 5 17 22 6 5 2 6 5 1 2 0 5 4 2 5 8 4 2 1 4 1 2 8 5 43 13 0 0 6 7 3 5 9 1 6 3 0 0 4 
6 7 5 1 1 6 13 5 14 8 3 7 9 1 0 18 20 16 8 10 17 9 5 20 13 1 0 31 0 255 90 83 10 33 66 64 108 105 155 123 88 18 53 55 65 92 78 64 72 384 26 15 42 20 5 5 17 19 0 10 3 1 1 9 18 26 9 12 4 12 20 24 4 5 22 7 1 7 43 5 8 4 5 6 3 17 7 112 25 0 0 15 13 11 8 14 3 14 7 3 1 18 
1 4 3 1 1 3 2 2 1 2 0 0 2 4 2 9 9 9 5 1 0 0 3 6 6 0 1 4 1 101 46 29 14 3 12 11 48 44 59 55 33 3 16 12 19 15 15 20 20 58 8 4 6 4 4 1 1 15 0 1 1 1 2 2 2 8 2 5 6 10 17 13 7 6 4 2 1 3 18 1 2 1 0 1 3 7 2 18 16 0 0 5 2 5 1 9 1 3 2 1 3 0 
2 8 2 0 1 3 2 2 4 3 1 2 0 0 1 5 19 12 6 5 7 4 10 10 9 0 0 6 1 230 107 125 41 27 4 12 73 77 95 124 53 10 30 32 57 51 28 38 31 128 9 6 9 7 2 2 6 12 0 6 1 0 3 11 17 13 5 6 7 19 18 18 5 5 5 9 1 10 12 2 2 0 1 1 0 5 7 30 23 0 0 18 6 7 6 13 3 8 2 0 1 1 
2 0 2 1 0 0 0 1 3 0 1 2 1 0 11 11 11 5 3 1 1 4 4 21 6 2 3 2 0 130 38 64 40 16 5 6 90 44 92 66 30 7 7 20 20 19 10 15 13 97 3 2 6 8 0 0 2 3 0 2 0 1 0 3 3 10 3 3 0 6 16 12 2 1 2 0 0 2 2 0 1 0 0 0 0 5 1 22 3 0 0 5 5 7 4 8 2 4 1 1 0 3 
4 6 2 0 1 4 6 5 1 2 2 1 3 0 1 24 27 21 11 3 9 10 9 20 5 0 1 14 0 299 145 289 99 68 115 105 7 91 322 320 164 42 78 67 123 121 96 69 75 273 4 5 20 12 2 2 9 6 0 8 0 0 8 17 23 22 9 12 10 4 28 31 16 17 9 6 1 5 22 1 2 0 1 1 7 23 20 56 42 0 0 44 23 24 13 35 9 16 9 2 4 19 
7 5 4 0 2 4 3 1 4 4 1 5 5 0 5 5 11 12 10 3 13 5 13 14 6 3 1 17 1 160 71 119 47 44 31 49 74 16 74 158 81 15 39 45 63 66 42 42 59 191 6 3 4 2 0 0 4 3 0 1 0 0 7 10 12 14 10 3 3 3 13 10 5 4 1 2 1 0 8 0 1 1 0 3 2 8 5 71 20 0 0 15 2 10 3 26 1 18 3 3 1 2 
29 29 9 3 10 22 27 31 50 21 18 30 44 11 6 9 62 56 29 31 66 43 33 65 25 2 11 57 3 319 116 293 154 119 124 124 223 93 16 523 296 34 101 117 148 171 134 127 130 425 22 10 40 9 7 5 16 20 0 3 5 1 9 30 44 33 12 33 4 9 37 35 4 15 13 7 2 5 34 4 13 7 12 15 4 37 29 175 46 0 0 62 19 24 17 55 6 29 24 10 5 28 
6 17 22 2 5 16 14 7 11 9 4 24 10 11 2 18 20 15 11 8 8 5 9 21 11 0 1 19 0 95 37 78 56 27 47 54 123 119 273 9 35 18 22 56 63 61 53 61 76 220 8 8 13 5 3 2 6 9 0 2 2 0 0 3 13 3 2 3 0 2 9 8 2 6 9 4 2 8 11 12 8 1 2 9 3 9 11 29 21 0 0 43 7 17 4 20 3 8 2 1 0 10 
4 8 10 1 3 9 10 5 5 8 8 0 3 2 1 12 11 9 9 5 5 2 4 8 12 1 3 23 0 53 30 50 33 34 25 18 49 56 127 54 5 9 20 40 44 35 35 52 37 169 1 0 4 4 2 3 2 4 0 1 1 0 3 3 7 5 0 2 1 1 6 6 1 7 2 4 0 2 10 2 5 0 7 5 2 11 15 20 37 0 0 14 12 26 13 47 13 13 5 3 0 5 
1 0 1 0 1 0 0 2 1 1 2 1 1 3 0 2 0 2 0 0 0 2 0 0 0 0 0 1 0 11 3 11 8 9 4 3 22 15 25 13 4 6 9 20 18 15 6 15 13 26 0 0 1 0 0 0 0 0 0 0 0 0 2 2 1 0 0 2 0 2 0 0 0 0 0 1 0 1 3 2 3 1 3 3 1 9 3 15 5 0 0 11 1 4 3 4 0 1 3 0 0 2 
9 9 3 0 1 5 8 7 5 3 2 13 15 5 2 8 15 7 7 4 7 3 8 2 4 0 0 6 0 53 23 50 30 25 25 21 53 67 101 51 30 13 6 41 52 55 39 55 66 135 8 4 8 8 5 1 2 2 0 2 0 1 3 7 4 5 1 8 1 1 5 6 0 1 10 8 0 10 31 18 18 11 17 49 23 63 33 100 52 0 0 53 26 30 38 96 4 50 29 5 6 24 
5 11 13 3 3 8 13 4 5 3 3 2 5 3 6 12 12 13 3 6 11 5 10 13 6 0 2 13 0 63 13 62 37 23 21 27 57 81 94 122 71 49 43 22 112 181 97 122 188 309 10 11 12 19 6 3 6 16 0 3 1 2 1 4 9 7 2 7 3 3 9 3 2 0 24 18 1 16 38 29 11 16 31 57 58 112 88 162 90 0 0 147 59 85 38 157 10 72 52 16 8 45 
3 12 6 0 3 5 7 6 3 4 0 2 7 2 6 6 10 8 5 6 10 7 10 18 2 2 3 18 5 44 21 46 32 11 23 10 43 56 98 69 30 25 30 57 15 100 77 94 131 242 8 6 11 4 0 0 1 1 0 1 1 1 3 4 4 10 2 4 3 2 4 7 0 0 9 5 0 15 13 5 17 5 7 14 13 15 16 48 21 0 0 35 9 16 11 54 8 26 22 1 0 20 
8 12 14 1 1 9 10 9 13 3 2 15 17 5 3 13 28 20 11 10 11 13 10 16 8 1 3 21 0 73 36 62 66 31 44 37 86 86 129 159 108 25 59 168 134 18 92 303 325 503 11 6 12 10 2 2 4 13 0 2 0 1 3 6 11 7 0 9 1 2 11 11 2 3 10 11 0 12 16 26 26 13 13 35 23 51 47 146 44 0 0 108 24 34 19 59 13 44 32 8 7 39 
4 12 17 1 3 6 6 10 9 4 5 3 7 2 4 9 20 13 4 7 4 8 7 8 6 0 0 15 0 45 9 27 21 23 14 21 30 54 62 93 54 15 26 53 46 81 7 164 136 275 6 3 29 6 2 0 4 6 0 1 0 0 1 15 7 2 0 4 2 2 6 6 0 3 3 1 0 6 13 11 8 4 7 23 9 23 13 113 9 0 0 36 12 24 10 18 4 20 15 5 2 17 
1 2 4 1 3 4 2 2 1 0 3 1 4 1 3 0 8 3 2 2 2 1 0 3 2 1 3 7 0 17 5 12 20 13 14 6 38 27 38 42 39 5 26 46 38 124 57 9 113 336 4 3 4 0 0 2 1 2 0 0 0 0 0 2 4 4 0 2 1 2 1 0 2 1 2 1 1 3 7 4 2 7 5 17 9 14 12 76 12 0 0 23 7 12 14 12 3 18 12 0 2 5 
0 1 1 0 1 4 3 0 3 5 3 2 4 2 1 3 12 2 2 6 1 2 0 3 8 0 0 8 0 28 3 13 19 17 13 5 16 15 35 47 18 10 16 31 37 100 41 82 14 235 4 2 5 0 0 0 2 4 0 1 0 1 0 3 5 1 2 5 1 2 2 3 0 0 6 5 2 2 3 4 3 5 2 9 9 11 9 79 9 0 0 25 6 15 3 17 4 16 11 1 0 4 
26 60 47 2 21 32 20 27 27 26 11 34 44 23 21 31 73 45 39 25 35 16 30 53 49 1 7 73 7 212 61 173 195 85 80 82 186 203 341 319 227 38 128 260 260 393 212 549 730 33 38 20 58 19 9 1 21 32 0 5 6 1 5 19 29 29 7 13 7 5 40 19 5 9 51 30 6 34 65 43 45 24 34 72 46 85 68 594 71 0 0 129 30 94 72 117 15 108 87 21 9 72 
3 5 9 1 2 5 13 1 3 2 1 7 1 4 8 11 8 4 4 5 1 1 2 5 7 0 0 8 0 14 7 5 4 9 6 3 4 0 7 9 0 0 6 11 5 4 2 5 5 26 4 9 33 18 17 10 23 28 0 15 8 0 3 6 13 11 3 11 1 11 5 5 4 14 6 5 1 12 61 3 5 2 7 11 8 17 3 30 3 0 0 3 2 5 3 2 1 4 4 1 0 5 
3 1 3 0 4 3 3 1 1 0 5 2 5 1 3 5 5 1 0 0 2 0 2 3 0 0 0 1 0 3 4 4 6 2 4 0 4 2 4 5 2 0 4 2 2 8 6 2 2 19 7 7 35 18 11 0 12 20 0 18 4 2 3 8 11 9 1 12 0 5 1 8 4 4 5 4 0 5 55 8 4 1 4 2 7 11 2 24 3 0 0 3 2 0 7 5 1 1 3 0 0 2 
4 6 7 0 7 12 6 8 4 2 0 4 8 9 5 6 5 4 1 3 3 1 4 6 0 0 1 4 1 13 12 13 16 8 3 3 0 3 8 9 7 1 4 7 7 9 6 5 8 35 61 38 5 24 20 7 25 30 0 25 2 4 4 6 6 25 4 11 3 13 17 13 3 4 5 12 4 5 72 11 10 2 6 15 5 11 11 50 7 0 0 7 2 13 8 2 5 5 1 0 0 4 
2 4 3 3 2 6 4 1 2 5 2 3 1 1 4 5 3 4 4 2 0 3 1 1 0 0 0 7 0 5 8 6 12 5 1 2 5 4 4 4 2 0 2 2 1 8 1 2 0 8 18 24 21 3 19 2 5 19 0 13 6 3 2 12 12 16 2 14 1 12 4 4 3 8 3 5 4 5 38 3 8 0 7 8 9 6 4 17 3 0 0 2 1 5 2 5 1 8 5 3 1 2 
2 3 3 1 5 2 1 4 0 5 0 0 0 0 3 1 3 1 1 0 0 0 0 0 1 0 0 0 0 2 2 3 5 0 0 1 2 1 7 2 2 0 3 0 1 2 0 2 0 0 5 6 7 8 1 0 1 9 0 7 4 1 2 6 6 7 0 9 0 2 3 3 1 1 4 1 1 4 23 1 3 0 2 0 2 0 1 8 0 0 0 1 0 3 0 1 0 0 1 0 0 0 
1 1 0 2 1 1 2 2 0 0 1 1 1 3 2 5 3 0 0 0 1 0 0 0 4 0 0 1 0 0 0 4 1 3 0 1 0 0 0 1 0 0 4 0 0 2 2 4 1 4 12 5 5 5 3 0 4 6 0 4 1 4 1 8 3 6 4 0 1 4 5 0 1 5 1 3 5 3 18 0 2 1 0 6 4 4 1 6 0 0 0 2 0 2 0 1 0 0 1 0 0 1 
0 4 3 1 2 1 2 3 1 4 0 0 2 2 2 5 4 7 0 0 0 1 1 2 1 0 0 2 0 4 1 4 3 2 6 1 4 3 4 4 1 0 3 1 3 3 1 2 2 5 15 6 11 4 9 1 5 11 0 14 0 1 1 8 4 9 2 17 2 7 6 10 7 5 10 13 4 7 44 3 3 0 3 10 4 5 2 13 2 0 0 0 0 0 3 1 2 1 0 1 1 2 
4 4 7 1 1 11 5 5 2 6 0 6 2 5 7 16 4 2 4 0 0 2 0 2 5 0 1 7 1 5 6 14 7 5 0 1 0 1 6 3 3 0 3 2 1 7 7 3 0 10 25 21 33 31 19 10 11 2 0 16 8 3 6 8 13 21 6 16 1 9 11 10 8 5 45 23 7 13 102 19 15 3 9 18 8 8 6 26 9 0 0 2 2 2 6 4 1 6 3 6 0 1 
0 0 0 0 0 0 0 0 0 0 0 0 0 0 0 0 0 0 0 0 0 0 0 0 0 0 0 0 0 0 0 0 0 0 0 0 0 0 0 0 0 0 0 0 0 0 0 0 0 0 0 0 0 0 0 0 0 0 0 1 0 0 0 0 0 0 0 0 0 0 0 0 0 0 0 0 0 0 0 0 0 0 0 0 0 0 0 0 0 0 0 0 0 0 0 0 0 0 0 0 0 0 
13 12 8 0 1 5 14 8 2 4 6 3 19 11 17 17 11 6 5 5 4 2 2 11 6 1 1 5 3 15 4 4 2 5 0 0 0 0 5 6 7 1 2 2 4 2 1 4 1 18 23 11 22 28 9 10 16 28 0 2 3 1 1 8 8 26 9 5 2 10 6 16 5 17 7 13 2 9 38 9 12 3 7 4 6 7 4 10 3 0 0 2 2 2 1 1 2 2 0 0 0 0 
0 0 0 0 0 0 1 1 0 1 0 0 0 1 0 1 0 1 1 1 1 0 0 1 0 0 0 3 1 2 0 2 1 0 0 0 1 4 4 5 0 0 1 0 1 0 1 1 1 4 3 6 14 7 8 1 2 13 0 8 0 0 0 4 8 4 2 4 1 6 5 7 1 5 2 8 1 5 13 1 2 5 3 3 0 8 1 5 0 0 0 1 1 0 0 1 0 1 0 1 0 1 
6 4 6 3 2 3 2 4 0 3 1 5 5 2 4 3 3 2 1 1 0 0 0 0 0 0 0 4 2 15 6 8 0 6 12 11 10 8 11 17 6 2 7 0 4 7 5 3 6 11 3 1 7 5 2 2 8 9 0 6 2 2 2 17 13 20 4 9 6 16 4 15 4 5 6 6 0 2 24 4 4 3 4 13 2 6 0 6 3 0 0 2 1 1 3 2 0 3 0 1 1 0 
0 2 1 0 0 1 3 2 0 0 0 1 3 0 0 0 2 0 0 0 0 0 0 0 0 0 0 1 0 2 1 5 0 5 1 2 3 1 4 2 1 0 0 0 1 1 2 3 0 6 1 0 3 6 0 1 2 2 0 2 0 2 3 2 9 9 7 2 8 5 6 9 2 0 1 1 1 2 8 6 0 1 1 0 1 1 0 3 1 0 0 0 0 0 1 0 1 1 0 0 0 3 
0 5 4 1 2 4 4 5 3 2 0 1 0 0 0 2 0 2 0 0 1 0 0 1 0 0 0 0 0 9 4 8 2 0 6 5 11 15 17 16 11 1 6 4 8 10 5 6 9 27 11 7 26 11 7 2 11 10 0 11 3 3 7 4 6 13 13 11 3 4 23 34 15 11 5 8 3 4 27 4 8 1 4 4 2 2 3 4 5 0 0 12 0 1 0 3 0 2 2 0 0 0 
4 3 3 1 0 5 6 5 9 3 0 0 0 0 0 3 1 1 0 0 1 0 0 0 0 0 0 1 0 20 13 10 7 3 5 3 11 6 16 10 12 1 3 1 5 6 9 4 5 23 11 15 7 15 6 3 20 12 0 13 4 6 6 9 4 20 4 7 13 19 34 44 18 13 8 12 0 8 20 5 9 8 0 5 2 4 0 16 5 0 0 0 0 1 0 0 0 0 1 0 0 1 
5 7 6 1 1 7 15 7 5 4 2 8 3 1 0 1 0 0 0 1 0 0 0 0 0 0 0 0 2 30 23 19 9 7 10 5 5 6 15 4 5 2 6 10 12 5 10 6 9 23 15 9 20 26 5 1 13 18 0 13 5 0 14 25 32 7 11 27 23 37 46 62 27 39 8 6 1 10 47 5 5 2 10 5 4 4 4 16 1 0 0 3 1 1 0 3 0 1 0 1 0 2 
1 5 0 0 0 1 6 2 1 0 0 0 0 0 0 0 0 0 0 0 0 0 0 0 0 0 0 0 0 9 4 2 3 2 3 2 4 1 4 1 1 0 0 0 1 1 3 0 2 4 2 2 4 3 2 1 6 3 0 17 1 0 7 4 5 11 3 9 10 8 12 26 11 6 0 1 0 4 15 1 2 2 4 1 0 0 0 4 3 0 0 0 0 0 0 0 0 0 0 0 0 0 
1 2 2 0 0 1 1 2 3 1 3 2 1 0 0 1 0 0 0 0 0 0 0 0 0 0 0 0 0 12 5 1 0 4 0 7 4 15 11 3 0 0 0 6 1 4 1 8 7 15 3 8 22 19 1 1 3 13 0 13 3 0 6 9 13 22 3 7 16 15 58 39 14 27 7 1 1 2 33 8 2 2 3 2 2 2 3 5 1 0 0 0 1 1 0 0 0 1 0 0 0 0 
2 0 1 0 0 0 1 3 0 1 0 2 1 0 1 1 0 0 0 0 0 0 0 0 0 0 0 0 0 7 5 5 1 5 1 0 4 2 3 1 0 0 1 1 2 1 3 1 2 5 0 0 1 2 1 0 2 4 0 8 3 1 0 9 9 34 17 17 2 3 26 47 0 5 2 2 0 1 12 3 2 0 4 1 0 0 3 0 0 0 0 0 1 0 0 0 0 0 0 0 0 0 
1 0 2 0 0 0 1 1 1 0 0 0 0 0 0 0 0 0 0 0 0 0 0 0 0 0 0 0 0 5 2 3 1 4 1 1 5 1 4 1 3 0 0 0 0 1 0 0 2 3 9 6 12 7 1 2 2 11 0 4 6 3 1 5 13 12 6 7 2 10 27 38 8 35 18 3 3 2 17 4 4 2 1 0 0 2 0 5 0 0 0 1 0 0 0 0 0 0 0 0 0 0 
0 2 1 4 0 0 3 1 0 2 1 1 4 1 2 2 0 0 0 0 0 0 0 0 0 0 0 0 1 7 0 2 4 4 6 1 14 5 2 2 5 2 8 0 6 0 1 0 3 5 3 5 3 7 1 1 2 5 0 4 3 1 5 5 25 32 4 24 23 17 4 85 9 29 3 3 2 6 10 2 3 4 0 5 3 4 0 3 1 0 0 0 1 0 0 0 0 0 0 0 0 0 
2 3 1 3 0 2 0 1 2 4 0 2 1 0 1 0 0 0 0 0 0 0 0 0 0 0 0 0 0 8 1 6 6 11 5 2 7 1 8 3 9 0 4 0 2 11 0 2 1 12 4 2 9 5 1 0 6 7 0 8 5 0 2 14 33 29 17 43 25 31 73 5 50 35 0 2 0 3 20 4 2 0 5 3 0 3 1 13 4 0 0 1 0 0 0 1 0 0 0 0 0 0 
3 0 2 1 2 3 3 2 3 2 1 0 1 0 0 1 0 0 0 0 0 0 0 3 0 0 0 1 0 3 0 1 2 2 10 6 2 5 7 2 3 1 1 2 6 1 4 2 1 6 12 4 3 4 3 2 5 6 0 9 3 3 1 6 13 23 3 10 6 11 25 45 3 8 1 2 0 0 5 2 6 4 2 4 2 1 0 8 1 0 0 0 0 1 1 0 0 0 0 0 0 1 
3 3 5 0 2 4 2 1 3 2 2 2 2 0 2 0 0 0 1 0 0 0 0 0 0 0 0 0 0 0 0 1 0 8 3 5 2 2 7 1 2 1 3 0 5 2 3 1 0 8 11 9 6 4 4 1 10 3 0 9 7 3 3 6 13 21 10 22 5 55 27 47 8 3 7 4 3 8 22 2 3 1 1 1 4 2 2 12 0 0 0 0 0 0 0 0 0 1 0 0 1 1 
0 1 1 0 0 2 0 2 0 0 1 2 0 4 1 6 1 5 1 1 0 1 0 0 0 0 0 2 1 3 1 4 5 0 0 0 1 0 6 6 9 2 7 7 3 4 4 6 5 29 7 8 7 14 0 1 1 7 0 6 0 1 1 6 3 4 3 8 0 2 0 4 1 5 0 6 1 14 63 13 6 5 16 41 17 6 2 40 5 0 0 2 0 5 2 7 0 7 5 0 0 4 
0 3 3 0 0 1 1 0 0 1 1 4 4 1 5 3 2 1 1 1 0 0 0 2 1 0 0 2 0 4 1 2 5 1 1 0 1 2 6 1 0 0 5 1 1 3 3 6 10 24 7 2 4 9 4 4 8 13 0 2 3 0 1 5 1 7 1 3 3 1 0 0 0 1 12 6 7 25 97 17 4 5 12 25 10 6 2 37 3 0 0 1 6 9 3 8 1 0 2 0 0 8 
0 0 0 2 0 2 1 0 0 3 0 0 1 0 0 4 1 0 0 0 0 0 0 1 0 0 0 1 0 0 2 0 1 2 0 0 1 0 1 0 0 0 2 0 1 1 0 1 0 0 0 3 1 3 0 1 2 1 0 0 0 0 0 0 0 0 0 0 0 0 0 0 0 0 7 11 0 9 41 7 4 2 4 11 1 2 0 11 0 0 0 1 0 1 0 0 0 1 2 1 0 1 
2 0 0 0 0 0 3 0 0 0 0 3 2 0 1 5 4 0 1 0 0 0 1 2 2 1 0 0 0 1 0 2 8 1 0 1 0 0 5 1 1 0 2 8 2 2 0 2 6 16 6 5 12 5 1 0 2 6 0 7 6 0 1 2 5 7 2 1 1 3 4 5 1 1 22 21 8 2 49 10 12 7 11 28 14 10 2 24 3 0 0 8 3 6 2 8 0 4 7 1 0 1 
4 19 11 4 7 7 22 11 7 11 17 17 14 14 13 31 12 16 3 6 3 0 3 10 8 0 2 6 3 29 15 19 23 26 13 6 2 7 12 10 16 1 12 24 24 15 25 20 25 76 153 81 166 84 59 38 77 111 0 37 13 7 9 20 34 53 14 21 6 28 28 18 6 31 236 193 70 98 15 86 126 27 80 136 73 45 22 115 22 0 0 14 8 20 17 16 3 15 10 7 6 8 
2 0 0 0 1 1 0 1 0 1 0 1 1 0 0 4 1 0 0 2 1 0 0 1 0 0 1 3 0 0 1 1 1 2 0 2 1 0 7 5 2 0 4 5 3 8 8 2 4 25 6 3 12 5 2 2 1 6 0 3 2 2 1 1 8 1 0 2 2 5 0 2 0 4 18 19 5 20 46 2 21 4 7 55 45 15 8 38 8 0 0 5 2 5 4 7 3 11 9 0 0 3 
3 1 2 0 0 1 0 0 2 0 0 0 0 0 0 3 2 0 0 0 0 0 0 2 0 0 0 0 0 4 0 1 2 1 0 0 1 1 0 0 3 1 13 6 0 2 4 3 2 31 5 6 6 5 4 0 0 2 0 2 0 3 6 0 4 3 2 6 1 2 1 1 1 0 32 12 4 9 66 11 2 3 6 41 24 12 12 30 5 0 0 9 2 8 9 2 0 6 7 0 2 1 
2 2 0 0 0 1 3 0 0 1 0 0 0 0 0 0 0 0 1 0 0 0 0 0 0 0 0 1 0 3 0 1 5 1 0 0 0 0 0 1 3 5 8 7 7 6 6 5 7 22 2 0 1 3 1 0 0 6 0 0 2 1 0 0 0 3 0 2 1 0 0 3 0 4 36 18 11 9 19 4 1 0 3 21 19 10 8 45 6 0 0 5 3 8 5 1 1 6 6 3 1 0 
2 3 0 0 0 0 0 1 0 0 0 0 0 1 0 1 0 0 0 0 0 0 0 0 0 0 0 1 0 3 1 0 1 0 1 0 1 2 1 0 1 1 9 8 6 6 4 4 3 23 4 1 2 3 0 0 6 6 0 2 0 0 0 2 3 0 1 0 1 3 0 2 0 0 61 8 3 13 38 16 7 1 4 77 29 13 14 43 3 0 0 7 2 7 4 8 2 14 10 3 2 2 
3 2 5 1 0 5 3 0 0 2 3 1 2 1 2 1 1 1 0 0 1 0 0 4 0 0 0 4 1 2 4 1 1 5 2 0 1 2 4 15 6 3 16 13 13 30 15 17 23 73 23 12 25 16 2 1 21 21 0 4 4 0 2 2 8 3 0 1 2 3 7 5 2 6 82 77 15 64 164 97 119 42 158 12 121 63 37 135 27 0 0 34 11 32 15 14 3 28 25 4 4 13 
3 0 0 0 0 0 1 3 3 0 0 1 1 0 0 2 1 0 1 1 0 0 0 0 0 0 0 0 0 4 0 2 0 2 2 0 1 1 4 8 4 1 14 14 9 14 14 6 6 29 4 3 15 8 1 1 9 19 0 3 1 0 0 0 1 6 1 0 0 0 1 0 0 1 14 19 4 26 63 49 43 12 39 108 10 29 16 66 10 0 0 21 6 10 10 17 3 9 13 6 2 2 
0 7 1 0 1 2 1 1 2 2 0 0 1 1 3 0 4 1 1 0 2 0 0 2 1 0 0 4 0 11 3 17 5 3 8 3 7 15 22 4 7 8 20 46 27 34 17 15 25 77 8 8 13 14 2 2 8 1 0 2 0 0 1 2 4 5 1 1 1 0 7 0 0 3 19 9 3 16 33 17 18 12 23 59 55 7 17 54 28 0 0 35 14 34 16 27 5 23 15 4 1 25 
0 5 3 0 2 0 3 2 0 3 0 0 0 0 0 3 2 7 0 0 0 2 2 0 2 0 1 3 0 2 3 5 5 1 0 6 3 7 9 8 3 3 15 39 8 13 8 9 15 52 4 7 8 5 1 1 2 0 0 0 0 0 0 0 1 3 1 1 0 2 0 2 1 1 9 5 0 15 20 10 12 4 17 39 26 21 5 36 14 0 0 28 12 12 15 9 2 23 6 1 2 14 
16 19 15 4 8 6 7 8 5 6 5 3 3 0 3 4 8 9 2 1 7 5 3 14 17 1 1 30 3 58 12 41 36 17 12 17 27 29 64 31 13 5 59 62 39 106 107 73 94 544 31 17 44 8 6 5 10 26 0 7 3 2 2 3 11 16 3 2 0 6 5 10 4 7 41 27 2 35 67 36 37 30 44 96 53 44 44 20 22 0 0 74 16 64 26 68 13 61 49 21 8 91 
2 1 2 1 0 1 1 0 1 2 1 0 0 0 0 3 5 2 2 3 2 2 1 3 1 0 0 0 0 11 3 12 8 3 12 6 11 15 24 12 8 11 25 49 16 10 7 16 23 60 5 2 1 8 1 0 5 5 0 3 1 1 0 1 3 5 1 1 0 1 1 3 1 1 3 5 1 5 17 14 4 4 10 27 25 21 16 35 3 0 0 31 13 18 9 27 2 12 11 11 2 22 
0 0 0 0 0 0 0 0 0 0 0 0 0 0 0 0 0 0 0 0 0 0 0 0 0 0 0 0 0 0 0 0 0 0 0 0 0 0 0 0 0 0 0 0 0 0 0 0 0 0 0 0 0 0 0 0 0 0 0 0 0 0 0 0 0 0 0 0 0 0 0 0 0 0 0 0 0 0 0 0 0 0 0 0 0 0 0 1 0 0 0 0 0 0 0 0 0 0 0 0 0 0 
0 0 0 0 0 0 0 0 0 0 0 0 0 0 0 0 0 0 0 0 0 0 0 0 0 0 0 0 0 0 0 0 0 0 0 0 0 0 0 0 0 0 0 0 0 0 0 0 0 0 0 0 0 0 0 0 0 0 0 0 0 0 0 0 0 0 0 0 0 0 0 0 0 0 0 0 0 0 0 0 0 0 0 0 0 0 0 0 0 0 0 0 0 0 0 0 0 0 0 0 0 0 
5 7 8 0 2 15 21 11 4 5 5 10 19 7 4 8 14 5 6 1 8 7 2 4 3 0 1 6 1 45 17 38 33 33 27 28 59 64 141 80 37 20 58 166 97 147 100 101 157 321 12 8 18 14 3 0 14 19 0 7 2 0 0 10 4 7 2 1 0 0 6 3 2 4 21 13 3 23 56 30 34 33 43 86 72 134 77 335 180 0 0 16 110 141 67 346 23 180 100 19 21 61 
0 2 0 0 3 1 1 4 1 2 0 1 0 0 0 1 1 0 0 0 0 0 0 0 0 1 0 0 1 3 2 7 7 2 6 3 5 8 17 8 3 0 17 47 10 16 9 10 15 36 1 2 3 4 0 1 3 0 0 1 1 0 1 0 1 0 0 0 0 0 0 0 0 0 4 7 0 5 8 2 9 11 3 19 20 12 15 67 20 0 0 34 2 13 6 18 9 15 13 6 4 8 
1 1 3 0 0 1 2 0 1 0 0 2 2 1 0 0 1 2 1 0 0 0 0 0 0 0 0 0 0 5 4 9 7 9 2 5 10 5 28 5 2 7 18 33 15 14 13 27 37 54 3 5 3 6 3 3 3 1 0 1 0 1 0 1 0 0 0 0 0 0 0 1 0 2 12 9 2 8 19 19 11 8 6 25 9 24 23 72 25 0 0 50 2 8 4 44 2 20 12 5 2 24 
1 0 1 0 0 2 0 2 1 2 0 0 2 2 0 0 0 0 0 0 0 0 0 4 0 0 0 0 0 5 2 4 3 3 4 1 4 4 9 6 8 7 19 33 12 22 7 28 22 43 10 5 4 5 2 1 3 1 0 0 1 0 0 1 0 0 0 0 0 0 0 0 0 0 2 4 1 6 13 6 14 11 3 29 12 28 27 75 34 0 0 27 14 11 2 16 4 35 17 3 10 21 
3 0 1 0 1 4 2 0 3 0 0 3 3 0 0 0 0 0 0 0 1 0 0 0 0 1 0 3 0 5 3 6 5 0 7 4 9 3 12 19 11 7 23 43 9 21 13 19 15 56 5 0 3 1 1 1 1 5 0 3 0 0 0 1 0 0 0 0 0 0 0 0 0 0 4 1 0 6 16 9 8 5 4 18 9 18 12 80 18 0 0 77 4 11 9 9 0 25 8 4 2 20 
0 1 0 0 0 0 0 2 0 0 0 0 0 0 0 0 0 0 0 0 0 0 0 0 0 0 0 0 0 0 0 0 0 0 0 3 1 1 4 0 2 0 2 5 3 0 5 2 2 7 0 0 0 0 0 0 1 0 0 0 0 0 0 0 0 0 0 0 0 0 0 0 0 0 0 0 0 0 3 1 1 1 3 2 0 6 2 13 4 0 0 9 0 4 0 8 0 1 0 0 1 1 
0 2 0 0 0 0 2 0 1 0 1 1 1 0 0 1 0 0 0 0 0 0 0 0 1 0 0 0 0 7 0 2 3 3 2 2 2 4 11 3 4 1 12 13 7 8 7 12 20 40 2 5 2 4 2 1 4 2 0 1 0 0 0 1 1 0 0 0 0 0 0 0 0 0 7 4 2 5 4 3 6 4 8 23 7 16 4 42 14 0 0 30 6 2 3 22 0 5 2 1 0 12 
1 3 1 2 1 2 2 1 2 2 1 2 0 1 1 1 1 0 1 0 0 0 0 0 0 0 0 2 0 8 2 0 1 1 6 0 2 5 11 5 9 2 12 16 13 4 9 13 11 45 2 2 5 0 0 0 3 3 0 1 0 0 0 0 0 0 0 0 0 0 1 0 0 0 3 5 1 5 11 6 14 1 10 19 12 5 8 55 10 0 0 17 1 4 2 6 3 10 2 4 1 7 
0 1 0 0 0 1 0 0 0 2 0 0 0 0 0 0 0 0 0 0 0 0 0 0 0 0 0 0 0 2 0 1 0 0 0 0 0 2 1 1 0 0 2 1 2 2 5 1 0 2 0 0 0 2 0 0 0 0 0 0 0 0 0 0 0 0 0 0 0 0 0 0 0 0 1 0 0 5 0 2 2 0 0 4 4 5 2 8 1 0 0 6 0 2 1 2 1 1 2 0 1 3 
0 0 0 0 3 0 0 0 0 0 0 0 0 0 0 0 1 0 0 0 1 0 0 0 0 0 0 0 0 2 0 1 2 1 0 0 1 2 2 1 0 0 6 2 1 0 2 0 0 4 1 0 0 0 0 0 0 0 0 0 0 0 0 1 0 0 0 0 0 0 0 0 0 0 0 0 0 2 3 0 1 0 5 4 0 2 3 11 1 0 0 4 1 1 1 1 1 3 0 1 0 0 
9 8 9 1 1 5 10 5 6 0 0 7 10 5 2 4 6 8 2 0 2 0 2 3 2 0 0 10 1 35 14 21 26 13 9 14 38 37 57 26 19 9 75 76 39 79 63 36 54 165 15 9 17 8 1 4 12 7 0 10 0 0 0 2 5 6 0 1 0 2 5 1 1 2 16 12 0 9 24 23 12 22 21 37 39 50 36 211 71 0 0 65 20 44 51 58 5 36 13 12 2 9 
