6 10 22 5 11 35 42 12 31 14 15 25 37 46 24 58 28 16 21 26 7 13 14 31 12 0 1 28 45 5 4 0 15 4 7 4 1 5 16 16 17 3 6 8 10 9 4 4 11 57 7 7 13 1 2 2 3 3 0 0 1 1 2 4 8 5 1 5 1 1 5 2 3 2 1 2 0 3 15 1 1 0 0 10 2 0 2 32 0 0 0 4 0 2 0 1 0 9 5 0 1 10 
9 9 14 8 7 55 35 27 41 35 9 25 40 51 39 60 40 23 20 17 13 18 14 20 12 1 5 16 65 5 0 5 14 2 4 2 3 4 28 22 10 1 11 15 10 20 13 6 2 68 6 2 14 2 6 1 3 2 0 5 1 1 1 4 5 11 4 6 2 8 4 2 1 2 1 1 3 3 16 7 4 1 0 10 2 1 1 29 8 0 0 2 2 2 0 2 1 4 1 0 0 8 
26 11 7 3 5 24 23 31 53 25 9 24 35 73 35 44 32 23 27 9 9 13 8 20 10 2 0 27 112 3 0 1 8 0 1 2 2 2 14 15 11 3 4 4 6 8 5 5 8 42 6 4 8 4 4 6 1 5 0 3 1 2 0 2 2 13 1 3 0 4 4 6 2 2 2 2 0 1 12 2 1 2 2 2 4 7 1 11 3 0 0 3 0 2 2 1 1 2 1 0 0 8 
5 9 14 0 2 14 8 5 12 5 1 9 6 6 7 11 6 3 4 3 3 2 3 4 3 0 0 9 18 2 0 0 4 1 0 2 1 0 7 1 2 0 0 2 1 1 0 1 1 9 1 1 0 2 0 0 1 1 0 1 0 0 0 1 1 0 0 0 0 0 0 0 0 0 0 0 3 1 2 0 0 0 0 1 0 0 0 1 0 0 0 0 0 0 2 0 0 3 0 0 0 2 
8 19 14 3 2 23 4 7 15 2 7 6 17 17 12 15 17 4 5 8 2 7 2 11 5 0 0 11 22 5 0 1 1 0 2 0 3 2 5 6 3 1 1 4 5 3 1 3 1 19 3 1 4 0 0 0 0 1 0 0 0 0 1 0 1 4 2 0 0 1 0 7 1 1 0 0 0 0 1 2 1 2 0 0 3 0 1 5 2 0 0 2 0 0 1 0 0 1 0 0 0 0 
21 19 24 9 16 12 6 19 28 20 11 39 50 64 36 45 37 24 27 11 11 14 7 29 12 3 1 12 77 3 0 2 10 2 3 1 4 3 28 11 11 0 5 9 11 10 7 6 5 50 6 0 5 9 4 1 0 3 0 1 2 7 2 4 2 7 2 3 0 2 1 2 7 0 1 2 1 3 12 1 1 1 2 1 2 0 1 11 2 0 0 9 1 3 0 0 1 3 0 0 1 7 
19 35 18 6 10 21 11 19 38 21 12 28 55 60 30 38 28 17 15 6 8 8 6 19 7 1 0 18 71 0 5 3 14 0 3 0 3 4 25 13 6 0 4 5 4 4 5 2 0 19 3 5 4 4 3 0 1 2 0 1 0 1 1 2 3 5 0 2 2 2 3 2 1 3 0 1 0 1 8 0 2 1 1 3 1 5 0 7 2 0 0 2 0 1 1 0 0 1 0 0 0 3 
18 26 17 8 6 12 27 11 14 12 12 30 65 57 52 61 38 27 13 13 10 21 5 18 6 0 1 8 63 2 2 9 7 0 4 0 5 2 23 9 5 4 1 3 10 8 2 5 1 35 4 0 4 6 3 1 5 6 0 3 0 4 2 4 2 7 1 2 1 0 3 1 7 6 11 0 0 1 7 1 0 0 2 6 3 2 3 9 1 0 0 9 0 2 0 1 0 0 1 0 0 3 
30 37 31 9 8 24 31 16 10 14 8 21 58 50 17 62 28 34 21 10 9 18 5 19 9 1 0 18 52 7 0 4 15 4 3 1 2 5 23 8 13 1 6 9 5 9 14 0 3 36 4 2 5 3 0 1 1 6 0 1 2 1 4 4 6 4 3 1 0 0 1 2 2 3 9 2 0 2 5 0 0 0 0 3 2 2 2 6 0 0 0 7 1 1 0 1 0 1 0 2 1 6 
14 21 10 3 3 16 18 10 10 4 12 10 24 36 13 33 26 10 6 3 8 5 5 22 10 2 1 16 26 4 2 2 9 0 0 0 3 3 5 7 5 0 3 3 7 1 4 2 5 20 4 3 13 3 4 1 2 3 0 2 2 0 1 3 2 4 13 2 2 1 5 1 1 7 2 3 0 1 19 1 1 2 1 1 0 1 1 4 2 0 0 3 0 0 4 1 0 0 0 0 0 2 
9 17 14 4 6 12 11 7 9 5 1 13 31 29 12 29 14 8 12 10 7 14 4 10 8 0 1 9 16 3 0 2 6 2 1 0 1 1 11 6 6 2 2 1 4 2 4 1 3 14 6 1 4 0 1 0 1 5 0 0 0 1 0 1 1 1 0 1 2 1 1 1 1 2 3 0 0 1 5 0 0 0 0 0 2 2 2 1 0 0 0 4 1 0 0 1 0 0 0 0 2 3 
20 38 24 9 1 21 28 40 36 22 5 10 33 47 28 52 39 30 23 10 16 15 10 48 19 2 2 44 50 8 1 4 8 2 1 0 4 10 30 13 11 3 7 6 4 9 6 2 4 28 2 3 4 4 1 0 3 6 0 1 1 1 1 3 2 2 1 3 0 1 5 5 5 2 7 3 0 1 6 1 1 0 0 0 0 0 0 6 0 0 0 6 0 3 1 2 0 0 1 0 0 10 
32 78 44 5 12 52 98 61 106 53 40 34 11 76 40 70 64 53 37 10 26 14 13 54 26 1 3 80 33 7 2 8 14 2 6 1 5 8 26 20 12 4 12 7 3 13 6 5 4 44 2 2 8 6 1 6 8 10 0 4 5 1 1 0 7 2 0 2 3 1 1 0 3 2 5 3 0 2 14 1 1 0 0 2 0 0 0 4 1 0 0 8 1 0 0 1 0 0 2 0 0 7 
72 111 93 18 22 62 98 67 94 78 25 60 81 19 16 72 72 67 85 44 68 80 31 108 69 13 2 151 50 10 2 4 14 1 1 0 3 3 23 16 19 0 10 9 9 15 18 7 11 48 17 7 16 18 4 4 9 11 0 8 4 7 0 0 1 1 0 1 2 0 2 3 1 1 10 4 2 5 47 4 2 0 0 1 1 0 0 7 4 0 0 3 3 3 0 0 0 2 0 0 0 6 
39 56 49 7 15 55 54 46 52 33 16 36 58 21 12 22 32 40 33 11 45 29 19 80 28 3 8 86 25 3 4 6 16 1 6 4 7 2 21 13 4 2 6 4 7 14 3 3 2 26 9 3 10 11 0 3 1 2 0 5 1 1 1 1 1 0 0 1 1 0 0 0 4 1 7 0 2 2 11 1 1 0 0 1 0 1 0 4 1 0 0 5 3 1 0 0 1 0 2 0 0 7 
41 57 32 9 25 36 54 61 55 65 37 42 67 64 20 23 75 89 55 40 89 61 54 144 58 5 6 136 54 30 9 24 40 9 11 21 33 3 30 20 16 0 13 19 13 16 6 4 5 63 8 9 21 3 3 0 12 15 0 3 4 3 0 0 1 2 2 0 3 3 2 5 2 1 5 2 2 2 16 3 1 0 0 2 2 3 2 16 7 0 0 9 1 3 3 3 0 0 1 0 0 5 
29 60 31 5 10 37 39 28 53 42 19 40 69 93 29 114 13 54 78 29 55 78 26 106 37 4 13 92 28 33 22 38 53 18 16 15 29 9 66 42 38 3 15 30 16 27 14 12 10 72 13 2 12 4 5 6 9 6 0 5 4 4 0 4 1 1 0 1 0 2 3 4 0 3 9 3 1 3 29 3 2 0 0 3 1 9 4 7 11 0 0 25 4 3 1 1 0 0 1 0 1 9 
13 20 22 2 2 14 44 16 19 24 10 23 43 71 33 81 33 15 38 19 35 24 22 73 26 6 4 40 21 25 17 18 50 6 11 20 22 20 58 33 17 1 13 17 20 21 15 18 6 56 2 3 5 3 2 0 8 4 0 2 0 2 1 3 0 0 0 0 0 0 0 1 1 0 6 3 0 3 14 3 0 0 0 0 1 3 0 17 6 0 0 5 2 1 0 1 0 1 1 1 0 8 
21 18 17 4 1 15 20 14 16 19 8 31 37 65 30 76 60 38 1 14 54 19 18 59 17 5 6 46 23 8 7 9 19 5 17 2 12 12 51 10 23 1 11 10 20 19 6 9 7 41 6 5 4 7 3 1 3 1 0 1 0 1 2 3 0 2 0 0 0 0 1 1 0 0 4 0 0 4 15 1 0 1 0 0 2 2 0 7 2 0 0 8 0 0 0 0 0 0 1 0 0 1 
9 13 10 0 3 15 16 10 13 5 3 18 20 27 15 44 36 19 18 6 10 12 24 48 8 9 9 63 8 7 8 8 12 1 4 4 4 6 31 14 12 2 1 0 6 6 6 2 5 16 2 0 2 2 0 0 3 3 0 2 0 1 0 2 0 0 0 0 0 0 0 0 0 0 0 0 0 2 5 2 0 0 0 0 2 3 1 7 1 0 0 1 0 0 0 0 0 0 0 0 0 2 
7 14 12 2 5 11 5 7 18 11 11 13 29 53 29 77 47 54 55 9 6 7 22 50 19 14 29 76 11 4 1 2 13 0 5 1 6 5 53 5 7 2 4 7 5 10 5 4 4 25 2 1 0 1 1 2 1 2 0 1 0 0 0 0 0 0 0 0 0 0 0 0 0 0 0 2 0 1 6 0 1 1 0 0 0 3 2 3 0 0 0 3 0 0 1 0 0 0 0 0 0 4 
8 10 5 2 1 6 6 11 9 12 1 2 21 47 23 63 28 17 22 10 9 3 7 27 7 20 22 64 12 1 4 2 19 0 3 1 14 5 30 4 2 0 6 7 8 5 5 3 1 15 2 1 0 0 0 2 0 1 0 1 0 0 0 0 0 0 0 0 0 0 0 0 0 0 0 1 0 0 2 0 1 0 0 0 0 0 2 4 1 0 0 2 0 0 0 0 0 0 0 0 0 0 
7 4 4 0 2 3 4 8 5 8 6 4 10 23 14 48 33 13 25 17 27 15 4 14 0 8 17 70 1 4 2 0 13 1 5 8 7 6 18 3 5 2 0 2 6 4 6 5 0 18 1 1 0 2 1 0 0 0 0 1 1 0 0 0 0 0 0 0 0 0 0 0 0 0 0 0 0 1 3 0 0 0 0 0 2 0 1 3 4 0 0 2 0 1 0 0 0 0 0 0 0 2 
18 21 18 1 10 8 9 11 11 19 7 28 32 68 26 102 65 45 60 19 29 14 19 8 10 31 52 86 8 3 3 4 35 4 5 4 10 16 43 18 17 3 5 10 14 17 11 12 9 98 6 5 19 2 1 2 5 3 0 0 0 1 0 1 1 0 1 0 0 0 1 0 1 1 4 1 2 3 13 2 1 1 2 1 0 6 4 17 2 0 0 1 0 1 0 1 0 1 0 0 0 2 
31 34 16 1 13 26 15 19 23 71 15 46 32 43 42 114 46 36 25 33 25 14 25 20 5 0 49 55 9 12 5 8 73 7 8 9 14 12 46 29 51 4 15 19 29 33 38 16 20 212 38 23 56 7 5 6 4 12 0 1 1 0 0 2 4 0 0 0 0 0 1 0 0 1 5 8 3 7 21 9 6 7 1 3 1 5 2 65 7 0 0 4 0 1 0 1 1 1 0 0 0 2 
0 0 0 0 2 0 0 0 4 2 0 0 3 4 1 10 6 1 9 3 14 4 7 25 2 2 2 14 0 1 1 0 5 0 1 2 1 0 5 3 1 0 0 1 0 0 0 0 0 6 0 0 0 0 0 0 0 0 0 0 0 0 0 0 0 0 0 0 0 0 0 0 0 0 0 0 0 0 0 0 0 0 0 0 0 0 0 0 1 0 0 0 0 0 0 0 0 0 0 0 0 0 
0 0 0 0 0 1 2 0 2 0 0 1 1 1 2 7 3 3 4 6 18 12 5 19 3 0 3 34 0 0 0 1 3 0 0 0 1 1 1 1 2 0 0 3 1 0 0 1 0 7 0 0 1 0 0 0 0 0 0 0 0 0 0 0 0 0 0 0 0 0 0 0 0 0 0 0 0 0 0 0 0 0 0 0 0 1 0 0 0 0 0 0 0 0 0 0 0 0 0 0 0 0 
23 23 24 5 7 15 25 16 26 46 28 36 57 101 64 112 83 58 72 37 78 87 88 129 52 7 38 7 6 5 3 9 28 10 9 12 17 11 58 30 47 4 20 16 35 25 17 8 17 159 23 10 22 6 9 4 4 5 0 2 0 2 2 3 1 1 0 0 0 0 0 0 0 1 8 3 1 3 20 2 2 0 3 4 0 6 4 50 10 0 0 14 0 0 2 3 0 1 3 0 0 7 
62 90 114 17 25 86 61 46 65 38 20 42 38 56 31 81 24 29 36 19 28 31 7 15 13 0 0 20 6 4 7 10 4 1 3 5 4 20 16 19 11 2 17 6 10 11 18 4 10 44 1 6 10 6 7 4 4 6 0 5 0 2 3 8 15 3 4 3 1 2 2 5 1 6 0 2 4 1 18 6 0 2 2 3 6 15 5 9 5 0 0 6 0 5 5 3 1 3 4 0 0 11 
2 1 1 0 1 1 2 5 2 3 5 4 8 4 8 19 35 24 22 7 9 7 2 15 10 1 0 2 6 28 122 132 291 52 117 129 257 123 193 104 80 9 34 54 46 47 63 34 24 213 6 3 9 3 2 4 3 5 0 4 4 5 5 15 22 35 8 13 5 9 7 13 8 0 6 1 0 1 34 6 2 0 3 0 2 11 13 50 12 0 0 29 6 5 8 7 2 4 7 1 2 30 
2 1 0 1 0 0 2 0 3 0 0 4 6 2 2 18 27 25 17 1 1 2 0 13 4 0 0 3 1 87 9 100 104 19 25 53 108 34 77 15 18 3 10 8 11 20 10 6 6 38 3 2 2 1 0 0 2 3 0 4 1 1 1 2 16 22 3 4 6 4 3 3 1 0 4 0 0 2 6 1 5 2 0 1 3 7 4 16 6 0 0 13 1 2 5 5 0 0 2 0 1 10 
4 4 1 0 1 1 2 2 6 3 3 6 10 2 8 14 42 10 12 6 1 1 2 8 3 0 1 6 2 113 79 10 113 37 78 78 237 118 190 83 62 7 50 35 45 51 26 20 23 144 5 10 7 5 3 2 7 7 0 6 3 4 1 12 10 24 4 5 10 2 5 2 2 0 7 5 1 3 16 0 0 0 0 1 0 10 11 43 10 0 0 23 4 8 8 7 0 1 6 0 2 21 
21 17 9 1 2 8 22 6 13 9 6 3 18 7 9 24 30 30 21 12 11 4 10 68 38 1 3 27 5 248 102 121 17 37 81 128 229 126 230 164 159 24 107 100 118 147 119 88 93 809 44 35 73 17 7 6 19 20 0 17 6 4 3 5 18 35 10 20 10 13 32 18 8 13 27 13 1 7 53 7 8 4 12 9 7 21 21 192 27 0 0 43 13 17 14 25 3 15 7 2 4 73 
3 0 0 1 2 1 0 5 2 3 1 0 2 0 3 6 11 7 5 4 0 3 1 5 5 0 0 3 5 82 34 50 41 6 31 28 84 46 92 61 41 8 29 32 33 30 18 15 18 63 8 4 17 5 1 0 6 4 0 6 5 5 3 2 10 31 5 4 5 7 6 13 7 6 4 2 0 1 16 3 8 3 1 3 2 0 3 21 8 0 0 18 4 5 10 9 5 4 0 0 0 10 
6 5 1 1 0 4 5 1 2 4 2 2 5 3 2 10 26 23 17 9 3 7 6 20 7 0 3 8 6 140 59 89 121 12 9 37 150 77 140 120 66 11 38 54 20 68 37 26 11 130 8 4 12 4 7 1 5 9 0 4 1 12 3 7 6 17 7 8 5 5 9 13 16 6 2 4 1 0 14 2 1 1 1 1 0 11 5 23 9 0 0 42 5 7 7 9 3 4 4 1 1 19 
2 1 1 1 1 4 1 4 3 0 0 1 1 0 3 8 13 15 11 6 5 8 2 12 6 0 1 7 5 138 38 67 122 17 17 5 175 53 107 73 38 4 30 21 42 46 20 17 10 130 10 2 3 4 0 1 4 2 0 1 1 7 2 6 9 6 6 2 3 2 4 9 9 3 2 0 1 2 7 1 2 0 0 2 0 2 1 21 7 0 0 9 2 6 3 4 3 4 3 4 1 14 
12 11 8 0 5 1 2 4 4 8 4 2 5 2 5 30 36 20 18 17 20 15 14 38 17 1 2 44 1 398 208 246 485 124 139 203 29 162 451 379 186 50 135 155 154 171 141 53 70 435 16 13 19 20 7 2 5 10 0 4 5 17 10 27 27 30 12 21 13 12 20 35 19 4 12 6 3 1 41 8 3 3 0 7 6 30 17 78 29 0 0 92 33 23 16 26 2 20 20 3 0 53 
6 10 5 0 2 9 5 4 10 2 3 6 7 10 6 5 25 14 9 13 12 10 8 27 10 1 4 37 15 141 60 102 150 50 58 77 134 16 163 146 90 20 95 80 65 85 71 37 32 268 5 3 10 2 3 0 2 2 0 0 0 6 7 17 8 8 6 3 2 4 14 7 5 6 3 2 0 3 8 1 1 4 1 1 2 18 7 47 25 0 0 61 8 8 8 13 0 3 5 5 2 32 
23 38 17 4 7 33 33 21 30 34 15 18 36 10 8 11 48 51 27 28 48 32 14 89 36 1 2 89 30 234 78 227 291 93 119 87 433 126 30 338 235 32 119 125 110 156 114 69 61 481 17 10 33 8 4 9 8 9 0 8 7 21 8 27 29 41 18 15 6 12 25 30 20 20 22 6 0 7 37 10 8 2 7 14 13 37 17 131 29 0 0 109 13 36 15 33 8 16 25 6 3 89 
11 13 13 1 4 13 19 11 13 18 5 15 21 9 17 22 35 20 13 11 9 6 7 27 7 0 0 28 27 92 36 78 145 43 86 67 242 143 484 21 62 16 85 148 65 115 87 51 47 277 4 4 11 6 7 3 5 3 0 4 3 14 0 11 12 6 5 10 4 2 1 2 4 4 6 3 0 2 18 5 2 4 5 9 9 7 11 24 18 0 0 58 13 8 8 12 0 5 1 4 1 22 
13 12 7 2 1 4 4 9 9 15 3 10 14 6 5 23 43 17 10 10 17 3 4 29 24 1 0 25 10 78 28 55 134 34 29 30 163 106 203 74 14 23 69 98 57 107 75 30 30 231 4 4 5 4 0 1 1 4 0 0 0 1 2 3 8 18 2 3 1 6 2 2 6 1 9 9 0 2 15 6 7 3 3 12 8 15 5 28 26 0 0 38 19 8 6 16 6 0 8 0 3 28 
1 1 1 0 0 2 4 0 3 1 0 3 5 3 1 1 3 7 3 2 2 1 0 6 4 0 0 1 0 6 5 12 21 2 7 4 30 13 36 14 15 2 23 38 23 21 16 4 8 34 0 0 3 0 0 1 0 1 0 0 0 0 0 3 1 0 0 1 1 1 0 0 0 0 1 0 0 0 1 0 3 2 1 7 0 4 1 10 5 0 0 24 1 3 0 5 1 1 0 0 1 9 
4 10 6 2 2 5 6 8 6 5 1 10 13 6 7 15 20 17 3 7 9 7 4 8 7 1 0 10 7 48 18 45 93 21 38 38 108 78 118 79 65 21 28 99 55 93 66 46 38 223 6 7 10 3 3 4 2 17 0 1 2 4 2 6 10 10 0 3 3 2 1 3 3 6 21 7 5 16 27 20 23 18 9 54 35 52 31 116 45 0 0 100 21 30 30 39 5 30 18 8 4 96 
9 15 7 4 4 15 8 13 7 13 7 7 18 8 3 20 20 17 18 3 8 6 5 34 3 1 0 14 11 74 22 56 110 32 56 28 156 107 179 135 104 41 98 20 156 243 129 79 93 412 14 10 21 19 4 2 19 9 0 5 1 12 4 8 15 16 6 6 1 1 2 2 11 4 19 17 4 14 47 26 22 26 19 81 53 112 79 167 68 0 0 214 70 73 55 76 13 37 39 9 12 75 
8 28 11 2 3 5 1 4 5 3 11 6 8 7 4 8 9 11 13 2 5 4 6 11 21 1 1 33 4 61 32 51 97 33 49 27 135 89 134 83 48 20 71 181 20 161 79 73 74 301 15 2 6 7 1 0 2 4 0 0 0 1 1 3 8 16 6 7 1 2 6 4 6 6 6 8 1 1 15 6 12 12 4 25 17 32 13 79 20 0 0 53 7 26 9 15 6 18 11 6 1 53 
3 10 12 0 1 8 9 7 11 12 4 8 16 8 6 14 37 21 12 7 10 8 4 41 14 1 1 31 14 67 20 38 177 45 33 65 150 132 242 187 134 15 114 284 195 26 180 212 169 793 13 8 31 2 1 4 6 7 0 1 2 7 2 5 18 21 3 15 2 3 9 6 13 3 14 8 1 8 42 17 19 17 20 63 22 62 34 206 48 0 0 172 29 47 29 48 4 37 33 9 2 105 
16 17 14 0 2 8 11 7 19 11 12 4 18 8 5 6 23 13 4 9 10 10 6 23 4 0 3 25 11 54 15 37 153 21 39 27 85 79 155 96 68 17 66 164 148 256 16 118 84 349 12 6 17 5 2 1 0 1 0 1 3 6 0 4 6 11 4 4 6 2 3 6 7 1 6 4 0 4 33 17 14 13 6 34 10 43 26 121 27 0 0 57 12 20 22 25 7 18 21 6 4 83 
4 3 3 0 0 3 8 3 3 1 2 5 6 0 2 8 7 8 4 3 1 1 4 13 8 0 0 15 3 21 9 15 86 15 12 15 24 37 73 49 51 6 35 85 87 175 98 11 62 360 4 1 2 1 0 1 2 4 0 0 0 1 0 2 7 1 2 0 1 1 1 1 1 0 6 4 1 5 11 4 1 8 4 19 7 19 9 68 11 0 0 50 5 1 12 10 3 12 9 5 0 40 
2 2 7 2 0 7 7 7 4 6 2 4 6 3 0 1 5 6 5 5 5 2 2 14 9 0 0 12 2 25 12 15 96 6 12 11 53 28 61 37 40 8 44 107 72 167 107 77 10 378 7 2 6 2 1 2 3 0 0 0 2 3 0 1 5 10 0 2 0 0 3 5 1 2 6 1 2 1 7 3 8 7 4 15 7 14 3 103 12 0 0 48 9 7 11 15 6 17 14 0 1 45 
51 57 21 3 10 25 21 20 38 42 22 16 30 21 15 29 57 56 34 15 25 19 21 146 51 3 5 98 25 227 63 119 715 56 84 115 327 221 441 285 270 27 178 347 269 533 315 372 274 69 40 27 69 26 7 3 15 16 0 15 8 11 5 21 24 29 5 15 4 7 15 14 15 11 48 32 3 31 83 25 31 54 24 111 29 73 61 581 60 0 0 213 33 62 50 57 16 64 58 11 3 276 
10 5 3 1 1 5 4 7 5 3 2 2 7 6 11 14 9 3 2 0 1 1 3 17 8 1 0 13 3 21 6 9 39 5 5 2 8 2 19 8 5 0 8 12 11 12 13 10 14 65 6 11 48 16 14 10 18 17 0 26 8 1 2 10 19 28 2 9 7 19 11 12 7 21 7 11 4 6 72 5 6 3 8 18 7 10 6 49 16 0 0 8 2 3 3 4 1 8 11 5 1 15 
1 5 5 1 0 1 1 0 4 3 0 3 2 8 1 6 4 1 1 1 1 0 0 9 4 0 1 1 1 7 0 4 41 5 2 4 15 1 8 15 3 0 9 3 2 5 2 8 7 26 5 1 26 16 5 7 17 6 0 18 8 5 2 15 5 17 3 8 2 5 0 7 6 4 4 4 0 9 72 6 3 2 5 10 6 10 4 9 5 0 0 8 1 1 2 0 2 1 0 0 1 10 
5 7 4 2 1 5 8 4 8 9 2 5 7 12 10 15 17 7 7 5 3 1 1 24 6 0 0 21 11 10 10 16 78 11 8 3 8 8 30 11 9 0 11 19 8 15 20 12 13 56 51 27 10 15 12 13 15 32 0 32 7 1 4 9 21 27 11 21 6 14 13 11 14 8 12 2 2 11 88 10 3 3 10 31 3 15 4 46 17 0 0 25 1 5 4 10 4 6 5 0 0 19 
2 6 6 1 2 1 5 4 2 5 0 4 6 7 3 6 4 3 4 1 0 0 0 10 3 0 1 3 11 8 1 19 23 2 7 2 7 0 9 5 1 1 8 10 1 7 3 1 1 15 5 20 39 2 20 3 9 19 0 15 8 1 1 4 14 22 3 3 4 12 3 7 7 6 8 3 1 7 81 4 5 5 4 15 5 5 1 13 3 0 0 4 2 1 4 3 0 5 1 0 1 11 
0 2 0 0 2 3 2 4 2 5 1 1 4 4 3 4 3 1 1 0 0 1 0 7 0 0 1 0 2 2 0 4 6 7 3 1 2 1 2 1 0 0 4 3 0 2 4 0 2 12 7 7 5 8 1 0 3 10 0 14 1 3 2 8 5 8 1 1 1 7 1 7 5 4 4 5 0 2 48 6 2 1 3 13 2 2 1 10 1 0 0 4 0 0 1 2 0 3 0 1 0 4 
2 1 2 0 1 1 1 5 0 2 0 3 2 0 0 2 2 2 0 0 0 0 0 1 2 0 0 4 3 0 3 2 6 1 1 1 1 1 2 2 1 0 4 2 0 0 1 0 1 12 5 4 10 2 0 1 3 13 0 5 4 0 0 2 3 5 0 2 0 3 3 0 0 1 3 5 0 4 42 3 2 0 0 9 3 2 1 1 2 0 0 1 3 0 1 0 0 0 0 0 0 3 
4 10 3 1 2 3 3 0 1 6 2 2 2 6 6 13 3 1 2 2 0 0 1 5 4 0 1 1 5 6 2 6 16 5 8 2 3 1 2 4 1 0 5 2 2 5 3 2 2 18 14 5 18 12 8 10 0 21 0 16 6 6 3 10 8 11 6 5 2 5 3 9 8 6 8 7 0 7 58 5 8 0 4 12 7 4 4 12 5 0 0 9 1 1 5 1 0 4 4 1 0 8 
4 4 1 0 0 4 1 6 2 9 3 4 13 12 2 15 7 4 3 5 1 1 3 6 2 0 1 3 7 8 4 7 27 4 8 2 11 1 15 4 2 0 5 12 5 6 4 6 4 26 15 15 38 18 11 14 12 4 0 35 3 4 3 10 11 17 2 15 7 11 11 5 6 4 8 11 4 14 119 20 7 1 11 31 13 6 2 16 7 0 0 7 3 0 2 2 3 1 2 0 1 5 
0 0 0 0 0 0 0 0 0 0 0 0 0 0 0 0 0 0 0 0 0 0 0 0 0 0 0 0 0 0 0 0 0 0 0 0 0 0 0 0 0 0 0 0 0 0 0 0 0 0 1 0 0 0 0 0 0 0 0 0 0 0 0 0 0 0 0 0 0 0 0 0 0 0 0 0 0 0 0 0 0 0 0 0 0 0 0 0 0 0 0 0 0 0 0 0 0 0 0 0 0 0 
8 10 8 3 2 5 8 4 5 6 3 10 17 8 15 17 12 14 7 0 5 2 3 26 9 1 0 19 11 6 3 9 13 3 1 2 0 1 12 8 4 0 6 3 3 5 6 0 1 18 20 19 26 16 8 6 13 15 0 4 3 12 7 10 15 20 14 13 2 10 15 12 10 7 9 6 0 9 40 8 1 3 5 10 5 14 1 12 1 0 0 5 2 4 2 2 0 0 2 2 1 3 
0 1 9 0 0 0 1 1 1 0 0 3 3 2 2 3 4 1 4 1 1 0 0 1 2 0 0 3 1 0 1 8 7 1 4 0 2 3 4 4 2 0 3 0 1 3 1 1 3 11 15 2 13 3 4 1 5 13 0 1 0 6 3 3 5 15 6 11 3 8 10 6 10 3 4 4 0 3 16 3 0 1 3 1 1 7 2 7 4 0 0 2 0 2 2 0 0 2 1 0 0 11 
1 1 2 1 1 2 5 2 0 3 1 2 1 3 1 3 1 2 3 1 0 0 1 4 0 0 0 0 2 19 7 8 12 7 20 2 23 4 24 14 4 3 10 6 7 8 2 2 5 18 1 1 6 4 1 0 1 3 0 7 4 1 0 9 14 14 5 14 1 13 8 6 9 2 2 2 0 1 12 2 3 1 3 4 0 2 4 8 4 0 0 11 2 0 3 1 0 1 1 0 0 5 
0 2 0 0 0 0 2 2 0 1 0 0 0 0 1 2 1 0 1 0 0 0 0 0 0 0 0 0 0 2 0 3 3 3 3 3 9 3 9 3 1 0 3 3 1 3 2 1 0 2 1 1 3 2 1 5 3 2 0 4 1 2 1 4 9 17 6 9 0 1 6 2 2 0 0 0 0 3 7 1 3 0 0 1 1 1 0 2 4 0 0 2 2 1 0 0 0 0 0 0 0 2 
1 7 5 0 0 2 8 3 3 4 0 2 3 0 0 0 2 0 4 0 0 2 0 1 2 0 0 0 5 14 3 5 13 3 5 6 24 7 23 18 12 2 9 8 10 4 8 5 3 21 7 6 19 12 6 3 7 14 0 15 2 14 3 4 12 36 13 19 3 6 21 26 15 12 6 7 0 4 31 2 5 0 1 1 0 2 2 10 1 0 0 6 1 4 0 1 0 2 0 0 2 2 
3 5 2 0 0 4 5 1 3 3 2 3 4 0 0 0 6 0 1 0 0 0 0 1 0 0 0 1 1 20 13 11 21 10 6 15 26 9 39 18 12 6 2 8 14 12 6 5 2 27 9 11 25 12 7 3 8 8 0 26 4 7 16 5 3 40 23 27 12 26 21 29 19 18 1 5 0 4 26 5 2 2 2 7 3 11 1 7 0 0 0 9 0 0 0 1 0 0 1 0 0 1 
5 8 14 0 0 11 18 3 7 6 2 3 2 1 1 1 1 1 4 0 0 0 1 1 0 0 0 1 14 41 50 46 39 18 10 26 36 7 34 19 10 4 10 12 17 15 9 15 7 51 17 14 33 18 15 5 18 21 0 33 11 24 10 31 17 19 22 31 42 42 43 65 48 32 14 13 2 7 55 20 8 2 5 6 4 10 4 17 5 0 0 2 2 1 1 0 0 0 2 0 0 5 
7 2 6 0 1 4 6 8 1 5 1 3 2 2 0 1 0 2 0 0 0 0 0 2 0 0 0 0 5 5 2 8 9 3 2 4 21 8 13 7 4 1 5 3 6 3 1 1 1 17 5 3 7 4 1 2 6 4 0 14 14 4 11 21 24 17 5 18 15 30 33 40 25 15 5 2 0 1 26 3 4 1 1 4 1 5 8 6 0 0 0 0 0 0 1 0 0 0 0 0 0 0 
3 4 1 0 1 1 2 1 1 2 2 5 0 1 2 0 0 0 0 0 1 0 0 0 0 0 0 0 5 7 4 7 16 3 4 1 15 5 13 1 3 0 2 2 4 10 4 1 4 14 17 9 15 6 3 2 9 18 0 10 1 8 5 7 22 31 6 3 11 23 32 31 26 15 2 1 0 2 27 1 5 4 2 3 1 0 1 7 1 0 0 5 1 0 1 0 0 0 0 0 0 0 
0 2 1 0 0 2 0 2 1 0 0 0 0 1 0 1 1 0 0 0 0 0 0 0 0 0 0 0 5 3 0 1 4 6 4 5 3 0 12 0 7 0 0 1 2 2 4 0 4 10 3 1 3 4 4 0 0 5 0 5 3 8 0 5 9 21 14 8 2 5 12 16 5 5 0 0 0 3 17 0 3 0 0 3 0 0 0 3 2 0 0 4 0 0 0 0 0 0 0 0 0 0 
3 2 3 1 0 2 2 0 1 5 1 3 3 2 0 0 2 0 0 0 0 0 0 0 0 0 0 1 1 11 7 4 13 4 8 5 11 5 12 1 5 0 3 3 2 5 3 2 3 14 8 4 20 6 3 2 3 5 0 6 2 7 4 9 38 60 24 32 8 6 24 33 26 29 7 1 0 3 26 3 4 0 0 1 1 3 0 4 6 0 0 2 0 2 0 0 0 0 0 0 0 1 
1 2 0 1 1 2 1 3 3 2 0 0 0 1 0 2 1 0 0 0 0 0 0 0 0 0 0 0 1 8 2 2 13 3 6 5 19 9 16 3 3 0 2 3 3 5 3 3 2 21 3 0 9 10 2 2 5 3 0 9 10 3 4 1 27 31 19 15 14 12 2 36 9 15 3 1 0 1 11 2 2 0 2 4 3 1 0 5 1 0 0 6 0 0 1 0 0 0 0 0 0 4 
0 1 2 0 0 1 4 4 1 2 0 0 2 1 0 3 3 0 1 0 0 0 0 0 0 0 0 0 3 9 3 4 18 13 6 3 26 11 17 4 4 0 0 3 1 5 4 7 3 12 8 4 16 4 3 1 5 8 0 14 4 6 1 21 19 52 21 43 15 38 23 5 36 28 4 1 0 1 19 1 10 1 1 6 2 3 0 10 0 0 0 2 1 0 0 2 0 1 0 0 1 2 
4 3 2 2 2 4 2 0 1 2 0 6 0 0 3 0 0 0 1 0 1 0 0 0 0 0 0 0 3 8 3 9 15 11 16 6 23 9 29 11 6 0 6 8 3 13 9 7 7 29 16 5 13 6 2 7 8 11 0 15 14 13 2 13 38 55 18 34 6 33 23 49 8 16 3 5 1 4 37 3 1 4 5 4 4 3 3 11 1 0 0 7 1 1 0 3 0 2 4 0 0 2 
3 5 1 0 1 3 3 0 3 5 4 5 2 4 0 0 1 0 2 1 0 0 0 2 0 0 0 1 0 1 1 1 26 10 3 9 9 16 28 4 11 1 2 6 6 8 8 2 7 41 17 6 21 10 4 3 7 8 0 25 6 5 3 22 28 54 5 38 5 39 17 41 22 7 7 8 1 2 23 4 5 6 7 8 2 7 6 19 4 0 0 5 0 1 0 0 0 3 1 0 0 3 
2 1 0 1 2 2 3 3 4 11 0 1 8 6 0 5 4 6 1 0 0 0 0 3 1 2 0 5 1 4 0 3 21 7 3 2 5 2 10 7 8 2 6 17 4 6 13 5 5 35 2 3 2 4 2 1 6 5 0 9 4 4 4 2 8 13 1 3 2 6 2 3 1 8 4 8 2 9 99 14 19 8 7 49 8 26 2 51 7 0 0 12 4 8 3 3 3 8 4 1 1 28 
1 5 5 0 0 1 0 3 3 1 0 1 3 4 2 4 1 2 1 0 0 0 0 5 0 0 0 4 0 4 1 5 8 0 3 0 4 0 9 6 4 3 7 17 8 9 10 4 4 46 7 3 10 2 2 1 12 10 0 5 5 2 0 1 9 6 1 4 1 5 4 2 3 9 8 6 6 16 109 27 16 7 7 50 14 15 6 51 11 0 0 9 1 5 9 4 3 5 10 1 2 19 
0 0 0 0 1 0 2 0 0 0 0 0 0 3 1 1 2 1 1 0 0 0 0 1 0 0 0 1 0 0 1 0 2 0 3 0 0 0 4 1 0 0 1 0 1 2 2 4 2 9 2 1 2 10 1 0 3 4 0 3 0 0 0 1 4 0 0 1 0 0 1 0 0 1 11 25 0 8 42 10 13 5 5 19 5 4 0 4 1 0 0 2 0 2 0 0 0 3 0 0 0 3 
1 2 2 0 1 0 0 5 0 2 0 3 3 2 2 3 1 2 0 0 0 0 0 2 0 0 0 2 3 2 2 0 2 1 4 4 0 0 6 2 0 2 3 4 4 4 4 2 0 26 5 5 12 4 7 4 5 11 0 6 3 2 0 4 3 4 2 1 0 2 2 2 1 4 14 25 11 2 68 23 11 6 11 50 8 14 10 21 11 0 0 11 7 6 2 1 0 6 7 2 0 11 
7 17 15 4 5 11 25 12 15 13 3 11 7 21 7 24 15 12 17 2 1 0 3 29 7 0 2 20 14 18 13 20 46 19 18 9 18 5 37 10 8 2 22 54 30 40 24 14 15 120 120 83 181 74 76 37 68 117 0 36 16 8 8 29 34 47 10 22 13 18 19 19 15 25 190 140 60 72 33 77 82 28 62 246 91 53 23 129 23 0 0 49 12 30 17 10 3 20 16 4 0 28 
1 3 1 1 0 1 0 0 3 0 0 0 0 2 0 1 2 3 1 1 0 0 0 2 1 0 0 0 0 0 0 4 6 1 1 0 5 1 3 4 3 1 17 17 4 9 14 2 5 37 4 3 10 6 5 3 5 13 0 3 1 5 2 6 6 11 2 4 0 0 4 10 2 1 22 33 12 15 73 4 17 14 17 108 59 22 10 48 5 0 0 16 4 8 6 6 0 9 2 0 1 28 
0 1 0 0 0 1 1 1 0 0 0 0 1 0 0 1 0 1 0 0 1 0 0 0 1 0 0 1 3 2 2 2 10 0 1 1 3 2 4 5 10 1 10 23 5 9 7 4 5 23 6 4 8 7 2 5 4 10 0 3 4 1 1 5 4 6 3 1 1 3 2 1 5 2 24 16 7 13 101 20 5 6 9 104 51 25 9 26 6 0 0 17 5 9 3 4 0 4 3 2 1 21 
2 0 0 3 3 3 0 4 0 0 0 0 1 0 0 1 0 0 0 0 0 0 0 1 0 0 0 0 0 4 1 3 14 1 1 0 1 0 3 6 6 1 15 11 11 10 13 8 3 42 4 2 3 3 0 1 6 2 0 3 2 2 0 4 3 2 1 2 0 1 1 0 1 1 7 6 3 5 22 12 9 4 5 49 26 13 11 45 9 0 0 10 1 4 3 6 4 14 14 1 2 19 
0 0 2 0 2 0 0 1 0 0 0 0 0 0 0 0 0 0 0 0 0 0 1 0 1 0 0 1 3 1 0 3 4 0 1 0 3 4 4 6 3 2 10 16 9 5 12 2 3 27 6 3 6 8 3 1 8 11 0 6 3 0 0 6 1 4 2 1 1 1 3 2 0 2 14 5 3 7 46 11 11 3 6 116 59 17 7 51 5 0 0 18 2 11 8 4 2 7 15 1 1 20 
8 3 5 0 0 3 8 4 2 4 1 0 1 2 1 0 4 3 0 0 1 1 0 5 0 0 0 5 4 3 6 2 15 2 2 1 3 2 20 18 22 6 52 67 20 36 24 24 13 126 32 14 35 24 8 8 30 39 0 11 2 1 0 4 3 5 1 5 2 3 8 6 4 6 82 43 8 58 218 127 80 26 148 19 133 64 33 217 38 0 0 69 14 32 20 32 5 31 37 7 1 55 
1 0 1 0 0 0 2 0 2 3 0 0 0 1 1 1 0 1 2 0 0 0 0 1 0 0 0 1 4 0 2 2 9 1 5 0 2 1 8 6 7 2 23 36 2 11 14 7 9 30 3 8 12 4 1 4 12 5 0 2 1 1 0 0 0 4 0 0 0 2 2 1 3 4 11 14 1 21 51 35 44 7 33 138 9 33 16 55 12 0 0 28 13 8 9 10 3 11 7 4 2 31 
3 7 1 1 4 3 3 4 2 0 0 0 4 0 0 1 3 1 2 0 6 8 1 4 6 0 0 7 3 18 9 12 30 3 10 12 26 13 44 7 14 6 62 128 24 52 32 19 22 107 15 16 20 10 3 2 3 10 0 10 2 1 1 1 6 6 5 1 1 1 6 4 7 4 24 18 1 11 54 24 22 16 30 77 37 9 18 105 32 0 0 80 22 27 26 23 5 25 22 3 6 58 
1 3 6 2 1 6 1 2 0 1 0 1 0 1 1 4 5 2 2 0 1 1 1 5 3 2 0 3 1 9 3 7 9 5 2 3 7 8 41 10 9 4 28 61 17 38 26 9 4 65 6 6 13 4 1 2 5 3 0 12 1 0 0 2 2 1 3 1 0 1 2 2 1 2 13 4 3 12 35 12 23 2 12 38 19 22 7 55 21 0 0 46 21 21 21 20 6 14 9 3 3 27 
28 33 17 4 6 13 21 9 10 10 1 6 9 10 4 6 21 12 16 7 14 6 5 39 20 0 0 40 7 90 25 35 260 30 36 24 83 73 166 40 33 6 96 187 66 170 100 81 91 547 44 19 82 8 6 3 13 28 0 15 3 4 1 6 8 10 3 3 0 7 7 21 8 12 76 29 9 37 104 26 44 42 54 175 66 92 81 19 44 0 0 184 37 68 31 85 6 66 54 10 6 354 
0 5 0 1 1 0 1 2 2 3 0 2 1 1 1 3 5 7 2 4 0 2 0 3 1 1 0 3 0 16 6 14 26 4 11 8 31 23 32 18 12 5 46 98 13 21 13 21 15 74 6 5 10 9 2 1 2 4 0 5 1 3 0 1 0 2 2 4 0 0 2 2 1 1 9 9 1 10 26 13 11 15 17 29 19 43 31 59 7 0 0 95 14 28 16 27 1 7 17 2 10 53 
0 0 0 0 0 0 0 0 0 0 0 0 0 0 0 0 0 0 0 0 0 0 0 0 0 0 0 0 0 0 0 0 0 0 0 0 0 0 0 0 0 0 0 0 0 0 0 0 0 1 0 0 0 0 0 0 0 0 0 0 0 0 0 0 0 0 0 0 0 0 0 0 0 0 0 0 0 0 0 0 0 0 0 0 0 1 0 0 0 0 0 1 0 0 0 0 0 0 0 0 0 0 
0 0 0 0 0 0 0 0 0 0 0 0 0 0 0 0 0 0 0 0 0 0 0 0 0 0 0 0 0 0 0 0 0 0 0 0 0 0 0 0 0 0 0 0 0 0 0 0 0 0 0 0 0 0 0 0 0 0 0 0 0 0 0 0 0 0 0 0 0 0 0 0 0 0 0 0 0 0 0 0 0 0 0 0 0 0 0 0 0 0 0 0 0 0 0 0 0 0 0 0 0 0 
4 7 6 0 1 9 6 7 3 8 7 8 10 2 9 7 17 11 9 3 5 1 1 5 4 0 0 10 1 35 9 26 52 25 44 41 114 63 180 64 65 8 73 186 73 156 70 47 61 285 12 9 26 6 1 2 4 8 0 5 1 10 3 11 2 7 3 4 1 1 8 9 3 3 19 11 1 14 73 15 34 27 23 96 49 94 58 216 80 0 0 19 41 70 45 96 13 67 55 13 10 120 
2 2 1 0 0 3 2 4 3 0 1 1 3 2 3 0 1 1 0 0 0 0 1 1 0 0 0 1 3 9 2 3 11 0 9 4 19 12 31 16 10 3 37 85 26 31 29 12 7 49 0 3 4 2 1 0 1 1 0 0 1 0 0 1 0 1 0 1 0 0 0 0 1 0 3 20 0 4 12 6 9 2 3 18 13 34 16 42 15 0 0 71 2 14 11 17 0 13 8 1 0 27 
2 1 0 1 0 1 2 1 1 0 1 0 3 1 0 1 5 1 0 0 0 0 0 0 0 0 0 1 1 6 6 5 21 0 7 9 18 16 29 13 23 5 43 68 34 30 20 17 29 64 6 1 6 3 1 1 3 4 0 2 0 6 1 2 0 0 2 0 2 0 1 1 0 0 7 3 1 5 25 10 15 11 7 33 23 18 19 57 30 0 0 70 23 2 7 20 5 8 4 4 4 49 
0 1 1 0 2 0 0 3 1 2 0 2 1 1 1 1 0 1 0 0 0 0 0 2 0 0 0 2 0 5 2 4 14 2 3 3 6 6 17 16 16 1 26 44 9 28 22 7 14 45 2 1 7 2 0 2 3 4 0 0 1 0 1 0 4 1 0 0 1 0 0 0 0 1 10 4 2 4 12 3 5 8 7 17 6 13 13 41 8 0 0 33 6 10 3 17 0 9 5 3 1 58 
0 1 1 0 0 2 0 0 3 2 1 2 3 2 0 2 4 0 0 0 0 0 1 3 0 0 0 1 0 7 1 4 24 6 6 7 18 9 32 9 12 2 32 88 26 30 18 9 19 75 6 0 1 0 0 1 2 3 0 0 0 1 0 1 4 0 0 0 0 0 0 0 3 0 5 3 2 2 17 8 8 9 7 29 14 18 12 90 16 0 0 72 11 16 26 8 2 28 4 1 2 48 
0 0 0 0 0 0 3 0 0 0 1 0 1 1 0 0 2 0 0 0 0 0 0 1 0 0 0 0 0 1 0 2 2 0 1 1 3 3 5 5 4 0 0 10 3 3 2 3 0 15 1 0 1 1 1 0 0 1 0 0 0 0 0 0 0 1 0 0 0 0 0 0 0 0 0 0 0 4 0 3 0 3 2 4 1 1 2 10 2 0 0 9 1 4 3 1 0 0 2 0 1 6 
0 2 2 0 0 1 1 1 0 0 1 0 1 0 1 0 0 0 0 0 0 0 1 1 0 0 0 2 4 5 0 1 7 1 4 1 16 3 24 1 4 1 14 33 12 24 22 9 7 60 5 1 8 5 0 0 0 0 0 1 0 0 0 0 0 0 2 0 0 0 0 0 0 3 5 3 0 3 12 3 1 5 7 13 7 16 5 64 10 0 0 42 8 9 11 11 0 8 3 2 1 37 
2 2 4 0 1 2 0 0 2 2 2 2 2 0 1 1 0 0 1 0 0 0 0 3 1 0 0 5 0 6 5 5 13 5 5 2 7 8 18 10 10 1 14 36 24 27 11 5 9 70 5 2 5 3 0 0 4 5 0 2 0 0 0 0 0 0 0 0 0 0 0 0 0 1 10 3 0 4 15 16 4 3 9 9 14 11 8 42 10 0 0 33 5 5 4 7 1 5 2 2 2 35 
0 0 0 0 0 0 0 0 0 0 0 1 0 0 0 0 0 0 0 0 0 0 0 0 0 0 0 1 0 2 0 0 3 1 2 2 10 1 9 1 1 0 0 1 5 3 7 0 0 12 2 0 0 0 0 0 0 1 0 0 0 0 0 1 0 0 0 0 0 0 0 0 0 0 3 0 0 0 1 5 0 2 1 6 0 2 0 10 1 0 0 15 3 0 0 2 0 3 1 0 1 10 
0 1 1 1 0 0 0 1 0 0 0 0 0 0 0 0 0 0 0 0 0 0 0 0 0 0 0 0 0 0 0 0 3 0 1 0 3 2 5 1 4 3 2 12 3 5 1 1 2 13 1 1 3 0 0 1 0 1 0 1 1 0 0 0 0 0 0 0 0 0 0 0 1 0 2 0 0 2 3 4 0 2 1 7 2 3 2 8 1 0 0 4 0 8 5 4 0 1 2 1 0 1 
14 15 7 0 3 7 5 9 4 5 3 3 7 4 3 5 11 6 1 0 2 2 1 9 3 0 0 13 1 35 11 23 89 10 19 16 49 49 71 38 42 9 117 110 51 101 95 59 76 385 24 5 39 7 3 2 7 10 0 11 6 2 0 5 2 3 2 2 1 0 3 2 2 1 33 16 2 11 49 24 16 20 23 72 27 65 45 313 61 0 0 135 33 74 72 79 7 62 36 11 3 16 
