5 10 13 13 11 27 21 29 25 14 9 38 48 93 44 67 25 14 26 8 12 13 8 37 16 0 0 38 85 2 1 4 26 2 8 4 10 8 25 16 14 0 6 8 8 17 8 9 10 67 5 1 1 5 0 0 2 7 0 1 1 1 0 3 6 10 6 9 6 2 1 1 2 3 1 2 1 2 10 1 0 0 7 8 0 2 2 23 4 0 0 8 0 1 3 1 0 0 5 0 0 21 
14 6 13 6 9 17 32 17 29 22 12 31 52 83 50 65 43 23 22 13 4 22 5 26 9 0 0 12 104 2 1 3 16 2 8 1 5 9 29 7 18 1 11 7 9 9 13 6 3 53 4 2 5 9 2 0 2 3 0 5 2 1 3 5 4 14 1 2 0 6 0 2 4 2 0 1 0 1 18 0 4 0 0 5 3 3 1 26 2 0 0 7 2 2 2 2 0 0 1 0 0 8 
19 13 14 9 9 40 37 25 31 33 8 31 44 74 54 57 27 12 16 7 9 7 8 23 6 1 1 25 140 4 5 5 8 4 5 2 7 8 31 13 13 2 15 8 8 11 14 3 5 33 5 3 10 7 1 3 1 5 0 1 1 5 2 2 3 10 7 3 4 4 1 3 3 3 2 0 1 0 14 1 2 0 3 1 2 3 2 13 1 0 0 5 3 2 0 2 1 2 0 0 0 10 
3 5 15 0 4 7 8 11 5 2 0 6 4 5 7 9 6 4 2 1 1 1 1 0 3 0 0 6 17 1 0 0 1 0 0 0 2 0 5 2 0 0 2 2 2 3 0 0 2 9 3 0 1 0 0 0 0 0 0 1 0 1 0 2 1 0 0 1 0 0 0 0 1 1 0 0 0 0 4 0 0 0 0 1 0 2 0 4 0 0 0 3 0 0 0 0 1 0 0 0 0 2 
8 10 3 4 6 10 8 5 13 8 4 9 17 15 15 19 10 6 8 4 8 4 1 7 2 0 0 8 38 1 0 1 4 0 3 2 2 2 8 10 1 0 2 5 0 2 2 1 1 15 2 3 4 1 2 1 0 2 0 0 0 0 0 1 0 8 2 1 0 0 0 4 0 0 0 1 0 2 2 0 1 1 0 1 0 3 1 7 1 0 0 2 0 1 0 0 0 0 0 0 0 0 
25 32 33 9 7 10 8 26 23 26 13 32 57 87 37 74 39 17 23 12 14 18 4 38 16 0 0 23 95 7 2 4 2 1 5 2 2 5 34 18 5 1 8 10 17 7 8 2 5 33 5 2 10 6 0 1 1 12 0 2 1 1 0 2 3 4 3 3 1 1 1 2 2 0 1 0 1 0 16 5 0 0 1 4 3 5 0 7 0 0 0 7 2 2 2 1 1 1 0 0 1 7 
30 29 28 15 8 14 2 19 39 21 8 21 53 85 41 65 30 21 20 7 16 13 10 10 13 0 0 7 45 5 0 2 10 0 2 0 1 3 24 11 6 0 9 7 7 9 12 3 2 24 3 3 8 3 2 1 3 6 0 2 0 4 0 1 6 11 0 6 0 1 5 0 7 1 0 1 0 0 15 1 0 0 3 4 0 2 0 4 2 0 0 5 0 1 1 1 0 0 1 0 0 7 
19 21 17 4 4 17 9 8 19 13 8 26 79 89 35 62 42 14 26 12 9 29 4 19 4 2 0 10 56 3 2 4 9 5 6 1 1 4 39 15 8 0 5 3 12 12 12 3 3 37 5 0 7 6 3 0 1 5 0 0 0 5 2 0 2 7 1 3 2 0 0 0 5 1 3 3 0 0 9 0 1 4 1 1 0 2 2 8 2 0 0 2 0 1 2 0 0 6 0 0 0 4 
31 18 30 11 2 15 36 13 6 33 12 19 51 63 43 66 49 16 13 8 12 10 8 19 5 0 0 20 60 5 1 1 9 6 0 1 2 4 46 14 11 1 11 7 9 9 5 2 1 24 4 1 4 1 2 4 0 4 0 0 1 1 0 12 1 4 0 3 1 1 1 2 2 2 2 2 0 0 12 0 4 1 0 5 0 0 2 9 4 0 0 13 0 2 0 1 0 0 0 0 1 5 
5 13 10 6 5 5 8 8 8 5 3 13 21 41 18 36 36 15 16 6 8 3 3 25 19 5 1 14 36 1 1 1 3 0 1 0 0 1 26 9 8 0 4 0 8 7 4 0 4 17 6 4 5 6 0 0 0 9 0 0 2 3 0 5 6 3 3 1 0 2 0 1 4 8 2 2 1 1 18 0 0 0 1 0 2 1 2 5 2 0 0 3 1 0 0 2 0 2 1 1 0 3 
9 13 7 3 1 10 4 12 7 9 3 11 30 30 18 40 16 7 12 15 3 7 2 8 4 0 1 18 24 3 1 1 5 0 1 0 1 1 16 9 9 1 6 9 3 12 7 8 1 18 2 2 3 3 1 1 0 5 0 0 0 1 0 1 1 0 2 0 0 0 2 4 1 0 1 1 1 0 13 0 0 0 0 0 1 1 0 1 2 0 0 4 1 0 0 1 0 0 1 0 0 3 
22 50 19 2 6 22 26 31 17 14 11 14 29 50 23 71 32 28 20 8 23 12 8 49 27 0 4 34 57 4 2 5 12 1 4 4 3 6 23 18 9 1 5 8 4 16 8 1 4 40 8 2 4 7 1 1 4 5 0 3 0 5 1 3 1 5 0 1 2 0 0 1 3 6 1 1 0 0 15 0 2 0 0 0 0 0 0 6 3 0 0 8 0 0 1 3 0 0 0 0 0 3 
36 55 27 3 6 29 37 53 51 31 16 22 2 67 34 57 38 41 32 13 27 14 13 49 21 3 3 69 46 10 1 3 19 1 7 0 2 9 34 13 7 0 4 9 5 21 15 7 5 33 11 7 7 7 5 0 8 2 0 4 1 3 0 0 1 1 0 1 1 1 6 0 2 0 5 3 0 0 9 1 0 1 0 0 0 0 0 7 5 0 0 11 1 2 1 1 1 0 3 2 0 4 
44 73 82 7 30 36 63 57 67 39 17 26 46 9 10 54 65 62 57 30 52 31 29 65 38 5 9 149 72 4 0 3 7 1 3 0 0 6 18 9 20 1 1 11 13 18 5 2 5 29 16 3 16 11 4 0 8 8 0 3 1 5 0 1 0 3 0 1 0 0 1 2 0 0 6 2 0 0 34 3 0 0 0 0 0 0 0 3 1 0 0 12 2 2 2 0 0 2 1 0 1 4 
44 53 44 9 14 30 28 37 31 34 11 26 41 23 4 23 40 42 56 11 25 17 11 63 29 9 2 96 30 6 3 9 9 3 3 0 3 1 8 13 5 0 9 7 1 7 6 3 0 18 9 2 18 3 4 0 8 5 0 3 2 5 3 0 0 1 0 1 0 1 1 0 1 2 4 2 0 0 15 1 0 1 0 0 0 1 1 0 1 0 0 6 0 0 0 0 0 0 1 0 0 4 
37 63 39 8 12 44 39 38 45 46 27 53 36 66 9 15 67 74 61 39 55 40 37 120 54 2 9 95 64 33 10 22 44 5 11 12 47 6 15 24 19 2 10 15 9 19 13 8 11 61 12 9 19 4 4 5 14 21 0 2 2 6 0 1 4 1 0 0 0 3 0 1 7 0 6 4 0 2 32 1 1 0 0 3 0 2 2 12 2 0 0 18 2 2 1 0 0 0 4 1 1 9 
42 52 24 10 8 30 26 28 32 33 8 34 41 96 37 103 4 44 53 31 45 26 32 96 32 4 4 51 33 42 8 36 40 21 32 5 39 16 61 30 19 7 20 21 23 28 14 10 13 61 9 3 12 9 4 0 4 7 0 6 1 9 0 2 4 0 0 0 0 0 1 1 0 1 9 6 0 0 13 2 0 0 0 6 1 7 6 18 5 0 0 12 6 3 0 0 0 2 1 0 0 8 
11 19 11 5 4 30 26 18 27 27 19 22 33 77 30 96 44 8 50 10 26 18 18 29 15 4 1 52 27 18 10 12 17 17 15 10 16 8 49 12 15 1 16 11 22 26 14 7 6 57 8 3 3 6 3 0 6 8 0 0 5 5 0 2 0 2 0 0 0 0 0 0 0 2 1 1 0 2 18 2 3 0 2 0 0 2 0 11 4 0 0 16 0 1 0 0 0 0 0 0 0 6 
11 25 25 0 3 6 18 14 14 15 14 24 36 76 26 73 46 49 5 16 31 9 12 26 24 6 1 51 27 10 7 11 17 6 4 11 21 11 47 21 6 1 10 18 8 19 9 2 6 37 0 0 4 4 4 1 0 3 0 2 1 1 0 0 0 2 0 0 0 0 0 0 0 0 1 0 0 1 13 2 2 0 0 2 0 1 0 6 6 0 0 4 1 0 0 0 0 2 0 0 0 4 
11 15 5 2 5 6 7 6 7 13 7 16 25 58 22 59 31 26 44 5 6 5 6 35 24 6 4 75 12 5 4 2 4 3 6 1 6 5 39 15 5 2 3 8 2 9 7 3 3 23 1 0 1 1 2 0 3 3 0 0 0 1 0 2 1 1 0 0 0 0 0 0 0 1 2 2 4 2 9 0 0 0 0 0 0 2 1 5 1 0 0 2 0 0 0 0 0 1 0 0 0 1 
5 13 10 1 0 13 10 4 11 17 3 15 19 80 24 86 38 53 60 3 5 4 10 24 13 10 12 51 17 3 3 4 2 4 7 12 15 3 39 10 16 3 5 14 4 12 5 4 3 32 0 2 1 2 0 0 2 1 0 0 0 1 0 2 0 0 0 0 0 0 0 0 0 0 0 1 0 0 7 0 0 0 0 0 0 1 2 5 0 0 0 1 0 0 0 0 0 0 0 0 0 0 
8 9 9 1 3 12 9 15 13 12 3 14 18 78 17 64 34 24 27 1 5 4 10 35 5 11 9 51 24 0 5 0 5 3 8 4 22 7 29 3 5 0 8 7 3 17 6 3 2 17 1 2 5 1 0 0 2 1 0 0 1 1 0 0 2 0 0 0 0 0 0 0 0 0 0 2 0 0 2 0 0 0 0 0 0 0 0 2 0 0 0 2 0 1 0 0 0 0 0 0 0 0 
5 5 3 0 2 2 6 2 10 9 5 11 27 32 32 58 42 25 26 16 15 13 2 27 13 7 5 60 6 1 0 4 11 1 6 7 25 6 49 11 3 1 12 5 9 7 4 1 2 23 1 0 4 1 1 0 2 1 0 2 1 0 0 0 1 0 0 0 0 0 0 0 0 0 4 0 0 0 5 0 1 0 0 0 0 2 0 4 2 0 0 1 0 1 0 1 0 0 0 1 0 1 
13 15 8 0 11 17 6 15 16 26 9 36 43 101 35 160 97 51 65 21 26 18 12 8 15 16 28 106 17 6 1 5 22 3 19 9 39 15 79 14 11 3 6 9 10 21 8 4 6 77 11 2 5 2 3 0 2 2 0 0 2 0 0 1 0 0 0 0 0 0 0 0 0 0 2 0 0 3 15 1 1 0 0 0 0 4 0 16 1 0 0 2 1 0 0 0 0 0 0 0 0 3 
18 18 10 0 5 15 9 9 10 22 12 15 35 62 31 107 62 34 32 22 25 21 13 8 6 0 6 54 5 5 8 5 100 6 8 1 27 8 44 42 29 2 7 13 23 20 21 13 12 94 18 6 15 3 1 1 3 2 0 1 1 2 1 3 0 0 0 0 0 0 0 0 0 0 2 2 0 5 17 0 1 2 0 0 0 3 6 71 4 0 0 7 2 2 2 1 1 3 2 0 0 12 
0 0 0 0 0 1 0 1 0 0 0 1 1 7 0 12 10 7 17 11 16 8 4 32 6 0 2 14 1 2 0 1 0 0 2 0 3 3 8 3 0 0 0 1 1 0 0 0 1 1 3 0 0 0 0 0 0 0 0 0 0 0 0 0 0 0 0 0 0 0 0 0 0 0 0 0 0 0 2 0 1 0 0 0 0 0 0 0 0 0 0 3 0 0 0 0 0 0 0 0 0 0 
0 0 0 0 1 3 0 1 0 3 1 1 8 11 8 16 14 7 3 4 30 12 10 49 6 4 2 25 0 0 0 1 1 3 1 0 10 2 7 2 1 0 3 0 2 3 0 0 1 6 1 0 0 0 0 0 0 0 0 0 0 0 0 0 0 0 0 0 0 0 0 0 0 0 0 1 0 0 3 0 0 0 0 0 0 1 0 1 0 0 0 0 0 0 0 0 0 0 0 0 0 0 
24 19 30 4 5 18 10 19 23 43 17 34 62 118 57 184 67 52 61 41 85 66 40 86 31 10 26 11 22 9 0 13 24 13 7 9 35 34 54 29 40 3 11 30 21 34 26 7 9 73 9 8 16 2 1 6 3 8 0 2 1 0 1 0 0 1 0 0 0 0 0 0 2 1 7 0 1 5 10 4 0 0 1 1 0 12 5 41 4 0 0 10 1 3 1 1 0 1 3 0 0 8 
34 46 57 16 5 38 37 33 23 19 6 24 45 43 11 24 13 18 34 5 5 16 6 10 5 0 0 9 0 2 4 4 5 2 4 4 2 4 15 13 9 3 6 7 2 6 5 2 6 19 0 2 2 0 0 4 2 2 0 0 0 0 0 2 3 4 0 6 0 1 1 1 4 0 0 0 0 1 7 0 0 0 0 4 1 2 4 10 1 0 0 7 0 0 5 2 0 0 0 2 0 1 
2 0 1 0 0 2 1 2 15 9 0 7 10 3 8 23 31 28 9 8 11 6 0 15 15 2 0 5 7 18 76 92 214 46 106 117 335 124 232 114 62 9 57 49 49 71 47 18 19 190 4 2 7 9 3 3 4 5 0 4 3 6 0 21 19 35 11 13 1 11 2 10 8 1 1 0 0 4 26 5 3 2 0 15 0 14 11 64 12 0 0 33 5 7 2 10 0 4 5 0 0 27 
4 3 0 1 0 0 3 0 1 2 0 0 10 2 0 9 17 16 7 1 4 2 1 11 1 0 0 2 9 74 4 64 98 26 41 52 126 56 88 31 32 7 27 20 10 30 25 10 9 52 0 2 5 1 1 1 2 2 0 7 2 6 4 4 6 16 5 5 5 8 0 8 2 0 0 0 1 2 13 2 0 0 0 1 1 3 1 13 3 0 0 18 0 2 2 5 1 0 0 0 0 12 
0 6 4 0 1 1 4 3 3 2 0 0 5 1 8 17 51 16 13 0 1 2 2 3 2 1 0 4 7 95 89 9 98 34 67 63 240 104 208 74 64 11 47 46 37 52 43 15 22 150 7 5 13 10 2 2 4 10 0 2 4 9 1 7 12 20 3 4 2 3 1 4 6 3 0 4 0 3 25 0 3 1 2 1 0 17 10 40 7 0 0 40 8 4 6 4 1 4 5 0 1 21 
21 10 8 2 1 6 17 8 6 7 5 5 10 6 7 19 32 17 14 5 9 3 10 52 29 0 2 15 11 218 70 104 17 41 91 79 246 117 246 141 152 11 106 83 110 136 91 53 84 581 38 22 58 21 8 10 15 19 0 9 0 12 3 11 11 14 4 12 5 9 16 10 9 5 11 7 0 7 81 9 6 5 5 12 1 30 12 157 20 0 0 61 6 19 11 29 1 6 3 1 1 68 
3 3 2 1 1 3 2 0 0 0 1 1 3 0 1 5 9 6 10 0 0 4 1 5 4 0 1 5 2 54 23 27 36 5 23 15 70 46 90 54 22 5 27 34 23 32 34 12 11 78 7 4 17 8 3 3 4 6 0 7 1 9 0 2 7 10 1 4 4 8 6 12 9 6 8 4 0 1 24 1 3 2 0 1 1 4 3 17 6 0 0 18 4 5 8 7 1 4 3 0 0 8 
5 6 3 2 3 3 3 2 1 2 0 3 3 0 4 11 23 13 10 9 5 5 4 17 6 0 1 13 3 102 55 79 86 17 8 17 121 69 138 81 48 6 51 41 30 65 38 14 15 122 6 6 8 6 2 4 4 6 0 5 2 14 3 7 7 15 7 8 6 11 4 14 10 6 4 1 1 3 13 2 1 0 0 2 0 9 5 11 7 0 0 47 11 6 12 7 1 5 6 2 0 19 
5 3 2 0 0 0 2 1 1 1 0 1 1 0 1 12 15 6 16 6 2 2 0 8 3 2 0 8 2 98 42 65 83 17 33 9 119 47 117 63 32 7 40 32 34 42 35 17 18 132 3 2 3 2 4 2 4 3 0 0 0 6 2 5 4 16 4 5 0 0 3 9 6 3 0 0 0 2 13 0 0 0 0 1 1 7 1 17 2 0 0 20 7 6 3 4 1 0 2 1 1 14 
2 6 9 0 0 2 2 1 3 1 1 1 6 0 1 31 37 10 21 3 7 6 11 24 6 1 1 32 6 277 116 191 258 91 123 151 9 116 386 255 148 34 124 156 135 215 105 35 47 362 9 13 25 8 1 2 4 8 0 2 1 19 5 20 11 33 6 4 6 2 16 22 9 16 8 9 3 4 27 2 2 4 1 4 0 14 9 69 26 0 0 106 23 13 19 19 0 8 9 5 4 61 
5 8 7 2 2 7 2 4 11 6 4 1 9 7 4 2 19 16 11 4 9 4 0 17 6 0 1 22 8 134 35 101 107 28 49 48 145 17 142 140 90 11 97 88 91 118 75 39 35 217 1 2 13 3 0 2 3 5 0 1 1 4 2 14 12 8 2 3 0 1 5 3 11 8 3 4 0 2 13 4 0 0 1 1 2 14 8 37 22 0 0 73 14 6 10 11 1 2 3 1 5 35 
18 30 20 3 6 23 23 19 20 27 8 22 22 10 8 13 39 29 27 11 30 23 11 51 22 0 0 42 35 192 48 162 250 67 109 62 372 108 17 287 172 26 100 150 99 169 113 48 37 431 11 11 31 11 3 2 2 6 0 5 4 28 4 19 21 21 14 10 5 5 17 28 7 15 5 5 0 5 37 5 2 5 4 10 0 17 17 83 23 0 0 158 19 18 18 15 6 17 9 5 3 66 
9 16 8 2 9 17 5 22 17 6 7 15 22 8 12 32 39 14 14 12 12 6 4 25 9 5 2 18 14 87 28 80 157 45 95 77 306 127 387 17 43 12 60 96 64 146 77 40 39 265 4 4 9 11 2 0 8 1 0 5 3 24 5 12 6 20 4 5 4 5 3 3 8 5 1 0 0 5 23 5 5 6 2 13 8 9 8 20 16 0 0 62 4 7 4 6 0 1 3 3 0 19 
8 6 8 4 2 6 7 6 10 18 6 9 16 12 2 12 17 17 10 11 10 0 6 32 16 0 0 17 22 58 17 43 165 24 37 29 176 111 250 38 8 17 72 54 45 99 43 30 36 206 10 1 3 1 1 1 1 2 0 1 1 4 2 9 7 6 2 1 3 2 2 6 11 5 10 2 1 3 18 5 5 2 1 14 3 7 10 13 11 0 0 46 11 4 9 2 1 5 3 0 0 38 
0 2 0 0 0 1 1 0 0 2 0 0 1 1 0 1 2 4 1 2 0 0 3 1 0 0 0 0 0 3 0 9 23 3 2 7 49 10 26 9 12 2 23 30 19 30 17 6 10 40 0 0 1 1 0 0 0 0 0 0 0 2 0 0 3 2 0 0 1 0 1 2 1 0 1 0 0 0 6 3 0 0 0 6 3 6 7 5 14 0 0 12 2 1 2 3 1 0 1 0 0 8 
4 10 6 1 4 7 12 7 10 5 2 6 10 3 6 1 20 8 3 1 12 3 4 12 4 2 0 9 10 37 12 43 112 29 43 12 96 60 128 48 39 14 19 73 48 95 52 21 28 160 3 7 14 7 3 0 9 2 0 1 0 7 5 3 7 9 3 0 1 4 2 3 11 3 17 4 0 4 20 6 11 10 12 41 15 34 17 62 28 0 0 59 19 20 19 37 2 15 12 3 4 113 
5 13 10 1 4 2 7 3 11 7 4 8 3 7 6 6 22 16 22 3 9 5 5 19 8 2 1 27 5 64 18 42 136 31 65 35 172 82 209 117 99 33 119 28 139 205 125 65 84 450 14 5 29 7 1 0 6 11 0 3 1 8 3 6 12 11 0 2 3 2 4 7 11 8 17 19 1 6 61 16 16 14 11 80 34 94 57 85 80 0 0 216 39 51 27 78 11 49 36 10 2 128 
14 15 8 2 4 6 2 4 13 9 6 5 12 5 3 8 21 13 8 4 9 5 3 18 12 0 0 25 18 49 17 37 108 32 38 31 128 79 156 87 48 21 57 127 11 185 97 65 49 310 8 5 7 5 1 0 6 5 0 0 3 3 4 5 13 21 2 0 2 3 5 5 12 4 9 4 1 2 19 7 2 13 4 16 11 26 12 51 13 0 0 85 6 21 9 18 7 14 28 1 0 54 
14 10 7 2 1 7 9 3 6 11 6 17 11 18 3 15 25 27 21 9 8 6 5 29 11 4 0 24 18 61 31 42 182 29 71 53 187 106 182 112 124 21 93 204 168 20 177 146 118 526 13 6 21 2 2 3 6 3 0 1 3 9 0 5 5 14 4 5 3 2 2 5 8 8 13 7 5 10 32 12 10 14 14 51 17 38 27 87 28 0 0 140 26 35 35 28 5 36 25 3 6 120 
12 21 19 3 5 6 8 5 8 4 5 7 6 13 5 12 25 24 16 6 14 4 5 26 11 0 3 16 11 45 15 38 169 26 38 39 149 88 136 92 74 13 54 107 102 174 22 70 82 310 11 7 13 7 2 3 2 8 0 0 3 8 0 7 3 13 2 5 3 3 3 5 4 3 6 6 1 2 27 10 7 4 4 19 12 31 17 72 15 0 0 82 18 22 19 18 8 14 18 3 4 96 
3 5 0 0 5 3 2 6 5 4 2 1 6 4 1 6 8 24 3 4 1 1 2 17 5 0 0 10 2 23 3 11 55 12 24 12 64 34 90 59 33 10 39 89 69 167 96 15 45 414 4 3 6 1 2 0 0 1 0 0 0 1 0 3 2 9 2 6 2 2 3 1 4 3 10 4 1 2 15 0 1 7 2 19 7 32 16 66 8 0 0 68 13 12 16 10 6 8 6 0 3 44 
1 7 3 1 1 5 3 5 6 11 2 5 7 7 3 1 7 10 8 2 8 2 1 14 15 0 0 4 12 20 3 27 127 16 24 15 76 43 94 55 36 7 54 121 86 237 92 83 3 385 5 3 4 0 0 2 0 2 0 0 2 6 0 7 4 6 2 2 2 2 4 2 1 4 5 3 2 5 15 5 5 0 4 21 4 25 13 57 23 0 0 79 16 23 15 11 2 12 9 0 2 61 
39 73 37 5 10 31 19 28 33 45 14 27 32 35 17 40 76 50 40 14 16 28 25 160 46 1 3 110 36 213 45 94 908 74 126 135 428 274 522 277 274 37 169 422 238 569 276 309 259 46 30 27 73 16 8 6 14 24 0 9 12 22 6 17 24 60 8 20 7 3 20 12 29 19 39 14 3 23 86 27 36 47 34 121 30 91 45 547 41 0 0 303 38 69 68 37 10 62 60 8 13 363 
6 9 5 1 1 6 6 2 2 11 0 7 10 26 11 15 8 2 7 0 3 4 2 29 9 0 0 17 5 7 6 9 49 9 4 3 22 3 16 8 5 2 15 13 6 13 18 4 6 33 5 7 33 22 9 7 21 32 0 30 5 4 2 9 21 34 7 12 1 10 3 9 19 12 9 5 3 8 115 7 5 5 5 30 3 5 5 44 9 0 0 14 1 8 5 1 0 7 4 0 0 29 
2 3 2 0 1 1 4 2 2 2 0 2 9 8 6 17 6 5 6 0 0 0 0 5 2 0 1 7 6 4 3 4 39 10 3 3 7 0 19 3 2 1 9 7 10 12 9 2 3 12 10 7 38 11 5 4 6 14 0 13 3 1 0 11 10 14 5 4 3 3 1 4 4 1 0 3 1 0 70 1 2 6 9 13 10 15 4 18 1 0 0 11 1 9 5 0 1 4 3 0 0 14 
4 13 2 1 5 5 11 3 2 6 2 4 9 18 6 23 9 7 5 0 1 2 0 42 6 0 0 17 11 13 6 5 74 9 13 7 17 6 29 10 12 0 7 17 15 17 20 4 11 92 41 20 8 28 16 9 10 28 0 28 5 9 10 18 23 28 5 17 5 12 6 4 14 14 11 5 0 7 105 6 8 8 2 33 6 20 8 60 6 0 0 16 0 6 7 6 2 6 1 0 0 31 
5 3 5 0 0 1 6 6 2 5 2 3 8 20 10 14 9 4 3 0 0 2 0 11 3 0 0 3 5 10 3 11 35 5 5 4 18 4 8 1 6 4 11 7 2 7 1 2 1 17 11 17 29 3 11 4 8 32 0 19 6 3 3 15 10 14 8 4 1 2 5 5 2 8 4 0 1 5 57 2 4 3 3 23 2 9 0 7 3 0 0 9 0 2 4 2 1 2 0 0 0 16 
2 5 3 0 1 0 5 3 2 2 1 1 3 4 12 8 1 3 0 1 3 0 0 13 4 0 0 7 0 9 1 1 19 3 5 0 8 1 8 1 1 0 1 0 1 3 2 1 1 5 8 8 17 8 2 0 8 16 0 19 2 3 2 8 1 9 1 8 0 0 2 5 2 4 3 2 0 3 38 3 5 0 2 10 2 1 0 5 4 0 0 3 0 0 0 0 0 1 0 0 0 5 
2 1 0 1 0 2 2 1 2 2 0 1 3 1 1 7 9 2 3 0 0 0 0 2 0 0 0 0 6 3 1 1 14 2 1 1 1 1 1 2 1 0 2 0 0 1 4 3 0 3 3 7 5 4 2 1 10 22 0 10 6 2 2 6 3 2 3 1 1 2 1 0 6 3 0 4 0 3 26 4 2 0 1 7 2 2 0 4 2 0 0 1 0 2 1 0 0 3 1 0 0 1 
2 3 4 0 1 1 1 3 1 1 1 1 5 7 3 3 12 3 3 1 1 0 0 3 2 0 0 5 1 2 2 3 23 5 8 3 6 3 8 1 2 0 4 5 5 4 0 6 2 26 10 6 18 9 9 5 1 11 0 10 5 10 0 6 20 23 5 5 2 5 1 9 3 3 3 2 3 1 59 2 0 0 2 16 8 9 2 19 5 0 0 4 1 4 0 4 1 0 0 0 0 10 
1 4 7 0 0 5 4 5 6 13 5 6 7 23 7 13 12 5 5 0 0 1 1 7 2 0 0 3 1 10 1 13 30 8 9 4 20 1 14 1 9 0 7 9 6 10 10 1 6 26 28 10 22 26 14 10 12 6 0 30 12 3 3 17 10 17 2 3 3 8 2 4 6 2 12 13 5 14 126 8 5 4 8 35 9 10 11 28 5 0 0 16 1 5 2 3 1 3 2 1 1 8 
0 0 0 0 0 0 0 0 0 0 0 0 0 0 0 0 0 0 0 0 0 0 0 0 0 0 0 0 0 0 0 0 0 0 0 0 0 0 0 0 0 0 0 0 0 0 0 0 0 0 0 0 0 0 0 0 0 0 0 0 0 0 0 0 0 0 0 0 0 0 0 0 0 0 0 0 0 0 0 0 0 0 0 0 0 0 0 0 0 0 0 0 0 0 0 0 0 0 0 0 0 0 
6 14 6 2 0 9 8 4 7 3 3 8 16 20 11 29 20 11 16 5 7 1 3 20 13 0 0 13 12 8 3 5 15 8 4 0 4 1 14 8 4 0 4 5 6 7 6 7 2 20 19 10 35 16 4 7 6 15 0 4 2 10 4 12 12 41 13 8 5 8 11 16 17 21 7 4 2 4 54 3 10 6 4 16 3 3 4 26 5 0 0 15 1 8 4 4 0 1 0 2 0 12 
2 0 1 1 1 1 0 1 3 0 1 0 2 2 2 4 2 1 0 1 0 0 0 2 1 0 0 1 0 8 2 3 1 4 0 0 4 1 3 3 1 0 4 1 1 1 1 1 2 7 5 8 5 1 1 6 1 7 0 4 0 3 4 6 6 15 9 11 4 8 3 1 7 5 1 2 0 1 20 3 1 1 2 7 1 1 0 13 0 0 0 2 0 1 1 0 1 0 0 0 0 1 
2 4 6 0 1 3 1 1 1 2 1 0 1 0 1 1 8 1 0 0 0 0 1 0 0 0 0 1 0 14 3 18 2 7 13 4 14 11 15 11 4 2 3 4 5 6 3 1 0 27 3 0 3 3 3 1 2 3 0 3 5 1 4 5 11 10 4 6 0 6 0 4 2 4 3 0 0 0 13 2 4 1 0 9 1 0 2 3 4 0 0 15 2 0 0 2 0 0 0 0 0 0 
0 2 1 0 0 0 0 1 1 0 0 0 0 1 0 0 0 0 0 0 0 0 0 1 0 0 0 0 0 2 5 4 7 2 7 2 6 1 9 2 2 0 4 4 2 0 2 1 2 3 0 1 4 0 0 1 1 0 0 4 1 1 2 3 2 9 2 2 2 1 7 2 5 1 0 1 0 2 9 3 3 0 0 0 0 4 1 4 1 0 0 2 1 0 0 1 0 0 0 0 0 2 
0 6 4 1 2 2 4 5 2 0 3 1 0 0 0 0 2 0 1 0 0 1 1 2 0 0 0 0 1 8 2 8 6 2 8 6 16 8 28 5 8 1 4 5 7 13 9 2 3 20 9 10 20 6 6 2 9 13 0 10 3 12 5 3 9 29 15 8 9 6 6 14 14 7 9 8 2 3 25 2 1 0 1 2 0 4 4 3 6 0 0 6 1 1 1 0 0 0 1 0 0 2 
1 3 8 0 2 0 3 6 3 3 1 0 1 2 0 2 5 0 1 0 0 0 0 2 2 0 0 3 3 22 12 14 22 7 8 5 26 14 29 9 17 2 4 14 3 18 6 1 1 32 8 2 18 10 6 6 3 10 0 17 3 10 8 6 6 26 12 18 4 22 14 28 25 13 7 7 3 2 24 0 4 2 1 10 3 6 5 6 2 0 0 5 3 2 2 0 0 1 0 0 0 3 
8 11 8 0 1 8 12 14 6 5 1 2 1 0 0 2 0 5 1 0 0 0 0 1 0 0 0 4 11 21 25 13 25 10 7 8 36 13 29 10 11 1 7 21 7 18 9 6 4 39 26 11 32 13 6 11 21 11 0 17 11 11 9 15 21 23 9 14 39 41 31 41 39 26 16 11 2 2 77 8 5 2 1 13 6 8 4 13 5 0 0 15 0 2 0 1 0 0 0 0 0 3 
4 0 6 0 0 3 0 1 0 2 0 1 0 0 0 0 1 0 1 0 1 0 0 0 1 0 0 0 4 10 4 5 6 7 1 1 14 8 13 6 2 0 5 1 4 2 3 4 2 12 2 4 2 8 2 0 4 6 0 8 12 5 5 13 7 14 2 1 9 18 14 17 18 8 3 1 0 2 19 2 2 0 2 2 1 5 2 4 0 0 0 6 0 0 0 0 0 0 0 0 0 0 
3 2 5 0 1 3 4 5 2 0 1 1 0 1 2 0 0 0 0 0 0 0 0 0 0 0 0 0 1 9 2 8 11 7 1 2 21 8 18 5 3 0 1 6 2 2 5 0 3 15 14 6 13 16 2 1 3 8 0 7 4 7 3 8 14 30 3 5 6 13 23 32 14 27 6 3 1 2 25 0 0 1 0 7 1 0 1 5 1 0 0 1 1 0 0 1 0 0 0 0 0 5 
0 0 0 0 0 1 5 5 1 0 0 0 1 0 0 1 0 0 0 0 0 0 0 0 0 0 0 0 0 7 2 5 4 3 1 1 8 7 13 2 4 0 3 2 2 2 2 1 2 4 2 0 5 4 0 2 3 0 0 2 5 3 1 4 10 21 5 6 3 11 15 13 6 9 3 1 0 0 13 3 3 0 1 4 2 3 1 1 0 0 0 1 0 0 0 0 0 0 0 0 0 0 
0 2 1 0 2 2 1 3 2 2 0 0 0 0 0 2 0 0 0 0 0 0 0 1 0 0 0 0 4 6 5 8 14 8 9 5 10 6 14 2 2 1 4 1 3 5 2 0 4 9 7 5 17 7 1 1 6 6 0 7 9 9 9 8 16 29 7 12 17 2 18 25 20 25 1 2 0 1 15 1 10 1 0 4 1 3 0 7 1 0 0 0 1 0 0 0 0 0 0 0 0 1 
1 3 3 0 1 5 3 5 4 2 0 2 0 5 1 4 1 0 0 0 0 0 0 0 1 0 0 0 4 5 4 2 16 7 12 7 34 12 17 3 3 1 7 3 8 13 1 1 2 19 4 1 11 6 2 3 3 4 0 9 9 7 2 10 28 47 10 18 12 7 1 54 16 14 1 1 0 0 20 0 0 1 0 4 1 6 2 8 1 0 0 5 0 1 0 0 0 0 0 0 0 1 
3 2 2 1 1 2 1 0 2 1 0 3 2 0 0 2 1 0 0 0 0 0 0 0 0 0 0 1 5 10 1 5 18 18 13 9 19 12 29 8 6 2 12 8 5 9 8 3 3 12 10 4 13 6 1 4 4 11 0 14 5 19 4 10 29 53 15 27 15 33 21 6 73 33 0 3 0 1 11 1 2 2 0 5 0 4 1 7 2 0 0 5 1 0 0 0 0 0 0 0 0 3 
0 2 1 0 1 0 1 1 1 2 0 0 4 2 4 0 0 0 0 0 0 0 0 0 0 0 0 0 2 1 1 3 10 5 11 4 26 4 9 7 4 1 3 2 7 3 2 4 5 21 14 6 12 8 5 2 3 6 0 8 5 5 4 6 19 40 9 11 1 16 15 45 2 8 3 2 1 4 31 4 5 1 4 4 2 1 2 12 0 0 0 6 0 4 0 0 1 1 0 0 0 2 
5 5 4 0 1 5 1 1 1 0 1 1 3 2 0 5 1 0 0 1 0 0 0 1 0 0 0 1 0 3 0 2 5 11 2 8 17 6 19 11 7 1 4 13 4 4 4 2 6 9 15 6 8 8 3 3 4 8 0 23 3 8 6 8 24 39 10 27 9 49 19 28 16 4 3 2 3 2 46 3 2 1 7 7 1 3 2 20 0 0 0 2 0 0 2 1 1 0 2 0 0 2 
0 2 0 0 1 2 2 4 2 6 2 3 4 7 5 5 3 4 6 1 2 0 2 5 2 0 0 6 4 5 0 6 12 2 3 1 8 0 16 4 5 2 10 11 11 16 10 3 5 53 3 3 5 2 7 0 4 5 0 8 1 2 1 3 3 13 1 3 3 1 3 1 0 6 2 8 3 11 164 18 12 15 18 60 11 20 5 56 8 0 0 18 8 5 2 1 1 5 4 0 2 28 
1 1 1 0 0 1 1 2 3 2 4 1 1 6 0 12 4 3 1 0 0 0 2 11 1 0 0 4 3 1 0 4 10 4 5 0 5 1 7 7 5 0 4 24 5 7 7 5 7 54 3 6 12 5 2 2 14 15 0 15 4 1 0 5 5 13 2 4 3 4 1 3 5 2 8 5 3 17 153 25 26 10 8 79 14 8 7 51 5 0 0 19 5 9 7 8 3 8 6 1 1 18 
1 0 1 0 0 0 0 0 0 0 1 0 3 1 0 2 1 0 0 0 1 0 0 3 2 0 0 0 0 1 1 1 4 1 1 0 3 1 3 1 1 0 1 5 2 5 4 0 1 14 0 0 5 2 2 0 0 5 0 3 1 0 3 0 6 3 1 0 0 1 1 0 0 1 2 1 0 4 51 15 3 2 4 27 4 3 0 5 3 0 0 0 1 3 2 1 0 3 0 2 0 2 
1 1 5 0 1 3 4 0 3 7 1 0 0 10 0 6 6 1 5 2 0 1 1 3 3 0 0 0 8 9 2 2 14 1 2 1 3 0 11 3 5 0 9 14 9 18 10 6 3 20 12 1 12 9 10 6 3 21 0 6 5 1 2 5 5 12 2 5 1 2 2 1 3 2 10 12 11 2 107 18 1 5 11 55 11 20 5 28 6 0 0 16 5 9 6 4 1 6 5 0 0 20 
11 8 18 1 1 14 13 10 8 14 3 5 15 23 3 36 20 5 9 3 6 3 4 13 10 0 1 13 14 21 10 18 41 20 16 2 17 5 33 14 6 4 28 44 30 53 18 14 10 89 77 68 118 73 31 27 45 106 0 28 17 15 9 31 39 52 12 18 7 17 19 18 39 25 122 110 38 55 22 45 60 27 32 188 36 46 18 104 26 0 0 30 9 16 17 10 5 16 14 1 1 35 
2 2 5 3 0 2 0 4 0 1 0 0 2 6 1 1 5 0 1 0 2 2 1 0 0 0 0 4 6 7 4 4 8 0 2 1 2 2 10 6 1 2 18 27 8 16 15 4 7 36 9 7 20 4 3 3 4 12 0 3 2 2 1 1 6 18 4 5 2 5 2 1 2 3 19 16 5 19 95 2 13 12 16 102 20 20 6 41 11 0 0 25 8 10 4 13 1 1 6 1 2 16 
1 0 1 0 0 1 1 0 1 1 0 0 0 1 4 2 3 0 1 0 0 0 0 0 3 0 1 3 3 6 2 2 8 2 1 2 1 2 6 2 11 7 17 20 3 16 9 1 7 28 7 3 9 9 4 1 1 14 0 2 1 1 3 1 3 8 2 1 2 1 1 5 6 3 10 7 3 8 74 17 9 6 10 95 28 32 13 16 11 0 0 35 6 12 3 8 0 8 4 1 0 13 
4 2 1 0 3 2 1 0 1 0 0 0 1 1 0 0 0 0 0 0 0 0 0 1 0 0 0 2 3 2 0 1 13 0 3 3 2 1 7 8 14 0 19 20 9 20 11 3 4 38 3 1 8 3 0 2 0 2 0 7 0 0 1 3 3 7 2 2 1 0 0 3 2 0 10 6 5 3 32 12 2 3 6 52 9 27 9 53 7 0 0 22 7 5 9 9 4 7 9 0 0 22 
2 4 2 0 0 0 3 2 0 1 2 0 0 0 0 0 0 0 0 1 0 0 0 1 1 0 0 1 1 1 0 2 6 0 2 0 1 1 6 6 10 3 13 21 12 26 15 6 3 34 6 4 9 4 4 2 2 12 0 1 2 2 0 2 2 3 0 4 1 0 0 0 0 2 10 15 1 7 56 21 12 4 3 87 21 9 20 38 4 0 0 39 5 8 7 8 0 9 6 2 1 24 
3 12 8 1 1 8 0 3 1 2 0 0 0 0 2 3 2 2 0 0 2 1 1 2 0 0 1 3 8 9 2 7 11 3 6 0 6 2 24 16 9 5 51 72 12 62 22 23 22 123 23 12 37 12 5 8 18 36 0 9 5 6 2 0 1 7 4 6 2 3 2 4 3 3 67 49 13 49 193 105 61 41 110 14 116 73 36 110 29 0 0 94 15 32 22 30 4 35 22 3 4 51 
2 1 1 0 2 6 3 3 3 3 0 0 0 0 0 0 0 0 0 0 0 0 0 0 0 0 1 4 4 4 1 0 8 0 0 1 3 1 5 7 4 0 21 43 8 29 19 7 9 35 10 5 16 6 1 0 3 13 0 2 0 3 1 0 14 3 1 2 1 2 1 0 1 1 3 12 7 15 80 32 25 7 22 117 6 39 13 46 19 0 0 55 5 11 16 6 5 16 4 1 1 28 
2 2 2 2 4 2 2 2 1 1 0 1 0 3 1 2 6 3 1 1 19 0 2 4 5 0 0 9 6 15 2 14 28 7 11 7 23 17 54 7 5 6 64 127 31 64 33 15 6 100 12 7 18 8 5 2 9 11 0 10 1 4 2 4 12 6 2 1 4 0 3 3 10 1 20 14 4 13 50 12 26 18 31 86 37 11 26 51 35 0 0 115 29 21 15 22 11 20 18 1 5 65 
5 2 3 0 0 1 5 4 0 0 0 1 0 1 0 3 7 2 1 2 3 0 1 6 2 2 0 1 19 5 2 2 15 4 8 2 15 18 44 19 9 5 32 70 10 40 21 9 11 41 8 9 8 0 1 1 1 5 0 1 2 4 2 2 5 7 2 2 2 3 0 1 2 2 9 4 0 9 35 10 14 8 8 49 22 21 6 16 19 0 0 68 11 26 14 14 3 6 8 3 0 53 
22 27 12 4 5 8 10 4 7 8 1 6 4 5 4 4 16 9 7 7 10 2 2 40 13 0 0 30 11 48 8 22 227 26 26 22 73 62 149 22 32 7 82 142 51 182 83 69 50 500 18 18 33 7 6 3 12 17 0 10 7 8 1 1 6 4 6 2 1 4 6 2 9 8 38 24 9 17 97 35 23 24 30 113 49 32 33 22 39 0 0 231 18 56 40 46 10 25 56 7 11 320 
5 2 3 0 0 3 1 8 2 1 2 1 2 1 0 2 4 8 4 0 0 0 0 6 4 0 0 3 5 9 3 13 23 5 11 13 49 20 48 22 19 5 35 76 17 30 23 8 16 76 7 7 14 1 1 3 5 4 0 2 1 2 0 1 1 7 2 0 1 0 1 1 1 1 8 8 0 9 28 5 15 9 9 34 17 42 32 46 5 0 0 77 12 20 28 18 5 13 4 2 3 48 
0 0 0 0 0 0 0 0 0 0 0 0 0 0 0 0 0 0 0 0 0 0 0 0 0 0 0 0 0 0 0 0 0 0 0 0 0 0 0 0 0 0 0 0 0 0 0 0 0 0 0 0 0 0 0 0 0 0 0 0 0 0 0 0 0 0 0 0 0 0 0 0 0 0 0 0 0 0 0 0 0 0 0 0 0 0 0 0 0 0 0 0 0 0 0 0 0 0 0 0 0 0 
0 0 0 0 0 0 0 0 0 0 0 0 0 0 0 0 0 0 0 0 0 0 0 0 0 0 0 0 0 0 0 0 0 0 0 0 0 0 0 0 0 0 0 0 0 0 0 0 0 0 0 0 0 0 0 0 0 0 0 0 0 0 0 0 0 0 0 0 0 0 0 0 0 0 0 0 0 0 0 0 0 0 0 0 0 0 0 0 0 0 0 0 0 0 0 0 0 0 0 0 0 0 
5 9 8 2 0 3 3 2 2 1 5 10 5 10 7 16 11 5 2 1 0 2 1 7 3 0 0 4 9 29 15 26 65 34 39 14 90 66 134 46 34 9 100 169 25 100 66 39 42 185 4 7 10 11 1 6 6 11 0 3 0 14 0 7 6 6 0 2 1 1 1 2 4 2 7 6 4 9 45 14 14 13 16 75 24 62 34 99 34 0 0 11 52 53 28 66 8 42 42 15 2 108 
2 1 1 0 0 3 3 0 1 1 0 0 2 2 2 0 2 2 4 1 1 0 0 0 0 0 0 1 5 5 3 5 12 2 3 1 25 26 33 9 8 2 24 35 15 27 10 9 11 31 2 2 5 6 0 3 2 1 0 1 0 1 0 1 0 0 5 0 0 0 1 1 1 1 2 1 0 2 9 3 5 3 6 20 7 24 3 27 10 0 0 52 1 13 7 11 2 7 3 0 2 33 
3 2 1 0 0 4 2 1 1 1 1 2 1 3 4 1 2 3 0 0 0 0 0 0 0 0 0 2 0 6 7 7 16 8 9 4 24 25 32 8 8 2 20 59 20 41 22 14 8 59 4 0 11 4 0 3 1 10 0 1 0 1 0 0 1 2 0 0 0 0 0 0 0 0 7 7 1 4 22 14 11 9 8 28 14 36 19 31 12 0 0 66 13 5 4 21 2 12 11 1 3 64 
0 4 1 0 0 1 0 5 5 1 1 1 0 2 2 5 3 1 0 0 0 0 0 0 1 0 0 1 3 7 1 5 19 3 11 3 18 3 27 5 8 4 20 36 14 35 21 15 10 59 3 2 2 2 1 0 4 2 0 3 0 0 1 2 0 0 0 1 0 0 0 0 0 0 7 3 0 3 18 2 10 5 1 31 8 34 10 29 11 0 0 30 12 6 5 6 2 5 7 3 2 54 
1 0 4 0 0 0 0 1 0 2 0 0 1 5 1 1 3 1 0 0 0 0 0 3 0 0 0 5 4 10 1 5 38 4 4 11 38 13 29 12 10 6 40 67 28 48 15 11 7 86 5 1 0 2 0 0 4 7 0 2 0 1 0 0 1 0 0 0 0 0 0 0 0 1 4 7 0 5 5 5 5 10 3 24 7 28 15 61 12 0 0 140 20 11 18 3 0 14 6 1 2 76 
1 0 0 0 0 1 0 0 1 0 0 0 0 0 0 0 0 0 0 0 0 0 0 0 0 0 0 0 0 1 0 1 2 0 2 0 4 0 7 5 1 0 3 14 1 9 2 0 0 11 0 0 1 1 0 0 0 0 0 0 0 0 0 0 1 0 0 0 0 0 0 0 0 0 0 2 0 0 1 2 3 1 2 3 4 2 0 15 3 0 0 10 1 0 3 3 2 1 1 0 0 12 
0 5 1 0 1 1 0 1 0 1 0 0 1 1 0 3 0 0 2 0 0 0 0 3 0 0 0 2 4 2 3 4 11 3 7 6 22 5 26 15 6 1 25 61 28 44 17 10 14 65 5 2 7 3 1 1 1 1 0 2 0 0 0 0 0 1 0 0 0 0 0 3 0 1 3 6 0 3 20 10 3 10 9 25 15 22 10 35 16 0 0 94 35 4 13 27 1 3 1 2 1 37 
0 4 4 0 0 2 2 1 1 2 2 1 3 0 0 1 1 1 0 0 0 0 0 1 1 0 0 0 0 8 2 7 6 0 5 3 11 11 34 7 8 2 28 43 17 37 21 5 8 75 3 2 6 2 1 1 3 4 0 1 1 2 0 0 1 0 0 1 0 1 0 0 0 0 1 2 0 5 18 6 5 5 5 24 8 23 12 47 10 0 0 70 11 13 10 5 0 4 7 2 0 27 
0 1 0 0 0 0 0 0 1 0 0 0 1 0 0 0 1 0 0 0 0 0 0 0 0 0 0 0 1 0 0 3 0 0 0 0 13 6 8 1 1 2 5 9 4 15 1 0 5 9 0 0 0 0 2 0 0 0 0 0 0 0 0 0 1 0 0 0 0 0 0 0 0 0 0 0 0 0 6 1 0 0 0 5 0 10 6 9 0 0 0 19 2 2 2 2 0 0 0 1 0 4 
0 0 0 0 0 0 0 0 0 0 0 0 0 1 0 1 0 0 0 0 0 0 0 0 0 0 0 0 0 0 0 0 0 1 0 1 2 1 4 0 0 0 2 6 9 5 7 1 1 13 1 0 0 0 0 0 0 1 0 0 0 0 0 0 3 0 0 0 0 0 0 0 0 0 1 2 0 0 3 0 0 2 2 3 0 3 0 3 6 0 0 16 0 5 1 3 1 2 3 0 0 2 
16 20 5 1 4 2 12 8 4 10 4 5 14 7 3 3 8 4 4 2 1 1 3 10 3 0 0 7 0 37 7 10 106 13 16 31 50 40 93 40 36 13 158 159 97 138 110 50 74 377 28 14 36 9 4 3 2 13 0 9 2 0 1 5 3 6 0 0 0 0 3 2 4 3 26 17 0 8 53 15 18 14 19 63 28 88 54 376 77 0 0 209 29 76 78 84 8 49 27 3 2 20 
