8 16 19 4 9 23 20 14 29 20 19 15 40 90 51 68 35 20 19 5 5 4 7 20 10 0 3 28 81 6 0 2 22 1 3 0 6 6 35 13 7 0 6 8 15 9 11 4 0 57 8 3 4 6 2 1 3 8 0 1 0 1 0 4 6 5 2 4 0 1 2 1 0 5 0 2 1 1 12 1 4 3 4 2 2 6 1 23 0 0 0 1 1 2 2 0 0 0 4 1 0 11 
9 8 19 9 13 26 18 15 26 30 11 47 49 82 56 76 40 18 23 10 9 10 5 31 11 3 0 24 127 5 6 6 13 4 8 4 7 15 41 21 10 2 13 7 17 8 14 5 7 53 5 1 13 8 0 4 19 2 0 1 1 6 0 4 5 8 1 2 5 2 7 3 5 6 0 3 1 1 16 1 0 2 1 6 1 2 4 24 3 0 0 12 1 1 0 1 0 3 1 0 0 12 
25 16 11 11 11 25 39 26 36 15 14 32 35 85 44 58 31 15 23 7 4 21 4 13 10 0 1 13 151 4 0 6 12 0 2 2 5 4 24 15 9 0 12 9 9 16 12 3 7 39 5 7 6 2 2 3 0 1 0 2 2 1 1 7 7 8 0 0 0 2 2 3 2 4 3 1 1 1 20 1 0 0 2 3 0 4 3 13 2 0 0 11 2 1 1 1 0 1 0 0 0 4 
6 9 21 1 2 8 5 18 6 5 3 4 8 17 14 11 14 2 3 2 1 1 1 12 5 1 0 4 13 0 0 0 3 0 1 2 0 0 3 4 0 1 1 3 0 0 0 2 0 3 0 0 1 1 0 0 0 0 0 1 0 0 0 0 1 0 0 0 0 0 0 1 2 0 0 0 0 0 3 0 0 1 1 1 0 1 2 2 0 0 0 0 0 0 0 0 0 0 0 0 0 0 
3 12 9 2 3 6 7 13 8 4 8 16 10 18 8 29 5 3 3 7 5 3 4 7 1 0 0 9 15 0 0 1 5 1 0 1 1 2 7 9 2 1 4 2 0 1 2 2 0 21 2 0 2 2 2 1 2 1 0 2 0 1 0 0 2 1 2 0 0 0 1 1 1 0 2 0 0 1 3 0 2 0 1 3 1 1 0 4 1 0 0 0 1 0 1 0 0 0 0 0 0 1 
23 27 23 10 8 3 21 19 20 15 12 25 38 93 33 50 35 24 20 8 7 11 6 26 7 1 2 28 130 2 0 1 6 5 3 0 0 3 26 12 13 1 5 7 3 5 6 1 2 28 2 2 8 1 1 0 0 6 0 3 3 1 1 0 4 8 3 4 2 0 4 3 2 2 3 1 0 1 12 0 1 0 3 7 1 2 1 5 1 0 0 4 1 3 1 1 0 0 0 0 0 3 
26 52 51 10 5 23 7 30 31 21 14 20 56 88 30 49 39 18 14 7 6 10 3 9 6 2 1 14 79 2 2 1 19 4 0 1 1 3 23 10 13 1 17 4 6 10 3 1 5 14 6 1 9 3 1 0 2 3 0 0 1 1 2 2 4 8 2 7 0 4 0 1 0 1 1 0 2 6 31 0 0 0 1 2 1 2 0 5 1 0 0 5 0 1 1 3 0 0 6 0 0 12 
22 26 29 12 2 15 30 8 17 13 5 25 51 91 34 53 51 20 18 8 10 10 5 15 4 1 0 12 72 5 9 2 5 1 3 1 0 2 18 23 13 0 6 8 14 3 9 3 5 16 2 4 6 3 1 1 0 7 0 0 2 2 0 8 2 8 4 2 7 0 1 5 2 5 0 3 0 4 5 1 1 1 1 3 6 6 3 7 1 0 0 6 1 0 4 0 0 0 0 0 0 5 
19 42 36 6 8 25 43 18 6 10 11 17 40 79 28 47 43 18 19 2 13 10 6 9 5 1 2 18 72 6 2 1 6 1 1 1 4 7 37 11 13 0 13 4 5 10 3 6 3 20 3 2 3 6 0 3 1 7 0 2 0 0 1 1 5 9 1 3 2 0 1 7 1 1 1 4 1 2 8 1 1 0 1 2 0 3 0 4 3 0 0 9 1 1 1 0 0 0 2 0 0 2 
15 10 17 6 2 8 13 7 9 4 5 17 27 37 12 37 13 12 10 3 10 10 6 13 9 1 1 15 19 3 3 3 7 2 0 0 0 0 27 14 5 3 7 5 6 7 9 0 2 18 7 4 1 5 2 0 7 5 0 2 1 1 1 1 0 4 1 3 0 1 2 7 2 2 3 5 0 2 9 0 1 0 1 4 0 1 1 6 1 0 0 3 1 1 0 0 0 1 1 2 0 0 
10 13 12 1 8 12 6 8 15 8 4 16 21 20 12 35 21 18 10 3 4 10 4 6 5 0 3 9 29 5 0 1 4 2 3 1 2 2 13 4 3 2 10 7 4 8 2 1 1 20 1 0 8 0 1 1 1 4 0 1 1 0 0 2 0 1 2 0 0 0 1 0 0 2 0 0 0 1 1 0 1 0 1 0 0 1 0 1 2 0 0 1 1 3 0 0 0 0 3 0 0 1 
24 51 26 10 12 27 27 33 22 18 18 11 25 56 22 53 26 17 12 18 16 8 8 58 22 5 1 35 64 3 8 6 4 2 2 2 2 5 25 10 12 0 4 9 9 15 5 3 3 51 3 1 11 3 0 3 4 3 0 5 1 0 1 2 0 0 2 2 1 0 2 4 1 0 5 0 0 4 7 2 1 0 0 0 0 1 0 4 0 0 0 7 4 0 0 1 0 0 2 0 0 7 
41 75 51 6 8 29 47 55 51 36 26 26 7 71 32 64 60 21 42 21 40 16 8 48 27 1 2 69 56 9 3 7 13 2 5 3 2 5 20 28 9 1 12 7 6 16 10 0 6 37 8 6 6 9 5 2 4 4 0 6 2 3 0 0 2 1 0 0 0 0 3 3 2 2 4 2 2 0 10 2 0 0 0 2 0 1 1 4 4 0 0 6 2 2 3 1 0 0 1 0 1 8 
52 97 58 6 19 58 57 39 87 34 11 28 37 6 19 49 74 47 73 32 44 32 15 65 42 1 8 137 56 7 2 4 8 0 3 0 3 4 19 13 7 2 4 4 8 10 9 4 9 28 15 4 10 10 2 1 5 12 0 3 0 3 1 1 0 1 0 0 0 0 0 0 1 1 8 2 0 4 25 0 0 0 0 0 0 1 1 5 0 0 0 13 2 2 6 0 0 2 0 0 0 4 
35 53 51 6 20 29 45 41 35 35 9 28 36 12 4 19 55 25 44 18 21 30 19 63 38 3 10 100 42 14 6 7 11 2 12 6 2 4 10 10 9 2 6 9 0 10 1 0 2 25 9 6 12 4 1 4 6 7 0 1 0 1 2 0 0 1 2 0 5 0 2 0 2 1 4 5 0 2 14 1 0 0 0 1 0 3 2 1 3 0 0 5 0 1 0 3 2 0 2 0 1 3 
24 55 35 7 6 34 23 33 52 40 21 27 41 41 16 17 56 65 45 30 50 34 37 99 39 8 5 87 47 22 10 15 28 5 18 8 26 3 17 16 18 1 16 13 13 26 9 6 2 38 5 5 6 7 2 3 7 7 0 4 0 0 0 3 1 0 2 0 0 0 0 0 0 1 1 6 0 2 19 3 0 3 0 1 0 1 0 12 2 0 0 12 4 6 0 1 0 1 0 0 1 13 
20 61 36 9 6 33 42 34 37 36 24 31 36 108 46 81 7 36 59 19 53 20 29 77 19 4 12 85 39 28 17 33 46 11 19 10 49 9 66 42 20 2 19 20 32 32 28 4 9 77 14 5 10 6 10 6 3 4 0 0 4 1 1 4 2 0 0 0 0 3 4 2 1 2 5 3 0 3 15 0 3 0 0 1 0 1 1 19 7 0 0 13 1 1 1 3 0 4 0 0 0 14 
19 34 23 5 2 17 13 24 30 23 6 31 51 101 28 77 36 12 36 23 25 14 23 51 14 8 6 57 33 16 5 10 21 4 21 8 17 13 45 21 27 3 9 20 18 21 15 6 7 68 2 2 7 1 2 2 4 7 0 3 2 5 1 5 0 0 0 0 0 0 0 0 3 0 3 0 0 2 9 1 0 1 0 1 0 6 5 11 6 0 0 7 3 0 0 1 0 0 0 0 0 4 
10 26 23 2 7 27 15 12 11 24 6 19 27 70 31 68 57 30 10 13 31 14 11 39 17 6 1 49 38 11 5 4 12 3 4 4 15 9 38 12 7 4 4 10 6 15 9 3 3 40 2 3 3 4 5 0 3 1 0 1 0 0 0 2 0 2 0 1 0 0 0 0 0 2 1 2 1 1 7 0 0 0 0 0 0 1 0 6 5 0 0 4 0 0 0 0 0 0 0 0 0 4 
5 13 21 2 6 14 10 14 8 8 8 12 25 55 25 53 38 13 10 4 16 5 12 41 21 8 4 75 19 1 3 2 5 2 3 0 10 7 35 13 9 0 5 2 1 5 8 4 0 14 6 0 4 1 3 0 1 3 0 1 0 0 0 0 0 0 0 0 0 0 0 0 0 1 3 0 0 1 8 0 0 1 0 1 0 2 6 5 0 0 0 1 0 0 0 1 0 0 0 0 0 0 
8 9 5 1 4 4 14 9 11 14 3 12 32 81 28 102 58 35 56 2 5 7 18 30 6 10 12 90 35 6 0 0 2 2 5 1 15 8 39 21 10 0 4 4 0 3 4 4 3 15 2 0 2 1 2 1 1 1 0 0 0 0 0 2 0 0 0 0 0 0 0 0 0 0 0 2 0 0 5 0 1 0 0 0 0 5 2 4 5 0 0 4 0 0 0 0 0 0 0 0 0 0 
12 10 10 0 3 11 13 19 15 15 6 13 35 75 31 82 35 26 26 2 10 8 12 27 6 11 14 67 40 6 4 1 8 3 12 4 11 10 50 2 7 0 2 2 4 8 6 1 2 24 0 0 1 0 1 0 0 0 0 1 0 0 0 0 0 0 0 0 0 0 0 0 1 0 0 0 0 0 4 2 0 0 0 2 0 2 0 3 2 0 0 1 0 0 0 0 0 0 0 0 0 2 
1 6 6 0 1 11 5 9 6 14 9 28 17 42 19 59 29 13 23 6 12 13 3 14 3 5 14 52 7 0 2 0 5 3 2 3 5 1 30 10 3 0 1 3 2 6 1 0 1 11 1 0 1 1 0 1 0 2 0 0 0 0 0 1 2 0 0 1 0 0 0 0 0 0 2 0 1 0 3 1 0 0 0 0 0 4 3 5 0 0 0 2 0 0 0 0 0 0 0 1 0 1 
20 15 17 1 5 11 12 14 10 27 19 31 36 101 59 146 82 38 42 13 23 10 21 16 8 36 25 113 18 13 4 3 27 5 11 14 35 17 53 16 21 4 8 14 17 16 14 6 10 80 9 3 11 8 3 0 0 5 0 3 1 1 0 1 0 0 0 0 0 0 1 0 0 2 3 3 0 5 7 2 2 0 1 1 0 0 1 17 3 0 0 6 0 2 0 1 0 0 0 0 0 4 
19 26 15 5 8 18 16 15 9 34 12 31 37 65 60 121 71 28 54 16 26 21 11 17 11 9 17 137 20 15 4 4 128 4 16 10 17 20 58 21 39 4 11 15 17 30 20 10 11 132 22 5 20 11 6 3 2 5 0 1 0 1 0 3 0 0 0 0 0 0 0 0 0 5 7 8 1 2 17 4 1 4 1 2 2 5 1 36 1 0 0 10 1 1 4 0 0 0 0 0 0 7 
1 0 1 0 0 0 0 0 2 1 0 2 2 10 3 9 9 9 1 5 13 9 12 37 4 0 0 6 0 0 0 2 3 0 3 0 2 2 4 0 1 0 1 0 0 0 2 0 0 1 0 0 0 0 0 0 0 0 0 0 0 0 0 0 0 0 0 0 0 0 0 0 0 0 0 0 0 0 0 0 0 0 0 0 0 0 2 0 0 0 0 0 0 0 0 0 0 0 0 0 0 1 
0 0 1 0 0 0 0 0 0 0 3 3 1 7 4 16 5 2 9 4 17 8 8 35 6 2 1 34 5 0 0 2 3 0 2 0 4 0 7 0 3 0 0 0 0 0 0 0 0 5 0 0 1 0 0 1 0 0 0 0 0 0 0 0 0 0 0 0 0 0 0 0 0 0 0 0 0 0 0 0 0 1 0 0 0 0 0 0 0 0 0 0 0 0 0 0 0 0 0 0 0 0 
21 34 11 8 12 24 20 10 14 24 15 34 55 107 79 166 80 49 58 45 58 55 50 71 43 20 34 14 16 4 3 2 28 2 12 10 46 19 105 27 35 0 13 16 16 29 31 11 11 83 12 3 7 5 5 4 1 2 0 3 0 0 0 2 0 0 0 0 0 0 0 0 0 0 5 4 1 0 18 6 0 0 4 5 1 2 4 31 2 0 0 11 1 2 2 3 0 2 3 0 0 12 
4 16 25 9 2 18 17 11 9 5 8 2 12 14 13 15 6 0 9 3 4 1 2 0 3 0 0 5 0 0 0 4 3 3 0 1 0 1 3 3 1 0 0 2 2 4 1 0 1 3 0 1 2 4 1 0 4 0 0 0 0 0 0 0 0 2 0 4 0 0 0 0 0 0 0 1 0 2 3 1 1 1 0 3 0 0 0 3 0 0 0 2 0 0 0 2 0 0 2 0 0 0 
4 2 1 1 1 0 3 4 1 3 5 4 9 5 3 25 38 19 8 3 5 4 5 7 4 0 0 7 5 33 72 96 287 52 97 146 403 132 298 108 57 5 49 41 53 62 41 18 18 184 10 5 15 9 1 2 4 6 0 10 3 3 6 11 28 25 8 10 9 5 5 8 3 0 4 1 1 1 23 0 3 2 1 6 6 12 2 43 2 0 0 54 11 7 12 9 1 6 8 2 0 27 
0 4 0 0 0 2 3 0 2 1 1 0 5 1 2 3 21 7 8 2 1 0 0 4 2 0 0 1 4 89 7 59 144 17 55 47 146 74 106 29 21 6 12 8 23 20 10 7 13 40 1 3 3 4 1 4 0 2 0 3 0 3 3 4 11 19 4 4 1 6 0 4 1 0 1 0 0 1 11 2 1 0 0 0 2 4 0 16 1 0 0 8 2 1 2 2 0 1 6 1 0 5 
4 2 1 2 1 2 1 2 3 4 0 2 5 0 3 15 27 8 14 1 2 2 0 5 6 0 0 8 6 127 55 11 109 36 86 84 308 112 250 82 62 12 37 55 46 79 40 21 13 151 3 5 9 11 0 1 3 9 0 3 0 2 2 6 11 20 2 5 0 2 1 4 5 1 5 1 0 3 20 3 3 1 1 2 1 10 5 23 9 0 0 56 6 9 7 3 0 3 4 2 1 15 
6 7 6 2 0 6 11 5 6 10 3 5 12 8 5 23 32 21 5 6 4 2 4 41 17 0 1 22 15 226 76 82 20 32 100 70 283 108 262 121 128 11 99 67 90 94 85 44 69 500 24 9 36 18 11 2 9 22 0 7 1 8 3 8 10 17 16 9 0 12 9 13 6 5 15 9 3 7 52 3 5 7 2 7 2 8 9 81 18 0 0 51 11 11 13 3 4 2 5 5 0 40 
1 0 0 3 0 3 4 0 0 0 2 0 3 4 5 10 18 7 6 0 2 0 4 6 0 0 1 6 3 52 33 26 46 9 34 14 100 44 100 42 26 5 29 24 25 34 16 12 8 84 5 5 9 10 5 3 3 8 0 4 3 8 4 5 7 19 2 9 2 3 12 12 11 9 2 1 4 2 18 3 0 0 0 4 1 6 5 17 7 0 0 22 7 7 4 3 0 3 3 0 0 9 
0 11 6 2 1 0 3 2 0 3 1 2 4 0 2 8 20 10 16 2 6 9 2 10 2 1 3 15 13 124 62 90 117 30 10 19 149 62 136 86 40 4 55 57 43 50 28 9 21 109 3 8 6 5 4 5 2 11 0 2 1 4 3 5 12 18 2 1 0 14 9 10 9 3 3 0 1 2 18 3 2 0 0 5 2 11 8 15 7 0 0 37 5 6 2 11 1 2 7 1 2 8 
2 6 1 0 1 1 4 0 1 1 0 1 1 2 3 11 10 9 11 7 8 4 4 18 2 0 0 9 9 128 59 71 127 15 50 7 156 62 126 66 44 6 23 28 36 47 29 12 19 95 4 3 6 3 2 0 1 4 0 1 0 4 4 10 13 10 0 1 1 1 8 7 11 4 0 0 0 1 9 0 0 0 1 0 1 6 1 25 8 0 0 44 2 2 7 7 0 4 4 0 1 13 
2 8 6 0 2 4 3 1 4 0 4 4 4 3 3 22 21 25 21 7 11 9 3 20 9 0 1 25 10 273 130 215 249 81 120 224 33 116 296 287 95 20 129 107 113 132 116 38 47 370 11 17 23 9 3 3 10 5 0 0 0 7 8 24 13 18 9 19 6 5 17 12 10 8 11 6 2 1 11 1 4 0 1 3 5 10 5 48 36 0 0 81 24 24 15 12 4 13 13 5 3 48 
8 11 11 0 1 6 11 11 18 6 2 7 10 12 1 3 13 12 17 3 4 6 15 21 9 1 0 25 16 123 47 113 107 43 56 49 132 10 159 159 90 9 61 100 84 88 76 18 27 255 7 4 8 4 0 1 1 3 0 1 1 5 1 3 7 7 3 4 1 1 2 2 4 3 3 3 0 0 11 1 5 0 0 4 5 23 10 41 16 0 0 83 8 14 21 19 2 4 8 1 0 22 
17 17 10 0 5 6 16 13 11 10 8 13 20 13 5 13 20 16 16 8 31 15 11 31 16 3 2 20 6 150 48 132 161 70 78 63 258 82 20 217 102 22 84 105 96 121 70 48 37 278 6 4 17 1 4 2 4 7 0 2 2 3 5 23 19 18 4 3 4 2 8 7 4 6 5 3 1 2 14 1 5 1 3 1 1 14 18 59 18 0 0 93 8 13 17 13 6 8 13 3 5 41 
9 22 12 3 5 10 12 14 20 13 4 15 19 12 8 22 31 34 18 14 5 3 3 16 6 2 1 25 36 101 38 71 143 41 89 66 357 147 482 16 59 28 57 116 75 160 100 26 55 219 4 4 5 4 3 2 4 4 0 2 4 10 1 9 15 17 7 2 2 3 2 10 8 5 8 3 0 3 15 4 5 11 3 7 5 5 7 11 22 0 0 47 5 5 6 12 1 1 2 1 0 29 
17 14 9 2 1 4 14 8 7 14 3 6 15 11 5 13 19 18 7 5 10 2 3 30 13 0 1 37 16 69 26 54 118 25 60 41 170 103 239 69 8 19 60 87 50 124 78 21 24 228 4 2 7 5 3 3 2 3 0 0 1 2 0 3 5 12 2 1 2 3 8 6 4 3 3 1 2 1 13 3 7 4 9 9 4 9 13 14 10 0 0 37 12 20 5 12 1 6 6 0 0 26 
0 1 0 0 0 3 2 0 1 3 0 1 0 0 0 3 6 0 1 4 3 1 2 2 0 0 0 1 6 9 1 4 19 1 12 4 48 9 25 18 14 2 16 35 23 29 10 11 6 42 0 0 0 0 0 0 1 0 0 0 0 0 0 3 1 1 0 0 0 0 0 0 0 1 0 0 0 2 2 1 2 4 2 2 1 8 2 12 8 0 0 17 4 5 3 3 0 2 2 1 1 4 
6 2 6 0 0 4 5 4 7 1 2 7 7 12 6 7 32 11 7 9 4 2 0 15 2 1 0 8 9 42 11 27 84 25 45 22 118 77 131 75 55 26 17 79 64 95 59 36 30 150 9 7 9 3 1 1 5 6 0 4 1 3 0 5 7 7 5 0 1 1 3 8 4 4 16 6 1 4 21 13 11 12 12 47 14 47 37 78 45 0 0 84 33 22 30 35 1 39 30 5 5 92 
7 9 6 0 0 10 5 9 4 5 1 2 7 9 7 10 26 23 11 3 4 5 8 19 7 0 1 22 13 58 22 47 115 42 60 28 154 96 166 132 65 22 70 20 116 228 129 59 69 325 13 8 19 7 1 2 6 13 0 4 0 13 0 5 6 8 5 3 2 2 4 2 5 4 17 8 3 9 51 17 24 18 7 72 33 92 88 111 60 0 0 186 46 56 49 79 15 49 38 9 6 106 
10 12 6 4 2 4 9 9 5 5 9 4 10 2 4 11 25 27 10 3 13 2 2 25 13 0 1 22 17 44 18 32 125 36 41 37 154 100 138 88 65 27 69 151 10 174 124 88 90 350 9 11 10 3 1 2 6 10 0 2 1 7 2 7 9 13 1 4 3 5 6 4 4 1 9 6 1 7 20 6 7 4 3 16 7 32 24 62 14 0 0 78 10 19 17 21 5 19 24 4 2 63 
11 9 4 0 2 10 2 7 12 6 6 22 7 12 2 5 31 24 17 6 5 3 7 26 15 0 1 23 20 51 20 44 135 28 39 34 143 101 154 125 78 21 60 209 140 24 145 139 132 498 10 7 21 9 2 7 4 4 0 3 2 6 1 9 7 23 6 1 1 3 1 6 4 4 19 6 0 4 31 12 15 10 13 30 12 50 24 115 33 0 0 105 15 32 17 28 9 36 32 6 6 105 
8 8 1 0 0 6 8 8 18 15 9 6 12 7 4 5 20 20 16 6 10 4 5 16 4 0 0 17 21 52 23 29 139 24 35 41 143 84 183 111 76 12 79 134 113 229 29 97 63 308 6 5 8 7 1 4 2 9 0 0 1 7 0 2 8 12 0 6 0 1 3 4 5 2 16 5 3 6 27 12 9 7 4 25 18 46 19 104 23 0 0 83 14 36 20 13 2 14 25 4 2 87 
4 5 7 0 0 6 1 1 5 2 1 3 1 3 1 1 7 8 4 8 3 2 1 18 4 0 1 13 6 20 3 13 90 9 24 13 58 28 66 42 42 13 34 76 71 191 117 9 38 278 2 1 12 2 1 3 1 0 0 0 0 0 0 2 1 5 1 6 0 0 1 5 4 1 2 4 1 1 12 4 5 1 5 22 4 10 10 63 8 0 0 38 7 17 12 14 3 6 11 1 3 54 
3 8 3 1 4 4 3 1 3 8 3 5 4 3 3 5 7 8 10 4 5 1 1 12 4 1 0 13 15 23 3 19 88 12 16 11 74 38 103 52 39 3 53 86 82 202 103 55 10 364 5 2 8 4 1 2 3 1 0 1 0 1 0 4 3 4 1 2 2 0 1 3 4 1 2 4 2 2 18 5 2 9 3 16 5 19 7 108 14 0 0 75 9 13 20 10 0 12 18 3 0 68 
33 43 37 2 12 20 20 22 26 42 18 28 48 40 11 23 52 47 38 11 20 21 13 104 37 2 1 90 60 156 36 106 774 70 97 114 368 233 564 230 200 50 132 313 246 494 261 198 198 26 35 13 42 9 8 8 9 20 0 3 6 16 3 16 17 30 5 6 6 4 15 17 15 27 46 28 6 12 104 22 22 40 20 109 25 77 38 532 36 0 0 203 25 50 48 32 11 38 61 6 8 303 
9 9 6 0 0 2 2 4 2 7 0 6 5 19 11 19 12 9 9 0 1 0 0 21 5 0 0 7 9 10 6 7 52 10 12 5 19 7 16 5 10 2 8 8 16 30 10 3 9 51 3 11 41 18 5 3 13 28 0 32 10 3 1 10 19 12 5 5 3 10 8 6 3 18 12 7 1 2 141 6 7 1 6 24 5 14 7 32 6 0 0 19 1 8 2 2 1 8 13 3 0 32 
4 1 4 1 0 6 4 2 1 2 2 5 3 8 10 11 3 5 6 0 0 1 0 7 0 0 1 4 9 2 1 2 33 4 5 8 9 3 1 4 0 1 9 6 2 12 3 1 0 15 7 6 24 13 4 4 7 24 0 16 3 2 1 11 11 20 2 2 0 5 2 2 0 10 5 3 3 1 62 5 4 2 3 11 3 8 4 26 4 0 0 8 2 1 1 1 0 0 2 1 2 10 
6 8 4 3 2 8 5 1 2 6 1 6 3 18 6 12 14 1 7 4 1 2 4 17 11 0 0 11 9 9 3 4 48 13 8 3 21 8 51 10 4 0 19 21 9 23 13 5 8 74 23 19 4 12 10 6 7 32 0 25 9 4 2 13 24 27 2 16 9 7 6 7 13 16 5 4 2 10 112 3 4 2 6 41 7 17 7 76 14 0 0 15 4 5 11 4 0 4 9 0 0 25 
4 7 4 0 0 6 3 0 4 3 4 1 7 14 6 15 10 5 2 0 0 1 0 4 1 0 0 1 9 9 0 2 13 7 7 0 12 6 8 8 2 0 7 7 5 11 11 5 0 16 12 13 26 4 7 6 8 23 0 24 5 4 2 8 11 24 0 4 4 2 3 3 4 5 1 2 0 4 71 4 6 1 7 17 2 8 1 14 1 0 0 12 0 1 6 4 0 2 1 0 0 6 
3 5 5 0 0 2 3 4 1 4 0 4 3 1 6 7 3 4 1 0 0 1 2 2 1 0 0 3 5 2 0 2 9 6 0 0 8 1 10 1 1 0 8 2 2 4 0 3 0 8 11 4 18 8 1 3 4 14 0 9 4 1 1 3 3 8 7 1 2 1 0 3 2 5 2 5 0 0 41 1 3 1 4 7 2 3 1 9 1 0 0 5 0 1 0 0 2 0 2 0 0 4 
0 1 4 0 0 2 0 2 0 1 1 0 0 3 0 1 3 0 0 1 0 0 1 2 0 0 0 0 3 2 0 1 11 0 2 0 0 0 3 2 2 0 0 6 0 1 0 0 1 6 7 4 5 2 1 4 5 8 0 7 1 0 0 2 2 2 0 3 1 2 1 0 2 8 5 1 0 0 32 2 4 0 1 4 5 5 1 2 1 0 0 0 2 1 0 0 0 2 0 0 0 2 
5 2 2 1 0 0 2 2 5 2 3 5 4 17 2 7 10 7 4 1 0 2 0 6 1 1 0 0 17 2 1 9 22 5 5 2 8 3 12 5 3 0 1 3 3 12 2 0 3 13 23 10 24 5 6 13 8 18 0 19 3 3 2 14 8 24 1 13 5 4 3 1 5 6 2 6 2 5 46 11 2 0 3 20 5 11 0 13 4 0 0 11 0 2 2 0 0 3 0 0 0 4 
3 4 8 1 0 2 3 8 6 5 3 5 8 24 9 10 12 6 2 0 1 0 0 3 6 1 0 3 8 5 1 7 23 3 15 1 11 2 10 9 3 0 3 10 0 5 5 0 3 14 17 14 22 13 13 13 12 4 0 10 13 12 3 13 9 23 2 7 3 7 2 5 6 6 10 11 0 5 97 14 6 4 8 33 14 9 5 20 7 0 0 12 3 0 7 1 0 1 3 0 0 10 
0 0 0 0 0 0 0 0 0 0 0 0 0 0 0 0 0 0 0 0 0 0 0 0 0 0 0 0 0 0 0 0 0 0 0 0 0 0 0 0 0 0 0 0 0 0 0 0 0 0 0 0 0 0 0 0 0 0 0 0 0 0 0 0 0 0 0 0 0 0 0 0 0 0 0 0 0 0 0 0 0 0 0 0 0 0 0 0 0 0 0 0 0 0 0 0 0 0 0 0 0 0 
9 9 5 4 1 6 8 7 3 6 5 6 18 30 8 19 15 3 7 3 4 2 2 23 6 0 1 26 21 7 1 1 15 5 2 2 2 4 18 3 4 1 5 6 3 4 6 5 1 21 21 15 34 12 5 5 8 22 0 7 2 5 0 15 12 17 7 14 5 8 9 8 12 19 6 4 2 5 58 1 4 2 3 5 9 4 1 14 2 0 0 12 2 0 1 0 0 2 1 1 0 10 
0 0 0 1 0 0 0 0 0 0 1 0 1 6 0 2 1 0 1 0 2 0 0 3 0 0 0 4 3 3 2 0 4 3 1 0 2 3 5 5 2 2 0 4 1 0 1 1 0 5 9 4 9 5 3 7 4 20 0 9 2 6 3 5 9 9 9 5 4 8 4 4 12 3 1 2 0 1 17 0 1 0 2 5 0 3 2 3 3 0 0 2 2 1 1 0 0 0 0 0 0 0 
2 4 5 1 0 5 2 2 4 3 1 4 6 9 4 2 11 3 5 1 0 0 0 2 8 0 0 1 3 12 3 13 16 24 16 6 26 14 24 11 14 4 8 15 11 16 11 5 4 36 2 6 12 4 0 0 11 7 0 19 7 5 0 34 30 23 5 13 2 5 1 16 7 1 0 0 0 1 31 2 7 2 2 8 0 4 4 5 2 0 0 14 2 3 0 2 0 0 1 0 0 1 
1 2 2 0 0 3 4 0 1 1 0 0 0 1 1 3 0 0 0 0 0 0 0 2 2 0 0 0 2 3 1 1 7 3 7 0 8 8 7 6 9 0 0 0 1 0 0 2 2 1 1 1 6 4 0 1 0 5 0 5 4 0 1 2 6 4 1 5 1 4 0 9 3 0 0 0 0 0 11 2 1 0 0 0 3 0 1 0 0 0 0 0 2 0 0 1 0 0 1 0 0 2 
1 5 2 0 1 8 4 4 2 2 1 2 1 1 1 1 1 1 1 0 1 0 0 3 2 0 0 1 0 9 4 6 8 0 13 7 28 12 23 17 2 0 4 7 9 5 1 2 4 17 14 9 7 6 3 2 10 10 0 7 2 6 2 0 5 20 9 9 6 15 4 15 9 12 4 5 1 1 25 5 2 0 1 3 0 1 0 3 0 0 0 9 0 0 1 1 0 1 2 0 0 1 
4 7 5 1 2 3 3 7 2 2 1 0 4 2 1 1 3 2 1 0 0 0 0 2 0 0 0 0 9 13 8 9 23 10 11 7 41 18 36 10 15 2 10 12 4 12 7 3 6 28 9 10 29 9 3 2 13 8 0 23 5 8 11 10 2 23 9 16 3 18 23 43 21 19 7 5 2 2 26 9 8 5 6 7 4 4 1 9 3 0 0 12 1 2 0 1 0 0 2 0 0 4 
8 18 12 3 3 8 13 14 6 4 3 1 7 0 0 7 3 3 0 0 2 0 2 2 0 0 0 2 12 54 34 38 32 29 21 17 49 9 35 14 8 2 12 22 22 13 10 12 6 57 25 21 42 27 3 5 14 17 0 33 20 23 14 30 46 16 19 37 32 59 53 55 41 52 16 5 5 12 69 13 13 4 4 11 6 6 4 9 8 0 0 12 4 2 2 0 0 0 8 0 0 3 
1 2 1 0 0 4 2 1 3 3 1 1 0 0 0 0 0 0 0 0 0 0 1 0 0 0 0 0 1 7 5 5 4 3 10 3 18 0 12 5 2 0 5 1 3 6 0 2 0 23 1 3 15 7 1 1 11 3 0 13 8 4 2 6 12 13 4 5 4 9 14 17 21 7 2 0 0 0 10 6 3 0 1 2 0 4 5 6 1 0 0 0 1 0 0 0 0 0 0 0 0 0 
1 6 3 1 0 2 6 2 1 1 0 1 3 0 3 2 0 0 0 0 0 0 0 0 0 0 0 0 7 8 10 3 15 13 11 1 17 1 17 4 2 3 3 6 3 13 5 1 2 14 10 8 17 8 0 1 6 10 0 13 3 11 1 7 19 30 4 2 10 22 30 19 27 27 2 2 0 1 26 6 5 1 2 7 0 6 0 4 1 0 0 7 0 1 1 0 0 0 0 0 0 0 
0 2 1 0 0 2 0 2 0 0 0 2 0 0 0 0 1 0 0 0 0 0 0 0 0 0 0 0 1 12 2 1 8 5 5 1 11 1 14 1 7 0 3 2 0 3 4 1 2 12 1 9 3 1 4 0 1 5 0 6 4 0 3 4 16 21 8 14 1 10 28 25 9 13 1 1 0 4 8 1 2 0 0 3 0 5 1 3 1 0 0 4 0 0 0 0 0 0 0 0 0 0 
1 3 5 0 3 1 3 2 2 2 0 2 2 1 1 0 1 1 0 0 0 0 0 0 1 0 0 0 5 9 6 5 12 14 10 7 20 6 20 3 5 0 5 2 3 5 5 1 5 16 12 1 17 10 7 1 10 6 0 13 7 6 7 10 28 63 16 24 9 7 35 30 33 31 0 0 0 5 20 2 4 0 5 11 1 0 1 2 1 0 0 0 0 1 0 0 0 1 0 0 0 0 
3 4 0 0 0 5 0 4 4 0 0 5 1 2 1 0 2 1 0 0 0 0 0 0 0 0 0 0 6 1 4 4 14 3 7 2 26 11 35 8 4 0 2 2 7 8 4 1 2 22 7 0 7 8 3 0 4 2 0 9 10 0 5 7 29 32 9 17 11 17 7 66 16 16 5 4 0 2 17 1 4 2 1 7 3 3 1 8 1 0 0 5 0 0 0 0 0 0 0 0 0 1 
1 4 2 0 2 2 1 4 2 3 0 1 1 2 1 1 2 0 0 0 0 2 0 0 0 0 0 2 5 15 2 1 18 15 9 2 25 12 15 3 7 1 5 5 5 5 4 0 3 10 4 2 5 5 5 1 3 9 0 10 9 7 5 12 32 29 11 22 10 20 28 5 26 24 1 1 0 2 17 0 1 2 0 6 2 2 1 6 1 0 0 2 0 2 0 0 0 0 0 0 0 1 
1 4 3 0 0 5 7 5 1 2 1 5 4 2 0 6 7 3 0 0 1 0 0 0 1 0 0 1 7 9 6 9 13 21 19 9 19 16 35 6 8 0 5 14 10 15 4 2 4 25 14 5 16 4 5 1 1 8 0 13 6 8 7 17 42 69 23 29 6 31 15 44 5 23 4 2 0 8 42 4 3 0 0 8 2 2 2 4 2 0 0 6 1 1 1 1 1 0 0 0 0 1 
3 5 1 1 5 2 2 3 1 6 1 0 0 5 0 0 1 0 0 0 0 0 0 0 1 0 0 0 4 2 1 2 8 17 3 7 15 13 13 7 4 1 4 5 5 1 4 3 0 12 10 5 16 8 1 2 10 3 0 26 9 9 2 13 24 36 7 17 7 39 25 36 13 3 4 0 1 4 29 7 2 5 8 5 0 4 0 10 0 0 0 3 1 0 3 0 0 0 0 0 0 2 
0 1 0 0 1 1 1 1 1 5 1 3 6 10 2 2 6 2 0 1 1 2 0 1 1 0 0 6 3 3 0 5 16 6 2 2 5 1 19 4 7 0 5 12 5 11 10 4 6 37 11 2 3 5 3 0 3 5 0 3 2 0 0 3 0 8 1 1 2 2 1 1 6 2 6 10 1 12 168 18 10 8 12 68 11 20 15 43 12 0 0 21 0 8 2 1 3 6 11 0 0 16 
1 0 4 0 4 2 1 3 2 4 1 1 2 6 2 7 5 2 0 1 1 0 1 3 0 0 0 5 1 2 1 5 3 3 2 1 4 3 13 5 5 2 9 8 6 12 6 1 4 35 8 1 9 11 3 2 3 15 0 7 3 3 0 8 4 9 2 3 0 0 1 4 6 5 5 5 7 16 133 30 19 11 23 68 19 15 9 53 7 0 0 21 2 10 4 6 1 6 3 1 2 18 
1 1 0 0 1 3 0 2 1 1 1 3 0 3 1 1 0 0 1 0 0 0 0 2 0 0 0 0 2 0 0 5 5 1 2 0 0 0 2 1 1 0 0 4 8 1 9 2 0 10 4 1 1 2 0 2 3 5 0 7 0 1 0 1 4 2 1 2 0 1 1 0 1 0 7 6 1 16 61 14 1 6 4 14 0 3 4 12 2 0 0 4 0 1 0 0 0 2 1 1 0 1 
5 1 1 0 0 1 5 2 3 2 2 0 3 3 1 6 2 5 0 2 1 0 0 2 3 0 0 2 1 6 1 2 5 6 6 0 3 0 8 2 5 0 5 10 4 11 10 5 1 16 7 6 9 1 0 5 5 23 0 6 2 0 1 4 6 9 1 1 0 2 1 3 3 1 11 13 12 3 98 13 16 8 21 42 8 20 4 26 9 0 0 6 2 6 11 5 0 2 4 0 1 4 
10 14 6 0 5 2 5 7 8 13 5 1 10 21 10 34 17 11 6 9 3 3 2 21 7 1 0 14 15 19 13 14 43 12 7 7 12 8 29 15 12 1 18 53 12 34 22 8 8 68 56 32 76 55 40 20 51 68 0 32 12 13 10 26 19 24 16 9 7 23 16 24 18 24 101 103 37 45 16 64 64 18 30 151 38 34 13 110 20 0 0 42 3 8 13 3 0 14 16 1 0 21 
5 3 8 1 0 2 3 2 1 7 1 2 3 12 0 6 3 1 1 1 1 1 0 3 0 0 0 1 3 3 1 3 11 5 1 1 2 2 9 5 4 4 18 37 7 11 12 3 3 33 7 8 12 5 5 2 11 18 0 1 1 1 2 7 5 9 2 1 3 5 4 2 0 4 19 22 12 23 136 3 20 12 15 102 31 33 8 46 19 0 0 30 4 10 8 6 2 3 6 1 3 17 
1 3 0 0 0 1 0 0 0 0 0 0 2 2 0 0 6 1 3 1 0 0 0 1 1 0 0 3 8 7 0 0 8 2 1 0 4 1 4 7 5 0 18 26 4 10 7 5 8 27 9 4 5 0 2 4 2 21 0 5 2 4 0 5 4 5 0 2 7 5 5 1 3 5 20 23 3 15 87 31 3 9 14 90 27 37 11 33 5 0 0 34 8 9 7 8 0 11 11 0 0 9 
0 3 3 0 0 0 2 0 0 0 0 0 0 0 0 0 0 0 0 0 0 0 0 3 0 0 0 1 6 2 4 3 19 3 0 0 5 2 9 6 2 0 9 19 10 21 7 4 6 45 6 2 1 2 0 0 1 0 0 1 1 2 0 1 4 6 3 2 1 2 0 2 1 3 9 10 3 3 42 5 9 1 5 34 8 24 10 41 12 0 0 25 12 10 4 3 0 7 8 1 2 23 
2 0 3 0 0 0 0 0 1 1 0 0 0 0 2 1 1 1 1 1 0 0 0 0 1 0 0 1 1 2 0 2 4 3 0 0 2 0 0 5 10 3 15 16 5 13 6 1 2 39 9 2 5 3 6 3 3 2 0 5 1 2 2 4 6 3 2 0 4 1 1 4 3 5 13 13 1 8 51 15 24 3 0 94 30 23 10 44 6 0 0 34 9 11 7 6 2 10 3 1 1 18 
5 6 6 0 5 3 3 2 6 5 1 1 1 0 0 1 2 1 2 0 0 0 3 3 1 0 0 6 5 9 3 4 11 0 1 0 1 3 16 12 11 3 63 91 27 52 17 15 7 105 14 9 28 20 6 7 21 35 0 8 3 8 0 1 3 4 2 3 1 3 2 10 12 9 54 46 20 56 221 132 75 36 137 13 113 78 42 120 30 0 0 75 21 25 24 26 5 33 29 5 3 58 
4 2 1 0 1 1 2 0 0 0 0 0 0 0 0 0 0 1 0 0 0 0 0 0 0 0 0 1 7 0 1 2 7 0 0 0 1 1 11 7 1 4 30 44 7 22 16 6 10 39 7 8 5 7 1 2 2 7 0 3 3 2 0 0 5 5 0 0 0 2 1 3 6 3 7 8 3 15 70 29 32 12 30 126 7 36 9 57 18 0 0 49 18 14 13 13 2 13 4 1 0 27 
0 3 9 3 2 5 6 3 1 4 0 1 1 2 3 1 4 9 6 3 3 2 1 7 1 0 0 10 5 12 3 13 23 2 11 5 25 18 14 8 21 7 96 146 33 97 48 27 17 90 7 10 7 6 1 2 5 7 0 4 2 4 4 5 4 1 0 4 5 2 2 3 1 6 33 17 2 29 56 14 28 12 25 84 48 7 22 71 47 0 0 109 32 30 34 22 6 22 23 6 5 64 
2 1 4 2 1 6 1 3 0 3 0 1 2 0 0 2 9 2 6 1 4 0 2 8 1 0 0 13 5 5 1 6 21 1 3 2 18 11 38 19 7 5 34 74 13 49 13 12 4 53 11 1 12 1 8 0 4 6 0 5 2 0 0 8 1 4 0 1 1 1 3 1 1 3 5 10 3 7 41 14 11 12 12 56 22 35 7 31 18 0 0 85 16 14 18 19 5 10 14 2 0 49 
16 25 16 0 4 7 11 7 9 7 6 3 4 7 4 4 23 14 13 3 5 2 5 28 12 1 0 46 13 53 20 42 255 18 34 18 114 68 204 34 45 11 83 150 63 185 122 67 60 564 30 12 43 15 4 4 9 20 0 16 1 7 0 4 13 9 1 6 4 5 7 12 12 19 43 29 12 36 114 37 33 46 28 141 50 74 44 21 27 0 0 249 26 68 81 68 9 35 60 7 17 351 
6 7 2 0 0 4 5 3 5 3 0 1 5 1 1 1 6 3 4 0 0 3 1 10 6 0 0 5 11 12 7 9 27 6 18 3 42 24 39 19 16 7 42 89 25 34 17 16 13 91 5 3 14 2 6 0 1 3 0 4 1 6 1 1 2 5 1 0 0 0 3 2 3 2 9 8 4 4 30 4 4 6 11 38 12 39 25 43 8 0 0 87 9 25 21 16 6 10 12 2 1 54 
0 0 0 0 0 0 0 0 0 0 0 0 0 0 0 0 0 0 0 0 0 0 0 0 0 0 0 0 0 0 0 0 0 0 0 0 0 0 0 0 0 0 0 0 0 0 0 0 0 0 0 0 0 0 0 0 0 0 0 0 0 0 0 0 0 0 0 0 0 0 0 0 0 0 0 0 0 0 0 0 0 0 0 0 0 0 0 0 0 0 0 0 0 0 0 0 0 0 0 0 0 0 
0 0 0 0 0 0 0 0 0 0 0 0 0 0 0 0 0 0 0 0 0 0 0 0 0 0 0 0 0 0 0 0 0 0 0 0 0 0 0 0 0 0 0 0 0 0 0 0 0 0 0 0 0 0 0 0 0 0 0 0 0 0 0 0 0 0 0 0 0 0 0 0 0 0 0 0 0 0 0 0 0 0 0 0 0 0 0 0 0 0 0 0 0 0 0 0 0 0 0 0 0 0 
6 8 1 0 0 4 2 2 3 1 3 6 3 5 0 3 12 2 1 1 1 1 1 3 1 0 0 3 7 27 12 18 32 15 37 18 89 46 73 30 23 2 52 127 40 73 41 21 33 127 5 7 12 6 2 1 4 7 0 3 1 5 1 5 7 5 0 0 1 4 1 2 2 1 8 5 5 6 27 17 15 11 20 36 27 55 37 88 34 0 0 11 29 42 18 46 6 26 27 6 1 72 
1 2 3 0 1 1 2 2 1 0 0 2 1 0 1 0 2 3 0 0 0 0 0 1 0 0 0 0 2 9 2 3 17 3 8 13 21 13 23 10 12 6 40 46 19 30 17 11 5 55 1 2 5 3 0 2 1 2 0 1 1 0 0 0 0 1 0 2 0 1 3 0 0 0 1 9 1 7 11 9 8 2 5 25 11 34 10 39 17 0 0 70 2 8 10 18 3 11 15 1 1 21 
0 2 1 0 1 0 0 0 1 0 4 2 1 4 1 1 1 0 0 0 0 0 0 0 0 0 0 0 4 9 3 6 13 6 25 5 33 15 60 11 13 4 32 54 26 31 25 8 12 54 5 3 6 6 1 1 2 4 0 2 1 1 0 1 2 1 0 0 0 0 0 1 0 1 5 2 0 4 20 17 3 8 10 34 9 31 11 41 22 0 0 64 7 8 4 17 1 8 9 0 5 47 
2 1 2 0 0 3 0 0 2 0 3 1 2 1 0 1 1 0 0 0 0 0 0 0 0 0 0 1 0 7 2 2 9 2 7 5 10 13 15 7 7 3 27 36 16 29 10 11 8 49 2 0 5 0 0 0 2 2 0 0 0 1 0 2 0 0 0 0 0 0 0 1 0 0 7 2 0 5 19 8 7 9 6 21 8 20 14 28 9 0 0 29 9 8 4 10 0 6 5 0 2 42 
0 2 1 0 1 1 2 1 1 1 0 0 0 0 2 1 0 2 1 0 0 0 0 2 0 0 2 2 6 11 4 4 19 1 8 9 24 13 38 13 14 7 33 79 28 48 18 5 6 60 1 4 3 6 0 0 2 4 0 3 0 1 1 1 0 0 0 0 0 0 1 0 0 1 3 1 0 1 21 6 4 7 5 21 9 28 12 70 10 0 0 86 17 19 14 7 0 22 5 2 5 50 
1 0 0 0 0 0 0 0 1 0 0 1 0 0 0 1 0 0 1 0 0 0 0 0 0 0 0 0 0 0 1 2 1 1 3 0 5 3 4 1 3 0 2 20 2 11 3 0 2 12 0 0 0 0 0 0 0 0 0 0 0 0 0 0 0 0 0 0 0 0 0 1 0 0 0 0 0 1 3 0 0 0 0 6 1 12 2 7 4 0 0 13 0 0 6 2 0 1 0 0 0 6 
1 0 0 1 0 0 1 2 0 0 0 0 1 0 0 0 0 0 0 0 0 0 0 1 0 0 0 2 1 5 0 5 4 0 6 5 18 5 21 3 5 0 19 47 16 29 14 4 9 45 1 2 6 2 1 1 0 1 0 2 1 0 0 1 0 0 0 0 0 0 0 2 0 0 2 4 0 2 11 7 10 13 10 24 8 21 6 31 9 0 0 67 7 10 7 22 1 5 5 1 0 39 
1 3 1 1 0 2 0 1 0 0 0 1 1 1 0 1 0 0 0 0 0 0 0 1 0 0 0 4 3 9 2 8 3 2 6 3 7 10 21 2 7 3 27 29 41 49 20 15 12 66 2 0 0 5 1 1 1 0 0 1 2 0 0 0 2 0 0 0 0 0 0 0 1 0 4 3 0 3 9 8 6 5 12 27 9 12 11 37 8 0 0 59 3 14 5 6 0 8 2 2 0 23 
0 1 0 0 0 0 0 0 0 1 0 0 1 1 0 0 2 0 0 0 0 0 0 0 0 0 0 0 0 0 0 1 1 0 0 0 8 2 7 0 2 0 6 10 5 16 2 2 1 9 1 0 0 0 1 0 0 0 0 0 1 0 0 0 0 0 0 0 0 0 0 0 0 0 1 1 0 2 3 0 3 1 1 7 0 9 3 8 0 0 0 13 3 4 0 2 0 4 2 0 0 4 
1 0 0 0 0 0 0 0 0 0 0 0 0 0 0 0 0 0 0 0 0 0 0 0 0 0 0 2 0 2 1 1 1 0 4 1 1 1 9 2 0 0 3 8 1 5 8 4 4 10 0 0 0 0 0 0 0 0 0 0 0 0 0 0 0 2 0 0 0 0 0 0 0 0 0 3 0 0 2 0 2 1 2 3 1 5 1 8 2 0 0 20 1 6 3 2 3 2 4 1 2 2 
6 9 9 3 1 2 1 2 3 4 2 1 5 6 2 6 4 6 1 3 0 0 1 4 4 0 0 6 4 19 10 10 38 8 9 6 34 20 69 8 34 2 64 72 48 69 49 45 27 213 4 6 20 5 6 1 2 8 0 3 1 2 0 3 1 2 1 2 0 1 2 1 2 0 13 12 1 2 28 15 10 9 12 41 15 41 28 176 23 0 0 102 14 39 31 29 10 32 11 5 2 7 
