7 8 24 4 6 24 21 14 28 22 7 27 38 109 55 70 34 17 26 7 7 17 3 22 12 1 0 24 82 3 0 0 17 6 4 6 21 5 32 12 20 3 5 4 10 16 10 4 3 72 1 1 2 3 1 1 1 6 0 3 1 2 1 1 3 13 1 1 1 3 1 1 2 2 1 1 0 3 13 0 0 1 1 2 0 7 1 19 4 0 0 6 1 2 1 2 0 1 0 0 0 9 
12 8 17 11 7 27 24 23 30 17 10 30 47 81 40 68 49 21 26 15 7 4 3 13 13 1 0 25 90 2 1 3 12 7 6 3 1 1 33 15 23 1 8 7 13 19 7 5 7 35 7 8 4 8 4 2 1 6 0 0 0 3 1 8 4 11 3 5 0 1 2 5 5 4 1 1 0 3 17 4 3 1 1 7 1 4 2 23 0 0 0 14 3 2 1 3 0 1 6 1 0 16 
28 19 14 17 9 26 23 18 33 16 14 36 38 65 57 61 32 32 20 10 14 15 7 11 9 1 0 24 199 1 1 3 14 3 2 4 7 8 22 15 15 2 4 7 15 9 8 3 1 29 7 1 6 2 3 2 1 8 0 3 2 0 1 1 2 7 0 2 0 0 2 2 0 5 3 2 0 3 18 0 2 0 2 7 2 3 3 12 2 0 0 13 6 2 1 0 0 1 1 0 0 10 
2 3 28 2 2 5 8 7 7 3 2 4 4 10 9 9 5 1 3 3 1 1 2 5 3 0 1 2 24 1 0 1 2 0 1 3 0 1 10 1 2 0 1 3 0 5 2 1 2 10 0 0 1 1 0 0 1 2 0 0 2 1 0 2 1 0 0 0 1 0 0 0 0 1 0 0 0 0 1 0 0 0 0 0 0 1 1 4 0 0 0 3 0 1 0 2 0 0 1 0 0 1 
7 17 6 1 6 13 15 8 11 5 4 13 16 31 18 32 16 5 5 7 2 4 2 12 5 1 0 5 27 1 1 2 2 0 3 0 0 3 3 4 2 1 0 2 4 0 2 1 0 17 2 2 0 0 1 1 0 3 0 1 0 0 0 0 4 3 1 2 1 1 0 1 0 2 1 1 0 2 7 1 0 0 0 2 2 2 0 5 2 0 0 2 0 0 2 2 0 0 0 0 0 3 
14 35 25 17 11 3 22 21 11 10 13 23 54 88 40 49 36 25 27 10 4 13 4 23 12 1 0 24 80 4 1 1 4 2 2 2 1 8 24 19 6 1 11 7 6 8 3 2 8 29 5 18 3 2 0 1 3 7 0 3 2 5 1 4 6 7 1 5 1 4 1 5 3 4 0 1 0 1 9 0 0 0 1 2 1 2 1 8 1 0 0 7 2 2 2 0 0 0 1 0 0 6 
59 65 51 12 7 32 18 39 42 15 14 17 36 113 42 37 30 26 16 2 6 6 5 12 3 0 3 13 94 6 0 2 12 4 1 3 5 4 23 11 8 3 8 6 10 4 13 3 2 22 3 1 3 2 1 0 3 9 0 4 0 0 2 5 5 5 3 2 0 3 3 3 1 10 4 0 1 3 17 2 0 2 1 1 0 5 2 5 0 0 0 6 3 2 1 4 0 0 2 0 0 7 
27 17 34 4 6 7 26 11 12 9 12 22 58 93 37 55 48 23 17 3 15 7 4 16 11 0 2 13 66 4 0 4 9 2 0 2 1 3 16 8 9 0 3 10 3 8 3 3 8 22 2 1 6 3 4 3 2 8 0 0 1 2 2 1 5 6 2 4 2 1 2 2 3 6 1 1 0 7 7 0 2 0 1 0 0 1 3 2 0 0 0 11 2 2 1 2 0 0 1 0 0 3 
23 31 29 6 13 21 63 17 7 11 19 23 42 76 45 63 42 22 24 8 6 8 7 20 3 0 0 22 82 3 4 1 14 3 5 0 6 3 31 10 15 2 6 4 8 10 2 4 2 28 3 4 4 4 1 7 3 12 0 3 3 0 3 2 6 7 4 3 0 1 1 0 3 4 2 1 0 2 14 1 1 0 3 2 4 1 3 8 4 0 0 7 1 1 2 0 0 0 0 0 1 4 
13 18 22 2 2 6 12 8 5 4 7 12 26 45 12 47 29 15 21 6 10 7 9 25 8 5 1 14 29 1 1 2 1 0 2 3 0 3 12 9 8 2 2 0 4 1 6 1 2 10 7 4 10 3 2 3 1 8 0 0 1 0 0 1 4 3 2 2 2 2 1 4 0 6 0 2 2 0 23 2 0 2 0 5 1 3 1 8 1 0 0 0 0 0 0 0 0 0 0 0 0 4 
8 11 5 3 4 9 13 5 11 12 6 16 14 19 21 27 20 11 11 6 4 6 3 12 7 1 0 13 41 6 1 1 3 0 3 1 2 1 13 5 3 2 7 2 3 8 4 2 2 18 4 1 1 0 0 2 3 5 0 3 0 0 0 2 0 0 0 0 0 0 0 0 1 2 5 0 0 1 7 0 1 0 0 0 0 1 0 3 0 0 0 3 0 1 0 1 0 0 0 1 0 5 
29 41 32 7 6 20 16 18 22 23 5 8 22 59 39 72 41 9 20 14 9 4 16 55 13 1 2 31 61 2 2 4 7 2 0 0 5 3 35 13 7 3 8 5 7 15 9 6 4 38 4 6 5 2 1 2 0 4 0 4 1 7 1 0 4 2 0 1 0 0 3 7 3 2 5 3 0 0 9 2 2 0 0 0 0 0 0 1 2 0 0 11 1 0 1 1 0 0 5 0 0 5 
40 78 48 9 19 51 48 47 60 40 22 25 9 68 29 79 59 40 28 18 20 22 15 69 34 1 0 57 54 20 6 8 9 2 5 1 3 7 30 14 19 1 10 13 6 13 8 3 5 48 14 3 10 4 4 3 4 6 0 3 0 5 0 0 2 1 0 4 1 3 0 3 1 3 2 5 0 1 20 1 0 0 1 1 0 0 0 7 1 0 0 5 1 2 3 1 0 0 1 0 0 7 
62 93 74 9 7 59 60 42 58 31 23 40 29 10 13 51 56 55 52 14 52 34 27 76 38 1 10 146 47 7 1 1 22 4 0 1 4 6 23 5 11 0 3 8 4 14 13 2 4 36 6 2 15 13 4 0 3 0 0 4 2 2 1 0 0 3 0 0 0 1 3 1 0 1 1 2 0 0 31 1 3 1 0 1 0 1 0 0 1 0 0 16 1 3 1 0 2 1 0 0 1 5 
46 65 61 12 11 37 40 40 46 30 11 28 26 19 11 43 46 26 36 18 22 24 20 42 26 2 8 103 47 11 0 4 14 5 2 0 2 2 13 17 9 0 4 4 5 3 3 3 3 28 12 4 12 8 1 0 6 1 0 1 0 0 0 0 0 0 0 1 1 0 0 1 0 0 2 0 0 1 15 1 0 0 0 0 0 0 0 5 1 0 0 2 1 0 0 1 0 1 0 0 0 6 
35 57 46 1 15 29 48 41 40 49 26 37 35 43 22 22 53 67 42 31 58 34 32 86 37 7 6 111 55 25 14 20 36 18 14 4 36 5 26 39 21 3 13 15 23 25 12 4 2 49 4 7 4 3 2 1 8 6 0 1 1 2 1 2 1 2 0 0 0 0 0 1 0 4 6 2 2 3 18 6 0 0 0 0 1 4 1 9 2 0 0 16 1 4 1 1 1 0 4 0 0 5 
17 49 23 7 14 22 39 26 58 40 14 32 55 109 41 73 7 37 48 21 52 29 36 92 36 8 4 83 53 46 13 37 56 14 18 17 56 12 68 36 25 7 14 23 17 16 32 12 9 71 13 7 14 10 6 2 3 8 0 2 7 2 0 4 0 0 2 1 0 1 0 0 1 2 3 2 1 2 25 2 0 0 0 1 0 4 4 21 5 0 0 9 0 1 1 2 1 1 4 0 0 11 
16 28 17 1 2 15 23 20 30 26 11 38 63 90 38 87 36 9 50 21 38 21 23 66 22 12 2 61 32 24 11 14 28 7 25 6 31 6 68 22 21 5 21 12 30 21 23 11 4 54 5 1 4 3 5 2 2 3 0 4 0 1 0 4 0 0 0 0 0 0 0 0 0 1 2 1 0 2 8 4 0 0 1 0 0 1 1 10 4 0 0 11 2 0 1 0 0 0 1 0 0 4 
15 20 11 1 6 19 11 23 17 23 10 15 37 118 37 65 35 24 7 20 32 12 23 44 30 6 4 67 52 7 6 10 8 11 14 6 12 6 24 11 5 2 7 17 11 23 12 2 7 24 4 1 7 3 1 0 2 4 0 2 0 2 0 0 0 0 0 0 0 0 0 1 0 0 6 0 0 0 7 3 3 1 0 1 0 2 0 5 3 0 0 3 0 0 0 0 0 0 1 0 0 3 
12 13 14 3 2 9 13 10 9 13 3 11 18 59 20 66 18 18 23 1 7 4 8 35 11 10 6 60 20 3 4 3 4 2 5 2 8 7 35 16 2 1 2 6 2 13 4 6 1 20 3 1 0 3 0 1 1 2 0 0 1 3 0 0 0 0 0 0 0 0 0 0 1 0 0 1 0 1 5 0 0 0 1 0 0 3 2 4 4 0 0 2 0 0 0 0 0 0 0 0 0 1 
10 12 5 2 2 15 7 17 8 11 11 15 37 97 42 115 86 60 58 2 7 17 20 38 6 18 19 61 20 10 3 0 5 1 5 4 11 8 63 13 11 2 8 8 4 13 7 7 2 18 0 2 3 1 0 0 0 4 0 0 0 0 0 0 0 0 0 0 0 0 0 0 0 0 0 0 0 2 7 2 0 1 0 1 0 2 1 3 2 0 0 5 0 0 2 0 0 0 0 0 0 0 
6 11 10 3 4 12 12 18 11 13 4 18 23 115 32 77 26 18 22 5 6 3 8 15 6 11 12 107 22 7 7 2 16 1 5 3 8 2 52 4 2 0 0 8 7 11 3 2 5 15 1 1 1 1 1 0 0 0 0 0 0 0 0 0 0 0 0 0 0 0 0 0 0 0 1 0 0 0 1 2 0 0 0 0 0 2 0 5 1 0 0 1 0 0 1 0 0 0 0 0 0 1 
5 13 4 2 2 10 10 10 18 8 5 28 30 57 35 65 23 24 25 3 30 17 1 20 9 6 7 59 12 13 1 4 12 2 7 4 10 8 24 11 5 0 5 6 12 5 4 0 4 20 6 1 0 2 0 0 0 1 0 0 0 0 0 0 1 0 0 0 0 0 0 0 0 1 0 1 0 0 3 0 0 0 0 0 1 0 0 2 0 0 0 6 1 1 0 0 0 0 0 0 0 2 
21 21 19 5 5 14 14 12 17 24 11 40 59 138 58 145 81 64 64 12 27 17 16 12 12 40 45 112 17 10 5 2 35 1 6 11 25 18 103 35 21 5 4 13 17 15 16 12 8 102 4 0 4 2 2 1 0 6 0 2 1 1 0 1 2 0 0 0 1 0 0 0 1 0 2 2 0 2 6 2 4 3 1 0 0 1 1 12 1 0 0 4 1 1 0 3 0 0 0 0 0 4 
19 25 12 7 12 20 10 18 23 56 10 32 44 94 55 136 61 32 48 27 23 8 8 13 10 7 20 66 11 16 11 7 109 6 5 5 25 16 58 22 45 2 15 20 27 37 14 7 18 157 21 8 27 12 10 11 0 10 0 0 1 2 0 4 3 3 0 0 0 0 0 0 0 1 7 6 0 4 33 3 3 4 1 4 0 2 4 62 1 0 0 13 0 0 0 3 1 1 0 0 0 15 
1 0 0 0 0 2 0 0 0 2 0 2 0 9 4 5 12 11 14 2 6 23 9 28 8 0 1 19 3 0 1 0 1 0 1 0 6 2 6 0 0 0 0 0 0 3 1 0 0 4 2 0 0 0 0 0 0 0 0 0 0 0 0 0 0 0 0 0 0 0 0 0 0 0 1 0 0 0 1 0 0 0 0 0 0 0 0 2 0 0 0 0 0 0 1 1 0 0 1 0 0 0 
2 1 2 0 1 1 0 0 1 5 1 2 3 8 6 24 17 8 3 14 15 8 5 29 7 0 0 33 1 3 0 0 2 0 2 0 1 1 15 2 1 0 1 0 0 0 3 1 0 3 0 0 0 0 0 0 0 0 0 0 0 0 0 0 0 0 0 0 0 0 0 0 0 0 0 0 0 0 5 0 0 0 0 0 0 0 0 0 0 0 0 0 0 0 0 0 0 0 0 0 0 1 
16 18 21 3 6 14 14 11 12 24 11 48 45 131 89 166 86 59 64 35 55 53 48 103 21 11 48 18 8 4 2 4 19 7 14 14 36 34 66 38 36 3 14 26 26 23 28 9 7 109 9 5 18 6 3 1 2 6 0 7 1 1 0 0 2 0 0 0 0 0 0 0 0 0 8 3 2 2 17 3 1 0 0 5 0 5 4 26 8 0 0 19 1 4 0 3 0 2 0 0 0 9 
5 16 31 5 8 12 8 7 15 10 5 6 8 18 10 15 8 3 7 0 1 1 1 2 1 0 0 1 0 3 0 2 1 2 0 0 2 1 6 1 3 0 1 0 1 1 3 0 1 4 0 1 2 0 0 1 0 0 0 0 2 0 0 0 2 2 2 3 0 0 1 0 3 0 0 0 0 0 3 0 2 0 0 1 0 4 0 0 0 0 0 3 1 0 0 0 0 0 0 0 0 1 
1 3 0 4 2 2 4 3 1 8 3 7 8 8 9 27 38 24 13 7 8 0 1 17 2 1 1 4 5 40 79 101 306 73 160 142 463 156 313 117 94 4 55 71 43 83 56 24 22 239 8 4 16 5 5 1 0 5 0 4 3 13 0 17 21 42 9 8 3 7 5 7 1 0 10 5 0 3 23 6 2 0 1 3 3 10 11 59 13 0 0 45 4 9 8 11 2 2 7 0 1 39 
0 1 0 1 0 2 0 2 2 1 2 5 2 5 1 10 24 5 6 1 2 2 2 3 3 1 0 2 6 83 7 81 128 17 47 50 178 74 91 35 26 3 20 11 16 17 17 8 6 59 2 1 2 1 0 0 0 4 0 3 1 3 2 2 12 7 3 5 0 10 2 5 2 1 2 0 1 0 11 0 5 1 0 9 3 1 3 19 6 0 0 16 1 8 1 1 0 0 2 0 1 13 
2 6 3 1 2 1 0 0 0 5 1 5 8 4 8 16 39 15 5 2 2 0 0 3 2 1 0 5 15 121 57 10 108 44 103 77 301 137 298 74 63 10 53 51 40 77 41 22 15 135 7 5 13 8 3 6 3 4 0 4 4 2 4 6 14 37 3 4 3 3 3 2 7 2 5 1 1 1 22 2 0 3 1 4 0 16 5 36 8 0 0 38 9 8 7 5 0 2 6 0 1 17 
4 11 2 3 1 3 5 7 5 2 1 7 8 6 7 15 23 9 7 8 0 5 6 24 16 2 0 15 5 197 56 71 30 22 75 64 217 90 170 94 75 11 83 56 58 99 60 38 39 369 14 11 25 9 7 5 9 12 0 12 5 6 0 7 10 21 3 7 6 10 9 8 11 9 8 5 1 9 48 3 6 8 2 3 1 10 7 75 7 0 0 33 6 8 10 8 0 10 7 1 0 53 
4 3 3 1 3 2 1 3 1 2 2 0 0 2 4 14 14 6 4 2 2 3 3 7 5 1 0 5 5 74 36 27 43 6 26 16 102 53 125 52 29 1 30 25 21 46 23 14 11 81 12 7 9 6 6 5 2 9 0 8 2 9 4 3 8 26 6 5 6 3 4 8 14 8 3 1 2 3 9 3 1 1 2 0 2 1 0 14 5 0 0 24 8 0 3 6 2 1 2 0 1 15 
5 7 5 3 3 0 5 0 1 3 2 2 5 2 0 15 31 15 11 5 8 9 1 15 4 0 0 8 15 122 35 88 98 30 4 36 181 72 124 73 36 10 45 57 38 44 29 19 21 123 10 2 5 7 1 7 3 15 0 3 2 8 4 9 5 20 1 8 1 5 8 14 10 10 2 3 0 2 11 3 1 1 0 1 1 13 10 20 11 0 0 57 10 3 8 9 1 5 3 1 1 29 
3 1 1 1 0 2 0 3 1 0 2 1 0 2 2 8 15 9 18 2 4 0 1 15 10 0 0 9 1 141 62 59 109 19 49 8 178 62 107 76 39 6 26 26 35 39 34 13 12 95 3 0 7 2 1 0 3 0 0 1 0 2 5 8 9 9 3 2 7 5 4 8 2 5 1 0 0 2 11 0 0 1 3 0 0 9 3 30 9 0 0 24 7 5 4 4 0 3 1 0 0 29 
5 10 10 0 2 9 3 1 3 4 1 2 2 0 2 18 26 26 15 2 4 11 6 22 5 1 0 39 5 307 142 197 252 74 130 201 20 104 289 235 120 28 114 117 101 168 94 51 42 312 13 16 13 9 1 2 7 6 0 0 1 18 6 17 19 21 5 11 4 13 16 20 10 11 7 5 1 2 14 3 0 1 2 3 0 10 10 39 25 0 0 66 19 26 17 17 1 13 9 4 1 34 
9 12 6 1 1 3 10 2 6 2 3 10 5 13 5 3 20 5 20 1 8 3 5 24 9 1 2 16 22 137 44 94 118 33 66 47 123 10 177 159 133 11 71 90 98 109 73 22 31 242 5 6 13 5 2 1 3 5 0 1 1 6 2 10 4 2 2 2 5 3 1 6 7 8 0 3 0 0 9 2 4 0 1 2 1 13 7 44 21 0 0 70 19 5 2 7 2 6 13 4 3 22 
10 14 8 3 1 4 12 13 14 20 11 20 14 11 9 5 27 24 11 6 24 8 12 28 12 2 1 22 18 122 60 109 192 51 89 43 237 85 19 211 94 19 101 110 73 139 67 27 28 282 6 7 22 6 2 1 5 6 0 1 7 6 3 9 16 19 4 9 5 2 17 7 5 2 1 5 1 3 23 2 1 1 5 10 2 15 18 44 18 0 0 90 5 11 5 11 5 5 10 2 1 41 
12 22 14 3 3 13 17 8 11 21 9 11 18 16 11 20 39 30 17 10 9 4 5 29 9 1 0 25 40 101 45 71 147 68 70 68 433 173 466 17 46 12 72 138 85 153 88 30 40 284 12 1 17 5 2 1 4 6 0 2 0 12 2 10 6 13 2 3 1 5 7 3 7 10 3 4 2 3 19 1 1 9 2 10 17 5 3 16 16 0 0 56 7 5 8 12 1 1 4 1 0 22 
11 14 9 1 0 3 7 11 10 12 2 7 7 10 7 12 27 17 11 5 10 4 3 19 13 0 0 37 19 68 25 60 135 33 57 37 203 115 258 60 9 20 53 79 50 90 61 31 26 220 2 3 8 2 1 0 0 2 0 0 2 11 2 12 8 10 1 2 2 3 2 7 5 9 6 2 1 5 5 6 4 6 4 8 7 29 11 13 12 0 0 41 14 7 6 16 1 4 11 4 3 19 
1 1 0 0 0 2 3 3 0 2 0 0 1 3 1 0 4 3 3 0 0 1 1 2 5 0 0 2 5 7 1 4 16 8 11 5 46 11 45 32 17 0 24 29 18 36 14 7 10 37 0 1 3 1 0 0 1 0 0 0 0 0 0 1 1 2 0 0 0 0 0 0 0 0 2 0 0 0 4 4 3 4 0 9 0 11 3 9 5 0 0 11 4 1 3 1 2 1 1 0 1 8 
6 6 6 1 2 8 9 5 1 4 2 3 6 8 3 13 17 16 7 5 7 3 9 8 7 0 0 17 8 38 14 30 110 25 54 29 129 60 127 68 71 25 22 72 61 85 72 40 40 190 6 4 9 3 1 0 3 8 0 3 1 10 2 5 11 5 5 2 2 2 1 8 4 3 15 7 4 6 25 12 18 24 11 40 23 53 30 90 43 0 0 79 18 34 31 27 2 22 26 5 5 84 
18 15 5 2 3 1 4 11 7 5 10 11 7 10 4 9 19 19 9 6 3 4 2 14 9 0 1 26 8 48 20 43 99 28 57 22 166 91 199 99 53 30 77 29 119 191 120 49 66 290 12 7 18 5 1 7 2 7 0 1 5 5 1 8 10 10 3 5 0 2 8 4 9 7 13 12 1 10 43 18 20 15 14 66 30 119 55 96 64 0 0 141 35 49 45 75 14 55 32 3 4 109 
6 11 4 2 6 5 3 9 9 8 3 9 8 9 7 9 18 27 11 10 8 8 6 25 8 0 1 24 17 52 19 34 128 25 50 39 147 85 166 83 48 34 74 166 14 187 122 87 95 287 7 7 5 1 5 1 5 3 0 0 3 2 0 9 6 6 1 4 1 4 5 2 5 3 2 4 1 6 23 7 12 4 4 24 10 31 15 61 35 0 0 79 25 18 12 20 6 13 21 5 1 38 
14 13 5 0 2 9 5 8 6 19 4 6 11 18 11 9 18 5 13 5 6 5 4 35 9 0 1 29 30 55 12 51 117 28 55 50 162 103 193 117 88 24 75 207 126 23 128 118 98 496 6 6 20 2 4 1 4 2 0 1 2 5 0 7 8 12 1 3 3 6 5 2 5 3 23 8 1 7 31 6 13 9 15 29 15 61 33 95 29 0 0 120 25 36 22 18 5 24 36 9 7 83 
9 11 8 1 6 6 6 5 8 2 4 6 6 10 6 8 22 23 10 6 3 4 3 24 3 1 0 23 36 61 19 37 140 21 34 32 169 103 150 84 82 22 51 146 122 215 27 65 68 323 12 3 14 5 2 2 3 1 0 0 0 5 1 6 9 2 6 1 1 1 6 5 5 3 6 6 3 2 39 3 5 11 13 31 24 27 10 102 16 0 0 80 17 27 23 22 8 21 17 4 0 92 
1 3 5 0 4 2 2 3 2 2 1 4 6 5 0 2 8 11 4 2 1 1 1 10 5 0 0 11 6 22 3 20 87 13 16 23 69 33 86 35 41 9 30 76 63 236 122 11 24 263 1 3 3 7 0 0 1 2 0 2 0 0 1 2 5 1 1 2 0 0 3 3 1 1 7 4 0 1 8 2 1 5 2 27 10 19 6 66 7 0 0 56 9 15 21 8 7 8 15 1 2 40 
5 2 4 0 3 8 4 2 4 6 0 3 8 10 4 2 11 12 6 1 4 3 1 11 3 0 0 14 11 30 5 32 120 20 23 19 75 47 79 50 47 9 78 114 81 201 128 54 15 440 5 3 6 1 0 4 1 4 0 3 0 4 1 3 2 5 2 4 0 0 5 2 0 2 8 1 1 5 14 16 3 5 8 11 5 19 10 92 15 0 0 82 12 21 15 17 3 12 12 4 3 60 
41 46 31 3 15 40 21 23 24 37 20 27 28 32 16 18 49 34 53 15 18 10 11 148 33 1 1 96 67 174 40 123 760 82 112 117 442 217 470 217 231 47 131 357 252 498 244 191 154 42 37 19 62 24 3 5 15 17 0 6 16 27 2 28 16 26 10 13 7 9 13 17 19 33 33 28 4 13 82 22 20 29 19 111 20 74 26 463 36 0 0 254 31 44 69 33 5 52 74 13 5 259 
7 10 9 1 2 9 8 7 3 8 0 4 7 34 10 16 21 6 4 2 0 0 1 22 3 0 3 6 6 10 3 4 54 16 5 5 5 1 33 13 7 2 7 13 13 20 10 8 5 50 5 7 53 19 20 3 23 27 0 23 10 8 2 16 18 15 0 11 3 10 9 6 10 17 8 2 1 3 150 11 6 2 6 33 1 15 8 40 7 0 0 17 1 3 5 1 0 3 9 4 0 13 
0 6 0 1 1 2 3 2 2 2 1 4 5 11 5 18 4 6 5 0 3 1 0 6 1 0 0 8 3 6 2 3 22 7 5 2 5 4 10 2 5 0 5 10 2 4 7 6 0 31 6 4 31 21 4 2 12 8 0 13 9 4 5 14 13 14 1 5 0 6 1 6 10 2 5 3 0 9 63 10 3 2 3 20 2 3 6 26 5 0 0 10 1 2 1 0 0 2 2 0 1 10 
2 14 6 6 4 4 9 6 1 4 2 2 7 5 9 23 15 15 4 3 0 1 1 22 6 0 2 18 14 7 8 16 65 8 14 6 18 4 43 14 5 0 10 17 16 11 12 4 5 70 32 15 6 10 9 3 7 23 0 35 9 4 4 20 12 25 5 13 4 15 4 8 14 18 8 7 0 8 113 8 8 1 4 20 6 16 12 52 13 0 0 20 6 3 11 2 1 3 6 0 1 35 
5 6 0 1 0 10 5 3 3 7 2 2 7 8 4 12 6 8 3 1 2 0 0 3 1 0 0 3 8 7 2 2 24 6 7 9 19 1 15 4 1 0 7 5 0 5 7 2 3 17 8 19 45 5 6 3 10 17 0 28 12 2 1 5 17 16 7 6 3 3 5 5 2 12 1 3 1 10 77 2 7 2 4 20 5 9 11 10 1 0 0 9 1 1 5 7 0 2 0 0 0 11 
2 2 1 0 0 1 1 2 5 5 0 4 3 3 8 3 2 2 3 2 0 0 0 7 0 0 0 3 0 4 3 4 8 1 6 0 7 1 6 4 0 1 4 3 3 3 0 0 2 4 9 7 19 9 3 1 7 13 0 14 1 1 1 6 3 11 2 3 0 1 0 4 1 4 1 2 0 2 43 4 2 1 4 6 5 10 0 8 1 0 0 3 1 0 1 1 0 1 2 1 0 4 
2 0 1 0 1 1 1 2 4 1 4 0 2 5 1 3 1 1 0 0 0 1 1 2 0 0 0 1 0 2 0 1 6 0 4 0 1 0 7 5 1 0 1 0 2 3 2 0 1 6 5 2 3 7 3 0 5 9 0 11 2 1 2 4 5 4 2 3 1 5 4 1 0 10 1 0 2 2 36 7 1 0 0 10 3 1 1 4 4 0 0 6 0 2 0 0 0 1 1 0 0 3 
3 7 0 0 2 3 1 4 0 5 2 2 1 13 7 13 5 6 0 1 1 1 3 2 0 0 0 4 4 2 2 5 17 4 7 2 8 4 6 7 5 0 4 8 2 6 1 0 0 17 22 11 22 17 9 8 0 17 0 12 6 5 5 13 12 9 11 3 0 3 6 5 7 4 5 6 1 3 66 6 1 3 3 18 6 7 4 15 3 0 0 9 3 5 0 1 0 5 4 2 0 4 
4 9 0 0 1 5 2 2 8 2 2 5 2 14 7 16 8 12 4 0 0 1 1 7 3 1 0 5 8 6 4 6 27 10 12 1 7 3 22 4 4 0 9 5 4 8 4 4 1 34 18 8 24 13 8 14 10 5 0 12 8 3 7 9 9 20 1 6 1 11 6 7 11 12 11 13 2 5 117 25 6 2 8 38 7 19 5 21 3 0 0 21 2 3 7 1 4 0 5 1 0 7 
0 0 0 0 0 0 0 0 0 0 0 0 0 0 0 0 0 0 0 0 0 0 0 0 0 0 0 0 0 0 0 0 1 0 0 0 0 0 0 0 0 0 0 0 0 0 0 0 0 0 0 0 0 0 0 0 0 0 0 0 0 0 0 0 0 0 0 0 0 0 0 0 0 0 0 0 0 0 0 0 0 0 0 0 0 0 0 0 0 0 0 0 0 0 0 0 0 0 0 0 0 0 
10 9 11 0 2 3 6 9 6 2 2 10 19 24 13 21 22 7 6 4 6 3 2 19 8 0 1 24 28 11 6 9 10 5 4 0 2 2 14 6 3 0 3 6 6 5 3 5 1 16 21 6 24 22 6 6 8 24 0 6 1 5 2 7 15 22 8 7 9 9 10 15 20 17 9 8 5 3 33 8 3 2 5 9 6 6 2 21 6 0 0 6 2 0 0 4 0 1 2 1 0 12 
0 3 1 0 0 0 1 2 0 1 1 0 3 5 0 1 0 0 0 0 1 0 0 2 0 0 0 1 6 2 1 1 10 3 3 2 1 0 6 3 2 0 1 0 1 2 2 0 0 7 7 4 10 5 5 1 4 9 0 2 2 6 3 2 5 21 4 5 2 9 8 6 6 10 4 1 1 2 6 1 0 1 1 3 1 4 1 8 0 0 0 6 1 1 0 0 0 0 0 0 0 0 
3 4 4 1 3 5 0 6 2 4 2 1 4 6 0 3 6 3 1 0 0 0 2 3 1 0 0 3 3 5 5 5 7 14 13 7 24 15 28 19 9 0 7 10 7 6 4 2 1 22 3 1 8 11 3 1 5 6 0 2 5 2 1 14 23 33 8 21 2 14 6 8 3 9 0 0 0 8 33 5 2 3 5 5 1 2 1 13 1 0 0 20 3 2 2 4 0 0 0 0 0 6 
0 1 0 0 0 1 1 0 0 0 1 1 0 0 1 1 1 0 0 0 0 0 0 1 0 0 0 0 2 2 2 0 2 4 4 2 7 1 3 5 2 1 1 1 1 2 1 1 1 2 2 4 2 4 1 1 1 4 0 4 0 1 0 4 9 9 1 2 2 2 9 2 2 2 1 1 0 1 9 1 0 0 0 1 0 1 0 1 2 0 0 1 0 0 2 1 0 0 0 0 0 0 
3 0 4 0 0 3 4 3 0 2 0 0 0 1 0 1 2 3 1 0 1 0 0 1 0 0 0 1 4 9 3 1 4 2 10 4 32 8 24 5 6 1 8 6 5 20 2 5 3 20 14 10 19 5 5 5 4 11 0 9 2 15 1 1 5 21 7 7 6 5 9 22 5 11 1 2 0 2 22 3 1 3 1 4 0 1 2 2 0 0 0 12 2 1 0 0 0 0 0 0 2 0 
8 8 2 0 4 2 3 4 2 1 0 3 0 0 0 1 1 3 0 0 0 1 0 0 1 0 0 0 4 20 9 18 21 2 12 7 31 10 35 12 9 0 9 14 11 7 3 8 6 52 16 5 20 15 4 2 5 8 0 18 7 16 15 8 11 29 14 30 9 28 24 37 27 19 9 4 1 4 40 9 9 0 4 9 3 7 4 7 1 0 0 8 0 0 0 0 0 0 0 0 0 8 
6 9 15 1 3 12 12 13 6 3 1 4 4 1 1 4 1 0 0 2 0 0 3 2 1 0 0 1 16 55 33 25 34 29 18 14 44 8 44 17 6 4 12 11 18 22 16 1 3 30 22 23 51 15 18 9 20 27 0 30 16 18 20 21 40 28 12 32 31 46 57 54 67 47 12 8 0 4 49 10 13 4 6 9 6 11 5 19 9 0 0 18 0 3 0 0 0 1 0 0 0 10 
5 1 5 0 1 5 2 3 4 0 0 6 2 1 1 1 0 0 0 0 0 0 0 0 0 0 0 2 3 10 5 5 10 8 1 0 13 2 18 0 3 0 3 9 4 7 2 1 2 15 7 2 4 8 1 1 6 5 0 4 5 8 6 12 20 14 4 8 12 21 12 19 23 9 1 0 0 2 20 1 0 1 0 2 0 4 1 7 0 0 0 0 1 0 1 0 0 0 0 0 0 0 
0 6 3 2 1 1 5 3 3 1 1 5 0 0 1 1 0 1 0 0 0 0 0 0 1 0 0 0 6 4 4 2 12 4 16 3 24 6 20 7 4 0 4 6 9 11 9 2 4 30 8 1 19 4 3 6 8 11 0 17 8 20 7 10 20 35 3 3 11 16 34 29 24 33 0 2 0 6 28 1 4 2 4 7 1 4 2 7 0 0 0 1 0 1 1 0 0 0 0 0 0 4 
2 3 0 0 0 0 0 0 1 2 1 2 2 0 0 0 0 0 0 0 0 0 0 0 0 0 0 0 1 5 5 3 4 3 4 2 6 4 13 1 0 1 0 2 3 4 0 1 0 4 0 0 6 2 0 0 0 2 0 0 1 1 0 3 10 20 3 7 2 6 24 28 4 7 0 1 0 3 9 1 2 0 5 3 0 3 2 1 0 0 0 1 0 0 0 0 0 0 0 0 0 0 
2 3 2 0 1 2 2 0 0 4 0 0 2 2 0 2 2 3 0 0 0 0 0 0 0 0 0 0 5 18 5 2 11 16 16 8 18 5 29 7 3 1 0 1 2 7 4 0 0 9 9 8 16 5 4 3 3 5 0 9 16 16 4 11 31 52 20 31 11 6 29 39 46 38 2 4 0 2 16 2 0 2 4 4 3 0 0 2 2 0 0 4 0 1 0 1 0 0 0 0 0 0 
1 3 2 2 0 1 2 4 4 4 1 2 0 1 1 2 1 0 1 0 0 0 0 0 0 0 0 0 3 6 6 3 13 6 10 7 33 8 21 8 9 2 3 5 5 9 6 1 0 16 3 9 9 6 1 2 3 9 0 9 12 6 7 12 18 51 17 24 18 24 8 54 14 24 2 2 0 1 25 1 2 1 1 6 0 4 2 4 1 0 0 7 2 0 0 0 0 0 0 0 1 2 
1 0 5 2 1 2 2 1 3 3 1 2 1 1 0 0 0 0 0 0 0 0 0 0 0 0 0 0 8 8 3 1 19 9 17 10 27 2 32 10 4 1 2 5 5 14 6 1 4 22 6 5 6 6 3 8 7 6 0 6 4 3 5 18 30 50 13 22 13 11 19 3 24 26 0 2 0 1 28 3 1 2 5 2 1 3 0 6 2 0 0 8 1 0 0 1 0 0 0 0 1 4 
6 2 2 0 2 2 3 2 4 2 2 2 8 4 3 5 3 3 0 0 0 0 0 2 0 0 0 0 4 7 2 8 15 15 15 8 22 19 17 15 6 0 4 10 5 14 6 1 2 20 14 13 13 12 3 4 6 11 0 21 8 8 5 14 25 63 22 26 9 38 32 47 10 17 3 9 0 9 34 6 3 6 3 15 8 2 3 11 2 0 0 8 1 0 0 2 1 1 0 0 1 2 
1 3 5 2 6 2 0 2 1 2 3 0 1 4 0 1 2 0 2 1 0 0 0 0 0 0 0 0 0 2 2 2 11 19 2 3 17 10 24 4 6 0 5 5 7 8 4 1 3 26 16 9 16 3 3 2 5 8 0 16 4 6 1 17 16 44 2 21 7 26 12 26 11 2 8 3 0 0 22 1 3 2 3 2 2 4 4 8 1 0 0 3 3 0 1 0 1 2 1 0 0 3 
0 6 0 0 0 2 1 0 5 5 2 2 3 8 3 5 3 4 1 1 0 2 2 4 3 0 0 6 0 10 0 6 17 2 4 4 9 2 23 2 9 0 14 19 12 17 7 4 6 43 9 2 7 6 3 3 10 14 0 7 2 0 2 5 10 20 2 2 3 3 2 4 4 8 4 9 1 15 181 30 15 13 14 61 8 24 12 46 11 0 0 31 3 9 9 8 1 5 9 4 1 18 
4 3 4 0 1 2 2 1 1 9 0 0 1 11 0 8 10 2 3 2 0 0 1 5 4 0 0 4 0 3 0 0 15 2 1 0 2 1 5 8 4 0 9 17 9 17 14 5 3 46 6 5 12 2 16 1 9 17 0 8 2 2 0 3 10 6 3 1 0 1 4 3 2 9 9 5 5 18 162 31 12 10 21 58 8 14 10 45 8 0 0 15 2 11 5 4 1 3 5 0 0 16 
0 0 2 1 0 0 2 0 0 3 0 0 2 1 0 0 2 0 1 0 0 0 1 0 1 0 0 0 5 0 2 4 3 0 5 1 3 1 6 4 0 0 1 6 3 5 2 1 1 4 0 0 4 5 0 0 0 6 0 3 2 0 0 2 8 3 1 1 2 1 0 0 0 5 4 2 1 22 68 17 4 6 2 31 3 6 1 8 0 0 0 2 0 8 0 1 0 1 0 0 0 2 
1 4 3 0 2 2 1 2 2 4 1 0 2 6 4 7 9 1 1 1 0 0 1 6 2 0 0 5 4 4 1 6 9 0 5 1 2 1 5 5 6 0 11 9 6 8 12 1 1 25 8 2 17 1 2 4 5 18 0 4 2 1 3 7 5 2 0 0 0 4 1 5 2 2 8 16 3 4 93 14 14 5 6 42 13 21 5 25 5 0 0 10 2 2 6 5 1 2 7 0 0 6 
5 16 4 1 0 9 5 9 5 9 4 5 7 28 8 29 16 2 7 1 0 0 0 26 9 1 0 7 24 18 6 13 51 17 10 6 11 3 27 17 14 0 21 49 16 25 11 9 9 69 43 37 98 57 35 26 35 84 0 30 13 10 10 26 29 39 6 9 8 20 18 17 19 32 81 81 45 53 21 53 64 20 33 183 38 29 14 93 17 0 0 38 4 29 13 7 3 10 15 3 0 28 
0 0 4 0 0 0 0 2 2 5 1 1 2 5 1 1 2 3 2 0 1 0 1 5 0 0 0 3 4 5 2 2 8 8 3 2 5 5 5 6 9 0 17 18 7 27 11 1 1 31 11 7 12 3 5 1 12 16 0 5 3 5 0 10 4 15 5 6 0 2 4 2 4 5 30 34 10 25 111 6 19 12 18 118 37 31 9 41 9 0 0 30 5 10 10 5 3 8 9 3 0 21 
1 3 0 0 2 2 1 0 1 2 0 1 0 2 1 6 1 0 0 4 0 0 0 1 0 0 0 9 3 2 1 2 13 3 4 0 2 2 6 8 7 1 19 25 7 22 9 5 1 35 7 9 7 4 1 0 1 9 0 6 0 3 1 1 3 7 3 3 0 2 2 6 2 8 18 16 7 13 96 33 10 7 10 78 27 24 16 44 8 0 0 32 7 6 6 6 5 9 3 0 1 19 
5 2 2 0 0 2 4 1 1 4 0 1 1 0 3 0 1 1 0 0 0 2 0 1 0 0 0 3 4 1 0 1 6 2 2 0 1 2 7 8 4 1 17 23 2 24 16 2 8 60 2 3 2 1 0 0 2 1 0 2 2 2 0 1 0 4 1 1 0 2 2 1 2 3 11 7 4 10 36 10 4 1 8 48 15 19 10 34 10 0 0 34 7 7 7 6 0 4 11 1 1 37 
1 0 7 0 0 0 0 0 3 1 2 2 0 0 0 2 0 0 0 0 0 0 0 1 0 0 0 1 5 3 1 4 5 2 0 0 1 1 4 3 9 3 17 18 7 20 3 12 2 30 5 3 7 3 3 1 3 9 0 4 2 2 2 8 2 3 3 0 1 4 5 1 2 4 6 16 4 11 52 26 16 3 7 92 26 28 10 22 9 0 0 38 6 11 12 6 0 7 10 0 0 27 
0 2 6 0 3 1 6 2 0 4 0 0 1 3 0 0 1 2 2 0 1 0 0 0 0 0 0 6 9 10 5 4 11 1 3 0 7 0 14 25 13 3 37 84 22 50 29 15 18 90 21 16 23 17 2 9 22 46 0 3 5 5 0 0 4 8 3 2 3 0 3 5 2 5 57 48 13 63 197 117 95 35 142 17 103 73 19 122 37 0 0 81 26 27 40 13 6 24 39 1 1 52 
1 1 3 1 1 1 6 2 0 8 0 2 0 0 0 0 0 0 0 1 0 0 1 1 0 0 0 0 2 2 1 1 2 2 1 0 2 2 8 9 4 1 24 50 17 28 17 4 4 39 9 1 13 7 8 0 9 7 0 3 1 1 1 0 1 8 1 1 1 1 4 2 2 3 11 7 4 15 57 42 39 21 30 118 4 49 15 50 18 0 0 64 5 20 15 6 0 10 14 1 2 20 
5 3 3 0 0 6 1 4 5 3 0 1 1 1 1 2 2 8 1 1 2 1 0 4 0 0 0 9 13 28 7 10 25 9 13 2 35 18 34 11 20 4 70 112 25 67 40 23 15 92 8 8 15 4 5 1 14 11 0 8 1 1 4 6 5 3 2 2 0 1 4 2 0 8 20 18 3 21 68 29 22 32 23 70 50 8 30 68 44 0 0 103 27 43 25 21 5 28 22 6 6 67 
1 4 2 0 0 2 1 3 2 0 0 1 1 0 0 0 2 2 4 0 0 0 1 0 0 0 0 3 3 10 3 11 21 3 2 4 19 17 51 18 11 4 34 68 11 52 9 12 6 59 6 4 18 6 0 1 4 5 0 5 5 2 0 4 5 8 0 0 0 2 4 2 3 4 10 6 2 7 35 8 9 14 16 53 17 32 2 35 23 0 0 83 10 21 26 20 2 10 9 2 2 38 
22 22 16 1 6 9 3 9 6 13 6 3 5 7 5 6 18 14 5 4 9 4 4 55 7 0 0 56 34 66 23 36 264 25 47 23 100 53 214 39 37 12 89 185 63 184 119 61 70 602 28 21 45 14 11 6 8 22 0 12 13 9 0 9 10 8 5 6 2 7 9 6 8 15 49 23 12 27 118 33 28 45 37 110 63 96 43 30 40 0 0 246 37 74 66 62 17 48 60 11 13 335 
3 4 1 0 0 2 4 0 3 0 2 0 2 2 0 3 3 1 5 0 2 1 0 4 2 0 0 5 3 16 2 12 35 8 17 5 50 26 58 25 24 12 59 95 25 35 19 11 9 68 8 9 16 4 6 1 3 3 0 1 0 4 0 2 3 7 1 0 1 0 2 1 3 3 17 4 1 9 27 5 12 8 11 33 17 46 16 42 4 0 0 74 14 19 22 12 4 11 19 1 1 60 
0 0 0 0 0 0 0 0 0 0 0 0 0 0 0 0 0 0 0 0 0 0 0 0 0 0 0 0 0 0 0 0 0 0 0 0 0 0 0 0 0 0 0 0 0 0 0 0 0 0 0 0 0 0 0 0 0 0 0 0 0 0 0 0 0 0 0 0 0 0 0 0 0 0 0 0 0 0 0 0 0 0 0 0 0 0 0 0 0 0 0 0 0 0 0 0 0 0 0 0 0 1 
0 0 0 0 0 0 0 0 0 0 0 0 0 0 0 0 0 0 0 0 0 0 0 0 0 0 0 0 0 0 0 0 0 0 0 0 0 0 0 0 0 0 0 0 0 0 0 0 0 0 0 0 0 0 0 0 0 0 0 0 0 0 0 0 0 0 0 0 0 0 0 0 0 0 0 0 0 0 0 0 0 0 0 0 0 0 0 0 0 0 0 0 0 0 0 0 0 0 0 0 0 0 
4 5 3 2 3 4 5 6 3 2 1 2 4 7 2 5 3 3 3 2 1 2 2 1 3 0 0 4 4 20 3 8 47 25 33 13 67 43 89 27 31 5 50 130 37 57 40 34 31 169 8 2 15 7 5 0 3 6 0 0 4 10 0 8 2 5 0 0 0 0 2 0 0 5 10 5 0 17 34 13 14 8 16 56 19 55 33 68 51 0 0 16 29 36 23 56 3 33 29 2 1 65 
0 2 4 0 0 3 1 1 3 1 3 0 2 1 6 1 5 1 0 2 0 0 0 5 0 0 0 1 7 6 1 5 13 4 14 6 32 13 24 15 18 5 42 45 21 26 19 8 15 41 1 1 3 1 1 1 3 2 0 0 0 2 3 4 1 0 0 0 0 2 3 1 0 0 2 2 0 5 18 8 7 3 7 28 4 24 22 31 6 0 0 56 6 12 4 16 4 13 17 2 2 11 
3 0 4 2 0 0 4 0 3 1 0 3 2 4 1 2 2 2 0 0 0 0 0 0 1 1 1 1 4 12 2 4 17 3 12 10 33 15 42 10 14 3 31 45 25 38 22 9 9 36 4 3 5 2 2 1 4 4 0 0 0 2 0 0 1 0 0 0 0 0 0 1 0 2 7 7 0 1 21 10 13 15 7 37 10 33 22 42 15 0 0 61 12 4 11 27 1 4 13 2 3 37 
1 3 3 0 0 2 0 0 0 1 0 0 2 0 1 3 0 0 0 0 0 0 0 2 0 0 0 2 1 6 0 4 10 5 1 3 18 9 17 17 11 3 25 45 12 19 18 11 12 44 2 1 5 2 1 0 3 1 0 4 0 1 0 0 4 0 0 0 0 0 0 0 0 0 2 8 0 2 23 10 3 5 6 29 5 28 13 33 16 0 0 35 13 5 1 11 0 5 1 2 2 33 
2 1 1 0 0 0 0 0 5 1 1 2 2 1 1 3 2 2 0 0 0 0 0 3 1 0 0 6 2 5 2 6 13 4 10 10 23 9 41 12 17 0 44 99 20 42 20 5 11 70 4 0 6 3 1 0 0 3 0 0 0 0 0 3 1 0 1 0 0 0 0 1 2 1 3 2 0 1 12 5 4 5 7 24 10 19 20 50 24 0 0 132 17 13 21 4 2 10 9 2 1 68 
0 1 0 0 0 0 0 0 0 0 0 3 0 0 0 2 0 0 0 0 0 0 0 0 0 0 0 0 0 4 0 0 8 0 0 0 10 2 5 0 0 1 1 8 8 8 4 1 0 5 1 0 0 1 0 0 0 0 0 0 0 0 0 0 1 0 0 0 0 0 0 0 0 0 1 0 0 3 5 2 1 1 5 7 1 9 2 12 0 0 0 9 3 4 6 2 3 2 1 0 0 5 
0 2 0 0 0 2 0 0 0 2 0 1 6 2 0 0 2 0 0 0 0 0 0 0 1 0 1 0 2 5 1 1 13 1 2 3 16 11 27 1 9 1 31 46 22 41 13 9 10 66 5 2 5 4 2 2 5 5 0 2 0 1 0 0 0 1 1 0 0 0 0 0 1 0 7 4 1 7 14 8 13 14 4 24 5 36 7 44 12 0 0 52 6 16 19 31 1 1 3 0 1 33 
1 4 1 1 0 1 2 0 0 1 0 2 0 0 0 3 0 0 0 0 3 0 0 0 0 0 0 0 4 4 1 4 7 1 2 3 12 5 26 3 3 1 9 39 27 34 17 8 7 68 3 1 6 1 0 1 0 4 0 0 0 0 0 0 0 0 0 0 0 0 0 0 1 0 5 8 0 4 16 13 6 6 8 26 9 10 3 33 13 0 0 59 10 6 8 8 1 3 4 1 3 10 
1 1 0 0 0 0 0 0 0 0 0 0 0 0 0 1 0 0 0 0 0 0 0 0 0 0 0 0 0 2 0 1 0 1 0 0 5 1 8 0 7 0 5 10 5 3 2 1 6 13 1 0 1 1 0 0 0 0 0 0 0 0 0 0 0 0 0 1 0 0 0 0 0 0 0 2 1 3 4 2 0 5 1 15 0 11 1 10 4 0 0 11 3 4 2 1 0 3 11 2 0 5 
0 0 0 0 0 0 0 0 0 0 0 0 0 0 0 0 1 0 0 0 0 0 0 1 0 0 0 0 0 2 0 0 1 0 2 2 4 4 4 1 0 0 7 14 2 4 12 3 1 14 1 0 4 0 0 0 0 0 0 0 0 0 0 0 0 0 0 0 0 0 0 0 0 1 2 2 0 0 3 0 0 2 0 2 0 5 3 3 2 0 0 10 3 5 2 6 0 6 3 4 1 3 
6 6 3 3 0 2 0 4 0 1 0 0 1 2 1 0 6 3 0 1 1 0 0 5 2 0 0 1 6 13 2 11 31 6 6 6 23 18 47 14 18 10 73 57 44 64 44 16 17 118 9 0 13 2 5 2 1 6 0 1 1 0 0 1 1 0 0 0 0 0 1 3 2 1 8 5 0 3 16 4 12 8 12 44 9 39 21 144 40 0 0 79 4 35 25 29 4 25 15 5 0 16 
