12 14 69 10 23 49 76 68 74 50 42 87 89 221 127 85 49 35 31 11 11 18 14 43 12 0 2 41 76 3 2 3 25 23 6 4 11 3 37 24 21 2 16 20 34 18 5 1 6 71 6 6 17 3 3 6 8 15 0 1 7 9 3 3 7 27 3 6 3 2 3 4 1 3 2 5 0 6 24 1 2 3 3 8 4 4 1 36 3 0 0 11 2 1 0 6 1 0 3 2 1 13 
8 12 21 9 8 60 61 64 105 32 22 77 94 215 145 110 61 54 51 9 9 11 17 32 10 0 0 34 73 2 2 1 23 7 14 1 5 4 60 36 21 4 20 28 22 39 19 7 15 74 13 4 3 1 6 7 3 11 0 1 6 18 2 8 10 24 6 6 3 3 3 3 3 8 2 3 1 1 30 1 1 4 2 13 4 6 7 36 4 0 0 17 2 2 7 6 0 1 3 0 1 11 
45 32 16 8 20 56 83 67 113 45 22 59 102 251 117 84 96 52 34 19 7 12 2 38 8 2 0 42 130 1 1 2 19 14 4 5 8 8 41 33 11 3 14 11 23 27 20 7 7 42 12 3 11 9 4 6 1 14 0 1 7 43 0 10 7 16 1 6 1 3 0 3 8 5 2 1 0 1 24 1 3 5 2 10 0 6 2 18 7 0 0 23 5 3 5 4 0 2 6 0 1 8 
18 14 39 5 4 19 29 32 21 10 5 12 10 51 52 15 10 25 11 1 0 1 2 3 0 1 0 4 4 3 1 0 4 2 8 1 1 3 11 8 3 0 6 2 7 7 3 0 0 12 2 0 2 1 1 6 0 1 0 1 1 19 7 4 3 10 0 0 0 0 0 0 2 3 0 0 0 0 13 0 0 0 0 2 0 2 1 1 0 0 0 0 0 2 0 0 0 0 0 0 0 2 
28 10 14 6 8 5 36 8 18 12 8 42 33 44 34 65 29 14 16 7 1 4 5 16 8 1 1 13 13 2 0 2 1 0 1 5 1 2 19 7 4 2 3 6 4 6 9 0 2 19 4 5 5 3 1 2 0 2 0 0 15 3 1 3 0 11 1 2 0 2 1 1 0 4 0 1 1 0 23 0 9 1 1 1 0 1 0 9 3 0 0 8 1 2 1 0 0 0 0 0 0 1 
98 91 107 22 35 18 33 25 39 29 14 80 121 462 179 216 176 107 107 14 24 17 6 36 16 3 0 33 133 1 3 5 14 20 26 2 4 3 95 47 17 4 20 18 13 20 22 2 1 45 9 8 16 8 6 17 29 8 0 3 2 106 12 19 13 54 6 6 2 4 9 5 2 9 2 3 0 8 53 0 3 2 0 8 4 2 1 6 6 0 0 18 8 2 2 1 0 2 6 0 1 7 
40 76 45 15 19 19 11 56 64 37 28 68 100 279 159 88 134 57 64 22 19 18 4 28 12 1 0 17 55 7 4 1 12 14 4 2 6 7 71 52 18 2 19 15 24 30 19 1 0 25 9 4 18 9 7 3 8 12 0 3 1 97 19 33 20 27 7 9 5 3 6 5 6 7 1 2 1 3 44 1 2 2 6 4 2 5 2 8 2 0 0 14 5 2 2 1 0 0 4 0 0 5 
47 57 77 21 7 46 36 13 17 39 26 62 119 319 122 223 151 46 81 14 15 10 10 21 8 0 0 28 68 5 2 11 10 12 10 4 1 11 86 61 22 7 23 28 15 16 29 3 4 27 9 3 13 5 4 12 6 15 0 5 1 50 10 40 38 21 5 9 2 2 3 1 5 6 4 4 1 4 33 1 0 1 0 11 2 1 0 7 0 0 0 19 2 5 1 1 0 0 1 0 0 13 
55 105 107 10 32 68 75 42 8 12 38 93 135 351 186 198 137 39 85 19 29 22 11 41 20 1 1 27 81 5 3 12 12 2 5 0 3 10 145 52 28 5 15 23 11 36 24 3 3 42 6 26 11 4 3 7 3 5 0 4 0 48 3 28 11 56 7 16 1 2 1 12 4 3 5 2 0 0 19 0 0 1 0 3 1 2 1 18 1 0 0 28 1 0 1 1 0 1 2 0 0 4 
19 35 41 4 10 38 27 16 20 3 10 43 40 196 75 73 119 88 53 27 17 7 8 37 18 0 2 31 35 9 0 2 12 1 2 0 0 6 71 32 19 3 5 12 6 17 11 1 5 22 7 5 13 7 3 2 4 4 0 2 1 38 3 4 6 34 4 3 0 1 1 2 3 3 2 1 1 3 15 0 2 1 2 21 0 0 1 7 1 0 0 6 4 1 2 1 0 0 2 0 0 2 
20 17 45 4 24 26 31 41 24 10 3 21 44 101 65 73 75 33 71 14 12 10 13 11 2 2 0 24 29 4 0 3 4 2 0 1 1 5 67 19 12 1 16 45 10 14 17 2 1 19 5 1 2 0 1 0 3 5 0 3 1 23 1 7 8 8 3 13 0 1 0 1 0 2 2 1 1 1 7 0 0 1 0 0 0 2 1 5 1 0 0 14 4 1 3 1 0 0 0 0 0 1 
52 102 82 12 37 64 45 57 42 29 23 17 41 123 45 119 110 91 159 34 29 12 20 50 21 2 2 81 52 15 4 9 12 4 2 3 2 3 94 68 29 8 33 14 22 28 13 0 5 51 6 7 3 3 1 0 9 10 0 3 0 62 4 5 2 24 3 2 1 1 3 3 2 1 3 9 0 0 10 1 0 3 0 0 0 0 0 4 1 0 0 15 2 2 5 0 0 0 1 0 0 4 
34 69 89 7 50 108 46 81 115 64 25 33 13 91 41 104 84 75 126 42 61 41 25 65 31 8 2 70 66 16 2 8 18 16 11 0 5 5 44 67 44 2 26 35 19 20 11 1 7 34 11 2 11 22 1 9 11 15 0 7 8 95 10 1 4 13 6 2 0 0 0 3 3 3 3 2 3 3 74 2 2 0 0 1 0 0 0 1 4 0 0 19 9 4 3 0 0 0 2 0 0 7 
26 46 47 6 20 41 43 60 75 27 12 39 14 5 9 38 49 51 153 39 59 30 38 85 54 5 2 177 45 12 0 0 7 1 1 0 0 10 24 23 22 5 10 17 9 15 7 2 2 29 8 3 10 5 7 5 20 33 0 0 4 32 1 0 1 2 0 0 0 2 0 0 1 0 3 1 0 0 17 0 0 1 0 0 1 1 0 2 0 0 0 22 1 1 1 0 1 1 0 0 0 4 
45 55 91 7 48 76 63 110 84 70 23 45 62 58 12 37 50 69 89 29 66 47 52 70 32 2 5 160 63 10 0 9 12 3 13 2 1 1 19 26 24 0 18 16 12 16 10 1 0 17 9 5 18 7 9 6 7 6 0 5 9 40 3 0 0 0 0 0 0 1 1 0 0 1 4 1 0 2 50 0 1 0 0 1 0 0 0 4 1 0 0 20 5 1 0 0 0 0 1 1 0 4 
40 58 47 7 33 81 27 92 64 51 42 39 36 125 13 16 77 70 137 48 95 39 46 116 42 15 2 115 30 24 6 44 76 36 46 14 61 4 10 39 20 4 22 44 28 15 15 5 3 35 8 1 9 11 4 7 18 9 0 1 3 50 0 11 10 2 0 8 1 1 0 4 2 3 2 1 4 2 71 6 0 0 0 0 0 0 1 5 12 0 0 43 3 18 1 1 0 0 2 0 0 5 
19 34 50 9 14 47 23 59 74 56 24 77 81 263 95 83 14 122 130 41 98 61 69 100 33 7 2 59 27 58 9 37 77 61 110 36 76 15 108 131 60 4 75 87 59 68 35 3 24 68 6 4 9 4 6 4 14 7 0 11 18 65 8 12 2 0 0 0 0 0 0 0 0 2 2 9 0 1 47 8 2 0 0 0 0 4 9 23 5 0 0 44 19 10 1 2 1 0 3 0 1 9 
19 56 34 3 13 39 23 48 48 87 27 113 113 269 120 142 40 11 68 24 46 25 53 67 34 15 2 88 26 46 23 15 52 56 85 36 52 11 121 68 23 3 67 54 42 42 26 10 6 58 10 13 6 7 0 3 5 11 0 7 0 8 3 5 1 0 0 0 0 0 0 1 0 0 1 1 1 0 28 2 0 0 0 1 0 14 0 19 20 0 0 19 6 0 0 0 0 0 0 0 0 8 
19 51 29 7 7 28 22 21 38 35 23 41 53 187 72 93 50 52 3 20 71 26 49 60 30 12 6 65 21 9 2 40 24 28 28 14 18 10 40 18 7 4 21 18 8 10 17 1 5 34 2 1 5 0 0 3 1 3 0 4 0 9 0 3 0 0 0 0 0 0 0 1 1 0 1 1 0 0 2 0 1 0 0 1 0 2 2 3 1 0 0 2 0 1 0 0 0 0 0 0 0 4 
8 34 15 4 8 22 15 11 46 19 25 60 47 181 107 199 168 89 66 7 6 10 23 64 33 15 4 108 18 7 7 5 38 13 34 12 28 12 77 28 15 1 20 10 10 24 13 4 1 25 3 0 12 0 2 2 1 2 0 0 0 4 0 0 0 0 0 0 0 0 0 0 1 0 3 1 0 0 6 2 1 0 0 1 0 1 3 8 1 0 0 12 0 0 0 0 0 0 1 0 0 4 
4 22 22 5 5 14 12 17 23 19 25 52 73 362 149 346 200 224 126 10 5 6 30 35 19 11 10 81 8 2 1 2 7 3 44 14 53 9 137 46 27 4 30 17 11 25 11 3 7 42 1 0 0 0 0 0 0 0 0 1 0 2 0 1 0 0 0 0 0 0 0 0 0 0 0 0 0 0 5 0 0 0 0 0 1 0 2 5 1 0 0 3 1 0 0 0 0 0 1 0 0 0 
22 35 26 3 26 59 12 42 38 31 26 125 121 508 225 378 243 98 141 12 12 2 52 45 23 31 34 193 16 8 10 5 49 12 41 11 96 28 166 21 18 7 25 27 6 16 14 5 11 41 2 0 1 2 2 1 2 2 0 6 4 1 0 3 0 0 0 0 0 0 0 0 1 0 1 0 0 1 7 1 0 1 0 1 1 3 1 9 1 0 0 4 1 0 0 0 0 0 2 0 0 1 
13 14 10 8 12 27 11 12 19 35 7 66 55 243 199 316 172 185 177 40 78 24 6 19 16 16 5 168 4 2 6 3 33 11 42 20 36 15 131 49 14 3 14 16 18 18 11 4 2 30 0 0 2 3 1 3 3 3 0 4 3 1 1 7 0 0 0 0 0 0 0 0 0 1 0 5 0 0 8 0 0 0 0 2 0 3 1 6 6 0 0 6 0 0 1 1 0 0 2 0 0 4 
22 21 33 1 11 28 16 48 26 55 32 86 125 414 241 456 381 256 248 78 124 40 22 16 10 57 34 184 13 10 5 1 34 23 90 20 82 33 170 67 34 1 22 34 25 48 46 9 4 113 15 1 19 4 4 4 12 6 0 1 1 3 0 3 0 1 0 0 0 0 0 0 0 0 3 1 0 1 13 0 1 3 1 2 0 6 4 18 2 0 0 7 1 1 0 0 0 1 0 0 0 1 
34 25 22 3 11 35 10 38 18 67 20 52 92 198 127 251 123 164 110 43 86 18 22 18 12 7 21 118 10 10 0 16 145 20 49 26 55 25 89 58 54 6 19 33 34 45 41 14 22 156 19 9 13 13 5 7 3 10 0 1 4 3 0 4 0 2 0 0 0 0 0 0 0 0 4 4 0 1 21 3 1 5 1 2 0 15 2 66 4 0 0 21 1 2 1 1 0 0 2 0 0 11 
1 3 0 1 0 3 0 1 0 1 2 0 3 19 9 25 11 14 23 27 23 20 7 37 4 0 1 21 0 1 1 1 12 1 0 0 8 2 26 1 1 0 4 0 2 0 0 0 1 2 0 0 0 0 0 1 0 0 0 0 0 1 0 0 0 0 1 0 0 0 0 0 0 0 0 0 0 0 1 0 0 2 0 0 0 0 0 1 0 0 0 0 0 0 0 0 0 0 0 0 0 0 
1 3 1 0 1 1 1 0 0 1 3 9 5 17 33 55 56 39 15 23 88 31 19 73 22 0 1 134 0 1 0 5 2 5 3 2 5 3 20 4 8 0 3 8 5 3 7 2 1 10 0 0 1 0 0 0 2 1 0 1 0 2 0 0 1 0 0 0 0 0 0 0 0 0 1 1 0 0 2 2 0 0 0 0 2 1 0 3 0 0 0 6 0 0 0 1 0 0 0 0 0 0 
25 36 35 4 8 18 19 19 37 51 19 52 123 287 192 280 268 171 178 106 126 65 102 138 64 17 19 8 19 8 3 4 45 10 41 9 59 35 103 52 45 5 32 59 40 58 54 16 24 118 9 6 17 4 4 3 6 3 0 2 2 2 0 0 4 3 0 0 0 0 0 0 0 0 4 1 1 2 24 7 2 2 0 6 3 9 4 48 8 0 0 15 0 3 1 1 0 0 4 0 0 7 
4 11 3 0 1 2 4 4 13 2 2 1 7 19 6 7 9 6 2 5 0 0 0 2 3 0 0 1 1 1 0 0 2 1 10 0 2 0 0 4 0 0 3 2 2 0 0 0 1 1 0 0 1 0 0 0 0 0 0 0 1 7 0 0 0 6 0 0 0 0 0 0 0 0 0 0 0 0 1 1 1 0 0 0 0 0 0 1 0 0 0 0 0 0 0 0 0 0 0 0 0 1 
2 3 0 0 1 8 13 7 16 2 6 23 22 19 11 134 160 91 86 12 17 5 8 26 10 0 0 7 5 32 148 301 885 456 1212 550 1735 524 769 288 166 32 188 208 114 155 128 32 32 344 19 11 35 17 3 10 14 16 0 33 31 285 26 85 106 178 28 37 19 16 3 6 3 3 5 10 3 3 69 4 6 10 6 6 4 20 12 102 19 0 0 119 30 11 31 18 1 7 12 1 3 43 
3 1 1 4 2 1 3 4 2 2 3 0 15 6 1 37 43 41 37 5 4 5 1 7 7 0 0 3 1 80 12 198 293 146 420 196 520 170 231 91 45 9 77 59 38 49 26 8 7 90 8 4 5 2 1 4 8 14 0 10 21 136 10 21 65 122 21 22 11 5 5 2 7 0 4 1 0 4 22 3 0 2 0 1 0 9 7 36 2 0 0 43 5 4 3 2 0 3 3 0 1 17 
6 6 9 0 0 1 7 7 6 4 1 6 26 3 16 84 140 63 64 15 0 2 4 5 8 5 1 4 2 171 142 20 309 105 605 234 1011 414 754 353 181 44 166 218 121 107 95 30 18 180 21 7 26 6 2 4 12 10 0 27 24 282 3 20 52 121 15 19 18 9 2 7 23 2 6 6 0 3 64 7 2 5 1 5 1 22 3 56 23 0 0 134 24 27 14 7 0 6 3 2 1 18 
2 11 1 0 0 4 4 4 3 9 0 4 8 5 2 19 56 33 33 2 1 1 4 8 7 0 1 12 3 176 124 76 25 35 207 85 275 84 274 138 113 12 124 82 55 93 57 44 18 232 16 11 11 5 6 16 8 10 0 16 2 27 0 7 17 33 2 2 3 1 7 6 4 0 4 3 0 2 26 2 1 2 1 3 0 14 5 66 12 0 0 62 18 2 6 4 1 2 3 1 0 38 
0 1 2 0 3 0 3 5 1 1 0 6 3 0 1 28 26 32 51 4 4 12 7 15 5 0 0 13 3 90 33 82 55 6 68 45 209 124 260 148 72 5 115 98 62 73 35 21 12 107 17 6 12 12 2 4 3 12 0 1 0 72 5 2 19 46 12 14 6 14 13 25 23 14 1 3 0 7 39 5 10 1 0 3 0 3 2 17 20 0 0 111 16 27 13 1 2 1 4 0 0 13 
4 5 2 0 2 0 2 3 1 0 4 0 10 1 6 9 15 33 16 11 10 10 7 15 3 1 2 11 4 143 56 184 188 28 18 21 183 55 234 139 83 3 136 96 64 81 35 14 11 87 7 3 4 22 7 5 7 9 0 2 7 148 2 13 8 51 5 5 2 3 10 26 26 6 1 9 2 0 27 0 1 1 0 1 0 3 6 30 15 0 0 116 34 5 6 6 0 0 0 0 0 21 
5 3 5 0 0 3 2 3 3 1 0 0 1 1 3 6 57 23 32 12 11 5 5 20 7 1 0 8 3 191 49 133 181 46 70 7 353 111 110 164 86 8 95 94 56 66 30 11 10 106 5 6 2 9 2 2 2 5 0 2 6 79 16 7 14 12 1 6 5 3 3 6 13 2 3 2 0 0 8 0 1 0 1 0 0 2 4 26 4 0 0 76 24 12 16 12 1 3 3 0 0 17 
5 2 3 0 1 1 3 0 0 3 2 0 2 1 0 9 11 6 4 2 1 1 2 14 11 0 1 14 0 227 54 194 178 76 114 126 25 52 216 237 152 36 133 150 117 215 98 35 19 259 3 8 6 3 2 0 0 1 0 0 2 39 4 9 12 21 6 8 1 5 5 6 13 15 2 0 0 0 3 4 0 0 0 1 1 2 7 28 15 0 0 140 9 28 13 9 0 3 6 2 0 32 
6 20 3 2 12 9 7 21 19 11 3 11 15 12 3 4 17 14 22 4 5 4 19 32 4 0 0 18 4 180 51 219 284 147 183 64 197 13 168 350 168 33 268 327 159 308 117 29 44 305 1 0 5 1 1 3 1 6 0 0 1 130 6 19 9 5 4 11 3 0 6 5 10 9 6 2 1 0 10 0 0 0 0 2 1 22 9 70 34 0 0 421 41 26 25 12 0 1 10 1 2 39 
9 14 8 2 12 9 11 8 28 21 10 15 24 19 4 3 17 39 32 3 33 11 5 25 9 4 0 34 7 107 58 138 264 113 160 58 434 93 26 321 177 46 251 302 149 357 181 43 29 306 1 3 12 9 1 4 4 2 0 4 17 153 4 30 31 18 1 3 3 5 9 2 9 20 0 11 0 11 16 0 11 2 0 5 2 28 11 81 33 0 0 360 53 55 42 20 0 5 17 1 2 37 
24 25 18 6 11 36 21 33 52 30 35 52 49 81 33 80 85 101 98 20 20 21 22 38 19 0 2 61 14 161 61 329 382 329 705 239 1261 510 1105 36 107 80 311 488 224 608 330 64 81 543 9 5 15 7 2 2 13 4 0 4 17 142 2 59 34 50 4 3 6 3 1 3 15 11 3 8 0 1 21 4 5 7 16 15 9 4 10 32 47 0 0 234 20 46 20 24 2 1 2 1 3 44 
7 17 12 7 15 12 6 9 14 23 3 22 14 33 22 35 78 63 45 20 9 4 10 31 16 7 1 45 9 58 37 114 198 171 245 81 575 246 501 65 19 26 132 187 134 389 153 84 88 301 4 2 6 2 5 6 1 3 0 1 6 47 4 18 9 14 5 2 7 5 0 4 10 5 7 1 2 2 12 1 6 2 0 12 19 7 4 22 26 0 0 105 20 27 45 21 3 9 13 0 0 30 
1 2 1 0 1 0 1 2 3 6 1 1 4 7 1 3 27 8 7 2 17 0 0 6 0 0 0 7 5 20 10 16 30 16 26 6 137 64 76 38 25 2 56 111 35 69 36 26 10 83 1 0 0 0 0 3 1 1 0 0 0 0 0 14 1 6 4 0 0 1 1 0 2 1 1 0 1 0 5 2 5 5 0 4 0 21 2 26 10 0 0 33 9 18 8 5 3 1 1 0 0 11 
8 7 3 0 0 8 9 4 6 6 3 5 8 8 3 27 58 23 17 3 5 2 0 6 0 1 2 14 8 52 19 74 125 59 131 20 201 160 247 81 48 32 13 41 87 127 72 43 31 187 10 11 5 4 2 4 7 6 0 4 5 26 0 11 15 8 6 3 0 2 0 2 10 7 12 3 3 7 20 8 15 24 18 48 31 48 42 141 75 0 0 86 33 36 40 36 4 21 47 1 4 142 
11 8 6 1 3 7 4 10 2 8 2 5 9 3 8 27 22 18 23 4 9 5 3 14 4 1 0 18 2 40 16 42 85 77 164 43 224 148 273 177 101 35 51 24 342 237 115 57 60 377 12 5 19 8 2 4 1 10 0 0 2 34 1 22 7 17 3 1 1 1 2 3 8 8 13 14 3 6 40 18 14 12 17 79 35 84 35 81 61 0 0 307 53 107 109 37 10 17 27 4 8 133 
9 16 9 0 3 5 4 17 7 4 3 9 5 11 6 14 62 42 19 7 13 2 4 20 10 2 0 36 3 61 23 67 122 53 146 41 332 176 241 225 169 36 214 172 37 220 142 112 48 501 9 5 10 3 3 3 0 1 0 2 5 22 1 12 10 24 7 9 2 4 1 7 13 5 12 2 1 3 26 10 4 19 6 32 11 42 23 50 29 0 0 278 35 106 50 30 3 6 19 0 0 88 
14 8 10 0 4 1 3 5 7 8 3 14 4 8 12 29 35 53 21 3 7 3 1 23 8 0 0 23 10 28 14 47 122 45 109 36 293 142 264 264 182 25 169 278 101 16 84 105 71 442 10 2 13 6 2 2 1 9 0 1 3 23 2 6 12 27 2 7 1 5 3 2 10 5 4 5 0 2 17 7 10 14 6 33 24 26 30 136 35 0 0 263 58 56 54 28 8 6 31 5 2 100 
11 8 1 1 4 5 11 6 6 9 7 8 12 14 1 25 32 31 31 6 8 6 3 36 10 0 0 15 12 48 12 57 174 61 107 39 288 135 219 238 153 31 134 266 184 177 17 89 104 314 8 3 8 5 2 4 6 8 0 3 1 10 3 7 13 25 1 7 1 2 3 2 11 6 10 14 0 0 19 10 8 12 6 33 11 54 44 138 24 0 0 246 46 59 75 14 0 13 11 1 5 108 
9 10 6 1 1 5 7 3 4 13 7 27 12 10 8 37 29 19 18 5 1 1 5 16 9 1 0 15 5 23 10 47 113 30 78 22 198 127 283 249 251 52 440 670 337 844 405 14 61 948 4 4 8 2 0 2 4 10 0 1 1 10 3 6 6 10 6 2 5 2 2 4 5 4 10 0 0 2 15 4 3 11 8 41 14 56 44 119 62 0 0 710 102 88 71 28 9 9 29 1 0 69 
10 6 5 2 2 8 8 10 9 10 3 15 15 14 10 30 32 34 26 12 6 2 6 18 9 2 0 15 23 31 16 51 142 48 105 45 191 117 277 382 172 54 628 1370 541 1664 799 253 7 2178 14 4 16 1 1 5 2 3 0 1 2 13 3 11 6 39 1 5 0 5 5 5 13 10 7 7 3 5 23 16 14 14 2 71 25 59 34 166 87 0 0 1070 129 183 153 58 3 26 32 2 1 73 
36 57 29 3 19 24 20 19 43 47 34 30 17 51 12 56 99 96 59 20 26 10 15 159 35 2 3 94 25 152 49 177 832 104 292 181 641 338 604 571 409 79 883 1401 618 1529 489 480 164 33 31 15 47 17 3 6 18 10 0 3 10 47 2 42 19 57 14 23 7 5 14 10 13 34 42 19 6 8 88 25 22 64 32 107 45 141 73 562 161 0 0 971 162 171 218 69 14 29 58 8 10 285 
5 11 12 1 2 4 2 11 15 5 4 6 20 30 15 38 35 12 6 3 8 0 1 41 17 0 3 19 0 12 2 4 59 12 23 7 34 5 27 7 8 1 15 24 21 17 17 8 5 43 6 5 85 65 31 31 43 86 0 58 15 51 20 40 23 64 13 16 1 17 3 6 12 28 7 11 1 6 119 8 11 8 14 27 5 24 11 57 13 0 0 13 5 11 9 4 3 8 7 1 2 27 
1 3 3 1 1 12 9 6 5 4 1 4 15 15 18 13 10 6 4 0 1 0 0 12 0 0 0 7 0 2 2 6 38 9 8 10 24 5 10 18 10 1 20 12 13 8 10 6 3 25 29 8 44 26 10 7 24 55 0 48 12 31 3 23 18 29 5 9 6 6 0 6 8 10 5 6 2 2 71 5 7 3 4 33 11 11 4 25 9 0 0 14 2 7 3 0 0 0 1 0 0 15 
5 6 7 1 10 7 7 13 6 2 19 21 13 15 20 23 14 16 5 3 0 1 5 26 5 1 0 12 4 12 4 9 72 14 21 3 35 6 25 9 11 0 12 21 7 21 11 2 2 57 46 13 12 17 13 16 33 49 0 57 15 41 14 30 19 53 3 21 5 7 10 8 17 15 8 9 0 11 95 12 21 4 9 58 7 25 8 66 7 0 0 21 4 5 14 1 0 3 7 0 0 31 
1 5 10 1 4 8 6 8 14 12 11 14 6 34 22 39 23 8 7 2 5 1 3 12 2 0 0 6 4 3 9 9 32 26 37 13 27 3 14 23 12 2 21 24 19 9 11 3 2 15 65 38 25 6 30 18 42 93 0 88 16 96 36 40 45 49 15 22 4 12 12 18 18 8 4 12 5 16 180 16 29 1 20 70 12 24 5 21 6 0 0 27 6 16 3 3 1 9 4 0 0 12 
2 3 4 3 1 4 2 13 9 3 4 6 0 22 13 14 5 1 3 0 2 0 0 6 2 1 0 8 1 8 2 16 25 20 32 3 12 2 6 3 2 0 10 3 0 6 3 1 0 11 27 25 42 14 0 2 40 52 0 47 27 54 16 30 21 36 1 10 0 9 0 3 10 9 1 19 0 17 85 5 3 1 1 54 3 3 2 8 5 0 0 6 0 2 10 1 0 0 2 0 0 8 
3 5 0 0 0 7 2 8 4 1 2 2 0 8 8 5 3 8 7 0 2 0 0 3 2 1 0 5 1 4 1 3 34 14 26 2 7 0 2 6 3 1 1 4 2 5 1 3 3 11 13 13 22 7 2 0 12 5 0 41 11 33 7 16 19 12 6 16 4 2 3 1 5 18 0 6 0 2 61 4 3 0 1 15 4 5 2 4 0 0 0 5 0 1 1 2 0 0 4 0 0 3 
3 5 5 0 10 30 3 6 3 4 2 11 24 58 24 44 36 17 13 4 3 3 0 12 6 0 0 11 6 14 0 13 45 22 67 1 13 4 50 30 4 3 21 23 2 15 10 5 4 26 46 13 34 7 18 9 2 11 0 39 23 105 7 55 45 71 13 18 0 15 10 9 11 9 9 8 3 14 90 5 17 4 5 97 10 10 5 26 8 0 0 34 3 5 13 3 1 1 5 0 1 11 
8 7 16 3 28 34 11 30 21 13 6 48 24 113 35 34 62 13 31 7 4 3 0 11 7 0 0 14 8 15 6 26 52 38 91 6 21 3 49 14 1 3 17 33 7 21 14 9 1 35 58 36 114 28 39 29 11 5 0 94 36 223 38 65 65 101 9 15 10 8 4 10 21 12 23 39 3 22 129 15 15 7 11 101 19 13 5 39 23 0 0 46 2 23 13 5 2 4 3 1 0 23 
0 0 0 0 0 0 0 0 0 0 0 0 1 0 0 0 0 0 0 0 0 0 0 0 0 0 0 0 0 0 0 0 0 0 0 0 0 0 0 0 0 0 0 0 0 0 0 0 0 0 0 0 0 0 0 0 0 0 0 0 0 0 0 0 0 0 0 0 0 0 0 0 0 0 0 0 0 0 0 0 0 0 0 0 0 0 0 0 0 0 0 0 0 0 0 0 0 0 0 0 0 0 
18 19 23 1 3 11 10 4 8 6 3 31 18 62 23 38 58 25 20 11 8 4 2 21 6 0 2 18 7 14 14 39 23 18 30 1 0 2 8 20 3 3 3 13 6 21 4 2 1 17 54 22 59 39 16 37 23 35 0 4 12 84 38 57 95 104 42 35 14 17 13 14 31 29 10 18 1 3 89 0 2 8 6 51 8 13 7 36 7 0 0 18 14 1 11 4 1 4 1 0 0 9 
2 1 5 0 0 4 1 0 0 0 0 1 16 2 1 2 1 3 0 1 0 0 0 3 0 0 0 0 1 4 2 3 7 6 8 1 12 2 11 4 2 1 3 15 0 3 0 2 0 10 7 3 40 5 8 17 5 12 0 6 2 56 11 23 24 53 28 45 10 22 18 11 13 7 8 2 0 7 36 3 5 1 1 4 2 1 11 14 1 0 0 13 1 7 2 1 0 0 0 0 0 5 
0 0 0 0 0 0 0 2 0 2 0 0 1 0 0 0 1 0 1 0 0 0 0 0 0 0 0 1 0 2 0 3 1 1 2 1 7 6 7 2 2 0 1 1 0 1 0 1 0 4 4 0 5 1 0 1 1 1 0 3 6 0 0 0 3 10 1 3 8 4 1 3 2 0 2 1 0 1 18 1 0 1 2 0 0 1 1 1 0 0 0 1 0 0 0 0 0 0 1 0 0 0 
2 6 3 0 0 1 8 3 0 0 0 1 2 3 0 3 2 5 1 0 0 0 0 0 0 0 0 1 2 0 2 13 3 2 4 10 18 10 4 5 5 0 5 5 2 3 0 0 0 4 2 3 11 7 11 15 14 7 0 14 8 0 0 15 53 52 11 15 6 14 1 2 9 6 1 1 0 0 17 1 4 3 0 2 0 1 0 3 1 0 0 4 1 1 1 1 0 0 1 0 0 0 
1 11 4 1 2 2 2 7 4 1 2 1 1 0 0 4 3 3 2 10 2 0 0 1 1 1 0 3 6 18 4 16 11 0 22 24 62 18 61 20 29 1 15 27 14 22 17 4 2 16 22 12 27 13 14 30 26 26 0 31 12 274 9 3 23 72 12 14 11 21 17 21 41 23 2 15 5 5 51 3 8 3 1 0 3 4 0 14 3 0 0 13 4 1 1 0 0 0 0 0 0 3 
12 8 2 0 0 11 11 16 2 12 1 3 7 1 1 7 3 0 0 0 1 0 1 2 2 1 0 0 2 25 9 32 82 19 39 12 85 23 78 32 14 0 38 19 25 16 37 7 6 32 24 7 29 21 12 20 21 34 0 33 27 269 27 32 8 70 38 41 27 59 71 52 73 77 10 11 2 7 56 6 21 4 11 15 1 4 4 17 9 0 0 33 4 2 0 0 0 0 2 0 0 10 
9 17 7 1 2 8 7 12 37 5 3 35 14 0 0 2 0 0 0 1 0 0 0 0 0 0 0 3 3 67 7 61 47 62 57 20 132 19 100 23 24 3 14 24 15 19 15 2 5 27 45 19 46 26 13 36 26 54 0 81 85 419 71 90 74 13 16 77 51 73 92 100 109 108 7 9 8 5 103 25 14 6 8 11 3 8 2 12 2 0 0 19 0 1 1 0 0 0 1 0 0 7 
5 11 6 0 1 1 8 2 2 1 2 4 0 1 1 4 0 0 0 0 0 0 0 0 0 0 0 0 10 9 8 44 21 15 29 14 47 5 23 7 3 1 2 11 7 2 4 3 6 11 6 5 12 9 2 11 8 22 0 43 18 115 17 49 76 29 3 15 32 50 66 69 81 58 6 5 0 1 17 1 7 1 6 4 0 3 0 4 1 0 0 2 0 0 0 0 0 1 0 0 0 4 
8 10 1 2 0 8 1 16 10 3 6 4 3 1 0 0 0 0 0 0 0 0 0 0 0 0 0 0 10 12 20 41 39 23 65 31 86 8 25 5 2 1 8 7 7 16 13 2 8 23 32 17 39 17 4 9 26 35 0 33 53 274 37 48 127 135 7 2 20 33 25 50 102 131 7 3 6 2 36 9 7 4 1 7 2 3 1 7 1 0 0 7 0 1 2 0 0 0 0 0 0 5 
3 4 1 0 1 5 1 3 2 1 0 3 0 1 0 0 0 0 0 0 0 0 0 0 0 0 0 0 0 8 3 5 29 7 28 2 15 2 11 2 1 0 3 4 2 1 1 1 1 5 3 4 11 7 5 2 6 12 0 5 4 89 17 20 58 82 22 8 2 8 16 27 33 37 2 2 0 0 34 2 1 3 3 2 3 6 0 3 4 0 0 1 2 0 0 0 0 0 0 0 0 0 
9 3 9 0 1 0 1 22 2 1 0 4 0 0 0 11 0 0 0 0 0 0 0 0 0 0 0 0 5 11 5 14 36 41 60 9 16 4 14 5 3 1 5 11 0 7 0 2 2 13 26 12 28 18 15 8 15 12 0 27 27 333 52 75 154 209 37 53 9 2 33 80 100 231 3 10 2 2 50 4 5 5 2 4 3 6 0 3 0 0 0 3 1 0 0 0 1 0 0 0 0 0 
3 4 6 5 12 4 5 7 6 5 9 7 1 2 1 11 2 1 0 0 0 0 0 0 1 0 0 0 3 7 4 11 57 62 111 22 120 17 66 18 7 3 12 21 17 25 9 5 5 40 14 1 38 10 10 13 17 16 0 46 47 212 54 111 165 325 73 111 54 86 3 55 79 95 6 6 1 4 39 7 8 6 0 16 0 1 5 8 1 0 0 12 2 1 0 0 0 0 1 1 0 2 
5 5 1 2 2 4 7 5 6 2 2 1 4 1 1 1 3 0 0 0 0 0 0 0 0 0 0 0 5 10 2 4 49 78 103 34 91 25 30 7 8 4 15 13 9 38 6 2 6 20 20 8 33 14 5 7 11 17 0 54 33 259 25 95 214 334 87 101 50 82 26 5 124 154 0 1 4 0 52 4 9 11 8 17 7 6 2 10 2 0 0 13 2 1 2 0 0 0 0 0 0 2 
4 5 7 0 3 1 2 0 4 4 0 1 2 1 0 2 5 0 0 0 0 0 0 2 0 0 0 0 4 4 0 4 14 32 23 13 30 15 23 5 15 0 0 7 5 11 4 5 1 18 17 14 13 4 9 10 11 15 0 25 12 87 21 40 92 178 46 31 30 56 47 44 4 46 4 3 0 3 44 4 1 5 2 9 2 3 4 7 2 0 0 1 0 0 0 0 0 1 1 0 0 2 
4 4 4 0 1 1 2 2 4 3 0 2 3 2 0 2 2 0 0 0 0 0 0 0 2 0 0 0 0 0 0 2 7 18 27 11 14 6 15 7 3 0 1 2 2 4 1 4 2 16 24 7 17 4 7 12 9 15 0 36 30 42 9 23 78 154 25 49 29 65 45 48 76 5 11 5 0 3 43 2 4 7 4 4 3 5 1 13 1 0 0 3 0 0 0 1 0 0 0 0 0 4 
1 2 5 0 3 1 8 2 4 9 6 8 9 37 13 23 18 9 3 4 5 2 2 10 2 1 0 9 3 3 15 9 35 12 22 9 17 3 30 18 8 3 43 44 16 36 32 10 11 61 11 9 15 9 12 38 61 78 0 78 18 66 18 24 17 50 2 10 2 10 8 5 10 16 5 14 11 39 515 81 75 29 43 172 31 61 20 94 24 0 0 44 12 30 18 12 3 10 20 1 1 49 
4 3 8 1 1 6 4 7 12 27 5 5 10 37 9 23 12 8 6 5 1 0 2 7 3 0 0 6 10 5 5 9 28 7 15 5 16 7 21 18 14 2 33 59 21 38 19 4 5 60 12 2 19 9 19 43 71 117 0 61 31 64 7 17 15 31 3 5 4 5 3 10 8 13 5 4 8 40 481 82 64 24 45 215 55 52 25 89 12 0 0 31 9 16 16 3 1 6 15 2 0 31 
0 1 1 0 0 8 0 5 0 1 0 5 3 1 5 2 0 2 2 2 0 0 0 1 1 0 0 3 0 2 1 3 5 1 1 1 2 3 2 4 2 0 3 7 5 7 3 1 4 7 3 5 2 14 1 7 13 20 0 20 8 12 0 9 9 14 1 1 0 2 2 1 4 5 3 15 0 20 126 44 26 5 8 69 18 5 3 20 1 0 0 7 0 3 3 2 0 3 0 0 0 5 
5 9 5 1 4 4 3 11 3 3 0 3 8 33 6 9 16 7 9 0 2 0 0 7 3 0 0 3 6 11 0 7 34 17 11 7 6 2 15 13 15 1 34 57 14 43 24 8 3 46 12 16 46 17 16 26 41 59 0 31 9 93 24 45 27 21 3 8 0 10 8 4 8 8 35 34 25 2 159 75 29 16 21 238 50 47 23 100 22 0 0 58 6 16 22 11 1 0 6 0 2 18 
19 21 12 10 10 16 7 8 14 6 4 24 20 59 48 64 27 25 27 10 6 3 7 22 6 1 0 13 9 35 5 25 81 43 72 12 16 5 37 25 24 2 51 106 32 46 40 12 6 69 77 102 121 34 32 63 73 97 0 75 44 218 49 98 73 141 47 54 11 31 17 15 38 47 51 99 25 41 9 27 34 18 14 368 60 63 28 115 37 0 0 52 22 19 40 13 4 15 17 1 1 36 
1 1 0 0 1 2 1 0 3 6 0 1 4 21 7 9 10 9 9 0 1 0 0 4 3 0 0 15 1 7 4 6 24 15 22 3 2 3 26 2 17 5 99 83 28 51 24 9 4 75 24 11 17 12 4 12 26 13 0 16 7 108 28 47 14 50 5 13 3 5 7 5 12 7 39 66 10 22 101 9 25 37 39 325 83 79 29 63 15 0 0 94 24 28 16 3 1 8 11 2 1 29 
10 12 1 1 2 2 2 4 2 2 1 0 5 1 1 7 5 2 3 0 1 0 0 2 1 1 1 3 2 10 5 4 37 8 4 0 1 2 18 16 10 2 79 146 15 41 47 6 3 98 14 12 32 21 11 7 21 31 0 5 13 53 26 20 39 45 5 0 3 5 7 3 16 12 19 52 6 16 186 57 11 18 25 216 80 46 16 71 43 0 0 94 28 35 13 7 8 15 8 0 0 25 
4 3 3 0 4 5 3 1 0 0 1 0 2 0 0 3 0 2 0 0 0 0 0 0 0 0 0 1 0 3 3 5 14 2 4 0 0 2 4 11 22 0 93 81 16 47 29 11 8 57 11 1 4 0 1 1 7 13 0 5 4 52 13 17 2 22 2 9 5 1 7 6 4 5 8 23 14 11 57 12 17 2 4 100 33 45 15 75 41 0 0 122 18 22 23 5 6 4 22 0 1 36 
3 6 3 1 2 5 2 1 0 3 0 1 0 0 0 5 3 3 1 0 0 0 0 3 0 0 0 2 5 8 2 5 23 10 4 0 2 0 3 15 26 9 99 156 25 62 61 5 5 76 21 8 19 11 7 16 18 26 0 10 10 100 5 18 7 19 6 9 7 7 2 2 15 10 19 46 13 33 258 42 34 14 4 239 70 73 27 79 26 0 0 181 40 57 26 16 3 14 10 3 0 29 
7 2 2 0 2 4 2 1 6 6 0 1 1 0 0 0 0 0 0 0 1 0 0 2 0 0 0 0 0 0 3 6 10 1 5 1 10 3 13 20 19 4 150 177 34 110 74 12 14 99 16 14 24 13 16 23 34 36 0 22 9 44 2 3 7 22 2 3 11 1 6 3 4 6 43 74 30 56 263 93 50 30 48 11 47 92 30 150 45 0 0 271 55 80 49 37 5 17 22 1 1 53 
15 5 3 2 1 3 2 7 1 4 0 1 0 1 0 0 1 1 0 0 0 3 0 3 2 0 0 3 4 5 5 2 6 5 1 0 2 3 24 43 26 25 214 374 59 131 77 14 10 80 15 9 21 13 13 10 45 21 0 16 10 60 1 4 9 17 6 2 0 2 5 4 9 5 25 39 12 22 205 59 67 46 71 202 6 105 35 139 69 0 0 480 62 94 66 31 9 15 18 0 3 49 
3 8 5 0 0 2 0 0 4 1 1 1 1 1 3 6 5 1 1 0 1 1 0 4 4 0 0 10 1 7 5 7 16 9 24 7 26 12 63 14 54 16 219 319 78 225 122 47 10 125 27 8 15 11 3 12 33 16 0 15 5 27 9 7 5 5 3 2 1 5 2 5 2 6 13 25 7 11 63 52 38 26 19 164 55 6 18 62 54 0 0 433 88 116 81 24 6 20 12 4 3 73 
8 5 3 0 6 11 1 4 4 10 0 1 2 0 2 6 11 12 3 8 5 0 0 13 5 0 0 6 4 5 3 17 22 11 14 10 46 24 92 44 36 8 181 348 64 158 65 19 9 98 8 5 10 3 1 5 10 19 0 15 7 18 8 5 8 8 2 5 2 3 3 3 11 3 6 19 5 7 61 32 19 26 40 148 32 51 7 55 40 0 0 370 80 121 105 13 3 19 21 4 6 73 
29 25 29 4 7 24 13 14 10 9 3 7 13 9 18 28 50 23 25 11 11 4 3 54 21 2 0 55 3 100 25 93 222 38 113 32 264 190 297 154 50 52 453 718 198 662 328 92 93 706 43 29 51 18 9 23 26 30 0 37 27 69 5 18 22 38 10 7 4 7 11 10 14 21 62 49 15 43 186 61 57 79 83 368 81 151 58 27 84 0 0 1232 153 330 262 123 22 64 114 6 20 386 
0 2 2 0 2 5 5 7 4 1 1 3 6 12 4 50 9 16 6 3 6 2 0 1 3 0 0 3 0 14 1 20 51 28 57 24 124 61 102 151 48 29 204 243 40 159 54 10 17 148 12 4 8 1 5 3 1 9 0 14 4 10 8 6 9 7 0 0 0 2 1 2 5 7 8 7 3 6 49 21 23 14 16 99 28 117 67 64 13 0 0 626 102 130 96 29 4 13 21 1 5 108 
0 0 0 0 0 0 0 0 0 0 0 0 0 0 0 0 0 0 0 0 0 0 0 0 0 0 0 0 0 0 0 0 0 0 0 0 0 0 0 0 0 0 0 0 0 0 0 0 0 0 0 0 0 0 0 0 0 0 0 0 0 0 0 0 0 0 0 0 0 0 0 0 0 0 0 1 0 0 0 0 0 0 0 0 0 0 0 0 0 0 0 0 0 0 0 0 0 0 0 0 0 0 
0 0 0 0 0 0 0 0 0 0 0 0 0 0 0 0 0 0 0 0 0 0 0 0 0 0 0 0 0 0 0 0 0 0 0 0 0 0 0 0 0 0 0 0 0 0 0 0 0 0 0 0 0 0 0 0 0 0 0 0 0 0 0 0 0 0 0 0 0 0 0 0 0 0 0 0 0 0 0 0 0 0 0 0 0 0 0 0 0 0 0 0 0 0 0 0 0 0 0 0 0 1 
3 5 3 0 5 5 1 3 5 1 0 4 0 1 0 11 7 7 2 0 0 0 0 6 0 1 0 2 2 8 5 17 36 13 40 6 47 41 48 41 35 6 31 76 45 89 47 32 20 55 4 2 2 4 3 0 4 6 0 3 0 7 0 2 3 4 0 0 0 0 0 2 0 0 2 3 1 1 26 4 8 13 9 35 34 29 11 72 27 0 0 5 30 84 35 33 4 11 17 9 4 85 
1 1 0 0 0 3 1 6 1 0 2 1 1 0 9 0 5 1 2 0 0 0 0 0 1 2 0 0 4 8 2 3 11 10 39 13 62 28 34 27 28 5 132 173 48 53 35 10 18 74 3 1 4 4 1 3 1 5 0 3 4 7 2 2 2 0 1 0 0 1 1 0 3 0 3 3 0 3 18 3 7 5 6 44 17 27 23 55 32 0 0 164 6 23 7 16 0 5 5 2 2 38 
2 3 5 0 0 3 0 0 0 2 0 2 6 2 0 7 2 1 0 0 0 0 0 1 0 0 0 0 4 7 5 16 17 12 34 10 54 36 58 24 46 14 202 284 80 189 68 30 15 143 11 8 10 1 1 2 2 7 0 3 1 21 0 2 0 3 0 0 0 0 0 0 0 2 13 12 7 7 31 14 17 7 10 64 34 45 39 107 45 0 0 360 40 12 6 24 7 14 13 2 6 83 
2 0 0 0 0 1 0 1 1 1 0 1 0 2 0 8 0 0 0 0 0 0 0 0 0 0 0 1 0 8 2 11 8 16 25 13 54 13 58 45 22 9 120 225 60 147 62 7 27 99 2 4 8 1 1 1 4 2 0 4 1 4 1 2 0 0 0 0 0 0 0 0 3 0 4 4 0 2 17 1 3 8 3 59 5 42 37 53 47 0 0 289 27 11 2 4 7 2 3 2 1 95 
1 6 3 0 1 1 1 3 2 1 2 9 4 3 1 10 4 3 0 1 1 0 0 1 2 0 0 1 0 18 4 16 36 18 48 21 87 26 71 143 95 29 445 1030 156 292 97 19 24 142 5 3 7 8 1 2 1 5 0 11 3 9 0 2 0 2 0 0 0 0 0 0 2 3 4 12 4 10 17 7 10 17 6 62 8 81 43 139 115 0 0 2135 189 152 94 14 4 17 18 2 4 126 
1 0 0 0 0 0 0 0 0 0 1 0 0 1 1 0 1 0 0 0 0 0 1 0 0 0 1 0 0 8 0 4 10 2 11 1 9 6 15 14 20 10 76 129 28 29 14 4 3 17 1 1 1 1 0 4 1 2 0 0 0 1 0 0 1 0 0 0 0 0 0 0 2 0 0 2 0 1 5 3 7 2 1 14 3 6 3 37 25 0 0 170 27 25 23 7 2 2 1 6 3 12 
0 4 0 1 1 1 2 0 1 6 1 3 7 1 3 0 0 1 1 0 0 0 1 1 0 0 0 1 5 12 2 9 16 10 26 7 52 14 66 25 15 21 451 692 102 211 141 24 26 175 5 8 11 5 1 7 5 8 0 9 0 3 1 1 0 1 0 1 0 0 0 0 2 1 9 4 2 7 37 10 9 19 22 70 27 64 39 104 46 0 0 1398 201 130 126 84 1 5 11 1 3 96 
2 2 0 0 0 0 0 1 3 2 0 0 0 2 1 1 0 3 0 0 1 1 0 2 0 0 0 0 0 5 2 10 7 5 9 15 48 20 53 15 15 15 183 269 80 200 73 22 41 143 7 1 13 6 0 4 5 2 0 0 2 2 0 2 0 0 1 0 0 0 0 0 0 0 5 4 1 8 18 11 10 14 14 36 18 43 19 86 33 0 0 546 62 71 48 16 3 9 3 3 3 31 
0 1 0 0 0 0 0 0 0 1 0 0 0 0 3 0 1 0 0 0 0 0 0 1 0 0 0 0 0 3 0 3 4 1 4 1 20 12 38 9 25 6 77 115 42 56 21 7 7 39 0 0 1 3 1 1 0 4 0 0 3 2 0 0 0 0 0 0 0 0 0 0 1 0 0 4 0 3 9 2 0 2 2 16 7 15 4 24 14 0 0 180 26 40 52 13 0 1 5 0 1 13 
0 1 0 0 0 0 0 0 0 0 0 0 0 1 0 1 1 0 0 0 0 0 0 0 0 0 0 0 1 2 0 0 4 0 5 2 8 7 9 6 3 1 26 67 10 24 14 5 5 15 0 0 0 0 0 0 0 1 0 1 0 1 0 0 0 0 0 0 0 0 0 0 0 0 7 0 1 2 5 1 7 2 0 7 1 8 4 27 4 0 0 90 49 23 38 13 6 4 1 4 1 2 
3 3 2 0 1 1 8 0 4 1 0 2 3 5 2 1 3 2 0 1 0 0 1 1 0 0 0 2 0 10 6 5 39 5 4 7 43 21 50 19 13 3 71 116 41 73 41 17 13 68 4 5 11 2 1 1 1 4 0 10 1 4 0 0 1 2 0 0 0 0 0 2 0 1 11 7 1 6 19 23 16 13 8 25 13 36 22 181 37 0 0 208 36 51 82 52 4 20 26 3 2 9 
