6 11 21 5 18 29 18 17 30 24 8 34 38 96 53 89 44 19 13 9 8 11 6 18 12 0 0 23 103 12 1 2 26 0 4 5 3 7 46 15 13 2 7 15 5 13 18 8 3 53 6 2 9 3 1 2 5 1 0 2 0 1 1 1 3 6 1 4 0 5 6 2 1 3 0 2 1 1 14 1 1 0 6 5 1 7 5 25 0 0 0 7 1 1 0 1 0 0 8 1 1 9 
8 14 14 2 9 24 26 14 31 19 8 39 58 87 56 70 41 24 21 12 11 8 9 15 5 0 1 17 104 4 1 4 12 3 7 3 10 8 57 17 12 4 8 19 9 18 13 8 6 48 5 1 4 6 4 1 6 10 0 3 2 2 1 4 5 8 3 3 1 0 2 4 2 3 2 2 1 2 20 0 0 5 0 3 0 4 2 20 3 0 0 13 0 0 0 2 0 1 2 0 0 10 
23 16 14 15 6 27 30 21 35 29 10 46 42 64 44 63 35 20 21 6 13 13 3 25 4 2 1 17 184 3 4 0 11 2 2 1 9 2 32 16 8 3 6 10 8 14 13 4 4 30 3 2 3 2 2 1 0 7 0 2 0 2 0 1 6 4 1 2 0 0 4 2 3 5 1 0 1 2 12 1 1 2 1 3 2 3 1 19 2 0 0 12 2 1 0 3 0 0 1 1 0 16 
3 6 13 0 2 3 8 7 2 1 1 11 7 8 10 8 3 4 3 2 2 1 0 2 1 0 0 2 35 0 0 0 3 1 2 2 0 0 4 5 2 0 1 2 1 3 3 2 1 4 2 0 1 0 0 0 1 1 0 0 0 0 0 0 1 0 0 0 0 0 0 1 0 1 0 0 0 0 2 0 0 0 1 0 0 0 0 0 0 0 0 0 1 0 0 0 0 0 1 1 0 0 
7 12 6 3 3 7 4 5 4 12 3 5 13 28 17 20 14 6 2 4 3 5 3 8 0 0 0 4 19 0 1 2 3 1 1 1 0 4 5 8 1 0 0 4 3 2 2 0 2 4 1 2 4 2 1 0 1 1 0 1 2 0 1 0 0 3 1 3 0 0 2 0 2 0 2 2 0 0 2 0 0 2 0 0 0 0 0 5 0 0 0 0 2 2 1 0 0 0 0 0 0 3 
30 32 29 12 13 10 11 24 28 24 11 35 48 98 40 60 34 26 21 9 14 7 3 19 9 2 2 13 108 3 1 2 5 1 0 2 2 9 27 10 10 0 7 7 7 12 9 4 4 36 2 4 5 5 2 3 2 2 0 0 2 2 2 2 7 8 0 3 0 0 0 3 3 4 0 1 0 1 12 1 0 0 0 7 2 3 0 7 2 0 0 12 0 0 2 0 0 0 0 0 0 6 
32 35 52 17 8 34 11 31 30 32 14 32 56 83 28 44 42 25 18 10 8 14 3 13 2 1 0 5 89 6 1 1 15 4 2 0 1 5 29 7 4 1 8 11 2 9 15 5 2 20 6 0 11 2 5 2 0 10 0 2 0 1 0 2 3 11 1 2 0 1 3 4 4 2 1 2 0 2 16 0 1 1 0 3 1 3 1 12 3 0 0 8 1 2 1 2 0 0 4 0 0 5 
19 23 28 3 1 20 37 7 6 17 5 30 55 88 42 61 45 18 18 6 12 19 3 21 7 1 1 16 75 6 2 5 7 2 4 0 2 11 34 21 8 1 11 7 11 6 5 0 7 20 3 1 4 7 1 0 4 6 0 3 0 2 1 1 3 7 0 5 4 1 2 0 2 1 1 0 1 1 8 1 1 1 1 2 1 3 0 3 3 0 0 7 2 1 1 2 0 0 2 0 0 5 
29 34 52 8 8 18 37 26 7 10 21 29 49 67 42 67 45 21 17 5 18 15 4 15 10 2 0 24 51 2 4 1 8 1 1 0 3 10 52 15 7 2 8 2 7 12 6 4 4 17 1 4 2 7 3 4 3 9 0 0 1 2 0 5 5 11 1 3 0 2 4 2 2 4 2 1 0 2 6 2 0 0 0 8 2 1 1 6 0 0 0 9 1 1 1 0 0 1 2 0 0 5 
25 24 12 4 1 8 9 6 5 1 3 14 22 54 13 40 28 10 14 7 3 5 2 15 14 0 1 15 22 0 1 3 9 0 0 1 2 2 17 4 1 1 0 1 1 4 2 1 2 13 5 6 10 8 0 3 2 6 0 2 1 1 0 1 3 3 3 2 0 2 3 4 1 3 4 3 0 1 15 0 0 4 0 2 1 4 0 7 2 0 0 5 0 1 1 0 0 0 0 0 0 1 
11 11 11 2 8 11 10 9 20 9 2 14 19 36 7 44 19 13 8 8 7 8 2 10 9 0 1 14 18 5 1 1 4 0 0 0 3 3 28 12 0 0 3 3 4 5 7 1 1 23 2 2 3 2 1 1 2 1 0 1 0 1 0 3 0 3 2 1 0 2 5 1 0 1 1 2 0 1 3 0 1 0 1 0 1 0 2 2 0 0 0 5 1 0 0 0 0 0 0 0 0 3 
21 52 34 2 6 19 26 36 21 12 21 7 20 55 19 57 45 21 22 10 12 9 5 37 14 4 2 40 65 10 3 4 6 3 1 0 2 3 25 8 4 1 10 6 8 17 4 2 2 47 6 1 8 4 0 1 1 6 0 5 2 3 2 0 1 4 1 0 1 0 1 5 2 3 2 5 0 1 10 0 1 0 0 0 1 0 2 2 1 0 0 11 2 2 2 4 0 1 1 0 0 7 
51 68 29 6 17 42 52 55 58 35 35 31 6 69 42 66 52 29 40 17 24 20 16 54 34 3 0 59 65 12 5 3 17 1 6 3 7 4 36 11 14 3 3 13 5 10 13 1 1 35 7 4 3 3 3 0 4 3 0 2 2 4 1 1 2 3 1 4 0 0 6 3 0 2 5 3 3 3 13 1 0 0 3 1 0 0 0 5 1 0 0 8 0 5 0 1 1 0 4 0 0 6 
52 114 55 9 23 58 51 44 60 57 21 43 28 11 19 45 52 58 50 33 32 41 17 77 45 7 5 90 40 7 1 6 3 0 3 0 3 2 22 16 14 1 9 8 6 17 4 1 5 34 8 7 19 8 2 2 7 9 0 5 3 2 0 0 0 1 0 0 0 1 1 1 2 0 0 1 0 4 20 0 1 0 0 0 0 0 0 3 4 0 0 8 0 3 1 0 0 2 4 0 0 5 
34 72 50 3 10 32 44 42 38 38 13 17 32 33 12 32 70 28 39 11 24 19 20 63 39 7 8 113 43 3 7 1 7 0 2 0 5 1 6 20 12 1 5 4 6 8 2 2 1 21 11 5 3 6 0 0 6 10 0 4 1 0 1 0 0 0 0 0 2 0 1 1 3 3 8 0 0 2 11 1 0 0 0 0 0 5 0 4 2 0 0 7 1 6 1 1 0 0 2 0 0 1 
39 64 42 5 19 37 54 47 46 54 20 40 57 36 18 29 72 68 47 17 44 43 33 123 32 6 2 98 69 21 12 23 26 9 20 11 41 3 15 21 17 1 8 11 20 20 10 6 0 36 8 5 10 15 5 2 5 5 0 9 2 3 0 4 2 2 0 0 0 0 0 1 1 1 6 5 1 4 32 3 0 2 0 0 1 3 3 15 3 0 0 13 4 1 0 2 0 0 6 0 0 5 
33 40 29 8 9 30 37 45 29 41 26 33 39 117 33 76 16 36 44 33 55 29 33 115 27 4 6 96 55 45 19 29 48 15 26 8 45 12 73 37 22 5 12 17 19 43 24 5 4 55 7 11 13 7 6 1 6 6 0 2 0 4 1 4 3 0 0 2 0 0 0 2 1 1 5 4 0 1 29 3 2 0 1 0 0 4 6 11 2 0 0 11 6 0 1 0 0 1 1 1 0 11 
15 27 17 3 9 12 13 26 28 17 9 24 39 106 45 87 34 7 36 10 19 15 26 44 22 8 5 44 47 19 10 15 25 6 21 10 23 7 60 18 13 5 21 19 14 24 14 3 7 64 9 4 8 2 1 0 1 14 0 1 2 1 0 2 0 0 0 0 0 0 1 0 0 1 3 1 0 5 10 4 2 2 1 2 0 6 2 10 1 0 0 3 0 1 0 0 0 0 0 0 0 8 
20 21 20 0 3 15 21 20 22 23 10 15 31 97 25 63 44 26 3 15 30 12 12 51 23 5 4 72 58 16 6 6 11 9 10 8 22 14 24 9 4 3 7 9 6 7 7 3 6 25 3 1 7 2 1 0 5 2 0 0 0 0 1 1 1 0 1 0 1 0 0 0 0 1 0 0 0 2 4 1 1 0 0 2 0 1 1 0 0 0 0 3 0 0 0 0 0 0 1 0 0 1 
12 20 5 0 7 10 10 11 14 8 7 16 26 51 23 67 30 10 23 11 8 6 6 24 11 14 4 76 14 6 1 5 7 1 2 0 14 4 31 13 7 2 3 6 6 9 9 6 1 20 2 0 1 0 0 1 0 4 0 1 1 0 0 1 0 0 0 0 0 0 0 1 0 0 2 0 0 2 9 0 0 0 1 1 1 3 0 9 0 0 0 2 0 0 0 0 0 0 0 0 0 3 
10 6 10 2 5 8 12 15 8 15 2 11 27 78 41 133 98 34 49 4 4 9 28 34 13 16 14 69 30 5 4 5 4 1 8 7 13 1 38 11 8 1 4 8 8 6 7 3 2 26 1 0 0 0 1 0 0 1 0 0 0 1 0 0 0 0 0 0 0 0 1 0 0 0 0 0 0 0 4 0 3 0 0 0 0 1 1 5 1 0 0 1 0 0 0 0 0 0 0 0 0 1 
10 13 9 5 1 8 6 17 16 16 1 16 23 90 26 77 45 13 16 1 18 7 11 35 5 15 8 87 28 4 2 0 8 1 1 4 7 8 42 7 8 1 1 7 5 8 6 2 3 14 0 1 1 0 0 2 2 3 0 1 0 1 0 1 0 0 1 0 0 0 0 0 0 1 0 1 0 2 2 0 0 0 0 1 0 1 1 3 1 0 0 5 0 0 0 0 0 0 0 0 0 1 
7 4 2 0 1 7 7 6 22 10 10 18 15 51 20 82 41 23 23 5 31 6 7 23 13 8 17 63 12 0 4 2 14 4 3 2 4 7 24 6 7 2 1 3 6 7 11 1 3 30 2 3 2 2 0 0 2 0 0 0 0 1 0 0 0 0 0 1 0 0 0 0 0 0 1 1 0 0 7 0 0 0 0 1 0 2 2 2 1 0 0 0 1 0 0 0 0 0 0 0 0 1 
13 24 12 2 4 16 15 14 19 30 12 22 40 80 51 139 93 31 40 18 39 14 14 17 8 51 33 86 24 7 5 3 29 6 10 2 29 9 65 19 9 0 2 11 14 23 16 1 12 70 14 2 5 6 1 0 3 1 0 2 1 1 0 2 0 0 1 0 0 0 0 0 0 0 4 3 0 2 14 0 1 0 0 2 0 6 2 20 3 0 0 8 0 0 0 1 0 0 0 0 0 2 
16 27 11 4 11 24 18 13 9 41 6 29 46 55 51 146 42 33 45 27 26 10 10 21 12 7 23 86 15 12 9 4 120 8 20 9 20 12 61 17 40 4 20 26 20 30 27 13 8 128 23 10 23 10 7 2 2 6 0 1 1 4 1 1 1 1 1 0 0 0 0 0 0 3 7 10 1 2 20 4 0 2 1 5 4 4 1 45 5 0 0 13 2 0 1 1 0 1 0 0 0 7 
2 2 2 0 0 0 0 2 2 1 1 1 7 7 5 14 12 8 4 3 14 29 8 33 7 1 0 10 0 1 0 2 0 0 2 2 3 1 10 1 6 0 0 0 0 0 1 0 0 3 1 0 0 0 0 0 0 0 0 0 0 0 0 0 0 0 0 0 0 0 0 0 0 0 0 0 0 0 1 1 0 0 0 0 0 0 0 0 1 0 0 0 0 0 0 0 0 0 0 0 0 0 
0 1 0 0 2 1 2 0 1 2 1 0 2 8 5 12 3 5 3 6 12 6 8 18 6 1 1 33 0 2 0 2 0 1 2 0 2 0 8 0 1 0 0 0 0 1 1 0 0 2 0 0 2 0 0 0 0 0 0 0 0 0 0 0 0 0 0 0 0 0 0 0 0 0 0 0 0 1 1 0 0 0 0 0 0 0 0 1 0 0 0 0 0 1 0 1 0 0 0 0 0 0 
12 22 12 6 8 18 12 14 17 27 17 32 66 134 81 154 102 46 72 52 95 46 42 76 24 12 37 12 15 5 1 8 24 4 6 4 36 26 90 26 36 2 20 15 24 13 25 2 17 96 10 1 12 5 4 0 2 6 0 3 4 1 0 2 0 2 0 0 0 0 1 0 0 0 1 4 0 2 7 0 2 0 4 2 0 3 2 25 2 0 0 12 3 0 1 1 0 0 0 0 0 9 
9 21 29 3 5 47 12 16 11 7 8 6 16 14 13 11 7 3 3 0 2 1 4 3 2 0 3 4 1 1 0 0 3 0 0 1 0 2 3 3 3 1 2 0 1 2 2 2 1 3 0 1 0 1 2 0 0 2 0 0 0 1 1 0 2 0 0 1 0 0 0 0 1 1 0 0 0 0 1 1 0 0 0 0 0 1 1 0 0 0 0 0 4 0 1 0 0 0 0 0 0 1 
1 4 4 0 0 2 1 3 5 3 7 10 7 7 8 22 33 17 12 9 3 3 0 13 5 1 0 2 13 29 90 100 328 63 139 140 388 133 317 104 62 2 63 51 57 79 39 22 25 192 11 5 7 8 2 0 1 7 0 5 2 12 0 11 17 37 4 7 5 3 7 13 3 0 1 2 3 2 26 2 1 1 3 10 2 15 6 64 11 0 0 42 4 7 9 3 3 4 7 0 1 35 
2 3 1 1 0 1 1 3 1 1 0 3 2 3 1 7 25 9 9 7 0 0 3 2 3 0 0 2 4 87 6 60 124 31 53 53 165 54 103 39 23 1 23 14 24 17 21 8 6 45 3 1 4 2 0 0 1 4 0 0 0 4 1 5 8 23 3 2 3 3 4 1 1 0 2 0 2 2 8 0 0 0 0 1 0 4 1 12 5 0 0 13 4 4 1 6 0 2 2 0 0 16 
5 0 7 0 0 8 4 0 2 1 0 2 9 3 8 15 34 19 10 1 2 2 3 4 6 0 0 9 11 113 61 17 114 35 82 49 294 121 212 87 69 11 46 68 32 61 36 15 17 153 9 2 7 6 1 2 2 6 0 3 4 8 0 9 18 25 7 5 3 2 2 4 1 5 4 5 3 3 20 2 2 1 0 4 4 13 2 19 8 0 0 37 4 7 5 7 1 3 7 2 0 14 
9 13 12 1 2 11 15 5 2 6 2 8 5 9 7 19 24 21 17 8 14 5 2 38 28 1 1 27 13 248 84 105 15 34 79 108 374 141 246 146 96 11 105 81 80 137 85 53 63 500 19 13 36 16 11 12 8 12 0 24 6 6 0 12 12 21 7 8 3 18 9 19 5 9 10 8 1 10 53 6 6 5 2 5 3 15 12 106 18 0 0 44 12 9 10 15 2 14 4 2 0 58 
3 3 1 2 1 0 0 3 0 0 0 2 1 4 1 7 23 6 5 5 1 2 0 15 3 0 1 4 6 47 29 35 46 6 27 12 118 50 118 54 27 3 30 34 23 38 21 8 6 69 14 5 14 5 6 4 0 12 0 1 2 10 4 3 11 23 4 8 1 8 4 15 6 8 7 3 2 1 19 0 1 1 0 0 0 5 1 20 3 0 0 19 0 3 3 9 1 2 0 0 0 12 
2 4 2 0 0 2 1 2 2 2 1 5 2 2 9 7 26 15 12 5 0 1 6 7 6 0 1 13 12 140 59 70 117 27 11 39 155 69 154 88 50 7 47 63 45 50 32 14 19 114 6 1 14 1 1 3 8 12 0 5 2 10 2 8 5 20 3 3 3 9 9 23 13 2 4 0 2 2 23 0 0 0 0 7 0 9 4 26 10 0 0 32 7 5 7 14 1 6 3 2 1 16 
2 2 4 0 0 4 4 4 1 1 0 1 0 0 2 13 17 12 3 3 4 4 1 10 3 0 0 5 3 139 67 90 102 19 45 7 187 54 125 54 39 2 37 34 37 45 22 16 13 96 6 4 3 4 4 4 4 3 0 0 1 1 3 6 4 12 5 5 3 3 5 4 7 1 1 1 0 0 9 1 0 0 0 0 1 11 4 15 4 0 0 29 2 5 4 8 0 4 3 1 0 21 
2 6 10 0 2 4 0 2 4 7 0 6 3 1 0 33 28 22 16 4 9 8 5 29 7 0 2 18 3 307 120 201 257 96 135 191 17 101 322 279 124 41 108 129 121 131 88 38 36 326 17 12 21 9 3 1 7 14 0 3 1 16 7 19 15 19 11 19 11 9 21 15 7 7 11 2 2 1 27 6 4 4 0 2 0 14 7 68 24 0 0 74 7 21 14 15 2 21 15 0 4 41 
5 10 9 3 8 7 9 8 5 3 2 5 13 7 3 3 21 10 4 7 8 3 4 19 5 2 1 10 23 133 40 98 111 37 55 46 126 10 151 153 103 21 84 108 78 91 84 22 38 225 6 0 13 4 2 3 1 2 0 2 2 9 5 8 4 2 4 2 3 1 4 3 15 5 0 0 0 0 12 0 6 0 0 1 2 9 9 44 18 0 0 61 15 18 8 7 2 6 10 0 2 30 
4 24 12 2 2 6 10 10 16 13 8 6 14 10 5 10 26 16 27 12 18 5 10 39 13 4 3 39 19 131 54 105 145 74 90 49 298 100 14 249 108 21 85 104 87 134 82 36 24 301 7 5 11 8 1 3 9 7 0 2 6 9 4 18 22 17 6 3 5 3 10 9 10 8 3 5 0 1 22 3 4 3 2 7 1 10 12 53 18 0 0 104 7 18 13 9 1 12 10 2 0 39 
11 15 15 1 4 11 9 10 12 9 9 19 16 18 11 19 30 21 13 9 8 2 1 25 6 1 6 24 44 101 50 78 140 63 94 52 432 173 406 22 47 22 62 131 74 160 94 30 42 245 9 4 12 2 1 1 4 6 0 4 3 15 2 13 11 15 0 2 1 0 14 4 5 9 8 7 0 8 14 3 1 5 5 8 8 7 3 19 16 0 0 49 13 1 7 9 1 4 4 0 1 23 
3 18 11 2 2 4 5 4 6 13 5 10 15 12 2 8 31 18 11 2 12 2 4 20 8 1 0 24 26 78 23 49 109 35 60 34 184 94 215 64 9 17 59 100 53 107 76 28 20 225 4 1 3 4 1 3 0 3 0 1 1 6 4 7 11 11 3 3 0 5 4 2 3 4 5 1 1 5 11 7 11 3 2 10 7 11 9 16 23 0 0 59 14 11 10 9 2 8 4 3 2 31 
0 2 0 0 0 1 1 3 3 1 0 3 1 2 1 0 9 1 6 1 3 0 2 2 3 0 0 1 10 9 5 4 15 6 5 6 38 14 30 25 29 3 17 29 12 23 14 6 4 32 0 0 0 0 0 1 0 2 0 0 0 0 0 3 1 1 2 1 0 0 1 1 1 0 2 1 0 1 4 3 3 1 0 8 3 6 4 16 7 0 0 14 8 3 2 5 2 0 0 0 1 6 
3 7 7 1 0 7 7 4 3 8 7 4 4 9 8 9 25 11 6 5 7 5 7 7 6 0 0 9 11 53 14 43 106 25 52 27 138 80 127 73 74 18 29 73 56 104 81 28 32 188 4 4 22 5 0 1 1 3 0 2 1 3 0 8 6 6 2 0 0 0 3 2 3 3 4 5 2 8 33 17 24 5 15 54 18 51 32 75 38 0 0 79 27 32 24 40 6 28 19 4 2 101 
9 8 8 1 4 11 6 6 7 4 2 7 6 9 8 7 28 23 14 7 8 5 2 21 12 0 2 12 15 53 23 37 101 20 56 33 153 92 203 115 65 29 77 18 119 218 110 60 63 308 15 9 19 10 2 2 3 7 0 2 4 3 2 3 5 6 3 3 7 2 6 2 3 2 22 7 1 11 35 24 24 17 20 94 24 107 73 101 67 0 0 209 39 61 40 80 11 51 30 3 5 90 
11 11 9 1 3 6 2 1 11 4 2 8 16 7 2 9 19 7 11 4 9 6 3 29 10 0 0 16 11 58 20 31 123 27 35 40 171 84 139 103 40 15 84 158 10 184 105 82 73 308 7 1 9 4 0 1 2 5 0 2 3 2 0 7 4 16 3 6 3 1 6 4 5 11 5 5 2 6 14 8 8 11 6 23 17 28 17 63 31 0 0 61 15 23 25 29 4 14 17 1 4 71 
14 8 12 1 1 9 8 4 7 9 8 7 4 9 7 10 22 16 16 3 7 10 1 16 14 0 1 12 19 57 23 49 147 27 40 43 161 89 190 126 71 13 79 204 125 24 196 141 133 464 12 13 18 10 5 3 3 4 0 2 3 6 1 7 8 12 2 2 5 1 1 8 7 14 13 7 4 8 34 10 5 19 13 55 21 31 37 95 27 0 0 111 26 23 22 20 8 27 31 8 5 98 
9 10 16 1 1 8 9 6 13 7 9 9 18 10 2 6 13 14 26 2 5 3 4 22 12 0 0 13 24 54 22 27 156 20 35 35 140 101 127 102 85 16 42 131 121 211 17 89 57 327 13 7 17 3 1 0 0 4 0 3 0 3 0 4 12 14 4 3 1 0 2 3 8 7 14 9 1 5 27 13 19 9 5 34 15 50 18 100 18 0 0 90 19 31 11 23 5 16 19 1 5 92 
2 3 3 0 3 1 1 3 4 5 3 5 8 2 3 5 11 7 5 4 1 1 4 18 4 2 0 7 8 19 8 20 97 11 19 12 77 30 95 50 33 7 39 85 61 255 120 5 54 279 4 3 4 4 1 0 4 1 0 1 1 2 1 1 2 3 0 0 0 0 0 2 1 7 5 1 0 2 12 1 5 8 2 6 6 15 12 57 8 0 0 50 5 12 5 10 0 11 17 2 0 44 
10 11 0 1 3 1 1 3 8 5 2 5 4 5 4 6 5 5 9 2 4 0 1 13 4 0 1 9 16 34 7 24 127 23 20 21 71 41 89 62 46 14 56 100 102 180 140 62 12 406 5 0 6 1 2 1 3 1 0 3 3 5 1 1 3 9 0 1 0 1 1 3 2 6 9 3 0 2 20 13 5 10 9 17 5 21 11 92 11 0 0 80 12 17 19 6 4 10 9 5 0 61 
52 60 31 8 9 15 10 23 31 46 12 19 22 34 13 36 49 40 32 22 15 13 10 112 38 4 2 72 61 183 42 101 717 46 84 95 408 207 507 230 250 31 141 301 226 537 255 203 165 38 25 12 53 17 2 8 13 18 0 8 8 15 6 18 25 29 9 12 13 7 20 14 18 22 35 26 6 11 89 18 31 37 38 89 22 60 50 552 50 0 0 286 27 43 67 32 7 45 66 6 10 261 
6 7 4 1 2 6 4 3 4 2 1 8 6 18 12 19 11 6 9 3 1 0 4 12 5 0 1 9 3 10 2 10 38 14 13 8 15 3 40 5 4 0 8 19 7 15 8 5 4 65 4 15 42 12 7 8 14 19 0 43 8 3 4 11 22 28 3 15 3 17 5 14 9 21 9 7 0 7 100 9 8 4 7 31 9 14 5 46 9 0 0 13 3 11 3 1 0 4 14 2 0 12 
0 0 1 0 0 4 4 2 1 0 2 5 3 11 9 10 7 3 5 2 0 0 0 7 3 0 0 4 12 5 4 5 33 5 2 2 23 3 13 13 6 1 6 3 8 11 10 1 1 25 7 3 31 17 9 4 5 10 0 14 5 1 1 5 2 18 2 4 3 2 3 6 10 9 5 4 0 4 71 6 7 2 1 10 4 6 5 31 2 0 0 9 0 1 2 2 1 3 1 0 0 6 
4 17 9 0 7 6 3 4 2 7 4 6 5 17 17 15 8 3 5 1 0 4 3 17 6 0 0 9 13 11 5 9 65 3 9 10 16 8 43 8 10 1 7 15 5 22 14 6 7 77 28 11 9 18 16 3 13 34 0 24 8 2 5 27 16 37 7 13 4 12 10 13 9 11 6 0 0 6 101 10 6 3 5 32 4 24 9 46 7 0 0 23 1 3 5 6 1 2 11 0 1 34 
4 13 3 1 0 6 0 4 4 4 3 4 5 22 3 11 9 2 3 0 0 2 2 4 2 0 1 5 10 6 2 7 25 7 5 6 20 0 20 5 5 1 5 6 4 9 7 1 4 15 14 18 24 2 6 2 11 23 0 17 11 2 4 19 15 12 10 7 5 5 5 10 9 9 1 1 1 3 89 7 9 0 8 12 6 7 2 17 3 0 0 7 1 4 6 2 0 2 0 1 0 4 
1 4 2 0 2 3 3 0 3 3 0 5 3 3 1 6 5 4 8 0 1 0 0 5 1 0 1 5 1 1 1 6 12 4 2 2 5 0 4 3 0 0 8 5 2 3 0 0 5 6 16 3 13 5 1 2 2 15 0 9 6 0 0 9 7 5 0 2 2 2 5 1 3 13 5 5 0 2 43 4 2 0 0 10 3 0 3 9 1 0 0 12 0 1 0 1 0 2 3 1 1 5 
3 0 3 0 0 0 2 1 0 2 4 0 3 7 2 6 2 2 0 1 0 0 0 0 0 1 0 2 2 1 0 1 4 1 3 1 3 0 6 0 5 0 0 3 0 0 0 1 1 4 2 4 5 5 4 0 9 15 0 2 1 0 2 12 4 4 4 5 0 1 0 1 2 3 0 1 3 6 25 4 3 2 0 2 3 4 0 2 2 0 0 2 0 3 2 1 0 0 1 0 2 3 
4 3 5 0 0 3 4 4 4 1 2 2 4 10 0 6 8 2 4 1 0 0 0 5 3 0 0 5 4 4 3 6 20 5 5 4 6 0 14 2 6 0 6 4 7 5 2 2 1 15 25 16 18 14 7 6 4 15 0 15 7 6 4 11 12 16 7 12 1 10 6 3 3 4 3 6 1 2 51 11 4 6 2 12 13 10 0 13 5 0 0 5 3 8 3 2 1 0 3 0 0 13 
6 1 4 1 1 3 2 2 1 3 1 8 7 39 12 9 4 6 4 2 2 1 0 4 0 0 0 5 4 7 4 6 32 8 11 0 17 1 20 3 12 0 2 8 3 7 1 0 2 17 16 4 28 19 12 8 8 0 0 18 7 8 1 17 20 14 6 6 2 9 6 4 5 4 8 6 8 12 86 17 4 4 4 26 3 10 3 21 4 0 0 16 2 7 7 6 0 4 1 0 1 12 
0 0 0 0 0 0 0 0 0 0 0 0 0 0 0 0 0 0 0 0 0 0 0 0 0 0 0 0 0 0 0 1 0 0 0 0 0 0 0 0 0 0 0 0 0 0 0 0 0 0 0 0 0 0 0 0 0 0 0 0 0 0 0 0 0 0 0 0 0 0 0 0 0 0 0 0 0 0 0 0 0 0 0 0 0 0 0 0 0 0 0 0 0 0 0 0 0 0 0 0 0 0 
16 8 5 0 6 4 6 4 4 1 4 10 13 25 9 16 23 11 6 1 7 3 3 19 6 0 2 16 17 11 3 7 10 2 8 0 2 2 22 6 3 0 9 8 1 6 5 3 1 22 19 12 31 15 17 5 5 17 0 8 1 7 1 9 12 21 9 11 5 7 9 5 8 11 10 5 3 1 34 0 4 1 2 7 5 6 2 11 5 0 0 7 1 2 1 1 0 0 0 0 2 5 
1 2 3 2 0 0 0 1 2 0 0 0 3 1 0 0 1 3 1 0 3 0 0 1 0 0 0 2 3 6 2 3 8 6 2 1 2 2 10 4 2 0 2 6 3 2 1 1 0 7 6 3 6 6 1 2 2 9 0 2 1 9 4 1 5 9 1 9 7 4 7 10 9 10 2 1 1 1 12 1 1 1 1 0 2 5 0 5 0 0 0 3 1 0 0 0 0 0 0 0 0 4 
2 6 1 0 1 4 3 4 1 7 1 5 7 10 3 8 3 2 1 1 2 1 1 3 3 1 0 1 2 16 2 9 13 18 19 7 28 12 30 14 11 0 3 8 9 12 7 11 5 37 4 1 4 4 3 0 2 8 0 5 8 2 2 25 16 34 2 12 3 11 3 5 7 6 2 0 1 4 26 2 3 5 0 2 5 4 6 12 2 0 0 18 1 1 1 0 1 1 5 0 0 3 
0 0 0 0 0 2 2 1 1 0 0 1 0 0 0 2 1 0 0 1 0 0 0 1 0 0 0 1 2 1 0 2 2 1 6 3 16 2 14 0 1 0 1 1 2 0 1 0 0 2 3 1 2 7 0 1 0 9 0 4 4 1 0 3 4 4 1 1 5 2 3 1 3 1 1 1 0 0 4 0 0 0 0 0 0 0 0 4 1 0 0 2 0 0 2 0 1 0 0 0 0 1 
5 3 1 0 0 1 7 0 3 3 2 0 5 0 1 1 2 0 0 0 0 1 0 1 3 1 0 2 2 11 7 10 5 2 16 0 22 6 13 9 10 0 7 13 3 4 2 2 5 17 10 7 16 14 10 4 10 10 0 8 4 17 0 3 7 18 5 12 3 1 5 14 7 12 9 1 0 0 18 0 1 1 0 0 0 4 2 2 3 0 0 12 1 0 0 1 0 1 0 0 0 3 
3 6 3 2 2 1 1 3 3 0 0 4 0 1 0 2 2 1 0 0 1 1 0 1 2 0 0 1 16 23 16 6 11 7 6 6 29 20 43 19 21 2 7 11 13 14 9 8 2 31 25 11 17 3 9 2 7 9 0 13 7 11 9 18 3 12 15 22 14 23 28 35 31 23 4 2 5 4 24 7 3 2 2 2 2 6 1 10 2 0 0 12 1 2 1 3 0 0 3 0 0 5 
17 14 9 0 0 10 7 7 5 5 1 4 10 0 0 2 3 0 0 0 0 0 1 1 2 0 0 4 5 54 36 23 34 17 19 9 39 16 41 18 16 1 13 18 24 19 4 7 7 40 27 15 46 40 9 7 26 28 0 35 30 21 19 25 31 21 12 37 26 44 55 78 51 46 15 7 5 9 74 14 3 2 5 10 4 11 6 23 2 0 0 10 1 2 2 0 1 0 2 0 0 4 
3 0 5 1 1 2 3 2 1 1 2 2 3 0 0 0 0 0 0 0 0 0 0 0 1 0 0 0 5 8 3 10 7 6 4 2 19 5 8 6 2 0 3 2 1 6 4 3 0 9 4 2 14 11 3 2 1 5 0 11 6 4 9 10 24 15 4 2 6 20 10 14 15 11 4 1 1 0 15 2 9 1 1 1 1 5 0 7 0 0 0 4 0 0 0 0 0 0 0 5 0 0 
2 7 1 0 2 2 3 1 3 2 2 1 0 1 0 2 1 0 0 0 0 0 0 0 0 0 0 0 10 10 4 6 8 12 8 5 14 3 19 8 8 0 1 8 3 9 3 3 3 18 7 6 22 7 1 3 9 9 0 17 6 15 8 15 19 29 5 1 12 23 19 32 25 22 5 0 0 9 19 5 8 2 2 0 1 3 1 4 2 0 0 1 0 0 0 0 0 1 1 0 0 2 
0 1 0 0 0 3 1 1 0 3 0 0 1 0 0 0 1 0 0 0 0 0 0 0 0 0 0 0 5 4 5 4 9 6 5 1 11 1 9 4 4 0 3 2 1 2 0 0 0 4 1 2 3 1 2 2 2 4 0 4 2 4 4 4 7 31 5 10 1 9 28 18 14 8 0 0 0 9 9 0 1 1 0 1 2 1 0 1 0 0 0 0 0 3 0 0 0 0 0 0 0 0 
2 1 3 0 0 2 2 2 1 4 2 1 4 2 0 1 1 0 0 0 0 0 0 0 0 0 0 0 12 14 4 6 10 8 15 6 15 6 13 6 9 0 4 1 0 11 3 0 0 12 6 4 25 7 4 3 2 5 0 10 7 11 4 15 28 70 18 22 17 4 30 32 27 46 4 1 0 1 22 2 4 1 0 6 0 4 0 3 0 0 0 2 0 0 0 0 0 0 0 0 0 0 
6 4 2 0 0 1 1 1 3 7 1 1 2 2 4 2 1 0 0 0 0 0 0 0 0 0 0 0 7 12 5 1 21 2 7 4 50 7 28 0 7 1 3 8 6 15 5 1 0 16 10 6 3 6 3 7 4 8 0 17 6 4 6 12 26 34 11 21 20 17 5 54 21 21 2 0 0 1 37 4 2 1 4 7 1 10 7 4 0 0 0 7 0 1 1 1 0 0 0 0 0 2 
1 0 2 0 0 5 3 4 4 1 0 4 2 0 0 0 2 0 0 0 0 0 0 0 0 0 0 0 11 1 2 1 18 11 13 10 28 5 16 8 6 0 2 2 7 11 3 0 5 13 5 5 18 4 3 2 5 17 0 20 3 4 4 15 36 50 15 29 14 18 22 5 21 31 2 0 0 3 18 1 4 0 5 9 1 2 1 7 1 0 0 2 0 0 0 0 0 0 0 0 0 2 
2 5 6 0 1 0 7 2 3 2 5 3 7 0 5 0 4 1 1 0 0 0 0 3 0 0 0 0 5 8 1 7 19 16 12 8 33 16 25 12 3 0 4 7 8 4 9 7 2 27 13 6 21 5 3 5 4 2 0 10 10 7 7 25 38 61 24 32 17 41 36 49 3 23 6 5 1 5 38 5 7 4 6 14 3 1 1 6 1 0 0 6 1 1 0 2 0 2 0 0 1 1 
4 2 0 1 1 0 1 5 0 2 2 2 1 3 2 1 0 0 1 0 0 0 0 0 0 0 0 1 6 3 1 2 7 12 7 2 23 5 13 4 6 0 3 4 4 2 8 1 0 19 25 3 12 3 4 3 3 8 0 22 9 2 3 16 19 36 12 20 11 42 11 25 14 1 2 2 1 2 30 3 6 3 3 8 2 5 2 5 0 0 0 1 0 1 0 0 0 0 0 0 0 1 
0 1 1 0 0 2 1 0 1 1 1 1 10 23 3 5 2 1 0 2 0 0 2 2 4 0 0 4 4 3 0 3 20 3 1 0 8 2 18 2 0 2 11 13 13 13 10 4 1 41 7 4 2 0 4 1 6 14 0 16 1 1 0 11 5 13 1 2 1 4 5 3 2 6 1 5 8 15 159 26 16 2 11 83 11 20 4 50 15 0 0 27 4 14 7 2 1 6 8 1 0 21 
1 0 5 1 2 0 1 1 1 7 3 1 6 10 0 6 6 2 2 1 0 0 0 1 0 0 0 2 1 6 1 5 10 3 1 1 7 1 14 3 5 0 10 13 11 10 10 5 3 40 9 3 4 4 1 2 3 22 0 10 4 2 0 7 3 7 2 1 4 0 0 5 3 10 7 5 2 22 138 25 22 3 9 60 14 21 11 33 13 0 0 17 2 11 5 7 1 5 8 0 2 21 
3 0 1 0 0 0 2 0 0 2 0 0 6 1 0 2 2 2 2 0 0 0 0 2 0 0 0 3 0 1 2 5 0 2 1 0 1 0 1 2 1 0 1 1 4 1 2 0 4 3 2 0 3 5 1 3 5 5 0 8 1 1 1 0 5 4 0 1 3 1 0 2 0 2 1 6 1 8 52 4 6 7 7 30 5 14 0 15 1 0 0 3 2 1 2 0 2 3 1 0 2 1 
3 0 2 0 1 2 3 6 2 0 1 1 5 5 2 3 5 5 0 1 0 0 0 1 0 0 0 1 9 2 0 2 3 3 1 1 1 2 1 7 1 0 9 11 5 7 11 3 3 19 4 2 16 1 2 6 5 12 0 4 1 0 3 3 5 2 1 0 1 3 0 0 1 8 13 19 5 5 65 16 13 7 10 51 7 13 6 22 5 0 0 8 0 6 4 0 3 4 6 0 1 6 
9 16 3 2 3 11 4 7 6 12 3 7 12 32 14 19 17 11 7 3 5 1 1 22 5 0 1 8 14 23 12 13 50 22 15 2 30 8 31 16 4 3 15 52 10 27 18 4 10 58 71 32 66 37 41 28 30 92 0 24 11 8 13 25 22 37 8 16 10 13 20 17 18 32 91 85 43 49 20 61 56 23 23 135 31 27 24 89 18 0 0 45 6 21 17 12 4 8 9 1 1 22 
1 2 1 0 1 1 1 0 1 1 0 1 0 8 2 7 3 0 1 1 0 0 1 2 0 0 0 6 9 7 1 2 10 1 4 0 4 2 5 6 2 3 19 26 6 17 9 2 5 33 10 7 14 7 6 2 18 27 0 1 0 2 2 4 2 11 4 4 3 4 6 7 3 1 24 32 4 26 125 3 21 13 15 115 36 26 4 44 11 0 0 18 6 5 6 7 6 3 13 1 0 14 
1 4 2 0 0 0 0 0 1 3 1 0 0 3 0 0 1 1 1 0 0 1 0 0 0 0 0 1 3 5 0 10 3 1 2 2 1 0 2 5 4 1 17 27 2 9 6 0 5 38 6 4 14 11 4 1 3 9 0 1 1 7 0 2 4 7 3 4 1 3 2 7 1 8 3 15 4 11 99 15 8 5 13 89 30 23 14 35 9 0 0 24 5 2 7 10 2 7 8 0 3 15 
1 4 3 0 0 2 1 0 0 1 0 0 0 1 0 0 1 1 0 0 0 0 0 4 1 0 0 0 4 3 0 0 9 1 0 0 1 1 1 7 3 2 14 20 9 13 10 2 2 42 8 1 6 5 2 2 1 3 0 2 2 0 0 1 1 1 1 2 0 3 1 6 1 0 14 9 2 11 32 17 9 3 7 51 19 21 9 61 11 0 0 20 3 6 10 12 0 5 6 0 6 22 
0 1 0 0 1 2 1 0 0 0 1 0 0 0 0 0 0 0 0 1 1 0 0 1 0 0 0 1 3 1 1 3 3 1 1 0 0 1 9 6 4 2 13 17 6 8 9 2 4 43 3 5 6 3 3 3 6 3 0 1 0 1 0 3 6 6 1 0 2 3 1 2 2 3 12 10 4 9 61 21 18 11 2 126 27 19 10 44 5 0 0 30 10 10 6 4 0 3 4 3 0 16 
3 4 6 0 2 1 5 0 3 3 0 0 1 1 1 1 0 2 1 0 0 0 0 0 3 0 0 3 4 5 3 2 7 4 4 0 4 0 21 14 11 4 39 83 25 36 22 22 15 127 25 9 29 23 4 8 9 22 0 16 5 3 1 3 2 1 2 1 1 3 0 8 4 10 43 45 9 49 193 123 92 38 138 23 122 64 29 106 27 0 0 102 12 20 18 27 0 10 21 5 3 48 
2 2 3 0 0 4 1 2 0 2 0 0 1 1 1 0 0 0 1 0 0 1 0 2 1 0 0 0 10 3 0 2 5 0 0 0 2 2 12 10 9 2 20 39 20 34 15 4 5 36 3 9 6 8 2 5 3 15 0 3 1 1 1 0 2 5 1 2 0 3 0 2 0 2 12 6 3 6 77 27 28 16 28 130 8 45 13 68 16 0 0 49 12 16 4 5 1 10 8 4 3 21 
2 2 3 0 0 1 2 1 2 4 1 2 4 1 1 0 2 8 3 0 1 2 1 2 3 0 0 2 5 12 4 13 27 6 12 5 20 16 48 8 21 10 48 122 27 72 42 19 9 94 13 6 26 13 2 2 11 9 0 9 3 4 1 3 4 5 1 4 0 0 5 6 2 5 28 11 10 18 44 14 17 18 29 110 55 13 41 82 63 0 0 122 28 51 40 45 2 26 26 4 3 55 
3 1 4 0 1 4 2 1 4 2 0 0 2 0 0 0 2 4 1 0 2 0 0 4 1 0 0 5 9 7 5 4 22 5 6 5 28 17 47 12 10 6 24 80 8 47 14 21 7 54 8 8 7 1 1 2 3 5 0 10 2 4 2 2 4 3 1 0 0 0 2 4 0 1 15 7 0 7 33 13 13 11 13 43 21 26 4 41 22 0 0 90 12 17 12 23 1 11 5 0 4 33 
24 26 11 5 4 2 7 12 10 12 1 2 4 8 5 10 23 9 9 8 7 1 1 29 12 0 0 38 30 79 19 31 287 27 35 23 105 55 203 30 37 13 88 187 65 202 114 74 67 583 25 18 55 12 5 8 13 21 0 14 2 8 2 13 14 18 1 8 9 3 5 10 8 15 45 33 9 31 116 40 37 37 48 146 39 85 26 34 32 0 0 246 30 67 61 65 17 43 56 14 8 311 
2 4 3 0 1 3 4 0 2 4 0 2 2 3 0 2 8 5 3 1 1 0 1 5 8 0 0 4 2 18 0 10 47 7 11 10 51 21 51 20 11 11 46 77 20 42 18 11 9 72 9 5 6 8 2 0 3 2 0 1 0 0 0 2 3 5 1 1 0 0 1 2 4 2 11 4 0 4 23 10 8 6 6 34 13 49 21 43 10 0 0 88 13 17 18 8 1 8 22 3 1 72 
0 0 0 0 0 0 0 0 0 0 0 0 0 0 0 0 0 0 0 0 0 0 0 0 0 0 0 0 0 0 0 0 0 0 0 0 0 0 0 0 0 0 0 0 0 0 0 0 0 0 0 0 0 0 0 0 0 0 0 0 0 0 0 0 0 0 0 0 0 0 0 0 0 0 0 0 0 0 0 0 0 0 0 0 0 0 0 0 0 0 0 0 0 0 0 0 0 0 0 0 0 0 
0 0 0 0 0 0 0 0 0 0 0 0 0 0 0 0 0 0 0 0 0 0 0 0 0 0 0 0 0 0 0 0 0 0 0 0 0 0 0 0 0 0 0 0 0 0 0 0 0 0 0 0 0 0 0 0 0 0 0 0 0 0 0 0 0 0 0 0 0 0 0 0 0 0 0 0 0 0 0 0 0 0 0 1 0 0 0 0 0 0 0 0 0 0 0 0 0 1 0 0 0 0 
5 8 1 0 1 5 7 4 4 7 4 2 7 8 5 0 16 4 2 1 0 0 2 1 1 0 1 7 8 10 3 22 47 15 40 15 75 43 75 25 24 7 45 121 45 105 57 28 25 138 8 5 8 5 1 3 2 5 0 4 2 10 0 6 3 4 0 0 0 0 2 2 1 0 10 10 0 5 19 3 21 20 10 69 18 59 37 97 55 0 0 11 31 40 17 33 4 31 26 4 7 54 
1 3 1 0 1 2 2 3 2 1 0 0 6 3 3 3 4 0 0 0 0 0 0 0 0 0 0 3 0 3 2 3 7 1 6 3 22 13 27 15 13 5 48 69 20 30 19 9 9 53 1 3 5 1 0 1 2 0 0 0 2 2 0 0 2 0 0 0 0 0 1 0 3 0 3 3 0 8 6 4 7 2 6 43 5 27 17 34 15 0 0 70 6 4 7 11 0 20 11 3 1 39 
1 1 2 0 0 1 2 0 0 2 1 1 3 0 1 1 0 1 0 0 0 0 0 0 0 0 0 4 2 6 5 9 16 3 16 12 27 8 25 4 8 2 29 51 24 28 25 13 9 60 6 1 5 2 0 1 5 0 0 0 0 0 0 2 1 1 0 0 0 0 0 1 0 0 5 4 3 3 23 19 6 3 12 34 11 36 23 63 22 0 0 74 15 7 3 31 0 4 14 0 2 45 
2 0 3 0 0 0 2 0 0 3 0 1 0 2 0 0 7 0 1 0 0 0 0 0 0 0 0 1 0 7 7 5 13 0 3 3 14 13 21 11 11 2 13 29 14 34 16 7 5 74 4 0 3 1 3 3 3 4 0 0 0 1 1 1 0 0 0 0 0 0 0 0 1 0 2 3 1 0 21 5 3 6 3 19 9 15 26 42 9 0 0 27 16 8 1 6 1 2 4 0 3 43 
1 3 1 0 0 0 1 1 1 0 1 3 3 3 3 6 4 1 0 0 0 0 0 0 1 0 0 1 7 9 1 7 15 4 16 3 44 9 41 14 11 0 47 82 26 44 19 13 7 67 3 2 5 1 1 0 1 2 0 1 4 0 0 1 1 1 0 2 1 0 0 0 1 0 1 3 1 4 18 5 4 2 2 20 10 25 14 43 22 0 0 127 20 18 19 10 3 11 11 3 2 69 
0 0 0 0 0 0 0 0 0 0 0 4 0 0 0 0 0 0 0 0 0 0 0 1 0 0 0 0 0 1 1 0 2 0 1 1 3 3 6 1 0 1 4 14 4 9 3 3 0 8 0 0 0 0 1 0 1 0 0 0 1 0 0 0 0 0 0 0 0 0 0 0 0 0 1 0 0 0 2 1 1 1 1 8 2 7 2 8 1 0 0 12 2 2 3 2 0 2 2 0 1 9 
0 1 0 0 0 2 0 0 0 1 0 2 0 1 1 4 1 1 0 0 0 0 0 0 0 0 0 1 4 5 3 3 10 1 6 1 16 3 21 5 3 2 27 37 20 29 23 8 13 64 4 1 6 2 1 0 1 4 0 0 2 1 0 1 0 1 0 0 0 0 0 0 1 0 7 0 2 1 20 8 13 5 11 27 19 24 11 42 12 0 0 47 14 7 16 15 4 4 1 1 0 35 
0 2 1 0 4 2 0 0 0 1 1 0 0 2 0 0 1 0 0 0 0 0 0 0 0 0 0 0 2 6 0 0 7 0 3 1 20 5 28 8 11 3 20 27 28 39 21 4 14 60 3 5 11 2 1 0 1 3 0 0 0 1 0 0 0 1 0 0 0 0 0 0 0 1 5 4 0 7 13 6 3 13 7 26 4 15 10 39 6 0 0 59 3 8 11 7 2 1 6 2 0 17 
0 0 2 0 0 0 0 0 0 0 0 0 0 0 0 0 0 0 0 0 0 0 0 0 0 0 0 0 1 0 0 2 0 0 0 2 4 0 8 4 0 0 10 6 4 5 6 1 2 16 1 0 3 1 0 0 1 0 0 0 0 0 0 0 0 0 0 0 0 0 0 0 0 0 2 1 0 2 5 0 1 0 0 6 5 7 5 5 2 0 0 10 3 1 3 0 0 9 1 1 0 6 
0 0 1 0 0 0 0 0 0 0 0 0 0 0 0 0 0 0 1 0 0 0 0 0 0 0 0 1 0 3 0 0 0 0 0 0 5 0 4 1 0 1 9 16 2 5 5 0 0 4 2 0 0 0 0 0 0 0 0 0 0 0 0 0 0 0 0 0 0 0 0 0 0 0 1 2 0 2 3 0 3 0 0 1 3 5 0 6 1 0 0 9 2 4 1 7 1 2 3 3 1 0 
3 4 2 0 2 0 4 2 2 1 3 0 3 5 1 1 3 3 0 0 0 0 0 1 0 0 0 3 3 12 6 3 32 2 7 10 32 11 53 17 16 1 46 62 39 55 40 16 22 128 6 3 15 1 0 0 2 1 0 4 2 0 0 0 3 2 0 1 0 0 1 4 1 1 8 2 3 6 23 5 7 14 8 32 15 23 22 128 21 0 0 89 9 19 19 27 9 15 16 2 2 8 
