6 21 41 15 24 27 45 32 43 40 13 37 71 154 79 100 63 26 27 10 14 12 5 60 14 0 3 44 116 3 1 3 24 3 2 3 11 6 41 19 15 3 19 20 18 12 13 6 2 58 11 5 5 12 2 3 7 3 0 4 1 3 1 7 7 17 2 7 0 4 0 3 5 5 7 1 1 2 30 4 1 0 3 7 0 4 2 18 3 0 0 12 2 2 2 5 0 0 4 0 0 12 
14 17 36 5 15 21 38 37 48 26 10 39 83 139 76 89 71 39 21 10 10 9 8 38 5 3 0 28 111 1 3 5 27 8 3 1 4 7 66 20 26 6 14 10 21 30 14 6 5 52 3 10 12 6 4 5 3 9 0 2 0 4 4 3 10 18 4 3 1 3 3 5 8 5 0 3 0 2 26 2 3 1 2 10 4 12 2 30 1 0 0 13 5 3 1 3 0 0 8 1 1 8 
17 23 21 5 18 13 41 51 72 32 19 60 60 172 90 72 46 35 32 8 12 9 7 33 10 0 1 43 518 3 1 3 15 3 9 1 9 6 31 19 26 1 14 19 9 16 6 9 5 30 12 0 7 4 2 3 6 15 0 5 3 9 5 4 8 16 3 4 2 1 2 5 5 4 1 0 1 2 10 3 2 3 1 4 2 4 6 21 1 0 0 13 2 0 7 3 0 0 2 1 1 14 
13 21 36 2 4 5 24 8 21 2 6 7 8 27 10 17 11 7 1 1 1 1 2 8 5 0 2 3 30 1 4 2 5 1 1 1 1 0 7 8 1 0 2 0 3 1 1 0 0 12 2 1 0 2 3 0 0 0 0 0 7 6 0 2 0 1 0 1 0 4 1 1 0 2 0 1 0 0 4 0 0 0 0 2 2 1 1 3 1 0 0 1 0 0 0 0 0 0 2 0 0 4 
17 18 13 3 1 9 18 1 8 7 8 10 13 34 25 29 21 9 9 7 6 1 2 8 4 1 0 16 42 1 2 0 3 0 0 1 1 1 16 9 2 0 3 3 4 3 5 2 2 13 0 5 3 1 1 4 2 1 0 1 0 1 0 1 0 4 1 1 0 1 1 1 1 3 0 0 0 2 6 1 0 0 0 2 0 0 1 7 0 0 0 2 0 0 0 0 0 1 0 0 0 3 
41 67 35 8 17 10 20 23 19 22 18 48 89 165 98 105 91 37 37 14 23 9 11 34 9 2 0 31 167 1 0 2 12 0 4 1 1 5 37 12 14 4 14 11 11 18 15 5 3 29 10 5 10 8 3 2 6 3 0 1 4 2 0 2 5 15 1 5 0 5 4 3 11 10 4 6 2 6 19 1 1 1 1 2 1 5 4 17 0 0 0 10 7 2 4 0 0 2 3 0 0 4 
39 47 41 20 25 15 7 32 49 17 19 29 55 110 62 85 73 31 45 10 10 24 11 25 7 1 0 20 107 8 1 5 11 5 3 1 2 3 38 21 21 6 22 21 13 23 11 6 5 34 3 0 6 1 3 5 8 5 0 2 1 4 7 8 6 23 2 6 4 1 3 3 10 3 1 4 0 1 8 3 0 3 0 2 6 3 0 6 3 0 0 16 3 9 1 0 0 0 2 0 0 4 
19 39 43 6 5 13 30 10 11 8 12 38 83 164 66 94 62 44 35 24 16 10 6 25 10 0 0 26 74 2 4 3 16 9 2 3 1 6 31 15 11 4 13 11 7 14 19 7 3 30 9 3 9 2 4 2 8 5 0 0 4 8 1 4 11 12 7 2 3 1 7 2 6 0 0 7 1 3 6 0 0 1 3 2 3 1 0 11 1 0 0 23 4 1 0 6 0 0 3 0 0 4 
40 54 55 16 9 27 51 26 14 9 13 27 78 95 69 107 102 26 30 9 10 10 6 21 9 5 0 27 105 9 6 3 13 2 3 4 5 9 55 19 16 3 8 13 12 15 12 2 2 31 2 5 3 6 0 0 7 7 0 2 0 5 5 10 5 12 7 3 0 2 3 3 5 2 4 2 0 0 19 1 2 1 2 3 2 3 0 7 0 0 0 10 2 1 0 0 0 1 8 0 0 6 
22 35 34 1 4 15 12 18 11 4 11 6 37 75 49 91 58 26 22 5 6 8 4 39 17 0 1 32 45 3 1 3 5 2 2 0 6 3 31 10 15 2 1 5 5 3 2 2 0 13 2 3 6 8 6 4 1 4 0 0 0 3 0 2 1 8 1 0 1 1 2 1 7 2 2 1 4 4 20 3 0 1 1 1 0 1 0 6 0 0 0 7 1 1 0 0 0 0 0 0 0 1 
10 13 13 2 6 9 17 26 18 19 2 15 40 36 21 49 24 13 12 8 10 6 7 22 6 1 0 17 37 4 0 1 8 0 1 0 0 0 16 13 10 2 15 3 4 7 7 3 5 13 2 3 2 0 5 5 1 9 0 1 0 12 0 2 0 4 0 0 1 0 2 1 4 5 0 1 0 1 13 0 0 1 0 1 0 0 0 3 0 0 0 11 1 0 1 0 0 0 0 0 0 2 
24 73 47 13 24 24 23 28 41 15 7 9 23 65 52 53 68 49 39 18 21 20 6 46 23 0 1 67 42 13 5 3 11 5 2 4 1 7 22 25 7 2 5 6 11 27 10 3 3 41 3 2 4 4 1 0 7 8 0 7 4 5 1 3 1 7 1 2 1 2 2 2 4 7 1 2 0 1 18 0 2 4 0 0 0 0 0 5 1 0 0 19 3 1 1 0 0 0 3 0 0 9 
38 61 53 8 20 31 38 53 60 81 26 22 9 70 53 86 78 71 57 12 27 21 14 62 23 3 5 74 49 8 4 3 10 0 0 1 2 9 25 27 27 6 12 7 14 17 11 3 3 39 12 5 6 7 1 1 10 3 0 1 0 9 7 0 1 3 2 0 0 0 0 3 3 2 3 0 2 0 11 2 0 1 1 0 0 3 0 2 0 0 0 11 2 3 2 0 0 2 0 0 0 9 
39 65 55 4 14 44 31 42 47 32 15 23 26 11 12 53 68 43 73 35 43 31 17 79 37 9 4 166 33 5 0 2 7 4 1 0 0 4 14 21 8 9 5 5 5 4 5 2 6 41 9 3 7 6 2 5 3 7 0 5 0 0 0 0 0 2 1 0 0 0 1 2 3 0 2 3 0 1 16 1 0 0 0 0 0 0 1 1 1 0 0 18 1 0 0 0 0 2 0 0 0 3 
48 78 71 7 20 42 45 71 66 39 21 37 40 23 6 19 49 32 53 9 34 18 24 73 37 12 6 121 31 7 2 6 12 4 0 1 0 3 9 9 6 1 10 5 2 6 3 5 1 18 10 4 10 7 3 4 8 9 0 3 2 1 0 2 0 1 0 2 2 1 1 1 0 0 2 2 1 2 10 1 0 1 0 1 0 3 0 5 0 0 0 6 0 0 1 1 0 1 2 0 0 1 
49 47 42 4 15 35 30 58 41 45 23 45 52 48 15 25 61 58 65 19 63 28 24 104 37 6 1 111 39 24 8 13 61 20 23 9 49 4 18 30 17 3 12 14 17 26 9 2 4 46 7 5 12 5 4 3 6 5 0 0 2 9 0 1 0 0 0 0 0 1 3 2 4 0 5 0 1 0 25 2 1 2 0 2 1 1 1 8 2 0 0 11 6 2 2 2 0 0 1 0 0 10 
21 42 39 4 21 34 28 44 56 39 14 38 72 99 43 119 6 53 94 22 74 30 34 87 25 3 5 79 32 21 11 30 58 29 26 17 47 8 62 55 38 4 30 52 42 32 35 14 9 69 7 9 8 5 3 4 5 5 0 4 3 13 0 10 0 0 0 1 0 2 0 1 4 3 4 3 5 3 15 2 3 1 1 3 1 18 4 20 7 0 0 8 9 1 0 1 0 1 0 0 0 7 
16 38 24 5 4 30 13 25 24 33 11 36 57 96 40 135 49 12 28 6 31 14 15 43 23 11 3 78 27 10 7 10 41 9 34 14 29 12 75 24 30 5 18 31 24 18 16 11 7 58 3 3 5 7 2 1 4 1 0 7 1 9 0 2 0 1 0 0 0 0 0 2 0 0 3 3 3 1 16 1 2 1 0 0 0 2 8 18 1 0 0 11 2 1 1 0 0 1 2 0 1 4 
43 39 28 2 9 29 39 22 25 17 8 26 34 152 54 83 57 34 2 12 27 15 11 48 24 13 3 92 35 10 7 11 18 8 14 4 24 6 32 7 5 4 6 8 5 23 6 1 3 44 1 5 11 0 3 0 1 2 0 3 1 4 0 0 0 0 0 0 0 0 0 1 0 0 3 0 1 6 7 1 0 1 0 0 0 4 1 6 2 0 0 3 0 0 0 0 0 0 1 0 0 1 
14 14 12 3 1 19 14 10 19 13 7 28 57 93 33 98 52 45 41 3 6 11 14 42 24 15 11 87 17 5 5 5 7 2 19 5 17 6 43 14 10 2 5 3 8 11 10 6 1 26 2 1 3 1 0 4 2 3 0 0 0 3 0 1 1 0 0 0 0 0 0 0 0 1 3 1 0 0 6 1 1 0 0 0 0 3 4 7 1 0 0 3 1 0 0 0 0 0 0 0 0 0 
12 18 21 5 2 13 10 20 14 17 13 27 51 129 74 158 107 86 54 4 2 17 10 34 19 10 7 96 16 4 2 8 8 0 11 10 30 7 76 9 16 4 9 10 10 10 13 5 3 26 0 0 0 1 0 0 0 1 0 1 4 0 1 0 0 0 0 0 0 1 0 0 0 1 0 0 0 1 0 0 2 0 0 1 0 2 0 9 1 0 0 12 0 1 0 0 0 0 1 0 0 3 
17 15 26 1 13 33 15 41 24 26 11 25 55 153 99 171 98 57 36 4 12 5 11 21 13 25 12 146 52 6 4 0 18 5 9 5 18 8 58 4 7 2 10 9 10 11 11 1 3 35 4 1 5 2 1 1 4 1 0 4 0 0 0 1 0 0 0 0 0 0 0 0 0 1 1 3 0 0 3 1 0 0 1 3 0 1 0 5 2 0 0 2 0 2 0 0 0 0 0 0 0 0 
7 14 14 2 4 9 5 7 10 15 7 24 31 76 67 149 129 71 40 17 37 13 8 30 11 18 3 121 10 2 1 1 20 6 13 3 17 12 84 4 3 1 8 14 6 10 4 3 5 16 1 0 3 0 4 6 3 3 0 1 1 0 0 1 0 1 0 0 0 0 0 0 0 0 1 1 0 1 8 0 0 0 0 0 2 1 2 6 2 0 0 2 0 0 0 0 0 0 0 0 0 1 
24 33 27 8 11 26 13 32 24 49 14 45 69 160 104 183 178 101 123 22 76 20 32 8 12 41 25 170 21 6 6 3 43 8 31 26 45 10 94 44 11 3 15 18 32 29 23 10 8 106 12 1 11 6 5 1 5 4 0 1 1 4 4 4 1 0 0 0 0 0 0 0 1 0 5 7 1 3 16 1 5 1 0 2 0 3 1 11 4 0 0 6 0 0 0 0 0 0 2 0 0 0 
21 37 17 6 14 26 16 13 23 55 9 39 67 97 62 143 71 39 76 22 33 16 15 15 7 11 14 112 18 10 12 5 130 7 19 17 43 13 53 32 45 2 16 43 25 43 16 13 14 164 29 10 23 8 11 5 5 5 0 4 4 1 0 2 0 0 1 1 0 0 0 0 1 1 5 5 2 0 24 1 2 1 1 3 0 7 1 50 4 0 0 8 0 3 4 0 0 1 3 0 0 8 
0 0 0 0 0 1 2 0 5 3 0 1 7 11 9 16 17 5 16 15 16 13 1 29 7 3 5 22 0 0 1 1 0 2 0 2 7 0 6 0 0 2 0 1 0 1 1 0 1 4 2 0 0 1 0 0 0 0 0 0 0 1 0 0 0 0 0 0 0 0 0 0 0 0 0 0 0 0 3 0 1 0 0 0 0 1 0 1 1 0 0 1 0 0 0 0 0 0 0 0 0 0 
1 0 3 0 1 2 0 8 2 9 0 2 4 21 11 31 17 9 13 10 20 9 14 40 15 3 2 85 0 0 0 3 1 4 0 1 1 4 15 0 5 0 0 1 4 2 0 0 0 8 1 0 0 0 0 0 1 0 0 0 0 0 0 0 0 0 0 0 0 0 0 0 0 0 1 0 0 0 4 0 0 0 0 0 1 1 0 2 0 0 0 3 0 0 0 0 0 0 0 0 0 0 
20 32 31 3 3 24 9 15 19 49 19 45 98 228 172 202 182 75 100 75 144 161 127 141 74 16 37 20 17 7 3 6 37 4 24 12 73 35 110 50 53 3 21 35 35 16 24 8 9 146 8 3 15 3 5 7 8 8 0 4 0 3 0 1 2 0 0 1 0 0 0 0 0 0 2 5 3 5 22 4 4 7 2 5 0 6 0 33 6 0 0 13 0 4 0 2 1 0 0 0 0 20 
2 7 6 1 1 3 6 3 4 2 0 4 7 11 7 5 9 4 3 1 0 2 0 2 0 0 0 5 0 1 0 0 1 0 0 3 2 1 1 3 0 0 3 0 2 4 3 0 1 5 0 0 0 0 0 0 0 0 0 1 0 0 0 1 1 0 0 0 0 0 0 0 0 1 0 0 0 0 3 0 0 0 0 1 1 0 0 1 3 0 0 0 0 0 0 0 0 0 0 0 0 0 
7 7 4 0 1 3 12 3 2 4 6 10 8 12 7 38 74 36 32 10 11 8 4 28 5 2 1 7 6 35 95 141 501 174 352 288 705 276 365 194 117 17 111 118 131 132 102 26 31 275 18 6 27 12 5 8 13 17 0 5 8 43 3 35 37 94 11 13 10 17 1 9 15 1 5 5 3 5 39 6 5 16 5 12 6 17 7 80 13 0 0 69 9 17 15 7 1 12 13 1 1 38 
0 2 2 0 0 1 0 3 1 0 0 3 5 4 6 19 35 20 8 4 2 5 1 15 4 0 0 3 11 76 13 93 158 63 151 118 255 85 105 73 43 4 29 33 38 43 29 8 3 80 5 2 5 11 1 2 2 6 0 4 1 12 1 10 13 56 9 10 4 9 1 3 5 3 1 0 0 3 22 0 1 1 0 2 0 5 5 23 7 0 0 26 5 8 6 4 1 0 7 1 2 9 
1 9 9 0 0 6 2 8 2 1 1 5 7 3 2 32 60 17 22 1 2 1 0 11 5 1 0 16 10 144 72 11 153 44 172 114 457 180 346 149 87 11 88 70 74 111 74 14 18 214 6 6 9 7 5 4 6 13 0 4 3 20 7 10 15 64 6 4 6 1 1 2 13 1 4 6 2 3 39 3 8 5 2 4 3 20 5 43 9 0 0 69 10 14 10 5 2 0 7 1 1 18 
10 6 9 2 2 6 7 0 4 15 1 6 11 13 5 18 28 23 16 1 2 3 5 24 6 1 2 21 9 189 55 97 12 36 108 101 320 109 182 92 73 18 97 46 70 79 71 28 29 276 19 14 19 16 9 4 8 17 0 8 5 17 1 5 10 29 5 11 6 8 8 14 11 6 9 3 2 3 26 5 1 1 5 8 3 7 5 86 11 0 0 59 12 10 13 10 0 2 4 0 2 34 
1 7 1 0 1 1 1 1 1 1 0 2 0 0 3 12 25 8 8 2 1 1 1 10 5 1 0 3 3 52 19 26 56 7 36 26 129 71 189 76 51 17 43 40 37 36 31 12 15 88 14 7 14 8 2 9 12 11 0 7 4 17 3 1 15 29 2 9 5 8 9 8 23 11 2 2 0 1 17 3 4 1 0 3 1 5 0 17 4 0 0 34 9 5 1 1 1 1 3 0 0 16 
2 10 4 0 1 1 2 2 1 1 2 1 6 0 2 9 39 14 11 1 3 2 1 21 4 0 1 8 2 107 41 55 81 37 17 19 121 66 137 100 60 13 52 34 39 53 33 7 27 90 2 8 5 6 3 2 3 6 0 7 3 4 1 6 8 19 5 5 5 5 6 16 14 4 2 1 0 1 16 0 1 0 1 1 2 7 5 18 6 0 0 44 16 12 7 3 2 2 6 0 0 14 
4 2 2 0 1 2 0 4 1 1 1 0 1 1 2 13 15 18 8 5 7 4 4 13 10 2 1 11 0 117 57 100 131 28 53 9 273 91 157 81 79 10 37 37 43 50 32 13 7 115 4 3 6 3 5 1 4 4 0 0 0 8 2 6 15 15 3 13 1 2 5 6 8 3 1 0 0 0 7 2 0 0 1 0 0 4 2 24 4 0 0 17 2 5 9 8 0 2 10 1 1 12 
6 5 1 1 2 1 1 4 0 1 0 1 3 3 0 7 21 8 7 8 7 7 1 19 3 1 2 16 3 192 78 138 179 57 92 109 19 88 221 198 103 25 111 75 95 103 100 27 33 232 9 1 13 3 3 1 5 6 0 0 1 12 6 13 11 13 3 12 3 4 17 18 12 5 4 2 1 2 7 3 0 2 0 3 1 12 3 36 18 0 0 62 20 18 16 10 4 6 10 3 1 35 
8 5 4 0 2 6 1 5 4 2 2 6 2 9 1 4 18 3 9 4 2 3 5 17 6 2 0 16 6 121 51 109 173 60 68 60 128 15 167 178 153 17 116 165 95 138 106 27 35 261 9 5 5 3 2 0 2 4 0 0 0 10 1 9 4 6 0 3 1 5 6 7 12 2 1 2 0 1 18 1 1 1 0 1 1 20 9 64 22 0 0 136 15 21 9 13 0 2 12 1 2 31 
10 17 12 5 5 10 10 12 10 12 4 3 19 10 4 12 20 18 13 11 11 7 8 40 11 2 1 39 10 87 24 69 168 71 99 47 223 73 12 318 110 35 110 142 69 129 89 28 22 260 5 1 13 4 0 3 2 8 0 2 4 22 4 11 11 14 3 4 9 5 5 6 5 4 2 1 0 0 12 1 1 0 1 1 0 22 13 66 22 0 0 144 25 17 23 20 3 3 12 1 1 54 
21 19 32 2 4 17 10 16 20 18 10 33 25 29 17 45 69 21 27 7 10 8 10 28 11 2 3 48 31 133 33 88 269 89 219 96 592 283 765 22 68 31 109 185 112 298 155 32 51 378 12 5 11 5 0 6 5 2 0 3 5 23 6 14 17 17 4 2 1 6 6 6 7 10 10 6 0 3 18 9 3 8 2 13 8 4 8 20 20 0 0 45 16 2 11 21 0 3 6 2 0 27 
18 20 18 0 4 6 11 16 10 13 1 18 16 12 8 11 36 32 8 7 7 5 1 28 12 2 2 37 16 84 22 85 158 48 81 48 303 175 359 63 10 22 81 125 60 172 101 39 35 262 3 1 7 1 0 0 1 2 0 2 6 15 4 17 7 14 4 2 1 3 0 2 12 3 6 4 3 0 10 1 7 2 1 3 5 13 13 17 10 0 0 67 16 10 28 5 1 5 9 3 1 24 
3 3 3 0 1 0 1 7 1 6 1 0 1 1 1 4 0 4 4 1 1 0 0 2 1 0 0 4 3 7 5 8 33 5 21 11 79 26 55 29 33 3 28 40 32 56 24 14 12 55 1 1 2 1 0 0 0 0 0 0 1 1 0 5 1 2 2 2 1 0 0 1 1 4 2 1 1 0 1 0 0 2 4 9 2 8 8 8 7 0 0 12 2 5 6 4 0 3 1 0 0 5 
7 12 4 1 0 8 5 9 1 9 4 5 10 2 3 14 16 11 2 2 1 1 1 7 3 0 0 20 7 47 13 33 110 22 69 28 130 67 153 70 34 5 15 52 46 100 48 18 22 104 4 4 13 5 0 10 5 3 0 2 0 9 1 4 8 9 5 1 0 3 1 1 12 9 9 7 0 1 24 13 8 16 19 35 11 59 10 67 29 0 0 63 23 21 26 30 10 17 15 5 2 79 
16 15 10 0 3 9 9 6 4 11 1 9 7 5 10 11 23 23 9 2 3 4 8 11 10 0 0 18 8 51 9 50 84 25 67 21 144 93 180 81 88 36 56 16 123 199 80 39 42 239 10 10 12 8 3 2 5 3 0 2 3 4 0 8 8 20 1 2 1 1 1 5 9 4 16 14 3 8 52 10 13 13 13 57 26 94 45 102 48 0 0 154 71 41 36 45 8 14 28 7 7 69 
14 12 11 0 4 12 9 8 10 8 9 4 6 9 3 3 37 23 18 9 5 9 5 36 11 2 0 36 7 46 17 49 113 37 66 33 245 90 153 128 84 12 109 130 8 141 100 54 54 297 8 7 5 2 3 0 7 5 0 1 1 10 0 11 6 16 5 5 1 5 4 2 8 5 7 3 5 8 13 14 6 11 6 28 11 20 16 49 19 0 0 104 22 24 36 23 2 3 28 0 7 60 
21 11 10 2 5 12 12 17 10 10 6 6 8 2 6 11 30 17 18 3 7 6 4 38 15 1 0 22 11 30 13 40 173 27 55 42 180 92 167 131 76 28 69 197 83 18 131 72 58 327 15 6 6 4 3 1 4 7 0 2 0 13 1 8 9 18 5 4 3 3 1 2 11 10 7 5 0 1 17 5 6 12 6 16 15 41 28 134 17 0 0 74 26 34 33 18 4 10 21 2 2 83 
12 15 10 1 3 3 8 12 12 5 6 16 15 9 5 6 40 29 19 4 4 2 0 32 7 2 0 19 13 53 12 44 167 23 62 40 201 125 165 122 91 31 110 146 120 162 16 73 54 227 6 4 13 3 0 1 6 7 0 0 3 8 4 5 10 12 4 3 0 1 3 3 8 8 4 8 5 3 29 4 7 12 7 42 22 33 17 144 13 0 0 76 30 30 36 21 5 7 16 1 3 88 
6 4 2 0 1 8 4 3 10 10 1 5 8 11 2 2 20 17 9 5 3 1 0 13 6 1 1 14 4 42 7 17 97 18 34 24 99 67 119 76 71 17 103 249 105 379 299 8 57 377 7 3 8 1 3 1 4 2 0 0 3 3 1 2 4 8 0 5 0 4 3 3 7 3 5 4 0 2 10 7 3 9 6 25 5 32 7 109 16 0 0 110 24 24 38 10 7 13 19 2 2 63 
12 5 4 0 7 7 5 6 7 7 2 5 6 12 10 7 14 18 19 3 8 1 3 22 5 0 0 18 2 36 2 27 119 41 64 22 141 59 123 113 83 22 175 297 170 570 452 104 10 759 9 4 14 3 2 1 3 4 0 0 0 8 0 15 2 12 0 3 4 2 5 5 5 3 4 6 2 1 9 5 11 9 17 30 7 25 9 150 15 0 0 189 17 27 74 18 0 7 12 4 0 57 
23 54 34 12 32 22 23 31 25 47 21 22 29 44 15 40 64 68 69 10 11 13 19 160 32 1 2 78 29 156 54 125 917 96 167 127 541 301 508 322 285 63 320 549 358 766 408 246 104 42 36 12 42 12 4 8 23 10 0 10 16 21 1 21 26 43 15 16 12 7 9 11 22 28 46 16 7 19 105 15 21 49 43 80 23 90 49 688 56 0 0 295 56 63 124 53 7 31 92 5 9 234 
7 2 7 0 2 1 5 5 6 9 3 1 17 31 15 32 20 6 9 6 1 4 3 35 8 0 1 35 4 12 4 11 100 10 16 5 32 4 26 7 10 2 10 18 14 15 5 5 7 53 4 12 54 21 17 19 47 33 0 42 12 4 3 17 19 37 3 19 1 13 8 9 27 31 12 5 1 3 116 13 4 7 5 34 2 24 12 54 11 0 0 25 2 5 20 5 1 2 10 2 1 25 
3 5 1 2 1 1 4 5 0 3 0 2 4 14 5 10 7 3 6 1 1 0 0 8 0 0 0 11 12 4 1 6 31 6 14 2 19 1 9 3 7 0 7 14 9 5 10 2 2 26 11 9 33 12 8 5 10 28 0 20 15 7 7 15 13 33 8 12 2 3 1 3 7 9 3 0 2 0 64 2 3 0 3 11 6 25 5 35 7 0 0 15 1 10 7 9 2 1 6 0 1 11 
4 8 6 0 1 6 12 2 2 11 1 12 5 25 21 25 21 16 12 1 1 1 2 36 3 1 0 16 19 13 4 5 55 20 9 8 27 9 29 16 3 1 25 30 17 31 18 1 6 60 19 12 8 17 8 12 20 56 0 32 9 13 7 24 16 29 10 21 6 5 5 9 13 27 4 5 0 5 84 6 9 4 2 48 4 18 1 63 17 0 0 25 1 11 10 3 0 2 14 2 1 17 
2 13 2 1 0 10 5 10 3 5 1 5 8 10 8 25 16 6 8 1 2 2 3 10 2 0 0 8 5 9 3 2 41 7 14 6 20 6 20 12 3 0 7 8 12 15 17 3 2 22 21 16 26 3 16 16 16 58 0 33 11 20 5 27 23 38 8 13 11 6 6 7 9 6 11 6 1 9 75 10 7 3 4 24 1 15 5 13 3 0 0 8 5 5 2 2 0 2 2 0 2 14 
3 1 4 0 1 4 2 1 2 4 0 4 6 12 4 4 12 2 3 0 0 1 0 3 1 0 0 0 3 9 2 7 23 4 6 1 6 1 1 4 0 2 2 4 0 8 4 0 1 15 16 5 7 8 1 1 10 21 0 39 3 8 3 12 7 11 3 3 1 1 2 3 12 8 0 2 0 3 44 4 5 0 1 3 3 5 3 12 2 0 0 5 2 1 3 2 0 3 0 0 0 6 
2 4 1 1 0 0 0 3 0 1 0 3 1 10 2 9 4 2 1 1 0 1 0 5 1 0 0 5 2 2 0 1 10 0 2 0 2 0 4 2 1 0 1 2 0 3 1 0 0 5 4 3 5 6 3 3 1 9 0 21 1 4 6 7 1 7 1 4 0 1 3 1 5 1 1 1 0 1 39 2 0 0 0 10 3 3 0 2 1 0 0 3 0 1 0 2 0 1 1 0 0 1 
3 1 3 0 0 2 3 2 1 0 2 2 15 29 5 17 12 6 4 4 1 0 3 2 1 0 1 4 5 6 2 5 32 14 14 1 10 4 17 7 1 0 8 11 5 7 2 1 0 14 25 8 13 12 16 15 5 9 0 7 9 15 4 22 12 33 3 10 1 7 5 6 9 10 10 9 2 4 64 6 4 0 6 27 9 6 7 16 2 0 0 11 3 7 2 1 0 2 3 0 1 9 
5 6 6 0 1 5 6 5 9 2 2 13 11 38 9 34 20 7 8 0 3 1 0 12 8 0 0 15 3 9 8 9 55 38 12 0 13 1 9 5 7 2 10 22 1 8 5 4 4 26 37 8 37 14 16 28 6 9 0 62 24 22 4 37 13 33 11 21 1 13 3 11 12 19 7 11 6 8 99 21 4 5 4 24 7 11 7 36 5 0 0 11 5 7 9 5 0 3 3 0 1 14 
0 0 0 0 0 0 0 0 0 0 0 0 0 0 0 0 0 0 0 0 0 0 0 0 0 0 0 0 0 0 0 0 0 0 0 0 0 0 0 0 0 0 0 0 0 0 0 0 0 0 0 0 0 0 0 0 0 0 0 0 0 0 0 0 0 0 0 0 0 0 0 0 0 0 0 0 0 0 0 0 0 0 0 0 0 0 0 0 0 0 0 0 0 0 0 0 0 0 0 0 0 0 
10 8 16 1 2 1 4 4 5 5 2 9 23 22 20 28 22 25 20 8 9 7 5 34 6 0 1 22 5 10 3 5 10 4 6 2 2 3 16 5 4 0 4 3 5 3 3 1 1 19 36 13 34 14 15 37 16 15 0 3 8 23 13 14 33 50 20 15 22 13 13 18 32 34 6 8 1 5 54 0 1 6 2 25 1 7 3 24 2 0 0 9 4 6 2 2 0 0 2 2 1 6 
2 2 1 1 0 0 2 0 1 0 0 2 1 1 0 3 2 0 3 0 0 1 0 2 1 0 0 0 10 7 1 4 6 4 1 2 0 0 8 6 1 1 0 0 1 0 0 1 0 11 8 3 8 6 3 4 7 20 0 3 2 11 2 6 14 16 7 16 1 10 4 8 19 7 5 10 0 3 24 1 2 1 1 8 2 5 3 12 2 0 0 6 1 0 0 0 0 1 0 0 0 3 
0 3 1 1 0 0 0 0 1 2 1 1 2 0 0 0 2 1 1 0 2 0 0 0 0 0 0 1 0 5 0 7 4 2 3 1 5 4 3 8 1 1 1 7 3 0 2 1 0 8 3 2 1 5 2 3 0 2 0 7 2 1 1 4 5 21 7 3 2 4 2 5 10 3 2 0 0 0 16 0 4 0 0 3 0 1 6 3 1 0 0 3 2 0 1 1 0 0 0 0 0 0 
2 0 1 0 0 1 0 1 0 0 0 1 1 1 1 1 2 4 0 0 0 0 0 0 0 1 0 1 4 3 0 0 2 3 6 4 19 7 3 1 0 0 2 2 2 3 2 1 0 8 6 2 2 3 3 6 3 9 0 6 4 2 1 5 13 26 6 21 7 4 1 1 7 3 0 0 3 0 11 1 4 1 1 0 0 3 1 6 0 0 0 1 0 0 0 0 0 1 0 0 0 0 
5 3 5 0 0 4 4 6 0 0 1 0 9 1 0 0 2 2 5 0 1 0 0 2 0 0 0 0 5 9 3 4 9 2 22 10 39 10 49 17 3 1 7 6 7 11 10 5 14 27 14 16 26 16 12 16 11 7 0 7 5 50 4 2 10 35 9 13 3 9 7 13 19 26 3 1 1 7 47 8 4 1 2 2 2 6 2 4 2 0 0 6 0 0 1 0 0 0 3 0 0 1 
6 15 4 2 1 3 5 4 5 1 1 1 5 0 0 3 1 0 0 0 0 0 0 2 0 0 0 3 12 24 16 29 29 9 12 11 25 16 38 19 11 1 19 14 13 18 9 3 5 30 19 9 32 17 6 5 18 14 0 25 16 78 29 19 6 49 21 31 9 31 21 26 54 19 5 5 10 2 58 8 8 4 6 4 5 8 1 9 3 0 0 12 1 3 3 0 0 0 0 0 0 3 
8 7 8 1 4 6 14 8 0 1 2 6 4 1 1 1 0 0 0 0 0 2 0 2 0 0 0 2 10 46 15 20 32 28 9 16 31 16 29 9 14 2 5 20 16 24 14 4 10 42 31 13 24 30 9 7 17 22 0 35 28 52 29 38 40 20 12 34 25 46 40 56 72 77 15 5 2 9 61 15 4 1 1 14 4 7 2 13 9 0 0 19 0 0 0 0 0 1 1 0 0 1 
3 9 5 0 1 2 3 1 3 0 0 2 2 1 0 1 1 0 0 0 0 0 0 0 0 0 0 1 5 5 0 11 12 9 9 6 18 1 7 3 6 1 2 13 6 4 3 0 2 6 7 3 9 10 2 1 1 7 0 6 5 21 5 6 27 19 5 4 12 24 13 18 34 28 1 6 0 2 12 3 0 0 1 2 0 2 2 6 0 0 0 0 0 0 0 1 0 1 1 0 0 1 
6 6 5 2 3 6 8 5 0 6 2 1 0 0 0 2 0 0 0 0 0 0 0 0 0 0 0 0 6 11 8 12 17 29 12 2 28 4 33 8 3 2 6 8 9 9 4 3 1 26 15 15 29 16 9 12 11 21 0 20 36 37 9 20 47 53 5 21 8 18 19 52 43 37 1 1 0 6 46 2 2 3 3 8 0 1 2 6 3 0 0 5 0 0 0 0 0 0 0 0 0 2 
1 0 1 0 0 0 3 4 0 2 1 1 0 0 0 0 2 0 0 0 0 0 0 0 0 0 0 0 3 8 3 2 3 4 10 7 5 6 2 4 1 0 4 0 2 1 0 1 2 5 2 0 7 3 0 0 5 4 0 1 1 9 3 12 10 37 22 9 0 9 18 20 16 14 5 0 0 0 16 1 0 4 0 4 0 0 3 0 1 0 0 0 0 0 0 0 0 0 0 0 0 0 
5 4 5 0 1 1 3 4 4 5 1 1 0 0 2 1 1 0 0 0 0 0 0 0 0 0 0 0 1 20 8 3 24 54 22 11 18 5 12 6 7 0 2 10 6 3 4 0 1 10 22 11 25 10 5 7 19 28 0 16 17 54 8 25 59 97 30 25 13 1 21 54 50 103 7 3 4 0 41 8 5 5 5 10 2 3 1 6 0 0 0 1 0 0 0 0 0 0 0 0 0 1 
0 4 7 0 2 3 5 4 0 4 3 4 4 5 6 1 0 0 0 0 0 0 0 0 0 0 0 0 6 9 3 7 32 30 27 12 60 17 37 13 4 3 11 10 15 16 6 8 4 22 8 1 13 9 3 4 8 8 0 25 17 21 10 24 60 126 30 45 32 42 9 73 28 58 3 2 0 3 18 3 4 4 2 5 4 6 1 9 2 0 0 8 0 2 1 1 0 0 0 0 0 2 
1 3 3 0 1 7 6 4 6 2 1 4 1 0 1 3 0 1 0 0 0 0 0 0 1 0 0 0 4 9 5 3 37 25 37 13 40 9 19 21 9 0 16 9 3 9 5 3 2 19 9 8 20 9 3 6 6 8 0 23 19 35 11 32 63 128 24 49 33 39 24 8 46 56 1 4 2 6 42 8 2 4 3 8 4 0 2 2 1 0 0 7 0 3 0 0 1 0 0 0 0 2 
2 6 4 1 0 4 0 2 2 4 0 2 1 2 1 2 3 1 1 0 0 0 0 0 0 0 0 0 1 1 2 4 11 6 14 4 13 5 16 4 2 0 3 5 5 6 9 1 4 23 14 5 24 9 5 3 12 15 0 12 10 20 2 18 34 79 14 23 9 30 31 51 4 16 8 6 1 0 41 3 1 1 4 7 1 7 0 12 2 0 0 4 0 0 1 0 0 1 0 0 0 2 
5 5 2 0 1 10 4 6 5 2 1 4 4 1 1 1 0 0 1 0 0 0 0 0 0 0 0 0 4 1 1 1 14 8 5 4 12 3 13 2 3 0 6 5 0 2 1 2 2 16 20 3 15 11 5 3 8 13 0 17 8 7 4 12 30 76 10 35 12 39 25 62 27 6 7 2 0 1 46 5 9 5 7 11 3 3 0 11 0 0 0 7 0 0 0 1 0 0 0 0 0 3 
1 2 4 1 1 4 1 3 0 6 2 5 6 7 7 17 17 7 2 0 4 0 0 5 7 0 0 10 1 4 1 7 21 4 4 3 12 2 16 3 10 1 11 35 14 27 22 11 7 68 8 7 11 2 4 9 20 27 0 13 5 8 2 13 11 20 3 9 3 5 8 6 5 7 3 11 4 8 198 30 26 25 8 96 7 38 8 58 9 0 0 22 5 12 5 4 2 11 4 0 1 30 
0 1 2 1 0 3 8 2 5 10 4 6 1 15 2 29 8 2 2 1 2 1 1 6 1 0 0 6 8 7 0 10 14 4 9 1 2 2 9 6 12 2 17 27 13 28 9 6 6 44 19 2 13 10 5 24 25 25 0 14 18 9 6 4 14 20 2 5 0 1 1 2 4 12 6 2 10 21 239 40 35 24 27 112 25 25 10 71 10 0 0 23 3 16 10 7 2 8 5 2 0 19 
0 1 1 0 0 2 0 0 0 0 0 0 6 3 3 1 3 3 1 0 0 0 0 3 0 0 0 5 0 7 1 0 1 0 3 0 2 1 3 4 0 2 1 1 2 4 1 3 2 8 3 1 2 4 4 8 12 9 0 8 5 2 1 3 2 4 0 1 0 2 1 2 1 1 7 6 2 11 72 24 9 4 14 30 2 5 0 18 1 0 0 9 3 6 3 0 0 2 2 1 0 1 
3 6 7 0 3 1 0 2 3 3 0 0 5 8 0 8 4 5 1 0 2 0 2 6 2 1 0 6 2 8 1 4 16 0 6 3 6 1 9 6 4 2 24 44 15 33 6 5 7 31 7 6 16 8 12 33 13 30 0 15 7 7 6 13 13 17 4 3 1 4 1 8 8 4 24 24 10 5 128 40 17 20 13 103 28 21 10 55 12 0 0 26 4 13 14 5 0 4 7 0 1 12 
12 20 12 2 3 9 9 6 4 6 2 11 9 27 16 28 28 12 10 8 6 4 4 19 4 1 0 19 7 21 7 12 81 34 15 2 17 4 33 12 10 0 35 69 21 44 23 5 9 86 63 27 59 42 30 40 48 67 0 24 14 42 18 37 43 70 19 21 13 26 13 27 27 46 50 59 21 39 14 32 41 16 12 130 26 36 7 117 30 0 0 43 18 38 22 8 1 12 13 1 3 38 
5 8 1 0 0 1 0 1 0 1 2 1 0 8 3 3 2 4 3 0 0 0 3 4 1 0 0 2 3 14 3 5 17 5 8 0 6 0 13 12 7 1 39 35 20 35 20 5 2 52 5 3 31 6 5 5 11 28 0 4 7 6 10 13 9 31 8 9 3 1 3 3 5 8 19 41 8 40 82 3 31 15 34 157 37 38 17 65 16 0 0 53 17 23 23 6 2 9 7 1 0 22 
4 5 2 0 1 0 0 2 0 1 0 0 0 0 2 0 3 2 1 0 1 0 0 2 1 4 0 5 3 8 2 3 11 1 2 0 3 0 8 8 14 2 45 36 22 28 14 5 5 48 8 8 12 6 0 3 11 20 0 4 0 10 3 7 14 16 6 2 8 3 0 6 3 6 16 24 5 16 98 19 4 15 20 123 36 33 19 56 15 0 0 59 12 19 16 14 2 20 7 0 2 19 
4 3 5 2 1 0 2 4 0 4 0 1 0 0 0 1 4 4 0 0 0 0 1 2 0 0 0 3 5 0 0 3 13 6 1 1 0 0 6 7 8 4 24 35 18 27 13 3 6 42 3 4 2 5 0 3 4 4 0 8 2 6 2 4 1 5 3 3 2 2 1 2 9 3 8 15 3 6 49 12 9 1 10 63 12 23 11 51 9 0 0 38 8 7 9 4 2 5 15 3 0 26 
2 11 3 0 0 2 1 2 0 1 0 1 0 0 0 0 0 1 1 0 0 0 0 1 4 0 0 0 3 2 1 5 7 3 0 0 2 0 4 4 5 1 32 41 12 32 10 2 5 50 11 4 14 4 2 7 8 25 0 5 5 12 0 4 9 8 2 2 1 6 4 1 4 4 21 13 5 24 67 28 16 3 6 141 30 32 13 85 11 0 0 63 11 28 19 16 1 12 13 0 3 16 
1 5 7 1 1 2 2 6 1 1 0 0 1 0 0 0 0 0 1 0 0 0 0 0 0 0 0 5 6 7 0 3 7 1 1 0 7 2 7 19 9 6 58 96 25 46 38 24 8 101 18 11 27 20 0 8 22 25 0 6 3 12 4 3 6 12 2 0 1 3 7 9 12 9 60 49 27 39 188 92 46 23 77 14 63 72 38 145 24 0 0 109 43 55 51 27 4 26 41 4 4 63 
10 3 5 0 0 0 2 0 2 0 0 0 0 0 0 1 0 1 0 0 1 0 0 0 0 0 0 2 0 4 1 1 5 0 1 0 0 0 7 19 10 5 71 124 43 49 27 18 8 46 12 8 17 13 3 10 10 9 0 9 2 5 1 1 6 4 1 3 1 1 4 3 2 2 22 17 2 16 106 41 53 18 30 121 8 75 25 96 44 0 0 129 21 27 20 18 6 20 9 0 3 39 
1 7 2 0 1 4 3 1 0 3 0 0 0 0 2 2 7 7 1 4 1 0 2 5 4 0 0 8 10 10 6 16 21 6 12 3 31 19 27 4 11 1 74 119 31 75 58 16 11 83 12 15 11 9 2 3 17 8 0 9 5 5 1 5 3 11 5 5 2 1 1 2 3 5 23 17 6 19 56 17 19 20 20 79 48 7 28 60 35 0 0 136 40 37 32 20 5 12 20 5 4 59 
2 10 8 1 0 2 3 1 0 4 0 0 2 0 0 2 12 5 5 3 1 0 0 1 0 0 0 8 4 11 4 12 24 9 7 6 43 14 42 18 12 4 77 140 24 51 35 12 11 51 17 3 8 3 1 0 9 11 0 7 5 6 1 2 5 6 1 2 0 0 5 1 4 4 13 5 5 3 66 13 17 19 16 71 21 36 8 51 29 0 0 113 26 41 48 20 4 7 20 2 0 56 
15 30 25 3 3 7 6 10 11 7 3 8 6 3 5 8 37 28 13 13 8 5 3 45 13 3 0 40 8 89 27 66 256 24 56 26 143 75 190 67 39 16 203 260 66 220 129 44 64 378 27 22 35 7 3 8 19 21 0 10 9 20 1 5 12 27 5 5 15 8 13 6 22 13 71 43 15 21 134 37 48 47 42 169 75 99 46 19 36 0 0 393 67 110 148 85 12 29 108 3 12 310 
3 10 1 2 0 1 2 3 4 2 5 3 2 4 2 8 17 7 6 2 1 3 0 4 4 0 0 10 6 12 4 12 49 14 29 9 84 45 48 52 31 14 84 143 31 91 46 14 11 69 8 8 12 2 3 1 7 3 0 3 0 8 1 2 1 12 2 0 0 2 0 3 1 4 4 13 1 10 31 21 7 11 10 67 21 61 37 41 6 0 0 194 34 60 32 33 5 15 19 1 3 71 
0 0 0 0 0 0 0 0 0 0 0 0 0 0 0 0 0 0 0 0 0 0 0 0 0 0 0 0 0 0 0 0 0 0 0 0 0 0 0 0 0 0 0 0 0 0 0 0 0 0 0 0 0 0 0 0 0 0 0 0 0 0 0 0 0 0 0 0 0 0 0 0 0 0 0 0 0 0 0 0 0 0 0 0 0 0 0 0 0 0 0 0 0 0 0 0 0 0 0 0 0 0 
0 0 0 0 0 0 0 0 0 0 0 0 0 0 0 0 0 0 0 0 0 0 0 0 0 0 0 0 0 0 0 0 0 0 0 0 0 0 0 0 0 0 0 0 0 0 0 0 0 0 0 0 0 0 0 0 0 0 0 0 0 0 0 0 0 0 0 0 0 0 0 0 0 0 0 0 0 0 0 0 0 0 0 0 0 0 0 0 0 0 0 0 0 0 0 0 0 0 0 0 0 0 
1 5 4 0 1 7 2 2 1 0 0 3 6 7 1 4 6 6 3 1 2 1 1 0 1 1 0 5 1 12 4 7 23 13 33 3 33 27 65 29 26 5 30 59 37 42 22 15 21 78 10 3 9 3 4 0 4 4 0 3 2 3 0 4 1 4 0 1 0 1 0 1 2 1 6 3 1 1 18 6 11 8 9 40 28 42 26 53 19 0 0 11 41 41 14 38 3 21 17 0 4 50 
1 3 0 0 2 1 2 0 0 0 0 2 2 1 0 1 3 4 1 0 1 0 0 2 0 0 0 1 0 4 2 6 17 2 17 7 41 11 28 17 14 2 39 102 28 48 20 15 7 33 6 2 11 1 0 1 1 1 0 3 1 4 1 1 0 2 0 0 0 0 0 0 0 0 5 6 1 5 19 7 8 6 11 23 8 36 14 38 18 0 0 56 5 4 7 9 0 0 4 0 4 37 
0 2 4 0 0 7 1 2 3 1 0 0 2 2 2 0 4 3 0 0 0 0 0 1 1 0 0 0 1 6 7 3 9 8 10 6 25 26 26 11 22 2 62 109 39 79 46 15 10 77 3 0 8 4 1 2 3 2 0 0 1 2 0 3 1 0 0 0 1 0 0 0 3 1 12 3 2 4 28 7 8 11 8 40 15 46 15 83 25 0 0 140 22 5 2 15 1 3 14 1 7 75 
2 1 0 1 1 1 0 0 0 1 0 3 1 0 0 0 2 0 0 0 1 0 0 1 0 0 0 0 2 6 1 9 9 8 12 4 20 7 20 5 6 3 47 88 24 41 16 12 16 66 3 1 1 2 2 2 6 3 0 0 3 1 0 2 1 0 0 0 0 0 0 0 0 0 2 6 0 4 12 7 12 11 1 33 12 25 11 58 21 0 0 99 15 16 9 5 2 5 4 0 5 51 
3 1 4 0 2 1 1 6 3 4 0 4 1 2 0 3 0 2 0 0 0 0 0 1 0 0 0 2 4 22 6 3 22 16 25 20 71 17 45 24 25 15 148 195 49 92 46 18 13 89 1 5 4 3 0 0 5 1 0 1 4 3 0 0 0 1 0 0 0 1 0 2 2 2 6 0 1 3 8 5 7 12 8 36 11 43 25 106 26 0 0 446 80 58 22 3 4 21 1 0 4 90 
0 0 0 0 1 0 1 0 0 0 0 1 2 0 0 0 1 0 0 0 0 0 0 1 1 0 1 0 1 4 1 2 3 1 5 0 9 4 9 2 3 4 16 31 17 28 11 3 2 12 3 0 1 0 0 2 2 2 0 0 0 0 0 0 0 1 0 0 0 0 0 0 1 0 4 1 0 1 1 3 1 0 3 6 0 17 0 21 8 0 0 74 6 4 3 4 3 3 0 0 0 16 
6 2 0 0 2 2 0 2 1 2 1 1 1 2 1 2 0 0 0 0 0 0 0 1 0 0 0 2 5 8 3 9 16 7 10 9 39 22 28 11 10 1 90 127 41 57 46 22 24 114 3 4 7 11 1 6 3 3 0 3 0 6 0 1 0 2 0 0 0 0 2 0 0 3 11 1 4 6 32 18 9 18 21 45 11 44 26 66 21 0 0 266 52 30 51 32 4 5 1 2 1 62 
0 2 1 0 0 2 1 0 0 0 0 1 4 1 0 2 1 0 0 1 0 0 0 1 0 1 0 1 1 6 1 3 9 2 4 6 38 7 13 18 9 4 38 71 27 105 48 5 14 100 2 1 11 2 0 4 4 2 0 1 3 0 0 1 0 0 0 0 0 0 0 0 0 1 11 3 1 3 16 6 5 10 11 34 9 36 20 57 16 0 0 119 20 7 27 13 0 3 4 2 1 20 
0 1 0 1 0 0 0 2 1 0 0 0 0 1 0 0 0 0 0 0 0 0 0 0 0 0 0 1 1 4 0 1 1 0 0 2 7 1 9 3 4 0 16 17 13 10 17 4 2 16 2 1 3 1 2 0 1 2 0 1 0 0 0 0 0 0 0 0 0 0 1 0 0 0 2 2 1 1 7 2 0 10 2 7 3 5 13 9 2 0 0 44 7 4 15 6 0 3 3 1 1 12 
0 0 0 0 0 0 0 0 0 0 1 0 0 0 0 0 1 0 0 0 0 0 0 0 0 0 0 0 0 1 0 1 0 0 1 2 8 6 0 1 3 0 9 17 4 12 3 3 3 15 0 0 0 0 1 0 0 1 0 0 0 0 0 0 0 0 0 0 0 0 0 0 0 0 1 0 1 0 6 0 1 2 1 9 0 12 0 15 0 0 0 14 3 6 12 4 0 1 0 2 1 5 
4 0 2 5 2 4 1 1 0 0 1 1 0 6 0 3 3 1 0 0 0 0 0 0 1 0 0 2 2 26 1 4 43 4 8 13 45 23 37 14 8 5 70 72 46 78 43 20 8 76 6 2 11 1 0 1 1 7 0 4 1 1 0 1 2 1 1 3 0 0 0 0 0 0 17 8 0 6 27 11 13 13 12 27 10 34 16 160 30 0 0 90 24 42 68 42 6 26 38 12 1 10 
