8 15 42 7 13 33 37 37 51 29 18 51 72 157 98 84 36 28 42 6 13 8 7 38 16 0 1 43 66 4 1 2 15 2 2 4 9 6 34 16 8 2 20 13 15 15 17 6 3 46 6 2 4 4 0 2 7 3 0 4 5 2 0 6 9 16 5 7 1 1 4 3 7 9 1 0 1 0 22 1 1 3 1 1 0 3 3 32 5 0 0 9 0 5 3 2 0 0 7 0 0 8 
5 16 35 3 12 36 30 29 70 35 16 54 78 158 111 86 65 36 36 6 15 18 7 34 17 2 0 47 105 6 3 2 19 8 17 3 7 7 33 37 19 5 24 15 19 15 27 2 4 62 7 4 16 3 6 5 4 9 0 2 3 4 0 6 11 19 9 5 2 3 1 3 3 7 1 2 1 1 22 5 1 3 2 12 1 8 6 29 5 0 0 12 1 3 2 4 0 5 4 0 0 11 
19 22 13 15 15 42 37 55 80 38 17 63 70 155 123 71 51 33 29 9 3 16 4 28 13 2 2 39 381 1 0 2 13 1 6 2 9 2 34 28 14 2 14 7 9 18 7 3 1 62 10 4 10 9 6 3 2 7 0 4 9 9 0 8 9 6 4 5 2 2 4 4 6 4 1 2 0 4 11 0 4 3 1 6 0 6 1 18 1 0 0 13 3 5 3 0 1 0 0 0 0 12 
7 13 33 3 5 14 12 8 22 7 3 3 10 29 11 14 14 5 2 3 3 6 2 6 6 2 0 4 16 0 0 0 1 0 3 0 2 1 8 7 2 0 0 1 4 5 6 1 2 5 0 0 0 0 1 2 0 1 0 0 2 2 0 1 1 2 0 0 0 0 0 0 0 1 0 1 0 0 2 2 0 0 0 0 1 0 0 7 0 0 0 1 1 0 0 0 0 0 0 0 0 1 
11 22 5 3 5 7 7 5 21 6 0 16 20 45 23 30 20 2 16 4 3 1 3 12 3 1 1 11 30 2 1 0 3 1 2 0 0 2 19 3 8 3 6 7 4 6 3 1 3 19 4 2 1 3 0 1 1 2 0 0 10 3 1 0 2 6 5 0 0 2 1 0 2 2 2 0 0 2 26 0 0 0 1 2 4 0 2 4 2 0 0 1 1 0 0 0 0 0 0 0 0 3 
43 67 48 18 17 15 15 21 23 29 9 58 66 164 93 119 97 29 56 15 28 11 9 37 10 3 0 37 88 2 6 2 11 1 3 1 0 14 31 26 24 1 12 15 10 14 10 0 4 32 7 2 16 7 2 17 3 9 0 1 1 3 1 5 7 23 2 5 1 3 3 7 7 7 3 0 0 9 12 3 0 1 0 5 2 2 1 6 3 0 0 18 3 1 2 3 0 0 2 0 0 6 
28 54 36 18 18 17 10 32 43 44 16 24 86 112 94 120 66 27 29 8 7 20 7 26 7 1 2 17 66 8 5 1 11 2 5 2 2 3 39 28 31 5 18 11 11 16 14 2 5 47 11 1 8 1 6 7 4 8 0 8 1 16 3 7 7 14 0 3 3 3 3 0 5 16 2 0 3 5 11 1 0 3 0 6 0 1 0 14 4 0 0 16 6 4 3 3 0 1 3 0 0 9 
36 46 51 1 4 13 29 11 15 26 10 36 84 116 73 117 64 44 40 14 11 14 9 22 11 2 2 20 67 1 1 7 5 10 3 1 2 12 40 22 18 4 11 7 14 15 18 5 1 34 3 7 9 3 2 0 7 9 0 1 2 8 1 4 9 10 2 2 2 0 6 2 6 4 0 6 1 8 10 1 0 1 4 5 0 4 2 11 2 0 0 7 2 2 3 5 0 1 4 0 0 1 
55 47 83 16 13 27 78 43 16 7 12 48 77 138 56 87 112 39 43 7 11 24 2 12 7 1 0 27 73 3 6 1 13 2 4 1 0 8 48 23 26 3 16 5 14 10 17 3 5 49 3 1 6 3 4 4 1 2 0 1 1 1 2 0 4 33 1 4 2 1 3 1 10 6 2 0 0 2 10 0 1 1 1 1 0 5 0 4 1 0 0 12 4 2 2 0 0 3 1 0 0 9 
14 28 29 5 7 15 15 19 11 5 4 14 50 59 39 85 52 36 30 7 7 13 4 41 13 1 2 29 44 6 0 5 6 9 1 0 0 1 43 18 21 0 4 14 5 14 8 0 2 21 7 3 7 6 2 1 1 3 0 0 1 3 1 4 1 15 4 1 0 2 3 4 6 4 2 2 2 2 22 3 1 0 0 1 2 1 2 7 1 0 0 10 4 2 2 0 0 0 1 0 0 0 
16 15 10 4 18 10 33 14 21 23 2 14 33 39 25 55 28 14 25 4 10 9 7 14 10 0 0 37 31 4 1 1 2 0 0 0 3 3 26 22 11 2 13 4 3 12 7 0 4 21 4 8 4 2 2 2 3 10 0 1 0 5 2 4 2 3 2 1 0 0 0 1 2 1 1 0 0 0 9 0 0 0 1 2 2 3 0 5 3 0 0 13 5 1 0 0 0 0 0 0 0 1 
32 65 31 13 13 29 47 36 25 22 18 10 28 60 35 66 80 67 45 14 23 17 12 65 24 2 1 53 49 5 1 5 12 3 0 3 4 4 67 23 7 4 12 4 6 17 11 6 1 38 4 2 11 2 1 1 2 5 0 1 4 15 0 2 3 1 0 3 0 1 3 3 1 4 4 1 0 0 12 1 0 2 0 0 0 2 1 4 1 0 0 18 2 0 3 3 0 0 1 0 0 7 
46 61 65 9 22 49 34 56 51 44 16 21 12 89 45 83 80 51 60 31 33 12 15 48 26 5 5 91 40 22 4 11 15 3 5 1 4 7 41 27 18 4 7 8 20 10 11 7 4 36 11 6 10 4 4 4 8 2 0 5 5 9 5 1 2 1 0 0 0 2 3 2 1 1 5 1 0 0 17 1 0 0 0 1 0 3 0 4 2 0 0 13 3 4 2 0 0 0 1 1 2 6 
38 52 60 11 24 40 29 27 38 26 6 22 31 9 13 57 70 46 43 30 58 25 15 83 39 9 5 182 51 0 1 1 9 1 3 0 1 3 10 27 8 3 5 6 4 12 4 5 4 23 6 3 6 2 4 0 4 4 0 7 2 4 1 0 0 1 0 0 1 0 3 1 0 0 3 0 0 1 10 1 0 0 0 0 0 0 1 2 0 0 0 12 0 1 2 1 1 0 0 1 0 5 
63 48 69 10 20 49 38 46 79 52 18 34 43 21 2 23 75 36 47 22 52 21 25 60 35 15 0 163 27 7 1 0 19 2 6 3 6 3 8 8 10 1 7 6 10 13 8 3 1 24 9 10 12 8 4 7 2 9 0 2 1 16 0 0 3 0 0 0 0 0 0 2 2 0 8 3 1 3 20 1 0 0 0 0 0 2 0 3 0 0 0 10 3 1 2 1 0 1 3 0 0 2 
31 45 27 9 22 47 45 59 59 39 17 31 48 38 38 11 68 79 61 23 49 32 24 93 28 7 0 123 46 22 12 19 42 2 52 8 40 1 25 35 22 5 20 23 21 25 17 4 5 47 7 6 12 7 4 3 5 10 0 0 2 7 0 8 1 2 0 0 0 2 1 0 3 4 6 1 1 1 19 1 0 0 0 0 0 1 2 15 7 0 0 11 3 3 0 2 0 0 4 0 0 6 
39 30 42 2 13 41 17 42 56 40 7 55 88 152 61 122 11 53 100 22 64 20 40 86 38 12 5 79 22 29 22 16 84 29 50 37 45 25 100 79 32 2 34 31 37 40 36 6 9 79 16 0 15 3 2 1 6 2 0 3 3 15 1 5 2 0 0 0 0 0 0 0 0 5 5 7 0 2 20 1 1 0 0 0 0 9 1 28 6 0 0 10 2 3 1 0 0 2 3 0 0 11 
19 24 18 4 5 34 20 23 29 49 9 46 52 148 45 149 60 7 54 12 51 12 21 43 21 14 11 92 24 35 6 12 36 24 37 12 30 6 72 33 22 4 31 36 38 39 11 2 2 52 6 6 6 7 2 12 5 4 0 2 0 7 5 9 1 0 0 0 0 0 0 0 1 5 2 5 1 3 10 3 0 1 0 0 0 5 5 14 3 0 0 9 1 2 0 1 0 0 2 0 0 7 
27 49 31 4 6 40 23 31 11 21 13 29 35 124 74 114 61 30 6 9 25 14 16 41 19 19 2 66 32 17 8 12 31 8 18 8 26 8 35 10 3 0 5 12 8 6 10 3 0 24 4 4 8 4 1 2 2 3 0 3 0 6 0 0 0 1 0 0 0 0 1 0 1 0 2 0 2 2 13 4 1 1 0 1 0 1 0 3 1 0 0 6 2 0 0 0 0 0 0 0 0 4 
11 27 17 3 3 10 21 22 17 28 8 40 59 92 48 80 66 54 39 6 11 7 10 46 22 10 3 101 19 1 5 8 13 4 21 6 17 4 66 19 13 1 5 7 15 12 9 3 6 15 0 2 4 2 1 1 1 2 0 1 2 1 0 2 1 0 0 0 0 0 0 0 0 0 6 0 0 0 7 1 0 0 0 0 0 2 0 6 1 0 0 3 1 0 0 1 0 0 1 0 0 0 
14 20 12 4 3 11 16 15 17 19 10 32 50 112 81 154 136 103 60 3 3 4 22 29 17 9 3 83 18 7 0 2 17 2 15 17 16 7 85 8 16 6 7 16 9 13 7 5 2 26 1 0 2 3 0 2 1 0 0 4 0 0 0 0 0 0 0 0 0 0 0 0 0 0 0 0 0 0 0 1 2 0 0 0 0 1 1 8 0 0 0 3 0 0 0 0 0 0 1 0 0 1 
20 27 22 5 7 27 20 30 33 24 12 40 77 209 102 203 136 54 46 4 5 7 20 34 8 29 8 154 21 16 6 4 12 7 13 12 48 23 61 13 10 2 10 21 16 11 12 7 4 32 3 0 1 2 1 3 1 1 0 0 0 1 0 1 0 0 0 0 0 0 0 0 0 1 0 2 1 0 11 0 0 0 0 0 0 3 1 10 5 0 0 8 0 1 0 0 0 0 0 0 0 1 
7 18 16 4 2 10 11 6 6 16 7 25 28 113 70 150 140 81 31 20 49 23 3 34 10 13 8 188 6 4 1 6 19 16 13 6 24 7 79 4 7 1 1 11 11 16 4 3 2 23 5 0 2 3 0 2 1 2 0 1 2 1 0 2 0 0 0 0 0 0 0 0 0 1 0 1 0 0 8 0 0 0 0 1 1 2 0 5 3 0 0 5 1 0 0 0 0 0 0 0 0 0 
28 26 20 2 9 26 8 18 21 51 15 39 76 136 102 252 193 121 117 19 46 34 16 13 14 33 22 156 16 12 6 12 65 9 27 15 34 16 106 40 24 0 7 21 19 29 26 14 12 94 8 7 9 8 0 1 6 6 0 5 0 4 5 3 0 4 0 0 0 0 0 0 0 0 3 4 0 4 17 2 4 0 0 2 1 6 1 27 4 0 0 4 1 1 0 0 0 2 0 1 0 2 
34 30 14 5 15 29 15 19 13 62 17 36 74 160 74 133 69 74 56 39 45 19 14 17 9 7 24 115 13 20 10 11 109 13 23 16 33 15 64 40 49 0 19 32 38 47 28 16 21 140 16 6 21 10 8 1 6 13 0 0 5 6 1 0 0 3 0 0 0 0 0 0 0 2 5 3 3 2 36 5 7 2 1 2 1 5 2 68 6 0 0 14 2 4 0 3 0 1 5 0 0 7 
0 0 0 1 0 0 4 0 5 3 1 1 1 4 5 22 25 13 15 6 13 15 2 35 11 0 3 13 0 0 2 0 2 2 0 1 3 2 5 0 1 0 2 1 0 2 0 0 1 1 0 0 0 0 0 1 0 0 0 0 0 0 0 0 0 0 0 0 0 0 0 0 0 0 0 0 0 0 0 0 0 0 0 0 0 0 0 0 0 0 0 0 0 0 0 0 0 0 0 0 0 0 
2 1 2 1 2 0 2 1 3 4 0 5 5 21 16 25 21 10 11 10 23 15 8 63 19 6 2 81 2 3 0 2 2 4 1 1 6 3 12 1 2 0 3 5 1 0 2 1 0 6 0 2 3 1 0 0 1 0 0 0 0 0 0 1 0 0 0 0 0 0 0 0 0 0 1 0 0 0 6 0 0 0 0 1 0 0 0 2 0 0 0 1 0 0 0 0 0 0 0 0 0 0 
23 29 31 4 6 16 14 17 31 45 19 46 90 192 131 182 149 111 80 73 103 56 97 133 40 15 28 15 9 2 2 6 48 10 22 13 52 34 66 49 48 2 14 37 38 36 34 6 8 143 5 0 7 4 3 2 4 1 0 3 2 1 0 2 2 4 0 0 0 0 0 1 0 1 3 2 0 0 14 1 2 2 2 10 2 16 2 47 6 0 0 20 5 2 0 3 0 0 1 0 0 18 
4 5 4 2 1 9 5 4 8 2 0 8 7 10 6 7 4 0 2 1 4 0 1 1 3 0 0 4 0 1 0 0 0 0 1 0 0 0 2 0 3 0 0 2 7 2 0 0 0 3 0 0 1 1 0 0 0 0 0 0 0 0 0 2 0 0 0 0 0 1 0 0 1 0 0 0 0 0 4 0 0 1 0 4 0 1 1 3 4 0 0 0 0 0 0 0 0 1 0 0 0 0 
4 4 3 2 0 5 6 2 7 6 5 12 19 12 12 40 92 46 30 10 5 4 2 23 9 2 1 3 11 39 111 161 528 179 491 311 784 276 396 217 134 23 136 131 116 137 94 29 33 313 11 4 19 19 7 5 9 10 0 10 12 59 2 20 47 90 22 14 6 19 6 6 6 0 12 6 1 4 34 4 5 1 4 8 1 26 7 90 21 0 0 71 15 13 12 9 4 11 15 1 1 43 
1 0 5 0 1 1 2 3 2 0 0 5 8 1 8 33 28 25 18 0 2 1 0 6 4 0 1 7 2 55 10 69 153 43 155 98 274 107 130 66 50 6 43 24 41 46 36 7 15 89 7 3 9 4 2 4 2 3 0 12 2 18 4 10 29 48 16 8 12 5 1 5 5 0 2 2 0 0 6 3 1 3 0 6 0 7 4 27 7 0 0 19 5 9 4 6 0 0 1 0 0 17 
4 5 7 2 0 5 2 10 4 2 3 7 8 5 7 37 71 24 23 4 1 2 1 3 1 1 1 15 7 153 74 34 204 74 227 153 416 179 407 160 115 20 80 85 79 99 85 26 23 188 11 6 18 7 4 13 21 11 0 8 12 41 2 23 21 54 8 10 13 0 6 0 7 4 6 3 2 3 40 7 1 3 2 6 4 16 8 51 14 0 0 55 12 8 17 6 0 0 8 3 0 18 
1 9 6 1 2 0 4 5 5 4 2 4 5 7 4 19 40 28 10 3 7 5 4 30 11 0 1 17 7 194 60 80 15 54 89 93 490 114 245 133 102 11 107 77 88 127 94 37 39 286 13 8 15 11 3 4 7 12 0 8 7 19 1 8 12 23 9 15 3 7 12 11 10 12 12 3 0 4 32 2 4 2 2 2 2 21 7 87 11 0 0 44 15 11 12 7 0 2 8 1 0 43 
0 5 0 1 0 2 0 2 2 1 0 0 2 4 1 11 38 17 13 1 1 0 1 6 5 0 0 8 4 72 20 44 44 10 46 41 141 75 176 111 62 8 61 41 38 54 30 7 11 108 7 2 22 5 2 2 7 8 0 4 3 27 5 1 13 33 5 12 9 7 5 11 17 15 2 1 0 3 25 4 1 1 0 2 3 4 3 23 7 0 0 65 6 5 10 2 0 0 4 0 0 6 
5 2 3 1 2 1 1 1 2 1 1 2 2 1 7 8 41 7 13 4 2 4 4 11 7 0 1 12 7 100 25 92 138 50 36 17 138 58 153 76 39 8 56 50 48 43 27 5 19 94 6 3 8 0 4 6 3 2 0 1 0 21 5 10 7 28 4 3 1 11 8 12 8 4 5 3 1 2 31 2 1 1 0 0 0 5 3 19 7 0 0 45 8 5 7 11 2 1 2 1 0 19 
3 5 2 0 3 0 4 0 0 1 0 0 1 2 4 10 17 12 4 3 11 12 3 7 4 0 0 6 2 148 42 99 129 46 65 6 253 86 159 64 74 5 44 36 46 48 30 10 3 110 8 6 3 6 1 2 2 4 0 0 2 11 2 8 14 18 2 3 1 4 2 9 9 5 4 1 0 0 8 2 0 0 0 0 0 8 0 19 5 0 0 31 5 6 8 2 1 3 7 2 2 18 
3 1 1 0 0 1 0 1 2 0 0 2 5 0 0 12 6 7 3 3 3 1 2 14 4 0 1 13 1 203 72 134 177 68 96 95 18 71 181 231 95 39 92 72 84 121 76 26 31 233 5 12 3 3 1 2 5 7 0 1 2 8 5 20 9 15 6 2 8 4 17 7 11 10 3 0 0 0 6 3 0 0 0 1 1 8 2 34 13 0 0 61 25 15 14 8 1 5 9 1 0 26 
8 7 9 2 1 4 5 1 14 2 3 8 11 11 5 3 16 17 13 4 5 2 3 14 6 0 0 19 12 135 36 123 178 44 139 46 113 18 265 191 177 24 161 134 123 193 103 25 42 266 8 3 5 2 1 0 2 0 0 0 0 38 5 12 15 6 1 4 0 3 1 7 10 5 2 1 0 1 11 1 1 2 1 5 1 15 18 53 29 0 0 118 22 16 6 9 1 5 10 0 1 39 
13 12 9 2 3 6 5 6 11 11 7 14 28 12 14 9 11 18 12 8 6 2 10 18 10 4 1 44 8 78 31 79 171 70 96 47 302 72 11 237 141 31 136 139 82 164 105 28 24 237 4 3 15 9 1 1 4 2 0 5 2 31 0 8 25 14 7 2 0 5 5 13 10 8 4 1 0 2 10 2 1 4 0 1 0 21 9 76 17 0 0 137 29 16 24 9 1 3 10 1 0 46 
17 33 18 5 5 10 17 24 18 19 8 37 31 34 41 84 53 50 22 16 6 3 2 32 16 4 1 56 26 137 46 136 232 90 283 120 755 301 903 30 73 45 150 240 107 263 181 61 61 391 7 2 17 8 3 0 11 8 0 2 5 42 8 23 11 20 6 0 2 1 2 15 17 20 5 0 1 2 13 1 4 4 8 9 10 6 12 22 22 0 0 106 11 13 8 14 3 5 3 1 1 36 
6 11 19 2 5 8 13 8 11 8 4 2 16 21 9 19 34 28 12 11 7 0 7 37 14 1 0 47 14 76 22 74 171 69 106 63 295 168 379 69 16 23 93 140 71 173 100 36 38 257 5 1 10 1 0 6 2 4 0 0 3 10 1 23 4 13 4 4 1 2 4 2 8 3 2 3 1 2 18 4 4 12 4 12 2 14 12 22 17 0 0 63 12 10 16 4 1 2 6 2 1 24 
1 6 1 1 0 0 2 2 1 3 0 2 5 15 0 4 6 8 3 0 2 0 0 12 1 0 0 6 1 19 4 12 18 13 26 16 90 24 64 32 32 5 32 58 31 29 14 5 10 48 1 1 1 2 0 0 2 0 0 0 2 2 0 2 0 5 1 0 1 0 0 1 1 0 3 2 1 0 0 3 1 1 2 3 1 9 1 13 13 0 0 12 7 3 5 3 0 0 0 0 0 7 
3 9 1 1 2 10 5 4 6 3 2 2 12 5 8 13 20 13 5 0 7 4 2 12 4 0 0 14 20 22 20 38 105 27 59 26 143 94 166 63 39 13 18 62 57 98 43 12 24 147 6 2 15 9 1 6 6 13 0 2 1 11 0 5 12 8 0 1 2 3 4 1 15 5 19 3 4 5 27 14 9 8 14 34 15 48 29 99 32 0 0 64 20 36 22 32 6 13 24 6 4 83 
12 17 5 2 0 7 5 5 7 3 4 4 2 3 9 9 17 18 12 1 4 0 3 12 9 0 1 30 16 72 14 54 114 47 69 32 150 113 172 89 47 34 53 15 131 218 99 58 40 262 12 6 21 11 9 5 1 8 0 4 0 11 1 6 8 10 1 2 1 3 2 4 5 4 20 19 2 9 41 15 28 8 14 48 11 86 24 87 56 0 0 140 55 42 46 46 9 14 34 5 4 95 
11 6 14 0 2 3 4 13 7 8 7 10 6 7 9 15 47 24 16 15 7 2 3 42 9 1 1 22 10 50 23 45 141 63 81 38 251 92 185 112 68 16 122 146 6 185 104 67 47 311 16 5 11 3 0 0 2 3 0 0 2 16 3 7 2 21 5 6 4 1 3 4 6 5 5 10 1 5 27 8 10 7 4 17 9 25 16 42 19 0 0 113 32 38 35 25 5 14 19 2 2 45 
13 21 16 1 3 7 7 11 3 11 2 11 3 13 6 10 42 21 17 3 6 6 2 23 15 0 3 23 11 37 13 40 166 26 64 39 165 91 167 121 86 19 118 228 125 13 109 66 63 341 14 8 14 0 2 3 2 6 0 2 3 11 1 8 8 12 6 5 3 1 0 3 8 9 4 7 1 5 18 7 6 8 9 41 8 48 23 125 26 0 0 114 31 43 19 11 3 14 24 3 8 87 
9 9 8 0 1 4 4 7 7 4 5 12 6 9 10 4 30 33 18 8 9 4 4 14 7 1 0 25 10 39 22 39 195 35 54 39 212 91 156 141 100 36 109 189 160 181 13 84 66 202 11 2 13 1 2 6 2 2 0 2 2 13 2 7 4 15 8 2 2 0 6 4 10 6 6 5 0 4 21 7 5 7 9 27 13 46 19 120 13 0 0 117 29 32 41 8 1 9 24 1 4 73 
9 6 4 1 0 4 3 5 5 6 3 10 5 4 1 9 19 6 19 11 3 6 3 20 9 0 1 22 4 35 6 30 125 12 53 14 96 86 151 70 90 20 135 249 141 435 425 13 37 453 6 0 8 2 2 3 5 3 0 1 2 5 4 3 4 14 2 7 0 0 3 3 3 4 9 3 2 1 13 4 6 7 5 32 13 44 21 94 14 0 0 94 29 32 39 7 1 6 11 2 0 41 
8 6 8 0 5 6 2 9 14 10 8 6 7 9 10 17 19 18 21 3 11 0 5 18 13 0 0 12 15 32 7 33 146 36 69 37 128 78 123 115 73 28 178 400 229 642 538 119 14 899 10 9 5 2 1 1 4 3 0 1 2 11 1 10 3 24 0 3 2 1 0 1 5 4 2 3 2 3 17 11 10 8 7 37 8 35 12 126 13 0 0 261 36 76 85 23 1 13 20 2 0 69 
48 66 28 8 19 20 21 23 24 42 22 28 24 51 19 36 71 89 58 15 18 8 12 142 45 10 3 118 26 205 36 138 879 92 184 170 580 330 549 328 256 71 332 638 358 748 395 229 119 28 32 14 36 14 5 16 15 14 0 5 6 29 2 27 27 61 15 21 7 3 13 8 24 32 30 23 5 15 79 14 28 46 40 86 32 103 42 669 70 0 0 397 61 72 137 39 13 27 76 8 9 258 
8 10 13 1 1 6 5 2 2 7 2 4 18 22 18 40 24 12 10 2 2 0 5 43 11 0 0 21 7 7 2 10 62 12 15 11 17 1 32 14 11 6 15 24 11 22 19 7 9 54 4 3 52 20 20 15 25 40 0 50 14 4 1 21 16 60 7 19 5 15 6 13 24 17 17 5 2 5 102 18 8 15 15 47 7 19 7 51 13 0 0 14 7 3 7 1 2 6 8 0 2 30 
1 3 7 1 0 2 3 4 4 5 2 2 8 17 14 18 13 5 7 0 9 2 2 12 2 0 0 10 6 3 0 5 33 4 7 2 14 4 17 5 8 0 9 13 8 11 5 2 2 18 14 2 25 17 6 11 9 26 0 25 9 12 3 11 5 21 5 12 1 4 0 1 1 16 4 3 3 2 53 2 12 1 5 17 4 13 1 26 4 0 0 14 2 6 5 2 0 1 1 0 1 7 
5 6 15 2 0 6 9 4 4 6 2 13 6 30 14 20 11 10 9 4 0 1 2 27 3 1 1 23 12 16 1 15 81 21 13 7 24 5 32 13 14 0 24 19 19 20 8 2 5 66 15 5 11 15 8 12 11 43 0 44 13 13 3 24 23 45 6 33 7 22 4 13 22 12 12 5 1 8 116 12 8 2 2 24 11 32 15 64 13 0 0 30 5 7 8 5 1 4 6 3 0 37 
11 9 0 0 4 6 4 6 6 5 1 4 15 20 10 15 23 5 7 0 4 3 1 6 3 0 0 10 17 11 3 5 33 13 11 5 23 2 22 13 4 1 8 22 10 11 5 1 1 21 26 25 21 8 14 14 14 55 0 77 9 17 5 37 15 20 8 18 2 10 9 3 26 14 2 4 0 5 74 6 5 5 6 41 10 13 4 26 7 0 0 17 0 12 11 5 0 3 7 0 1 6 
1 4 6 2 1 2 3 4 4 3 1 1 2 6 4 5 8 2 8 2 1 1 0 5 2 1 0 4 3 6 1 5 10 7 2 3 3 2 4 1 2 0 2 1 6 4 3 1 0 5 7 13 13 10 3 3 9 9 0 37 4 21 2 11 12 19 1 7 9 2 1 6 9 8 1 7 0 2 41 5 2 3 0 12 2 4 1 11 0 0 0 3 1 2 5 1 1 1 3 0 0 3 
2 3 5 0 1 0 0 4 3 2 5 1 3 7 8 8 6 2 1 0 0 0 1 3 1 0 0 1 5 4 3 1 16 0 4 0 5 0 4 3 2 2 1 5 1 6 0 2 0 14 4 9 18 1 2 1 2 10 0 27 10 7 3 8 5 2 1 4 1 1 5 0 6 7 0 1 1 7 38 2 1 0 4 12 4 0 2 6 3 0 0 3 1 0 1 0 0 0 0 0 0 1 
2 6 10 0 0 4 2 4 2 2 3 17 13 45 14 15 18 12 7 4 1 0 0 10 2 0 0 10 4 9 4 5 42 9 10 2 27 1 16 12 7 0 7 10 4 5 4 1 2 22 24 19 13 15 11 10 3 13 0 19 13 21 7 31 15 28 5 8 1 6 4 9 10 10 1 18 1 6 71 7 5 2 10 35 9 7 9 21 3 0 0 14 2 5 7 2 2 4 1 0 0 14 
8 21 7 1 3 10 1 8 6 4 5 21 12 47 15 37 13 10 7 1 1 0 3 12 4 0 1 11 5 8 9 12 52 17 24 2 6 2 9 4 4 0 9 29 4 11 11 0 4 27 37 17 65 10 15 23 12 8 0 41 24 40 12 28 24 48 6 18 3 12 3 8 11 7 14 20 4 9 134 12 5 7 14 38 6 13 2 28 7 0 0 14 5 5 2 0 0 3 5 0 1 12 
0 0 0 0 0 0 0 0 0 0 0 0 0 0 0 0 0 0 0 0 0 0 0 0 0 0 0 0 0 0 0 0 0 0 0 0 0 0 0 0 0 0 0 0 0 0 0 0 0 0 0 0 0 0 0 0 0 0 0 0 0 0 0 0 0 0 0 0 0 0 0 0 0 0 0 0 0 0 0 0 0 0 0 0 0 0 0 0 0 0 0 0 0 0 0 0 0 0 0 0 0 0 
16 13 14 3 9 5 8 8 3 5 4 12 16 20 18 27 23 31 11 3 6 10 5 28 10 0 0 17 9 9 4 12 15 9 8 0 5 0 16 9 4 0 5 11 6 8 5 3 0 21 35 10 53 25 22 27 25 29 0 6 5 39 10 9 35 58 14 24 8 11 7 13 23 23 12 7 2 8 58 4 1 5 3 14 12 12 4 23 3 0 0 5 4 5 5 3 0 0 2 0 0 8 
2 3 0 0 0 0 1 0 2 0 0 1 5 1 2 0 2 1 1 0 0 0 0 1 0 0 0 0 2 4 0 2 2 9 3 0 2 2 1 1 12 0 1 4 1 1 3 1 1 14 15 11 23 6 3 7 10 7 0 2 1 24 6 5 15 34 16 12 4 13 8 6 9 6 5 7 1 3 18 4 2 3 1 7 1 4 1 10 2 0 0 3 1 3 0 0 0 0 0 0 0 4 
2 0 2 1 2 2 0 0 0 1 0 2 1 3 0 0 0 2 0 0 0 0 0 0 0 1 0 0 0 1 0 4 3 1 4 1 2 5 3 4 1 0 1 1 0 2 1 2 0 5 1 0 4 0 0 1 1 2 0 3 0 1 0 1 1 17 2 4 5 1 4 2 4 1 1 0 0 2 4 0 1 0 0 3 0 2 0 1 1 0 0 3 3 1 1 0 0 0 0 0 1 1 
0 0 0 1 0 3 0 2 1 1 0 2 2 1 0 4 0 0 0 0 0 0 0 2 0 0 0 0 2 4 2 4 2 2 4 5 12 9 9 2 0 2 0 2 5 3 1 1 0 7 7 1 3 7 0 4 2 4 0 8 4 3 0 2 16 18 12 6 7 7 0 1 7 7 1 0 1 0 16 1 3 0 1 0 1 1 1 0 1 0 0 0 0 0 1 0 0 0 2 0 0 1 
1 7 2 0 1 1 6 4 4 1 1 0 5 0 1 0 1 2 1 1 0 0 0 2 0 0 0 1 6 11 9 3 11 2 37 12 26 6 53 14 5 1 9 8 7 10 17 3 4 22 19 17 26 5 7 26 11 14 0 18 8 53 5 1 13 59 4 12 7 10 6 21 11 16 3 5 0 2 42 8 3 5 1 0 1 2 0 5 2 0 0 16 0 1 1 1 1 0 1 0 0 1 
5 17 3 2 1 2 2 4 7 0 1 1 6 0 1 7 2 0 2 0 0 0 0 0 0 0 0 1 1 35 9 16 21 20 10 5 32 8 45 25 17 2 12 22 11 17 11 7 9 44 13 15 17 7 11 14 13 8 0 23 17 79 15 22 0 54 26 18 13 25 21 26 50 27 10 4 4 2 36 9 8 1 5 2 1 5 1 17 4 0 0 18 3 1 1 0 0 0 0 0 0 7 
8 8 9 1 2 6 7 6 8 7 1 2 1 0 0 1 0 0 1 0 0 0 0 1 0 0 0 1 5 29 13 35 46 24 30 12 44 6 36 14 7 3 14 15 11 25 21 2 4 42 28 13 28 14 4 12 18 30 0 53 28 52 21 55 41 24 18 39 42 58 39 57 68 68 18 9 3 13 76 18 10 6 3 14 1 7 1 10 3 0 0 12 0 1 1 2 1 0 0 0 0 11 
5 8 4 0 2 3 5 3 0 3 0 5 1 0 1 1 0 0 0 0 0 0 0 1 0 0 0 0 6 12 2 18 7 5 19 1 30 1 9 3 1 0 4 3 7 1 7 0 3 12 7 2 17 2 2 4 3 5 0 16 18 44 6 16 32 16 1 7 8 18 19 27 35 31 4 0 2 0 15 1 2 0 1 3 1 5 0 7 0 0 0 1 0 0 0 0 0 0 1 0 0 0 
7 6 2 2 3 9 12 5 2 1 3 3 0 0 2 0 1 0 0 0 0 0 0 1 0 0 0 0 5 7 2 15 16 11 24 4 55 1 19 9 4 1 1 7 9 8 5 2 2 45 19 19 27 10 8 13 14 27 0 14 10 41 18 31 36 36 5 10 14 31 30 52 44 49 8 3 1 5 37 5 0 2 3 14 3 6 1 5 4 0 0 4 1 0 0 0 0 0 0 0 0 7 
1 1 1 0 0 0 2 5 2 4 0 0 0 0 0 0 1 0 0 0 0 0 0 0 0 0 0 0 0 2 1 3 9 7 18 7 10 9 11 2 1 0 0 3 0 3 5 0 0 8 7 15 12 1 2 1 1 11 0 8 8 12 2 7 8 48 12 12 0 11 17 17 7 21 1 2 0 1 7 1 1 4 0 0 0 1 1 3 4 0 0 1 0 0 0 0 0 0 0 0 0 1 
2 2 9 0 1 4 7 1 1 2 0 0 1 3 0 1 0 0 0 0 1 0 1 0 0 0 0 1 3 8 8 6 26 26 30 5 23 7 13 6 7 2 2 1 3 2 0 3 1 11 20 16 42 17 10 7 20 31 0 32 17 67 16 32 72 103 32 31 27 2 40 41 51 82 8 2 0 4 56 4 11 1 3 11 2 0 1 11 0 0 0 2 0 0 0 1 0 0 0 0 0 0 
4 4 3 0 2 5 8 3 5 1 1 8 4 2 4 4 0 1 1 0 0 0 0 0 0 0 0 0 2 5 6 1 35 35 38 7 56 12 32 17 8 2 7 12 8 14 9 5 4 23 14 6 17 6 5 2 7 19 0 15 11 24 16 31 65 125 26 48 28 38 12 68 45 53 7 4 2 6 21 3 3 3 4 8 1 6 6 10 2 0 0 6 1 2 0 0 0 0 0 0 0 2 
3 9 5 4 1 5 9 2 1 7 1 3 2 1 0 4 1 1 0 0 0 0 0 0 0 0 0 0 1 2 4 2 37 38 54 14 47 6 28 7 4 5 12 9 4 12 7 1 3 29 10 14 15 4 2 10 8 17 0 15 21 68 11 34 72 138 32 44 27 44 12 8 47 65 6 5 2 0 44 8 3 4 4 11 3 1 5 9 3 0 0 2 3 0 0 1 0 0 0 0 0 1 
3 4 5 1 0 1 0 1 1 3 0 2 6 1 2 0 0 0 0 0 0 0 0 0 1 0 0 0 0 3 2 2 5 11 14 6 29 8 8 3 4 0 2 6 2 6 11 4 3 18 13 9 22 7 3 7 6 13 0 10 7 24 3 17 45 83 10 25 11 14 18 55 5 25 4 3 1 2 29 3 3 1 2 9 1 0 1 6 0 0 0 1 1 0 1 0 0 2 0 0 0 1 
4 3 1 2 2 2 3 3 3 0 0 5 2 0 0 0 0 0 0 0 0 0 0 1 0 0 0 1 0 1 0 0 12 17 4 6 12 10 9 4 2 0 3 4 5 6 0 0 2 10 20 10 15 7 9 6 6 6 0 22 9 11 2 15 36 104 9 28 14 59 34 42 34 5 5 5 0 3 47 5 3 3 7 10 2 5 0 13 1 0 0 3 0 1 0 0 0 1 2 0 0 3 
1 2 0 0 0 4 2 1 4 10 0 6 7 16 7 14 16 9 2 1 0 0 1 8 4 0 0 4 1 5 4 9 23 9 14 5 15 2 20 10 14 0 25 28 8 17 11 7 6 47 5 1 10 4 1 10 27 38 0 23 5 5 3 15 12 26 6 10 2 4 13 8 5 9 4 14 17 15 195 45 37 27 18 117 12 44 11 58 10 0 0 29 6 15 15 10 1 7 12 0 2 30 
1 1 3 0 0 4 3 2 3 6 2 6 10 17 12 13 27 4 1 2 0 1 1 7 2 0 0 9 3 11 0 5 15 5 6 0 12 4 19 5 14 0 20 24 14 22 13 3 10 64 13 3 11 1 5 19 15 42 0 31 11 13 4 9 10 29 0 2 0 6 4 4 6 7 3 2 11 24 234 46 27 23 29 120 30 33 5 70 18 0 0 26 9 10 10 9 4 6 8 2 2 27 
1 1 1 0 0 1 0 2 0 2 1 0 3 4 7 6 1 9 7 1 0 0 0 0 0 0 0 0 0 1 0 2 4 3 2 0 2 0 0 2 0 0 3 9 0 7 2 1 0 6 3 0 5 8 2 5 7 12 0 7 1 0 0 2 4 3 1 4 0 0 1 1 1 4 4 13 1 6 79 20 14 5 9 31 3 2 6 20 2 0 0 2 2 9 10 2 0 1 0 0 0 9 
1 6 2 0 1 2 6 1 1 4 2 5 1 11 2 6 9 0 2 0 1 0 0 3 1 0 0 2 4 5 6 8 12 4 5 1 2 0 8 9 12 1 24 15 13 23 9 3 8 48 12 4 28 5 5 14 12 32 0 20 6 14 5 10 10 13 10 5 3 5 2 5 5 5 10 36 11 3 97 40 9 10 17 147 26 36 9 73 16 0 0 24 5 24 9 5 0 4 3 0 1 21 
8 20 12 4 8 9 11 1 13 6 5 12 13 47 21 43 23 12 16 6 3 1 1 21 9 1 0 19 11 21 7 10 94 32 29 7 26 3 32 26 16 1 39 65 27 52 26 11 6 83 42 28 81 40 14 41 47 69 0 37 13 39 13 53 41 61 12 39 17 24 28 22 31 41 65 52 31 24 15 30 32 15 18 139 25 35 16 114 24 0 0 51 22 16 16 10 4 6 28 3 0 30 
3 0 1 1 0 0 0 2 1 2 0 2 2 10 2 4 3 6 1 1 0 1 1 6 1 0 0 8 4 5 1 5 16 5 6 2 5 0 6 12 16 0 36 48 19 26 26 7 5 63 11 9 19 7 7 9 2 21 0 8 5 28 11 13 4 19 9 14 3 3 6 11 9 4 17 37 6 31 83 7 29 21 17 166 54 38 17 74 15 0 0 36 21 13 18 4 1 13 12 1 2 24 
3 1 2 0 1 3 2 0 2 0 1 1 0 1 0 2 6 3 3 0 5 0 0 4 0 3 0 1 5 17 2 2 19 7 2 0 2 2 6 10 11 4 32 50 21 33 20 2 4 46 18 18 24 5 4 7 4 10 0 4 5 22 4 14 12 11 2 1 2 5 1 6 4 9 8 18 10 30 91 30 4 17 19 119 43 45 23 69 10 0 0 73 24 7 15 8 3 15 6 1 2 27 
0 3 5 1 0 2 1 2 1 4 1 0 0 1 1 0 1 2 0 0 0 0 0 3 1 0 0 4 0 7 3 2 12 6 1 1 1 0 3 9 6 1 14 25 9 33 12 7 8 54 4 1 3 0 1 0 1 3 0 6 0 12 1 6 7 7 5 3 1 2 1 1 4 5 10 21 3 5 45 16 5 3 7 82 16 17 13 51 14 0 0 49 19 10 23 10 0 9 17 2 1 24 
1 7 1 0 2 2 0 4 1 1 0 0 0 0 0 0 2 0 1 0 0 0 0 0 1 0 0 1 0 7 0 1 8 2 1 0 1 2 6 5 8 2 32 44 18 43 17 7 12 61 7 6 11 4 5 10 9 20 0 7 4 18 0 8 12 13 2 7 0 3 2 2 5 15 12 15 3 12 77 34 28 9 2 137 34 37 12 63 11 0 0 55 22 25 18 8 0 15 10 0 1 23 
4 1 4 1 4 1 0 2 2 2 0 0 0 0 1 0 0 0 0 0 0 1 0 2 0 0 0 1 5 6 2 2 8 1 1 0 3 2 20 16 14 3 56 82 26 56 43 14 8 85 23 12 34 22 7 16 18 18 0 9 6 17 2 3 3 3 1 3 3 4 3 7 9 6 45 40 21 45 130 73 52 16 72 14 56 84 12 157 29 0 0 119 29 44 26 26 6 23 35 7 2 61 
7 1 1 3 0 2 1 0 0 1 0 1 0 0 0 3 0 0 0 0 0 0 0 0 0 0 0 3 4 6 0 1 8 2 1 2 4 1 4 23 15 8 70 122 42 72 39 11 8 54 8 5 22 8 2 22 12 15 0 11 0 5 1 2 2 11 7 0 2 2 7 1 8 8 17 20 8 11 79 58 49 16 31 172 8 96 23 96 31 0 0 160 38 45 24 13 3 8 19 0 1 35 
4 4 2 0 0 2 1 0 3 4 0 0 1 0 0 4 6 4 3 2 1 3 1 9 3 0 0 4 6 22 5 9 26 2 15 3 32 19 28 10 18 5 93 146 38 106 52 24 16 98 11 5 23 4 1 5 7 10 0 19 4 5 1 4 3 16 4 1 3 3 5 4 11 5 9 18 7 12 49 20 20 13 25 110 42 8 22 72 41 0 0 141 64 54 52 17 7 23 30 3 3 44 
1 5 8 0 3 1 0 9 0 3 1 1 3 3 0 1 4 2 2 2 1 1 1 8 1 0 0 6 5 10 2 10 19 4 18 3 46 22 66 27 20 10 111 181 36 58 32 10 17 55 8 1 15 4 1 7 8 17 0 9 2 11 1 2 4 11 4 3 1 2 0 3 2 6 5 12 6 7 31 19 14 26 10 112 32 41 5 49 29 0 0 128 27 51 34 17 8 12 14 1 3 63 
21 30 24 7 2 11 8 6 6 8 4 5 8 2 4 11 32 30 16 6 5 1 3 45 17 1 1 57 8 71 27 53 230 33 64 50 170 94 204 68 45 30 220 413 81 328 196 74 67 555 28 15 37 21 3 9 24 29 0 15 11 31 1 11 14 20 4 5 6 6 10 11 12 19 44 35 14 26 147 41 63 49 54 166 94 95 41 24 63 0 0 492 97 124 183 89 20 50 92 7 11 309 
5 6 5 1 0 5 2 4 0 8 4 2 0 4 0 6 13 11 7 4 1 0 1 3 7 0 1 14 0 15 6 21 44 11 32 13 98 45 72 42 40 15 149 216 37 62 54 16 9 76 8 6 21 1 1 1 7 1 0 7 2 4 0 4 4 14 3 1 0 0 1 2 5 4 20 7 6 6 34 15 14 8 5 51 38 86 54 61 2 0 0 231 55 65 47 22 5 11 28 3 1 69 
0 0 0 0 0 0 0 0 0 0 0 0 0 0 0 0 0 0 0 0 0 0 0 0 0 0 0 0 0 0 0 0 0 0 0 0 0 0 0 0 0 0 0 0 0 0 0 0 0 0 0 0 0 0 0 0 0 0 0 0 0 0 0 0 0 0 0 0 0 0 0 0 0 0 0 0 0 0 0 0 0 0 0 0 0 0 0 0 0 0 0 1 0 0 0 0 0 0 0 0 0 0 
0 0 0 0 0 0 0 0 0 0 0 0 0 0 0 0 0 0 0 0 0 0 0 0 0 0 0 0 0 0 0 0 0 0 0 0 0 0 0 0 0 0 0 0 0 0 0 0 0 0 0 0 0 0 0 0 0 0 0 0 0 0 0 0 0 0 0 0 0 0 0 0 0 0 0 0 0 0 0 0 0 0 0 0 0 0 0 1 0 0 0 0 0 0 0 0 0 0 0 0 0 0 
1 3 5 1 2 2 4 2 2 2 2 1 2 4 1 5 2 3 1 0 0 1 0 5 0 1 1 4 2 16 2 14 33 10 18 12 39 25 53 19 14 2 38 58 21 48 39 13 13 79 4 0 5 1 0 0 4 5 0 4 1 3 0 2 2 4 0 0 0 1 0 0 1 2 14 4 1 1 13 5 5 10 14 29 23 40 9 63 24 0 0 8 32 20 30 26 10 11 16 2 3 56 
0 2 1 0 0 0 4 1 0 0 0 1 3 1 0 6 6 0 0 0 0 0 0 0 3 0 0 3 0 6 5 6 15 5 18 6 48 16 40 13 9 4 78 97 27 67 30 3 12 39 1 1 9 5 0 2 3 3 0 0 2 4 0 0 1 3 0 0 0 0 1 0 2 1 5 5 2 2 9 6 5 20 6 25 8 34 9 43 25 0 0 109 8 6 9 6 0 3 6 2 3 39 
2 3 4 0 1 1 1 1 2 1 2 0 7 0 2 2 4 0 0 0 0 0 0 1 0 1 0 2 2 16 4 4 29 7 12 4 41 18 51 15 25 5 63 99 43 78 52 12 23 88 6 3 10 1 1 2 3 8 0 5 2 4 0 0 1 3 1 0 0 0 0 0 1 1 17 9 1 2 29 15 15 15 10 43 11 50 21 68 34 0 0 200 17 3 9 11 4 1 13 4 6 88 
1 1 0 0 0 1 1 0 0 0 1 0 0 1 1 0 0 2 0 0 0 0 0 3 0 0 0 1 3 4 4 11 16 4 11 3 33 14 17 14 7 1 70 69 21 52 29 12 15 82 3 6 4 1 4 7 3 2 0 0 0 2 1 0 0 0 0 0 0 0 1 0 2 0 6 3 1 0 13 13 3 7 5 19 7 21 19 49 26 0 0 101 11 9 1 15 5 5 4 4 7 63 
2 3 4 0 1 1 1 0 0 1 0 2 1 1 0 1 1 0 1 0 2 1 0 3 0 0 0 3 3 15 0 15 27 12 22 11 68 20 50 36 51 15 172 245 52 113 43 20 18 91 4 2 4 4 0 5 5 4 0 1 1 9 0 0 2 1 0 1 0 0 1 2 2 3 7 9 1 3 19 7 6 12 5 54 16 49 12 103 46 0 0 531 88 87 27 8 1 15 10 2 3 82 
0 1 0 0 0 2 0 1 0 0 1 0 0 2 0 1 0 0 0 0 0 0 0 0 0 0 0 0 2 1 3 1 7 2 1 0 5 3 11 5 7 4 21 40 20 16 9 4 4 21 1 0 1 0 0 0 0 1 0 1 0 1 0 0 0 0 0 0 0 0 0 0 0 0 2 1 0 0 4 3 1 3 6 3 4 15 3 19 6 0 0 81 4 1 5 0 1 1 4 0 2 14 
4 0 2 1 1 0 0 1 2 1 0 0 2 1 1 3 1 0 2 1 0 0 1 1 0 0 0 0 2 8 4 6 21 9 15 12 38 16 53 6 18 2 67 136 48 89 57 14 17 105 10 1 20 4 1 5 13 2 0 1 1 3 0 2 0 2 0 0 0 0 0 0 0 0 6 3 6 2 42 11 7 20 13 66 28 43 25 78 26 0 0 299 78 38 26 33 2 8 5 2 4 60 
1 1 0 1 3 1 0 1 1 1 0 0 2 1 1 1 0 2 0 0 0 0 0 1 0 0 0 0 2 7 1 2 12 3 5 2 34 6 21 5 7 3 62 86 35 106 68 11 13 103 4 1 8 2 3 2 3 3 0 3 0 3 0 0 1 1 0 1 0 0 0 1 0 2 12 10 0 5 15 7 7 18 13 30 8 25 21 85 32 0 0 182 27 7 31 8 2 2 8 2 2 32 
1 2 1 0 0 0 0 0 2 0 0 0 0 1 2 1 0 0 0 0 0 0 0 0 0 0 0 0 0 4 0 0 1 0 6 2 18 3 13 12 7 0 19 29 11 24 17 2 5 20 2 2 1 1 0 0 0 2 0 1 0 2 0 0 0 0 0 0 0 0 0 0 0 0 0 1 0 5 11 0 0 2 1 15 2 13 3 21 7 0 0 39 18 10 13 9 1 4 1 4 1 6 
0 1 0 0 0 0 0 0 0 0 0 0 3 1 0 1 0 0 0 0 0 0 0 0 0 0 0 0 0 2 0 0 1 0 1 0 6 5 3 2 2 0 12 17 5 15 6 0 7 9 1 0 1 0 0 1 2 0 0 1 0 0 0 0 0 0 0 0 0 0 0 0 0 0 0 3 0 0 2 2 1 6 2 18 10 22 2 22 2 0 0 22 3 3 14 4 0 2 1 1 1 4 
7 1 7 0 2 2 1 2 1 2 0 1 6 5 3 1 1 0 2 0 0 0 1 0 2 0 0 2 1 21 6 8 20 3 8 16 33 28 34 15 24 5 75 84 38 71 50 13 28 96 3 5 4 8 0 2 8 7 0 5 0 0 0 0 4 2 1 1 2 0 0 0 1 2 18 12 1 5 35 21 11 8 18 32 7 42 19 174 35 0 0 116 25 25 69 29 4 21 20 3 1 10 
