6 21 32 19 21 73 26 33 55 65 23 49 59 54 36 87 36 31 38 18 15 31 11 24 15 2 1 27 78 2 2 2 13 1 5 2 5 9 24 24 25 0 8 10 14 8 8 7 16 67 6 5 11 7 4 0 7 15 0 6 11 1 1 8 14 16 4 0 0 4 2 4 0 7 2 3 3 7 35 9 0 3 2 3 18 6 4 27 8 0 0 8 4 2 0 4 0 0 2 2 0 4 
13 12 21 18 12 68 35 54 57 43 18 50 56 45 54 79 60 27 38 22 12 22 10 42 19 0 2 27 95 2 1 6 7 5 2 3 1 5 14 26 19 2 11 15 16 15 17 24 17 44 7 11 13 7 4 6 6 9 0 5 4 4 1 7 11 11 10 10 2 13 8 6 3 3 3 8 2 11 47 1 2 2 5 8 7 12 4 21 2 0 0 1 0 7 3 3 3 2 2 2 1 5 
67 37 6 15 12 83 48 67 112 56 20 72 81 85 90 60 28 47 33 14 21 31 9 33 9 0 4 32 95 7 4 6 9 1 7 1 1 4 37 31 24 6 9 10 10 10 12 10 11 42 5 4 4 5 6 5 3 11 0 4 2 0 1 3 6 11 1 6 0 8 10 1 2 3 5 2 1 4 23 4 5 3 5 7 7 9 4 25 7 0 0 3 1 5 1 4 0 3 3 1 1 3 
12 14 20 1 1 12 7 14 9 5 5 7 5 4 0 9 2 0 2 4 2 1 2 2 2 0 0 9 22 0 0 0 0 1 1 0 1 0 3 4 3 1 0 0 2 0 0 9 1 3 0 0 1 0 1 0 0 0 0 1 0 0 0 0 1 3 0 0 0 0 0 0 0 1 0 0 0 0 5 1 2 0 0 1 2 0 2 2 1 0 0 0 0 1 0 0 0 0 0 1 0 0 
25 21 12 6 0 8 25 12 13 18 22 18 26 42 24 37 13 14 12 10 6 8 4 10 4 0 2 6 23 6 0 2 1 1 1 0 0 3 15 4 1 1 1 2 2 3 3 8 3 23 5 0 4 2 7 0 0 3 0 1 0 1 0 1 2 2 0 0 0 1 1 1 0 2 2 0 0 0 10 0 0 0 1 2 3 0 3 0 0 0 0 1 0 0 1 1 0 0 0 0 0 2 
45 76 26 20 7 6 9 22 38 35 16 59 48 61 42 113 55 45 36 43 20 30 20 54 10 2 5 29 60 7 5 1 6 0 6 2 1 5 30 20 11 1 7 11 8 13 14 12 17 47 5 2 21 14 2 2 6 16 0 3 4 1 2 5 11 13 10 13 7 1 3 2 2 5 3 5 0 10 21 2 2 2 1 3 2 7 0 13 3 0 0 9 3 1 2 4 0 4 2 0 0 5 
22 25 41 23 12 12 9 18 26 18 12 39 69 33 34 85 24 21 31 12 12 9 6 13 3 0 2 11 48 3 1 5 9 1 1 0 3 2 21 10 6 1 7 7 6 5 5 3 4 32 5 4 18 5 1 1 7 8 0 4 3 2 1 3 6 9 2 2 1 6 5 6 1 2 3 1 0 8 9 1 2 4 3 5 1 3 1 11 2 0 0 4 0 5 0 1 0 0 0 0 0 2 
41 85 61 18 18 19 21 16 17 20 11 60 77 76 62 130 54 28 34 14 33 8 16 36 4 1 0 9 50 8 1 2 3 0 0 0 4 19 26 23 8 3 6 8 14 9 10 8 8 29 11 5 16 15 2 5 4 14 0 2 0 0 1 10 13 9 13 9 1 2 7 10 9 2 4 7 0 2 14 4 0 4 2 5 2 3 8 12 3 0 0 1 0 1 1 2 0 0 0 1 2 0 
61 129 136 24 23 70 86 30 11 24 32 39 72 84 78 112 54 38 21 24 28 26 21 28 14 3 5 29 33 9 1 7 3 2 2 1 2 8 38 34 10 1 3 2 5 6 9 10 7 53 3 4 6 6 5 1 0 19 0 1 0 0 0 3 6 14 1 5 1 2 8 2 0 6 0 21 1 13 19 1 1 4 2 4 0 1 0 9 1 0 0 6 4 1 1 4 0 2 0 0 0 0 
23 27 19 3 12 19 13 13 11 6 12 20 69 47 34 64 69 40 38 25 29 37 6 53 9 2 6 27 11 6 0 5 5 3 0 1 0 9 29 13 1 1 1 2 4 5 8 7 12 29 13 6 9 12 5 1 6 8 0 2 1 4 2 5 4 3 2 3 3 6 2 4 2 3 9 8 0 9 23 1 0 1 3 6 1 8 0 18 2 0 0 3 0 0 0 1 2 1 0 0 0 0 
18 22 14 0 7 9 11 17 16 5 7 19 14 35 15 56 35 40 19 18 11 19 7 29 8 2 1 20 14 3 1 8 2 0 0 0 0 2 9 14 7 0 4 2 3 7 9 9 9 14 1 1 4 8 8 0 4 15 0 1 0 0 0 2 0 3 0 4 0 0 2 2 0 0 0 2 0 1 8 0 0 2 0 0 1 2 0 1 0 0 0 4 0 2 0 3 1 1 0 0 0 0 
46 80 60 14 17 82 67 39 87 48 14 11 28 76 38 131 64 60 37 39 41 54 31 85 23 1 7 72 37 8 1 5 7 1 3 0 1 6 37 34 11 1 3 11 16 15 8 15 11 35 8 11 18 16 3 9 12 16 0 13 2 2 0 6 6 21 2 7 1 0 11 6 1 14 11 6 2 9 38 1 0 0 1 2 2 1 0 4 2 0 0 9 1 4 5 7 1 9 3 0 2 4 
62 48 58 7 21 96 155 139 113 92 35 36 9 89 64 137 104 97 70 31 52 59 31 60 31 4 8 56 24 13 7 16 12 0 2 3 2 7 38 48 8 4 16 4 6 9 11 6 11 40 9 13 10 8 9 2 9 28 0 18 7 1 8 1 2 4 1 3 0 0 7 1 2 7 6 1 0 5 19 7 2 0 0 1 0 0 0 7 1 0 0 9 1 2 1 3 0 1 1 0 0 3 
122 201 173 29 58 226 245 206 239 192 88 113 94 15 19 148 259 219 158 196 205 222 178 316 91 16 42 246 55 4 1 5 13 0 3 4 0 16 32 48 29 3 1 12 12 11 3 12 18 38 15 17 37 36 27 9 47 65 0 24 2 1 1 0 0 2 2 4 0 0 4 2 0 1 43 12 2 29 121 15 0 0 1 0 1 2 2 11 11 0 0 4 0 4 0 9 1 8 3 2 0 3 
74 91 98 21 29 136 125 102 111 84 41 75 77 24 5 42 86 71 78 142 120 96 104 162 38 7 21 148 22 16 4 11 4 2 1 2 1 7 13 29 2 2 4 7 9 5 4 9 7 28 19 10 24 26 10 9 21 13 0 6 0 0 0 2 1 1 0 0 1 0 4 3 2 1 12 14 0 8 58 1 3 0 0 1 0 1 2 4 3 0 0 4 3 3 0 1 0 0 0 0 0 2 
102 111 70 30 33 96 105 155 129 110 53 125 120 98 13 21 114 145 107 153 301 199 207 252 106 19 36 237 25 108 29 73 45 17 19 24 47 6 20 92 64 4 32 27 17 26 25 26 26 103 21 12 34 27 7 1 15 25 0 4 7 0 3 8 10 6 2 3 1 2 12 9 6 1 19 16 2 5 46 8 4 1 1 0 1 3 4 41 9 0 0 11 7 11 2 7 0 5 2 0 1 8 
59 83 63 19 26 136 90 88 116 95 51 120 154 125 65 159 10 111 103 144 182 171 166 330 67 20 53 186 36 104 38 84 52 48 27 26 36 19 69 90 53 12 35 25 26 58 23 34 24 96 10 4 21 23 16 5 27 50 0 22 1 1 4 9 3 0 0 1 0 0 0 1 0 4 24 16 2 14 84 4 3 0 0 0 0 4 9 35 19 0 0 13 2 6 3 4 1 3 4 0 0 5 
28 43 48 5 7 49 45 57 46 81 33 81 88 144 63 253 74 6 80 42 171 109 123 218 70 8 30 158 10 89 40 59 31 24 31 34 44 19 93 62 48 8 39 32 60 67 29 33 46 106 10 10 19 19 12 4 29 51 0 7 0 2 2 7 2 0 0 1 0 0 1 1 1 1 10 9 2 8 48 8 4 1 0 2 1 7 9 37 23 0 0 11 0 7 1 5 0 0 0 0 0 6 
25 43 43 6 15 59 60 72 70 52 32 111 97 143 75 264 172 104 8 70 143 71 148 178 44 20 10 145 13 110 39 53 28 38 44 29 50 20 74 60 31 3 15 34 49 35 22 38 25 95 10 5 31 11 5 1 18 20 0 5 14 1 6 5 5 1 0 1 0 0 1 2 0 0 24 4 0 3 47 6 1 2 0 1 0 2 6 23 13 0 0 9 0 0 0 0 0 0 0 0 0 5 
20 24 23 3 14 15 24 15 22 22 9 20 52 39 25 106 37 42 28 3 7 14 38 76 33 25 30 122 6 10 1 4 7 3 5 3 7 7 24 15 13 1 4 8 7 3 4 7 6 25 1 1 4 0 2 1 1 9 0 1 0 0 0 1 0 1 0 0 0 0 0 0 0 0 3 1 0 0 10 1 4 0 0 0 0 0 1 7 0 0 0 0 0 0 1 0 0 1 0 0 0 1 
14 13 15 2 2 12 17 9 10 25 8 33 45 45 39 164 41 82 68 12 4 9 48 89 27 21 58 124 5 21 3 1 9 1 21 5 14 11 47 22 8 2 10 6 8 15 6 25 14 27 1 0 2 0 0 1 0 7 0 2 0 0 0 0 0 0 0 0 0 0 0 1 0 0 1 2 0 0 9 3 0 0 0 0 0 3 0 10 8 0 0 10 0 0 1 2 0 0 0 0 0 2 
9 19 11 6 4 21 14 14 17 21 7 20 30 35 39 83 50 40 48 6 5 3 23 56 19 19 22 85 6 3 0 5 1 2 8 6 11 14 34 4 1 0 1 3 2 6 2 3 6 10 2 1 3 1 0 0 1 1 0 0 0 0 0 0 0 0 0 0 0 0 0 2 0 0 0 0 1 0 2 0 1 0 0 0 0 3 0 3 3 0 0 1 0 0 0 0 0 0 0 0 0 0 
3 3 1 2 2 4 8 8 9 5 4 20 20 21 25 62 37 25 25 14 28 17 3 14 4 5 15 77 0 2 1 3 1 1 13 4 2 4 23 14 5 1 0 2 7 2 0 2 3 14 2 0 4 0 2 0 0 4 0 1 0 0 0 0 0 0 0 0 0 0 0 0 0 0 1 4 1 1 6 1 0 0 0 0 1 0 1 6 1 0 0 0 0 0 0 2 0 0 0 0 0 1 
13 13 14 3 4 38 9 15 19 27 3 31 30 61 25 181 64 66 41 23 45 22 10 8 7 32 100 99 6 14 5 5 4 10 9 2 6 10 43 26 8 3 7 7 14 7 10 5 7 42 5 3 10 2 6 2 8 8 0 4 1 0 0 3 0 0 0 1 0 0 0 0 0 0 2 2 5 4 9 4 1 0 1 0 0 3 1 19 4 0 0 2 2 0 1 2 1 0 1 0 0 3 
14 28 18 4 21 18 13 19 13 54 11 28 47 28 38 97 41 26 36 16 24 16 14 16 7 15 16 111 10 30 9 7 35 9 5 11 4 9 27 16 27 4 11 9 21 19 11 12 10 82 22 15 19 3 1 4 9 8 0 0 0 0 2 3 4 0 0 0 0 0 0 0 0 1 5 4 0 6 19 3 4 1 3 1 1 2 3 39 6 0 0 4 2 3 1 1 0 0 1 0 0 2 
0 2 1 0 2 3 2 4 1 2 2 3 2 6 7 10 7 8 7 12 10 14 21 20 3 0 7 24 0 1 0 1 0 1 0 0 0 0 0 2 3 0 0 1 2 0 0 2 9 0 0 0 0 0 0 2 0 0 0 0 0 0 0 0 0 0 0 0 0 0 0 0 0 0 0 0 0 0 3 0 1 0 0 0 0 0 0 1 0 0 0 0 0 0 0 0 0 1 0 0 0 0 
0 0 1 0 0 2 0 0 1 0 0 6 0 1 1 6 6 4 2 3 7 5 6 19 7 2 0 15 0 1 0 0 1 0 0 0 0 0 1 0 2 0 0 0 0 0 0 2 0 4 0 0 0 0 0 0 0 0 0 0 0 2 0 0 0 0 0 0 0 0 0 0 0 0 0 1 0 0 0 0 0 0 0 0 0 1 0 0 0 0 0 0 0 0 0 0 0 0 0 0 0 0 
20 31 15 5 13 20 10 19 31 43 20 64 88 138 84 188 54 58 80 76 100 89 133 160 75 21 68 12 5 8 10 15 19 9 13 10 15 19 74 35 36 4 11 18 21 13 20 26 10 86 10 13 11 6 5 10 4 13 0 5 0 0 0 5 3 1 0 0 0 0 0 0 0 0 8 4 1 11 25 2 1 0 1 2 0 3 1 25 6 0 0 8 1 0 1 0 1 1 0 3 0 3 
148 155 178 14 38 163 81 69 106 50 29 51 47 69 47 81 32 26 43 35 22 46 11 12 12 0 0 17 2 6 2 2 5 4 8 2 5 14 39 13 26 5 12 4 12 22 9 9 17 69 11 11 12 7 2 6 7 13 0 6 3 0 2 14 10 8 5 8 2 2 9 17 2 6 3 3 1 1 21 7 3 0 1 10 6 13 6 16 2 0 0 6 1 3 0 3 0 1 2 0 0 7 
5 2 1 2 1 5 7 1 0 3 4 11 10 2 7 30 44 32 24 16 11 10 17 13 2 1 2 4 1 20 133 190 245 80 129 142 253 194 274 202 137 21 60 74 73 84 45 48 55 310 24 4 13 16 13 6 13 9 0 11 5 1 4 12 24 45 7 13 8 27 10 11 1 0 9 9 1 11 41 3 7 3 5 8 5 9 16 102 28 0 0 26 15 10 21 6 5 11 16 3 3 36 
0 0 0 2 0 4 5 0 2 0 0 3 10 0 3 6 16 6 4 7 7 1 5 6 4 0 0 4 0 179 6 149 119 39 92 51 107 67 111 35 31 3 11 14 26 11 14 7 7 57 1 2 5 9 4 0 3 5 0 12 3 1 8 8 25 27 2 10 4 6 3 8 4 1 6 2 1 4 21 6 6 3 3 1 0 4 4 32 9 0 0 9 0 2 4 5 0 1 1 0 0 10 
3 6 4 1 0 5 4 10 3 7 1 4 18 2 5 26 51 42 22 2 7 8 6 9 4 2 1 6 1 363 223 10 130 102 171 124 239 244 301 174 129 19 64 49 64 70 67 54 73 211 8 9 11 17 11 3 11 18 0 19 0 2 12 32 75 68 17 20 12 15 14 7 0 0 7 27 6 8 48 11 11 6 4 4 4 20 18 76 21 0 0 28 17 19 10 16 3 13 3 1 0 13 
28 16 18 6 6 16 21 22 9 11 3 15 13 6 9 40 79 52 26 15 21 18 21 64 35 2 6 46 6 633 273 216 13 46 159 139 253 280 404 293 215 33 129 136 153 172 148 169 154 928 68 33 77 41 27 11 31 39 0 31 7 3 5 12 53 53 18 32 15 38 43 78 10 4 21 26 7 25 80 16 28 11 12 11 7 29 28 275 58 0 0 55 25 45 33 38 3 21 16 3 3 67 
3 7 16 4 1 9 11 8 13 2 1 3 11 0 2 28 52 33 15 4 3 5 10 20 5 2 11 6 2 298 122 140 81 8 63 47 124 142 181 130 106 17 44 48 78 39 36 42 75 129 12 9 21 26 5 0 32 21 0 15 2 2 4 2 16 42 12 24 20 43 57 47 13 16 12 8 2 9 62 16 8 1 3 2 0 6 11 55 23 0 0 37 9 15 14 35 5 17 10 0 0 12 
25 21 13 2 1 8 17 18 7 4 5 13 8 1 3 65 90 62 45 33 41 22 35 78 17 0 16 72 7 778 293 416 185 60 12 34 211 256 417 522 161 43 106 143 162 133 89 156 115 407 42 20 46 29 5 9 49 59 0 11 3 5 9 25 33 58 12 46 36 47 88 93 27 33 19 9 6 28 88 14 4 8 1 2 1 35 23 75 73 0 0 88 45 40 24 66 12 32 47 8 6 28 
4 10 2 0 3 1 2 2 6 0 0 1 2 2 4 17 30 26 10 10 8 5 2 12 7 1 4 11 5 350 150 213 111 67 60 11 154 115 188 131 63 21 55 41 44 48 25 22 30 144 9 3 6 10 3 1 9 3 0 1 1 1 9 15 36 26 10 11 8 4 30 38 5 5 1 5 0 3 14 1 3 0 0 0 1 2 0 44 16 0 0 24 14 10 3 17 2 9 7 3 1 19 
5 13 9 2 3 4 3 0 10 6 1 2 1 1 4 82 67 45 29 23 45 28 29 29 21 1 6 29 1 992 349 793 377 247 245 253 22 291 828 874 360 77 204 200 262 239 174 201 195 714 9 17 34 30 5 2 7 16 0 3 6 3 19 70 73 70 31 63 34 26 82 103 23 30 19 11 1 10 35 2 1 3 3 5 4 40 37 189 112 0 0 123 46 83 54 96 10 65 49 7 8 49 
15 18 12 1 1 9 15 9 5 10 2 11 6 13 6 5 28 22 9 19 20 19 15 25 10 1 4 23 12 296 114 436 139 125 114 85 112 21 134 297 167 34 94 123 109 134 111 112 117 340 10 2 5 2 4 1 4 2 0 0 2 3 16 28 24 7 6 9 3 7 21 28 3 6 8 5 0 1 12 2 5 0 3 0 3 22 21 113 42 0 0 61 20 13 6 32 1 23 13 5 5 22 
47 50 41 15 20 63 37 44 86 65 29 59 60 39 13 12 106 86 45 77 86 87 49 114 55 6 13 118 18 553 222 522 335 206 188 174 412 149 38 886 531 67 196 281 274 269 186 271 217 848 24 12 42 27 9 14 43 40 0 6 3 6 18 30 51 46 11 30 9 20 65 55 17 12 26 13 4 17 62 20 10 6 13 8 8 51 50 235 84 0 0 140 35 36 34 89 9 56 76 15 19 121 
25 47 22 2 23 33 43 41 29 33 12 44 43 18 19 34 83 61 16 41 24 29 29 73 23 3 11 65 11 245 90 195 168 88 164 106 316 269 702 22 86 51 79 213 224 277 158 169 236 706 10 11 32 18 8 5 9 33 0 2 6 2 6 31 45 19 9 13 5 1 37 12 4 11 27 7 2 8 50 16 12 13 7 49 26 10 25 79 68 0 0 81 26 28 13 70 6 26 20 10 6 36 
12 19 15 2 2 15 15 11 39 42 10 24 26 18 12 17 47 27 12 13 32 14 25 36 20 0 6 42 3 157 44 131 119 56 96 77 158 170 374 78 18 25 66 104 115 163 132 187 131 414 11 4 25 10 1 3 7 9 0 11 3 0 3 14 24 15 1 3 0 5 19 10 5 3 15 7 3 6 30 14 9 11 7 14 14 24 34 45 48 0 0 54 23 35 12 35 4 34 16 10 9 15 
1 1 2 1 0 2 4 2 2 1 2 1 1 2 0 2 11 8 0 2 3 0 2 2 2 0 0 4 0 14 11 10 12 9 12 13 55 22 45 21 29 3 15 63 39 32 66 28 41 83 0 3 1 0 2 0 1 3 0 1 3 0 1 1 3 1 0 2 0 0 7 2 0 1 2 0 0 4 3 1 4 0 0 3 5 12 5 17 13 0 0 9 2 9 0 13 0 7 7 0 0 1 
15 30 18 4 6 27 24 29 21 24 17 33 34 13 10 19 57 37 36 13 35 24 28 29 9 0 2 25 8 260 41 139 119 113 110 68 187 217 332 257 132 29 30 123 213 244 159 256 395 848 12 10 34 13 10 2 28 23 0 5 4 2 9 9 41 26 6 12 8 2 28 23 8 6 61 32 3 27 62 68 59 32 55 122 122 195 129 338 157 0 0 186 81 130 110 313 31 210 118 26 14 119 
8 21 22 2 6 26 28 15 13 9 12 12 12 7 16 24 39 48 42 17 30 15 20 47 27 9 5 59 6 183 47 186 125 106 107 63 224 290 438 542 233 111 117 31 217 474 257 453 722 1226 30 21 60 35 14 5 25 73 0 11 2 1 4 30 11 28 16 12 4 8 22 18 2 2 61 48 3 76 139 79 84 50 59 182 166 322 185 341 165 0 0 351 173 366 195 555 72 310 174 69 32 158 
21 20 9 3 2 9 19 9 23 24 4 9 15 4 6 17 32 29 11 20 24 11 12 31 17 2 4 25 3 112 30 99 96 50 60 41 115 143 208 155 98 52 64 193 9 215 124 268 329 614 11 6 10 11 3 0 5 6 0 0 2 5 0 13 18 13 9 10 8 5 17 12 8 3 11 8 1 18 28 26 18 28 21 50 31 77 43 107 37 0 0 107 23 68 37 84 15 84 67 31 10 54 
21 35 20 5 1 28 29 35 28 26 29 29 40 20 28 30 73 46 15 35 28 17 34 44 26 1 1 57 4 161 65 146 129 79 81 87 243 195 344 474 263 49 132 371 239 20 171 790 914 1481 16 23 26 14 6 5 19 22 0 15 2 0 4 14 24 19 5 15 2 9 22 17 6 4 19 36 3 28 73 45 29 25 33 102 91 166 107 346 116 0 0 220 52 129 82 212 31 145 98 36 14 128 
10 29 16 2 4 23 20 25 27 16 10 28 21 7 1 14 72 53 18 12 25 18 14 43 15 0 3 63 5 107 36 113 104 38 74 39 155 178 270 320 188 45 96 317 201 248 22 563 808 969 14 15 20 19 9 0 15 11 0 1 0 1 0 3 17 17 5 13 0 5 13 7 5 3 17 19 7 21 47 28 21 26 34 85 53 140 55 247 53 0 0 125 46 110 88 82 10 93 98 26 21 73 
5 1 6 1 1 8 9 7 1 4 1 5 8 1 0 6 11 10 7 3 15 6 2 18 10 0 0 15 2 51 7 41 32 16 14 15 32 42 120 66 84 7 36 110 131 239 107 7 181 571 5 3 4 3 2 1 2 4 0 0 0 0 1 2 3 6 2 2 0 7 2 5 0 1 4 5 3 4 13 6 10 3 7 24 17 38 35 113 29 0 0 74 19 31 20 32 11 39 17 7 4 47 
7 8 3 0 2 6 4 5 1 5 8 5 12 1 1 16 6 16 6 9 10 8 3 11 3 1 3 16 1 51 10 42 56 23 18 22 62 59 76 104 29 15 56 99 80 221 98 141 17 535 4 2 11 1 7 1 0 4 0 0 0 0 1 6 10 10 5 8 1 1 2 9 2 1 13 9 0 6 12 6 17 6 8 25 20 38 17 136 19 0 0 53 17 25 32 37 4 23 27 4 3 23 
39 89 49 10 16 32 56 34 31 44 23 45 56 17 31 36 102 87 35 31 71 60 38 92 37 3 9 122 6 339 89 281 358 134 181 128 328 342 528 558 350 77 192 440 456 655 353 871 1079 48 38 22 98 26 13 6 18 38 0 11 6 4 3 37 63 36 17 33 17 9 50 29 12 9 76 61 9 49 98 67 74 56 51 158 72 173 119 709 127 0 0 237 66 177 115 142 34 187 132 20 15 174 
11 21 16 3 6 26 6 9 9 16 3 12 10 16 11 31 12 21 13 3 0 2 7 21 15 0 0 19 3 21 12 24 27 21 10 9 6 8 19 25 5 3 5 17 9 9 11 6 15 77 10 23 99 57 32 18 46 70 0 62 16 11 10 43 33 41 20 48 10 43 17 21 15 28 14 18 4 21 165 21 17 5 17 25 18 23 11 55 16 0 0 16 3 11 2 3 1 26 9 0 2 15 
3 6 13 1 2 6 5 3 0 8 6 12 11 14 6 19 13 1 8 1 1 1 0 2 7 0 1 4 7 10 5 7 16 10 3 6 4 4 10 6 2 4 2 8 5 2 7 4 7 32 14 4 54 67 37 16 27 33 0 37 4 0 6 10 13 10 4 15 25 12 7 9 13 8 3 13 0 14 130 11 8 2 9 13 11 10 3 31 2 0 0 7 2 4 3 1 2 3 5 0 0 5 
9 10 13 3 5 19 8 16 8 16 5 7 16 12 6 30 13 11 5 5 4 2 12 17 9 0 2 10 10 27 9 23 30 21 17 3 5 6 28 11 6 1 10 16 20 16 8 10 16 76 91 54 8 48 34 14 29 89 0 38 7 1 15 47 37 44 9 37 8 38 15 18 9 17 23 14 6 24 155 21 13 4 22 46 10 26 10 63 13 0 0 8 8 21 9 8 2 14 12 4 2 12 
4 9 1 0 0 3 1 4 2 9 1 3 3 4 7 9 6 7 3 4 1 1 5 4 2 0 1 6 2 12 3 7 11 12 10 3 5 3 11 12 2 2 4 2 2 7 6 3 5 16 29 22 34 4 8 2 10 28 0 38 6 0 3 14 8 21 8 16 1 10 17 7 3 7 7 10 6 14 101 10 7 1 4 19 9 6 3 21 2 0 0 10 0 1 3 5 1 1 5 0 2 4 
8 11 3 0 3 2 5 7 2 7 2 2 3 3 3 5 1 2 0 2 0 2 5 7 0 0 0 4 2 11 2 3 15 2 1 1 2 1 5 0 6 0 4 1 2 0 3 2 5 3 25 12 33 20 1 2 10 18 0 14 5 0 2 6 11 5 1 13 1 17 9 8 8 11 4 15 1 18 63 4 1 0 7 10 5 2 4 13 1 0 0 1 0 4 3 0 0 4 3 2 0 0 
7 6 2 0 3 10 0 3 1 5 6 1 0 5 1 8 3 3 3 1 0 2 0 1 3 0 0 8 1 11 1 10 9 5 7 0 0 0 5 3 3 1 7 5 0 5 3 5 2 14 8 8 7 23 2 2 8 22 0 12 6 5 2 12 10 11 2 9 3 7 5 9 2 9 3 19 0 12 67 5 1 2 2 14 4 5 3 13 1 0 0 1 0 1 2 6 0 1 3 2 1 2 
3 15 10 2 3 12 8 9 8 26 6 9 14 7 10 14 6 8 0 1 2 3 21 8 4 0 2 10 3 10 7 24 11 14 7 2 7 2 13 8 0 0 16 13 5 9 2 4 6 27 60 44 55 85 25 9 3 13 0 36 17 4 4 22 37 43 7 27 7 11 11 22 13 13 32 30 5 26 111 12 7 3 8 41 14 24 2 31 4 0 0 5 4 5 9 8 1 10 14 3 2 4 
7 21 14 1 2 19 25 19 16 15 9 9 35 22 12 31 12 7 10 0 2 3 4 16 2 0 1 11 5 31 13 20 28 8 22 2 9 7 12 10 10 3 6 15 6 12 6 12 5 65 56 45 83 92 35 18 14 6 0 65 18 1 9 19 26 27 15 31 9 26 17 30 16 22 65 58 9 70 217 17 25 6 33 70 17 33 16 47 12 0 0 22 0 12 14 11 0 14 14 3 0 8 
0 0 0 0 0 0 0 0 0 0 0 0 0 0 0 0 0 0 0 0 0 0 0 0 0 0 0 0 0 0 0 0 0 0 0 0 0 0 0 0 0 0 0 0 0 0 0 0 0 0 0 0 0 0 0 0 0 0 0 0 0 0 0 0 0 0 0 0 0 0 0 0 0 0 0 0 0 0 0 0 0 0 0 0 0 0 0 0 0 0 0 0 0 0 0 0 0 0 0 0 0 0 
4 9 8 4 3 8 6 3 1 5 5 10 10 16 12 35 16 13 8 10 5 5 9 20 5 1 0 15 5 25 9 13 10 10 17 1 3 2 9 7 5 0 3 5 6 6 4 8 1 32 46 21 35 45 55 20 30 61 0 9 1 3 8 20 36 67 19 35 7 19 37 44 15 25 40 27 6 30 89 3 14 6 14 11 5 25 11 29 5 0 0 5 2 1 4 10 0 5 1 1 0 5 
3 6 7 1 1 6 3 2 0 0 0 1 6 2 3 8 3 0 0 0 1 1 4 3 1 0 0 1 5 25 5 11 5 9 4 0 1 4 8 8 1 0 3 1 8 5 0 9 2 10 12 29 11 19 12 10 16 29 0 10 3 4 1 8 36 21 8 29 8 39 23 22 13 38 7 19 3 5 40 6 12 7 4 6 7 8 7 9 2 0 0 0 0 0 0 1 2 0 1 0 0 4 
6 27 30 10 8 29 32 29 29 13 20 48 35 24 15 21 26 12 14 4 2 1 2 8 0 2 6 5 8 134 68 73 46 53 97 33 75 94 150 101 50 17 28 43 30 31 28 21 24 117 31 17 32 56 30 23 73 113 0 81 46 5 4 158 116 175 56 111 17 145 132 120 47 43 18 21 3 25 142 46 40 12 51 76 36 27 10 62 21 0 0 17 7 10 4 10 3 6 8 2 1 5 
8 5 6 2 0 9 12 6 2 6 2 4 5 0 0 1 3 2 0 0 0 0 0 2 0 0 0 1 1 7 1 0 3 3 8 2 5 5 12 3 4 0 1 1 2 4 4 8 2 8 7 4 10 22 9 5 8 25 0 20 5 0 0 5 25 22 17 20 9 26 32 23 11 3 13 1 1 29 44 6 16 1 1 2 5 3 1 9 6 0 0 1 0 0 0 0 1 3 0 0 0 1 
7 21 8 3 4 16 13 17 14 16 6 9 3 1 6 4 2 5 4 2 1 3 3 2 1 0 0 1 2 60 13 10 8 1 17 13 19 23 39 50 19 1 8 13 12 10 6 25 13 39 25 31 58 11 35 10 31 51 0 45 6 2 14 7 29 48 21 39 8 42 62 77 11 38 37 23 2 22 104 28 15 9 13 5 6 10 6 16 9 0 0 6 1 0 2 0 0 1 1 1 0 3 
5 21 5 0 11 6 12 20 9 15 5 2 2 0 0 5 3 0 0 0 1 0 0 1 2 0 0 3 7 49 44 29 19 13 12 3 23 16 49 26 20 2 6 9 11 16 6 5 6 36 23 23 38 29 9 5 34 49 0 50 16 2 21 17 5 27 31 60 27 65 87 145 64 45 10 15 3 22 58 24 12 7 7 9 7 3 2 29 11 0 0 4 6 2 0 5 0 0 0 0 0 11 
5 21 14 5 3 21 35 22 32 22 8 13 13 0 0 0 6 0 0 0 0 1 1 0 1 0 0 2 3 105 70 105 55 48 40 23 45 20 63 45 30 3 19 17 37 35 20 21 43 98 37 21 51 46 7 15 46 37 0 75 34 17 49 67 53 19 16 98 70 140 265 261 65 101 20 28 4 17 118 15 27 13 51 16 22 23 12 54 15 0 0 15 4 2 0 3 0 0 2 0 0 8 
4 1 2 2 3 6 5 5 2 5 3 1 0 0 0 0 0 0 0 0 0 0 0 0 0 0 0 0 1 20 14 9 10 13 10 6 10 6 15 0 2 0 6 4 9 8 7 0 1 21 5 2 6 15 8 1 10 7 0 21 10 3 7 15 25 8 3 13 12 25 65 67 15 10 7 0 0 1 25 2 3 4 3 2 0 4 1 7 3 0 0 0 0 0 0 0 0 0 0 0 0 1 
4 12 5 0 3 10 13 11 5 15 0 6 3 0 0 5 1 0 0 0 0 0 0 0 0 0 0 0 3 31 18 9 15 18 13 4 13 15 32 4 4 2 5 5 4 6 3 4 4 24 7 8 25 22 12 8 20 18 0 43 22 3 10 18 58 38 3 2 18 26 78 126 21 57 11 16 1 10 71 18 14 4 14 2 7 9 2 15 6 0 0 1 1 0 0 1 0 0 0 0 0 0 
2 0 1 0 0 0 4 9 0 1 5 1 0 0 0 2 0 0 0 0 0 0 1 0 0 0 0 1 0 15 4 12 7 7 7 7 13 2 11 1 5 0 3 2 3 8 3 2 1 7 5 5 2 2 3 3 1 3 0 15 4 2 8 26 20 32 13 9 4 8 64 76 8 18 0 2 0 1 19 1 0 1 1 10 4 6 2 3 0 0 0 0 0 0 0 0 0 0 1 0 0 0 
0 1 1 0 0 0 1 1 6 2 2 1 0 1 0 0 0 0 0 0 0 0 0 0 0 0 0 0 0 15 5 10 5 8 5 5 7 5 17 2 5 0 2 1 0 0 0 3 2 5 7 9 16 11 4 2 7 12 0 21 8 7 3 7 25 35 19 27 10 2 66 76 13 43 1 4 0 5 36 4 8 3 8 4 1 1 0 6 1 0 0 0 1 0 0 0 0 0 1 0 0 1 
2 6 3 0 0 3 2 1 3 3 1 0 0 0 0 4 0 0 0 0 0 0 0 0 0 0 0 0 3 5 6 7 13 16 16 8 19 9 29 5 3 0 6 5 4 13 4 3 5 21 4 4 9 9 5 1 2 5 0 10 5 0 4 11 42 49 18 27 28 18 7 69 14 32 7 4 4 5 18 17 5 3 5 5 1 4 2 19 1 0 0 3 0 0 0 0 0 0 1 0 0 0 
3 5 1 0 2 5 2 1 4 7 2 11 2 1 0 2 0 1 0 0 0 0 1 0 0 0 0 0 3 17 6 12 18 20 18 8 19 13 22 4 5 0 0 4 6 4 1 3 7 25 14 3 6 9 3 0 13 6 0 16 4 4 5 21 38 71 36 54 36 58 117 4 37 57 6 7 0 10 22 5 8 1 4 4 0 7 1 23 0 0 0 4 0 0 1 2 1 1 1 0 0 1 
4 5 3 1 5 6 6 4 3 4 1 3 6 1 1 1 2 0 0 0 0 0 0 0 0 0 0 1 2 6 0 5 8 15 12 3 13 12 16 10 9 0 3 5 4 5 1 5 4 16 11 9 15 12 6 3 12 30 0 11 10 2 5 19 42 49 26 30 16 58 82 109 1 24 12 14 9 2 49 13 8 3 6 12 2 9 6 11 0 0 0 0 0 2 1 1 0 0 1 0 0 0 
6 14 4 4 8 9 9 26 4 12 3 5 5 0 3 3 2 0 0 0 0 0 0 2 0 0 1 0 2 2 1 4 4 34 6 5 8 31 24 13 12 0 2 5 8 12 4 12 11 29 23 6 19 25 5 6 18 16 0 26 15 2 5 14 56 90 27 53 27 128 138 155 16 5 18 19 0 15 77 8 13 7 14 13 4 10 9 22 9 0 0 5 1 2 0 1 1 0 3 0 0 4 
1 6 3 1 1 0 1 2 1 4 1 3 4 2 3 5 6 2 0 2 2 2 1 13 1 0 0 7 0 7 4 4 7 3 6 2 7 1 4 4 1 0 5 10 5 11 7 9 8 44 12 15 21 5 15 4 11 21 0 14 0 0 3 11 12 7 8 5 2 5 6 3 4 8 2 11 2 16 140 20 20 15 22 38 18 12 13 76 3 0 0 6 4 7 5 10 4 13 11 2 0 5 
3 2 1 1 0 3 5 7 2 2 4 3 7 3 4 12 5 5 0 1 1 1 1 0 2 0 0 5 2 1 2 5 13 5 3 2 2 1 9 3 2 0 11 16 4 7 11 6 5 51 9 5 17 18 11 5 13 30 0 10 3 0 1 7 10 16 2 5 2 14 3 3 3 7 26 7 13 51 183 48 33 14 57 61 21 30 6 53 8 0 0 10 4 13 17 2 1 17 18 3 1 10 
0 1 0 2 0 1 3 0 2 1 2 2 1 4 0 5 3 0 0 1 0 0 0 0 1 0 0 2 1 0 1 1 0 0 2 0 0 0 1 1 0 1 0 5 2 5 1 1 1 4 1 1 1 2 2 0 4 3 0 2 1 1 0 2 10 4 1 1 2 6 2 0 0 2 2 8 0 4 45 9 1 5 1 18 5 4 1 17 0 0 0 4 1 2 5 1 1 0 4 0 0 2 
3 3 4 1 0 0 5 1 2 6 0 0 3 2 3 4 1 3 1 0 1 0 1 1 2 0 0 0 0 3 1 4 3 3 1 1 1 2 3 2 2 2 9 6 4 5 5 5 15 12 7 6 7 12 3 3 4 10 0 1 1 1 1 6 2 8 1 1 1 6 2 4 0 3 22 15 10 8 93 13 19 5 27 52 27 14 12 34 11 0 0 6 4 2 2 4 1 8 8 5 1 12 
11 38 23 8 3 15 18 22 14 16 8 17 27 20 21 55 34 19 11 11 3 5 14 24 7 0 4 29 10 45 13 39 43 38 35 13 9 9 49 30 15 3 21 39 21 27 18 19 45 103 123 124 207 117 90 40 77 161 0 81 18 6 13 55 46 81 29 54 13 52 49 43 29 70 331 262 104 123 25 83 139 40 116 239 97 59 41 164 33 0 0 43 11 35 23 24 7 26 30 4 6 28 
6 3 4 0 0 0 1 5 1 2 0 1 3 1 2 2 5 5 1 3 0 0 0 4 0 0 0 9 5 5 3 4 10 0 3 0 0 1 10 7 3 1 11 21 9 7 3 12 6 38 15 1 11 5 7 1 6 18 0 4 0 1 1 14 16 26 2 8 1 1 6 4 4 6 48 75 40 43 111 1 20 10 25 93 51 39 11 70 24 0 0 17 4 20 4 31 8 12 22 0 0 26 
2 0 0 1 1 0 2 2 0 2 0 1 1 0 0 2 0 1 1 0 0 0 0 0 0 0 0 2 1 7 4 2 4 3 3 0 0 5 5 8 6 0 22 15 7 12 3 4 12 17 7 2 13 9 8 1 5 6 0 2 2 1 2 3 6 9 1 4 0 1 6 4 6 7 25 23 10 13 88 14 4 4 18 80 34 18 23 55 7 0 0 12 2 10 2 8 1 10 2 1 0 12 
1 3 4 1 0 0 1 7 1 2 0 0 0 0 0 1 0 0 0 0 1 1 2 0 0 0 1 0 0 8 0 4 4 3 0 1 1 0 2 8 20 2 19 24 14 14 10 17 26 66 2 3 6 4 2 1 4 6 0 8 1 0 1 2 3 5 1 1 0 3 3 8 3 1 18 31 7 19 50 17 18 3 7 68 32 28 20 102 22 0 0 18 13 18 6 18 6 29 41 2 1 20 
3 2 1 0 0 0 1 3 1 1 0 0 1 1 0 0 1 0 0 0 0 0 0 0 0 0 0 0 3 6 2 3 2 2 1 1 0 1 3 3 1 0 10 10 3 2 9 6 8 23 9 3 10 10 7 1 9 6 0 3 0 1 1 3 4 3 0 0 1 0 1 0 1 1 24 20 9 29 65 37 22 6 0 103 39 29 16 41 21 0 0 15 15 15 3 9 0 15 7 2 1 7 
2 6 7 0 0 11 7 9 5 4 2 0 0 0 0 0 1 0 3 0 0 0 0 5 1 0 0 10 4 15 3 7 9 2 2 1 4 4 32 17 9 8 72 82 24 57 37 55 64 186 34 33 52 55 36 18 44 81 0 19 7 3 2 4 9 14 7 17 4 7 10 9 4 7 136 125 45 132 360 160 178 69 205 19 209 149 94 251 68 0 0 99 31 56 35 68 20 55 40 13 5 49 
0 4 1 0 1 3 2 2 1 0 0 1 0 0 0 0 0 1 1 0 2 0 1 0 1 0 0 4 0 3 0 1 1 2 1 0 1 2 6 5 6 6 25 39 13 26 14 27 21 47 5 10 11 7 4 2 11 16 0 11 1 1 0 5 2 10 0 5 1 4 3 1 2 1 35 18 8 25 89 44 41 9 32 148 4 46 42 90 28 0 0 38 18 28 19 13 1 18 23 7 1 23 
3 11 0 1 1 8 2 4 5 2 2 0 1 1 4 3 4 7 5 7 2 2 1 1 3 1 1 13 0 25 2 10 12 6 10 4 6 14 49 9 6 25 75 107 36 58 55 37 31 139 8 7 25 15 3 12 7 18 0 30 8 0 4 1 3 5 3 4 0 2 6 6 3 1 31 22 2 20 58 49 56 32 31 114 111 2 8 81 72 0 0 92 35 47 47 48 8 28 29 20 15 34 
1 5 3 0 3 7 4 1 1 2 2 1 2 0 2 3 8 4 3 2 3 0 1 2 6 0 0 13 4 17 10 17 18 5 4 4 5 14 39 29 8 7 37 99 16 59 35 52 46 91 12 5 16 9 1 4 5 16 0 8 0 0 1 4 1 11 3 2 1 0 5 4 3 0 14 14 5 8 53 32 31 18 12 77 61 37 3 64 41 0 0 85 20 39 27 58 10 42 24 9 6 48 
26 38 14 5 3 5 18 15 4 7 3 7 8 1 9 12 26 24 12 8 16 10 18 36 12 1 1 43 1 80 32 75 113 38 25 32 53 85 168 81 32 13 110 189 81 160 95 119 136 622 29 34 61 12 8 7 30 33 0 20 7 0 9 3 8 13 5 6 3 5 13 10 2 11 80 50 28 78 132 67 66 76 93 234 156 102 77 19 51 0 0 207 85 140 108 188 30 111 101 36 27 210 
3 7 4 0 2 1 3 0 0 2 2 2 1 1 0 1 9 2 6 5 2 1 1 9 2 0 2 7 0 10 6 28 14 16 19 11 19 30 34 32 18 17 48 88 10 46 21 31 36 125 6 5 16 8 1 1 9 11 0 4 2 0 1 3 2 7 1 0 1 2 5 4 3 0 17 21 3 30 48 14 18 13 21 64 39 67 46 60 7 0 0 74 28 59 41 52 8 53 46 14 9 17 
0 0 0 0 0 0 0 0 0 0 0 0 0 0 0 0 0 0 0 0 0 0 0 0 0 0 0 0 0 0 0 0 0 0 0 0 0 0 0 0 0 0 0 0 0 0 0 0 0 0 0 0 0 0 0 0 0 0 0 0 0 0 0 0 0 0 0 0 0 0 0 0 0 0 0 0 0 0 0 0 0 0 0 0 0 0 0 0 0 0 0 2 0 0 0 0 0 0 0 0 0 0 
0 0 0 0 0 0 0 0 0 0 0 0 0 0 0 0 0 0 0 0 0 0 0 0 0 0 0 0 0 0 0 0 0 0 0 0 0 0 0 0 0 0 0 0 0 0 0 0 0 0 0 0 0 0 0 0 0 0 0 0 0 0 0 0 0 0 0 0 0 0 0 0 0 0 0 0 0 0 0 0 0 0 0 2 0 0 0 0 0 0 0 0 0 0 0 0 0 0 0 0 0 0 
12 31 26 3 13 26 27 29 21 19 6 29 28 10 10 32 48 15 11 8 19 8 5 9 9 3 2 40 5 173 60 108 75 96 93 59 196 245 471 157 110 25 84 453 238 347 226 402 569 951 31 31 79 33 18 6 43 60 0 48 5 2 8 27 42 22 2 5 1 3 7 16 4 3 75 58 16 69 185 92 104 124 103 247 206 350 256 703 367 0 0 31 97 251 161 1021 92 540 314 96 45 286 
2 4 3 0 1 4 11 7 11 8 0 2 5 1 0 5 6 4 4 0 1 0 1 1 0 2 3 7 0 15 3 23 10 18 9 9 26 28 50 26 28 5 37 89 41 63 30 71 47 117 2 1 4 3 0 0 3 7 0 11 6 0 1 4 1 0 0 0 0 0 0 0 0 3 9 11 3 24 30 14 22 12 16 45 27 40 44 104 60 0 0 123 1 10 18 80 24 42 31 17 5 28 
1 3 5 2 2 3 4 2 3 7 3 1 7 1 1 3 2 0 1 1 0 1 1 0 0 0 0 1 3 21 6 15 21 12 9 6 21 18 57 18 24 4 33 69 35 66 32 73 107 144 6 9 17 10 3 0 18 9 0 2 1 2 1 0 2 1 0 0 0 0 1 3 0 0 13 21 4 23 44 40 21 15 23 54 52 63 48 170 49 0 0 107 8 3 11 70 9 44 18 13 8 44 
2 3 6 0 1 1 5 3 5 2 0 11 3 0 1 3 1 1 0 0 0 0 2 0 1 0 0 3 1 27 9 13 18 10 8 2 37 29 62 20 22 12 49 71 87 73 47 88 147 228 4 7 11 9 6 2 17 10 0 7 4 1 1 0 3 0 0 0 0 0 0 1 0 0 21 17 1 24 41 45 24 17 24 52 34 87 43 172 109 0 0 81 13 8 8 33 25 125 54 23 19 71 
2 1 6 0 2 1 5 2 2 0 1 0 4 0 0 5 4 1 0 3 0 0 0 0 0 0 1 2 0 12 2 11 9 3 9 16 15 17 39 27 14 13 52 67 59 55 17 34 52 92 1 4 8 3 3 3 1 2 0 1 0 0 0 1 0 1 0 0 0 0 0 1 0 0 9 2 1 7 14 27 19 19 31 47 18 36 31 146 33 0 0 92 38 44 14 1 10 46 18 16 5 56 
0 0 0 0 0 1 0 0 0 0 0 1 3 3 0 1 0 0 0 0 0 0 0 0 0 0 0 0 0 2 0 1 1 1 0 0 6 5 7 3 2 0 9 9 8 9 5 7 3 11 2 0 0 0 2 1 0 1 0 0 0 1 0 0 0 0 0 0 0 0 0 0 0 0 0 1 0 1 3 4 1 5 1 5 3 10 3 26 6 0 0 28 3 3 4 6 0 0 2 0 0 6 
0 3 0 0 1 1 0 1 1 4 0 2 0 0 0 0 1 1 0 0 0 0 0 0 0 0 0 0 0 4 1 3 5 1 4 6 6 6 24 2 5 4 23 35 15 18 19 7 25 75 5 1 4 0 1 0 1 4 0 1 1 0 0 0 0 0 0 0 0 0 0 0 0 0 6 8 0 3 14 6 6 8 10 27 19 19 16 93 11 0 0 60 6 9 13 43 0 1 3 10 8 31 
2 5 6 4 2 2 2 3 2 3 1 3 2 0 0 2 2 0 0 2 0 0 0 2 0 0 0 3 0 15 13 7 6 4 6 15 11 15 55 5 27 7 28 47 27 33 20 28 31 160 5 1 9 6 0 0 2 2 0 4 0 0 0 2 0 1 0 0 0 1 4 0 0 0 13 17 1 19 22 4 10 16 12 29 16 36 32 102 20 0 0 69 7 27 9 16 5 12 5 4 3 46 
2 0 0 0 0 1 0 0 1 2 0 0 0 1 0 0 0 0 0 0 0 0 0 0 0 0 0 0 0 1 0 1 0 0 2 0 3 0 2 3 0 3 6 5 2 2 1 2 6 8 3 0 2 0 1 0 2 0 0 0 0 0 0 0 0 0 0 0 0 0 0 0 0 0 0 1 0 4 2 2 1 0 0 8 1 2 0 12 2 0 0 11 0 3 8 6 0 2 3 1 0 5 
0 0 0 0 0 0 0 1 0 0 0 0 0 1 0 0 0 0 0 0 0 0 0 0 0 0 0 0 1 3 0 2 0 1 0 1 0 1 2 1 2 1 3 8 7 4 1 6 5 11 1 0 0 0 0 0 1 1 0 0 0 0 0 0 0 0 0 0 0 0 0 0 0 0 2 3 0 1 0 1 1 4 2 3 3 2 2 22 11 0 0 11 2 5 0 6 0 3 3 2 0 2 
14 17 11 1 1 8 8 9 6 6 6 3 7 4 2 7 7 9 1 3 2 3 2 3 2 0 0 9 2 48 22 26 44 14 21 24 40 43 78 41 52 10 136 143 79 136 106 85 98 437 32 23 40 14 9 4 12 13 0 9 2 0 3 4 8 3 0 4 0 0 5 1 0 6 25 19 6 30 39 35 28 40 25 73 46 81 44 412 97 0 0 153 38 130 91 108 18 67 38 10 3 13 
