4 19 15 2 13 19 20 17 23 22 21 26 27 71 51 56 34 14 20 11 10 15 4 14 13 0 0 12 75 0 0 4 12 4 4 0 4 6 30 14 8 2 3 11 9 9 3 0 4 36 4 0 6 5 0 3 1 2 0 1 1 0 2 3 9 4 3 2 1 1 2 4 1 1 1 1 0 2 7 1 0 2 0 10 1 5 0 18 3 0 0 14 2 1 0 5 0 1 0 1 0 16 
4 14 15 4 11 24 16 22 39 18 12 32 35 67 58 103 25 23 22 7 12 7 5 8 5 0 0 10 87 1 1 4 17 4 8 4 4 4 46 19 13 0 9 18 11 15 6 1 5 34 7 1 6 2 2 0 4 4 0 0 1 1 0 11 5 6 3 3 2 0 1 1 2 4 0 1 1 3 18 0 2 1 1 9 1 3 2 14 2 0 0 12 1 2 2 2 0 0 3 0 0 8 
32 13 4 13 7 33 29 30 23 22 15 34 64 89 43 49 32 23 22 12 6 16 5 20 7 0 1 21 179 3 1 2 9 3 1 1 6 6 14 11 7 3 4 14 7 10 13 3 6 29 5 3 1 7 2 1 1 3 0 0 1 1 2 3 4 6 1 1 0 1 1 4 4 7 5 2 0 3 11 2 1 0 1 11 0 1 1 12 2 0 0 10 1 0 0 0 1 2 1 0 0 7 
2 7 27 1 0 3 10 9 11 7 5 4 7 10 3 4 9 2 1 1 2 0 1 7 3 0 3 4 32 1 0 0 3 0 1 0 0 0 4 0 2 1 0 0 0 4 0 0 0 9 0 2 1 0 0 0 0 0 0 0 0 1 0 3 0 0 0 0 0 0 0 0 0 0 0 1 0 0 5 0 0 0 0 0 0 0 0 3 0 0 0 0 0 0 0 0 0 0 1 0 0 1 
7 7 3 1 10 10 10 7 9 10 5 12 16 42 14 12 10 6 2 3 5 4 3 7 3 0 0 10 16 3 1 0 4 1 2 2 3 2 8 4 4 2 2 3 4 8 2 1 3 18 1 0 5 0 0 0 0 3 0 1 2 0 0 2 0 8 0 0 0 1 0 2 0 4 0 0 0 0 6 0 0 0 0 0 0 1 1 4 0 0 0 3 0 0 0 1 0 0 0 0 0 2 
8 29 16 6 11 9 15 11 29 14 24 30 51 73 31 56 33 24 14 7 9 6 3 21 6 0 1 11 94 4 3 3 10 1 7 1 1 5 34 12 4 1 4 11 5 8 9 2 4 30 2 3 4 9 1 0 0 7 0 2 3 0 0 1 3 5 4 2 0 0 1 1 3 1 3 0 0 1 5 0 0 0 0 6 0 2 1 4 4 0 0 3 2 0 0 2 0 0 0 0 0 1 
28 55 45 13 7 21 3 31 37 26 12 22 37 86 35 64 29 30 13 13 6 7 4 9 6 0 0 10 70 6 1 1 11 7 1 2 3 3 21 13 10 4 7 8 6 11 5 4 5 28 2 5 19 2 2 1 1 7 0 8 0 1 0 3 7 5 1 3 1 0 1 3 0 2 1 0 1 1 8 0 1 2 1 3 3 1 2 4 0 0 0 10 2 3 0 1 1 0 2 0 1 7 
23 32 19 2 8 22 21 8 9 12 16 37 50 64 25 55 33 22 28 10 7 24 4 14 8 0 0 11 77 4 3 0 2 2 5 1 1 1 27 15 6 1 13 17 2 4 3 3 5 34 7 3 10 3 3 5 1 3 0 2 2 3 2 3 4 7 3 3 2 1 0 4 0 1 0 1 1 0 9 0 1 2 1 6 5 1 0 2 1 0 0 10 1 0 2 0 0 1 0 0 0 5 
24 47 51 4 9 15 37 17 6 10 9 31 45 65 27 57 44 17 26 6 13 8 4 20 4 0 1 14 71 2 4 1 9 1 1 1 6 6 22 19 6 1 13 10 6 7 6 4 2 23 1 4 5 6 1 3 2 3 0 1 0 0 0 1 3 3 3 2 2 0 3 2 5 1 1 3 0 1 8 0 0 0 1 2 0 3 0 2 0 0 0 4 1 0 1 2 1 0 1 0 0 1 
13 22 12 9 5 3 11 13 10 5 10 7 22 35 13 29 19 10 10 7 4 12 0 20 7 1 0 11 47 0 0 1 5 0 0 2 0 3 17 13 6 1 2 6 4 5 3 1 1 13 5 5 8 2 0 6 2 3 0 3 0 0 0 3 4 3 3 7 3 1 0 4 2 1 3 3 0 2 18 2 0 0 0 2 1 0 1 3 0 0 0 5 0 1 1 0 0 0 0 0 0 1 
9 9 9 5 9 10 11 8 14 13 2 5 26 28 12 29 18 12 8 5 5 0 2 12 5 0 0 17 26 5 1 0 7 1 1 0 0 0 18 9 3 2 2 2 1 4 4 4 2 13 1 4 1 5 0 2 0 4 0 3 0 1 0 1 0 2 0 0 0 0 2 1 2 0 0 1 0 1 5 0 0 0 1 3 0 2 2 3 0 0 0 4 0 3 0 1 0 0 0 0 0 2 
25 45 54 4 9 20 27 31 33 20 7 5 28 44 23 47 33 31 18 11 7 9 13 45 12 3 2 40 52 7 3 13 10 4 1 1 1 4 23 20 11 0 2 6 12 9 5 5 7 33 1 5 8 4 1 0 3 0 0 1 3 5 0 1 1 1 5 0 3 1 2 1 1 4 2 0 3 1 4 3 0 0 0 0 0 2 0 4 2 0 0 7 2 1 2 3 0 0 1 0 0 8 
46 77 56 9 9 33 47 40 55 39 23 28 4 70 37 78 51 39 32 12 28 19 14 56 38 0 5 57 32 9 9 11 9 0 4 0 6 5 28 22 9 1 13 9 6 10 6 1 3 27 7 5 8 7 3 0 12 6 0 10 0 5 1 3 4 1 0 0 1 1 0 3 0 2 4 3 1 5 12 0 5 0 1 0 0 0 0 5 2 0 0 11 7 0 1 1 0 0 0 1 0 6 
72 68 75 9 12 48 60 45 46 37 19 46 46 8 9 49 50 54 58 17 37 35 25 58 38 3 4 147 83 11 2 4 9 1 0 1 2 4 20 14 10 1 7 13 7 8 8 2 3 34 9 6 8 9 1 1 3 13 0 7 0 2 1 0 0 2 0 1 0 1 1 1 0 1 3 1 0 1 19 3 2 1 1 0 0 0 0 2 1 0 0 10 1 0 2 3 0 2 1 0 1 8 
42 77 57 4 22 38 35 40 40 29 7 27 37 21 8 16 31 35 25 14 33 22 23 84 31 4 6 79 44 7 4 1 13 3 2 0 1 3 12 17 11 1 7 9 3 17 5 3 0 17 4 6 7 2 3 4 1 3 0 3 0 1 0 1 0 0 0 0 1 0 0 5 0 1 1 4 1 0 18 2 0 0 0 1 0 0 0 3 2 0 0 7 0 1 1 2 0 0 1 0 0 5 
31 43 30 8 11 33 49 53 43 41 23 28 49 29 19 13 58 64 42 37 55 40 27 104 35 6 4 90 32 17 9 19 32 9 11 6 41 7 27 22 21 3 11 12 10 8 17 12 7 32 5 3 13 8 1 3 1 6 0 5 2 1 1 0 0 3 0 6 1 0 0 0 0 2 5 2 2 1 19 1 3 1 0 2 0 5 0 7 3 0 0 12 1 1 0 0 0 1 2 0 4 3 
31 32 20 8 7 21 35 45 32 36 19 42 49 109 45 86 7 54 53 34 53 36 26 71 30 8 7 66 34 36 10 32 34 21 14 14 38 10 53 36 26 2 20 26 22 39 25 6 12 50 6 8 14 15 5 3 4 7 0 1 3 3 2 4 0 0 1 0 2 0 1 2 0 0 2 6 0 3 33 0 2 1 2 1 0 1 4 14 5 0 0 6 2 2 2 0 0 1 2 1 0 5 
10 18 17 1 6 14 10 22 23 18 5 36 44 123 14 91 37 9 27 15 27 22 13 67 17 10 1 45 40 25 4 10 19 11 12 13 27 15 74 21 16 1 19 24 8 17 21 7 6 39 3 3 5 10 2 0 5 6 0 9 1 1 0 1 0 0 0 0 0 0 0 0 0 1 3 2 0 0 18 0 0 0 0 0 1 4 2 9 7 0 0 6 2 0 1 1 0 0 0 0 1 2 
22 26 13 2 2 20 23 14 25 28 12 18 23 74 23 44 39 19 4 13 31 9 12 42 24 0 7 37 24 9 4 10 15 3 20 10 14 8 36 8 3 1 6 5 15 11 10 6 4 34 0 5 10 7 3 1 0 2 0 0 0 1 0 1 0 0 0 0 0 0 0 0 0 0 0 0 0 1 8 0 1 0 0 1 0 1 3 8 1 0 0 4 0 0 0 0 0 0 0 1 0 1 
6 11 14 2 3 9 19 5 15 9 6 12 11 46 25 45 27 14 14 3 11 9 17 30 12 14 9 57 16 5 2 4 3 1 6 1 10 11 38 11 8 4 4 2 6 6 5 5 1 10 2 2 2 0 1 0 1 6 0 3 0 0 0 0 0 1 0 0 0 0 0 1 1 0 2 1 0 2 9 1 0 2 0 0 1 0 1 5 2 0 0 3 0 0 0 0 0 0 1 0 0 2 
8 12 2 0 4 8 13 9 5 11 13 9 14 112 42 78 70 31 45 1 4 12 11 49 11 13 7 53 30 3 2 2 7 0 4 0 26 10 55 8 18 1 3 1 4 11 7 1 2 31 0 0 1 1 2 0 1 0 0 1 0 0 0 0 0 0 0 0 0 0 0 0 0 0 0 2 0 1 6 0 0 0 0 0 1 0 0 6 1 0 0 2 0 0 0 0 0 0 0 0 0 0 
5 14 11 1 5 8 6 12 16 13 8 20 15 56 24 61 38 17 24 6 7 2 10 34 8 9 10 56 38 5 8 0 9 0 1 4 2 8 37 3 6 0 4 9 2 9 11 1 3 24 1 0 1 0 1 0 1 0 0 1 0 0 0 0 0 0 0 0 0 0 0 0 0 0 0 0 0 0 3 3 0 0 0 1 0 2 1 4 1 0 0 4 0 0 0 0 0 0 0 0 0 0 
3 3 2 1 2 3 0 11 11 14 4 5 21 36 34 68 27 21 30 6 30 5 7 23 5 3 3 64 8 4 1 0 11 1 3 7 9 2 21 6 4 0 1 2 2 17 3 1 2 27 0 0 1 0 3 1 2 3 0 0 0 1 0 0 1 0 0 0 0 0 0 0 0 0 0 0 0 0 8 0 0 1 0 0 2 0 0 6 0 0 0 3 0 0 0 0 0 0 1 0 0 1 
15 16 19 0 6 12 9 5 16 27 11 36 40 73 44 131 94 51 47 20 32 12 9 9 8 31 31 68 16 7 3 2 31 1 15 4 21 11 67 25 12 1 4 12 6 17 12 5 6 80 7 1 2 0 3 1 0 1 0 1 3 0 0 0 0 1 0 0 0 0 0 0 0 1 3 1 0 4 12 1 1 2 0 0 1 3 0 10 1 0 0 7 2 4 0 1 0 0 0 0 0 3 
13 23 11 0 14 15 13 10 13 34 9 25 29 40 30 114 46 22 44 26 23 14 6 17 7 5 17 47 4 8 6 11 71 5 10 10 11 9 55 23 29 4 17 13 18 28 11 11 7 107 14 10 20 8 3 3 3 3 0 1 1 0 0 2 1 0 1 0 0 0 0 0 1 6 3 3 1 5 11 4 3 1 0 0 1 0 3 28 1 0 0 12 0 1 4 2 0 2 0 0 0 5 
0 1 0 0 0 1 0 0 0 1 0 1 1 8 3 14 7 5 8 6 11 14 3 34 4 2 2 14 1 0 0 0 1 0 2 0 4 1 4 0 2 0 0 0 1 2 1 2 0 2 0 0 0 0 0 0 0 0 0 0 1 1 0 0 0 0 0 0 0 0 0 0 0 0 0 0 0 0 1 0 0 0 0 0 1 0 0 0 0 0 0 0 0 0 0 0 0 0 0 0 0 0 
0 0 0 0 0 0 0 1 4 3 0 2 0 5 7 26 8 7 5 5 7 5 5 15 2 1 0 30 1 0 0 0 3 0 0 0 1 0 6 0 1 0 1 0 3 0 0 0 0 1 0 0 0 0 0 0 0 0 0 0 0 0 1 0 0 0 0 0 0 0 0 0 0 0 0 0 0 0 4 0 0 0 0 0 0 0 0 2 0 0 0 0 0 0 0 0 0 0 0 0 0 0 
14 17 23 0 10 10 10 7 18 37 7 33 50 124 62 143 87 32 54 35 65 60 62 86 30 16 55 11 23 4 2 5 23 7 10 2 34 16 63 30 30 1 12 9 31 25 22 10 11 77 8 7 11 1 2 1 2 1 0 0 1 0 0 1 0 1 0 0 0 0 0 1 1 0 2 4 1 0 11 1 2 2 0 2 1 4 4 29 5 0 0 10 1 0 0 1 0 1 2 0 1 9 
13 30 37 4 1 27 10 19 25 7 3 12 13 27 16 10 7 5 7 3 2 4 2 3 0 0 0 3 3 3 0 2 2 1 2 0 3 1 1 1 6 0 0 2 1 2 1 1 0 4 1 0 1 0 0 0 0 2 0 2 2 0 2 2 1 1 2 1 0 0 2 0 0 0 0 0 0 2 3 0 0 0 0 3 0 3 0 0 0 0 0 1 1 1 0 1 0 0 0 0 0 0 
3 0 2 1 1 3 3 2 7 4 0 4 6 6 4 16 52 15 15 3 3 2 0 8 6 3 0 3 8 29 71 122 288 60 147 101 389 155 296 112 75 8 46 53 40 66 38 21 13 194 8 9 17 2 4 6 4 5 0 13 2 4 10 13 20 25 8 12 3 5 4 7 4 2 5 4 1 7 32 4 2 3 3 3 2 6 3 52 12 0 0 47 8 5 3 2 0 16 6 1 0 25 
0 2 2 0 1 1 1 0 0 2 0 2 2 0 1 9 14 5 13 2 0 2 3 4 0 1 0 3 6 68 10 53 99 23 48 59 130 48 82 34 19 4 15 11 22 19 10 8 5 51 1 0 4 2 0 5 1 2 0 8 0 3 0 5 8 15 7 5 2 4 3 5 0 0 0 2 0 0 8 1 1 0 0 2 0 3 1 7 3 0 0 7 2 3 4 0 0 0 2 0 0 7 
6 5 1 0 1 3 2 2 4 2 3 2 12 1 3 11 26 10 8 4 1 0 1 5 2 0 0 7 6 119 52 12 99 24 78 46 258 97 215 59 41 12 50 41 44 63 23 14 28 133 2 2 6 1 2 5 2 10 0 4 3 5 1 7 3 18 6 5 2 4 4 6 6 2 6 0 0 1 16 1 0 1 0 5 2 19 8 26 3 0 0 33 9 11 3 9 1 3 6 0 0 11 
7 8 6 0 2 5 13 4 3 6 0 5 1 11 5 22 42 16 10 7 9 6 4 26 19 0 4 21 4 218 79 81 12 33 66 88 257 111 220 95 102 14 77 45 64 120 90 35 32 409 32 7 19 15 8 5 11 14 0 9 0 3 2 8 13 18 5 11 4 13 11 20 4 4 7 9 1 5 34 4 6 8 4 3 5 22 7 94 21 0 0 47 13 6 10 8 0 4 2 0 0 31 
1 5 1 1 0 2 1 5 4 1 0 3 1 0 1 7 19 2 7 2 0 3 2 4 2 0 1 8 6 65 29 28 35 3 28 21 101 39 119 36 23 4 22 31 23 26 28 10 7 69 4 6 8 5 0 2 1 3 0 0 2 6 0 7 10 18 8 7 5 4 9 20 8 6 3 3 0 3 17 2 1 1 1 4 1 2 1 26 1 0 0 30 2 2 1 1 1 4 1 0 0 6 
7 9 3 1 4 3 8 1 2 2 2 2 2 2 0 14 15 26 16 6 6 4 6 8 6 0 2 16 4 160 55 76 69 26 12 27 158 69 151 85 50 9 44 52 36 52 34 11 15 108 12 4 15 7 3 6 2 11 0 4 1 10 6 9 8 20 6 2 2 9 15 21 13 3 1 0 0 2 30 6 0 1 0 1 2 9 7 18 9 0 0 28 9 7 8 5 1 6 2 0 1 9 
5 0 2 0 0 0 2 1 2 0 0 0 1 2 2 12 12 7 10 3 4 2 3 8 2 0 0 7 13 127 67 86 116 18 47 10 151 38 97 56 37 5 19 35 26 51 20 11 17 121 5 1 5 3 1 1 0 2 0 0 1 3 3 11 8 11 4 6 0 6 5 15 4 10 2 1 0 0 2 2 2 0 0 3 0 12 1 27 6 0 0 23 2 6 1 3 2 6 5 0 0 18 
8 8 5 0 2 5 1 2 2 4 0 4 4 2 1 30 27 23 12 5 11 11 13 22 10 2 2 36 12 311 161 248 253 87 152 224 29 95 276 255 130 35 136 144 127 167 117 46 49 343 8 9 18 5 3 2 7 14 0 2 0 14 11 23 16 23 7 14 13 9 17 21 12 6 8 3 1 4 11 12 4 2 3 4 3 15 24 73 17 0 0 80 23 21 20 25 1 21 13 2 0 43 
8 10 5 0 3 2 9 6 15 4 2 5 3 8 2 7 20 12 16 5 0 7 3 25 11 3 3 18 17 122 64 82 84 32 52 50 121 20 149 162 102 27 59 75 96 86 74 25 29 247 1 7 5 2 0 0 2 3 0 1 2 5 0 15 5 2 2 3 4 0 8 1 2 7 1 2 0 0 15 0 1 0 1 6 1 13 6 45 28 0 0 75 16 9 22 8 2 5 14 3 6 20 
18 17 12 2 2 13 14 12 18 10 12 12 18 11 1 7 28 15 20 9 25 11 9 25 12 6 0 23 13 128 56 111 149 52 98 63 283 76 20 231 131 19 91 100 84 136 97 41 30 272 5 10 18 6 2 1 4 8 0 1 7 4 1 15 8 14 6 7 4 4 9 9 9 3 1 6 3 1 30 6 5 0 3 7 5 16 5 68 22 0 0 76 15 17 12 15 0 6 12 3 2 32 
10 19 10 3 5 14 15 15 16 12 3 18 12 16 7 21 44 16 20 8 16 1 3 28 16 0 0 23 31 107 40 75 138 32 84 44 332 158 425 7 49 17 47 130 65 142 66 38 37 237 7 2 9 9 2 1 0 8 0 4 2 8 1 7 10 7 3 2 1 2 6 3 2 6 6 1 0 2 20 1 4 3 5 16 3 5 2 24 14 0 0 48 7 10 10 8 0 3 4 0 2 24 
16 11 6 1 4 3 13 10 8 12 3 10 3 7 7 17 27 16 14 10 14 3 5 17 17 0 1 30 14 64 25 58 107 31 57 27 156 101 255 62 11 27 64 90 52 102 82 29 28 219 3 2 8 2 1 3 2 6 0 0 3 3 0 7 2 5 0 5 1 1 3 7 8 5 8 1 0 6 15 8 6 6 5 7 4 17 10 18 14 0 0 44 9 14 10 9 1 4 6 2 1 25 
0 2 0 0 0 1 1 1 0 1 0 0 2 2 2 2 6 1 2 0 2 0 0 0 1 0 0 0 3 10 3 8 16 2 10 9 41 12 44 19 10 6 33 35 17 26 11 6 2 30 0 0 0 0 0 2 1 0 0 0 1 0 0 0 0 2 0 0 1 0 0 0 1 1 0 1 1 0 5 1 3 3 1 5 1 2 3 9 3 0 0 4 3 4 1 0 0 1 0 0 0 3 
2 7 12 0 1 4 3 7 7 2 3 7 10 6 5 9 29 15 5 5 12 4 6 8 2 0 0 13 5 40 17 29 73 20 46 23 108 75 132 75 51 25 17 87 81 103 63 40 33 184 5 5 10 4 3 1 7 6 0 4 2 3 0 1 12 17 0 1 1 4 7 2 5 3 5 7 1 9 41 14 25 6 20 51 24 53 41 71 42 0 0 80 26 33 23 41 11 17 15 2 1 78 
10 14 10 1 1 7 8 6 4 4 3 8 9 8 1 12 23 20 15 6 8 1 7 18 4 1 0 11 14 73 17 43 99 28 48 40 112 82 185 102 67 23 83 22 115 242 116 71 68 365 6 6 9 8 4 5 2 10 0 4 1 1 5 1 9 13 4 1 5 3 5 5 5 3 13 8 2 15 44 18 27 16 20 68 31 98 49 106 71 0 0 200 35 42 45 72 13 36 24 2 1 116 
10 10 1 0 0 6 3 6 3 3 4 2 10 7 3 16 21 26 8 10 9 9 4 27 18 1 0 12 18 44 17 30 103 27 63 24 141 80 181 88 73 28 65 145 10 163 98 66 88 331 5 5 12 3 2 0 4 7 0 3 1 7 0 16 9 11 2 0 1 7 0 6 5 4 12 7 1 6 25 9 9 10 2 33 8 23 18 62 28 0 0 89 15 32 16 18 3 16 14 5 3 52 
11 18 6 1 5 3 14 9 9 6 2 14 13 13 7 10 28 15 17 4 8 4 3 23 7 1 0 15 25 58 17 35 141 35 46 40 167 87 189 138 94 13 73 189 125 28 170 148 108 574 9 6 11 4 1 3 7 4 0 1 2 4 0 7 6 12 0 7 6 1 7 11 3 11 22 6 0 10 37 16 8 16 5 31 15 49 24 126 26 0 0 125 21 27 20 22 5 18 46 7 5 111 
15 16 14 0 3 6 8 6 11 9 5 6 15 5 2 13 19 16 21 5 3 9 9 25 5 0 2 24 17 49 10 44 133 21 41 29 133 90 177 110 68 10 46 135 81 227 19 91 77 300 9 8 20 5 3 0 1 2 0 1 1 5 1 3 5 5 4 4 0 5 5 6 4 4 11 4 4 2 24 6 11 15 6 36 7 38 23 95 18 0 0 90 17 24 24 23 5 16 22 6 2 113 
4 6 3 0 0 0 3 4 3 1 0 7 5 2 3 6 4 7 12 0 1 2 1 7 5 1 0 6 11 27 6 4 88 10 18 11 49 41 75 44 34 8 39 74 76 182 84 16 50 281 2 1 11 0 1 0 1 2 0 0 0 0 1 4 5 1 3 2 2 2 1 2 2 2 5 2 2 3 18 3 2 3 5 9 2 10 11 81 9 0 0 43 9 7 12 8 0 5 6 1 3 43 
2 2 3 1 1 4 3 1 2 5 3 2 4 2 3 2 9 6 6 3 6 3 4 15 3 0 0 7 7 24 8 18 117 23 15 14 69 32 73 60 46 12 55 119 62 178 96 60 7 336 4 0 10 1 1 1 2 4 0 0 1 4 0 6 2 10 2 2 3 0 1 1 0 0 0 4 0 2 15 2 4 8 5 11 6 17 7 114 5 0 0 66 10 13 20 2 1 8 13 1 0 51 
36 46 24 8 8 16 24 14 22 32 7 22 19 20 12 25 43 40 44 16 19 17 5 102 35 0 2 84 76 180 51 92 678 62 85 90 353 216 470 197 196 19 165 323 208 561 256 203 188 45 33 13 58 8 4 7 10 13 0 5 6 10 3 23 17 32 2 10 4 3 20 11 16 23 31 17 5 13 96 21 30 37 39 92 27 59 47 579 53 0 0 228 28 42 54 52 6 35 66 4 6 258 
8 5 2 0 2 5 6 2 4 11 2 2 7 6 5 18 13 7 3 2 0 0 1 25 4 0 0 12 11 15 4 7 47 5 7 4 14 11 27 7 3 0 2 12 5 14 12 4 5 44 6 20 40 18 7 8 12 31 0 38 13 3 4 19 12 22 2 11 1 4 5 9 4 17 5 4 1 4 111 8 3 4 7 32 6 14 4 50 11 0 0 11 1 4 4 3 0 4 5 1 1 18 
0 7 5 0 1 7 1 0 2 3 1 3 3 12 5 7 5 1 2 1 0 1 1 3 1 0 0 1 4 2 1 5 20 5 3 2 8 0 6 4 1 2 2 5 2 5 8 0 0 20 4 3 17 11 4 4 6 15 0 7 2 4 2 10 10 12 1 10 2 5 4 3 3 10 3 4 0 4 50 4 8 1 4 10 3 9 6 30 5 0 0 21 0 0 1 0 1 0 3 0 0 12 
3 9 1 0 1 1 8 2 3 6 0 5 10 21 12 26 17 8 3 6 0 1 1 14 5 0 2 8 9 13 3 7 69 10 10 6 13 12 32 11 10 2 8 9 8 23 11 2 10 45 25 30 10 16 8 1 5 19 0 34 15 4 6 15 11 22 7 21 0 7 7 4 4 5 3 6 1 7 104 6 4 8 5 31 12 15 17 58 7 0 0 20 0 8 10 4 5 4 6 1 1 26 
3 5 10 0 1 11 5 3 1 8 9 7 9 12 3 10 3 2 0 0 0 0 0 9 0 0 1 2 11 7 0 4 23 1 6 3 11 3 12 3 1 1 2 7 3 5 0 3 1 15 11 18 36 6 3 4 5 21 0 17 7 3 2 14 12 8 6 8 2 4 4 13 5 6 3 4 1 1 60 5 5 0 4 8 2 9 2 8 3 0 0 8 2 5 5 1 0 1 2 1 1 8 
3 0 1 0 0 0 9 2 0 6 0 4 0 7 0 6 2 4 0 0 1 0 2 0 0 0 0 4 3 2 0 1 12 8 2 1 1 2 7 0 0 0 1 0 3 1 2 1 0 7 11 6 16 6 3 1 3 9 0 10 3 1 2 9 4 8 2 9 1 5 4 1 0 3 1 2 0 2 50 2 1 1 0 16 1 4 1 8 0 0 0 4 1 3 1 1 0 0 3 0 0 5 
0 1 1 0 0 1 1 0 0 0 0 0 2 6 3 3 0 0 0 0 1 0 1 1 0 1 0 0 5 1 0 4 6 1 1 0 1 0 3 0 1 0 0 3 0 3 1 1 0 4 9 6 7 5 3 0 8 10 0 8 1 1 3 3 2 15 2 1 2 1 4 7 1 3 6 1 0 1 28 2 0 2 9 5 9 4 0 5 0 0 0 0 0 2 2 0 0 2 0 0 0 1 
1 3 1 0 0 3 2 1 2 4 2 1 3 16 10 11 11 3 4 1 0 0 1 3 1 0 0 3 4 10 2 7 17 5 8 1 6 8 13 2 2 0 4 6 1 12 1 1 3 14 24 6 17 14 17 17 2 3 0 10 6 2 4 8 10 13 3 4 1 15 6 5 1 5 7 3 0 3 57 5 3 1 2 12 8 6 2 15 4 0 0 16 4 4 3 1 0 6 3 1 0 6 
3 6 5 0 1 1 3 5 6 6 8 3 6 22 7 13 8 4 3 1 8 0 1 10 1 1 0 4 4 7 1 5 22 4 14 3 7 10 18 5 6 0 9 3 6 8 4 2 5 28 21 17 27 15 15 5 10 7 0 15 4 3 1 15 14 14 1 8 1 12 3 6 3 9 6 7 2 5 101 9 2 2 16 30 3 9 3 25 5 0 0 9 1 3 6 1 0 2 5 0 1 7 
0 0 0 0 0 0 0 0 0 0 0 0 0 0 0 0 0 0 0 0 0 0 0 0 0 0 0 0 0 0 0 0 0 0 0 0 0 0 0 0 0 0 0 0 0 0 0 0 0 0 0 0 0 0 0 0 0 0 0 0 0 0 0 0 0 0 0 0 0 0 0 0 0 0 0 0 0 0 0 0 0 0 0 0 0 0 0 0 0 0 0 0 0 0 0 0 0 0 0 0 0 0 
3 3 8 3 3 5 7 3 2 3 4 6 15 21 10 24 14 9 8 3 7 7 0 18 5 0 2 24 21 4 3 5 11 6 4 3 1 2 14 10 4 1 4 9 2 5 5 0 1 20 20 20 19 11 6 2 12 16 0 3 2 8 2 12 15 19 6 10 11 8 10 12 12 18 6 4 2 4 41 3 3 2 1 11 5 9 0 24 1 0 0 8 4 0 0 1 0 0 1 0 2 7 
1 2 4 1 0 0 0 0 2 4 0 0 1 3 0 4 0 0 1 0 0 0 0 1 1 0 0 0 3 3 2 1 4 0 1 0 4 2 12 1 2 2 4 3 2 2 2 0 0 3 2 8 7 5 3 2 6 6 0 6 2 5 3 5 2 7 3 5 4 6 6 8 6 10 3 3 1 0 13 2 3 0 1 4 0 1 0 10 2 0 0 4 7 2 1 2 1 0 0 1 0 1 
1 3 5 1 0 0 3 2 2 1 2 6 6 6 6 4 7 2 2 1 1 0 0 1 1 0 0 1 2 11 3 14 10 18 12 6 25 13 26 25 7 0 11 7 5 14 11 1 3 14 7 8 8 1 1 2 4 15 0 10 5 5 1 12 11 20 6 10 4 15 8 16 6 3 5 1 0 7 20 1 6 1 1 1 0 1 1 3 11 0 0 16 2 0 1 1 1 0 1 0 0 4 
0 0 1 0 0 0 0 0 1 2 1 1 2 0 0 2 0 1 0 0 0 0 0 2 0 0 0 0 0 4 0 2 4 1 3 2 10 2 4 2 4 1 1 4 0 0 5 0 0 3 2 0 6 1 1 3 0 4 0 2 1 0 2 4 7 8 4 5 3 3 5 5 1 2 1 0 1 1 7 0 0 0 2 0 1 1 0 0 0 0 0 1 0 1 0 0 0 0 0 0 0 0 
2 5 4 2 0 2 3 6 2 0 0 2 2 0 0 0 3 3 0 1 0 0 0 1 1 1 0 3 5 6 1 8 10 1 5 8 8 7 22 5 6 1 4 3 4 14 10 3 1 23 15 12 16 8 3 1 4 6 0 9 5 17 4 2 7 24 9 3 7 15 12 17 9 7 2 4 0 2 31 1 0 0 5 0 2 4 3 1 4 0 0 6 0 1 2 1 0 0 2 0 1 3 
2 3 2 0 2 8 4 4 11 5 1 5 1 3 4 1 0 0 3 0 1 0 2 1 0 0 1 0 15 27 17 10 18 10 7 21 22 26 38 13 6 0 6 13 11 6 8 2 2 35 8 15 18 8 3 0 9 7 0 19 13 9 10 13 10 24 10 21 15 27 25 44 21 13 1 4 0 3 31 3 11 3 6 13 1 5 0 16 3 0 0 13 0 2 1 0 1 0 0 0 1 6 
14 27 11 1 4 7 14 9 9 4 0 0 5 0 0 4 2 1 0 0 0 0 0 3 0 0 0 0 14 39 26 44 27 21 13 5 38 9 41 16 11 3 19 13 17 19 12 4 8 40 23 13 44 21 9 7 17 16 0 38 11 17 22 18 47 18 10 44 35 53 61 80 49 55 17 8 1 10 84 18 9 4 6 9 4 9 5 24 3 0 0 5 1 2 1 0 0 1 0 0 0 6 
2 10 1 0 2 1 3 5 0 0 0 4 2 0 2 0 1 0 0 0 1 1 0 0 1 0 0 0 0 14 4 4 4 8 11 1 17 4 10 4 2 0 2 1 2 5 4 1 0 14 6 4 11 7 4 0 4 4 0 15 7 4 5 6 20 12 1 8 11 13 22 25 18 10 1 2 0 0 19 2 2 3 0 4 0 4 3 2 2 0 0 0 2 0 0 0 0 0 3 1 0 0 
5 8 1 1 0 1 1 2 4 4 2 2 4 1 0 0 1 0 0 0 0 0 0 0 2 0 0 0 6 9 6 2 10 7 2 3 10 5 20 5 4 3 5 3 8 3 6 2 1 13 5 5 15 6 6 4 9 5 0 12 8 12 4 12 17 27 8 3 15 15 17 27 18 23 7 1 1 3 20 1 3 3 2 4 1 3 0 7 2 0 0 4 0 0 0 0 0 0 0 0 0 2 
0 4 0 0 0 3 2 1 1 0 1 1 1 0 0 0 0 1 0 0 0 0 0 0 0 0 0 0 0 9 1 2 5 4 6 1 12 2 10 3 2 0 4 1 3 2 0 1 0 3 5 2 9 2 1 0 2 4 0 3 2 3 3 8 13 28 7 10 3 14 29 35 8 7 2 1 0 1 13 1 2 0 1 3 2 2 0 2 0 0 0 0 0 0 1 0 0 0 0 0 1 0 
5 1 2 0 1 0 3 3 0 3 0 5 1 0 0 4 1 1 1 0 0 0 0 1 0 0 0 0 2 10 1 9 6 14 6 5 10 13 14 5 3 4 4 2 10 4 2 1 0 7 2 6 14 9 7 1 5 6 0 11 4 8 5 10 39 48 24 24 11 5 17 47 20 31 1 2 0 2 29 3 2 5 1 4 4 5 0 2 0 0 0 3 0 1 0 0 0 0 0 0 0 1 
2 4 1 0 1 4 3 5 4 2 0 3 0 5 2 2 1 1 0 0 0 0 0 0 0 0 0 0 12 5 8 1 19 7 5 6 30 15 34 2 9 1 8 8 2 10 3 0 2 20 4 6 4 1 5 7 2 3 0 15 6 2 11 9 23 40 17 19 19 25 3 40 17 16 2 2 0 7 24 2 1 0 0 5 2 10 0 6 1 0 0 5 0 0 0 0 0 0 0 0 0 0 
1 1 0 0 0 3 3 2 6 1 0 0 0 0 1 0 1 1 1 1 0 0 0 1 0 0 0 1 8 13 3 1 5 12 11 2 28 13 17 4 4 1 2 1 5 4 2 2 1 13 6 7 11 6 3 1 3 4 0 12 7 4 10 11 32 39 21 21 9 23 29 4 30 24 4 1 0 3 18 5 4 3 3 5 0 1 2 11 4 0 0 3 16 0 1 0 0 0 0 0 0 2 
3 3 1 0 3 2 3 4 4 2 0 6 5 1 0 8 0 1 0 1 0 0 0 2 1 1 0 0 2 7 3 4 10 17 19 8 21 17 20 17 10 0 13 13 6 12 8 3 5 33 20 2 20 7 4 3 3 11 0 23 4 10 5 21 28 76 26 29 8 37 18 54 5 13 6 6 0 3 32 5 5 1 2 7 2 6 4 10 8 0 0 7 2 2 0 2 0 1 1 0 0 2 
2 2 2 1 2 0 3 3 7 4 4 0 3 2 1 1 3 2 0 1 0 0 0 0 2 0 0 0 3 3 4 3 8 17 9 5 21 9 19 7 6 0 2 1 5 3 2 1 2 19 14 2 12 5 1 2 5 7 0 17 5 5 2 9 27 44 14 18 7 37 15 27 11 4 4 5 0 4 40 2 3 5 3 8 1 2 1 11 4 0 0 6 0 0 0 1 0 1 1 1 0 0 
0 3 2 1 0 1 1 0 1 2 1 3 4 6 3 14 8 1 1 0 2 0 2 2 5 0 0 3 5 2 0 4 15 5 5 0 8 0 14 5 12 0 10 12 5 15 11 0 2 38 5 3 7 2 1 0 3 9 0 5 6 1 5 8 5 14 0 8 0 3 3 3 2 4 4 5 3 9 137 19 11 10 12 82 14 36 6 41 9 0 0 24 2 3 3 0 0 7 6 1 0 14 
1 3 2 0 0 2 1 0 2 9 0 1 1 6 4 5 3 3 0 0 1 1 0 0 2 0 0 4 2 4 0 6 12 4 3 0 1 3 15 7 5 0 10 8 7 12 5 2 2 30 3 2 6 5 0 2 3 14 0 6 8 1 0 4 6 9 1 1 1 2 3 1 3 1 4 5 0 16 138 21 9 5 11 80 11 20 9 29 6 0 0 20 3 7 3 8 3 6 4 0 1 14 
0 0 0 2 0 1 1 1 2 1 0 0 1 2 1 0 2 1 1 0 1 0 0 4 0 0 0 0 0 1 1 4 3 1 1 2 6 1 1 1 0 0 3 2 1 4 0 1 0 1 3 0 4 2 1 0 7 9 0 1 0 1 0 2 2 0 0 4 1 0 0 1 1 1 2 8 0 5 52 7 3 4 5 25 1 1 1 8 2 0 0 3 0 4 2 0 0 3 1 0 0 3 
0 2 3 0 0 5 2 4 2 1 4 0 2 5 2 4 2 2 2 0 1 0 1 3 1 0 0 4 4 7 2 2 0 0 0 1 2 0 5 0 0 1 3 10 11 8 13 5 1 11 3 1 16 1 0 4 9 14 0 5 3 0 1 5 9 8 1 4 1 1 1 3 1 2 15 5 7 3 77 12 5 5 6 38 5 21 4 31 6 0 0 19 1 5 9 3 0 2 3 0 0 9 
8 10 8 0 1 4 5 6 10 10 5 7 11 27 16 37 20 13 6 2 3 0 6 9 6 0 1 17 13 17 5 20 46 15 12 4 17 7 47 6 10 2 21 43 11 23 19 15 11 82 53 72 99 49 35 20 51 91 0 39 13 5 4 35 26 33 14 20 7 26 15 20 16 16 93 97 27 53 10 73 51 21 22 147 42 40 16 72 19 0 0 37 8 10 8 6 3 10 11 3 2 31 
2 0 1 1 0 1 2 0 0 6 0 1 2 8 1 5 3 2 4 1 0 0 1 1 1 0 0 0 2 5 0 3 5 6 4 1 2 0 4 1 3 0 14 19 11 15 7 3 2 28 9 4 47 3 6 1 12 24 0 10 2 0 0 0 4 4 1 2 0 3 2 6 2 1 30 28 5 26 127 5 32 4 24 127 19 19 9 46 9 0 0 24 7 12 6 10 0 6 9 1 0 16 
3 9 2 0 0 0 0 0 0 3 0 0 3 0 1 1 0 1 2 0 1 0 0 2 0 1 0 2 1 4 2 1 5 1 3 0 3 3 1 6 6 1 15 30 5 12 5 3 1 20 2 3 11 12 7 4 1 8 0 2 0 3 3 4 8 6 2 2 0 2 3 4 3 3 16 13 5 9 92 19 5 10 16 71 21 26 12 44 5 0 0 55 4 15 6 6 0 8 4 1 0 16 
0 1 3 0 0 0 0 0 3 0 0 0 0 0 1 2 2 1 1 0 0 1 1 6 0 0 0 1 0 6 0 0 10 2 1 1 1 1 9 13 10 2 17 28 10 20 14 7 7 32 4 1 5 2 0 0 0 2 0 4 1 0 3 2 0 9 1 2 0 1 0 5 0 4 9 9 1 20 50 7 8 4 7 37 15 27 24 40 13 0 0 34 5 7 8 10 1 5 11 0 1 31 
1 2 0 1 0 0 1 0 0 1 0 0 1 0 0 2 0 0 1 0 0 1 0 1 0 0 0 0 6 6 2 2 2 2 0 0 1 1 1 4 4 2 21 16 2 10 7 1 2 32 12 2 6 4 5 1 2 8 0 6 2 2 1 1 1 4 1 2 1 1 0 2 1 0 10 15 6 12 56 22 8 5 1 122 16 24 4 34 4 0 0 39 2 6 11 9 2 9 3 0 0 19 
0 6 1 1 0 2 0 3 3 2 0 0 2 0 1 1 0 2 2 0 1 1 0 0 1 0 0 6 5 14 0 3 8 1 6 2 6 4 13 16 21 8 48 76 17 57 25 25 8 91 26 21 30 20 5 2 18 32 0 10 0 4 0 0 3 10 0 0 3 8 0 7 4 7 53 47 17 43 232 103 70 20 120 14 82 52 36 121 38 0 0 106 14 47 20 24 5 36 18 4 4 45 
0 3 1 0 0 2 1 1 0 5 0 0 1 0 0 0 1 0 0 0 0 0 0 0 0 0 0 1 1 2 0 0 2 2 3 0 2 1 16 10 6 0 28 36 6 32 10 9 6 23 0 2 6 9 3 2 7 18 0 1 1 0 1 2 3 2 1 1 1 2 0 0 0 1 8 17 3 14 45 28 29 11 23 110 7 42 16 46 13 0 0 65 7 9 3 8 2 5 12 2 0 26 
4 7 4 2 3 3 2 2 0 8 4 0 4 2 0 5 7 1 4 3 2 1 2 12 1 0 0 10 3 17 10 10 18 6 6 6 38 13 33 11 13 11 85 157 30 85 46 21 22 126 8 10 15 5 1 2 7 8 0 4 0 1 4 10 3 6 1 1 1 4 4 3 4 7 14 11 7 20 44 26 31 18 28 78 60 4 37 74 65 0 0 120 49 53 25 17 6 28 29 11 2 58 
5 7 3 0 0 1 3 0 0 3 1 1 1 2 0 2 6 3 1 0 0 2 1 2 1 0 0 6 4 5 3 3 20 2 9 6 19 16 18 5 6 7 35 66 5 46 25 11 8 64 8 6 7 5 2 5 7 5 0 5 0 3 2 5 6 6 2 1 0 0 1 2 2 5 8 8 2 11 25 13 7 14 14 49 15 22 4 43 29 0 0 72 15 22 22 16 3 13 16 0 0 40 
15 18 8 4 5 12 9 10 2 12 3 6 6 6 2 9 18 12 11 4 5 5 0 21 5 0 1 28 14 67 19 26 190 16 17 30 107 69 192 20 35 16 71 165 41 165 115 48 51 471 17 12 41 10 14 10 6 17 0 22 5 2 2 10 9 9 2 1 9 1 3 3 6 7 27 29 10 30 110 24 26 32 42 123 58 59 44 27 28 0 0 235 39 64 46 36 9 44 47 8 7 276 
2 8 6 0 0 1 0 4 2 0 1 2 1 0 0 1 9 5 2 0 2 1 1 6 3 0 0 12 2 17 4 5 26 12 15 5 46 20 58 26 18 10 58 72 15 47 17 7 8 62 2 5 14 1 0 0 0 8 0 3 1 2 2 6 2 5 1 1 1 1 2 0 1 5 6 7 1 6 36 12 10 12 11 38 9 34 17 55 2 0 0 81 17 12 22 21 3 14 14 1 1 40 
0 0 0 0 0 0 0 0 0 0 0 0 0 0 0 0 0 0 0 0 0 0 0 0 0 0 0 0 0 0 0 0 0 0 0 0 0 0 0 0 0 0 0 0 0 0 0 0 0 0 0 0 0 0 0 0 0 0 0 0 0 0 0 0 0 0 0 0 0 0 0 0 0 0 0 0 0 0 0 0 0 0 0 0 0 0 0 0 0 0 0 0 1 0 0 0 0 0 0 0 0 0 
0 0 0 0 0 0 0 0 0 0 0 0 0 0 0 0 0 0 0 0 0 0 0 0 0 0 0 0 0 0 0 0 0 0 0 0 0 0 0 0 0 0 0 0 0 0 0 0 0 0 0 0 0 0 0 0 0 0 0 0 0 0 0 0 0 1 0 0 0 0 0 0 0 0 0 0 0 0 0 0 0 0 0 0 0 0 0 0 0 0 0 0 0 0 0 0 0 0 0 0 0 0 
6 2 4 0 1 1 5 6 3 1 6 7 6 3 1 8 11 3 6 2 0 0 0 1 2 1 1 5 3 19 2 16 38 17 42 11 57 44 80 32 19 4 54 143 50 78 38 36 36 140 9 4 7 10 6 0 5 10 0 4 1 7 0 5 2 2 0 2 0 3 2 2 0 0 7 7 2 4 34 19 25 11 12 70 29 47 30 112 48 0 0 7 15 55 35 50 6 29 25 6 6 74 
1 1 1 0 0 1 0 0 3 2 0 1 3 1 2 2 1 0 0 0 0 1 0 0 0 0 0 1 1 5 4 10 13 8 9 2 43 25 19 14 17 4 41 63 11 42 24 8 12 59 2 1 1 1 0 0 1 2 0 3 2 3 0 0 3 0 0 0 0 0 0 1 2 1 2 1 0 4 12 9 18 5 7 20 10 42 20 54 19 0 0 76 6 16 12 16 6 20 8 1 1 25 
2 3 2 0 0 1 1 0 0 1 2 4 2 0 0 3 0 1 0 0 0 0 1 0 2 0 0 0 1 6 8 3 18 3 12 4 15 16 43 11 14 3 22 49 15 48 30 14 12 71 5 2 5 7 0 1 1 8 0 0 1 3 0 2 1 1 0 0 0 0 0 1 0 2 5 5 0 2 13 4 14 6 3 28 10 22 18 59 15 0 0 89 8 6 2 12 1 13 21 5 2 40 
1 6 0 0 1 0 0 1 0 1 0 0 2 1 1 0 1 3 0 0 0 0 0 0 0 0 0 2 3 3 0 2 2 2 3 2 23 11 13 8 2 0 20 34 13 17 13 15 7 51 4 5 3 2 0 0 5 2 0 1 0 1 0 1 0 1 0 0 1 0 0 0 1 0 3 1 0 3 10 4 5 3 8 16 7 17 4 38 12 0 0 32 14 5 6 6 2 7 3 0 1 45 
0 1 1 0 0 1 0 2 0 0 0 3 2 3 1 2 2 3 0 0 0 0 0 1 0 0 0 1 0 9 1 4 20 4 14 5 21 8 34 10 11 2 34 61 13 58 8 5 12 89 4 3 1 4 0 1 1 6 0 1 1 0 0 0 0 0 0 0 0 0 0 0 1 0 2 2 0 3 11 4 6 8 7 22 8 17 16 68 12 0 0 110 9 17 16 1 0 10 2 2 3 67 
1 1 0 0 0 0 0 0 1 1 0 0 0 0 0 0 1 0 0 0 0 0 0 0 0 0 0 0 1 0 0 0 3 2 0 1 1 1 4 1 2 0 7 11 5 11 0 2 0 12 0 0 1 0 0 0 0 1 0 0 0 0 0 0 0 0 0 0 0 0 0 0 0 0 0 0 0 1 0 0 0 2 5 9 5 11 0 10 0 0 0 13 14 1 2 0 2 1 0 4 0 7 
0 2 0 0 3 0 0 0 0 4 0 0 0 0 0 1 0 0 1 0 0 0 0 0 0 0 0 5 2 8 0 0 6 2 2 6 16 15 27 2 3 2 15 49 11 24 18 6 6 50 3 0 7 3 2 0 3 2 0 3 1 1 0 0 0 0 0 0 0 0 0 0 0 0 2 3 7 2 13 4 9 7 12 18 8 13 12 34 5 0 0 77 7 15 11 16 3 8 2 2 1 45 
2 1 0 0 1 0 1 1 0 0 0 0 2 1 0 0 1 1 1 0 0 0 0 2 0 0 0 2 2 6 0 2 4 5 3 8 19 8 24 4 4 0 31 35 12 35 22 9 4 69 5 2 6 2 2 1 1 2 0 1 0 1 0 0 0 1 0 0 0 0 0 0 0 2 10 5 1 5 12 8 8 8 7 20 9 17 3 43 14 0 0 62 5 6 5 10 0 2 9 3 1 18 
0 1 0 0 1 0 0 0 1 0 0 0 0 2 0 0 1 1 0 0 0 0 0 0 0 0 0 0 1 0 0 0 3 0 0 2 5 1 8 0 3 0 10 11 5 5 3 3 0 13 0 0 0 1 0 1 0 0 0 0 0 0 0 0 0 0 0 0 0 0 2 0 0 1 2 0 0 1 5 0 0 0 0 3 5 6 1 15 3 0 0 12 2 0 1 4 0 7 0 2 0 7 
0 0 0 0 0 0 0 0 0 0 0 0 0 0 0 0 0 0 0 0 0 0 0 0 0 0 0 0 0 0 0 0 3 1 0 1 1 0 2 2 4 0 3 6 1 6 2 0 0 11 0 0 2 0 0 0 0 0 0 0 0 0 0 0 0 0 0 0 0 0 0 0 3 0 3 0 0 1 2 1 0 0 1 2 0 6 2 9 2 0 0 6 3 2 4 10 1 2 1 0 1 1 
8 8 8 2 0 3 3 8 4 4 0 0 4 3 0 3 5 6 4 0 0 1 1 5 2 0 0 8 3 17 3 15 55 3 10 13 50 31 82 24 21 7 87 83 76 84 53 57 28 197 17 8 27 4 4 1 5 4 0 3 0 2 0 3 3 5 0 3 0 0 0 0 0 2 18 12 1 3 36 13 21 10 11 50 19 39 25 244 33 0 0 143 17 64 38 36 6 35 17 4 0 14 
