1 12 9 6 6 35 17 13 23 22 9 23 22 31 35 31 21 18 16 12 11 18 7 8 7 0 2 14 31 5 3 4 5 4 2 3 1 4 11 10 17 0 4 4 8 8 5 6 3 25 1 2 11 1 0 0 3 4 0 0 1 0 0 0 2 6 1 1 1 2 2 1 4 2 2 3 1 3 9 2 1 2 2 4 2 0 1 17 1 0 0 3 1 0 0 3 0 1 2 0 1 0 
12 7 7 13 5 26 15 19 40 25 3 32 36 22 27 40 20 12 23 15 10 17 6 11 13 0 1 13 37 1 2 4 4 1 5 1 1 0 16 5 8 0 0 7 9 6 9 4 7 29 4 5 3 2 0 1 2 3 0 5 2 0 2 3 6 5 4 1 1 1 2 2 0 2 1 4 0 4 9 3 0 0 1 2 0 1 1 23 3 0 0 0 1 5 1 2 0 1 1 0 0 4 
22 22 7 13 1 23 24 21 26 29 11 27 27 13 36 27 13 14 12 5 8 6 4 7 1 0 2 18 80 1 2 4 1 1 3 3 3 2 10 7 5 0 2 3 7 5 4 3 5 22 8 0 4 9 3 2 1 2 0 0 0 0 0 3 5 5 0 2 0 3 1 1 2 1 1 1 1 4 8 1 1 0 0 4 2 1 7 22 0 0 0 1 1 1 1 3 0 0 1 0 0 2 
10 9 7 1 0 13 6 8 2 6 1 2 1 4 6 8 1 6 2 1 3 0 0 1 1 0 0 1 8 0 0 0 0 0 0 1 0 1 0 2 0 0 2 1 2 0 1 0 0 2 0 0 1 0 1 0 0 2 0 0 0 0 0 0 2 0 0 0 0 0 0 1 0 2 0 0 0 0 1 0 1 0 0 0 0 0 0 1 0 0 0 0 1 0 0 0 0 0 0 0 0 0 
3 12 5 2 3 10 12 3 6 3 5 9 5 12 4 16 6 6 7 3 2 2 2 4 0 0 0 7 28 5 0 0 0 0 0 2 2 1 5 1 2 1 5 1 3 4 0 5 0 3 2 1 3 1 0 0 1 4 0 0 0 0 0 0 3 3 0 0 0 2 0 0 0 1 0 1 0 1 6 2 0 0 1 1 1 1 1 2 0 0 0 0 0 0 0 0 0 0 0 0 1 0 
18 35 27 18 10 7 4 25 16 14 8 32 33 22 26 53 12 22 24 8 17 13 10 8 2 0 1 12 41 1 0 6 2 1 1 0 0 4 14 16 4 0 6 3 9 3 1 4 3 17 6 0 6 6 0 2 0 6 0 0 1 0 0 0 4 5 3 2 0 0 3 0 1 3 0 3 0 3 5 2 2 0 2 2 0 4 1 12 2 0 0 1 3 1 1 2 0 1 0 0 1 0 
24 21 12 4 10 11 4 17 17 11 5 28 28 26 26 38 14 3 12 4 6 10 3 5 3 0 0 4 29 4 1 6 6 1 4 0 0 6 15 12 2 1 5 4 4 10 2 6 5 21 4 1 6 0 7 0 0 12 0 3 1 0 1 2 6 1 1 0 1 2 2 1 0 0 0 1 0 5 10 0 1 0 0 0 2 1 7 10 0 0 0 0 3 0 1 0 0 0 2 0 0 3 
23 30 27 9 5 17 13 4 10 10 16 33 41 32 33 67 32 23 19 19 20 10 9 28 8 0 0 9 19 4 1 5 0 1 1 0 0 0 24 22 5 2 6 6 4 7 4 5 3 23 5 5 2 2 1 0 2 11 0 0 0 0 5 2 8 3 3 5 5 3 2 6 2 1 3 2 0 0 5 1 1 1 3 1 0 5 1 4 0 0 0 4 0 0 0 3 0 0 0 4 1 1 
16 41 49 20 12 34 33 16 6 10 8 38 33 31 27 62 31 9 10 11 9 8 7 14 5 1 4 11 30 3 0 2 2 1 0 0 1 2 11 9 13 3 1 3 9 10 6 3 4 17 2 1 4 4 1 5 1 6 0 4 0 0 0 2 2 4 0 2 0 0 1 1 0 0 2 3 0 2 7 0 0 0 0 1 2 0 2 8 1 0 0 2 0 1 0 0 0 1 1 0 0 0 
5 8 9 2 4 10 7 5 4 0 9 24 21 17 7 35 12 13 11 5 9 8 12 6 2 1 1 13 9 1 1 0 0 1 1 0 0 1 7 10 3 1 0 0 3 2 5 1 2 14 2 3 10 8 2 0 3 2 0 0 0 1 0 1 2 3 2 0 0 3 2 1 0 1 1 10 0 7 10 0 0 0 0 0 1 2 0 4 1 0 0 1 1 1 0 1 0 1 0 0 2 0 
7 8 19 0 8 13 11 12 17 10 0 10 14 13 13 45 7 13 7 3 11 11 7 12 5 0 3 10 7 0 0 0 0 1 1 2 0 3 6 1 0 2 1 1 4 2 4 2 1 12 1 0 0 2 0 0 0 5 0 3 0 0 0 0 1 2 0 0 0 0 2 0 0 1 0 0 0 1 0 0 0 0 1 0 1 0 0 1 2 0 0 0 0 2 0 0 0 0 0 0 0 0 
26 44 22 5 5 31 26 42 44 25 4 7 19 35 20 67 31 19 17 12 22 14 13 31 4 0 5 19 7 6 1 5 1 0 1 0 1 9 28 15 7 4 3 0 4 7 1 4 6 26 3 0 14 7 2 1 4 8 0 6 0 0 2 0 3 5 1 4 0 0 1 3 0 3 2 2 1 4 7 0 1 0 0 1 0 1 0 4 0 0 0 3 0 0 3 0 0 1 0 1 1 1 
22 35 28 10 10 42 58 60 43 39 18 39 7 40 24 79 41 28 37 16 22 26 13 42 17 0 1 37 16 15 3 9 4 3 1 0 1 8 25 30 6 0 3 3 7 4 5 7 9 14 4 4 5 8 4 0 4 10 0 3 0 1 1 1 2 1 1 1 0 0 0 6 0 0 4 0 0 1 7 1 3 1 0 0 0 1 0 4 6 0 0 1 0 0 0 1 0 0 0 0 0 2 
39 57 62 12 15 55 82 52 64 41 32 66 46 4 11 61 81 63 62 50 54 52 30 82 27 2 9 85 9 2 0 3 2 1 1 5 0 2 13 16 14 3 5 0 2 5 2 5 2 11 8 10 10 5 1 5 14 15 0 9 1 0 0 0 1 1 0 0 0 1 2 2 0 1 13 11 0 6 28 3 3 0 0 0 0 0 0 4 0 0 0 2 1 0 0 0 0 0 0 0 0 2 
18 37 27 9 13 48 42 30 42 39 5 23 22 7 1 20 35 31 34 18 33 34 31 42 10 0 6 67 12 4 0 0 3 1 0 0 1 1 9 14 6 10 3 4 2 5 4 3 1 8 12 1 9 7 2 0 7 4 0 5 1 0 0 0 1 0 1 0 0 0 2 0 0 0 2 6 0 0 14 1 0 0 0 0 0 0 0 6 1 0 0 0 1 0 0 2 0 1 0 0 0 0 
34 74 45 10 16 54 54 87 87 72 31 76 95 36 17 18 74 77 80 78 157 60 83 160 71 11 12 147 9 32 9 29 17 13 17 17 24 5 12 35 13 2 14 17 18 14 14 16 14 57 26 5 25 11 6 2 3 20 0 9 3 0 0 4 5 4 1 0 0 1 10 3 1 1 46 10 1 5 29 2 1 1 0 0 1 3 3 19 6 0 0 7 1 4 0 3 0 1 3 0 0 1 
20 35 35 4 6 22 30 41 33 38 26 35 56 50 19 81 6 31 33 47 87 37 54 91 28 5 18 53 9 31 13 25 20 10 7 7 11 4 56 29 24 1 14 12 15 27 12 13 14 60 10 3 11 6 2 0 5 17 0 2 0 2 0 4 1 2 2 1 1 0 0 1 2 0 5 2 1 5 24 2 7 1 1 0 0 6 3 15 4 0 0 6 2 0 1 2 0 0 1 0 0 4 
14 20 15 0 15 15 15 19 20 30 11 26 39 39 25 119 39 7 18 26 72 19 39 79 23 0 21 59 1 12 6 8 12 12 13 8 6 13 57 19 17 6 6 11 15 17 11 8 19 45 4 3 12 11 0 0 9 5 0 5 0 0 0 0 0 0 0 0 0 0 0 1 0 0 0 2 0 3 24 7 1 0 0 0 0 5 2 15 8 0 0 2 1 1 0 1 0 0 2 0 0 1 
8 25 12 5 1 11 15 20 14 13 8 29 35 51 26 74 38 24 7 18 48 26 31 55 20 6 9 46 2 16 12 9 3 8 12 13 6 9 28 11 10 5 3 5 7 11 4 9 7 31 6 2 6 4 1 0 10 6 0 0 0 0 0 1 0 0 0 0 0 0 0 1 0 1 1 3 0 2 8 4 0 1 0 0 1 0 2 11 1 0 0 1 0 0 0 1 0 0 1 0 0 0 
3 12 7 1 3 8 9 9 10 8 1 12 9 23 15 58 21 14 5 5 4 6 11 22 8 4 22 68 3 5 8 3 2 0 4 2 3 5 4 8 6 1 1 3 3 3 3 3 4 14 0 1 3 0 0 0 0 2 0 0 1 0 0 2 0 1 0 0 0 0 0 0 1 1 0 1 0 0 8 0 1 0 0 1 0 0 1 6 1 0 0 1 2 0 0 0 0 0 0 0 0 0 
7 5 2 2 1 11 6 5 13 7 3 19 18 26 18 71 33 28 32 8 2 5 15 35 12 14 29 50 0 2 0 2 2 0 4 2 2 6 22 13 13 0 1 2 5 9 3 2 4 17 1 0 1 0 0 1 0 1 0 0 1 0 0 0 0 0 0 0 0 0 1 0 0 0 0 0 0 1 4 0 0 0 0 2 0 1 4 3 1 0 0 0 0 0 0 0 0 0 0 0 0 1 
1 8 9 2 0 10 8 4 6 5 1 6 10 17 18 43 19 12 17 1 7 3 13 22 6 6 15 46 3 1 1 0 4 1 2 2 2 2 13 3 1 0 3 0 1 3 0 5 1 10 0 1 0 1 0 0 1 2 0 0 0 0 0 0 0 0 0 0 0 0 0 0 0 0 1 1 0 0 1 0 0 0 0 0 0 0 1 3 0 0 0 0 0 0 0 0 0 0 0 0 0 0 
4 4 3 3 1 1 11 7 5 10 4 15 11 7 19 46 29 19 7 6 31 8 4 11 7 7 5 41 3 3 1 0 6 2 1 2 3 11 12 4 1 2 3 3 2 5 3 2 0 9 1 0 4 0 0 0 1 1 0 0 1 0 0 0 0 0 0 0 0 0 0 0 0 0 1 0 0 5 1 0 1 0 0 0 0 0 0 3 1 0 0 0 0 0 0 0 0 2 0 0 0 1 
4 3 2 0 4 10 4 5 11 21 2 20 15 26 19 66 36 30 24 8 33 14 17 5 8 21 35 73 0 4 1 3 7 4 6 6 2 0 16 6 7 0 1 3 7 6 4 7 8 22 2 2 1 0 1 1 2 4 0 0 0 0 0 0 0 0 0 0 0 0 0 0 0 1 2 0 2 4 5 0 0 1 0 1 0 3 0 12 1 0 0 0 1 0 0 0 0 1 0 0 0 0 
3 15 12 0 7 12 7 4 9 11 4 10 21 16 23 58 26 26 19 15 8 6 6 10 6 5 15 47 1 4 4 9 9 9 7 5 1 13 16 14 12 2 3 7 10 17 10 10 11 49 10 7 12 4 3 1 2 4 0 0 1 0 0 1 1 0 0 1 0 0 0 0 0 0 1 6 1 2 3 2 0 0 1 0 0 2 0 44 1 0 0 1 0 0 2 0 0 0 1 0 0 1 
1 3 0 0 0 2 0 1 0 2 0 2 3 6 9 9 3 4 4 12 10 22 2 25 6 1 5 3 0 0 0 0 0 0 4 1 0 0 4 3 3 0 0 0 1 0 0 2 0 3 0 0 0 0 0 1 0 0 0 0 0 0 0 0 0 1 0 0 0 0 0 0 0 0 0 0 0 0 0 0 0 0 0 0 0 0 0 4 0 0 0 0 0 0 0 0 0 0 0 0 0 0 
0 1 0 0 0 1 0 0 2 3 1 1 0 1 2 4 5 3 0 0 23 4 7 27 4 3 0 7 0 2 1 0 0 2 1 0 0 1 1 1 0 0 1 0 3 0 1 0 0 3 0 2 0 0 0 0 0 0 0 0 0 0 0 0 0 0 0 0 0 0 0 0 0 0 0 1 0 0 0 0 0 0 0 1 0 0 0 2 0 0 0 2 0 0 0 0 0 0 0 0 0 0 
5 17 13 4 10 12 9 16 13 33 7 25 23 40 46 101 22 26 39 31 63 43 47 66 34 8 42 5 2 2 2 3 13 2 6 5 9 6 31 34 14 2 7 6 11 15 7 9 10 65 6 6 9 3 1 4 4 2 0 1 1 0 0 2 0 0 1 0 2 0 0 0 0 0 7 0 0 6 14 3 1 0 1 5 1 4 2 25 10 0 0 1 0 0 0 9 0 0 3 1 0 1 
89 117 102 16 21 92 66 47 54 36 10 33 34 53 24 41 25 28 22 9 16 12 2 10 3 0 1 16 2 6 2 5 5 2 4 10 0 6 5 27 23 1 4 3 15 17 12 7 8 51 3 3 15 10 3 4 6 5 0 4 1 0 0 3 3 7 8 9 2 2 8 3 0 2 2 1 0 4 15 5 1 1 4 3 2 3 5 20 8 0 0 3 3 4 0 2 0 2 0 0 0 2 
2 2 1 2 1 4 1 6 7 4 2 7 10 2 1 13 28 8 9 6 6 4 0 5 3 0 1 1 0 20 81 130 117 38 78 78 131 111 134 83 71 12 23 30 42 31 36 21 22 149 5 3 10 6 3 4 3 4 0 5 8 0 3 15 24 26 13 7 2 8 3 7 0 0 7 2 1 5 13 4 2 1 3 2 1 4 1 62 5 0 0 9 11 5 1 8 0 7 4 1 0 4 
1 4 1 0 1 0 1 0 0 0 0 1 2 0 3 8 9 4 2 1 2 5 0 1 1 1 0 3 0 100 5 68 47 23 26 15 57 37 58 27 14 2 16 6 14 8 12 10 7 41 2 2 6 5 1 1 1 3 0 2 0 1 1 9 3 9 3 5 1 3 5 5 2 6 5 1 0 0 5 4 0 0 4 0 0 6 4 37 7 0 0 2 3 4 2 4 0 1 2 0 0 0 
1 4 3 0 1 2 3 3 4 0 0 7 2 0 6 16 17 10 2 5 3 4 1 4 2 0 6 11 0 115 84 6 43 30 58 54 94 95 150 69 68 8 21 29 50 45 26 17 27 117 8 5 4 14 1 0 9 12 0 4 2 2 1 7 11 20 4 3 2 2 3 0 2 0 5 6 0 6 16 0 2 0 1 4 0 12 9 47 12 0 0 9 4 5 3 10 1 0 5 3 0 4 
10 16 11 4 0 6 11 4 10 6 6 8 15 1 6 29 51 27 18 10 9 9 9 38 29 1 1 28 6 347 118 105 14 30 82 90 148 164 204 193 186 21 85 68 139 148 120 107 137 784 48 33 68 22 15 6 18 17 0 16 7 2 0 12 35 27 8 13 9 19 33 16 11 7 14 24 5 5 50 10 9 2 3 10 7 25 13 158 22 0 0 41 11 21 9 31 6 18 12 3 4 40 
2 3 4 0 0 4 3 1 1 0 1 1 8 1 0 8 15 7 4 3 2 6 5 4 3 0 0 6 1 128 35 37 22 7 15 17 61 52 82 63 25 10 17 24 27 19 12 19 14 75 0 6 6 8 6 3 12 14 0 6 1 0 1 1 8 15 6 5 3 14 5 15 11 8 7 2 0 3 18 7 3 1 0 2 1 3 6 17 9 0 0 4 2 3 6 4 1 4 0 2 1 6 
2 6 1 2 0 4 9 1 5 2 0 3 4 2 5 17 21 22 12 5 13 4 7 12 2 1 2 9 1 199 105 98 45 22 4 14 101 85 150 111 63 12 50 37 50 44 34 30 38 128 8 7 13 10 2 6 7 17 0 10 1 4 3 11 7 2 3 6 5 7 17 25 10 3 5 2 1 1 13 6 3 0 0 1 6 5 4 51 17 0 0 21 14 10 4 13 1 8 3 1 1 4 
1 8 0 0 0 0 1 0 0 2 0 3 1 2 3 19 14 2 1 6 4 5 10 5 5 3 2 6 0 149 44 69 28 14 23 11 96 52 90 56 26 11 16 13 25 28 19 18 17 77 5 1 5 3 0 2 2 1 0 1 0 1 2 12 6 2 4 4 1 7 5 11 3 4 0 0 1 3 5 3 0 0 0 0 1 2 1 16 4 0 0 6 2 8 4 10 1 6 6 0 0 9 
5 2 5 2 1 3 2 2 2 1 0 4 1 1 0 33 20 12 14 9 20 13 7 32 7 2 2 19 1 353 166 228 106 85 103 115 12 130 322 312 166 37 62 82 104 104 87 61 65 321 9 10 17 13 3 0 13 4 0 3 1 1 12 18 18 27 9 23 5 9 26 31 4 10 7 1 1 1 21 2 1 0 1 1 7 14 18 52 34 0 0 36 30 19 14 35 0 19 8 10 1 18 
8 7 5 1 2 9 7 5 2 10 0 7 6 3 1 1 11 7 6 7 10 15 8 17 10 4 1 15 0 111 50 119 52 46 52 54 66 12 73 141 64 25 39 55 72 51 30 34 37 178 1 2 11 4 1 0 3 4 0 2 0 2 2 16 13 6 2 8 0 1 9 9 8 7 5 1 1 1 10 2 1 0 0 0 2 13 8 50 23 0 0 20 7 10 8 18 1 12 7 2 0 13 
10 20 25 3 7 29 33 27 35 24 20 27 30 11 7 9 54 58 37 30 61 45 39 80 23 4 10 88 10 282 98 281 136 121 136 99 204 95 24 527 294 39 112 111 137 163 123 128 126 481 11 21 45 9 5 6 17 14 0 6 5 2 9 33 30 22 6 28 1 6 34 17 7 16 12 11 1 8 43 6 8 0 11 8 11 27 35 158 56 0 0 50 21 26 21 49 7 17 29 10 4 31 
15 19 16 3 4 12 16 11 12 11 9 18 21 10 7 17 35 22 9 16 8 0 4 14 8 0 3 15 0 111 33 54 50 39 50 52 152 123 290 16 24 21 41 53 57 78 58 65 81 253 5 4 9 4 1 0 9 7 0 3 0 0 5 15 7 3 2 11 1 1 5 6 1 3 6 9 2 1 10 4 4 3 1 21 7 4 6 36 25 0 0 42 7 14 2 16 2 4 2 1 1 11 
10 9 10 0 1 7 7 2 11 3 7 4 13 3 7 4 15 10 4 5 5 4 10 8 7 0 4 17 0 66 7 51 36 22 29 38 65 55 166 28 9 14 9 31 27 66 30 43 49 158 1 1 6 3 1 1 0 2 0 3 0 1 1 9 8 5 2 1 0 4 10 2 3 3 4 4 0 2 7 8 1 4 2 2 3 11 7 10 11 0 0 23 5 8 5 11 3 5 7 1 6 3 
1 2 1 0 0 0 0 3 1 0 0 1 0 1 1 0 4 1 6 0 1 2 0 1 0 0 0 2 1 11 6 10 7 8 3 3 24 26 28 24 7 2 4 18 18 20 10 13 13 36 2 0 1 0 1 0 0 3 0 0 0 0 0 3 0 0 0 0 1 0 0 1 0 0 1 0 1 1 3 3 0 0 0 2 1 7 4 12 3 0 0 6 2 3 1 5 0 4 1 0 0 1 
6 7 6 1 4 5 7 7 5 1 3 6 8 0 4 4 20 13 4 6 10 6 8 14 6 1 0 6 1 68 17 28 18 26 33 24 58 45 103 71 43 15 15 53 50 71 49 75 79 202 5 7 8 11 0 3 7 6 0 4 1 1 1 5 7 4 2 3 2 1 14 8 0 1 9 9 0 10 22 14 18 10 21 32 29 57 34 106 53 0 0 48 25 42 24 79 4 50 46 9 6 36 
9 5 8 3 3 12 5 6 4 6 2 3 10 1 5 13 14 21 10 4 10 9 7 11 5 0 1 19 1 77 16 51 33 32 36 25 53 87 149 110 78 37 58 20 118 164 78 167 204 343 6 7 17 7 7 4 7 13 0 3 0 0 0 8 18 7 1 3 0 2 6 4 0 3 28 13 2 23 27 39 29 22 20 87 51 116 69 160 92 0 0 147 55 63 43 144 16 112 45 9 5 33 
7 21 14 0 0 6 4 1 5 3 3 5 7 4 4 4 20 12 4 7 11 6 4 13 9 3 0 14 2 48 13 35 23 19 17 22 62 56 104 64 38 14 21 77 12 96 86 121 133 226 4 3 5 8 1 0 0 4 0 2 2 1 0 5 7 6 3 2 5 2 6 4 1 0 6 6 3 8 10 5 11 10 10 14 13 27 17 40 25 0 0 30 7 16 13 41 8 31 9 7 4 19 
11 20 12 1 6 5 18 11 10 10 3 8 10 5 2 10 19 13 12 12 8 13 15 20 13 1 3 24 0 75 27 58 64 20 39 38 111 79 162 178 130 31 78 183 139 13 106 291 312 636 9 7 17 11 5 1 3 7 0 2 0 1 3 5 14 7 6 7 1 4 9 11 2 5 21 12 1 13 25 25 13 17 18 39 32 76 44 175 53 0 0 94 28 51 23 64 9 48 54 4 8 34 
4 11 14 1 7 7 10 3 8 4 4 6 3 5 4 6 21 14 5 7 4 4 5 6 18 2 1 10 1 42 19 39 34 25 13 18 71 60 79 83 57 17 22 55 59 117 10 153 157 279 5 7 11 7 0 0 2 7 0 7 0 1 1 3 8 6 2 1 2 1 3 2 0 4 9 3 2 8 17 7 12 7 8 15 8 27 15 99 16 0 0 53 9 26 13 20 4 23 26 8 2 33 
0 2 0 0 1 7 5 2 3 1 2 5 3 0 2 4 7 1 2 4 3 2 2 4 11 1 1 14 0 29 6 22 25 15 11 9 25 24 59 50 40 9 24 50 67 147 78 6 103 376 1 3 4 3 0 4 2 4 0 0 0 1 1 3 2 7 1 2 1 1 4 4 3 1 4 4 0 8 6 1 3 3 2 15 2 18 10 72 7 0 0 26 13 11 8 23 0 11 3 2 2 18 
10 7 3 1 3 1 1 2 3 3 3 6 5 2 1 1 3 5 6 4 3 3 1 7 3 0 1 5 1 26 6 24 14 9 7 1 18 29 49 38 23 6 26 23 53 90 40 75 10 296 1 1 6 1 0 1 2 3 0 3 0 2 1 0 5 5 0 2 0 1 1 5 0 2 7 2 0 10 8 1 3 1 2 8 4 10 12 69 8 0 0 20 13 14 11 21 0 23 11 1 7 14 
42 68 38 7 11 28 30 30 37 27 15 44 55 18 17 31 68 53 22 26 38 29 28 73 42 3 8 113 3 257 63 152 233 84 96 78 215 243 395 405 269 50 124 302 315 423 248 633 698 51 49 32 63 25 8 8 22 30 0 10 8 1 1 23 38 46 9 23 3 6 38 26 7 15 50 37 13 49 82 39 69 27 36 104 46 107 82 607 81 0 0 145 31 85 64 112 19 133 116 29 11 93 
2 4 4 2 6 4 5 6 4 3 2 3 5 4 3 9 6 6 2 0 0 1 1 1 5 0 1 3 0 5 5 11 10 5 8 3 1 0 7 8 0 0 3 5 3 6 7 9 5 22 3 7 48 23 9 8 13 32 0 24 9 6 4 16 5 12 5 13 1 15 6 17 0 8 6 15 2 13 52 11 5 3 5 9 6 14 8 39 5 0 0 2 3 5 1 2 1 4 7 0 0 3 
3 1 3 0 1 3 3 9 1 3 1 1 5 2 5 10 4 1 1 0 0 2 0 1 4 0 0 4 0 4 3 5 8 5 0 0 2 4 6 7 1 0 5 7 5 9 1 5 6 13 8 4 42 34 9 2 7 25 0 19 6 2 3 3 7 3 1 9 3 12 2 2 1 7 3 2 2 12 53 6 6 0 8 12 5 8 1 27 2 0 0 8 0 3 2 1 0 1 2 1 0 3 
4 5 5 0 2 4 10 6 5 2 4 6 12 12 6 15 4 4 1 1 0 0 2 5 4 0 2 6 4 17 4 15 7 7 6 2 2 2 19 6 3 1 5 12 9 10 4 5 7 49 81 30 3 24 32 11 17 27 0 16 5 2 3 15 11 26 11 12 11 16 5 11 8 9 10 13 4 15 67 15 6 0 4 21 6 10 7 39 7 0 0 3 1 8 1 4 3 10 8 4 3 5 
2 6 3 0 1 1 10 2 0 5 1 4 6 2 3 9 7 3 2 2 1 3 3 2 2 0 0 1 0 6 5 12 0 11 3 2 5 1 1 5 1 0 6 4 5 3 2 3 1 14 26 26 38 4 9 2 8 34 0 14 1 2 5 12 11 18 9 13 5 4 11 9 1 3 6 8 5 11 57 6 0 0 4 10 5 6 2 23 6 0 0 7 1 4 1 6 0 2 2 0 2 1 
3 0 3 0 1 0 3 1 0 4 2 2 0 0 0 1 2 2 0 0 0 1 0 1 0 0 2 4 1 4 0 3 2 1 3 0 1 2 1 1 0 2 2 0 0 3 1 2 0 4 9 4 32 7 3 0 2 7 0 5 0 0 0 8 6 11 2 4 0 5 3 2 3 2 2 6 0 8 43 2 1 0 1 4 1 2 0 9 2 0 0 3 0 0 0 2 0 6 1 2 0 0 
0 2 1 0 4 0 5 5 0 0 2 1 0 1 1 2 4 0 0 0 0 0 0 2 0 0 0 2 0 2 0 2 3 2 1 0 0 1 1 2 0 0 4 2 3 3 1 2 1 1 4 1 9 7 3 2 3 1 0 5 1 0 1 9 4 5 0 2 3 7 7 1 1 2 3 3 2 1 30 2 1 0 7 5 2 0 1 5 1 0 0 3 0 1 0 0 0 4 5 1 0 1 
6 8 2 0 3 1 2 3 1 2 0 0 3 3 2 12 2 2 2 1 1 1 1 3 0 1 1 5 2 8 2 4 1 1 5 1 0 2 6 4 3 0 4 4 5 1 0 0 4 9 32 7 21 13 7 7 4 20 0 10 3 0 1 11 8 12 5 9 4 10 4 7 5 1 14 11 3 10 62 6 3 1 1 4 6 5 5 19 3 0 0 3 0 3 0 4 1 2 0 0 0 0 
4 8 2 1 2 4 3 7 4 2 1 9 9 9 2 15 4 3 2 1 1 1 2 5 3 0 1 2 3 7 16 6 2 10 9 0 2 3 3 3 4 2 1 7 4 3 4 2 5 20 38 16 34 34 17 6 13 2 0 13 7 3 1 8 8 17 5 6 3 6 7 5 5 6 31 20 3 19 104 11 3 4 3 24 12 4 3 27 8 0 0 8 1 5 1 3 0 2 2 0 0 5 
0 0 0 0 0 0 0 0 0 0 0 0 0 0 0 0 0 0 0 0 0 0 0 0 0 0 0 0 0 0 0 0 0 0 0 0 0 0 0 0 0 0 0 0 0 0 0 0 0 0 0 0 0 0 0 0 0 0 0 0 0 0 0 0 0 0 0 0 0 0 0 0 0 0 0 0 0 0 0 0 0 0 0 0 0 0 0 0 0 0 0 0 0 0 0 0 0 0 0 0 0 0 
12 5 10 1 1 2 7 1 0 6 6 8 9 18 16 24 11 7 5 5 4 10 3 1 2 2 0 9 4 10 7 10 2 9 8 1 0 0 10 6 3 0 4 3 1 4 5 8 3 17 9 18 36 22 10 11 18 30 0 2 2 2 1 5 11 19 12 9 5 7 14 11 7 11 12 8 8 9 38 4 8 4 14 6 2 3 2 16 7 0 0 0 0 0 1 7 1 0 1 0 0 0 
1 1 1 0 0 0 0 0 1 0 0 0 0 0 1 1 2 0 1 0 0 1 1 0 0 0 0 2 0 8 1 3 2 4 1 0 1 1 4 1 0 0 1 0 1 2 0 3 2 5 5 8 6 5 6 2 1 5 0 3 1 0 1 7 8 17 2 10 1 6 7 5 8 6 8 12 0 2 12 3 2 5 0 6 2 2 1 8 0 0 0 0 0 2 1 1 0 0 2 0 0 3 
2 1 3 0 1 6 2 8 0 2 2 10 5 0 3 5 1 2 0 3 0 0 0 1 0 0 3 0 0 22 4 9 3 12 3 6 4 20 9 17 22 1 6 3 9 7 7 4 6 21 2 3 3 4 3 0 4 18 0 4 5 1 0 16 18 26 5 18 1 17 11 15 5 7 6 3 0 5 11 10 3 4 9 8 3 2 3 9 2 0 0 0 1 0 0 2 0 0 0 0 0 0 
1 2 1 0 0 2 3 2 1 1 2 0 0 0 0 0 1 0 0 0 0 0 1 0 0 0 0 0 0 12 1 2 0 5 2 4 4 2 4 2 4 0 2 2 4 1 2 3 1 0 2 0 3 8 7 4 4 1 0 2 2 2 4 3 9 10 4 8 1 3 14 11 1 7 0 3 0 2 13 3 2 1 0 0 1 4 0 11 0 0 0 0 0 0 0 1 0 0 0 1 0 0 
4 3 2 3 1 4 2 3 1 3 0 4 2 0 1 3 1 1 1 2 0 0 1 0 0 0 0 3 2 16 12 5 2 0 7 3 10 8 20 11 6 1 0 11 12 8 4 8 16 13 11 11 20 9 8 2 18 34 0 14 4 1 4 3 12 12 9 16 4 15 30 25 6 19 9 12 1 6 46 5 10 0 1 2 0 6 2 8 0 0 0 7 1 1 0 1 0 2 0 0 0 3 
6 4 2 0 0 5 7 4 6 4 0 1 1 0 0 0 0 0 0 1 0 1 0 1 0 0 0 0 4 33 15 15 6 6 6 3 13 4 46 6 4 0 3 1 5 5 7 4 4 14 4 3 17 16 6 4 16 19 0 22 5 1 8 4 5 28 19 15 11 25 42 41 21 18 11 4 2 7 34 8 7 1 3 4 4 5 1 6 4 0 0 4 0 1 0 0 0 0 2 0 0 0 
6 7 6 4 6 7 12 3 6 6 1 5 3 0 2 0 0 0 0 0 0 0 0 0 0 0 1 2 0 33 33 15 14 26 13 1 10 7 14 11 8 4 2 5 15 5 8 12 11 42 17 10 22 19 15 2 11 12 0 25 7 6 12 27 31 9 19 30 27 34 64 79 23 31 8 11 2 7 36 11 4 5 4 8 4 0 8 18 2 0 0 3 0 2 0 2 0 0 2 0 0 0 
2 5 1 0 0 3 2 1 1 0 3 4 0 0 0 0 1 0 0 0 0 0 0 0 0 0 0 1 0 3 5 10 3 4 3 3 3 2 12 3 0 1 0 1 4 2 1 3 2 10 3 0 5 6 0 0 2 3 0 4 1 0 3 6 16 11 4 2 11 7 19 36 16 4 1 0 0 1 7 2 0 0 3 3 1 0 2 4 0 0 0 0 0 0 0 0 0 0 0 0 0 0 
1 3 3 1 1 3 4 1 6 0 1 1 0 1 2 2 0 0 0 0 0 0 1 0 0 0 0 0 3 7 1 14 6 6 1 1 12 5 10 2 1 0 0 3 3 3 2 5 2 6 8 5 12 16 8 4 8 5 0 11 3 0 6 8 10 36 7 4 13 13 38 49 18 15 11 1 0 4 25 7 2 0 2 1 2 3 1 8 1 0 0 0 0 0 0 0 0 0 0 0 0 0 
2 5 2 0 0 1 2 3 1 0 1 0 1 0 0 1 0 0 0 0 0 0 0 0 0 0 0 0 0 8 3 1 2 4 6 0 3 3 1 0 2 2 0 0 0 1 0 4 2 3 1 1 1 2 0 0 2 2 0 2 1 0 1 2 19 12 13 9 1 7 36 38 0 8 14 1 0 0 14 1 2 0 1 0 0 0 0 4 0 0 0 0 0 1 0 1 0 0 0 0 0 0 
1 0 3 0 0 1 2 2 1 1 0 3 2 2 1 0 0 0 0 0 0 0 0 0 0 0 0 0 2 5 3 4 2 4 4 1 1 1 8 0 1 0 1 1 1 1 0 0 3 7 9 5 6 4 7 0 11 6 0 3 0 0 4 5 20 18 8 9 7 1 28 47 3 16 6 2 2 4 21 0 3 0 1 2 0 2 0 3 0 0 0 0 0 0 0 0 0 0 0 0 0 0 
1 1 1 3 3 5 5 1 0 1 0 2 1 1 0 0 0 1 0 0 0 0 0 0 0 0 0 0 0 4 0 4 7 6 10 1 14 9 8 0 3 0 1 1 3 1 7 4 5 9 1 1 10 3 1 1 4 3 0 7 6 0 5 8 22 27 12 23 19 18 3 98 9 22 4 1 0 9 20 6 0 4 3 4 4 3 4 12 1 0 0 3 0 0 0 0 0 1 0 0 0 1 
0 3 1 0 0 4 4 3 3 2 3 1 2 1 3 1 0 0 0 0 0 0 0 0 0 0 0 0 0 7 2 5 5 11 10 4 9 11 9 6 4 0 2 1 6 3 1 3 6 10 4 2 12 9 3 1 7 6 0 12 5 0 3 15 51 35 14 40 15 46 76 3 29 45 2 1 0 3 22 6 4 3 4 3 2 2 2 11 2 0 0 0 2 0 0 1 0 0 0 1 0 0 
0 1 3 0 1 1 1 1 2 1 1 1 0 1 0 0 1 0 0 0 0 0 0 0 0 0 0 0 0 3 1 3 5 3 5 1 2 2 8 2 0 0 1 1 0 2 3 3 2 9 5 4 10 3 2 1 4 9 0 3 5 2 1 12 22 17 12 5 0 21 20 50 4 11 2 2 3 4 11 3 3 1 3 5 7 1 0 6 0 0 0 0 0 1 0 0 0 0 0 1 0 2 
3 1 1 1 5 1 8 1 1 5 2 3 2 0 0 0 0 2 0 0 0 0 0 0 0 0 0 0 0 0 0 0 3 5 6 1 7 2 6 0 3 0 1 1 2 0 1 0 3 17 21 7 11 8 3 1 6 7 0 9 5 1 2 3 9 26 3 27 3 63 31 37 6 2 6 5 1 12 26 3 4 1 5 3 1 0 2 12 2 0 0 0 0 0 1 0 0 0 0 0 0 0 
0 0 1 0 0 0 1 5 0 1 0 2 4 3 1 3 7 2 0 3 1 0 1 0 3 0 0 1 0 4 1 8 7 2 1 0 2 4 2 0 3 2 2 6 2 4 5 4 7 29 8 7 13 5 2 0 3 8 0 6 1 1 0 9 7 10 1 1 1 6 3 4 2 3 4 5 3 10 69 18 15 3 9 30 10 12 2 46 8 0 0 2 1 3 5 3 0 9 7 1 2 6 
7 2 1 0 1 3 1 1 1 4 0 2 3 0 2 8 2 1 1 2 0 0 0 1 2 0 0 2 0 2 0 1 5 1 3 2 1 1 4 11 1 0 4 6 7 9 9 1 7 26 9 0 6 4 2 1 5 11 0 6 1 0 1 6 4 3 0 3 0 4 6 3 1 1 7 2 8 44 136 60 38 16 25 38 18 14 13 44 4 0 0 3 1 5 2 3 0 6 7 0 0 6 
0 0 0 1 0 0 0 0 0 0 0 2 0 0 0 0 0 0 0 0 0 0 0 0 0 0 0 0 0 0 0 1 0 1 0 0 0 0 0 1 0 0 3 0 0 2 2 0 1 6 0 0 0 0 0 0 3 3 0 5 0 0 0 2 1 0 0 1 0 0 0 0 0 1 0 7 0 11 59 7 1 1 2 16 4 1 0 10 0 0 0 0 0 1 1 2 0 0 2 0 0 2 
0 2 2 0 0 0 1 2 1 2 1 0 0 1 1 6 1 0 0 2 0 0 1 1 1 0 0 2 0 2 2 5 2 2 1 1 0 1 6 4 1 1 1 6 3 9 8 9 3 11 5 1 9 8 2 1 1 4 0 10 1 1 1 3 1 3 2 3 0 4 2 2 3 2 19 23 11 4 66 11 8 4 6 29 10 6 6 28 13 0 0 4 3 4 2 2 3 3 9 0 1 2 
9 13 14 6 2 11 15 18 9 21 4 16 6 11 9 37 7 15 7 0 3 3 8 13 5 1 0 15 12 32 13 24 15 22 14 7 10 5 18 15 9 1 14 11 22 12 17 12 27 59 93 70 135 101 53 38 75 109 0 62 12 7 7 22 36 29 10 13 12 31 25 31 9 21 215 180 94 83 15 68 95 45 63 142 69 44 25 103 36 0 0 19 11 22 10 25 3 8 16 4 0 14 
1 0 1 1 1 0 1 1 3 3 0 0 0 1 1 5 2 0 0 1 1 0 0 0 1 0 1 0 1 8 4 4 4 6 0 1 0 0 6 6 2 1 7 11 10 5 5 4 7 18 3 3 8 8 0 1 4 5 0 3 3 1 2 2 8 2 3 4 1 1 6 5 2 2 15 32 11 21 48 7 18 5 20 50 23 11 10 42 15 0 0 2 1 13 5 4 7 9 13 4 2 7 
1 2 3 0 1 1 0 0 1 2 0 0 2 0 0 1 1 0 0 0 1 1 0 0 0 0 0 2 0 3 1 1 1 2 1 0 0 0 2 1 0 1 4 7 4 5 4 6 4 22 6 1 5 7 2 0 3 10 0 1 0 0 0 6 2 3 0 0 1 1 6 0 2 3 15 10 2 8 60 15 8 8 17 57 32 19 2 21 10 0 0 5 5 15 5 0 0 8 6 0 1 1 
0 4 0 0 1 1 0 0 0 1 0 1 0 0 0 2 1 1 0 0 0 0 0 0 0 0 0 3 1 5 0 2 0 1 1 1 0 0 6 2 1 1 12 8 10 5 5 12 6 26 1 1 2 1 3 0 1 3 0 8 2 0 0 4 4 0 0 8 1 1 3 2 4 1 17 10 1 10 33 11 12 4 9 35 6 21 5 55 7 0 0 7 3 11 6 6 4 11 23 3 0 9 
5 2 2 0 0 2 1 2 1 1 0 0 0 0 0 2 0 0 0 0 0 0 0 0 1 0 0 1 3 0 0 5 1 0 0 0 0 0 0 1 0 2 9 12 4 6 2 8 3 21 8 2 12 1 0 0 5 3 0 2 0 1 0 0 1 2 0 1 1 0 3 1 1 1 10 18 4 9 42 22 11 2 3 80 19 15 3 31 7 0 0 10 1 11 5 2 2 9 2 1 0 5 
4 8 3 1 2 2 2 1 0 2 0 0 0 0 0 1 0 0 0 0 1 0 0 2 0 0 0 3 3 5 3 0 4 3 0 0 4 1 12 6 5 1 22 31 19 28 25 24 19 82 21 13 23 15 17 5 15 36 0 13 2 0 3 4 6 4 1 2 0 2 9 2 2 7 54 52 20 55 131 102 105 26 164 5 121 84 33 123 19 0 0 28 13 27 8 16 5 42 21 6 5 17 
0 2 1 1 0 0 0 1 0 1 0 1 0 0 0 0 0 0 0 2 1 0 0 0 0 0 0 2 0 3 0 2 0 1 0 0 0 1 0 15 7 2 16 21 10 10 19 6 9 26 5 7 11 14 0 0 14 12 0 4 2 0 1 0 0 1 0 1 0 0 2 5 2 4 18 15 2 16 46 31 34 11 21 74 9 35 25 77 9 0 0 28 12 11 5 11 0 16 9 4 0 15 
4 9 1 1 1 5 0 5 1 1 1 0 2 0 0 1 4 1 2 0 7 0 0 1 3 0 0 6 1 15 6 9 3 2 2 4 6 21 23 7 3 7 19 56 20 29 26 16 18 81 9 12 18 9 1 4 3 8 0 5 3 0 0 2 7 5 1 1 2 1 1 1 3 2 14 19 0 18 42 16 23 13 19 55 45 5 10 41 26 0 0 51 14 19 11 27 5 21 19 4 3 15 
1 2 1 1 3 1 4 2 1 1 2 2 1 1 0 0 5 2 0 1 3 0 1 1 3 1 0 4 1 9 4 7 7 7 2 2 8 7 12 12 13 2 16 41 7 19 9 24 14 45 5 7 7 4 1 1 2 3 0 3 0 2 1 0 0 6 0 2 1 2 4 0 0 0 11 15 2 21 13 13 16 11 12 50 25 17 1 36 18 0 0 39 10 20 13 15 2 22 11 1 4 14 
9 22 11 5 6 6 11 8 8 9 3 2 3 4 4 6 27 10 6 6 7 3 5 12 8 0 0 28 2 57 16 33 48 13 15 24 30 57 92 39 26 13 65 111 50 111 78 109 130 454 34 20 51 6 7 4 18 26 0 13 4 3 2 7 6 14 2 7 0 5 13 8 3 6 53 49 14 59 96 40 49 41 58 147 73 103 82 18 41 0 0 112 32 87 54 103 20 67 74 15 6 107 
2 6 0 1 0 2 1 0 3 2 1 0 2 0 3 1 2 1 0 2 2 1 1 3 2 2 1 4 0 8 3 14 4 4 7 3 13 24 30 23 8 8 25 52 16 24 11 30 11 59 11 3 7 3 2 0 4 1 0 3 2 0 0 2 1 3 0 0 1 1 1 1 0 0 34 12 4 10 17 14 10 7 16 12 26 39 28 33 8 0 0 45 7 17 8 41 2 22 12 3 3 14 
0 0 0 0 0 0 0 0 0 0 0 0 0 0 0 0 0 0 0 0 0 0 0 0 0 0 0 0 0 0 0 0 0 0 0 0 0 0 0 0 0 0 0 0 0 1 0 0 0 0 0 0 0 0 0 0 0 0 0 0 0 0 0 0 0 0 0 0 0 0 0 0 0 0 0 0 0 0 0 0 0 0 0 0 0 0 0 1 0 0 0 0 0 0 0 0 0 0 0 0 0 0 
0 0 0 0 0 0 0 0 0 0 0 0 0 0 0 0 0 0 0 0 0 0 0 0 0 0 0 0 0 0 0 0 0 0 0 0 0 0 0 0 0 0 0 0 0 0 0 0 0 0 0 0 0 0 0 0 0 0 0 0 0 0 0 0 0 0 0 0 0 0 0 0 0 0 0 0 0 0 0 0 0 0 0 0 0 0 0 0 0 0 0 0 0 0 0 0 0 0 0 0 0 0 
6 10 5 0 2 17 6 8 11 8 2 7 13 4 4 10 16 5 5 5 3 5 1 6 4 2 0 7 1 49 23 51 32 27 29 22 65 78 157 68 55 17 45 159 86 141 78 132 183 320 8 9 20 11 9 0 9 15 0 6 1 0 0 6 5 0 6 3 2 0 10 7 0 2 18 13 3 18 40 33 27 26 34 112 71 126 83 311 129 0 0 16 59 102 56 294 19 169 75 14 17 81 
1 4 0 1 1 0 1 0 0 3 0 2 1 0 0 0 3 0 0 0 0 0 0 0 0 0 0 3 0 6 3 6 4 6 2 2 2 10 16 6 7 0 14 25 14 12 8 21 25 38 1 1 0 1 3 1 6 2 0 6 0 0 0 1 0 0 0 0 0 0 0 1 0 0 7 5 2 3 14 3 2 3 4 20 9 17 15 42 17 0 0 42 5 6 3 18 5 15 12 8 0 3 
0 1 2 1 0 0 0 0 0 1 0 2 0 0 0 0 2 1 0 1 1 0 0 0 0 0 0 2 0 7 0 7 4 5 6 2 12 9 21 3 7 0 15 26 15 25 13 15 18 56 4 4 3 3 0 0 1 2 0 1 0 0 1 0 3 1 0 1 0 0 0 1 0 2 7 5 5 7 18 5 19 6 12 27 9 9 17 50 19 0 0 44 6 3 2 48 2 12 6 3 3 34 
0 0 0 0 0 0 1 0 1 1 0 1 0 1 0 0 0 0 1 0 0 0 0 0 0 0 0 1 0 5 5 3 1 3 3 2 4 4 15 6 8 7 16 17 11 17 13 16 20 61 4 2 1 2 3 2 4 2 0 0 0 0 0 0 1 0 0 0 0 0 0 0 0 0 3 5 0 9 12 11 6 5 5 23 15 19 18 54 23 0 0 17 16 3 5 25 4 32 19 5 8 37 
0 4 1 0 0 0 1 0 0 0 1 2 3 0 0 1 2 0 0 0 0 0 0 1 0 0 0 2 0 9 2 3 8 3 6 8 10 11 26 8 6 3 31 41 20 21 13 9 30 67 4 1 5 4 0 0 2 3 0 2 1 0 2 0 0 0 0 1 0 0 0 0 0 0 3 8 0 5 10 8 8 3 6 20 13 23 10 84 19 0 0 66 10 15 12 5 4 18 5 4 1 23 
0 0 0 0 0 0 0 0 0 0 0 0 0 0 0 0 0 0 0 0 0 0 0 0 0 0 0 0 0 1 2 0 0 0 0 0 0 0 6 0 1 0 4 2 3 8 3 0 2 6 0 0 0 1 1 0 1 0 0 0 0 0 0 0 0 0 0 0 0 0 1 0 0 0 0 0 0 2 1 2 1 3 4 7 0 4 3 18 8 0 0 6 0 2 1 4 2 3 0 1 0 3 
0 0 0 0 0 1 0 0 0 0 0 0 0 0 0 0 2 0 0 0 0 0 1 1 0 0 0 1 0 5 3 2 2 1 0 0 6 1 9 4 3 2 14 15 9 13 13 5 10 45 5 3 4 5 0 1 1 2 0 0 0 0 0 0 0 1 0 0 0 0 0 0 0 0 6 2 1 5 4 12 16 4 11 8 11 12 7 51 12 0 0 27 5 3 8 12 2 4 6 2 1 11 
0 4 0 0 1 1 1 2 1 0 1 1 1 0 1 2 2 0 0 1 0 0 0 1 1 0 0 4 1 7 2 1 1 0 0 4 4 6 12 2 10 5 24 14 13 10 16 11 13 30 1 3 7 4 2 1 2 5 0 5 0 0 0 1 1 0 0 1 0 0 0 0 0 0 1 6 1 4 8 5 9 4 3 17 14 11 7 58 8 0 0 14 4 13 5 8 0 3 0 4 1 10 
0 0 0 0 0 0 0 0 0 0 0 0 0 0 0 0 0 1 0 0 1 0 0 0 0 0 0 0 0 0 0 0 0 0 0 0 0 1 3 0 3 0 1 0 3 0 2 2 1 5 2 0 2 0 0 0 1 0 0 0 1 0 0 0 1 0 0 0 0 0 0 0 0 0 0 1 0 3 1 0 1 0 2 5 3 3 0 10 3 0 0 3 0 3 2 4 0 0 2 1 0 3 
0 0 2 0 0 0 0 0 0 0 0 2 1 0 0 0 0 0 0 0 0 0 0 0 0 0 0 0 0 1 0 1 1 0 0 0 0 0 6 1 2 1 1 4 6 6 4 0 2 4 0 0 1 2 0 0 1 0 0 0 0 0 0 0 1 0 0 0 0 0 0 0 0 0 2 5 0 0 0 0 0 0 5 3 1 1 2 11 5 0 0 1 2 1 3 5 1 5 2 0 2 1 
9 23 9 2 9 12 10 6 6 5 2 10 6 7 4 3 9 7 3 1 4 0 1 1 2 0 0 11 2 36 18 31 43 19 20 12 39 50 72 38 35 6 101 91 68 84 103 52 68 234 26 14 31 12 2 2 8 11 0 17 1 0 0 5 11 0 2 4 0 1 2 2 1 1 27 16 4 19 45 20 15 18 36 62 42 60 44 261 104 0 0 91 24 75 65 85 12 81 28 4 1 16 
