6 4 16 4 5 22 23 16 24 19 4 27 30 48 31 66 25 13 26 10 7 9 3 19 8 0 1 25 60 1 0 2 17 2 4 2 4 1 20 9 11 1 9 7 8 9 8 3 5 40 3 2 6 1 0 1 0 2 0 2 2 3 0 0 10 4 4 3 1 2 0 0 0 3 0 0 1 1 12 0 2 2 0 4 0 5 3 13 1 0 0 6 0 5 0 2 0 0 0 0 0 5 
6 9 19 5 5 31 25 13 34 17 12 27 40 82 45 72 33 14 18 16 8 7 2 23 12 0 2 14 78 1 2 3 20 7 4 1 9 1 21 18 19 1 8 14 14 16 11 7 6 48 7 2 8 3 0 0 3 4 0 3 2 1 4 10 9 6 0 5 0 2 2 3 2 2 2 1 0 0 24 1 1 2 1 4 1 2 2 12 4 0 0 8 2 0 1 1 0 0 1 0 0 8 
20 9 9 14 10 23 21 12 34 17 10 20 27 66 33 55 26 16 19 4 7 11 4 15 10 0 1 17 121 5 0 3 12 2 3 1 10 5 21 10 11 0 5 8 4 13 8 5 2 39 5 1 6 8 0 0 1 5 0 1 1 3 1 3 4 6 3 6 0 0 3 1 0 3 0 0 1 3 9 0 1 2 1 5 1 4 1 10 3 0 0 7 3 1 1 2 0 0 0 0 0 7 
6 8 15 2 4 4 12 3 7 2 0 4 5 18 4 16 2 2 4 1 1 0 0 1 2 0 0 0 27 0 0 0 4 0 1 0 1 1 10 1 2 2 2 2 0 1 0 0 1 10 1 2 6 2 1 0 0 1 0 0 0 0 0 0 1 0 0 0 0 0 0 0 0 1 0 0 0 0 7 0 1 0 0 0 0 0 0 1 0 0 0 2 0 0 0 0 0 1 0 0 0 3 
5 4 5 1 1 2 6 7 6 4 0 15 14 18 16 23 1 4 5 1 0 2 2 7 1 1 0 4 32 2 0 0 0 2 1 0 2 6 5 3 3 0 2 0 4 3 2 1 1 13 0 0 0 0 0 0 0 1 0 0 0 0 0 1 2 1 3 1 0 0 2 1 0 1 1 0 0 0 11 0 0 0 0 1 0 2 0 5 0 0 0 2 0 0 1 0 0 0 0 1 0 4 
21 25 34 12 1 5 16 25 33 15 14 28 31 69 39 69 39 16 14 9 10 15 4 20 10 0 0 11 86 3 0 3 6 2 4 0 2 7 21 9 5 0 3 2 4 6 7 3 1 13 2 0 5 4 0 0 1 2 0 1 0 0 0 2 4 4 2 1 2 0 2 1 0 1 1 0 2 0 19 0 1 0 0 3 2 4 0 10 4 0 0 15 0 1 0 0 0 0 1 0 1 3 
30 59 36 24 15 10 12 27 39 17 21 19 62 63 29 57 17 16 15 4 6 4 2 9 1 0 0 7 69 7 0 1 4 2 1 0 1 5 28 14 7 2 3 7 3 4 7 1 2 30 3 0 6 3 0 0 1 2 0 2 1 1 2 2 1 5 5 2 0 2 3 4 0 1 2 0 1 2 15 0 0 1 1 2 1 2 1 1 3 0 0 9 0 1 0 1 0 1 0 0 0 6 
19 22 21 7 3 10 26 8 11 8 6 37 54 58 37 66 39 13 17 10 4 12 0 15 7 0 0 5 67 2 1 8 6 1 6 0 2 9 32 24 9 2 10 4 8 6 16 1 2 27 0 8 3 2 4 0 1 5 0 2 1 1 0 4 5 3 3 0 0 4 2 1 1 2 2 0 0 0 11 0 0 0 0 0 1 1 0 4 3 0 0 9 2 1 1 0 0 0 0 2 0 7 
23 33 27 13 7 18 59 23 13 12 12 38 69 62 21 58 38 14 18 7 7 13 2 14 4 2 3 18 70 2 2 4 3 2 1 0 2 5 32 14 5 0 5 12 8 10 2 2 4 21 4 2 7 2 1 0 1 4 0 0 1 1 1 2 2 4 0 2 2 1 1 6 0 1 1 1 1 6 9 0 1 0 0 6 1 0 0 4 0 0 0 8 0 1 4 0 1 1 0 0 0 2 
12 23 20 9 19 51 55 69 60 3 23 24 46 22 22 47 18 15 6 10 5 7 2 12 5 0 2 11 26 6 0 3 7 2 1 2 4 0 12 20 4 0 4 1 1 4 4 1 1 20 3 1 13 6 2 1 6 4 0 4 0 0 3 1 3 1 0 0 0 0 1 4 1 0 1 1 0 1 24 3 0 0 0 1 1 1 1 7 0 0 0 2 0 1 0 0 0 0 0 0 0 4 
8 7 9 1 8 7 7 3 13 6 4 7 28 24 13 26 18 4 11 8 4 3 3 11 2 0 2 10 11 1 0 2 5 0 0 1 0 3 15 8 5 0 3 3 3 3 3 1 4 14 2 1 1 2 0 1 0 3 0 0 0 0 0 0 1 2 0 2 0 1 0 0 0 3 0 0 1 0 4 2 1 0 0 0 0 0 0 3 0 0 0 3 0 0 0 1 1 0 1 0 0 3 
22 28 27 1 12 17 21 24 28 24 6 6 23 49 22 45 32 23 20 14 11 17 11 31 10 0 1 30 35 5 2 6 3 1 0 3 0 7 24 21 3 3 7 2 2 11 4 4 3 21 4 3 12 4 0 0 1 4 0 2 2 6 0 2 1 6 1 2 0 0 1 1 1 4 6 0 0 0 16 1 0 0 0 1 0 0 1 2 0 0 0 9 1 3 2 0 0 0 0 0 0 5 
33 60 35 6 19 29 49 79 73 43 43 37 16 60 19 58 47 26 35 14 32 17 12 57 28 0 4 58 30 11 7 7 7 0 0 1 2 4 35 15 14 0 9 14 9 14 10 3 8 46 5 7 10 5 1 1 4 8 0 10 2 1 1 0 6 1 1 2 0 1 2 0 0 0 9 4 0 4 9 1 0 1 0 0 0 0 0 3 2 0 0 5 1 2 2 2 0 0 1 0 0 5 
33 110 55 11 17 39 55 45 60 46 30 31 27 9 15 75 63 59 57 19 49 38 22 64 35 9 6 93 68 5 2 2 6 3 3 0 2 7 18 16 13 4 6 8 1 8 8 2 5 46 10 8 8 4 1 1 5 12 0 4 1 2 1 0 0 0 0 0 0 0 2 0 0 1 4 4 0 1 28 3 0 0 0 0 0 3 0 3 0 0 0 8 1 0 1 2 0 0 2 0 0 5 
44 67 43 6 12 32 43 30 36 28 14 28 31 28 10 27 47 27 35 20 27 20 19 56 19 4 3 64 27 5 2 6 9 0 5 1 1 6 15 8 6 3 0 6 7 6 7 3 0 17 10 2 9 2 1 1 1 4 0 2 0 2 1 1 0 2 0 0 1 0 1 0 0 1 3 0 0 1 25 1 1 0 0 0 0 0 1 4 2 0 0 8 0 1 1 0 0 1 1 1 0 4 
43 53 24 8 6 33 24 32 51 36 15 32 60 38 18 15 67 65 54 25 71 47 35 90 37 9 7 79 45 23 15 19 32 5 17 4 31 9 25 18 17 1 8 13 14 14 8 3 9 42 1 9 12 4 0 0 1 10 0 4 0 2 1 0 1 0 0 2 1 0 0 2 1 0 4 1 0 3 20 1 1 0 2 0 3 2 6 9 0 0 0 13 1 0 2 2 0 0 1 0 0 12 
23 40 37 1 17 45 37 24 40 25 18 26 45 74 28 86 11 52 46 23 50 34 37 74 28 8 7 62 31 38 19 24 35 13 20 12 35 25 33 33 24 5 19 22 17 40 26 9 2 67 7 4 20 9 4 0 1 8 0 7 4 1 0 5 2 0 0 0 0 1 1 0 3 6 2 4 0 2 18 4 2 0 1 1 0 4 0 12 3 0 0 9 0 1 0 4 0 1 2 0 1 14 
14 21 11 2 4 13 18 12 15 20 11 28 30 85 18 95 58 7 39 17 31 20 12 42 24 5 3 38 27 19 0 11 21 15 15 12 24 7 55 18 27 1 9 11 11 18 12 13 5 42 7 3 4 3 0 1 2 8 0 4 1 3 2 1 0 0 0 0 0 0 2 0 3 1 2 1 0 0 11 2 1 0 1 1 0 1 3 5 3 0 0 21 2 1 0 0 0 0 0 0 0 8 
12 15 17 3 1 16 14 16 22 22 10 20 41 83 39 82 87 63 7 17 65 37 32 66 18 8 4 58 22 10 4 5 9 3 8 7 12 10 46 11 9 2 7 12 11 14 10 4 5 28 0 5 10 2 1 1 1 4 0 1 2 1 0 2 0 0 1 0 0 0 0 0 0 0 1 0 0 0 16 1 0 0 0 2 0 3 0 5 2 0 0 11 0 0 1 0 0 2 1 0 0 0 
5 13 6 1 5 12 5 13 17 16 12 7 16 44 17 52 23 18 27 3 5 4 19 26 14 5 15 74 21 9 3 4 6 0 6 6 7 8 41 13 6 0 2 3 6 12 6 4 4 22 4 2 4 2 2 0 1 3 0 0 0 1 0 1 3 0 0 0 0 0 0 0 0 0 1 0 0 2 4 1 0 0 0 0 0 1 5 1 1 0 0 0 0 0 0 0 0 1 0 0 0 1 
4 3 7 2 2 2 6 7 16 9 3 14 27 66 20 104 38 41 36 2 3 7 3 29 6 9 9 54 16 3 5 0 9 1 4 4 9 6 36 5 11 0 6 8 9 6 6 0 4 15 2 1 2 0 0 0 2 1 0 1 0 2 0 0 0 0 0 0 0 0 0 0 0 0 0 0 0 0 3 0 0 0 0 0 0 7 1 2 4 0 0 5 0 0 0 0 0 0 0 0 0 2 
7 6 8 0 2 6 7 8 5 11 5 9 25 43 14 64 42 17 32 5 9 1 14 24 10 7 2 52 18 1 2 0 7 0 4 0 1 3 31 4 3 0 2 5 3 1 2 1 2 17 0 0 2 0 1 0 2 4 0 0 0 1 0 0 0 0 0 0 0 0 0 0 0 0 0 0 0 0 2 0 0 0 0 0 1 0 0 3 0 0 0 4 0 1 0 0 0 0 0 0 0 0 
7 2 5 0 1 6 1 1 5 13 3 5 7 34 11 51 24 18 25 8 32 4 5 10 2 11 2 47 7 3 1 1 7 0 3 5 5 6 38 8 3 0 4 4 7 7 1 2 1 17 2 0 3 1 1 1 0 4 0 1 0 0 0 1 0 0 0 0 0 0 0 0 0 0 0 0 0 1 1 1 0 0 0 0 0 0 2 4 0 0 0 1 0 0 0 0 0 3 0 0 0 2 
14 10 9 2 6 15 7 12 19 30 11 32 30 57 32 111 57 22 60 11 31 13 15 16 5 25 27 77 20 4 2 5 21 3 11 7 28 6 48 15 13 0 4 6 13 18 9 8 10 76 5 7 12 2 2 0 4 6 0 2 0 3 0 1 2 0 0 0 0 0 0 0 0 0 2 3 0 2 12 1 0 1 0 0 0 1 1 11 1 0 0 2 0 0 0 0 0 0 0 0 0 2 
18 24 10 1 5 12 10 8 8 39 14 21 40 48 41 98 44 14 30 15 16 8 11 24 2 5 19 27 11 14 8 9 65 5 5 7 8 20 44 14 29 4 10 21 16 20 13 7 10 79 17 10 9 0 1 2 0 2 0 2 3 0 0 2 0 2 0 0 0 0 0 0 0 2 5 2 0 6 18 2 1 0 0 0 0 3 2 30 1 0 0 4 0 0 0 1 0 1 0 0 0 2 
1 0 0 4 0 2 3 0 3 2 0 1 3 3 3 7 8 8 7 7 19 4 13 27 4 2 4 11 0 0 0 0 1 1 0 0 2 2 7 1 1 0 0 1 0 0 0 0 0 3 0 0 1 1 1 0 0 0 0 0 0 0 0 0 0 0 0 0 0 0 0 0 0 0 0 0 0 0 0 0 0 0 0 0 0 0 0 0 0 0 0 0 0 0 0 0 0 0 0 0 0 0 
1 4 0 0 0 0 0 0 2 2 0 1 2 5 4 12 9 1 7 5 12 10 10 26 7 1 0 12 1 0 0 3 1 0 0 0 1 1 3 1 3 0 2 0 0 0 0 0 0 1 0 1 1 0 0 0 0 0 0 0 0 0 0 0 0 0 0 0 0 0 0 0 0 0 0 0 0 0 1 0 0 0 0 0 0 0 0 0 0 0 0 0 1 0 0 0 0 0 0 0 0 1 
13 16 18 4 8 9 9 13 8 37 30 19 47 77 71 115 80 22 29 33 60 63 43 92 28 12 53 8 9 4 5 10 28 4 11 8 20 16 50 19 21 7 8 9 12 21 30 9 4 57 9 2 10 5 1 1 3 2 0 1 0 0 0 2 0 1 0 0 0 0 0 0 0 0 7 0 1 1 17 1 2 0 0 5 1 5 2 19 5 0 0 11 0 0 0 1 0 1 2 0 0 11 
20 34 47 13 10 43 35 25 18 11 11 20 16 23 23 26 8 3 8 5 1 2 1 2 1 0 0 5 2 0 0 5 0 0 2 1 0 3 5 2 4 0 2 1 4 3 0 2 4 5 0 3 2 4 1 0 0 0 0 1 0 2 2 0 1 1 0 0 3 0 3 2 1 3 1 0 0 0 2 0 0 1 0 3 0 0 1 1 0 0 0 1 0 0 0 0 0 0 1 0 0 1 
1 2 1 1 1 2 1 2 1 4 1 7 6 4 1 10 36 14 14 6 3 5 0 10 9 0 0 5 9 26 94 98 203 52 115 113 260 110 212 82 69 10 41 42 41 32 42 17 20 168 5 3 17 13 6 0 5 4 0 8 2 6 0 4 15 32 5 9 1 11 3 5 0 1 4 3 1 1 28 1 3 0 3 9 2 7 2 35 4 0 0 29 4 7 5 1 7 11 7 0 3 28 
0 0 0 0 1 1 1 1 2 2 2 2 1 2 0 9 17 6 8 1 0 6 0 12 2 0 0 7 4 99 6 90 122 25 67 50 111 56 87 45 12 1 13 25 15 13 10 5 1 51 1 2 2 3 0 1 5 6 0 2 2 4 0 1 9 11 4 3 0 4 2 0 0 0 0 1 0 2 4 1 1 0 2 6 0 7 1 10 4 0 0 9 2 2 3 2 0 0 2 0 0 13 
2 4 1 1 3 1 2 1 7 2 2 3 14 1 2 8 32 5 7 3 1 4 1 1 1 0 0 8 9 128 65 4 109 25 68 58 191 112 194 76 38 4 31 31 33 39 32 21 18 96 8 2 10 5 0 1 7 5 0 5 2 4 9 10 9 19 2 1 3 1 3 1 6 1 1 3 0 1 9 2 0 3 2 2 3 7 6 20 12 0 0 28 5 3 4 7 0 1 2 0 1 10 
12 7 5 2 4 7 21 13 10 16 7 8 15 11 9 25 48 35 15 4 10 6 4 52 24 0 5 27 8 282 92 106 28 37 111 102 326 172 295 137 134 27 97 110 83 146 109 60 87 822 62 27 65 30 19 4 6 23 0 11 4 15 2 14 8 36 11 11 7 17 14 19 12 5 10 11 1 3 56 7 6 9 3 11 3 11 17 165 24 0 0 58 11 21 9 19 3 4 13 1 0 96 
1 4 1 0 0 2 4 1 0 1 1 0 0 0 1 7 13 3 5 1 0 1 1 5 2 0 0 3 3 55 34 31 60 4 17 17 88 39 93 30 21 5 12 30 32 37 10 12 6 71 6 1 9 12 4 2 7 10 0 7 3 11 4 1 5 20 4 8 1 2 13 8 2 6 5 3 0 0 18 1 1 0 0 3 0 5 2 14 1 0 0 15 3 5 6 6 1 1 9 1 0 9 
5 5 5 0 0 1 5 7 3 4 1 0 1 4 2 10 21 17 6 4 8 5 3 11 3 2 0 9 9 130 58 72 84 22 8 31 151 65 116 71 54 12 25 30 31 50 21 16 11 103 5 6 8 2 0 1 2 6 0 3 1 10 6 17 10 12 5 4 3 4 9 16 7 4 7 1 2 0 27 1 0 2 0 3 0 12 6 20 13 0 0 46 9 6 7 6 1 1 5 4 0 9 
4 5 2 2 1 0 1 1 1 3 0 4 3 0 1 9 13 7 12 3 3 3 1 7 5 0 3 6 3 159 50 86 142 19 40 4 133 41 131 40 32 7 27 23 25 34 23 24 16 108 4 5 2 3 1 0 1 4 0 0 2 2 4 9 5 12 1 2 3 4 6 11 4 2 5 0 0 0 8 4 1 0 1 0 3 2 0 16 3 0 0 16 1 10 5 6 0 4 6 0 0 13 
5 2 2 1 1 2 4 2 1 2 5 6 1 2 2 27 48 18 24 4 5 13 9 28 6 0 2 19 9 346 134 220 287 80 135 369 54 133 367 265 99 42 111 134 109 148 109 56 64 321 18 10 17 17 1 4 14 8 0 1 1 13 8 23 16 24 11 15 8 7 20 24 22 6 10 3 0 3 24 1 4 0 1 3 4 14 20 58 36 0 0 84 17 24 13 13 6 8 17 1 3 56 
3 17 8 2 3 7 4 5 3 5 3 5 6 12 2 7 16 14 10 5 3 9 0 20 5 4 0 15 14 103 36 82 87 36 68 50 99 19 145 140 72 19 54 78 56 77 45 20 36 217 4 4 13 5 1 2 1 3 0 0 0 10 2 8 10 10 2 1 0 4 10 11 2 13 4 1 0 1 16 2 0 1 0 3 2 12 3 50 11 0 0 54 6 4 9 5 1 1 5 3 0 22 
13 20 9 3 1 5 20 13 19 12 8 21 20 12 3 11 35 30 22 20 20 8 14 47 11 1 0 35 15 152 56 122 176 48 94 59 277 82 36 256 112 14 52 102 78 129 65 46 33 291 12 8 18 7 1 1 6 6 0 3 3 11 6 13 18 13 8 9 0 3 9 13 4 5 10 6 3 1 27 2 7 3 2 20 6 16 9 61 19 0 0 71 16 18 10 16 3 8 8 3 0 48 
6 13 12 4 9 12 7 10 12 6 3 16 13 8 7 17 25 13 22 6 17 6 0 18 12 0 0 23 22 67 23 56 125 34 70 52 272 114 376 27 33 18 63 96 55 110 72 26 37 252 9 4 8 5 1 0 0 1 0 1 1 5 1 10 8 13 2 1 0 0 6 2 1 3 2 1 3 2 11 1 4 5 1 5 8 1 7 23 16 0 0 47 3 2 8 6 0 0 4 0 0 33 
7 8 4 1 1 9 8 8 10 6 4 9 17 9 5 20 24 16 21 5 9 7 5 28 7 0 0 27 14 50 32 54 105 38 46 34 158 75 242 64 21 27 59 81 34 108 59 23 25 193 9 7 7 2 0 0 0 2 0 1 5 1 7 13 4 7 2 3 0 1 7 3 3 5 9 5 0 2 17 5 4 1 1 10 1 13 16 8 14 0 0 47 8 12 13 8 3 5 6 4 1 34 
0 1 0 0 0 1 0 2 0 2 0 2 3 1 1 1 2 4 1 0 1 0 0 2 1 0 0 0 7 5 1 3 14 3 5 4 34 14 45 10 6 4 15 29 8 30 22 12 6 25 0 2 0 0 1 0 0 0 0 1 1 0 1 1 1 3 0 1 0 0 1 1 0 0 0 0 0 0 0 1 0 0 1 4 6 14 1 10 8 0 0 14 2 3 5 4 0 1 0 0 1 2 
4 7 2 1 1 5 19 6 5 4 4 6 5 7 6 8 17 10 2 3 8 1 6 10 3 0 0 13 7 30 10 33 70 14 43 18 114 77 125 72 43 38 35 167 67 120 56 33 34 187 6 9 16 3 3 3 5 6 0 2 2 7 2 4 5 6 2 1 0 6 0 2 3 4 12 7 0 4 28 20 16 12 14 57 18 48 36 107 48 0 0 175 26 40 19 62 10 33 23 3 2 94 
5 13 6 0 2 5 8 2 4 2 6 8 12 7 8 11 27 7 10 2 6 2 3 13 9 0 0 13 12 52 21 37 73 28 41 31 127 75 162 129 68 51 81 27 130 178 114 75 67 313 9 8 24 5 4 0 8 7 0 5 1 6 0 1 7 12 2 5 4 0 1 7 4 5 16 12 1 6 49 12 14 10 14 73 37 96 41 156 71 0 0 250 40 52 40 72 20 47 37 5 6 131 
8 15 5 0 2 8 6 2 1 10 3 6 12 1 3 5 18 11 6 4 9 3 3 18 20 0 0 21 18 52 22 44 108 29 48 31 137 72 178 88 70 17 62 190 31 239 111 104 87 340 6 1 8 4 0 0 5 3 0 2 0 7 3 3 5 9 3 3 0 2 6 6 5 5 5 8 3 5 24 9 17 5 5 23 15 24 16 74 27 0 0 83 16 18 16 37 5 12 17 2 2 65 
8 15 13 2 1 6 3 8 9 7 7 8 18 11 2 8 23 14 10 2 8 5 3 29 4 0 0 38 16 66 20 43 154 29 47 31 170 82 186 104 76 19 65 233 128 30 171 188 150 560 14 9 25 8 6 4 2 6 0 1 2 3 1 7 13 5 2 8 0 3 5 19 9 0 12 5 1 7 38 11 15 14 11 36 14 60 31 120 31 0 0 155 26 40 32 26 2 40 36 7 5 123 
11 7 2 3 2 6 6 5 13 8 10 5 8 3 6 8 16 17 6 3 4 4 2 30 12 1 0 15 17 54 11 36 127 23 28 16 122 84 158 86 63 16 58 116 99 233 37 100 115 281 3 10 14 1 1 2 4 4 0 1 0 2 0 4 9 10 2 5 2 0 7 7 3 2 10 5 4 7 30 8 8 11 9 26 7 41 22 123 19 0 0 74 19 15 10 15 6 20 14 3 4 100 
2 1 5 1 3 4 4 2 1 2 0 4 4 4 2 0 7 3 6 3 2 1 1 10 5 1 1 15 7 15 4 7 69 9 13 11 34 30 59 37 37 8 17 61 52 194 116 14 54 335 2 1 7 4 0 0 1 9 0 0 0 5 0 4 3 6 1 0 0 1 0 0 1 5 2 8 0 1 5 6 0 1 1 13 8 21 16 79 11 0 0 35 6 7 13 5 1 10 6 0 0 33 
3 6 1 0 1 5 2 4 6 6 3 5 3 4 4 8 7 8 5 1 6 5 2 12 5 0 0 6 16 24 5 5 96 10 17 17 63 23 69 38 37 6 39 98 55 179 88 65 10 379 2 1 8 0 1 0 4 4 0 0 0 2 1 11 4 8 4 4 0 3 2 2 2 1 6 7 0 2 16 4 4 4 4 12 3 8 8 97 5 0 0 56 20 11 18 20 1 9 7 3 1 76 
35 41 24 7 12 22 36 21 14 36 17 26 30 22 13 16 61 28 46 15 21 12 9 83 32 0 4 78 59 129 32 82 639 66 79 94 312 195 446 207 179 29 122 337 200 421 238 261 204 41 31 16 42 14 7 5 8 13 0 13 7 12 3 24 13 38 7 8 1 7 10 17 16 18 20 16 3 12 66 21 33 47 39 82 18 70 32 374 49 0 0 230 28 50 49 48 6 51 46 4 0 247 
2 6 8 4 1 3 5 3 1 7 3 3 7 20 9 11 11 3 7 2 1 0 4 21 6 0 0 11 10 3 5 12 40 7 14 7 15 2 15 7 6 0 1 10 5 12 18 3 8 53 5 3 54 8 6 9 14 25 0 36 5 4 3 5 9 14 3 9 0 11 3 4 5 11 5 7 5 11 106 6 8 7 5 26 3 5 3 25 5 0 0 16 0 4 7 1 0 4 4 0 3 14 
1 3 2 0 0 2 1 1 1 2 1 0 2 5 4 2 3 5 4 0 1 0 0 7 5 0 1 9 2 3 2 3 11 4 4 1 11 5 7 2 1 1 1 4 5 5 4 3 0 19 8 2 38 25 20 6 5 11 0 16 0 1 2 7 10 8 6 4 1 6 4 3 2 1 1 3 1 0 74 3 4 1 4 7 12 8 5 11 4 0 0 8 0 0 2 2 1 0 2 0 0 14 
4 7 4 2 0 4 4 4 6 9 3 1 7 18 12 15 10 4 4 2 7 0 0 19 6 0 0 6 19 9 4 4 48 12 7 5 7 4 28 8 9 0 11 6 4 15 8 7 4 60 28 25 4 12 12 8 8 31 0 14 7 5 4 19 19 25 4 10 4 8 4 6 5 18 4 5 1 17 117 6 6 2 4 23 2 22 3 35 8 0 0 20 2 1 0 8 1 7 8 1 1 24 
0 1 1 2 1 5 4 3 4 5 1 4 8 15 5 10 6 7 2 0 1 1 0 2 2 1 0 1 2 12 3 1 12 9 6 1 9 6 10 8 4 0 6 11 4 2 2 1 1 9 12 25 37 0 9 3 11 20 0 22 1 2 2 11 9 8 4 4 4 5 6 4 1 4 2 4 2 6 40 6 7 1 6 1 5 7 2 6 0 0 0 18 0 2 3 2 0 1 0 0 0 7 
5 0 0 1 2 1 3 2 1 3 1 1 5 4 1 7 5 1 2 0 0 1 0 5 0 0 0 0 3 9 0 4 6 2 3 1 2 1 7 2 0 1 0 6 0 3 1 1 1 9 11 12 26 10 1 0 5 15 0 13 3 3 0 5 3 9 3 1 0 2 1 0 1 1 3 0 0 0 55 4 2 0 2 5 6 4 1 6 0 0 0 0 0 2 0 3 2 3 3 0 0 6 
2 4 3 4 0 1 2 1 1 2 0 1 1 1 1 7 3 2 1 0 0 0 0 3 1 0 0 2 1 3 0 0 5 1 2 0 4 1 9 2 0 0 1 1 2 9 3 1 1 8 4 3 11 3 0 0 9 12 0 6 1 1 1 6 2 4 3 3 0 4 0 4 4 0 0 1 0 2 41 2 0 1 2 6 2 2 2 2 0 0 0 2 1 1 1 0 1 1 0 0 0 3 
2 1 1 0 0 4 4 3 3 6 1 0 1 5 3 2 6 4 3 2 0 0 0 1 0 0 0 3 3 3 4 3 8 3 6 6 10 1 9 3 5 1 1 0 2 7 0 1 3 24 11 10 17 10 2 7 3 13 0 10 4 2 0 2 5 14 1 6 2 8 5 3 5 7 7 1 3 12 68 7 4 0 2 22 4 7 8 14 2 0 0 5 1 2 2 1 2 1 2 0 0 6 
3 12 2 1 0 3 1 2 1 2 1 2 10 15 3 12 4 5 3 1 1 0 2 10 1 0 2 5 7 6 2 6 10 4 4 2 9 2 15 3 5 0 6 4 0 9 4 1 0 14 12 12 28 20 6 5 8 1 0 15 1 4 1 12 9 15 5 8 3 7 5 7 4 2 5 8 1 11 123 8 6 1 8 28 10 4 5 24 5 0 0 13 1 8 4 3 1 3 4 0 0 10 
0 0 0 0 0 0 0 0 0 0 0 0 0 0 0 0 0 0 0 0 0 0 0 0 0 0 0 0 0 0 0 0 0 0 0 0 0 0 0 0 0 0 0 0 0 0 0 0 0 0 0 0 0 0 0 0 0 0 0 0 0 0 0 0 0 0 0 0 0 0 0 0 0 0 0 0 0 0 0 0 0 0 0 0 0 0 0 0 0 0 0 0 0 0 0 0 0 0 0 0 0 0 
9 4 12 0 1 6 5 4 3 2 1 10 10 25 9 18 13 8 4 1 2 3 1 18 5 1 1 12 17 4 4 6 12 5 7 3 4 7 14 4 0 5 3 6 6 1 1 5 2 32 15 11 28 22 7 2 10 15 0 5 1 9 0 5 14 15 3 11 5 4 12 12 6 9 4 6 3 5 44 4 0 1 3 7 6 10 1 13 6 0 0 3 0 2 6 4 1 0 1 1 1 11 
2 1 7 1 0 2 1 1 3 0 0 3 2 4 2 3 2 0 0 0 0 0 0 0 0 0 0 1 0 8 0 5 5 3 1 1 2 2 7 0 1 0 1 0 1 2 2 0 1 4 11 6 1 5 2 3 7 6 0 2 1 1 3 5 8 10 3 5 3 8 3 5 4 4 1 2 1 5 17 1 0 0 1 4 2 3 2 2 0 0 0 7 1 0 0 0 0 0 2 0 0 4 
1 3 3 0 2 0 4 1 3 0 3 3 1 1 1 3 4 1 3 0 1 0 0 0 1 0 0 2 3 23 4 7 11 22 11 5 19 9 15 9 5 0 8 5 6 11 4 3 1 19 2 4 3 4 3 1 4 8 0 11 4 4 2 18 9 14 4 12 3 9 8 16 5 7 3 1 0 1 17 3 4 0 2 4 0 10 3 9 1 0 0 5 3 3 1 2 1 0 1 1 0 1 
1 2 0 0 0 1 1 0 5 0 0 0 0 0 0 1 0 0 0 0 0 0 0 0 0 0 0 1 7 2 2 2 3 0 3 1 12 3 7 1 1 0 3 1 2 4 1 0 0 3 0 1 5 0 1 0 0 4 0 6 0 0 0 2 5 6 3 8 3 3 2 6 1 2 5 0 0 0 10 0 0 0 0 0 0 0 2 3 0 0 0 4 0 1 0 1 0 0 0 0 0 1 
4 4 3 0 0 3 8 1 1 0 1 4 1 0 0 2 0 0 1 0 0 1 0 2 1 0 0 0 3 11 3 7 8 1 7 3 15 8 13 12 2 0 6 8 5 4 3 1 6 16 13 4 10 6 1 3 5 6 0 4 3 14 4 1 12 22 6 14 7 3 4 18 8 7 5 3 2 1 24 3 2 1 1 6 2 1 0 5 0 0 0 7 0 0 0 0 0 0 3 0 0 2 
3 5 2 0 2 3 3 2 1 4 0 2 3 0 0 4 0 3 1 0 0 0 0 3 1 0 0 0 6 26 15 11 21 11 12 10 23 4 35 13 12 5 6 8 3 6 6 7 1 39 7 6 15 7 6 2 4 6 0 9 1 15 6 8 2 18 24 14 17 17 20 35 11 15 4 2 0 6 22 4 6 1 1 7 3 6 2 7 1 0 0 5 0 1 0 0 0 0 5 0 0 3 
14 11 11 1 0 9 8 8 6 6 1 7 4 2 0 0 1 0 1 0 0 0 0 0 3 0 0 4 8 45 18 25 28 26 23 14 34 8 50 30 9 2 13 13 14 18 11 12 3 46 11 16 35 23 5 7 13 16 0 28 9 12 24 27 31 19 17 44 33 53 62 60 44 55 10 5 2 4 99 13 7 2 3 7 5 11 4 16 1 0 0 7 3 1 1 0 0 0 0 0 0 12 
3 3 4 1 2 3 4 3 4 2 1 3 4 0 1 0 0 0 0 0 0 0 0 0 1 0 0 0 6 9 1 4 3 1 6 2 15 5 19 3 0 0 2 5 2 5 1 0 0 11 7 1 16 4 0 1 4 3 0 11 2 7 2 9 18 10 2 9 16 25 16 46 15 4 1 1 0 4 11 1 2 0 0 0 0 1 1 4 2 0 0 1 0 0 0 0 0 0 0 0 0 0 
1 5 1 1 1 2 4 1 2 1 0 1 3 0 0 0 0 0 0 0 0 0 0 0 1 0 0 0 4 12 5 4 7 9 3 8 13 3 20 2 3 0 0 6 2 7 2 2 4 19 4 5 17 11 3 1 6 10 0 15 5 3 1 6 23 26 10 4 10 18 21 23 18 23 1 3 0 2 19 1 7 0 1 1 0 1 2 8 0 0 0 5 0 0 0 0 0 0 0 0 0 0 
0 0 0 0 0 1 0 0 0 1 0 0 1 0 0 2 0 0 0 0 0 0 0 0 0 0 0 0 0 8 1 3 7 3 0 0 15 4 12 6 1 0 2 1 5 3 3 0 1 3 0 3 5 1 1 0 3 3 0 5 3 2 6 5 9 20 3 12 2 1 22 25 6 13 2 2 0 0 8 0 2 0 0 3 3 2 0 2 0 0 0 0 0 0 0 0 0 0 0 0 0 0 
0 1 2 0 1 0 3 1 0 2 1 1 0 0 1 0 2 1 0 0 0 0 0 0 0 0 0 0 3 8 1 3 9 9 9 3 16 2 15 4 3 0 1 3 8 1 0 1 0 8 5 1 11 8 2 1 3 6 0 10 6 2 6 10 26 32 13 27 10 0 24 55 13 20 1 0 1 0 11 1 3 4 0 9 4 0 1 1 1 0 0 1 0 0 0 1 0 0 0 0 0 0 
0 2 2 0 0 0 2 0 2 1 0 1 0 0 0 0 3 0 1 0 0 0 0 0 1 0 0 0 8 3 3 1 9 7 5 3 21 10 12 3 0 1 3 5 1 5 2 1 3 13 3 2 5 3 0 2 5 7 0 6 5 5 2 13 19 28 5 17 17 17 5 57 8 14 0 3 0 1 24 0 3 1 4 2 0 1 0 5 1 0 0 3 1 0 1 0 0 0 0 0 0 2 
1 0 0 0 0 1 3 4 0 4 0 1 0 1 0 1 3 1 0 0 1 0 0 0 0 0 0 0 6 6 1 1 12 9 9 3 16 7 27 4 3 1 8 4 10 5 6 1 0 13 8 1 9 9 0 3 3 3 0 13 5 2 1 13 31 39 24 20 10 12 38 4 29 31 3 0 0 0 6 1 1 1 5 7 0 3 4 4 0 0 0 2 2 0 0 0 0 0 0 0 0 2 
3 3 9 0 1 2 1 5 4 4 1 1 1 2 0 2 1 1 0 0 0 0 0 1 0 1 0 1 4 13 6 6 13 19 7 11 34 8 35 14 7 1 0 12 9 7 12 4 4 33 14 2 9 4 3 9 7 13 0 11 13 7 6 12 25 54 15 18 5 34 26 79 3 21 5 1 0 4 30 4 1 0 1 3 3 4 2 8 0 0 0 2 2 1 2 3 0 0 0 0 0 1 
2 7 4 1 1 2 3 0 1 5 1 6 1 2 0 0 1 1 0 0 0 0 0 0 2 0 0 0 3 4 10 3 8 9 4 3 12 6 13 2 6 0 3 3 7 5 2 3 0 15 12 5 12 7 3 1 6 5 0 20 6 3 2 9 14 30 14 27 14 19 23 31 16 8 6 5 1 1 45 0 1 2 3 3 0 4 2 5 1 0 0 1 0 0 0 0 0 0 2 0 1 4 
2 2 1 0 1 1 2 1 1 3 0 1 3 8 5 5 3 8 0 0 0 0 1 5 1 0 0 8 3 5 0 2 12 1 2 0 4 2 12 2 7 0 7 8 5 12 8 2 3 46 7 13 11 4 2 0 4 5 0 8 4 0 3 7 3 10 2 5 0 3 2 1 3 3 1 7 4 9 130 10 10 4 12 49 7 21 10 28 4 0 0 12 1 10 3 4 1 4 6 1 1 28 
2 2 3 0 0 0 1 0 0 3 2 3 7 7 3 7 2 3 1 0 0 0 0 1 0 1 0 5 1 1 0 5 8 2 2 3 4 0 7 3 0 0 3 8 10 1 0 3 1 36 2 2 13 5 1 4 4 14 0 10 3 1 1 2 3 7 0 4 1 2 1 0 4 4 2 1 5 20 108 24 11 8 11 51 15 7 12 39 5 0 0 12 3 3 2 4 0 3 2 1 1 23 
0 0 2 0 0 0 3 1 1 1 4 0 2 3 0 0 5 0 0 0 0 0 0 2 0 2 0 0 1 1 0 3 0 0 0 1 2 0 3 0 0 1 0 4 0 6 1 0 0 2 4 1 5 4 0 0 0 3 0 4 1 0 0 1 2 1 0 0 0 1 1 2 0 4 6 7 0 18 41 2 4 2 1 14 3 1 0 7 2 0 0 1 0 2 1 0 0 0 0 0 1 4 
2 0 3 0 0 2 2 0 2 2 1 1 5 8 0 10 0 3 0 0 0 1 0 4 6 0 0 2 6 7 0 4 6 0 3 0 1 1 6 3 4 3 4 4 3 7 5 2 2 9 0 6 14 9 3 0 3 6 0 4 1 1 0 2 8 2 0 4 2 0 0 2 1 1 9 11 3 4 62 15 9 4 1 39 8 12 5 29 2 0 0 16 2 4 4 0 0 0 5 0 0 13 
12 11 4 2 2 10 2 11 6 11 3 10 9 32 8 16 12 9 10 1 2 3 1 17 8 0 0 11 17 19 8 12 39 6 6 4 17 3 37 11 8 3 25 32 20 23 16 9 16 83 60 40 89 45 33 21 36 84 0 23 4 10 5 28 19 40 6 21 5 12 9 14 18 24 91 104 25 50 10 63 44 13 33 129 43 42 24 72 17 0 0 36 6 26 5 6 9 8 13 1 3 26 
1 0 3 1 0 0 0 0 0 1 0 2 0 3 3 9 4 2 2 1 0 0 0 1 1 0 0 0 6 3 3 1 2 0 3 1 1 3 6 14 7 2 16 22 5 18 17 8 6 43 7 3 6 2 4 2 6 16 0 3 2 3 3 1 4 7 3 2 0 3 1 4 2 2 15 13 8 22 134 9 15 10 11 105 28 15 4 41 7 0 0 23 6 9 2 3 1 3 1 0 0 20 
1 3 1 0 0 0 0 0 0 3 0 0 0 0 0 0 1 2 1 0 0 0 1 1 1 0 0 0 1 3 1 1 10 2 0 0 0 0 9 3 3 6 14 14 2 10 6 2 2 31 4 3 5 3 3 0 5 5 0 4 0 1 1 4 2 10 1 2 1 1 2 1 1 0 18 11 6 9 78 15 1 5 19 74 39 24 3 35 3 0 0 20 8 7 6 9 0 6 7 2 0 16 
2 0 2 0 0 0 0 0 0 1 0 0 1 0 0 1 0 1 0 0 0 0 0 0 1 0 0 2 1 2 0 0 9 2 0 0 3 4 5 3 1 1 7 12 7 13 1 18 2 53 1 3 7 3 1 1 4 3 0 5 1 0 0 0 1 4 0 1 1 1 1 0 9 1 10 12 1 13 39 6 12 1 7 53 29 18 6 37 7 0 0 21 4 8 6 8 1 7 9 0 0 15 
0 1 2 0 0 0 0 1 1 5 0 0 0 0 0 0 0 1 0 0 0 0 0 0 0 0 0 1 6 3 2 3 5 1 1 0 1 0 5 5 4 0 9 20 4 15 3 7 2 34 3 2 3 3 5 3 2 12 0 2 1 1 0 1 0 5 0 0 0 0 2 3 3 1 9 16 2 9 54 14 16 0 5 97 41 24 4 39 7 0 0 32 9 4 2 1 0 7 6 0 0 24 
4 7 7 0 0 1 4 1 1 6 1 0 3 0 0 1 0 0 1 0 4 0 2 0 3 0 1 4 5 5 2 2 11 1 3 0 13 2 23 12 8 11 38 73 21 45 31 14 9 111 18 12 22 20 8 6 12 29 0 8 3 4 3 4 4 4 8 0 3 2 4 5 4 3 64 44 15 46 200 88 69 22 145 10 136 71 25 132 42 0 0 72 12 33 19 19 3 33 30 2 6 53 
1 1 0 0 1 2 2 0 0 3 0 0 0 0 0 1 0 0 0 0 0 0 0 2 0 0 0 0 4 1 0 1 1 0 1 0 2 0 8 5 4 0 15 16 7 19 4 2 1 39 4 6 10 8 0 5 2 5 0 4 1 0 0 2 3 1 0 2 0 0 2 0 0 1 4 11 7 13 43 38 39 20 73 153 3 33 10 48 10 0 0 36 5 9 12 11 2 5 8 1 0 14 
1 9 1 1 0 3 5 3 1 6 0 1 1 1 2 2 6 4 4 2 0 0 0 3 2 0 0 2 5 9 4 15 19 9 15 6 25 27 40 6 8 11 54 132 26 65 40 22 13 121 10 5 19 9 2 3 3 11 0 6 1 0 1 1 2 5 2 2 2 1 5 5 5 0 20 12 0 10 69 19 21 12 28 95 57 3 25 101 61 0 0 97 14 35 22 26 5 31 20 11 4 52 
3 1 1 0 0 1 1 0 2 3 0 1 1 1 0 3 4 0 6 2 1 1 0 7 0 2 0 2 6 3 1 7 20 1 3 5 19 8 42 17 13 2 35 78 17 47 13 11 3 64 7 2 10 4 1 2 3 8 0 3 0 1 0 4 5 3 3 4 1 1 0 4 3 0 11 4 2 11 24 9 6 6 15 38 13 36 4 66 17 0 0 66 9 21 12 18 1 7 9 1 0 61 
23 22 12 3 8 7 4 2 9 15 0 5 5 9 3 5 11 8 9 3 9 3 2 35 18 0 1 27 3 37 14 37 171 13 34 16 72 63 151 22 20 13 82 140 34 138 90 38 62 474 38 18 54 12 7 5 6 17 0 10 4 3 0 1 13 8 2 3 2 4 8 1 5 21 29 35 8 20 103 24 25 24 38 112 38 47 36 15 23 0 0 176 23 43 53 49 7 40 46 9 6 312 
2 3 4 1 2 1 3 0 0 3 0 0 1 2 6 1 8 3 4 0 2 2 0 7 1 0 0 10 4 17 3 8 24 8 9 9 28 15 34 16 14 9 32 82 7 36 5 9 12 67 6 4 9 5 3 0 2 7 0 1 1 2 1 0 0 2 0 1 0 2 1 3 0 2 7 4 1 7 28 10 7 10 16 42 10 52 26 42 7 0 0 77 10 14 20 18 3 11 10 2 2 57 
0 0 0 0 0 0 0 0 0 0 0 0 0 0 0 0 0 0 0 0 0 0 0 0 0 0 0 0 0 0 0 1 0 0 0 0 0 0 0 0 0 0 0 0 0 0 0 0 0 0 0 0 0 0 0 0 0 0 0 0 0 0 0 0 0 0 0 0 0 0 0 0 0 0 0 0 0 0 0 0 0 0 0 0 0 0 0 0 0 0 0 0 0 0 0 0 0 0 0 0 0 0 
0 0 0 0 0 0 0 0 0 0 0 0 0 0 0 0 0 0 0 0 0 0 0 0 0 0 0 0 0 0 0 0 0 0 0 0 0 0 0 0 0 0 0 0 0 0 0 0 0 0 0 0 0 0 0 0 0 0 0 0 0 0 0 0 0 0 0 0 0 0 0 0 0 0 0 0 0 0 0 0 0 0 0 0 0 0 0 1 0 0 0 0 0 0 0 0 0 0 0 0 0 0 
0 9 5 0 1 2 3 6 5 1 2 0 8 5 4 13 8 4 4 3 1 0 0 3 0 0 0 1 4 15 8 25 35 23 29 24 73 48 92 41 23 7 48 163 47 80 44 57 40 144 6 6 13 7 4 3 4 9 0 5 3 4 2 5 9 5 0 3 1 2 6 8 2 0 9 4 0 4 27 15 17 12 19 69 28 51 34 140 43 0 0 16 42 71 24 70 5 50 44 8 3 85 
0 3 1 1 0 0 0 2 2 1 1 2 0 2 1 0 2 0 3 0 0 1 0 3 1 0 0 1 2 13 2 4 6 8 5 9 13 10 32 11 7 5 27 57 9 31 10 8 6 34 0 1 2 5 0 1 1 5 0 1 3 1 0 0 1 0 0 1 1 0 0 3 2 1 3 2 0 3 9 15 5 4 6 23 11 18 24 40 13 0 0 83 4 5 3 11 1 10 5 1 2 32 
4 2 1 1 0 2 1 0 6 1 1 0 1 2 2 1 3 0 0 0 0 0 0 1 0 0 0 1 2 9 3 3 11 4 5 6 15 10 37 15 10 2 19 56 14 41 12 12 7 66 1 3 1 4 0 2 2 3 0 0 1 0 0 0 1 1 0 2 0 0 0 0 0 2 9 0 0 3 12 6 2 7 7 42 10 27 14 52 11 0 0 93 8 5 3 9 0 13 12 2 1 46 
0 1 2 0 0 3 1 0 0 0 0 0 2 2 0 1 2 0 0 0 0 0 0 1 0 0 0 1 2 3 0 4 6 10 6 1 7 5 28 8 5 1 20 27 9 15 10 1 8 47 4 2 3 7 1 0 0 6 0 4 0 0 0 0 2 0 0 0 0 0 0 0 0 1 3 3 0 1 10 2 1 4 3 21 6 12 5 33 10 0 0 46 5 7 4 7 2 6 10 0 2 32 
0 2 0 0 0 1 0 1 1 1 0 1 2 0 1 1 0 0 0 0 0 0 0 3 2 0 0 2 2 6 1 9 11 2 4 2 15 5 42 3 9 5 23 54 18 41 13 4 7 63 1 2 0 5 0 0 1 3 0 0 0 3 0 0 2 3 0 0 0 0 1 0 0 1 3 4 0 4 12 5 8 5 1 22 10 26 14 69 13 0 0 125 11 17 12 2 2 11 2 2 3 56 
1 0 0 0 1 1 0 0 0 0 0 0 1 0 0 0 0 0 0 0 0 0 0 0 0 0 0 0 3 1 0 1 2 2 0 0 4 2 4 0 0 0 2 6 1 4 2 1 2 3 1 0 0 0 0 0 2 1 0 0 0 1 0 0 0 0 0 0 0 0 0 0 0 0 0 2 0 2 0 0 3 1 1 6 2 1 1 6 2 0 0 9 1 2 0 4 0 1 0 0 1 2 
3 1 0 0 0 0 0 0 0 0 0 0 0 0 0 1 0 0 0 0 0 0 0 0 0 0 0 0 0 1 1 1 4 0 5 3 7 4 17 1 5 2 18 39 11 25 13 5 10 43 3 0 8 3 1 0 2 0 0 1 0 1 0 1 0 0 0 0 0 0 0 0 0 0 3 5 0 3 13 4 5 8 8 25 7 15 4 27 6 0 0 41 6 4 6 14 1 2 4 2 0 34 
1 2 0 0 2 3 0 0 1 1 0 0 0 0 0 2 1 1 0 1 0 0 0 1 0 0 0 0 2 8 0 1 5 0 6 4 11 4 20 4 2 1 18 35 8 25 14 9 16 56 2 0 3 1 0 0 0 2 0 0 0 0 0 2 1 0 0 1 0 0 1 0 0 1 1 3 0 2 13 3 4 5 4 17 5 16 8 42 4 0 0 50 6 5 5 2 1 5 1 1 1 27 
1 0 0 0 0 0 0 0 0 0 0 1 0 0 0 0 1 0 0 0 0 0 0 0 0 0 0 0 0 2 0 0 0 0 0 0 1 1 12 2 0 0 3 8 1 2 5 3 0 7 1 1 0 1 0 0 2 0 0 0 0 0 0 0 0 0 0 0 0 0 0 1 0 0 0 0 0 1 2 0 0 0 2 4 1 1 0 7 0 0 0 3 1 2 2 1 0 0 0 2 0 6 
0 1 0 0 0 0 0 0 0 0 0 0 0 0 0 0 1 0 0 0 0 0 0 0 0 0 0 0 0 2 0 0 3 0 1 0 3 0 4 0 0 1 2 6 0 7 3 3 0 13 0 0 0 0 0 0 0 0 0 0 0 0 0 0 0 0 0 0 0 0 1 0 0 0 0 0 0 0 11 2 0 0 0 2 2 2 2 15 3 0 0 15 1 3 1 2 0 6 2 3 0 3 
15 20 13 2 1 6 8 8 7 14 1 5 15 5 6 4 12 4 3 0 3 1 2 3 2 0 1 16 2 40 9 19 89 20 21 20 68 44 132 43 37 11 132 142 79 116 103 75 88 440 27 15 43 10 3 2 8 14 0 10 1 1 1 2 5 8 1 2 0 0 4 0 2 2 25 15 2 19 54 20 23 23 7 75 22 55 44 353 66 0 0 188 33 66 78 84 13 46 47 7 6 8 
