2 8 33 9 14 24 18 26 32 26 10 21 37 39 31 54 13 11 27 17 6 16 12 19 10 0 1 20 52 2 0 4 6 4 6 1 0 5 23 13 18 1 2 5 12 9 9 3 3 44 4 6 7 7 0 0 1 8 0 3 3 0 1 3 7 12 1 3 0 2 1 1 1 3 2 0 0 3 10 4 0 2 3 10 3 5 1 23 3 0 0 1 2 0 1 1 2 0 1 0 1 3 
7 10 13 19 20 40 33 22 37 28 10 40 37 24 28 42 22 16 17 20 22 7 9 19 6 1 2 16 55 5 1 5 2 3 1 3 3 0 15 21 15 1 9 5 19 7 11 6 6 53 6 6 13 3 1 0 1 8 0 4 2 0 3 5 6 13 3 1 7 1 7 1 0 2 0 5 0 15 15 12 1 2 7 7 6 2 4 28 4 0 0 3 0 0 3 4 0 1 2 0 0 7 
28 9 6 18 11 53 23 36 36 33 27 50 49 45 64 40 12 26 20 14 9 14 10 13 13 2 0 26 89 4 1 2 6 0 3 0 0 2 14 12 6 0 2 9 6 8 13 7 5 36 9 0 7 5 3 1 2 8 0 1 0 1 0 3 15 17 2 2 0 0 2 1 0 3 3 3 0 1 7 1 0 0 2 1 1 3 6 18 4 0 0 4 1 5 1 3 0 1 0 0 1 1 
6 10 10 3 0 6 10 7 2 3 2 4 1 4 5 12 4 6 1 1 3 6 0 0 1 1 0 4 25 0 0 0 0 0 0 0 0 1 4 1 1 0 0 0 0 2 0 0 0 6 0 0 1 0 2 0 0 0 0 0 1 0 0 0 1 0 0 0 0 0 0 1 0 0 1 1 1 0 0 1 0 0 0 0 0 1 1 0 1 0 0 0 1 1 0 0 0 0 0 0 0 1 
10 10 1 1 2 6 9 1 5 7 4 14 7 10 12 21 3 5 4 4 3 1 1 9 2 1 4 3 18 3 0 0 2 0 0 1 0 3 3 5 1 0 3 1 0 4 1 1 3 15 0 2 0 2 0 0 1 3 0 0 0 0 0 0 1 1 0 0 0 0 1 1 0 1 0 3 0 1 0 0 0 1 0 5 1 0 0 3 1 0 0 3 0 0 1 0 0 0 0 0 0 1 
29 41 42 16 3 2 11 32 26 42 23 49 56 50 38 59 26 26 17 16 12 14 10 16 7 0 1 15 74 11 2 1 2 1 2 0 2 8 20 18 8 2 6 1 14 6 3 5 6 25 1 1 3 4 6 1 3 8 0 4 1 1 1 0 2 4 1 1 2 1 6 2 1 6 0 3 0 5 16 3 1 0 2 5 0 2 0 14 3 0 0 3 0 0 0 1 0 1 0 0 0 3 
23 17 21 12 6 12 7 16 19 20 12 15 35 31 17 27 15 14 8 10 7 13 7 5 3 0 1 4 35 2 2 2 2 2 2 5 0 1 10 7 6 0 6 8 3 5 2 3 3 11 5 1 1 1 4 0 1 8 0 1 0 0 0 1 1 5 0 1 0 1 0 5 0 2 0 2 1 3 8 1 0 1 1 1 0 2 1 6 1 0 0 1 0 1 0 0 0 4 1 0 0 2 
20 40 27 15 8 22 24 10 6 15 18 28 47 30 36 66 37 21 12 18 8 15 11 22 9 1 1 7 34 2 1 3 3 1 1 1 1 1 11 20 5 0 3 3 7 5 6 3 2 18 3 6 2 3 0 1 2 9 0 2 0 2 2 5 8 6 2 2 2 0 1 5 0 3 5 0 2 3 15 0 2 2 2 0 0 3 4 11 1 0 0 2 0 1 0 1 0 2 0 1 0 2 
35 62 57 7 9 18 36 18 5 7 6 26 45 46 25 75 34 20 19 18 14 17 7 10 11 0 6 13 24 1 1 2 0 5 4 0 0 5 14 14 5 1 0 2 8 5 7 4 10 29 5 0 7 4 3 3 3 4 0 0 0 0 0 0 2 4 0 1 0 0 2 5 2 1 1 12 2 4 14 0 1 0 1 2 1 1 0 4 0 0 0 1 0 3 0 2 0 3 0 1 0 0 
14 23 14 6 2 17 15 6 2 5 8 16 16 24 18 45 30 15 8 13 5 11 10 7 5 1 2 11 15 3 0 0 2 0 0 0 2 5 13 5 0 0 5 1 4 1 3 2 4 16 3 5 10 10 6 2 1 6 0 0 2 0 0 3 0 4 1 3 1 3 6 5 0 2 4 4 0 1 15 1 2 0 0 4 1 0 0 7 1 0 0 2 0 0 1 1 0 1 0 0 0 1 
11 14 9 4 6 11 13 9 16 3 6 11 14 20 5 47 7 17 10 4 7 3 7 11 2 1 0 6 11 3 1 3 2 0 0 0 3 4 10 6 4 0 0 2 2 3 1 2 5 16 2 3 2 1 2 2 1 2 0 1 0 1 0 0 0 0 2 0 0 0 0 0 0 0 0 11 2 0 1 0 0 0 0 0 0 4 0 4 2 0 0 1 2 0 0 0 0 0 0 0 0 0 
23 54 41 4 10 48 54 36 35 34 7 3 22 47 23 91 40 28 36 14 17 26 11 34 14 3 3 30 11 6 0 6 7 0 3 1 1 8 33 11 2 4 1 3 8 8 10 6 5 26 6 3 4 7 5 1 6 7 0 3 3 0 0 1 1 3 0 4 2 1 2 3 0 2 6 6 0 6 12 0 0 0 0 0 0 0 1 3 0 0 0 7 1 2 2 4 1 2 2 1 1 1 
40 42 44 8 17 41 70 93 79 48 22 52 6 41 44 72 37 35 32 26 24 22 21 58 13 1 1 51 14 8 3 6 2 1 3 1 1 7 26 9 8 1 5 2 1 6 3 6 5 29 3 7 11 2 2 1 4 13 0 13 3 0 0 0 1 1 1 0 2 0 1 2 2 0 8 1 0 2 9 1 0 0 0 0 0 3 0 1 6 0 0 4 2 3 1 1 0 0 2 0 0 2 
51 83 73 11 12 93 106 78 72 74 38 66 61 10 12 76 106 61 73 41 57 69 41 101 38 4 20 89 28 10 1 5 3 0 0 1 0 4 13 11 12 3 0 4 3 8 2 6 4 17 13 9 12 13 8 3 10 40 0 6 8 0 0 0 0 0 1 0 0 0 6 1 1 2 5 7 0 7 36 5 0 2 0 0 0 2 0 2 5 0 0 6 0 0 4 1 0 6 2 0 0 0 
30 48 30 6 15 49 40 39 51 29 16 33 40 16 9 49 37 30 35 29 38 41 42 53 27 1 22 99 19 8 7 7 2 2 3 2 1 2 11 11 2 1 7 2 4 4 6 5 5 9 11 6 4 10 7 0 6 5 0 4 2 0 1 0 0 1 0 1 0 0 0 1 0 0 5 5 0 3 16 2 0 0 0 0 0 0 1 1 4 0 0 2 0 0 0 1 0 0 0 0 0 1 
32 65 52 15 26 71 65 65 67 74 40 61 69 43 11 16 83 95 58 68 164 86 106 119 68 7 37 160 7 52 14 26 27 14 22 11 42 2 16 29 39 2 13 7 14 16 8 9 14 56 12 10 19 14 8 4 13 12 0 4 4 0 4 0 0 2 1 2 2 1 6 7 2 0 9 3 3 5 22 7 1 2 0 1 0 2 2 19 5 0 0 13 0 4 4 0 0 2 2 1 0 5 
24 41 48 12 16 40 32 39 38 45 18 55 91 79 19 116 10 37 61 95 161 85 170 265 39 9 65 101 13 41 16 41 19 9 13 14 34 8 62 48 23 2 15 20 32 29 12 14 23 57 7 8 13 9 4 0 10 14 0 10 1 0 0 0 4 1 0 0 0 0 2 3 0 3 11 2 1 8 28 6 4 0 0 2 0 6 7 16 6 0 0 6 1 0 0 2 0 4 0 0 0 1 
18 21 29 5 14 15 31 14 27 27 17 25 52 63 19 122 26 5 30 35 53 30 54 66 26 3 15 57 9 29 11 17 19 8 11 14 7 8 45 21 15 5 10 15 26 21 17 8 14 64 8 4 12 2 3 1 12 7 0 5 1 0 1 1 2 1 0 0 0 0 1 0 1 0 5 1 1 2 12 8 1 0 0 0 0 5 2 15 6 0 0 5 0 0 0 1 1 1 0 0 0 1 
8 37 22 4 7 25 22 18 14 32 8 33 46 64 38 100 73 33 10 11 64 22 29 87 19 5 5 58 3 24 10 17 3 14 16 12 5 16 37 16 6 3 6 9 10 13 12 9 14 47 4 3 7 8 1 1 6 9 0 2 0 0 2 4 3 2 0 0 0 0 0 1 0 1 4 2 0 7 6 3 0 0 0 1 0 1 0 16 4 0 0 0 1 0 0 0 0 0 0 0 0 3 
5 7 15 1 2 6 14 2 11 5 10 13 15 27 14 56 20 9 11 4 2 8 17 30 16 8 27 60 3 8 1 6 2 4 4 0 1 7 21 10 10 2 1 3 9 3 0 2 6 12 1 3 4 3 0 1 1 1 0 1 0 0 0 0 0 0 0 0 0 0 0 0 0 1 3 0 1 0 4 0 1 0 0 0 0 0 0 3 2 0 0 1 0 0 0 0 0 0 1 0 0 0 
11 7 8 3 2 7 9 7 7 13 4 10 26 30 32 92 38 11 25 8 3 8 18 49 13 8 19 84 4 4 2 3 2 0 5 4 7 13 20 9 14 1 5 1 5 1 3 4 6 15 0 0 0 1 2 0 2 2 0 1 0 0 1 0 0 1 0 0 0 0 0 0 0 0 0 1 0 0 2 2 8 0 1 0 0 0 4 5 2 0 0 4 0 0 0 0 0 0 1 0 0 2 
10 13 10 1 5 18 13 5 6 17 9 9 16 25 19 45 35 18 27 5 15 7 21 41 12 9 24 89 1 5 1 1 1 2 1 8 3 7 16 1 1 1 2 4 2 2 1 3 0 10 0 0 1 3 0 0 0 0 0 0 0 0 0 1 0 0 0 0 0 0 0 0 0 0 0 2 0 0 5 0 0 0 0 0 1 0 1 1 1 0 0 1 0 0 0 0 0 0 0 0 0 0 
5 2 3 0 5 1 1 3 4 10 7 8 17 16 13 61 27 12 21 10 24 8 2 8 1 6 8 58 1 4 0 0 2 0 1 0 2 2 10 5 1 1 2 1 2 3 2 2 4 16 1 1 1 1 1 1 1 1 0 0 1 0 0 0 0 0 0 0 0 0 0 0 0 0 0 1 0 1 3 1 0 0 1 0 0 0 1 5 1 0 0 0 0 0 1 0 0 0 0 0 0 0 
8 8 10 3 3 23 9 6 10 14 2 26 25 23 28 70 73 26 42 17 24 15 9 8 8 29 73 106 3 1 2 1 9 4 7 2 5 8 25 6 8 2 3 2 5 13 3 6 7 38 4 1 6 2 2 1 4 7 0 1 0 0 0 0 2 0 0 0 0 0 0 0 0 0 2 5 1 3 7 1 0 0 0 0 0 0 2 12 2 0 0 0 0 0 0 1 0 0 0 0 0 2 
7 19 7 2 6 9 16 15 15 23 7 21 22 22 12 66 34 31 26 11 18 10 12 13 6 4 14 62 2 10 4 6 8 5 5 6 5 5 24 13 11 2 7 14 9 12 6 17 19 65 7 2 14 10 2 0 2 3 0 1 1 0 0 2 1 1 0 0 0 0 0 0 0 0 4 2 0 3 10 1 3 0 0 1 0 2 0 44 6 0 0 4 0 0 0 0 0 1 0 0 0 3 
1 2 1 1 2 4 0 0 3 2 0 5 1 0 6 15 7 2 6 13 8 17 15 26 7 1 5 17 0 2 0 1 1 1 0 0 0 5 2 0 5 0 0 0 0 0 0 1 2 4 0 0 1 0 0 0 0 0 0 0 0 0 0 0 0 0 0 0 0 0 0 0 0 0 0 0 0 0 1 1 0 0 0 0 0 0 0 2 1 0 0 0 0 0 0 0 0 1 0 0 0 0 
0 0 0 0 0 0 0 0 0 0 3 2 1 4 2 8 3 3 4 3 3 9 7 17 8 2 3 17 0 0 0 0 1 0 2 0 1 1 2 1 0 0 1 1 0 1 0 0 0 2 0 1 0 0 0 0 0 1 0 0 0 0 0 0 0 0 0 0 0 0 0 0 0 0 0 1 0 1 0 0 0 0 0 0 0 0 0 2 0 0 0 1 0 0 0 1 0 0 0 0 0 0 
15 24 21 3 8 18 16 24 8 33 6 34 45 63 55 117 48 41 74 95 125 166 180 143 44 10 58 3 1 3 2 2 11 1 3 3 7 21 35 34 31 4 8 15 23 9 17 12 10 67 4 5 17 0 8 8 2 3 0 0 0 0 1 0 0 2 0 0 0 0 0 0 0 0 3 4 0 3 17 1 0 0 0 1 1 4 2 44 8 0 0 1 0 1 0 4 0 1 2 0 1 1 
59 114 118 25 19 74 81 50 56 39 14 48 27 33 26 50 20 28 21 9 15 31 4 20 3 0 1 9 2 7 2 14 0 3 7 3 1 8 11 14 12 2 7 12 12 14 13 7 16 66 7 4 10 9 2 1 3 6 0 5 3 0 1 6 10 9 3 3 3 1 6 4 0 3 2 2 0 0 25 3 5 1 5 1 3 7 3 8 2 0 0 2 0 0 1 4 0 2 0 0 1 5 
0 0 0 2 1 3 5 2 6 4 3 3 9 7 3 17 28 14 8 8 5 5 3 3 5 3 1 1 1 20 110 134 146 57 93 81 146 108 165 93 74 5 36 47 49 32 33 30 38 201 10 4 11 4 5 2 2 12 0 10 3 0 4 8 27 29 13 11 4 12 7 9 2 0 3 2 3 4 20 5 6 3 2 2 2 8 2 63 14 0 0 11 2 7 5 6 3 10 6 3 0 17 
2 1 0 0 0 2 0 2 4 1 0 1 0 1 11 10 9 6 4 4 0 0 3 1 2 0 0 0 0 103 3 60 61 30 35 39 65 36 83 33 19 2 14 10 27 12 22 1 13 62 0 1 5 5 0 0 3 2 0 2 0 0 2 6 15 5 1 8 5 3 2 2 0 1 5 3 1 4 9 0 1 1 0 1 0 3 7 21 4 0 0 2 1 1 2 4 0 4 1 0 0 5 
4 6 1 0 2 5 3 7 3 1 3 3 9 1 2 27 30 11 7 1 3 2 5 5 7 0 0 8 0 211 137 4 55 46 80 52 173 132 150 95 51 16 33 26 36 42 24 29 39 145 5 10 8 4 5 1 4 7 0 9 2 0 4 10 14 34 6 11 14 6 1 2 1 1 4 7 0 2 26 5 1 3 1 3 0 7 9 35 22 0 0 15 7 12 6 9 0 9 2 0 5 6 
11 27 14 0 6 9 15 7 8 8 3 7 21 4 12 53 53 33 19 19 17 9 18 34 26 1 5 39 0 382 158 140 21 47 136 112 195 178 303 218 189 31 107 95 149 192 131 137 155 815 63 39 71 31 26 10 22 35 0 23 7 5 1 17 25 38 21 31 8 18 41 32 10 14 12 16 5 12 80 13 12 7 7 11 10 26 23 191 52 0 0 39 14 26 16 26 2 16 7 4 1 36 
3 6 4 1 0 2 3 7 5 1 0 2 1 0 2 17 25 12 7 1 5 5 6 9 6 0 1 14 7 153 43 47 24 8 30 21 83 68 98 81 43 11 16 25 29 29 17 12 21 88 4 8 16 4 4 3 7 14 0 7 3 2 4 0 7 13 5 20 7 19 21 19 7 5 6 1 1 5 31 8 1 2 1 2 2 6 5 21 10 0 0 8 3 8 0 11 0 4 2 4 2 3 
8 11 9 2 0 2 5 5 0 3 2 1 7 3 2 24 30 20 16 11 8 4 17 34 9 0 4 15 0 263 126 160 85 27 11 16 88 98 191 168 69 12 56 59 64 51 36 51 50 142 13 11 18 15 10 5 9 19 0 8 1 3 5 16 15 11 9 19 18 13 25 33 3 8 11 2 1 4 35 2 2 1 2 0 0 10 3 32 31 0 0 44 16 12 9 19 0 10 6 1 0 9 
2 3 1 2 5 1 1 0 1 4 0 0 1 0 1 10 16 7 8 7 12 4 7 7 1 1 0 4 2 160 46 100 44 26 27 5 71 81 128 82 40 6 27 18 30 33 16 16 18 75 3 0 6 4 1 0 0 2 0 0 0 1 7 10 5 10 3 2 1 4 14 13 4 1 3 0 0 1 8 0 0 1 0 0 0 2 8 25 9 0 0 15 10 5 2 6 2 5 3 3 2 9 
3 8 2 1 0 2 1 1 1 4 0 3 3 3 2 39 36 22 11 9 23 18 4 21 13 1 2 27 0 373 174 287 124 105 90 120 16 144 383 387 160 35 62 90 121 156 84 55 94 348 3 11 23 19 10 2 10 6 0 4 2 3 9 27 37 41 4 26 2 6 49 40 12 12 5 2 0 3 15 4 2 1 1 1 5 14 8 63 37 0 0 56 20 29 16 52 3 22 19 6 5 28 
12 9 7 0 0 6 4 12 4 3 1 10 8 3 0 5 14 10 11 5 8 7 8 16 5 0 2 19 1 173 64 200 89 77 59 66 76 9 103 209 105 16 77 76 73 81 52 58 58 213 7 1 9 4 0 0 3 2 0 0 1 1 8 20 12 7 8 7 2 0 11 13 2 5 2 1 0 1 14 1 0 0 2 0 5 10 15 72 30 0 0 33 4 7 2 7 2 4 10 3 2 20 
25 42 33 3 4 32 23 34 34 26 11 29 39 16 7 9 59 52 47 31 82 44 33 95 23 3 11 71 14 310 106 311 144 135 137 112 235 114 19 513 339 44 109 142 133 187 101 139 125 632 14 19 38 13 4 5 20 19 0 11 10 0 15 22 54 27 13 18 3 12 47 42 15 9 17 10 0 7 67 9 8 7 9 11 5 28 28 143 56 0 0 71 14 33 19 53 9 19 18 5 4 46 
9 19 24 3 4 24 16 3 27 13 17 24 25 7 7 8 44 27 21 18 16 6 11 37 11 1 3 33 0 152 48 109 85 47 66 60 165 136 452 16 24 12 41 108 77 114 71 78 100 283 10 5 12 16 6 2 5 12 0 0 2 3 2 10 8 8 5 3 7 0 13 21 3 5 13 3 2 7 14 4 4 6 6 13 14 5 10 40 26 0 0 39 6 16 2 31 3 6 3 2 0 9 
6 13 18 3 1 14 12 6 10 10 11 11 12 5 2 11 23 11 5 7 8 8 9 27 6 1 4 19 2 97 28 66 51 35 30 31 100 82 205 47 9 13 21 50 57 81 57 57 67 240 0 1 5 6 0 4 4 7 0 3 0 1 1 4 5 4 0 5 0 3 10 8 2 4 5 5 3 4 6 1 2 1 6 3 5 15 17 18 20 0 0 31 8 10 9 15 2 11 5 2 1 19 
2 2 0 2 0 0 3 2 5 3 0 0 4 1 0 1 1 1 1 0 1 1 1 1 0 0 0 3 1 5 6 9 12 11 8 6 33 15 29 11 19 6 6 33 18 21 10 12 15 52 0 0 1 0 0 0 1 4 0 0 0 0 3 0 0 2 0 1 0 0 0 0 1 0 1 0 1 2 3 2 1 1 0 3 4 10 5 15 9 0 0 10 0 7 2 5 0 1 2 0 0 0 
4 11 9 1 1 12 8 10 7 7 3 17 9 4 8 7 38 16 6 9 5 5 5 10 8 2 2 12 0 63 25 56 32 33 36 31 73 84 163 119 61 24 17 37 85 95 71 98 111 280 1 5 10 8 2 4 7 10 0 4 1 0 6 10 4 10 5 3 2 2 9 7 3 1 13 10 2 18 28 25 27 17 24 52 49 75 49 171 60 0 0 106 34 38 51 136 13 73 28 8 7 50 
7 13 10 1 5 11 12 0 10 6 4 16 13 1 11 13 27 27 10 8 19 10 8 21 9 1 3 26 0 79 28 68 48 44 38 28 66 103 193 135 79 48 59 29 96 206 112 229 275 536 13 9 15 16 3 4 12 17 0 5 0 2 0 7 17 13 2 7 3 1 9 10 0 3 24 18 1 36 48 34 24 24 36 61 94 131 93 171 113 0 0 164 70 103 62 188 18 106 60 16 11 52 
9 16 14 2 6 7 7 5 7 11 1 6 6 6 6 10 35 19 6 6 12 16 2 12 7 2 2 25 3 83 24 49 33 20 34 22 53 69 113 116 33 35 57 93 13 137 64 135 199 345 7 8 6 6 1 3 3 5 0 1 0 0 0 10 8 12 2 8 4 2 11 9 5 1 7 1 1 4 15 8 5 5 6 10 8 36 20 60 22 0 0 52 16 41 20 65 8 26 21 7 4 34 
13 19 18 0 1 9 11 15 16 11 10 13 17 6 3 7 22 23 15 7 6 11 12 23 18 0 3 23 4 71 27 75 66 29 41 31 110 106 208 190 122 38 63 253 152 21 116 376 370 784 9 10 22 4 3 2 5 8 0 3 3 0 3 14 15 12 1 5 3 2 14 7 2 2 14 11 2 14 39 16 25 14 11 50 43 79 56 240 62 0 0 128 27 46 39 79 14 54 40 12 4 55 
5 16 16 0 3 14 11 7 10 9 1 5 16 5 2 9 18 14 6 8 14 19 8 11 17 1 2 18 3 55 15 57 62 26 30 16 56 78 142 128 79 10 46 105 90 166 7 224 260 407 4 9 11 8 1 0 7 9 0 1 1 2 0 9 10 15 5 6 0 2 7 15 6 1 10 14 1 19 24 10 7 14 9 23 27 39 29 143 23 0 0 61 10 43 14 34 2 26 31 4 9 34 
1 6 3 0 1 1 4 0 3 3 6 5 8 0 1 2 7 2 5 1 5 5 3 9 9 0 1 7 1 29 5 22 28 10 5 5 20 34 83 36 42 8 16 60 60 155 62 15 97 427 3 4 8 0 0 2 3 0 0 1 0 0 0 0 5 5 2 0 2 3 4 4 1 0 4 3 0 1 3 3 5 4 2 12 7 28 8 93 12 0 0 41 4 18 15 10 9 12 17 16 0 17 
2 6 6 0 0 3 1 0 1 2 4 4 6 3 3 4 6 7 4 2 3 1 1 5 3 1 0 8 2 24 8 19 18 25 7 10 19 27 54 54 25 6 31 55 43 136 58 109 12 390 1 3 8 3 0 2 2 3 0 0 0 2 1 0 1 5 1 1 1 0 2 7 0 4 5 3 0 1 3 8 4 4 4 6 8 17 6 73 8 0 0 35 2 11 11 18 7 14 21 3 2 13 
32 73 55 10 16 39 46 34 29 46 19 49 41 25 22 38 75 71 35 22 59 39 41 99 50 3 8 103 15 348 97 196 258 110 144 110 299 272 483 468 325 56 129 377 347 558 273 743 931 44 46 30 86 23 12 7 25 41 0 13 8 3 7 29 47 50 16 29 7 6 50 23 13 16 49 34 3 41 117 70 62 56 63 132 68 162 84 615 78 0 0 161 49 122 114 129 21 171 134 20 20 112 
6 7 8 1 2 5 6 5 6 5 2 9 6 9 3 13 18 5 4 3 2 1 5 8 6 0 1 13 2 8 5 10 11 6 4 2 2 2 8 7 2 2 5 8 10 8 4 7 7 38 5 9 45 22 13 2 14 26 0 33 8 5 3 15 9 25 9 19 3 16 14 4 17 25 11 17 5 11 63 5 5 2 13 15 3 12 4 36 2 0 0 6 0 3 3 7 1 9 6 3 0 4 
4 1 1 0 1 3 4 1 1 4 5 3 3 4 2 10 0 3 2 2 0 0 2 1 1 0 0 2 0 1 2 6 8 4 5 2 3 0 6 4 2 1 1 2 3 7 4 2 3 13 12 4 37 43 11 3 11 25 0 10 2 0 2 15 7 5 1 12 1 7 6 6 5 9 0 4 0 8 55 1 6 1 6 9 5 6 8 22 5 0 0 7 0 0 3 3 1 3 3 1 0 3 
5 8 7 2 8 8 10 5 5 3 2 6 8 4 7 25 7 9 4 5 2 5 4 11 2 0 3 15 4 13 5 16 13 12 4 3 6 3 18 5 10 2 6 13 6 14 13 10 14 52 63 27 9 39 12 4 19 30 0 36 5 1 7 19 23 23 8 25 1 15 22 12 5 7 11 8 1 27 105 12 10 3 7 24 14 7 16 47 14 0 0 11 2 4 2 6 1 8 11 2 0 9 
9 5 2 1 1 3 3 4 4 2 2 3 8 1 9 9 7 1 2 2 0 2 2 4 5 0 0 6 2 11 5 4 5 7 5 1 5 3 14 2 0 1 8 2 0 4 4 2 2 12 20 20 59 1 6 2 7 11 0 15 2 3 2 22 12 13 9 5 4 14 9 7 1 9 2 8 2 7 65 4 7 0 4 17 8 9 3 12 0 0 0 3 0 0 1 0 0 4 3 2 0 2 
2 1 5 0 0 4 1 2 0 2 1 2 1 2 2 1 1 4 0 0 0 2 1 0 1 0 0 3 0 5 1 7 3 8 0 0 1 0 1 6 1 0 6 5 2 0 3 0 1 5 7 5 19 6 1 0 4 10 0 7 1 0 4 4 6 10 2 2 3 8 2 1 5 6 1 8 2 6 45 5 3 3 6 7 4 5 1 9 0 0 0 2 0 2 1 0 0 6 0 0 0 1 
2 2 2 1 5 3 6 3 0 5 3 2 4 2 3 2 3 2 0 0 0 1 5 4 1 0 2 1 1 1 5 3 4 5 1 1 0 2 3 4 0 0 3 3 0 2 2 2 1 8 11 1 9 12 0 1 4 10 0 10 3 3 2 5 14 12 2 5 2 2 5 4 1 5 8 6 2 7 42 2 2 0 2 8 3 2 1 16 2 0 0 2 0 3 0 1 0 4 2 1 0 1 
1 4 7 0 0 5 2 4 5 1 1 4 3 3 7 8 3 6 2 3 0 2 0 3 1 0 1 3 1 3 1 9 1 8 2 1 4 0 3 2 1 0 4 2 4 3 2 2 6 9 33 10 11 20 15 5 8 2 0 9 2 1 0 3 12 20 0 8 1 7 11 6 4 5 10 21 1 14 69 7 0 0 6 12 10 4 4 11 0 0 0 5 1 3 2 3 1 3 5 1 3 5 
6 13 11 1 5 5 12 4 3 12 3 12 9 10 5 16 4 2 7 2 4 0 2 4 2 0 0 6 5 9 7 9 9 17 8 3 4 2 12 5 2 1 5 8 3 7 6 4 4 15 28 31 37 34 21 16 11 7 0 30 12 5 2 21 21 23 3 19 10 4 5 10 9 5 43 28 9 24 163 20 12 7 12 32 16 14 7 31 3 0 0 9 2 6 1 5 1 8 6 1 1 4 
0 0 0 0 0 0 0 0 0 0 0 0 0 0 0 0 0 0 0 0 0 0 0 0 0 0 0 0 0 0 0 0 0 0 0 0 0 0 0 0 0 0 0 0 0 0 0 0 0 0 0 0 0 0 0 0 0 0 0 0 0 0 0 0 0 0 0 0 0 0 0 0 0 0 0 0 0 0 0 0 0 0 0 0 0 0 0 0 0 0 0 0 0 0 0 0 0 0 0 0 0 0 
11 8 3 3 1 6 6 3 5 3 3 11 11 22 7 22 27 14 7 5 7 5 5 10 8 1 3 11 3 14 7 2 5 8 4 0 2 3 10 15 2 0 2 4 6 2 3 3 5 25 23 11 29 42 19 14 14 46 0 3 4 4 5 7 27 27 9 12 7 7 16 25 11 18 22 17 2 17 46 5 7 2 6 11 4 5 5 12 5 0 0 2 2 0 1 4 0 6 2 1 0 3 
2 3 1 1 0 0 4 1 1 2 0 4 1 0 1 4 0 0 1 0 0 0 1 0 1 0 0 4 1 10 2 10 2 2 2 1 1 3 6 4 0 0 2 0 1 2 3 1 3 8 11 5 13 7 4 4 3 8 0 3 1 0 1 6 13 10 4 9 3 11 13 8 4 17 9 9 2 8 20 4 5 2 4 1 0 8 2 6 0 0 0 3 0 0 0 0 0 2 0 0 1 0 
3 5 7 2 1 6 7 10 8 3 5 7 6 3 5 7 13 3 3 2 0 0 2 7 0 0 1 5 1 31 19 25 5 9 21 9 10 18 24 26 13 0 5 6 16 14 9 5 10 21 5 10 17 24 5 2 15 12 0 19 10 3 4 37 31 36 11 25 3 26 10 24 8 8 6 4 0 5 32 4 11 2 12 6 1 8 2 25 7 0 0 13 2 2 1 7 5 3 1 1 1 0 
1 2 1 0 0 0 3 3 2 4 0 0 1 0 0 0 2 1 0 0 0 0 0 0 0 0 1 1 1 3 2 3 0 8 2 4 7 5 8 4 4 0 3 2 0 0 0 3 0 3 1 1 5 4 2 2 5 2 0 5 1 1 2 3 11 15 8 10 8 4 15 10 4 3 1 4 0 4 16 7 3 0 3 5 0 3 0 7 0 0 0 0 0 1 0 0 0 0 0 0 0 0 
4 10 8 0 3 4 6 5 10 4 0 2 1 0 1 4 3 1 1 0 0 2 1 3 0 0 0 1 0 31 8 4 4 1 4 3 22 13 27 27 12 2 3 5 11 7 5 17 7 22 14 11 34 18 8 3 12 25 0 20 5 3 4 3 17 27 10 21 6 25 23 31 8 13 17 18 2 21 53 11 10 2 4 0 3 8 2 16 2 0 0 2 0 3 1 1 0 0 0 0 0 1 
2 8 4 0 0 5 9 8 1 7 0 3 0 0 0 1 3 0 0 0 0 0 0 2 0 0 0 2 4 21 23 23 9 11 5 9 15 5 22 8 4 1 3 4 12 6 5 3 2 25 9 6 13 18 9 2 11 13 0 10 4 4 4 6 3 18 11 29 14 16 39 47 9 30 2 5 1 3 23 15 19 2 10 3 7 2 0 14 4 0 0 0 0 2 0 1 0 1 1 0 0 0 
4 10 12 0 1 9 22 8 7 7 0 8 4 0 1 1 0 2 1 0 0 0 1 0 1 0 0 6 1 41 31 25 9 16 18 5 18 5 26 11 9 2 6 7 9 7 12 9 13 50 15 9 27 15 11 8 12 25 0 37 9 4 25 30 29 6 12 33 27 52 114 106 27 43 8 4 3 10 46 15 10 1 23 5 2 10 12 22 10 0 0 2 0 1 1 0 0 0 0 0 0 0 
0 3 2 0 0 0 4 2 1 3 0 1 0 0 0 0 1 0 0 0 0 0 0 0 0 0 0 0 0 8 8 11 10 5 0 4 2 3 7 2 2 0 1 3 3 5 2 2 0 9 5 0 6 11 2 2 5 1 0 7 3 2 4 6 13 6 3 9 13 12 17 47 13 2 1 1 0 4 9 3 2 0 2 1 1 1 3 2 2 0 0 0 0 0 0 0 0 0 0 2 0 1 
5 5 1 1 0 1 3 5 1 2 1 3 2 0 0 0 0 0 0 0 0 0 0 0 0 0 0 2 0 16 8 9 7 9 2 2 10 6 14 0 1 0 4 3 5 0 3 1 1 16 11 10 13 9 11 7 8 11 0 14 7 3 9 3 27 26 3 6 7 14 47 44 17 33 2 6 0 5 29 6 3 3 4 2 0 2 0 4 3 0 0 2 0 0 0 0 0 0 0 0 0 0 
0 1 1 0 0 4 4 3 0 0 1 0 6 0 0 4 1 0 0 0 0 0 0 0 0 0 0 0 2 9 0 8 1 5 3 0 0 4 4 1 0 0 0 0 3 0 0 0 1 1 3 1 1 2 0 0 3 2 0 4 3 1 1 8 14 21 12 5 3 6 37 57 4 9 0 1 0 1 5 0 5 0 2 4 0 0 0 3 0 0 0 2 0 0 0 0 0 0 1 0 0 1 
0 2 2 2 0 3 3 3 2 3 0 1 0 1 0 0 0 0 0 0 0 0 0 0 1 0 0 0 1 13 7 2 1 6 5 1 5 7 6 2 4 0 0 0 4 2 3 1 4 6 5 11 14 10 2 0 5 5 0 11 3 2 1 10 26 22 11 17 5 2 40 49 13 34 3 3 1 3 19 2 2 0 0 6 1 0 0 3 3 0 0 0 0 1 0 0 0 0 0 0 0 0 
1 4 0 0 3 5 3 3 0 1 1 6 0 0 1 1 1 0 0 0 0 0 0 0 0 0 0 0 0 4 2 4 7 11 7 1 10 3 12 2 3 1 1 2 5 2 2 2 5 13 5 2 7 4 0 3 7 4 0 7 1 3 2 10 29 35 12 22 10 19 1 81 12 31 16 3 1 3 14 4 4 0 6 5 0 3 1 8 0 0 0 2 0 0 0 0 0 1 0 0 0 0 
2 2 1 1 3 0 1 0 2 3 0 1 3 1 0 1 0 0 0 0 0 0 0 1 0 0 0 0 2 5 2 1 4 8 4 5 17 7 18 8 4 5 2 3 3 3 0 4 6 10 3 2 4 6 7 1 4 6 0 4 6 1 12 10 28 42 21 20 20 30 57 5 33 36 2 5 0 3 21 6 5 1 5 2 2 3 1 9 2 0 0 0 0 1 0 0 1 0 0 0 0 0 
0 1 0 0 2 1 2 0 0 1 2 1 1 2 1 0 4 2 0 0 0 0 0 0 0 0 0 0 0 2 4 1 3 16 7 2 5 11 4 4 6 1 0 3 2 4 2 7 4 18 8 5 9 5 4 0 7 7 0 7 3 2 5 9 13 23 13 14 8 26 28 59 3 20 7 9 3 1 16 2 4 1 5 4 5 3 3 9 0 0 0 0 0 0 1 0 1 0 0 0 0 0 
2 3 4 1 2 3 4 4 1 4 2 3 3 3 1 2 2 1 0 0 0 0 0 1 1 0 1 0 0 3 0 2 5 13 6 7 7 12 12 2 5 0 2 2 9 4 4 5 2 10 26 9 12 5 8 5 10 13 0 19 6 1 7 4 25 46 15 40 12 63 40 62 15 1 7 3 1 7 30 4 4 3 2 9 1 3 3 12 1 0 0 2 0 1 0 1 0 1 1 0 0 1 
1 2 1 0 2 0 2 2 3 0 0 2 1 1 3 9 4 1 0 0 1 0 0 2 3 2 0 1 0 5 2 2 6 2 1 4 2 3 6 5 3 0 8 9 3 9 9 3 8 29 9 3 10 2 2 1 3 18 0 3 2 0 1 7 8 9 2 2 1 1 1 12 3 6 1 10 3 13 99 20 19 7 9 33 8 12 7 35 2 0 0 2 3 7 4 8 1 6 6 0 0 4 
6 5 0 0 0 1 2 2 0 5 0 4 4 0 5 4 2 6 2 1 0 1 1 3 0 0 0 4 0 2 2 8 4 2 2 0 1 5 6 0 2 0 9 9 7 3 8 3 7 39 6 0 2 5 4 4 3 14 0 7 1 0 1 2 1 3 1 4 2 6 10 5 2 4 4 2 12 20 154 22 16 7 22 39 20 22 11 49 8 0 0 4 2 5 1 5 1 20 6 1 2 3 
0 0 0 1 0 0 0 0 1 1 2 2 3 1 1 0 0 1 0 0 0 0 0 0 0 0 0 1 0 0 1 2 5 2 1 0 1 0 1 0 0 1 2 0 3 0 1 1 0 2 1 1 2 1 0 2 1 5 0 7 1 0 0 1 2 1 0 2 0 0 2 0 0 0 0 5 1 8 59 8 4 1 7 10 9 2 2 14 2 0 0 0 0 1 1 0 2 0 1 0 0 1 
1 0 3 0 0 1 3 2 2 2 0 0 0 0 1 2 2 3 0 1 0 1 0 2 0 0 0 2 0 3 1 3 1 2 2 0 1 1 2 5 1 0 3 3 4 4 7 5 2 7 4 4 15 2 1 0 3 4 0 2 0 2 0 1 2 3 2 5 1 3 0 12 2 4 28 24 9 4 74 16 6 6 12 34 15 12 3 29 2 0 0 5 3 4 3 5 0 6 6 2 0 5 
14 18 22 0 5 13 14 19 15 14 6 11 15 9 13 36 11 38 14 5 7 3 5 14 5 0 3 22 5 25 15 12 21 13 11 1 10 8 25 17 9 4 9 29 12 24 9 11 21 91 113 89 151 84 60 29 77 100 0 38 15 4 8 31 25 37 15 17 6 16 26 18 13 40 249 204 87 85 21 54 91 35 79 154 51 65 32 93 22 0 0 25 5 13 22 22 5 22 16 1 3 20 
2 1 0 0 0 1 1 0 0 0 0 1 1 2 0 0 3 1 0 0 0 1 4 2 0 0 0 4 0 3 2 1 3 2 1 0 0 1 0 7 1 2 5 17 6 10 5 9 0 23 6 5 9 4 0 1 3 14 0 3 0 1 1 2 18 7 1 5 4 3 4 3 2 0 17 42 19 27 77 7 9 6 14 47 38 18 7 59 12 0 0 3 6 4 2 7 3 14 9 0 0 7 
5 3 1 0 1 1 1 0 1 0 1 0 0 0 0 2 2 0 0 2 0 0 1 4 0 0 0 2 4 3 1 5 1 3 2 0 2 1 3 5 2 3 9 8 5 4 3 2 4 20 5 11 2 2 0 0 2 7 0 3 0 0 3 6 14 8 2 1 1 1 3 2 0 2 18 33 10 11 79 15 5 5 9 62 14 5 11 36 10 0 0 13 3 14 7 1 2 5 2 1 0 9 
2 1 0 0 0 4 2 0 0 0 1 0 0 1 0 0 0 0 0 0 0 1 2 1 0 0 0 1 0 6 0 3 3 0 0 0 0 0 2 0 4 1 14 15 6 15 7 2 12 32 1 5 6 0 1 0 1 2 0 2 1 0 0 2 2 2 1 2 0 0 1 2 3 4 13 28 7 17 42 16 9 6 9 33 15 22 13 58 11 0 0 6 2 15 6 4 3 28 21 6 0 3 
0 3 1 0 0 0 1 0 3 3 2 0 0 0 0 0 0 0 0 0 0 0 2 0 0 0 0 3 1 0 4 0 0 0 0 0 0 0 2 0 2 2 5 8 3 2 3 3 8 28 6 3 2 3 0 3 1 6 0 3 3 0 0 2 1 3 0 0 0 0 2 1 1 0 11 13 3 15 45 16 11 2 3 91 29 17 10 42 11 0 0 13 4 6 4 4 1 8 9 0 1 2 
4 9 8 2 2 5 4 2 3 5 0 1 0 0 1 0 1 0 0 0 0 0 0 1 1 0 0 1 4 6 5 2 8 0 1 1 2 3 8 12 2 2 37 55 15 25 16 25 30 84 23 11 37 18 13 10 20 50 0 8 3 0 1 6 3 4 2 4 3 6 1 5 3 8 147 70 34 115 232 186 125 51 178 12 157 90 47 158 33 0 0 38 16 25 19 24 7 38 19 5 2 19 
0 1 2 0 4 1 2 2 2 1 1 0 0 1 0 1 1 0 0 0 0 0 0 0 0 0 0 1 3 4 0 5 1 1 0 0 0 1 3 12 1 1 21 17 10 20 13 9 6 31 3 10 5 7 2 0 11 8 0 0 0 0 0 1 4 2 0 1 0 2 1 1 0 3 21 26 1 38 57 41 20 6 34 86 8 47 16 69 26 0 0 38 8 8 10 8 5 14 17 1 6 16 
1 7 2 0 0 1 3 2 2 2 1 1 3 1 1 2 4 4 2 4 5 1 1 5 1 0 0 6 0 4 8 7 1 2 5 4 6 15 34 5 10 8 29 62 19 37 21 29 21 83 13 9 22 5 2 1 6 12 0 7 7 0 1 3 4 4 2 2 1 0 1 1 0 2 21 11 1 30 29 23 24 14 22 74 65 9 27 78 44 0 0 56 25 31 20 33 4 29 20 7 1 25 
6 5 1 3 3 7 3 2 1 4 0 1 2 0 1 2 8 1 1 0 2 0 2 5 3 0 0 6 3 15 0 12 5 3 7 4 11 13 29 23 8 3 42 74 9 33 29 32 28 68 6 1 11 5 0 1 4 4 0 4 2 2 0 2 0 4 0 2 1 0 0 2 1 0 12 4 3 11 32 18 23 21 8 58 31 23 5 41 51 0 0 76 31 37 48 24 12 18 23 5 1 15 
18 16 6 3 2 5 12 6 4 5 5 5 4 1 6 10 18 8 3 5 10 1 4 15 7 2 4 42 4 73 7 35 53 21 13 19 37 65 126 25 27 21 71 107 52 98 78 92 116 590 22 19 36 3 9 5 15 24 0 19 3 2 0 9 10 12 1 5 2 5 7 4 2 14 43 50 12 51 74 42 50 38 45 149 76 57 42 18 36 0 0 130 27 76 51 93 16 83 67 18 12 124 
2 5 0 0 1 3 0 3 5 0 1 1 4 0 0 2 3 9 0 0 2 1 5 7 1 1 0 5 1 18 6 12 19 12 20 6 17 25 41 33 9 10 24 77 16 29 8 33 22 76 8 8 12 10 0 0 7 10 0 5 1 0 0 4 6 1 1 2 1 4 0 4 2 0 6 14 2 13 29 13 17 10 16 37 20 41 34 46 6 0 0 54 18 23 28 40 7 30 14 3 4 31 
0 0 0 0 0 0 0 0 0 0 0 0 0 0 0 0 0 0 0 0 0 0 0 0 0 0 0 0 0 0 0 0 0 0 0 0 0 0 0 0 0 0 0 0 0 0 0 0 0 0 0 0 0 0 0 0 0 0 0 0 0 0 0 0 0 0 0 0 0 0 0 0 0 0 0 0 0 0 0 0 0 0 0 0 0 0 0 0 0 0 0 0 0 0 0 0 0 0 0 0 0 0 
0 0 0 0 0 0 0 0 0 0 0 0 0 0 0 0 0 0 0 0 0 0 0 0 0 0 0 0 0 0 0 0 0 0 0 0 0 0 0 0 0 0 0 0 0 0 0 0 0 0 0 0 0 0 0 0 0 0 0 0 0 0 0 0 0 0 0 0 0 0 0 0 0 0 0 0 0 0 0 0 0 0 0 0 0 0 0 0 0 0 0 0 0 0 0 0 0 0 0 0 0 0 
10 16 15 1 0 14 16 13 9 9 4 12 15 5 3 11 27 9 5 2 11 3 0 5 4 0 3 11 2 71 32 40 20 56 33 15 87 101 173 75 56 19 75 213 92 167 75 152 201 407 15 19 19 17 4 2 17 20 0 8 2 1 1 10 14 3 0 0 1 1 7 7 2 3 28 16 3 34 60 34 47 36 41 126 88 110 91 306 137 0 0 14 66 133 79 401 32 208 108 20 12 111 
1 5 1 0 1 1 4 0 2 2 0 2 6 0 0 2 4 1 0 0 0 0 0 0 0 0 0 3 0 9 4 5 1 6 8 2 16 10 9 7 14 3 35 50 18 19 13 37 36 56 1 2 4 1 1 0 2 0 0 3 1 0 0 0 0 0 0 0 0 0 0 1 0 1 8 6 0 7 18 8 10 8 10 16 16 26 39 83 16 0 0 54 1 7 15 23 3 16 11 7 2 15 
0 0 0 0 0 2 0 1 1 1 0 2 1 2 1 0 2 0 0 0 0 0 0 1 2 0 1 1 0 2 8 12 2 5 8 3 7 16 21 6 9 1 21 51 26 21 21 28 40 68 5 8 10 4 1 0 2 4 0 3 0 0 0 0 0 0 0 0 0 0 0 0 0 1 10 6 2 18 19 18 7 10 10 20 22 23 21 70 28 0 0 75 6 8 3 28 5 19 6 3 3 48 
3 0 4 0 0 1 2 3 0 0 0 0 3 0 0 2 2 0 0 0 0 0 0 0 0 0 0 1 0 10 11 13 4 13 6 4 8 7 16 15 7 3 23 44 29 17 13 34 32 90 6 1 6 3 0 1 4 7 0 1 1 0 1 0 0 4 0 0 0 0 0 1 0 0 9 3 0 9 21 13 6 7 10 36 19 16 13 61 32 0 0 40 5 6 7 30 8 42 22 8 9 51 
3 2 2 0 0 0 3 0 1 3 1 0 1 2 0 2 4 0 0 0 0 0 0 1 0 0 0 1 0 10 6 5 4 6 3 5 8 11 42 10 10 6 38 57 19 24 15 18 17 76 1 4 1 4 1 3 3 4 0 2 1 0 0 0 0 1 0 2 0 0 1 2 0 1 7 4 0 3 10 12 9 7 9 21 21 22 9 78 22 0 0 92 8 25 18 7 3 32 8 4 4 34 
0 0 0 0 0 0 0 1 0 0 0 0 0 1 1 1 0 0 0 0 0 0 0 0 0 0 0 0 0 3 1 2 0 0 0 1 5 1 8 1 2 0 9 11 1 4 4 3 2 10 4 0 2 1 2 0 0 0 0 0 0 0 0 0 1 0 0 1 0 0 0 0 0 0 1 2 0 0 2 2 3 0 1 0 3 9 5 14 1 0 0 13 0 1 1 4 2 2 1 0 0 2 
0 1 0 0 0 1 0 1 0 1 0 1 0 0 0 1 0 1 0 0 0 0 0 0 0 0 0 0 0 3 4 1 2 0 2 0 8 9 8 4 5 1 17 12 3 10 15 10 9 38 3 4 5 5 1 0 1 3 0 0 0 0 0 0 1 0 0 0 0 0 0 0 0 0 6 6 2 1 14 11 11 2 6 24 11 12 11 75 10 0 0 31 4 7 11 33 4 5 1 5 2 26 
3 1 1 0 1 0 4 1 0 1 0 0 0 1 0 0 0 0 0 0 0 0 0 0 0 0 0 3 0 10 2 2 3 2 2 2 5 5 24 2 9 1 19 18 16 12 17 19 15 67 5 8 9 1 0 0 1 3 0 2 0 0 0 0 0 0 1 0 0 0 0 0 0 1 7 8 1 10 8 11 7 7 4 22 16 16 13 74 15 0 0 46 2 11 8 5 0 3 1 7 0 23 
0 0 0 0 0 2 0 0 0 0 0 0 0 0 0 0 0 0 0 0 0 0 0 0 0 0 0 1 0 2 0 1 3 1 0 0 3 0 3 0 2 0 4 2 3 11 4 2 3 7 1 1 2 0 0 0 0 1 0 0 5 0 0 0 0 0 0 0 0 0 0 0 0 0 2 1 0 2 1 2 1 0 0 4 7 2 3 21 3 0 0 16 0 3 4 3 0 0 1 2 1 4 
0 0 0 0 0 0 0 0 0 0 0 0 0 0 0 0 0 0 0 0 0 0 0 0 0 0 0 0 0 1 1 2 2 1 0 1 0 4 2 0 2 1 6 3 2 0 5 5 1 5 0 0 0 0 0 0 0 0 0 0 0 0 0 0 0 0 0 1 0 0 0 1 0 0 4 4 0 1 5 1 2 0 1 1 2 2 1 9 5 0 0 11 0 0 2 5 0 2 3 0 1 1 
10 12 10 1 1 4 5 6 3 1 0 2 7 0 4 3 9 7 4 0 0 2 2 2 2 0 1 3 0 35 7 23 27 12 13 17 28 20 54 21 17 5 88 97 62 56 38 37 31 181 26 12 22 4 6 4 13 6 0 5 3 0 2 1 4 6 1 2 1 0 3 1 0 1 45 11 1 16 37 24 9 20 23 50 32 36 22 209 43 0 0 75 19 41 47 56 17 55 27 9 4 12 
