2 4 4 12 3 12 8 12 13 24 7 12 9 22 13 12 14 6 7 1 2 7 6 1 1 0 0 5 2 1 1 2 4 1 3 1 1 2 4 9 2 0 2 2 3 1 2 6 1 15 0 2 4 1 0 0 1 2 0 3 0 0 0 1 3 4 2 1 0 0 0 2 0 2 0 0 0 1 5 0 1 0 3 1 4 0 0 14 2 0 0 1 0 0 0 0 0 0 0 1 0 1 
12 3 12 17 10 63 21 27 30 16 8 35 17 20 27 18 12 19 21 9 4 8 9 3 10 0 1 10 4 6 1 3 5 1 6 0 2 0 8 16 3 3 1 5 1 1 1 5 5 18 4 1 2 2 2 0 1 2 0 2 0 1 1 3 7 5 4 2 2 0 1 1 1 2 1 1 0 4 9 3 4 2 5 4 1 1 1 16 1 0 0 4 0 0 2 0 0 0 0 0 0 0 
6 7 4 9 4 28 7 10 14 21 7 14 24 14 32 19 5 10 7 3 4 3 1 5 1 0 0 9 11 4 0 1 5 0 2 0 0 0 10 4 1 2 0 4 2 5 4 4 6 16 2 3 8 4 0 0 0 0 0 1 1 0 0 2 1 8 1 1 1 0 2 0 0 1 0 0 0 0 8 1 2 0 0 2 2 1 2 6 1 0 0 0 0 0 0 3 0 1 4 0 0 1 
3 3 10 3 1 2 2 4 3 3 4 0 1 2 2 3 1 0 3 0 0 3 0 1 0 0 1 0 3 1 0 1 1 1 0 0 0 2 0 0 1 0 0 0 2 0 0 1 0 1 2 0 0 1 0 0 0 0 0 1 0 3 0 1 1 0 0 0 0 0 0 1 0 2 0 2 0 0 1 0 1 0 0 0 0 0 0 1 0 0 0 0 0 1 0 0 0 0 0 0 0 0 
3 5 0 1 2 5 2 1 1 6 0 3 10 5 4 3 5 2 6 2 0 2 3 1 0 0 1 4 2 1 1 0 0 0 0 0 0 0 3 5 1 0 1 2 0 1 0 4 0 0 1 0 0 0 0 0 0 2 0 0 0 0 0 1 0 2 1 1 0 0 0 0 0 0 0 1 0 0 2 1 2 1 0 0 0 0 1 2 1 0 0 1 0 0 0 0 0 0 0 2 0 0 
19 24 18 12 3 2 3 5 15 5 12 18 22 28 33 25 16 15 9 2 10 8 7 18 2 0 0 7 4 3 1 2 0 0 3 1 0 2 7 1 10 1 2 2 5 5 2 3 6 12 2 5 3 0 2 1 2 4 0 0 0 0 0 2 1 1 1 2 2 0 2 1 0 1 6 3 0 2 3 1 2 0 4 2 1 3 0 13 2 0 0 2 1 1 0 1 0 4 0 0 0 0 
15 30 26 5 5 6 10 9 17 16 8 9 18 4 17 20 15 4 11 7 1 8 6 15 0 1 0 6 5 1 1 2 1 0 0 1 0 2 6 13 5 0 2 1 1 2 6 3 7 7 3 1 7 2 2 6 1 2 0 1 0 0 0 3 0 10 0 4 0 1 0 0 1 2 0 2 0 3 7 1 0 0 1 0 5 1 1 5 1 0 0 2 1 0 0 0 0 1 0 0 0 1 
12 21 25 5 7 11 11 7 7 10 12 22 19 11 27 23 15 14 7 11 5 9 2 14 3 1 1 7 3 1 1 1 1 2 2 0 0 2 4 8 2 1 2 2 4 3 1 6 2 15 3 1 3 0 1 2 0 1 0 2 0 1 1 7 1 1 5 4 1 0 0 1 1 4 2 1 0 1 5 0 1 0 0 0 3 4 0 5 3 0 0 1 6 0 0 1 0 0 0 0 0 0 
29 39 38 4 5 23 26 12 2 5 6 35 20 11 17 32 13 17 12 30 5 9 8 13 3 2 0 7 3 5 0 2 0 3 0 0 0 1 3 10 5 0 1 1 9 2 4 1 6 7 3 0 4 0 0 2 0 2 0 2 0 0 1 0 1 1 2 7 0 0 0 0 0 6 4 2 0 0 3 1 0 1 0 0 0 2 1 6 1 0 0 0 0 0 0 0 0 1 0 0 0 0 
7 12 9 4 19 19 18 24 16 2 10 14 34 31 21 13 13 4 10 9 6 6 5 4 1 0 0 14 4 4 0 0 0 1 0 0 0 1 6 5 5 1 0 2 2 3 2 2 7 10 4 2 5 4 8 3 4 4 0 5 1 0 1 0 2 3 2 2 0 0 0 5 0 2 3 1 0 2 10 0 0 1 2 1 2 2 2 3 1 0 0 0 0 0 0 1 0 0 0 0 0 0 
5 6 10 7 2 5 1 4 4 3 2 6 4 5 15 17 2 7 2 2 1 2 2 3 4 0 0 5 1 0 0 0 1 0 0 0 0 0 1 1 1 0 1 0 1 4 1 2 2 5 4 2 1 1 0 0 0 0 0 0 1 0 1 1 0 0 0 0 0 0 0 2 0 1 0 3 0 2 0 0 1 0 2 0 1 2 1 0 0 0 0 0 0 0 0 8 0 0 0 0 0 1 
15 49 27 4 6 38 34 27 30 18 9 2 22 6 15 36 25 10 11 18 7 15 12 18 6 1 0 16 8 7 0 3 0 2 1 2 4 8 12 10 8 1 4 3 10 5 6 5 8 13 6 4 6 4 0 0 7 12 0 5 3 0 1 0 0 8 1 3 0 0 2 2 0 3 0 5 1 2 7 5 1 0 0 0 0 0 0 7 2 0 0 1 0 4 0 2 0 1 1 0 2 1 
16 26 24 11 16 29 38 42 45 19 11 14 5 11 25 42 30 20 22 25 18 15 17 19 11 4 4 20 3 15 5 5 9 0 2 0 0 1 9 20 5 1 4 3 9 4 4 1 4 10 5 7 1 6 0 0 3 6 0 3 0 0 0 1 0 0 1 0 0 0 2 3 1 3 5 0 1 2 4 2 0 0 0 0 0 1 2 1 2 0 0 2 0 3 0 8 0 0 1 0 0 0 
46 82 89 13 18 90 76 85 61 49 27 50 42 4 20 35 82 67 63 38 42 50 35 85 25 2 10 79 4 2 1 1 1 0 1 0 0 1 4 10 6 0 1 0 0 4 2 4 0 10 9 0 6 12 7 2 7 13 0 7 0 0 1 0 2 0 0 0 0 0 2 0 0 0 11 3 3 10 18 2 0 0 0 1 0 1 0 4 0 0 0 0 1 2 1 0 0 0 0 0 0 2 
15 23 38 9 7 32 36 29 20 30 9 14 16 1 2 10 27 17 10 13 25 25 22 36 11 7 2 52 8 1 0 3 2 0 2 5 0 5 4 6 2 1 3 1 1 3 3 1 7 6 5 3 3 2 2 1 8 7 0 5 0 0 0 0 0 0 0 0 0 0 1 0 0 0 2 2 0 1 12 0 1 0 0 0 0 0 0 1 2 0 0 0 0 0 1 1 0 0 0 0 0 0 
55 108 59 18 34 105 86 114 69 101 40 106 102 60 16 22 108 110 57 89 154 83 113 194 40 17 29 198 6 68 29 55 29 26 26 28 11 1 8 40 24 9 8 19 18 21 17 18 19 66 23 17 16 13 11 5 16 19 0 4 4 0 1 6 3 1 5 3 1 5 6 1 2 4 10 4 0 14 52 4 7 1 0 2 5 3 6 24 12 0 0 3 2 4 8 8 0 7 2 3 0 8 
13 19 10 0 6 51 25 17 36 16 17 31 39 39 25 32 1 23 36 46 26 32 44 91 16 2 9 61 2 25 24 31 9 12 10 12 5 9 15 32 21 2 7 11 8 12 17 6 11 29 3 4 7 4 4 3 9 8 0 8 1 0 0 7 2 1 0 0 0 0 1 5 1 1 1 2 0 5 7 2 4 2 1 1 0 1 0 10 6 0 0 0 1 0 0 0 0 1 1 0 0 2 
11 22 20 2 3 39 24 17 30 27 5 42 58 39 34 46 44 10 19 25 52 29 44 58 11 12 18 38 0 27 26 19 9 9 11 21 2 10 18 14 17 0 18 9 8 16 8 6 16 27 3 2 2 12 3 6 2 9 0 4 9 0 3 3 1 0 0 0 0 0 2 1 2 0 1 1 0 5 12 0 5 0 1 1 0 1 2 12 4 0 0 5 1 0 0 1 0 0 0 0 1 3 
18 24 7 3 8 29 14 14 12 13 8 18 48 32 23 50 48 26 4 32 35 37 31 61 11 5 20 66 2 14 11 9 5 13 9 11 12 1 13 16 13 3 6 9 16 17 11 9 9 22 2 4 9 3 0 1 4 9 0 2 0 0 0 1 1 0 0 0 0 0 0 0 0 0 3 2 0 1 3 2 1 0 0 0 0 3 1 9 6 0 0 0 0 0 0 0 0 0 0 0 1 0 
3 8 11 1 2 6 10 5 5 10 4 7 15 17 9 10 11 9 4 4 5 12 8 28 10 7 20 49 1 5 4 2 2 2 5 6 0 1 10 8 3 0 1 0 4 2 2 1 5 11 2 1 3 0 1 1 0 4 0 2 1 0 0 0 0 0 1 0 0 0 0 0 0 0 1 0 0 1 4 0 1 0 0 0 0 1 0 4 1 0 0 0 0 0 0 0 0 0 0 0 0 0 
3 12 2 2 7 8 7 2 8 17 2 14 13 17 27 39 38 20 10 0 3 4 39 48 16 15 35 82 0 6 1 3 6 0 1 5 1 2 12 14 8 2 1 0 4 3 2 1 5 11 0 1 6 1 0 1 0 1 0 3 0 0 0 0 0 0 0 0 0 0 0 0 0 0 1 0 0 1 4 0 1 0 1 1 0 2 1 10 1 0 0 0 0 0 0 0 0 0 0 0 0 0 
0 5 6 1 5 5 3 9 8 5 0 8 5 8 18 14 6 7 5 2 1 4 7 14 6 4 11 36 0 2 1 0 0 0 1 0 0 0 6 3 4 0 0 1 1 0 2 4 3 10 0 2 0 0 0 0 0 1 0 2 1 0 0 0 1 0 0 0 0 0 0 0 0 0 0 0 0 0 3 0 0 0 0 0 0 0 0 2 0 0 0 0 0 0 0 0 0 0 0 0 0 0 
3 1 1 0 1 5 0 4 4 6 0 5 6 13 16 21 21 14 3 4 12 1 3 4 5 2 14 38 0 1 2 1 4 3 3 1 0 2 7 9 2 1 0 1 1 2 3 1 4 8 0 0 1 0 0 1 0 0 0 0 0 0 0 1 1 0 0 0 0 0 0 0 0 0 0 0 0 0 0 0 0 0 0 0 0 1 0 5 0 0 0 0 0 0 0 0 0 0 0 0 0 0 
4 4 3 0 4 4 9 7 4 4 1 7 18 9 27 33 29 15 18 11 10 6 13 4 5 21 33 66 0 3 1 1 5 1 3 0 1 2 12 4 5 0 2 0 1 3 4 3 1 13 0 0 0 2 0 1 0 2 0 0 1 0 0 0 1 0 0 0 0 0 0 0 0 0 1 0 0 1 5 0 1 0 1 0 0 0 0 2 0 0 0 0 0 0 0 0 2 0 0 0 0 0 
6 4 3 3 3 4 2 7 6 14 3 8 8 8 18 30 18 12 10 9 14 6 7 5 2 4 17 38 1 3 1 3 7 4 2 3 0 3 5 13 4 0 3 4 12 10 6 5 3 16 4 1 2 0 2 0 3 4 0 0 1 0 0 0 1 0 0 0 0 0 0 0 0 0 1 0 0 1 5 1 1 0 0 0 0 1 3 27 1 0 0 2 0 0 0 0 0 0 1 0 1 1 
1 0 0 0 0 1 0 1 0 1 0 0 0 1 1 5 2 2 2 0 4 13 1 17 0 0 2 0 0 0 1 0 2 0 0 2 0 0 0 1 0 0 0 0 0 0 2 0 0 1 0 0 0 0 1 2 0 0 0 0 0 0 0 0 0 0 0 0 0 0 0 0 0 0 1 0 0 1 0 0 1 0 0 0 0 0 0 1 0 0 0 0 0 0 1 0 0 0 0 0 0 0 
0 0 0 0 0 0 0 1 2 0 0 1 1 1 1 2 2 1 2 6 3 2 0 4 1 1 0 6 0 0 0 1 8 0 0 0 1 0 0 5 1 0 0 0 0 0 0 0 0 0 0 0 0 0 0 0 0 0 0 0 0 0 0 0 0 0 0 0 0 0 0 0 0 0 0 0 0 0 0 0 0 0 0 0 0 0 0 0 0 0 0 0 0 0 0 0 0 0 0 0 0 0 
4 4 7 2 4 6 3 7 1 12 2 14 9 16 27 33 19 12 6 19 17 35 55 33 17 6 24 4 1 3 1 7 7 0 5 3 5 7 8 11 11 5 1 5 3 5 6 4 5 14 3 3 1 0 0 0 4 1 0 2 2 0 0 0 2 0 0 0 0 0 0 0 0 1 1 1 0 1 6 2 1 0 1 1 0 2 0 7 5 0 0 0 1 2 0 2 0 0 1 0 0 1 
74 152 192 55 34 119 115 55 45 30 26 41 28 27 32 30 27 25 19 19 12 14 4 5 3 0 0 8 2 10 2 5 2 6 7 9 0 9 7 25 7 2 11 2 7 20 12 2 6 30 1 3 9 10 3 1 3 2 0 3 3 0 2 4 11 3 1 7 0 4 5 1 2 2 3 1 0 4 15 3 2 0 8 7 5 3 0 14 9 0 0 2 1 1 3 0 2 0 1 0 1 0 
1 7 3 0 2 1 3 5 2 4 2 7 7 1 2 9 18 14 19 3 2 4 3 5 2 0 0 2 0 16 90 127 99 71 69 76 98 69 77 88 44 14 16 24 32 28 29 23 22 78 3 3 8 9 3 0 0 8 0 4 2 1 2 12 20 15 6 8 4 1 4 2 2 0 6 10 0 8 22 8 1 2 2 2 5 2 10 63 17 0 0 2 1 6 6 18 6 5 3 1 0 3 
1 1 1 0 0 1 3 1 0 0 0 6 6 0 1 3 2 5 3 1 1 2 2 3 0 0 0 3 0 87 3 79 30 14 21 17 48 21 49 39 15 2 9 9 13 7 7 5 8 17 3 2 3 3 0 0 2 6 0 3 1 0 0 3 10 4 1 6 1 1 5 3 1 0 0 0 0 2 1 0 3 0 0 0 0 0 1 11 3 0 0 4 4 2 1 2 0 2 6 0 1 2 
1 4 1 1 0 3 2 3 4 4 0 2 4 1 1 11 18 3 0 3 2 3 5 2 1 0 0 5 0 83 40 6 21 17 22 48 37 68 58 55 38 10 18 16 11 23 21 11 19 68 3 1 4 3 0 3 1 8 0 7 1 0 1 4 7 13 3 4 1 2 2 3 0 0 3 4 0 2 4 5 2 4 1 0 2 3 4 20 15 0 0 7 1 4 4 4 1 2 2 1 0 1 
18 25 19 2 4 6 9 3 8 8 3 8 13 2 10 11 31 28 14 9 2 4 5 15 17 1 3 28 3 217 105 130 13 27 79 98 99 85 131 143 86 15 67 68 85 131 69 64 80 369 55 46 51 31 9 5 15 34 0 13 6 3 5 10 17 30 6 12 13 15 20 18 7 3 22 12 1 15 27 6 12 4 3 2 1 23 4 114 26 0 0 22 15 19 19 27 8 10 9 2 4 11 
2 1 2 0 1 2 1 2 3 0 0 1 1 0 0 13 11 3 1 3 0 1 2 3 1 0 3 7 1 90 27 35 8 3 13 11 7 46 35 55 22 7 11 12 20 14 20 11 16 44 11 3 16 6 4 3 8 5 0 2 0 0 1 1 3 19 8 4 1 2 8 11 4 6 2 4 0 2 17 2 4 0 1 4 0 4 2 18 22 0 0 4 2 3 2 8 1 4 1 2 0 1 
1 13 4 0 1 7 6 0 1 1 3 3 3 0 4 5 35 7 9 2 5 10 2 7 6 0 2 9 0 154 87 90 20 15 6 9 32 40 55 123 52 13 49 26 39 39 36 20 35 114 10 6 6 12 3 3 14 12 0 7 0 0 4 6 6 14 0 6 3 13 15 14 5 5 7 3 2 3 14 1 2 0 1 0 1 4 2 28 22 0 0 6 10 15 1 16 2 5 2 1 1 2 
1 5 3 3 1 0 0 4 0 0 0 0 0 1 1 10 15 6 4 1 4 6 5 4 1 0 0 2 0 113 35 37 16 13 13 9 14 39 60 35 35 2 13 15 21 33 16 15 10 61 2 3 4 2 0 0 2 3 0 3 0 0 4 5 4 4 2 3 0 1 12 8 0 0 1 2 0 2 3 0 0 0 0 0 0 3 0 16 10 0 0 6 2 3 7 12 0 2 0 1 0 3 
7 6 6 0 5 2 2 2 4 1 1 2 0 2 1 38 30 24 13 14 8 13 11 37 8 3 1 21 0 319 190 285 105 112 108 126 13 88 195 381 156 43 80 63 126 108 117 77 65 274 7 13 11 10 3 3 6 17 0 2 4 1 12 38 23 40 20 26 17 5 25 25 12 14 6 0 1 1 19 4 1 2 1 1 2 34 12 66 35 0 0 23 25 25 15 35 7 24 17 0 0 4 
10 7 3 2 2 5 10 4 7 4 5 12 12 2 1 0 9 7 4 8 6 1 8 10 1 0 3 5 0 175 70 136 52 57 71 68 39 6 39 131 55 8 44 51 51 39 41 31 57 131 4 2 8 6 0 0 5 3 0 1 0 3 6 17 13 9 7 6 1 2 17 14 5 12 6 4 0 4 9 3 2 2 1 1 0 10 7 45 19 0 0 9 6 12 5 15 1 8 6 2 1 2 
22 57 27 8 11 43 38 46 36 30 13 49 54 15 7 5 77 54 24 35 53 45 48 75 24 5 10 101 4 331 177 359 187 163 162 137 183 113 20 687 341 42 119 135 183 212 120 134 144 494 18 13 44 23 6 4 14 25 0 12 17 3 11 38 66 36 15 26 9 20 38 25 18 21 22 3 2 11 39 9 15 6 11 8 4 40 40 233 58 0 0 57 27 43 23 60 7 42 34 11 15 33 
11 19 5 1 5 13 14 15 10 5 3 12 12 10 8 15 38 18 5 4 13 1 3 20 5 0 0 19 3 77 27 63 33 27 26 35 62 86 148 15 16 12 19 32 65 66 60 57 52 188 6 6 9 6 2 2 6 4 0 2 0 0 0 6 13 11 5 0 0 0 5 11 1 1 1 5 0 22 6 5 8 3 3 9 9 4 6 28 18 0 0 10 8 8 7 28 1 5 6 2 1 2 
5 9 6 2 3 0 3 4 7 1 2 4 9 3 4 6 7 11 1 4 10 3 3 8 2 0 1 12 0 47 6 52 38 22 23 5 26 47 94 26 7 6 23 21 29 40 24 29 30 136 1 1 3 2 1 0 2 4 0 2 4 1 0 5 11 5 1 3 0 0 3 2 2 1 11 4 0 1 6 6 1 0 6 5 2 3 7 13 5 0 0 6 1 6 1 8 0 2 7 0 2 3 
2 1 0 0 0 1 0 2 0 1 1 1 0 0 1 1 1 3 1 1 0 1 1 1 0 0 0 1 0 7 4 9 8 6 3 1 10 8 12 15 4 1 7 9 12 6 7 6 13 17 0 0 2 0 0 0 0 0 0 0 0 1 0 1 0 1 0 2 0 0 1 1 0 0 2 0 0 1 4 12 3 0 2 1 1 5 3 8 4 0 0 2 1 4 1 7 0 7 2 0 0 1 
2 24 6 1 2 8 8 3 5 0 4 2 0 2 5 5 13 6 2 3 1 7 1 4 2 1 0 21 0 54 17 36 22 22 31 18 24 51 77 62 29 11 5 26 38 52 36 66 59 113 6 4 10 4 1 1 4 7 0 1 0 2 3 4 5 6 3 1 1 3 4 8 0 1 8 8 0 14 10 20 22 12 11 40 29 50 28 66 49 0 0 20 22 34 23 66 7 59 39 2 4 20 
5 8 3 1 5 8 7 5 4 12 5 7 12 2 8 7 19 7 12 7 1 10 2 11 5 0 0 8 1 62 14 46 29 15 20 22 41 78 98 135 82 30 36 18 90 108 90 129 166 321 6 8 13 8 1 1 7 14 0 3 0 1 0 3 12 5 3 6 2 1 6 3 3 5 19 8 2 25 44 47 37 9 23 59 58 88 65 130 84 0 0 91 61 87 49 124 23 85 65 15 6 13 
2 17 9 0 3 4 3 5 5 5 0 5 5 0 1 6 19 11 3 3 1 4 4 8 6 0 1 12 2 44 16 34 20 22 19 18 38 56 57 64 37 19 27 76 4 58 55 102 141 139 9 2 3 6 0 1 1 4 0 6 0 1 3 4 8 5 0 3 2 3 5 4 0 3 2 9 1 7 13 7 4 10 13 9 13 20 24 41 19 0 0 19 8 23 10 44 1 25 18 2 0 16 
12 7 8 6 1 5 26 13 8 8 7 14 8 9 4 8 20 17 10 5 5 7 10 17 10 0 0 8 2 56 20 58 48 29 37 39 66 85 102 170 140 31 62 135 87 14 118 305 289 535 8 8 13 11 3 0 7 12 0 1 2 1 1 27 12 5 5 7 2 1 14 11 5 6 10 7 4 19 33 18 17 8 24 46 53 65 42 169 55 0 0 33 27 85 20 76 8 37 33 6 0 36 
2 4 5 0 0 11 3 9 4 5 1 4 4 1 2 5 17 11 4 6 3 4 5 5 6 0 1 3 2 34 12 21 26 17 11 13 29 56 42 47 35 12 15 42 38 36 9 102 119 160 6 3 3 9 0 2 0 0 0 0 0 0 1 1 7 4 4 1 1 3 3 2 1 0 6 4 2 3 9 1 6 11 6 24 9 22 15 76 19 0 0 11 8 9 3 16 2 18 18 3 2 22 
0 1 4 0 1 4 3 0 8 1 1 2 2 1 1 2 4 4 7 3 4 1 2 5 5 1 3 9 0 18 4 10 24 11 2 3 18 24 26 38 34 10 21 45 44 95 34 7 103 212 1 2 8 2 0 1 0 10 0 0 0 0 0 0 4 2 2 0 0 1 3 1 1 0 1 0 0 1 10 1 4 2 5 13 4 12 12 58 18 0 0 14 8 11 5 16 1 12 9 4 1 7 
2 4 3 0 0 1 2 2 1 2 0 1 2 2 0 5 4 4 2 2 2 3 1 1 2 0 0 4 0 19 7 12 12 9 5 6 19 23 29 39 20 3 19 31 18 64 34 37 6 122 0 2 3 1 1 2 2 2 0 0 2 0 0 4 6 4 2 3 2 0 1 1 1 1 7 1 0 4 3 1 0 0 8 8 5 9 5 61 9 0 0 15 5 5 5 12 2 16 9 0 1 5 
26 38 27 7 14 29 31 23 23 19 16 34 45 12 18 32 38 31 19 21 18 27 28 33 14 1 2 41 0 166 56 106 170 64 73 71 151 192 271 286 209 40 120 231 247 348 262 543 757 26 17 18 51 19 8 8 15 17 0 8 4 10 2 26 35 23 10 15 6 8 10 19 10 6 19 26 3 31 57 28 32 23 42 54 36 70 60 471 74 0 0 51 26 74 50 89 6 58 67 8 10 60 
4 3 3 1 0 0 2 3 2 2 6 1 1 5 2 3 1 0 0 0 1 0 0 2 1 0 1 5 0 9 1 2 2 1 5 3 0 1 2 10 1 0 1 0 0 3 0 4 1 11 4 2 11 23 10 4 13 16 0 9 4 0 0 5 3 11 1 8 1 8 4 4 1 7 11 5 0 4 31 6 3 1 7 9 4 2 6 43 2 0 0 5 0 2 0 2 3 3 0 0 0 0 
5 3 0 0 3 3 1 2 1 1 0 3 5 1 4 5 5 3 0 2 0 0 1 1 1 0 1 2 0 14 2 10 4 2 0 3 0 0 0 2 3 0 5 4 0 4 6 8 2 7 8 3 10 39 13 6 18 17 0 9 3 1 0 7 6 10 3 6 1 2 2 2 0 8 7 4 1 13 64 4 2 4 8 16 7 4 7 21 6 0 0 2 1 6 2 6 0 4 5 0 0 1 
2 10 5 1 1 8 7 2 5 1 5 2 5 3 10 11 9 6 6 1 2 1 3 5 8 0 0 5 0 10 6 15 10 13 6 3 2 2 6 10 6 0 3 4 4 7 10 3 1 15 63 25 7 37 25 9 11 31 0 15 6 0 0 10 10 25 1 3 2 13 8 6 4 3 8 15 5 18 52 11 6 2 12 13 19 9 2 40 7 0 0 1 1 2 1 8 1 2 2 0 0 3 
3 3 3 2 0 8 1 4 3 0 0 3 2 0 3 4 6 5 3 0 0 3 1 0 1 0 0 2 0 5 2 4 2 5 5 4 1 1 2 3 0 0 8 2 1 4 5 2 1 13 21 18 19 2 10 1 7 12 0 9 5 1 0 8 12 14 5 6 1 8 1 4 2 4 1 3 1 9 22 0 6 14 3 10 0 2 3 8 1 0 0 5 0 2 0 2 0 1 1 1 0 1 
3 2 1 0 0 5 0 1 0 0 0 6 4 0 2 0 1 0 0 0 0 0 0 0 0 0 0 0 0 2 0 1 1 2 0 7 0 1 0 0 1 0 0 0 0 2 3 0 1 2 4 1 8 7 1 0 3 0 0 2 8 3 0 1 1 6 0 6 1 2 3 1 1 5 0 1 2 4 6 4 0 0 2 2 3 2 3 8 0 0 0 0 0 0 0 0 0 1 0 0 0 0 
1 2 1 0 0 0 3 2 0 2 0 0 1 0 0 2 1 1 1 0 0 0 0 0 2 0 1 3 0 2 0 0 3 3 0 1 0 0 0 0 0 0 2 1 0 1 0 1 0 2 4 4 1 0 1 0 0 3 0 2 1 0 0 2 2 3 0 1 1 2 0 1 2 1 0 4 0 4 10 0 0 0 2 1 0 1 0 1 0 0 0 1 1 0 0 0 0 1 1 0 0 0 
3 1 2 0 1 2 3 0 1 1 1 1 2 2 5 2 3 2 0 1 0 1 1 0 0 0 0 0 0 4 0 6 5 1 3 1 0 0 0 1 1 1 2 1 2 1 1 4 1 5 16 6 6 6 8 2 3 5 0 5 5 1 0 7 10 9 4 4 2 2 3 5 1 1 7 5 6 2 22 0 1 1 1 3 4 4 3 12 1 0 0 2 0 1 6 3 0 1 3 2 0 0 
0 5 5 0 2 8 8 6 3 4 3 5 4 6 4 3 1 2 1 2 2 0 3 3 2 0 0 0 0 4 1 5 4 8 3 4 0 3 7 3 1 0 6 3 2 1 3 4 2 12 22 36 27 39 14 13 9 6 0 13 5 1 0 9 13 14 2 9 2 4 9 7 2 0 27 23 2 23 58 12 9 1 6 24 25 10 7 26 3 0 0 2 0 3 2 6 1 4 4 0 1 2 
0 0 0 0 0 0 0 0 0 0 0 0 0 0 1 0 0 0 0 0 0 0 0 0 0 0 0 0 0 0 0 0 0 0 0 0 0 0 0 0 0 0 0 0 0 0 0 0 0 0 0 0 0 0 0 0 0 0 0 0 0 0 0 0 0 0 0 0 0 0 0 0 0 0 0 0 0 0 0 0 0 0 0 0 0 0 0 0 0 0 0 0 0 0 0 0 0 0 0 0 0 0 
3 9 8 1 0 17 3 6 2 4 5 8 12 4 11 14 4 3 3 4 3 5 4 6 2 0 8 12 0 5 6 3 2 2 1 1 0 1 5 5 2 1 2 1 1 3 3 6 0 4 7 10 14 26 8 3 15 20 0 1 0 1 0 8 16 22 9 13 3 5 13 11 5 10 13 5 1 6 32 8 9 1 8 3 5 4 4 9 6 0 0 1 2 1 2 1 0 2 1 0 0 0 
0 0 2 1 0 4 0 0 0 0 0 0 1 0 0 3 7 0 0 0 0 2 3 3 0 0 0 0 0 4 2 2 0 1 1 0 0 0 1 2 2 0 0 0 0 0 1 0 0 1 2 2 7 2 6 0 6 3 0 2 0 3 2 4 4 9 7 3 0 5 4 4 9 3 5 3 0 1 7 0 2 0 0 0 1 4 1 3 0 0 0 0 0 1 0 2 0 0 0 0 0 1 
0 1 3 0 2 2 3 1 0 0 0 1 1 0 1 1 2 0 0 0 0 0 0 2 0 0 0 0 0 11 3 8 1 1 4 2 1 2 9 4 2 2 1 6 2 1 0 3 6 5 0 3 2 4 1 1 5 8 0 3 3 0 0 10 15 4 4 7 3 10 4 7 3 0 0 1 0 4 8 1 0 1 1 4 0 3 0 3 1 0 0 2 1 2 0 2 0 0 0 0 0 0 
0 1 1 0 0 1 1 1 0 1 0 1 2 0 1 0 0 1 0 0 0 0 0 0 0 0 0 0 0 3 1 1 0 2 0 5 0 1 2 2 1 1 0 0 0 0 0 7 0 1 3 0 6 1 1 1 0 1 0 3 1 0 0 0 5 1 1 1 0 8 5 7 0 3 2 4 0 0 4 2 2 1 0 0 0 1 1 3 0 0 0 0 1 0 1 1 0 0 0 0 0 0 
4 7 5 4 3 6 7 8 6 1 1 2 1 0 0 2 2 1 2 1 0 1 0 2 1 0 0 3 0 20 6 7 2 1 7 3 3 9 6 22 12 0 5 0 7 5 2 4 4 19 16 21 21 11 4 10 8 20 0 9 8 3 5 1 7 14 6 12 5 6 15 18 6 7 2 8 0 13 27 6 1 1 1 1 1 3 2 8 2 0 0 5 0 2 0 4 0 0 0 0 0 1 
3 6 0 0 0 3 2 7 1 3 2 0 0 0 0 2 2 1 0 0 0 0 0 0 0 0 1 1 0 11 9 6 1 4 4 0 1 2 9 10 0 4 4 1 4 1 6 0 3 8 8 11 8 7 2 3 3 21 0 5 2 1 4 6 4 17 9 12 11 15 24 36 13 19 4 3 1 5 15 2 4 2 4 4 1 1 1 6 2 0 0 0 0 3 0 0 0 0 0 0 0 0 
6 18 11 0 2 2 13 2 3 3 2 3 3 0 0 1 0 2 0 0 0 0 0 1 0 0 0 0 0 18 11 16 6 10 7 6 5 1 7 7 5 1 0 3 5 4 7 6 6 21 15 9 16 18 1 0 14 16 0 15 9 1 7 15 19 10 6 33 17 43 37 38 21 19 3 4 4 7 39 7 4 0 2 3 4 6 2 10 1 0 0 1 0 0 1 1 0 0 0 0 0 1 
0 1 0 0 0 0 3 2 0 1 0 0 0 0 0 0 0 0 0 0 0 0 0 0 0 0 0 0 0 5 8 4 1 1 1 3 0 3 1 1 0 0 1 0 3 0 2 3 2 2 0 3 11 5 1 1 8 11 0 10 3 2 8 1 11 3 1 3 2 3 17 13 9 13 2 0 0 0 10 2 3 1 1 0 1 2 2 3 0 0 0 1 0 0 0 1 0 0 0 0 0 0 
3 1 0 0 3 9 1 5 1 2 0 0 1 0 1 0 0 0 0 0 0 0 1 0 0 0 0 0 0 13 5 3 1 2 2 2 4 1 2 5 2 3 4 3 2 5 0 0 0 12 5 1 6 2 0 0 3 9 0 11 7 1 14 8 14 16 2 2 5 18 34 27 13 11 1 1 0 6 42 3 2 1 4 2 0 1 0 3 0 0 0 2 0 0 0 0 0 0 0 0 0 0 
0 0 0 0 1 0 1 0 2 1 0 2 0 0 0 0 0 0 0 0 0 0 0 0 0 0 0 0 5 3 2 0 1 5 4 0 3 0 3 0 0 0 1 0 5 2 0 0 0 3 1 1 0 3 0 2 4 6 0 3 0 2 2 2 7 10 10 6 0 7 19 16 2 6 0 0 0 1 4 1 3 0 2 3 1 1 0 2 0 0 0 0 0 0 0 0 0 0 0 0 0 0 
0 0 1 0 0 3 0 2 1 1 0 0 0 1 0 0 0 0 0 0 0 0 0 0 0 0 0 0 0 4 3 2 1 2 1 1 2 1 1 1 1 2 0 0 1 0 2 2 0 3 5 1 15 4 7 2 3 7 0 4 6 1 1 3 14 13 13 12 2 0 35 28 9 22 3 2 0 5 15 0 1 1 0 3 3 0 0 2 1 0 0 0 0 0 0 0 1 0 0 0 1 0 
1 3 1 0 1 0 1 5 1 0 1 0 2 0 0 0 3 1 0 0 0 0 0 0 0 0 0 0 0 3 3 5 4 7 6 4 11 4 4 3 0 0 1 1 1 0 0 1 5 5 4 1 3 0 0 0 7 2 0 11 2 0 6 9 14 14 11 13 6 21 0 15 8 15 1 2 0 1 16 3 2 0 5 2 3 1 0 6 0 0 0 0 0 0 0 0 0 0 1 0 0 1 
1 0 3 0 1 1 4 2 1 4 0 0 3 0 1 4 3 1 1 0 0 1 0 0 0 0 0 0 0 13 3 5 7 10 6 5 8 4 8 5 1 1 1 3 4 2 5 1 4 6 0 3 3 4 1 1 11 5 0 21 9 0 5 13 13 30 22 30 18 41 104 3 37 46 0 4 1 4 15 5 2 3 1 5 4 2 1 8 1 0 0 0 1 0 0 1 0 0 1 0 0 1 
2 0 0 0 0 1 3 0 1 1 0 0 1 0 0 0 0 0 0 0 0 0 0 0 0 0 0 0 0 2 3 3 2 3 3 1 2 2 0 3 3 0 2 4 0 1 0 1 0 3 7 4 0 3 1 0 4 8 0 7 5 0 0 3 18 9 7 5 2 8 10 30 0 3 2 1 0 1 3 4 1 0 3 0 1 0 1 5 2 0 0 0 1 0 0 0 0 0 0 0 0 0 
0 0 2 0 0 2 3 2 1 2 1 0 2 0 0 0 0 0 0 0 0 0 0 0 0 0 0 0 0 1 0 1 1 4 9 5 2 2 6 2 3 0 2 2 2 5 0 1 2 6 12 4 7 2 0 0 2 3 0 5 3 0 2 2 6 19 3 12 9 13 24 25 4 2 7 2 0 3 20 3 1 1 4 2 1 0 1 2 0 0 0 0 0 0 0 1 0 0 1 0 0 0 
0 2 0 0 0 2 0 2 0 2 3 3 2 2 0 4 3 1 0 1 0 0 1 0 1 0 0 1 0 2 0 0 3 0 1 1 0 0 1 3 0 3 3 4 0 5 4 0 3 12 7 2 4 0 1 2 3 11 0 3 3 1 3 1 0 5 0 2 0 2 1 4 4 2 1 6 1 9 23 10 2 1 5 17 8 5 2 10 2 0 0 2 0 3 3 2 1 5 2 1 0 2 
0 4 0 0 1 0 3 0 0 3 3 0 5 0 2 2 2 0 0 0 0 0 0 0 0 1 0 2 0 2 0 0 2 0 1 0 0 2 4 1 2 0 1 7 3 3 4 1 3 9 2 2 2 1 2 2 2 10 0 2 3 0 1 1 2 3 0 1 1 3 1 3 0 3 6 6 5 6 37 9 9 4 10 33 2 15 2 15 2 0 0 4 0 4 1 2 2 3 0 0 0 3 
0 0 0 0 0 0 1 0 0 0 0 0 0 0 0 0 0 0 0 0 0 0 0 0 0 0 0 0 0 1 1 1 0 0 0 0 0 0 0 0 0 0 0 1 1 2 0 0 0 1 0 0 0 1 0 1 0 0 0 1 0 0 0 0 1 1 0 0 0 0 0 0 0 0 4 2 0 5 11 2 3 0 0 6 4 1 0 8 0 0 0 0 0 2 0 2 0 0 0 0 0 0 
0 1 2 0 0 1 1 1 0 0 0 0 1 0 1 1 0 2 0 0 0 0 0 2 1 1 0 2 0 2 0 1 2 2 3 0 0 0 1 1 2 0 3 10 5 1 0 0 6 11 3 0 12 5 2 2 3 6 0 2 2 0 0 2 2 2 1 3 0 1 2 4 0 4 9 7 12 3 18 13 4 1 10 17 14 12 3 13 1 0 0 3 5 7 2 2 1 2 2 2 1 2 
19 13 18 2 8 21 29 20 13 11 9 11 17 10 20 19 23 12 4 4 5 6 5 8 3 0 3 11 3 40 6 21 12 24 25 9 5 6 14 30 9 1 18 30 20 30 22 12 17 59 171 113 165 162 119 60 106 113 0 52 18 3 9 20 39 26 13 26 16 21 31 27 12 21 274 317 113 149 9 131 166 36 113 182 64 49 36 108 22 0 0 11 8 24 19 27 2 19 18 5 3 8 
0 1 1 0 0 1 1 0 0 2 1 0 4 0 0 0 1 1 0 1 0 0 0 0 0 0 0 1 0 2 0 2 1 3 0 0 0 1 3 0 3 2 8 7 6 6 8 6 3 14 6 7 7 7 3 0 2 3 0 1 0 0 0 1 2 2 1 2 2 1 2 1 0 1 12 14 7 17 21 1 12 4 11 43 18 13 5 27 5 0 0 2 1 3 7 6 0 7 3 3 0 1 
0 0 1 0 1 0 1 0 0 0 0 0 0 0 0 1 2 0 1 0 1 0 0 0 0 1 0 1 0 3 0 0 4 0 0 0 0 0 0 3 8 0 3 10 0 1 5 4 2 15 3 1 5 7 6 1 0 0 0 2 2 1 0 2 3 2 3 1 1 0 0 2 1 2 10 20 5 7 26 6 5 8 13 27 12 15 11 29 2 0 0 0 1 4 3 1 2 9 3 1 0 1 
1 0 0 2 1 1 1 0 0 0 0 1 0 0 0 0 1 0 0 0 0 0 0 0 0 0 0 0 0 1 1 0 3 0 2 0 0 0 0 3 0 0 3 1 1 6 4 3 4 10 0 3 5 4 0 0 0 1 0 0 1 0 0 2 2 4 0 1 1 0 2 0 0 0 8 5 1 7 3 10 3 1 2 18 7 3 7 29 4 0 0 1 4 1 1 4 1 3 8 0 0 3 
1 1 0 0 0 2 2 0 3 1 0 0 0 0 0 0 0 0 0 0 0 0 0 1 0 0 0 0 0 1 0 0 0 0 0 0 0 0 0 2 1 0 1 4 6 4 2 3 2 10 3 3 0 4 1 0 1 7 0 2 0 0 0 1 1 2 1 2 3 0 2 0 0 1 6 11 10 10 10 7 8 0 0 14 23 6 4 39 9 0 0 1 8 5 3 7 0 7 11 1 1 3 
3 4 3 2 0 6 13 3 4 6 0 1 0 0 0 2 0 1 0 1 0 1 1 1 0 0 0 5 0 5 1 3 3 2 0 3 1 3 6 13 6 5 30 26 21 25 16 11 23 53 18 16 21 18 9 13 24 31 0 7 5 1 1 1 5 5 1 4 2 6 9 4 1 6 87 70 18 66 114 107 116 41 210 9 134 103 46 115 35 0 0 15 17 45 17 30 4 23 15 9 2 8 
0 5 0 1 0 2 2 2 2 2 0 0 0 0 1 0 0 0 1 0 0 0 0 2 1 0 0 0 0 1 0 0 2 1 0 0 0 1 1 8 3 2 25 23 7 10 7 5 5 21 4 6 3 2 1 0 4 7 0 1 1 2 0 0 2 3 0 2 0 3 0 0 2 2 12 10 4 26 31 26 50 9 47 35 5 26 23 49 17 0 0 18 10 8 6 13 2 20 6 5 4 3 
3 1 2 2 1 10 1 3 1 1 2 3 2 0 2 2 7 0 5 0 1 2 2 3 0 0 0 3 0 6 7 11 5 3 7 4 0 5 17 7 2 2 24 40 17 19 19 17 18 52 6 9 12 5 1 1 7 5 0 3 2 0 2 3 2 2 1 2 1 0 0 1 0 0 17 8 2 17 20 16 22 14 20 51 50 7 4 39 31 0 0 34 5 27 42 17 1 24 17 6 4 12 
5 0 2 1 3 4 1 0 3 4 0 1 1 0 0 0 1 1 0 2 3 1 3 0 0 0 0 4 0 12 1 7 4 3 1 1 3 5 10 5 7 5 8 20 10 18 23 22 12 43 3 2 3 4 3 1 2 4 0 5 0 0 3 2 4 2 0 1 0 2 3 1 0 0 5 4 0 5 28 11 19 7 5 32 20 10 2 24 17 0 0 19 4 25 23 27 4 22 16 5 3 9 
10 22 9 0 3 7 9 5 7 9 2 4 5 3 8 12 8 9 3 1 1 2 4 14 8 0 1 15 0 42 25 22 60 10 20 18 30 46 82 30 38 40 132 115 74 146 111 139 155 554 31 28 36 24 10 3 22 34 0 11 5 1 2 2 10 10 2 3 1 4 6 3 1 7 46 26 11 31 49 61 61 37 62 120 72 90 53 14 47 0 0 108 37 104 87 120 10 74 56 6 7 54 
1 1 3 1 2 2 0 1 3 1 0 0 2 2 0 3 5 1 1 2 4 1 1 0 1 0 0 1 0 10 3 5 4 3 7 4 7 6 3 24 3 1 4 29 5 10 9 16 6 22 4 0 4 6 1 0 5 3 0 2 0 0 0 1 0 0 0 0 2 3 0 0 0 2 5 12 1 11 15 12 18 5 7 9 22 14 6 17 0 0 0 9 6 24 10 14 11 9 6 2 1 9 
0 0 0 0 0 0 0 0 0 0 0 0 0 0 0 0 0 0 0 0 0 0 0 0 0 0 0 0 0 0 0 0 0 0 0 0 0 0 0 0 0 0 0 0 0 0 0 0 0 0 0 0 0 0 0 0 0 0 0 0 0 0 0 0 0 0 0 0 0 0 0 0 0 0 0 0 0 0 0 0 0 0 0 0 0 0 0 0 0 0 0 0 0 0 0 0 0 0 0 0 0 0 
0 0 0 0 0 0 0 0 0 0 0 0 0 0 0 0 0 0 0 0 0 0 0 0 0 0 0 0 0 0 0 0 0 0 0 0 0 0 0 0 0 0 0 0 0 0 0 0 0 0 0 0 0 0 0 0 0 0 0 0 0 0 0 0 0 0 0 0 0 0 0 0 0 0 0 0 0 0 0 0 0 0 0 0 0 0 0 0 0 0 0 0 0 0 0 0 0 0 0 0 0 0 
2 6 8 4 2 6 6 11 5 4 5 14 14 6 5 11 19 4 2 3 1 5 5 4 5 1 0 5 0 59 14 55 28 25 42 28 39 66 105 81 62 24 61 158 63 130 85 120 173 316 11 7 15 10 5 1 8 15 0 7 3 1 1 9 9 4 2 2 0 3 16 6 2 4 18 15 3 28 50 44 47 15 39 98 79 114 113 290 135 0 0 10 85 115 66 312 24 188 91 20 16 62 
0 0 0 0 1 0 0 1 0 1 0 0 0 1 0 1 2 0 0 0 0 0 0 0 0 0 0 1 0 5 0 4 1 2 5 3 3 8 4 4 2 1 11 12 9 12 13 6 10 23 1 3 0 5 1 0 1 2 0 1 0 0 0 0 0 1 0 1 0 0 1 1 0 0 6 0 1 4 7 3 6 3 3 4 6 22 25 40 12 0 0 13 2 7 5 24 3 12 10 2 2 7 
0 0 1 0 0 2 2 1 1 0 1 1 2 0 0 0 1 0 0 0 0 1 0 1 0 0 0 0 0 5 1 4 5 1 1 1 5 6 17 5 10 3 9 15 10 20 9 22 36 34 3 3 2 3 3 2 2 3 0 5 0 0 0 1 0 3 0 0 0 0 0 2 0 0 2 4 3 10 14 8 8 8 14 20 9 15 16 29 23 0 0 13 4 2 0 25 6 14 12 3 4 21 
0 1 2 0 0 1 0 1 0 2 0 1 1 0 0 0 0 0 0 0 0 0 0 0 0 0 0 0 0 6 2 5 1 1 3 2 1 5 12 1 3 1 9 8 11 10 8 22 8 38 4 3 2 6 1 1 1 3 0 0 0 1 0 0 0 0 1 0 0 0 0 0 0 2 3 2 1 5 4 9 6 3 15 20 12 10 10 33 18 0 0 17 10 2 3 19 2 20 5 9 1 20 
0 1 1 0 2 0 1 0 2 1 3 1 3 0 0 2 3 0 0 0 1 0 0 1 0 0 0 1 0 7 2 2 2 0 4 5 5 4 10 4 1 4 19 17 16 17 8 15 10 35 1 0 3 3 0 0 2 5 0 1 0 0 0 0 0 0 0 0 0 1 1 1 0 0 2 4 0 5 6 7 12 1 3 19 4 9 10 71 24 0 0 21 17 13 4 3 2 46 6 2 3 13 
2 1 0 0 0 0 0 0 0 0 0 0 0 0 0 0 0 0 0 0 0 0 0 0 0 0 0 0 0 0 0 0 0 0 0 0 2 0 1 0 0 0 1 0 1 1 2 0 2 7 1 0 1 0 0 0 1 0 0 0 0 0 0 0 0 0 0 0 0 0 0 0 1 0 0 1 0 0 0 2 1 0 0 0 1 3 1 5 2 0 0 4 0 0 0 1 0 1 1 0 1 2 
1 1 1 0 0 2 0 0 2 1 0 1 2 0 0 0 0 0 0 0 0 0 0 0 0 1 0 0 0 0 1 1 2 1 2 0 4 3 6 2 2 1 10 5 7 13 6 8 14 18 0 0 3 0 0 0 2 7 0 1 0 0 0 1 0 0 0 0 0 0 0 0 0 0 6 3 0 4 3 6 1 3 7 10 7 11 4 26 10 0 0 3 2 3 3 14 0 3 3 0 2 6 
1 1 1 0 0 1 1 0 1 1 2 0 1 0 0 0 2 3 0 2 0 0 0 0 2 0 0 1 0 10 1 2 3 0 1 3 7 7 7 6 4 0 15 15 4 7 15 22 10 45 3 0 6 2 0 0 5 1 0 1 0 0 0 0 1 0 0 0 0 0 1 0 0 1 8 5 0 3 5 4 4 4 9 10 9 13 5 30 7 0 0 7 2 2 3 6 0 4 4 5 0 4 
0 0 1 0 0 1 0 0 0 0 0 0 0 0 2 0 1 0 0 0 0 0 0 0 0 0 0 0 0 0 0 1 0 0 0 0 1 0 3 0 0 0 3 1 1 1 1 0 0 3 0 0 0 0 0 0 0 0 0 0 0 0 0 0 0 0 0 0 0 0 0 2 0 0 0 1 0 0 0 2 2 0 0 3 3 2 1 7 1 0 0 2 1 0 3 6 0 1 0 0 0 0 
0 0 0 0 0 0 0 0 0 0 0 0 0 0 0 1 1 0 0 0 0 0 0 0 0 0 0 0 0 0 0 0 1 0 1 0 4 0 0 1 0 0 3 2 1 3 1 0 4 2 1 0 1 0 0 0 0 0 0 1 0 0 0 0 0 0 0 1 0 0 0 0 0 0 0 0 0 1 1 0 1 0 1 0 3 5 0 10 0 0 0 0 0 1 0 4 0 4 1 0 0 0 
5 4 2 0 1 2 2 3 3 2 1 2 2 2 1 2 8 2 2 1 1 0 2 2 0 0 1 1 1 11 6 4 14 7 5 10 14 16 12 13 2 5 33 43 35 34 36 25 24 105 4 4 14 6 1 0 4 8 0 1 0 0 0 4 1 0 1 1 0 0 1 1 1 0 8 4 0 3 23 4 6 4 11 22 10 16 27 87 32 0 0 28 9 23 34 43 1 24 13 11 2 5 
