0 0 7 7 3 11 1 7 5 10 4 5 6 9 5 9 9 0 3 2 3 1 0 1 0 0 0 3 3 1 0 3 0 0 0 0 1 2 0 0 0 0 0 0 0 0 0 0 0 1 0 1 0 2 0 0 0 3 0 0 0 0 0 0 1 1 0 1 0 0 0 0 0 0 0 0 0 0 2 0 0 0 0 0 0 0 0 0 0 0 0 0 0 1 1 0 0 0 0 0 0 0 
1 1 9 2 8 33 4 9 12 8 3 24 11 26 10 15 11 4 7 2 2 2 4 3 1 0 0 4 0 1 2 1 6 0 0 0 0 11 0 0 0 0 0 0 0 0 0 0 0 1 0 1 0 1 1 0 0 3 0 1 0 0 1 3 4 4 3 0 0 0 0 0 0 0 1 0 0 0 5 0 0 0 0 0 0 0 0 0 0 0 0 0 0 0 0 0 0 0 0 0 0 0 
2 6 4 10 6 12 10 10 8 9 5 7 9 5 7 19 6 1 8 0 3 2 1 1 3 0 0 2 3 0 0 0 0 0 0 2 0 0 0 0 0 0 0 0 0 0 0 0 0 1 1 0 0 0 0 0 3 0 0 2 0 0 0 1 3 1 0 0 0 0 0 0 0 0 0 1 0 0 5 0 0 0 0 0 0 0 0 1 0 0 0 0 0 0 0 0 0 0 0 0 0 0 
2 4 6 0 0 1 0 0 1 4 0 1 0 0 1 0 2 0 0 0 0 1 0 0 0 0 0 0 0 0 0 0 0 0 0 0 0 1 1 0 0 0 0 0 0 1 0 0 0 0 0 0 0 0 0 0 0 0 0 0 0 0 0 0 0 1 0 0 0 0 1 0 0 0 0 0 0 0 6 0 0 0 0 0 0 0 0 0 0 0 0 0 0 0 0 0 0 0 0 0 0 0 
2 5 7 3 0 1 2 3 0 1 3 1 3 5 3 11 2 0 1 0 0 1 0 4 1 0 0 0 0 0 0 0 1 0 0 0 0 0 0 0 0 0 0 0 1 0 0 0 0 0 0 0 1 1 0 0 0 0 0 0 0 0 1 1 1 0 0 0 0 0 0 0 0 0 0 0 1 0 6 0 0 0 0 0 0 0 0 0 0 0 0 0 0 0 0 0 0 0 0 0 0 0 
11 23 2 13 1 0 4 10 17 7 5 13 17 2 14 21 9 1 4 3 2 4 4 2 2 0 0 2 1 3 1 0 3 1 0 0 1 2 3 6 1 1 1 1 3 1 3 0 1 1 0 0 1 1 0 0 1 1 0 2 1 0 0 0 0 1 0 0 0 0 0 1 0 0 1 1 0 0 8 0 0 1 0 0 0 0 0 2 0 0 0 0 0 0 0 0 0 0 0 0 0 0 
4 10 15 4 3 3 1 5 6 11 3 6 10 7 6 4 8 5 4 3 2 1 2 2 0 0 0 3 2 2 0 0 1 0 1 0 0 0 6 1 1 0 2 0 0 0 0 0 0 3 2 0 1 2 0 1 2 5 0 2 0 0 0 0 3 2 1 1 0 0 1 2 0 0 0 0 0 1 7 0 1 0 0 1 1 0 0 0 0 0 0 0 0 1 0 0 0 2 1 0 0 0 
9 13 17 8 10 11 9 5 6 6 3 18 28 4 16 25 11 8 6 4 2 2 1 5 2 0 1 2 0 1 1 1 2 2 0 1 0 2 7 4 0 0 20 4 1 1 2 1 1 3 1 0 0 2 2 0 2 3 0 0 1 0 0 0 1 1 2 2 0 0 1 1 0 2 1 2 0 2 6 1 2 0 2 0 2 0 0 2 0 0 0 0 2 2 0 0 0 0 0 0 0 0 
22 27 32 7 7 25 9 5 2 1 10 24 7 12 28 13 11 15 2 5 5 5 2 6 0 1 0 8 3 5 0 1 1 3 1 0 0 1 2 9 3 0 0 4 1 6 0 1 2 9 2 0 0 0 0 0 1 3 0 3 0 0 4 0 0 0 1 0 0 0 1 0 0 0 0 0 0 0 3 2 0 0 1 3 0 0 0 4 0 0 0 0 0 0 1 0 0 0 0 0 0 0 
9 13 8 1 3 8 10 1 3 2 3 13 7 8 6 8 8 4 3 3 2 4 2 7 3 0 0 5 0 0 0 2 0 0 0 0 0 1 2 1 1 0 0 1 3 0 0 3 3 1 2 3 4 5 2 3 2 6 0 0 3 0 3 1 2 0 0 2 0 1 1 1 0 0 3 4 0 2 4 0 1 0 0 1 0 1 1 1 0 0 0 0 0 0 0 1 0 0 0 0 0 0 
1 4 3 2 0 5 0 1 3 1 0 1 0 1 3 3 3 5 2 1 4 1 4 5 0 0 0 0 0 0 1 0 0 0 0 0 0 1 1 3 1 0 1 0 0 0 0 1 0 2 1 0 1 0 0 0 0 1 0 0 1 0 0 1 0 0 0 0 0 0 0 0 0 0 0 1 1 1 1 1 0 0 0 0 0 0 0 0 0 0 0 0 0 1 0 0 0 0 0 0 0 0 
4 21 24 1 3 24 18 8 11 8 3 0 4 1 23 11 21 11 13 2 6 18 8 18 1 0 0 20 0 5 2 1 1 0 0 1 1 0 11 10 3 0 1 2 3 4 0 2 1 8 1 1 4 4 1 0 1 2 0 3 3 0 1 0 4 2 0 0 0 0 1 3 0 0 1 2 0 1 3 2 0 0 0 0 0 1 2 2 0 0 0 0 1 0 0 1 0 3 0 0 0 0 
12 13 22 11 8 36 18 29 26 12 8 6 1 12 13 9 23 32 5 6 8 18 10 22 3 1 2 12 2 2 0 5 2 3 0 1 0 1 13 9 1 0 2 8 1 2 1 3 3 7 4 2 1 1 1 0 7 5 0 3 0 0 0 0 0 1 1 1 0 0 0 1 1 0 2 0 0 2 9 0 1 0 0 1 0 0 0 3 2 0 0 1 1 2 0 0 0 1 0 1 0 0 
52 108 102 18 31 285 86 188 149 112 37 106 109 4 9 44 150 62 43 125 104 119 89 224 69 16 48 117 4 0 1 2 3 0 0 0 0 2 1 9 2 0 0 1 3 1 0 0 2 5 9 2 10 16 9 3 16 60 0 16 0 0 0 1 1 2 0 0 0 0 0 0 0 0 33 12 2 24 87 4 0 0 1 0 0 3 0 2 0 0 0 0 0 1 0 1 0 1 0 0 0 0 
12 16 30 7 9 47 17 22 15 11 5 18 14 2 1 6 29 14 11 11 5 18 22 25 11 0 1 14 2 3 0 12 0 1 0 0 0 0 3 7 3 3 0 2 1 2 0 5 1 4 2 7 3 2 0 2 1 10 0 2 0 0 0 1 0 0 0 0 0 0 0 0 0 0 1 1 1 0 0 0 0 0 0 0 0 0 0 2 1 0 0 0 0 0 0 1 0 0 0 0 0 0 
55 79 73 14 47 127 60 124 99 85 77 96 122 36 19 8 122 113 63 105 114 93 125 183 70 17 35 170 8 42 17 42 34 12 21 22 9 4 1 39 20 0 15 13 10 24 6 8 14 44 16 4 7 9 5 1 5 25 0 3 5 0 1 4 8 7 2 3 3 0 5 1 2 3 7 18 1 9 34 0 1 0 0 2 1 2 4 12 5 0 0 3 3 6 4 5 0 4 5 0 0 3 
12 18 16 1 8 25 10 13 19 20 8 20 17 11 20 24 7 12 22 19 33 21 26 32 19 3 1 13 4 14 11 10 5 8 4 3 0 2 7 10 10 2 9 3 2 7 2 8 5 18 5 2 1 1 2 0 3 3 0 2 0 1 0 4 1 0 0 0 0 0 0 0 1 0 3 0 0 1 11 0 0 0 0 0 0 2 1 5 7 0 0 0 0 0 0 2 0 0 0 0 0 0 
8 13 3 1 0 15 6 3 8 13 0 15 8 12 12 10 4 2 3 12 17 5 13 28 7 2 5 25 0 5 0 5 5 3 3 0 0 1 9 13 4 1 1 2 3 9 2 0 4 13 0 3 1 1 2 0 1 2 0 0 0 0 1 1 0 0 0 0 0 0 0 0 0 0 0 1 0 2 4 0 0 0 0 0 1 2 1 7 4 0 0 1 0 0 0 1 1 0 1 0 0 0 
2 19 11 0 3 15 7 8 16 7 6 16 21 18 12 22 30 6 1 8 22 20 32 40 18 9 7 23 0 6 2 9 0 3 4 7 1 3 5 9 7 2 6 4 6 3 5 5 1 21 2 1 3 0 0 1 0 8 0 0 0 0 1 2 1 1 0 0 0 0 0 1 0 0 0 0 0 0 3 0 0 0 0 0 0 3 1 2 2 0 0 1 1 0 0 0 0 0 1 0 0 0 
0 3 2 0 0 5 4 2 1 4 0 5 5 4 3 8 3 1 0 1 2 0 7 6 6 1 14 21 0 3 0 3 0 1 1 1 0 1 3 6 0 0 1 1 1 2 0 0 1 2 0 0 1 0 0 0 1 0 0 1 0 0 0 0 0 0 0 0 0 0 0 0 0 0 0 0 0 0 1 0 0 0 0 0 0 0 0 2 0 0 0 0 0 0 0 0 0 0 0 0 0 0 
3 2 7 0 0 5 2 2 3 2 2 5 15 4 9 20 14 11 12 9 0 5 52 39 17 12 19 37 0 2 0 0 0 2 0 1 0 2 9 5 1 0 0 0 3 3 4 1 0 6 0 0 0 0 1 0 0 0 0 0 0 0 0 0 0 0 0 0 0 0 0 0 0 0 0 0 0 0 1 0 0 0 0 0 0 0 0 2 0 0 0 0 0 0 0 0 0 0 0 0 0 0 
4 5 1 0 0 3 2 1 1 2 3 3 10 0 3 9 6 4 0 2 1 4 4 6 4 2 6 10 0 2 1 0 2 0 0 1 2 6 0 4 2 0 3 0 4 0 0 0 0 0 0 0 0 0 2 1 0 0 0 0 0 0 0 1 0 0 0 0 0 0 0 0 0 0 0 0 0 0 3 0 0 0 0 0 0 0 0 0 0 0 0 0 0 0 0 0 0 0 0 0 0 0 
1 1 0 0 0 3 0 3 2 2 0 2 5 1 6 9 4 3 3 3 4 0 1 6 2 2 4 15 0 0 0 0 2 1 1 0 0 0 1 1 0 0 0 2 1 0 0 0 0 3 0 0 0 2 1 0 0 0 0 0 0 0 0 0 0 0 0 0 0 0 0 0 0 0 0 0 1 0 1 0 0 0 0 0 0 0 1 0 0 0 0 0 0 0 0 1 0 0 0 0 0 0 
1 1 1 0 0 2 2 2 3 0 2 10 4 4 3 9 14 5 4 3 6 7 8 8 3 10 20 39 0 2 0 0 1 2 1 1 0 0 4 1 5 0 2 4 1 1 2 2 0 1 0 0 0 0 0 0 0 0 0 0 0 0 0 0 0 0 0 0 0 0 0 0 0 0 0 0 0 0 2 0 0 0 0 0 0 0 0 0 0 0 0 0 0 0 0 0 0 0 0 0 0 0 
0 1 0 0 0 1 0 3 2 0 0 7 6 3 5 8 9 6 5 1 2 1 2 0 0 2 2 12 0 1 0 3 0 0 1 0 1 1 2 0 0 0 2 1 0 1 4 0 0 0 0 0 0 0 0 0 0 2 0 0 0 0 0 0 0 0 0 0 0 0 0 0 0 0 0 1 0 0 0 0 0 0 0 0 0 0 0 1 0 0 0 0 0 0 0 0 0 1 0 0 0 0 
0 1 0 0 0 0 0 0 0 0 0 0 0 0 0 1 0 0 3 6 0 0 0 4 0 0 0 4 0 0 2 1 0 0 0 0 0 0 0 0 0 0 0 0 0 0 0 0 0 1 0 0 0 0 0 0 0 0 0 0 0 0 0 0 0 0 0 0 0 0 0 0 0 0 0 0 0 0 0 0 0 0 0 0 0 0 0 0 0 0 0 0 0 0 1 0 0 0 0 0 0 0 
0 0 0 0 0 0 0 0 0 0 0 0 0 1 0 2 2 0 0 1 5 1 1 7 0 1 0 3 0 0 0 0 0 0 0 0 0 0 0 0 2 0 0 0 0 0 0 0 0 0 0 0 0 0 0 0 0 0 0 0 0 0 0 0 0 0 0 0 0 0 0 0 0 0 0 0 0 0 0 0 0 0 0 0 0 0 0 0 0 0 0 0 0 0 0 0 0 0 0 0 0 0 
1 2 1 1 1 1 3 2 0 9 2 5 10 7 11 15 13 4 29 12 15 8 4 14 9 9 14 2 0 2 1 3 1 5 0 1 0 12 1 0 0 1 1 1 0 1 0 1 0 0 0 0 0 0 0 0 0 1 0 0 0 0 0 0 0 0 0 0 0 0 0 0 0 0 0 0 0 0 0 0 0 0 0 0 0 0 2 0 0 0 0 0 0 0 0 0 0 0 0 0 0 0 
104 329 653 83 79 185 107 47 66 64 35 31 55 35 46 50 11 18 6 3 7 9 4 12 7 0 0 4 1 3 0 2 0 1 2 1 0 16 3 4 3 0 0 0 0 1 0 0 0 0 0 1 4 3 5 1 1 5 0 2 2 0 0 3 4 1 3 1 0 2 2 0 0 0 0 5 0 5 14 0 0 0 0 0 0 0 0 2 0 0 0 0 0 1 0 0 0 0 0 0 0 0 
0 6 0 0 2 0 12 0 1 2 0 2 2 1 0 2 10 11 3 2 0 1 1 1 0 0 0 3 0 13 33 55 35 13 42 24 37 18 40 24 10 1 11 7 11 6 3 9 11 34 2 0 1 4 1 0 2 3 0 2 3 0 0 4 8 7 0 4 1 0 3 2 0 0 3 0 3 0 10 0 0 0 0 0 0 0 0 10 1 0 0 1 0 0 2 4 0 0 2 0 1 3 
2 1 0 0 0 0 1 6 1 0 0 1 4 0 0 1 3 5 3 2 2 0 8 0 0 0 0 0 0 64 2 28 28 11 16 8 15 15 30 26 4 1 2 8 8 5 8 1 3 12 0 2 0 1 1 0 1 3 0 4 0 0 1 0 6 3 2 2 0 1 6 0 1 0 0 1 0 0 6 0 0 0 0 0 1 2 0 3 1 0 0 4 1 1 1 0 0 0 0 0 0 0 
0 2 1 0 0 0 0 1 1 1 1 1 3 1 0 15 10 3 2 6 1 2 3 4 4 1 0 1 0 46 24 5 19 19 11 12 13 30 35 32 21 3 13 9 12 14 5 6 6 47 0 1 1 2 1 1 5 0 0 6 1 0 1 6 5 6 3 3 1 1 5 2 2 3 1 0 0 2 16 0 0 0 0 1 0 4 2 10 4 0 0 3 1 0 2 7 0 0 1 0 0 1 
9 12 5 5 2 5 10 6 5 4 3 27 8 1 2 14 46 14 9 6 10 4 13 9 10 1 0 18 0 228 69 101 7 39 94 107 92 90 88 166 73 11 88 69 73 114 78 83 63 329 23 20 23 14 13 5 21 39 0 4 5 3 2 16 15 29 10 14 5 12 14 20 4 4 9 4 1 10 64 0 0 0 3 2 3 12 17 91 29 0 0 28 21 22 20 25 1 13 5 2 4 2 
5 5 0 0 0 2 0 0 1 0 0 0 1 0 1 2 9 7 2 2 3 4 6 3 0 0 1 4 0 57 23 23 6 2 10 8 11 22 33 35 13 1 12 17 7 8 1 7 9 33 0 2 3 6 1 3 4 3 0 2 0 1 2 6 4 3 3 10 2 3 4 6 4 5 1 1 0 2 10 0 1 0 1 2 0 5 3 15 12 0 0 4 1 4 2 5 1 0 5 0 0 0 
2 7 10 0 1 5 9 3 4 1 0 2 4 0 0 8 20 8 2 4 5 4 9 14 1 0 1 11 0 122 21 61 33 9 1 14 13 21 35 103 15 8 16 10 19 18 19 26 33 61 1 10 2 4 6 1 2 9 0 8 1 0 2 5 7 14 3 7 0 5 6 4 4 4 2 1 1 5 16 1 0 0 2 1 2 2 1 10 6 0 0 5 5 6 11 14 6 1 7 0 0 1 
0 1 3 0 0 0 2 2 1 1 1 1 0 0 5 4 6 10 1 3 2 11 6 3 1 0 0 2 1 57 20 43 21 9 7 2 11 28 41 29 15 4 10 8 4 15 6 16 7 33 0 0 2 0 0 0 0 1 0 0 0 0 1 2 3 3 3 5 0 1 3 2 0 2 0 0 1 1 1 0 0 0 0 0 0 0 0 16 2 0 0 4 3 2 0 2 0 2 2 0 0 1 
2 1 5 2 0 2 0 3 0 3 0 0 1 0 0 26 15 9 5 7 14 12 1 7 1 0 2 11 0 354 111 324 52 62 66 63 7 139 240 477 112 22 41 59 62 65 57 46 40 126 1 5 2 7 3 0 1 4 0 1 0 0 7 21 40 27 14 17 12 19 39 12 4 6 3 3 4 2 3 0 1 0 1 0 2 11 20 38 58 0 0 25 13 22 20 29 2 21 24 6 14 5 
0 3 0 0 3 4 1 6 6 6 1 5 13 2 2 3 11 5 2 10 0 4 12 5 5 1 4 7 0 163 39 131 60 55 105 49 19 6 24 124 63 12 31 26 28 34 19 21 33 85 2 1 1 1 1 2 1 6 0 1 1 1 7 16 16 6 2 14 0 4 21 8 2 7 0 0 1 2 8 0 0 0 1 3 2 7 0 52 23 0 0 10 8 14 22 13 2 3 13 4 1 1 
17 36 41 13 27 101 49 68 82 54 26 97 42 21 6 10 97 79 31 84 73 73 77 89 37 7 20 84 2 313 121 432 160 155 177 184 153 86 17 657 265 27 83 106 113 161 131 114 108 309 14 7 5 10 7 8 16 30 0 3 11 1 6 41 55 62 5 31 19 19 32 25 8 12 13 7 1 14 40 3 11 4 19 20 8 38 44 142 56 0 0 33 18 33 55 62 7 43 26 15 5 11 
2 5 3 20 4 11 6 10 23 4 3 12 9 7 2 15 15 8 7 12 5 3 5 5 1 0 1 14 0 55 16 36 18 23 44 16 32 41 97 6 16 8 23 16 17 29 23 33 43 91 2 4 2 3 0 0 0 5 0 2 2 0 3 3 5 4 3 3 2 0 2 3 0 1 5 0 1 5 19 6 8 1 2 2 7 3 4 7 9 0 0 22 13 5 3 13 1 3 4 0 0 0 
0 5 2 0 1 5 1 2 3 3 0 2 6 1 2 1 13 2 1 4 2 6 3 0 5 0 0 3 0 16 6 24 20 13 10 13 8 17 23 11 4 5 11 16 18 23 10 29 21 64 2 0 2 0 0 1 1 1 0 0 0 0 0 1 2 2 0 0 0 0 1 0 1 2 1 1 1 2 6 1 4 1 2 5 1 4 5 5 2 0 0 7 3 8 2 7 0 12 2 0 0 0 
0 0 0 0 0 2 1 1 1 0 0 2 1 0 3 0 1 1 1 2 0 1 1 1 1 0 0 0 0 3 3 4 2 5 8 3 5 7 1 8 1 0 3 2 3 7 1 2 4 22 0 0 0 0 0 0 0 2 0 0 0 0 0 1 1 0 0 0 0 1 1 0 0 0 0 2 0 0 1 1 1 0 2 3 2 5 2 4 5 0 0 3 0 2 4 4 0 3 0 0 0 2 
1 7 4 1 1 8 5 2 6 2 1 8 6 3 3 4 11 8 0 5 2 7 1 2 0 0 0 1 0 29 9 35 17 10 15 21 26 24 28 35 30 7 8 13 31 23 27 45 45 84 2 0 2 2 0 1 1 2 0 1 0 0 1 7 4 2 0 13 2 0 3 1 0 0 5 1 0 5 14 11 15 7 10 20 14 17 15 56 22 0 0 5 16 25 11 43 4 22 18 4 1 8 
10 2 0 0 0 2 4 7 3 16 2 1 9 1 0 6 5 16 3 4 5 2 5 18 4 0 0 9 1 26 6 24 10 13 18 14 15 78 79 37 28 17 9 2 31 77 37 88 110 135 4 2 2 5 1 0 6 7 0 0 2 0 0 2 7 2 0 1 3 0 0 4 0 0 8 3 0 12 25 20 23 5 22 34 29 64 53 86 39 0 0 32 18 39 12 93 8 45 46 8 11 2 
2 1 5 1 1 15 1 3 0 3 2 5 3 3 3 4 15 21 5 2 14 12 9 8 3 1 0 4 2 24 4 25 8 17 7 10 19 33 92 88 46 14 20 25 2 24 26 100 129 125 3 1 0 0 0 0 2 4 0 0 0 0 0 5 6 0 1 4 0 0 1 1 0 1 5 0 3 12 10 11 1 11 24 12 28 52 17 49 16 0 0 31 8 30 17 38 0 37 35 11 9 8 
3 5 4 8 0 16 10 5 12 7 5 15 12 6 11 11 31 26 11 12 10 16 6 32 8 0 4 21 0 57 11 55 42 40 45 32 73 125 136 241 139 24 74 130 91 8 86 362 385 529 2 1 6 2 1 2 6 5 0 0 0 1 0 8 22 4 2 2 0 1 5 3 4 0 14 5 0 17 30 24 23 22 43 38 62 121 47 222 90 0 0 28 27 77 28 73 7 106 79 16 16 16 
2 5 1 1 0 4 1 1 1 2 1 2 0 2 0 1 12 1 0 5 4 0 2 2 0 0 0 2 0 13 4 20 22 9 6 4 14 8 25 18 9 5 5 19 19 10 0 64 43 78 0 1 2 0 0 0 0 3 0 0 0 0 0 4 3 6 1 1 0 0 2 2 0 0 0 2 0 2 4 4 5 0 3 6 12 13 5 56 6 0 0 4 9 6 6 7 0 9 0 5 2 3 
0 1 4 0 0 0 5 2 2 0 0 5 1 0 1 0 13 6 0 1 2 0 0 1 2 0 0 4 0 14 1 16 18 17 7 7 11 18 22 16 15 8 11 20 21 53 27 3 82 110 2 1 1 1 1 0 0 2 0 0 0 0 0 1 3 2 1 0 0 0 1 0 1 0 8 0 1 3 6 4 1 4 3 4 5 12 12 55 6 0 0 10 5 9 5 9 4 9 4 1 0 2 
0 3 0 0 1 0 1 2 0 2 0 0 2 1 0 5 2 4 2 1 1 4 0 2 0 0 0 2 1 9 1 10 15 11 5 2 14 11 17 26 11 3 10 20 11 23 27 22 4 52 0 1 0 0 0 0 2 0 0 0 0 0 0 2 0 0 1 2 0 0 0 0 0 0 1 0 2 1 1 3 1 1 2 1 2 1 6 47 4 0 0 8 1 12 5 9 0 10 5 0 0 1 
11 18 10 1 6 17 10 12 7 8 4 13 21 2 13 17 45 28 17 8 17 9 13 23 6 1 4 11 0 79 48 95 144 93 57 61 86 141 160 197 98 25 102 138 231 267 172 718 898 14 1 0 4 0 0 0 0 3 0 1 0 0 0 14 0 0 0 1 0 0 0 0 1 1 11 5 7 14 79 28 19 26 34 22 30 59 40 315 61 0 0 49 24 45 54 67 11 66 48 3 11 20 
0 0 0 0 0 1 0 0 1 9 0 0 2 0 0 1 3 0 0 0 0 0 0 1 0 0 0 0 0 0 0 0 5 3 0 0 0 0 0 0 0 0 0 2 0 0 0 1 0 1 1 2 5 11 4 2 1 6 0 2 3 1 0 0 9 2 1 1 2 1 1 1 0 1 4 1 0 0 20 0 1 1 9 0 0 0 1 3 2 0 0 0 0 0 1 0 0 0 1 0 0 0 
0 0 1 0 0 2 0 0 0 2 0 2 0 0 0 2 0 0 0 0 0 0 0 0 3 0 0 0 0 0 0 1 0 3 0 0 0 0 0 0 0 0 1 2 0 0 0 2 0 1 4 5 4 9 3 0 6 3 0 1 1 2 0 0 8 2 1 0 0 0 5 2 2 0 3 0 0 2 17 1 1 1 2 7 1 0 1 8 3 0 0 2 0 0 0 0 1 0 0 0 0 0 
0 1 1 0 0 3 2 4 2 5 3 2 7 9 3 2 2 2 1 0 0 0 1 2 1 0 0 0 0 4 1 1 3 11 0 0 0 2 0 0 0 0 2 7 0 0 1 1 0 3 84 35 2 8 28 7 10 41 0 6 2 0 1 2 5 6 4 11 2 2 3 1 0 3 11 8 1 25 102 6 6 0 7 8 11 0 2 6 8 0 0 0 0 1 0 0 2 1 0 0 0 0 
0 0 1 0 1 0 0 2 0 0 2 2 2 0 0 0 4 3 0 0 0 1 0 1 0 0 0 0 0 2 0 1 0 10 0 0 0 0 0 0 0 0 1 1 1 0 2 1 0 2 2 2 0 2 4 2 5 8 0 4 0 2 0 1 1 2 2 2 0 3 1 0 0 0 1 2 1 3 18 2 3 2 2 2 18 1 0 8 2 0 0 0 0 1 0 0 0 1 0 0 0 0 
1 0 0 0 0 1 1 0 8 0 0 2 2 0 0 0 0 0 0 0 0 0 0 0 0 0 0 0 0 0 0 0 1 1 0 0 0 0 0 0 0 0 0 1 0 0 0 0 0 0 6 1 2 0 0 1 2 3 0 2 0 0 0 0 1 2 0 0 0 1 0 1 1 1 0 1 0 5 3 0 0 1 0 1 0 2 0 2 0 0 0 0 0 0 1 0 0 0 0 1 0 0 
0 0 0 0 0 0 0 0 0 0 1 1 0 0 0 0 1 0 0 0 0 0 0 0 0 0 0 0 0 0 2 0 1 2 0 0 0 0 0 0 0 0 0 2 0 0 0 0 0 0 0 0 2 0 0 0 0 0 0 4 0 0 0 0 1 1 0 1 0 2 0 0 0 1 1 2 0 1 2 0 0 0 0 0 1 1 0 0 0 0 0 0 0 2 0 0 0 0 0 0 0 0 
0 1 1 0 0 1 1 1 1 0 0 1 4 0 2 2 0 0 0 0 0 0 0 0 0 0 0 1 0 1 1 1 0 3 1 1 0 0 0 0 0 0 0 0 1 4 0 0 0 2 7 4 1 4 4 0 2 0 0 3 0 0 0 2 0 1 2 2 0 2 0 0 0 1 2 3 1 3 7 3 3 1 1 6 2 0 0 4 2 0 0 0 0 0 1 2 0 0 0 0 0 0 
2 1 2 0 0 4 3 3 1 1 2 1 3 2 4 3 1 1 0 0 0 1 0 1 1 0 0 1 0 2 0 9 2 3 0 0 0 0 0 0 0 0 0 2 0 2 2 0 0 2 23 9 11 13 5 3 2 0 0 9 2 0 1 2 6 4 7 1 1 2 4 3 0 0 3 4 2 8 21 6 9 3 6 8 7 6 3 6 3 0 0 2 0 1 0 3 0 1 0 0 0 0 
0 0 0 0 0 0 0 0 0 0 0 0 0 0 0 0 0 0 0 0 0 0 0 0 0 0 0 0 0 0 0 0 0 0 0 0 0 0 0 0 0 0 0 0 0 0 0 0 0 0 0 0 0 0 0 0 0 0 0 0 0 0 0 0 0 0 0 0 0 0 0 0 0 0 0 0 0 0 0 0 0 0 0 0 0 0 0 0 0 0 0 0 0 0 0 0 0 0 0 0 0 0 
4 9 1 4 0 8 1 1 0 2 1 2 5 1 4 14 3 3 1 1 0 2 2 3 1 0 0 1 0 2 3 11 2 2 1 0 0 0 1 3 0 0 0 3 1 0 0 0 1 4 9 13 7 4 2 4 10 14 0 0 1 0 6 3 24 11 3 2 2 3 8 8 0 4 14 4 0 2 16 3 7 2 7 13 3 4 0 8 2 0 0 3 1 1 0 1 1 1 0 0 0 0 
1 0 0 0 0 2 4 2 1 0 0 1 2 1 1 0 0 0 0 0 0 0 0 0 0 0 0 0 0 1 0 2 0 0 0 0 0 0 0 1 1 0 1 2 0 0 0 1 0 1 4 3 1 2 0 2 1 2 0 6 1 0 0 0 6 1 5 0 0 1 0 1 1 0 2 0 0 0 1 1 0 0 4 2 0 1 0 5 0 0 0 0 0 2 0 1 0 0 0 0 0 0 
3 3 5 0 0 0 5 0 1 2 0 0 0 2 3 4 0 0 0 0 0 0 0 1 1 0 0 0 0 3 5 11 0 4 11 3 0 7 6 3 4 0 1 0 1 1 2 2 8 3 8 4 5 7 2 0 3 10 0 4 9 0 0 34 9 17 3 6 0 16 5 7 2 4 0 0 0 13 17 0 9 1 0 4 0 3 0 1 3 0 0 0 1 0 0 1 0 0 0 0 0 0 
0 1 1 0 0 0 0 0 1 0 2 0 0 0 0 0 0 0 0 0 0 0 0 0 0 0 0 0 0 1 0 0 0 0 0 2 0 0 0 0 0 0 2 0 0 0 0 0 0 0 0 0 1 2 0 2 0 2 0 2 2 0 1 0 2 2 2 2 1 1 1 1 0 0 1 1 1 0 1 0 1 0 0 1 0 0 0 0 0 0 0 0 0 0 0 0 0 0 0 0 0 0 
0 6 2 0 4 3 6 3 2 2 9 4 0 0 0 3 7 2 2 0 0 5 2 2 0 0 1 1 5 9 3 3 2 0 3 6 8 13 9 9 6 2 1 2 11 1 3 3 13 15 10 2 23 5 2 4 2 9 0 16 5 0 1 0 9 21 2 13 4 10 37 36 10 18 4 1 3 5 49 8 6 5 6 0 1 0 0 6 0 0 0 5 2 0 0 3 0 0 5 0 0 0 
1 5 1 0 0 5 0 2 2 1 0 4 0 0 0 1 0 0 0 0 0 0 0 0 1 0 0 0 0 5 6 1 0 1 0 1 0 4 2 2 2 2 0 1 0 4 0 0 1 4 1 1 1 4 3 0 4 9 0 6 2 5 0 1 0 5 2 4 3 8 14 14 12 5 1 3 2 2 8 2 1 0 2 0 0 1 0 1 1 0 0 0 0 1 0 6 0 0 0 0 0 0 
2 0 2 0 3 1 0 3 1 0 1 0 2 0 0 1 0 0 0 0 0 0 0 0 0 0 0 0 0 14 9 12 0 1 1 1 5 4 2 6 1 0 3 3 1 3 7 1 6 9 7 1 6 4 3 3 5 7 0 16 2 0 6 7 2 5 0 8 3 10 16 19 5 12 4 1 0 2 17 3 0 1 0 0 0 0 0 1 0 0 0 1 0 0 0 0 0 0 0 0 0 0 
0 0 1 0 0 2 0 1 0 0 0 0 0 0 0 0 0 1 0 0 0 0 0 0 0 0 0 0 0 2 0 0 2 1 0 0 0 0 0 1 0 0 0 0 1 2 0 5 1 3 2 1 2 2 0 0 3 2 0 2 2 0 3 3 1 1 1 1 5 2 4 2 3 0 0 1 0 0 2 0 0 0 0 0 0 0 0 1 0 0 0 0 0 0 0 0 0 0 0 0 0 0 
1 0 0 1 1 0 0 0 0 0 1 0 1 0 0 0 0 0 0 0 0 0 0 0 0 0 0 0 0 1 0 2 0 3 0 0 0 1 3 1 6 0 0 0 0 1 0 1 0 2 6 2 4 12 2 0 4 2 0 4 0 0 2 2 12 7 5 1 0 1 7 12 4 8 1 1 0 1 7 0 0 0 0 0 0 0 0 0 0 0 0 0 0 1 0 0 0 0 0 0 0 0 
0 0 1 0 0 1 0 2 0 0 0 0 0 0 0 0 0 0 0 0 0 0 0 0 0 0 0 0 0 0 0 0 0 3 0 1 3 0 0 0 0 0 0 0 0 0 0 0 0 1 0 1 0 0 0 0 1 0 0 2 0 0 2 0 6 3 9 0 0 2 11 6 4 3 0 3 1 0 7 0 0 0 0 0 0 0 0 0 0 0 0 0 0 0 0 0 0 0 0 0 0 0 
0 0 0 0 0 0 3 0 0 0 0 0 0 0 0 0 0 0 0 0 0 0 0 0 0 0 0 0 0 2 2 4 1 2 0 0 0 0 0 1 0 0 0 1 0 1 0 0 0 0 2 2 3 2 3 0 2 4 0 4 2 0 1 3 2 8 4 1 2 0 6 10 8 2 0 0 0 0 10 0 0 0 0 0 0 0 0 0 0 0 0 0 0 0 0 0 0 0 0 0 0 0 
0 1 0 0 0 1 2 1 1 0 0 0 1 0 0 0 0 0 0 0 0 0 0 0 0 0 0 0 0 5 0 3 2 13 3 0 0 0 0 1 2 0 0 3 0 3 0 1 0 0 2 0 0 2 2 0 0 1 0 1 1 2 0 7 4 12 2 8 2 5 1 6 3 3 1 0 0 1 7 0 0 0 0 0 0 0 0 0 0 0 0 0 0 0 0 0 0 0 0 0 0 0 
0 0 3 0 0 1 0 1 0 1 0 0 1 1 0 0 0 0 0 0 0 0 0 0 0 0 0 0 0 13 0 1 2 23 1 1 1 0 0 2 0 0 0 0 1 2 0 0 0 3 5 3 1 1 2 0 0 3 0 5 1 0 1 5 10 12 3 11 4 9 36 2 7 12 1 0 0 0 24 0 0 0 0 0 0 0 0 2 0 0 0 0 0 0 0 0 0 0 0 0 0 0 
0 0 0 0 0 0 0 0 0 0 0 1 0 0 0 0 0 0 0 0 0 0 0 0 0 0 0 0 0 0 1 0 0 4 0 0 0 0 0 0 0 0 0 0 1 0 0 0 0 0 0 0 0 1 0 2 3 2 0 1 1 0 0 0 4 12 3 6 0 8 1 3 0 5 0 0 0 2 11 0 0 0 0 0 0 0 0 0 0 0 0 0 0 0 0 0 0 0 0 0 0 0 
0 0 0 0 0 0 0 2 0 0 0 0 0 0 0 0 0 0 0 0 0 0 0 0 0 0 0 0 0 1 0 1 1 5 0 0 0 0 0 0 0 0 0 0 0 0 0 0 0 0 4 2 1 7 1 0 1 2 0 6 1 0 0 7 3 9 4 5 1 8 8 15 3 1 1 1 0 4 8 0 0 0 0 0 0 0 0 0 0 0 0 0 0 0 0 0 0 0 0 0 0 0 
0 0 0 0 1 0 0 0 1 3 0 0 0 1 0 1 1 0 0 0 0 0 0 0 0 0 0 0 0 0 0 0 0 6 0 0 0 0 0 0 0 0 0 5 0 2 1 1 0 1 6 1 1 1 0 0 2 2 0 2 0 0 1 2 0 0 0 0 0 0 0 0 0 1 1 2 2 5 12 7 5 0 0 16 3 3 2 9 0 0 0 1 0 0 2 1 0 0 3 0 0 0 
0 0 0 0 0 0 0 0 0 0 0 1 3 0 1 0 0 0 0 0 0 0 0 0 0 0 0 0 0 0 0 0 1 0 0 0 0 0 0 0 0 0 1 2 0 0 2 1 1 1 2 1 0 1 0 1 0 0 0 0 0 0 2 0 0 1 1 0 1 0 0 0 0 0 5 1 2 3 7 7 1 0 2 5 1 1 3 5 0 0 0 1 0 1 1 2 0 1 2 1 0 0 
0 0 0 0 0 0 0 1 0 0 0 0 0 0 0 0 0 0 0 0 0 0 0 0 0 0 0 0 0 0 0 0 0 1 0 0 0 0 0 0 0 0 0 4 0 0 0 0 0 0 0 0 0 0 0 0 0 0 0 0 0 0 1 0 0 0 0 0 0 0 0 1 0 0 0 1 0 4 3 0 0 0 5 1 1 1 1 2 0 0 0 0 0 0 0 0 0 0 0 0 0 0 
1 1 0 0 0 1 0 0 2 0 1 0 1 0 2 1 0 1 0 0 0 0 0 1 0 0 0 2 0 1 1 0 0 1 0 0 0 0 0 0 0 0 4 3 0 6 0 0 0 5 3 0 7 3 1 0 2 4 0 0 0 1 0 0 2 7 0 2 1 0 2 0 1 0 3 7 5 1 6 6 4 1 1 12 10 3 3 12 3 0 0 1 3 3 0 1 0 3 1 0 1 0 
4 12 11 2 7 18 13 13 11 13 20 5 8 5 12 7 6 2 2 2 4 1 4 2 0 0 1 3 0 6 2 14 5 12 0 0 1 0 1 2 0 0 7 11 7 2 5 7 8 17 65 32 36 35 29 27 39 29 0 21 11 8 7 7 31 21 13 5 4 11 10 12 7 10 124 127 51 49 9 52 49 18 76 79 24 20 15 34 25 0 0 8 2 15 5 8 2 12 2 0 1 1 
0 0 1 0 2 1 2 0 0 0 1 2 1 1 0 1 0 0 0 0 0 0 0 1 1 0 0 2 0 1 0 0 0 0 0 0 0 0 0 0 0 0 2 6 0 3 2 1 0 2 4 0 1 5 6 0 1 4 0 2 0 1 0 0 0 4 0 3 0 0 0 0 0 0 1 15 5 6 6 0 4 3 4 25 9 8 0 8 2 0 0 1 0 0 3 2 0 2 1 1 0 1 
0 1 1 0 0 2 0 0 0 0 1 0 0 0 0 0 1 0 1 0 0 0 0 0 0 0 0 0 0 0 0 0 0 0 0 0 0 0 1 0 0 0 5 1 1 3 2 1 2 5 0 1 1 5 0 0 1 1 0 0 0 0 0 2 2 0 1 0 0 1 0 0 0 0 12 3 1 8 20 0 1 0 0 12 5 5 0 2 2 0 0 2 1 3 2 0 0 0 4 0 0 1 
0 0 0 0 0 0 0 0 0 0 0 0 0 0 0 0 0 0 0 0 0 0 0 0 0 0 0 0 0 0 0 0 0 0 0 0 0 0 0 0 0 0 2 1 1 0 1 1 0 7 1 2 0 0 0 0 0 2 0 0 1 0 0 0 0 1 0 0 0 0 0 0 0 0 4 1 1 1 1 1 2 1 2 4 6 1 2 9 0 0 0 2 4 0 1 3 0 2 3 0 0 0 
0 0 0 0 0 1 2 0 0 0 1 0 0 0 0 0 0 0 0 0 0 0 0 0 0 0 0 0 0 1 1 0 1 1 0 0 0 0 0 1 0 0 1 4 1 5 0 2 2 7 2 5 2 1 0 0 1 1 0 4 0 0 0 0 1 1 0 0 0 0 0 0 0 0 0 3 2 6 13 8 5 3 0 6 2 6 1 26 1 0 0 2 3 1 2 3 0 1 2 0 2 0 
0 0 1 0 1 3 1 2 4 5 0 0 0 0 0 1 0 0 2 0 0 2 0 0 0 0 0 0 0 1 0 1 4 1 0 1 1 0 1 7 2 3 11 24 7 21 14 7 8 28 7 1 11 7 3 4 9 15 0 5 1 0 1 2 0 6 0 0 0 0 1 1 2 1 18 16 7 57 76 62 49 12 70 7 33 31 23 65 14 0 0 9 5 12 10 16 0 14 13 4 2 3 
0 0 3 0 1 0 2 0 2 1 0 0 0 0 0 0 0 0 0 0 0 0 0 0 0 0 0 0 0 1 1 0 1 4 0 0 0 1 0 6 0 0 6 10 1 3 5 0 4 4 1 2 2 1 0 0 7 4 0 1 1 0 0 0 0 0 1 1 0 1 0 3 1 0 7 6 0 6 12 9 8 5 22 9 1 19 12 19 9 0 0 5 3 8 1 3 1 6 4 1 0 1 
0 2 0 0 0 1 2 1 3 2 0 1 2 0 0 2 4 0 1 0 0 1 0 1 1 0 0 0 0 3 1 2 2 1 2 2 4 3 12 0 4 2 8 14 14 17 9 12 9 30 4 4 6 9 5 2 1 7 0 2 0 0 0 0 2 1 1 0 0 0 0 1 0 0 7 6 1 8 20 16 18 8 10 22 28 1 2 24 11 0 0 19 8 9 9 30 1 19 8 1 3 5 
0 0 0 1 0 0 0 0 0 0 0 0 0 1 0 2 1 1 0 3 0 0 0 0 0 0 0 0 0 4 1 2 3 4 0 4 2 2 4 2 4 2 5 2 5 12 1 10 15 16 1 0 1 2 0 0 1 3 0 1 0 1 0 1 1 1 0 1 0 1 0 0 0 1 2 3 0 4 19 10 10 6 6 13 10 4 1 7 18 0 0 10 3 12 3 9 0 10 3 1 0 4 
1 6 5 1 0 2 4 1 0 1 0 1 1 0 1 3 6 3 2 3 1 2 3 7 1 0 0 7 0 20 9 23 17 11 14 9 8 13 28 3 7 5 18 16 13 64 43 30 32 179 9 3 16 8 2 2 6 9 0 7 1 0 0 4 2 1 2 1 1 0 3 0 1 0 14 19 2 14 34 16 19 7 14 33 19 20 14 5 9 0 0 17 9 19 22 25 3 26 15 4 13 15 
0 1 0 0 0 0 0 2 0 0 1 0 0 0 2 3 3 2 0 1 0 0 1 0 0 0 0 0 0 3 1 5 3 2 2 0 2 2 7 4 2 1 5 2 3 3 0 5 3 7 0 1 1 2 0 0 0 6 0 1 2 0 0 0 0 0 0 0 0 1 0 1 0 0 0 1 1 2 3 4 3 8 7 6 3 6 5 13 4 0 0 4 3 15 4 10 1 4 3 0 1 3 
0 0 0 0 0 0 0 0 0 0 0 0 0 0 0 0 0 0 0 0 0 0 0 0 0 0 0 0 0 0 0 0 0 0 0 0 0 0 0 0 0 0 0 0 0 0 0 0 0 0 0 0 0 0 0 0 0 0 0 0 0 0 0 0 0 0 0 0 0 0 0 0 0 0 0 0 0 0 0 0 0 0 0 1 0 0 0 1 0 0 0 0 0 0 0 0 0 0 0 0 0 0 
0 0 0 0 0 0 0 0 0 0 0 0 0 0 0 0 0 0 0 0 0 0 0 0 0 0 0 0 0 0 0 0 0 0 0 0 0 0 0 0 0 0 0 0 0 0 0 0 0 0 0 0 0 0 0 0 0 0 0 0 0 0 0 0 0 0 0 0 0 0 0 0 0 0 0 0 0 0 0 0 0 0 0 0 0 0 0 0 0 0 0 0 0 0 0 0 0 0 0 0 0 0 
1 8 6 1 1 4 7 4 6 19 2 5 14 9 6 13 13 4 0 7 3 7 4 7 2 0 0 8 1 37 11 46 19 34 33 27 59 86 132 121 80 33 113 131 67 125 89 114 194 201 4 1 7 4 0 1 10 22 0 0 0 0 0 14 5 2 0 0 0 1 2 0 3 1 14 10 0 26 81 44 48 18 64 63 73 160 78 288 123 0 0 7 57 111 63 539 61 221 123 42 40 40 
0 0 0 0 0 0 0 0 0 0 3 0 0 0 0 0 0 1 0 0 1 0 0 0 0 1 0 0 0 2 0 2 4 0 2 0 0 4 4 3 4 1 5 8 2 3 1 9 9 9 0 0 2 0 0 0 0 0 0 0 0 0 0 0 0 0 0 0 0 0 0 0 0 0 0 0 0 2 4 6 2 4 1 1 6 9 8 15 10 0 0 3 1 1 0 9 1 4 1 0 0 0 
0 0 0 0 1 1 0 0 0 0 0 0 0 0 4 0 3 0 0 0 0 1 0 2 0 0 0 0 0 3 0 3 1 5 5 3 6 7 9 4 4 0 4 8 6 4 6 8 18 17 0 1 3 2 0 0 2 1 0 0 0 0 0 0 0 0 0 0 0 0 0 0 0 0 3 3 1 7 8 8 6 5 7 7 11 31 14 18 14 0 0 9 3 3 3 30 3 4 3 7 0 8 
0 1 0 0 0 0 0 0 0 0 0 0 1 0 1 0 0 0 0 0 0 0 0 0 0 0 0 0 0 0 0 1 4 6 2 2 0 1 4 5 7 2 9 12 4 7 5 9 14 19 0 1 1 0 0 0 4 1 0 0 0 0 0 0 0 0 0 0 0 0 0 0 0 0 1 0 0 4 5 3 0 0 2 7 6 14 5 20 6 0 0 7 0 1 1 10 0 18 1 2 5 8 
0 1 0 0 0 0 0 0 0 0 0 1 3 0 0 0 0 0 0 0 0 0 0 0 0 0 0 1 0 7 0 3 4 1 3 0 1 6 9 10 2 3 7 4 6 11 6 9 10 15 2 0 0 0 1 0 1 0 0 0 0 0 0 2 0 0 0 0 0 0 0 0 0 0 3 1 0 1 7 0 4 4 4 6 8 8 6 30 10 0 0 7 20 23 3 2 0 13 7 6 4 7 
0 0 0 0 0 0 0 0 0 0 0 0 0 0 0 0 0 0 0 0 0 0 0 0 0 0 0 0 0 0 0 0 0 1 0 1 0 0 1 0 0 0 0 0 3 0 0 0 0 1 2 0 0 0 1 0 0 0 0 0 0 0 0 0 0 0 0 0 0 0 0 0 0 0 0 0 0 1 2 0 0 0 0 1 1 0 0 6 1 0 0 0 0 0 0 0 0 0 2 0 1 0 
0 0 0 0 0 0 0 0 0 0 0 0 0 0 0 3 0 0 0 1 0 0 0 0 0 0 0 0 0 4 0 0 0 1 0 1 0 3 5 0 3 0 15 3 0 3 1 2 6 11 1 0 0 0 0 0 0 0 0 0 0 0 0 0 0 0 0 0 0 0 0 0 0 0 0 0 1 2 10 2 2 0 2 2 4 4 1 28 6 0 0 9 2 0 1 4 0 5 0 2 3 3 
0 0 0 0 0 0 0 0 0 0 0 1 0 0 0 2 0 2 0 0 0 0 0 0 0 0 0 0 0 3 1 0 1 1 4 0 2 4 4 0 0 0 6 2 1 0 2 1 1 19 0 0 0 0 0 0 0 0 0 0 0 0 0 0 0 0 0 0 0 0 0 0 0 0 1 1 0 1 7 3 6 3 4 3 3 4 4 16 6 0 0 2 1 4 3 1 0 3 0 1 1 2 
0 0 0 0 0 0 0 0 0 0 0 0 0 0 0 0 0 0 0 0 0 0 0 0 0 0 0 0 0 0 0 0 1 0 0 0 0 1 0 0 0 0 1 0 2 1 0 1 0 1 0 0 0 0 0 0 0 0 0 0 0 0 0 0 0 0 0 0 0 0 0 0 0 0 0 0 0 0 0 0 0 0 0 0 0 0 0 4 0 0 0 0 1 0 0 0 0 0 1 0 0 0 
0 0 0 0 0 0 0 0 0 0 0 0 0 0 0 1 0 0 0 0 0 0 0 0 0 0 0 0 0 0 0 0 0 0 0 0 0 0 1 1 0 1 3 0 3 1 0 1 3 1 0 0 0 0 0 0 0 0 0 0 0 0 0 0 0 0 0 0 0 0 0 0 0 0 0 0 0 0 6 0 0 0 1 1 1 0 1 0 1 0 0 1 0 5 0 2 0 0 0 0 0 0 
1 0 1 0 0 0 0 0 0 0 0 0 0 0 0 1 0 0 0 0 0 0 0 1 0 0 0 0 0 1 2 3 2 4 3 2 2 2 6 6 1 0 105 55 24 35 32 33 22 91 0 0 0 0 0 1 0 0 0 0 0 0 0 0 0 0 0 0 0 0 0 0 0 0 16 9 0 8 67 21 8 14 18 48 25 30 15 101 49 0 0 46 16 52 45 49 9 40 15 4 2 6 
