4 14 21 6 17 49 35 36 28 31 8 33 32 40 42 73 26 17 15 18 14 21 16 13 7 4 0 12 72 2 2 5 6 2 9 2 3 1 20 17 22 2 1 4 10 10 10 4 10 47 4 5 6 4 0 1 3 10 0 2 3 1 3 2 17 12 6 8 0 2 1 6 2 4 1 3 0 3 12 1 2 1 7 5 1 2 1 30 8 0 0 2 5 5 2 2 0 1 5 0 0 3 
10 4 12 9 13 56 37 29 47 20 15 48 46 31 31 54 27 13 25 14 16 22 7 31 9 2 1 22 72 2 1 3 7 1 7 9 5 2 18 24 18 4 2 8 6 9 3 10 7 47 11 10 10 10 4 0 4 10 0 3 2 3 2 6 8 9 3 5 6 1 8 5 2 5 2 1 1 6 22 1 9 2 2 2 3 6 2 29 3 0 0 3 0 7 2 5 1 0 1 0 1 4 
39 24 10 8 8 79 33 51 68 24 16 50 50 47 86 58 28 24 31 11 28 27 8 20 6 2 3 43 95 2 1 6 5 5 5 2 2 5 22 17 13 1 3 8 6 16 9 11 4 47 10 2 5 10 2 1 3 16 0 0 2 0 0 3 3 6 2 1 2 2 6 2 1 2 0 4 0 5 15 1 0 3 3 12 2 5 1 14 3 0 0 3 0 1 0 0 0 3 4 0 0 8 
5 11 4 2 1 12 12 1 11 4 4 10 3 11 3 6 2 3 5 2 2 4 0 3 0 1 2 6 14 0 0 0 1 0 1 0 0 0 0 4 2 0 0 0 0 1 1 1 1 4 0 0 1 0 0 1 0 1 0 0 0 0 1 0 0 2 0 0 1 0 0 1 0 1 0 0 0 0 1 0 0 0 0 0 0 3 0 6 1 0 0 0 0 0 0 0 0 0 0 0 0 0 
7 19 9 2 3 13 16 4 3 14 3 17 15 9 18 26 10 14 9 2 5 10 1 6 5 0 4 12 31 1 1 1 2 1 0 0 0 1 6 3 3 1 1 5 2 0 5 1 2 14 0 1 2 2 1 1 3 3 0 1 0 0 0 1 3 0 0 1 0 0 3 0 0 1 3 1 0 3 10 5 0 2 0 0 3 1 2 5 1 0 0 0 0 0 0 2 1 0 0 0 0 0 
33 38 33 22 4 6 10 17 19 29 16 54 45 46 43 62 26 24 17 18 21 21 8 28 12 0 2 16 50 7 3 3 2 1 1 0 0 7 16 26 11 1 11 5 7 7 3 8 9 39 8 8 14 11 12 0 8 17 0 1 3 0 1 4 2 9 1 7 1 3 6 3 1 3 7 1 1 0 18 1 0 2 1 3 8 4 3 19 4 0 0 8 0 0 1 0 0 4 1 1 0 1 
18 25 19 15 5 13 4 9 19 16 7 22 44 30 21 57 17 6 16 5 7 7 9 4 3 0 4 4 52 2 4 3 6 0 2 0 0 2 30 7 2 2 2 3 5 3 4 3 3 9 3 3 18 5 0 0 3 2 0 1 1 1 1 1 12 7 4 1 0 0 4 4 0 1 2 0 0 5 11 1 2 0 0 3 3 2 1 11 2 0 0 1 0 1 2 2 0 2 0 0 0 3 
22 31 31 16 3 11 20 9 13 16 11 42 64 53 36 73 32 14 30 21 21 9 8 29 10 0 1 16 26 7 1 6 3 1 2 2 0 4 20 18 1 1 3 3 9 8 6 3 8 24 4 1 7 6 1 1 4 6 0 5 1 1 2 3 10 7 3 9 4 0 2 5 2 5 6 4 0 3 17 2 2 0 0 0 1 2 0 8 1 0 0 3 0 0 0 2 0 0 0 0 0 2 
35 59 52 6 8 19 42 23 5 1 7 35 40 45 36 77 40 15 24 17 8 30 13 17 13 3 17 25 36 4 2 7 4 2 2 1 2 6 27 26 18 4 8 7 7 14 6 6 7 35 2 8 3 1 7 0 4 7 0 1 1 0 1 1 4 8 2 4 1 2 2 1 0 5 2 8 1 5 13 1 0 2 2 2 1 0 1 11 3 0 0 3 3 0 1 0 0 2 1 2 0 2 
9 28 37 2 1 18 21 6 8 6 3 14 34 29 27 58 19 16 11 15 9 20 10 17 10 4 5 22 3 5 2 5 2 0 0 2 1 2 4 13 1 2 0 0 3 5 5 3 6 16 4 4 9 9 9 2 3 2 0 0 0 2 1 1 7 8 0 3 2 2 1 10 0 4 4 9 1 4 10 1 3 0 2 1 1 2 1 3 1 0 0 2 0 1 2 0 0 1 1 0 0 1 
4 17 10 4 2 9 4 12 16 12 1 5 13 15 23 60 22 19 14 13 4 14 13 17 3 0 1 15 10 4 2 0 2 1 0 0 0 3 8 4 1 0 0 2 6 5 6 5 4 25 1 1 4 4 0 1 1 6 0 0 1 0 0 2 1 0 1 2 0 0 2 2 0 1 1 1 0 2 4 0 0 0 0 1 0 2 0 2 2 0 0 0 0 2 0 1 0 0 1 0 0 0 
28 77 41 7 6 39 42 36 54 26 13 5 23 49 38 84 37 33 25 33 29 30 27 56 17 1 2 39 27 23 6 8 2 0 3 1 0 8 40 26 7 2 6 2 3 6 1 6 4 37 5 8 3 6 2 0 9 11 0 6 1 1 3 1 6 5 1 6 2 1 7 3 1 5 4 0 0 1 21 1 0 0 0 0 2 2 0 1 2 0 0 3 0 0 3 4 0 4 3 0 0 1 
27 73 46 8 16 67 105 106 90 58 38 41 12 65 53 105 64 46 41 24 37 32 20 39 24 1 4 43 22 12 14 13 8 3 1 2 2 14 47 29 9 1 11 9 9 5 8 4 6 34 7 2 8 12 5 1 4 22 0 8 3 0 2 1 3 0 0 0 1 0 1 4 1 2 5 3 0 2 9 2 1 0 0 1 0 4 3 2 2 0 0 2 0 2 0 3 0 0 1 2 0 4 
74 134 98 20 36 112 154 93 147 89 55 91 44 7 11 93 136 98 91 98 147 105 65 133 48 8 10 128 34 5 2 0 3 1 1 1 1 4 23 22 13 8 5 8 15 11 2 6 6 22 15 8 27 17 8 8 19 32 0 10 1 0 0 0 0 0 1 3 0 0 3 1 0 0 25 9 3 12 58 7 0 0 0 0 0 1 0 6 0 0 0 15 1 1 0 6 0 1 1 0 0 3 
42 67 90 8 22 66 92 68 66 67 25 51 42 25 4 29 44 46 42 45 63 54 54 78 38 2 11 116 18 16 6 4 1 0 5 1 0 4 11 22 3 0 4 3 7 10 6 1 2 17 12 8 8 11 2 1 14 16 0 1 2 1 0 1 1 0 0 0 0 0 0 2 1 1 6 7 1 5 29 1 1 0 0 0 2 1 0 4 2 0 0 1 1 1 1 3 0 1 0 0 0 1 
71 71 70 10 27 86 74 84 92 80 37 89 74 45 23 18 91 127 74 91 167 107 151 214 68 7 21 163 27 40 17 25 24 14 21 13 25 3 17 55 39 5 16 22 17 21 5 10 19 58 18 8 21 15 5 4 16 17 0 7 3 1 1 1 3 2 2 1 0 0 11 7 0 1 17 12 0 9 39 3 7 2 1 3 0 1 6 23 8 0 0 7 2 5 3 0 0 5 0 2 1 6 
28 41 42 12 20 50 46 46 67 63 33 65 78 91 37 117 8 50 65 61 86 85 74 174 31 15 34 96 10 67 18 54 20 15 21 25 33 19 65 59 61 9 10 26 16 28 22 20 27 68 13 6 15 14 3 2 15 21 0 1 2 1 4 4 7 0 0 0 1 0 4 6 0 1 14 8 2 17 49 6 0 1 1 0 0 4 8 17 11 0 0 9 4 8 2 1 1 2 0 0 0 12 
30 21 24 2 7 29 36 37 26 37 26 64 47 102 32 161 60 5 39 56 90 54 69 121 36 5 26 81 11 56 15 31 28 22 21 17 24 17 74 32 24 2 11 20 37 20 15 16 21 87 3 6 12 6 1 0 19 13 0 4 0 0 3 3 0 0 0 0 0 0 3 0 0 1 8 0 4 5 19 6 5 1 0 1 0 5 2 18 7 0 0 7 0 2 0 0 0 0 1 1 0 7 
11 42 31 2 5 24 36 36 27 37 9 54 58 84 47 149 73 43 10 20 93 42 53 96 35 10 12 68 8 41 16 26 13 16 14 9 13 10 39 29 16 1 7 18 24 25 20 17 21 64 3 7 14 5 4 1 8 15 0 1 3 0 2 4 1 0 0 0 0 0 1 1 0 0 2 4 2 6 21 1 2 0 0 1 0 4 4 12 7 0 0 1 1 0 0 1 0 0 0 1 1 3 
4 16 14 0 1 17 8 10 8 15 11 26 28 29 20 64 31 13 22 11 6 6 33 36 22 14 27 102 2 13 5 6 2 2 3 3 8 5 30 14 6 2 4 4 6 5 4 2 7 16 4 1 1 1 1 3 2 3 0 4 0 0 0 0 0 0 0 0 0 0 0 0 0 0 1 1 1 1 9 1 2 1 0 0 0 1 1 2 1 0 0 1 0 0 0 0 0 0 0 0 0 1 
5 2 6 0 0 13 6 15 9 11 8 13 21 41 30 108 33 23 31 3 12 4 24 55 15 10 27 72 3 4 2 3 1 1 11 6 6 7 33 12 11 1 5 6 7 3 2 5 10 20 0 2 1 0 0 0 4 1 0 1 0 0 0 0 0 0 0 0 0 0 2 0 0 0 0 0 0 0 1 1 0 1 0 1 1 0 1 7 3 0 0 0 0 0 0 2 0 0 0 0 0 0 
8 17 11 2 1 15 12 10 19 20 7 26 16 23 23 77 25 19 23 5 12 5 8 37 17 15 26 80 2 1 3 3 2 1 6 4 6 12 16 3 1 1 3 5 1 1 0 0 0 15 0 0 1 0 0 1 0 2 0 0 0 0 0 0 0 0 0 0 1 0 0 1 0 0 0 2 0 1 8 0 0 0 0 0 0 1 0 4 0 0 0 2 0 0 0 0 0 1 0 0 0 0 
1 6 2 4 0 1 1 0 6 10 4 9 10 13 12 59 23 16 12 13 37 9 5 20 3 7 12 67 0 1 1 1 0 0 4 4 3 7 16 8 5 1 0 1 4 2 2 1 1 8 1 0 2 0 0 0 0 5 0 0 0 0 0 0 2 0 0 0 0 0 0 0 0 0 2 3 0 1 5 0 0 0 0 0 1 0 0 5 1 0 0 2 0 0 0 0 0 0 0 0 0 2 
4 17 10 2 4 11 3 6 9 38 9 29 37 34 33 100 51 38 47 22 26 22 9 15 9 27 62 114 4 7 5 4 11 6 7 2 11 13 32 8 14 4 4 4 16 9 5 11 11 44 7 4 4 2 3 0 1 5 0 1 0 1 0 1 1 0 0 0 0 0 0 0 0 0 2 4 0 2 12 3 0 0 1 0 0 1 2 15 1 0 0 0 0 1 0 1 0 0 0 0 0 1 
11 20 12 6 7 17 13 16 16 37 4 21 32 27 33 80 23 23 23 24 17 13 14 12 2 13 33 73 4 9 6 5 21 7 3 7 6 12 31 8 21 3 11 11 14 18 10 9 13 68 14 7 16 5 2 1 7 3 0 0 1 1 0 3 0 0 0 0 1 0 0 0 0 1 6 5 2 6 12 3 0 1 1 1 0 2 2 38 7 0 0 2 1 2 1 2 0 0 1 1 1 0 
0 1 6 2 3 8 0 0 4 3 0 8 2 5 7 12 7 10 9 6 17 18 20 22 8 0 5 23 0 1 0 1 0 0 0 1 0 2 1 2 2 1 0 1 1 0 3 5 2 0 1 0 0 0 0 1 0 0 0 0 0 0 2 0 0 0 0 0 0 0 0 0 0 0 1 0 0 0 3 2 0 0 1 0 0 1 0 3 2 0 0 0 0 0 0 0 2 1 0 0 0 0 
1 0 1 0 4 0 0 0 1 0 0 1 1 2 1 8 4 2 2 2 7 14 10 21 9 4 3 14 1 0 0 0 0 0 1 0 0 3 0 0 0 0 2 0 0 0 0 0 0 4 0 1 1 0 0 0 0 0 0 0 0 0 0 0 0 0 0 0 0 0 0 0 0 0 0 2 0 0 0 0 0 0 0 0 0 0 0 1 0 0 0 0 0 0 0 0 0 0 0 0 0 0 
16 17 18 9 7 13 9 20 20 30 14 48 61 78 74 132 56 44 65 54 80 95 89 108 49 12 68 9 3 2 3 8 15 2 4 9 7 17 39 27 36 3 14 14 21 19 21 24 9 99 25 5 21 5 6 1 3 5 0 3 0 2 3 3 0 0 0 0 0 1 0 0 0 0 11 6 2 1 13 5 3 0 1 0 0 3 4 44 12 0 0 4 0 1 1 4 0 0 1 0 0 1 
82 131 191 17 13 104 63 59 79 38 19 74 35 23 34 70 21 35 20 21 16 28 9 14 6 0 0 17 3 4 7 2 3 5 0 2 3 8 16 29 23 0 13 3 12 24 16 5 10 61 1 0 21 3 1 1 7 3 0 6 0 0 4 2 8 6 6 6 0 0 3 5 2 3 3 2 0 1 36 5 7 3 3 5 3 4 1 13 4 0 0 4 5 1 2 1 1 4 3 0 0 2 
0 5 4 2 0 4 4 2 4 5 8 10 15 5 9 21 36 16 10 5 15 6 10 7 5 2 2 1 1 18 120 158 155 58 102 102 184 137 202 142 130 8 31 49 45 61 36 47 40 216 9 6 12 6 6 1 4 7 0 8 5 0 4 14 24 29 10 15 6 20 8 14 2 0 10 13 2 6 25 7 1 0 3 3 3 17 5 85 15 0 0 24 7 9 7 14 0 11 9 1 1 14 
0 2 0 0 0 1 1 0 2 2 1 0 0 0 7 6 10 5 5 5 2 3 1 2 3 0 1 5 0 132 6 110 79 27 44 45 88 68 101 31 16 5 5 11 27 9 12 4 10 47 0 2 7 0 1 5 3 5 0 9 0 0 1 8 9 5 1 4 2 6 1 3 0 1 0 2 0 0 5 4 0 3 0 0 0 1 4 19 2 0 0 5 3 2 2 8 0 1 2 0 0 2 
1 2 18 0 0 3 6 5 8 0 3 5 9 2 6 31 35 15 13 6 16 4 4 1 3 2 3 5 0 222 106 13 80 68 90 64 200 171 234 126 80 12 49 37 55 38 49 37 44 197 3 4 8 6 5 2 12 18 0 17 0 0 5 7 24 27 8 15 7 6 8 11 0 1 12 12 3 4 28 2 7 2 4 2 2 12 14 54 21 0 0 15 12 10 12 13 2 7 3 1 0 9 
25 31 12 2 3 20 19 10 13 16 6 14 21 9 17 45 57 59 26 17 32 12 19 45 26 2 5 38 0 566 208 234 20 74 195 161 306 280 331 331 299 35 149 99 177 272 155 171 190 1082 50 31 88 41 30 13 36 57 0 21 10 11 3 27 58 42 17 29 11 26 43 50 10 7 37 28 5 19 99 19 18 14 9 25 12 28 30 279 59 0 0 66 18 35 17 29 4 25 10 5 6 38 
6 3 4 1 3 1 6 2 0 1 0 7 12 0 3 24 33 23 9 3 5 7 17 6 10 4 4 4 0 217 79 88 49 7 51 21 106 120 180 113 63 10 29 37 36 35 22 28 52 109 3 5 12 7 4 3 12 30 0 19 2 0 8 2 16 26 8 38 7 45 63 26 17 16 11 10 2 8 32 10 2 0 1 2 0 7 6 36 12 0 0 23 6 9 6 16 0 6 9 3 2 9 
8 12 5 0 0 11 9 3 2 4 1 2 7 3 5 38 50 31 20 12 13 13 19 33 24 0 1 15 1 416 183 230 117 41 20 19 149 137 198 249 87 13 86 84 90 79 80 53 86 201 15 13 17 22 5 6 21 35 0 9 3 2 5 20 17 29 22 25 15 18 32 57 8 11 19 8 3 9 37 2 1 1 2 2 6 10 11 66 60 0 0 40 19 22 10 22 2 11 20 4 1 11 
1 6 0 1 2 1 0 1 1 4 0 0 0 0 4 9 15 21 6 4 7 7 4 14 8 0 6 10 1 292 79 130 67 34 41 7 92 71 148 105 49 7 24 20 40 51 23 28 18 101 8 6 4 3 0 1 2 2 0 2 0 0 5 13 8 18 2 3 1 11 18 16 8 2 4 1 0 1 9 2 0 0 0 0 0 4 9 25 10 0 0 21 12 14 0 14 1 9 5 0 4 5 
6 9 4 1 1 2 1 4 3 1 0 0 1 0 2 64 40 24 19 25 23 23 11 43 14 1 2 30 4 625 242 520 215 143 139 171 20 186 632 470 225 63 118 125 183 225 130 111 124 514 4 14 26 18 8 2 17 11 0 2 1 2 10 67 56 51 19 25 15 19 65 45 13 11 4 5 3 1 19 2 1 1 1 2 4 27 21 85 64 0 0 75 29 36 20 56 7 41 26 12 7 31 
6 3 12 1 2 4 12 8 12 5 3 6 7 6 5 5 15 10 15 4 17 9 18 20 10 2 11 21 5 229 95 278 87 84 67 53 98 22 126 234 136 21 71 72 103 115 55 62 89 247 6 1 10 4 1 0 1 3 0 2 1 3 10 22 14 10 2 5 7 2 13 20 3 3 0 3 0 1 8 2 3 0 0 8 3 15 9 79 38 0 0 33 9 11 7 17 2 14 7 2 4 20 
30 40 39 3 16 46 47 36 40 43 21 57 42 17 10 8 49 51 51 29 62 50 41 69 46 6 12 83 11 375 130 367 190 133 175 97 313 106 24 674 322 58 145 192 179 177 180 156 147 615 15 3 40 19 8 9 34 23 0 6 5 6 17 22 38 45 11 20 7 12 67 38 16 18 24 10 5 10 50 15 8 4 10 18 9 33 21 177 74 0 0 103 17 44 21 58 3 49 22 15 6 63 
13 20 17 3 4 24 22 20 18 24 11 33 37 14 16 19 42 29 16 14 16 4 10 31 13 0 5 30 3 146 62 125 92 55 92 66 233 171 521 16 45 31 67 112 114 157 92 123 119 423 2 7 10 11 3 4 11 11 0 0 0 5 2 23 17 12 1 3 1 4 14 7 2 9 11 7 0 3 17 5 10 4 5 21 13 4 10 57 25 0 0 59 9 24 13 20 2 10 6 6 2 22 
4 32 23 4 4 17 15 5 24 26 7 18 22 13 10 16 29 22 7 19 22 9 10 24 6 0 3 38 0 119 30 106 54 50 51 40 97 113 321 59 12 25 34 86 73 140 64 83 82 352 3 4 8 3 2 4 3 8 0 2 2 1 4 11 15 7 2 5 0 2 12 7 2 8 9 6 5 14 22 8 8 3 7 5 5 29 21 13 29 0 0 36 11 21 10 35 11 11 11 8 6 10 
2 1 2 1 0 1 2 1 7 2 1 3 2 1 2 0 0 4 0 2 2 1 2 3 0 0 0 9 0 15 5 10 7 2 12 6 42 22 62 29 19 1 8 36 22 27 21 17 24 55 0 2 3 0 0 0 1 0 0 0 4 1 1 0 2 0 0 0 0 0 2 0 1 2 2 1 0 5 2 0 4 0 6 3 8 6 8 17 16 0 0 12 7 6 2 6 1 2 2 1 0 4 
11 19 13 2 3 8 9 8 5 13 6 9 12 5 10 13 43 14 19 9 8 5 9 15 9 0 4 14 5 106 31 87 64 45 63 29 105 134 192 154 66 29 22 70 101 133 65 144 182 374 8 11 10 5 3 3 14 15 0 3 0 3 5 5 16 17 9 15 3 1 12 10 0 0 29 16 4 26 33 29 28 23 34 98 61 86 66 251 107 0 0 90 41 81 44 160 12 102 63 17 16 81 
10 20 13 2 3 21 16 11 16 12 7 15 8 3 13 18 29 31 19 19 27 11 9 40 11 2 2 36 2 143 40 111 66 49 53 44 125 186 248 240 116 46 88 30 157 289 156 296 347 719 14 13 23 24 9 4 7 20 0 2 0 1 1 23 16 13 3 2 3 3 8 14 2 2 35 19 9 43 65 43 38 41 58 110 99 187 150 255 100 0 0 267 118 169 80 303 27 197 77 21 11 112 
7 19 6 2 5 9 27 8 17 9 4 13 6 5 2 20 30 27 5 4 34 14 8 23 8 3 2 36 6 103 26 88 53 31 40 20 85 127 143 149 64 42 48 119 14 161 104 153 284 473 4 4 11 1 2 1 2 2 0 1 2 2 0 11 21 17 5 3 2 3 13 13 3 3 9 8 1 10 35 20 13 11 13 36 37 55 30 85 17 0 0 76 32 43 27 65 19 44 41 14 2 57 
9 38 14 2 7 14 22 14 9 17 11 31 27 11 18 15 35 31 12 13 19 20 14 45 13 2 5 29 1 103 44 96 64 38 65 40 120 163 264 243 196 36 88 313 193 36 125 475 606 1091 11 19 30 7 7 1 6 11 0 9 1 6 2 11 9 23 4 7 2 2 9 7 6 2 37 18 5 18 47 23 30 13 23 60 45 109 63 277 62 0 0 181 28 89 46 113 18 73 99 17 10 96 
13 17 6 0 1 12 7 7 12 11 10 12 10 7 9 6 41 24 12 7 19 12 9 23 14 0 10 23 1 117 23 55 63 37 33 25 86 119 167 181 90 18 64 142 136 217 10 335 353 495 7 8 12 4 0 3 6 6 0 2 0 2 5 10 9 10 2 8 2 1 15 7 4 1 14 15 2 20 24 19 14 17 13 23 24 63 45 154 32 0 0 99 27 70 33 57 9 44 65 6 7 46 
2 5 3 0 2 5 5 3 1 8 1 5 6 1 3 5 9 5 1 4 2 5 0 9 4 0 2 3 1 29 6 17 24 12 11 8 25 33 73 62 57 7 45 88 69 160 52 5 107 524 3 2 4 8 1 7 2 4 0 0 0 1 0 1 2 8 4 3 0 0 4 3 4 2 8 0 0 5 11 5 6 3 3 21 14 25 8 84 19 0 0 48 6 20 8 24 2 21 13 5 2 27 
3 6 3 0 0 7 0 3 3 4 0 2 2 1 3 4 9 8 9 2 5 2 5 4 4 0 2 15 0 39 9 27 40 14 9 12 32 38 68 60 54 4 50 52 58 152 67 107 14 420 4 2 5 5 0 2 2 4 0 0 1 1 1 5 4 6 4 4 0 0 0 1 0 2 8 8 0 5 15 9 3 1 5 18 20 14 10 86 6 0 0 54 2 18 11 19 6 15 19 6 1 20 
47 81 51 13 21 38 51 40 30 41 20 31 59 37 11 52 87 75 39 36 63 46 45 107 40 5 14 123 8 393 71 250 321 133 163 118 298 329 532 507 384 49 151 404 345 610 302 829 961 44 45 25 94 25 14 6 16 33 0 10 5 4 7 42 39 40 10 28 8 6 45 32 6 19 60 52 10 43 106 67 63 46 60 123 91 165 90 657 94 0 0 217 57 155 102 125 22 167 134 16 11 121 
8 8 7 3 4 6 2 8 4 7 0 10 12 8 11 17 8 9 7 2 0 3 9 4 12 0 4 23 0 14 7 15 24 12 8 3 4 2 10 13 10 0 14 9 10 13 2 3 10 43 7 10 66 42 14 8 25 27 0 42 10 1 6 21 25 22 12 17 4 24 14 13 19 20 12 8 2 12 120 10 6 8 11 20 11 21 10 52 10 0 0 8 2 12 5 6 2 9 7 3 0 11 
2 4 3 0 3 1 3 3 4 3 0 4 5 3 4 6 3 1 0 3 0 1 5 4 4 0 1 4 4 3 4 6 19 5 1 4 12 1 5 5 6 1 5 7 4 9 3 5 5 16 11 3 56 31 16 5 16 37 0 17 3 0 0 9 21 10 3 11 2 6 9 13 6 7 2 4 2 14 87 6 13 3 8 22 6 10 8 22 2 0 0 0 2 3 4 4 1 0 3 2 1 0 
5 12 11 0 4 11 6 5 9 7 5 6 8 5 13 13 19 6 5 7 3 11 5 8 7 0 13 15 2 32 9 13 14 18 5 3 3 5 22 11 6 2 4 12 9 7 9 11 12 66 39 42 5 33 17 10 28 56 0 49 6 5 2 22 16 27 15 16 3 21 11 13 5 25 17 19 0 19 112 13 10 3 16 39 10 15 10 41 10 0 0 5 3 9 5 2 1 13 6 3 0 3 
4 12 4 0 0 4 3 3 1 6 2 1 4 8 2 4 2 2 5 0 5 3 2 1 0 0 0 4 2 22 5 9 6 5 5 5 4 4 3 6 3 0 6 3 5 7 3 1 4 9 14 17 47 6 10 2 1 22 0 26 6 0 4 13 10 15 5 6 7 15 16 14 9 9 9 5 5 8 75 4 5 1 2 6 7 15 3 15 3 0 0 0 3 4 2 2 0 6 5 0 0 3 
2 9 2 2 0 6 2 2 2 2 2 0 4 2 7 4 0 2 1 5 0 5 4 6 0 0 0 6 1 6 1 4 2 3 1 0 2 0 3 2 1 2 3 3 0 1 2 2 3 14 25 12 29 16 2 0 9 22 0 14 4 1 2 4 8 13 1 3 5 7 7 4 5 2 7 8 0 6 76 4 3 2 3 7 2 0 0 5 2 0 0 4 0 1 2 1 0 4 4 0 0 0 
2 7 1 2 2 4 3 7 3 3 5 2 4 4 0 6 0 1 0 0 0 2 1 2 0 0 0 1 2 5 1 5 3 6 3 1 1 1 7 1 4 3 8 3 1 2 0 4 0 8 14 13 23 24 8 0 11 32 0 35 9 2 2 10 11 11 3 5 2 14 12 7 3 12 18 32 4 18 107 11 1 1 1 25 9 1 3 6 3 0 0 7 2 4 1 0 0 3 2 1 1 4 
2 7 10 0 4 4 6 7 5 7 2 8 3 4 9 10 5 2 1 2 2 2 6 10 2 0 1 5 1 12 3 15 9 3 7 0 0 0 5 3 2 1 6 7 0 3 1 3 4 12 28 16 28 29 8 10 4 17 0 22 5 0 4 12 11 14 7 13 2 12 8 12 10 11 14 20 3 17 91 6 7 1 5 17 13 28 7 19 6 0 0 3 1 6 6 4 0 9 3 0 1 2 
7 14 12 0 5 9 10 3 5 14 7 5 12 11 4 19 7 6 3 1 1 4 5 7 7 0 0 6 5 19 8 6 11 10 8 0 5 4 11 6 3 1 3 3 8 8 3 6 2 19 56 27 62 36 14 8 11 10 0 20 10 3 6 26 14 19 10 20 7 12 15 10 11 12 52 27 9 37 148 20 17 9 11 47 9 15 5 35 5 0 0 6 6 9 2 6 0 7 8 0 0 4 
0 0 0 0 0 0 0 0 0 0 0 0 0 0 0 0 0 0 0 0 0 0 0 0 0 0 0 0 0 0 0 0 0 0 0 0 0 0 0 0 0 0 0 0 0 0 0 0 0 0 0 0 1 0 0 0 0 0 0 0 0 0 0 0 0 0 0 0 0 0 0 0 0 0 0 0 0 0 0 0 0 0 0 0 0 0 0 0 0 0 0 0 0 0 0 0 0 0 0 0 0 0 
16 6 14 0 3 12 5 3 1 1 2 4 15 11 22 35 16 17 13 10 3 11 4 9 15 0 9 10 16 16 8 14 10 5 6 5 4 1 12 6 2 2 1 3 4 6 3 6 8 19 37 28 31 51 19 17 19 47 0 4 5 2 3 22 27 39 10 18 11 10 37 33 14 30 37 27 8 18 64 14 11 2 10 17 11 11 4 20 9 0 0 5 2 6 2 4 0 5 0 0 0 5 
1 2 7 1 0 0 3 1 3 0 0 2 1 1 1 2 3 0 0 0 0 1 1 1 3 0 0 3 0 14 5 9 6 9 1 1 1 1 9 6 1 0 4 2 5 8 0 4 1 15 20 9 15 6 5 3 15 27 0 5 0 1 2 9 21 13 4 24 5 23 13 15 7 21 18 18 2 10 38 6 8 4 3 6 1 6 1 10 3 0 0 1 2 2 0 0 0 0 2 0 0 0 
6 8 11 2 5 12 15 13 8 5 7 13 9 6 6 7 15 2 2 2 1 0 1 2 0 0 3 1 6 67 38 33 12 22 27 7 33 32 36 44 16 4 13 13 28 14 7 14 20 36 8 6 7 12 9 7 15 39 0 28 13 10 3 56 62 69 12 38 18 60 27 46 12 10 9 7 0 10 69 16 19 6 9 25 7 13 6 33 15 0 0 6 5 2 4 7 0 5 0 0 3 3 
0 2 4 0 0 1 8 5 1 2 1 2 3 0 0 0 1 3 0 0 0 0 0 1 2 0 0 1 1 5 1 5 0 5 1 3 6 7 3 5 7 1 1 2 2 2 2 2 0 3 2 4 10 9 5 3 4 8 0 10 3 2 0 2 16 24 7 13 11 11 16 14 6 4 4 2 0 11 29 9 3 2 3 0 1 4 0 5 3 0 0 0 0 0 1 0 0 0 0 0 0 1 
0 10 6 7 2 3 5 11 12 14 1 3 0 0 0 11 14 2 2 3 0 1 3 1 3 0 1 4 1 32 7 5 8 1 9 5 21 17 46 24 13 0 6 8 17 13 2 16 7 33 14 15 33 26 14 3 27 57 0 25 8 5 6 1 15 30 19 19 13 33 49 52 13 20 17 8 2 15 63 8 18 4 3 1 5 6 6 15 3 0 0 3 0 1 1 1 0 1 0 0 0 1 
5 11 5 1 1 1 22 9 1 6 1 1 1 0 0 0 3 0 0 0 0 2 0 1 2 0 1 3 3 57 26 24 16 7 3 8 7 3 27 6 12 3 3 4 4 14 0 4 7 27 9 11 19 24 8 1 21 20 0 30 4 7 18 11 1 32 21 49 18 40 64 94 19 38 8 8 3 11 49 13 12 4 7 4 2 5 7 16 5 0 0 6 1 0 1 2 0 0 2 2 0 7 
5 15 5 2 3 9 17 5 8 15 5 12 8 2 0 4 0 1 0 0 0 0 1 0 0 0 1 5 2 76 44 73 22 30 19 9 32 23 49 19 14 4 6 11 21 13 10 22 22 47 24 15 30 17 9 4 31 32 0 49 23 2 26 42 45 13 14 52 35 93 127 142 46 46 8 16 1 15 90 15 13 5 15 18 14 10 5 27 10 0 0 4 0 3 0 2 0 0 1 0 0 0 
3 1 1 0 1 5 3 2 0 4 0 1 1 1 0 0 0 0 0 0 0 0 0 0 0 0 0 0 5 9 13 6 1 11 7 3 8 6 4 0 1 0 1 1 2 6 2 1 1 13 5 0 13 7 2 1 8 4 0 6 15 1 4 5 14 10 0 7 13 15 18 39 12 8 2 2 0 1 22 6 3 2 1 3 1 4 1 0 0 0 0 2 0 0 0 0 0 0 0 0 0 1 
6 4 3 0 0 4 2 2 3 13 1 2 5 0 0 0 0 0 0 0 0 0 0 0 0 0 0 1 1 13 5 8 3 12 5 2 10 7 14 5 0 2 2 5 1 5 5 3 3 12 4 12 11 12 5 4 14 12 0 14 8 2 2 14 31 43 4 5 12 10 75 91 25 33 6 6 0 10 44 11 3 4 2 1 0 4 1 10 3 0 0 0 0 0 0 1 0 0 0 0 0 0 
1 2 2 0 0 0 8 8 1 0 0 0 1 0 0 0 0 0 0 0 0 0 0 0 1 0 0 0 0 14 5 10 8 3 3 1 5 5 8 1 1 0 0 2 6 3 1 1 0 9 0 2 4 5 3 0 3 6 0 5 0 0 3 3 11 19 9 7 3 7 36 28 7 7 0 0 1 6 11 3 0 1 6 6 0 2 1 0 0 0 0 0 0 0 0 0 0 0 0 0 0 0 
0 1 2 0 0 3 4 3 1 2 2 0 0 0 0 2 0 0 0 0 0 0 0 0 0 0 0 0 0 5 5 7 3 20 7 0 2 2 4 3 9 0 0 0 0 1 2 0 1 6 12 4 11 10 1 2 10 8 0 10 6 5 2 6 30 27 16 24 6 4 35 67 21 26 6 3 2 3 15 2 3 0 2 4 2 0 0 0 1 0 0 0 0 0 0 0 0 0 0 0 0 0 
0 2 6 0 1 3 2 5 2 1 3 5 2 0 1 5 0 0 0 0 0 0 0 0 0 0 0 0 1 11 2 4 2 13 6 9 15 6 18 3 6 0 1 2 10 5 3 7 5 12 7 2 3 7 7 3 3 3 0 9 12 1 3 12 24 28 6 23 16 16 2 76 23 38 1 2 4 4 17 6 2 1 2 8 0 4 2 7 3 0 0 0 0 0 0 0 0 0 0 0 0 1 
1 5 1 0 0 10 1 2 3 4 1 3 1 1 0 3 1 0 1 0 0 0 0 0 1 0 0 0 0 9 8 6 10 21 11 9 22 12 24 2 3 1 1 6 11 4 2 6 14 23 9 2 14 5 2 1 6 7 0 10 3 0 3 28 45 54 24 38 21 60 62 2 32 41 3 3 1 4 15 7 1 1 3 1 4 7 0 11 2 0 0 0 1 1 0 0 0 0 0 0 0 0 
4 4 1 1 0 6 6 4 3 0 1 0 6 0 0 2 1 0 0 0 0 0 0 0 0 0 0 1 0 3 5 4 4 8 3 7 7 8 10 3 4 0 4 2 5 9 5 5 4 26 9 8 13 4 9 2 7 18 0 13 7 1 3 17 24 34 10 10 20 45 51 73 5 24 6 5 7 15 33 5 5 2 6 6 3 5 6 6 2 0 0 3 0 1 0 0 0 1 0 0 0 1 
2 5 6 0 5 4 7 6 4 5 5 3 5 1 0 0 2 1 1 0 0 0 1 0 0 0 0 0 2 1 0 1 2 7 8 11 11 10 11 11 5 1 2 1 12 4 4 9 5 13 21 8 23 11 7 8 8 8 0 22 9 0 4 25 26 53 22 50 18 105 59 84 5 3 17 6 2 16 57 12 9 0 2 1 1 1 2 22 1 0 0 1 0 0 0 2 0 4 0 0 0 0 
1 0 2 2 2 0 2 1 2 0 5 2 6 2 2 5 2 4 0 2 1 0 1 2 1 0 0 3 1 6 2 6 2 2 1 1 2 0 2 3 4 1 8 7 6 8 11 1 4 41 11 6 17 4 3 2 6 9 0 8 1 1 3 5 7 8 0 6 2 2 2 5 4 3 4 9 2 14 129 26 9 7 9 45 9 12 9 60 2 0 0 6 5 7 7 0 3 9 8 0 2 9 
2 2 2 0 1 8 2 1 1 6 0 3 1 4 3 6 9 0 1 1 0 3 1 3 3 0 2 2 0 5 0 4 6 3 1 1 0 1 4 8 0 2 9 4 8 3 13 4 12 53 7 1 20 6 5 0 12 26 0 9 7 0 1 3 6 11 0 2 1 6 6 7 2 4 9 2 7 39 144 32 29 9 37 53 10 17 7 55 5 0 0 9 4 10 2 7 4 4 14 0 1 6 
1 2 0 2 0 0 0 0 0 0 0 0 0 0 0 1 0 4 1 0 0 1 0 0 1 0 0 1 0 3 0 0 0 0 1 0 0 1 0 2 0 1 2 1 0 1 1 1 1 8 1 0 0 2 1 1 1 5 0 3 0 1 1 0 3 0 4 1 0 0 4 0 0 1 3 16 0 8 73 4 2 2 1 11 1 6 1 8 0 0 0 1 1 0 0 1 1 0 0 0 0 0 
2 1 2 0 2 2 0 2 1 1 5 1 2 1 1 1 2 2 0 0 0 0 0 4 1 1 0 2 1 4 2 0 3 2 3 0 2 0 3 4 3 0 7 3 9 4 8 9 4 15 6 3 3 3 0 1 5 10 0 2 0 2 1 3 0 14 1 4 0 3 2 2 0 4 22 31 14 0 80 17 10 7 11 36 33 13 13 30 4 0 0 8 0 3 5 8 3 4 3 0 0 9 
13 27 16 3 7 13 19 23 18 24 6 17 18 24 16 37 16 11 15 4 3 6 8 14 12 0 4 17 13 46 9 25 41 18 27 4 7 5 31 14 4 1 31 34 24 28 19 21 30 83 128 78 156 104 82 42 47 123 0 36 19 5 21 37 42 73 10 31 9 42 30 28 24 42 289 221 86 113 21 54 103 41 83 193 84 53 22 129 32 0 0 33 3 20 15 25 3 27 22 5 2 15 
4 6 1 0 0 3 3 2 1 2 0 4 2 0 1 7 1 5 0 1 0 0 3 1 0 0 0 7 2 6 1 2 0 2 0 0 0 0 6 5 5 3 14 14 15 18 5 8 6 30 5 1 3 8 5 2 1 33 0 8 1 1 1 10 7 10 0 6 2 5 4 8 2 5 24 46 5 34 92 4 12 12 28 81 48 10 14 61 20 0 0 9 8 9 10 6 1 15 15 3 1 12 
2 0 2 0 0 0 0 2 1 2 0 0 1 0 0 2 0 0 0 1 2 1 0 1 0 0 1 2 2 4 1 0 1 2 1 0 0 0 2 3 3 4 11 11 4 4 9 3 5 18 6 4 4 6 3 1 4 2 0 1 0 0 1 4 7 5 2 3 2 3 2 4 0 2 20 25 10 15 107 15 2 6 13 107 37 13 14 43 15 0 0 14 0 2 2 7 3 11 10 1 1 13 
0 2 2 0 0 0 3 0 1 1 2 0 0 1 1 0 1 2 2 0 0 0 0 2 0 0 0 0 0 4 0 0 2 1 0 1 0 1 4 2 5 5 7 13 8 8 6 8 12 30 6 4 7 1 1 1 5 1 0 2 1 1 2 6 4 9 0 1 2 2 6 0 1 4 14 10 8 18 28 7 13 2 17 41 42 13 6 71 14 0 0 10 1 21 14 18 3 27 17 1 0 18 
0 0 0 0 0 3 2 0 0 1 1 0 0 0 0 0 0 0 0 0 0 0 2 0 0 0 0 0 0 2 0 1 8 1 0 0 0 0 5 3 0 3 10 9 4 5 6 5 4 13 4 6 1 7 4 2 4 5 0 5 0 0 1 2 0 1 0 2 1 0 2 1 0 1 21 14 5 19 67 11 11 1 4 129 35 19 9 45 4 0 0 14 2 6 5 9 0 7 9 1 0 7 
2 6 5 2 0 4 7 4 3 4 3 0 2 0 1 0 2 0 1 0 1 1 2 0 0 2 1 3 0 5 3 3 11 3 2 0 0 3 10 16 5 7 38 56 23 47 24 30 38 112 32 19 37 24 19 7 33 41 0 11 0 1 1 4 5 6 1 6 2 3 9 7 4 5 107 86 38 97 234 135 117 44 151 18 137 92 74 211 54 0 0 75 20 32 25 22 4 38 34 3 6 26 
1 0 2 0 0 0 0 5 4 1 1 1 0 0 0 0 0 0 2 3 0 0 0 0 0 0 0 2 0 3 0 2 0 0 0 0 0 2 3 7 4 4 25 10 9 18 8 14 15 43 2 7 9 10 3 2 6 11 0 6 1 0 2 0 2 2 0 1 1 4 6 1 3 0 18 38 2 37 60 23 31 11 44 111 3 57 20 64 11 0 0 35 3 18 5 8 0 20 6 1 6 19 
0 2 3 0 0 2 1 3 1 1 2 0 0 0 3 0 5 1 1 2 5 0 1 2 6 0 0 5 0 7 6 2 12 6 3 4 7 17 33 8 10 7 39 78 29 47 27 33 30 113 4 6 17 17 2 4 8 5 0 8 2 1 1 4 5 8 1 3 1 2 3 4 0 3 22 7 1 17 35 24 25 9 34 85 62 5 14 73 35 0 0 78 23 37 32 32 9 25 23 9 5 26 
4 7 3 0 4 3 4 2 0 4 1 0 1 0 0 1 7 6 3 3 2 0 1 2 1 0 0 3 0 14 3 15 11 3 1 5 14 12 23 13 2 2 28 98 17 37 12 32 24 80 11 0 11 2 0 0 4 6 0 4 3 0 2 1 4 2 1 0 0 0 2 5 0 0 19 3 5 9 28 20 23 14 20 58 33 15 7 57 28 0 0 87 12 21 15 29 5 18 27 3 0 24 
14 30 20 3 5 5 10 6 7 5 1 2 5 3 3 4 13 13 4 5 15 8 8 18 23 0 3 30 1 69 18 44 72 16 12 12 39 60 130 28 19 14 86 137 67 93 62 103 112 560 22 19 50 12 8 2 10 27 0 18 7 2 3 2 14 14 2 3 2 5 3 6 2 13 60 44 18 59 104 51 60 32 52 123 90 69 47 29 38 0 0 116 34 80 64 100 23 84 86 18 10 162 
1 3 9 0 1 3 4 3 5 0 0 0 3 1 1 1 12 5 3 1 4 2 2 5 3 1 1 7 0 25 9 18 12 9 6 5 28 40 41 32 10 10 45 69 11 54 17 34 41 108 7 8 11 9 3 1 4 11 0 4 0 0 0 1 7 3 3 0 0 1 1 3 0 4 18 12 2 23 20 10 25 9 19 44 44 45 36 41 4 0 0 60 17 27 15 41 15 25 27 8 8 47 
0 0 0 0 0 0 0 0 0 0 0 0 0 0 0 0 0 0 0 0 0 0 0 0 0 0 0 0 0 0 0 0 0 0 0 0 0 0 0 0 0 0 0 0 0 0 0 0 0 0 0 0 0 0 0 0 0 0 0 0 0 0 0 0 0 0 0 0 0 0 0 0 0 0 0 0 0 1 0 0 1 0 0 0 0 0 0 1 0 0 0 1 0 0 0 0 0 0 0 0 0 0 
0 0 0 0 0 0 0 0 0 0 0 0 0 0 0 0 0 0 0 0 0 0 0 0 0 0 0 0 0 0 0 0 0 0 0 0 0 0 0 0 0 0 0 0 0 0 0 0 0 0 0 0 0 0 0 0 0 0 0 0 0 0 0 0 0 0 0 0 0 0 0 0 0 0 0 1 0 0 0 0 0 0 0 0 0 0 0 0 0 0 0 0 0 0 0 0 0 0 0 0 0 0 
12 26 10 1 8 9 13 12 12 11 5 15 19 8 10 11 19 12 10 1 4 2 1 12 7 1 3 10 3 82 42 78 48 57 53 32 105 172 239 114 92 12 77 268 151 233 107 172 269 570 11 18 36 25 7 1 18 18 0 14 0 0 6 12 10 13 2 3 4 1 7 5 2 3 33 35 1 39 96 62 52 47 65 119 124 164 130 399 206 0 0 20 70 179 92 591 33 302 133 40 28 187 
3 5 4 0 1 4 0 1 1 5 0 4 1 0 0 0 4 3 1 0 0 0 0 0 0 1 1 2 2 14 7 11 6 13 13 1 16 17 35 14 21 2 36 44 21 28 16 22 42 66 3 2 5 3 0 0 0 3 0 5 4 0 0 1 1 1 0 0 0 0 0 0 0 0 6 10 0 8 16 10 15 7 5 46 17 42 15 70 28 0 0 70 2 12 8 45 11 27 23 9 9 23 
1 1 6 2 0 1 1 1 0 0 2 0 1 2 0 1 12 0 0 0 0 0 0 0 0 0 0 3 1 12 6 8 12 1 8 4 20 14 29 11 14 2 33 69 36 58 23 32 65 81 7 6 13 5 2 0 5 5 0 1 0 0 2 0 1 0 0 0 0 0 0 1 1 0 9 9 0 9 29 15 8 9 12 29 20 34 24 87 33 0 0 62 5 9 8 65 2 25 18 6 5 49 
2 2 0 0 0 2 1 4 0 2 1 0 9 2 0 2 1 1 0 0 0 0 2 0 1 0 0 0 0 23 7 8 8 5 1 4 13 10 27 11 8 1 21 58 29 31 21 34 50 98 2 2 8 7 3 0 6 4 0 1 0 0 0 1 0 2 0 0 0 0 0 0 1 0 7 7 2 10 17 12 8 8 5 36 20 32 29 84 44 0 0 60 8 6 4 33 10 41 8 4 12 52 
1 0 1 0 2 2 0 1 2 3 0 1 1 0 1 2 4 0 0 0 0 1 0 0 1 0 0 2 0 17 3 7 8 2 10 8 15 9 39 24 7 8 48 55 28 27 22 27 26 61 5 1 9 2 0 1 2 4 0 4 1 0 2 0 1 3 0 0 0 0 0 0 0 0 4 12 1 14 16 9 18 7 21 26 12 37 14 106 33 0 0 81 11 19 17 3 4 49 28 8 9 58 
0 1 0 0 0 0 0 0 0 0 0 0 0 1 0 0 0 0 0 0 0 0 0 0 0 0 0 0 1 2 1 1 0 1 1 0 0 0 21 0 3 0 5 8 3 5 1 0 5 8 0 1 1 0 2 0 0 0 0 0 0 0 0 0 0 1 0 0 0 0 0 0 0 0 3 1 0 0 4 3 2 2 2 5 0 7 4 18 5 0 0 14 2 4 3 2 0 2 1 0 0 6 
0 0 1 2 4 1 0 1 0 0 0 1 3 1 0 0 0 0 0 0 0 0 0 1 1 0 0 1 0 6 0 5 5 4 2 1 5 3 19 1 6 1 16 23 14 25 12 12 15 33 2 1 2 4 1 0 0 0 0 0 0 0 0 0 1 0 0 0 0 0 0 0 0 1 5 4 3 4 11 4 13 8 6 25 18 18 8 62 11 0 0 44 14 6 14 26 2 6 2 3 1 16 
0 0 0 0 1 3 0 0 1 2 1 1 2 0 0 2 2 1 2 0 0 0 0 0 0 1 0 2 1 9 1 5 6 2 16 0 8 17 25 2 8 1 32 36 16 21 17 17 20 94 6 9 12 2 0 0 3 3 0 1 3 0 0 0 0 0 1 0 1 0 1 0 0 0 9 11 0 15 26 9 11 17 13 38 17 18 8 105 14 0 0 52 9 17 15 16 1 2 3 3 4 23 
0 0 0 0 3 0 0 0 0 0 0 0 0 1 0 0 1 1 0 0 0 0 0 0 0 0 0 0 0 2 0 1 1 0 1 0 0 0 13 4 1 1 8 2 2 2 2 1 2 6 1 0 2 0 0 0 0 0 0 0 1 0 0 0 0 0 0 0 0 0 0 0 0 0 1 0 0 0 0 2 5 1 1 3 5 2 1 8 1 0 0 9 2 6 0 11 0 1 3 2 0 0 
0 0 0 0 0 1 0 0 0 0 2 3 0 0 0 0 1 0 0 0 1 0 0 0 0 0 0 0 1 2 0 1 1 0 0 0 1 0 6 2 2 0 3 4 4 3 2 4 2 6 1 0 1 1 0 0 0 1 0 0 5 0 0 1 0 0 0 0 0 0 0 0 0 0 1 4 0 2 2 3 0 2 0 3 5 3 7 15 8 0 0 12 1 1 2 3 0 4 2 3 2 1 
5 9 9 1 4 2 5 4 7 2 3 3 6 3 1 2 2 2 1 0 5 3 2 4 0 0 0 5 2 19 10 23 33 6 7 21 27 26 44 21 14 13 63 75 49 65 47 34 42 154 11 8 22 5 2 5 4 8 0 2 0 2 0 2 2 4 1 1 1 0 1 2 2 2 24 8 1 5 24 19 15 17 20 39 26 53 30 219 42 0 0 73 14 62 42 49 4 56 34 4 1 11 
