5 5 10 3 10 26 11 15 20 18 4 15 17 15 22 19 20 9 14 7 3 8 1 7 1 0 3 6 1 6 0 1 1 1 1 0 1 2 5 5 6 0 1 2 0 4 4 3 1 10 2 1 1 4 1 0 1 4 0 0 1 0 0 4 4 1 2 2 0 0 1 0 1 5 0 1 1 1 9 0 3 0 3 2 0 0 2 10 0 0 0 0 0 0 0 0 0 0 3 0 1 1 
1 1 13 14 7 48 27 21 32 23 5 52 28 28 27 42 22 22 17 9 5 7 3 12 0 0 4 14 5 8 2 9 3 1 3 1 0 5 10 13 7 2 7 3 3 11 3 4 5 24 2 4 7 2 0 0 5 3 0 2 0 0 1 5 3 1 0 3 0 1 3 1 0 1 1 4 0 6 16 6 0 0 7 2 1 1 2 15 2 0 0 3 0 4 1 3 0 0 1 0 1 0 
11 4 5 17 2 7 9 14 26 10 5 13 21 31 23 22 17 4 8 3 5 14 5 10 2 2 4 8 25 2 0 2 2 1 1 1 2 2 11 12 2 1 3 3 5 3 4 8 2 14 3 2 1 2 1 0 0 1 0 0 0 0 2 1 3 6 0 2 0 0 0 2 0 0 1 1 1 0 11 1 0 0 2 1 0 1 3 9 0 0 0 0 1 0 0 0 0 2 0 0 1 2 
2 5 5 2 0 8 5 0 5 3 3 1 1 4 7 6 1 1 1 0 1 1 0 0 0 0 0 0 4 0 3 0 0 2 1 0 0 1 0 2 0 0 3 0 1 0 0 1 2 4 0 0 0 0 0 0 0 0 0 1 0 0 0 0 0 0 0 0 0 0 0 0 1 1 0 2 0 0 0 0 1 0 0 1 0 0 0 0 0 0 0 0 1 0 0 0 0 0 0 0 0 0 
9 5 0 2 0 2 2 1 4 5 1 6 8 7 7 11 2 2 2 1 2 1 1 1 1 0 0 0 1 0 1 1 1 0 0 1 0 0 1 2 0 0 0 1 3 0 0 2 0 4 1 0 0 0 0 0 1 0 0 0 2 1 1 0 6 0 0 0 0 0 0 0 0 0 0 0 1 0 4 1 1 0 0 1 0 0 0 1 0 0 0 1 0 1 0 0 0 0 0 0 0 0 
18 28 25 22 4 4 9 4 14 12 7 10 22 22 38 15 13 20 13 3 10 8 4 4 2 0 1 3 8 5 0 0 5 3 0 0 0 5 10 7 4 0 1 2 4 3 5 5 3 13 1 4 3 3 0 0 0 8 0 0 0 1 0 0 2 3 1 1 1 0 4 2 0 2 0 2 0 0 5 3 0 0 1 2 0 2 0 8 1 0 0 0 0 0 0 3 2 1 1 1 0 1 
18 18 20 11 4 5 5 9 14 7 12 13 24 16 23 17 14 8 12 8 9 11 10 7 1 1 1 10 2 5 2 2 1 1 1 0 0 0 8 16 6 0 0 5 5 5 6 4 6 8 4 5 0 7 6 3 2 7 0 3 0 2 0 0 2 1 3 2 1 1 5 2 3 0 0 1 0 1 10 1 1 0 0 1 1 1 0 3 3 0 0 1 1 1 3 1 0 1 1 0 0 0 
6 20 24 5 9 23 11 3 13 11 18 16 37 19 30 26 18 6 10 10 2 5 2 10 2 0 2 7 4 2 0 2 2 0 2 0 0 0 7 11 6 1 3 6 1 4 1 6 4 8 1 4 3 1 0 1 5 1 0 1 0 0 1 2 3 1 4 3 1 0 3 2 0 2 1 3 0 0 3 1 2 1 0 0 0 2 0 6 4 0 0 3 0 1 1 3 0 5 1 0 0 0 
31 45 48 16 4 29 33 6 5 10 15 25 34 14 22 27 25 10 3 14 6 8 5 6 1 1 0 8 4 3 0 5 0 3 0 0 0 1 7 16 10 2 2 0 9 5 10 2 5 21 2 1 5 2 1 0 1 2 0 0 0 0 0 4 0 0 3 2 1 0 4 1 2 3 0 2 0 4 2 0 0 0 0 0 0 0 1 13 0 0 0 1 0 1 0 0 0 0 1 0 0 1 
8 14 12 3 5 27 15 1 1 5 5 16 11 14 11 21 19 13 10 6 3 5 4 13 4 0 0 8 3 2 0 0 0 0 0 0 0 2 4 2 2 1 0 0 0 1 4 0 3 8 3 2 10 2 3 4 6 2 0 0 0 0 0 3 0 1 4 2 1 0 6 4 1 2 1 2 2 1 4 0 0 1 2 1 1 1 0 0 1 0 0 2 0 0 0 1 0 0 0 1 0 0 
3 3 11 3 2 3 3 8 2 5 1 10 6 4 7 11 8 9 0 5 1 7 5 10 9 0 0 5 0 3 1 1 1 0 0 0 0 1 1 9 1 1 0 1 0 1 6 0 0 9 0 1 2 2 0 0 0 2 0 0 0 0 0 0 0 5 0 0 1 1 0 0 0 0 2 0 0 0 1 0 0 0 0 0 0 1 0 1 1 0 0 1 0 0 0 2 0 0 0 0 0 1 
22 28 21 3 7 24 33 44 26 14 9 5 15 16 17 40 22 23 10 16 6 20 22 25 7 0 5 13 2 6 2 5 2 0 0 1 0 4 5 14 6 2 3 1 4 5 10 6 11 19 0 8 3 6 7 0 1 4 0 6 1 0 2 1 3 4 2 1 0 1 1 3 0 4 5 3 0 0 6 1 0 0 0 0 0 0 2 7 3 0 0 0 0 1 0 3 0 1 0 0 0 0 
18 45 36 3 4 47 60 53 41 28 19 19 3 16 30 50 29 31 34 13 22 14 18 30 8 2 1 30 2 12 3 3 2 2 0 1 0 5 15 16 5 1 3 5 4 8 12 8 6 18 5 6 4 5 4 0 3 12 0 10 0 1 0 0 4 2 0 2 0 0 1 3 0 0 3 1 2 3 5 1 0 0 0 0 0 0 0 7 0 0 0 5 1 1 0 2 0 0 0 0 0 2 
38 78 59 14 23 72 103 101 82 57 45 120 77 7 19 48 80 88 49 55 45 66 38 70 22 3 7 93 5 3 1 2 2 0 0 0 0 5 11 23 9 4 2 0 3 1 7 2 4 24 16 5 5 14 6 1 13 24 0 12 2 0 1 0 2 3 0 3 0 0 1 1 0 0 11 4 3 10 29 6 0 0 0 0 0 0 1 0 1 0 0 0 0 4 0 0 0 0 0 0 0 1 
17 32 39 2 6 22 35 45 27 43 13 21 26 4 4 9 26 15 20 23 24 36 22 30 15 3 6 59 1 3 0 2 3 0 0 0 1 1 7 8 3 0 3 0 4 3 1 0 3 13 4 1 4 1 1 2 1 9 0 2 0 1 0 0 0 1 0 0 0 0 3 1 0 0 8 3 0 1 11 1 0 0 0 0 0 0 0 0 0 0 0 2 1 2 0 1 0 0 0 0 0 0 
45 80 74 25 36 105 100 89 71 84 59 92 100 51 12 15 117 88 52 103 165 117 97 181 72 13 28 186 8 65 25 40 25 19 13 22 18 3 17 56 43 8 20 18 19 18 17 12 21 81 17 17 20 15 3 4 5 28 0 2 3 0 1 2 12 2 0 5 0 1 7 10 1 5 11 16 3 15 36 1 1 1 1 0 3 3 3 20 9 0 0 8 5 1 1 6 2 5 2 2 3 6 
13 27 24 5 6 41 25 27 29 26 19 27 46 44 16 64 5 29 37 31 30 33 35 70 12 4 10 58 1 44 16 34 14 15 12 21 6 5 24 21 16 2 8 13 8 14 7 9 10 31 10 3 6 5 0 0 5 5 0 2 0 0 2 2 1 2 0 0 0 0 3 1 2 0 9 4 0 8 12 3 2 0 1 0 0 4 2 17 3 0 0 1 2 1 0 1 1 2 1 0 0 2 
13 20 22 6 6 21 39 23 23 22 21 42 48 34 26 63 30 5 33 30 56 29 62 57 31 7 23 85 0 36 9 19 14 21 7 14 6 23 29 25 22 2 10 13 10 17 11 14 6 45 6 1 3 10 3 1 6 2 0 7 0 0 2 3 0 0 0 0 0 0 0 0 0 1 1 1 2 2 11 3 3 0 0 0 0 4 0 18 4 0 0 1 1 1 0 0 0 1 0 1 1 0 
6 16 22 3 5 21 15 32 13 15 18 40 63 22 28 88 69 55 2 18 81 36 36 88 25 14 7 78 0 30 15 17 2 8 11 16 9 8 26 20 10 7 7 7 11 13 16 11 18 50 12 3 6 1 3 1 5 4 0 1 1 0 1 1 5 0 0 0 0 0 0 0 2 1 8 0 1 11 8 2 0 0 2 1 0 1 3 11 2 0 0 8 0 1 0 0 0 0 0 1 0 1 
6 13 9 1 2 7 7 9 3 13 2 13 12 10 7 25 15 7 6 2 4 6 13 23 13 5 11 42 0 0 3 1 4 3 2 0 0 2 6 7 5 1 2 3 1 3 0 3 5 5 0 1 0 1 0 0 1 5 0 0 0 0 0 0 0 0 0 0 0 0 0 0 0 0 1 1 0 0 10 0 0 0 0 0 0 3 1 3 0 0 0 1 0 0 0 0 0 0 0 0 0 0 
4 9 13 2 0 9 5 12 9 13 3 9 26 24 19 56 53 34 17 3 4 4 43 45 11 14 26 58 1 2 4 9 2 1 2 6 3 9 12 13 12 1 5 1 5 2 4 1 7 13 1 1 3 0 1 0 3 4 0 1 0 0 0 0 1 0 0 0 0 0 0 0 0 0 0 2 0 2 3 0 0 0 0 0 0 0 2 6 3 0 0 1 0 0 0 0 0 0 3 0 0 0 
4 13 7 3 2 8 4 8 7 9 1 11 22 17 15 27 18 12 8 1 3 4 6 19 3 13 12 56 4 1 1 0 0 1 2 1 5 2 2 0 1 0 1 0 2 2 7 4 0 6 1 0 0 1 2 3 1 1 0 3 1 0 0 0 0 0 0 0 0 0 0 0 0 0 3 1 1 0 3 2 0 0 0 0 0 1 0 1 1 0 0 0 0 0 0 0 0 0 0 0 0 0 
1 3 0 0 0 2 3 4 3 7 2 4 7 9 4 25 18 10 9 5 7 4 1 12 3 1 15 28 0 2 0 2 0 0 1 2 2 2 5 4 2 0 0 0 1 1 2 0 0 6 0 0 0 0 1 0 0 0 0 1 0 0 0 1 0 0 0 0 0 0 0 2 0 0 0 0 1 1 1 0 0 0 0 0 0 0 0 4 0 0 0 0 0 0 0 0 0 0 0 0 0 0 
1 5 4 0 1 4 4 7 3 10 3 13 23 24 18 42 28 23 13 4 12 6 13 5 5 28 36 79 2 4 1 0 3 1 1 0 1 6 11 1 7 0 4 0 4 3 1 5 4 6 1 2 3 1 1 0 1 1 0 2 0 0 0 0 0 1 0 0 0 0 0 0 0 0 1 1 0 1 1 0 1 0 1 0 1 1 2 6 2 0 0 0 0 0 0 0 0 0 0 0 0 0 
1 10 1 1 3 4 2 1 3 6 3 6 6 5 5 15 14 10 7 8 8 4 2 6 5 4 11 29 0 7 2 2 7 4 4 1 6 4 3 4 3 0 3 7 3 2 4 5 2 8 1 0 3 0 2 0 0 1 0 0 0 0 0 0 0 0 0 0 0 0 0 0 0 0 1 3 0 1 4 0 0 0 0 0 0 2 0 13 0 0 0 0 0 0 1 1 0 0 0 0 0 1 
1 0 0 0 0 0 0 0 0 1 0 1 1 5 4 5 1 1 5 1 4 6 1 6 4 0 1 4 0 1 1 0 1 0 0 0 1 0 1 0 0 0 0 0 0 0 0 0 0 3 0 0 2 0 0 0 0 0 0 0 0 0 0 0 2 0 0 0 0 0 0 0 0 0 0 0 0 1 0 0 0 0 0 0 0 0 0 0 0 0 0 0 0 1 0 0 0 0 0 0 0 0 
0 0 0 0 0 0 0 1 2 0 0 0 1 4 3 2 3 1 1 3 4 5 2 7 2 4 1 8 0 1 0 0 0 0 2 0 2 0 1 0 2 0 0 0 0 0 0 0 0 2 0 0 0 0 0 0 0 0 0 0 0 0 1 0 0 0 0 0 0 0 0 0 0 0 0 0 0 0 1 0 0 0 0 0 0 0 0 3 0 0 0 0 0 0 0 0 0 0 0 0 0 1 
4 7 9 0 6 6 5 5 12 14 4 14 20 24 22 50 26 23 22 16 20 24 34 30 12 11 34 5 1 0 2 10 2 2 5 4 1 7 11 17 9 2 3 4 3 2 8 3 2 19 0 3 4 3 5 0 1 2 0 0 0 0 0 1 1 0 0 0 0 0 0 0 0 0 2 6 3 1 1 3 1 0 0 0 0 2 0 26 0 0 0 0 0 0 0 1 0 0 2 0 0 3 
130 159 263 49 40 132 106 79 49 44 25 56 36 59 33 53 25 47 23 12 8 14 18 21 9 2 0 10 4 10 2 7 3 6 1 8 1 11 14 13 12 9 2 4 6 19 16 9 14 29 2 2 9 5 5 1 7 9 0 8 6 1 1 13 11 5 3 3 2 5 2 4 1 2 0 3 0 3 23 7 8 4 2 2 12 3 5 28 2 0 0 2 3 4 0 2 0 5 1 0 0 3 
5 2 3 0 0 2 3 5 5 5 3 1 14 0 2 16 19 17 10 4 0 4 2 7 2 0 1 4 0 19 81 134 104 49 79 63 115 62 94 80 50 9 24 27 23 33 26 26 32 92 8 4 10 6 2 0 7 15 0 5 5 0 3 8 18 17 10 9 4 8 3 9 1 0 3 4 2 5 14 2 6 1 5 4 0 5 11 62 9 0 0 7 2 6 3 11 1 6 1 1 0 7 
0 2 1 0 0 1 0 2 1 0 0 4 1 0 0 13 12 3 5 1 5 4 0 2 1 0 1 6 0 101 6 61 57 15 15 29 44 26 26 31 18 4 3 5 11 6 3 4 5 33 3 0 4 4 2 0 3 9 0 0 0 0 2 4 4 5 1 5 1 1 7 2 1 3 4 2 0 1 5 2 0 1 1 1 1 3 0 21 1 0 0 5 1 2 1 1 1 1 0 0 1 0 
4 2 3 0 2 5 2 3 2 2 1 1 5 0 6 19 29 5 2 17 1 0 3 5 3 0 0 7 0 89 55 10 19 14 46 44 74 81 97 78 45 20 17 20 29 26 42 16 17 99 2 6 1 4 5 1 2 13 0 9 3 0 4 10 17 5 6 9 1 5 5 1 1 2 6 3 1 3 21 5 2 1 1 5 1 7 7 36 12 0 0 7 6 5 0 4 0 9 2 0 4 3 
25 23 27 5 8 26 23 15 11 7 5 30 21 8 9 37 68 55 26 10 14 17 13 19 20 1 5 38 2 358 139 180 12 59 149 146 269 197 229 270 155 19 101 100 131 164 131 121 162 742 67 43 78 43 14 9 37 60 0 24 10 4 5 14 38 45 11 21 19 20 34 42 11 8 31 14 4 30 104 14 13 3 10 11 6 29 14 179 38 0 0 41 15 34 17 48 6 10 25 3 4 27 
0 4 1 1 0 2 3 7 0 1 1 2 2 1 1 8 10 7 0 1 1 1 2 4 1 0 0 8 0 88 42 51 9 5 19 20 19 30 49 51 18 0 17 14 17 32 14 17 15 51 5 5 8 4 2 2 3 10 0 5 4 3 4 1 8 6 3 9 4 8 13 16 1 4 4 3 1 7 15 2 1 0 0 0 0 5 3 26 7 0 0 9 4 3 3 7 0 4 2 2 1 5 
5 9 3 1 0 7 3 2 5 2 0 6 3 1 2 13 17 10 6 5 2 6 3 9 11 0 3 11 2 198 48 104 31 14 4 19 53 42 81 106 57 13 40 27 46 36 39 34 30 111 9 10 8 11 0 3 4 4 0 6 0 1 4 9 10 7 3 7 5 11 16 17 4 1 5 4 1 5 9 3 3 3 0 0 1 7 6 22 18 0 0 20 12 12 1 12 2 5 2 0 1 4 
2 5 5 0 0 0 6 1 1 1 1 1 1 0 2 2 9 8 4 2 4 6 9 6 1 0 1 9 0 117 47 54 18 7 15 7 31 45 48 38 34 5 13 5 22 19 35 11 14 55 4 3 2 8 1 1 1 3 0 0 0 1 2 6 2 13 1 6 2 4 5 5 1 2 0 0 0 2 1 0 0 0 0 0 0 4 3 14 6 0 0 8 0 7 4 4 0 2 3 0 0 2 
4 7 2 1 3 5 2 2 1 2 3 3 2 0 1 36 36 20 12 17 13 16 7 23 5 1 0 21 0 473 203 536 109 113 121 136 12 148 333 385 167 61 100 87 103 111 105 72 59 285 7 12 13 9 6 2 7 12 0 0 1 8 10 71 52 47 15 39 8 4 52 30 16 12 3 1 0 0 10 2 0 0 0 1 1 20 46 73 42 0 0 35 31 20 19 45 4 21 20 4 3 6 
3 6 6 1 2 6 1 8 3 2 3 9 11 2 1 0 9 11 10 12 6 10 6 22 10 1 0 10 0 187 80 153 60 47 60 75 44 10 45 159 79 21 51 45 79 60 74 37 52 162 2 5 10 2 3 0 4 9 0 0 1 1 3 5 24 10 1 6 0 5 9 11 1 6 3 1 0 1 4 2 3 0 0 3 2 11 10 60 21 0 0 13 7 10 2 14 1 13 8 0 6 6 
23 41 40 6 16 22 34 27 56 36 21 37 41 18 13 9 57 36 26 33 90 56 43 78 38 4 4 53 1 384 146 318 152 170 126 172 237 99 14 616 417 37 131 122 183 158 127 130 126 496 12 10 36 18 7 6 20 28 0 2 3 3 5 35 43 43 19 22 12 19 33 30 12 23 14 11 0 8 28 7 11 5 8 13 8 29 34 195 51 0 0 66 18 33 25 88 6 48 38 24 8 37 
14 13 14 3 2 22 21 18 19 16 11 9 14 8 4 18 29 10 9 9 6 4 5 23 7 0 9 28 0 68 35 71 46 28 34 54 62 82 205 16 20 18 29 54 61 58 76 56 64 185 6 4 16 6 0 1 2 12 0 1 0 0 3 7 13 14 5 2 0 1 9 10 2 4 2 3 0 0 11 4 6 1 7 14 16 4 12 22 17 0 0 23 0 4 0 29 2 28 4 3 0 4 
3 2 7 0 5 5 5 2 5 8 2 3 10 1 2 12 11 18 2 8 8 7 4 10 4 1 2 11 1 45 14 31 31 20 20 17 24 61 89 33 11 11 17 39 48 48 69 53 47 156 6 4 5 4 2 1 3 6 0 0 0 1 0 4 5 8 2 5 0 0 4 5 0 3 0 1 0 2 5 11 9 2 5 4 1 13 8 7 24 0 0 10 4 11 1 13 3 4 1 0 0 3 
0 2 1 0 0 1 3 0 1 0 2 0 3 0 1 1 3 1 1 1 2 2 2 3 0 0 0 0 0 7 2 3 5 6 7 1 14 8 19 15 8 3 10 9 18 12 8 10 10 25 1 0 2 0 0 0 0 0 0 1 0 1 1 0 2 1 0 1 1 2 1 2 0 0 0 0 0 0 1 1 0 1 2 3 6 7 2 12 8 0 0 3 4 7 0 4 1 5 2 1 0 1 
6 14 8 0 2 8 8 6 5 1 4 8 10 5 1 12 10 5 2 1 11 3 4 11 2 0 0 13 0 58 30 43 33 35 27 20 27 54 90 41 45 8 13 29 34 43 27 75 96 148 10 12 3 7 7 9 5 9 0 0 0 0 1 4 4 3 2 2 0 2 5 5 1 0 12 12 0 12 18 18 16 6 28 41 50 50 31 113 50 0 0 20 31 43 17 90 7 51 28 2 10 22 
3 6 17 2 6 5 12 4 11 5 3 4 9 2 3 20 18 11 5 7 6 17 9 12 5 0 1 8 0 67 16 53 32 24 31 16 43 78 124 159 69 47 42 14 107 128 109 206 353 360 8 7 6 14 2 0 9 21 0 2 1 0 0 10 19 11 3 4 5 0 3 6 3 0 15 14 2 12 47 39 28 16 25 81 57 114 56 178 97 0 0 111 52 78 41 183 26 96 32 40 7 45 
5 8 7 3 3 3 3 6 7 4 2 6 5 0 1 8 14 10 2 2 5 8 5 7 3 2 1 10 0 47 13 41 28 19 24 12 39 56 61 70 55 9 38 75 12 61 68 112 187 200 9 7 3 4 2 0 1 3 0 2 1 1 1 4 5 6 6 5 0 0 9 5 0 5 12 8 2 7 6 18 3 10 13 11 23 28 25 58 30 0 0 25 11 21 13 54 15 45 23 6 2 9 
9 13 12 7 1 7 14 6 9 7 4 9 12 1 1 13 21 19 12 8 13 17 19 17 7 1 3 20 2 64 36 45 42 29 30 45 87 72 137 171 140 31 38 172 145 16 115 358 339 573 11 4 10 17 4 2 3 13 0 1 0 1 3 3 6 13 3 9 2 0 8 7 4 3 13 12 0 8 30 11 12 3 29 26 27 66 54 187 59 0 0 58 49 42 29 67 4 55 50 7 2 34 
4 3 15 0 1 5 8 4 5 2 1 8 4 3 1 8 9 8 6 0 5 3 3 9 9 0 1 10 2 20 12 29 38 15 14 9 42 50 63 53 20 12 15 38 37 33 7 97 140 172 3 6 14 7 0 0 3 3 0 1 0 1 0 1 4 5 0 3 0 0 6 4 2 0 4 3 1 18 9 9 7 4 4 13 11 21 13 108 22 0 0 17 4 13 10 11 2 14 11 2 1 13 
3 3 3 0 2 2 1 2 2 1 3 2 7 1 1 0 7 3 3 0 3 2 1 4 1 0 2 7 1 23 7 18 9 10 12 4 27 18 41 38 37 8 13 32 53 125 50 8 114 272 4 0 1 3 0 1 2 3 0 0 0 1 1 3 4 2 0 4 0 1 1 3 0 2 6 0 0 6 7 4 9 4 3 9 10 15 8 80 9 0 0 10 4 16 3 19 1 14 6 4 3 8 
3 2 2 0 1 5 7 3 3 5 5 5 8 6 2 4 8 8 3 1 0 1 2 4 0 0 0 9 0 15 4 8 22 9 9 9 13 22 18 29 22 6 16 42 31 48 56 65 6 154 4 2 2 3 2 0 0 3 0 2 4 0 1 4 6 1 0 1 0 1 2 3 0 2 3 8 0 7 4 2 3 2 6 6 7 10 6 51 8 0 0 19 2 12 6 14 0 8 13 1 2 7 
28 43 33 5 16 34 26 31 19 23 8 27 46 18 15 31 46 53 22 15 27 19 23 30 28 2 4 56 4 158 60 129 144 94 74 69 162 198 245 282 233 24 100 201 249 384 244 526 742 42 33 18 83 17 8 5 12 19 0 4 3 5 6 14 28 25 11 25 10 6 20 15 7 11 33 24 6 28 63 33 41 26 36 52 39 68 56 518 85 0 0 71 31 92 40 84 13 84 73 8 12 70 
4 4 0 3 3 3 6 1 1 1 3 1 3 2 8 6 4 2 3 2 0 2 3 6 0 0 0 4 0 2 6 4 11 5 10 0 1 1 5 5 0 3 2 7 5 2 1 3 4 13 4 5 17 28 20 6 7 25 0 17 6 0 1 8 20 10 1 9 1 9 6 4 3 6 7 5 2 6 37 6 4 4 13 9 8 8 7 21 3 0 0 2 1 1 4 3 0 3 2 1 0 4 
0 5 2 0 3 3 3 0 1 3 1 3 5 1 3 2 7 3 2 3 2 2 0 0 1 1 0 4 1 2 1 5 7 2 2 2 1 0 3 2 0 1 3 4 2 3 6 6 1 11 13 7 18 39 9 7 13 15 0 10 5 0 2 6 6 7 3 13 5 5 4 3 0 1 12 8 1 10 40 8 11 2 16 10 9 12 5 29 7 0 0 3 0 6 0 1 0 1 2 0 0 0 
0 8 3 3 2 6 10 2 8 10 3 3 5 9 7 12 4 1 1 0 3 2 1 3 3 0 0 9 0 11 3 6 6 12 3 5 3 4 4 11 4 1 1 8 5 7 4 3 9 27 72 42 2 60 31 8 19 34 0 16 3 3 2 16 13 31 6 13 3 8 24 12 1 4 21 16 1 17 56 23 13 3 9 23 4 18 3 48 5 0 0 4 2 9 1 5 0 8 4 0 0 0 
0 10 0 1 3 3 6 8 6 2 1 0 5 3 2 11 0 7 0 0 1 2 0 3 2 0 2 2 0 3 3 3 5 3 3 1 1 0 1 8 1 0 7 2 1 7 2 1 2 6 13 23 23 6 11 4 13 14 0 20 5 0 0 10 13 8 3 8 1 11 4 6 3 3 4 2 3 13 24 4 8 0 5 18 10 5 2 17 4 0 0 1 1 5 4 0 0 1 1 1 1 0 
0 1 0 0 0 2 0 2 0 0 1 0 0 0 1 2 2 2 0 0 0 0 0 0 1 0 0 0 0 2 1 2 1 1 1 0 0 3 0 1 0 0 3 3 1 3 0 0 0 4 10 6 11 6 1 2 4 7 0 1 1 1 1 1 2 3 0 1 1 2 4 5 0 0 0 0 2 2 15 1 1 0 2 2 0 1 0 6 0 0 0 1 0 1 1 1 0 1 0 0 0 0 
1 0 2 0 0 0 1 0 0 0 0 0 1 1 0 0 0 1 0 0 0 0 0 0 0 0 0 0 0 0 0 2 1 1 0 1 1 0 0 2 0 0 1 0 0 1 1 1 1 1 10 0 2 0 4 3 0 4 0 1 1 0 0 3 1 1 1 1 1 5 1 0 0 1 0 3 0 0 11 1 2 0 1 0 0 1 1 6 2 0 0 1 1 0 2 0 0 1 0 0 0 1 
0 3 2 0 3 0 1 3 0 0 0 5 5 0 2 4 0 0 3 0 1 0 3 1 1 0 0 5 1 0 0 2 6 3 4 1 0 0 2 5 0 1 2 3 2 1 1 2 1 6 17 6 11 15 2 1 0 0 0 7 2 1 0 6 12 10 2 4 2 5 4 3 2 1 8 4 1 9 19 0 3 0 3 5 2 7 4 9 1 0 0 3 1 2 3 0 0 5 1 0 0 1 
5 4 3 0 0 4 10 6 1 2 0 1 8 8 2 8 5 2 2 1 2 4 2 0 0 0 0 3 0 7 1 6 2 4 4 4 0 1 7 4 1 1 0 2 3 4 5 8 6 9 28 16 30 32 23 5 9 2 0 12 9 0 5 3 17 10 4 8 0 1 4 10 5 2 41 37 6 18 56 11 16 7 13 23 8 7 4 22 0 0 0 3 0 6 2 2 0 4 1 0 0 1 
0 0 0 0 0 0 0 0 0 0 0 0 0 0 0 0 0 0 0 0 0 0 0 0 0 0 0 0 0 0 0 0 0 0 0 0 0 0 0 0 0 0 0 0 0 0 0 0 0 0 1 0 0 0 0 0 0 0 0 0 0 0 0 0 0 0 0 0 0 0 0 0 0 0 0 0 0 0 0 0 0 0 0 0 0 0 0 0 0 0 0 0 0 0 0 0 0 0 0 0 0 0 
7 16 10 3 4 2 17 4 2 0 4 5 7 6 9 7 8 7 7 0 5 3 1 3 4 1 0 4 0 11 3 5 3 6 3 2 0 2 5 6 5 0 0 2 2 0 2 1 2 5 14 7 18 21 10 4 9 17 0 3 1 0 8 2 10 20 6 13 4 10 16 11 1 7 16 10 5 10 40 5 4 3 4 8 3 5 2 5 6 0 0 2 0 3 0 3 0 4 3 0 1 0 
2 1 1 0 4 1 0 0 1 0 0 1 0 1 2 0 2 1 0 0 0 0 0 0 1 0 0 0 0 5 4 0 1 1 0 0 0 1 7 3 1 0 1 1 1 0 0 1 0 5 4 3 3 3 2 1 1 5 0 1 0 0 0 3 7 15 3 2 1 4 7 4 2 1 5 14 1 0 17 0 1 0 1 3 1 1 0 8 1 0 0 1 0 0 0 0 0 0 0 0 0 1 
3 1 4 0 2 1 0 0 2 1 4 5 4 1 2 0 2 2 0 0 0 0 0 0 1 0 0 0 0 12 7 4 4 0 3 6 3 7 8 8 1 1 0 2 2 0 0 5 4 7 3 0 1 3 2 0 10 8 0 11 2 3 2 5 12 10 2 9 7 12 4 5 2 2 1 2 0 5 11 1 0 1 5 9 0 5 1 5 0 0 0 0 0 2 0 1 0 0 0 0 0 0 
0 0 3 2 1 1 3 1 0 0 2 3 7 0 0 1 0 0 0 0 0 0 0 0 0 0 0 2 0 10 3 3 3 3 5 1 1 0 5 1 3 0 0 0 0 0 1 0 0 2 0 1 6 8 2 2 1 1 0 3 0 0 0 4 17 12 1 8 1 9 2 3 8 4 1 0 1 2 6 1 1 0 1 1 0 0 0 1 3 0 0 0 1 0 1 0 0 0 0 0 0 0 
4 5 4 2 2 4 3 4 3 1 1 3 1 0 0 2 4 3 1 0 0 0 1 1 0 0 0 4 0 20 7 14 3 0 10 2 11 7 16 12 6 0 4 3 9 7 5 1 7 18 10 12 19 19 3 2 9 27 0 14 13 5 3 2 2 27 6 14 16 20 25 28 13 14 8 13 3 8 26 12 4 1 4 5 1 0 2 21 3 0 0 6 1 1 1 0 1 1 0 0 1 1 
0 2 4 0 2 2 5 3 4 1 0 1 1 2 0 6 1 0 0 0 0 0 0 0 0 0 0 1 0 28 10 8 1 7 1 3 3 5 10 9 6 1 5 2 1 10 4 2 4 10 5 9 4 3 6 0 14 15 0 7 3 2 6 3 2 15 18 19 16 17 31 37 17 21 4 3 0 3 18 6 9 2 3 0 0 1 0 5 1 0 0 0 0 0 1 1 0 1 0 0 0 0 
4 5 7 0 3 4 20 8 4 6 2 5 1 0 1 0 0 0 0 0 0 0 0 0 0 0 0 0 0 31 21 19 12 5 3 6 5 2 9 8 7 1 2 3 9 7 5 1 17 19 12 18 8 7 7 3 19 27 0 21 7 2 5 27 27 9 5 39 20 24 49 58 32 31 2 7 4 8 44 12 8 0 5 1 5 1 7 11 8 0 0 1 0 1 0 1 0 1 1 0 0 1 
0 4 0 0 1 2 5 2 5 0 0 0 0 0 0 1 0 0 0 0 0 0 0 0 0 0 0 0 0 5 3 8 5 2 1 2 2 0 1 0 1 0 1 1 1 1 4 3 0 9 1 14 8 10 0 0 3 1 0 6 9 3 0 6 13 4 1 3 11 15 16 21 9 8 1 0 2 0 5 1 1 4 4 0 0 2 1 2 3 0 0 0 0 0 0 0 0 0 0 0 0 0 
1 0 0 0 1 2 3 5 1 2 0 0 1 0 0 1 0 0 0 1 0 0 0 0 0 0 0 0 1 10 6 5 4 2 3 1 0 6 6 2 2 0 4 1 2 1 3 3 2 8 8 2 9 12 3 0 6 6 0 16 0 1 3 8 17 12 1 0 1 11 27 41 17 24 5 1 1 6 16 6 0 0 0 3 0 3 0 2 1 0 0 0 0 0 0 0 0 0 0 0 0 0 
0 0 1 1 0 1 1 0 0 0 0 0 0 0 0 2 0 0 0 0 0 0 0 0 0 0 0 0 0 4 8 3 1 1 2 0 3 1 1 0 0 1 0 1 2 1 1 1 1 3 0 2 6 0 1 0 1 1 0 3 1 1 4 5 17 23 5 4 0 3 15 23 6 4 2 0 0 1 7 3 3 2 6 1 0 2 1 3 0 0 0 0 0 0 0 0 0 0 0 0 0 0 
1 1 0 0 1 1 0 0 1 0 0 0 0 0 0 0 0 0 0 0 0 0 0 0 0 0 0 0 0 3 2 2 2 3 0 2 2 2 1 3 1 0 0 1 0 0 1 0 0 5 2 4 6 3 9 1 10 8 0 3 8 4 3 2 13 13 7 9 2 2 39 28 11 23 3 1 0 4 4 2 1 2 1 4 1 1 1 1 0 0 0 0 0 0 0 0 0 0 0 0 0 0 
0 0 1 0 3 2 1 3 1 0 0 2 1 0 1 2 0 0 0 0 0 0 0 0 0 0 0 0 0 5 3 3 8 11 5 4 1 4 7 2 1 0 2 2 1 1 2 5 4 6 2 1 1 5 1 0 1 2 0 5 1 1 4 3 14 21 9 16 14 17 3 24 12 13 8 2 0 0 9 2 2 0 2 5 4 0 5 2 1 0 0 1 0 0 0 0 0 1 0 0 0 0 
1 8 1 0 2 4 3 4 2 5 0 2 3 1 1 6 1 1 0 0 0 1 0 0 0 0 0 0 0 9 4 1 9 19 11 0 5 7 9 13 1 0 1 1 6 4 4 2 10 11 1 2 8 5 4 1 5 4 0 9 2 3 2 17 33 51 17 43 35 58 78 5 59 39 3 3 0 4 14 0 7 2 2 3 3 3 2 5 3 0 0 1 0 0 0 0 0 1 0 0 0 0 
0 2 1 0 0 0 3 2 1 1 2 0 0 1 0 0 0 0 0 0 0 0 0 0 0 0 0 0 0 2 0 1 3 4 5 2 2 2 0 2 2 0 1 1 3 5 1 4 1 4 15 4 2 3 5 0 1 5 0 5 3 2 0 5 14 22 2 6 6 17 14 15 1 10 2 2 0 1 12 0 2 0 0 6 1 0 0 8 1 0 0 0 2 0 0 0 0 1 1 0 0 0 
1 0 3 0 0 1 2 3 3 0 0 0 1 1 4 0 0 0 0 0 0 0 0 0 1 0 0 0 0 2 1 2 3 8 5 4 5 1 14 5 2 0 4 1 2 2 1 0 5 7 6 3 2 0 3 1 8 7 0 9 7 0 1 11 8 42 6 29 7 34 52 26 5 1 2 2 0 6 15 5 0 0 3 5 0 2 0 6 1 0 0 0 0 2 0 0 0 0 2 0 0 1 
0 1 1 1 2 2 1 0 0 3 0 0 1 2 0 3 0 0 0 1 0 0 0 1 1 0 0 1 0 1 0 1 4 0 2 2 0 1 4 1 0 3 8 9 2 0 5 2 2 11 5 5 1 2 1 0 2 8 0 6 2 0 0 2 6 6 0 3 1 6 3 1 1 1 1 10 3 6 32 10 7 1 8 18 12 7 2 27 1 0 0 1 0 5 1 0 0 6 1 0 0 1 
2 0 1 1 0 0 2 0 1 2 1 3 0 0 3 4 1 0 0 0 1 1 1 0 0 0 1 3 0 2 0 3 4 3 3 0 0 0 0 5 0 0 3 6 2 1 1 5 6 11 3 0 3 3 3 1 2 17 0 2 2 0 0 6 3 4 1 0 1 2 1 2 0 0 7 2 10 8 39 12 6 6 10 25 12 8 2 43 4 0 0 0 1 3 4 5 0 4 2 2 0 2 
0 0 0 0 0 0 0 0 0 0 0 0 0 0 1 1 0 2 0 2 0 0 0 0 1 0 0 0 0 0 0 2 1 0 0 0 0 0 0 0 0 0 0 0 0 0 1 0 0 3 0 0 0 1 0 2 0 2 0 4 0 0 0 0 2 0 0 0 0 0 1 0 0 0 2 0 1 9 20 3 3 1 2 7 6 0 0 1 0 0 0 2 1 4 0 3 0 0 0 0 0 1 
0 1 0 0 0 6 0 1 2 6 0 1 0 0 1 2 1 0 0 0 0 0 2 1 0 1 0 1 0 2 1 2 0 1 1 3 0 0 0 4 3 0 5 12 2 6 4 2 11 10 0 0 1 5 2 2 6 19 0 5 0 0 0 9 8 5 1 1 0 0 4 5 0 3 15 14 22 4 18 9 6 3 8 21 14 24 2 26 2 0 0 3 4 6 2 0 0 3 3 0 1 6 
15 23 24 5 8 24 23 15 18 16 3 15 9 8 24 40 19 11 8 4 3 2 6 14 2 0 1 1 1 29 5 19 18 22 7 9 4 9 16 24 17 4 14 29 25 18 23 14 22 76 144 89 141 97 71 35 124 154 0 51 15 7 10 29 31 57 15 19 3 22 29 38 11 22 260 248 95 133 9 124 164 42 99 136 88 39 28 135 35 0 0 16 7 22 18 27 0 13 14 2 8 6 
0 1 1 0 0 1 1 1 4 4 0 1 2 0 0 1 1 1 0 0 0 0 0 0 1 0 0 5 0 2 0 2 2 1 0 0 0 0 1 3 1 1 5 9 6 3 9 5 3 17 3 4 12 3 6 2 2 5 0 2 0 0 0 2 2 8 0 1 0 4 1 3 0 3 16 18 11 11 14 2 6 4 12 38 21 12 2 40 9 0 0 2 4 10 9 12 1 7 4 4 0 2 
1 0 1 0 0 0 0 1 0 0 0 0 0 0 0 2 0 0 0 0 0 1 0 0 0 0 0 0 0 2 0 2 1 1 1 1 0 0 3 3 3 0 6 7 4 3 4 1 2 8 5 7 9 4 4 1 2 4 0 2 0 0 0 0 2 5 1 1 2 1 3 4 3 2 10 7 8 31 28 3 0 1 9 27 12 25 9 38 7 0 0 3 1 7 4 8 2 8 10 0 0 5 
0 1 0 0 0 0 0 1 0 0 0 0 0 1 0 0 0 1 0 0 0 0 0 0 0 0 0 0 0 4 1 3 1 0 0 0 0 0 1 2 1 1 7 3 3 1 1 2 4 22 0 0 1 1 0 0 3 2 0 0 1 0 0 0 0 1 0 0 0 3 1 1 5 1 4 5 1 8 11 3 6 1 4 20 6 15 12 21 13 0 0 5 1 5 5 6 1 10 9 2 2 4 
0 2 0 0 1 3 1 0 3 3 0 0 0 0 0 0 0 0 0 0 0 0 1 0 0 0 0 1 0 1 0 0 1 0 1 0 0 1 0 0 1 1 9 0 0 5 6 1 4 12 1 1 5 3 0 0 2 4 0 2 0 0 0 0 2 1 0 1 0 0 0 1 0 0 15 13 4 11 20 9 9 0 4 27 12 9 7 43 2 0 0 10 4 5 1 3 0 3 8 3 0 4 
1 5 5 2 0 1 2 1 5 3 0 1 0 2 0 0 1 0 0 3 0 1 0 0 1 0 0 2 1 10 2 1 0 3 0 0 3 1 7 9 2 5 14 23 16 26 17 14 30 66 19 17 30 30 11 11 17 26 0 14 1 0 1 0 1 2 0 3 0 3 10 2 0 4 69 40 10 81 117 110 119 51 230 6 163 67 58 138 27 0 0 19 15 15 15 22 5 22 21 7 4 16 
1 5 2 0 0 0 3 4 4 1 3 0 1 0 0 0 0 0 0 0 0 2 1 0 0 0 1 1 0 3 0 3 0 1 0 0 0 0 2 2 7 2 11 6 11 6 8 3 11 31 6 4 5 3 1 1 6 9 0 4 0 2 0 0 4 1 1 4 1 0 2 5 0 3 11 8 2 15 21 24 44 6 48 37 9 44 26 42 18 0 0 20 5 20 12 7 3 25 15 4 2 6 
1 13 6 0 1 3 5 4 1 1 0 1 0 0 2 2 4 5 0 1 0 1 0 1 3 0 0 9 0 11 2 11 7 6 7 5 6 15 22 7 13 6 31 30 11 15 33 28 18 55 10 5 11 11 2 0 3 11 0 2 1 0 0 0 2 3 2 0 2 3 4 0 1 0 12 8 3 15 26 26 19 19 25 35 37 4 9 47 30 0 0 32 15 36 17 28 9 39 9 5 1 12 
2 3 0 0 2 1 1 0 0 1 0 0 2 0 0 2 4 5 1 4 0 3 2 3 0 0 0 2 0 13 3 5 2 1 0 2 5 11 16 9 6 4 12 16 16 15 12 13 12 42 3 1 8 1 2 1 1 2 0 1 1 0 1 1 5 3 0 1 0 1 2 0 0 0 11 2 2 11 19 9 15 5 9 26 25 8 5 31 22 0 0 15 6 17 11 21 3 21 3 3 1 8 
8 9 15 3 3 14 7 3 5 4 1 1 7 6 1 2 14 6 5 4 6 0 5 5 6 0 1 19 0 43 21 34 41 14 18 15 28 42 60 26 21 12 69 67 40 98 72 88 99 393 26 11 34 5 7 0 10 19 0 12 1 2 2 7 10 5 2 6 1 4 8 5 1 9 34 32 13 35 62 42 40 21 52 98 57 76 24 17 22 0 0 71 29 46 34 73 6 45 29 15 9 38 
1 1 0 1 0 3 4 3 1 1 0 0 1 0 2 0 2 4 0 0 2 1 3 0 2 0 0 1 1 9 3 7 8 5 3 7 9 6 10 9 10 1 10 28 6 8 6 11 17 19 3 5 4 4 2 0 3 9 0 5 1 0 0 1 1 0 1 0 0 1 0 1 0 0 3 7 2 5 16 24 15 3 9 20 14 19 18 34 5 0 0 18 3 17 9 38 3 15 5 9 3 6 
0 0 0 0 0 0 0 0 0 0 0 0 0 0 0 0 0 0 0 0 0 0 0 0 0 0 0 0 0 0 0 0 0 0 0 0 0 0 0 0 0 0 0 0 0 0 0 0 0 0 0 0 0 0 0 0 0 0 0 0 0 0 0 0 0 0 0 0 0 0 0 0 0 0 0 0 0 0 0 0 0 0 0 0 0 0 0 0 1 0 0 0 0 0 0 0 0 0 0 0 0 0 
0 0 0 0 0 0 0 0 0 0 0 0 0 0 0 0 0 0 0 0 0 0 0 0 0 0 0 0 0 0 0 0 0 0 0 0 0 0 0 0 0 0 0 0 0 0 0 0 0 0 0 0 0 0 0 0 0 0 0 0 0 0 0 0 0 0 0 0 0 0 0 0 0 0 0 0 0 0 0 0 0 0 0 0 0 0 0 0 0 0 0 0 0 0 0 0 0 0 0 0 0 0 
4 11 16 1 1 10 17 5 7 3 4 15 8 2 7 13 15 5 8 4 4 4 6 8 7 0 0 14 1 57 16 37 35 40 28 15 40 90 143 80 52 24 56 166 81 142 126 121 197 397 15 9 21 19 17 0 18 10 0 8 1 1 1 11 14 8 3 4 3 1 4 5 1 3 18 25 2 25 52 30 44 29 56 112 84 116 111 333 123 0 0 8 66 121 51 349 22 195 100 22 19 57 
0 2 0 0 0 1 1 0 0 0 0 2 0 0 0 0 1 2 0 0 0 0 0 0 0 0 0 2 0 2 0 13 0 1 0 0 5 4 3 6 2 2 6 12 6 10 14 16 15 25 2 1 0 0 0 0 0 0 0 1 0 0 0 0 0 0 0 0 0 0 0 4 0 0 1 3 3 5 3 1 8 10 3 27 13 15 9 42 15 0 0 13 2 3 3 14 2 28 5 1 3 5 
2 2 0 0 0 4 0 2 0 0 0 0 1 1 0 0 0 0 0 1 0 0 0 0 0 0 0 2 1 6 5 7 9 4 4 4 14 5 18 10 3 2 10 23 12 23 15 15 31 52 7 0 13 5 2 0 3 4 0 7 0 1 0 8 0 0 0 0 0 2 0 0 0 1 6 8 1 3 16 8 12 5 13 36 26 22 22 85 23 0 0 24 4 7 2 38 5 12 17 5 4 12 
0 0 0 0 1 2 0 1 2 0 0 0 1 0 0 1 2 1 0 0 0 0 0 0 1 0 0 0 0 5 3 9 5 4 1 2 4 2 6 5 8 3 10 9 8 7 10 13 11 33 1 1 3 3 2 0 1 1 0 0 0 0 0 0 1 0 0 0 0 0 0 0 0 0 4 0 1 11 7 7 9 3 10 16 13 11 18 36 17 0 0 7 6 7 1 12 0 32 7 5 2 4 
2 0 0 0 0 1 1 2 1 0 1 0 1 1 3 0 0 0 0 0 1 0 0 0 0 0 1 1 0 9 2 2 9 1 1 4 6 7 5 7 7 1 18 12 14 17 12 13 13 42 2 0 3 2 0 0 2 2 0 3 0 0 0 0 0 0 1 0 0 0 2 0 0 2 9 1 1 6 6 9 6 0 3 11 11 17 8 72 21 0 0 35 13 15 10 6 0 37 10 2 2 18 
0 0 0 0 0 0 0 0 0 0 0 0 0 0 0 0 0 0 0 0 0 0 0 0 0 0 0 0 0 0 0 2 3 0 0 0 0 0 1 0 0 0 0 2 1 1 1 1 1 1 0 0 1 0 1 0 0 0 0 0 0 0 0 0 0 0 0 0 0 0 0 0 0 0 0 0 0 1 1 3 1 0 0 0 0 1 1 6 6 0 0 4 2 3 0 0 0 1 0 0 0 1 
0 0 1 0 0 0 1 0 0 1 0 0 0 0 0 1 0 1 0 0 0 0 0 0 0 0 1 0 0 2 1 1 1 6 3 0 5 4 12 1 0 1 4 16 5 7 7 8 17 23 1 1 1 5 1 0 1 1 0 3 0 0 0 0 0 0 0 0 0 0 1 0 0 0 1 4 1 0 6 4 5 7 9 9 13 17 4 58 9 0 0 12 4 4 2 9 2 4 3 0 2 5 
0 11 3 0 0 0 0 0 0 0 1 0 3 0 1 0 0 0 0 0 0 0 2 0 0 0 0 1 0 7 1 4 4 1 1 1 3 3 9 5 4 0 6 17 4 12 15 7 13 41 2 2 4 1 1 0 4 3 0 0 0 0 0 0 3 0 0 0 0 0 0 0 0 0 5 8 1 2 7 8 12 11 9 11 7 5 6 43 21 0 0 6 4 9 4 3 0 3 4 2 2 1 
0 2 1 0 0 0 0 0 0 0 0 2 2 0 0 0 1 0 0 0 0 0 0 0 0 0 0 1 0 1 0 0 0 0 0 0 1 0 0 1 0 0 0 0 1 1 2 0 1 3 1 0 2 0 0 0 1 0 0 0 0 0 0 0 0 0 0 0 0 0 0 0 0 0 2 0 1 3 4 0 1 1 1 6 1 5 3 7 2 0 0 0 0 1 1 0 0 3 0 0 1 0 
0 1 1 2 0 0 0 0 0 0 0 0 0 0 0 0 1 0 0 0 0 0 0 1 0 0 0 1 0 2 0 0 0 0 0 1 1 1 6 1 0 0 2 1 1 3 1 1 1 6 0 0 1 0 0 0 1 0 0 0 0 0 0 0 0 0 0 0 0 0 1 0 0 0 5 1 0 0 2 2 2 0 1 1 2 0 0 4 5 0 0 1 0 1 2 1 0 2 0 0 1 0 
16 18 11 0 0 8 9 6 7 3 3 5 3 3 2 5 12 4 1 2 2 2 5 1 0 0 1 6 0 38 14 47 31 6 22 27 33 47 46 35 19 8 81 77 64 80 67 62 57 214 17 7 19 11 9 0 7 8 0 5 3 4 3 4 6 6 0 0 0 0 9 3 4 4 18 9 5 9 42 26 19 15 16 36 41 43 33 229 55 0 0 50 25 68 72 83 4 53 24 3 2 7 
