2 3 6 2 3 9 5 7 3 4 0 16 6 2 20 8 8 3 1 0 3 1 3 1 0 1 0 5 0 0 0 0 1 1 3 1 0 5 2 0 0 0 0 0 0 0 0 0 1 1 0 0 0 1 0 0 0 2 0 1 0 1 1 1 1 3 1 1 0 0 0 0 0 0 0 0 0 1 4 0 0 0 1 0 0 0 0 0 0 0 0 0 1 0 0 1 0 0 0 0 0 0 
2 3 22 6 6 34 11 9 15 7 3 17 12 18 14 12 14 2 10 4 6 1 3 4 1 0 1 2 1 0 1 9 1 1 1 1 0 5 4 3 2 0 1 3 0 0 0 3 1 1 2 2 4 2 0 0 0 4 0 1 1 0 4 0 10 2 2 0 0 0 0 1 1 0 0 0 0 2 10 0 0 0 0 0 0 0 0 0 0 0 0 0 0 0 0 0 0 0 0 0 0 0 
3 0 3 10 1 10 6 7 9 7 2 11 13 11 11 11 9 1 4 2 4 4 1 3 0 2 0 0 4 2 0 0 0 0 1 1 0 0 0 2 1 0 1 2 1 0 0 2 0 2 5 0 0 0 0 1 0 1 0 1 2 1 0 0 1 1 0 0 0 0 0 0 0 0 0 1 0 0 3 0 1 0 1 0 1 0 0 2 0 0 0 0 0 0 1 0 0 0 0 0 0 0 
3 4 12 1 0 2 1 2 2 3 0 4 3 0 0 3 0 1 0 4 2 0 2 0 0 0 0 0 0 0 0 0 0 0 0 0 0 0 0 0 0 0 0 0 0 0 0 0 0 1 0 0 0 0 0 0 0 0 0 1 0 0 0 0 0 0 0 0 0 0 0 0 0 1 0 0 0 2 0 0 0 0 0 0 0 0 0 0 0 0 0 0 0 0 0 0 0 0 0 0 0 0 
3 5 4 2 0 1 1 2 7 1 1 1 5 1 4 0 4 2 2 1 2 1 0 2 0 0 0 0 1 0 0 0 0 0 0 0 0 0 0 3 1 0 0 0 0 0 1 1 1 0 0 0 2 1 0 0 0 0 0 0 0 0 0 0 1 1 0 0 0 0 0 0 0 1 0 0 0 0 1 0 1 0 0 0 0 1 0 0 0 0 0 0 0 0 0 0 1 1 0 0 0 0 
14 21 38 23 2 1 0 8 6 11 4 14 6 10 16 16 16 3 11 2 2 2 1 2 1 0 1 2 0 0 0 0 0 0 2 1 0 1 6 2 0 0 3 0 1 0 2 0 0 5 4 0 0 2 2 1 1 3 0 0 1 0 0 0 2 2 0 1 1 1 1 1 0 0 1 0 1 1 7 0 4 0 2 1 0 1 0 1 0 0 0 0 0 0 2 0 0 0 0 1 0 1 
3 21 6 8 2 4 4 8 7 18 0 11 14 13 12 10 6 10 5 4 3 4 3 2 1 0 0 2 0 1 0 0 0 1 1 2 0 0 0 5 0 0 0 0 1 0 2 1 1 1 0 1 2 0 0 0 4 2 0 0 1 0 1 0 3 3 4 1 0 1 0 1 0 0 0 0 0 0 4 3 1 0 0 0 0 1 1 2 0 0 0 0 0 1 0 0 0 1 0 1 0 0 
6 24 25 8 5 8 4 2 7 12 5 18 20 13 26 17 26 9 7 4 5 6 2 7 1 0 1 4 3 2 3 1 1 2 1 0 0 1 8 11 4 1 9 1 2 3 2 4 0 5 2 0 5 0 0 3 2 9 0 2 1 0 0 2 4 3 2 1 0 0 3 1 0 0 1 0 0 2 11 0 0 0 3 7 0 2 0 3 1 0 0 2 0 2 0 1 0 1 1 0 0 0 
18 47 34 20 14 28 16 6 6 8 8 18 20 14 20 19 16 5 4 5 5 7 6 4 1 1 0 4 3 1 0 1 2 1 2 1 0 3 6 5 3 0 2 4 0 3 0 2 5 3 3 0 2 0 0 0 1 7 0 0 1 0 1 2 0 1 1 1 0 0 0 4 0 0 1 2 0 0 0 1 0 0 0 1 0 3 0 3 0 0 0 0 1 4 0 0 0 1 0 0 0 1 
5 14 18 3 2 14 13 2 0 1 5 8 9 10 22 10 8 3 4 1 3 5 3 3 3 0 3 3 0 1 0 2 2 1 0 0 0 0 6 6 3 1 1 1 0 2 3 3 2 5 5 2 2 7 1 0 4 3 0 2 0 0 2 0 0 0 0 0 0 2 2 2 0 1 3 7 1 0 10 1 0 1 0 1 1 0 0 2 0 0 0 1 0 0 0 0 0 0 1 0 0 0 
1 6 6 0 0 4 1 2 1 0 0 0 5 2 4 2 2 3 1 2 3 3 0 3 1 1 0 1 0 0 0 1 0 1 0 0 0 0 1 0 1 1 1 0 2 1 0 1 4 2 0 1 0 0 0 0 0 0 0 0 0 0 0 0 0 0 0 0 0 0 0 2 0 1 0 0 2 0 0 1 0 0 0 1 0 2 0 4 0 0 0 1 0 0 1 0 0 0 0 0 0 1 
8 23 12 4 8 40 21 18 15 9 3 3 13 8 22 19 9 8 15 10 7 24 5 13 4 1 1 10 1 6 0 5 4 2 4 0 2 0 2 15 2 1 4 1 3 7 5 4 1 16 1 2 3 2 1 0 3 5 0 5 1 0 0 0 2 0 0 1 0 0 6 1 0 2 0 1 0 2 4 2 0 0 1 0 0 1 0 5 2 0 0 0 0 1 0 0 0 4 0 0 0 0 
4 21 29 3 9 52 20 31 25 25 12 10 4 10 17 23 21 26 20 11 13 9 7 18 4 4 2 19 2 4 5 4 3 3 1 1 1 3 9 14 3 1 5 0 2 0 4 3 3 8 7 2 1 0 1 0 3 3 0 7 0 0 0 0 0 2 0 0 0 0 1 0 0 1 3 0 1 2 6 0 0 0 0 0 0 0 2 3 5 0 0 0 0 6 0 1 0 0 0 1 0 2 
41 79 61 15 18 117 56 101 100 65 22 52 49 3 10 40 104 43 38 54 36 50 45 83 38 14 16 54 3 2 2 1 3 0 0 0 0 1 4 10 4 0 1 1 1 4 0 3 1 11 4 4 5 10 2 7 11 25 0 6 0 1 0 0 1 0 1 0 0 0 0 0 0 0 4 3 1 25 24 2 1 0 1 0 0 1 1 0 1 0 0 0 1 0 0 0 4 0 0 0 0 0 
10 20 21 9 10 27 7 27 15 20 4 13 10 2 6 5 19 24 14 16 15 24 20 22 10 1 5 30 0 6 0 2 3 0 0 1 0 1 1 7 1 4 0 0 2 1 0 2 1 2 2 6 1 1 0 0 3 7 0 5 0 0 0 0 0 0 0 0 0 0 1 0 1 1 4 1 0 0 5 1 0 0 0 0 0 0 0 2 1 0 0 0 0 0 0 0 0 0 0 0 0 0 
44 89 70 23 39 114 78 116 72 90 53 103 108 41 24 22 79 115 70 97 120 101 119 140 61 23 40 154 1 50 21 48 27 21 23 22 9 0 9 51 17 2 12 17 24 18 14 23 16 36 8 4 10 9 6 4 8 16 0 6 6 0 0 8 2 5 1 4 4 0 5 6 4 7 3 2 0 8 32 1 4 0 3 0 2 2 6 19 14 0 0 5 2 3 6 15 4 7 6 0 0 2 
13 29 37 2 7 42 18 12 24 17 3 41 37 15 21 18 5 14 7 11 23 24 27 39 22 3 5 24 2 15 7 27 9 4 7 5 1 7 9 19 5 1 7 3 3 8 8 8 6 22 0 2 1 2 0 0 7 10 0 3 2 0 1 3 0 0 0 0 0 0 1 0 0 0 0 0 0 0 17 0 0 0 0 0 0 6 1 4 5 0 0 0 1 0 0 2 0 0 2 0 0 1 
5 5 15 3 1 19 6 16 14 20 15 18 27 7 1 38 11 2 3 22 22 15 35 27 19 6 4 28 0 15 1 11 7 1 7 3 2 0 6 8 4 2 6 4 7 8 6 1 4 14 2 2 2 0 1 1 1 2 0 2 0 0 1 2 0 0 0 0 0 0 0 0 1 1 2 0 0 1 5 0 1 0 0 0 0 1 9 8 8 0 0 2 1 1 0 1 0 1 1 0 0 0 
8 17 11 1 10 21 12 12 13 10 11 33 23 20 18 41 76 14 0 12 46 35 33 62 16 14 9 33 0 11 11 6 21 3 11 1 3 7 9 8 3 1 4 1 6 10 9 4 4 14 2 1 0 0 0 0 6 4 0 2 0 0 0 4 2 0 0 1 0 0 1 0 1 0 3 2 0 7 6 1 0 0 0 0 0 1 0 9 1 0 0 2 1 0 0 1 0 0 0 0 0 0 
1 4 2 1 0 6 8 5 5 7 0 9 7 8 7 9 13 5 4 1 1 2 10 7 12 5 15 34 0 3 0 0 1 0 2 0 0 2 5 1 1 0 2 2 0 2 0 0 2 5 0 0 0 0 1 0 0 0 0 0 0 0 0 0 0 0 0 0 0 0 0 0 0 0 2 0 0 0 1 0 0 0 0 0 0 0 0 2 2 0 0 1 0 0 0 0 2 0 0 0 0 0 
2 6 1 1 2 5 7 3 9 3 0 15 19 13 9 32 32 10 10 3 4 5 54 40 24 17 17 33 0 5 1 2 1 3 1 0 2 0 9 8 3 2 3 2 2 8 0 2 2 4 1 0 4 0 0 0 0 2 0 1 0 0 0 0 1 0 0 0 0 0 0 0 0 0 0 0 1 0 3 0 0 0 0 0 0 9 0 5 0 0 0 0 0 0 0 0 0 2 0 0 0 0 
3 11 3 0 1 13 1 4 4 3 5 9 13 17 8 18 13 5 3 10 3 0 6 15 13 3 6 34 3 10 0 0 3 1 1 0 6 1 4 3 1 0 2 0 1 0 0 1 0 2 0 0 0 1 0 1 0 0 0 0 0 0 0 1 0 0 0 0 0 0 0 0 0 0 0 0 0 0 0 0 0 0 0 0 0 0 0 2 0 0 0 0 0 0 0 1 0 0 0 0 0 1 
3 5 1 0 0 2 1 2 2 3 3 2 3 1 19 9 9 5 7 4 6 3 0 9 6 2 1 16 0 0 0 0 0 1 0 0 0 1 1 2 0 0 0 0 0 0 2 2 0 7 0 1 0 0 1 0 0 0 0 0 0 0 0 0 0 2 0 0 0 0 0 0 0 0 1 0 0 0 3 0 0 0 0 0 0 1 0 1 0 0 0 0 0 1 0 0 0 0 0 0 0 0 
0 5 2 0 1 6 3 8 3 6 1 9 3 2 8 18 10 11 8 4 9 7 18 0 1 14 30 37 0 1 3 3 1 3 1 1 1 2 7 8 6 0 0 1 2 0 3 0 2 0 1 0 0 0 0 0 0 1 0 1 0 0 0 0 1 0 0 0 0 0 0 1 0 1 0 0 1 0 3 0 0 0 0 0 0 0 1 3 0 0 0 0 0 0 0 0 0 2 0 0 0 0 
1 2 5 1 1 3 1 0 1 2 2 5 2 3 2 5 3 8 3 3 3 4 1 5 0 1 1 15 0 1 1 3 2 1 0 0 2 1 1 5 3 0 0 1 1 3 0 2 0 2 1 0 1 0 0 0 1 0 0 0 0 0 0 0 0 0 0 0 0 0 0 0 0 0 1 0 0 0 1 0 0 0 0 0 0 0 0 6 0 0 0 0 0 0 0 1 0 0 0 0 0 0 
0 0 0 0 0 0 0 0 0 0 0 1 2 0 0 2 0 2 0 0 1 1 0 2 0 0 0 3 0 0 0 0 0 0 0 0 0 1 1 0 0 0 0 0 0 0 0 0 0 0 0 0 0 0 0 0 0 0 0 0 0 0 0 0 0 0 0 0 0 0 0 0 0 0 0 0 0 1 0 0 0 0 0 0 0 0 0 0 0 0 0 0 0 0 0 0 0 0 0 0 0 0 
0 0 0 0 0 0 0 0 0 0 0 1 0 0 1 0 1 2 0 1 1 0 2 4 1 1 1 3 0 2 0 1 0 0 0 0 1 0 0 0 0 0 0 1 0 0 1 0 0 0 0 0 0 0 0 0 0 0 0 0 0 0 0 0 1 0 0 0 0 0 0 0 0 0 0 0 0 0 0 0 0 0 0 0 0 0 0 0 0 0 0 1 0 0 0 0 0 0 0 0 0 1 
3 0 0 1 1 9 1 4 1 4 1 4 5 7 13 17 12 13 13 11 14 17 16 10 10 2 13 3 0 1 2 1 2 2 0 0 0 2 7 0 2 0 4 7 0 3 0 1 0 4 0 0 0 1 1 0 0 1 0 0 0 0 0 0 0 0 0 0 0 0 0 0 0 0 1 0 0 0 2 0 0 0 0 0 0 0 0 0 0 0 0 0 0 0 0 0 0 0 0 0 0 0 
219 512 668 132 203 369 168 182 103 80 58 66 62 64 45 74 36 16 26 4 18 8 11 6 5 0 0 17 3 12 4 12 3 2 11 6 0 12 11 20 7 2 2 0 3 7 2 0 4 7 0 0 7 3 2 6 5 12 0 5 9 1 2 8 6 6 2 0 2 0 1 1 0 0 2 1 0 4 45 6 2 6 0 0 0 1 3 0 0 0 0 14 0 6 0 1 0 0 0 0 0 0 
2 1 0 0 0 7 2 0 0 6 0 3 5 0 1 1 10 3 4 3 0 4 1 8 2 0 0 5 0 9 33 72 47 24 36 33 48 56 64 53 15 6 12 4 9 17 7 4 5 34 4 1 3 0 3 1 3 4 0 4 2 0 2 8 17 14 5 19 1 1 4 2 0 0 2 0 0 0 31 3 0 0 1 1 1 2 1 19 3 0 0 3 1 5 3 3 0 3 4 0 1 1 
2 4 1 0 0 1 0 5 0 0 2 0 2 1 0 1 5 5 5 0 1 0 0 0 2 0 0 1 0 41 5 39 23 14 17 19 23 20 34 23 5 2 1 2 6 7 2 2 3 14 1 2 2 1 1 0 0 5 0 0 1 0 1 1 5 4 1 5 1 1 1 4 0 0 2 0 1 1 1 0 0 0 0 0 1 8 1 3 0 0 0 0 0 0 1 1 1 0 1 1 0 0 
0 3 3 0 2 8 2 1 1 3 1 4 1 0 1 4 14 7 3 2 0 4 9 5 1 1 0 3 0 38 24 2 26 9 15 29 18 39 36 40 24 4 5 7 10 10 10 8 6 28 1 2 0 2 0 0 2 3 0 1 5 2 1 11 8 4 8 3 1 3 4 5 0 1 0 0 1 4 6 1 2 1 0 2 0 5 2 14 8 0 0 3 3 3 1 5 0 6 3 0 1 1 
11 12 12 1 2 8 9 4 9 4 3 20 8 5 7 13 34 27 12 4 6 6 5 10 10 3 0 11 0 168 66 83 10 29 78 73 105 89 72 169 85 14 72 43 77 111 75 79 72 283 27 20 31 15 11 3 16 9 0 14 4 0 3 14 21 23 3 15 4 9 26 24 12 3 9 3 0 7 31 6 2 1 4 3 7 22 13 77 36 0 0 23 6 40 15 21 1 17 9 1 0 8 
2 4 1 0 0 1 0 3 0 1 2 1 1 0 3 5 17 6 1 2 3 0 8 2 1 0 3 4 0 58 24 22 9 5 8 9 14 19 29 46 5 1 14 9 3 6 7 10 8 22 2 2 4 3 1 1 4 2 0 0 1 0 1 1 10 7 7 4 0 3 5 11 4 4 1 1 0 1 8 3 1 0 0 0 1 1 3 12 4 0 0 4 1 3 2 6 1 2 1 0 0 0 
2 6 10 0 1 4 1 4 3 0 0 2 2 1 0 8 6 12 4 12 2 3 6 10 5 1 11 18 0 97 39 59 26 21 3 12 16 36 42 95 38 13 24 18 41 21 21 8 25 69 5 14 4 3 4 2 7 7 0 8 2 0 1 17 4 19 3 1 3 1 22 17 4 4 8 1 0 3 19 3 1 0 0 1 0 6 2 16 14 0 0 7 4 4 2 13 2 3 4 1 4 0 
1 2 6 0 0 0 1 1 2 3 0 1 1 0 1 5 5 7 1 6 4 9 2 0 0 1 2 3 0 63 23 27 18 2 2 1 11 36 22 41 17 3 3 8 1 17 18 11 8 21 4 0 3 3 0 0 2 2 0 0 1 0 0 4 5 9 1 2 3 0 8 4 1 6 0 0 0 1 1 1 0 0 0 0 0 4 0 19 6 0 0 1 6 2 5 4 1 2 2 0 0 6 
2 2 3 4 0 6 2 4 5 0 0 3 3 0 1 34 24 11 8 13 15 10 4 15 3 0 2 14 0 356 79 211 64 61 74 65 11 86 144 423 104 40 39 48 64 74 71 50 50 165 3 4 4 3 2 0 5 3 0 2 0 0 5 19 26 19 9 28 6 12 30 15 11 5 5 5 0 2 12 0 0 0 1 0 1 10 13 76 44 0 0 23 10 15 18 30 4 15 21 11 9 5 
3 1 2 0 1 7 5 1 9 2 1 6 9 7 4 3 23 10 5 6 6 7 25 6 3 3 3 9 0 126 57 130 54 49 74 65 25 2 24 134 59 10 30 29 41 48 48 31 31 96 5 4 0 4 1 0 2 6 0 0 3 2 11 10 19 19 0 14 0 0 12 7 6 8 2 0 1 0 6 3 3 0 0 1 0 12 14 31 27 0 0 7 16 14 5 21 0 7 6 1 1 3 
26 51 38 23 14 120 52 77 108 60 23 124 73 20 10 9 116 132 42 131 96 74 107 119 41 14 39 94 3 333 143 449 181 184 177 194 176 78 18 696 259 37 87 113 120 142 99 137 103 364 17 12 37 11 13 3 22 32 0 10 3 1 12 41 83 59 23 36 26 18 33 29 13 19 10 3 7 18 43 10 10 0 31 19 7 45 54 146 44 0 0 34 27 46 20 72 9 38 49 12 6 20 
0 8 6 2 2 7 12 14 6 3 2 17 10 8 3 11 19 12 9 6 11 2 11 14 4 0 0 2 0 60 28 41 22 22 31 28 27 53 110 11 13 3 16 25 20 31 33 34 58 141 1 1 5 3 5 3 2 3 0 1 1 1 1 6 10 3 2 7 1 3 2 1 2 3 0 1 0 6 11 1 1 1 6 5 7 1 7 15 14 0 0 15 8 12 3 19 2 6 2 3 1 3 
3 6 4 1 0 2 2 6 6 1 0 4 5 0 0 1 12 4 2 5 4 4 4 6 4 0 0 3 0 22 11 25 13 5 4 12 13 37 55 7 1 4 8 11 8 16 23 25 24 66 3 2 0 0 2 0 0 2 0 0 0 0 0 3 3 5 1 2 1 0 2 0 0 1 1 2 0 2 4 1 5 1 1 2 3 3 0 9 3 0 0 6 2 3 1 13 3 4 5 1 0 3 
1 0 0 0 0 0 2 0 0 1 2 2 0 0 0 3 2 0 4 1 0 0 0 1 0 0 0 4 0 6 1 3 2 2 3 1 4 12 6 14 4 1 4 1 3 7 7 3 6 10 1 0 2 0 1 0 0 1 0 0 0 0 0 0 0 2 0 1 0 0 0 0 0 0 0 0 0 0 5 0 0 1 1 2 0 10 3 6 13 0 0 0 1 3 0 2 1 3 2 0 0 0 
1 12 2 0 1 14 3 12 6 6 8 14 15 6 9 4 20 16 2 5 2 4 1 4 2 2 0 5 0 38 17 50 25 12 20 11 35 44 53 65 59 12 6 11 46 25 36 54 51 102 2 7 5 3 0 0 2 5 0 3 3 0 3 2 6 5 1 13 3 1 1 4 0 0 12 3 1 8 33 11 21 12 30 39 38 37 24 73 40 0 0 13 18 36 20 69 4 45 14 3 3 8 
0 8 3 0 1 4 10 11 6 10 9 11 8 4 6 8 16 20 13 5 9 11 15 12 5 0 3 11 0 39 24 55 22 26 23 15 18 85 116 172 97 25 41 9 86 117 78 115 169 186 3 6 5 0 1 0 6 10 0 2 2 0 4 4 14 3 1 4 3 4 1 1 1 0 16 7 3 26 52 36 56 13 39 61 83 168 84 183 43 0 0 42 65 136 30 124 27 93 49 11 15 14 
2 4 2 0 2 3 2 5 4 5 4 2 4 2 1 12 8 7 3 1 3 1 3 10 2 0 2 1 0 13 4 21 9 6 19 16 22 20 31 32 18 5 14 19 4 27 32 55 66 79 0 2 3 4 1 5 2 4 0 0 0 0 0 2 5 7 0 2 0 2 0 1 0 0 2 0 0 8 1 5 4 3 8 2 13 10 10 26 9 0 0 5 6 10 13 20 12 10 11 10 1 3 
7 11 6 1 4 4 3 11 16 11 10 15 10 3 6 15 25 20 19 10 18 11 31 20 3 2 0 17 4 57 24 82 35 27 22 34 80 83 120 180 118 34 71 145 120 10 95 374 428 517 7 2 3 4 3 3 3 4 0 0 1 0 6 8 21 11 0 10 2 0 9 5 0 2 4 7 0 15 36 33 26 30 47 69 44 76 79 232 68 0 0 22 37 42 28 82 9 72 45 11 4 11 
2 5 2 0 2 2 2 3 2 3 0 2 4 0 1 3 6 4 0 3 5 4 1 1 2 0 1 0 0 16 5 20 34 13 11 13 7 20 30 40 11 9 12 15 25 23 5 60 61 84 3 1 0 2 1 0 0 7 0 0 1 0 0 3 1 2 0 1 1 3 3 1 1 0 1 3 2 3 5 4 6 1 3 4 9 11 4 57 9 0 0 9 6 8 9 8 1 5 10 4 0 14 
2 0 1 0 0 3 1 2 1 4 1 2 0 1 0 4 8 2 2 1 5 4 3 1 3 0 1 3 0 12 7 11 17 6 8 1 10 17 25 19 29 3 5 34 23 80 26 7 73 158 3 0 1 3 0 0 0 2 0 0 0 0 0 0 4 2 0 1 0 2 1 2 0 0 3 0 0 1 5 0 4 7 1 5 6 10 11 34 9 0 0 6 3 10 11 12 2 5 6 2 0 4 
2 2 0 0 0 0 2 1 1 0 1 5 0 0 1 6 2 0 2 0 0 1 0 4 0 0 1 2 0 6 1 10 11 8 14 4 5 9 14 21 14 2 19 6 17 20 17 24 8 54 2 0 1 4 0 0 1 1 0 0 0 0 0 2 4 2 0 0 1 2 0 0 0 0 5 3 2 4 8 4 4 2 2 2 3 7 7 48 5 0 0 5 1 6 2 8 2 11 7 2 0 0 
8 8 10 4 6 16 13 6 13 10 4 15 12 3 10 22 27 22 7 2 10 17 23 20 8 0 2 20 0 94 31 85 103 50 46 54 90 116 160 161 112 25 71 138 161 290 174 433 701 13 6 1 5 6 3 0 9 15 0 0 1 1 1 23 12 9 11 3 2 2 14 7 6 0 19 5 3 17 38 30 19 13 29 23 22 50 51 338 64 0 0 37 23 76 44 72 3 64 50 10 7 19 
0 1 2 0 1 0 0 0 0 0 0 1 3 0 1 1 0 0 1 1 0 0 0 0 1 0 1 0 0 2 0 0 1 2 0 0 0 0 0 0 0 0 2 6 0 1 0 1 1 1 3 4 7 9 6 3 4 3 0 4 3 0 1 0 4 3 0 0 0 2 2 5 2 1 3 4 0 0 14 3 3 1 5 3 2 4 2 16 3 0 0 2 0 1 0 0 0 0 0 0 0 1 
0 2 0 0 0 0 0 0 0 1 1 0 0 3 1 1 0 0 0 1 0 0 0 0 0 0 1 0 0 0 0 0 3 1 0 0 0 0 0 0 0 0 0 3 0 1 0 1 2 3 4 2 8 13 6 6 18 3 0 3 0 1 0 1 3 0 1 1 1 1 1 1 1 1 4 1 0 3 21 1 4 0 5 3 4 2 0 10 3 0 0 1 1 2 2 0 0 2 0 0 0 0 
3 2 2 0 1 5 13 3 3 1 3 2 5 6 14 3 2 1 1 1 2 0 2 1 11 0 0 1 0 5 2 16 7 13 2 0 0 2 3 1 0 0 4 3 2 11 2 3 7 3 121 30 11 45 41 13 18 36 0 15 0 0 4 10 11 11 2 7 0 5 3 6 5 7 13 16 1 36 100 25 22 3 16 11 5 6 1 21 4 0 0 2 1 5 0 2 0 3 0 0 1 0 
0 0 1 0 0 2 4 3 1 0 2 5 0 0 2 0 4 1 1 0 0 0 1 2 0 0 0 2 0 6 1 4 0 3 1 1 1 0 0 0 0 0 2 2 10 0 1 1 1 3 3 9 10 1 4 0 11 15 0 7 0 0 0 3 1 3 1 5 0 2 1 1 2 2 3 2 3 4 21 1 2 2 0 7 2 0 0 10 3 0 0 0 0 1 1 0 0 1 0 0 1 0 
0 1 2 0 0 0 0 0 1 0 0 0 2 0 1 0 0 0 0 0 0 0 0 0 3 0 0 0 0 0 1 2 0 1 1 0 0 0 0 0 0 0 1 0 0 1 1 2 0 2 2 2 0 1 0 0 1 1 0 1 0 1 1 0 2 0 0 0 1 1 1 0 0 0 0 3 0 1 10 0 1 1 5 4 0 2 0 4 0 0 0 0 0 0 0 0 0 0 0 0 0 0 
0 2 0 0 0 2 0 0 0 0 0 0 3 0 0 1 0 0 0 0 0 0 0 0 0 0 0 0 0 0 0 0 0 0 1 1 0 0 0 0 0 0 0 0 1 0 0 0 0 0 3 1 2 0 1 0 2 0 0 0 0 2 0 1 3 0 1 1 0 0 0 0 0 0 0 1 0 1 2 0 0 0 1 1 2 0 0 2 0 0 0 0 0 0 0 2 0 0 0 0 0 0 
0 0 1 0 0 6 0 4 0 2 7 0 0 3 5 2 3 1 2 0 0 0 1 0 1 0 0 0 0 3 1 0 4 4 1 0 0 0 0 0 0 0 2 0 0 3 0 1 0 5 8 3 2 3 4 0 3 1 0 1 2 0 5 1 1 1 0 5 2 2 3 4 0 0 2 5 0 5 12 3 1 0 0 7 2 0 0 4 0 0 0 0 0 2 0 1 0 1 0 0 1 0 
0 1 1 1 2 5 3 1 1 0 1 2 7 4 2 1 5 2 5 0 0 3 3 5 1 0 0 0 0 3 1 1 1 3 2 2 1 0 3 5 1 1 0 4 1 4 2 2 0 2 14 3 11 20 8 2 11 0 0 9 2 0 4 2 3 8 4 4 2 4 1 2 1 1 8 5 2 12 46 12 8 1 14 13 9 2 0 10 2 0 0 1 1 4 3 2 0 2 2 1 1 0 
0 0 0 0 0 0 0 0 0 0 0 0 0 0 0 0 0 0 0 0 0 0 0 0 0 0 0 0 0 0 0 0 0 0 0 0 0 0 0 0 0 0 0 0 0 0 0 0 0 0 0 0 0 0 0 0 0 0 0 0 0 0 0 0 0 0 0 0 0 0 0 0 0 0 0 0 0 0 0 0 0 0 0 0 0 0 0 0 0 0 0 0 0 0 0 0 0 0 0 0 0 0 
5 13 7 0 2 34 3 2 0 1 1 4 3 6 4 11 6 3 7 0 2 4 2 3 2 0 1 4 0 3 1 14 2 2 7 2 0 0 1 3 1 0 4 1 1 0 0 1 0 4 8 7 10 9 3 2 9 22 0 4 0 2 3 8 9 12 4 7 0 1 16 8 1 4 11 1 2 5 24 6 4 2 14 13 15 14 3 9 0 0 0 2 1 1 1 1 0 0 1 0 0 1 
1 1 0 0 0 3 2 1 0 0 1 1 0 0 2 0 0 0 0 0 1 0 0 0 0 0 0 0 0 3 0 3 0 1 1 0 0 0 0 1 0 0 1 2 0 0 1 0 0 2 6 1 0 3 2 9 2 4 0 0 1 0 0 3 6 0 5 0 0 2 2 0 1 2 0 0 3 0 0 0 1 1 1 4 0 0 1 3 1 0 0 0 0 2 0 0 1 0 0 0 0 0 
3 3 5 0 3 1 0 0 0 2 1 1 1 1 0 0 0 0 2 0 0 0 0 0 0 0 0 0 0 7 4 6 2 4 6 3 0 3 10 11 3 0 0 0 0 1 2 1 4 11 8 0 2 5 4 0 5 8 0 5 5 6 0 32 8 11 1 7 0 9 8 5 1 2 0 2 0 14 5 4 7 1 0 1 0 4 2 2 2 0 0 2 2 0 0 0 0 0 0 0 0 0 
1 0 0 0 0 0 0 0 0 0 0 0 0 0 0 0 0 0 0 0 0 0 0 0 0 1 0 0 0 0 2 1 0 2 0 1 0 2 0 0 3 0 0 0 1 0 2 0 1 1 0 0 0 0 0 0 0 1 0 3 0 0 0 1 1 5 0 0 3 0 0 0 0 0 0 0 1 1 3 8 1 0 0 0 0 0 2 0 1 0 0 0 1 0 0 0 0 0 0 0 0 0 
3 8 3 0 6 9 4 5 1 1 3 1 0 2 0 3 2 2 1 0 0 0 0 5 0 0 0 2 0 13 2 7 0 2 10 3 9 1 8 9 2 1 6 5 4 6 2 0 5 10 3 6 9 6 6 0 8 29 0 8 8 0 1 1 9 11 6 11 2 19 38 18 11 7 1 2 1 3 37 1 2 1 2 0 2 1 2 5 6 0 0 18 1 1 0 1 0 2 1 0 0 0 
1 1 0 0 0 0 0 4 0 3 3 1 0 1 0 0 0 0 0 0 0 0 0 0 0 0 2 0 0 5 3 3 2 1 1 1 0 5 1 5 4 1 4 0 0 9 0 1 2 5 6 1 7 6 2 1 6 3 0 4 3 0 0 1 0 9 9 15 13 11 11 34 8 4 2 1 1 3 8 3 0 1 0 0 2 2 1 6 0 0 0 0 0 0 0 4 0 2 0 1 0 0 
1 2 0 0 1 1 1 3 4 1 0 0 1 0 0 0 0 1 0 0 1 0 0 0 0 0 0 0 0 9 8 13 10 0 4 3 2 0 3 17 3 4 3 1 4 3 1 2 4 13 2 2 4 2 8 0 4 9 0 10 7 2 4 4 4 14 5 11 11 12 18 32 15 17 4 5 1 3 26 0 0 1 3 1 2 4 3 4 1 0 0 1 0 0 0 0 0 0 0 0 1 0 
0 2 0 0 0 0 0 2 0 0 1 0 0 0 0 0 0 0 0 0 0 0 0 1 0 0 0 0 0 4 1 4 0 0 0 3 0 1 3 2 0 0 1 0 0 3 0 2 0 0 0 1 3 2 2 0 5 4 0 2 1 1 3 4 2 2 2 1 2 2 5 9 4 6 1 0 0 1 4 0 2 0 0 0 0 0 0 0 0 0 0 0 0 0 0 0 0 0 0 0 0 0 
0 4 2 0 0 4 1 6 1 1 2 0 1 0 0 0 0 0 0 0 0 0 1 0 0 0 0 0 1 4 1 1 1 5 5 0 1 0 1 2 4 0 0 1 0 0 0 6 1 2 3 3 6 6 1 1 2 3 0 1 1 0 1 1 6 6 1 2 0 6 18 18 9 11 1 0 1 0 7 4 0 0 5 0 0 1 0 1 0 0 0 0 0 0 0 0 0 0 1 0 0 0 
0 0 0 0 0 0 0 2 0 0 1 0 1 0 0 0 0 0 0 0 0 0 0 0 0 0 0 0 0 0 1 2 2 2 4 3 1 1 0 0 1 0 1 0 2 2 0 0 0 2 0 4 3 0 1 0 0 0 0 1 1 1 2 0 8 8 7 4 0 2 14 12 3 9 0 0 1 0 5 0 0 0 0 0 0 2 0 1 0 0 0 0 0 0 1 0 0 0 0 0 0 0 
0 0 0 0 1 0 1 1 0 0 0 1 0 0 0 1 0 0 0 0 0 0 0 0 0 0 0 0 0 0 2 5 3 0 0 0 0 0 0 0 0 0 0 1 0 1 0 1 1 1 1 0 0 1 0 0 1 13 0 8 2 0 0 3 3 21 4 5 0 2 4 4 4 12 0 0 0 3 7 0 0 0 0 0 0 0 0 2 0 0 0 1 0 0 0 0 0 0 0 0 0 0 
0 1 2 0 0 1 0 1 0 0 0 1 2 0 0 1 0 0 0 0 0 0 0 0 0 0 0 0 1 2 4 3 1 9 2 1 3 2 11 1 1 1 2 0 1 0 0 0 0 4 1 0 3 2 1 0 3 0 0 2 3 1 0 2 5 12 1 9 9 7 2 9 1 7 0 0 0 0 8 0 0 0 0 0 0 0 0 0 0 0 0 0 0 0 1 0 0 0 0 1 0 0 
1 1 0 0 0 0 2 7 0 1 0 2 0 0 0 0 1 1 0 0 0 0 0 1 0 0 0 0 1 15 4 2 3 9 2 1 5 2 3 0 1 0 3 2 0 1 1 2 1 4 2 0 1 5 0 0 3 5 0 2 2 1 1 4 17 19 9 17 10 32 62 3 17 19 0 2 0 1 18 0 0 0 0 0 0 0 0 0 0 0 0 2 0 0 0 0 0 0 0 0 0 0 
1 0 0 0 1 0 0 0 0 1 0 2 1 0 0 0 0 0 0 0 0 0 0 0 0 0 0 0 0 2 0 0 0 1 4 0 0 0 3 2 2 0 2 0 1 2 0 1 0 1 2 1 0 1 0 0 3 1 0 5 1 2 1 2 5 16 1 7 5 3 2 18 0 1 0 1 0 1 4 0 0 0 0 0 0 0 0 0 0 0 0 0 0 0 0 0 0 0 0 0 0 0 
0 3 2 0 0 2 2 1 1 0 0 3 1 0 0 2 0 0 0 0 0 0 0 0 0 0 0 0 0 0 0 0 1 9 1 0 2 0 1 2 0 0 0 1 1 0 0 0 0 0 1 0 1 1 2 0 0 2 0 8 0 0 0 4 12 9 3 7 2 11 8 14 9 1 2 3 0 1 15 0 0 0 0 0 0 0 0 1 0 0 0 0 0 0 0 0 0 0 0 0 0 0 
0 0 0 0 0 0 0 0 0 0 0 0 1 3 0 0 0 0 0 3 0 0 0 0 1 0 0 0 1 1 0 0 0 1 0 0 0 0 0 0 0 0 1 3 0 0 2 1 2 1 0 2 0 0 0 0 0 1 0 0 0 0 1 0 0 0 1 2 1 0 0 2 1 0 1 3 4 3 9 4 1 1 1 7 4 1 0 16 4 0 0 0 1 1 0 1 0 0 0 0 1 0 
0 1 0 0 0 0 1 0 0 0 0 2 2 0 1 0 0 0 0 0 0 0 0 1 0 0 1 1 0 0 0 0 0 0 0 0 0 0 0 0 0 0 3 0 0 1 0 1 0 2 0 0 3 0 1 0 7 3 0 0 0 0 1 1 4 2 0 1 0 0 0 0 0 0 3 2 7 10 18 7 3 3 3 5 0 2 0 12 2 0 0 0 0 1 0 2 1 0 1 2 0 2 
0 0 0 0 0 0 0 1 0 0 0 0 0 0 0 0 0 0 0 0 0 0 0 0 0 0 0 0 0 0 0 1 0 0 0 0 0 0 0 1 0 0 0 0 1 0 1 0 0 1 0 0 0 0 0 1 1 2 0 1 0 0 0 0 0 0 0 0 0 0 0 0 0 0 1 0 0 1 1 0 5 0 9 3 1 2 0 2 0 0 0 0 0 2 0 0 0 0 0 0 0 0 
0 1 0 0 0 1 0 3 1 0 0 3 0 2 1 1 0 0 0 0 0 0 1 0 0 0 0 0 0 1 0 2 0 0 0 0 0 0 1 2 0 0 1 4 1 5 1 0 1 5 3 1 6 1 1 0 2 5 0 1 0 0 2 2 3 4 0 0 0 0 2 0 1 0 12 21 4 1 4 3 7 4 5 11 11 2 5 10 0 0 0 3 4 1 2 1 0 3 0 0 0 0 
7 25 13 8 19 34 19 16 14 17 25 16 17 11 24 25 9 5 4 4 1 2 8 5 4 1 0 14 0 33 3 12 11 12 22 5 0 1 10 9 2 1 13 21 3 12 9 10 10 27 81 32 99 60 54 39 57 80 0 61 19 12 8 15 37 24 14 10 6 13 17 12 4 11 243 252 100 107 17 73 125 40 112 126 77 49 16 77 36 0 0 11 2 9 8 18 0 18 16 1 1 6 
0 1 1 0 1 0 0 1 0 0 2 0 2 0 0 1 3 0 0 0 0 0 0 3 0 0 0 0 0 2 1 2 0 1 0 0 0 0 2 1 0 1 3 1 10 2 2 0 1 9 3 1 5 2 1 0 1 2 0 0 0 0 1 2 5 3 0 1 0 3 0 0 0 1 5 17 4 5 5 1 6 2 9 23 6 6 2 8 5 0 0 1 1 2 4 3 1 3 1 0 0 0 
1 0 0 0 0 0 1 0 0 1 0 0 2 0 0 0 0 0 0 0 0 0 0 0 0 0 0 0 0 0 0 1 0 0 0 1 0 0 1 6 0 0 2 1 5 1 4 1 2 3 2 1 0 2 2 1 1 0 0 0 0 0 0 0 2 1 0 0 0 0 1 1 0 1 6 16 1 4 11 3 1 1 4 13 20 7 2 16 6 0 0 2 0 2 1 1 0 1 3 1 1 0 
2 4 0 0 0 0 0 0 0 0 0 0 0 0 0 1 0 0 0 0 0 0 0 0 0 0 0 0 0 1 0 1 0 1 0 0 0 1 0 0 2 0 2 5 2 2 0 0 1 5 0 0 0 0 0 0 1 4 0 0 0 0 0 1 0 0 0 0 0 0 0 0 0 0 1 3 1 4 1 2 2 0 4 7 3 0 2 6 1 0 0 3 2 2 3 4 1 3 6 0 0 3 
0 1 3 0 2 1 0 0 0 0 0 0 0 0 0 0 0 0 0 0 0 0 0 0 0 0 0 0 0 1 0 0 1 0 0 0 0 0 1 2 1 1 1 1 1 3 2 0 2 8 3 8 2 3 0 0 1 3 0 1 1 0 0 0 0 1 0 0 0 1 0 2 0 0 0 4 1 10 14 5 8 1 2 8 7 5 2 27 3 0 0 2 0 3 3 0 0 2 2 0 0 0 
1 2 0 1 3 8 5 4 1 1 0 2 0 0 2 1 0 0 0 0 0 2 2 0 0 0 0 0 0 3 2 0 1 1 0 1 0 1 0 11 1 2 16 21 9 15 19 9 5 22 20 1 2 7 4 1 18 27 0 12 4 0 0 3 2 8 2 1 2 1 4 5 3 1 46 42 23 98 150 103 92 15 111 4 49 56 28 80 11 0 0 19 3 20 8 22 3 28 8 4 2 4 
0 0 2 0 0 2 0 2 2 0 0 1 0 0 0 1 0 0 0 1 0 0 0 0 0 0 0 0 0 0 0 2 1 0 0 0 0 0 0 3 4 1 7 12 6 10 9 3 4 15 0 0 2 3 3 0 5 4 0 1 2 0 0 0 0 3 0 0 1 0 0 1 0 1 4 12 5 13 26 14 19 1 16 5 0 23 6 24 7 0 0 7 2 8 4 2 2 8 6 0 1 4 
1 0 1 0 0 6 1 0 0 2 0 2 0 0 0 0 5 0 0 1 1 10 3 0 0 0 0 0 0 5 1 4 5 2 4 3 1 3 10 3 4 6 10 21 13 14 7 19 15 49 10 2 7 3 1 0 3 9 0 1 0 0 0 1 2 2 1 1 1 3 2 1 1 0 3 2 1 9 25 18 16 15 12 21 35 2 3 35 31 0 0 20 3 19 13 30 7 20 12 5 2 8 
2 1 0 1 0 0 0 1 1 0 0 0 0 0 0 0 0 2 1 1 0 0 0 0 0 0 0 1 0 5 0 4 4 0 1 0 2 4 4 4 2 0 10 15 5 7 6 6 10 21 4 2 2 1 0 1 1 0 0 2 1 0 0 0 0 1 1 0 0 1 0 0 0 0 0 4 0 2 6 6 6 1 3 11 13 7 2 23 11 0 0 12 7 9 10 12 2 10 6 1 1 0 
6 5 3 0 0 4 3 3 1 4 0 4 1 1 4 5 6 3 0 2 2 5 3 14 8 0 2 4 1 20 7 12 26 3 6 3 12 20 28 10 7 7 11 20 14 41 61 35 34 185 18 7 7 9 1 0 6 9 0 3 0 0 0 2 4 2 1 0 0 0 1 2 0 0 20 9 2 23 23 19 13 6 13 34 24 21 14 7 13 0 0 27 8 27 19 28 6 16 22 11 6 9 
0 0 0 0 0 2 1 0 0 0 0 0 1 0 0 4 5 4 0 4 0 0 0 2 1 0 0 1 0 7 1 3 4 1 3 2 3 5 7 12 1 0 5 6 6 9 6 11 10 9 2 0 3 3 1 1 2 1 0 1 0 0 0 2 0 0 0 2 0 0 0 0 0 0 5 2 0 6 6 3 4 1 5 6 7 6 9 6 1 0 0 11 7 17 4 14 1 3 6 0 1 2 
0 0 0 0 0 0 0 0 0 0 0 0 0 0 0 0 0 0 0 0 0 0 0 0 0 0 0 0 0 0 0 0 0 0 0 0 0 0 0 0 0 0 0 0 0 0 0 0 0 0 0 0 0 0 0 0 0 0 0 0 0 0 0 0 0 0 0 0 0 0 0 0 0 0 0 0 0 1 0 0 0 1 0 0 0 0 0 0 0 0 0 0 0 0 0 0 0 0 1 0 0 0 
0 0 0 0 0 0 0 0 0 0 0 0 0 0 0 0 0 0 0 0 0 0 0 0 0 0 0 0 0 0 0 0 0 0 0 0 0 0 0 0 0 0 0 0 0 0 0 0 0 0 0 0 0 0 0 0 0 0 0 0 0 0 0 0 0 0 0 0 0 0 0 0 0 0 0 0 0 0 0 0 0 0 0 0 0 0 0 0 0 0 0 0 0 0 1 0 0 0 0 0 0 0 
4 4 11 5 2 15 15 38 4 5 9 23 11 16 8 18 37 8 6 23 2 6 17 26 4 0 0 10 0 58 17 52 32 44 40 48 46 140 166 128 73 21 126 175 106 218 138 154 335 295 3 2 9 14 0 4 17 13 0 4 4 1 4 6 8 9 3 6 0 0 5 6 6 2 17 8 0 49 63 62 44 30 106 112 170 172 150 381 204 0 0 11 68 206 97 626 61 302 243 50 63 63 
0 1 0 0 0 0 0 0 0 0 0 1 0 0 0 2 0 0 0 0 0 0 0 2 0 0 0 1 0 2 1 1 3 1 2 1 0 4 6 5 4 2 4 12 1 3 1 11 5 12 0 1 0 0 0 0 0 1 0 0 0 0 0 0 0 1 0 0 0 0 0 0 0 0 0 0 0 1 3 1 3 4 2 7 2 12 2 22 5 0 0 5 3 3 2 26 2 6 7 0 1 1 
0 0 1 0 0 1 1 0 0 1 0 1 1 1 0 3 3 0 0 0 2 0 0 0 1 0 0 0 0 6 0 1 1 2 3 3 7 8 6 5 2 0 13 17 11 10 10 7 12 25 7 4 1 1 0 1 1 1 0 0 1 0 0 0 1 0 0 0 0 0 0 0 0 0 8 2 0 3 8 6 7 10 9 19 18 16 20 25 20 0 0 9 0 2 1 47 0 12 8 5 2 5 
0 1 0 0 0 0 0 1 0 0 1 0 1 1 0 1 0 0 0 0 0 0 1 0 0 0 0 0 0 4 0 3 3 7 1 3 2 4 5 19 13 7 6 7 6 17 5 6 43 31 1 1 1 1 0 1 0 2 0 0 0 0 0 0 1 0 3 0 0 0 0 1 0 0 1 2 0 3 10 4 4 4 1 5 8 12 18 24 9 0 0 6 4 2 3 33 0 31 6 3 2 7 
0 1 0 0 0 0 0 1 0 0 0 1 1 1 0 0 1 2 0 0 0 1 0 1 0 0 0 0 0 5 1 3 7 0 4 2 3 1 8 6 2 2 10 10 11 4 5 9 6 17 1 0 1 2 0 0 0 3 0 0 0 0 0 1 1 0 1 0 0 0 0 0 0 0 1 3 0 2 11 4 2 4 2 9 11 8 6 23 23 0 0 10 7 14 8 1 3 19 7 3 3 7 
0 0 0 0 0 2 0 0 0 0 0 0 0 0 0 0 0 0 0 0 0 0 0 0 0 0 0 0 0 1 0 0 0 0 0 0 1 1 0 3 0 0 1 2 0 0 0 2 1 1 0 0 0 0 1 0 0 0 0 0 0 0 0 0 0 0 0 0 0 0 0 0 0 0 0 0 0 0 1 0 1 0 0 0 0 0 0 4 1 0 0 0 2 0 0 0 0 0 1 0 1 0 
0 0 1 0 0 1 0 0 1 0 0 0 1 0 0 1 0 0 0 0 0 0 0 0 0 0 0 0 0 3 2 4 3 1 0 1 2 6 1 2 1 0 8 8 4 9 2 7 3 9 0 1 0 0 0 0 0 2 0 0 0 0 0 0 0 0 0 0 0 0 0 0 0 0 1 2 2 0 6 3 3 2 4 8 5 6 4 22 6 0 0 4 2 3 4 3 0 2 1 0 1 5 
1 2 1 1 0 0 1 0 1 0 1 0 0 0 0 0 1 0 0 0 0 0 1 0 0 0 0 1 0 3 0 5 2 0 2 0 2 5 6 1 2 0 0 4 1 1 3 8 5 15 0 0 1 1 0 0 1 0 0 0 0 0 0 0 0 2 0 0 0 0 0 0 0 0 0 2 0 2 5 2 2 1 5 6 4 2 4 18 3 0 0 5 1 2 3 0 0 2 1 0 1 1 
0 0 0 0 0 0 0 0 0 1 0 0 0 0 0 0 0 0 0 0 0 0 0 0 0 0 0 0 0 1 0 0 0 0 0 0 0 0 1 1 2 0 3 0 5 0 1 0 1 2 0 0 1 0 0 0 0 0 0 0 0 0 0 0 0 0 0 0 0 0 0 0 0 0 0 0 0 1 0 0 0 3 1 2 0 2 0 3 1 0 0 0 0 1 0 0 0 0 0 0 0 0 
0 0 1 0 0 0 0 0 0 0 0 0 0 1 0 0 0 0 0 0 0 0 0 0 0 0 0 0 0 2 0 0 0 0 0 1 0 0 1 0 0 0 1 0 2 0 0 0 1 2 0 0 0 0 0 0 0 0 0 0 0 0 0 0 0 0 0 0 0 0 0 0 0 0 0 0 0 0 0 0 0 1 0 0 0 0 0 3 0 0 0 0 0 4 1 0 0 1 0 0 0 1 
1 0 2 0 0 1 1 1 0 1 1 0 3 0 1 19 4 2 2 3 0 0 0 1 1 0 0 5 0 15 5 10 14 14 8 11 14 26 40 35 23 8 73 61 42 94 44 48 37 185 7 2 4 2 1 0 1 3 0 0 0 0 0 0 0 0 0 1 0 0 0 0 0 0 26 17 1 9 122 27 16 14 30 51 54 53 40 138 99 0 0 74 23 52 70 93 9 62 29 7 0 10 
