3 7 25 27 15 20 26 7 37 29 6 40 116 103 57 28 24 19 17 31 5 16 5 49 10 0 0 31 1 2 1 3 15 2 3 6 8 18 3 7 10 0 18 9 12 15 16 3 7 41 4 8 2 3 3 2 1 1 0 0 0 1 0 1 3 16 9 12 0 0 1 1 1 8 1 1 0 0 1 0 1 0 1 1 0 7 1 19 9 0 0 3 2 0 0 2 0 0 4 0 0 13 
4 2 5 2 11 28 26 6 54 26 14 55 129 119 76 57 56 19 30 21 17 25 3 45 21 6 1 33 3 1 1 1 15 3 3 1 2 3 11 15 12 1 17 19 28 21 27 14 4 66 9 14 5 4 2 1 0 9 0 2 2 2 0 7 4 3 0 2 1 4 2 0 4 8 1 0 2 3 10 0 3 6 4 14 1 15 0 34 1 0 0 6 4 0 4 3 1 0 4 0 0 21 
19 13 6 8 36 28 8 6 131 36 30 73 132 106 109 38 21 20 35 34 7 13 1 37 12 5 0 31 1 0 0 2 10 0 2 0 5 3 13 14 20 0 8 7 19 9 25 4 7 45 13 2 14 3 2 2 1 7 0 2 0 0 1 6 13 12 6 2 2 2 7 1 2 3 1 2 1 0 7 0 1 2 1 2 0 6 1 32 3 0 0 4 0 0 1 1 0 1 1 2 1 9 
9 4 9 1 13 8 22 14 30 25 0 6 19 19 8 2 2 2 7 3 1 0 1 4 1 1 0 12 1 0 1 0 2 0 2 0 2 1 1 2 0 0 4 3 2 4 4 0 0 14 6 2 9 1 2 0 1 1 0 2 1 0 0 0 0 0 0 0 0 0 4 0 1 3 0 0 0 0 12 0 1 2 0 0 0 1 1 3 0 0 0 1 1 0 0 1 0 0 0 0 0 2 
7 13 5 1 3 3 18 6 30 43 6 48 39 63 7 7 10 16 10 6 3 3 1 14 11 3 2 20 1 2 1 1 5 0 1 0 0 2 1 2 2 0 3 2 11 3 7 0 0 23 2 2 1 1 1 1 1 9 0 0 0 3 0 1 3 7 2 0 0 0 2 6 5 2 1 3 1 0 12 13 0 0 1 0 0 0 1 16 2 0 0 7 1 0 0 0 0 0 0 0 0 2 
50 36 24 2 0 6 22 5 19 58 11 24 132 94 82 47 26 17 30 19 14 7 23 64 33 0 0 30 26 4 0 1 14 0 0 0 0 4 4 8 9 3 18 4 3 3 13 1 8 49 14 3 4 5 3 0 3 6 0 0 0 8 0 8 7 13 4 4 3 3 7 0 5 16 0 0 2 0 15 0 1 0 1 2 0 1 1 6 0 0 0 10 1 6 2 1 0 1 0 0 0 5 
13 19 29 5 1 6 7 4 27 14 6 36 126 52 39 11 17 8 16 16 2 23 6 17 5 1 2 10 3 1 1 9 27 1 3 1 4 3 2 3 5 7 21 15 6 9 19 0 11 32 5 8 4 3 0 0 2 1 0 10 1 0 0 2 3 5 0 6 2 1 0 0 2 3 1 0 0 0 2 0 0 0 0 0 0 3 4 2 4 0 0 1 0 9 2 1 0 1 0 0 0 7 
20 19 24 1 8 8 12 9 1 17 3 13 98 44 23 32 14 29 44 29 8 4 6 43 17 5 0 35 3 1 3 0 14 0 0 0 0 1 11 7 3 1 7 4 12 5 10 0 9 44 9 1 4 0 1 7 0 1 0 1 0 6 0 6 0 4 2 2 5 0 5 6 0 60 3 3 0 0 0 0 0 1 0 0 0 4 0 2 2 0 0 0 0 1 0 0 0 0 0 0 0 6 
36 40 12 8 14 16 10 3 2 10 4 26 67 48 12 32 27 18 39 9 7 16 1 25 16 9 3 22 8 9 0 11 6 0 0 2 0 3 7 14 5 0 7 7 9 2 15 1 0 34 6 0 2 4 0 1 0 9 0 1 0 0 0 5 1 4 0 1 0 0 1 1 0 20 0 1 0 0 1 0 0 0 0 1 0 5 0 7 0 0 0 5 2 3 0 0 0 0 0 0 0 12 
37 27 5 2 11 1 11 2 16 3 1 4 49 31 15 19 12 9 18 7 12 4 5 37 17 0 0 41 2 0 0 1 1 0 0 0 0 4 4 1 1 2 1 2 3 1 13 0 0 26 8 2 6 6 0 0 0 0 0 1 1 0 0 0 4 2 0 3 0 1 2 4 1 4 1 1 0 0 1 0 0 0 0 0 0 0 1 3 0 0 0 7 0 0 0 0 0 0 3 0 0 3 
23 23 3 9 12 27 6 3 19 18 0 3 20 49 6 16 15 14 14 10 2 2 0 14 6 0 1 17 0 1 0 0 4 0 0 0 1 0 9 3 2 2 8 0 3 3 3 4 7 12 8 1 1 0 1 0 0 0 0 0 0 11 1 0 0 0 0 0 1 0 1 0 0 2 4 0 0 0 0 0 0 0 0 0 0 0 0 8 1 0 0 9 1 0 1 0 0 0 0 0 0 1 
36 75 19 11 15 27 40 9 14 6 1 1 18 13 3 20 16 26 37 23 6 27 7 48 33 3 1 60 2 10 0 0 9 0 6 1 0 6 6 4 4 2 3 2 5 10 11 2 8 47 10 2 4 1 2 0 0 5 0 0 0 1 0 0 1 2 0 0 0 1 0 1 0 16 2 2 0 0 7 1 0 1 0 0 0 0 0 2 3 0 0 0 0 0 1 0 0 0 1 0 0 8 
18 34 36 2 12 62 38 54 54 20 4 2 1 6 11 34 14 7 46 24 14 37 2 35 21 1 6 64 6 5 8 3 18 7 1 0 0 1 3 9 4 1 6 3 7 7 5 4 7 62 8 8 9 0 0 0 0 0 0 1 0 3 2 0 0 0 0 2 0 1 0 0 0 7 4 1 0 0 3 0 0 1 0 0 0 0 0 2 1 0 0 4 1 0 0 1 0 0 0 0 0 6 
31 45 44 2 5 37 10 19 51 23 3 4 21 2 1 3 12 11 8 19 19 17 4 44 53 5 1 112 3 3 1 1 5 0 0 0 0 0 0 3 5 0 1 0 2 0 0 1 4 13 0 1 11 0 1 0 0 4 0 6 0 0 0 0 0 0 0 0 0 1 0 0 0 1 0 1 0 0 1 0 0 0 0 0 0 0 0 3 0 0 0 0 0 0 0 0 0 0 0 0 0 3 
22 37 27 7 13 24 13 21 26 59 4 14 49 7 1 2 7 8 51 20 27 16 11 60 27 8 0 81 1 5 7 0 5 0 0 0 1 0 0 0 4 0 2 4 2 3 3 1 1 5 9 0 4 2 3 0 7 1 0 5 0 5 0 0 0 0 0 0 0 0 0 1 0 3 2 6 0 0 2 0 0 0 0 0 0 0 0 5 1 0 0 2 1 0 0 0 0 0 0 0 0 2 
77 32 36 8 24 25 9 15 32 34 12 33 9 5 2 0 3 10 12 29 24 18 21 67 48 5 3 58 6 7 2 7 12 3 10 7 11 0 0 13 2 0 15 8 2 1 17 4 0 40 8 3 8 3 0 1 1 1 0 1 0 1 1 1 1 2 1 0 0 0 0 2 0 3 6 1 1 1 15 3 1 0 0 0 0 6 0 9 0 0 0 0 0 0 1 0 0 0 0 0 0 6 
27 31 39 3 15 21 25 39 15 34 6 19 35 27 16 21 4 11 23 18 26 40 35 93 30 5 1 60 1 16 5 20 39 2 2 3 11 2 2 27 8 3 17 3 20 8 23 1 11 61 8 1 10 4 1 0 0 3 0 2 0 0 0 1 0 0 0 0 0 0 0 0 0 8 3 4 2 0 6 0 0 2 0 0 0 2 5 18 1 0 0 10 0 1 1 1 0 0 1 0 0 16 
22 23 25 6 2 21 10 4 17 7 11 5 32 10 5 21 3 2 21 19 10 3 4 29 25 2 1 38 1 8 2 8 49 2 9 3 5 0 11 13 17 3 13 3 10 5 14 4 7 77 8 15 9 0 0 0 0 9 0 2 1 0 0 1 0 0 0 0 1 0 1 0 0 0 1 5 0 0 6 4 0 0 0 0 0 2 2 15 1 0 0 2 0 0 0 0 1 0 0 0 0 4 
13 36 25 4 2 27 13 10 5 15 4 5 11 18 16 13 6 2 0 1 5 3 3 29 13 2 2 53 7 6 3 2 21 2 0 0 3 0 5 1 1 0 11 2 15 2 11 0 1 24 5 2 2 2 0 0 0 0 0 4 0 1 0 0 0 0 0 0 0 0 0 0 0 0 0 0 0 0 2 2 0 0 0 0 0 0 0 4 0 0 0 6 0 0 0 0 0 0 0 0 0 2 
27 39 24 7 16 16 10 13 11 25 9 26 26 50 22 44 50 70 33 1 4 2 4 49 17 7 2 70 9 7 1 9 15 3 3 4 0 11 7 23 11 3 7 4 2 18 5 5 13 49 1 3 9 3 3 1 0 9 0 3 1 0 0 0 0 0 0 0 0 0 0 0 0 0 8 0 0 6 7 0 0 0 0 0 0 3 5 17 4 0 0 1 0 0 0 0 0 0 0 0 0 3 
14 17 7 4 5 8 4 14 4 6 16 8 8 55 13 38 47 39 57 2 5 2 4 18 13 2 3 43 2 3 0 4 5 0 2 2 22 2 11 21 14 1 6 2 2 14 0 3 5 25 0 1 0 0 3 0 1 3 0 2 0 0 0 0 0 0 0 0 0 0 0 0 0 0 2 0 0 0 1 0 0 0 0 0 0 8 0 4 0 0 0 0 0 0 0 0 0 0 0 0 0 4 
38 50 34 8 17 32 14 14 13 30 8 27 25 50 32 44 43 23 18 11 0 4 9 25 7 8 6 73 4 13 0 0 8 2 15 1 12 7 5 4 5 0 15 0 5 4 6 3 9 34 6 0 1 7 7 0 1 3 0 3 0 0 0 0 0 0 0 0 0 0 0 0 0 0 1 3 0 3 7 0 1 0 0 0 0 2 0 4 0 0 0 1 1 0 0 0 0 0 0 0 0 0 
23 19 12 17 7 7 2 8 20 26 16 27 27 30 36 108 98 107 105 29 22 13 1 20 6 17 1 100 9 6 2 9 14 2 3 1 9 3 9 4 10 1 0 2 16 6 9 10 7 50 7 4 9 2 2 2 6 2 0 0 0 0 0 0 0 0 0 0 0 0 0 0 0 0 0 1 0 4 4 0 1 0 0 0 0 0 4 6 2 0 0 2 0 2 0 0 0 0 0 0 0 3 
32 34 17 4 17 13 12 42 13 42 22 45 84 118 92 121 165 164 98 47 10 22 7 5 3 8 6 105 1 9 1 1 30 0 8 14 45 4 24 14 8 1 14 4 21 19 19 5 7 70 17 15 24 6 0 3 5 3 0 0 0 1 2 1 0 0 0 0 0 0 0 0 0 0 20 8 1 1 9 1 1 1 0 1 1 0 2 12 3 0 0 5 0 0 0 0 0 0 0 0 0 2 
20 25 18 3 10 26 12 20 16 48 23 37 78 67 58 49 48 71 57 34 10 16 4 68 3 0 0 55 1 14 3 5 40 3 9 2 11 5 16 24 14 3 9 6 27 18 11 7 8 57 28 15 21 5 11 1 1 3 0 2 4 4 0 1 1 0 0 0 0 0 0 1 0 0 1 2 1 5 16 3 3 0 0 0 1 4 1 14 1 0 0 6 0 0 2 0 0 0 0 0 0 1 
9 2 10 0 0 1 1 1 1 1 0 4 4 10 4 8 0 27 30 10 10 10 5 50 7 0 2 6 0 2 0 0 6 0 4 3 0 2 8 0 1 0 2 0 2 1 1 0 0 11 1 0 0 0 0 4 1 0 0 0 1 0 0 0 0 0 0 0 0 0 0 0 0 0 1 0 0 0 0 1 0 0 0 0 0 0 0 1 0 0 0 1 0 0 0 0 0 0 0 0 0 0 
4 3 1 3 4 9 1 1 10 8 18 9 12 31 15 27 33 28 29 61 19 35 15 176 25 2 2 54 0 2 1 3 15 1 6 0 3 2 4 4 3 0 2 6 26 5 4 0 5 14 3 3 9 2 1 1 2 5 0 0 0 0 0 0 0 0 0 0 0 0 0 0 0 0 0 1 0 0 2 1 0 0 1 0 0 0 0 4 0 0 0 1 2 0 1 0 0 0 0 0 0 0 
36 37 36 10 26 32 6 25 36 37 46 44 81 195 141 102 73 86 72 111 109 179 166 149 131 10 7 2 5 2 2 10 46 7 17 5 37 10 46 26 52 6 16 18 56 30 19 15 17 135 24 3 14 11 8 3 5 3 0 2 0 0 0 0 0 0 0 1 0 0 0 0 0 0 7 5 0 6 24 5 1 1 2 0 1 8 6 39 6 0 0 10 5 0 0 2 0 1 3 0 0 7 
5 1 0 0 1 0 0 1 3 6 1 1 3 2 3 1 0 0 0 0 1 0 6 3 4 0 0 6 0 0 0 0 6 0 0 0 0 0 0 0 0 0 0 0 0 0 0 0 0 3 0 0 0 0 0 0 0 2 0 0 0 0 0 0 0 0 0 0 0 0 3 0 0 1 0 0 0 0 0 0 0 0 1 0 0 0 0 3 0 0 0 1 0 0 0 0 0 0 0 0 0 0 
2 3 2 0 1 5 7 3 11 5 1 20 5 1 12 22 19 37 15 11 7 8 1 8 10 1 0 1 1 10 14 62 213 69 241 174 311 167 90 132 52 7 53 48 75 61 71 12 42 384 26 7 22 12 3 5 2 3 0 8 5 7 2 10 10 20 7 6 2 7 0 0 1 0 10 7 2 25 28 7 3 2 2 2 7 22 3 75 15 0 0 19 13 9 2 2 2 4 14 0 2 47 
2 0 0 0 0 4 1 1 0 5 1 0 1 2 0 15 3 24 38 4 1 1 0 4 0 0 0 6 0 17 0 32 111 13 90 60 107 35 45 51 20 1 23 15 36 22 37 9 15 77 2 4 5 4 0 0 2 2 0 0 2 1 0 1 4 32 4 9 0 2 0 1 8 0 3 1 0 1 3 4 0 4 0 0 0 5 3 26 2 0 0 11 6 3 2 1 0 0 2 0 1 18 
7 1 3 1 0 5 0 1 6 8 1 4 11 0 9 14 22 10 12 14 0 4 0 4 4 1 0 6 0 53 19 3 85 10 57 74 202 154 108 49 46 4 51 28 69 44 59 12 23 226 11 8 20 1 7 0 2 6 0 8 0 8 0 1 2 8 9 1 4 1 1 0 1 0 3 2 3 4 7 1 1 4 4 0 0 16 4 40 21 0 0 16 5 7 7 2 0 1 1 0 1 55 
3 2 1 0 0 1 0 0 1 6 2 8 1 1 1 6 2 9 4 3 0 1 0 14 4 1 0 5 1 87 34 8 5 4 8 13 48 34 29 26 41 15 28 13 38 27 49 14 20 209 22 4 16 6 5 3 3 7 0 6 2 0 0 1 1 3 2 1 10 1 5 2 3 3 2 0 0 0 8 2 1 2 1 2 2 3 1 49 5 0 0 11 1 9 1 5 2 3 3 0 0 27 
2 1 3 1 0 0 0 0 1 0 0 0 1 1 0 0 5 0 2 1 0 2 0 6 5 1 0 6 0 31 9 23 27 3 1 30 39 39 9 20 20 2 60 6 16 18 15 8 20 101 4 2 16 21 0 5 4 0 0 2 0 1 0 0 3 5 0 0 1 4 3 4 0 5 3 5 0 3 6 0 1 0 1 0 0 12 3 20 2 0 0 13 6 1 6 0 1 0 1 0 1 12 
0 2 0 0 1 1 0 0 0 0 0 0 0 0 4 2 6 0 7 7 4 1 1 18 1 0 0 4 0 66 6 16 52 9 4 2 68 25 22 21 14 1 24 9 10 8 9 2 5 125 1 0 1 2 0 0 0 0 0 0 0 0 1 0 0 0 0 0 1 1 1 2 5 4 7 0 0 0 5 0 0 0 0 0 0 2 1 15 3 0 0 11 5 5 3 1 0 1 8 0 0 24 
14 1 0 0 1 1 0 0 0 0 0 0 0 0 0 0 4 2 3 2 2 0 0 10 7 0 1 5 0 76 9 10 52 2 5 1 56 19 19 33 28 0 23 6 23 14 16 7 16 85 2 1 2 0 0 0 0 1 0 0 0 1 0 0 2 2 2 8 1 0 3 4 3 4 0 3 0 1 2 0 0 0 0 1 0 2 4 20 1 0 0 3 1 3 1 6 0 1 7 3 1 23 
0 0 2 0 0 0 0 0 0 0 0 1 0 0 0 2 2 0 7 1 0 0 0 2 0 0 1 3 0 66 22 37 64 5 7 7 0 1 35 25 30 6 23 9 22 34 38 9 20 206 1 1 1 3 0 0 0 2 0 0 0 1 0 0 2 5 1 0 0 1 0 2 1 1 1 0 0 0 4 0 0 0 0 0 0 0 4 20 4 0 0 15 3 3 2 4 0 0 1 1 0 33 
3 3 4 0 0 0 13 1 1 2 0 2 2 2 1 1 3 0 0 0 1 0 0 3 1 0 0 2 0 52 7 103 75 9 20 20 20 3 27 49 51 4 50 80 72 38 45 7 22 329 2 1 1 2 0 0 1 1 0 0 0 2 0 1 0 0 0 0 0 0 1 1 2 9 1 2 0 0 1 1 0 2 0 0 0 7 4 49 7 0 0 5 4 14 0 0 3 0 11 0 0 46 
8 20 13 0 3 3 10 2 7 18 4 6 6 3 1 1 0 4 0 0 4 3 4 9 13 1 0 20 0 39 26 29 113 10 50 37 61 18 1 76 75 11 38 41 38 35 85 5 26 211 9 0 6 1 6 0 5 0 0 1 1 3 0 0 7 4 1 0 2 3 2 3 1 5 4 1 0 1 2 0 0 1 0 3 0 11 5 59 2 0 0 15 11 2 2 6 0 2 7 0 1 65 
16 23 19 5 2 8 23 9 4 6 9 15 38 6 5 12 4 8 10 12 2 0 1 31 31 3 0 29 0 95 23 69 231 21 65 39 146 110 93 8 10 6 24 76 42 63 74 8 21 279 26 13 11 5 1 0 3 3 0 1 1 3 2 4 10 13 4 0 3 0 0 1 5 7 6 2 0 0 6 0 1 2 1 0 3 1 8 9 4 0 0 4 7 3 3 3 0 1 3 1 3 47 
28 11 35 0 5 2 1 7 3 5 4 7 2 6 0 18 17 10 6 4 9 5 1 25 19 1 4 44 3 67 12 81 153 24 23 20 73 54 58 12 9 5 22 14 40 27 42 5 12 168 9 0 4 0 0 3 1 1 0 0 1 1 1 5 3 4 0 0 0 0 2 2 3 5 4 1 0 14 3 8 5 2 1 0 2 12 10 7 2 0 0 5 16 1 2 4 0 0 2 0 0 17 
2 4 6 0 1 4 0 5 2 1 0 1 1 3 10 0 1 3 6 3 6 2 1 11 1 0 0 7 1 21 6 20 29 6 11 3 30 6 6 9 5 1 14 22 41 11 9 8 6 55 2 0 1 0 0 0 0 3 0 0 0 14 0 0 4 1 0 0 0 1 0 3 1 2 1 0 0 3 1 2 0 11 5 12 1 4 1 20 11 0 0 0 1 1 9 3 0 2 3 1 0 10 
12 9 3 0 3 3 3 2 4 4 1 1 2 2 0 7 0 2 2 0 11 1 1 12 4 0 0 16 1 46 4 7 98 5 26 9 43 38 11 6 12 0 4 7 1 7 11 2 9 62 3 0 7 2 1 0 0 15 0 0 0 0 1 0 1 4 1 0 0 1 0 1 2 2 4 3 1 2 13 13 8 5 20 4 12 24 7 42 5 0 0 5 0 2 8 9 0 9 10 1 6 103 
9 6 6 0 1 3 3 1 0 3 0 0 0 0 0 0 3 1 0 1 1 1 0 11 6 2 0 13 2 62 15 27 110 10 10 24 36 39 23 5 19 1 13 2 47 31 12 0 7 90 13 3 10 1 1 0 1 0 0 1 5 0 0 1 3 7 0 0 0 1 2 0 0 3 6 11 0 6 12 11 10 9 2 6 14 25 2 52 4 0 0 13 14 9 10 29 1 13 7 0 2 61 
22 13 19 0 1 4 11 9 1 5 2 3 3 9 1 3 13 9 6 2 2 2 1 19 18 1 0 15 1 65 16 28 124 8 22 25 81 37 37 17 58 7 29 3 9 19 5 7 12 123 2 1 6 1 0 4 1 1 0 0 1 1 0 0 14 9 6 0 1 1 1 4 4 24 3 6 0 3 2 3 0 3 3 9 0 7 2 38 0 0 0 6 12 4 2 4 2 3 12 2 3 53 
8 12 19 1 17 6 10 3 0 4 3 3 4 4 2 1 18 6 10 6 1 2 0 29 7 2 0 19 2 36 5 19 147 4 12 23 74 40 34 11 22 1 10 22 10 2 17 6 26 79 10 1 6 4 1 3 1 0 0 0 2 1 0 2 3 5 2 0 1 0 2 0 7 2 5 6 2 3 8 1 5 8 3 7 0 5 2 59 5 0 0 19 1 6 2 1 0 4 3 0 1 58 
16 17 7 3 5 6 8 0 6 6 2 2 9 2 2 2 10 4 7 2 7 1 5 19 3 2 1 21 3 55 10 37 167 16 25 21 87 35 24 39 26 3 26 5 28 27 2 9 7 64 9 1 14 3 3 0 1 0 0 0 3 2 0 1 1 20 2 2 1 3 2 0 1 6 7 3 2 3 6 3 5 2 2 6 7 15 4 114 15 0 0 4 1 7 2 4 0 10 1 1 3 85 
7 13 8 1 3 3 6 1 4 6 3 8 2 3 0 0 4 10 6 5 1 1 1 25 11 0 0 30 1 48 7 51 139 17 26 42 44 28 55 26 27 14 40 49 31 47 29 5 22 130 1 5 4 3 0 1 0 2 0 0 1 0 1 6 0 5 0 2 8 0 0 3 4 7 8 1 0 2 5 1 6 16 6 14 6 8 7 126 7 0 0 34 11 10 4 5 0 12 6 4 15 61 
11 15 2 0 1 7 2 5 6 1 10 1 6 11 1 1 13 30 4 5 6 2 0 25 10 5 0 12 0 63 16 36 184 9 33 28 62 28 30 29 27 3 36 48 49 63 61 17 12 116 12 2 3 3 3 0 0 0 0 0 7 1 0 2 12 16 1 1 4 1 8 5 16 7 3 3 1 1 12 5 1 18 3 9 6 12 11 148 3 0 0 24 3 18 15 7 0 3 13 0 1 68 
56 35 39 7 15 33 49 11 15 20 12 23 40 26 5 5 18 27 41 11 14 5 4 101 33 0 3 69 10 243 60 176 737 47 70 100 284 112 132 73 78 14 68 66 94 86 36 29 32 14 53 4 32 13 1 7 8 6 0 2 6 13 4 7 18 24 6 23 4 2 10 4 16 40 47 23 3 13 26 21 33 30 19 36 12 35 10 354 11 0 0 19 12 9 13 8 0 10 22 1 8 205 
2 10 3 4 6 19 3 0 1 1 1 3 8 24 23 10 17 4 3 7 1 1 3 52 18 2 1 16 1 10 0 28 115 21 7 5 21 3 6 10 5 1 12 13 11 35 13 4 5 53 7 2 8 5 16 0 10 12 0 46 9 0 2 38 19 36 10 17 1 13 6 12 23 37 13 2 5 4 39 13 8 4 4 16 1 45 2 55 15 0 0 2 7 4 9 2 2 4 7 2 0 20 
4 1 0 0 0 1 1 0 0 2 1 3 6 8 7 7 5 0 2 1 0 1 1 13 4 0 0 9 0 14 1 6 76 2 10 2 17 2 7 2 4 1 4 1 5 17 15 7 2 10 3 1 0 3 2 1 1 4 0 15 4 0 0 13 21 12 7 21 1 6 0 3 8 29 7 3 0 2 16 0 1 2 0 16 0 2 0 30 3 0 0 9 1 2 1 0 0 0 2 0 0 7 
6 7 1 0 2 3 1 0 0 1 0 8 12 4 16 4 6 5 5 16 4 2 1 24 6 0 2 19 1 10 3 4 64 5 2 0 18 3 9 5 3 1 5 9 8 17 4 2 2 60 15 4 4 1 2 0 1 3 0 17 6 0 1 14 12 13 4 15 3 14 3 2 8 47 6 14 9 5 16 2 2 2 0 15 5 15 5 38 6 0 0 4 2 6 1 0 0 0 0 1 0 26 
1 10 21 0 9 3 0 3 2 14 0 0 13 4 14 5 10 4 2 1 0 1 0 8 7 0 0 6 0 4 3 3 42 2 3 3 11 1 3 1 8 0 4 11 4 3 4 2 2 23 35 41 1 5 1 2 2 4 0 11 4 2 1 8 9 7 6 17 3 9 21 4 5 11 8 6 1 5 28 6 13 1 1 7 7 29 0 11 6 0 0 8 2 9 1 0 0 5 1 1 0 14 
1 3 2 0 2 3 12 0 8 4 3 11 5 5 3 4 2 0 1 1 0 1 0 11 4 0 0 16 0 3 0 2 27 2 3 0 1 0 2 3 0 0 3 0 0 1 0 2 8 12 30 58 20 3 1 0 3 1 0 13 4 0 0 6 2 7 3 13 1 7 0 5 9 11 4 3 0 0 14 4 1 0 0 13 0 6 0 10 5 0 0 1 0 0 1 0 0 0 1 0 0 14 
0 3 4 0 2 2 0 1 5 4 0 0 0 0 0 1 1 1 0 0 0 0 0 6 4 0 0 5 0 2 1 1 10 4 0 1 1 0 0 0 0 0 0 0 7 3 1 0 3 6 13 11 0 4 1 2 0 25 0 8 5 3 0 5 0 0 0 2 1 3 1 1 0 4 1 0 0 5 8 1 0 0 1 5 0 13 0 3 0 0 0 0 0 0 0 2 0 0 2 0 0 4 
0 0 0 0 0 12 3 0 1 0 1 3 15 5 11 7 6 0 8 1 1 2 1 5 2 6 0 9 0 3 0 3 20 0 5 0 6 0 2 1 2 1 8 1 0 3 0 0 3 10 11 19 19 8 0 0 0 0 0 13 1 3 0 8 8 12 5 8 1 17 5 3 14 14 8 2 0 0 3 0 0 0 2 5 2 11 1 15 10 0 0 4 1 2 1 1 1 1 1 0 0 10 
4 8 4 0 1 5 3 2 12 0 1 12 24 4 10 19 5 6 0 1 0 0 0 15 2 5 0 3 0 34 12 3 36 4 6 0 10 1 6 2 2 3 8 6 3 7 12 7 4 29 40 19 24 7 1 2 1 0 0 15 1 0 1 13 11 5 4 20 0 7 1 7 14 24 6 17 0 3 13 7 1 0 0 23 4 9 1 16 3 0 0 5 3 6 2 0 0 1 4 1 1 17 
0 0 0 0 0 0 0 0 0 0 0 0 0 0 0 0 0 0 0 0 0 0 0 0 0 0 0 0 0 0 0 0 0 0 0 0 0 0 0 0 0 0 0 0 0 0 0 0 0 0 0 0 0 0 0 0 0 0 0 0 0 0 0 0 0 0 0 0 0 0 0 0 0 0 0 0 0 0 0 0 0 0 0 0 0 0 0 0 0 0 0 0 0 0 0 0 0 0 0 0 0 0 
10 5 5 0 3 3 2 1 0 3 0 4 25 7 12 8 12 4 7 3 0 0 3 30 8 2 3 29 7 6 2 3 8 4 1 0 1 0 2 0 0 2 5 4 3 2 14 2 1 13 48 15 18 22 7 14 4 7 0 1 0 10 4 10 16 27 6 14 2 12 4 13 13 81 9 7 2 1 30 10 4 0 0 8 0 6 4 22 3 0 0 2 1 1 0 3 0 0 1 0 0 17 
1 3 0 0 0 0 0 0 0 0 0 0 4 2 0 0 8 0 0 0 0 0 0 0 0 0 0 1 0 0 2 0 6 3 0 0 3 0 0 0 1 1 0 1 0 0 0 0 0 12 15 14 18 1 0 0 2 1 0 3 1 2 0 1 14 6 3 0 3 11 2 2 6 12 6 3 2 0 7 5 0 3 4 2 0 2 0 7 0 0 0 0 0 0 0 0 0 0 1 0 1 10 
0 0 0 0 0 0 0 0 0 0 0 1 2 0 0 0 0 1 0 0 0 1 0 5 0 0 0 0 0 0 0 1 0 0 0 1 0 0 0 5 0 0 7 0 0 0 0 0 0 2 3 0 1 0 0 0 0 0 0 14 0 1 0 0 1 9 0 0 10 0 0 0 0 1 0 0 3 0 0 1 0 0 0 0 1 0 0 3 0 0 0 1 0 0 0 0 0 0 0 0 0 1 
0 0 0 0 0 0 1 0 16 8 1 0 9 0 0 0 0 0 0 0 0 0 0 0 0 0 0 0 1 8 0 2 3 0 0 1 9 6 4 0 3 0 1 0 3 1 0 1 0 0 7 1 2 2 4 2 1 2 0 8 0 0 1 1 3 8 0 3 4 3 1 6 0 2 4 0 1 0 6 0 1 0 0 0 0 9 0 0 1 0 0 1 2 0 0 0 0 0 0 0 0 1 
1 5 0 0 0 1 0 2 0 2 1 0 0 1 0 0 0 0 0 1 0 0 0 1 0 0 0 1 0 3 1 2 1 1 8 2 4 12 10 7 9 0 2 3 0 3 5 0 2 19 18 19 36 10 14 11 7 7 0 11 2 6 0 0 0 15 0 1 2 5 3 3 15 4 9 1 0 4 38 2 0 2 0 4 0 0 0 4 0 0 0 1 0 0 1 0 0 0 0 0 1 1 
20 6 2 0 0 0 2 3 0 5 0 0 0 0 0 0 0 1 0 0 0 0 0 4 3 0 0 2 0 14 14 2 16 3 8 0 13 5 6 2 5 0 7 1 21 6 8 4 2 30 19 1 20 8 8 3 7 1 0 31 9 2 16 8 1 10 3 21 10 11 2 4 15 1 21 13 3 5 37 8 2 1 0 1 0 2 1 20 6 0 0 6 1 0 1 0 0 0 0 0 0 9 
11 5 13 2 4 4 4 1 1 10 3 2 0 0 0 0 0 0 0 0 0 0 0 1 0 0 0 0 0 14 8 4 15 3 1 6 13 0 7 7 9 1 8 0 23 12 9 3 3 53 52 29 19 30 6 14 30 8 0 23 8 11 7 6 1 2 1 3 18 19 11 18 12 28 30 31 1 6 29 6 5 10 0 9 0 1 0 9 1 0 0 0 0 1 0 0 0 0 0 0 0 4 
3 2 1 0 1 0 0 3 0 0 1 0 0 0 0 0 0 0 0 0 0 0 0 0 0 0 0 0 0 8 1 4 6 0 0 3 5 8 0 1 1 1 1 0 3 1 0 0 6 12 11 4 12 7 0 5 0 7 0 5 0 3 4 4 1 1 0 1 6 8 3 4 6 15 3 0 6 10 18 1 1 0 0 0 0 1 1 0 1 0 0 0 0 0 0 0 0 0 1 0 0 1 
10 11 14 1 2 5 1 0 1 2 2 3 0 1 0 0 0 0 0 0 0 0 0 0 0 0 0 0 0 4 1 2 10 2 2 0 2 1 1 0 1 0 0 2 0 1 3 1 8 41 30 15 56 11 4 2 9 14 0 16 5 9 7 3 11 7 0 1 4 3 3 4 2 28 6 1 0 3 21 2 0 2 0 3 0 5 0 14 1 0 0 0 0 0 0 0 0 0 0 0 1 3 
2 1 4 0 1 0 1 0 0 0 0 0 0 0 0 0 0 0 0 0 0 0 0 0 0 0 0 0 0 2 0 1 3 0 0 0 3 0 1 0 2 0 0 0 2 0 2 0 0 5 2 5 4 10 1 0 0 15 0 2 0 3 0 5 3 23 2 10 0 5 7 3 4 12 4 2 0 0 3 0 2 0 0 0 0 2 1 0 0 0 0 1 0 0 0 0 0 0 0 0 0 0 
6 2 8 1 8 4 0 0 2 3 1 0 1 0 0 1 0 0 0 0 0 0 0 0 0 0 0 1 3 12 8 6 24 4 1 3 6 0 14 1 2 0 1 0 0 0 2 2 0 15 40 32 27 23 20 25 6 17 0 27 34 15 6 8 10 17 5 18 3 1 13 7 17 50 5 9 0 9 42 3 2 5 1 0 1 5 0 4 0 0 0 1 0 0 0 0 0 0 0 0 0 1 
10 4 9 0 1 1 4 3 4 1 5 5 0 0 2 4 0 0 0 0 0 0 0 1 1 0 0 0 0 4 5 4 19 14 10 16 21 17 15 2 2 4 5 1 13 7 12 1 5 27 25 14 26 11 15 3 4 19 0 5 5 2 3 4 22 55 9 38 24 34 1 12 20 43 9 12 3 0 30 11 4 2 7 6 5 8 9 14 2 0 0 0 0 0 0 1 0 0 0 0 0 2 
17 3 1 0 1 4 4 3 0 5 3 0 2 1 0 0 0 0 0 0 0 0 0 0 0 0 0 0 0 3 1 0 30 19 5 18 24 1 5 10 6 8 7 2 5 2 6 3 2 26 20 7 15 15 1 1 3 8 0 15 9 1 0 14 15 49 16 41 23 15 0 0 10 25 2 2 0 1 7 6 5 2 0 7 0 5 4 12 1 0 0 1 0 0 0 0 0 0 0 0 0 3 
4 5 4 0 1 2 1 0 0 2 0 0 0 1 0 4 2 0 0 0 0 0 0 0 0 0 0 0 1 0 1 0 3 2 12 7 13 3 3 3 6 1 1 2 9 0 3 11 2 21 31 8 24 16 6 7 12 17 0 23 11 0 4 1 27 43 5 15 13 17 11 4 3 9 5 5 0 3 33 7 6 5 2 2 3 8 0 10 2 0 0 14 0 0 0 0 0 0 0 0 0 4 
3 4 2 2 0 1 2 1 2 6 1 11 0 0 1 0 1 0 0 0 0 0 0 2 0 0 0 0 0 0 0 0 9 3 1 8 4 2 3 0 3 0 3 5 2 1 2 2 3 15 29 7 22 21 5 3 1 13 0 31 16 2 1 21 44 18 4 19 6 16 18 8 6 1 8 6 0 5 27 17 4 3 3 2 2 4 0 15 1 0 0 4 0 0 0 0 0 0 0 0 0 0 
1 2 1 0 0 1 3 0 11 24 2 11 10 9 6 4 8 4 12 3 0 1 0 8 2 4 0 15 0 5 0 4 30 2 4 2 8 0 1 3 5 1 36 9 10 44 10 3 4 56 12 2 13 2 6 2 2 10 0 22 11 0 5 25 13 10 6 3 7 9 2 3 9 23 2 4 19 25 77 128 12 25 24 114 12 66 16 76 42 0 0 3 26 17 4 4 3 12 11 0 1 42 
6 2 5 0 1 1 4 7 4 3 1 9 4 9 3 2 0 0 8 1 0 3 11 18 3 1 1 9 0 20 6 17 27 2 0 5 6 8 3 5 5 5 24 19 14 19 13 5 11 76 33 13 13 4 2 5 19 16 0 17 9 2 3 19 17 21 2 10 3 11 7 3 8 23 4 1 36 30 61 123 14 37 28 129 13 28 2 107 12 0 0 14 7 16 12 4 3 9 11 0 6 34 
3 1 2 0 0 1 0 1 3 0 0 0 1 1 0 4 0 0 3 2 0 0 0 6 1 0 0 1 1 3 2 2 7 1 0 0 2 0 5 0 6 0 2 3 2 2 2 0 3 11 9 2 2 7 1 2 5 1 0 8 6 0 0 0 1 12 5 1 0 0 5 2 2 18 4 2 1 23 41 41 5 6 34 67 5 1 4 33 2 0 0 1 0 6 3 4 0 2 5 0 0 10 
7 6 7 1 0 1 2 0 4 4 0 1 1 6 6 1 0 2 3 1 0 0 0 5 4 0 0 16 2 4 2 5 10 15 0 0 3 0 2 0 4 3 23 24 11 6 21 3 4 74 17 1 23 19 4 10 4 9 0 21 2 3 2 20 6 10 8 4 4 9 3 0 6 68 17 7 1 3 32 43 15 12 15 143 97 9 9 111 14 0 0 22 14 4 17 13 1 8 17 0 4 34 
6 12 3 0 3 2 1 1 10 3 2 4 12 3 19 8 8 9 16 9 4 0 2 45 5 2 0 16 0 21 0 15 50 22 5 11 7 2 4 3 7 0 17 25 8 28 19 6 9 64 35 38 57 18 7 1 10 13 0 9 2 0 8 24 22 26 9 12 6 13 32 3 48 188 16 9 8 5 5 20 5 10 12 87 110 26 14 88 18 0 0 26 17 33 0 4 0 2 4 0 5 47 
0 6 4 0 0 0 10 0 0 1 0 3 0 1 0 1 1 0 0 1 0 1 0 2 0 0 0 7 0 19 1 0 21 4 1 0 2 0 2 4 3 2 22 12 4 11 15 1 6 60 24 4 7 2 6 0 1 1 0 3 3 10 3 0 6 9 1 5 4 14 1 4 3 42 20 9 3 2 5 0 23 20 22 106 258 13 8 72 9 0 0 39 10 15 9 14 1 7 13 0 0 51 
5 3 0 0 0 1 0 3 0 3 0 0 0 0 0 0 0 1 0 0 0 0 0 1 3 0 0 3 0 5 1 2 12 1 2 0 1 0 11 1 4 1 25 18 5 12 21 4 10 58 25 5 11 1 1 0 0 0 0 3 0 1 1 1 2 4 1 0 1 10 3 1 4 44 13 2 0 4 6 23 0 12 12 116 249 30 10 56 11 0 0 22 1 15 9 7 0 7 16 0 0 32 
0 0 1 0 0 1 0 9 0 0 0 0 0 0 0 0 0 0 1 0 0 1 0 2 0 0 0 0 0 1 1 3 5 0 0 0 1 0 2 1 2 0 7 20 2 5 5 0 5 32 2 1 8 1 0 0 0 3 0 3 1 1 0 1 1 1 0 0 1 1 0 0 1 3 2 11 0 0 4 5 2 0 2 14 68 2 15 18 4 0 0 13 2 0 9 13 0 3 6 0 3 18 
2 4 0 0 0 1 0 2 1 6 0 0 0 0 0 0 0 0 0 0 0 0 0 0 0 0 0 1 0 3 0 0 9 0 0 0 1 0 1 0 3 0 18 10 2 14 13 3 5 46 24 2 7 3 2 3 2 4 0 5 0 4 0 0 1 4 2 1 2 0 2 3 4 85 9 16 2 9 31 31 5 3 2 71 136 17 4 84 7 0 0 8 2 8 4 6 7 0 4 7 2 44 
0 6 0 0 0 2 0 0 0 2 0 0 0 0 0 1 0 0 0 0 0 0 0 1 0 0 0 0 0 0 0 1 8 2 0 0 0 0 1 2 2 0 35 13 1 3 5 2 8 49 11 10 25 4 1 1 11 4 0 3 5 3 0 0 0 0 0 6 0 2 2 1 3 21 15 7 6 25 41 63 3 19 20 2 39 32 7 89 6 0 0 24 17 8 8 14 6 19 14 2 9 53 
0 29 4 0 0 0 1 0 0 2 0 0 0 0 2 0 0 0 0 0 0 1 0 2 1 0 0 0 0 0 0 0 9 0 0 1 0 0 0 3 2 0 39 12 21 12 14 10 12 80 10 6 10 5 10 0 5 4 0 0 0 2 1 1 7 0 1 2 1 1 5 9 1 10 15 16 5 17 50 78 13 13 39 16 3 40 14 121 8 0 0 40 12 11 9 19 1 11 12 1 5 54 
5 3 2 0 4 1 1 1 0 0 0 0 0 0 0 1 0 0 4 8 1 0 0 5 0 0 0 1 1 1 4 9 19 2 6 3 12 5 15 1 8 1 54 32 3 26 13 0 19 50 36 8 8 5 5 2 2 1 0 6 1 0 0 1 1 4 8 1 2 2 15 0 1 11 8 23 2 28 15 13 16 9 8 18 35 13 3 52 9 0 0 29 51 13 19 5 0 3 6 5 25 55 
5 11 3 0 5 5 4 1 0 4 1 0 0 0 0 1 4 4 0 0 1 1 0 7 2 0 0 8 0 13 2 7 24 2 2 2 7 8 3 5 7 3 28 25 7 11 17 4 2 40 8 3 10 6 3 0 2 2 0 5 0 1 0 0 4 3 0 0 4 0 2 2 8 9 21 25 2 3 32 13 13 31 9 41 31 5 2 31 9 0 0 33 22 25 16 15 4 11 22 1 12 65 
25 25 23 4 4 14 13 4 9 9 3 0 2 0 3 6 3 10 3 7 6 9 6 33 5 1 0 46 3 108 18 51 176 16 11 20 56 41 42 17 8 4 89 35 14 78 58 24 25 291 45 30 39 14 5 4 6 40 0 18 8 9 2 4 5 11 2 7 6 4 5 3 12 24 63 52 6 29 76 29 13 49 17 63 39 27 10 13 10 0 0 44 20 28 48 48 23 35 47 11 15 346 
6 7 5 0 0 5 2 1 2 2 2 1 0 9 0 2 6 5 0 1 0 1 0 9 10 0 0 7 0 26 2 16 54 2 10 4 38 11 8 13 6 4 79 15 11 21 2 3 14 50 16 6 22 4 0 0 1 2 0 1 2 3 1 3 1 2 0 0 0 1 0 0 3 1 21 4 1 15 13 13 11 10 4 18 23 28 11 44 2 0 0 28 22 40 20 25 1 13 6 1 14 102 
0 0 0 0 0 0 0 0 0 0 0 0 0 0 0 0 0 0 0 0 0 0 0 0 0 0 0 0 0 0 0 0 0 0 0 0 0 0 0 0 0 0 0 0 0 0 0 0 0 0 0 0 0 0 0 0 0 0 0 0 0 0 0 0 0 0 0 0 0 0 0 0 0 0 0 0 0 0 0 0 0 0 0 0 0 0 0 0 0 0 0 0 0 0 0 0 0 0 0 0 0 0 
0 0 0 0 0 0 0 0 0 0 0 0 0 0 0 0 0 0 0 0 0 0 0 0 0 0 0 0 0 0 0 0 0 0 0 0 0 0 0 0 0 0 0 0 0 0 0 0 0 0 0 0 0 0 0 0 0 0 0 0 0 0 0 0 0 0 0 0 0 0 0 0 0 0 0 0 0 0 0 0 0 0 0 0 0 0 0 0 0 0 0 0 0 0 0 0 0 0 0 0 0 0 
4 2 0 1 3 2 2 0 1 0 0 2 2 3 1 0 2 0 0 0 0 0 0 0 0 0 0 3 1 8 0 3 18 3 3 5 24 4 8 7 14 1 2 3 2 1 19 2 10 24 5 2 2 0 2 0 1 0 0 0 2 9 0 2 2 1 0 0 0 0 0 0 0 0 9 3 0 1 1 19 1 4 4 3 15 15 7 65 2 0 0 1 10 9 0 6 0 4 3 2 0 43 
0 2 4 0 0 6 1 2 0 0 0 0 0 1 1 0 0 0 0 0 0 0 0 1 0 1 0 0 0 3 7 8 15 1 4 11 17 5 4 1 2 0 13 19 9 8 14 0 3 46 7 2 6 2 0 0 2 0 0 1 0 0 0 0 0 1 0 0 0 0 0 0 1 0 6 2 0 1 4 2 0 9 4 7 5 13 11 38 7 0 0 13 1 0 7 5 1 0 12 0 3 25 
0 2 1 0 0 0 1 1 2 0 0 2 2 13 0 0 1 0 0 0 0 0 0 1 2 0 0 0 0 6 6 5 32 2 7 10 9 8 5 5 18 0 40 16 34 6 29 5 14 56 10 17 7 5 1 1 4 4 0 2 2 0 10 0 0 0 0 0 0 0 0 0 0 0 19 11 2 5 28 11 2 23 10 19 10 21 18 66 18 0 0 26 7 1 0 3 1 1 0 2 1 67 
0 2 0 0 0 0 0 0 0 0 0 0 1 3 0 0 0 0 0 0 0 0 0 0 0 0 0 0 0 8 2 17 15 0 1 2 23 2 2 0 6 0 30 7 14 5 7 4 18 59 9 7 9 0 1 0 0 8 0 0 0 0 0 0 0 0 0 0 0 0 0 0 0 0 12 6 1 10 9 9 5 16 7 22 3 30 21 44 15 0 0 2 1 1 0 0 0 14 9 0 4 51 
4 15 1 0 0 2 0 0 5 6 0 7 1 0 0 0 0 0 0 0 5 1 0 1 0 0 1 1 0 15 4 12 42 8 5 11 29 5 15 1 25 5 67 40 31 22 26 7 34 45 4 10 4 4 0 3 5 5 0 0 0 0 0 4 1 0 0 0 0 0 1 0 1 0 1 5 0 3 4 4 2 10 2 21 10 26 27 95 11 0 0 98 15 6 5 5 0 15 5 0 7 65 
0 0 0 0 0 0 0 0 0 0 0 0 0 0 0 0 0 0 0 0 0 0 0 0 0 0 0 0 0 12 0 0 1 0 2 2 6 1 0 0 17 1 6 13 17 5 1 3 7 18 3 0 0 0 0 0 0 0 0 1 0 0 0 0 0 0 0 0 0 0 0 0 0 0 0 2 0 1 1 6 3 4 2 2 1 9 7 25 2 0 0 14 0 0 3 0 1 0 0 0 0 16 
1 0 1 0 0 5 6 0 1 1 3 1 1 1 0 5 0 0 0 0 1 0 0 2 0 0 0 0 2 15 0 1 16 1 4 4 29 15 5 7 10 5 36 24 18 37 13 5 6 116 14 0 24 7 6 4 1 4 0 3 2 0 0 1 0 6 0 0 0 0 0 0 1 1 12 20 1 9 22 11 20 19 5 25 19 23 19 93 15 0 0 16 27 7 22 6 1 0 18 1 1 78 
3 2 5 2 1 0 5 0 1 0 1 0 1 0 0 0 0 0 0 0 0 0 0 1 0 0 0 1 0 17 0 2 9 0 3 8 33 5 7 7 2 1 54 22 32 26 28 9 10 104 13 7 25 24 6 6 1 5 0 3 0 0 0 0 0 0 0 0 0 0 0 0 0 0 13 26 1 20 30 29 8 23 14 35 17 51 33 100 7 0 0 47 19 9 22 0 0 1 2 0 1 56 
0 2 0 0 1 1 0 0 2 0 1 1 0 0 0 0 2 0 0 0 0 0 1 0 0 0 0 0 0 11 2 1 4 6 2 2 13 2 4 0 0 0 4 12 23 10 5 1 3 36 2 0 4 0 0 2 1 1 0 0 0 0 0 0 0 0 1 0 0 0 0 0 0 3 15 4 0 10 7 2 2 6 3 5 8 8 1 37 16 0 0 11 30 4 3 8 2 0 11 0 0 7 
0 0 2 0 0 3 0 0 0 0 1 0 0 0 0 0 0 0 0 0 0 0 0 0 0 0 0 0 0 4 0 0 4 0 1 0 3 1 3 6 0 0 2 8 2 4 2 1 1 8 0 0 2 0 0 0 0 0 0 0 0 0 0 0 0 0 0 1 0 0 0 0 0 0 0 1 0 0 1 0 1 4 1 0 4 10 6 17 1 0 0 3 1 1 5 0 1 1 0 0 0 2 
5 3 5 0 0 0 0 0 7 2 1 1 1 5 2 0 0 0 0 0 0 0 0 0 0 0 0 2 0 10 3 17 18 4 5 7 18 12 11 5 5 0 32 20 34 31 21 14 9 28 14 6 9 7 4 2 4 3 0 1 0 0 0 0 0 1 0 0 0 0 0 0 0 1 1 6 2 4 23 13 9 32 6 21 7 41 17 96 9 0 0 32 56 9 10 10 1 0 5 2 1 1 
