1 6 1 7 6 40 15 33 40 12 8 32 92 78 93 35 28 16 19 7 9 25 6 82 15 1 0 50 4 2 0 1 28 1 0 6 3 1 8 10 10 1 6 4 12 16 7 1 4 105 3 5 9 2 2 1 4 0 0 0 0 0 0 0 2 12 6 8 0 1 1 3 6 8 0 3 0 5 1 1 0 1 3 1 0 1 1 56 4 0 0 4 0 0 5 2 0 0 0 0 0 0 
8 2 13 3 23 36 14 11 26 27 2 37 100 97 75 27 14 23 33 21 14 15 3 55 39 5 1 58 1 1 0 0 33 0 5 0 18 8 13 16 31 0 11 3 12 13 30 4 2 108 9 1 14 19 0 0 1 0 0 1 0 0 0 3 1 17 0 2 0 1 7 4 7 6 1 0 0 2 2 3 2 0 1 1 0 2 3 31 1 0 0 10 20 0 7 3 0 3 2 0 0 0 
35 10 6 6 10 33 68 41 49 53 40 27 121 90 98 48 48 30 26 22 3 49 5 50 10 2 0 75 13 4 0 0 12 0 1 0 12 2 1 22 60 3 10 27 23 16 16 1 4 108 21 1 23 1 0 0 4 3 0 0 0 0 0 4 0 6 9 4 0 14 8 2 3 4 1 3 0 3 4 0 0 1 2 0 0 6 1 43 2 0 0 0 0 0 2 1 0 1 3 0 1 0 
29 8 9 1 1 2 2 22 19 5 0 8 4 5 13 6 11 3 2 11 2 1 0 22 3 0 1 31 0 0 0 0 2 0 0 0 1 0 1 2 1 0 2 1 5 6 1 3 0 35 9 0 3 1 0 1 0 5 0 0 2 0 0 0 1 1 1 0 1 0 8 0 0 11 4 0 0 0 0 0 0 0 0 0 0 1 0 8 2 0 0 3 1 1 0 0 0 0 0 0 0 0 
44 19 13 2 0 5 9 0 14 2 2 4 23 16 35 6 12 14 12 12 3 13 7 58 14 0 4 61 0 3 1 0 4 1 1 0 1 13 2 5 5 0 2 6 3 8 7 2 0 65 2 0 1 0 0 0 0 2 0 0 0 0 3 0 0 1 1 3 0 0 5 2 0 2 1 3 0 0 0 0 0 0 0 0 0 1 0 27 2 0 0 6 0 0 0 1 2 0 1 1 2 0 
81 62 46 8 12 7 3 2 4 3 6 49 42 27 28 38 17 27 29 8 7 7 18 58 23 1 0 38 9 2 0 0 7 0 0 0 0 1 2 2 12 6 14 4 11 9 9 1 4 73 8 0 7 2 1 0 0 0 0 0 1 2 0 2 0 2 0 1 0 0 0 1 0 5 1 0 0 0 2 0 0 0 0 0 0 1 1 7 0 0 0 3 0 2 0 0 0 2 6 0 0 0 
30 42 20 6 10 7 6 0 7 0 4 23 22 1 20 1 15 24 15 4 14 1 7 49 40 26 1 27 4 1 2 3 21 0 0 1 11 0 1 17 10 6 4 3 1 7 4 0 12 37 2 2 2 1 1 0 0 1 0 0 0 0 7 1 1 2 0 0 0 0 1 0 1 12 4 1 1 1 2 0 0 1 0 1 0 6 1 11 5 0 0 0 1 0 0 0 0 2 9 0 0 0 
50 36 16 16 62 18 3 1 0 2 0 13 81 25 35 19 29 19 24 8 8 6 1 64 35 1 0 29 23 2 7 1 5 0 0 0 0 1 2 4 8 2 9 0 4 9 3 2 2 94 5 1 3 3 1 3 0 0 0 0 0 0 0 2 0 1 0 8 26 1 1 2 0 22 2 0 0 0 4 0 0 0 0 0 0 0 0 30 1 0 0 2 0 0 0 1 0 0 0 0 0 0 
31 31 67 2 15 10 16 0 3 1 2 9 8 20 32 16 18 11 8 29 7 12 8 50 21 12 0 27 1 5 0 6 11 0 0 0 1 1 0 19 12 0 8 11 14 9 5 2 8 44 2 0 3 2 2 0 1 0 0 0 0 0 1 1 0 2 0 1 2 1 0 0 1 0 0 0 0 1 2 0 0 1 0 0 1 0 0 7 0 0 0 2 1 4 1 0 0 2 0 0 0 0 
25 56 27 1 16 52 9 5 20 3 0 8 21 13 10 0 9 8 18 12 0 5 18 62 27 2 1 20 0 2 0 0 5 0 0 0 0 0 0 1 1 0 2 0 0 1 3 2 7 49 4 0 1 0 0 0 0 0 0 0 0 0 1 0 0 0 0 0 0 13 0 0 0 1 2 1 0 0 0 0 0 0 0 0 0 0 0 0 0 0 0 3 0 3 19 0 0 0 0 0 0 0 
44 48 20 3 14 55 18 48 17 2 0 14 36 7 5 22 4 6 1 17 0 2 18 48 25 0 0 16 1 2 0 0 4 0 0 0 0 0 2 0 1 1 4 5 0 15 15 0 4 33 4 0 1 2 0 2 0 16 0 0 0 0 1 0 0 0 0 0 0 0 0 0 0 3 0 1 0 0 2 0 0 0 0 0 0 0 1 1 0 0 0 1 4 0 1 0 0 0 0 0 0 0 
35 48 48 6 23 76 24 37 5 8 1 3 1 2 3 57 30 5 15 1 2 16 0 62 33 5 0 60 1 4 0 0 12 0 0 0 1 0 0 3 7 0 2 0 14 1 2 5 0 83 3 0 8 4 3 1 0 1 0 1 2 0 0 0 1 31 0 2 0 0 1 0 0 0 2 3 0 0 2 0 0 0 0 0 0 0 0 6 0 0 0 0 5 0 0 0 0 0 1 0 0 0 
91 34 70 4 26 29 34 27 34 11 18 1 0 7 28 49 12 12 33 19 10 6 3 72 30 2 0 68 1 9 1 1 12 5 0 0 1 0 13 10 4 4 4 0 0 1 4 2 2 53 10 1 1 20 4 0 3 0 0 2 0 8 0 0 0 0 0 0 0 0 0 0 0 2 3 2 0 0 2 1 0 0 0 0 0 1 0 1 2 0 0 1 18 0 0 0 0 0 0 0 0 0 
43 37 22 8 10 7 19 7 3 30 1 18 1 2 1 3 0 11 18 15 5 0 7 72 36 2 3 132 6 1 0 0 2 0 0 0 0 1 1 0 0 2 2 0 7 0 1 2 0 17 7 1 3 1 1 0 0 1 0 0 0 0 0 0 0 0 0 0 0 0 0 1 0 0 2 0 0 0 0 0 0 0 0 0 0 0 0 3 0 0 0 2 0 1 0 0 0 1 0 0 0 0 
38 61 42 2 26 24 12 78 7 16 7 7 9 0 2 3 3 1 1 6 8 20 9 81 25 3 1 105 16 0 1 0 10 0 0 0 0 0 0 1 0 0 0 0 5 1 0 1 1 4 1 1 13 21 1 1 14 2 0 2 0 2 0 0 0 0 0 0 0 0 0 0 0 0 10 1 0 1 24 0 0 1 0 0 0 0 0 0 1 0 0 0 3 0 0 0 0 0 1 0 0 0 
73 34 13 4 9 54 14 86 5 18 4 24 32 1 16 3 3 2 33 16 13 14 44 97 69 8 3 93 1 20 0 1 20 1 0 2 3 19 0 5 8 1 6 3 10 1 5 0 1 35 16 0 8 0 0 0 0 1 0 6 0 0 0 0 0 0 0 0 0 0 1 0 1 1 11 1 1 1 27 0 0 0 0 0 0 14 0 9 1 0 0 0 3 0 0 3 0 1 1 1 0 0 
50 45 17 2 16 17 22 57 15 13 1 25 15 24 15 2 2 2 5 15 20 28 54 127 34 8 1 114 2 25 11 33 34 1 7 1 8 3 4 24 9 2 5 10 22 4 22 1 23 109 39 2 19 10 0 0 1 4 0 2 0 0 0 0 1 0 0 0 0 0 0 0 1 1 4 0 0 0 2 0 0 0 0 0 0 13 4 20 1 0 0 0 7 1 0 0 0 0 0 0 0 0 
51 24 51 5 3 14 3 33 14 26 19 10 27 5 11 18 5 4 0 0 16 4 12 83 27 17 1 85 2 14 6 24 41 0 3 0 5 3 1 0 5 1 1 1 17 3 19 2 8 143 4 9 7 3 4 0 0 0 0 2 2 0 0 0 0 0 0 0 0 0 3 0 0 0 1 5 0 0 24 0 0 0 0 0 0 1 1 27 0 0 0 0 3 0 0 0 0 1 0 0 0 0 
17 25 27 2 5 11 5 41 1 6 18 12 4 5 3 3 6 1 1 4 21 2 5 58 34 10 1 33 1 2 20 4 20 0 6 1 4 0 3 1 6 0 0 1 15 3 19 2 3 38 11 9 9 0 1 0 1 0 0 0 0 0 0 0 0 0 0 0 0 0 0 0 0 0 0 0 0 2 2 2 0 0 0 0 0 0 0 9 0 0 0 0 0 0 0 0 0 0 0 0 0 0 
35 26 29 0 6 10 5 23 2 7 22 27 27 33 7 15 11 2 8 3 2 14 30 62 61 7 3 121 12 17 2 2 15 1 7 1 5 1 1 2 14 2 1 2 2 3 3 2 38 44 9 6 16 5 5 2 0 2 0 6 0 0 0 0 1 0 0 0 0 0 0 0 0 0 4 2 0 0 4 1 0 0 0 0 0 1 1 6 1 0 0 0 0 0 0 0 0 0 0 0 0 0 
28 31 1 2 19 5 5 48 1 14 1 3 28 59 19 24 25 11 38 0 2 1 1 48 9 9 12 60 0 9 0 0 11 0 0 0 3 0 2 25 23 0 5 0 1 2 1 2 1 9 1 0 0 0 0 0 1 1 0 0 0 0 0 0 0 0 0 0 0 0 0 0 0 0 2 0 0 0 2 0 0 0 1 0 0 1 1 5 0 0 0 0 0 0 0 0 0 0 0 0 0 0 
29 20 16 4 8 17 3 12 5 10 6 23 9 46 25 24 10 7 52 4 0 3 2 68 26 3 4 90 3 1 0 0 20 1 1 0 3 3 1 5 8 0 5 0 8 1 28 4 1 55 3 0 2 3 11 0 1 3 0 18 0 3 0 0 0 0 0 0 0 0 0 0 0 0 0 0 0 0 0 0 0 0 0 0 1 1 0 11 5 0 0 0 0 0 0 0 0 0 0 0 0 0 
36 31 24 12 13 15 2 17 6 20 15 28 21 7 125 40 36 35 48 4 48 7 3 20 14 27 2 204 3 7 1 6 15 1 1 11 9 1 5 14 22 0 0 0 15 5 19 6 22 60 13 11 8 4 3 1 0 0 0 0 1 0 0 0 2 0 0 1 0 0 0 0 0 0 0 2 0 2 17 0 1 1 0 3 0 6 11 11 1 0 0 1 0 0 0 0 0 0 0 0 0 0 
37 35 27 2 10 20 40 80 14 84 6 44 75 48 131 30 24 14 76 4 22 3 2 8 2 10 16 119 9 9 5 2 31 1 0 9 15 1 32 17 17 0 1 1 17 3 27 4 11 87 31 4 8 11 6 2 16 0 0 2 0 11 0 6 0 0 0 0 0 0 0 0 0 1 0 4 0 0 23 1 0 2 1 0 0 15 2 10 2 0 0 0 0 0 0 0 0 2 0 0 0 0 
41 27 10 5 20 15 11 38 8 51 17 29 51 120 77 27 20 33 21 7 6 6 0 3 1 0 5 68 2 5 5 1 23 6 5 4 14 1 2 8 26 3 15 9 13 9 12 4 0 64 40 8 7 10 2 2 20 9 0 3 0 2 0 1 17 0 0 0 0 0 0 0 0 0 5 10 0 0 23 5 1 1 1 0 0 5 0 17 1 0 0 2 0 0 0 0 0 0 0 0 0 0 
9 4 4 0 1 2 0 10 0 2 18 0 9 12 5 1 20 7 35 26 11 8 13 63 4 1 0 29 0 1 0 0 9 0 1 0 2 0 3 0 0 0 1 3 4 0 19 1 0 11 0 0 0 0 1 6 0 1 0 0 0 0 0 0 0 0 1 0 0 0 0 0 0 0 3 0 0 0 0 0 0 1 0 0 0 0 0 1 0 0 0 0 0 0 0 0 0 0 0 0 0 0 
4 2 1 1 2 4 5 5 1 6 2 8 19 30 91 20 26 25 3 17 18 44 12 127 125 3 2 90 0 4 2 4 15 1 1 2 1 4 1 2 3 0 0 2 7 23 5 0 0 42 17 0 7 1 4 3 0 2 0 1 0 1 1 0 0 0 0 0 0 0 0 0 0 0 2 1 1 0 1 0 2 0 0 0 1 0 0 13 0 0 0 0 0 0 0 0 0 0 0 0 0 0 
19 61 22 17 26 36 10 18 17 48 10 40 67 144 143 72 49 98 56 83 62 48 23 119 59 28 6 6 2 3 7 3 40 10 4 5 32 5 23 44 57 4 21 25 28 31 24 5 22 145 17 17 11 10 5 2 6 4 0 2 0 0 0 0 0 0 0 0 0 0 0 0 0 1 5 12 5 7 23 1 1 6 0 0 1 2 1 60 3 0 0 4 1 1 2 5 0 0 0 0 1 0 
5 19 1 1 0 3 0 0 0 1 0 5 1 2 10 0 0 1 5 1 0 1 0 14 0 0 0 6 0 0 0 2 0 0 0 1 0 0 2 0 3 0 0 0 4 0 0 1 1 10 9 0 0 0 0 0 0 0 0 0 1 0 0 1 0 0 0 0 0 1 0 0 0 0 0 0 0 0 1 0 0 0 0 0 0 0 0 6 0 0 0 0 0 0 0 0 0 0 0 0 0 0 
3 15 0 0 0 0 0 4 9 0 0 3 1 0 0 17 3 19 9 5 7 1 2 10 4 0 0 0 0 8 4 6 201 17 54 125 178 84 49 40 51 3 26 42 119 23 53 10 15 358 10 4 31 5 14 4 1 3 0 5 4 0 0 1 1 15 0 0 1 0 0 1 0 0 3 3 0 0 9 1 1 2 1 0 0 3 0 105 7 0 0 26 5 1 3 1 0 4 2 0 2 0 
0 0 0 0 0 0 0 0 0 0 0 1 1 1 0 1 2 7 19 0 0 2 0 15 6 0 0 0 0 1 1 1 58 3 21 28 47 27 29 28 6 0 23 3 8 25 18 1 14 47 5 1 4 0 7 0 0 1 0 1 0 1 3 0 1 3 0 1 0 23 0 0 1 0 3 0 3 1 5 1 0 0 0 0 0 8 0 17 4 0 0 2 2 0 12 1 0 1 1 1 0 0 
1 0 1 0 0 2 0 0 0 0 1 0 4 1 0 4 6 0 0 0 0 2 1 2 2 1 1 3 0 35 24 4 54 1 23 33 78 32 62 22 34 13 21 31 50 28 25 7 14 124 7 2 8 0 2 0 4 4 0 6 0 1 0 2 0 0 0 0 0 1 2 0 0 0 3 3 0 0 1 0 0 4 0 0 0 8 0 46 4 0 0 9 2 5 0 1 1 0 3 0 2 0 
17 25 11 2 2 2 5 0 2 10 0 4 9 4 0 4 13 10 6 5 8 3 4 40 38 2 5 36 1 114 56 28 6 13 6 34 78 34 26 70 122 6 37 24 85 113 113 59 61 718 78 38 97 20 15 12 14 17 0 5 1 3 2 4 5 1 1 3 1 5 14 3 3 2 37 9 1 2 19 2 6 4 9 4 3 18 7 104 13 0 0 13 5 9 9 15 3 10 5 1 2 0 
3 0 0 0 0 1 0 0 2 0 0 0 0 1 0 0 1 0 0 1 0 0 0 8 5 0 0 3 0 7 0 1 5 0 0 5 27 5 3 31 18 1 39 6 5 4 8 16 4 73 12 2 11 10 7 0 0 0 0 1 0 0 0 0 1 1 0 0 0 4 4 1 0 2 4 6 0 0 1 1 0 1 0 0 0 0 0 11 1 0 0 0 0 0 0 0 0 0 0 0 0 0 
1 0 0 0 0 3 0 0 0 0 0 0 0 0 0 1 0 0 1 0 0 0 1 13 1 0 0 6 1 13 0 0 35 2 5 2 23 2 4 10 12 7 3 4 3 7 6 0 3 42 4 0 0 1 0 0 5 0 0 0 0 0 1 0 0 0 0 0 0 0 0 3 0 1 1 0 0 0 5 0 0 0 0 0 0 0 0 16 1 0 0 8 6 0 0 5 0 2 2 0 1 0 
0 0 0 0 1 0 0 0 0 0 1 0 1 1 0 1 1 0 4 13 0 0 0 7 5 1 0 3 0 20 7 4 44 5 0 3 38 4 15 5 12 5 13 5 5 5 4 2 5 95 1 4 6 1 0 0 0 2 0 0 1 0 0 0 0 0 0 0 0 0 6 0 2 0 1 1 0 0 3 0 0 1 0 0 0 2 0 7 1 0 0 4 3 0 0 13 0 1 2 1 1 0 
1 1 0 0 0 0 0 0 0 1 0 0 0 0 0 0 6 2 0 0 4 1 1 1 3 0 0 1 0 55 3 8 34 5 2 1 2 0 9 20 17 6 9 6 33 9 19 1 9 139 1 1 3 1 0 0 0 0 0 0 0 0 0 1 0 0 0 0 0 1 1 1 1 1 0 0 0 3 1 0 0 0 0 0 0 1 0 19 4 0 0 4 11 4 0 2 0 3 1 0 1 0 
6 0 1 0 0 3 0 0 0 0 0 0 0 0 1 0 1 0 0 0 0 0 1 7 2 0 0 7 0 60 7 48 58 17 8 5 10 3 3 16 43 2 28 28 54 20 58 8 14 291 2 2 2 0 0 0 0 1 0 0 0 1 0 0 0 0 0 0 0 0 0 0 2 1 1 0 0 0 2 0 0 0 0 0 0 4 6 56 25 0 0 0 22 0 2 1 0 0 3 0 1 0 
3 6 6 0 1 5 6 0 0 7 1 3 0 0 2 0 0 1 0 0 3 5 14 27 5 0 0 16 0 54 23 52 126 14 16 20 14 8 2 35 106 2 30 91 21 28 89 6 35 280 10 3 23 8 0 0 1 0 0 1 0 0 3 2 3 6 0 0 0 0 1 0 2 31 1 4 0 0 1 2 0 0 0 0 1 3 1 84 4 0 0 26 2 1 3 5 0 27 8 0 0 0 
12 15 12 1 4 4 0 24 1 6 2 10 3 7 4 4 2 2 2 9 4 0 3 42 19 0 0 31 1 35 4 23 110 10 20 16 50 27 14 3 2 0 8 18 19 9 20 7 14 160 4 0 1 1 2 0 1 1 0 0 0 11 0 1 2 4 0 1 1 0 1 3 2 0 3 4 3 3 1 0 3 1 0 4 9 1 0 6 0 0 0 2 3 0 2 4 3 0 1 0 2 0 
11 9 6 0 0 8 0 2 3 4 0 9 1 27 5 0 1 7 1 9 4 1 1 22 3 0 0 27 2 113 10 24 137 11 7 8 19 35 43 1 2 1 5 2 1 8 4 2 4 97 0 1 0 0 0 0 3 0 0 0 1 3 0 2 1 5 0 0 3 0 0 1 2 1 2 7 1 0 7 1 6 4 0 0 5 0 0 4 1 0 0 0 3 1 13 1 0 0 0 0 1 0 
8 1 1 0 0 94 0 1 0 5 0 6 0 5 0 2 0 4 0 5 0 0 8 17 1 4 0 6 0 22 1 7 59 5 1 7 38 25 16 15 2 2 1 2 12 5 6 3 0 94 0 0 4 1 0 0 0 0 0 0 2 0 0 0 0 0 0 0 0 1 1 6 0 0 1 1 0 1 1 1 1 10 0 1 2 2 0 20 4 0 0 1 2 5 0 19 0 0 1 0 0 0 
2 16 1 0 0 4 0 0 1 3 2 0 3 4 0 0 0 1 0 2 0 0 0 6 0 0 0 7 0 15 9 3 75 1 3 6 38 5 5 0 1 0 3 1 2 0 1 3 2 20 17 1 12 2 0 2 0 0 0 2 0 0 0 0 4 0 0 0 0 0 0 0 0 2 2 21 3 1 9 8 11 3 1 31 8 21 0 33 0 0 0 0 9 2 4 5 0 21 10 0 2 0 
8 4 2 0 1 9 1 0 1 2 0 0 0 0 1 0 1 0 0 0 1 2 0 12 3 0 0 3 0 7 7 4 49 1 12 3 31 6 16 8 1 5 3 6 3 6 3 1 14 28 7 0 5 3 0 0 0 0 0 1 0 0 0 0 2 4 1 1 0 0 0 0 1 0 1 4 0 2 4 1 1 12 1 6 21 15 2 22 0 0 0 0 6 4 4 15 0 1 1 5 1 0 
20 12 2 2 0 4 1 1 0 3 0 0 1 0 1 0 5 1 1 2 7 0 1 24 14 2 1 25 6 28 5 13 72 1 17 7 30 19 8 25 5 2 4 3 10 2 6 1 4 24 2 0 4 2 0 0 0 1 0 0 1 0 0 0 4 0 0 0 1 1 1 5 3 1 5 2 0 4 6 0 1 1 0 2 6 5 0 12 0 0 0 0 0 0 2 2 0 1 7 0 2 0 
11 19 1 0 4 5 0 4 2 1 0 0 2 1 2 5 4 0 5 2 1 6 0 15 10 1 4 17 0 31 5 19 117 3 3 20 55 25 14 10 28 3 1 22 4 2 4 10 13 18 8 3 5 2 1 1 0 0 0 2 1 0 0 0 0 1 1 2 1 0 0 0 1 2 15 3 0 2 3 3 3 0 0 1 0 5 2 31 0 0 0 15 3 2 0 0 0 0 1 1 2 0 
3 2 1 2 1 2 7 0 2 4 0 2 0 1 0 1 4 1 1 1 2 0 1 15 9 0 0 26 0 9 5 14 65 2 1 14 25 11 7 9 11 1 5 1 3 2 11 1 0 16 0 2 1 0 0 0 0 0 0 0 0 1 0 0 0 1 2 0 0 0 0 0 0 2 4 5 1 1 2 0 1 1 1 2 1 4 0 33 0 0 0 0 1 0 1 0 0 0 1 0 0 0 
2 12 2 0 2 1 3 1 2 7 2 3 2 0 0 0 12 1 2 3 4 2 0 17 12 5 0 20 0 22 1 3 85 2 3 11 29 9 11 18 4 1 16 3 20 5 6 9 3 25 3 0 6 4 0 0 1 0 0 0 0 1 0 0 1 0 2 1 0 1 0 0 1 4 8 3 0 3 3 4 0 7 0 9 5 6 5 52 2 0 0 0 21 3 0 28 0 13 1 6 2 0 
10 23 4 0 2 2 1 1 15 3 0 0 1 2 1 1 7 7 0 2 1 4 3 32 11 1 4 44 0 22 6 31 105 4 1 21 31 33 14 18 6 8 32 14 15 6 14 9 4 22 10 1 1 0 0 0 2 2 0 2 4 0 0 1 2 1 1 4 0 0 0 0 1 1 12 4 0 1 3 5 3 7 2 5 0 2 1 47 5 0 0 8 2 3 1 2 0 2 26 0 0 0 
26 23 11 3 12 8 6 6 3 17 5 5 15 5 2 4 7 23 5 4 8 8 1 93 33 2 0 57 3 113 11 51 515 10 24 33 141 78 58 49 28 4 19 41 25 24 28 34 16 4 33 5 17 11 2 4 1 2 0 7 3 0 0 3 4 8 2 7 1 4 3 2 3 13 9 6 2 7 14 5 6 6 2 14 6 9 4 214 5 0 0 4 8 8 4 9 2 48 15 1 0 0 
7 10 8 1 4 1 15 2 1 8 1 0 21 5 12 14 5 5 3 4 0 3 3 59 15 3 0 30 0 7 0 8 129 6 12 10 21 7 2 5 2 1 14 4 5 22 3 3 5 64 3 0 1 25 6 3 27 3 0 63 20 18 3 12 13 16 4 10 3 14 3 15 24 51 27 16 5 2 15 18 3 2 16 40 3 10 2 49 20 0 0 0 0 4 5 4 4 1 1 2 1 0 
3 2 1 0 0 1 1 1 1 0 0 0 3 3 2 2 0 0 4 0 0 0 0 10 12 1 0 8 0 2 4 2 62 1 0 2 6 0 1 4 1 0 3 1 12 12 3 10 6 10 5 4 5 14 2 0 1 8 0 12 4 0 0 7 13 3 2 2 1 2 1 0 6 10 0 0 0 4 13 2 2 5 0 5 8 6 6 32 6 0 0 8 2 3 2 2 1 9 3 0 0 0 
0 0 0 0 0 4 0 1 0 0 0 2 1 1 0 1 0 1 1 3 1 0 1 8 10 1 0 1 0 0 7 2 29 1 5 0 2 0 1 2 1 0 2 0 2 6 0 1 1 24 0 0 5 0 0 0 0 2 0 7 0 0 1 2 1 34 1 1 0 0 0 1 3 5 0 0 0 0 3 0 0 0 0 8 1 2 0 30 1 0 0 4 0 0 2 0 0 3 0 0 0 0 
22 3 26 0 1 2 2 14 0 3 0 0 7 8 2 2 2 0 0 4 1 0 4 30 25 0 0 7 0 5 3 8 45 2 1 2 10 1 1 3 5 0 7 0 5 3 4 1 0 35 10 11 0 3 1 0 1 1 0 17 0 0 6 9 4 22 16 0 0 5 0 1 5 5 3 2 0 1 28 0 4 0 10 2 17 14 19 16 4 0 0 1 3 2 1 0 0 2 3 0 2 0 
2 2 3 1 0 0 1 0 0 1 1 0 2 1 2 0 0 0 1 4 6 2 0 17 6 2 0 11 0 16 0 8 21 1 0 0 3 0 6 1 1 1 1 2 2 1 4 9 7 23 31 44 17 2 3 0 1 1 0 62 0 4 2 11 1 4 1 3 0 5 7 0 12 21 12 2 0 1 15 3 0 0 1 3 0 0 1 20 5 0 0 0 0 1 0 0 1 5 0 0 1 0 
1 0 1 0 13 2 0 0 2 1 0 0 0 0 0 0 0 0 1 0 0 0 2 5 0 0 0 7 0 3 0 0 12 0 2 0 2 0 8 0 1 0 2 2 5 2 0 0 0 11 6 22 1 0 0 2 1 0 0 21 0 19 0 7 0 8 0 1 0 1 1 0 0 10 1 1 0 0 1 1 0 0 1 1 0 1 0 1 0 0 0 2 3 0 0 0 0 1 3 0 0 0 
0 0 0 0 0 0 0 0 0 1 0 2 5 0 1 7 1 0 2 0 3 0 0 10 3 1 1 3 0 1 0 2 26 1 1 1 0 3 1 1 2 1 1 0 1 0 0 0 0 6 5 1 14 3 0 0 4 0 0 2 0 2 0 2 2 1 18 0 0 6 0 8 9 4 8 10 0 3 1 0 0 1 0 4 2 4 0 15 2 0 0 0 0 1 0 0 0 0 1 0 0 0 
6 9 3 0 0 6 0 0 0 3 2 3 16 8 4 5 0 1 6 0 0 0 0 19 13 0 0 8 0 4 1 2 46 21 0 0 5 3 0 1 6 0 15 2 0 0 2 0 2 45 36 6 13 6 2 0 1 0 0 17 27 16 0 1 23 12 1 21 0 4 0 8 5 7 0 0 0 1 2 0 0 0 1 7 14 9 3 33 1 0 0 35 3 2 16 1 0 2 0 0 4 0 
0 0 0 0 0 0 0 0 0 0 0 0 0 0 0 0 0 0 0 0 0 0 0 0 0 0 0 0 0 0 0 0 0 0 0 0 0 0 0 0 0 0 0 0 0 0 0 0 0 0 0 0 0 0 0 0 0 0 0 0 0 0 0 0 0 0 0 0 0 0 0 0 0 0 0 0 0 0 0 0 0 0 0 0 0 0 0 0 0 0 0 0 0 0 0 0 0 0 0 0 0 0 
6 12 2 1 0 1 1 0 0 0 3 2 1 1 3 0 3 3 4 0 1 4 1 31 22 0 1 19 0 4 0 0 12 2 0 0 0 0 2 1 1 0 5 0 2 1 0 1 3 8 15 3 10 17 23 2 5 7 0 3 0 0 2 8 5 6 5 12 17 5 17 4 12 18 2 0 0 0 2 0 3 3 0 0 0 3 0 12 1 0 0 0 1 2 0 0 0 0 5 0 1 0 
1 2 0 0 0 0 0 0 0 0 0 0 1 0 0 0 0 0 0 0 1 0 0 3 1 0 0 4 0 2 0 0 1 0 0 0 0 0 2 1 0 0 1 0 0 2 3 0 1 5 7 0 5 5 6 0 2 0 0 0 2 0 0 1 0 0 0 7 0 0 2 1 2 6 0 0 0 0 1 0 1 0 0 0 0 0 0 10 0 0 0 0 0 0 0 0 0 0 7 0 1 0 
0 0 0 0 0 0 0 0 0 0 0 0 1 0 0 0 0 0 0 0 0 0 0 2 0 0 0 1 0 0 0 0 1 0 0 0 0 0 0 1 0 0 0 1 0 0 0 0 1 1 1 0 0 0 1 0 0 0 0 1 2 1 0 0 0 1 0 0 0 1 0 0 0 0 0 0 2 0 7 0 0 0 0 0 0 0 0 1 0 0 0 0 0 0 0 0 0 0 0 0 0 0 
0 0 0 0 0 0 0 0 0 0 0 0 1 0 0 0 0 0 0 0 0 0 0 1 0 0 0 0 0 5 0 0 1 0 0 0 0 1 0 0 0 0 0 0 0 0 1 0 0 0 10 0 3 0 0 0 0 6 0 1 0 0 1 0 2 1 0 2 2 1 0 0 0 2 2 1 1 0 1 0 1 0 0 0 0 6 0 0 0 0 0 0 0 0 0 0 0 0 0 0 0 0 
2 5 2 1 0 0 6 0 0 0 0 0 9 0 0 0 0 0 0 0 0 0 0 4 0 0 0 0 0 5 0 0 4 0 1 1 1 0 2 1 2 1 2 1 4 1 1 3 7 22 26 14 18 5 2 5 2 0 0 1 0 0 0 1 0 3 0 0 0 2 8 10 1 8 10 4 0 1 38 1 0 0 0 0 0 0 0 6 1 0 0 0 0 0 0 0 0 0 0 0 0 0 
8 5 1 0 0 1 0 0 0 0 3 0 0 0 0 0 0 0 0 0 0 0 0 2 2 0 0 1 0 1 5 8 8 0 0 1 7 0 2 5 0 0 3 0 8 1 1 3 0 62 23 12 6 6 7 17 0 19 0 10 2 0 0 0 1 4 1 1 0 5 0 10 6 7 4 2 0 0 14 23 0 2 1 0 0 1 1 12 1 0 0 4 0 0 0 0 0 0 0 0 0 0 
12 6 5 4 1 0 1 13 0 0 0 0 0 0 0 0 0 0 0 0 0 0 0 4 0 0 0 0 0 11 1 3 9 0 0 3 1 0 0 0 2 3 4 0 3 4 7 2 1 38 44 26 22 4 3 8 11 13 0 28 2 13 0 3 1 2 0 17 5 6 8 28 6 38 16 3 2 1 27 10 1 0 0 1 0 1 0 15 1 0 0 2 2 1 0 1 0 0 0 0 0 0 
15 0 0 0 0 1 0 0 1 0 0 1 0 0 0 0 0 0 0 0 0 0 0 0 0 0 0 0 0 1 0 1 1 1 0 0 1 0 1 0 0 0 2 0 3 5 0 1 0 8 3 1 14 2 0 1 0 0 0 1 0 12 0 0 0 0 0 0 0 1 1 0 0 2 3 0 21 0 4 0 0 0 0 0 0 0 0 2 1 0 0 0 0 0 0 0 0 0 0 0 0 0 
8 1 0 0 4 0 1 9 0 0 0 0 0 0 0 0 0 0 0 0 0 0 0 0 0 0 0 0 0 9 0 0 11 2 0 0 6 1 3 0 0 0 1 1 4 0 3 0 2 27 16 2 14 5 4 1 0 9 0 7 19 6 1 4 4 0 0 0 1 5 2 5 1 21 22 0 0 3 19 5 2 0 2 1 0 0 0 4 0 0 0 0 0 0 0 0 0 0 0 0 0 0 
2 0 0 0 1 1 0 1 0 0 0 0 0 0 0 0 0 0 0 0 0 0 0 0 0 0 0 0 0 2 0 7 2 1 0 0 2 0 1 0 0 0 0 0 1 0 1 0 2 5 1 0 6 7 1 0 0 2 0 2 4 0 2 2 3 1 4 0 0 0 7 2 5 2 1 0 0 0 4 0 4 0 0 1 0 0 1 0 0 0 0 1 0 0 0 0 0 0 0 0 0 0 
5 11 1 6 3 0 0 0 0 4 0 1 0 0 0 0 0 0 0 0 0 0 0 0 0 0 0 0 0 3 0 0 6 2 0 1 0 0 0 0 0 0 0 0 1 2 2 1 0 2 21 5 22 13 19 12 4 5 0 4 22 1 0 1 0 10 3 9 0 1 0 0 5 9 8 0 0 0 23 1 1 1 0 0 0 0 2 7 0 0 0 0 0 0 0 0 0 0 0 0 0 0 
9 5 6 2 0 3 1 1 0 0 14 5 0 1 1 2 0 0 0 0 0 0 0 0 0 0 0 0 2 4 2 0 22 16 6 1 18 2 3 1 2 1 2 1 6 4 3 4 3 39 21 7 13 11 6 4 0 11 0 14 44 6 3 13 25 35 10 25 36 3 2 1 8 10 3 3 10 0 27 2 4 3 0 2 6 2 1 17 1 0 0 0 0 0 0 0 1 0 0 0 0 0 
2 2 20 0 2 0 2 2 3 0 0 0 1 1 0 0 0 0 0 0 0 0 0 0 0 0 0 0 0 2 2 1 18 2 4 3 31 1 1 0 0 9 7 1 7 1 4 0 11 28 27 2 4 5 3 0 2 6 0 24 2 0 1 7 5 21 1 20 4 11 0 2 0 6 4 2 0 3 7 4 1 1 0 1 1 1 0 13 5 0 0 2 0 0 0 0 0 0 0 0 0 0 
0 0 1 0 1 1 0 2 0 1 0 0 0 2 0 0 0 0 0 0 0 0 0 0 0 0 0 0 0 0 0 0 8 2 2 0 2 0 1 0 2 1 0 0 3 2 0 0 0 18 27 5 9 4 1 8 3 3 0 8 3 0 1 2 0 6 0 5 0 18 2 2 2 1 4 2 0 16 13 3 3 1 4 0 0 0 0 3 0 0 0 7 0 0 0 0 0 0 0 0 0 0 
4 0 3 3 1 0 0 1 1 1 1 1 0 0 0 0 0 0 0 0 0 0 0 2 0 0 0 0 6 0 0 0 6 3 4 1 6 8 3 1 2 0 7 3 0 2 1 1 1 19 28 22 5 2 7 17 1 9 0 14 3 0 1 6 1 2 0 5 8 45 14 10 3 2 11 1 2 1 14 1 1 2 0 0 0 10 1 14 0 0 0 0 0 0 0 0 0 0 2 0 0 0 
3 2 0 0 0 0 0 3 17 5 2 0 10 3 0 0 0 0 0 1 1 1 1 9 5 0 0 19 0 3 17 1 22 4 0 5 27 1 19 0 2 0 35 3 4 11 1 4 0 72 5 0 8 10 0 0 1 7 0 17 0 14 2 11 2 3 5 0 0 1 5 0 2 16 1 16 3 7 70 15 4 7 37 139 0 10 20 70 8 0 0 1 2 0 17 2 0 1 7 4 0 0 
1 2 7 0 0 8 1 8 1 1 8 2 6 2 0 0 4 1 1 0 0 0 1 8 8 0 1 22 0 8 0 10 28 5 0 0 14 0 0 4 1 0 4 18 6 7 24 0 12 82 54 5 6 6 10 0 0 15 0 35 8 3 1 14 1 4 4 1 2 1 3 0 17 16 7 2 1 7 73 31 17 8 40 73 13 10 5 100 14 0 0 4 9 7 4 6 2 9 18 0 2 0 
0 0 0 0 0 0 1 0 1 1 0 0 12 0 0 0 0 0 1 0 2 0 0 3 2 0 0 4 0 3 0 0 6 1 0 0 2 0 0 0 0 0 16 4 3 0 0 1 0 19 4 0 2 1 1 1 0 0 0 5 0 8 0 0 5 1 0 3 0 6 1 0 2 25 0 7 1 3 14 36 6 2 3 33 0 1 3 55 7 0 0 1 1 2 0 2 0 0 7 0 0 0 
3 5 0 0 0 6 0 0 0 1 0 0 2 0 0 4 1 0 3 1 0 0 0 9 9 0 0 6 0 13 2 4 8 0 0 1 0 0 0 0 4 2 35 46 44 17 8 3 13 173 29 6 31 3 0 0 6 6 0 4 11 17 0 10 2 5 0 10 0 5 4 5 9 21 25 3 4 10 6 0 19 6 3 67 35 8 42 113 16 0 0 8 13 13 14 66 0 14 17 0 38 0 
5 34 3 0 2 8 2 7 0 0 0 1 0 0 11 1 6 15 8 0 1 1 3 39 31 2 1 21 0 29 1 14 42 5 1 0 3 1 1 7 2 6 29 22 23 20 5 8 18 142 53 9 44 17 9 4 0 2 0 8 25 5 18 14 4 91 33 36 2 17 21 17 35 55 11 12 2 1 5 1 19 7 4 123 24 15 11 179 45 0 0 39 14 6 20 11 2 5 4 1 19 0 
2 0 1 0 0 1 0 0 0 1 0 0 0 2 0 0 0 0 0 0 0 0 0 1 1 0 0 11 0 9 1 0 6 1 0 0 1 3 14 1 5 0 19 8 6 12 2 3 3 51 3 12 22 9 6 0 1 0 0 0 0 0 0 2 1 3 3 3 1 3 1 0 1 2 10 1 1 2 0 3 18 1 10 64 29 45 2 71 15 0 0 5 35 19 34 20 1 7 12 0 27 0 
2 1 0 0 1 15 0 0 0 0 0 0 0 0 0 0 0 1 0 1 0 1 0 0 0 0 0 1 0 8 0 3 10 0 0 0 1 1 0 9 1 2 33 33 0 9 9 2 16 67 12 1 3 6 0 0 4 0 0 2 0 14 0 3 1 3 0 2 15 8 4 0 24 7 7 3 0 1 8 6 6 3 2 35 53 25 1 72 5 0 0 28 7 5 1 4 0 7 18 1 3 0 
0 3 0 0 0 1 0 0 0 0 0 0 0 0 0 0 0 0 0 0 0 0 0 1 0 0 0 0 0 1 0 6 7 0 0 0 0 0 1 0 0 0 2 0 2 3 1 1 0 17 0 0 1 0 0 0 0 5 0 0 1 0 0 0 0 0 0 0 0 0 0 0 3 6 1 2 1 1 5 0 1 1 1 6 6 5 3 24 2 0 0 1 0 1 6 0 1 1 2 0 0 0 
7 3 0 2 0 1 0 0 0 0 0 0 0 0 0 0 0 0 0 0 0 0 0 1 1 0 0 1 0 3 0 2 6 0 0 1 0 0 6 13 3 0 13 10 10 21 10 0 7 60 29 10 16 7 9 0 0 15 0 8 0 1 0 0 21 1 0 1 1 1 1 0 5 13 23 6 9 0 9 3 3 0 3 55 9 21 2 138 16 0 0 32 11 22 9 9 2 8 32 2 3 0 
0 3 1 0 2 0 1 1 0 0 0 0 0 0 0 0 0 0 0 0 0 0 0 3 0 4 0 0 0 1 0 0 5 1 0 0 0 0 0 7 3 4 30 53 1 21 2 1 0 43 16 27 28 6 3 0 1 1 0 2 0 1 0 0 2 4 0 1 0 8 0 0 0 18 41 36 13 11 49 24 3 13 1 3 6 21 3 108 9 0 0 13 31 29 13 8 0 10 6 1 5 0 
0 1 1 1 0 0 0 1 0 0 0 0 0 0 0 0 0 0 0 0 0 0 0 0 0 0 0 2 0 5 0 0 5 0 0 0 1 1 0 1 6 1 115 42 16 31 1 15 2 58 7 0 9 3 2 0 1 0 0 0 0 0 0 0 0 1 0 0 0 4 0 0 3 0 12 18 1 15 22 18 40 1 8 5 1 27 14 131 5 0 0 30 15 5 11 1 0 17 13 0 1 0 
9 1 0 0 0 0 4 2 0 0 0 0 0 0 0 0 0 0 1 1 2 0 1 8 0 0 0 5 0 8 1 8 21 4 0 0 4 4 1 0 2 0 14 9 7 2 0 1 21 7 14 0 14 2 0 1 6 2 0 2 7 2 1 0 0 0 0 0 1 0 1 0 0 9 10 11 4 6 10 22 7 3 4 11 39 4 0 31 9 0 0 22 30 5 26 5 3 7 5 0 1 0 
2 3 3 0 0 2 0 0 1 4 0 0 0 0 0 0 0 1 6 0 0 2 0 6 2 0 0 4 0 3 1 3 23 0 0 0 6 2 1 1 0 0 35 3 0 3 4 0 12 29 4 1 6 0 0 0 0 0 0 3 1 0 0 0 0 0 0 1 3 3 0 0 0 12 3 7 2 1 11 11 24 8 12 10 8 1 1 13 15 0 0 29 2 35 1 0 1 12 6 0 2 0 
56 53 33 3 5 7 13 10 6 10 1 6 4 8 2 6 12 10 6 4 3 2 7 49 24 1 4 82 3 112 28 46 192 16 14 36 64 31 60 8 15 3 47 32 31 103 81 42 69 680 127 41 128 20 11 3 12 14 0 16 3 5 2 5 12 13 7 8 3 2 8 6 2 11 88 100 14 44 86 33 25 109 55 77 28 23 8 17 15 0 0 37 10 21 26 56 15 69 31 7 16 0 
1 2 0 0 0 0 0 1 1 0 0 0 0 0 0 0 1 0 0 1 1 1 1 3 5 0 0 1 0 24 1 2 24 0 0 0 26 1 6 1 2 5 53 1 3 3 2 0 3 21 7 0 3 3 0 1 1 0 0 5 0 1 0 0 2 0 1 0 0 0 1 1 0 0 10 3 0 12 6 5 3 3 0 3 16 9 14 11 2 0 0 16 21 3 3 13 2 0 1 6 6 0 
0 0 0 0 0 0 0 0 0 0 0 0 0 0 0 0 0 0 0 0 0 0 0 0 0 0 0 0 0 0 0 0 0 0 0 0 0 0 0 0 0 0 0 0 0 0 0 0 0 0 0 0 0 0 0 0 0 0 0 0 0 0 0 0 0 0 0 0 0 0 0 0 0 0 0 0 0 0 0 0 0 0 0 0 0 0 0 0 0 0 0 0 0 0 0 0 0 0 0 0 0 0 
0 0 0 0 0 0 0 0 0 0 0 0 0 0 0 0 0 0 0 0 0 0 0 0 0 0 0 0 0 0 0 0 0 0 0 0 0 0 0 0 0 0 0 0 0 0 0 0 0 0 0 0 0 0 0 0 0 0 0 0 0 0 0 0 0 0 0 0 0 0 0 0 0 0 0 0 0 0 0 0 0 0 0 0 0 0 0 0 0 0 0 0 0 0 0 0 0 0 0 0 0 0 
1 0 1 0 2 3 2 0 3 1 1 0 2 0 1 0 0 0 0 0 0 1 0 3 1 0 0 1 0 2 2 1 15 2 4 3 9 3 1 1 2 0 2 0 0 2 1 2 2 8 2 0 2 2 1 4 0 1 0 1 0 2 0 3 0 0 1 0 0 1 0 0 0 0 2 7 0 1 6 1 1 0 2 4 5 7 10 49 4 0 0 5 5 1 0 13 0 2 1 0 2 0 
4 3 2 0 0 0 0 1 0 0 0 0 2 1 0 0 0 0 0 0 0 0 0 0 0 0 0 0 0 4 0 2 2 0 1 2 11 1 5 0 0 0 7 0 4 1 0 0 1 5 5 0 10 0 0 0 0 0 0 2 0 0 1 0 0 0 0 0 0 0 0 0 0 0 5 0 1 0 3 4 0 7 2 11 4 6 11 25 2 0 0 5 4 0 0 1 1 1 5 0 0 0 
1 3 0 0 0 0 0 0 0 0 0 0 0 1 16 0 0 0 0 0 0 0 0 2 0 0 0 1 0 3 0 1 19 6 1 2 4 2 5 2 0 0 6 19 2 3 0 9 3 44 10 4 4 9 0 0 4 4 0 0 0 0 0 0 0 0 0 1 0 0 0 0 0 0 9 7 7 2 11 15 0 8 6 18 12 10 5 41 7 0 0 2 4 1 0 9 0 0 0 0 2 0 
0 1 1 0 0 1 0 0 0 0 0 0 0 0 0 0 0 0 0 0 0 0 0 1 0 0 0 0 0 10 2 2 9 1 1 2 5 3 2 0 0 0 0 4 6 3 1 2 0 21 9 3 7 0 1 0 8 5 0 1 0 0 0 0 0 0 0 0 0 0 1 0 0 0 9 5 0 10 30 9 2 3 5 8 4 6 2 25 3 0 0 3 2 0 1 0 0 1 2 0 1 0 
3 3 1 0 0 2 0 0 10 3 0 0 1 1 1 1 0 0 0 0 0 0 0 1 0 0 0 6 0 10 3 60 29 0 16 8 17 7 3 4 18 0 27 36 4 4 6 1 4 36 2 1 5 0 15 3 2 1 0 0 0 1 0 0 0 0 0 0 0 0 0 1 0 0 10 12 3 1 9 7 6 8 1 30 3 11 6 83 2 0 0 2 4 1 2 3 1 3 5 1 4 0 
1 3 1 0 0 0 0 0 1 0 0 0 0 0 0 0 0 0 0 0 0 0 0 0 0 0 0 0 0 2 1 1 8 0 0 0 1 1 0 4 2 0 15 27 41 2 6 1 4 11 6 1 4 1 0 0 0 0 0 0 0 0 0 0 0 0 0 0 0 0 0 2 0 0 1 6 0 1 0 16 3 1 1 0 2 38 14 30 2 0 0 4 0 0 0 0 0 0 0 0 0 0 
0 3 0 1 0 1 0 1 0 0 0 4 0 0 0 3 0 1 0 8 0 0 0 1 0 0 0 1 1 11 0 0 18 2 0 8 43 4 2 8 16 1 17 1 2 5 22 1 4 59 6 0 14 1 21 5 1 2 0 1 5 0 0 0 0 0 0 0 0 0 0 0 1 1 12 7 9 1 45 4 17 17 2 12 18 36 2 72 9 0 0 4 7 1 0 0 0 0 1 0 1 0 
1 2 1 2 0 4 1 0 0 2 0 22 0 1 1 1 2 1 0 0 0 0 0 1 1 0 0 0 1 13 1 1 5 1 4 3 6 2 1 0 1 3 29 16 3 24 5 3 13 108 42 8 5 3 19 1 13 5 0 0 5 0 0 0 1 0 0 0 0 0 0 0 0 1 60 14 1 11 46 19 17 52 3 41 27 9 3 162 7 0 0 17 6 1 12 1 0 2 2 0 4 0 
2 1 0 20 0 1 0 1 2 0 0 0 1 0 0 2 0 0 0 0 0 0 0 0 0 0 0 0 0 2 0 0 1 4 0 0 7 3 0 2 6 0 52 31 6 1 21 1 3 49 6 1 16 2 0 2 5 0 0 0 3 0 0 0 0 0 0 0 0 0 0 0 0 2 12 4 0 1 8 23 2 29 1 2 4 4 0 43 2 0 0 44 11 4 29 3 0 0 0 0 0 0 
0 1 0 1 0 32 0 0 1 0 0 0 0 0 0 0 0 0 1 0 0 0 0 3 0 0 0 0 0 6 0 0 2 0 0 0 7 8 0 1 1 0 2 9 1 11 1 0 33 2 12 1 0 0 0 0 0 0 0 2 0 0 0 0 0 0 0 0 0 0 0 0 0 0 3 8 0 0 3 1 25 12 6 6 19 4 0 18 3 0 0 36 2 0 1 5 0 1 0 0 0 0 
0 0 0 0 0 0 0 0 0 0 0 0 0 0 0 0 0 0 0 0 0 0 0 0 0 0 0 0 0 0 0 0 0 0 0 0 0 0 0 0 0 0 0 0 0 0 0 0 0 0 0 0 0 0 0 0 0 0 0 0 0 0 0 0 0 0 0 0 0 0 0 0 0 0 0 0 0 0 0 0 0 0 0 0 0 0 0 0 0 0 0 0 0 0 0 0 0 0 0 0 0 0 
